step,upright,speed,reward,skill_name,fault_active,emergency_pending
0,1.0,0.016,0.4981,flat_walk_trot,False,False
1,1.0,0.1013,0.4993,flat_walk_trot,False,False
2,0.9999,0.2298,0.4961,flat_walk_trot,False,False
3,0.9996,0.3317,0.4847,flat_walk_trot,False,False
4,0.9991,0.4103,0.4878,flat_walk_trot,False,False
5,0.9984,0.4576,0.4935,flat_walk_trot,False,False
6,0.9973,0.4794,0.4885,flat_walk_trot,False,False
7,0.9962,0.4837,0.4956,flat_walk_trot,False,False
8,0.995,0.4723,0.4978,flat_walk_trot,False,False
9,0.9939,0.4583,0.4966,flat_walk_trot,False,False
10,0.9928,0.434,0.5024,flat_walk_trot,False,False
11,0.9919,0.4045,0.4931,flat_walk_trot,False,False
12,0.991,0.3677,0.4958,flat_walk_trot,False,False
13,0.9903,0.3327,0.4831,flat_walk_trot,False,False
14,0.9896,0.2841,0.4908,flat_walk_trot,False,False
15,0.9895,0.2299,0.49,flat_walk_trot,False,False
16,0.9909,0.2055,0.4779,flat_walk_trot,False,False
17,0.9932,0.2767,0.4677,flat_walk_trot,False,False
18,0.9958,0.4011,0.4742,flat_walk_trot,False,False
19,0.998,0.4614,0.4514,flat_walk_trot,False,False
20,0.9994,0.4915,0.4461,flat_walk_trot,False,False
21,1.0,0.5424,0.4295,flat_walk_trot,False,False
22,0.9998,0.3798,0.3788,flat_walk_trot,False,False
23,0.9998,0.3716,0.4477,flat_walk_trot,False,False
24,0.9996,0.4226,0.5514,flat_walk_trot,False,False
25,0.9994,0.3126,0.4866,flat_walk_trot,False,False
26,0.9989,0.2183,0.5349,flat_walk_trot,False,False
27,0.9981,0.1926,0.5695,flat_walk_trot,False,False
28,0.9978,0.1677,0.5163,flat_walk_trot,False,False
29,0.9976,0.2296,0.6533,flat_walk_trot,False,False
30,0.997,0.1494,0.6391,flat_walk_trot,False,False
31,0.9977,0.1814,0.5737,flat_walk_trot,False,False
32,0.9982,0.3279,0.6068,flat_walk_trot,False,False
33,0.9993,0.4458,0.5534,flat_walk_trot,False,False
34,0.9998,0.4465,0.6355,flat_walk_trot,False,False
35,0.9999,0.369,0.8403,flat_walk_trot,False,False
36,0.9998,0.4197,0.8942,flat_walk_trot,False,False
37,0.9996,0.3531,0.786,flat_walk_trot,False,False
38,0.9996,0.4322,0.5914,flat_walk_trot,False,False
39,0.9991,0.3965,0.5027,flat_walk_trot,False,False
40,0.9986,0.3423,0.4988,flat_walk_trot,False,False
41,0.9976,0.2731,0.4423,flat_walk_trot,False,False
42,0.9959,0.2543,0.4815,flat_walk_trot,False,False
43,0.9953,0.2872,0.489,flat_walk_trot,False,False
44,0.9943,0.2318,0.4814,flat_walk_trot,False,False
45,0.9936,0.2167,0.5038,flat_walk_trot,False,False
46,0.9945,0.1702,0.4878,flat_walk_trot,False,False
47,0.9955,0.1633,0.5151,flat_walk_trot,False,False
48,0.9971,0.3455,0.5198,flat_walk_trot,False,False
49,0.9986,0.4281,0.4924,flat_walk_trot,False,False
50,0.9996,0.4878,0.5014,flat_walk_trot,False,False
51,1.0,0.5825,0.4999,flat_walk_trot,False,False
52,0.9996,0.5703,0.4529,flat_walk_trot,False,False
53,0.9996,0.412,0.3813,flat_walk_trot,False,False
54,0.9995,0.4843,0.509,flat_walk_trot,False,False
55,0.9991,0.341,0.4833,flat_walk_trot,False,False
56,0.9988,0.2147,0.4619,flat_walk_trot,False,False
57,0.9976,0.0762,0.4895,flat_walk_trot,False,False
58,0.9973,0.1478,0.4054,flat_walk_trot,False,False
59,0.9974,0.1793,0.5813,flat_walk_trot,False,False
60,0.9968,0.1236,0.6143,flat_walk_trot,False,False
61,0.9977,0.1545,0.5332,flat_walk_trot,False,False
62,0.9982,0.3365,0.5686,flat_walk_trot,False,False
63,0.9992,0.4664,0.511,flat_walk_trot,False,False
64,0.9998,0.4287,0.5984,flat_walk_trot,False,False
65,0.9999,0.3831,0.8472,flat_walk_trot,False,False
66,0.9998,0.4109,0.8836,flat_walk_trot,False,False
67,0.9996,0.3447,0.7926,flat_walk_trot,False,False
68,0.9996,0.4188,0.5931,flat_walk_trot,False,False
69,0.9991,0.3902,0.4911,flat_walk_trot,False,False
70,0.9987,0.3357,0.5121,flat_walk_trot,False,False
71,0.9977,0.2682,0.4481,flat_walk_trot,False,False
72,0.9961,0.2549,0.4659,flat_walk_trot,False,False
73,0.9954,0.2884,0.4957,flat_walk_trot,False,False
74,0.9945,0.2477,0.4815,flat_walk_trot,False,False
75,0.9937,0.215,0.5081,flat_walk_trot,False,False
76,0.9945,0.1822,0.4943,flat_walk_trot,False,False
77,0.9955,0.1626,0.4985,flat_walk_trot,False,False
78,0.9971,0.3334,0.5195,flat_walk_trot,False,False
79,0.9986,0.4237,0.4953,flat_walk_trot,False,False
80,0.9995,0.4924,0.484,flat_walk_trot,False,False
81,1.0,0.5807,0.4936,flat_walk_trot,False,False
82,0.9996,0.5708,0.4544,flat_walk_trot,False,False
83,0.9996,0.389,0.4089,flat_walk_trot,False,False
84,0.9996,0.4796,0.5124,flat_walk_trot,False,False
85,0.9991,0.3347,0.4888,flat_walk_trot,False,False
86,0.9989,0.2171,0.4669,flat_walk_trot,False,False
87,0.9977,0.095,0.4974,flat_walk_trot,False,False
88,0.9974,0.1561,0.417,flat_walk_trot,False,False
89,0.9974,0.18,0.5754,flat_walk_trot,False,False
90,0.9969,0.1375,0.6243,flat_walk_trot,False,False
91,0.9977,0.1476,0.538,flat_walk_trot,False,False
92,0.9983,0.3259,0.5761,flat_walk_trot,False,False
93,0.9992,0.4599,0.5248,flat_walk_trot,False,False
94,0.9998,0.4931,0.5843,flat_walk_trot,False,False
95,0.9999,0.3571,0.8246,flat_walk_trot,False,False
96,0.9998,0.4211,0.8859,flat_walk_trot,False,False
97,0.9995,0.3512,0.7859,flat_walk_trot,False,False
98,0.9995,0.4188,0.6122,flat_walk_trot,False,False
99,0.9991,0.4132,0.5003,flat_walk_trot,False,False
100,0.9986,0.3437,0.4998,flat_walk_trot,False,False
101,0.9977,0.2725,0.4441,flat_walk_trot,False,False
102,0.996,0.2358,0.4706,flat_walk_trot,False,False
103,0.9952,0.2802,0.4865,flat_walk_trot,False,False
104,0.9944,0.2344,0.4722,flat_walk_trot,False,False
105,0.9936,0.1911,0.5004,flat_walk_trot,False,False
106,0.9945,0.1851,0.4834,flat_walk_trot,False,False
107,0.9956,0.1632,0.5075,flat_walk_trot,False,False
108,0.9971,0.3487,0.5221,flat_walk_trot,False,False
109,0.9987,0.4423,0.4915,flat_walk_trot,False,False
110,0.9996,0.5046,0.4946,flat_walk_trot,False,False
111,1.0,0.6003,0.5016,flat_walk_trot,False,False
112,0.9996,0.5173,0.4293,flat_walk_trot,False,False
113,0.9997,0.459,0.3809,flat_walk_trot,False,False
114,0.9995,0.4613,0.5121,flat_walk_trot,False,False
115,0.9991,0.3253,0.4585,flat_walk_trot,False,False
116,0.9987,0.1828,0.468,flat_walk_trot,False,False
117,0.9976,0.0806,0.4773,flat_walk_trot,False,False
118,0.9974,0.1444,0.406,flat_walk_trot,False,False
119,0.9975,0.2261,0.6079,flat_walk_trot,False,False
120,0.997,0.1334,0.6161,flat_walk_trot,False,False
121,0.9978,0.1432,0.5462,flat_walk_trot,False,False
122,0.9982,0.3454,0.5697,flat_walk_trot,False,False
123,0.9992,0.472,0.514,flat_walk_trot,False,False
124,0.9998,0.4482,0.6003,flat_walk_trot,False,False
125,0.9999,0.3895,0.853,flat_walk_trot,False,False
126,0.9998,0.4278,0.9022,flat_walk_trot,False,False
127,0.9996,0.356,0.8036,flat_walk_trot,False,False
128,0.9996,0.4334,0.586,flat_walk_trot,False,False
129,0.9991,0.3868,0.5053,flat_walk_trot,False,False
130,0.9987,0.3326,0.5227,flat_walk_trot,False,False
131,0.9978,0.2595,0.455,flat_walk_trot,False,False
132,0.9963,0.2484,0.4798,flat_walk_trot,False,False
133,0.9953,0.2797,0.5089,flat_walk_trot,False,False
134,0.9945,0.2564,0.5116,flat_walk_trot,False,False
135,0.9938,0.2146,0.5317,flat_walk_trot,False,False
136,0.9945,0.1775,0.4829,flat_walk_trot,False,False
137,0.9955,0.1934,0.4899,flat_walk_trot,False,False
138,0.997,0.327,0.5239,flat_walk_trot,False,False
139,0.9985,0.4198,0.4952,flat_walk_trot,False,False
140,0.9995,0.4906,0.4795,flat_walk_trot,False,False
141,1.0,0.5727,0.489,flat_walk_trot,False,False
142,0.9997,0.5713,0.4564,flat_walk_trot,False,False
143,0.9996,0.3976,0.3845,flat_walk_trot,False,False
144,0.9996,0.4914,0.4869,flat_walk_trot,False,False
145,0.9991,0.3485,0.4871,flat_walk_trot,False,False
146,0.9988,0.2312,0.4538,flat_walk_trot,False,False
147,0.9977,0.1072,0.5031,flat_walk_trot,False,False
148,0.9974,0.1255,0.4288,flat_walk_trot,False,False
149,0.9975,0.1587,0.5604,flat_walk_trot,False,False
150,0.997,0.1364,0.6211,flat_walk_trot,False,False
151,0.9977,0.152,0.5366,flat_walk_trot,False,False
152,0.9983,0.3405,0.5636,flat_walk_trot,False,False
153,0.9991,0.4749,0.5234,flat_walk_trot,False,False
154,0.9998,0.408,0.5999,flat_walk_trot,False,False
155,0.9999,0.3935,0.8598,flat_walk_trot,False,False
156,0.9999,0.4046,0.8869,flat_walk_trot,False,False
157,0.9995,0.3322,0.7993,flat_walk_trot,False,False
158,0.9996,0.3941,0.6188,flat_walk_trot,False,False
159,0.9991,0.4026,0.4702,flat_walk_trot,False,False
160,0.9986,0.3381,0.4908,flat_walk_trot,False,False
161,0.9977,0.2786,0.4451,flat_walk_trot,False,False
162,0.9961,0.2615,0.4464,flat_walk_trot,False,False
163,0.9954,0.2949,0.5062,flat_walk_trot,False,False
164,0.9946,0.2602,0.4956,flat_walk_trot,False,False
165,0.9937,0.2172,0.4932,flat_walk_trot,False,False
166,0.9945,0.2023,0.505,flat_walk_trot,False,False
167,0.9956,0.1564,0.5048,flat_walk_trot,False,False
168,0.9971,0.3353,0.5152,flat_walk_trot,False,False
169,0.9986,0.4198,0.5036,flat_walk_trot,False,False
170,0.9996,0.4853,0.4879,flat_walk_trot,False,False
171,1.0,0.5796,0.4907,flat_walk_trot,False,False
172,0.9996,0.5644,0.4553,flat_walk_trot,False,False
173,0.9996,0.3968,0.3929,flat_walk_trot,False,False
174,0.9996,0.4776,0.4984,flat_walk_trot,False,False
175,0.9991,0.3334,0.4858,flat_walk_trot,False,False
176,0.9989,0.2198,0.4602,flat_walk_trot,False,False
177,0.9978,0.0989,0.4938,flat_walk_trot,False,False
178,0.9974,0.149,0.4188,flat_walk_trot,False,False
179,0.9975,0.1896,0.5723,flat_walk_trot,False,False
180,0.997,0.1688,0.6422,flat_walk_trot,False,False
181,0.9977,0.1317,0.5523,flat_walk_trot,False,False
182,0.9983,0.3252,0.5811,flat_walk_trot,False,False
183,0.9992,0.4622,0.5332,flat_walk_trot,False,False
184,0.9998,0.4981,0.5821,flat_walk_trot,False,False
185,0.9999,0.3591,0.8259,flat_walk_trot,False,False
186,0.9998,0.4323,0.9039,flat_walk_trot,False,False
187,0.9995,0.3502,0.802,flat_walk_trot,False,False
188,0.9995,0.4165,0.6211,flat_walk_trot,False,False
189,0.9991,0.4227,0.4948,flat_walk_trot,False,False
190,0.9986,0.3414,0.4946,flat_walk_trot,False,False
191,0.9977,0.2671,0.443,flat_walk_trot,False,False
192,0.9961,0.2267,0.4661,flat_walk_trot,False,False
193,0.9952,0.2662,0.4918,flat_walk_trot,False,False
194,0.9945,0.2355,0.4787,flat_walk_trot,False,False
195,0.9936,0.1758,0.5073,flat_walk_trot,False,False
196,0.9944,0.1909,0.4849,flat_walk_trot,False,False
197,0.9956,0.1611,0.4963,flat_walk_trot,False,False
198,0.9971,0.3388,0.5131,flat_walk_trot,False,False
199,0.9987,0.4381,0.4859,flat_walk_trot,False,False
200,0.9996,0.4983,0.4851,flat_walk_trot,False,False
201,1.0,0.599,0.4912,flat_walk_trot,False,False
202,0.9996,0.5534,0.439,flat_walk_trot,False,False
203,0.9997,0.4229,0.3959,flat_walk_trot,False,False
204,0.9995,0.4614,0.5179,flat_walk_trot,False,False
205,0.9991,0.319,0.474,flat_walk_trot,False,False
206,0.9987,0.1862,0.4771,flat_walk_trot,False,False
207,0.9977,0.0929,0.4993,flat_walk_trot,False,False
208,0.9974,0.132,0.4297,flat_walk_trot,False,False
209,0.9974,0.1793,0.5854,flat_walk_trot,False,False
210,0.9968,0.1043,0.6002,flat_walk_trot,False,False
211,0.9977,0.1685,0.5292,flat_walk_trot,False,False
212,0.9982,0.3203,0.5823,flat_walk_trot,False,False
213,0.9992,0.4522,0.5342,flat_walk_trot,False,False
214,0.9998,0.4731,0.5937,flat_walk_trot,False,False
215,0.9999,0.3725,0.8476,flat_walk_trot,False,False
216,0.9998,0.4236,0.8931,flat_walk_trot,False,False
217,0.9995,0.3543,0.7844,flat_walk_trot,False,False
218,0.9995,0.4164,0.608,flat_walk_trot,False,False
219,0.999,0.398,0.5004,flat_walk_trot,False,False
220,0.9985,0.3333,0.5013,flat_walk_trot,False,False
221,0.9976,0.266,0.4503,flat_walk_trot,False,False
222,0.9959,0.2411,0.4723,flat_walk_trot,False,False
223,0.9953,0.2792,0.4845,flat_walk_trot,False,False
224,0.9944,0.2378,0.4715,flat_walk_trot,False,False
225,0.9936,0.199,0.4979,flat_walk_trot,False,False
226,0.9944,0.1833,0.4879,flat_walk_trot,False,False
227,0.9955,0.1633,0.5084,flat_walk_trot,False,False
228,0.9971,0.3455,0.5211,flat_walk_trot,False,False
229,0.9986,0.4371,0.4952,flat_walk_trot,False,False
230,0.9996,0.4971,0.4947,flat_walk_trot,False,False
231,1.0,0.5942,0.5,flat_walk_trot,False,False
232,0.9996,0.545,0.4426,flat_walk_trot,False,False
233,0.9996,0.4407,0.3644,flat_walk_trot,False,False
234,0.9995,0.4848,0.5163,flat_walk_trot,False,False
235,0.9991,0.3371,0.4822,flat_walk_trot,False,False
236,0.9987,0.2001,0.4724,flat_walk_trot,False,False
237,0.9976,0.0865,0.4996,flat_walk_trot,False,False
238,0.9973,0.1354,0.4181,flat_walk_trot,False,False
239,0.9974,0.1717,0.5749,flat_walk_trot,False,False
240,0.9968,0.1196,0.6103,flat_walk_trot,False,False
241,0.9977,0.1619,0.531,flat_walk_trot,False,False
242,0.9982,0.3396,0.5708,flat_walk_trot,False,False
243,0.9992,0.4686,0.5196,flat_walk_trot,False,False
244,0.9998,0.4449,0.5922,flat_walk_trot,False,False
245,0.9999,0.3857,0.8556,flat_walk_trot,False,False
246,0.9998,0.4191,0.8907,flat_walk_trot,False,False
247,0.9995,0.3497,0.7995,flat_walk_trot,False,False
248,0.9996,0.4173,0.6114,flat_walk_trot,False,False
249,0.9991,0.4078,0.4828,flat_walk_trot,False,False
250,0.9986,0.3415,0.5021,flat_walk_trot,False,False
251,0.9977,0.2724,0.4499,flat_walk_trot,False,False
252,0.9961,0.2498,0.463,flat_walk_trot,False,False
253,0.9952,0.2846,0.5043,flat_walk_trot,False,False
254,0.9945,0.2518,0.4934,flat_walk_trot,False,False
255,0.9937,0.2023,0.5085,flat_walk_trot,False,False
256,0.9944,0.1908,0.4982,flat_walk_trot,False,False
257,0.9955,0.1593,0.5003,flat_walk_trot,False,False
258,0.997,0.3333,0.5157,flat_walk_trot,False,False
259,0.9986,0.426,0.4976,flat_walk_trot,False,False
260,0.9996,0.4923,0.4861,flat_walk_trot,False,False
261,1.0,0.5876,0.4899,flat_walk_trot,False,False
262,0.9996,0.5752,0.4548,flat_walk_trot,False,False
263,0.9996,0.3985,0.4065,flat_walk_trot,False,False
264,0.9996,0.4817,0.5053,flat_walk_trot,False,False
265,0.9991,0.3351,0.4847,flat_walk_trot,False,False
266,0.9989,0.2181,0.4643,flat_walk_trot,False,False
267,0.9977,0.0959,0.4936,flat_walk_trot,False,False
268,0.9974,0.1529,0.4158,flat_walk_trot,False,False
269,0.9974,0.1809,0.5747,flat_walk_trot,False,False
270,0.9969,0.141,0.6251,flat_walk_trot,False,False
271,0.9977,0.1449,0.5385,flat_walk_trot,False,False
272,0.9983,0.3285,0.5732,flat_walk_trot,False,False
273,0.9992,0.4617,0.5224,flat_walk_trot,False,False
274,0.9998,0.4944,0.5775,flat_walk_trot,False,False
275,0.9999,0.3463,0.8131,flat_walk_trot,False,False
276,0.9998,0.4229,0.8884,flat_walk_trot,False,False
277,0.9996,0.3502,0.7831,flat_walk_trot,False,False
278,0.9996,0.4181,0.6086,flat_walk_trot,False,False
279,0.9991,0.4116,0.5033,flat_walk_trot,False,False
280,0.9986,0.3414,0.497,flat_walk_trot,False,False
281,0.9977,0.2711,0.4434,flat_walk_trot,False,False
282,0.9959,0.2311,0.4725,flat_walk_trot,False,False
283,0.9952,0.2802,0.4928,flat_walk_trot,False,False
284,0.9944,0.2342,0.4771,flat_walk_trot,False,False
285,0.9936,0.1927,0.5016,flat_walk_trot,False,False
286,0.9944,0.1825,0.4882,flat_walk_trot,False,False
287,0.9955,0.1569,0.5095,flat_walk_trot,False,False
288,0.9971,0.3476,0.5194,flat_walk_trot,False,False
289,0.9987,0.4387,0.4918,flat_walk_trot,False,False
290,0.9996,0.5014,0.497,flat_walk_trot,False,False
291,1.0,0.601,0.4986,flat_walk_trot,False,False
292,0.9996,0.5453,0.4384,flat_walk_trot,False,False
293,0.9997,0.4406,0.3936,flat_walk_trot,False,False
294,0.9995,0.4612,0.522,flat_walk_trot,False,False
295,0.9991,0.3221,0.4733,flat_walk_trot,False,False
296,0.9987,0.182,0.4737,flat_walk_trot,False,False
297,0.9977,0.0829,0.4903,flat_walk_trot,False,False
298,0.9974,0.1393,0.4193,flat_walk_trot,False,False
299,0.9974,0.1961,0.5968,flat_walk_trot,False,False
300,0.9969,0.111,0.6038,flat_walk_trot,False,False
301,0.9978,0.1566,0.5329,flat_walk_trot,False,False
302,0.9982,0.3394,0.57,flat_walk_trot,False,False
303,0.9992,0.4714,0.513,flat_walk_trot,False,False
304,0.9998,0.4986,0.5886,flat_walk_trot,False,False
305,0.9999,0.3647,0.8321,flat_walk_trot,False,False
306,0.9998,0.4237,0.8878,flat_walk_trot,False,False
307,0.9995,0.3564,0.7892,flat_walk_trot,False,False
308,0.9996,0.4271,0.6034,flat_walk_trot,False,False
309,0.9991,0.4042,0.5066,flat_walk_trot,False,False
310,0.9986,0.3457,0.5108,flat_walk_trot,False,False
311,0.9977,0.2746,0.4512,flat_walk_trot,False,False
312,0.996,0.2446,0.4796,flat_walk_trot,False,False
313,0.9952,0.2865,0.4947,flat_walk_trot,False,False
314,0.9944,0.2372,0.4771,flat_walk_trot,False,False
315,0.9936,0.2025,0.5047,flat_walk_trot,False,False
316,0.9944,0.178,0.4864,flat_walk_trot,False,False
317,0.9955,0.16,0.5047,flat_walk_trot,False,False
318,0.9971,0.3452,0.5175,flat_walk_trot,False,False
319,0.9986,0.437,0.4875,flat_walk_trot,False,False
320,0.9996,0.497,0.492,flat_walk_trot,False,False
321,1.0,0.5933,0.4977,flat_walk_trot,False,False
322,0.9996,0.548,0.4383,flat_walk_trot,False,False
323,0.9996,0.4215,0.3733,flat_walk_trot,False,False
324,0.9995,0.4858,0.5253,flat_walk_trot,False,False
325,0.9991,0.337,0.4885,flat_walk_trot,False,False
326,0.9989,0.2102,0.4761,flat_walk_trot,False,False
327,0.9976,0.0678,0.4922,flat_walk_trot,False,False
328,0.9973,0.158,0.4064,flat_walk_trot,False,False
329,0.9974,0.1836,0.5858,flat_walk_trot,False,False
330,0.9967,0.1405,0.6265,flat_walk_trot,False,False
331,0.9977,0.1446,0.5339,flat_walk_trot,False,False
332,0.9983,0.3336,0.5683,flat_walk_trot,False,False
333,0.9992,0.4677,0.513,flat_walk_trot,False,False
334,0.9998,0.5265,0.566,flat_walk_trot,False,False
335,0.9999,0.3002,0.7586,flat_walk_trot,False,False
336,0.9998,0.4302,0.884,flat_walk_trot,False,False
337,0.9995,0.3533,0.778,flat_walk_trot,False,False
338,0.9995,0.4302,0.6108,flat_walk_trot,False,False
339,0.9991,0.4284,0.5133,flat_walk_trot,False,False
340,0.9986,0.3487,0.4848,flat_walk_trot,False,False
341,0.9977,0.2675,0.4461,flat_walk_trot,False,False
342,0.9958,0.2188,0.4742,flat_walk_trot,False,False
343,0.9951,0.2631,0.4816,flat_walk_trot,False,False
344,0.9943,0.2109,0.497,flat_walk_trot,False,False
345,0.9935,0.1809,0.5068,flat_walk_trot,False,False
346,0.9945,0.1752,0.4812,flat_walk_trot,False,False
347,0.9955,0.1787,0.5096,flat_walk_trot,False,False
348,0.9971,0.3627,0.4919,flat_walk_trot,False,False
349,0.9987,0.4275,0.4856,flat_walk_trot,False,False
350,0.9996,0.5057,0.507,flat_walk_trot,False,False
351,1.0,0.6075,0.4762,flat_walk_trot,False,False
352,0.9995,0.4794,0.4048,flat_walk_trot,False,False
353,0.9997,0.4583,0.4182,flat_walk_trot,False,False
354,0.9994,0.4127,0.5185,flat_walk_trot,False,False
355,0.9991,0.2959,0.4491,flat_walk_trot,False,False
356,0.9986,0.1514,0.4631,flat_walk_trot,False,False
357,0.9975,0.0994,0.4546,flat_walk_trot,False,False
358,0.9975,0.1473,0.413,flat_walk_trot,False,False
359,0.9973,0.2204,0.6287,flat_walk_trot,False,False
360,0.9968,0.0711,0.5664,flat_walk_trot,False,False
361,0.9978,0.1675,0.5372,flat_walk_trot,False,False
362,0.9981,0.3475,0.5549,flat_walk_trot,False,False
363,0.9993,0.4714,0.4925,flat_walk_trot,False,False
364,0.9998,0.4743,0.5983,flat_walk_trot,False,False
365,0.9999,0.3489,0.8065,flat_walk_trot,False,False
366,0.9998,0.421,0.8809,flat_walk_trot,False,False
367,0.9996,0.3511,0.7799,flat_walk_trot,False,False
368,0.9996,0.4387,0.5774,flat_walk_trot,False,False
369,0.999,0.3801,0.5366,flat_walk_trot,False,False
370,0.9986,0.3301,0.511,flat_walk_trot,False,False
371,0.9975,0.256,0.4649,flat_walk_trot,False,False
372,0.996,0.259,0.516,flat_walk_trot,False,False
373,0.9954,0.2943,0.4846,flat_walk_trot,False,False
374,0.9943,0.2307,0.4707,flat_walk_trot,False,False
375,0.9937,0.2238,0.4995,flat_walk_trot,False,False
376,0.9945,0.1565,0.4768,flat_walk_trot,False,False
377,0.9955,0.1701,0.507,flat_walk_trot,False,False
378,0.9971,0.3505,0.5135,flat_walk_trot,False,False
379,0.9986,0.4311,0.4807,flat_walk_trot,False,False
380,0.9996,0.4878,0.4958,flat_walk_trot,False,False
381,1.0,0.5831,0.4959,flat_walk_trot,False,False
382,0.9996,0.5729,0.4452,flat_walk_trot,False,False
383,0.9996,0.4183,0.3753,flat_walk_trot,False,False
384,0.9995,0.4974,0.5092,flat_walk_trot,False,False
385,0.9991,0.3491,0.4811,flat_walk_trot,False,False
386,0.9988,0.2196,0.4593,flat_walk_trot,False,False
387,0.9975,0.068,0.4913,flat_walk_trot,False,False
388,0.9973,0.1447,0.388,flat_walk_trot,False,False
389,0.9973,0.1685,0.5737,flat_walk_trot,False,False
390,0.9967,0.0988,0.5922,flat_walk_trot,False,False
391,0.9977,0.1637,0.5136,flat_walk_trot,False,False
392,0.9982,0.3409,0.5511,flat_walk_trot,False,False
393,0.9992,0.4687,0.49,flat_walk_trot,False,False
394,0.9998,0.4057,0.5928,flat_walk_trot,False,False
395,0.9999,0.3679,0.8287,flat_walk_trot,False,False
396,0.9998,0.3867,0.8584,flat_walk_trot,False,False
397,0.9996,0.3365,0.78,flat_walk_trot,False,False
398,0.9996,0.4139,0.5763,flat_walk_trot,False,False
399,0.9991,0.3917,0.4709,flat_walk_trot,False,False
400,0.9986,0.3404,0.5009,flat_walk_trot,False,False
401,0.9976,0.2783,0.4385,flat_walk_trot,False,False
402,0.9961,0.2694,0.4599,flat_walk_trot,False,False
403,0.9954,0.2905,0.5116,flat_walk_trot,False,False
404,0.9944,0.2514,0.5092,flat_walk_trot,False,False
405,0.9937,0.2368,0.525,flat_walk_trot,False,False
406,0.9945,0.1767,0.5033,flat_walk_trot,False,False
407,0.9954,0.1574,0.4912,flat_walk_trot,False,False
408,0.997,0.3261,0.5091,flat_walk_trot,False,False
409,0.9985,0.4069,0.4906,flat_walk_trot,False,False
410,0.9995,0.4817,0.4751,flat_walk_trot,False,False
411,1.0,0.567,0.4822,flat_walk_trot,False,False
412,0.9997,0.553,0.4485,flat_walk_trot,False,False
413,0.9996,0.3609,0.3967,flat_walk_trot,False,False
414,0.9996,0.4958,0.5178,flat_walk_trot,False,False
415,0.9991,0.3647,0.5474,flat_walk_trot,False,False
416,0.999,0.2512,0.4809,flat_walk_trot,False,False
417,0.9978,0.1018,0.5439,flat_walk_trot,False,False
418,0.9973,0.1306,0.4238,flat_walk_trot,False,False
419,0.9973,0.1076,0.5375,flat_walk_trot,False,False
420,0.9967,0.1361,0.6269,flat_walk_trot,False,False
421,0.9975,0.1627,0.5307,flat_walk_trot,False,False
422,0.9983,0.2908,0.5935,flat_walk_trot,False,False
423,0.9992,0.4172,0.5723,flat_walk_trot,False,False
424,0.9999,0.4808,0.5823,flat_walk_trot,False,False
425,0.9999,0.294,0.7149,flat_walk_trot,False,False
426,0.9998,0.3512,0.7763,flat_walk_trot,False,False
427,0.9996,0.3401,0.6312,flat_walk_trot,False,False
428,0.9994,0.3077,0.5764,flat_walk_trot,False,False
429,0.9989,0.3281,0.5542,flat_walk_trot,False,False
430,0.9981,0.3119,0.4196,flat_walk_trot,False,False
431,0.9973,0.315,0.3892,flat_walk_trot,False,False
432,0.9962,0.3179,0.3624,flat_walk_trot,False,False
433,0.9954,0.3659,0.3245,flat_walk_trot,False,False
434,0.9947,0.304,0.4274,flat_walk_trot,False,False
435,0.9939,0.2519,0.4445,flat_walk_trot,False,False
436,0.9944,0.2625,0.4236,flat_walk_trot,False,False
437,0.9956,0.1832,0.5079,flat_walk_trot,False,False
438,0.997,0.3349,0.489,flat_walk_trot,False,False
439,0.9986,0.42,0.4695,flat_walk_trot,False,False
440,0.9996,0.4431,0.537,flat_walk_trot,False,False
441,1.0,0.5494,0.5026,flat_walk_trot,False,False
442,0.9996,0.5457,0.4834,flat_walk_trot,False,False
443,0.9996,0.4,0.4117,flat_walk_trot,False,False
444,0.9995,0.4812,0.4847,flat_walk_trot,False,False
445,0.999,0.3371,0.4818,flat_walk_trot,False,False
446,0.9987,0.2106,0.4473,flat_walk_trot,False,False
447,0.9977,0.127,0.5246,flat_walk_trot,False,False
448,0.9973,0.0768,0.4595,flat_walk_trot,False,False
449,0.9974,0.0973,0.5315,flat_walk_trot,False,False
450,0.9971,0.1063,0.5943,flat_walk_trot,False,False
451,0.9975,0.1785,0.5237,flat_walk_trot,False,False
452,0.9984,0.3211,0.5532,flat_walk_trot,False,False
453,0.9991,0.4389,0.5827,flat_walk_trot,False,False
454,0.9998,0.458,0.5865,flat_walk_trot,False,False
455,1.0,0.3704,0.8559,flat_walk_trot,False,False
456,0.9998,0.4405,0.9249,flat_walk_trot,False,False
457,0.9996,0.3441,0.7401,flat_walk_trot,False,False
458,0.9994,0.3707,0.6073,flat_walk_trot,False,False
459,0.999,0.3404,0.558,flat_walk_trot,False,False
460,0.9983,0.2895,0.5083,flat_walk_trot,False,False
461,0.9972,0.2696,0.4482,flat_walk_trot,False,False
462,0.9962,0.2777,0.4142,flat_walk_trot,False,False
463,0.9954,0.3037,0.3886,flat_walk_trot,False,False
464,0.9946,0.269,0.432,flat_walk_trot,False,False
465,0.994,0.2182,0.4878,flat_walk_trot,False,False
466,0.9944,0.1921,0.4543,flat_walk_trot,False,False
467,0.9956,0.2162,0.4768,flat_walk_trot,False,False
468,0.9971,0.3359,0.5038,flat_walk_trot,False,False
469,0.9986,0.4207,0.4778,flat_walk_trot,False,False
470,0.9996,0.4753,0.4747,flat_walk_trot,False,False
471,1.0,0.5637,0.4929,flat_walk_trot,False,False
472,0.9996,0.5606,0.4611,flat_walk_trot,False,False
473,0.9996,0.3939,0.4056,flat_walk_trot,False,False
474,0.9995,0.4834,0.5094,flat_walk_trot,False,False
475,0.9991,0.3269,0.4868,flat_walk_trot,False,False
476,0.9988,0.2046,0.4678,flat_walk_trot,False,False
477,0.9977,0.0988,0.5163,flat_walk_trot,False,False
478,0.9974,0.11,0.4358,flat_walk_trot,False,False
479,0.9975,0.1504,0.5685,flat_walk_trot,False,False
480,0.997,0.1322,0.6169,flat_walk_trot,False,False
481,0.9977,0.152,0.5287,flat_walk_trot,False,False
482,0.9983,0.3325,0.5576,flat_walk_trot,False,False
483,0.9991,0.4671,0.5225,flat_walk_trot,False,False
484,0.9999,0.5245,0.5539,flat_walk_trot,False,False
485,0.9999,0.3275,0.8015,flat_walk_trot,False,False
486,0.9998,0.4272,0.8873,flat_walk_trot,False,False
487,0.9995,0.3378,0.7687,flat_walk_trot,False,False
488,0.9995,0.4071,0.644,flat_walk_trot,False,False
489,0.9991,0.4214,0.5073,flat_walk_trot,False,False
490,0.9985,0.3447,0.4754,flat_walk_trot,False,False
491,0.9977,0.2743,0.4529,flat_walk_trot,False,False
492,0.9959,0.2417,0.4753,flat_walk_trot,False,False
493,0.9953,0.2874,0.5093,flat_walk_trot,False,False
494,0.9943,0.2279,0.5178,flat_walk_trot,False,False
495,0.9936,0.2165,0.5112,flat_walk_trot,False,False
496,0.9945,0.171,0.5001,flat_walk_trot,False,False
497,0.9954,0.1707,0.5119,flat_walk_trot,False,False
498,0.997,0.3528,0.4921,flat_walk_trot,False,False
499,0.9986,0.4103,0.4944,flat_walk_trot,False,False
500,0.9996,0.4808,0.5184,flat_walk_trot,True,True
501,1.0,0.5567,0.4944,none,True,True
502,0.9998,0.6007,0.4685,none,True,True
503,0.9997,0.4236,0.4187,none,True,True
504,0.9996,0.3937,0.3062,none,True,True
505,0.9996,0.3586,0.3443,none,True,True
506,0.9995,0.3177,0.348,none,True,True
507,0.9995,0.3708,0.4504,none,True,True
508,0.9995,0.342,0.4647,none,True,True
509,0.9995,0.404,0.5242,none,True,True
510,0.9995,0.3803,0.4893,none,True,True
511,0.9993,0.287,0.4801,none,True,True
512,0.9994,0.2905,0.4634,none,True,True
513,0.9993,0.227,0.4588,none,True,True
514,0.9994,0.1973,0.4714,none,True,True
515,0.9994,0.1839,0.451,none,True,True
516,0.9995,0.1347,0.4827,none,True,True
517,0.9996,0.1358,0.4906,none,True,True
518,0.9996,0.1506,0.4933,none,True,True
519,0.9997,0.1205,0.5145,none,True,True
520,0.9998,0.1484,0.5249,none,True,True
521,0.9999,0.1269,0.5275,none,True,True
522,0.9999,0.1172,0.5335,none,True,True
523,1.0,0.1088,0.5339,none,True,True
524,1.0,0.084,0.5319,none,True,True
525,1.0,0.078,0.5305,none,True,True
526,1.0,0.0595,0.5257,none,True,True
527,1.0,0.0427,0.5222,none,True,True
528,1.0,0.0317,0.5179,none,True,True
529,1.0,0.0166,0.5127,none,True,True
530,1.0,0.0097,0.5096,none,True,True
531,1.0,0.0118,0.5051,none,True,True
532,1.0,0.019,0.5023,none,True,True
533,1.0,0.0227,0.5001,none,True,True
534,1.0,0.0302,0.4976,none,True,True
535,1.0,0.0323,0.4969,none,True,True
536,1.0,0.0334,0.4958,none,True,True
537,1.0,0.0347,0.4954,none,True,True
538,1.0,0.0341,0.4958,none,True,True
539,1.0,0.0329,0.4957,none,True,True
540,1.0,0.0305,0.4966,none,True,True
541,1.0,0.0286,0.4971,none,True,True
542,1.0,0.0263,0.4977,none,True,True
543,1.0,0.0234,0.4987,none,True,True
544,1.0,0.021,0.4992,none,True,True
545,1.0,0.0189,0.5,none,True,True
546,1.0,0.0167,0.5005,none,True,True
547,1.0,0.0145,0.5008,none,True,True
548,1.0,0.0131,0.5013,none,True,True
549,1.0,0.0115,0.5014,none,True,True
550,1.0,0.0102,0.5016,none,True,True
551,1.0,0.0092,0.5017,none,True,True
552,1.0,0.0081,0.5016,none,True,True
553,1.0,0.0075,0.5016,none,True,True
554,1.0,0.0067,0.5015,none,True,True
555,1.0,0.0063,0.5014,none,True,True
556,1.0,0.006,0.5012,none,True,True
557,1.0,0.0057,0.501,none,True,True
558,1.0,0.0057,0.5009,none,True,True
559,1.0,0.0056,0.5008,none,True,True
560,1.0,0.0056,0.5007,none,True,True
561,1.0,0.0056,0.5006,none,True,True
562,1.0,0.0055,0.5005,none,True,True
563,1.0,0.0054,0.5004,none,True,True
564,1.0,0.0053,0.5004,none,True,True
565,1.0,0.0051,0.5003,none,True,True
566,1.0,0.0049,0.5003,none,True,True
567,1.0,0.0047,0.5003,none,True,True
568,1.0,0.0044,0.5003,none,True,True
569,1.0,0.0041,0.5003,none,True,True
570,1.0,0.0039,0.5003,none,True,True
571,1.0,0.0036,0.5004,none,True,True
572,1.0,0.0033,0.5004,none,True,True
573,1.0,0.0031,0.5004,none,True,True
574,1.0,0.0029,0.5004,none,True,True
575,1.0,0.0027,0.5004,none,True,True
576,1.0,0.0025,0.5004,none,True,True
577,1.0,0.0023,0.5004,none,True,True
578,1.0,0.0022,0.5004,none,True,True
579,1.0,0.0021,0.5004,none,True,True
580,1.0,0.0019,0.5004,none,True,True
581,1.0,0.0019,0.5004,none,True,True
582,1.0,0.0018,0.5004,none,True,True
583,1.0,0.0017,0.5003,none,True,True
584,1.0,0.0016,0.5003,none,True,True
585,1.0,0.0015,0.5003,none,True,True
586,1.0,0.0015,0.5003,none,True,True
587,1.0,0.0014,0.5003,none,True,True
588,1.0,0.0014,0.5003,none,True,True
589,1.0,0.0013,0.5003,none,True,True
590,1.0,0.0013,0.5003,none,True,True
591,1.0,0.0012,0.5003,none,True,True
592,1.0,0.0012,0.5003,none,True,True
593,1.0,0.0011,0.5002,none,True,True
594,1.0,0.0011,0.5002,none,True,True
595,1.0,0.001,0.5002,none,True,True
596,1.0,0.001,0.5002,none,True,True
597,1.0,0.0009,0.5002,none,True,True
598,1.0,0.0009,0.5002,none,True,True
599,1.0,0.0008,0.5002,none,True,True
600,1.0,0.0008,0.5002,none,True,True
601,1.0,0.0008,0.5002,none,True,True
602,1.0,0.0007,0.5002,none,True,True
603,1.0,0.0007,0.5002,none,True,True
604,1.0,0.0007,0.5002,none,True,True
605,1.0,0.0006,0.5002,none,True,True
606,1.0,0.0006,0.5002,none,True,True
607,1.0,0.0006,0.5002,none,True,True
608,1.0,0.0006,0.5002,none,True,True
609,1.0,0.0006,0.5002,none,True,True
610,1.0,0.0005,0.5002,none,True,True
611,1.0,0.0005,0.5002,none,True,True
612,1.0,0.0005,0.5002,none,True,True
613,1.0,0.0005,0.5001,none,True,True
614,1.0,0.0005,0.5001,none,True,True
615,1.0,0.0005,0.5001,none,True,True
616,1.0,0.0004,0.5001,none,True,True
617,1.0,0.0004,0.5001,none,True,True
618,1.0,0.0004,0.5001,none,True,True
619,1.0,0.0004,0.5001,none,True,True
620,1.0,0.0004,0.5001,none,True,True
621,1.0,0.0004,0.5001,none,True,True
622,1.0,0.0004,0.5001,none,True,True
623,1.0,0.0003,0.5001,none,True,True
624,1.0,0.0003,0.5001,none,True,True
625,1.0,0.0003,0.5001,none,True,True
626,1.0,0.0003,0.5001,none,True,True
627,1.0,0.0003,0.5001,none,True,True
628,1.0,0.0003,0.5001,none,True,True
629,1.0,0.0003,0.5001,none,True,True
630,1.0,0.0003,0.5001,none,True,True
631,1.0,0.0003,0.5001,none,True,True
632,1.0,0.0003,0.5001,none,True,True
633,1.0,0.0003,0.5001,none,True,True
634,1.0,0.0002,0.5001,none,True,True
635,1.0,0.0002,0.5001,none,True,True
636,1.0,0.0002,0.5001,none,True,True
637,1.0,0.0002,0.5001,none,True,True
638,1.0,0.0002,0.5001,none,True,True
639,1.0,0.0002,0.5001,none,True,True
640,1.0,0.0002,0.5001,none,True,True
641,1.0,0.0002,0.5001,none,True,True
642,1.0,0.0002,0.5001,none,True,True
643,1.0,0.0002,0.5001,none,True,True
644,1.0,0.0002,0.5001,none,True,True
645,1.0,0.0002,0.5001,none,True,True
646,1.0,0.0002,0.5001,none,True,True
647,1.0,0.0002,0.5001,none,True,True
648,1.0,0.0002,0.5001,none,True,True
649,1.0,0.0002,0.5001,none,True,True
650,1.0,0.0002,0.5001,none,True,True
651,1.0,0.0002,0.5001,none,True,True
652,1.0,0.0002,0.5001,none,True,True
653,1.0,0.0001,0.5001,none,True,True
654,1.0,0.0001,0.5001,none,True,True
655,1.0,0.0001,0.5,none,True,True
656,1.0,0.0001,0.5,none,True,True
657,1.0,0.0001,0.5,none,True,True
658,1.0,0.0001,0.5,none,True,True
659,1.0,0.0001,0.5,none,True,True
660,1.0,0.0001,0.5,none,True,True
661,1.0,0.0001,0.5,none,True,True
662,1.0,0.0001,0.5,none,True,True
663,1.0,0.0001,0.5,none,True,True
664,1.0,0.0001,0.5,none,True,True
665,1.0,0.0001,0.5,none,True,True
666,1.0,0.0001,0.5,none,True,True
667,1.0,0.0001,0.5,none,True,True
668,1.0,0.0001,0.5,none,True,True
669,1.0,0.0001,0.5,none,True,True
670,1.0,0.0001,0.5,none,True,True
671,1.0,0.0001,0.5,none,True,True
672,1.0,0.0001,0.5,none,True,True
673,1.0,0.0001,0.5,none,True,True
674,1.0,0.0001,0.5,none,True,True
675,1.0,0.0001,0.5,none,True,True
676,1.0,0.0001,0.5,none,True,True
677,1.0,0.0001,0.5,none,True,True
678,1.0,0.0001,0.5,none,True,True
679,1.0,0.0001,0.5,none,True,True
680,1.0,0.0001,0.5,none,True,True
681,1.0,0.0001,0.5,none,True,True
682,1.0,0.0001,0.5,none,True,True
683,1.0,0.0001,0.5,none,True,True
684,1.0,0.0001,0.5,none,True,True
685,1.0,0.0001,0.5,none,True,True
686,1.0,0.0001,0.5,none,True,True
687,1.0,0.0001,0.5,none,True,True
688,1.0,0.0001,0.5,none,True,True
689,1.0,0.0001,0.5,none,True,True
690,1.0,0.0001,0.5,none,True,True
691,1.0,0.0001,0.5,none,True,True
692,1.0,0.0001,0.5,none,True,True
693,1.0,0.0001,0.5,none,True,True
694,1.0,0.0,0.5,none,True,True
695,1.0,0.0,0.5,none,True,True
696,1.0,0.0,0.5,none,True,True
697,1.0,0.0,0.5,none,True,True
698,1.0,0.0,0.5,none,True,True
699,1.0,0.0,0.5,none,True,True
700,1.0,0.0061,0.5,none,True,True
701,1.0,0.0357,0.5,none,True,True
702,1.0,0.0812,0.5,none,True,True
703,1.0,0.1113,0.5,none,True,True
704,1.0,0.1253,0.5,none,True,True
705,1.0,0.1408,0.5,none,True,True
706,1.0,0.0907,0.5,none,True,True
707,1.0,0.1198,0.5,none,True,True
708,1.0,0.0467,0.5,none,True,True
709,1.0,0.0522,0.5,none,True,True
710,1.0,0.0405,0.5,none,True,True
711,1.0,0.0313,0.5,none,True,True
712,1.0,0.0083,0.5,none,True,True
713,1.0,0.0726,0.5,none,True,True
714,1.0,0.0793,0.5,none,True,True
715,1.0,0.0581,0.5,none,True,True
716,1.0,0.0955,0.5,none,True,True
717,1.0,0.0839,0.5,none,True,True
718,1.0,0.0648,0.5,none,True,True
719,1.0,0.0718,0.5,none,True,True
720,1.0,0.0589,0.5,none,True,True
721,1.0,0.0403,0.5,none,True,True
722,1.0,0.0327,0.5,none,True,True
723,1.0,0.0277,0.5,none,True,True
724,1.0,0.017,0.5,none,True,True
725,1.0,0.0102,0.5,none,True,True
726,1.0,0.0099,0.5,none,True,True
727,1.0,0.008,0.5,none,True,True
728,1.0,0.005,0.5,none,True,True
729,1.0,0.0063,0.5,none,True,True
730,1.0,0.009,0.5,none,True,True
731,1.0,0.0096,0.5,none,True,True
732,1.0,0.0108,0.5,none,True,True
733,1.0,0.014,0.5,none,True,True
734,1.0,0.0161,0.5,none,True,True
735,1.0,0.0167,0.5,none,True,True
736,1.0,0.0182,0.5,none,True,True
737,1.0,0.0196,0.5,none,True,True
738,1.0,0.0197,0.5,none,True,True
739,1.0,0.0193,0.5,none,True,True
740,1.0,0.0193,0.5,none,True,True
741,1.0,0.0187,0.5,none,True,True
742,1.0,0.0174,0.5,none,True,True
743,1.0,0.0163,0.5,none,True,True
744,1.0,0.0152,0.5,none,True,True
745,1.0,0.0138,0.5,none,True,True
746,1.0,0.0123,0.5,none,True,True
747,1.0,0.0111,0.5,none,True,True
748,1.0,0.01,0.5,none,True,True
749,1.0,0.0088,0.5,none,True,True
750,1.0,0.0078,0.5,none,True,True
751,1.0,0.0071,0.5,none,True,True
752,1.0,0.0064,0.5,none,True,True
753,1.0,0.0057,0.5,none,True,True
754,1.0,0.0053,0.5,none,True,True
755,1.0,0.005,0.5,none,True,True
756,1.0,0.0047,0.5,none,True,True
757,1.0,0.0045,0.5,none,True,True
758,1.0,0.0044,0.5,none,True,True
759,1.0,0.0043,0.5,none,True,True
760,1.0,0.0042,0.5,none,True,True
761,1.0,0.0041,0.5,none,True,True
762,1.0,0.004,0.5,none,True,True
763,1.0,0.0039,0.5,none,True,True
764,1.0,0.0038,0.5,none,True,True
765,1.0,0.0037,0.5,none,True,True
766,1.0,0.0035,0.5,none,True,True
767,1.0,0.0033,0.5,none,True,True
768,1.0,0.0032,0.5,none,True,True
769,1.0,0.003,0.5,none,True,True
770,1.0,0.0028,0.5,none,True,True
771,1.0,0.0026,0.5,none,True,True
772,1.0,0.0024,0.5,none,True,True
773,1.0,0.0023,0.5,none,True,True
774,1.0,0.0021,0.5,none,True,True
775,1.0,0.0019,0.5,none,True,True
776,1.0,0.0018,0.5,none,True,True
777,1.0,0.0017,0.5,none,True,True
778,1.0,0.0015,0.5,none,True,True
779,1.0,0.0014,0.5,none,True,True
780,1.0,0.0013,0.5,none,True,True
781,1.0,0.0013,0.5,none,True,True
782,1.0,0.0012,0.5,none,True,True
783,1.0,0.0011,0.5,none,True,True
784,1.0,0.0011,0.5,none,True,True
785,1.0,0.001,0.5,none,True,True
786,1.0,0.001,0.5,none,True,True
787,1.0,0.0009,0.5,none,True,True
788,1.0,0.0009,0.5,none,True,True
789,1.0,0.0008,0.5,none,True,True
790,1.0,0.0008,0.5,none,True,True
791,1.0,0.0008,0.5,none,True,True
792,1.0,0.0007,0.5,none,True,True
793,1.0,0.0007,0.5,none,True,True
794,1.0,0.0006,0.5,none,True,True
795,1.0,0.0006,0.5,none,True,True
796,1.0,0.0006,0.5,none,True,True
797,1.0,0.0005,0.5,none,True,True
798,1.0,0.0005,0.5,none,True,True
799,1.0,0.0005,0.5,none,True,True
800,1.0,0.0004,0.5,none,True,True
801,1.0,0.0004,0.5,none,True,True
802,1.0,0.0004,0.5,none,True,True
803,1.0,0.0004,0.5,none,True,True
804,1.0,0.0003,0.5,none,True,True
805,1.0,0.0003,0.5,none,True,True
806,1.0,0.0003,0.5,none,True,True
807,1.0,0.0003,0.5,none,True,True
808,1.0,0.0003,0.5,none,True,True
809,1.0,0.0003,0.5,none,True,True
810,1.0,0.0002,0.5,none,True,True
811,1.0,0.0002,0.5,none,True,True
812,1.0,0.0002,0.5,none,True,True
813,1.0,0.0002,0.5,none,True,True
814,1.0,0.0002,0.5,none,True,True
815,1.0,0.0002,0.5,none,True,True
816,1.0,0.0002,0.5,none,True,True
817,1.0,0.0002,0.5,none,True,True
818,1.0,0.0002,0.5,none,True,True
819,1.0,0.0001,0.5,none,True,True
820,1.0,0.0001,0.5,none,True,True
821,1.0,0.0001,0.5,none,True,True
822,1.0,0.0001,0.5,none,True,True
823,1.0,0.0001,0.5,none,True,True
824,1.0,0.0001,0.5,none,True,True
825,1.0,0.0001,0.5,none,True,True
826,1.0,0.0001,0.5,none,True,True
827,1.0,0.0001,0.5,none,True,True
828,1.0,0.0001,0.5,none,True,True
829,1.0,0.0001,0.5,none,True,True
830,1.0,0.0001,0.5,none,True,True
831,1.0,0.0001,0.5,none,True,True
832,1.0,0.0001,0.5,none,True,True
833,1.0,0.0001,0.5,none,True,True
834,1.0,0.0001,0.5,none,True,True
835,1.0,0.0001,0.5,none,True,True
836,1.0,0.0001,0.5,none,True,True
837,1.0,0.0,0.5,none,True,True
838,1.0,0.0,0.5,none,True,True
839,1.0,0.0,0.5,none,True,True
840,1.0,0.0,0.5,none,True,True
841,1.0,0.0,0.5,none,True,True
842,1.0,0.0,0.5,none,True,True
843,1.0,0.0,0.5,none,True,True
844,1.0,0.0,0.5,none,True,True
845,1.0,0.0,0.5,none,True,True
846,1.0,0.0,0.5,none,True,True
847,1.0,0.0,0.5,none,True,True
848,1.0,0.0,0.5,none,True,True
849,1.0,0.0,0.5,none,True,True
850,1.0,0.0,0.5,none,True,True
851,1.0,0.0,0.5,none,True,True
852,1.0,0.0,0.5,none,True,True
853,1.0,0.0,0.5,none,True,True
854,1.0,0.0,0.5,none,True,True
855,1.0,0.0,0.5,none,True,True
856,1.0,0.0,0.5,none,True,True
857,1.0,0.0,0.5,none,True,True
858,1.0,0.0,0.5,none,True,True
859,1.0,0.0,0.5,none,True,True
860,1.0,0.0,0.5,none,True,True
861,1.0,0.0,0.5,none,True,True
862,1.0,0.0,0.5,none,True,True
863,1.0,0.0,0.5,none,True,True
864,1.0,0.0,0.5,none,True,True
865,1.0,0.0,0.5,none,True,True
866,1.0,0.0,0.5,none,True,True
867,1.0,0.0,0.5,none,True,True
868,1.0,0.0,0.5,none,True,True
869,1.0,0.0,0.5,none,True,True
870,1.0,0.0,0.5,none,True,True
871,1.0,0.0,0.5,none,True,True
872,1.0,0.0,0.5,none,True,True
873,1.0,0.0,0.5,none,True,True
874,1.0,0.0,0.5,none,True,True
875,1.0,0.0,0.5,none,True,True
876,1.0,0.0,0.5,none,True,True
877,1.0,0.0,0.5,none,True,True
878,1.0,0.0,0.5,none,True,True
879,1.0,0.0,0.5,none,True,True
880,1.0,0.0,0.5,none,True,True
881,1.0,0.0,0.5,none,True,True
882,1.0,0.0,0.5,none,True,True
883,1.0,0.0,0.5,none,True,True
884,1.0,0.0,0.5,none,True,True
885,1.0,0.0,0.5,none,True,True
886,1.0,0.0,0.5,none,True,True
887,1.0,0.0,0.5,none,True,True
888,1.0,0.0,0.5,none,True,True
889,1.0,0.0,0.5,none,True,True
890,1.0,0.0,0.5,none,True,True
891,1.0,0.0,0.5,none,True,True
892,1.0,0.0,0.5,none,True,True
893,1.0,0.0,0.5,none,True,True
894,1.0,0.0,0.5,none,True,True
895,1.0,0.0,0.5,none,True,True
896,1.0,0.0,0.5,none,True,True
897,1.0,0.0,0.5,none,True,True
898,1.0,0.0,0.5,none,True,True
899,1.0,0.0,0.5,none,True,True
900,1.0,0.0,0.5,none,True,True
901,1.0,0.0,0.5,none,True,True
902,1.0,0.0,0.5,none,True,True
903,1.0,0.0,0.5,none,True,True
904,1.0,0.0,0.5,none,True,True
905,1.0,0.0,0.5,none,True,True
906,1.0,0.0,0.5,none,True,True
907,1.0,0.0,0.5,none,True,True
908,1.0,0.0,0.5,none,True,True
909,1.0,0.0,0.5,none,True,True
910,1.0,0.0,0.5,none,True,True
911,1.0,0.0,0.5,none,True,True
912,1.0,0.0,0.5,none,True,True
913,1.0,0.0,0.5,none,True,True
914,1.0,0.0,0.5,none,True,True
915,1.0,0.0,0.5,none,True,True
916,1.0,0.0,0.5,none,True,True
917,1.0,0.0,0.5,none,True,True
918,1.0,0.0,0.5,none,True,True
919,1.0,0.0,0.5,none,True,True
920,1.0,0.0,0.5,none,True,True
921,1.0,0.0,0.5,none,True,True
922,1.0,0.0,0.5,none,True,True
923,1.0,0.0,0.5,none,True,True
924,1.0,0.0,0.5,none,True,True
925,1.0,0.0,0.5,none,True,True
926,1.0,0.0,0.5,none,True,True
927,1.0,0.0,0.5,none,True,True
928,1.0,0.0,0.5,none,True,True
929,1.0,0.0,0.5,none,True,True
930,1.0,0.0,0.5,none,True,True
931,1.0,0.0,0.5,none,True,True
932,1.0,0.0,0.5,none,True,True
933,1.0,0.0,0.5,none,True,True
934,1.0,0.0,0.5,none,True,True
935,1.0,0.0,0.5,none,True,True
936,1.0,0.0,0.5,none,True,True
937,1.0,0.0,0.5,none,True,True
938,1.0,0.0,0.5,none,True,True
939,1.0,0.0,0.5,none,True,True
940,1.0,0.0,0.5,none,True,True
941,1.0,0.0,0.5,none,True,True
942,1.0,0.0,0.5,none,True,True
943,1.0,0.0,0.5,none,True,True
944,1.0,0.0,0.5,none,True,True
945,1.0,0.0,0.5,none,True,True
946,1.0,0.0,0.5,none,True,True
947,1.0,0.0,0.5,none,True,True
948,1.0,0.0,0.5,none,True,True
949,1.0,0.0,0.5,none,True,True
950,1.0,0.0,0.5,none,True,True
951,1.0,0.0,0.5,none,True,True
952,1.0,0.0,0.5,none,True,True
953,1.0,0.0,0.5,none,True,True
954,1.0,0.0,0.5,none,True,True
955,1.0,0.0,0.5,none,True,True
956,1.0,0.0,0.5,none,True,True
957,1.0,0.0,0.5,none,True,True
958,1.0,0.0,0.5,none,True,True
959,1.0,0.0,0.5,none,True,True
960,1.0,0.0,0.5,none,True,True
961,1.0,0.0,0.5,none,True,True
962,1.0,0.0,0.5,none,True,True
963,1.0,0.0,0.5,none,True,True
964,1.0,0.0,0.5,none,True,True
965,1.0,0.0,0.5,none,True,True
966,1.0,0.0,0.5,none,True,True
967,1.0,0.0,0.5,none,True,True
968,1.0,0.0,0.5,none,True,True
969,1.0,0.0,0.5,none,True,True
970,1.0,0.0,0.5,none,True,True
971,1.0,0.0,0.5,none,True,True
972,1.0,0.0,0.5,none,True,True
973,1.0,0.0,0.5,none,True,True
974,1.0,0.0,0.5,none,True,True
975,1.0,0.0,0.5,none,True,True
976,1.0,0.0,0.5,none,True,True
977,1.0,0.0,0.5,none,True,True
978,1.0,0.0,0.5,none,True,True
979,1.0,0.0,0.5,none,True,True
980,1.0,0.0,0.5,none,True,True
981,1.0,0.0,0.5,none,True,True
982,1.0,0.0,0.5,none,True,True
983,1.0,0.0,0.5,none,True,True
984,1.0,0.0,0.5,none,True,True
985,1.0,0.0,0.5,none,True,True
986,1.0,0.0,0.5,none,True,True
987,1.0,0.0,0.5,none,True,True
988,1.0,0.0,0.5,none,True,True
989,1.0,0.0,0.5,none,True,True
990,1.0,0.0,0.5,none,True,True
991,1.0,0.0,0.5,none,True,True
992,1.0,0.0,0.5,none,True,True
993,1.0,0.0,0.5,none,True,True
994,1.0,0.0,0.5,none,True,True
995,1.0,0.0,0.5,none,True,True
996,1.0,0.0,0.5,none,True,True
997,1.0,0.0,0.5,none,True,True
998,1.0,0.0,0.5,none,True,True
999,1.0,0.0,0.5,none,True,True
1000,1.0,0.0,0.5,none,True,True
1001,1.0,0.0,0.5,none,True,True
1002,1.0,0.0,0.5,none,True,True
1003,1.0,0.0,0.5,none,True,True
1004,1.0,0.0,0.5,none,True,True
1005,1.0,0.0,0.5,none,True,True
1006,1.0,0.0,0.5,none,True,True
1007,1.0,0.0,0.5,none,True,True
1008,1.0,0.0,0.5,none,True,True
1009,1.0,0.0,0.5,none,True,True
1010,1.0,0.0,0.5,none,True,True
1011,1.0,0.0,0.5,none,True,True
1012,1.0,0.0,0.5,none,True,True
1013,1.0,0.0,0.5,none,True,True
1014,1.0,0.0,0.5,none,True,True
1015,1.0,0.0,0.5,none,True,True
1016,1.0,0.0,0.5,none,True,True
1017,1.0,0.0,0.5,none,True,True
1018,1.0,0.0,0.5,none,True,True
1019,1.0,0.0,0.5,none,True,True
1020,1.0,0.0,0.5,none,True,True
1021,1.0,0.0,0.5,none,True,True
1022,1.0,0.0,0.5,none,True,True
1023,1.0,0.0,0.5,none,True,True
1024,1.0,0.0,0.5,none,True,True
1025,1.0,0.0,0.5,none,True,True
1026,1.0,0.0,0.5,none,True,True
1027,1.0,0.0,0.5,none,True,True
1028,1.0,0.0,0.5,none,True,True
1029,1.0,0.0,0.5,none,True,True
1030,1.0,0.0,0.5,none,True,True
1031,1.0,0.0,0.5,none,True,True
1032,1.0,0.0,0.5,none,True,True
1033,1.0,0.0,0.5,none,True,True
1034,1.0,0.0,0.5,none,True,True
1035,1.0,0.0,0.5,none,True,True
1036,1.0,0.0,0.5,none,True,True
1037,1.0,0.0,0.5,none,True,True
1038,1.0,0.0,0.5,none,True,True
1039,1.0,0.0,0.5,none,True,True
1040,1.0,0.0,0.5,none,True,True
1041,1.0,0.0,0.5,none,True,True
1042,1.0,0.0,0.5,none,True,True
1043,1.0,0.0,0.5,none,True,True
1044,1.0,0.0,0.5,none,True,True
1045,1.0,0.0,0.5,none,True,True
1046,1.0,0.0,0.5,none,True,True
1047,1.0,0.0,0.5,none,True,True
1048,1.0,0.0,0.5,none,True,True
1049,1.0,0.0,0.5,none,True,True
1050,1.0,0.0,0.5,none,True,True
1051,1.0,0.0,0.5,none,True,True
1052,1.0,0.0,0.5,none,True,True
1053,1.0,0.0,0.5,none,True,True
1054,1.0,0.0,0.5,none,True,True
1055,1.0,0.0,0.5,none,True,True
1056,1.0,0.0,0.5,none,True,True
1057,1.0,0.0,0.5,none,True,True
1058,1.0,0.0,0.5,none,True,True
1059,1.0,0.0,0.5,none,True,True
1060,1.0,0.0,0.5,none,True,True
1061,1.0,0.0,0.5,none,True,True
1062,1.0,0.0,0.5,none,True,True
1063,1.0,0.0,0.5,none,True,True
1064,1.0,0.0,0.5,none,True,True
1065,1.0,0.0,0.5,none,True,True
1066,1.0,0.0,0.5,none,True,True
1067,1.0,0.0,0.5,none,True,True
1068,1.0,0.0,0.5,none,True,True
1069,1.0,0.0,0.5,none,True,True
1070,1.0,0.0,0.5,none,True,True
1071,1.0,0.0,0.5,none,True,True
1072,1.0,0.0,0.5,none,True,True
1073,1.0,0.0,0.5,none,True,True
1074,1.0,0.0,0.5,none,True,True
1075,1.0,0.0,0.5,none,True,True
1076,1.0,0.0,0.5,none,True,True
1077,1.0,0.0,0.5,none,True,True
1078,1.0,0.0,0.5,none,True,True
1079,1.0,0.0,0.5,none,True,True
1080,1.0,0.0,0.5,none,True,True
1081,1.0,0.0,0.5,none,True,True
1082,1.0,0.0,0.5,none,True,True
1083,1.0,0.0,0.5,none,True,True
1084,1.0,0.0,0.5,none,True,True
1085,1.0,0.0,0.5,none,True,True
1086,1.0,0.0,0.5,none,True,True
1087,1.0,0.0,0.5,none,True,True
1088,1.0,0.0,0.5,none,True,True
1089,1.0,0.0,0.5,none,True,True
1090,1.0,0.0,0.5,none,True,True
1091,1.0,0.0,0.5,none,True,True
1092,1.0,0.0,0.5,none,True,True
1093,1.0,0.0,0.5,none,True,True
1094,1.0,0.0,0.5,none,True,True
1095,1.0,0.0,0.5,none,True,True
1096,1.0,0.0,0.5,none,True,True
1097,1.0,0.0,0.5,none,True,True
1098,1.0,0.0,0.5,none,True,True
1099,1.0,0.0,0.5,none,True,True
1100,1.0,0.0,0.5,none,True,True
1101,1.0,0.0,0.5,none,True,True
1102,1.0,0.0,0.5,none,True,True
1103,1.0,0.0,0.5,none,True,True
1104,1.0,0.0,0.5,none,True,True
1105,1.0,0.0,0.5,none,True,True
1106,1.0,0.0,0.5,none,True,True
1107,1.0,0.0,0.5,none,True,True
1108,1.0,0.0,0.5,none,True,True
1109,1.0,0.0,0.5,none,True,True
1110,1.0,0.0,0.5,none,True,True
1111,1.0,0.0,0.5,none,True,True
1112,1.0,0.0,0.5,none,True,True
1113,1.0,0.0,0.5,none,True,True
1114,1.0,0.0,0.5,none,True,True
1115,1.0,0.0,0.5,none,True,True
1116,1.0,0.0,0.5,none,True,True
1117,1.0,0.0,0.5,none,True,True
1118,1.0,0.0,0.5,none,True,True
1119,1.0,0.0,0.5,none,True,True
1120,1.0,0.0,0.5,none,True,True
1121,1.0,0.0,0.5,none,True,True
1122,1.0,0.0,0.5,none,True,True
1123,1.0,0.0,0.5,none,True,True
1124,1.0,0.0,0.5,none,True,True
1125,1.0,0.0,0.5,none,True,True
1126,1.0,0.0,0.5,none,True,True
1127,1.0,0.0,0.5,none,True,True
1128,1.0,0.0,0.5,none,True,True
1129,1.0,0.0,0.5,none,True,True
1130,1.0,0.0,0.5,none,True,True
1131,1.0,0.0,0.5,none,True,True
1132,1.0,0.0,0.5,none,True,True
1133,1.0,0.0,0.5,none,True,True
1134,1.0,0.0,0.5,none,True,True
1135,1.0,0.0,0.5,none,True,True
1136,1.0,0.0,0.5,none,True,True
1137,1.0,0.0,0.5,none,True,True
1138,1.0,0.0,0.5,none,True,True
1139,1.0,0.0,0.5,none,True,True
1140,1.0,0.0,0.5,none,True,True
1141,1.0,0.0,0.5,none,True,True
1142,1.0,0.0,0.5,none,True,True
1143,1.0,0.0,0.5,none,True,True
1144,1.0,0.0,0.5,none,True,True
1145,1.0,0.0,0.5,none,True,True
1146,1.0,0.0,0.5,none,True,True
1147,1.0,0.0,0.5,none,True,True
1148,1.0,0.0,0.5,none,True,True
1149,1.0,0.0,0.5,none,True,True
1150,1.0,0.0,0.5,none,True,True
1151,1.0,0.0,0.5,none,True,True
1152,1.0,0.0,0.5,none,True,True
1153,1.0,0.0,0.5,none,True,True
1154,1.0,0.0,0.5,none,True,True
1155,1.0,0.0,0.5,none,True,True
1156,1.0,0.0,0.5,none,True,True
1157,1.0,0.0,0.5,none,True,True
1158,1.0,0.0,0.5,none,True,True
1159,1.0,0.0,0.5,none,True,True
1160,1.0,0.0,0.5,none,True,True
1161,1.0,0.0,0.5,none,True,True
1162,1.0,0.0,0.5,none,True,True
1163,1.0,0.0,0.5,none,True,True
1164,1.0,0.0,0.5,none,True,True
1165,1.0,0.0,0.5,none,True,True
1166,1.0,0.0,0.5,none,True,True
1167,1.0,0.0,0.5,none,True,True
1168,1.0,0.0,0.5,none,True,True
1169,1.0,0.0,0.5,none,True,True
1170,1.0,0.0,0.5,none,True,True
1171,1.0,0.0,0.5,none,True,True
1172,1.0,0.0,0.5,none,True,True
1173,1.0,0.0,0.5,none,True,True
1174,1.0,0.0,0.5,none,True,True
1175,1.0,0.0,0.5,none,True,True
1176,1.0,0.0,0.5,none,True,True
1177,1.0,0.0,0.5,none,True,True
1178,1.0,0.0,0.5,none,True,True
1179,1.0,0.0,0.5,none,True,True
1180,1.0,0.0,0.5,none,True,True
1181,1.0,0.0,0.5,none,True,True
1182,1.0,0.0,0.5,none,True,True
1183,1.0,0.0,0.5,none,True,True
1184,1.0,0.0,0.5,none,True,True
1185,1.0,0.0,0.5,none,True,True
1186,1.0,0.0,0.5,none,True,True
1187,1.0,0.0,0.5,none,True,True
1188,1.0,0.0,0.5,none,True,True
1189,1.0,0.0,0.5,none,True,True
1190,1.0,0.0,0.5,none,True,True
1191,1.0,0.0,0.5,none,True,True
1192,1.0,0.0,0.5,none,True,True
1193,1.0,0.0,0.5,none,True,True
1194,1.0,0.0,0.5,none,True,True
1195,1.0,0.0,0.5,none,True,True
1196,1.0,0.0,0.5,none,True,True
1197,1.0,0.0,0.5,none,True,True
1198,1.0,0.0,0.5,none,True,True
1199,1.0,0.0,0.5,none,True,True
1200,1.0,0.0,0.5,none,True,True
1201,1.0,0.0,0.5,none,True,True
1202,1.0,0.0,0.5,none,True,True
1203,1.0,0.0,0.5,none,True,True
1204,1.0,0.0,0.5,none,True,True
1205,1.0,0.0,0.5,none,True,True
1206,1.0,0.0,0.5,none,True,True
1207,1.0,0.0,0.5,none,True,True
1208,1.0,0.0,0.5,none,True,True
1209,1.0,0.0,0.5,none,True,True
1210,1.0,0.0,0.5,none,True,True
1211,1.0,0.0,0.5,none,True,True
1212,1.0,0.0,0.5,none,True,True
1213,1.0,0.0,0.5,none,True,True
1214,1.0,0.0,0.5,none,True,True
1215,1.0,0.0,0.5,none,True,True
1216,1.0,0.0,0.5,none,True,True
1217,1.0,0.0,0.5,none,True,True
1218,1.0,0.0,0.5,none,True,True
1219,1.0,0.0,0.5,none,True,True
1220,1.0,0.0,0.5,none,True,True
1221,1.0,0.0,0.5,none,True,True
1222,1.0,0.0,0.5,none,True,True
1223,1.0,0.0,0.5,none,True,True
1224,1.0,0.0,0.5,none,True,True
1225,1.0,0.0,0.5,none,True,True
1226,1.0,0.0,0.5,none,True,True
1227,1.0,0.0,0.5,none,True,True
1228,1.0,0.0,0.5,none,True,True
1229,1.0,0.0,0.5,none,True,True
1230,1.0,0.0,0.5,none,True,True
1231,1.0,0.0,0.5,none,True,True
1232,1.0,0.0,0.5,none,True,True
1233,1.0,0.0,0.5,none,True,True
1234,1.0,0.0,0.5,none,True,True
1235,1.0,0.0,0.5,none,True,True
1236,1.0,0.0,0.5,none,True,True
1237,1.0,0.0,0.5,none,True,True
1238,1.0,0.0,0.5,none,True,True
1239,1.0,0.0,0.5,none,True,True
1240,1.0,0.0,0.5,none,True,True
1241,1.0,0.0,0.5,none,True,True
1242,1.0,0.0,0.5,none,True,True
1243,1.0,0.0,0.5,none,True,True
1244,1.0,0.0,0.5,none,True,True
1245,1.0,0.0,0.5,none,True,True
1246,1.0,0.0,0.5,none,True,True
1247,1.0,0.0,0.5,none,True,True
1248,1.0,0.0,0.5,none,True,True
1249,1.0,0.0,0.5,none,True,True
1250,1.0,0.0,0.5,none,True,True
1251,1.0,0.0,0.5,none,True,True
1252,1.0,0.0,0.5,none,True,True
1253,1.0,0.0,0.5,none,True,True
1254,1.0,0.0,0.5,none,True,True
1255,1.0,0.0,0.5,none,True,True
1256,1.0,0.0,0.5,none,True,True
1257,1.0,0.0,0.5,none,True,True
1258,1.0,0.0,0.5,none,True,True
1259,1.0,0.0,0.5,none,True,True
1260,1.0,0.0,0.5,none,True,True
1261,1.0,0.0,0.5,none,True,True
1262,1.0,0.0,0.5,none,True,True
1263,1.0,0.0,0.5,none,True,True
1264,1.0,0.0,0.5,none,True,True
1265,1.0,0.0,0.5,none,True,True
1266,1.0,0.0,0.5,none,True,True
1267,1.0,0.0,0.5,none,True,True
1268,1.0,0.0,0.5,none,True,True
1269,1.0,0.0,0.5,none,True,True
1270,1.0,0.0,0.5,none,True,True
1271,1.0,0.0,0.5,none,True,True
1272,1.0,0.0,0.5,none,True,True
1273,1.0,0.0,0.5,none,True,True
1274,1.0,0.0,0.5,none,True,True
1275,1.0,0.0,0.5,none,True,True
1276,1.0,0.0,0.5,none,True,True
1277,1.0,0.0,0.5,none,True,True
1278,1.0,0.0,0.5,none,True,True
1279,1.0,0.0,0.5,none,True,True
1280,1.0,0.0,0.5,none,True,True
1281,1.0,0.0,0.5,none,True,True
1282,1.0,0.0,0.5,none,True,True
1283,1.0,0.0,0.5,none,True,True
1284,1.0,0.0,0.5,none,True,True
1285,1.0,0.0,0.5,none,True,True
1286,1.0,0.0,0.5,none,True,True
1287,1.0,0.0,0.5,none,True,True
1288,1.0,0.0,0.5,none,True,True
1289,1.0,0.0,0.5,none,True,True
1290,1.0,0.0,0.5,none,True,True
1291,1.0,0.0,0.5,none,True,True
1292,1.0,0.0,0.5,none,True,True
1293,1.0,0.0,0.5,none,True,True
1294,1.0,0.0,0.5,none,True,True
1295,1.0,0.0,0.5,none,True,True
1296,1.0,0.0,0.5,none,True,True
1297,1.0,0.0,0.5,none,True,True
1298,1.0,0.0,0.5,none,True,True
1299,1.0,0.0,0.5,none,True,True
1300,1.0,0.0,0.5,none,True,True
1301,1.0,0.0,0.5,none,True,True
1302,1.0,0.0,0.5,none,True,True
1303,1.0,0.0,0.5,none,True,True
1304,1.0,0.0,0.5,none,True,True
1305,1.0,0.0,0.5,none,True,True
1306,1.0,0.0,0.5,none,True,True
1307,1.0,0.0,0.5,none,True,True
1308,1.0,0.0,0.5,none,True,True
1309,1.0,0.0,0.5,none,True,True
1310,1.0,0.0,0.5,none,True,True
1311,1.0,0.0,0.5,none,True,True
1312,1.0,0.0,0.5,none,True,True
1313,1.0,0.0,0.5,none,True,True
1314,1.0,0.0,0.5,none,True,True
1315,1.0,0.0,0.5,none,True,True
1316,1.0,0.0,0.5,none,True,True
1317,1.0,0.0,0.5,none,True,True
1318,1.0,0.0,0.5,none,True,True
1319,1.0,0.0,0.5,none,True,True
1320,1.0,0.0,0.5,none,True,True
1321,1.0,0.0,0.5,none,True,True
1322,1.0,0.0,0.5,none,True,True
1323,1.0,0.0,0.5,none,True,True
1324,1.0,0.0,0.5,none,True,True
1325,1.0,0.0,0.5,none,True,True
1326,1.0,0.0,0.5,none,True,True
1327,1.0,0.0,0.5,none,True,True
1328,1.0,0.0,0.5,none,True,True
1329,1.0,0.0,0.5,none,True,True
1330,1.0,0.0,0.5,none,True,True
1331,1.0,0.0,0.5,none,True,True
1332,1.0,0.0,0.5,none,True,True
1333,1.0,0.0,0.5,none,True,True
1334,1.0,0.0,0.5,none,True,True
1335,1.0,0.0,0.5,none,True,True
1336,1.0,0.0,0.5,none,True,True
1337,1.0,0.0,0.5,none,True,True
1338,1.0,0.0,0.5,none,True,True
1339,1.0,0.0,0.5,none,True,True
1340,1.0,0.0,0.5,none,True,True
1341,1.0,0.0,0.5,none,True,True
1342,1.0,0.0,0.5,none,True,True
1343,1.0,0.0,0.5,none,True,True
1344,1.0,0.0,0.5,none,True,True
1345,1.0,0.0,0.5,none,True,True
1346,1.0,0.0,0.5,none,True,True
1347,1.0,0.0,0.5,none,True,True
1348,1.0,0.0,0.5,none,True,True
1349,1.0,0.0,0.5,none,True,True
1350,1.0,0.0,0.5,none,True,True
1351,1.0,0.0,0.5,none,True,True
1352,1.0,0.0,0.5,none,True,True
1353,1.0,0.0,0.5,none,True,True
1354,1.0,0.0,0.5,none,True,True
1355,1.0,0.0,0.5,none,True,True
1356,1.0,0.0,0.5,none,True,True
1357,1.0,0.0,0.5,none,True,True
1358,1.0,0.0,0.5,none,True,True
1359,1.0,0.0,0.5,none,True,True
1360,1.0,0.0,0.5,none,True,True
1361,1.0,0.0,0.5,none,True,True
1362,1.0,0.0,0.5,none,True,True
1363,1.0,0.0,0.5,none,True,True
1364,1.0,0.0,0.5,none,True,True
1365,1.0,0.0,0.5,none,True,True
1366,1.0,0.0,0.5,none,True,True
1367,1.0,0.0,0.5,none,True,True
1368,1.0,0.0,0.5,none,True,True
1369,1.0,0.0,0.5,none,True,True
1370,1.0,0.0,0.5,none,True,True
1371,1.0,0.0,0.5,none,True,True
1372,1.0,0.0,0.5,none,True,True
1373,1.0,0.0,0.5,none,True,True
1374,1.0,0.0,0.5,none,True,True
1375,1.0,0.0,0.5,none,True,True
1376,1.0,0.0,0.5,none,True,True
1377,1.0,0.0,0.5,none,True,True
1378,1.0,0.0,0.5,none,True,True
1379,1.0,0.0,0.5,none,True,True
1380,1.0,0.0,0.5,none,True,True
1381,1.0,0.0,0.5,none,True,True
1382,1.0,0.0,0.5,none,True,True
1383,1.0,0.0,0.5,none,True,True
1384,1.0,0.0,0.5,none,True,True
1385,1.0,0.0,0.5,none,True,True
1386,1.0,0.0,0.5,none,True,True
1387,1.0,0.0,0.5,none,True,True
1388,1.0,0.0,0.5,none,True,True
1389,1.0,0.0,0.5,none,True,True
1390,1.0,0.0,0.5,none,True,True
1391,1.0,0.0,0.5,none,True,True
1392,1.0,0.0,0.5,none,True,True
1393,1.0,0.0,0.5,none,True,True
1394,1.0,0.0,0.5,none,True,True
1395,1.0,0.0,0.5,none,True,True
1396,1.0,0.0,0.5,none,True,True
1397,1.0,0.0,0.5,none,True,True
1398,1.0,0.0,0.5,none,True,True
1399,1.0,0.0,0.5,none,True,True
1400,1.0,0.0061,0.5,none,True,True
1401,1.0,0.0357,0.5,none,True,True
1402,1.0,0.0812,0.5,none,True,True
1403,1.0,0.1113,0.5,none,True,True
1404,1.0,0.1253,0.5,none,True,True
1405,1.0,0.1408,0.5,none,True,True
1406,1.0,0.0907,0.5,none,True,True
1407,1.0,0.1198,0.5,none,True,True
1408,1.0,0.0467,0.5,none,True,True
1409,1.0,0.0522,0.5,none,True,True
1410,1.0,0.0405,0.5,none,True,True
1411,1.0,0.0313,0.5,none,True,True
1412,1.0,0.0083,0.5,none,True,True
1413,1.0,0.0726,0.5,none,True,True
1414,1.0,0.0793,0.5,none,True,True
1415,1.0,0.0581,0.5,none,True,True
1416,1.0,0.0955,0.5,none,True,True
1417,1.0,0.0839,0.5,none,True,True
1418,1.0,0.0648,0.5,none,True,True
1419,1.0,0.0718,0.5,none,True,True
1420,1.0,0.0589,0.5,none,True,True
1421,1.0,0.0403,0.5,none,True,True
1422,1.0,0.0327,0.5,none,True,True
1423,1.0,0.0277,0.5,none,True,True
1424,1.0,0.017,0.5,none,True,True
1425,1.0,0.0102,0.5,none,True,True
1426,1.0,0.0099,0.5,none,True,True
1427,1.0,0.008,0.5,none,True,True
1428,1.0,0.005,0.5,none,True,True
1429,1.0,0.0063,0.5,none,True,True
1430,1.0,0.009,0.5,none,True,True
1431,1.0,0.0096,0.5,none,True,True
1432,1.0,0.0108,0.5,none,True,True
1433,1.0,0.014,0.5,none,True,True
1434,1.0,0.0161,0.5,none,True,True
1435,1.0,0.0167,0.5,none,True,True
1436,1.0,0.0182,0.5,none,True,True
1437,1.0,0.0196,0.5,none,True,True
1438,1.0,0.0197,0.5,none,True,True
1439,1.0,0.0193,0.5,none,True,True
1440,1.0,0.0193,0.5,none,True,True
1441,1.0,0.0187,0.5,none,True,True
1442,1.0,0.0174,0.5,none,True,True
1443,1.0,0.0163,0.5,none,True,True
1444,1.0,0.0152,0.5,none,True,True
1445,1.0,0.0138,0.5,none,True,True
1446,1.0,0.0123,0.5,none,True,True
1447,1.0,0.0111,0.5,none,True,True
1448,1.0,0.01,0.5,none,True,True
1449,1.0,0.0088,0.5,none,True,True
1450,1.0,0.0078,0.5,none,True,True
1451,1.0,0.0071,0.5,none,True,True
1452,1.0,0.0064,0.5,none,True,True
1453,1.0,0.0057,0.5,none,True,True
1454,1.0,0.0053,0.5,none,True,True
1455,1.0,0.005,0.5,none,True,True
1456,1.0,0.0047,0.5,none,True,True
1457,1.0,0.0045,0.5,none,True,True
1458,1.0,0.0044,0.5,none,True,True
1459,1.0,0.0043,0.5,none,True,True
1460,1.0,0.0042,0.5,none,True,True
1461,1.0,0.0041,0.5,none,True,True
1462,1.0,0.004,0.5,none,True,True
1463,1.0,0.0039,0.5,none,True,True
1464,1.0,0.0038,0.5,none,True,True
1465,1.0,0.0037,0.5,none,True,True
1466,1.0,0.0035,0.5,none,True,True
1467,1.0,0.0033,0.5,none,True,True
1468,1.0,0.0032,0.5,none,True,True
1469,1.0,0.003,0.5,none,True,True
1470,1.0,0.0028,0.5,none,True,True
1471,1.0,0.0026,0.5,none,True,True
1472,1.0,0.0024,0.5,none,True,True
1473,1.0,0.0023,0.5,none,True,True
1474,1.0,0.0021,0.5,none,True,True
1475,1.0,0.0019,0.5,none,True,True
1476,1.0,0.0018,0.5,none,True,True
1477,1.0,0.0017,0.5,none,True,True
1478,1.0,0.0015,0.5,none,True,True
1479,1.0,0.0014,0.5,none,True,True
1480,1.0,0.0013,0.5,none,True,True
1481,1.0,0.0013,0.5,none,True,True
1482,1.0,0.0012,0.5,none,True,True
1483,1.0,0.0011,0.5,none,True,True
1484,1.0,0.0011,0.5,none,True,True
1485,1.0,0.001,0.5,none,True,True
1486,1.0,0.001,0.5,none,True,True
1487,1.0,0.0009,0.5,none,True,True
1488,1.0,0.0009,0.5,none,True,True
1489,1.0,0.0008,0.5,none,True,True
1490,1.0,0.0008,0.5,none,True,True
1491,1.0,0.0008,0.5,none,True,True
1492,1.0,0.0007,0.5,none,True,True
1493,1.0,0.0007,0.5,none,True,True
1494,1.0,0.0006,0.5,none,True,True
1495,1.0,0.0006,0.5,none,True,True
1496,1.0,0.0006,0.5,none,True,True
1497,1.0,0.0005,0.5,none,True,True
1498,1.0,0.0005,0.5,none,True,True
1499,1.0,0.0005,0.5,none,True,True
1500,1.0,0.0004,0.5,none,True,True
1501,1.0,0.0004,0.5,none,True,True
1502,1.0,0.0004,0.5,none,True,True
1503,1.0,0.0004,0.5,none,True,True
1504,1.0,0.0003,0.5,none,True,True
1505,1.0,0.0003,0.5,none,True,True
1506,1.0,0.0003,0.5,none,True,True
1507,1.0,0.0003,0.5,none,True,True
1508,1.0,0.0003,0.5,none,True,True
1509,1.0,0.0003,0.5,none,True,True
1510,1.0,0.0002,0.5,none,True,True
1511,1.0,0.0002,0.5,none,True,True
1512,1.0,0.0002,0.5,none,True,True
1513,1.0,0.0002,0.5,none,True,True
1514,1.0,0.0002,0.5,none,True,True
1515,1.0,0.0002,0.5,none,True,True
1516,1.0,0.0002,0.5,none,True,True
1517,1.0,0.0002,0.5,none,True,True
1518,1.0,0.0002,0.5,none,True,True
1519,1.0,0.0001,0.5,none,True,True
1520,1.0,0.0001,0.5,none,True,True
1521,1.0,0.0001,0.5,none,True,True
1522,1.0,0.0001,0.5,none,True,True
1523,1.0,0.0001,0.5,none,True,True
1524,1.0,0.0001,0.5,none,True,True
1525,1.0,0.0001,0.5,none,True,True
1526,1.0,0.0001,0.5,none,True,True
1527,1.0,0.0001,0.5,none,True,True
1528,1.0,0.0001,0.5,none,True,True
1529,1.0,0.0001,0.5,none,True,True
1530,1.0,0.0001,0.5,none,True,True
1531,1.0,0.0001,0.5,none,True,True
1532,1.0,0.0001,0.5,none,True,True
1533,1.0,0.0001,0.5,none,True,True
1534,1.0,0.0001,0.5,none,True,True
1535,1.0,0.0001,0.5,none,True,True
1536,1.0,0.0001,0.5,none,True,True
1537,1.0,0.0,0.5,none,True,True
1538,1.0,0.0,0.5,none,True,True
1539,1.0,0.0,0.5,none,True,True
1540,1.0,0.0,0.5,none,True,True
1541,1.0,0.0,0.5,none,True,True
1542,1.0,0.0,0.5,none,True,True
1543,1.0,0.0,0.5,none,True,True
1544,1.0,0.0,0.5,none,True,True
1545,1.0,0.0,0.5,none,True,True
1546,1.0,0.0,0.5,none,True,True
1547,1.0,0.0,0.5,none,True,True
1548,1.0,0.0,0.5,none,True,True
1549,1.0,0.0,0.5,none,True,True
1550,1.0,0.0,0.5,none,True,True
1551,1.0,0.0,0.5,none,True,True
1552,1.0,0.0,0.5,none,True,True
1553,1.0,0.0,0.5,none,True,True
1554,1.0,0.0,0.5,none,True,True
1555,1.0,0.0,0.5,none,True,True
1556,1.0,0.0,0.5,none,True,True
1557,1.0,0.0,0.5,none,True,True
1558,1.0,0.0,0.5,none,True,True
1559,1.0,0.0,0.5,none,True,True
1560,1.0,0.0,0.5,none,True,True
1561,1.0,0.0,0.5,none,True,True
1562,1.0,0.0,0.5,none,True,True
1563,1.0,0.0,0.5,none,True,True
1564,1.0,0.0,0.5,none,True,True
1565,1.0,0.0,0.5,none,True,True
1566,1.0,0.0,0.5,none,True,True
1567,1.0,0.0,0.5,none,True,True
1568,1.0,0.0,0.5,none,True,True
1569,1.0,0.0,0.5,none,True,True
1570,1.0,0.0,0.5,none,True,True
1571,1.0,0.0,0.5,none,True,True
1572,1.0,0.0,0.5,none,True,True
1573,1.0,0.0,0.5,none,True,True
1574,1.0,0.0,0.5,none,True,True
1575,1.0,0.0,0.5,none,True,True
1576,1.0,0.0,0.5,none,True,True
1577,1.0,0.0,0.5,none,True,True
1578,1.0,0.0,0.5,none,True,True
1579,1.0,0.0,0.5,none,True,True
1580,1.0,0.0,0.5,none,True,True
1581,1.0,0.0,0.5,none,True,True
1582,1.0,0.0,0.5,none,True,True
1583,1.0,0.0,0.5,none,True,True
1584,1.0,0.0,0.5,none,True,True
1585,1.0,0.0,0.5,none,True,True
1586,1.0,0.0,0.5,none,True,True
1587,1.0,0.0,0.5,none,True,True
1588,1.0,0.0,0.5,none,True,True
1589,1.0,0.0,0.5,none,True,True
1590,1.0,0.0,0.5,none,True,True
1591,1.0,0.0,0.5,none,True,True
1592,1.0,0.0,0.5,none,True,True
1593,1.0,0.0,0.5,none,True,True
1594,1.0,0.0,0.5,none,True,True
1595,1.0,0.0,0.5,none,True,True
1596,1.0,0.0,0.5,none,True,True
1597,1.0,0.0,0.5,none,True,True
1598,1.0,0.0,0.5,none,True,True
1599,1.0,0.0,0.5,none,True,True
1600,1.0,0.0,0.5,none,True,True
1601,1.0,0.0,0.5,none,True,True
1602,1.0,0.0,0.5,none,True,True
1603,1.0,0.0,0.5,none,True,True
1604,1.0,0.0,0.5,none,True,True
1605,1.0,0.0,0.5,none,True,True
1606,1.0,0.0,0.5,none,True,True
1607,1.0,0.0,0.5,none,True,True
1608,1.0,0.0,0.5,none,True,True
1609,1.0,0.0,0.5,none,True,True
1610,1.0,0.0,0.5,none,True,True
1611,1.0,0.0,0.5,none,True,True
1612,1.0,0.0,0.5,none,True,True
1613,1.0,0.0,0.5,none,True,True
1614,1.0,0.0,0.5,none,True,True
1615,1.0,0.0,0.5,none,True,True
1616,1.0,0.0,0.5,none,True,True
1617,1.0,0.0,0.5,none,True,True
1618,1.0,0.0,0.5,none,True,True
1619,1.0,0.0,0.5,none,True,True
1620,1.0,0.0,0.5,none,True,True
1621,1.0,0.0,0.5,none,True,True
1622,1.0,0.0,0.5,none,True,True
1623,1.0,0.0,0.5,none,True,True
1624,1.0,0.0,0.5,none,True,True
1625,1.0,0.0,0.5,none,True,True
1626,1.0,0.0,0.5,none,True,True
1627,1.0,0.0,0.5,none,True,True
1628,1.0,0.0,0.5,none,True,True
1629,1.0,0.0,0.5,none,True,True
1630,1.0,0.0,0.5,none,True,True
1631,1.0,0.0,0.5,none,True,True
1632,1.0,0.0,0.5,none,True,True
1633,1.0,0.0,0.5,none,True,True
1634,1.0,0.0,0.5,none,True,True
1635,1.0,0.0,0.5,none,True,True
1636,1.0,0.0,0.5,none,True,True
1637,1.0,0.0,0.5,none,True,True
1638,1.0,0.0,0.5,none,True,True
1639,1.0,0.0,0.5,none,True,True
1640,1.0,0.0,0.5,none,True,True
1641,1.0,0.0,0.5,none,True,True
1642,1.0,0.0,0.5,none,True,True
1643,1.0,0.0,0.5,none,True,True
1644,1.0,0.0,0.5,none,True,True
1645,1.0,0.0,0.5,none,True,True
1646,1.0,0.0,0.5,none,True,True
1647,1.0,0.0,0.5,none,True,True
1648,1.0,0.0,0.5,none,True,True
1649,1.0,0.0,0.5,none,True,True
1650,1.0,0.0,0.5,none,True,True
1651,1.0,0.0,0.5,none,True,True
1652,1.0,0.0,0.5,none,True,True
1653,1.0,0.0,0.5,none,True,True
1654,1.0,0.0,0.5,none,True,True
1655,1.0,0.0,0.5,none,True,True
1656,1.0,0.0,0.5,none,True,True
1657,1.0,0.0,0.5,none,True,True
1658,1.0,0.0,0.5,none,True,True
1659,1.0,0.0,0.5,none,True,True
1660,1.0,0.0,0.5,none,True,True
1661,1.0,0.0,0.5,none,True,True
1662,1.0,0.0,0.5,none,True,True
1663,1.0,0.0,0.5,none,True,True
1664,1.0,0.0,0.5,none,True,True
1665,1.0,0.0,0.5,none,True,True
1666,1.0,0.0,0.5,none,True,True
1667,1.0,0.0,0.5,none,True,True
1668,1.0,0.0,0.5,none,True,True
1669,1.0,0.0,0.5,none,True,True
1670,1.0,0.0,0.5,none,True,True
1671,1.0,0.0,0.5,none,True,True
1672,1.0,0.0,0.5,none,True,True
1673,1.0,0.0,0.5,none,True,True
1674,1.0,0.0,0.5,none,True,True
1675,1.0,0.0,0.5,none,True,True
1676,1.0,0.0,0.5,none,True,True
1677,1.0,0.0,0.5,none,True,True
1678,1.0,0.0,0.5,none,True,True
1679,1.0,0.0,0.5,none,True,True
1680,1.0,0.0,0.5,none,True,True
1681,1.0,0.0,0.5,none,True,True
1682,1.0,0.0,0.5,none,True,True
1683,1.0,0.0,0.5,none,True,True
1684,1.0,0.0,0.5,none,True,True
1685,1.0,0.0,0.5,none,True,True
1686,1.0,0.0,0.5,none,True,True
1687,1.0,0.0,0.5,none,True,True
1688,1.0,0.0,0.5,none,True,True
1689,1.0,0.0,0.5,none,True,True
1690,1.0,0.0,0.5,none,True,True
1691,1.0,0.0,0.5,none,True,True
1692,1.0,0.0,0.5,none,True,True
1693,1.0,0.0,0.5,none,True,True
1694,1.0,0.0,0.5,none,True,True
1695,1.0,0.0,0.5,none,True,True
1696,1.0,0.0,0.5,none,True,True
1697,1.0,0.0,0.5,none,True,True
1698,1.0,0.0,0.5,none,True,True
1699,1.0,0.0,0.5,none,True,True
1700,1.0,0.0,0.5,none,True,True
1701,1.0,0.0,0.5,none,True,True
1702,1.0,0.0,0.5,none,True,True
1703,1.0,0.0,0.5,none,True,True
1704,1.0,0.0,0.5,none,True,True
1705,1.0,0.0,0.5,none,True,True
1706,1.0,0.0,0.5,none,True,True
1707,1.0,0.0,0.5,none,True,True
1708,1.0,0.0,0.5,none,True,True
1709,1.0,0.0,0.5,none,True,True
1710,1.0,0.0,0.5,none,True,True
1711,1.0,0.0,0.5,none,True,True
1712,1.0,0.0,0.5,none,True,True
1713,1.0,0.0,0.5,none,True,True
1714,1.0,0.0,0.5,none,True,True
1715,1.0,0.0,0.5,none,True,True
1716,1.0,0.0,0.5,none,True,True
1717,1.0,0.0,0.5,none,True,True
1718,1.0,0.0,0.5,none,True,True
1719,1.0,0.0,0.5,none,True,True
1720,1.0,0.0,0.5,none,True,True
1721,1.0,0.0,0.5,none,True,True
1722,1.0,0.0,0.5,none,True,True
1723,1.0,0.0,0.5,none,True,True
1724,1.0,0.0,0.5,none,True,True
1725,1.0,0.0,0.5,none,True,True
1726,1.0,0.0,0.5,none,True,True
1727,1.0,0.0,0.5,none,True,True
1728,1.0,0.0,0.5,none,True,True
1729,1.0,0.0,0.5,none,True,True
1730,1.0,0.0,0.5,none,True,True
1731,1.0,0.0,0.5,none,True,True
1732,1.0,0.0,0.5,none,True,True
1733,1.0,0.0,0.5,none,True,True
1734,1.0,0.0,0.5,none,True,True
1735,1.0,0.0,0.5,none,True,True
1736,1.0,0.0,0.5,none,True,True
1737,1.0,0.0,0.5,none,True,True
1738,1.0,0.0,0.5,none,True,True
1739,1.0,0.0,0.5,none,True,True
1740,1.0,0.0,0.5,none,True,True
1741,1.0,0.0,0.5,none,True,True
1742,1.0,0.0,0.5,none,True,True
1743,1.0,0.0,0.5,none,True,True
1744,1.0,0.0,0.5,none,True,True
1745,1.0,0.0,0.5,none,True,True
1746,1.0,0.0,0.5,none,True,True
1747,1.0,0.0,0.5,none,True,True
1748,1.0,0.0,0.5,none,True,True
1749,1.0,0.0,0.5,none,True,True
1750,1.0,0.0,0.5,none,True,True
1751,1.0,0.0,0.5,none,True,True
1752,1.0,0.0,0.5,none,True,True
1753,1.0,0.0,0.5,none,True,True
1754,1.0,0.0,0.5,none,True,True
1755,1.0,0.0,0.5,none,True,True
1756,1.0,0.0,0.5,none,True,True
1757,1.0,0.0,0.5,none,True,True
1758,1.0,0.0,0.5,none,True,True
1759,1.0,0.0,0.5,none,True,True
1760,1.0,0.0,0.5,none,True,True
1761,1.0,0.0,0.5,none,True,True
1762,1.0,0.0,0.5,none,True,True
1763,1.0,0.0,0.5,none,True,True
1764,1.0,0.0,0.5,none,True,True
1765,1.0,0.0,0.5,none,True,True
1766,1.0,0.0,0.5,none,True,True
1767,1.0,0.0,0.5,none,True,True
1768,1.0,0.0,0.5,none,True,True
1769,1.0,0.0,0.5,none,True,True
1770,1.0,0.0,0.5,none,True,True
1771,1.0,0.0,0.5,none,True,True
1772,1.0,0.0,0.5,none,True,True
1773,1.0,0.0,0.5,none,True,True
1774,1.0,0.0,0.5,none,True,True
1775,1.0,0.0,0.5,none,True,True
1776,1.0,0.0,0.5,none,True,True
1777,1.0,0.0,0.5,none,True,True
1778,1.0,0.0,0.5,none,True,True
1779,1.0,0.0,0.5,none,True,True
1780,1.0,0.0,0.5,none,True,True
1781,1.0,0.0,0.5,none,True,True
1782,1.0,0.0,0.5,none,True,True
1783,1.0,0.0,0.5,none,True,True
1784,1.0,0.0,0.5,none,True,True
1785,1.0,0.0,0.5,none,True,True
1786,1.0,0.0,0.5,none,True,True
1787,1.0,0.0,0.5,none,True,True
1788,1.0,0.0,0.5,none,True,True
1789,1.0,0.0,0.5,none,True,True
1790,1.0,0.0,0.5,none,True,True
1791,1.0,0.0,0.5,none,True,True
1792,1.0,0.0,0.5,none,True,True
1793,1.0,0.0,0.5,none,True,True
1794,1.0,0.0,0.5,none,True,True
1795,1.0,0.0,0.5,none,True,True
1796,1.0,0.0,0.5,none,True,True
1797,1.0,0.0,0.5,none,True,True
1798,1.0,0.0,0.5,none,True,True
1799,1.0,0.0,0.5,none,True,True
1800,1.0,0.0,0.5,none,True,True
1801,1.0,0.0,0.5,none,True,True
1802,1.0,0.0,0.5,none,True,True
1803,1.0,0.0,0.5,none,True,True
1804,1.0,0.0,0.5,none,True,True
1805,1.0,0.0,0.5,none,True,True
1806,1.0,0.0,0.5,none,True,True
1807,1.0,0.0,0.5,none,True,True
1808,1.0,0.0,0.5,none,True,True
1809,1.0,0.0,0.5,none,True,True
1810,1.0,0.0,0.5,none,True,True
1811,1.0,0.0,0.5,none,True,True
1812,1.0,0.0,0.5,none,True,True
1813,1.0,0.0,0.5,none,True,True
1814,1.0,0.0,0.5,none,True,True
1815,1.0,0.0,0.5,none,True,True
1816,1.0,0.0,0.5,none,True,True
1817,1.0,0.0,0.5,none,True,True
1818,1.0,0.0,0.5,none,True,True
1819,1.0,0.0,0.5,none,True,True
1820,1.0,0.0,0.5,none,True,True
1821,1.0,0.0,0.5,none,True,True
1822,1.0,0.0,0.5,none,True,True
1823,1.0,0.0,0.5,none,True,True
1824,1.0,0.0,0.5,none,True,True
1825,1.0,0.0,0.5,none,True,True
1826,1.0,0.0,0.5,none,True,True
1827,1.0,0.0,0.5,none,True,True
1828,1.0,0.0,0.5,none,True,True
1829,1.0,0.0,0.5,none,True,True
1830,1.0,0.0,0.5,none,True,True
1831,1.0,0.0,0.5,none,True,True
1832,1.0,0.0,0.5,none,True,True
1833,1.0,0.0,0.5,none,True,True
1834,1.0,0.0,0.5,none,True,True
1835,1.0,0.0,0.5,none,True,True
1836,1.0,0.0,0.5,none,True,True
1837,1.0,0.0,0.5,none,True,True
1838,1.0,0.0,0.5,none,True,True
1839,1.0,0.0,0.5,none,True,True
1840,1.0,0.0,0.5,none,True,True
1841,1.0,0.0,0.5,none,True,True
1842,1.0,0.0,0.5,none,True,True
1843,1.0,0.0,0.5,none,True,True
1844,1.0,0.0,0.5,none,True,True
1845,1.0,0.0,0.5,none,True,True
1846,1.0,0.0,0.5,none,True,True
1847,1.0,0.0,0.5,none,True,True
1848,1.0,0.0,0.5,none,True,True
1849,1.0,0.0,0.5,none,True,True
1850,1.0,0.0,0.5,none,True,True
1851,1.0,0.0,0.5,none,True,True
1852,1.0,0.0,0.5,none,True,True
1853,1.0,0.0,0.5,none,True,True
1854,1.0,0.0,0.5,none,True,True
1855,1.0,0.0,0.5,none,True,True
1856,1.0,0.0,0.5,none,True,True
1857,1.0,0.0,0.5,none,True,True
1858,1.0,0.0,0.5,none,True,True
1859,1.0,0.0,0.5,none,True,True
1860,1.0,0.0,0.5,none,True,True
1861,1.0,0.0,0.5,none,True,True
1862,1.0,0.0,0.5,none,True,True
1863,1.0,0.0,0.5,none,True,True
1864,1.0,0.0,0.5,none,True,True
1865,1.0,0.0,0.5,none,True,True
1866,1.0,0.0,0.5,none,True,True
1867,1.0,0.0,0.5,none,True,True
1868,1.0,0.0,0.5,none,True,True
1869,1.0,0.0,0.5,none,True,True
1870,1.0,0.0,0.5,none,True,True
1871,1.0,0.0,0.5,none,True,True
1872,1.0,0.0,0.5,none,True,True
1873,1.0,0.0,0.5,none,True,True
1874,1.0,0.0,0.5,none,True,True
1875,1.0,0.0,0.5,none,True,True
1876,1.0,0.0,0.5,none,True,True
1877,1.0,0.0,0.5,none,True,True
1878,1.0,0.0,0.5,none,True,True
1879,1.0,0.0,0.5,none,True,True
1880,1.0,0.0,0.5,none,True,True
1881,1.0,0.0,0.5,none,True,True
1882,1.0,0.0,0.5,none,True,True
1883,1.0,0.0,0.5,none,True,True
1884,1.0,0.0,0.5,none,True,True
1885,1.0,0.0,0.5,none,True,True
1886,1.0,0.0,0.5,none,True,True
1887,1.0,0.0,0.5,none,True,True
1888,1.0,0.0,0.5,none,True,True
1889,1.0,0.0,0.5,none,True,True
1890,1.0,0.0,0.5,none,True,True
1891,1.0,0.0,0.5,none,True,True
1892,1.0,0.0,0.5,none,True,True
1893,1.0,0.0,0.5,none,True,True
1894,1.0,0.0,0.5,none,True,True
1895,1.0,0.0,0.5,none,True,True
1896,1.0,0.0,0.5,none,True,True
1897,1.0,0.0,0.5,none,True,True
1898,1.0,0.0,0.5,none,True,True
1899,1.0,0.0,0.5,none,True,True
1900,1.0,0.0,0.5,none,True,True
1901,1.0,0.0,0.5,none,True,True
1902,1.0,0.0,0.5,none,True,True
1903,1.0,0.0,0.5,none,True,True
1904,1.0,0.0,0.5,none,True,True
1905,1.0,0.0,0.5,none,True,True
1906,1.0,0.0,0.5,none,True,True
1907,1.0,0.0,0.5,none,True,True
1908,1.0,0.0,0.5,none,True,True
1909,1.0,0.0,0.5,none,True,True
1910,1.0,0.0,0.5,none,True,True
1911,1.0,0.0,0.5,none,True,True
1912,1.0,0.0,0.5,none,True,True
1913,1.0,0.0,0.5,none,True,True
1914,1.0,0.0,0.5,none,True,True
1915,1.0,0.0,0.5,none,True,True
1916,1.0,0.0,0.5,none,True,True
1917,1.0,0.0,0.5,none,True,True
1918,1.0,0.0,0.5,none,True,True
1919,1.0,0.0,0.5,none,True,True
1920,1.0,0.0,0.5,none,True,True
1921,1.0,0.0,0.5,none,True,True
1922,1.0,0.0,0.5,none,True,True
1923,1.0,0.0,0.5,none,True,True
1924,1.0,0.0,0.5,none,True,True
1925,1.0,0.0,0.5,none,True,True
1926,1.0,0.0,0.5,none,True,True
1927,1.0,0.0,0.5,none,True,True
1928,1.0,0.0,0.5,none,True,True
1929,1.0,0.0,0.5,none,True,True
1930,1.0,0.0,0.5,none,True,True
1931,1.0,0.0,0.5,none,True,True
1932,1.0,0.0,0.5,none,True,True
1933,1.0,0.0,0.5,none,True,True
1934,1.0,0.0,0.5,none,True,True
1935,1.0,0.0,0.5,none,True,True
1936,1.0,0.0,0.5,none,True,True
1937,1.0,0.0,0.5,none,True,True
1938,1.0,0.0,0.5,none,True,True
1939,1.0,0.0,0.5,none,True,True
1940,1.0,0.0,0.5,none,True,True
1941,1.0,0.0,0.5,none,True,True
1942,1.0,0.0,0.5,none,True,True
1943,1.0,0.0,0.5,none,True,True
1944,1.0,0.0,0.5,none,True,True
1945,1.0,0.0,0.5,none,True,True
1946,1.0,0.0,0.5,none,True,True
1947,1.0,0.0,0.5,none,True,True
1948,1.0,0.0,0.5,none,True,True
1949,1.0,0.0,0.5,none,True,True
1950,1.0,0.0,0.5,none,True,True
1951,1.0,0.0,0.5,none,True,True
1952,1.0,0.0,0.5,none,True,True
1953,1.0,0.0,0.5,none,True,True
1954,1.0,0.0,0.5,none,True,True
1955,1.0,0.0,0.5,none,True,True
1956,1.0,0.0,0.5,none,True,True
1957,1.0,0.0,0.5,none,True,True
1958,1.0,0.0,0.5,none,True,True
1959,1.0,0.0,0.5,none,True,True
1960,1.0,0.0,0.5,none,True,True
1961,1.0,0.0,0.5,none,True,True
1962,1.0,0.0,0.5,none,True,True
1963,1.0,0.0,0.5,none,True,True
1964,1.0,0.0,0.5,none,True,True
1965,1.0,0.0,0.5,none,True,True
1966,1.0,0.0,0.5,none,True,True
1967,1.0,0.0,0.5,none,True,True
1968,1.0,0.0,0.5,none,True,True
1969,1.0,0.0,0.5,none,True,True
1970,1.0,0.0,0.5,none,True,True
1971,1.0,0.0,0.5,none,True,True
1972,1.0,0.0,0.5,none,True,True
1973,1.0,0.0,0.5,none,True,True
1974,1.0,0.0,0.5,none,True,True
1975,1.0,0.0,0.5,none,True,True
1976,1.0,0.0,0.5,none,True,True
1977,1.0,0.0,0.5,none,True,True
1978,1.0,0.0,0.5,none,True,True
1979,1.0,0.0,0.5,none,True,True
1980,1.0,0.0,0.5,none,True,True
1981,1.0,0.0,0.5,none,True,True
1982,1.0,0.0,0.5,none,True,True
1983,1.0,0.0,0.5,none,True,True
1984,1.0,0.0,0.5,none,True,True
1985,1.0,0.0,0.5,none,True,True
1986,1.0,0.0,0.5,none,True,True
1987,1.0,0.0,0.5,none,True,True
1988,1.0,0.0,0.5,none,True,True
1989,1.0,0.0,0.5,none,True,True
1990,1.0,0.0,0.5,none,True,True
1991,1.0,0.0,0.5,none,True,True
1992,1.0,0.0,0.5,none,True,True
1993,1.0,0.0,0.5,none,True,True
1994,1.0,0.0,0.5,none,True,True
1995,1.0,0.0,0.5,none,True,True
1996,1.0,0.0,0.5,none,True,True
1997,1.0,0.0,0.5,none,True,True
1998,1.0,0.0,0.5,none,True,True
1999,1.0,0.0,0.5,none,True,True
2000,1.0,0.0,0.5,none,True,True
2001,1.0,0.0,0.5,none,True,True
2002,1.0,0.0,0.5,none,True,True
2003,1.0,0.0,0.5,none,True,True
2004,1.0,0.0,0.5,none,True,True
2005,1.0,0.0,0.5,none,True,True
2006,1.0,0.0,0.5,none,True,True
2007,1.0,0.0,0.5,none,True,True
2008,1.0,0.0,0.5,none,True,True
2009,1.0,0.0,0.5,none,True,True
2010,1.0,0.0,0.5,none,True,True
2011,1.0,0.0,0.5,none,True,True
2012,1.0,0.0,0.5,none,True,True
2013,1.0,0.0,0.5,none,True,True
2014,1.0,0.0,0.5,none,True,True
2015,1.0,0.0,0.5,none,True,True
2016,1.0,0.0,0.5,none,True,True
2017,1.0,0.0,0.5,none,True,True
2018,1.0,0.0,0.5,none,True,True
2019,1.0,0.0,0.5,none,True,True
2020,1.0,0.0,0.5,none,True,True
2021,1.0,0.0,0.5,none,True,True
2022,1.0,0.0,0.5,none,True,True
2023,1.0,0.0,0.5,none,True,True
2024,1.0,0.0,0.5,none,True,True
2025,1.0,0.0,0.5,none,True,True
2026,1.0,0.0,0.5,none,True,True
2027,1.0,0.0,0.5,none,True,True
2028,1.0,0.0,0.5,none,True,True
2029,1.0,0.0,0.5,none,True,True
2030,1.0,0.0,0.5,none,True,True
2031,1.0,0.0,0.5,none,True,True
2032,1.0,0.0,0.5,none,True,True
2033,1.0,0.0,0.5,none,True,True
2034,1.0,0.0,0.5,none,True,True
2035,1.0,0.0,0.5,none,True,True
2036,1.0,0.0,0.5,none,True,True
2037,1.0,0.0,0.5,none,True,True
2038,1.0,0.0,0.5,none,True,True
2039,1.0,0.0,0.5,none,True,True
2040,1.0,0.0,0.5,none,True,True
2041,1.0,0.0,0.5,none,True,True
2042,1.0,0.0,0.5,none,True,True
2043,1.0,0.0,0.5,none,True,True
2044,1.0,0.0,0.5,none,True,True
2045,1.0,0.0,0.5,none,True,True
2046,1.0,0.0,0.5,none,True,True
2047,1.0,0.0,0.5,none,True,True
2048,1.0,0.0,0.5,none,True,True
2049,1.0,0.0,0.5,none,True,True
2050,1.0,0.0,0.5,none,True,True
2051,1.0,0.0,0.5,none,True,True
2052,1.0,0.0,0.5,none,True,True
2053,1.0,0.0,0.5,none,True,True
2054,1.0,0.0,0.5,none,True,True
2055,1.0,0.0,0.5,none,True,True
2056,1.0,0.0,0.5,none,True,True
2057,1.0,0.0,0.5,none,True,True
2058,1.0,0.0,0.5,none,True,True
2059,1.0,0.0,0.5,none,True,True
2060,1.0,0.0,0.5,none,True,True
2061,1.0,0.0,0.5,none,True,True
2062,1.0,0.0,0.5,none,True,True
2063,1.0,0.0,0.5,none,True,True
2064,1.0,0.0,0.5,none,True,True
2065,1.0,0.0,0.5,none,True,True
2066,1.0,0.0,0.5,none,True,True
2067,1.0,0.0,0.5,none,True,True
2068,1.0,0.0,0.5,none,True,True
2069,1.0,0.0,0.5,none,True,True
2070,1.0,0.0,0.5,none,True,True
2071,1.0,0.0,0.5,none,True,True
2072,1.0,0.0,0.5,none,True,True
2073,1.0,0.0,0.5,none,True,True
2074,1.0,0.0,0.5,none,True,True
2075,1.0,0.0,0.5,none,True,True
2076,1.0,0.0,0.5,none,True,True
2077,1.0,0.0,0.5,none,True,True
2078,1.0,0.0,0.5,none,True,True
2079,1.0,0.0,0.5,none,True,True
2080,1.0,0.0,0.5,none,True,True
2081,1.0,0.0,0.5,none,True,True
2082,1.0,0.0,0.5,none,True,True
2083,1.0,0.0,0.5,none,True,True
2084,1.0,0.0,0.5,none,True,True
2085,1.0,0.0,0.5,none,True,True
2086,1.0,0.0,0.5,none,True,True
2087,1.0,0.0,0.5,none,True,True
2088,1.0,0.0,0.5,none,True,True
2089,1.0,0.0,0.5,none,True,True
2090,1.0,0.0,0.5,none,True,True
2091,1.0,0.0,0.5,none,True,True
2092,1.0,0.0,0.5,none,True,True
2093,1.0,0.0,0.5,none,True,True
2094,1.0,0.0,0.5,none,True,True
2095,1.0,0.0,0.5,none,True,True
2096,1.0,0.0,0.5,none,True,True
2097,1.0,0.0,0.5,none,True,True
2098,1.0,0.0,0.5,none,True,True
2099,1.0,0.0,0.5,none,True,True
2100,1.0,0.0061,0.5,none,True,True
2101,1.0,0.0357,0.5,none,True,True
2102,1.0,0.0812,0.5,none,True,True
2103,1.0,0.1113,0.5,none,True,True
2104,1.0,0.1253,0.5,none,True,True
2105,1.0,0.1408,0.5,none,True,True
2106,1.0,0.0907,0.5,none,True,True
2107,1.0,0.1198,0.5,none,True,True
2108,1.0,0.0467,0.5,none,True,True
2109,1.0,0.0522,0.5,none,True,True
2110,1.0,0.0405,0.5,none,True,True
2111,1.0,0.0313,0.5,none,True,True
2112,1.0,0.0083,0.5,none,True,True
2113,1.0,0.0726,0.5,none,True,True
2114,1.0,0.0793,0.5,none,True,True
2115,1.0,0.0581,0.5,none,True,True
2116,1.0,0.0955,0.5,none,True,True
2117,1.0,0.0839,0.5,none,True,True
2118,1.0,0.0648,0.5,none,True,True
2119,1.0,0.0718,0.5,none,True,True
2120,1.0,0.0589,0.5,none,True,True
2121,1.0,0.0403,0.5,none,True,True
2122,1.0,0.0327,0.5,none,True,True
2123,1.0,0.0277,0.5,none,True,True
2124,1.0,0.017,0.5,none,True,True
2125,1.0,0.0102,0.5,none,True,True
2126,1.0,0.0099,0.5,none,True,True
2127,1.0,0.008,0.5,none,True,True
2128,1.0,0.005,0.5,none,True,True
2129,1.0,0.0063,0.5,none,True,True
2130,1.0,0.009,0.5,none,True,True
2131,1.0,0.0096,0.5,none,True,True
2132,1.0,0.0108,0.5,none,True,True
2133,1.0,0.014,0.5,none,True,True
2134,1.0,0.0161,0.5,none,True,True
2135,1.0,0.0167,0.5,none,True,True
2136,1.0,0.0182,0.5,none,True,True
2137,1.0,0.0196,0.5,none,True,True
2138,1.0,0.0197,0.5,none,True,True
2139,1.0,0.0193,0.5,none,True,True
2140,1.0,0.0193,0.5,none,True,True
2141,1.0,0.0187,0.5,none,True,True
2142,1.0,0.0174,0.5,none,True,True
2143,1.0,0.0163,0.5,none,True,True
2144,1.0,0.0152,0.5,none,True,True
2145,1.0,0.0138,0.5,none,True,True
2146,1.0,0.0123,0.5,none,True,True
2147,1.0,0.0111,0.5,none,True,True
2148,1.0,0.01,0.5,none,True,True
2149,1.0,0.0088,0.5,none,True,True
2150,1.0,0.0078,0.5,none,True,True
2151,1.0,0.0071,0.5,none,True,True
2152,1.0,0.0064,0.5,none,True,True
2153,1.0,0.0057,0.5,none,True,True
2154,1.0,0.0053,0.5,none,True,True
2155,1.0,0.005,0.5,none,True,True
2156,1.0,0.0047,0.5,none,True,True
2157,1.0,0.0045,0.5,none,True,True
2158,1.0,0.0044,0.5,none,True,True
2159,1.0,0.0043,0.5,none,True,True
2160,1.0,0.0042,0.5,none,True,True
2161,1.0,0.0041,0.5,none,True,True
2162,1.0,0.004,0.5,none,True,True
2163,1.0,0.0039,0.5,none,True,True
2164,1.0,0.0038,0.5,none,True,True
2165,1.0,0.0037,0.5,none,True,True
2166,1.0,0.0035,0.5,none,True,True
2167,1.0,0.0033,0.5,none,True,True
2168,1.0,0.0032,0.5,none,True,True
2169,1.0,0.003,0.5,none,True,True
2170,1.0,0.0028,0.5,none,True,True
2171,1.0,0.0026,0.5,none,True,True
2172,1.0,0.0024,0.5,none,True,True
2173,1.0,0.0023,0.5,none,True,True
2174,1.0,0.0021,0.5,none,True,True
2175,1.0,0.0019,0.5,none,True,True
2176,1.0,0.0018,0.5,none,True,True
2177,1.0,0.0017,0.5,none,True,True
2178,1.0,0.0015,0.5,none,True,True
2179,1.0,0.0014,0.5,none,True,True
2180,1.0,0.0013,0.5,none,True,True
2181,1.0,0.0013,0.5,none,True,True
2182,1.0,0.0012,0.5,none,True,True
2183,1.0,0.0011,0.5,none,True,True
2184,1.0,0.0011,0.5,none,True,True
2185,1.0,0.001,0.5,none,True,True
2186,1.0,0.001,0.5,none,True,True
2187,1.0,0.0009,0.5,none,True,True
2188,1.0,0.0009,0.5,none,True,True
2189,1.0,0.0008,0.5,none,True,True
2190,1.0,0.0008,0.5,none,True,True
2191,1.0,0.0008,0.5,none,True,True
2192,1.0,0.0007,0.5,none,True,True
2193,1.0,0.0007,0.5,none,True,True
2194,1.0,0.0006,0.5,none,True,True
2195,1.0,0.0006,0.5,none,True,True
2196,1.0,0.0006,0.5,none,True,True
2197,1.0,0.0005,0.5,none,True,True
2198,1.0,0.0005,0.5,none,True,True
2199,1.0,0.0005,0.5,none,True,True
2200,1.0,0.0004,0.5,none,True,True
2201,1.0,0.0004,0.5,none,True,True
2202,1.0,0.0004,0.5,none,True,True
2203,1.0,0.0004,0.5,none,True,True
2204,1.0,0.0003,0.5,none,True,True
2205,1.0,0.0003,0.5,none,True,True
2206,1.0,0.0003,0.5,none,True,True
2207,1.0,0.0003,0.5,none,True,True
2208,1.0,0.0003,0.5,none,True,True
2209,1.0,0.0003,0.5,none,True,True
2210,1.0,0.0002,0.5,none,True,True
2211,1.0,0.0002,0.5,none,True,True
2212,1.0,0.0002,0.5,none,True,True
2213,1.0,0.0002,0.5,none,True,True
2214,1.0,0.0002,0.5,none,True,True
2215,1.0,0.0002,0.5,none,True,True
2216,1.0,0.0002,0.5,none,True,True
2217,1.0,0.0002,0.5,none,True,True
2218,1.0,0.0002,0.5,none,True,True
2219,1.0,0.0001,0.5,none,True,True
2220,1.0,0.0001,0.5,none,True,True
2221,1.0,0.0001,0.5,none,True,True
2222,1.0,0.0001,0.5,none,True,True
2223,1.0,0.0001,0.5,none,True,True
2224,1.0,0.0001,0.5,none,True,True
2225,1.0,0.0001,0.5,none,True,True
2226,1.0,0.0001,0.5,none,True,True
2227,1.0,0.0001,0.5,none,True,True
2228,1.0,0.0001,0.5,none,True,True
2229,1.0,0.0001,0.5,none,True,True
2230,1.0,0.0001,0.5,none,True,True
2231,1.0,0.0001,0.5,none,True,True
2232,1.0,0.0001,0.5,none,True,True
2233,1.0,0.0001,0.5,none,True,True
2234,1.0,0.0001,0.5,none,True,True
2235,1.0,0.0001,0.5,none,True,True
2236,1.0,0.0001,0.5,none,True,True
2237,1.0,0.0,0.5,none,True,True
2238,1.0,0.0,0.5,none,True,True
2239,1.0,0.0,0.5,none,True,True
2240,1.0,0.0,0.5,none,True,True
2241,1.0,0.0,0.5,none,True,True
2242,1.0,0.0,0.5,none,True,True
2243,1.0,0.0,0.5,none,True,True
2244,1.0,0.0,0.5,none,True,True
2245,1.0,0.0,0.5,none,True,True
2246,1.0,0.0,0.5,none,True,True
2247,1.0,0.0,0.5,none,True,True
2248,1.0,0.0,0.5,none,True,True
2249,1.0,0.0,0.5,none,True,True
2250,1.0,0.0,0.5,none,True,True
2251,1.0,0.0,0.5,none,True,True
2252,1.0,0.0,0.5,none,True,True
2253,1.0,0.0,0.5,none,True,True
2254,1.0,0.0,0.5,none,True,True
2255,1.0,0.0,0.5,none,True,True
2256,1.0,0.0,0.5,none,True,True
2257,1.0,0.0,0.5,none,True,True
2258,1.0,0.0,0.5,none,True,True
2259,1.0,0.0,0.5,none,True,True
2260,1.0,0.0,0.5,none,True,True
2261,1.0,0.0,0.5,none,True,True
2262,1.0,0.0,0.5,none,True,True
2263,1.0,0.0,0.5,none,True,True
2264,1.0,0.0,0.5,none,True,True
2265,1.0,0.0,0.5,none,True,True
2266,1.0,0.0,0.5,none,True,True
2267,1.0,0.0,0.5,none,True,True
2268,1.0,0.0,0.5,none,True,True
2269,1.0,0.0,0.5,none,True,True
2270,1.0,0.0,0.5,none,True,True
2271,1.0,0.0,0.5,none,True,True
2272,1.0,0.0,0.5,none,True,True
2273,1.0,0.0,0.5,none,True,True
2274,1.0,0.0,0.5,none,True,True
2275,1.0,0.0,0.5,none,True,True
2276,1.0,0.0,0.5,none,True,True
2277,1.0,0.0,0.5,none,True,True
2278,1.0,0.0,0.5,none,True,True
2279,1.0,0.0,0.5,none,True,True
2280,1.0,0.0,0.5,none,True,True
2281,1.0,0.0,0.5,none,True,True
2282,1.0,0.0,0.5,none,True,True
2283,1.0,0.0,0.5,none,True,True
2284,1.0,0.0,0.5,none,True,True
2285,1.0,0.0,0.5,none,True,True
2286,1.0,0.0,0.5,none,True,True
2287,1.0,0.0,0.5,none,True,True
2288,1.0,0.0,0.5,none,True,True
2289,1.0,0.0,0.5,none,True,True
2290,1.0,0.0,0.5,none,True,True
2291,1.0,0.0,0.5,none,True,True
2292,1.0,0.0,0.5,none,True,True
2293,1.0,0.0,0.5,none,True,True
2294,1.0,0.0,0.5,none,True,True
2295,1.0,0.0,0.5,none,True,True
2296,1.0,0.0,0.5,none,True,True
2297,1.0,0.0,0.5,none,True,True
2298,1.0,0.0,0.5,none,True,True
2299,1.0,0.0,0.5,none,True,True
2300,1.0,0.0,0.5,none,True,True
2301,1.0,0.0,0.5,none,True,True
2302,1.0,0.0,0.5,none,True,True
2303,1.0,0.0,0.5,none,True,True
2304,1.0,0.0,0.5,none,True,True
2305,1.0,0.0,0.5,none,True,True
2306,1.0,0.0,0.5,none,True,True
2307,1.0,0.0,0.5,none,True,True
2308,1.0,0.0,0.5,none,True,True
2309,1.0,0.0,0.5,none,True,True
2310,1.0,0.0,0.5,none,True,True
2311,1.0,0.0,0.5,none,True,True
2312,1.0,0.0,0.5,none,True,True
2313,1.0,0.0,0.5,none,True,True
2314,1.0,0.0,0.5,none,True,True
2315,1.0,0.0,0.5,none,True,True
2316,1.0,0.0,0.5,none,True,True
2317,1.0,0.0,0.5,none,True,True
2318,1.0,0.0,0.5,none,True,True
2319,1.0,0.0,0.5,none,True,True
2320,1.0,0.0,0.5,none,True,True
2321,1.0,0.0,0.5,none,True,True
2322,1.0,0.0,0.5,none,True,True
2323,1.0,0.0,0.5,none,True,True
2324,1.0,0.0,0.5,none,True,True
2325,1.0,0.0,0.5,none,True,True
2326,1.0,0.0,0.5,none,True,True
2327,1.0,0.0,0.5,none,True,True
2328,1.0,0.0,0.5,none,True,True
2329,1.0,0.0,0.5,none,True,True
2330,1.0,0.0,0.5,none,True,True
2331,1.0,0.0,0.5,none,True,True
2332,1.0,0.0,0.5,none,True,True
2333,1.0,0.0,0.5,none,True,True
2334,1.0,0.0,0.5,none,True,True
2335,1.0,0.0,0.5,none,True,True
2336,1.0,0.0,0.5,none,True,True
2337,1.0,0.0,0.5,none,True,True
2338,1.0,0.0,0.5,none,True,True
2339,1.0,0.0,0.5,none,True,True
2340,1.0,0.0,0.5,none,True,True
2341,1.0,0.0,0.5,none,True,True
2342,1.0,0.0,0.5,none,True,True
2343,1.0,0.0,0.5,none,True,True
2344,1.0,0.0,0.5,none,True,True
2345,1.0,0.0,0.5,none,True,True
2346,1.0,0.0,0.5,none,True,True
2347,1.0,0.0,0.5,none,True,True
2348,1.0,0.0,0.5,none,True,True
2349,1.0,0.0,0.5,none,True,True
2350,1.0,0.0,0.5,none,True,True
2351,1.0,0.0,0.5,none,True,True
2352,1.0,0.0,0.5,none,True,True
2353,1.0,0.0,0.5,none,True,True
2354,1.0,0.0,0.5,none,True,True
2355,1.0,0.0,0.5,none,True,True
2356,1.0,0.0,0.5,none,True,True
2357,1.0,0.0,0.5,none,True,True
2358,1.0,0.0,0.5,none,True,True
2359,1.0,0.0,0.5,none,True,True
2360,1.0,0.0,0.5,none,True,True
2361,1.0,0.0,0.5,none,True,True
2362,1.0,0.0,0.5,none,True,True
2363,1.0,0.0,0.5,none,True,True
2364,1.0,0.0,0.5,none,True,True
2365,1.0,0.0,0.5,none,True,True
2366,1.0,0.0,0.5,none,True,True
2367,1.0,0.0,0.5,none,True,True
2368,1.0,0.0,0.5,none,True,True
2369,1.0,0.0,0.5,none,True,True
2370,1.0,0.0,0.5,none,True,True
2371,1.0,0.0,0.5,none,True,True
2372,1.0,0.0,0.5,none,True,True
2373,1.0,0.0,0.5,none,True,True
2374,1.0,0.0,0.5,none,True,True
2375,1.0,0.0,0.5,none,True,True
2376,1.0,0.0,0.5,none,True,True
2377,1.0,0.0,0.5,none,True,True
2378,1.0,0.0,0.5,none,True,True
2379,1.0,0.0,0.5,none,True,True
2380,1.0,0.0,0.5,none,True,True
2381,1.0,0.0,0.5,none,True,True
2382,1.0,0.0,0.5,none,True,True
2383,1.0,0.0,0.5,none,True,True
2384,1.0,0.0,0.5,none,True,True
2385,1.0,0.0,0.5,none,True,True
2386,1.0,0.0,0.5,none,True,True
2387,1.0,0.0,0.5,none,True,True
2388,1.0,0.0,0.5,none,True,True
2389,1.0,0.0,0.5,none,True,True
2390,1.0,0.0,0.5,none,True,True
2391,1.0,0.0,0.5,none,True,True
2392,1.0,0.0,0.5,none,True,True
2393,1.0,0.0,0.5,none,True,True
2394,1.0,0.0,0.5,none,True,True
2395,1.0,0.0,0.5,none,True,True
2396,1.0,0.0,0.5,none,True,True
2397,1.0,0.0,0.5,none,True,True
2398,1.0,0.0,0.5,none,True,True
2399,1.0,0.0,0.5,none,True,True
2400,1.0,0.0,0.5,none,True,True
2401,1.0,0.0,0.5,none,True,True
2402,1.0,0.0,0.5,none,True,True
2403,1.0,0.0,0.5,none,True,True
2404,1.0,0.0,0.5,none,True,True
2405,1.0,0.0,0.5,none,True,True
2406,1.0,0.0,0.5,none,True,True
2407,1.0,0.0,0.5,none,True,True
2408,1.0,0.0,0.5,none,True,True
2409,1.0,0.0,0.5,none,True,True
2410,1.0,0.0,0.5,none,True,True
2411,1.0,0.0,0.5,none,True,True
2412,1.0,0.0,0.5,none,True,True
2413,1.0,0.0,0.5,none,True,True
2414,1.0,0.0,0.5,none,True,True
2415,1.0,0.0,0.5,none,True,True
2416,1.0,0.0,0.5,none,True,True
2417,1.0,0.0,0.5,none,True,True
2418,1.0,0.0,0.5,none,True,True
2419,1.0,0.0,0.5,none,True,True
2420,1.0,0.0,0.5,none,True,True
2421,1.0,0.0,0.5,none,True,True
2422,1.0,0.0,0.5,none,True,True
2423,1.0,0.0,0.5,none,True,True
2424,1.0,0.0,0.5,none,True,True
2425,1.0,0.0,0.5,none,True,True
2426,1.0,0.0,0.5,none,True,True
2427,1.0,0.0,0.5,none,True,True
2428,1.0,0.0,0.5,none,True,True
2429,1.0,0.0,0.5,none,True,True
2430,1.0,0.0,0.5,none,True,True
2431,1.0,0.0,0.5,none,True,True
2432,1.0,0.0,0.5,none,True,True
2433,1.0,0.0,0.5,none,True,True
2434,1.0,0.0,0.5,none,True,True
2435,1.0,0.0,0.5,none,True,True
2436,1.0,0.0,0.5,none,True,True
2437,1.0,0.0,0.5,none,True,True
2438,1.0,0.0,0.5,none,True,True
2439,1.0,0.0,0.5,none,True,True
2440,1.0,0.0,0.5,none,True,True
2441,1.0,0.0,0.5,none,True,True
2442,1.0,0.0,0.5,none,True,True
2443,1.0,0.0,0.5,none,True,True
2444,1.0,0.0,0.5,none,True,True
2445,1.0,0.0,0.5,none,True,True
2446,1.0,0.0,0.5,none,True,True
2447,1.0,0.0,0.5,none,True,True
2448,1.0,0.0,0.5,none,True,True
2449,1.0,0.0,0.5,none,True,True
2450,1.0,0.0,0.5,none,True,True
2451,1.0,0.0,0.5,none,True,True
2452,1.0,0.0,0.5,none,True,True
2453,1.0,0.0,0.5,none,True,True
2454,1.0,0.0,0.5,none,True,True
2455,1.0,0.0,0.5,none,True,True
2456,1.0,0.0,0.5,none,True,True
2457,1.0,0.0,0.5,none,True,True
2458,1.0,0.0,0.5,none,True,True
2459,1.0,0.0,0.5,none,True,True
2460,1.0,0.0,0.5,none,True,True
2461,1.0,0.0,0.5,none,True,True
2462,1.0,0.0,0.5,none,True,True
2463,1.0,0.0,0.5,none,True,True
2464,1.0,0.0,0.5,none,True,True
2465,1.0,0.0,0.5,none,True,True
2466,1.0,0.0,0.5,none,True,True
2467,1.0,0.0,0.5,none,True,True
2468,1.0,0.0,0.5,none,True,True
2469,1.0,0.0,0.5,none,True,True
2470,1.0,0.0,0.5,none,True,True
2471,1.0,0.0,0.5,none,True,True
2472,1.0,0.0,0.5,none,True,True
2473,1.0,0.0,0.5,none,True,True
2474,1.0,0.0,0.5,none,True,True
2475,1.0,0.0,0.5,none,True,True
2476,1.0,0.0,0.5,none,True,True
2477,1.0,0.0,0.5,none,True,True
2478,1.0,0.0,0.5,none,True,True
2479,1.0,0.0,0.5,none,True,True
2480,1.0,0.0,0.5,none,True,True
2481,1.0,0.0,0.5,none,True,True
2482,1.0,0.0,0.5,none,True,True
2483,1.0,0.0,0.5,none,True,True
2484,1.0,0.0,0.5,none,True,True
2485,1.0,0.0,0.5,none,True,True
2486,1.0,0.0,0.5,none,True,True
2487,1.0,0.0,0.5,none,True,True
2488,1.0,0.0,0.5,none,True,True
2489,1.0,0.0,0.5,none,True,True
2490,1.0,0.0,0.5,none,True,True
2491,1.0,0.0,0.5,none,True,True
2492,1.0,0.0,0.5,none,True,True
2493,1.0,0.0,0.5,none,True,True
2494,1.0,0.0,0.5,none,True,True
2495,1.0,0.0,0.5,none,True,True
2496,1.0,0.0,0.5,none,True,True
2497,1.0,0.0,0.5,none,True,True
2498,1.0,0.0,0.5,none,True,True
2499,1.0,0.0,0.5,none,True,True
2500,1.0,0.0,0.5,none,True,True
2501,1.0,0.0,0.5,none,True,True
2502,1.0,0.0,0.5,none,True,True
2503,1.0,0.0,0.5,none,True,True
2504,1.0,0.0,0.5,none,True,True
2505,1.0,0.0,0.5,none,True,True
2506,1.0,0.0,0.5,none,True,True
2507,1.0,0.0,0.5,none,True,True
2508,1.0,0.0,0.5,none,True,True
2509,1.0,0.0,0.5,none,True,True
2510,1.0,0.0,0.5,none,True,True
2511,1.0,0.0,0.5,none,True,True
2512,1.0,0.0,0.5,none,True,True
2513,1.0,0.0,0.5,none,True,True
2514,1.0,0.0,0.5,none,True,True
2515,1.0,0.0,0.5,none,True,True
2516,1.0,0.0,0.5,none,True,True
2517,1.0,0.0,0.5,none,True,True
2518,1.0,0.0,0.5,none,True,True
2519,1.0,0.0,0.5,none,True,True
2520,1.0,0.0,0.5,none,True,True
2521,1.0,0.0,0.5,none,True,True
2522,1.0,0.0,0.5,none,True,True
2523,1.0,0.0,0.5,none,True,True
2524,1.0,0.0,0.5,none,True,True
2525,1.0,0.0,0.5,none,True,True
2526,1.0,0.0,0.5,none,True,True
2527,1.0,0.0,0.5,none,True,True
2528,1.0,0.0,0.5,none,True,True
2529,1.0,0.0,0.5,none,True,True
2530,1.0,0.0,0.5,none,True,True
2531,1.0,0.0,0.5,none,True,True
2532,1.0,0.0,0.5,none,True,True
2533,1.0,0.0,0.5,none,True,True
2534,1.0,0.0,0.5,none,True,True
2535,1.0,0.0,0.5,none,True,True
2536,1.0,0.0,0.5,none,True,True
2537,1.0,0.0,0.5,none,True,True
2538,1.0,0.0,0.5,none,True,True
2539,1.0,0.0,0.5,none,True,True
2540,1.0,0.0,0.5,none,True,True
2541,1.0,0.0,0.5,none,True,True
2542,1.0,0.0,0.5,none,True,True
2543,1.0,0.0,0.5,none,True,True
2544,1.0,0.0,0.5,none,True,True
2545,1.0,0.0,0.5,none,True,True
2546,1.0,0.0,0.5,none,True,True
2547,1.0,0.0,0.5,none,True,True
2548,1.0,0.0,0.5,none,True,True
2549,1.0,0.0,0.5,none,True,True
2550,1.0,0.0,0.5,none,True,True
2551,1.0,0.0,0.5,none,True,True
2552,1.0,0.0,0.5,none,True,True
2553,1.0,0.0,0.5,none,True,True
2554,1.0,0.0,0.5,none,True,True
2555,1.0,0.0,0.5,none,True,True
2556,1.0,0.0,0.5,none,True,True
2557,1.0,0.0,0.5,none,True,True
2558,1.0,0.0,0.5,none,True,True
2559,1.0,0.0,0.5,none,True,True
2560,1.0,0.0,0.5,none,True,True
2561,1.0,0.0,0.5,none,True,True
2562,1.0,0.0,0.5,none,True,True
2563,1.0,0.0,0.5,none,True,True
2564,1.0,0.0,0.5,none,True,True
2565,1.0,0.0,0.5,none,True,True
2566,1.0,0.0,0.5,none,True,True
2567,1.0,0.0,0.5,none,True,True
2568,1.0,0.0,0.5,none,True,True
2569,1.0,0.0,0.5,none,True,True
2570,1.0,0.0,0.5,none,True,True
2571,1.0,0.0,0.5,none,True,True
2572,1.0,0.0,0.5,none,True,True
2573,1.0,0.0,0.5,none,True,True
2574,1.0,0.0,0.5,none,True,True
2575,1.0,0.0,0.5,none,True,True
2576,1.0,0.0,0.5,none,True,True
2577,1.0,0.0,0.5,none,True,True
2578,1.0,0.0,0.5,none,True,True
2579,1.0,0.0,0.5,none,True,True
2580,1.0,0.0,0.5,none,True,True
2581,1.0,0.0,0.5,none,True,True
2582,1.0,0.0,0.5,none,True,True
2583,1.0,0.0,0.5,none,True,True
2584,1.0,0.0,0.5,none,True,True
2585,1.0,0.0,0.5,none,True,True
2586,1.0,0.0,0.5,none,True,True
2587,1.0,0.0,0.5,none,True,True
2588,1.0,0.0,0.5,none,True,True
2589,1.0,0.0,0.5,none,True,True
2590,1.0,0.0,0.5,none,True,True
2591,1.0,0.0,0.5,none,True,True
2592,1.0,0.0,0.5,none,True,True
2593,1.0,0.0,0.5,none,True,True
2594,1.0,0.0,0.5,none,True,True
2595,1.0,0.0,0.5,none,True,True
2596,1.0,0.0,0.5,none,True,True
2597,1.0,0.0,0.5,none,True,True
2598,1.0,0.0,0.5,none,True,True
2599,1.0,0.0,0.5,none,True,True
2600,1.0,0.0,0.5,none,True,True
2601,1.0,0.0,0.5,none,True,True
2602,1.0,0.0,0.5,none,True,True
2603,1.0,0.0,0.5,none,True,True
2604,1.0,0.0,0.5,none,True,True
2605,1.0,0.0,0.5,none,True,True
2606,1.0,0.0,0.5,none,True,True
2607,1.0,0.0,0.5,none,True,True
2608,1.0,0.0,0.5,none,True,True
2609,1.0,0.0,0.5,none,True,True
2610,1.0,0.0,0.5,none,True,True
2611,1.0,0.0,0.5,none,True,True
2612,1.0,0.0,0.5,none,True,True
2613,1.0,0.0,0.5,none,True,True
2614,1.0,0.0,0.5,none,True,True
2615,1.0,0.0,0.5,none,True,True
2616,1.0,0.0,0.5,none,True,True
2617,1.0,0.0,0.5,none,True,True
2618,1.0,0.0,0.5,none,True,True
2619,1.0,0.0,0.5,none,True,True
2620,1.0,0.0,0.5,none,True,True
2621,1.0,0.0,0.5,none,True,True
2622,1.0,0.0,0.5,none,True,True
2623,1.0,0.0,0.5,none,True,True
2624,1.0,0.0,0.5,none,True,True
2625,1.0,0.0,0.5,none,True,True
2626,1.0,0.0,0.5,none,True,True
2627,1.0,0.0,0.5,none,True,True
2628,1.0,0.0,0.5,none,True,True
2629,1.0,0.0,0.5,none,True,True
2630,1.0,0.0,0.5,none,True,True
2631,1.0,0.0,0.5,none,True,True
2632,1.0,0.0,0.5,none,True,True
2633,1.0,0.0,0.5,none,True,True
2634,1.0,0.0,0.5,none,True,True
2635,1.0,0.0,0.5,none,True,True
2636,1.0,0.0,0.5,none,True,True
2637,1.0,0.0,0.5,none,True,True
2638,1.0,0.0,0.5,none,True,True
2639,1.0,0.0,0.5,none,True,True
2640,1.0,0.0,0.5,none,True,True
2641,1.0,0.0,0.5,none,True,True
2642,1.0,0.0,0.5,none,True,True
2643,1.0,0.0,0.5,none,True,True
2644,1.0,0.0,0.5,none,True,True
2645,1.0,0.0,0.5,none,True,True
2646,1.0,0.0,0.5,none,True,True
2647,1.0,0.0,0.5,none,True,True
2648,1.0,0.0,0.5,none,True,True
2649,1.0,0.0,0.5,none,True,True
2650,1.0,0.0,0.5,none,True,True
2651,1.0,0.0,0.5,none,True,True
2652,1.0,0.0,0.5,none,True,True
2653,1.0,0.0,0.5,none,True,True
2654,1.0,0.0,0.5,none,True,True
2655,1.0,0.0,0.5,none,True,True
2656,1.0,0.0,0.5,none,True,True
2657,1.0,0.0,0.5,none,True,True
2658,1.0,0.0,0.5,none,True,True
2659,1.0,0.0,0.5,none,True,True
2660,1.0,0.0,0.5,none,True,True
2661,1.0,0.0,0.5,none,True,True
2662,1.0,0.0,0.5,none,True,True
2663,1.0,0.0,0.5,none,True,True
2664,1.0,0.0,0.5,none,True,True
2665,1.0,0.0,0.5,none,True,True
2666,1.0,0.0,0.5,none,True,True
2667,1.0,0.0,0.5,none,True,True
2668,1.0,0.0,0.5,none,True,True
2669,1.0,0.0,0.5,none,True,True
2670,1.0,0.0,0.5,none,True,True
2671,1.0,0.0,0.5,none,True,True
2672,1.0,0.0,0.5,none,True,True
2673,1.0,0.0,0.5,none,True,True
2674,1.0,0.0,0.5,none,True,True
2675,1.0,0.0,0.5,none,True,True
2676,1.0,0.0,0.5,none,True,True
2677,1.0,0.0,0.5,none,True,True
2678,1.0,0.0,0.5,none,True,True
2679,1.0,0.0,0.5,none,True,True
2680,1.0,0.0,0.5,none,True,True
2681,1.0,0.0,0.5,none,True,True
2682,1.0,0.0,0.5,none,True,True
2683,1.0,0.0,0.5,none,True,True
2684,1.0,0.0,0.5,none,True,True
2685,1.0,0.0,0.5,none,True,True
2686,1.0,0.0,0.5,none,True,True
2687,1.0,0.0,0.5,none,True,True
2688,1.0,0.0,0.5,none,True,True
2689,1.0,0.0,0.5,none,True,True
2690,1.0,0.0,0.5,none,True,True
2691,1.0,0.0,0.5,none,True,True
2692,1.0,0.0,0.5,none,True,True
2693,1.0,0.0,0.5,none,True,True
2694,1.0,0.0,0.5,none,True,True
2695,1.0,0.0,0.5,none,True,True
2696,1.0,0.0,0.5,none,True,True
2697,1.0,0.0,0.5,none,True,True
2698,1.0,0.0,0.5,none,True,True
2699,1.0,0.0,0.5,none,True,True
2700,1.0,0.0,0.5,none,True,True
2701,1.0,0.0,0.5,none,True,True
2702,1.0,0.0,0.5,none,True,True
2703,1.0,0.0,0.5,none,True,True
2704,1.0,0.0,0.5,none,True,True
2705,1.0,0.0,0.5,none,True,True
2706,1.0,0.0,0.5,none,True,True
2707,1.0,0.0,0.5,none,True,True
2708,1.0,0.0,0.5,none,True,True
2709,1.0,0.0,0.5,none,True,True
2710,1.0,0.0,0.5,none,True,True
2711,1.0,0.0,0.5,none,True,True
2712,1.0,0.0,0.5,none,True,True
2713,1.0,0.0,0.5,none,True,True
2714,1.0,0.0,0.5,none,True,True
2715,1.0,0.0,0.5,none,True,True
2716,1.0,0.0,0.5,none,True,True
2717,1.0,0.0,0.5,none,True,True
2718,1.0,0.0,0.5,none,True,True
2719,1.0,0.0,0.5,none,True,True
2720,1.0,0.0,0.5,none,True,True
2721,1.0,0.0,0.5,none,True,True
2722,1.0,0.0,0.5,none,True,True
2723,1.0,0.0,0.5,none,True,True
2724,1.0,0.0,0.5,none,True,True
2725,1.0,0.0,0.5,none,True,True
2726,1.0,0.0,0.5,none,True,True
2727,1.0,0.0,0.5,none,True,True
2728,1.0,0.0,0.5,none,True,True
2729,1.0,0.0,0.5,none,True,True
2730,1.0,0.0,0.5,none,True,True
2731,1.0,0.0,0.5,none,True,True
2732,1.0,0.0,0.5,none,True,True
2733,1.0,0.0,0.5,none,True,True
2734,1.0,0.0,0.5,none,True,True
2735,1.0,0.0,0.5,none,True,True
2736,1.0,0.0,0.5,none,True,True
2737,1.0,0.0,0.5,none,True,True
2738,1.0,0.0,0.5,none,True,True
2739,1.0,0.0,0.5,none,True,True
2740,1.0,0.0,0.5,none,True,True
2741,1.0,0.0,0.5,none,True,True
2742,1.0,0.0,0.5,none,True,True
2743,1.0,0.0,0.5,none,True,True
2744,1.0,0.0,0.5,none,True,True
2745,1.0,0.0,0.5,none,True,True
2746,1.0,0.0,0.5,none,True,True
2747,1.0,0.0,0.5,none,True,True
2748,1.0,0.0,0.5,none,True,True
2749,1.0,0.0,0.5,none,True,True
2750,1.0,0.0,0.5,none,True,True
2751,1.0,0.0,0.5,none,True,True
2752,1.0,0.0,0.5,none,True,True
2753,1.0,0.0,0.5,none,True,True
2754,1.0,0.0,0.5,none,True,True
2755,1.0,0.0,0.5,none,True,True
2756,1.0,0.0,0.5,none,True,True
2757,1.0,0.0,0.5,none,True,True
2758,1.0,0.0,0.5,none,True,True
2759,1.0,0.0,0.5,none,True,True
2760,1.0,0.0,0.5,none,True,True
2761,1.0,0.0,0.5,none,True,True
2762,1.0,0.0,0.5,none,True,True
2763,1.0,0.0,0.5,none,True,True
2764,1.0,0.0,0.5,none,True,True
2765,1.0,0.0,0.5,none,True,True
2766,1.0,0.0,0.5,none,True,True
2767,1.0,0.0,0.5,none,True,True
2768,1.0,0.0,0.5,none,True,True
2769,1.0,0.0,0.5,none,True,True
2770,1.0,0.0,0.5,none,True,True
2771,1.0,0.0,0.5,none,True,True
2772,1.0,0.0,0.5,none,True,True
2773,1.0,0.0,0.5,none,True,True
2774,1.0,0.0,0.5,none,True,True
2775,1.0,0.0,0.5,none,True,True
2776,1.0,0.0,0.5,none,True,True
2777,1.0,0.0,0.5,none,True,True
2778,1.0,0.0,0.5,none,True,True
2779,1.0,0.0,0.5,none,True,True
2780,1.0,0.0,0.5,none,True,True
2781,1.0,0.0,0.5,none,True,True
2782,1.0,0.0,0.5,none,True,True
2783,1.0,0.0,0.5,none,True,True
2784,1.0,0.0,0.5,none,True,True
2785,1.0,0.0,0.5,none,True,True
2786,1.0,0.0,0.5,none,True,True
2787,1.0,0.0,0.5,none,True,True
2788,1.0,0.0,0.5,none,True,True
2789,1.0,0.0,0.5,none,True,True
2790,1.0,0.0,0.5,none,True,True
2791,1.0,0.0,0.5,none,True,True
2792,1.0,0.0,0.5,none,True,True
2793,1.0,0.0,0.5,none,True,True
2794,1.0,0.0,0.5,none,True,True
2795,1.0,0.0,0.5,none,True,True
2796,1.0,0.0,0.5,none,True,True
2797,1.0,0.0,0.5,none,True,True
2798,1.0,0.0,0.5,none,True,True
2799,1.0,0.0,0.5,none,True,True
2800,1.0,0.0061,0.5,none,True,True
2801,1.0,0.0357,0.5,none,True,True
2802,1.0,0.0812,0.5,none,True,True
2803,1.0,0.1113,0.5,none,True,True
2804,1.0,0.1253,0.5,none,True,True
2805,1.0,0.1408,0.5,none,True,True
2806,1.0,0.0907,0.5,none,True,True
2807,1.0,0.1198,0.5,none,True,True
2808,1.0,0.0467,0.5,none,True,True
2809,1.0,0.0522,0.5,none,True,True
2810,1.0,0.0405,0.5,none,True,True
2811,1.0,0.0313,0.5,none,True,True
2812,1.0,0.0083,0.5,none,True,True
2813,1.0,0.0726,0.5,none,True,True
2814,1.0,0.0793,0.5,none,True,True
2815,1.0,0.0581,0.5,none,True,True
2816,1.0,0.0955,0.5,none,True,True
2817,1.0,0.0839,0.5,none,True,True
2818,1.0,0.0648,0.5,none,True,True
2819,1.0,0.0718,0.5,none,True,True
2820,1.0,0.0589,0.5,none,True,True
2821,1.0,0.0403,0.5,none,True,True
2822,1.0,0.0327,0.5,none,True,True
2823,1.0,0.0277,0.5,none,True,True
2824,1.0,0.017,0.5,none,True,True
2825,1.0,0.0102,0.5,none,True,True
2826,1.0,0.0099,0.5,none,True,True
2827,1.0,0.008,0.5,none,True,True
2828,1.0,0.005,0.5,none,True,True
2829,1.0,0.0063,0.5,none,True,True
2830,1.0,0.009,0.5,none,True,True
2831,1.0,0.0096,0.5,none,True,True
2832,1.0,0.0108,0.5,none,True,True
2833,1.0,0.014,0.5,none,True,True
2834,1.0,0.0161,0.5,none,True,True
2835,1.0,0.0167,0.5,none,True,True
2836,1.0,0.0182,0.5,none,True,True
2837,1.0,0.0196,0.5,none,True,True
2838,1.0,0.0197,0.5,none,True,True
2839,1.0,0.0193,0.5,none,True,True
2840,1.0,0.0193,0.5,none,True,True
2841,1.0,0.0187,0.5,none,True,True
2842,1.0,0.0174,0.5,none,True,True
2843,1.0,0.0163,0.5,none,True,True
2844,1.0,0.0152,0.5,none,True,True
2845,1.0,0.0138,0.5,none,True,True
2846,1.0,0.0123,0.5,none,True,True
2847,1.0,0.0111,0.5,none,True,True
2848,1.0,0.01,0.5,none,True,True
2849,1.0,0.0088,0.5,none,True,True
2850,1.0,0.0078,0.5,none,True,True
2851,1.0,0.0071,0.5,none,True,True
2852,1.0,0.0064,0.5,none,True,True
2853,1.0,0.0057,0.5,none,True,True
2854,1.0,0.0053,0.5,none,True,True
2855,1.0,0.005,0.5,none,True,True
2856,1.0,0.0047,0.5,none,True,True
2857,1.0,0.0045,0.5,none,True,True
2858,1.0,0.0044,0.5,none,True,True
2859,1.0,0.0043,0.5,none,True,True
2860,1.0,0.0042,0.5,none,True,True
2861,1.0,0.0041,0.5,none,True,True
2862,1.0,0.004,0.5,none,True,True
2863,1.0,0.0039,0.5,none,True,True
2864,1.0,0.0038,0.5,none,True,True
2865,1.0,0.0037,0.5,none,True,True
2866,1.0,0.0035,0.5,none,True,True
2867,1.0,0.0033,0.5,none,True,True
2868,1.0,0.0032,0.5,none,True,True
2869,1.0,0.003,0.5,none,True,True
2870,1.0,0.0028,0.5,none,True,True
2871,1.0,0.0026,0.5,none,True,True
2872,1.0,0.0024,0.5,none,True,True
2873,1.0,0.0023,0.5,none,True,True
2874,1.0,0.0021,0.5,none,True,True
2875,1.0,0.0019,0.5,none,True,True
2876,1.0,0.0018,0.5,none,True,True
2877,1.0,0.0017,0.5,none,True,True
2878,1.0,0.0015,0.5,none,True,True
2879,1.0,0.0014,0.5,none,True,True
2880,1.0,0.0013,0.5,none,True,True
2881,1.0,0.0013,0.5,none,True,True
2882,1.0,0.0012,0.5,none,True,True
2883,1.0,0.0011,0.5,none,True,True
2884,1.0,0.0011,0.5,none,True,True
2885,1.0,0.001,0.5,none,True,True
2886,1.0,0.001,0.5,none,True,True
2887,1.0,0.0009,0.5,none,True,True
2888,1.0,0.0009,0.5,none,True,True
2889,1.0,0.0008,0.5,none,True,True
2890,1.0,0.0008,0.5,none,True,True
2891,1.0,0.0008,0.5,none,True,True
2892,1.0,0.0007,0.5,none,True,True
2893,1.0,0.0007,0.5,none,True,True
2894,1.0,0.0006,0.5,none,True,True
2895,1.0,0.0006,0.5,none,True,True
2896,1.0,0.0006,0.5,none,True,True
2897,1.0,0.0005,0.5,none,True,True
2898,1.0,0.0005,0.5,none,True,True
2899,1.0,0.0005,0.5,none,True,True
2900,1.0,0.0004,0.5,none,True,True
2901,1.0,0.0004,0.5,none,True,True
2902,1.0,0.0004,0.5,none,True,True
2903,1.0,0.0004,0.5,none,True,True
2904,1.0,0.0003,0.5,none,True,True
2905,1.0,0.0003,0.5,none,True,True
2906,1.0,0.0003,0.5,none,True,True
2907,1.0,0.0003,0.5,none,True,True
2908,1.0,0.0003,0.5,none,True,True
2909,1.0,0.0003,0.5,none,True,True
2910,1.0,0.0002,0.5,none,True,True
2911,1.0,0.0002,0.5,none,True,True
2912,1.0,0.0002,0.5,none,True,True
2913,1.0,0.0002,0.5,none,True,True
2914,1.0,0.0002,0.5,none,True,True
2915,1.0,0.0002,0.5,none,True,True
2916,1.0,0.0002,0.5,none,True,True
2917,1.0,0.0002,0.5,none,True,True
2918,1.0,0.0002,0.5,none,True,True
2919,1.0,0.0001,0.5,none,True,True
2920,1.0,0.0001,0.5,none,True,True
2921,1.0,0.0001,0.5,none,True,True
2922,1.0,0.0001,0.5,none,True,True
2923,1.0,0.0001,0.5,none,True,True
2924,1.0,0.0001,0.5,none,True,True
2925,1.0,0.0001,0.5,none,True,True
2926,1.0,0.0001,0.5,none,True,True
2927,1.0,0.0001,0.5,none,True,True
2928,1.0,0.0001,0.5,none,True,True
2929,1.0,0.0001,0.5,none,True,True
2930,1.0,0.0001,0.5,none,True,True
2931,1.0,0.0001,0.5,none,True,True
2932,1.0,0.0001,0.5,none,True,True
2933,1.0,0.0001,0.5,none,True,True
2934,1.0,0.0001,0.5,none,True,True
2935,1.0,0.0001,0.5,none,True,True
2936,1.0,0.0001,0.5,none,True,True
2937,1.0,0.0,0.5,none,True,True
2938,1.0,0.0,0.5,none,True,True
2939,1.0,0.0,0.5,none,True,True
2940,1.0,0.0,0.5,none,True,True
2941,1.0,0.0,0.5,none,True,True
2942,1.0,0.0,0.5,none,True,True
2943,1.0,0.0,0.5,none,True,True
2944,1.0,0.0,0.5,none,True,True
2945,1.0,0.0,0.5,none,True,True
2946,1.0,0.0,0.5,none,True,True
2947,1.0,0.0,0.5,none,True,True
2948,1.0,0.0,0.5,none,True,True
2949,1.0,0.0,0.5,none,True,True
2950,1.0,0.0,0.5,none,True,True
2951,1.0,0.0,0.5,none,True,True
2952,1.0,0.0,0.5,none,True,True
2953,1.0,0.0,0.5,none,True,True
2954,1.0,0.0,0.5,none,True,True
2955,1.0,0.0,0.5,none,True,True
2956,1.0,0.0,0.5,none,True,True
2957,1.0,0.0,0.5,none,True,True
2958,1.0,0.0,0.5,none,True,True
2959,1.0,0.0,0.5,none,True,True
2960,1.0,0.0,0.5,none,True,True
2961,1.0,0.0,0.5,none,True,True
2962,1.0,0.0,0.5,none,True,True
2963,1.0,0.0,0.5,none,True,True
2964,1.0,0.0,0.5,none,True,True
2965,1.0,0.0,0.5,none,True,True
2966,1.0,0.0,0.5,none,True,True
2967,1.0,0.0,0.5,none,True,True
2968,1.0,0.0,0.5,none,True,True
2969,1.0,0.0,0.5,none,True,True
2970,1.0,0.0,0.5,none,True,True
2971,1.0,0.0,0.5,none,True,True
2972,1.0,0.0,0.5,none,True,True
2973,1.0,0.0,0.5,none,True,True
2974,1.0,0.0,0.5,none,True,True
2975,1.0,0.0,0.5,none,True,True
2976,1.0,0.0,0.5,none,True,True
2977,1.0,0.0,0.5,none,True,True
2978,1.0,0.0,0.5,none,True,True
2979,1.0,0.0,0.5,none,True,True
2980,1.0,0.0,0.5,none,True,True
2981,1.0,0.0,0.5,none,True,True
2982,1.0,0.0,0.5,none,True,True
2983,1.0,0.0,0.5,none,True,True
2984,1.0,0.0,0.5,none,True,True
2985,1.0,0.0,0.5,none,True,True
2986,1.0,0.0,0.5,none,True,True
2987,1.0,0.0,0.5,none,True,True
2988,1.0,0.0,0.5,none,True,True
2989,1.0,0.0,0.5,none,True,True
2990,1.0,0.0,0.5,none,True,True
2991,1.0,0.0,0.5,none,True,True
2992,1.0,0.0,0.5,none,True,True
2993,1.0,0.0,0.5,none,True,True
2994,1.0,0.0,0.5,none,True,True
2995,1.0,0.0,0.5,none,True,True
2996,1.0,0.0,0.5,none,True,True
2997,1.0,0.0,0.5,none,True,True
2998,1.0,0.0,0.5,none,True,True
2999,1.0,0.0,0.5,none,True,True
3000,1.0,0.0,0.5,none,True,True
3001,1.0,0.0,0.5,none,True,True
3002,1.0,0.0,0.5,none,True,True
3003,1.0,0.0,0.5,none,True,True
3004,1.0,0.0,0.5,none,True,True
3005,1.0,0.0,0.5,none,True,True
3006,1.0,0.0,0.5,none,True,True
3007,1.0,0.0,0.5,none,True,True
3008,1.0,0.0,0.5,none,True,True
3009,1.0,0.0,0.5,none,True,True
3010,1.0,0.0,0.5,none,True,True
3011,1.0,0.0,0.5,none,True,True
3012,1.0,0.0,0.5,none,True,True
3013,1.0,0.0,0.5,none,True,True
3014,1.0,0.0,0.5,none,True,True
3015,1.0,0.0,0.5,none,True,True
3016,1.0,0.0,0.5,none,True,True
3017,1.0,0.0,0.5,none,True,True
3018,1.0,0.0,0.5,none,True,True
3019,1.0,0.0,0.5,none,True,True
3020,1.0,0.0,0.5,none,True,True
3021,1.0,0.0,0.5,none,True,True
3022,1.0,0.0,0.5,none,True,True
3023,1.0,0.0,0.5,none,True,True
3024,1.0,0.0,0.5,none,True,True
3025,1.0,0.0,0.5,none,True,True
3026,1.0,0.0,0.5,none,True,True
3027,1.0,0.0,0.5,none,True,True
3028,1.0,0.0,0.5,none,True,True
3029,1.0,0.0,0.5,none,True,True
3030,1.0,0.0,0.5,none,True,True
3031,1.0,0.0,0.5,none,True,True
3032,1.0,0.0,0.5,none,True,True
3033,1.0,0.0,0.5,none,True,True
3034,1.0,0.0,0.5,none,True,True
3035,1.0,0.0,0.5,none,True,True
3036,1.0,0.0,0.5,none,True,True
3037,1.0,0.0,0.5,none,True,True
3038,1.0,0.0,0.5,none,True,True
3039,1.0,0.0,0.5,none,True,True
3040,1.0,0.0,0.5,none,True,True
3041,1.0,0.0,0.5,none,True,True
3042,1.0,0.0,0.5,none,True,True
3043,1.0,0.0,0.5,none,True,True
3044,1.0,0.0,0.5,none,True,True
3045,1.0,0.0,0.5,none,True,True
3046,1.0,0.0,0.5,none,True,True
3047,1.0,0.0,0.5,none,True,True
3048,1.0,0.0,0.5,none,True,True
3049,1.0,0.0,0.5,none,True,True
3050,1.0,0.0,0.5,none,True,True
3051,1.0,0.0,0.5,none,True,True
3052,1.0,0.0,0.5,none,True,True
3053,1.0,0.0,0.5,none,True,True
3054,1.0,0.0,0.5,none,True,True
3055,1.0,0.0,0.5,none,True,True
3056,1.0,0.0,0.5,none,True,True
3057,1.0,0.0,0.5,none,True,True
3058,1.0,0.0,0.5,none,True,True
3059,1.0,0.0,0.5,none,True,True
3060,1.0,0.0,0.5,none,True,True
3061,1.0,0.0,0.5,none,True,True
3062,1.0,0.0,0.5,none,True,True
3063,1.0,0.0,0.5,none,True,True
3064,1.0,0.0,0.5,none,True,True
3065,1.0,0.0,0.5,none,True,True
3066,1.0,0.0,0.5,none,True,True
3067,1.0,0.0,0.5,none,True,True
3068,1.0,0.0,0.5,none,True,True
3069,1.0,0.0,0.5,none,True,True
3070,1.0,0.0,0.5,none,True,True
3071,1.0,0.0,0.5,none,True,True
3072,1.0,0.0,0.5,none,True,True
3073,1.0,0.0,0.5,none,True,True
3074,1.0,0.0,0.5,none,True,True
3075,1.0,0.0,0.5,none,True,True
3076,1.0,0.0,0.5,none,True,True
3077,1.0,0.0,0.5,none,True,True
3078,1.0,0.0,0.5,none,True,True
3079,1.0,0.0,0.5,none,True,True
3080,1.0,0.0,0.5,none,True,True
3081,1.0,0.0,0.5,none,True,True
3082,1.0,0.0,0.5,none,True,True
3083,1.0,0.0,0.5,none,True,True
3084,1.0,0.0,0.5,none,True,True
3085,1.0,0.0,0.5,none,True,True
3086,1.0,0.0,0.5,none,True,True
3087,1.0,0.0,0.5,none,True,True
3088,1.0,0.0,0.5,none,True,True
3089,1.0,0.0,0.5,none,True,True
3090,1.0,0.0,0.5,none,True,True
3091,1.0,0.0,0.5,none,True,True
3092,1.0,0.0,0.5,none,True,True
3093,1.0,0.0,0.5,none,True,True
3094,1.0,0.0,0.5,none,True,True
3095,1.0,0.0,0.5,none,True,True
3096,1.0,0.0,0.5,none,True,True
3097,1.0,0.0,0.5,none,True,True
3098,1.0,0.0,0.5,none,True,True
3099,1.0,0.0,0.5,none,True,True
3100,1.0,0.0,0.5,none,True,True
3101,1.0,0.0,0.5,none,True,True
3102,1.0,0.0,0.5,none,True,True
3103,1.0,0.0,0.5,none,True,True
3104,1.0,0.0,0.5,none,True,True
3105,1.0,0.0,0.5,none,True,True
3106,1.0,0.0,0.5,none,True,True
3107,1.0,0.0,0.5,none,True,True
3108,1.0,0.0,0.5,none,True,True
3109,1.0,0.0,0.5,none,True,True
3110,1.0,0.0,0.5,none,True,True
3111,1.0,0.0,0.5,none,True,True
3112,1.0,0.0,0.5,none,True,True
3113,1.0,0.0,0.5,none,True,True
3114,1.0,0.0,0.5,none,True,True
3115,1.0,0.0,0.5,none,True,True
3116,1.0,0.0,0.5,none,True,True
3117,1.0,0.0,0.5,none,True,True
3118,1.0,0.0,0.5,none,True,True
3119,1.0,0.0,0.5,none,True,True
3120,1.0,0.0,0.5,none,True,True
3121,1.0,0.0,0.5,none,True,True
3122,1.0,0.0,0.5,none,True,True
3123,1.0,0.0,0.5,none,True,True
3124,1.0,0.0,0.5,none,True,True
3125,1.0,0.0,0.5,none,True,True
3126,1.0,0.0,0.5,none,True,True
3127,1.0,0.0,0.5,none,True,True
3128,1.0,0.0,0.5,none,True,True
3129,1.0,0.0,0.5,none,True,True
3130,1.0,0.0,0.5,none,True,True
3131,1.0,0.0,0.5,none,True,True
3132,1.0,0.0,0.5,none,True,True
3133,1.0,0.0,0.5,none,True,True
3134,1.0,0.0,0.5,none,True,True
3135,1.0,0.0,0.5,none,True,True
3136,1.0,0.0,0.5,none,True,True
3137,1.0,0.0,0.5,none,True,True
3138,1.0,0.0,0.5,none,True,True
3139,1.0,0.0,0.5,none,True,True
3140,1.0,0.0,0.5,none,True,True
3141,1.0,0.0,0.5,none,True,True
3142,1.0,0.0,0.5,none,True,True
3143,1.0,0.0,0.5,none,True,True
3144,1.0,0.0,0.5,none,True,True
3145,1.0,0.0,0.5,none,True,True
3146,1.0,0.0,0.5,none,True,True
3147,1.0,0.0,0.5,none,True,True
3148,1.0,0.0,0.5,none,True,True
3149,1.0,0.0,0.5,none,True,True
3150,1.0,0.0,0.5,none,True,True
3151,1.0,0.0,0.5,none,True,True
3152,1.0,0.0,0.5,none,True,True
3153,1.0,0.0,0.5,none,True,True
3154,1.0,0.0,0.5,none,True,True
3155,1.0,0.0,0.5,none,True,True
3156,1.0,0.0,0.5,none,True,True
3157,1.0,0.0,0.5,none,True,True
3158,1.0,0.0,0.5,none,True,True
3159,1.0,0.0,0.5,none,True,True
3160,1.0,0.0,0.5,none,True,True
3161,1.0,0.0,0.5,none,True,True
3162,1.0,0.0,0.5,none,True,True
3163,1.0,0.0,0.5,none,True,True
3164,1.0,0.0,0.5,none,True,True
3165,1.0,0.0,0.5,none,True,True
3166,1.0,0.0,0.5,none,True,True
3167,1.0,0.0,0.5,none,True,True
3168,1.0,0.0,0.5,none,True,True
3169,1.0,0.0,0.5,none,True,True
3170,1.0,0.0,0.5,none,True,True
3171,1.0,0.0,0.5,none,True,True
3172,1.0,0.0,0.5,none,True,True
3173,1.0,0.0,0.5,none,True,True
3174,1.0,0.0,0.5,none,True,True
3175,1.0,0.0,0.5,none,True,True
3176,1.0,0.0,0.5,none,True,True
3177,1.0,0.0,0.5,none,True,True
3178,1.0,0.0,0.5,none,True,True
3179,1.0,0.0,0.5,none,True,True
3180,1.0,0.0,0.5,none,True,True
3181,1.0,0.0,0.5,none,True,True
3182,1.0,0.0,0.5,none,True,True
3183,1.0,0.0,0.5,none,True,True
3184,1.0,0.0,0.5,none,True,True
3185,1.0,0.0,0.5,none,True,True
3186,1.0,0.0,0.5,none,True,True
3187,1.0,0.0,0.5,none,True,True
3188,1.0,0.0,0.5,none,True,True
3189,1.0,0.0,0.5,none,True,True
3190,1.0,0.0,0.5,none,True,True
3191,1.0,0.0,0.5,none,True,True
3192,1.0,0.0,0.5,none,True,True
3193,1.0,0.0,0.5,none,True,True
3194,1.0,0.0,0.5,none,True,True
3195,1.0,0.0,0.5,none,True,True
3196,1.0,0.0,0.5,none,True,True
3197,1.0,0.0,0.5,none,True,True
3198,1.0,0.0,0.5,none,True,True
3199,1.0,0.0,0.5,none,True,True
3200,1.0,0.0,0.5,none,True,True
3201,1.0,0.0,0.5,none,True,True
3202,1.0,0.0,0.5,none,True,True
3203,1.0,0.0,0.5,none,True,True
3204,1.0,0.0,0.5,none,True,True
3205,1.0,0.0,0.5,none,True,True
3206,1.0,0.0,0.5,none,True,True
3207,1.0,0.0,0.5,none,True,True
3208,1.0,0.0,0.5,none,True,True
3209,1.0,0.0,0.5,none,True,True
3210,1.0,0.0,0.5,none,True,True
3211,1.0,0.0,0.5,none,True,True
3212,1.0,0.0,0.5,none,True,True
3213,1.0,0.0,0.5,none,True,True
3214,1.0,0.0,0.5,none,True,True
3215,1.0,0.0,0.5,none,True,True
3216,1.0,0.0,0.5,none,True,True
3217,1.0,0.0,0.5,none,True,True
3218,1.0,0.0,0.5,none,True,True
3219,1.0,0.0,0.5,none,True,True
3220,1.0,0.0,0.5,none,True,True
3221,1.0,0.0,0.5,none,True,True
3222,1.0,0.0,0.5,none,True,True
3223,1.0,0.0,0.5,none,True,True
3224,1.0,0.0,0.5,none,True,True
3225,1.0,0.0,0.5,none,True,True
3226,1.0,0.0,0.5,none,True,True
3227,1.0,0.0,0.5,none,True,True
3228,1.0,0.0,0.5,none,True,True
3229,1.0,0.0,0.5,none,True,True
3230,1.0,0.0,0.5,none,True,True
3231,1.0,0.0,0.5,none,True,True
3232,1.0,0.0,0.5,none,True,True
3233,1.0,0.0,0.5,none,True,True
3234,1.0,0.0,0.5,none,True,True
3235,1.0,0.0,0.5,none,True,True
3236,1.0,0.0,0.5,none,True,True
3237,1.0,0.0,0.5,none,True,True
3238,1.0,0.0,0.5,none,True,True
3239,1.0,0.0,0.5,none,True,True
3240,1.0,0.0,0.5,none,True,True
3241,1.0,0.0,0.5,none,True,True
3242,1.0,0.0,0.5,none,True,True
3243,1.0,0.0,0.5,none,True,True
3244,1.0,0.0,0.5,none,True,True
3245,1.0,0.0,0.5,none,True,True
3246,1.0,0.0,0.5,none,True,True
3247,1.0,0.0,0.5,none,True,True
3248,1.0,0.0,0.5,none,True,True
3249,1.0,0.0,0.5,none,True,True
3250,1.0,0.0,0.5,none,True,True
3251,1.0,0.0,0.5,none,True,True
3252,1.0,0.0,0.5,none,True,True
3253,1.0,0.0,0.5,none,True,True
3254,1.0,0.0,0.5,none,True,True
3255,1.0,0.0,0.5,none,True,True
3256,1.0,0.0,0.5,none,True,True
3257,1.0,0.0,0.5,none,True,True
3258,1.0,0.0,0.5,none,True,True
3259,1.0,0.0,0.5,none,True,True
3260,1.0,0.0,0.5,none,True,True
3261,1.0,0.0,0.5,none,True,True
3262,1.0,0.0,0.5,none,True,True
3263,1.0,0.0,0.5,none,True,True
3264,1.0,0.0,0.5,none,True,True
3265,1.0,0.0,0.5,none,True,True
3266,1.0,0.0,0.5,none,True,True
3267,1.0,0.0,0.5,none,True,True
3268,1.0,0.0,0.5,none,True,True
3269,1.0,0.0,0.5,none,True,True
3270,1.0,0.0,0.5,none,True,True
3271,1.0,0.0,0.5,none,True,True
3272,1.0,0.0,0.5,none,True,True
3273,1.0,0.0,0.5,none,True,True
3274,1.0,0.0,0.5,none,True,True
3275,1.0,0.0,0.5,none,True,True
3276,1.0,0.0,0.5,none,True,True
3277,1.0,0.0,0.5,none,True,True
3278,1.0,0.0,0.5,none,True,True
3279,1.0,0.0,0.5,none,True,True
3280,1.0,0.0,0.5,none,True,True
3281,1.0,0.0,0.5,none,True,True
3282,1.0,0.0,0.5,none,True,True
3283,1.0,0.0,0.5,none,True,True
3284,1.0,0.0,0.5,none,True,True
3285,1.0,0.0,0.5,none,True,True
3286,1.0,0.0,0.5,none,True,True
3287,1.0,0.0,0.5,none,True,True
3288,1.0,0.0,0.5,none,True,True
3289,1.0,0.0,0.5,none,True,True
3290,1.0,0.0,0.5,none,True,True
3291,1.0,0.0,0.5,none,True,True
3292,1.0,0.0,0.5,none,True,True
3293,1.0,0.0,0.5,none,True,True
3294,1.0,0.0,0.5,none,True,True
3295,1.0,0.0,0.5,none,True,True
3296,1.0,0.0,0.5,none,True,True
3297,1.0,0.0,0.5,none,True,True
3298,1.0,0.0,0.5,none,True,True
3299,1.0,0.0,0.5,none,True,True
3300,1.0,0.0,0.5,none,True,True
3301,1.0,0.0,0.5,none,True,True
3302,1.0,0.0,0.5,none,True,True
3303,1.0,0.0,0.5,none,True,True
3304,1.0,0.0,0.5,none,True,True
3305,1.0,0.0,0.5,none,True,True
3306,1.0,0.0,0.5,none,True,True
3307,1.0,0.0,0.5,none,True,True
3308,1.0,0.0,0.5,none,True,True
3309,1.0,0.0,0.5,none,True,True
3310,1.0,0.0,0.5,none,True,True
3311,1.0,0.0,0.5,none,True,True
3312,1.0,0.0,0.5,none,True,True
3313,1.0,0.0,0.5,none,True,True
3314,1.0,0.0,0.5,none,True,True
3315,1.0,0.0,0.5,none,True,True
3316,1.0,0.0,0.5,none,True,True
3317,1.0,0.0,0.5,none,True,True
3318,1.0,0.0,0.5,none,True,True
3319,1.0,0.0,0.5,none,True,True
3320,1.0,0.0,0.5,none,True,True
3321,1.0,0.0,0.5,none,True,True
3322,1.0,0.0,0.5,none,True,True
3323,1.0,0.0,0.5,none,True,True
3324,1.0,0.0,0.5,none,True,True
3325,1.0,0.0,0.5,none,True,True
3326,1.0,0.0,0.5,none,True,True
3327,1.0,0.0,0.5,none,True,True
3328,1.0,0.0,0.5,none,True,True
3329,1.0,0.0,0.5,none,True,True
3330,1.0,0.0,0.5,none,True,True
3331,1.0,0.0,0.5,none,True,True
3332,1.0,0.0,0.5,none,True,True
3333,1.0,0.0,0.5,none,True,True
3334,1.0,0.0,0.5,none,True,True
3335,1.0,0.0,0.5,none,True,True
3336,1.0,0.0,0.5,none,True,True
3337,1.0,0.0,0.5,none,True,True
3338,1.0,0.0,0.5,none,True,True
3339,1.0,0.0,0.5,none,True,True
3340,1.0,0.0,0.5,none,True,True
3341,1.0,0.0,0.5,none,True,True
3342,1.0,0.0,0.5,none,True,True
3343,1.0,0.0,0.5,none,True,True
3344,1.0,0.0,0.5,none,True,True
3345,1.0,0.0,0.5,none,True,True
3346,1.0,0.0,0.5,none,True,True
3347,1.0,0.0,0.5,none,True,True
3348,1.0,0.0,0.5,none,True,True
3349,1.0,0.0,0.5,none,True,True
3350,1.0,0.0,0.5,none,True,True
3351,1.0,0.0,0.5,none,True,True
3352,1.0,0.0,0.5,none,True,True
3353,1.0,0.0,0.5,none,True,True
3354,1.0,0.0,0.5,none,True,True
3355,1.0,0.0,0.5,none,True,True
3356,1.0,0.0,0.5,none,True,True
3357,1.0,0.0,0.5,none,True,True
3358,1.0,0.0,0.5,none,True,True
3359,1.0,0.0,0.5,none,True,True
3360,1.0,0.0,0.5,none,True,True
3361,1.0,0.0,0.5,none,True,True
3362,1.0,0.0,0.5,none,True,True
3363,1.0,0.0,0.5,none,True,True
3364,1.0,0.0,0.5,none,True,True
3365,1.0,0.0,0.5,none,True,True
3366,1.0,0.0,0.5,none,True,True
3367,1.0,0.0,0.5,none,True,True
3368,1.0,0.0,0.5,none,True,True
3369,1.0,0.0,0.5,none,True,True
3370,1.0,0.0,0.5,none,True,True
3371,1.0,0.0,0.5,none,True,True
3372,1.0,0.0,0.5,none,True,True
3373,1.0,0.0,0.5,none,True,True
3374,1.0,0.0,0.5,none,True,True
3375,1.0,0.0,0.5,none,True,True
3376,1.0,0.0,0.5,none,True,True
3377,1.0,0.0,0.5,none,True,True
3378,1.0,0.0,0.5,none,True,True
3379,1.0,0.0,0.5,none,True,True
3380,1.0,0.0,0.5,none,True,True
3381,1.0,0.0,0.5,none,True,True
3382,1.0,0.0,0.5,none,True,True
3383,1.0,0.0,0.5,none,True,True
3384,1.0,0.0,0.5,none,True,True
3385,1.0,0.0,0.5,none,True,True
3386,1.0,0.0,0.5,none,True,True
3387,1.0,0.0,0.5,none,True,True
3388,1.0,0.0,0.5,none,True,True
3389,1.0,0.0,0.5,none,True,True
3390,1.0,0.0,0.5,none,True,True
3391,1.0,0.0,0.5,none,True,True
3392,1.0,0.0,0.5,none,True,True
3393,1.0,0.0,0.5,none,True,True
3394,1.0,0.0,0.5,none,True,True
3395,1.0,0.0,0.5,none,True,True
3396,1.0,0.0,0.5,none,True,True
3397,1.0,0.0,0.5,none,True,True
3398,1.0,0.0,0.5,none,True,True
3399,1.0,0.0,0.5,none,True,True
3400,1.0,0.0,0.5,none,True,True
3401,1.0,0.0,0.5,none,True,True
3402,1.0,0.0,0.5,none,True,True
3403,1.0,0.0,0.5,none,True,True
3404,1.0,0.0,0.5,none,True,True
3405,1.0,0.0,0.5,none,True,True
3406,1.0,0.0,0.5,none,True,True
3407,1.0,0.0,0.5,none,True,True
3408,1.0,0.0,0.5,none,True,True
3409,1.0,0.0,0.5,none,True,True
3410,1.0,0.0,0.5,none,True,True
3411,1.0,0.0,0.5,none,True,True
3412,1.0,0.0,0.5,none,True,True
3413,1.0,0.0,0.5,none,True,True
3414,1.0,0.0,0.5,none,True,True
3415,1.0,0.0,0.5,none,True,True
3416,1.0,0.0,0.5,none,True,True
3417,1.0,0.0,0.5,none,True,True
3418,1.0,0.0,0.5,none,True,True
3419,1.0,0.0,0.5,none,True,True
3420,1.0,0.0,0.5,none,True,True
3421,1.0,0.0,0.5,none,True,True
3422,1.0,0.0,0.5,none,True,True
3423,1.0,0.0,0.5,none,True,True
3424,1.0,0.0,0.5,none,True,True
3425,1.0,0.0,0.5,none,True,True
3426,1.0,0.0,0.5,none,True,True
3427,1.0,0.0,0.5,none,True,True
3428,1.0,0.0,0.5,none,True,True
3429,1.0,0.0,0.5,none,True,True
3430,1.0,0.0,0.5,none,True,True
3431,1.0,0.0,0.5,none,True,True
3432,1.0,0.0,0.5,none,True,True
3433,1.0,0.0,0.5,none,True,True
3434,1.0,0.0,0.5,none,True,True
3435,1.0,0.0,0.5,none,True,True
3436,1.0,0.0,0.5,none,True,True
3437,1.0,0.0,0.5,none,True,True
3438,1.0,0.0,0.5,none,True,True
3439,1.0,0.0,0.5,none,True,True
3440,1.0,0.0,0.5,none,True,True
3441,1.0,0.0,0.5,none,True,True
3442,1.0,0.0,0.5,none,True,True
3443,1.0,0.0,0.5,none,True,True
3444,1.0,0.0,0.5,none,True,True
3445,1.0,0.0,0.5,none,True,True
3446,1.0,0.0,0.5,none,True,True
3447,1.0,0.0,0.5,none,True,True
3448,1.0,0.0,0.5,none,True,True
3449,1.0,0.0,0.5,none,True,True
3450,1.0,0.0,0.5,none,True,True
3451,1.0,0.0,0.5,none,True,True
3452,1.0,0.0,0.5,none,True,True
3453,1.0,0.0,0.5,none,True,True
3454,1.0,0.0,0.5,none,True,True
3455,1.0,0.0,0.5,none,True,True
3456,1.0,0.0,0.5,none,True,True
3457,1.0,0.0,0.5,none,True,True
3458,1.0,0.0,0.5,none,True,True
3459,1.0,0.0,0.5,none,True,True
3460,1.0,0.0,0.5,none,True,True
3461,1.0,0.0,0.5,none,True,True
3462,1.0,0.0,0.5,none,True,True
3463,1.0,0.0,0.5,none,True,True
3464,1.0,0.0,0.5,none,True,True
3465,1.0,0.0,0.5,none,True,True
3466,1.0,0.0,0.5,none,True,True
3467,1.0,0.0,0.5,none,True,True
3468,1.0,0.0,0.5,none,True,True
3469,1.0,0.0,0.5,none,True,True
3470,1.0,0.0,0.5,none,True,True
3471,1.0,0.0,0.5,none,True,True
3472,1.0,0.0,0.5,none,True,True
3473,1.0,0.0,0.5,none,True,True
3474,1.0,0.0,0.5,none,True,True
3475,1.0,0.0,0.5,none,True,True
3476,1.0,0.0,0.5,none,True,True
3477,1.0,0.0,0.5,none,True,True
3478,1.0,0.0,0.5,none,True,True
3479,1.0,0.0,0.5,none,True,True
3480,1.0,0.0,0.5,none,True,True
3481,1.0,0.0,0.5,none,True,True
3482,1.0,0.0,0.5,none,True,True
3483,1.0,0.0,0.5,none,True,True
3484,1.0,0.0,0.5,none,True,True
3485,1.0,0.0,0.5,none,True,True
3486,1.0,0.0,0.5,none,True,True
3487,1.0,0.0,0.5,none,True,True
3488,1.0,0.0,0.5,none,True,True
3489,1.0,0.0,0.5,none,True,True
3490,1.0,0.0,0.5,none,True,True
3491,1.0,0.0,0.5,none,True,True
3492,1.0,0.0,0.5,none,True,True
3493,1.0,0.0,0.5,none,True,True
3494,1.0,0.0,0.5,none,True,True
3495,1.0,0.0,0.5,none,True,True
3496,1.0,0.0,0.5,none,True,True
3497,1.0,0.0,0.5,none,True,True
3498,1.0,0.0,0.5,none,True,True
3499,1.0,0.0,0.5,none,True,True
3500,1.0,0.0061,0.5,none,True,True
3501,1.0,0.0357,0.5,none,True,True
3502,1.0,0.0812,0.5,none,True,True
3503,1.0,0.1113,0.5,none,True,True
3504,1.0,0.1253,0.5,none,True,True
3505,1.0,0.1408,0.5,none,True,True
3506,1.0,0.0907,0.5,none,True,True
3507,1.0,0.1198,0.5,none,True,True
3508,1.0,0.0467,0.5,none,True,True
3509,1.0,0.0522,0.5,none,True,True
3510,1.0,0.0405,0.5,none,True,True
3511,1.0,0.0313,0.5,none,True,True
3512,1.0,0.0083,0.5,none,True,True
3513,1.0,0.0726,0.5,none,True,True
3514,1.0,0.0793,0.5,none,True,True
3515,1.0,0.0581,0.5,none,True,True
3516,1.0,0.0955,0.5,none,True,True
3517,1.0,0.0839,0.5,none,True,True
3518,1.0,0.0648,0.5,none,True,True
3519,1.0,0.0718,0.5,none,True,True
3520,1.0,0.0589,0.5,none,True,True
3521,1.0,0.0403,0.5,none,True,True
3522,1.0,0.0327,0.5,none,True,True
3523,1.0,0.0277,0.5,none,True,True
3524,1.0,0.017,0.5,none,True,True
3525,1.0,0.0102,0.5,none,True,True
3526,1.0,0.0099,0.5,none,True,True
3527,1.0,0.008,0.5,none,True,True
3528,1.0,0.005,0.5,none,True,True
3529,1.0,0.0063,0.5,none,True,True
3530,1.0,0.009,0.5,none,True,True
3531,1.0,0.0096,0.5,none,True,True
3532,1.0,0.0108,0.5,none,True,True
3533,1.0,0.014,0.5,none,True,True
3534,1.0,0.0161,0.5,none,True,True
3535,1.0,0.0167,0.5,none,True,True
3536,1.0,0.0182,0.5,none,True,True
3537,1.0,0.0196,0.5,none,True,True
3538,1.0,0.0197,0.5,none,True,True
3539,1.0,0.0193,0.5,none,True,True
3540,1.0,0.0193,0.5,none,True,True
3541,1.0,0.0187,0.5,none,True,True
3542,1.0,0.0174,0.5,none,True,True
3543,1.0,0.0163,0.5,none,True,True
3544,1.0,0.0152,0.5,none,True,True
3545,1.0,0.0138,0.5,none,True,True
3546,1.0,0.0123,0.5,none,True,True
3547,1.0,0.0111,0.5,none,True,True
3548,1.0,0.01,0.5,none,True,True
3549,1.0,0.0088,0.5,none,True,True
3550,1.0,0.0078,0.5,none,True,True
3551,1.0,0.0071,0.5,none,True,True
3552,1.0,0.0064,0.5,none,True,True
3553,1.0,0.0057,0.5,none,True,True
3554,1.0,0.0053,0.5,none,True,True
3555,1.0,0.005,0.5,none,True,True
3556,1.0,0.0047,0.5,none,True,True
3557,1.0,0.0045,0.5,none,True,True
3558,1.0,0.0044,0.5,none,True,True
3559,1.0,0.0043,0.5,none,True,True
3560,1.0,0.0042,0.5,none,True,True
3561,1.0,0.0041,0.5,none,True,True
3562,1.0,0.004,0.5,none,True,True
3563,1.0,0.0039,0.5,none,True,True
3564,1.0,0.0038,0.5,none,True,True
3565,1.0,0.0037,0.5,none,True,True
3566,1.0,0.0035,0.5,none,True,True
3567,1.0,0.0033,0.5,none,True,True
3568,1.0,0.0032,0.5,none,True,True
3569,1.0,0.003,0.5,none,True,True
3570,1.0,0.0028,0.5,none,True,True
3571,1.0,0.0026,0.5,none,True,True
3572,1.0,0.0024,0.5,none,True,True
3573,1.0,0.0023,0.5,none,True,True
3574,1.0,0.0021,0.5,none,True,True
3575,1.0,0.0019,0.5,none,True,True
3576,1.0,0.0018,0.5,none,True,True
3577,1.0,0.0017,0.5,none,True,True
3578,1.0,0.0015,0.5,none,True,True
3579,1.0,0.0014,0.5,none,True,True
3580,1.0,0.0013,0.5,none,True,True
3581,1.0,0.0013,0.5,none,True,True
3582,1.0,0.0012,0.5,none,True,True
3583,1.0,0.0011,0.5,none,True,True
3584,1.0,0.0011,0.5,none,True,True
3585,1.0,0.001,0.5,none,True,True
3586,1.0,0.001,0.5,none,True,True
3587,1.0,0.0009,0.5,none,True,True
3588,1.0,0.0009,0.5,none,True,True
3589,1.0,0.0008,0.5,none,True,True
3590,1.0,0.0008,0.5,none,True,True
3591,1.0,0.0008,0.5,none,True,True
3592,1.0,0.0007,0.5,none,True,True
3593,1.0,0.0007,0.5,none,True,True
3594,1.0,0.0006,0.5,none,True,True
3595,1.0,0.0006,0.5,none,True,True
3596,1.0,0.0006,0.5,none,True,True
3597,1.0,0.0005,0.5,none,True,True
3598,1.0,0.0005,0.5,none,True,True
3599,1.0,0.0005,0.5,none,True,True
3600,1.0,0.0004,0.5,none,True,True
3601,1.0,0.0004,0.5,none,True,True
3602,1.0,0.0004,0.5,none,True,True
3603,1.0,0.0004,0.5,none,True,True
3604,1.0,0.0003,0.5,none,True,True
3605,1.0,0.0003,0.5,none,True,True
3606,1.0,0.0003,0.5,none,True,True
3607,1.0,0.0003,0.5,none,True,True
3608,1.0,0.0003,0.5,none,True,True
3609,1.0,0.0003,0.5,none,True,True
3610,1.0,0.0002,0.5,none,True,True
3611,1.0,0.0002,0.5,none,True,True
3612,1.0,0.0002,0.5,none,True,True
3613,1.0,0.0002,0.5,none,True,True
3614,1.0,0.0002,0.5,none,True,True
3615,1.0,0.0002,0.5,none,True,True
3616,1.0,0.0002,0.5,none,True,True
3617,1.0,0.0002,0.5,none,True,True
3618,1.0,0.0002,0.5,none,True,True
3619,1.0,0.0001,0.5,none,True,True
3620,1.0,0.0001,0.5,none,True,True
3621,1.0,0.0001,0.5,none,True,True
3622,1.0,0.0001,0.5,none,True,True
3623,1.0,0.0001,0.5,none,True,True
3624,1.0,0.0001,0.5,none,True,True
3625,1.0,0.0001,0.5,none,True,True
3626,1.0,0.0001,0.5,none,True,True
3627,1.0,0.0001,0.5,none,True,True
3628,1.0,0.0001,0.5,none,True,True
3629,1.0,0.0001,0.5,none,True,True
3630,1.0,0.0001,0.5,none,True,True
3631,1.0,0.0001,0.5,none,True,True
3632,1.0,0.0001,0.5,none,True,True
3633,1.0,0.0001,0.5,none,True,True
3634,1.0,0.0001,0.5,none,True,True
3635,1.0,0.0001,0.5,none,True,True
3636,1.0,0.0001,0.5,none,True,True
3637,1.0,0.0,0.5,none,True,True
3638,1.0,0.0,0.5,none,True,True
3639,1.0,0.0,0.5,none,True,True
3640,1.0,0.0,0.5,none,True,True
3641,1.0,0.0,0.5,none,True,True
3642,1.0,0.0,0.5,none,True,True
3643,1.0,0.0,0.5,none,True,True
3644,1.0,0.0,0.5,none,True,True
3645,1.0,0.0,0.5,none,True,True
3646,1.0,0.0,0.5,none,True,True
3647,1.0,0.0,0.5,none,True,True
3648,1.0,0.0,0.5,none,True,True
3649,1.0,0.0,0.5,none,True,True
3650,1.0,0.0,0.5,none,True,True
3651,1.0,0.0,0.5,none,True,True
3652,1.0,0.0,0.5,none,True,True
3653,1.0,0.0,0.5,none,True,True
3654,1.0,0.0,0.5,none,True,True
3655,1.0,0.0,0.5,none,True,True
3656,1.0,0.0,0.5,none,True,True
3657,1.0,0.0,0.5,none,True,True
3658,1.0,0.0,0.5,none,True,True
3659,1.0,0.0,0.5,none,True,True
3660,1.0,0.0,0.5,none,True,True
3661,1.0,0.0,0.5,none,True,True
3662,1.0,0.0,0.5,none,True,True
3663,1.0,0.0,0.5,none,True,True
3664,1.0,0.0,0.5,none,True,True
3665,1.0,0.0,0.5,none,True,True
3666,1.0,0.0,0.5,none,True,True
3667,1.0,0.0,0.5,none,True,True
3668,1.0,0.0,0.5,none,True,True
3669,1.0,0.0,0.5,none,True,True
3670,1.0,0.0,0.5,none,True,True
3671,1.0,0.0,0.5,none,True,True
3672,1.0,0.0,0.5,none,True,True
3673,1.0,0.0,0.5,none,True,True
3674,1.0,0.0,0.5,none,True,True
3675,1.0,0.0,0.5,none,True,True
3676,1.0,0.0,0.5,none,True,True
3677,1.0,0.0,0.5,none,True,True
3678,1.0,0.0,0.5,none,True,True
3679,1.0,0.0,0.5,none,True,True
3680,1.0,0.0,0.5,none,True,True
3681,1.0,0.0,0.5,none,True,True
3682,1.0,0.0,0.5,none,True,True
3683,1.0,0.0,0.5,none,True,True
3684,1.0,0.0,0.5,none,True,True
3685,1.0,0.0,0.5,none,True,True
3686,1.0,0.0,0.5,none,True,True
3687,1.0,0.0,0.5,none,True,True
3688,1.0,0.0,0.5,none,True,True
3689,1.0,0.0,0.5,none,True,True
3690,1.0,0.0,0.5,none,True,True
3691,1.0,0.0,0.5,none,True,True
3692,1.0,0.0,0.5,none,True,True
3693,1.0,0.0,0.5,none,True,True
3694,1.0,0.0,0.5,none,True,True
3695,1.0,0.0,0.5,none,True,True
3696,1.0,0.0,0.5,none,True,True
3697,1.0,0.0,0.5,none,True,True
3698,1.0,0.0,0.5,none,True,True
3699,1.0,0.0,0.5,none,True,True
3700,1.0,0.0,0.5,none,True,True
3701,1.0,0.0,0.5,none,True,True
3702,1.0,0.0,0.5,none,True,True
3703,1.0,0.0,0.5,none,True,True
3704,1.0,0.0,0.5,none,True,True
3705,1.0,0.0,0.5,none,True,True
3706,1.0,0.0,0.5,none,True,True
3707,1.0,0.0,0.5,none,True,True
3708,1.0,0.0,0.5,none,True,True
3709,1.0,0.0,0.5,none,True,True
3710,1.0,0.0,0.5,none,True,True
3711,1.0,0.0,0.5,none,True,True
3712,1.0,0.0,0.5,none,True,True
3713,1.0,0.0,0.5,none,True,True
3714,1.0,0.0,0.5,none,True,True
3715,1.0,0.0,0.5,none,True,True
3716,1.0,0.0,0.5,none,True,True
3717,1.0,0.0,0.5,none,True,True
3718,1.0,0.0,0.5,none,True,True
3719,1.0,0.0,0.5,none,True,True
3720,1.0,0.0,0.5,none,True,True
3721,1.0,0.0,0.5,none,True,True
3722,1.0,0.0,0.5,none,True,True
3723,1.0,0.0,0.5,none,True,True
3724,1.0,0.0,0.5,none,True,True
3725,1.0,0.0,0.5,none,True,True
3726,1.0,0.0,0.5,none,True,True
3727,1.0,0.0,0.5,none,True,True
3728,1.0,0.0,0.5,none,True,True
3729,1.0,0.0,0.5,none,True,True
3730,1.0,0.0,0.5,none,True,True
3731,1.0,0.0,0.5,none,True,True
3732,1.0,0.0,0.5,none,True,True
3733,1.0,0.0,0.5,none,True,True
3734,1.0,0.0,0.5,none,True,True
3735,1.0,0.0,0.5,none,True,True
3736,1.0,0.0,0.5,none,True,True
3737,1.0,0.0,0.5,none,True,True
3738,1.0,0.0,0.5,none,True,True
3739,1.0,0.0,0.5,none,True,True
3740,1.0,0.0,0.5,none,True,True
3741,1.0,0.0,0.5,none,True,True
3742,1.0,0.0,0.5,none,True,True
3743,1.0,0.0,0.5,none,True,True
3744,1.0,0.0,0.5,none,True,True
3745,1.0,0.0,0.5,none,True,True
3746,1.0,0.0,0.5,none,True,True
3747,1.0,0.0,0.5,none,True,True
3748,1.0,0.0,0.5,none,True,True
3749,1.0,0.0,0.5,none,True,True
3750,1.0,0.0,0.5,none,True,True
3751,1.0,0.0,0.5,none,True,True
3752,1.0,0.0,0.5,none,True,True
3753,1.0,0.0,0.5,none,True,True
3754,1.0,0.0,0.5,none,True,True
3755,1.0,0.0,0.5,none,True,True
3756,1.0,0.0,0.5,none,True,True
3757,1.0,0.0,0.5,none,True,True
3758,1.0,0.0,0.5,none,True,True
3759,1.0,0.0,0.5,none,True,True
3760,1.0,0.0,0.5,none,True,True
3761,1.0,0.0,0.5,none,True,True
3762,1.0,0.0,0.5,none,True,True
3763,1.0,0.0,0.5,none,True,True
3764,1.0,0.0,0.5,none,True,True
3765,1.0,0.0,0.5,none,True,True
3766,1.0,0.0,0.5,none,True,True
3767,1.0,0.0,0.5,none,True,True
3768,1.0,0.0,0.5,none,True,True
3769,1.0,0.0,0.5,none,True,True
3770,1.0,0.0,0.5,none,True,True
3771,1.0,0.0,0.5,none,True,True
3772,1.0,0.0,0.5,none,True,True
3773,1.0,0.0,0.5,none,True,True
3774,1.0,0.0,0.5,none,True,True
3775,1.0,0.0,0.5,none,True,True
3776,1.0,0.0,0.5,none,True,True
3777,1.0,0.0,0.5,none,True,True
3778,1.0,0.0,0.5,none,True,True
3779,1.0,0.0,0.5,none,True,True
3780,1.0,0.0,0.5,none,True,True
3781,1.0,0.0,0.5,none,True,True
3782,1.0,0.0,0.5,none,True,True
3783,1.0,0.0,0.5,none,True,True
3784,1.0,0.0,0.5,none,True,True
3785,1.0,0.0,0.5,none,True,True
3786,1.0,0.0,0.5,none,True,True
3787,1.0,0.0,0.5,none,True,True
3788,1.0,0.0,0.5,none,True,True
3789,1.0,0.0,0.5,none,True,True
3790,1.0,0.0,0.5,none,True,True
3791,1.0,0.0,0.5,none,True,True
3792,1.0,0.0,0.5,none,True,True
3793,1.0,0.0,0.5,none,True,True
3794,1.0,0.0,0.5,none,True,True
3795,1.0,0.0,0.5,none,True,True
3796,1.0,0.0,0.5,none,True,True
3797,1.0,0.0,0.5,none,True,True
3798,1.0,0.0,0.5,none,True,True
3799,1.0,0.0,0.5,none,True,True
3800,1.0,0.0,0.5,none,True,True
3801,1.0,0.0,0.5,none,True,True
3802,1.0,0.0,0.5,none,True,True
3803,1.0,0.0,0.5,none,True,True
3804,1.0,0.0,0.5,none,True,True
3805,1.0,0.0,0.5,none,True,True
3806,1.0,0.0,0.5,none,True,True
3807,1.0,0.0,0.5,none,True,True
3808,1.0,0.0,0.5,none,True,True
3809,1.0,0.0,0.5,none,True,True
3810,1.0,0.0,0.5,none,True,True
3811,1.0,0.0,0.5,none,True,True
3812,1.0,0.0,0.5,none,True,True
3813,1.0,0.0,0.5,none,True,True
3814,1.0,0.0,0.5,none,True,True
3815,1.0,0.0,0.5,none,True,True
3816,1.0,0.0,0.5,none,True,True
3817,1.0,0.0,0.5,none,True,True
3818,1.0,0.0,0.5,none,True,True
3819,1.0,0.0,0.5,none,True,True
3820,1.0,0.0,0.5,none,True,True
3821,1.0,0.0,0.5,none,True,True
3822,1.0,0.0,0.5,none,True,True
3823,1.0,0.0,0.5,none,True,True
3824,1.0,0.0,0.5,none,True,True
3825,1.0,0.0,0.5,none,True,True
3826,1.0,0.0,0.5,none,True,True
3827,1.0,0.0,0.5,none,True,True
3828,1.0,0.0,0.5,none,True,True
3829,1.0,0.0,0.5,none,True,True
3830,1.0,0.0,0.5,none,True,True
3831,1.0,0.0,0.5,none,True,True
3832,1.0,0.0,0.5,none,True,True
3833,1.0,0.0,0.5,none,True,True
3834,1.0,0.0,0.5,none,True,True
3835,1.0,0.0,0.5,none,True,True
3836,1.0,0.0,0.5,none,True,True
3837,1.0,0.0,0.5,none,True,True
3838,1.0,0.0,0.5,none,True,True
3839,1.0,0.0,0.5,none,True,True
3840,1.0,0.0,0.5,none,True,True
3841,1.0,0.0,0.5,none,True,True
3842,1.0,0.0,0.5,none,True,True
3843,1.0,0.0,0.5,none,True,True
3844,1.0,0.0,0.5,none,True,True
3845,1.0,0.0,0.5,none,True,True
3846,1.0,0.0,0.5,none,True,True
3847,1.0,0.0,0.5,none,True,True
3848,1.0,0.0,0.5,none,True,True
3849,1.0,0.0,0.5,none,True,True
3850,1.0,0.0,0.5,none,True,True
3851,1.0,0.0,0.5,none,True,True
3852,1.0,0.0,0.5,none,True,True
3853,1.0,0.0,0.5,none,True,True
3854,1.0,0.0,0.5,none,True,True
3855,1.0,0.0,0.5,none,True,True
3856,1.0,0.0,0.5,none,True,True
3857,1.0,0.0,0.5,none,True,True
3858,1.0,0.0,0.5,none,True,True
3859,1.0,0.0,0.5,none,True,True
3860,1.0,0.0,0.5,none,True,True
3861,1.0,0.0,0.5,none,True,True
3862,1.0,0.0,0.5,none,True,True
3863,1.0,0.0,0.5,none,True,True
3864,1.0,0.0,0.5,none,True,True
3865,1.0,0.0,0.5,none,True,True
3866,1.0,0.0,0.5,none,True,True
3867,1.0,0.0,0.5,none,True,True
3868,1.0,0.0,0.5,none,True,True
3869,1.0,0.0,0.5,none,True,True
3870,1.0,0.0,0.5,none,True,True
3871,1.0,0.0,0.5,none,True,True
3872,1.0,0.0,0.5,none,True,True
3873,1.0,0.0,0.5,none,True,True
3874,1.0,0.0,0.5,none,True,True
3875,1.0,0.0,0.5,none,True,True
3876,1.0,0.0,0.5,none,True,True
3877,1.0,0.0,0.5,none,True,True
3878,1.0,0.0,0.5,none,True,True
3879,1.0,0.0,0.5,none,True,True
3880,1.0,0.0,0.5,none,True,True
3881,1.0,0.0,0.5,none,True,True
3882,1.0,0.0,0.5,none,True,True
3883,1.0,0.0,0.5,none,True,True
3884,1.0,0.0,0.5,none,True,True
3885,1.0,0.0,0.5,none,True,True
3886,1.0,0.0,0.5,none,True,True
3887,1.0,0.0,0.5,none,True,True
3888,1.0,0.0,0.5,none,True,True
3889,1.0,0.0,0.5,none,True,True
3890,1.0,0.0,0.5,none,True,True
3891,1.0,0.0,0.5,none,True,True
3892,1.0,0.0,0.5,none,True,True
3893,1.0,0.0,0.5,none,True,True
3894,1.0,0.0,0.5,none,True,True
3895,1.0,0.0,0.5,none,True,True
3896,1.0,0.0,0.5,none,True,True
3897,1.0,0.0,0.5,none,True,True
3898,1.0,0.0,0.5,none,True,True
3899,1.0,0.0,0.5,none,True,True
3900,1.0,0.0,0.5,none,True,True
3901,1.0,0.0,0.5,none,True,True
3902,1.0,0.0,0.5,none,True,True
3903,1.0,0.0,0.5,none,True,True
3904,1.0,0.0,0.5,none,True,True
3905,1.0,0.0,0.5,none,True,True
3906,1.0,0.0,0.5,none,True,True
3907,1.0,0.0,0.5,none,True,True
3908,1.0,0.0,0.5,none,True,True
3909,1.0,0.0,0.5,none,True,True
3910,1.0,0.0,0.5,none,True,True
3911,1.0,0.0,0.5,none,True,True
3912,1.0,0.0,0.5,none,True,True
3913,1.0,0.0,0.5,none,True,True
3914,1.0,0.0,0.5,none,True,True
3915,1.0,0.0,0.5,none,True,True
3916,1.0,0.0,0.5,none,True,True
3917,1.0,0.0,0.5,none,True,True
3918,1.0,0.0,0.5,none,True,True
3919,1.0,0.0,0.5,none,True,True
3920,1.0,0.0,0.5,none,True,True
3921,1.0,0.0,0.5,none,True,True
3922,1.0,0.0,0.5,none,True,True
3923,1.0,0.0,0.5,none,True,True
3924,1.0,0.0,0.5,none,True,True
3925,1.0,0.0,0.5,none,True,True
3926,1.0,0.0,0.5,none,True,True
3927,1.0,0.0,0.5,none,True,True
3928,1.0,0.0,0.5,none,True,True
3929,1.0,0.0,0.5,none,True,True
3930,1.0,0.0,0.5,none,True,True
3931,1.0,0.0,0.5,none,True,True
3932,1.0,0.0,0.5,none,True,True
3933,1.0,0.0,0.5,none,True,True
3934,1.0,0.0,0.5,none,True,True
3935,1.0,0.0,0.5,none,True,True
3936,1.0,0.0,0.5,none,True,True
3937,1.0,0.0,0.5,none,True,True
3938,1.0,0.0,0.5,none,True,True
3939,1.0,0.0,0.5,none,True,True
3940,1.0,0.0,0.5,none,True,True
3941,1.0,0.0,0.5,none,True,True
3942,1.0,0.0,0.5,none,True,True
3943,1.0,0.0,0.5,none,True,True
3944,1.0,0.0,0.5,none,True,True
3945,1.0,0.0,0.5,none,True,True
3946,1.0,0.0,0.5,none,True,True
3947,1.0,0.0,0.5,none,True,True
3948,1.0,0.0,0.5,none,True,True
3949,1.0,0.0,0.5,none,True,True
3950,1.0,0.0,0.5,none,True,True
3951,1.0,0.0,0.5,none,True,True
3952,1.0,0.0,0.5,none,True,True
3953,1.0,0.0,0.5,none,True,True
3954,1.0,0.0,0.5,none,True,True
3955,1.0,0.0,0.5,none,True,True
3956,1.0,0.0,0.5,none,True,True
3957,1.0,0.0,0.5,none,True,True
3958,1.0,0.0,0.5,none,True,True
3959,1.0,0.0,0.5,none,True,True
3960,1.0,0.0,0.5,none,True,True
3961,1.0,0.0,0.5,none,True,True
3962,1.0,0.0,0.5,none,True,True
3963,1.0,0.0,0.5,none,True,True
3964,1.0,0.0,0.5,none,True,True
3965,1.0,0.0,0.5,none,True,True
3966,1.0,0.0,0.5,none,True,True
3967,1.0,0.0,0.5,none,True,True
3968,1.0,0.0,0.5,none,True,True
3969,1.0,0.0,0.5,none,True,True
3970,1.0,0.0,0.5,none,True,True
3971,1.0,0.0,0.5,none,True,True
3972,1.0,0.0,0.5,none,True,True
3973,1.0,0.0,0.5,none,True,True
3974,1.0,0.0,0.5,none,True,True
3975,1.0,0.0,0.5,none,True,True
3976,1.0,0.0,0.5,none,True,True
3977,1.0,0.0,0.5,none,True,True
3978,1.0,0.0,0.5,none,True,True
3979,1.0,0.0,0.5,none,True,True
3980,1.0,0.0,0.5,none,True,True
3981,1.0,0.0,0.5,none,True,True
3982,1.0,0.0,0.5,none,True,True
3983,1.0,0.0,0.5,none,True,True
3984,1.0,0.0,0.5,none,True,True
3985,1.0,0.0,0.5,none,True,True
3986,1.0,0.0,0.5,none,True,True
3987,1.0,0.0,0.5,none,True,True
3988,1.0,0.0,0.5,none,True,True
3989,1.0,0.0,0.5,none,True,True
3990,1.0,0.0,0.5,none,True,True
3991,1.0,0.0,0.5,none,True,True
3992,1.0,0.0,0.5,none,True,True
3993,1.0,0.0,0.5,none,True,True
3994,1.0,0.0,0.5,none,True,True
3995,1.0,0.0,0.5,none,True,True
3996,1.0,0.0,0.5,none,True,True
3997,1.0,0.0,0.5,none,True,True
3998,1.0,0.0,0.5,none,True,True
3999,1.0,0.0,0.5,none,True,True
4000,1.0,0.0,0.5,none,True,True
4001,1.0,0.0,0.5,none,True,True
4002,1.0,0.0,0.5,none,True,True
4003,1.0,0.0,0.5,none,True,True
4004,1.0,0.0,0.5,none,True,True
4005,1.0,0.0,0.5,none,True,True
4006,1.0,0.0,0.5,none,True,True
4007,1.0,0.0,0.5,none,True,True
4008,1.0,0.0,0.5,none,True,True
4009,1.0,0.0,0.5,none,True,True
4010,1.0,0.0,0.5,none,True,True
4011,1.0,0.0,0.5,none,True,True
4012,1.0,0.0,0.5,none,True,True
4013,1.0,0.0,0.5,none,True,True
4014,1.0,0.0,0.5,none,True,True
4015,1.0,0.0,0.5,none,True,True
4016,1.0,0.0,0.5,none,True,True
4017,1.0,0.0,0.5,none,True,True
4018,1.0,0.0,0.5,none,True,True
4019,1.0,0.0,0.5,none,True,True
4020,1.0,0.0,0.5,none,True,True
4021,1.0,0.0,0.5,none,True,True
4022,1.0,0.0,0.5,none,True,True
4023,1.0,0.0,0.5,none,True,True
4024,1.0,0.0,0.5,none,True,True
4025,1.0,0.0,0.5,none,True,True
4026,1.0,0.0,0.5,none,True,True
4027,1.0,0.0,0.5,none,True,True
4028,1.0,0.0,0.5,none,True,True
4029,1.0,0.0,0.5,none,True,True
4030,1.0,0.0,0.5,none,True,True
4031,1.0,0.0,0.5,none,True,True
4032,1.0,0.0,0.5,none,True,True
4033,1.0,0.0,0.5,none,True,True
4034,1.0,0.0,0.5,none,True,True
4035,1.0,0.0,0.5,none,True,True
4036,1.0,0.0,0.5,none,True,True
4037,1.0,0.0,0.5,none,True,True
4038,1.0,0.0,0.5,none,True,True
4039,1.0,0.0,0.5,none,True,True
4040,1.0,0.0,0.5,none,True,True
4041,1.0,0.0,0.5,none,True,True
4042,1.0,0.0,0.5,none,True,True
4043,1.0,0.0,0.5,none,True,True
4044,1.0,0.0,0.5,none,True,True
4045,1.0,0.0,0.5,none,True,True
4046,1.0,0.0,0.5,none,True,True
4047,1.0,0.0,0.5,none,True,True
4048,1.0,0.0,0.5,none,True,True
4049,1.0,0.0,0.5,none,True,True
4050,1.0,0.0,0.5,none,True,True
4051,1.0,0.0,0.5,none,True,True
4052,1.0,0.0,0.5,none,True,True
4053,1.0,0.0,0.5,none,True,True
4054,1.0,0.0,0.5,none,True,True
4055,1.0,0.0,0.5,none,True,True
4056,1.0,0.0,0.5,none,True,True
4057,1.0,0.0,0.5,none,True,True
4058,1.0,0.0,0.5,none,True,True
4059,1.0,0.0,0.5,none,True,True
4060,1.0,0.0,0.5,none,True,True
4061,1.0,0.0,0.5,none,True,True
4062,1.0,0.0,0.5,none,True,True
4063,1.0,0.0,0.5,none,True,True
4064,1.0,0.0,0.5,none,True,True
4065,1.0,0.0,0.5,none,True,True
4066,1.0,0.0,0.5,none,True,True
4067,1.0,0.0,0.5,none,True,True
4068,1.0,0.0,0.5,none,True,True
4069,1.0,0.0,0.5,none,True,True
4070,1.0,0.0,0.5,none,True,True
4071,1.0,0.0,0.5,none,True,True
4072,1.0,0.0,0.5,none,True,True
4073,1.0,0.0,0.5,none,True,True
4074,1.0,0.0,0.5,none,True,True
4075,1.0,0.0,0.5,none,True,True
4076,1.0,0.0,0.5,none,True,True
4077,1.0,0.0,0.5,none,True,True
4078,1.0,0.0,0.5,none,True,True
4079,1.0,0.0,0.5,none,True,True
4080,1.0,0.0,0.5,none,True,True
4081,1.0,0.0,0.5,none,True,True
4082,1.0,0.0,0.5,none,True,True
4083,1.0,0.0,0.5,none,True,True
4084,1.0,0.0,0.5,none,True,True
4085,1.0,0.0,0.5,none,True,True
4086,1.0,0.0,0.5,none,True,True
4087,1.0,0.0,0.5,none,True,True
4088,1.0,0.0,0.5,none,True,True
4089,1.0,0.0,0.5,none,True,True
4090,1.0,0.0,0.5,none,True,True
4091,1.0,0.0,0.5,none,True,True
4092,1.0,0.0,0.5,none,True,True
4093,1.0,0.0,0.5,none,True,True
4094,1.0,0.0,0.5,none,True,True
4095,1.0,0.0,0.5,none,True,True
4096,1.0,0.0,0.5,none,True,True
4097,1.0,0.0,0.5,none,True,True
4098,1.0,0.0,0.5,none,True,True
4099,1.0,0.0,0.5,none,True,True
4100,1.0,0.0,0.5,none,True,True
4101,1.0,0.0,0.5,none,True,True
4102,1.0,0.0,0.5,none,True,True
4103,1.0,0.0,0.5,none,True,True
4104,1.0,0.0,0.5,none,True,True
4105,1.0,0.0,0.5,none,True,True
4106,1.0,0.0,0.5,none,True,True
4107,1.0,0.0,0.5,none,True,True
4108,1.0,0.0,0.5,none,True,True
4109,1.0,0.0,0.5,none,True,True
4110,1.0,0.0,0.5,none,True,True
4111,1.0,0.0,0.5,none,True,True
4112,1.0,0.0,0.5,none,True,True
4113,1.0,0.0,0.5,none,True,True
4114,1.0,0.0,0.5,none,True,True
4115,1.0,0.0,0.5,none,True,True
4116,1.0,0.0,0.5,none,True,True
4117,1.0,0.0,0.5,none,True,True
4118,1.0,0.0,0.5,none,True,True
4119,1.0,0.0,0.5,none,True,True
4120,1.0,0.0,0.5,none,True,True
4121,1.0,0.0,0.5,none,True,True
4122,1.0,0.0,0.5,none,True,True
4123,1.0,0.0,0.5,none,True,True
4124,1.0,0.0,0.5,none,True,True
4125,1.0,0.0,0.5,none,True,True
4126,1.0,0.0,0.5,none,True,True
4127,1.0,0.0,0.5,none,True,True
4128,1.0,0.0,0.5,none,True,True
4129,1.0,0.0,0.5,none,True,True
4130,1.0,0.0,0.5,none,True,True
4131,1.0,0.0,0.5,none,True,True
4132,1.0,0.0,0.5,none,True,True
4133,1.0,0.0,0.5,none,True,True
4134,1.0,0.0,0.5,none,True,True
4135,1.0,0.0,0.5,none,True,True
4136,1.0,0.0,0.5,none,True,True
4137,1.0,0.0,0.5,none,True,True
4138,1.0,0.0,0.5,none,True,True
4139,1.0,0.0,0.5,none,True,True
4140,1.0,0.0,0.5,none,True,True
4141,1.0,0.0,0.5,none,True,True
4142,1.0,0.0,0.5,none,True,True
4143,1.0,0.0,0.5,none,True,True
4144,1.0,0.0,0.5,none,True,True
4145,1.0,0.0,0.5,none,True,True
4146,1.0,0.0,0.5,none,True,True
4147,1.0,0.0,0.5,none,True,True
4148,1.0,0.0,0.5,none,True,True
4149,1.0,0.0,0.5,none,True,True
4150,1.0,0.0,0.5,none,True,True
4151,1.0,0.0,0.5,none,True,True
4152,1.0,0.0,0.5,none,True,True
4153,1.0,0.0,0.5,none,True,True
4154,1.0,0.0,0.5,none,True,True
4155,1.0,0.0,0.5,none,True,True
4156,1.0,0.0,0.5,none,True,True
4157,1.0,0.0,0.5,none,True,True
4158,1.0,0.0,0.5,none,True,True
4159,1.0,0.0,0.5,none,True,True
4160,1.0,0.0,0.5,none,True,True
4161,1.0,0.0,0.5,none,True,True
4162,1.0,0.0,0.5,none,True,True
4163,1.0,0.0,0.5,none,True,True
4164,1.0,0.0,0.5,none,True,True
4165,1.0,0.0,0.5,none,True,True
4166,1.0,0.0,0.5,none,True,True
4167,1.0,0.0,0.5,none,True,True
4168,1.0,0.0,0.5,none,True,True
4169,1.0,0.0,0.5,none,True,True
4170,1.0,0.0,0.5,none,True,True
4171,1.0,0.0,0.5,none,True,True
4172,1.0,0.0,0.5,none,True,True
4173,1.0,0.0,0.5,none,True,True
4174,1.0,0.0,0.5,none,True,True
4175,1.0,0.0,0.5,none,True,True
4176,1.0,0.0,0.5,none,True,True
4177,1.0,0.0,0.5,none,True,True
4178,1.0,0.0,0.5,none,True,True
4179,1.0,0.0,0.5,none,True,True
4180,1.0,0.0,0.5,none,True,True
4181,1.0,0.0,0.5,none,True,True
4182,1.0,0.0,0.5,none,True,True
4183,1.0,0.0,0.5,none,True,True
4184,1.0,0.0,0.5,none,True,True
4185,1.0,0.0,0.5,none,True,True
4186,1.0,0.0,0.5,none,True,True
4187,1.0,0.0,0.5,none,True,True
4188,1.0,0.0,0.5,none,True,True
4189,1.0,0.0,0.5,none,True,True
4190,1.0,0.0,0.5,none,True,True
4191,1.0,0.0,0.5,none,True,True
4192,1.0,0.0,0.5,none,True,True
4193,1.0,0.0,0.5,none,True,True
4194,1.0,0.0,0.5,none,True,True
4195,1.0,0.0,0.5,none,True,True
4196,1.0,0.0,0.5,none,True,True
4197,1.0,0.0,0.5,none,True,True
4198,1.0,0.0,0.5,none,True,True
4199,1.0,0.0,0.5,none,True,True
4200,1.0,0.0061,0.5,none,True,True
4201,1.0,0.0357,0.5,none,True,True
4202,1.0,0.0812,0.5,none,True,True
4203,1.0,0.1113,0.5,none,True,True
4204,1.0,0.1253,0.5,none,True,True
4205,1.0,0.1408,0.5,none,True,True
4206,1.0,0.0907,0.5,none,True,True
4207,1.0,0.1198,0.5,none,True,True
4208,1.0,0.0467,0.5,none,True,True
4209,1.0,0.0522,0.5,none,True,True
4210,1.0,0.0405,0.5,none,True,True
4211,1.0,0.0313,0.5,none,True,True
4212,1.0,0.0083,0.5,none,True,True
4213,1.0,0.0726,0.5,none,True,True
4214,1.0,0.0793,0.5,none,True,True
4215,1.0,0.0581,0.5,none,True,True
4216,1.0,0.0955,0.5,none,True,True
4217,1.0,0.0839,0.5,none,True,True
4218,1.0,0.0648,0.5,none,True,True
4219,1.0,0.0718,0.5,none,True,True
4220,1.0,0.0589,0.5,none,True,True
4221,1.0,0.0403,0.5,none,True,True
4222,1.0,0.0327,0.5,none,True,True
4223,1.0,0.0277,0.5,none,True,True
4224,1.0,0.017,0.5,none,True,True
4225,1.0,0.0102,0.5,none,True,True
4226,1.0,0.0099,0.5,none,True,True
4227,1.0,0.008,0.5,none,True,True
4228,1.0,0.005,0.5,none,True,True
4229,1.0,0.0063,0.5,none,True,True
4230,1.0,0.009,0.5,none,True,True
4231,1.0,0.0096,0.5,none,True,True
4232,1.0,0.0108,0.5,none,True,True
4233,1.0,0.014,0.5,none,True,True
4234,1.0,0.0161,0.5,none,True,True
4235,1.0,0.0167,0.5,none,True,True
4236,1.0,0.0182,0.5,none,True,True
4237,1.0,0.0196,0.5,none,True,True
4238,1.0,0.0197,0.5,none,True,True
4239,1.0,0.0193,0.5,none,True,True
4240,1.0,0.0193,0.5,none,True,True
4241,1.0,0.0187,0.5,none,True,True
4242,1.0,0.0174,0.5,none,True,True
4243,1.0,0.0163,0.5,none,True,True
4244,1.0,0.0152,0.5,none,True,True
4245,1.0,0.0138,0.5,none,True,True
4246,1.0,0.0123,0.5,none,True,True
4247,1.0,0.0111,0.5,none,True,True
4248,1.0,0.01,0.5,none,True,True
4249,1.0,0.0088,0.5,none,True,True
4250,1.0,0.0078,0.5,none,True,True
4251,1.0,0.0071,0.5,none,True,True
4252,1.0,0.0064,0.5,none,True,True
4253,1.0,0.0057,0.5,none,True,True
4254,1.0,0.0053,0.5,none,True,True
4255,1.0,0.005,0.5,none,True,True
4256,1.0,0.0047,0.5,none,True,True
4257,1.0,0.0045,0.5,none,True,True
4258,1.0,0.0044,0.5,none,True,True
4259,1.0,0.0043,0.5,none,True,True
4260,1.0,0.0042,0.5,none,True,True
4261,1.0,0.0041,0.5,none,True,True
4262,1.0,0.004,0.5,none,True,True
4263,1.0,0.0039,0.5,none,True,True
4264,1.0,0.0038,0.5,none,True,True
4265,1.0,0.0037,0.5,none,True,True
4266,1.0,0.0035,0.5,none,True,True
4267,1.0,0.0033,0.5,none,True,True
4268,1.0,0.0032,0.5,none,True,True
4269,1.0,0.003,0.5,none,True,True
4270,1.0,0.0028,0.5,none,True,True
4271,1.0,0.0026,0.5,none,True,True
4272,1.0,0.0024,0.5,none,True,True
4273,1.0,0.0023,0.5,none,True,True
4274,1.0,0.0021,0.5,none,True,True
4275,1.0,0.0019,0.5,none,True,True
4276,1.0,0.0018,0.5,none,True,True
4277,1.0,0.0017,0.5,none,True,True
4278,1.0,0.0015,0.5,none,True,True
4279,1.0,0.0014,0.5,none,True,True
4280,1.0,0.0013,0.5,none,True,True
4281,1.0,0.0013,0.5,none,True,True
4282,1.0,0.0012,0.5,none,True,True
4283,1.0,0.0011,0.5,none,True,True
4284,1.0,0.0011,0.5,none,True,True
4285,1.0,0.001,0.5,none,True,True
4286,1.0,0.001,0.5,none,True,True
4287,1.0,0.0009,0.5,none,True,True
4288,1.0,0.0009,0.5,none,True,True
4289,1.0,0.0008,0.5,none,True,True
4290,1.0,0.0008,0.5,none,True,True
4291,1.0,0.0008,0.5,none,True,True
4292,1.0,0.0007,0.5,none,True,True
4293,1.0,0.0007,0.5,none,True,True
4294,1.0,0.0006,0.5,none,True,True
4295,1.0,0.0006,0.5,none,True,True
4296,1.0,0.0006,0.5,none,True,True
4297,1.0,0.0005,0.5,none,True,True
4298,1.0,0.0005,0.5,none,True,True
4299,1.0,0.0005,0.5,none,True,True
4300,1.0,0.0004,0.5,none,True,True
4301,1.0,0.0004,0.5,none,True,True
4302,1.0,0.0004,0.5,none,True,True
4303,1.0,0.0004,0.5,none,True,True
4304,1.0,0.0003,0.5,none,True,True
4305,1.0,0.0003,0.5,none,True,True
4306,1.0,0.0003,0.5,none,True,True
4307,1.0,0.0003,0.5,none,True,True
4308,1.0,0.0003,0.5,none,True,True
4309,1.0,0.0003,0.5,none,True,True
4310,1.0,0.0002,0.5,none,True,True
4311,1.0,0.0002,0.5,none,True,True
4312,1.0,0.0002,0.5,none,True,True
4313,1.0,0.0002,0.5,none,True,True
4314,1.0,0.0002,0.5,none,True,True
4315,1.0,0.0002,0.5,none,True,True
4316,1.0,0.0002,0.5,none,True,True
4317,1.0,0.0002,0.5,none,True,True
4318,1.0,0.0002,0.5,none,True,True
4319,1.0,0.0001,0.5,none,True,True
4320,1.0,0.0001,0.5,none,True,True
4321,1.0,0.0001,0.5,none,True,True
4322,1.0,0.0001,0.5,none,True,True
4323,1.0,0.0001,0.5,none,True,True
4324,1.0,0.0001,0.5,none,True,True
4325,1.0,0.0001,0.5,none,True,True
4326,1.0,0.0001,0.5,none,True,True
4327,1.0,0.0001,0.5,none,True,True
4328,1.0,0.0001,0.5,none,True,True
4329,1.0,0.0001,0.5,none,True,True
4330,1.0,0.0001,0.5,none,True,True
4331,1.0,0.0001,0.5,none,True,True
4332,1.0,0.0001,0.5,none,True,True
4333,1.0,0.0001,0.5,none,True,True
4334,1.0,0.0001,0.5,none,True,True
4335,1.0,0.0001,0.5,none,True,True
4336,1.0,0.0001,0.5,none,True,True
4337,1.0,0.0,0.5,none,True,True
4338,1.0,0.0,0.5,none,True,True
4339,1.0,0.0,0.5,none,True,True
4340,1.0,0.0,0.5,none,True,True
4341,1.0,0.0,0.5,none,True,True
4342,1.0,0.0,0.5,none,True,True
4343,1.0,0.0,0.5,none,True,True
4344,1.0,0.0,0.5,none,True,True
4345,1.0,0.0,0.5,none,True,True
4346,1.0,0.0,0.5,none,True,True
4347,1.0,0.0,0.5,none,True,True
4348,1.0,0.0,0.5,none,True,True
4349,1.0,0.0,0.5,none,True,True
4350,1.0,0.0,0.5,none,True,True
4351,1.0,0.0,0.5,none,True,True
4352,1.0,0.0,0.5,none,True,True
4353,1.0,0.0,0.5,none,True,True
4354,1.0,0.0,0.5,none,True,True
4355,1.0,0.0,0.5,none,True,True
4356,1.0,0.0,0.5,none,True,True
4357,1.0,0.0,0.5,none,True,True
4358,1.0,0.0,0.5,none,True,True
4359,1.0,0.0,0.5,none,True,True
4360,1.0,0.0,0.5,none,True,True
4361,1.0,0.0,0.5,none,True,True
4362,1.0,0.0,0.5,none,True,True
4363,1.0,0.0,0.5,none,True,True
4364,1.0,0.0,0.5,none,True,True
4365,1.0,0.0,0.5,none,True,True
4366,1.0,0.0,0.5,none,True,True
4367,1.0,0.0,0.5,none,True,True
4368,1.0,0.0,0.5,none,True,True
4369,1.0,0.0,0.5,none,True,True
4370,1.0,0.0,0.5,none,True,True
4371,1.0,0.0,0.5,none,True,True
4372,1.0,0.0,0.5,none,True,True
4373,1.0,0.0,0.5,none,True,True
4374,1.0,0.0,0.5,none,True,True
4375,1.0,0.0,0.5,none,True,True
4376,1.0,0.0,0.5,none,True,True
4377,1.0,0.0,0.5,none,True,True
4378,1.0,0.0,0.5,none,True,True
4379,1.0,0.0,0.5,none,True,True
4380,1.0,0.0,0.5,none,True,True
4381,1.0,0.0,0.5,none,True,True
4382,1.0,0.0,0.5,none,True,True
4383,1.0,0.0,0.5,none,True,True
4384,1.0,0.0,0.5,none,True,True
4385,1.0,0.0,0.5,none,True,True
4386,1.0,0.0,0.5,none,True,True
4387,1.0,0.0,0.5,none,True,True
4388,1.0,0.0,0.5,none,True,True
4389,1.0,0.0,0.5,none,True,True
4390,1.0,0.0,0.5,none,True,True
4391,1.0,0.0,0.5,none,True,True
4392,1.0,0.0,0.5,none,True,True
4393,1.0,0.0,0.5,none,True,True
4394,1.0,0.0,0.5,none,True,True
4395,1.0,0.0,0.5,none,True,True
4396,1.0,0.0,0.5,none,True,True
4397,1.0,0.0,0.5,none,True,True
4398,1.0,0.0,0.5,none,True,True
4399,1.0,0.0,0.5,none,True,True
4400,1.0,0.0,0.5,none,True,True
4401,1.0,0.0,0.5,none,True,True
4402,1.0,0.0,0.5,none,True,True
4403,1.0,0.0,0.5,none,True,True
4404,1.0,0.0,0.5,none,True,True
4405,1.0,0.0,0.5,none,True,True
4406,1.0,0.0,0.5,none,True,True
4407,1.0,0.0,0.5,none,True,True
4408,1.0,0.0,0.5,none,True,True
4409,1.0,0.0,0.5,none,True,True
4410,1.0,0.0,0.5,none,True,True
4411,1.0,0.0,0.5,none,True,True
4412,1.0,0.0,0.5,none,True,True
4413,1.0,0.0,0.5,none,True,True
4414,1.0,0.0,0.5,none,True,True
4415,1.0,0.0,0.5,none,True,True
4416,1.0,0.0,0.5,none,True,True
4417,1.0,0.0,0.5,none,True,True
4418,1.0,0.0,0.5,none,True,True
4419,1.0,0.0,0.5,none,True,True
4420,1.0,0.0,0.5,none,True,True
4421,1.0,0.0,0.5,none,True,True
4422,1.0,0.0,0.5,none,True,True
4423,1.0,0.0,0.5,none,True,True
4424,1.0,0.0,0.5,none,True,True
4425,1.0,0.0,0.5,none,True,True
4426,1.0,0.0,0.5,none,True,True
4427,1.0,0.0,0.5,none,True,True
4428,1.0,0.0,0.5,none,True,True
4429,1.0,0.0,0.5,none,True,True
4430,1.0,0.0,0.5,none,True,True
4431,1.0,0.0,0.5,none,True,True
4432,1.0,0.0,0.5,none,True,True
4433,1.0,0.0,0.5,none,True,True
4434,1.0,0.0,0.5,none,True,True
4435,1.0,0.0,0.5,none,True,True
4436,1.0,0.0,0.5,none,True,True
4437,1.0,0.0,0.5,none,True,True
4438,1.0,0.0,0.5,none,True,True
4439,1.0,0.0,0.5,none,True,True
4440,1.0,0.0,0.5,none,True,True
4441,1.0,0.0,0.5,none,True,True
4442,1.0,0.0,0.5,none,True,True
4443,1.0,0.0,0.5,none,True,True
4444,1.0,0.0,0.5,none,True,True
4445,1.0,0.0,0.5,none,True,True
4446,1.0,0.0,0.5,none,True,True
4447,1.0,0.0,0.5,none,True,True
4448,1.0,0.0,0.5,none,True,True
4449,1.0,0.0,0.5,none,True,True
4450,1.0,0.0,0.5,none,True,True
4451,1.0,0.0,0.5,none,True,True
4452,1.0,0.0,0.5,none,True,True
4453,1.0,0.0,0.5,none,True,True
4454,1.0,0.0,0.5,none,True,True
4455,1.0,0.0,0.5,none,True,True
4456,1.0,0.0,0.5,none,True,True
4457,1.0,0.0,0.5,none,True,True
4458,1.0,0.0,0.5,none,True,True
4459,1.0,0.0,0.5,none,True,True
4460,1.0,0.0,0.5,none,True,True
4461,1.0,0.0,0.5,none,True,True
4462,1.0,0.0,0.5,none,True,True
4463,1.0,0.0,0.5,none,True,True
4464,1.0,0.0,0.5,none,True,True
4465,1.0,0.0,0.5,none,True,True
4466,1.0,0.0,0.5,none,True,True
4467,1.0,0.0,0.5,none,True,True
4468,1.0,0.0,0.5,none,True,True
4469,1.0,0.0,0.5,none,True,True
4470,1.0,0.0,0.5,none,True,True
4471,1.0,0.0,0.5,none,True,True
4472,1.0,0.0,0.5,none,True,True
4473,1.0,0.0,0.5,none,True,True
4474,1.0,0.0,0.5,none,True,True
4475,1.0,0.0,0.5,none,True,True
4476,1.0,0.0,0.5,none,True,True
4477,1.0,0.0,0.5,none,True,True
4478,1.0,0.0,0.5,none,True,True
4479,1.0,0.0,0.5,none,True,True
4480,1.0,0.0,0.5,none,True,True
4481,1.0,0.0,0.5,none,True,True
4482,1.0,0.0,0.5,none,True,True
4483,1.0,0.0,0.5,none,True,True
4484,1.0,0.0,0.5,none,True,True
4485,1.0,0.0,0.5,none,True,True
4486,1.0,0.0,0.5,none,True,True
4487,1.0,0.0,0.5,none,True,True
4488,1.0,0.0,0.5,none,True,True
4489,1.0,0.0,0.5,none,True,True
4490,1.0,0.0,0.5,none,True,True
4491,1.0,0.0,0.5,none,True,True
4492,1.0,0.0,0.5,none,True,True
4493,1.0,0.0,0.5,none,True,True
4494,1.0,0.0,0.5,none,True,True
4495,1.0,0.0,0.5,none,True,True
4496,1.0,0.0,0.5,none,True,True
4497,1.0,0.0,0.5,none,True,True
4498,1.0,0.0,0.5,none,True,True
4499,1.0,0.0,0.5,none,True,True
4500,1.0,0.0,0.5,none,True,True
4501,1.0,0.0,0.5,none,True,True
4502,1.0,0.0,0.5,none,True,True
4503,1.0,0.0,0.5,none,True,True
4504,1.0,0.0,0.5,none,True,True
4505,1.0,0.0,0.5,none,True,True
4506,1.0,0.0,0.5,none,True,True
4507,1.0,0.0,0.5,none,True,True
4508,1.0,0.0,0.5,none,True,True
4509,1.0,0.0,0.5,none,True,True
4510,1.0,0.0,0.5,none,True,True
4511,1.0,0.0,0.5,none,True,True
4512,1.0,0.0,0.5,none,True,True
4513,1.0,0.0,0.5,none,True,True
4514,1.0,0.0,0.5,none,True,True
4515,1.0,0.0,0.5,none,True,True
4516,1.0,0.0,0.5,none,True,True
4517,1.0,0.0,0.5,none,True,True
4518,1.0,0.0,0.5,none,True,True
4519,1.0,0.0,0.5,none,True,True
4520,1.0,0.0,0.5,none,True,True
4521,1.0,0.0,0.5,none,True,True
4522,1.0,0.0,0.5,none,True,True
4523,1.0,0.0,0.5,none,True,True
4524,1.0,0.0,0.5,none,True,True
4525,1.0,0.0,0.5,none,True,True
4526,1.0,0.0,0.5,none,True,True
4527,1.0,0.0,0.5,none,True,True
4528,1.0,0.0,0.5,none,True,True
4529,1.0,0.0,0.5,none,True,True
4530,1.0,0.0,0.5,none,True,True
4531,1.0,0.0,0.5,none,True,True
4532,1.0,0.0,0.5,none,True,True
4533,1.0,0.0,0.5,none,True,True
4534,1.0,0.0,0.5,none,True,True
4535,1.0,0.0,0.5,none,True,True
4536,1.0,0.0,0.5,none,True,True
4537,1.0,0.0,0.5,none,True,True
4538,1.0,0.0,0.5,none,True,True
4539,1.0,0.0,0.5,none,True,True
4540,1.0,0.0,0.5,none,True,True
4541,1.0,0.0,0.5,none,True,True
4542,1.0,0.0,0.5,none,True,True
4543,1.0,0.0,0.5,none,True,True
4544,1.0,0.0,0.5,none,True,True
4545,1.0,0.0,0.5,none,True,True
4546,1.0,0.0,0.5,none,True,True
4547,1.0,0.0,0.5,none,True,True
4548,1.0,0.0,0.5,none,True,True
4549,1.0,0.0,0.5,none,True,True
4550,1.0,0.0,0.5,none,True,True
4551,1.0,0.0,0.5,none,True,True
4552,1.0,0.0,0.5,none,True,True
4553,1.0,0.0,0.5,none,True,True
4554,1.0,0.0,0.5,none,True,True
4555,1.0,0.0,0.5,none,True,True
4556,1.0,0.0,0.5,none,True,True
4557,1.0,0.0,0.5,none,True,True
4558,1.0,0.0,0.5,none,True,True
4559,1.0,0.0,0.5,none,True,True
4560,1.0,0.0,0.5,none,True,True
4561,1.0,0.0,0.5,none,True,True
4562,1.0,0.0,0.5,none,True,True
4563,1.0,0.0,0.5,none,True,True
4564,1.0,0.0,0.5,none,True,True
4565,1.0,0.0,0.5,none,True,True
4566,1.0,0.0,0.5,none,True,True
4567,1.0,0.0,0.5,none,True,True
4568,1.0,0.0,0.5,none,True,True
4569,1.0,0.0,0.5,none,True,True
4570,1.0,0.0,0.5,none,True,True
4571,1.0,0.0,0.5,none,True,True
4572,1.0,0.0,0.5,none,True,True
4573,1.0,0.0,0.5,none,True,True
4574,1.0,0.0,0.5,none,True,True
4575,1.0,0.0,0.5,none,True,True
4576,1.0,0.0,0.5,none,True,True
4577,1.0,0.0,0.5,none,True,True
4578,1.0,0.0,0.5,none,True,True
4579,1.0,0.0,0.5,none,True,True
4580,1.0,0.0,0.5,none,True,True
4581,1.0,0.0,0.5,none,True,True
4582,1.0,0.0,0.5,none,True,True
4583,1.0,0.0,0.5,none,True,True
4584,1.0,0.0,0.5,none,True,True
4585,1.0,0.0,0.5,none,True,True
4586,1.0,0.0,0.5,none,True,True
4587,1.0,0.0,0.5,none,True,True
4588,1.0,0.0,0.5,none,True,True
4589,1.0,0.0,0.5,none,True,True
4590,1.0,0.0,0.5,none,True,True
4591,1.0,0.0,0.5,none,True,True
4592,1.0,0.0,0.5,none,True,True
4593,1.0,0.0,0.5,none,True,True
4594,1.0,0.0,0.5,none,True,True
4595,1.0,0.0,0.5,none,True,True
4596,1.0,0.0,0.5,none,True,True
4597,1.0,0.0,0.5,none,True,True
4598,1.0,0.0,0.5,none,True,True
4599,1.0,0.0,0.5,none,True,True
4600,1.0,0.0,0.5,none,True,True
4601,1.0,0.0,0.5,none,True,True
4602,1.0,0.0,0.5,none,True,True
4603,1.0,0.0,0.5,none,True,True
4604,1.0,0.0,0.5,none,True,True
4605,1.0,0.0,0.5,none,True,True
4606,1.0,0.0,0.5,none,True,True
4607,1.0,0.0,0.5,none,True,True
4608,1.0,0.0,0.5,none,True,True
4609,1.0,0.0,0.5,none,True,True
4610,1.0,0.0,0.5,none,True,True
4611,1.0,0.0,0.5,none,True,True
4612,1.0,0.0,0.5,none,True,True
4613,1.0,0.0,0.5,none,True,True
4614,1.0,0.0,0.5,none,True,True
4615,1.0,0.0,0.5,none,True,True
4616,1.0,0.0,0.5,none,True,True
4617,1.0,0.0,0.5,none,True,True
4618,1.0,0.0,0.5,none,True,True
4619,1.0,0.0,0.5,none,True,True
4620,1.0,0.0,0.5,none,True,True
4621,1.0,0.0,0.5,none,True,True
4622,1.0,0.0,0.5,none,True,True
4623,1.0,0.0,0.5,none,True,True
4624,1.0,0.0,0.5,none,True,True
4625,1.0,0.0,0.5,none,True,True
4626,1.0,0.0,0.5,none,True,True
4627,1.0,0.0,0.5,none,True,True
4628,1.0,0.0,0.5,none,True,True
4629,1.0,0.0,0.5,none,True,True
4630,1.0,0.0,0.5,none,True,True
4631,1.0,0.0,0.5,none,True,True
4632,1.0,0.0,0.5,none,True,True
4633,1.0,0.0,0.5,none,True,True
4634,1.0,0.0,0.5,none,True,True
4635,1.0,0.0,0.5,none,True,True
4636,1.0,0.0,0.5,none,True,True
4637,1.0,0.0,0.5,none,True,True
4638,1.0,0.0,0.5,none,True,True
4639,1.0,0.0,0.5,none,True,True
4640,1.0,0.0,0.5,none,True,True
4641,1.0,0.0,0.5,none,True,True
4642,1.0,0.0,0.5,none,True,True
4643,1.0,0.0,0.5,none,True,True
4644,1.0,0.0,0.5,none,True,True
4645,1.0,0.0,0.5,none,True,True
4646,1.0,0.0,0.5,none,True,True
4647,1.0,0.0,0.5,none,True,True
4648,1.0,0.0,0.5,none,True,True
4649,1.0,0.0,0.5,none,True,True
4650,1.0,0.0,0.5,none,True,True
4651,1.0,0.0,0.5,none,True,True
4652,1.0,0.0,0.5,none,True,True
4653,1.0,0.0,0.5,none,True,True
4654,1.0,0.0,0.5,none,True,True
4655,1.0,0.0,0.5,none,True,True
4656,1.0,0.0,0.5,none,True,True
4657,1.0,0.0,0.5,none,True,True
4658,1.0,0.0,0.5,none,True,True
4659,1.0,0.0,0.5,none,True,True
4660,1.0,0.0,0.5,none,True,True
4661,1.0,0.0,0.5,none,True,True
4662,1.0,0.0,0.5,none,True,True
4663,1.0,0.0,0.5,none,True,True
4664,1.0,0.0,0.5,none,True,True
4665,1.0,0.0,0.5,none,True,True
4666,1.0,0.0,0.5,none,True,True
4667,1.0,0.0,0.5,none,True,True
4668,1.0,0.0,0.5,none,True,True
4669,1.0,0.0,0.5,none,True,True
4670,1.0,0.0,0.5,none,True,True
4671,1.0,0.0,0.5,none,True,True
4672,1.0,0.0,0.5,none,True,True
4673,1.0,0.0,0.5,none,True,True
4674,1.0,0.0,0.5,none,True,True
4675,1.0,0.0,0.5,none,True,True
4676,1.0,0.0,0.5,none,True,True
4677,1.0,0.0,0.5,none,True,True
4678,1.0,0.0,0.5,none,True,True
4679,1.0,0.0,0.5,none,True,True
4680,1.0,0.0,0.5,none,True,True
4681,1.0,0.0,0.5,none,True,True
4682,1.0,0.0,0.5,none,True,True
4683,1.0,0.0,0.5,none,True,True
4684,1.0,0.0,0.5,none,True,True
4685,1.0,0.0,0.5,none,True,True
4686,1.0,0.0,0.5,none,True,True
4687,1.0,0.0,0.5,none,True,True
4688,1.0,0.0,0.5,none,True,True
4689,1.0,0.0,0.5,none,True,True
4690,1.0,0.0,0.5,none,True,True
4691,1.0,0.0,0.5,none,True,True
4692,1.0,0.0,0.5,none,True,True
4693,1.0,0.0,0.5,none,True,True
4694,1.0,0.0,0.5,none,True,True
4695,1.0,0.0,0.5,none,True,True
4696,1.0,0.0,0.5,none,True,True
4697,1.0,0.0,0.5,none,True,True
4698,1.0,0.0,0.5,none,True,True
4699,1.0,0.0,0.5,none,True,True
4700,1.0,0.0,0.5,none,True,True
4701,1.0,0.0,0.5,none,True,True
4702,1.0,0.0,0.5,none,True,True
4703,1.0,0.0,0.5,none,True,True
4704,1.0,0.0,0.5,none,True,True
4705,1.0,0.0,0.5,none,True,True
4706,1.0,0.0,0.5,none,True,True
4707,1.0,0.0,0.5,none,True,True
4708,1.0,0.0,0.5,none,True,True
4709,1.0,0.0,0.5,none,True,True
4710,1.0,0.0,0.5,none,True,True
4711,1.0,0.0,0.5,none,True,True
4712,1.0,0.0,0.5,none,True,True
4713,1.0,0.0,0.5,none,True,True
4714,1.0,0.0,0.5,none,True,True
4715,1.0,0.0,0.5,none,True,True
4716,1.0,0.0,0.5,none,True,True
4717,1.0,0.0,0.5,none,True,True
4718,1.0,0.0,0.5,none,True,True
4719,1.0,0.0,0.5,none,True,True
4720,1.0,0.0,0.5,none,True,True
4721,1.0,0.0,0.5,none,True,True
4722,1.0,0.0,0.5,none,True,True
4723,1.0,0.0,0.5,none,True,True
4724,1.0,0.0,0.5,none,True,True
4725,1.0,0.0,0.5,none,True,True
4726,1.0,0.0,0.5,none,True,True
4727,1.0,0.0,0.5,none,True,True
4728,1.0,0.0,0.5,none,True,True
4729,1.0,0.0,0.5,none,True,True
4730,1.0,0.0,0.5,none,True,True
4731,1.0,0.0,0.5,none,True,True
4732,1.0,0.0,0.5,none,True,True
4733,1.0,0.0,0.5,none,True,True
4734,1.0,0.0,0.5,none,True,True
4735,1.0,0.0,0.5,none,True,True
4736,1.0,0.0,0.5,none,True,True
4737,1.0,0.0,0.5,none,True,True
4738,1.0,0.0,0.5,none,True,True
4739,1.0,0.0,0.5,none,True,True
4740,1.0,0.0,0.5,none,True,True
4741,1.0,0.0,0.5,none,True,True
4742,1.0,0.0,0.5,none,True,True
4743,1.0,0.0,0.5,none,True,True
4744,1.0,0.0,0.5,none,True,True
4745,1.0,0.0,0.5,none,True,True
4746,1.0,0.0,0.5,none,True,True
4747,1.0,0.0,0.5,none,True,True
4748,1.0,0.0,0.5,none,True,True
4749,1.0,0.0,0.5,none,True,True
4750,1.0,0.0,0.5,none,True,True
4751,1.0,0.0,0.5,none,True,True
4752,1.0,0.0,0.5,none,True,True
4753,1.0,0.0,0.5,none,True,True
4754,1.0,0.0,0.5,none,True,True
4755,1.0,0.0,0.5,none,True,True
4756,1.0,0.0,0.5,none,True,True
4757,1.0,0.0,0.5,none,True,True
4758,1.0,0.0,0.5,none,True,True
4759,1.0,0.0,0.5,none,True,True
4760,1.0,0.0,0.5,none,True,True
4761,1.0,0.0,0.5,none,True,True
4762,1.0,0.0,0.5,none,True,True
4763,1.0,0.0,0.5,none,True,True
4764,1.0,0.0,0.5,none,True,True
4765,1.0,0.0,0.5,none,True,True
4766,1.0,0.0,0.5,none,True,True
4767,1.0,0.0,0.5,none,True,True
4768,1.0,0.0,0.5,none,True,True
4769,1.0,0.0,0.5,none,True,True
4770,1.0,0.0,0.5,none,True,True
4771,1.0,0.0,0.5,none,True,True
4772,1.0,0.0,0.5,none,True,True
4773,1.0,0.0,0.5,none,True,True
4774,1.0,0.0,0.5,none,True,True
4775,1.0,0.0,0.5,none,True,True
4776,1.0,0.0,0.5,none,True,True
4777,1.0,0.0,0.5,none,True,True
4778,1.0,0.0,0.5,none,True,True
4779,1.0,0.0,0.5,none,True,True
4780,1.0,0.0,0.5,none,True,True
4781,1.0,0.0,0.5,none,True,True
4782,1.0,0.0,0.5,none,True,True
4783,1.0,0.0,0.5,none,True,True
4784,1.0,0.0,0.5,none,True,True
4785,1.0,0.0,0.5,none,True,True
4786,1.0,0.0,0.5,none,True,True
4787,1.0,0.0,0.5,none,True,True
4788,1.0,0.0,0.5,none,True,True
4789,1.0,0.0,0.5,none,True,True
4790,1.0,0.0,0.5,none,True,True
4791,1.0,0.0,0.5,none,True,True
4792,1.0,0.0,0.5,none,True,True
4793,1.0,0.0,0.5,none,True,True
4794,1.0,0.0,0.5,none,True,True
4795,1.0,0.0,0.5,none,True,True
4796,1.0,0.0,0.5,none,True,True
4797,1.0,0.0,0.5,none,True,True
4798,1.0,0.0,0.5,none,True,True
4799,1.0,0.0,0.5,none,True,True
4800,1.0,0.0,0.5,none,True,True
4801,1.0,0.0,0.5,none,True,True
4802,1.0,0.0,0.5,none,True,True
4803,1.0,0.0,0.5,none,True,True
4804,1.0,0.0,0.5,none,True,True
4805,1.0,0.0,0.5,none,True,True
4806,1.0,0.0,0.5,none,True,True
4807,1.0,0.0,0.5,none,True,True
4808,1.0,0.0,0.5,none,True,True
4809,1.0,0.0,0.5,none,True,True
4810,1.0,0.0,0.5,none,True,True
4811,1.0,0.0,0.5,none,True,True
4812,1.0,0.0,0.5,none,True,True
4813,1.0,0.0,0.5,none,True,True
4814,1.0,0.0,0.5,none,True,True
4815,1.0,0.0,0.5,none,True,True
4816,1.0,0.0,0.5,none,True,True
4817,1.0,0.0,0.5,none,True,True
4818,1.0,0.0,0.5,none,True,True
4819,1.0,0.0,0.5,none,True,True
4820,1.0,0.0,0.5,none,True,True
4821,1.0,0.0,0.5,none,True,True
4822,1.0,0.0,0.5,none,True,True
4823,1.0,0.0,0.5,none,True,True
4824,1.0,0.0,0.5,none,True,True
4825,1.0,0.0,0.5,none,True,True
4826,1.0,0.0,0.5,none,True,True
4827,1.0,0.0,0.5,none,True,True
4828,1.0,0.0,0.5,none,True,True
4829,1.0,0.0,0.5,none,True,True
4830,1.0,0.0,0.5,none,True,True
4831,1.0,0.0,0.5,none,True,True
4832,1.0,0.0,0.5,none,True,True
4833,1.0,0.0,0.5,none,True,True
4834,1.0,0.0,0.5,none,True,True
4835,1.0,0.0,0.5,none,True,True
4836,1.0,0.0,0.5,none,True,True
4837,1.0,0.0,0.5,none,True,True
4838,1.0,0.0,0.5,none,True,True
4839,1.0,0.0,0.5,none,True,True
4840,1.0,0.0,0.5,none,True,True
4841,1.0,0.0,0.5,none,True,True
4842,1.0,0.0,0.5,none,True,True
4843,1.0,0.0,0.5,none,True,True
4844,1.0,0.0,0.5,none,True,True
4845,1.0,0.0,0.5,none,True,True
4846,1.0,0.0,0.5,none,True,True
4847,1.0,0.0,0.5,none,True,True
4848,1.0,0.0,0.5,none,True,True
4849,1.0,0.0,0.5,none,True,True
4850,1.0,0.0,0.5,none,True,True
4851,1.0,0.0,0.5,none,True,True
4852,1.0,0.0,0.5,none,True,True
4853,1.0,0.0,0.5,none,True,True
4854,1.0,0.0,0.5,none,True,True
4855,1.0,0.0,0.5,none,True,True
4856,1.0,0.0,0.5,none,True,True
4857,1.0,0.0,0.5,none,True,True
4858,1.0,0.0,0.5,none,True,True
4859,1.0,0.0,0.5,none,True,True
4860,1.0,0.0,0.5,none,True,True
4861,1.0,0.0,0.5,none,True,True
4862,1.0,0.0,0.5,none,True,True
4863,1.0,0.0,0.5,none,True,True
4864,1.0,0.0,0.5,none,True,True
4865,1.0,0.0,0.5,none,True,True
4866,1.0,0.0,0.5,none,True,True
4867,1.0,0.0,0.5,none,True,True
4868,1.0,0.0,0.5,none,True,True
4869,1.0,0.0,0.5,none,True,True
4870,1.0,0.0,0.5,none,True,True
4871,1.0,0.0,0.5,none,True,True
4872,1.0,0.0,0.5,none,True,True
4873,1.0,0.0,0.5,none,True,True
4874,1.0,0.0,0.5,none,True,True
4875,1.0,0.0,0.5,none,True,True
4876,1.0,0.0,0.5,none,True,True
4877,1.0,0.0,0.5,none,True,True
4878,1.0,0.0,0.5,none,True,True
4879,1.0,0.0,0.5,none,True,True
4880,1.0,0.0,0.5,none,True,True
4881,1.0,0.0,0.5,none,True,True
4882,1.0,0.0,0.5,none,True,True
4883,1.0,0.0,0.5,none,True,True
4884,1.0,0.0,0.5,none,True,True
4885,1.0,0.0,0.5,none,True,True
4886,1.0,0.0,0.5,none,True,True
4887,1.0,0.0,0.5,none,True,True
4888,1.0,0.0,0.5,none,True,True
4889,1.0,0.0,0.5,none,True,True
4890,1.0,0.0,0.5,none,True,True
4891,1.0,0.0,0.5,none,True,True
4892,1.0,0.0,0.5,none,True,True
4893,1.0,0.0,0.5,none,True,True
4894,1.0,0.0,0.5,none,True,True
4895,1.0,0.0,0.5,none,True,True
4896,1.0,0.0,0.5,none,True,True
4897,1.0,0.0,0.5,none,True,True
4898,1.0,0.0,0.5,none,True,True
4899,1.0,0.0,0.5,none,True,True
4900,1.0,0.0061,0.5,none,True,True
4901,1.0,0.0357,0.5,none,True,True
4902,1.0,0.0812,0.5,none,True,True
4903,1.0,0.1113,0.5,none,True,True
4904,1.0,0.1253,0.5,none,True,True
4905,1.0,0.1408,0.5,none,True,True
4906,1.0,0.0907,0.5,none,True,True
4907,1.0,0.1198,0.5,none,True,True
4908,1.0,0.0467,0.5,none,True,True
4909,1.0,0.0522,0.5,none,True,True
4910,1.0,0.0405,0.5,none,True,True
4911,1.0,0.0313,0.5,none,True,True
4912,1.0,0.0083,0.5,none,True,True
4913,1.0,0.0726,0.5,none,True,True
4914,1.0,0.0793,0.5,none,True,True
4915,1.0,0.0581,0.5,none,True,True
4916,1.0,0.0955,0.5,none,True,True
4917,1.0,0.0839,0.5,none,True,True
4918,1.0,0.0648,0.5,none,True,True
4919,1.0,0.0718,0.5,none,True,True
4920,1.0,0.0589,0.5,none,True,True
4921,1.0,0.0403,0.5,none,True,True
4922,1.0,0.0327,0.5,none,True,True
4923,1.0,0.0277,0.5,none,True,True
4924,1.0,0.017,0.5,none,True,True
4925,1.0,0.0102,0.5,none,True,True
4926,1.0,0.0099,0.5,none,True,True
4927,1.0,0.008,0.5,none,True,True
4928,1.0,0.005,0.5,none,True,True
4929,1.0,0.0063,0.5,none,True,True
4930,1.0,0.009,0.5,none,True,True
4931,1.0,0.0096,0.5,none,True,True
4932,1.0,0.0108,0.5,none,True,True
4933,1.0,0.014,0.5,none,True,True
4934,1.0,0.0161,0.5,none,True,True
4935,1.0,0.0167,0.5,none,True,True
4936,1.0,0.0182,0.5,none,True,True
4937,1.0,0.0196,0.5,none,True,True
4938,1.0,0.0197,0.5,none,True,True
4939,1.0,0.0193,0.5,none,True,True
4940,1.0,0.0193,0.5,none,True,True
4941,1.0,0.0187,0.5,none,True,True
4942,1.0,0.0174,0.5,none,True,True
4943,1.0,0.0163,0.5,none,True,True
4944,1.0,0.0152,0.5,none,True,True
4945,1.0,0.0138,0.5,none,True,True
4946,1.0,0.0123,0.5,none,True,True
4947,1.0,0.0111,0.5,none,True,True
4948,1.0,0.01,0.5,none,True,True
4949,1.0,0.0088,0.5,none,True,True
4950,1.0,0.0078,0.5,none,True,True
4951,1.0,0.0071,0.5,none,True,True
4952,1.0,0.0064,0.5,none,True,True
4953,1.0,0.0057,0.5,none,True,True
4954,1.0,0.0053,0.5,none,True,True
4955,1.0,0.005,0.5,none,True,True
4956,1.0,0.0047,0.5,none,True,True
4957,1.0,0.0045,0.5,none,True,True
4958,1.0,0.0044,0.5,none,True,True
4959,1.0,0.0043,0.5,none,True,True
4960,1.0,0.0042,0.5,none,True,True
4961,1.0,0.0041,0.5,none,True,True
4962,1.0,0.004,0.5,none,True,True
4963,1.0,0.0039,0.5,none,True,True
4964,1.0,0.0038,0.5,none,True,True
4965,1.0,0.0037,0.5,none,True,True
4966,1.0,0.0035,0.5,none,True,True
4967,1.0,0.0033,0.5,none,True,True
4968,1.0,0.0032,0.5,none,True,True
4969,1.0,0.003,0.5,none,True,True
4970,1.0,0.0028,0.5,none,True,True
4971,1.0,0.0026,0.5,none,True,True
4972,1.0,0.0024,0.5,none,True,True
4973,1.0,0.0023,0.5,none,True,True
4974,1.0,0.0021,0.5,none,True,True
4975,1.0,0.0019,0.5,none,True,True
4976,1.0,0.0018,0.5,none,True,True
4977,1.0,0.0017,0.5,none,True,True
4978,1.0,0.0015,0.5,none,True,True
4979,1.0,0.0014,0.5,none,True,True
4980,1.0,0.0013,0.5,none,True,True
4981,1.0,0.0013,0.5,none,True,True
4982,1.0,0.0012,0.5,none,True,True
4983,1.0,0.0011,0.5,none,True,True
4984,1.0,0.0011,0.5,none,True,True
4985,1.0,0.001,0.5,none,True,True
4986,1.0,0.001,0.5,none,True,True
4987,1.0,0.0009,0.5,none,True,True
4988,1.0,0.0009,0.5,none,True,True
4989,1.0,0.0008,0.5,none,True,True
4990,1.0,0.0008,0.5,none,True,True
4991,1.0,0.0008,0.5,none,True,True
4992,1.0,0.0007,0.5,none,True,True
4993,1.0,0.0007,0.5,none,True,True
4994,1.0,0.0006,0.5,none,True,True
4995,1.0,0.0006,0.5,none,True,True
4996,1.0,0.0006,0.5,none,True,True
4997,1.0,0.0005,0.5,none,True,True
4998,1.0,0.0005,0.5,none,True,True
4999,1.0,0.0005,0.5,none,True,True
5000,1.0,0.0004,0.5,none,True,True
5001,1.0,0.0004,0.5,none,True,True
5002,1.0,0.0004,0.5,none,True,True
5003,1.0,0.0004,0.5,none,True,True
5004,1.0,0.0003,0.5,none,True,True
5005,1.0,0.0003,0.5,none,True,True
5006,1.0,0.0003,0.5,none,True,True
5007,1.0,0.0003,0.5,none,True,True
5008,1.0,0.0003,0.5,none,True,True
5009,1.0,0.0003,0.5,none,True,True
5010,1.0,0.0002,0.5,none,True,True
5011,1.0,0.0002,0.5,none,True,True
5012,1.0,0.0002,0.5,none,True,True
5013,1.0,0.0002,0.5,none,True,True
5014,1.0,0.0002,0.5,none,True,True
5015,1.0,0.0002,0.5,none,True,True
5016,1.0,0.0002,0.5,none,True,True
5017,1.0,0.0002,0.5,none,True,True
5018,1.0,0.0002,0.5,none,True,True
5019,1.0,0.0001,0.5,none,True,True
5020,1.0,0.0001,0.5,none,True,True
5021,1.0,0.0001,0.5,none,True,True
5022,1.0,0.0001,0.5,none,True,True
5023,1.0,0.0001,0.5,none,True,True
5024,1.0,0.0001,0.5,none,True,True
5025,1.0,0.0001,0.5,none,True,True
5026,1.0,0.0001,0.5,none,True,True
5027,1.0,0.0001,0.5,none,True,True
5028,1.0,0.0001,0.5,none,True,True
5029,1.0,0.0001,0.5,none,True,True
5030,1.0,0.0001,0.5,none,True,True
5031,1.0,0.0001,0.5,none,True,True
5032,1.0,0.0001,0.5,none,True,True
5033,1.0,0.0001,0.5,none,True,True
5034,1.0,0.0001,0.5,none,True,True
5035,1.0,0.0001,0.5,none,True,True
5036,1.0,0.0001,0.5,none,True,True
5037,1.0,0.0,0.5,none,True,True
5038,1.0,0.0,0.5,none,True,True
5039,1.0,0.0,0.5,none,True,True
5040,1.0,0.0,0.5,none,True,True
5041,1.0,0.0,0.5,none,True,True
5042,1.0,0.0,0.5,none,True,True
5043,1.0,0.0,0.5,none,True,True
5044,1.0,0.0,0.5,none,True,True
5045,1.0,0.0,0.5,none,True,True
5046,1.0,0.0,0.5,none,True,True
5047,1.0,0.0,0.5,none,True,True
5048,1.0,0.0,0.5,none,True,True
5049,1.0,0.0,0.5,none,True,True
5050,1.0,0.0,0.5,none,True,True
5051,1.0,0.0,0.5,none,True,True
5052,1.0,0.0,0.5,none,True,True
5053,1.0,0.0,0.5,none,True,True
5054,1.0,0.0,0.5,none,True,True
5055,1.0,0.0,0.5,none,True,True
5056,1.0,0.0,0.5,none,True,True
5057,1.0,0.0,0.5,none,True,True
5058,1.0,0.0,0.5,none,True,True
5059,1.0,0.0,0.5,none,True,True
5060,1.0,0.0,0.5,none,True,True
5061,1.0,0.0,0.5,none,True,True
5062,1.0,0.0,0.5,none,True,True
5063,1.0,0.0,0.5,none,True,True
5064,1.0,0.0,0.5,none,True,True
5065,1.0,0.0,0.5,none,True,True
5066,1.0,0.0,0.5,none,True,True
5067,1.0,0.0,0.5,none,True,True
5068,1.0,0.0,0.5,none,True,True
5069,1.0,0.0,0.5,none,True,True
5070,1.0,0.0,0.5,none,True,True
5071,1.0,0.0,0.5,none,True,True
5072,1.0,0.0,0.5,none,True,True
5073,1.0,0.0,0.5,none,True,True
5074,1.0,0.0,0.5,none,True,True
5075,1.0,0.0,0.5,none,True,True
5076,1.0,0.0,0.5,none,True,True
5077,1.0,0.0,0.5,none,True,True
5078,1.0,0.0,0.5,none,True,True
5079,1.0,0.0,0.5,none,True,True
5080,1.0,0.0,0.5,none,True,True
5081,1.0,0.0,0.5,none,True,True
5082,1.0,0.0,0.5,none,True,True
5083,1.0,0.0,0.5,none,True,True
5084,1.0,0.0,0.5,none,True,True
5085,1.0,0.0,0.5,none,True,True
5086,1.0,0.0,0.5,none,True,True
5087,1.0,0.0,0.5,none,True,True
5088,1.0,0.0,0.5,none,True,True
5089,1.0,0.0,0.5,none,True,True
5090,1.0,0.0,0.5,none,True,True
5091,1.0,0.0,0.5,none,True,True
5092,1.0,0.0,0.5,none,True,True
5093,1.0,0.0,0.5,none,True,True
5094,1.0,0.0,0.5,none,True,True
5095,1.0,0.0,0.5,none,True,True
5096,1.0,0.0,0.5,none,True,True
5097,1.0,0.0,0.5,none,True,True
5098,1.0,0.0,0.5,none,True,True
5099,1.0,0.0,0.5,none,True,True
5100,1.0,0.0,0.5,none,True,True
5101,1.0,0.0,0.5,none,True,True
5102,1.0,0.0,0.5,none,True,True
5103,1.0,0.0,0.5,none,True,True
5104,1.0,0.0,0.5,none,True,True
5105,1.0,0.0,0.5,none,True,True
5106,1.0,0.0,0.5,none,True,True
5107,1.0,0.0,0.5,none,True,True
5108,1.0,0.0,0.5,none,True,True
5109,1.0,0.0,0.5,none,True,True
5110,1.0,0.0,0.5,none,True,True
5111,1.0,0.0,0.5,none,True,True
5112,1.0,0.0,0.5,none,True,True
5113,1.0,0.0,0.5,none,True,True
5114,1.0,0.0,0.5,none,True,True
5115,1.0,0.0,0.5,none,True,True
5116,1.0,0.0,0.5,none,True,True
5117,1.0,0.0,0.5,none,True,True
5118,1.0,0.0,0.5,none,True,True
5119,1.0,0.0,0.5,none,True,True
5120,1.0,0.0,0.5,none,True,True
5121,1.0,0.0,0.5,none,True,True
5122,1.0,0.0,0.5,none,True,True
5123,1.0,0.0,0.5,none,True,True
5124,1.0,0.0,0.5,none,True,True
5125,1.0,0.0,0.5,none,True,True
5126,1.0,0.0,0.5,none,True,True
5127,1.0,0.0,0.5,none,True,True
5128,1.0,0.0,0.5,none,True,True
5129,1.0,0.0,0.5,none,True,True
5130,1.0,0.0,0.5,none,True,True
5131,1.0,0.0,0.5,none,True,True
5132,1.0,0.0,0.5,none,True,True
5133,1.0,0.0,0.5,none,True,True
5134,1.0,0.0,0.5,none,True,True
5135,1.0,0.0,0.5,none,True,True
5136,1.0,0.0,0.5,none,True,True
5137,1.0,0.0,0.5,none,True,True
5138,1.0,0.0,0.5,none,True,True
5139,1.0,0.0,0.5,none,True,True
5140,1.0,0.0,0.5,none,True,True
5141,1.0,0.0,0.5,none,True,True
5142,1.0,0.0,0.5,none,True,True
5143,1.0,0.0,0.5,none,True,True
5144,1.0,0.0,0.5,none,True,True
5145,1.0,0.0,0.5,none,True,True
5146,1.0,0.0,0.5,none,True,True
5147,1.0,0.0,0.5,none,True,True
5148,1.0,0.0,0.5,none,True,True
5149,1.0,0.0,0.5,none,True,True
5150,1.0,0.0,0.5,none,True,True
5151,1.0,0.0,0.5,none,True,True
5152,1.0,0.0,0.5,none,True,True
5153,1.0,0.0,0.5,none,True,True
5154,1.0,0.0,0.5,none,True,True
5155,1.0,0.0,0.5,none,True,True
5156,1.0,0.0,0.5,none,True,True
5157,1.0,0.0,0.5,none,True,True
5158,1.0,0.0,0.5,none,True,True
5159,1.0,0.0,0.5,none,True,True
5160,1.0,0.0,0.5,none,True,True
5161,1.0,0.0,0.5,none,True,True
5162,1.0,0.0,0.5,none,True,True
5163,1.0,0.0,0.5,none,True,True
5164,1.0,0.0,0.5,none,True,True
5165,1.0,0.0,0.5,none,True,True
5166,1.0,0.0,0.5,none,True,True
5167,1.0,0.0,0.5,none,True,True
5168,1.0,0.0,0.5,none,True,True
5169,1.0,0.0,0.5,none,True,True
5170,1.0,0.0,0.5,none,True,True
5171,1.0,0.0,0.5,none,True,True
5172,1.0,0.0,0.5,none,True,True
5173,1.0,0.0,0.5,none,True,True
5174,1.0,0.0,0.5,none,True,True
5175,1.0,0.0,0.5,none,True,True
5176,1.0,0.0,0.5,none,True,True
5177,1.0,0.0,0.5,none,True,True
5178,1.0,0.0,0.5,none,True,True
5179,1.0,0.0,0.5,none,True,True
5180,1.0,0.0,0.5,none,True,True
5181,1.0,0.0,0.5,none,True,True
5182,1.0,0.0,0.5,none,True,True
5183,1.0,0.0,0.5,none,True,True
5184,1.0,0.0,0.5,none,True,True
5185,1.0,0.0,0.5,none,True,True
5186,1.0,0.0,0.5,none,True,True
5187,1.0,0.0,0.5,none,True,True
5188,1.0,0.0,0.5,none,True,True
5189,1.0,0.0,0.5,none,True,True
5190,1.0,0.0,0.5,none,True,True
5191,1.0,0.0,0.5,none,True,True
5192,1.0,0.0,0.5,none,True,True
5193,1.0,0.0,0.5,none,True,True
5194,1.0,0.0,0.5,none,True,True
5195,1.0,0.0,0.5,none,True,True
5196,1.0,0.0,0.5,none,True,True
5197,1.0,0.0,0.5,none,True,True
5198,1.0,0.0,0.5,none,True,True
5199,1.0,0.0,0.5,none,True,True
5200,1.0,0.0,0.5,none,True,True
5201,1.0,0.0,0.5,none,True,True
5202,1.0,0.0,0.5,none,True,True
5203,1.0,0.0,0.5,none,True,True
5204,1.0,0.0,0.5,none,True,True
5205,1.0,0.0,0.5,none,True,True
5206,1.0,0.0,0.5,none,True,True
5207,1.0,0.0,0.5,none,True,True
5208,1.0,0.0,0.5,none,True,True
5209,1.0,0.0,0.5,none,True,True
5210,1.0,0.0,0.5,none,True,True
5211,1.0,0.0,0.5,none,True,True
5212,1.0,0.0,0.5,none,True,True
5213,1.0,0.0,0.5,none,True,True
5214,1.0,0.0,0.5,none,True,True
5215,1.0,0.0,0.5,none,True,True
5216,1.0,0.0,0.5,none,True,True
5217,1.0,0.0,0.5,none,True,True
5218,1.0,0.0,0.5,none,True,True
5219,1.0,0.0,0.5,none,True,True
5220,1.0,0.0,0.5,none,True,True
5221,1.0,0.0,0.5,none,True,True
5222,1.0,0.0,0.5,none,True,True
5223,1.0,0.0,0.5,none,True,True
5224,1.0,0.0,0.5,none,True,True
5225,1.0,0.0,0.5,none,True,True
5226,1.0,0.0,0.5,none,True,True
5227,1.0,0.0,0.5,none,True,True
5228,1.0,0.0,0.5,none,True,True
5229,1.0,0.0,0.5,none,True,True
5230,1.0,0.0,0.5,none,True,True
5231,1.0,0.0,0.5,none,True,True
5232,1.0,0.0,0.5,none,True,True
5233,1.0,0.0,0.5,none,True,True
5234,1.0,0.0,0.5,none,True,True
5235,1.0,0.0,0.5,none,True,True
5236,1.0,0.0,0.5,none,True,True
5237,1.0,0.0,0.5,none,True,True
5238,1.0,0.0,0.5,none,True,True
5239,1.0,0.0,0.5,none,True,True
5240,1.0,0.0,0.5,none,True,True
5241,1.0,0.0,0.5,none,True,True
5242,1.0,0.0,0.5,none,True,True
5243,1.0,0.0,0.5,none,True,True
5244,1.0,0.0,0.5,none,True,True
5245,1.0,0.0,0.5,none,True,True
5246,1.0,0.0,0.5,none,True,True
5247,1.0,0.0,0.5,none,True,True
5248,1.0,0.0,0.5,none,True,True
5249,1.0,0.0,0.5,none,True,True
5250,1.0,0.0,0.5,none,True,True
5251,1.0,0.0,0.5,none,True,True
5252,1.0,0.0,0.5,none,True,True
5253,1.0,0.0,0.5,none,True,True
5254,1.0,0.0,0.5,none,True,True
5255,1.0,0.0,0.5,none,True,True
5256,1.0,0.0,0.5,none,True,True
5257,1.0,0.0,0.5,none,True,True
5258,1.0,0.0,0.5,none,True,True
5259,1.0,0.0,0.5,none,True,True
5260,1.0,0.0,0.5,none,True,True
5261,1.0,0.0,0.5,none,True,True
5262,1.0,0.0,0.5,none,True,True
5263,1.0,0.0,0.5,none,True,True
5264,1.0,0.0,0.5,none,True,True
5265,1.0,0.0,0.5,none,True,True
5266,1.0,0.0,0.5,none,True,True
5267,1.0,0.0,0.5,none,True,True
5268,1.0,0.0,0.5,none,True,True
5269,1.0,0.0,0.5,none,True,True
5270,1.0,0.0,0.5,none,True,True
5271,1.0,0.0,0.5,none,True,True
5272,1.0,0.0,0.5,none,True,True
5273,1.0,0.0,0.5,none,True,True
5274,1.0,0.0,0.5,none,True,True
5275,1.0,0.0,0.5,none,True,True
5276,1.0,0.0,0.5,none,True,True
5277,1.0,0.0,0.5,none,True,True
5278,1.0,0.0,0.5,none,True,True
5279,1.0,0.0,0.5,none,True,True
5280,1.0,0.0,0.5,none,True,True
5281,1.0,0.0,0.5,none,True,True
5282,1.0,0.0,0.5,none,True,True
5283,1.0,0.0,0.5,none,True,True
5284,1.0,0.0,0.5,none,True,True
5285,1.0,0.0,0.5,none,True,True
5286,1.0,0.0,0.5,none,True,True
5287,1.0,0.0,0.5,none,True,True
5288,1.0,0.0,0.5,none,True,True
5289,1.0,0.0,0.5,none,True,True
5290,1.0,0.0,0.5,none,True,True
5291,1.0,0.0,0.5,none,True,True
5292,1.0,0.0,0.5,none,True,True
5293,1.0,0.0,0.5,none,True,True
5294,1.0,0.0,0.5,none,True,True
5295,1.0,0.0,0.5,none,True,True
5296,1.0,0.0,0.5,none,True,True
5297,1.0,0.0,0.5,none,True,True
5298,1.0,0.0,0.5,none,True,True
5299,1.0,0.0,0.5,none,True,True
5300,1.0,0.0,0.5,none,True,True
5301,1.0,0.0,0.5,none,True,True
5302,1.0,0.0,0.5,none,True,True
5303,1.0,0.0,0.5,none,True,True
5304,1.0,0.0,0.5,none,True,True
5305,1.0,0.0,0.5,none,True,True
5306,1.0,0.0,0.5,none,True,True
5307,1.0,0.0,0.5,none,True,True
5308,1.0,0.0,0.5,none,True,True
5309,1.0,0.0,0.5,none,True,True
5310,1.0,0.0,0.5,none,True,True
5311,1.0,0.0,0.5,none,True,True
5312,1.0,0.0,0.5,none,True,True
5313,1.0,0.0,0.5,none,True,True
5314,1.0,0.0,0.5,none,True,True
5315,1.0,0.0,0.5,none,True,True
5316,1.0,0.0,0.5,none,True,True
5317,1.0,0.0,0.5,none,True,True
5318,1.0,0.0,0.5,none,True,True
5319,1.0,0.0,0.5,none,True,True
5320,1.0,0.0,0.5,none,True,True
5321,1.0,0.0,0.5,none,True,True
5322,1.0,0.0,0.5,none,True,True
5323,1.0,0.0,0.5,none,True,True
5324,1.0,0.0,0.5,none,True,True
5325,1.0,0.0,0.5,none,True,True
5326,1.0,0.0,0.5,none,True,True
5327,1.0,0.0,0.5,none,True,True
5328,1.0,0.0,0.5,none,True,True
5329,1.0,0.0,0.5,none,True,True
5330,1.0,0.0,0.5,none,True,True
5331,1.0,0.0,0.5,none,True,True
5332,1.0,0.0,0.5,none,True,True
5333,1.0,0.0,0.5,none,True,True
5334,1.0,0.0,0.5,none,True,True
5335,1.0,0.0,0.5,none,True,True
5336,1.0,0.0,0.5,none,True,True
5337,1.0,0.0,0.5,none,True,True
5338,1.0,0.0,0.5,none,True,True
5339,1.0,0.0,0.5,none,True,True
5340,1.0,0.0,0.5,none,True,True
5341,1.0,0.0,0.5,none,True,True
5342,1.0,0.0,0.5,none,True,True
5343,1.0,0.0,0.5,none,True,True
5344,1.0,0.0,0.5,none,True,True
5345,1.0,0.0,0.5,none,True,True
5346,1.0,0.0,0.5,none,True,True
5347,1.0,0.0,0.5,none,True,True
5348,1.0,0.0,0.5,none,True,True
5349,1.0,0.0,0.5,none,True,True
5350,1.0,0.0,0.5,none,True,True
5351,1.0,0.0,0.5,none,True,True
5352,1.0,0.0,0.5,none,True,True
5353,1.0,0.0,0.5,none,True,True
5354,1.0,0.0,0.5,none,True,True
5355,1.0,0.0,0.5,none,True,True
5356,1.0,0.0,0.5,none,True,True
5357,1.0,0.0,0.5,none,True,True
5358,1.0,0.0,0.5,none,True,True
5359,1.0,0.0,0.5,none,True,True
5360,1.0,0.0,0.5,none,True,True
5361,1.0,0.0,0.5,none,True,True
5362,1.0,0.0,0.5,none,True,True
5363,1.0,0.0,0.5,none,True,True
5364,1.0,0.0,0.5,none,True,True
5365,1.0,0.0,0.5,none,True,True
5366,1.0,0.0,0.5,none,True,True
5367,1.0,0.0,0.5,none,True,True
5368,1.0,0.0,0.5,none,True,True
5369,1.0,0.0,0.5,none,True,True
5370,1.0,0.0,0.5,none,True,True
5371,1.0,0.0,0.5,none,True,True
5372,1.0,0.0,0.5,none,True,True
5373,1.0,0.0,0.5,none,True,True
5374,1.0,0.0,0.5,none,True,True
5375,1.0,0.0,0.5,none,True,True
5376,1.0,0.0,0.5,none,True,True
5377,1.0,0.0,0.5,none,True,True
5378,1.0,0.0,0.5,none,True,True
5379,1.0,0.0,0.5,none,True,True
5380,1.0,0.0,0.5,none,True,True
5381,1.0,0.0,0.5,none,True,True
5382,1.0,0.0,0.5,none,True,True
5383,1.0,0.0,0.5,none,True,True
5384,1.0,0.0,0.5,none,True,True
5385,1.0,0.0,0.5,none,True,True
5386,1.0,0.0,0.5,none,True,True
5387,1.0,0.0,0.5,none,True,True
5388,1.0,0.0,0.5,none,True,True
5389,1.0,0.0,0.5,none,True,True
5390,1.0,0.0,0.5,none,True,True
5391,1.0,0.0,0.5,none,True,True
5392,1.0,0.0,0.5,none,True,True
5393,1.0,0.0,0.5,none,True,True
5394,1.0,0.0,0.5,none,True,True
5395,1.0,0.0,0.5,none,True,True
5396,1.0,0.0,0.5,none,True,True
5397,1.0,0.0,0.5,none,True,True
5398,1.0,0.0,0.5,none,True,True
5399,1.0,0.0,0.5,none,True,True
5400,1.0,0.0,0.5,none,True,True
5401,1.0,0.0,0.5,none,True,True
5402,1.0,0.0,0.5,none,True,True
5403,1.0,0.0,0.5,none,True,True
5404,1.0,0.0,0.5,none,True,True
5405,1.0,0.0,0.5,none,True,True
5406,1.0,0.0,0.5,none,True,True
5407,1.0,0.0,0.5,none,True,True
5408,1.0,0.0,0.5,none,True,True
5409,1.0,0.0,0.5,none,True,True
5410,1.0,0.0,0.5,none,True,True
5411,1.0,0.0,0.5,none,True,True
5412,1.0,0.0,0.5,none,True,True
5413,1.0,0.0,0.5,none,True,True
5414,1.0,0.0,0.5,none,True,True
5415,1.0,0.0,0.5,none,True,True
5416,1.0,0.0,0.5,none,True,True
5417,1.0,0.0,0.5,none,True,True
5418,1.0,0.0,0.5,none,True,True
5419,1.0,0.0,0.5,none,True,True
5420,1.0,0.0,0.5,none,True,True
5421,1.0,0.0,0.5,none,True,True
5422,1.0,0.0,0.5,none,True,True
5423,1.0,0.0,0.5,none,True,True
5424,1.0,0.0,0.5,none,True,True
5425,1.0,0.0,0.5,none,True,True
5426,1.0,0.0,0.5,none,True,True
5427,1.0,0.0,0.5,none,True,True
5428,1.0,0.0,0.5,none,True,True
5429,1.0,0.0,0.5,none,True,True
5430,1.0,0.0,0.5,none,True,True
5431,1.0,0.0,0.5,none,True,True
5432,1.0,0.0,0.5,none,True,True
5433,1.0,0.0,0.5,none,True,True
5434,1.0,0.0,0.5,none,True,True
5435,1.0,0.0,0.5,none,True,True
5436,1.0,0.0,0.5,none,True,True
5437,1.0,0.0,0.5,none,True,True
5438,1.0,0.0,0.5,none,True,True
5439,1.0,0.0,0.5,none,True,True
5440,1.0,0.0,0.5,none,True,True
5441,1.0,0.0,0.5,none,True,True
5442,1.0,0.0,0.5,none,True,True
5443,1.0,0.0,0.5,none,True,True
5444,1.0,0.0,0.5,none,True,True
5445,1.0,0.0,0.5,none,True,True
5446,1.0,0.0,0.5,none,True,True
5447,1.0,0.0,0.5,none,True,True
5448,1.0,0.0,0.5,none,True,True
5449,1.0,0.0,0.5,none,True,True
5450,1.0,0.0,0.5,none,True,True
5451,1.0,0.0,0.5,none,True,True
5452,1.0,0.0,0.5,none,True,True
5453,1.0,0.0,0.5,none,True,True
5454,1.0,0.0,0.5,none,True,True
5455,1.0,0.0,0.5,none,True,True
5456,1.0,0.0,0.5,none,True,True
5457,1.0,0.0,0.5,none,True,True
5458,1.0,0.0,0.5,none,True,True
5459,1.0,0.0,0.5,none,True,True
5460,1.0,0.0,0.5,none,True,True
5461,1.0,0.0,0.5,none,True,True
5462,1.0,0.0,0.5,none,True,True
5463,1.0,0.0,0.5,none,True,True
5464,1.0,0.0,0.5,none,True,True
5465,1.0,0.0,0.5,none,True,True
5466,1.0,0.0,0.5,none,True,True
5467,1.0,0.0,0.5,none,True,True
5468,1.0,0.0,0.5,none,True,True
5469,1.0,0.0,0.5,none,True,True
5470,1.0,0.0,0.5,none,True,True
5471,1.0,0.0,0.5,none,True,True
5472,1.0,0.0,0.5,none,True,True
5473,1.0,0.0,0.5,none,True,True
5474,1.0,0.0,0.5,none,True,True
5475,1.0,0.0,0.5,none,True,True
5476,1.0,0.0,0.5,none,True,True
5477,1.0,0.0,0.5,none,True,True
5478,1.0,0.0,0.5,none,True,True
5479,1.0,0.0,0.5,none,True,True
5480,1.0,0.0,0.5,none,True,True
5481,1.0,0.0,0.5,none,True,True
5482,1.0,0.0,0.5,none,True,True
5483,1.0,0.0,0.5,none,True,True
5484,1.0,0.0,0.5,none,True,True
5485,1.0,0.0,0.5,none,True,True
5486,1.0,0.0,0.5,none,True,True
5487,1.0,0.0,0.5,none,True,True
5488,1.0,0.0,0.5,none,True,True
5489,1.0,0.0,0.5,none,True,True
5490,1.0,0.0,0.5,none,True,True
5491,1.0,0.0,0.5,none,True,True
5492,1.0,0.0,0.5,none,True,True
5493,1.0,0.0,0.5,none,True,True
5494,1.0,0.0,0.5,none,True,True
5495,1.0,0.0,0.5,none,True,True
5496,1.0,0.0,0.5,none,True,True
5497,1.0,0.0,0.5,none,True,True
5498,1.0,0.0,0.5,none,True,True
5499,1.0,0.0,0.5,none,True,True
5500,1.0,0.0,0.5,none,True,True
5501,1.0,0.0,0.5,none,True,True
5502,1.0,0.0,0.5,none,True,True
5503,1.0,0.0,0.5,none,True,True
5504,1.0,0.0,0.5,none,True,True
5505,1.0,0.0,0.5,none,True,True
5506,1.0,0.0,0.5,none,True,True
5507,1.0,0.0,0.5,none,True,True
5508,1.0,0.0,0.5,none,True,True
5509,1.0,0.0,0.5,none,True,True
5510,1.0,0.0,0.5,none,True,True
5511,1.0,0.0,0.5,none,True,True
5512,1.0,0.0,0.5,none,True,True
5513,1.0,0.0,0.5,none,True,True
5514,1.0,0.0,0.5,none,True,True
5515,1.0,0.0,0.5,none,True,True
5516,1.0,0.0,0.5,none,True,True
5517,1.0,0.0,0.5,none,True,True
5518,1.0,0.0,0.5,none,True,True
5519,1.0,0.0,0.5,none,True,True
5520,1.0,0.0,0.5,none,True,True
5521,1.0,0.0,0.5,none,True,True
5522,1.0,0.0,0.5,none,True,True
5523,1.0,0.0,0.5,none,True,True
5524,1.0,0.0,0.5,none,True,True
5525,1.0,0.0,0.5,none,True,True
5526,1.0,0.0,0.5,none,True,True
5527,1.0,0.0,0.5,none,True,True
5528,1.0,0.0,0.5,none,True,True
5529,1.0,0.0,0.5,none,True,True
5530,1.0,0.0,0.5,none,True,True
5531,1.0,0.0,0.5,none,True,True
5532,1.0,0.0,0.5,none,True,True
5533,1.0,0.0,0.5,none,True,True
5534,1.0,0.0,0.5,none,True,True
5535,1.0,0.0,0.5,none,True,True
5536,1.0,0.0,0.5,none,True,True
5537,1.0,0.0,0.5,none,True,True
5538,1.0,0.0,0.5,none,True,True
5539,1.0,0.0,0.5,none,True,True
5540,1.0,0.0,0.5,none,True,True
5541,1.0,0.0,0.5,none,True,True
5542,1.0,0.0,0.5,none,True,True
5543,1.0,0.0,0.5,none,True,True
5544,1.0,0.0,0.5,none,True,True
5545,1.0,0.0,0.5,none,True,True
5546,1.0,0.0,0.5,none,True,True
5547,1.0,0.0,0.5,none,True,True
5548,1.0,0.0,0.5,none,True,True
5549,1.0,0.0,0.5,none,True,True
5550,1.0,0.0,0.5,none,True,True
5551,1.0,0.0,0.5,none,True,True
5552,1.0,0.0,0.5,none,True,True
5553,1.0,0.0,0.5,none,True,True
5554,1.0,0.0,0.5,none,True,True
5555,1.0,0.0,0.5,none,True,True
5556,1.0,0.0,0.5,none,True,True
5557,1.0,0.0,0.5,none,True,True
5558,1.0,0.0,0.5,none,True,True
5559,1.0,0.0,0.5,none,True,True
5560,1.0,0.0,0.5,none,True,True
5561,1.0,0.0,0.5,none,True,True
5562,1.0,0.0,0.5,none,True,True
5563,1.0,0.0,0.5,none,True,True
5564,1.0,0.0,0.5,none,True,True
5565,1.0,0.0,0.5,none,True,True
5566,1.0,0.0,0.5,none,True,True
5567,1.0,0.0,0.5,none,True,True
5568,1.0,0.0,0.5,none,True,True
5569,1.0,0.0,0.5,none,True,True
5570,1.0,0.0,0.5,none,True,True
5571,1.0,0.0,0.5,none,True,True
5572,1.0,0.0,0.5,none,True,True
5573,1.0,0.0,0.5,none,True,True
5574,1.0,0.0,0.5,none,True,True
5575,1.0,0.0,0.5,none,True,True
5576,1.0,0.0,0.5,none,True,True
5577,1.0,0.0,0.5,none,True,True
5578,1.0,0.0,0.5,none,True,True
5579,1.0,0.0,0.5,none,True,True
5580,1.0,0.0,0.5,none,True,True
5581,1.0,0.0,0.5,none,True,True
5582,1.0,0.0,0.5,none,True,True
5583,1.0,0.0,0.5,none,True,True
5584,1.0,0.0,0.5,none,True,True
5585,1.0,0.0,0.5,none,True,True
5586,1.0,0.0,0.5,none,True,True
5587,1.0,0.0,0.5,none,True,True
5588,1.0,0.0,0.5,none,True,True
5589,1.0,0.0,0.5,none,True,True
5590,1.0,0.0,0.5,none,True,True
5591,1.0,0.0,0.5,none,True,True
5592,1.0,0.0,0.5,none,True,True
5593,1.0,0.0,0.5,none,True,True
5594,1.0,0.0,0.5,none,True,True
5595,1.0,0.0,0.5,none,True,True
5596,1.0,0.0,0.5,none,True,True
5597,1.0,0.0,0.5,none,True,True
5598,1.0,0.0,0.5,none,True,True
5599,1.0,0.0,0.5,none,True,True
5600,1.0,0.0061,0.5,none,True,True
5601,1.0,0.0357,0.5,none,True,True
5602,1.0,0.0812,0.5,none,True,True
5603,1.0,0.1113,0.5,none,True,True
5604,1.0,0.1253,0.5,none,True,True
5605,1.0,0.1408,0.5,none,True,True
5606,1.0,0.0907,0.5,none,True,True
5607,1.0,0.1198,0.5,none,True,True
5608,1.0,0.0467,0.5,none,True,True
5609,1.0,0.0522,0.5,none,True,True
5610,1.0,0.0405,0.5,none,True,True
5611,1.0,0.0313,0.5,none,True,True
5612,1.0,0.0083,0.5,none,True,True
5613,1.0,0.0726,0.5,none,True,True
5614,1.0,0.0793,0.5,none,True,True
5615,1.0,0.0581,0.5,none,True,True
5616,1.0,0.0955,0.5,none,True,True
5617,1.0,0.0839,0.5,none,True,True
5618,1.0,0.0648,0.5,none,True,True
5619,1.0,0.0718,0.5,none,True,True
5620,1.0,0.0589,0.5,none,True,True
5621,1.0,0.0403,0.5,none,True,True
5622,1.0,0.0327,0.5,none,True,True
5623,1.0,0.0277,0.5,none,True,True
5624,1.0,0.017,0.5,none,True,True
5625,1.0,0.0102,0.5,none,True,True
5626,1.0,0.0099,0.5,none,True,True
5627,1.0,0.008,0.5,none,True,True
5628,1.0,0.005,0.5,none,True,True
5629,1.0,0.0063,0.5,none,True,True
5630,1.0,0.009,0.5,none,True,True
5631,1.0,0.0096,0.5,none,True,True
5632,1.0,0.0108,0.5,none,True,True
5633,1.0,0.014,0.5,none,True,True
5634,1.0,0.0161,0.5,none,True,True
5635,1.0,0.0167,0.5,none,True,True
5636,1.0,0.0182,0.5,none,True,True
5637,1.0,0.0196,0.5,none,True,True
5638,1.0,0.0197,0.5,none,True,True
5639,1.0,0.0193,0.5,none,True,True
5640,1.0,0.0193,0.5,none,True,True
5641,1.0,0.0187,0.5,none,True,True
5642,1.0,0.0174,0.5,none,True,True
5643,1.0,0.0163,0.5,none,True,True
5644,1.0,0.0152,0.5,none,True,True
5645,1.0,0.0138,0.5,none,True,True
5646,1.0,0.0123,0.5,none,True,True
5647,1.0,0.0111,0.5,none,True,True
5648,1.0,0.01,0.5,none,True,True
5649,1.0,0.0088,0.5,none,True,True
5650,1.0,0.0078,0.5,none,True,True
5651,1.0,0.0071,0.5,none,True,True
5652,1.0,0.0064,0.5,none,True,True
5653,1.0,0.0057,0.5,none,True,True
5654,1.0,0.0053,0.5,none,True,True
5655,1.0,0.005,0.5,none,True,True
5656,1.0,0.0047,0.5,none,True,True
5657,1.0,0.0045,0.5,none,True,True
5658,1.0,0.0044,0.5,none,True,True
5659,1.0,0.0043,0.5,none,True,True
5660,1.0,0.0042,0.5,none,True,True
5661,1.0,0.0041,0.5,none,True,True
5662,1.0,0.004,0.5,none,True,True
5663,1.0,0.0039,0.5,none,True,True
5664,1.0,0.0038,0.5,none,True,True
5665,1.0,0.0037,0.5,none,True,True
5666,1.0,0.0035,0.5,none,True,True
5667,1.0,0.0033,0.5,none,True,True
5668,1.0,0.0032,0.5,none,True,True
5669,1.0,0.003,0.5,none,True,True
5670,1.0,0.0028,0.5,none,True,True
5671,1.0,0.0026,0.5,none,True,True
5672,1.0,0.0024,0.5,none,True,True
5673,1.0,0.0023,0.5,none,True,True
5674,1.0,0.0021,0.5,none,True,True
5675,1.0,0.0019,0.5,none,True,True
5676,1.0,0.0018,0.5,none,True,True
5677,1.0,0.0017,0.5,none,True,True
5678,1.0,0.0015,0.5,none,True,True
5679,1.0,0.0014,0.5,none,True,True
5680,1.0,0.0013,0.5,none,True,True
5681,1.0,0.0013,0.5,none,True,True
5682,1.0,0.0012,0.5,none,True,True
5683,1.0,0.0011,0.5,none,True,True
5684,1.0,0.0011,0.5,none,True,True
5685,1.0,0.001,0.5,none,True,True
5686,1.0,0.001,0.5,none,True,True
5687,1.0,0.0009,0.5,none,True,True
5688,1.0,0.0009,0.5,none,True,True
5689,1.0,0.0008,0.5,none,True,True
5690,1.0,0.0008,0.5,none,True,True
5691,1.0,0.0008,0.5,none,True,True
5692,1.0,0.0007,0.5,none,True,True
5693,1.0,0.0007,0.5,none,True,True
5694,1.0,0.0006,0.5,none,True,True
5695,1.0,0.0006,0.5,none,True,True
5696,1.0,0.0006,0.5,none,True,True
5697,1.0,0.0005,0.5,none,True,True
5698,1.0,0.0005,0.5,none,True,True
5699,1.0,0.0005,0.5,none,True,True
5700,1.0,0.0004,0.5,none,True,True
5701,1.0,0.0004,0.5,none,True,True
5702,1.0,0.0004,0.5,none,True,True
5703,1.0,0.0004,0.5,none,True,True
5704,1.0,0.0003,0.5,none,True,True
5705,1.0,0.0003,0.5,none,True,True
5706,1.0,0.0003,0.5,none,True,True
5707,1.0,0.0003,0.5,none,True,True
5708,1.0,0.0003,0.5,none,True,True
5709,1.0,0.0003,0.5,none,True,True
5710,1.0,0.0002,0.5,none,True,True
5711,1.0,0.0002,0.5,none,True,True
5712,1.0,0.0002,0.5,none,True,True
5713,1.0,0.0002,0.5,none,True,True
5714,1.0,0.0002,0.5,none,True,True
5715,1.0,0.0002,0.5,none,True,True
5716,1.0,0.0002,0.5,none,True,True
5717,1.0,0.0002,0.5,none,True,True
5718,1.0,0.0002,0.5,none,True,True
5719,1.0,0.0001,0.5,none,True,True
5720,1.0,0.0001,0.5,none,True,True
5721,1.0,0.0001,0.5,none,True,True
5722,1.0,0.0001,0.5,none,True,True
5723,1.0,0.0001,0.5,none,True,True
5724,1.0,0.0001,0.5,none,True,True
5725,1.0,0.0001,0.5,none,True,True
5726,1.0,0.0001,0.5,none,True,True
5727,1.0,0.0001,0.5,none,True,True
5728,1.0,0.0001,0.5,none,True,True
5729,1.0,0.0001,0.5,none,True,True
5730,1.0,0.0001,0.5,none,True,True
5731,1.0,0.0001,0.5,none,True,True
5732,1.0,0.0001,0.5,none,True,True
5733,1.0,0.0001,0.5,none,True,True
5734,1.0,0.0001,0.5,none,True,True
5735,1.0,0.0001,0.5,none,True,True
5736,1.0,0.0001,0.5,none,True,True
5737,1.0,0.0,0.5,none,True,True
5738,1.0,0.0,0.5,none,True,True
5739,1.0,0.0,0.5,none,True,True
5740,1.0,0.0,0.5,none,True,True
5741,1.0,0.0,0.5,none,True,True
5742,1.0,0.0,0.5,none,True,True
5743,1.0,0.0,0.5,none,True,True
5744,1.0,0.0,0.5,none,True,True
5745,1.0,0.0,0.5,none,True,True
5746,1.0,0.0,0.5,none,True,True
5747,1.0,0.0,0.5,none,True,True
5748,1.0,0.0,0.5,none,True,True
5749,1.0,0.0,0.5,none,True,True
5750,1.0,0.0,0.5,none,True,True
5751,1.0,0.0,0.5,none,True,True
5752,1.0,0.0,0.5,none,True,True
5753,1.0,0.0,0.5,none,True,True
5754,1.0,0.0,0.5,none,True,True
5755,1.0,0.0,0.5,none,True,True
5756,1.0,0.0,0.5,none,True,True
5757,1.0,0.0,0.5,none,True,True
5758,1.0,0.0,0.5,none,True,True
5759,1.0,0.0,0.5,none,True,True
5760,1.0,0.0,0.5,none,True,True
5761,1.0,0.0,0.5,none,True,True
5762,1.0,0.0,0.5,none,True,True
5763,1.0,0.0,0.5,none,True,True
5764,1.0,0.0,0.5,none,True,True
5765,1.0,0.0,0.5,none,True,True
5766,1.0,0.0,0.5,none,True,True
5767,1.0,0.0,0.5,none,True,True
5768,1.0,0.0,0.5,none,True,True
5769,1.0,0.0,0.5,none,True,True
5770,1.0,0.0,0.5,none,True,True
5771,1.0,0.0,0.5,none,True,True
5772,1.0,0.0,0.5,none,True,True
5773,1.0,0.0,0.5,none,True,True
5774,1.0,0.0,0.5,none,True,True
5775,1.0,0.0,0.5,none,True,True
5776,1.0,0.0,0.5,none,True,True
5777,1.0,0.0,0.5,none,True,True
5778,1.0,0.0,0.5,none,True,True
5779,1.0,0.0,0.5,none,True,True
5780,1.0,0.0,0.5,none,True,True
5781,1.0,0.0,0.5,none,True,True
5782,1.0,0.0,0.5,none,True,True
5783,1.0,0.0,0.5,none,True,True
5784,1.0,0.0,0.5,none,True,True
5785,1.0,0.0,0.5,none,True,True
5786,1.0,0.0,0.5,none,True,True
5787,1.0,0.0,0.5,none,True,True
5788,1.0,0.0,0.5,none,True,True
5789,1.0,0.0,0.5,none,True,True
5790,1.0,0.0,0.5,none,True,True
5791,1.0,0.0,0.5,none,True,True
5792,1.0,0.0,0.5,none,True,True
5793,1.0,0.0,0.5,none,True,True
5794,1.0,0.0,0.5,none,True,True
5795,1.0,0.0,0.5,none,True,True
5796,1.0,0.0,0.5,none,True,True
5797,1.0,0.0,0.5,none,True,True
5798,1.0,0.0,0.5,none,True,True
5799,1.0,0.0,0.5,none,True,True
5800,1.0,0.0,0.5,none,True,True
5801,1.0,0.0,0.5,none,True,True
5802,1.0,0.0,0.5,none,True,True
5803,1.0,0.0,0.5,none,True,True
5804,1.0,0.0,0.5,none,True,True
5805,1.0,0.0,0.5,none,True,True
5806,1.0,0.0,0.5,none,True,True
5807,1.0,0.0,0.5,none,True,True
5808,1.0,0.0,0.5,none,True,True
5809,1.0,0.0,0.5,none,True,True
5810,1.0,0.0,0.5,none,True,True
5811,1.0,0.0,0.5,none,True,True
5812,1.0,0.0,0.5,none,True,True
5813,1.0,0.0,0.5,none,True,True
5814,1.0,0.0,0.5,none,True,True
5815,1.0,0.0,0.5,none,True,True
5816,1.0,0.0,0.5,none,True,True
5817,1.0,0.0,0.5,none,True,True
5818,1.0,0.0,0.5,none,True,True
5819,1.0,0.0,0.5,none,True,True
5820,1.0,0.0,0.5,none,True,True
5821,1.0,0.0,0.5,none,True,True
5822,1.0,0.0,0.5,none,True,True
5823,1.0,0.0,0.5,none,True,True
5824,1.0,0.0,0.5,none,True,True
5825,1.0,0.0,0.5,none,True,True
5826,1.0,0.0,0.5,none,True,True
5827,1.0,0.0,0.5,none,True,True
5828,1.0,0.0,0.5,none,True,True
5829,1.0,0.0,0.5,none,True,True
5830,1.0,0.0,0.5,none,True,True
5831,1.0,0.0,0.5,none,True,True
5832,1.0,0.0,0.5,none,True,True
5833,1.0,0.0,0.5,none,True,True
5834,1.0,0.0,0.5,none,True,True
5835,1.0,0.0,0.5,none,True,True
5836,1.0,0.0,0.5,none,True,True
5837,1.0,0.0,0.5,none,True,True
5838,1.0,0.0,0.5,none,True,True
5839,1.0,0.0,0.5,none,True,True
5840,1.0,0.0,0.5,none,True,True
5841,1.0,0.0,0.5,none,True,True
5842,1.0,0.0,0.5,none,True,True
5843,1.0,0.0,0.5,none,True,True
5844,1.0,0.0,0.5,none,True,True
5845,1.0,0.0,0.5,none,True,True
5846,1.0,0.0,0.5,none,True,True
5847,1.0,0.0,0.5,none,True,True
5848,1.0,0.0,0.5,none,True,True
5849,1.0,0.0,0.5,none,True,True
5850,1.0,0.0,0.5,none,True,True
5851,1.0,0.0,0.5,none,True,True
5852,1.0,0.0,0.5,none,True,True
5853,1.0,0.0,0.5,none,True,True
5854,1.0,0.0,0.5,none,True,True
5855,1.0,0.0,0.5,none,True,True
5856,1.0,0.0,0.5,none,True,True
5857,1.0,0.0,0.5,none,True,True
5858,1.0,0.0,0.5,none,True,True
5859,1.0,0.0,0.5,none,True,True
5860,1.0,0.0,0.5,none,True,True
5861,1.0,0.0,0.5,none,True,True
5862,1.0,0.0,0.5,none,True,True
5863,1.0,0.0,0.5,none,True,True
5864,1.0,0.0,0.5,none,True,True
5865,1.0,0.0,0.5,none,True,True
5866,1.0,0.0,0.5,none,True,True
5867,1.0,0.0,0.5,none,True,True
5868,1.0,0.0,0.5,none,True,True
5869,1.0,0.0,0.5,none,True,True
5870,1.0,0.0,0.5,none,True,True
5871,1.0,0.0,0.5,none,True,True
5872,1.0,0.0,0.5,none,True,True
5873,1.0,0.0,0.5,none,True,True
5874,1.0,0.0,0.5,none,True,True
5875,1.0,0.0,0.5,none,True,True
5876,1.0,0.0,0.5,none,True,True
5877,1.0,0.0,0.5,none,True,True
5878,1.0,0.0,0.5,none,True,True
5879,1.0,0.0,0.5,none,True,True
5880,1.0,0.0,0.5,none,True,True
5881,1.0,0.0,0.5,none,True,True
5882,1.0,0.0,0.5,none,True,True
5883,1.0,0.0,0.5,none,True,True
5884,1.0,0.0,0.5,none,True,True
5885,1.0,0.0,0.5,none,True,True
5886,1.0,0.0,0.5,none,True,True
5887,1.0,0.0,0.5,none,True,True
5888,1.0,0.0,0.5,none,True,True
5889,1.0,0.0,0.5,none,True,True
5890,1.0,0.0,0.5,none,True,True
5891,1.0,0.0,0.5,none,True,True
5892,1.0,0.0,0.5,none,True,True
5893,1.0,0.0,0.5,none,True,True
5894,1.0,0.0,0.5,none,True,True
5895,1.0,0.0,0.5,none,True,True
5896,1.0,0.0,0.5,none,True,True
5897,1.0,0.0,0.5,none,True,True
5898,1.0,0.0,0.5,none,True,True
5899,1.0,0.0,0.5,none,True,True
5900,1.0,0.0,0.5,none,True,True
5901,1.0,0.0,0.5,none,True,True
5902,1.0,0.0,0.5,none,True,True
5903,1.0,0.0,0.5,none,True,True
5904,1.0,0.0,0.5,none,True,True
5905,1.0,0.0,0.5,none,True,True
5906,1.0,0.0,0.5,none,True,True
5907,1.0,0.0,0.5,none,True,True
5908,1.0,0.0,0.5,none,True,True
5909,1.0,0.0,0.5,none,True,True
5910,1.0,0.0,0.5,none,True,True
5911,1.0,0.0,0.5,none,True,True
5912,1.0,0.0,0.5,none,True,True
5913,1.0,0.0,0.5,none,True,True
5914,1.0,0.0,0.5,none,True,True
5915,1.0,0.0,0.5,none,True,True
5916,1.0,0.0,0.5,none,True,True
5917,1.0,0.0,0.5,none,True,True
5918,1.0,0.0,0.5,none,True,True
5919,1.0,0.0,0.5,none,True,True
5920,1.0,0.0,0.5,none,True,True
5921,1.0,0.0,0.5,none,True,True
5922,1.0,0.0,0.5,none,True,True
5923,1.0,0.0,0.5,none,True,True
5924,1.0,0.0,0.5,none,True,True
5925,1.0,0.0,0.5,none,True,True
5926,1.0,0.0,0.5,none,True,True
5927,1.0,0.0,0.5,none,True,True
5928,1.0,0.0,0.5,none,True,True
5929,1.0,0.0,0.5,none,True,True
5930,1.0,0.0,0.5,none,True,True
5931,1.0,0.0,0.5,none,True,True
5932,1.0,0.0,0.5,none,True,True
5933,1.0,0.0,0.5,none,True,True
5934,1.0,0.0,0.5,none,True,True
5935,1.0,0.0,0.5,none,True,True
5936,1.0,0.0,0.5,none,True,True
5937,1.0,0.0,0.5,none,True,True
5938,1.0,0.0,0.5,none,True,True
5939,1.0,0.0,0.5,none,True,True
5940,1.0,0.0,0.5,none,True,True
5941,1.0,0.0,0.5,none,True,True
5942,1.0,0.0,0.5,none,True,True
5943,1.0,0.0,0.5,none,True,True
5944,1.0,0.0,0.5,none,True,True
5945,1.0,0.0,0.5,none,True,True
5946,1.0,0.0,0.5,none,True,True
5947,1.0,0.0,0.5,none,True,True
5948,1.0,0.0,0.5,none,True,True
5949,1.0,0.0,0.5,none,True,True
5950,1.0,0.0,0.5,none,True,True
5951,1.0,0.0,0.5,none,True,True
5952,1.0,0.0,0.5,none,True,True
5953,1.0,0.0,0.5,none,True,True
5954,1.0,0.0,0.5,none,True,True
5955,1.0,0.0,0.5,none,True,True
5956,1.0,0.0,0.5,none,True,True
5957,1.0,0.0,0.5,none,True,True
5958,1.0,0.0,0.5,none,True,True
5959,1.0,0.0,0.5,none,True,True
5960,1.0,0.0,0.5,none,True,True
5961,1.0,0.0,0.5,none,True,True
5962,1.0,0.0,0.5,none,True,True
5963,1.0,0.0,0.5,none,True,True
5964,1.0,0.0,0.5,none,True,True
5965,1.0,0.0,0.5,none,True,True
5966,1.0,0.0,0.5,none,True,True
5967,1.0,0.0,0.5,none,True,True
5968,1.0,0.0,0.5,none,True,True
5969,1.0,0.0,0.5,none,True,True
5970,1.0,0.0,0.5,none,True,True
5971,1.0,0.0,0.5,none,True,True
5972,1.0,0.0,0.5,none,True,True
5973,1.0,0.0,0.5,none,True,True
5974,1.0,0.0,0.5,none,True,True
5975,1.0,0.0,0.5,none,True,True
5976,1.0,0.0,0.5,none,True,True
5977,1.0,0.0,0.5,none,True,True
5978,1.0,0.0,0.5,none,True,True
5979,1.0,0.0,0.5,none,True,True
5980,1.0,0.0,0.5,none,True,True
5981,1.0,0.0,0.5,none,True,True
5982,1.0,0.0,0.5,none,True,True
5983,1.0,0.0,0.5,none,True,True
5984,1.0,0.0,0.5,none,True,True
5985,1.0,0.0,0.5,none,True,True
5986,1.0,0.0,0.5,none,True,True
5987,1.0,0.0,0.5,none,True,True
5988,1.0,0.0,0.5,none,True,True
5989,1.0,0.0,0.5,none,True,True
5990,1.0,0.0,0.5,none,True,True
5991,1.0,0.0,0.5,none,True,True
5992,1.0,0.0,0.5,none,True,True
5993,1.0,0.0,0.5,none,True,True
5994,1.0,0.0,0.5,none,True,True
5995,1.0,0.0,0.5,none,True,True
5996,1.0,0.0,0.5,none,True,True
5997,1.0,0.0,0.5,none,True,True
5998,1.0,0.0,0.5,none,True,True
5999,1.0,0.0,0.5,none,True,True
6000,1.0,0.0,0.5,none,True,True
6001,1.0,0.0,0.5,none,True,True
6002,1.0,0.0,0.5,none,True,True
6003,1.0,0.0,0.5,none,True,True
6004,1.0,0.0,0.5,none,True,True
6005,1.0,0.0,0.5,none,True,True
6006,1.0,0.0,0.5,none,True,True
6007,1.0,0.0,0.5,none,True,True
6008,1.0,0.0,0.5,none,True,True
6009,1.0,0.0,0.5,none,True,True
6010,1.0,0.0,0.5,none,True,True
6011,1.0,0.0,0.5,none,True,True
6012,1.0,0.0,0.5,none,True,True
6013,1.0,0.0,0.5,none,True,True
6014,1.0,0.0,0.5,none,True,True
6015,1.0,0.0,0.5,none,True,True
6016,1.0,0.0,0.5,none,True,True
6017,1.0,0.0,0.5,none,True,True
6018,1.0,0.0,0.5,none,True,True
6019,1.0,0.0,0.5,none,True,True
6020,1.0,0.0,0.5,none,True,True
6021,1.0,0.0,0.5,none,True,True
6022,1.0,0.0,0.5,none,True,True
6023,1.0,0.0,0.5,none,True,True
6024,1.0,0.0,0.5,none,True,True
6025,1.0,0.0,0.5,none,True,True
6026,1.0,0.0,0.5,none,True,True
6027,1.0,0.0,0.5,none,True,True
6028,1.0,0.0,0.5,none,True,True
6029,1.0,0.0,0.5,none,True,True
6030,1.0,0.0,0.5,none,True,True
6031,1.0,0.0,0.5,none,True,True
6032,1.0,0.0,0.5,none,True,True
6033,1.0,0.0,0.5,none,True,True
6034,1.0,0.0,0.5,none,True,True
6035,1.0,0.0,0.5,none,True,True
6036,1.0,0.0,0.5,none,True,True
6037,1.0,0.0,0.5,none,True,True
6038,1.0,0.0,0.5,none,True,True
6039,1.0,0.0,0.5,none,True,True
6040,1.0,0.0,0.5,none,True,True
6041,1.0,0.0,0.5,none,True,True
6042,1.0,0.0,0.5,none,True,True
6043,1.0,0.0,0.5,none,True,True
6044,1.0,0.0,0.5,none,True,True
6045,1.0,0.0,0.5,none,True,True
6046,1.0,0.0,0.5,none,True,True
6047,1.0,0.0,0.5,none,True,True
6048,1.0,0.0,0.5,none,True,True
6049,1.0,0.0,0.5,none,True,True
6050,1.0,0.0,0.5,none,True,True
6051,1.0,0.0,0.5,none,True,True
6052,1.0,0.0,0.5,none,True,True
6053,1.0,0.0,0.5,none,True,True
6054,1.0,0.0,0.5,none,True,True
6055,1.0,0.0,0.5,none,True,True
6056,1.0,0.0,0.5,none,True,True
6057,1.0,0.0,0.5,none,True,True
6058,1.0,0.0,0.5,none,True,True
6059,1.0,0.0,0.5,none,True,True
6060,1.0,0.0,0.5,none,True,True
6061,1.0,0.0,0.5,none,True,True
6062,1.0,0.0,0.5,none,True,True
6063,1.0,0.0,0.5,none,True,True
6064,1.0,0.0,0.5,none,True,True
6065,1.0,0.0,0.5,none,True,True
6066,1.0,0.0,0.5,none,True,True
6067,1.0,0.0,0.5,none,True,True
6068,1.0,0.0,0.5,none,True,True
6069,1.0,0.0,0.5,none,True,True
6070,1.0,0.0,0.5,none,True,True
6071,1.0,0.0,0.5,none,True,True
6072,1.0,0.0,0.5,none,True,True
6073,1.0,0.0,0.5,none,True,True
6074,1.0,0.0,0.5,none,True,True
6075,1.0,0.0,0.5,none,True,True
6076,1.0,0.0,0.5,none,True,True
6077,1.0,0.0,0.5,none,True,True
6078,1.0,0.0,0.5,none,True,True
6079,1.0,0.0,0.5,none,True,True
6080,1.0,0.0,0.5,none,True,True
6081,1.0,0.0,0.5,none,True,True
6082,1.0,0.0,0.5,none,True,True
6083,1.0,0.0,0.5,none,True,True
6084,1.0,0.0,0.5,none,True,True
6085,1.0,0.0,0.5,none,True,True
6086,1.0,0.0,0.5,none,True,True
6087,1.0,0.0,0.5,none,True,True
6088,1.0,0.0,0.5,none,True,True
6089,1.0,0.0,0.5,none,True,True
6090,1.0,0.0,0.5,none,True,True
6091,1.0,0.0,0.5,none,True,True
6092,1.0,0.0,0.5,none,True,True
6093,1.0,0.0,0.5,none,True,True
6094,1.0,0.0,0.5,none,True,True
6095,1.0,0.0,0.5,none,True,True
6096,1.0,0.0,0.5,none,True,True
6097,1.0,0.0,0.5,none,True,True
6098,1.0,0.0,0.5,none,True,True
6099,1.0,0.0,0.5,none,True,True
6100,1.0,0.0,0.5,none,True,True
6101,1.0,0.0,0.5,none,True,True
6102,1.0,0.0,0.5,none,True,True
6103,1.0,0.0,0.5,none,True,True
6104,1.0,0.0,0.5,none,True,True
6105,1.0,0.0,0.5,none,True,True
6106,1.0,0.0,0.5,none,True,True
6107,1.0,0.0,0.5,none,True,True
6108,1.0,0.0,0.5,none,True,True
6109,1.0,0.0,0.5,none,True,True
6110,1.0,0.0,0.5,none,True,True
6111,1.0,0.0,0.5,none,True,True
6112,1.0,0.0,0.5,none,True,True
6113,1.0,0.0,0.5,none,True,True
6114,1.0,0.0,0.5,none,True,True
6115,1.0,0.0,0.5,none,True,True
6116,1.0,0.0,0.5,none,True,True
6117,1.0,0.0,0.5,none,True,True
6118,1.0,0.0,0.5,none,True,True
6119,1.0,0.0,0.5,none,True,True
6120,1.0,0.0,0.5,none,True,True
6121,1.0,0.0,0.5,none,True,True
6122,1.0,0.0,0.5,none,True,True
6123,1.0,0.0,0.5,none,True,True
6124,1.0,0.0,0.5,none,True,True
6125,1.0,0.0,0.5,none,True,True
6126,1.0,0.0,0.5,none,True,True
6127,1.0,0.0,0.5,none,True,True
6128,1.0,0.0,0.5,none,True,True
6129,1.0,0.0,0.5,none,True,True
6130,1.0,0.0,0.5,none,True,True
6131,1.0,0.0,0.5,none,True,True
6132,1.0,0.0,0.5,none,True,True
6133,1.0,0.0,0.5,none,True,True
6134,1.0,0.0,0.5,none,True,True
6135,1.0,0.0,0.5,none,True,True
6136,1.0,0.0,0.5,none,True,True
6137,1.0,0.0,0.5,none,True,True
6138,1.0,0.0,0.5,none,True,True
6139,1.0,0.0,0.5,none,True,True
6140,1.0,0.0,0.5,none,True,True
6141,1.0,0.0,0.5,none,True,True
6142,1.0,0.0,0.5,none,True,True
6143,1.0,0.0,0.5,none,True,True
6144,1.0,0.0,0.5,none,True,True
6145,1.0,0.0,0.5,none,True,True
6146,1.0,0.0,0.5,none,True,True
6147,1.0,0.0,0.5,none,True,True
6148,1.0,0.0,0.5,none,True,True
6149,1.0,0.0,0.5,none,True,True
6150,1.0,0.0,0.5,none,True,True
6151,1.0,0.0,0.5,none,True,True
6152,1.0,0.0,0.5,none,True,True
6153,1.0,0.0,0.5,none,True,True
6154,1.0,0.0,0.5,none,True,True
6155,1.0,0.0,0.5,none,True,True
6156,1.0,0.0,0.5,none,True,True
6157,1.0,0.0,0.5,none,True,True
6158,1.0,0.0,0.5,none,True,True
6159,1.0,0.0,0.5,none,True,True
6160,1.0,0.0,0.5,none,True,True
6161,1.0,0.0,0.5,none,True,True
6162,1.0,0.0,0.5,none,True,True
6163,1.0,0.0,0.5,none,True,True
6164,1.0,0.0,0.5,none,True,True
6165,1.0,0.0,0.5,none,True,True
6166,1.0,0.0,0.5,none,True,True
6167,1.0,0.0,0.5,none,True,True
6168,1.0,0.0,0.5,none,True,True
6169,1.0,0.0,0.5,none,True,True
6170,1.0,0.0,0.5,none,True,True
6171,1.0,0.0,0.5,none,True,True
6172,1.0,0.0,0.5,none,True,True
6173,1.0,0.0,0.5,none,True,True
6174,1.0,0.0,0.5,none,True,True
6175,1.0,0.0,0.5,none,True,True
6176,1.0,0.0,0.5,none,True,True
6177,1.0,0.0,0.5,none,True,True
6178,1.0,0.0,0.5,none,True,True
6179,1.0,0.0,0.5,none,True,True
6180,1.0,0.0,0.5,none,True,True
6181,1.0,0.0,0.5,none,True,True
6182,1.0,0.0,0.5,none,True,True
6183,1.0,0.0,0.5,none,True,True
6184,1.0,0.0,0.5,none,True,True
6185,1.0,0.0,0.5,none,True,True
6186,1.0,0.0,0.5,none,True,True
6187,1.0,0.0,0.5,none,True,True
6188,1.0,0.0,0.5,none,True,True
6189,1.0,0.0,0.5,none,True,True
6190,1.0,0.0,0.5,none,True,True
6191,1.0,0.0,0.5,none,True,True
6192,1.0,0.0,0.5,none,True,True
6193,1.0,0.0,0.5,none,True,True
6194,1.0,0.0,0.5,none,True,True
6195,1.0,0.0,0.5,none,True,True
6196,1.0,0.0,0.5,none,True,True
6197,1.0,0.0,0.5,none,True,True
6198,1.0,0.0,0.5,none,True,True
6199,1.0,0.0,0.5,none,True,True
6200,1.0,0.0,0.5,none,True,True
6201,1.0,0.0,0.5,none,True,True
6202,1.0,0.0,0.5,none,True,True
6203,1.0,0.0,0.5,none,True,True
6204,1.0,0.0,0.5,none,True,True
6205,1.0,0.0,0.5,none,True,True
6206,1.0,0.0,0.5,none,True,True
6207,1.0,0.0,0.5,none,True,True
6208,1.0,0.0,0.5,none,True,True
6209,1.0,0.0,0.5,none,True,True
6210,1.0,0.0,0.5,none,True,True
6211,1.0,0.0,0.5,none,True,True
6212,1.0,0.0,0.5,none,True,True
6213,1.0,0.0,0.5,none,True,True
6214,1.0,0.0,0.5,none,True,True
6215,1.0,0.0,0.5,none,True,True
6216,1.0,0.0,0.5,none,True,True
6217,1.0,0.0,0.5,none,True,True
6218,1.0,0.0,0.5,none,True,True
6219,1.0,0.0,0.5,none,True,True
6220,1.0,0.0,0.5,none,True,True
6221,1.0,0.0,0.5,none,True,True
6222,1.0,0.0,0.5,none,True,True
6223,1.0,0.0,0.5,none,True,True
6224,1.0,0.0,0.5,none,True,True
6225,1.0,0.0,0.5,none,True,True
6226,1.0,0.0,0.5,none,True,True
6227,1.0,0.0,0.5,none,True,True
6228,1.0,0.0,0.5,none,True,True
6229,1.0,0.0,0.5,none,True,True
6230,1.0,0.0,0.5,none,True,True
6231,1.0,0.0,0.5,none,True,True
6232,1.0,0.0,0.5,none,True,True
6233,1.0,0.0,0.5,none,True,True
6234,1.0,0.0,0.5,none,True,True
6235,1.0,0.0,0.5,none,True,True
6236,1.0,0.0,0.5,none,True,True
6237,1.0,0.0,0.5,none,True,True
6238,1.0,0.0,0.5,none,True,True
6239,1.0,0.0,0.5,none,True,True
6240,1.0,0.0,0.5,none,True,True
6241,1.0,0.0,0.5,none,True,True
6242,1.0,0.0,0.5,none,True,True
6243,1.0,0.0,0.5,none,True,True
6244,1.0,0.0,0.5,none,True,True
6245,1.0,0.0,0.5,none,True,True
6246,1.0,0.0,0.5,none,True,True
6247,1.0,0.0,0.5,none,True,True
6248,1.0,0.0,0.5,none,True,True
6249,1.0,0.0,0.5,none,True,True
6250,1.0,0.0,0.5,none,True,True
6251,1.0,0.0,0.5,none,True,True
6252,1.0,0.0,0.5,none,True,True
6253,1.0,0.0,0.5,none,True,True
6254,1.0,0.0,0.5,none,True,True
6255,1.0,0.0,0.5,none,True,True
6256,1.0,0.0,0.5,none,True,True
6257,1.0,0.0,0.5,none,True,True
6258,1.0,0.0,0.5,none,True,True
6259,1.0,0.0,0.5,none,True,True
6260,1.0,0.0,0.5,none,True,True
6261,1.0,0.0,0.5,none,True,True
6262,1.0,0.0,0.5,none,True,True
6263,1.0,0.0,0.5,none,True,True
6264,1.0,0.0,0.5,none,True,True
6265,1.0,0.0,0.5,none,True,True
6266,1.0,0.0,0.5,none,True,True
6267,1.0,0.0,0.5,none,True,True
6268,1.0,0.0,0.5,none,True,True
6269,1.0,0.0,0.5,none,True,True
6270,1.0,0.0,0.5,none,True,True
6271,1.0,0.0,0.5,none,True,True
6272,1.0,0.0,0.5,none,True,True
6273,1.0,0.0,0.5,none,True,True
6274,1.0,0.0,0.5,none,True,True
6275,1.0,0.0,0.5,none,True,True
6276,1.0,0.0,0.5,none,True,True
6277,1.0,0.0,0.5,none,True,True
6278,1.0,0.0,0.5,none,True,True
6279,1.0,0.0,0.5,none,True,True
6280,1.0,0.0,0.5,none,True,True
6281,1.0,0.0,0.5,none,True,True
6282,1.0,0.0,0.5,none,True,True
6283,1.0,0.0,0.5,none,True,True
6284,1.0,0.0,0.5,none,True,True
6285,1.0,0.0,0.5,none,True,True
6286,1.0,0.0,0.5,none,True,True
6287,1.0,0.0,0.5,none,True,True
6288,1.0,0.0,0.5,none,True,True
6289,1.0,0.0,0.5,none,True,True
6290,1.0,0.0,0.5,none,True,True
6291,1.0,0.0,0.5,none,True,True
6292,1.0,0.0,0.5,none,True,True
6293,1.0,0.0,0.5,none,True,True
6294,1.0,0.0,0.5,none,True,True
6295,1.0,0.0,0.5,none,True,True
6296,1.0,0.0,0.5,none,True,True
6297,1.0,0.0,0.5,none,True,True
6298,1.0,0.0,0.5,none,True,True
6299,1.0,0.0,0.5,none,True,True
6300,1.0,0.0061,0.5,none,True,True
6301,1.0,0.0357,0.5,none,True,True
6302,1.0,0.0812,0.5,none,True,True
6303,1.0,0.1113,0.5,none,True,True
6304,1.0,0.1253,0.5,none,True,True
6305,1.0,0.1408,0.5,none,True,True
6306,1.0,0.0907,0.5,none,True,True
6307,1.0,0.1198,0.5,none,True,True
6308,1.0,0.0467,0.5,none,True,True
6309,1.0,0.0522,0.5,none,True,True
6310,1.0,0.0405,0.5,none,True,True
6311,1.0,0.0313,0.5,none,True,True
6312,1.0,0.0083,0.5,none,True,True
6313,1.0,0.0726,0.5,none,True,True
6314,1.0,0.0793,0.5,none,True,True
6315,1.0,0.0581,0.5,none,True,True
6316,1.0,0.0955,0.5,none,True,True
6317,1.0,0.0839,0.5,none,True,True
6318,1.0,0.0648,0.5,none,True,True
6319,1.0,0.0718,0.5,none,True,True
6320,1.0,0.0589,0.5,none,True,True
6321,1.0,0.0403,0.5,none,True,True
6322,1.0,0.0327,0.5,none,True,True
6323,1.0,0.0277,0.5,none,True,True
6324,1.0,0.017,0.5,none,True,True
6325,1.0,0.0102,0.5,none,True,True
6326,1.0,0.0099,0.5,none,True,True
6327,1.0,0.008,0.5,none,True,True
6328,1.0,0.005,0.5,none,True,True
6329,1.0,0.0063,0.5,none,True,True
6330,1.0,0.009,0.5,none,True,True
6331,1.0,0.0096,0.5,none,True,True
6332,1.0,0.0108,0.5,none,True,True
6333,1.0,0.014,0.5,none,True,True
6334,1.0,0.0161,0.5,none,True,True
6335,1.0,0.0167,0.5,none,True,True
6336,1.0,0.0182,0.5,none,True,True
6337,1.0,0.0196,0.5,none,True,True
6338,1.0,0.0197,0.5,none,True,True
6339,1.0,0.0193,0.5,none,True,True
6340,1.0,0.0193,0.5,none,True,True
6341,1.0,0.0187,0.5,none,True,True
6342,1.0,0.0174,0.5,none,True,True
6343,1.0,0.0163,0.5,none,True,True
6344,1.0,0.0152,0.5,none,True,True
6345,1.0,0.0138,0.5,none,True,True
6346,1.0,0.0123,0.5,none,True,True
6347,1.0,0.0111,0.5,none,True,True
6348,1.0,0.01,0.5,none,True,True
6349,1.0,0.0088,0.5,none,True,True
6350,1.0,0.0078,0.5,none,True,True
6351,1.0,0.0071,0.5,none,True,True
6352,1.0,0.0064,0.5,none,True,True
6353,1.0,0.0057,0.5,none,True,True
6354,1.0,0.0053,0.5,none,True,True
6355,1.0,0.005,0.5,none,True,True
6356,1.0,0.0047,0.5,none,True,True
6357,1.0,0.0045,0.5,none,True,True
6358,1.0,0.0044,0.5,none,True,True
6359,1.0,0.0043,0.5,none,True,True
6360,1.0,0.0042,0.5,none,True,True
6361,1.0,0.0041,0.5,none,True,True
6362,1.0,0.004,0.5,none,True,True
6363,1.0,0.0039,0.5,none,True,True
6364,1.0,0.0038,0.5,none,True,True
6365,1.0,0.0037,0.5,none,True,True
6366,1.0,0.0035,0.5,none,True,True
6367,1.0,0.0033,0.5,none,True,True
6368,1.0,0.0032,0.5,none,True,True
6369,1.0,0.003,0.5,none,True,True
6370,1.0,0.0028,0.5,none,True,True
6371,1.0,0.0026,0.5,none,True,True
6372,1.0,0.0024,0.5,none,True,True
6373,1.0,0.0023,0.5,none,True,True
6374,1.0,0.0021,0.5,none,True,True
6375,1.0,0.0019,0.5,none,True,True
6376,1.0,0.0018,0.5,none,True,True
6377,1.0,0.0017,0.5,none,True,True
6378,1.0,0.0015,0.5,none,True,True
6379,1.0,0.0014,0.5,none,True,True
6380,1.0,0.0013,0.5,none,True,True
6381,1.0,0.0013,0.5,none,True,True
6382,1.0,0.0012,0.5,none,True,True
6383,1.0,0.0011,0.5,none,True,True
6384,1.0,0.0011,0.5,none,True,True
6385,1.0,0.001,0.5,none,True,True
6386,1.0,0.001,0.5,none,True,True
6387,1.0,0.0009,0.5,none,True,True
6388,1.0,0.0009,0.5,none,True,True
6389,1.0,0.0008,0.5,none,True,True
6390,1.0,0.0008,0.5,none,True,True
6391,1.0,0.0008,0.5,none,True,True
6392,1.0,0.0007,0.5,none,True,True
6393,1.0,0.0007,0.5,none,True,True
6394,1.0,0.0006,0.5,none,True,True
6395,1.0,0.0006,0.5,none,True,True
6396,1.0,0.0006,0.5,none,True,True
6397,1.0,0.0005,0.5,none,True,True
6398,1.0,0.0005,0.5,none,True,True
6399,1.0,0.0005,0.5,none,True,True
6400,1.0,0.0004,0.5,none,True,True
6401,1.0,0.0004,0.5,none,True,True
6402,1.0,0.0004,0.5,none,True,True
6403,1.0,0.0004,0.5,none,True,True
6404,1.0,0.0003,0.5,none,True,True
6405,1.0,0.0003,0.5,none,True,True
6406,1.0,0.0003,0.5,none,True,True
6407,1.0,0.0003,0.5,none,True,True
6408,1.0,0.0003,0.5,none,True,True
6409,1.0,0.0003,0.5,none,True,True
6410,1.0,0.0002,0.5,none,True,True
6411,1.0,0.0002,0.5,none,True,True
6412,1.0,0.0002,0.5,none,True,True
6413,1.0,0.0002,0.5,none,True,True
6414,1.0,0.0002,0.5,none,True,True
6415,1.0,0.0002,0.5,none,True,True
6416,1.0,0.0002,0.5,none,True,True
6417,1.0,0.0002,0.5,none,True,True
6418,1.0,0.0002,0.5,none,True,True
6419,1.0,0.0001,0.5,none,True,True
6420,1.0,0.0001,0.5,none,True,True
6421,1.0,0.0001,0.5,none,True,True
6422,1.0,0.0001,0.5,none,True,True
6423,1.0,0.0001,0.5,none,True,True
6424,1.0,0.0001,0.5,none,True,True
6425,1.0,0.0001,0.5,none,True,True
6426,1.0,0.0001,0.5,none,True,True
6427,1.0,0.0001,0.5,none,True,True
6428,1.0,0.0001,0.5,none,True,True
6429,1.0,0.0001,0.5,none,True,True
6430,1.0,0.0001,0.5,none,True,True
6431,1.0,0.0001,0.5,none,True,True
6432,1.0,0.0001,0.5,none,True,True
6433,1.0,0.0001,0.5,none,True,True
6434,1.0,0.0001,0.5,none,True,True
6435,1.0,0.0001,0.5,none,True,True
6436,1.0,0.0001,0.5,none,True,True
6437,1.0,0.0,0.5,none,True,True
6438,1.0,0.0,0.5,none,True,True
6439,1.0,0.0,0.5,none,True,True
6440,1.0,0.0,0.5,none,True,True
6441,1.0,0.0,0.5,none,True,True
6442,1.0,0.0,0.5,none,True,True
6443,1.0,0.0,0.5,none,True,True
6444,1.0,0.0,0.5,none,True,True
6445,1.0,0.0,0.5,none,True,True
6446,1.0,0.0,0.5,none,True,True
6447,1.0,0.0,0.5,none,True,True
6448,1.0,0.0,0.5,none,True,True
6449,1.0,0.0,0.5,none,True,True
6450,1.0,0.0,0.5,none,True,True
6451,1.0,0.0,0.5,none,True,True
6452,1.0,0.0,0.5,none,True,True
6453,1.0,0.0,0.5,none,True,True
6454,1.0,0.0,0.5,none,True,True
6455,1.0,0.0,0.5,none,True,True
6456,1.0,0.0,0.5,none,True,True
6457,1.0,0.0,0.5,none,True,True
6458,1.0,0.0,0.5,none,True,True
6459,1.0,0.0,0.5,none,True,True
6460,1.0,0.0,0.5,none,True,True
6461,1.0,0.0,0.5,none,True,True
6462,1.0,0.0,0.5,none,True,True
6463,1.0,0.0,0.5,none,True,True
6464,1.0,0.0,0.5,none,True,True
6465,1.0,0.0,0.5,none,True,True
6466,1.0,0.0,0.5,none,True,True
6467,1.0,0.0,0.5,none,True,True
6468,1.0,0.0,0.5,none,True,True
6469,1.0,0.0,0.5,none,True,True
6470,1.0,0.0,0.5,none,True,True
6471,1.0,0.0,0.5,none,True,True
6472,1.0,0.0,0.5,none,True,True
6473,1.0,0.0,0.5,none,True,True
6474,1.0,0.0,0.5,none,True,True
6475,1.0,0.0,0.5,none,True,True
6476,1.0,0.0,0.5,none,True,True
6477,1.0,0.0,0.5,none,True,True
6478,1.0,0.0,0.5,none,True,True
6479,1.0,0.0,0.5,none,True,True
6480,1.0,0.0,0.5,none,True,True
6481,1.0,0.0,0.5,none,True,True
6482,1.0,0.0,0.5,none,True,True
6483,1.0,0.0,0.5,none,True,True
6484,1.0,0.0,0.5,none,True,True
6485,1.0,0.0,0.5,none,True,True
6486,1.0,0.0,0.5,none,True,True
6487,1.0,0.0,0.5,none,True,True
6488,1.0,0.0,0.5,none,True,True
6489,1.0,0.0,0.5,none,True,True
6490,1.0,0.0,0.5,none,True,True
6491,1.0,0.0,0.5,none,True,True
6492,1.0,0.0,0.5,none,True,True
6493,1.0,0.0,0.5,none,True,True
6494,1.0,0.0,0.5,none,True,True
6495,1.0,0.0,0.5,none,True,True
6496,1.0,0.0,0.5,none,True,True
6497,1.0,0.0,0.5,none,True,True
6498,1.0,0.0,0.5,none,True,True
6499,1.0,0.0,0.5,none,True,True
6500,1.0,0.0,0.5,none,True,True
6501,1.0,0.0,0.5,none,True,True
6502,1.0,0.0,0.5,none,True,True
6503,1.0,0.0,0.5,none,True,True
6504,1.0,0.0,0.5,none,True,True
6505,1.0,0.0,0.5,none,True,True
6506,1.0,0.0,0.5,none,True,True
6507,1.0,0.0,0.5,none,True,True
6508,1.0,0.0,0.5,none,True,True
6509,1.0,0.0,0.5,none,True,True
6510,1.0,0.0,0.5,none,True,True
6511,1.0,0.0,0.5,none,True,True
6512,1.0,0.0,0.5,none,True,True
6513,1.0,0.0,0.5,none,True,True
6514,1.0,0.0,0.5,none,True,True
6515,1.0,0.0,0.5,none,True,True
6516,1.0,0.0,0.5,none,True,True
6517,1.0,0.0,0.5,none,True,True
6518,1.0,0.0,0.5,none,True,True
6519,1.0,0.0,0.5,none,True,True
6520,1.0,0.0,0.5,none,True,True
6521,1.0,0.0,0.5,none,True,True
6522,1.0,0.0,0.5,none,True,True
6523,1.0,0.0,0.5,none,True,True
6524,1.0,0.0,0.5,none,True,True
6525,1.0,0.0,0.5,none,True,True
6526,1.0,0.0,0.5,none,True,True
6527,1.0,0.0,0.5,none,True,True
6528,1.0,0.0,0.5,none,True,True
6529,1.0,0.0,0.5,none,True,True
6530,1.0,0.0,0.5,none,True,True
6531,1.0,0.0,0.5,none,True,True
6532,1.0,0.0,0.5,none,True,True
6533,1.0,0.0,0.5,none,True,True
6534,1.0,0.0,0.5,none,True,True
6535,1.0,0.0,0.5,none,True,True
6536,1.0,0.0,0.5,none,True,True
6537,1.0,0.0,0.5,none,True,True
6538,1.0,0.0,0.5,none,True,True
6539,1.0,0.0,0.5,none,True,True
6540,1.0,0.0,0.5,none,True,True
6541,1.0,0.0,0.5,none,True,True
6542,1.0,0.0,0.5,none,True,True
6543,1.0,0.0,0.5,none,True,True
6544,1.0,0.0,0.5,none,True,True
6545,1.0,0.0,0.5,none,True,True
6546,1.0,0.0,0.5,none,True,True
6547,1.0,0.0,0.5,none,True,True
6548,1.0,0.0,0.5,none,True,True
6549,1.0,0.0,0.5,none,True,True
6550,1.0,0.0,0.5,none,True,True
6551,1.0,0.0,0.5,none,True,True
6552,1.0,0.0,0.5,none,True,True
6553,1.0,0.0,0.5,none,True,True
6554,1.0,0.0,0.5,none,True,True
6555,1.0,0.0,0.5,none,True,True
6556,1.0,0.0,0.5,none,True,True
6557,1.0,0.0,0.5,none,True,True
6558,1.0,0.0,0.5,none,True,True
6559,1.0,0.0,0.5,none,True,True
6560,1.0,0.0,0.5,none,True,True
6561,1.0,0.0,0.5,none,True,True
6562,1.0,0.0,0.5,none,True,True
6563,1.0,0.0,0.5,none,True,True
6564,1.0,0.0,0.5,none,True,True
6565,1.0,0.0,0.5,none,True,True
6566,1.0,0.0,0.5,none,True,True
6567,1.0,0.0,0.5,none,True,True
6568,1.0,0.0,0.5,none,True,True
6569,1.0,0.0,0.5,none,True,True
6570,1.0,0.0,0.5,none,True,True
6571,1.0,0.0,0.5,none,True,True
6572,1.0,0.0,0.5,none,True,True
6573,1.0,0.0,0.5,none,True,True
6574,1.0,0.0,0.5,none,True,True
6575,1.0,0.0,0.5,none,True,True
6576,1.0,0.0,0.5,none,True,True
6577,1.0,0.0,0.5,none,True,True
6578,1.0,0.0,0.5,none,True,True
6579,1.0,0.0,0.5,none,True,True
6580,1.0,0.0,0.5,none,True,True
6581,1.0,0.0,0.5,none,True,True
6582,1.0,0.0,0.5,none,True,True
6583,1.0,0.0,0.5,none,True,True
6584,1.0,0.0,0.5,none,True,True
6585,1.0,0.0,0.5,none,True,True
6586,1.0,0.0,0.5,none,True,True
6587,1.0,0.0,0.5,none,True,True
6588,1.0,0.0,0.5,none,True,True
6589,1.0,0.0,0.5,none,True,True
6590,1.0,0.0,0.5,none,True,True
6591,1.0,0.0,0.5,none,True,True
6592,1.0,0.0,0.5,none,True,True
6593,1.0,0.0,0.5,none,True,True
6594,1.0,0.0,0.5,none,True,True
6595,1.0,0.0,0.5,none,True,True
6596,1.0,0.0,0.5,none,True,True
6597,1.0,0.0,0.5,none,True,True
6598,1.0,0.0,0.5,none,True,True
6599,1.0,0.0,0.5,none,True,True
6600,1.0,0.0,0.5,none,True,True
6601,1.0,0.0,0.5,none,True,True
6602,1.0,0.0,0.5,none,True,True
6603,1.0,0.0,0.5,none,True,True
6604,1.0,0.0,0.5,none,True,True
6605,1.0,0.0,0.5,none,True,True
6606,1.0,0.0,0.5,none,True,True
6607,1.0,0.0,0.5,none,True,True
6608,1.0,0.0,0.5,none,True,True
6609,1.0,0.0,0.5,none,True,True
6610,1.0,0.0,0.5,none,True,True
6611,1.0,0.0,0.5,none,True,True
6612,1.0,0.0,0.5,none,True,True
6613,1.0,0.0,0.5,none,True,True
6614,1.0,0.0,0.5,none,True,True
6615,1.0,0.0,0.5,none,True,True
6616,1.0,0.0,0.5,none,True,True
6617,1.0,0.0,0.5,none,True,True
6618,1.0,0.0,0.5,none,True,True
6619,1.0,0.0,0.5,none,True,True
6620,1.0,0.0,0.5,none,True,True
6621,1.0,0.0,0.5,none,True,True
6622,1.0,0.0,0.5,none,True,True
6623,1.0,0.0,0.5,none,True,True
6624,1.0,0.0,0.5,none,True,True
6625,1.0,0.0,0.5,none,True,True
6626,1.0,0.0,0.5,none,True,True
6627,1.0,0.0,0.5,none,True,True
6628,1.0,0.0,0.5,none,True,True
6629,1.0,0.0,0.5,none,True,True
6630,1.0,0.0,0.5,none,True,True
6631,1.0,0.0,0.5,none,True,True
6632,1.0,0.0,0.5,none,True,True
6633,1.0,0.0,0.5,none,True,True
6634,1.0,0.0,0.5,none,True,True
6635,1.0,0.0,0.5,none,True,True
6636,1.0,0.0,0.5,none,True,True
6637,1.0,0.0,0.5,none,True,True
6638,1.0,0.0,0.5,none,True,True
6639,1.0,0.0,0.5,none,True,True
6640,1.0,0.0,0.5,none,True,True
6641,1.0,0.0,0.5,none,True,True
6642,1.0,0.0,0.5,none,True,True
6643,1.0,0.0,0.5,none,True,True
6644,1.0,0.0,0.5,none,True,True
6645,1.0,0.0,0.5,none,True,True
6646,1.0,0.0,0.5,none,True,True
6647,1.0,0.0,0.5,none,True,True
6648,1.0,0.0,0.5,none,True,True
6649,1.0,0.0,0.5,none,True,True
6650,1.0,0.0,0.5,none,True,True
6651,1.0,0.0,0.5,none,True,True
6652,1.0,0.0,0.5,none,True,True
6653,1.0,0.0,0.5,none,True,True
6654,1.0,0.0,0.5,none,True,True
6655,1.0,0.0,0.5,none,True,True
6656,1.0,0.0,0.5,none,True,True
6657,1.0,0.0,0.5,none,True,True
6658,1.0,0.0,0.5,none,True,True
6659,1.0,0.0,0.5,none,True,True
6660,1.0,0.0,0.5,none,True,True
6661,1.0,0.0,0.5,none,True,True
6662,1.0,0.0,0.5,none,True,True
6663,1.0,0.0,0.5,none,True,True
6664,1.0,0.0,0.5,none,True,True
6665,1.0,0.0,0.5,none,True,True
6666,1.0,0.0,0.5,none,True,True
6667,1.0,0.0,0.5,none,True,True
6668,1.0,0.0,0.5,none,True,True
6669,1.0,0.0,0.5,none,True,True
6670,1.0,0.0,0.5,none,True,True
6671,1.0,0.0,0.5,none,True,True
6672,1.0,0.0,0.5,none,True,True
6673,1.0,0.0,0.5,none,True,True
6674,1.0,0.0,0.5,none,True,True
6675,1.0,0.0,0.5,none,True,True
6676,1.0,0.0,0.5,none,True,True
6677,1.0,0.0,0.5,none,True,True
6678,1.0,0.0,0.5,none,True,True
6679,1.0,0.0,0.5,none,True,True
6680,1.0,0.0,0.5,none,True,True
6681,1.0,0.0,0.5,none,True,True
6682,1.0,0.0,0.5,none,True,True
6683,1.0,0.0,0.5,none,True,True
6684,1.0,0.0,0.5,none,True,True
6685,1.0,0.0,0.5,none,True,True
6686,1.0,0.0,0.5,none,True,True
6687,1.0,0.0,0.5,none,True,True
6688,1.0,0.0,0.5,none,True,True
6689,1.0,0.0,0.5,none,True,True
6690,1.0,0.0,0.5,none,True,True
6691,1.0,0.0,0.5,none,True,True
6692,1.0,0.0,0.5,none,True,True
6693,1.0,0.0,0.5,none,True,True
6694,1.0,0.0,0.5,none,True,True
6695,1.0,0.0,0.5,none,True,True
6696,1.0,0.0,0.5,none,True,True
6697,1.0,0.0,0.5,none,True,True
6698,1.0,0.0,0.5,none,True,True
6699,1.0,0.0,0.5,none,True,True
6700,1.0,0.0,0.5,none,True,True
6701,1.0,0.0,0.5,none,True,True
6702,1.0,0.0,0.5,none,True,True
6703,1.0,0.0,0.5,none,True,True
6704,1.0,0.0,0.5,none,True,True
6705,1.0,0.0,0.5,none,True,True
6706,1.0,0.0,0.5,none,True,True
6707,1.0,0.0,0.5,none,True,True
6708,1.0,0.0,0.5,none,True,True
6709,1.0,0.0,0.5,none,True,True
6710,1.0,0.0,0.5,none,True,True
6711,1.0,0.0,0.5,none,True,True
6712,1.0,0.0,0.5,none,True,True
6713,1.0,0.0,0.5,none,True,True
6714,1.0,0.0,0.5,none,True,True
6715,1.0,0.0,0.5,none,True,True
6716,1.0,0.0,0.5,none,True,True
6717,1.0,0.0,0.5,none,True,True
6718,1.0,0.0,0.5,none,True,True
6719,1.0,0.0,0.5,none,True,True
6720,1.0,0.0,0.5,none,True,True
6721,1.0,0.0,0.5,none,True,True
6722,1.0,0.0,0.5,none,True,True
6723,1.0,0.0,0.5,none,True,True
6724,1.0,0.0,0.5,none,True,True
6725,1.0,0.0,0.5,none,True,True
6726,1.0,0.0,0.5,none,True,True
6727,1.0,0.0,0.5,none,True,True
6728,1.0,0.0,0.5,none,True,True
6729,1.0,0.0,0.5,none,True,True
6730,1.0,0.0,0.5,none,True,True
6731,1.0,0.0,0.5,none,True,True
6732,1.0,0.0,0.5,none,True,True
6733,1.0,0.0,0.5,none,True,True
6734,1.0,0.0,0.5,none,True,True
6735,1.0,0.0,0.5,none,True,True
6736,1.0,0.0,0.5,none,True,True
6737,1.0,0.0,0.5,none,True,True
6738,1.0,0.0,0.5,none,True,True
6739,1.0,0.0,0.5,none,True,True
6740,1.0,0.0,0.5,none,True,True
6741,1.0,0.0,0.5,none,True,True
6742,1.0,0.0,0.5,none,True,True
6743,1.0,0.0,0.5,none,True,True
6744,1.0,0.0,0.5,none,True,True
6745,1.0,0.0,0.5,none,True,True
6746,1.0,0.0,0.5,none,True,True
6747,1.0,0.0,0.5,none,True,True
6748,1.0,0.0,0.5,none,True,True
6749,1.0,0.0,0.5,none,True,True
6750,1.0,0.0,0.5,none,True,True
6751,1.0,0.0,0.5,none,True,True
6752,1.0,0.0,0.5,none,True,True
6753,1.0,0.0,0.5,none,True,True
6754,1.0,0.0,0.5,none,True,True
6755,1.0,0.0,0.5,none,True,True
6756,1.0,0.0,0.5,none,True,True
6757,1.0,0.0,0.5,none,True,True
6758,1.0,0.0,0.5,none,True,True
6759,1.0,0.0,0.5,none,True,True
6760,1.0,0.0,0.5,none,True,True
6761,1.0,0.0,0.5,none,True,True
6762,1.0,0.0,0.5,none,True,True
6763,1.0,0.0,0.5,none,True,True
6764,1.0,0.0,0.5,none,True,True
6765,1.0,0.0,0.5,none,True,True
6766,1.0,0.0,0.5,none,True,True
6767,1.0,0.0,0.5,none,True,True
6768,1.0,0.0,0.5,none,True,True
6769,1.0,0.0,0.5,none,True,True
6770,1.0,0.0,0.5,none,True,True
6771,1.0,0.0,0.5,none,True,True
6772,1.0,0.0,0.5,none,True,True
6773,1.0,0.0,0.5,none,True,True
6774,1.0,0.0,0.5,none,True,True
6775,1.0,0.0,0.5,none,True,True
6776,1.0,0.0,0.5,none,True,True
6777,1.0,0.0,0.5,none,True,True
6778,1.0,0.0,0.5,none,True,True
6779,1.0,0.0,0.5,none,True,True
6780,1.0,0.0,0.5,none,True,True
6781,1.0,0.0,0.5,none,True,True
6782,1.0,0.0,0.5,none,True,True
6783,1.0,0.0,0.5,none,True,True
6784,1.0,0.0,0.5,none,True,True
6785,1.0,0.0,0.5,none,True,True
6786,1.0,0.0,0.5,none,True,True
6787,1.0,0.0,0.5,none,True,True
6788,1.0,0.0,0.5,none,True,True
6789,1.0,0.0,0.5,none,True,True
6790,1.0,0.0,0.5,none,True,True
6791,1.0,0.0,0.5,none,True,True
6792,1.0,0.0,0.5,none,True,True
6793,1.0,0.0,0.5,none,True,True
6794,1.0,0.0,0.5,none,True,True
6795,1.0,0.0,0.5,none,True,True
6796,1.0,0.0,0.5,none,True,True
6797,1.0,0.0,0.5,none,True,True
6798,1.0,0.0,0.5,none,True,True
6799,1.0,0.0,0.5,none,True,True
6800,1.0,0.0,0.5,none,True,True
6801,1.0,0.0,0.5,none,True,True
6802,1.0,0.0,0.5,none,True,True
6803,1.0,0.0,0.5,none,True,True
6804,1.0,0.0,0.5,none,True,True
6805,1.0,0.0,0.5,none,True,True
6806,1.0,0.0,0.5,none,True,True
6807,1.0,0.0,0.5,none,True,True
6808,1.0,0.0,0.5,none,True,True
6809,1.0,0.0,0.5,none,True,True
6810,1.0,0.0,0.5,none,True,True
6811,1.0,0.0,0.5,none,True,True
6812,1.0,0.0,0.5,none,True,True
6813,1.0,0.0,0.5,none,True,True
6814,1.0,0.0,0.5,none,True,True
6815,1.0,0.0,0.5,none,True,True
6816,1.0,0.0,0.5,none,True,True
6817,1.0,0.0,0.5,none,True,True
6818,1.0,0.0,0.5,none,True,True
6819,1.0,0.0,0.5,none,True,True
6820,1.0,0.0,0.5,none,True,True
6821,1.0,0.0,0.5,none,True,True
6822,1.0,0.0,0.5,none,True,True
6823,1.0,0.0,0.5,none,True,True
6824,1.0,0.0,0.5,none,True,True
6825,1.0,0.0,0.5,none,True,True
6826,1.0,0.0,0.5,none,True,True
6827,1.0,0.0,0.5,none,True,True
6828,1.0,0.0,0.5,none,True,True
6829,1.0,0.0,0.5,none,True,True
6830,1.0,0.0,0.5,none,True,True
6831,1.0,0.0,0.5,none,True,True
6832,1.0,0.0,0.5,none,True,True
6833,1.0,0.0,0.5,none,True,True
6834,1.0,0.0,0.5,none,True,True
6835,1.0,0.0,0.5,none,True,True
6836,1.0,0.0,0.5,none,True,True
6837,1.0,0.0,0.5,none,True,True
6838,1.0,0.0,0.5,none,True,True
6839,1.0,0.0,0.5,none,True,True
6840,1.0,0.0,0.5,none,True,True
6841,1.0,0.0,0.5,none,True,True
6842,1.0,0.0,0.5,none,True,True
6843,1.0,0.0,0.5,none,True,True
6844,1.0,0.0,0.5,none,True,True
6845,1.0,0.0,0.5,none,True,True
6846,1.0,0.0,0.5,none,True,True
6847,1.0,0.0,0.5,none,True,True
6848,1.0,0.0,0.5,none,True,True
6849,1.0,0.0,0.5,none,True,True
6850,1.0,0.0,0.5,none,True,True
6851,1.0,0.0,0.5,none,True,True
6852,1.0,0.0,0.5,none,True,True
6853,1.0,0.0,0.5,none,True,True
6854,1.0,0.0,0.5,none,True,True
6855,1.0,0.0,0.5,none,True,True
6856,1.0,0.0,0.5,none,True,True
6857,1.0,0.0,0.5,none,True,True
6858,1.0,0.0,0.5,none,True,True
6859,1.0,0.0,0.5,none,True,True
6860,1.0,0.0,0.5,none,True,True
6861,1.0,0.0,0.5,none,True,True
6862,1.0,0.0,0.5,none,True,True
6863,1.0,0.0,0.5,none,True,True
6864,1.0,0.0,0.5,none,True,True
6865,1.0,0.0,0.5,none,True,True
6866,1.0,0.0,0.5,none,True,True
6867,1.0,0.0,0.5,none,True,True
6868,1.0,0.0,0.5,none,True,True
6869,1.0,0.0,0.5,none,True,True
6870,1.0,0.0,0.5,none,True,True
6871,1.0,0.0,0.5,none,True,True
6872,1.0,0.0,0.5,none,True,True
6873,1.0,0.0,0.5,none,True,True
6874,1.0,0.0,0.5,none,True,True
6875,1.0,0.0,0.5,none,True,True
6876,1.0,0.0,0.5,none,True,True
6877,1.0,0.0,0.5,none,True,True
6878,1.0,0.0,0.5,none,True,True
6879,1.0,0.0,0.5,none,True,True
6880,1.0,0.0,0.5,none,True,True
6881,1.0,0.0,0.5,none,True,True
6882,1.0,0.0,0.5,none,True,True
6883,1.0,0.0,0.5,none,True,True
6884,1.0,0.0,0.5,none,True,True
6885,1.0,0.0,0.5,none,True,True
6886,1.0,0.0,0.5,none,True,True
6887,1.0,0.0,0.5,none,True,True
6888,1.0,0.0,0.5,none,True,True
6889,1.0,0.0,0.5,none,True,True
6890,1.0,0.0,0.5,none,True,True
6891,1.0,0.0,0.5,none,True,True
6892,1.0,0.0,0.5,none,True,True
6893,1.0,0.0,0.5,none,True,True
6894,1.0,0.0,0.5,none,True,True
6895,1.0,0.0,0.5,none,True,True
6896,1.0,0.0,0.5,none,True,True
6897,1.0,0.0,0.5,none,True,True
6898,1.0,0.0,0.5,none,True,True
6899,1.0,0.0,0.5,none,True,True
6900,1.0,0.0,0.5,none,True,True
6901,1.0,0.0,0.5,none,True,True
6902,1.0,0.0,0.5,none,True,True
6903,1.0,0.0,0.5,none,True,True
6904,1.0,0.0,0.5,none,True,True
6905,1.0,0.0,0.5,none,True,True
6906,1.0,0.0,0.5,none,True,True
6907,1.0,0.0,0.5,none,True,True
6908,1.0,0.0,0.5,none,True,True
6909,1.0,0.0,0.5,none,True,True
6910,1.0,0.0,0.5,none,True,True
6911,1.0,0.0,0.5,none,True,True
6912,1.0,0.0,0.5,none,True,True
6913,1.0,0.0,0.5,none,True,True
6914,1.0,0.0,0.5,none,True,True
6915,1.0,0.0,0.5,none,True,True
6916,1.0,0.0,0.5,none,True,True
6917,1.0,0.0,0.5,none,True,True
6918,1.0,0.0,0.5,none,True,True
6919,1.0,0.0,0.5,none,True,True
6920,1.0,0.0,0.5,none,True,True
6921,1.0,0.0,0.5,none,True,True
6922,1.0,0.0,0.5,none,True,True
6923,1.0,0.0,0.5,none,True,True
6924,1.0,0.0,0.5,none,True,True
6925,1.0,0.0,0.5,none,True,True
6926,1.0,0.0,0.5,none,True,True
6927,1.0,0.0,0.5,none,True,True
6928,1.0,0.0,0.5,none,True,True
6929,1.0,0.0,0.5,none,True,True
6930,1.0,0.0,0.5,none,True,True
6931,1.0,0.0,0.5,none,True,True
6932,1.0,0.0,0.5,none,True,True
6933,1.0,0.0,0.5,none,True,True
6934,1.0,0.0,0.5,none,True,True
6935,1.0,0.0,0.5,none,True,True
6936,1.0,0.0,0.5,none,True,True
6937,1.0,0.0,0.5,none,True,True
6938,1.0,0.0,0.5,none,True,True
6939,1.0,0.0,0.5,none,True,True
6940,1.0,0.0,0.5,none,True,True
6941,1.0,0.0,0.5,none,True,True
6942,1.0,0.0,0.5,none,True,True
6943,1.0,0.0,0.5,none,True,True
6944,1.0,0.0,0.5,none,True,True
6945,1.0,0.0,0.5,none,True,True
6946,1.0,0.0,0.5,none,True,True
6947,1.0,0.0,0.5,none,True,True
6948,1.0,0.0,0.5,none,True,True
6949,1.0,0.0,0.5,none,True,True
6950,1.0,0.0,0.5,none,True,True
6951,1.0,0.0,0.5,none,True,True
6952,1.0,0.0,0.5,none,True,True
6953,1.0,0.0,0.5,none,True,True
6954,1.0,0.0,0.5,none,True,True
6955,1.0,0.0,0.5,none,True,True
6956,1.0,0.0,0.5,none,True,True
6957,1.0,0.0,0.5,none,True,True
6958,1.0,0.0,0.5,none,True,True
6959,1.0,0.0,0.5,none,True,True
6960,1.0,0.0,0.5,none,True,True
6961,1.0,0.0,0.5,none,True,True
6962,1.0,0.0,0.5,none,True,True
6963,1.0,0.0,0.5,none,True,True
6964,1.0,0.0,0.5,none,True,True
6965,1.0,0.0,0.5,none,True,True
6966,1.0,0.0,0.5,none,True,True
6967,1.0,0.0,0.5,none,True,True
6968,1.0,0.0,0.5,none,True,True
6969,1.0,0.0,0.5,none,True,True
6970,1.0,0.0,0.5,none,True,True
6971,1.0,0.0,0.5,none,True,True
6972,1.0,0.0,0.5,none,True,True
6973,1.0,0.0,0.5,none,True,True
6974,1.0,0.0,0.5,none,True,True
6975,1.0,0.0,0.5,none,True,True
6976,1.0,0.0,0.5,none,True,True
6977,1.0,0.0,0.5,none,True,True
6978,1.0,0.0,0.5,none,True,True
6979,1.0,0.0,0.5,none,True,True
6980,1.0,0.0,0.5,none,True,True
6981,1.0,0.0,0.5,none,True,True
6982,1.0,0.0,0.5,none,True,True
6983,1.0,0.0,0.5,none,True,True
6984,1.0,0.0,0.5,none,True,True
6985,1.0,0.0,0.5,none,True,True
6986,1.0,0.0,0.5,none,True,True
6987,1.0,0.0,0.5,none,True,True
6988,1.0,0.0,0.5,none,True,True
6989,1.0,0.0,0.5,none,True,True
6990,1.0,0.0,0.5,none,True,True
6991,1.0,0.0,0.5,none,True,True
6992,1.0,0.0,0.5,none,True,True
6993,1.0,0.0,0.5,none,True,True
6994,1.0,0.0,0.5,none,True,True
6995,1.0,0.0,0.5,none,True,True
6996,1.0,0.0,0.5,none,True,True
6997,1.0,0.0,0.5,none,True,True
6998,1.0,0.0,0.5,none,True,True
6999,1.0,0.0,0.5,none,True,True
7000,1.0,0.0061,0.5,none,True,True
7001,1.0,0.0357,0.5,none,True,True
7002,1.0,0.0812,0.5,none,True,True
7003,1.0,0.1113,0.5,none,True,True
7004,1.0,0.1253,0.5,none,True,True
7005,1.0,0.1408,0.5,none,True,True
7006,1.0,0.0907,0.5,none,True,True
7007,1.0,0.1198,0.5,none,True,True
7008,1.0,0.0467,0.5,none,True,True
7009,1.0,0.0522,0.5,none,True,True
7010,1.0,0.0405,0.5,none,True,True
7011,1.0,0.0313,0.5,none,True,True
7012,1.0,0.0083,0.5,none,True,True
7013,1.0,0.0726,0.5,none,True,True
7014,1.0,0.0793,0.5,none,True,True
7015,1.0,0.0581,0.5,none,True,True
7016,1.0,0.0955,0.5,none,True,True
7017,1.0,0.0839,0.5,none,True,True
7018,1.0,0.0648,0.5,none,True,True
7019,1.0,0.0718,0.5,none,True,True
7020,1.0,0.0589,0.5,none,True,True
7021,1.0,0.0403,0.5,none,True,True
7022,1.0,0.0327,0.5,none,True,True
7023,1.0,0.0277,0.5,none,True,True
7024,1.0,0.017,0.5,none,True,True
7025,1.0,0.0102,0.5,none,True,True
7026,1.0,0.0099,0.5,none,True,True
7027,1.0,0.008,0.5,none,True,True
7028,1.0,0.005,0.5,none,True,True
7029,1.0,0.0063,0.5,none,True,True
7030,1.0,0.009,0.5,none,True,True
7031,1.0,0.0096,0.5,none,True,True
7032,1.0,0.0108,0.5,none,True,True
7033,1.0,0.014,0.5,none,True,True
7034,1.0,0.0161,0.5,none,True,True
7035,1.0,0.0167,0.5,none,True,True
7036,1.0,0.0182,0.5,none,True,True
7037,1.0,0.0196,0.5,none,True,True
7038,1.0,0.0197,0.5,none,True,True
7039,1.0,0.0193,0.5,none,True,True
7040,1.0,0.0193,0.5,none,True,True
7041,1.0,0.0187,0.5,none,True,True
7042,1.0,0.0174,0.5,none,True,True
7043,1.0,0.0163,0.5,none,True,True
7044,1.0,0.0152,0.5,none,True,True
7045,1.0,0.0138,0.5,none,True,True
7046,1.0,0.0123,0.5,none,True,True
7047,1.0,0.0111,0.5,none,True,True
7048,1.0,0.01,0.5,none,True,True
7049,1.0,0.0088,0.5,none,True,True
7050,1.0,0.0078,0.5,none,True,True
7051,1.0,0.0071,0.5,none,True,True
7052,1.0,0.0064,0.5,none,True,True
7053,1.0,0.0057,0.5,none,True,True
7054,1.0,0.0053,0.5,none,True,True
7055,1.0,0.005,0.5,none,True,True
7056,1.0,0.0047,0.5,none,True,True
7057,1.0,0.0045,0.5,none,True,True
7058,1.0,0.0044,0.5,none,True,True
7059,1.0,0.0043,0.5,none,True,True
7060,1.0,0.0042,0.5,none,True,True
7061,1.0,0.0041,0.5,none,True,True
7062,1.0,0.004,0.5,none,True,True
7063,1.0,0.0039,0.5,none,True,True
7064,1.0,0.0038,0.5,none,True,True
7065,1.0,0.0037,0.5,none,True,True
7066,1.0,0.0035,0.5,none,True,True
7067,1.0,0.0033,0.5,none,True,True
7068,1.0,0.0032,0.5,none,True,True
7069,1.0,0.003,0.5,none,True,True
7070,1.0,0.0028,0.5,none,True,True
7071,1.0,0.0026,0.5,none,True,True
7072,1.0,0.0024,0.5,none,True,True
7073,1.0,0.0023,0.5,none,True,True
7074,1.0,0.0021,0.5,none,True,True
7075,1.0,0.0019,0.5,none,True,True
7076,1.0,0.0018,0.5,none,True,True
7077,1.0,0.0017,0.5,none,True,True
7078,1.0,0.0015,0.5,none,True,True
7079,1.0,0.0014,0.5,none,True,True
7080,1.0,0.0013,0.5,none,True,True
7081,1.0,0.0013,0.5,none,True,True
7082,1.0,0.0012,0.5,none,True,True
7083,1.0,0.0011,0.5,none,True,True
7084,1.0,0.0011,0.5,none,True,True
7085,1.0,0.001,0.5,none,True,True
7086,1.0,0.001,0.5,none,True,True
7087,1.0,0.0009,0.5,none,True,True
7088,1.0,0.0009,0.5,none,True,True
7089,1.0,0.0008,0.5,none,True,True
7090,1.0,0.0008,0.5,none,True,True
7091,1.0,0.0008,0.5,none,True,True
7092,1.0,0.0007,0.5,none,True,True
7093,1.0,0.0007,0.5,none,True,True
7094,1.0,0.0006,0.5,none,True,True
7095,1.0,0.0006,0.5,none,True,True
7096,1.0,0.0006,0.5,none,True,True
7097,1.0,0.0005,0.5,none,True,True
7098,1.0,0.0005,0.5,none,True,True
7099,1.0,0.0005,0.5,none,True,True
7100,1.0,0.0004,0.5,none,True,True
7101,1.0,0.0004,0.5,none,True,True
7102,1.0,0.0004,0.5,none,True,True
7103,1.0,0.0004,0.5,none,True,True
7104,1.0,0.0003,0.5,none,True,True
7105,1.0,0.0003,0.5,none,True,True
7106,1.0,0.0003,0.5,none,True,True
7107,1.0,0.0003,0.5,none,True,True
7108,1.0,0.0003,0.5,none,True,True
7109,1.0,0.0003,0.5,none,True,True
7110,1.0,0.0002,0.5,none,True,True
7111,1.0,0.0002,0.5,none,True,True
7112,1.0,0.0002,0.5,none,True,True
7113,1.0,0.0002,0.5,none,True,True
7114,1.0,0.0002,0.5,none,True,True
7115,1.0,0.0002,0.5,none,True,True
7116,1.0,0.0002,0.5,none,True,True
7117,1.0,0.0002,0.5,none,True,True
7118,1.0,0.0002,0.5,none,True,True
7119,1.0,0.0001,0.5,none,True,True
7120,1.0,0.0001,0.5,none,True,True
7121,1.0,0.0001,0.5,none,True,True
7122,1.0,0.0001,0.5,none,True,True
7123,1.0,0.0001,0.5,none,True,True
7124,1.0,0.0001,0.5,none,True,True
7125,1.0,0.0001,0.5,none,True,True
7126,1.0,0.0001,0.5,none,True,True
7127,1.0,0.0001,0.5,none,True,True
7128,1.0,0.0001,0.5,none,True,True
7129,1.0,0.0001,0.5,none,True,True
7130,1.0,0.0001,0.5,none,True,True
7131,1.0,0.0001,0.5,none,True,True
7132,1.0,0.0001,0.5,none,True,True
7133,1.0,0.0001,0.5,none,True,True
7134,1.0,0.0001,0.5,none,True,True
7135,1.0,0.0001,0.5,none,True,True
7136,1.0,0.0001,0.5,none,True,True
7137,1.0,0.0,0.5,none,True,True
7138,1.0,0.0,0.5,none,True,True
7139,1.0,0.0,0.5,none,True,True
7140,1.0,0.0,0.5,none,True,True
7141,1.0,0.0,0.5,none,True,True
7142,1.0,0.0,0.5,none,True,True
7143,1.0,0.0,0.5,none,True,True
7144,1.0,0.0,0.5,none,True,True
7145,1.0,0.0,0.5,none,True,True
7146,1.0,0.0,0.5,none,True,True
7147,1.0,0.0,0.5,none,True,True
7148,1.0,0.0,0.5,none,True,True
7149,1.0,0.0,0.5,none,True,True
7150,1.0,0.0,0.5,none,True,True
7151,1.0,0.0,0.5,none,True,True
7152,1.0,0.0,0.5,none,True,True
7153,1.0,0.0,0.5,none,True,True
7154,1.0,0.0,0.5,none,True,True
7155,1.0,0.0,0.5,none,True,True
7156,1.0,0.0,0.5,none,True,True
7157,1.0,0.0,0.5,none,True,True
7158,1.0,0.0,0.5,none,True,True
7159,1.0,0.0,0.5,none,True,True
7160,1.0,0.0,0.5,none,True,True
7161,1.0,0.0,0.5,none,True,True
7162,1.0,0.0,0.5,none,True,True
7163,1.0,0.0,0.5,none,True,True
7164,1.0,0.0,0.5,none,True,True
7165,1.0,0.0,0.5,none,True,True
7166,1.0,0.0,0.5,none,True,True
7167,1.0,0.0,0.5,none,True,True
7168,1.0,0.0,0.5,none,True,True
7169,1.0,0.0,0.5,none,True,True
7170,1.0,0.0,0.5,none,True,True
7171,1.0,0.0,0.5,none,True,True
7172,1.0,0.0,0.5,none,True,True
7173,1.0,0.0,0.5,none,True,True
7174,1.0,0.0,0.5,none,True,True
7175,1.0,0.0,0.5,none,True,True
7176,1.0,0.0,0.5,none,True,True
7177,1.0,0.0,0.5,none,True,True
7178,1.0,0.0,0.5,none,True,True
7179,1.0,0.0,0.5,none,True,True
7180,1.0,0.0,0.5,none,True,True
7181,1.0,0.0,0.5,none,True,True
7182,1.0,0.0,0.5,none,True,True
7183,1.0,0.0,0.5,none,True,True
7184,1.0,0.0,0.5,none,True,True
7185,1.0,0.0,0.5,none,True,True
7186,1.0,0.0,0.5,none,True,True
7187,1.0,0.0,0.5,none,True,True
7188,1.0,0.0,0.5,none,True,True
7189,1.0,0.0,0.5,none,True,True
7190,1.0,0.0,0.5,none,True,True
7191,1.0,0.0,0.5,none,True,True
7192,1.0,0.0,0.5,none,True,True
7193,1.0,0.0,0.5,none,True,True
7194,1.0,0.0,0.5,none,True,True
7195,1.0,0.0,0.5,none,True,True
7196,1.0,0.0,0.5,none,True,True
7197,1.0,0.0,0.5,none,True,True
7198,1.0,0.0,0.5,none,True,True
7199,1.0,0.0,0.5,none,True,True
7200,1.0,0.0,0.5,none,True,True
7201,1.0,0.0,0.5,none,True,True
7202,1.0,0.0,0.5,none,True,True
7203,1.0,0.0,0.5,none,True,True
7204,1.0,0.0,0.5,none,True,True
7205,1.0,0.0,0.5,none,True,True
7206,1.0,0.0,0.5,none,True,True
7207,1.0,0.0,0.5,none,True,True
7208,1.0,0.0,0.5,none,True,True
7209,1.0,0.0,0.5,none,True,True
7210,1.0,0.0,0.5,none,True,True
7211,1.0,0.0,0.5,none,True,True
7212,1.0,0.0,0.5,none,True,True
7213,1.0,0.0,0.5,none,True,True
7214,1.0,0.0,0.5,none,True,True
7215,1.0,0.0,0.5,none,True,True
7216,1.0,0.0,0.5,none,True,True
7217,1.0,0.0,0.5,none,True,True
7218,1.0,0.0,0.5,none,True,True
7219,1.0,0.0,0.5,none,True,True
7220,1.0,0.0,0.5,none,True,True
7221,1.0,0.0,0.5,none,True,True
7222,1.0,0.0,0.5,none,True,True
7223,1.0,0.0,0.5,none,True,True
7224,1.0,0.0,0.5,none,True,True
7225,1.0,0.0,0.5,none,True,True
7226,1.0,0.0,0.5,none,True,True
7227,1.0,0.0,0.5,none,True,True
7228,1.0,0.0,0.5,none,True,True
7229,1.0,0.0,0.5,none,True,True
7230,1.0,0.0,0.5,none,True,True
7231,1.0,0.0,0.5,none,True,True
7232,1.0,0.0,0.5,none,True,True
7233,1.0,0.0,0.5,none,True,True
7234,1.0,0.0,0.5,none,True,True
7235,1.0,0.0,0.5,none,True,True
7236,1.0,0.0,0.5,none,True,True
7237,1.0,0.0,0.5,none,True,True
7238,1.0,0.0,0.5,none,True,True
7239,1.0,0.0,0.5,none,True,True
7240,1.0,0.0,0.5,none,True,True
7241,1.0,0.0,0.5,none,True,True
7242,1.0,0.0,0.5,none,True,True
7243,1.0,0.0,0.5,none,True,True
7244,1.0,0.0,0.5,none,True,True
7245,1.0,0.0,0.5,none,True,True
7246,1.0,0.0,0.5,none,True,True
7247,1.0,0.0,0.5,none,True,True
7248,1.0,0.0,0.5,none,True,True
7249,1.0,0.0,0.5,none,True,True
7250,1.0,0.0,0.5,none,True,True
7251,1.0,0.0,0.5,none,True,True
7252,1.0,0.0,0.5,none,True,True
7253,1.0,0.0,0.5,none,True,True
7254,1.0,0.0,0.5,none,True,True
7255,1.0,0.0,0.5,none,True,True
7256,1.0,0.0,0.5,none,True,True
7257,1.0,0.0,0.5,none,True,True
7258,1.0,0.0,0.5,none,True,True
7259,1.0,0.0,0.5,none,True,True
7260,1.0,0.0,0.5,none,True,True
7261,1.0,0.0,0.5,none,True,True
7262,1.0,0.0,0.5,none,True,True
7263,1.0,0.0,0.5,none,True,True
7264,1.0,0.0,0.5,none,True,True
7265,1.0,0.0,0.5,none,True,True
7266,1.0,0.0,0.5,none,True,True
7267,1.0,0.0,0.5,none,True,True
7268,1.0,0.0,0.5,none,True,True
7269,1.0,0.0,0.5,none,True,True
7270,1.0,0.0,0.5,none,True,True
7271,1.0,0.0,0.5,none,True,True
7272,1.0,0.0,0.5,none,True,True
7273,1.0,0.0,0.5,none,True,True
7274,1.0,0.0,0.5,none,True,True
7275,1.0,0.0,0.5,none,True,True
7276,1.0,0.0,0.5,none,True,True
7277,1.0,0.0,0.5,none,True,True
7278,1.0,0.0,0.5,none,True,True
7279,1.0,0.0,0.5,none,True,True
7280,1.0,0.0,0.5,none,True,True
7281,1.0,0.0,0.5,none,True,True
7282,1.0,0.0,0.5,none,True,True
7283,1.0,0.0,0.5,none,True,True
7284,1.0,0.0,0.5,none,True,True
7285,1.0,0.0,0.5,none,True,True
7286,1.0,0.0,0.5,none,True,True
7287,1.0,0.0,0.5,none,True,True
7288,1.0,0.0,0.5,none,True,True
7289,1.0,0.0,0.5,none,True,True
7290,1.0,0.0,0.5,none,True,True
7291,1.0,0.0,0.5,none,True,True
7292,1.0,0.0,0.5,none,True,True
7293,1.0,0.0,0.5,none,True,True
7294,1.0,0.0,0.5,none,True,True
7295,1.0,0.0,0.5,none,True,True
7296,1.0,0.0,0.5,none,True,True
7297,1.0,0.0,0.5,none,True,True
7298,1.0,0.0,0.5,none,True,True
7299,1.0,0.0,0.5,none,True,True
7300,1.0,0.0,0.5,none,True,True
7301,1.0,0.0,0.5,none,True,True
7302,1.0,0.0,0.5,none,True,True
7303,1.0,0.0,0.5,none,True,True
7304,1.0,0.0,0.5,none,True,True
7305,1.0,0.0,0.5,none,True,True
7306,1.0,0.0,0.5,none,True,True
7307,1.0,0.0,0.5,none,True,True
7308,1.0,0.0,0.5,none,True,True
7309,1.0,0.0,0.5,none,True,True
7310,1.0,0.0,0.5,none,True,True
7311,1.0,0.0,0.5,none,True,True
7312,1.0,0.0,0.5,none,True,True
7313,1.0,0.0,0.5,none,True,True
7314,1.0,0.0,0.5,none,True,True
7315,1.0,0.0,0.5,none,True,True
7316,1.0,0.0,0.5,none,True,True
7317,1.0,0.0,0.5,none,True,True
7318,1.0,0.0,0.5,none,True,True
7319,1.0,0.0,0.5,none,True,True
7320,1.0,0.0,0.5,none,True,True
7321,1.0,0.0,0.5,none,True,True
7322,1.0,0.0,0.5,none,True,True
7323,1.0,0.0,0.5,none,True,True
7324,1.0,0.0,0.5,none,True,True
7325,1.0,0.0,0.5,none,True,True
7326,1.0,0.0,0.5,none,True,True
7327,1.0,0.0,0.5,none,True,True
7328,1.0,0.0,0.5,none,True,True
7329,1.0,0.0,0.5,none,True,True
7330,1.0,0.0,0.5,none,True,True
7331,1.0,0.0,0.5,none,True,True
7332,1.0,0.0,0.5,none,True,True
7333,1.0,0.0,0.5,none,True,True
7334,1.0,0.0,0.5,none,True,True
7335,1.0,0.0,0.5,none,True,True
7336,1.0,0.0,0.5,none,True,True
7337,1.0,0.0,0.5,none,True,True
7338,1.0,0.0,0.5,none,True,True
7339,1.0,0.0,0.5,none,True,True
7340,1.0,0.0,0.5,none,True,True
7341,1.0,0.0,0.5,none,True,True
7342,1.0,0.0,0.5,none,True,True
7343,1.0,0.0,0.5,none,True,True
7344,1.0,0.0,0.5,none,True,True
7345,1.0,0.0,0.5,none,True,True
7346,1.0,0.0,0.5,none,True,True
7347,1.0,0.0,0.5,none,True,True
7348,1.0,0.0,0.5,none,True,True
7349,1.0,0.0,0.5,none,True,True
7350,1.0,0.0,0.5,none,True,True
7351,1.0,0.0,0.5,none,True,True
7352,1.0,0.0,0.5,none,True,True
7353,1.0,0.0,0.5,none,True,True
7354,1.0,0.0,0.5,none,True,True
7355,1.0,0.0,0.5,none,True,True
7356,1.0,0.0,0.5,none,True,True
7357,1.0,0.0,0.5,none,True,True
7358,1.0,0.0,0.5,none,True,True
7359,1.0,0.0,0.5,none,True,True
7360,1.0,0.0,0.5,none,True,True
7361,1.0,0.0,0.5,none,True,True
7362,1.0,0.0,0.5,none,True,True
7363,1.0,0.0,0.5,none,True,True
7364,1.0,0.0,0.5,none,True,True
7365,1.0,0.0,0.5,none,True,True
7366,1.0,0.0,0.5,none,True,True
7367,1.0,0.0,0.5,none,True,True
7368,1.0,0.0,0.5,none,True,True
7369,1.0,0.0,0.5,none,True,True
7370,1.0,0.0,0.5,none,True,True
7371,1.0,0.0,0.5,none,True,True
7372,1.0,0.0,0.5,none,True,True
7373,1.0,0.0,0.5,none,True,True
7374,1.0,0.0,0.5,none,True,True
7375,1.0,0.0,0.5,none,True,True
7376,1.0,0.0,0.5,none,True,True
7377,1.0,0.0,0.5,none,True,True
7378,1.0,0.0,0.5,none,True,True
7379,1.0,0.0,0.5,none,True,True
7380,1.0,0.0,0.5,none,True,True
7381,1.0,0.0,0.5,none,True,True
7382,1.0,0.0,0.5,none,True,True
7383,1.0,0.0,0.5,none,True,True
7384,1.0,0.0,0.5,none,True,True
7385,1.0,0.0,0.5,none,True,True
7386,1.0,0.0,0.5,none,True,True
7387,1.0,0.0,0.5,none,True,True
7388,1.0,0.0,0.5,none,True,True
7389,1.0,0.0,0.5,none,True,True
7390,1.0,0.0,0.5,none,True,True
7391,1.0,0.0,0.5,none,True,True
7392,1.0,0.0,0.5,none,True,True
7393,1.0,0.0,0.5,none,True,True
7394,1.0,0.0,0.5,none,True,True
7395,1.0,0.0,0.5,none,True,True
7396,1.0,0.0,0.5,none,True,True
7397,1.0,0.0,0.5,none,True,True
7398,1.0,0.0,0.5,none,True,True
7399,1.0,0.0,0.5,none,True,True
7400,1.0,0.0,0.5,none,True,True
7401,1.0,0.0,0.5,none,True,True
7402,1.0,0.0,0.5,none,True,True
7403,1.0,0.0,0.5,none,True,True
7404,1.0,0.0,0.5,none,True,True
7405,1.0,0.0,0.5,none,True,True
7406,1.0,0.0,0.5,none,True,True
7407,1.0,0.0,0.5,none,True,True
7408,1.0,0.0,0.5,none,True,True
7409,1.0,0.0,0.5,none,True,True
7410,1.0,0.0,0.5,none,True,True
7411,1.0,0.0,0.5,none,True,True
7412,1.0,0.0,0.5,none,True,True
7413,1.0,0.0,0.5,none,True,True
7414,1.0,0.0,0.5,none,True,True
7415,1.0,0.0,0.5,none,True,True
7416,1.0,0.0,0.5,none,True,True
7417,1.0,0.0,0.5,none,True,True
7418,1.0,0.0,0.5,none,True,True
7419,1.0,0.0,0.5,none,True,True
7420,1.0,0.0,0.5,none,True,True
7421,1.0,0.0,0.5,none,True,True
7422,1.0,0.0,0.5,none,True,True
7423,1.0,0.0,0.5,none,True,True
7424,1.0,0.0,0.5,none,True,True
7425,1.0,0.0,0.5,none,True,True
7426,1.0,0.0,0.5,none,True,True
7427,1.0,0.0,0.5,none,True,True
7428,1.0,0.0,0.5,none,True,True
7429,1.0,0.0,0.5,none,True,True
7430,1.0,0.0,0.5,none,True,True
7431,1.0,0.0,0.5,none,True,True
7432,1.0,0.0,0.5,none,True,True
7433,1.0,0.0,0.5,none,True,True
7434,1.0,0.0,0.5,none,True,True
7435,1.0,0.0,0.5,none,True,True
7436,1.0,0.0,0.5,none,True,True
7437,1.0,0.0,0.5,none,True,True
7438,1.0,0.0,0.5,none,True,True
7439,1.0,0.0,0.5,none,True,True
7440,1.0,0.0,0.5,none,True,True
7441,1.0,0.0,0.5,none,True,True
7442,1.0,0.0,0.5,none,True,True
7443,1.0,0.0,0.5,none,True,True
7444,1.0,0.0,0.5,none,True,True
7445,1.0,0.0,0.5,none,True,True
7446,1.0,0.0,0.5,none,True,True
7447,1.0,0.0,0.5,none,True,True
7448,1.0,0.0,0.5,none,True,True
7449,1.0,0.0,0.5,none,True,True
7450,1.0,0.0,0.5,none,True,True
7451,1.0,0.0,0.5,none,True,True
7452,1.0,0.0,0.5,none,True,True
7453,1.0,0.0,0.5,none,True,True
7454,1.0,0.0,0.5,none,True,True
7455,1.0,0.0,0.5,none,True,True
7456,1.0,0.0,0.5,none,True,True
7457,1.0,0.0,0.5,none,True,True
7458,1.0,0.0,0.5,none,True,True
7459,1.0,0.0,0.5,none,True,True
7460,1.0,0.0,0.5,none,True,True
7461,1.0,0.0,0.5,none,True,True
7462,1.0,0.0,0.5,none,True,True
7463,1.0,0.0,0.5,none,True,True
7464,1.0,0.0,0.5,none,True,True
7465,1.0,0.0,0.5,none,True,True
7466,1.0,0.0,0.5,none,True,True
7467,1.0,0.0,0.5,none,True,True
7468,1.0,0.0,0.5,none,True,True
7469,1.0,0.0,0.5,none,True,True
7470,1.0,0.0,0.5,none,True,True
7471,1.0,0.0,0.5,none,True,True
7472,1.0,0.0,0.5,none,True,True
7473,1.0,0.0,0.5,none,True,True
7474,1.0,0.0,0.5,none,True,True
7475,1.0,0.0,0.5,none,True,True
7476,1.0,0.0,0.5,none,True,True
7477,1.0,0.0,0.5,none,True,True
7478,1.0,0.0,0.5,none,True,True
7479,1.0,0.0,0.5,none,True,True
7480,1.0,0.0,0.5,none,True,True
7481,1.0,0.0,0.5,none,True,True
7482,1.0,0.0,0.5,none,True,True
7483,1.0,0.0,0.5,none,True,True
7484,1.0,0.0,0.5,none,True,True
7485,1.0,0.0,0.5,none,True,True
7486,1.0,0.0,0.5,none,True,True
7487,1.0,0.0,0.5,none,True,True
7488,1.0,0.0,0.5,none,True,True
7489,1.0,0.0,0.5,none,True,True
7490,1.0,0.0,0.5,none,True,True
7491,1.0,0.0,0.5,none,True,True
7492,1.0,0.0,0.5,none,True,True
7493,1.0,0.0,0.5,none,True,True
7494,1.0,0.0,0.5,none,True,True
7495,1.0,0.0,0.5,none,True,True
7496,1.0,0.0,0.5,none,True,True
7497,1.0,0.0,0.5,none,True,True
7498,1.0,0.0,0.5,none,True,True
7499,1.0,0.0,0.5,none,True,True
7500,1.0,0.0,0.5,none,True,True
7501,1.0,0.0,0.5,none,True,True
7502,1.0,0.0,0.5,none,True,True
7503,1.0,0.0,0.5,none,True,True
7504,1.0,0.0,0.5,none,True,True
7505,1.0,0.0,0.5,none,True,True
7506,1.0,0.0,0.5,none,True,True
7507,1.0,0.0,0.5,none,True,True
7508,1.0,0.0,0.5,none,True,True
7509,1.0,0.0,0.5,none,True,True
7510,1.0,0.0,0.5,none,True,True
7511,1.0,0.0,0.5,none,True,True
7512,1.0,0.0,0.5,none,True,True
7513,1.0,0.0,0.5,none,True,True
7514,1.0,0.0,0.5,none,True,True
7515,1.0,0.0,0.5,none,True,True
7516,1.0,0.0,0.5,none,True,True
7517,1.0,0.0,0.5,none,True,True
7518,1.0,0.0,0.5,none,True,True
7519,1.0,0.0,0.5,none,True,True
7520,1.0,0.0,0.5,none,True,True
7521,1.0,0.0,0.5,none,True,True
7522,1.0,0.0,0.5,none,True,True
7523,1.0,0.0,0.5,none,True,True
7524,1.0,0.0,0.5,none,True,True
7525,1.0,0.0,0.5,none,True,True
7526,1.0,0.0,0.5,none,True,True
7527,1.0,0.0,0.5,none,True,True
7528,1.0,0.0,0.5,none,True,True
7529,1.0,0.0,0.5,none,True,True
7530,1.0,0.0,0.5,none,True,True
7531,1.0,0.0,0.5,none,True,True
7532,1.0,0.0,0.5,none,True,True
7533,1.0,0.0,0.5,none,True,True
7534,1.0,0.0,0.5,none,True,True
7535,1.0,0.0,0.5,none,True,True
7536,1.0,0.0,0.5,none,True,True
7537,1.0,0.0,0.5,none,True,True
7538,1.0,0.0,0.5,none,True,True
7539,1.0,0.0,0.5,none,True,True
7540,1.0,0.0,0.5,none,True,True
7541,1.0,0.0,0.5,none,True,True
7542,1.0,0.0,0.5,none,True,True
7543,1.0,0.0,0.5,none,True,True
7544,1.0,0.0,0.5,none,True,True
7545,1.0,0.0,0.5,none,True,True
7546,1.0,0.0,0.5,none,True,True
7547,1.0,0.0,0.5,none,True,True
7548,1.0,0.0,0.5,none,True,True
7549,1.0,0.0,0.5,none,True,True
7550,1.0,0.0,0.5,none,True,True
7551,1.0,0.0,0.5,none,True,True
7552,1.0,0.0,0.5,none,True,True
7553,1.0,0.0,0.5,none,True,True
7554,1.0,0.0,0.5,none,True,True
7555,1.0,0.0,0.5,none,True,True
7556,1.0,0.0,0.5,none,True,True
7557,1.0,0.0,0.5,none,True,True
7558,1.0,0.0,0.5,none,True,True
7559,1.0,0.0,0.5,none,True,True
7560,1.0,0.0,0.5,none,True,True
7561,1.0,0.0,0.5,none,True,True
7562,1.0,0.0,0.5,none,True,True
7563,1.0,0.0,0.5,none,True,True
7564,1.0,0.0,0.5,none,True,True
7565,1.0,0.0,0.5,none,True,True
7566,1.0,0.0,0.5,none,True,True
7567,1.0,0.0,0.5,none,True,True
7568,1.0,0.0,0.5,none,True,True
7569,1.0,0.0,0.5,none,True,True
7570,1.0,0.0,0.5,none,True,True
7571,1.0,0.0,0.5,none,True,True
7572,1.0,0.0,0.5,none,True,True
7573,1.0,0.0,0.5,none,True,True
7574,1.0,0.0,0.5,none,True,True
7575,1.0,0.0,0.5,none,True,True
7576,1.0,0.0,0.5,none,True,True
7577,1.0,0.0,0.5,none,True,True
7578,1.0,0.0,0.5,none,True,True
7579,1.0,0.0,0.5,none,True,True
7580,1.0,0.0,0.5,none,True,True
7581,1.0,0.0,0.5,none,True,True
7582,1.0,0.0,0.5,none,True,True
7583,1.0,0.0,0.5,none,True,True
7584,1.0,0.0,0.5,none,True,True
7585,1.0,0.0,0.5,none,True,True
7586,1.0,0.0,0.5,none,True,True
7587,1.0,0.0,0.5,none,True,True
7588,1.0,0.0,0.5,none,True,True
7589,1.0,0.0,0.5,none,True,True
7590,1.0,0.0,0.5,none,True,True
7591,1.0,0.0,0.5,none,True,True
7592,1.0,0.0,0.5,none,True,True
7593,1.0,0.0,0.5,none,True,True
7594,1.0,0.0,0.5,none,True,True
7595,1.0,0.0,0.5,none,True,True
7596,1.0,0.0,0.5,none,True,True
7597,1.0,0.0,0.5,none,True,True
7598,1.0,0.0,0.5,none,True,True
7599,1.0,0.0,0.5,none,True,True
7600,1.0,0.0,0.5,none,True,True
7601,1.0,0.0,0.5,none,True,True
7602,1.0,0.0,0.5,none,True,True
7603,1.0,0.0,0.5,none,True,True
7604,1.0,0.0,0.5,none,True,True
7605,1.0,0.0,0.5,none,True,True
7606,1.0,0.0,0.5,none,True,True
7607,1.0,0.0,0.5,none,True,True
7608,1.0,0.0,0.5,none,True,True
7609,1.0,0.0,0.5,none,True,True
7610,1.0,0.0,0.5,none,True,True
7611,1.0,0.0,0.5,none,True,True
7612,1.0,0.0,0.5,none,True,True
7613,1.0,0.0,0.5,none,True,True
7614,1.0,0.0,0.5,none,True,True
7615,1.0,0.0,0.5,none,True,True
7616,1.0,0.0,0.5,none,True,True
7617,1.0,0.0,0.5,none,True,True
7618,1.0,0.0,0.5,none,True,True
7619,1.0,0.0,0.5,none,True,True
7620,1.0,0.0,0.5,none,True,True
7621,1.0,0.0,0.5,none,True,True
7622,1.0,0.0,0.5,none,True,True
7623,1.0,0.0,0.5,none,True,True
7624,1.0,0.0,0.5,none,True,True
7625,1.0,0.0,0.5,none,True,True
7626,1.0,0.0,0.5,none,True,True
7627,1.0,0.0,0.5,none,True,True
7628,1.0,0.0,0.5,none,True,True
7629,1.0,0.0,0.5,none,True,True
7630,1.0,0.0,0.5,none,True,True
7631,1.0,0.0,0.5,none,True,True
7632,1.0,0.0,0.5,none,True,True
7633,1.0,0.0,0.5,none,True,True
7634,1.0,0.0,0.5,none,True,True
7635,1.0,0.0,0.5,none,True,True
7636,1.0,0.0,0.5,none,True,True
7637,1.0,0.0,0.5,none,True,True
7638,1.0,0.0,0.5,none,True,True
7639,1.0,0.0,0.5,none,True,True
7640,1.0,0.0,0.5,none,True,True
7641,1.0,0.0,0.5,none,True,True
7642,1.0,0.0,0.5,none,True,True
7643,1.0,0.0,0.5,none,True,True
7644,1.0,0.0,0.5,none,True,True
7645,1.0,0.0,0.5,none,True,True
7646,1.0,0.0,0.5,none,True,True
7647,1.0,0.0,0.5,none,True,True
7648,1.0,0.0,0.5,none,True,True
7649,1.0,0.0,0.5,none,True,True
7650,1.0,0.0,0.5,none,True,True
7651,1.0,0.0,0.5,none,True,True
7652,1.0,0.0,0.5,none,True,True
7653,1.0,0.0,0.5,none,True,True
7654,1.0,0.0,0.5,none,True,True
7655,1.0,0.0,0.5,none,True,True
7656,1.0,0.0,0.5,none,True,True
7657,1.0,0.0,0.5,none,True,True
7658,1.0,0.0,0.5,none,True,True
7659,1.0,0.0,0.5,none,True,True
7660,1.0,0.0,0.5,none,True,True
7661,1.0,0.0,0.5,none,True,True
7662,1.0,0.0,0.5,none,True,True
7663,1.0,0.0,0.5,none,True,True
7664,1.0,0.0,0.5,none,True,True
7665,1.0,0.0,0.5,none,True,True
7666,1.0,0.0,0.5,none,True,True
7667,1.0,0.0,0.5,none,True,True
7668,1.0,0.0,0.5,none,True,True
7669,1.0,0.0,0.5,none,True,True
7670,1.0,0.0,0.5,none,True,True
7671,1.0,0.0,0.5,none,True,True
7672,1.0,0.0,0.5,none,True,True
7673,1.0,0.0,0.5,none,True,True
7674,1.0,0.0,0.5,none,True,True
7675,1.0,0.0,0.5,none,True,True
7676,1.0,0.0,0.5,none,True,True
7677,1.0,0.0,0.5,none,True,True
7678,1.0,0.0,0.5,none,True,True
7679,1.0,0.0,0.5,none,True,True
7680,1.0,0.0,0.5,none,True,True
7681,1.0,0.0,0.5,none,True,True
7682,1.0,0.0,0.5,none,True,True
7683,1.0,0.0,0.5,none,True,True
7684,1.0,0.0,0.5,none,True,True
7685,1.0,0.0,0.5,none,True,True
7686,1.0,0.0,0.5,none,True,True
7687,1.0,0.0,0.5,none,True,True
7688,1.0,0.0,0.5,none,True,True
7689,1.0,0.0,0.5,none,True,True
7690,1.0,0.0,0.5,none,True,True
7691,1.0,0.0,0.5,none,True,True
7692,1.0,0.0,0.5,none,True,True
7693,1.0,0.0,0.5,none,True,True
7694,1.0,0.0,0.5,none,True,True
7695,1.0,0.0,0.5,none,True,True
7696,1.0,0.0,0.5,none,True,True
7697,1.0,0.0,0.5,none,True,True
7698,1.0,0.0,0.5,none,True,True
7699,1.0,0.0,0.5,none,True,True
7700,1.0,0.0061,0.5,none,True,True
7701,1.0,0.0357,0.5,none,True,True
7702,1.0,0.0812,0.5,none,True,True
7703,1.0,0.1113,0.5,none,True,True
7704,1.0,0.1253,0.5,none,True,True
7705,1.0,0.1408,0.5,none,True,True
7706,1.0,0.0907,0.5,none,True,True
7707,1.0,0.1198,0.5,none,True,True
7708,1.0,0.0467,0.5,none,True,True
7709,1.0,0.0522,0.5,none,True,True
7710,1.0,0.0405,0.5,none,True,True
7711,1.0,0.0313,0.5,none,True,True
7712,1.0,0.0083,0.5,none,True,True
7713,1.0,0.0726,0.5,none,True,True
7714,1.0,0.0793,0.5,none,True,True
7715,1.0,0.0581,0.5,none,True,True
7716,1.0,0.0955,0.5,none,True,True
7717,1.0,0.0839,0.5,none,True,True
7718,1.0,0.0648,0.5,none,True,True
7719,1.0,0.0718,0.5,none,True,True
7720,1.0,0.0589,0.5,none,True,True
7721,1.0,0.0403,0.5,none,True,True
7722,1.0,0.0327,0.5,none,True,True
7723,1.0,0.0277,0.5,none,True,True
7724,1.0,0.017,0.5,none,True,True
7725,1.0,0.0102,0.5,none,True,True
7726,1.0,0.0099,0.5,none,True,True
7727,1.0,0.008,0.5,none,True,True
7728,1.0,0.005,0.5,none,True,True
7729,1.0,0.0063,0.5,none,True,True
7730,1.0,0.009,0.5,none,True,True
7731,1.0,0.0096,0.5,none,True,True
7732,1.0,0.0108,0.5,none,True,True
7733,1.0,0.014,0.5,none,True,True
7734,1.0,0.0161,0.5,none,True,True
7735,1.0,0.0167,0.5,none,True,True
7736,1.0,0.0182,0.5,none,True,True
7737,1.0,0.0196,0.5,none,True,True
7738,1.0,0.0197,0.5,none,True,True
7739,1.0,0.0193,0.5,none,True,True
7740,1.0,0.0193,0.5,none,True,True
7741,1.0,0.0187,0.5,none,True,True
7742,1.0,0.0174,0.5,none,True,True
7743,1.0,0.0163,0.5,none,True,True
7744,1.0,0.0152,0.5,none,True,True
7745,1.0,0.0138,0.5,none,True,True
7746,1.0,0.0123,0.5,none,True,True
7747,1.0,0.0111,0.5,none,True,True
7748,1.0,0.01,0.5,none,True,True
7749,1.0,0.0088,0.5,none,True,True
7750,1.0,0.0078,0.5,none,True,True
7751,1.0,0.0071,0.5,none,True,True
7752,1.0,0.0064,0.5,none,True,True
7753,1.0,0.0057,0.5,none,True,True
7754,1.0,0.0053,0.5,none,True,True
7755,1.0,0.005,0.5,none,True,True
7756,1.0,0.0047,0.5,none,True,True
7757,1.0,0.0045,0.5,none,True,True
7758,1.0,0.0044,0.5,none,True,True
7759,1.0,0.0043,0.5,none,True,True
7760,1.0,0.0042,0.5,none,True,True
7761,1.0,0.0041,0.5,none,True,True
7762,1.0,0.004,0.5,none,True,True
7763,1.0,0.0039,0.5,none,True,True
7764,1.0,0.0038,0.5,none,True,True
7765,1.0,0.0037,0.5,none,True,True
7766,1.0,0.0035,0.5,none,True,True
7767,1.0,0.0033,0.5,none,True,True
7768,1.0,0.0032,0.5,none,True,True
7769,1.0,0.003,0.5,none,True,True
7770,1.0,0.0028,0.5,none,True,True
7771,1.0,0.0026,0.5,none,True,True
7772,1.0,0.0024,0.5,none,True,True
7773,1.0,0.0023,0.5,none,True,True
7774,1.0,0.0021,0.5,none,True,True
7775,1.0,0.0019,0.5,none,True,True
7776,1.0,0.0018,0.5,none,True,True
7777,1.0,0.0017,0.5,none,True,True
7778,1.0,0.0015,0.5,none,True,True
7779,1.0,0.0014,0.5,none,True,True
7780,1.0,0.0013,0.5,none,True,True
7781,1.0,0.0013,0.5,none,True,True
7782,1.0,0.0012,0.5,none,True,True
7783,1.0,0.0011,0.5,none,True,True
7784,1.0,0.0011,0.5,none,True,True
7785,1.0,0.001,0.5,none,True,True
7786,1.0,0.001,0.5,none,True,True
7787,1.0,0.0009,0.5,none,True,True
7788,1.0,0.0009,0.5,none,True,True
7789,1.0,0.0008,0.5,none,True,True
7790,1.0,0.0008,0.5,none,True,True
7791,1.0,0.0008,0.5,none,True,True
7792,1.0,0.0007,0.5,none,True,True
7793,1.0,0.0007,0.5,none,True,True
7794,1.0,0.0006,0.5,none,True,True
7795,1.0,0.0006,0.5,none,True,True
7796,1.0,0.0006,0.5,none,True,True
7797,1.0,0.0005,0.5,none,True,True
7798,1.0,0.0005,0.5,none,True,True
7799,1.0,0.0005,0.5,none,True,True
7800,1.0,0.0004,0.5,none,True,True
7801,1.0,0.0004,0.5,none,True,True
7802,1.0,0.0004,0.5,none,True,True
7803,1.0,0.0004,0.5,none,True,True
7804,1.0,0.0003,0.5,none,True,True
7805,1.0,0.0003,0.5,none,True,True
7806,1.0,0.0003,0.5,none,True,True
7807,1.0,0.0003,0.5,none,True,True
7808,1.0,0.0003,0.5,none,True,True
7809,1.0,0.0003,0.5,none,True,True
7810,1.0,0.0002,0.5,none,True,True
7811,1.0,0.0002,0.5,none,True,True
7812,1.0,0.0002,0.5,none,True,True
7813,1.0,0.0002,0.5,none,True,True
7814,1.0,0.0002,0.5,none,True,True
7815,1.0,0.0002,0.5,none,True,True
7816,1.0,0.0002,0.5,none,True,True
7817,1.0,0.0002,0.5,none,True,True
7818,1.0,0.0002,0.5,none,True,True
7819,1.0,0.0001,0.5,none,True,True
7820,1.0,0.0001,0.5,none,True,True
7821,1.0,0.0001,0.5,none,True,True
7822,1.0,0.0001,0.5,none,True,True
7823,1.0,0.0001,0.5,none,True,True
7824,1.0,0.0001,0.5,none,True,True
7825,1.0,0.0001,0.5,none,True,True
7826,1.0,0.0001,0.5,none,True,True
7827,1.0,0.0001,0.5,none,True,True
7828,1.0,0.0001,0.5,none,True,True
7829,1.0,0.0001,0.5,none,True,True
7830,1.0,0.0001,0.5,none,True,True
7831,1.0,0.0001,0.5,none,True,True
7832,1.0,0.0001,0.5,none,True,True
7833,1.0,0.0001,0.5,none,True,True
7834,1.0,0.0001,0.5,none,True,True
7835,1.0,0.0001,0.5,none,True,True
7836,1.0,0.0001,0.5,none,True,True
7837,1.0,0.0,0.5,none,True,True
7838,1.0,0.0,0.5,none,True,True
7839,1.0,0.0,0.5,none,True,True
7840,1.0,0.0,0.5,none,True,True
7841,1.0,0.0,0.5,none,True,True
7842,1.0,0.0,0.5,none,True,True
7843,1.0,0.0,0.5,none,True,True
7844,1.0,0.0,0.5,none,True,True
7845,1.0,0.0,0.5,none,True,True
7846,1.0,0.0,0.5,none,True,True
7847,1.0,0.0,0.5,none,True,True
7848,1.0,0.0,0.5,none,True,True
7849,1.0,0.0,0.5,none,True,True
7850,1.0,0.0,0.5,none,True,True
7851,1.0,0.0,0.5,none,True,True
7852,1.0,0.0,0.5,none,True,True
7853,1.0,0.0,0.5,none,True,True
7854,1.0,0.0,0.5,none,True,True
7855,1.0,0.0,0.5,none,True,True
7856,1.0,0.0,0.5,none,True,True
7857,1.0,0.0,0.5,none,True,True
7858,1.0,0.0,0.5,none,True,True
7859,1.0,0.0,0.5,none,True,True
7860,1.0,0.0,0.5,none,True,True
7861,1.0,0.0,0.5,none,True,True
7862,1.0,0.0,0.5,none,True,True
7863,1.0,0.0,0.5,none,True,True
7864,1.0,0.0,0.5,none,True,True
7865,1.0,0.0,0.5,none,True,True
7866,1.0,0.0,0.5,none,True,True
7867,1.0,0.0,0.5,none,True,True
7868,1.0,0.0,0.5,none,True,True
7869,1.0,0.0,0.5,none,True,True
7870,1.0,0.0,0.5,none,True,True
7871,1.0,0.0,0.5,none,True,True
7872,1.0,0.0,0.5,none,True,True
7873,1.0,0.0,0.5,none,True,True
7874,1.0,0.0,0.5,none,True,True
7875,1.0,0.0,0.5,none,True,True
7876,1.0,0.0,0.5,none,True,True
7877,1.0,0.0,0.5,none,True,True
7878,1.0,0.0,0.5,none,True,True
7879,1.0,0.0,0.5,none,True,True
7880,1.0,0.0,0.5,none,True,True
7881,1.0,0.0,0.5,none,True,True
7882,1.0,0.0,0.5,none,True,True
7883,1.0,0.0,0.5,none,True,True
7884,1.0,0.0,0.5,none,True,True
7885,1.0,0.0,0.5,none,True,True
7886,1.0,0.0,0.5,none,True,True
7887,1.0,0.0,0.5,none,True,True
7888,1.0,0.0,0.5,none,True,True
7889,1.0,0.0,0.5,none,True,True
7890,1.0,0.0,0.5,none,True,True
7891,1.0,0.0,0.5,none,True,True
7892,1.0,0.0,0.5,none,True,True
7893,1.0,0.0,0.5,none,True,True
7894,1.0,0.0,0.5,none,True,True
7895,1.0,0.0,0.5,none,True,True
7896,1.0,0.0,0.5,none,True,True
7897,1.0,0.0,0.5,none,True,True
7898,1.0,0.0,0.5,none,True,True
7899,1.0,0.0,0.5,none,True,True
7900,1.0,0.0,0.5,none,True,True
7901,1.0,0.0,0.5,none,True,True
7902,1.0,0.0,0.5,none,True,True
7903,1.0,0.0,0.5,none,True,True
7904,1.0,0.0,0.5,none,True,True
7905,1.0,0.0,0.5,none,True,True
7906,1.0,0.0,0.5,none,True,True
7907,1.0,0.0,0.5,none,True,True
7908,1.0,0.0,0.5,none,True,True
7909,1.0,0.0,0.5,none,True,True
7910,1.0,0.0,0.5,none,True,True
7911,1.0,0.0,0.5,none,True,True
7912,1.0,0.0,0.5,none,True,True
7913,1.0,0.0,0.5,none,True,True
7914,1.0,0.0,0.5,none,True,True
7915,1.0,0.0,0.5,none,True,True
7916,1.0,0.0,0.5,none,True,True
7917,1.0,0.0,0.5,none,True,True
7918,1.0,0.0,0.5,none,True,True
7919,1.0,0.0,0.5,none,True,True
7920,1.0,0.0,0.5,none,True,True
7921,1.0,0.0,0.5,none,True,True
7922,1.0,0.0,0.5,none,True,True
7923,1.0,0.0,0.5,none,True,True
7924,1.0,0.0,0.5,none,True,True
7925,1.0,0.0,0.5,none,True,True
7926,1.0,0.0,0.5,none,True,True
7927,1.0,0.0,0.5,none,True,True
7928,1.0,0.0,0.5,none,True,True
7929,1.0,0.0,0.5,none,True,True
7930,1.0,0.0,0.5,none,True,True
7931,1.0,0.0,0.5,none,True,True
7932,1.0,0.0,0.5,none,True,True
7933,1.0,0.0,0.5,none,True,True
7934,1.0,0.0,0.5,none,True,True
7935,1.0,0.0,0.5,none,True,True
7936,1.0,0.0,0.5,none,True,True
7937,1.0,0.0,0.5,none,True,True
7938,1.0,0.0,0.5,none,True,True
7939,1.0,0.0,0.5,none,True,True
7940,1.0,0.0,0.5,none,True,True
7941,1.0,0.0,0.5,none,True,True
7942,1.0,0.0,0.5,none,True,True
7943,1.0,0.0,0.5,none,True,True
7944,1.0,0.0,0.5,none,True,True
7945,1.0,0.0,0.5,none,True,True
7946,1.0,0.0,0.5,none,True,True
7947,1.0,0.0,0.5,none,True,True
7948,1.0,0.0,0.5,none,True,True
7949,1.0,0.0,0.5,none,True,True
7950,1.0,0.0,0.5,none,True,True
7951,1.0,0.0,0.5,none,True,True
7952,1.0,0.0,0.5,none,True,True
7953,1.0,0.0,0.5,none,True,True
7954,1.0,0.0,0.5,none,True,True
7955,1.0,0.0,0.5,none,True,True
7956,1.0,0.0,0.5,none,True,True
7957,1.0,0.0,0.5,none,True,True
7958,1.0,0.0,0.5,none,True,True
7959,1.0,0.0,0.5,none,True,True
7960,1.0,0.0,0.5,none,True,True
7961,1.0,0.0,0.5,none,True,True
7962,1.0,0.0,0.5,none,True,True
7963,1.0,0.0,0.5,none,True,True
7964,1.0,0.0,0.5,none,True,True
7965,1.0,0.0,0.5,none,True,True
7966,1.0,0.0,0.5,none,True,True
7967,1.0,0.0,0.5,none,True,True
7968,1.0,0.0,0.5,none,True,True
7969,1.0,0.0,0.5,none,True,True
7970,1.0,0.0,0.5,none,True,True
7971,1.0,0.0,0.5,none,True,True
7972,1.0,0.0,0.5,none,True,True
7973,1.0,0.0,0.5,none,True,True
7974,1.0,0.0,0.5,none,True,True
7975,1.0,0.0,0.5,none,True,True
7976,1.0,0.0,0.5,none,True,True
7977,1.0,0.0,0.5,none,True,True
7978,1.0,0.0,0.5,none,True,True
7979,1.0,0.0,0.5,none,True,True
7980,1.0,0.0,0.5,none,True,True
7981,1.0,0.0,0.5,none,True,True
7982,1.0,0.0,0.5,none,True,True
7983,1.0,0.0,0.5,none,True,True
7984,1.0,0.0,0.5,none,True,True
7985,1.0,0.0,0.5,none,True,True
7986,1.0,0.0,0.5,none,True,True
7987,1.0,0.0,0.5,none,True,True
7988,1.0,0.0,0.5,none,True,True
7989,1.0,0.0,0.5,none,True,True
7990,1.0,0.0,0.5,none,True,True
7991,1.0,0.0,0.5,none,True,True
7992,1.0,0.0,0.5,none,True,True
7993,1.0,0.0,0.5,none,True,True
7994,1.0,0.0,0.5,none,True,True
7995,1.0,0.0,0.5,none,True,True
7996,1.0,0.0,0.5,none,True,True
7997,1.0,0.0,0.5,none,True,True
7998,1.0,0.0,0.5,none,True,True
7999,1.0,0.0,0.5,none,True,True
8000,1.0,0.0,0.5,none,True,True
8001,1.0,0.0,0.5,none,True,True
8002,1.0,0.0,0.5,none,True,True
8003,1.0,0.0,0.5,none,True,True
8004,1.0,0.0,0.5,none,True,True
8005,1.0,0.0,0.5,none,True,True
8006,1.0,0.0,0.5,none,True,True
8007,1.0,0.0,0.5,none,True,True
8008,1.0,0.0,0.5,none,True,True
8009,1.0,0.0,0.5,none,True,True
8010,1.0,0.0,0.5,none,True,True
8011,1.0,0.0,0.5,none,True,True
8012,1.0,0.0,0.5,none,True,True
8013,1.0,0.0,0.5,none,True,True
8014,1.0,0.0,0.5,none,True,True
8015,1.0,0.0,0.5,none,True,True
8016,1.0,0.0,0.5,none,True,True
8017,1.0,0.0,0.5,none,True,True
8018,1.0,0.0,0.5,none,True,True
8019,1.0,0.0,0.5,none,True,True
8020,1.0,0.0,0.5,none,True,True
8021,1.0,0.0,0.5,none,True,True
8022,1.0,0.0,0.5,none,True,True
8023,1.0,0.0,0.5,none,True,True
8024,1.0,0.0,0.5,none,True,True
8025,1.0,0.0,0.5,none,True,True
8026,1.0,0.0,0.5,none,True,True
8027,1.0,0.0,0.5,none,True,True
8028,1.0,0.0,0.5,none,True,True
8029,1.0,0.0,0.5,none,True,True
8030,1.0,0.0,0.5,none,True,True
8031,1.0,0.0,0.5,none,True,True
8032,1.0,0.0,0.5,none,True,True
8033,1.0,0.0,0.5,none,True,True
8034,1.0,0.0,0.5,none,True,True
8035,1.0,0.0,0.5,none,True,True
8036,1.0,0.0,0.5,none,True,True
8037,1.0,0.0,0.5,none,True,True
8038,1.0,0.0,0.5,none,True,True
8039,1.0,0.0,0.5,none,True,True
8040,1.0,0.0,0.5,none,True,True
8041,1.0,0.0,0.5,none,True,True
8042,1.0,0.0,0.5,none,True,True
8043,1.0,0.0,0.5,none,True,True
8044,1.0,0.0,0.5,none,True,True
8045,1.0,0.0,0.5,none,True,True
8046,1.0,0.0,0.5,none,True,True
8047,1.0,0.0,0.5,none,True,True
8048,1.0,0.0,0.5,none,True,True
8049,1.0,0.0,0.5,none,True,True
8050,1.0,0.0,0.5,none,True,True
8051,1.0,0.0,0.5,none,True,True
8052,1.0,0.0,0.5,none,True,True
8053,1.0,0.0,0.5,none,True,True
8054,1.0,0.0,0.5,none,True,True
8055,1.0,0.0,0.5,none,True,True
8056,1.0,0.0,0.5,none,True,True
8057,1.0,0.0,0.5,none,True,True
8058,1.0,0.0,0.5,none,True,True
8059,1.0,0.0,0.5,none,True,True
8060,1.0,0.0,0.5,none,True,True
8061,1.0,0.0,0.5,none,True,True
8062,1.0,0.0,0.5,none,True,True
8063,1.0,0.0,0.5,none,True,True
8064,1.0,0.0,0.5,none,True,True
8065,1.0,0.0,0.5,none,True,True
8066,1.0,0.0,0.5,none,True,True
8067,1.0,0.0,0.5,none,True,True
8068,1.0,0.0,0.5,none,True,True
8069,1.0,0.0,0.5,none,True,True
8070,1.0,0.0,0.5,none,True,True
8071,1.0,0.0,0.5,none,True,True
8072,1.0,0.0,0.5,none,True,True
8073,1.0,0.0,0.5,none,True,True
8074,1.0,0.0,0.5,none,True,True
8075,1.0,0.0,0.5,none,True,True
8076,1.0,0.0,0.5,none,True,True
8077,1.0,0.0,0.5,none,True,True
8078,1.0,0.0,0.5,none,True,True
8079,1.0,0.0,0.5,none,True,True
8080,1.0,0.0,0.5,none,True,True
8081,1.0,0.0,0.5,none,True,True
8082,1.0,0.0,0.5,none,True,True
8083,1.0,0.0,0.5,none,True,True
8084,1.0,0.0,0.5,none,True,True
8085,1.0,0.0,0.5,none,True,True
8086,1.0,0.0,0.5,none,True,True
8087,1.0,0.0,0.5,none,True,True
8088,1.0,0.0,0.5,none,True,True
8089,1.0,0.0,0.5,none,True,True
8090,1.0,0.0,0.5,none,True,True
8091,1.0,0.0,0.5,none,True,True
8092,1.0,0.0,0.5,none,True,True
8093,1.0,0.0,0.5,none,True,True
8094,1.0,0.0,0.5,none,True,True
8095,1.0,0.0,0.5,none,True,True
8096,1.0,0.0,0.5,none,True,True
8097,1.0,0.0,0.5,none,True,True
8098,1.0,0.0,0.5,none,True,True
8099,1.0,0.0,0.5,none,True,True
8100,1.0,0.0,0.5,none,True,True
8101,1.0,0.0,0.5,none,True,True
8102,1.0,0.0,0.5,none,True,True
8103,1.0,0.0,0.5,none,True,True
8104,1.0,0.0,0.5,none,True,True
8105,1.0,0.0,0.5,none,True,True
8106,1.0,0.0,0.5,none,True,True
8107,1.0,0.0,0.5,none,True,True
8108,1.0,0.0,0.5,none,True,True
8109,1.0,0.0,0.5,none,True,True
8110,1.0,0.0,0.5,none,True,True
8111,1.0,0.0,0.5,none,True,True
8112,1.0,0.0,0.5,none,True,True
8113,1.0,0.0,0.5,none,True,True
8114,1.0,0.0,0.5,none,True,True
8115,1.0,0.0,0.5,none,True,True
8116,1.0,0.0,0.5,none,True,True
8117,1.0,0.0,0.5,none,True,True
8118,1.0,0.0,0.5,none,True,True
8119,1.0,0.0,0.5,none,True,True
8120,1.0,0.0,0.5,none,True,True
8121,1.0,0.0,0.5,none,True,True
8122,1.0,0.0,0.5,none,True,True
8123,1.0,0.0,0.5,none,True,True
8124,1.0,0.0,0.5,none,True,True
8125,1.0,0.0,0.5,none,True,True
8126,1.0,0.0,0.5,none,True,True
8127,1.0,0.0,0.5,none,True,True
8128,1.0,0.0,0.5,none,True,True
8129,1.0,0.0,0.5,none,True,True
8130,1.0,0.0,0.5,none,True,True
8131,1.0,0.0,0.5,none,True,True
8132,1.0,0.0,0.5,none,True,True
8133,1.0,0.0,0.5,none,True,True
8134,1.0,0.0,0.5,none,True,True
8135,1.0,0.0,0.5,none,True,True
8136,1.0,0.0,0.5,none,True,True
8137,1.0,0.0,0.5,none,True,True
8138,1.0,0.0,0.5,none,True,True
8139,1.0,0.0,0.5,none,True,True
8140,1.0,0.0,0.5,none,True,True
8141,1.0,0.0,0.5,none,True,True
8142,1.0,0.0,0.5,none,True,True
8143,1.0,0.0,0.5,none,True,True
8144,1.0,0.0,0.5,none,True,True
8145,1.0,0.0,0.5,none,True,True
8146,1.0,0.0,0.5,none,True,True
8147,1.0,0.0,0.5,none,True,True
8148,1.0,0.0,0.5,none,True,True
8149,1.0,0.0,0.5,none,True,True
8150,1.0,0.0,0.5,none,True,True
8151,1.0,0.0,0.5,none,True,True
8152,1.0,0.0,0.5,none,True,True
8153,1.0,0.0,0.5,none,True,True
8154,1.0,0.0,0.5,none,True,True
8155,1.0,0.0,0.5,none,True,True
8156,1.0,0.0,0.5,none,True,True
8157,1.0,0.0,0.5,none,True,True
8158,1.0,0.0,0.5,none,True,True
8159,1.0,0.0,0.5,none,True,True
8160,1.0,0.0,0.5,none,True,True
8161,1.0,0.0,0.5,none,True,True
8162,1.0,0.0,0.5,none,True,True
8163,1.0,0.0,0.5,none,True,True
8164,1.0,0.0,0.5,none,True,True
8165,1.0,0.0,0.5,none,True,True
8166,1.0,0.0,0.5,none,True,True
8167,1.0,0.0,0.5,none,True,True
8168,1.0,0.0,0.5,none,True,True
8169,1.0,0.0,0.5,none,True,True
8170,1.0,0.0,0.5,none,True,True
8171,1.0,0.0,0.5,none,True,True
8172,1.0,0.0,0.5,none,True,True
8173,1.0,0.0,0.5,none,True,True
8174,1.0,0.0,0.5,none,True,True
8175,1.0,0.0,0.5,none,True,True
8176,1.0,0.0,0.5,none,True,True
8177,1.0,0.0,0.5,none,True,True
8178,1.0,0.0,0.5,none,True,True
8179,1.0,0.0,0.5,none,True,True
8180,1.0,0.0,0.5,none,True,True
8181,1.0,0.0,0.5,none,True,True
8182,1.0,0.0,0.5,none,True,True
8183,1.0,0.0,0.5,none,True,True
8184,1.0,0.0,0.5,none,True,True
8185,1.0,0.0,0.5,none,True,True
8186,1.0,0.0,0.5,none,True,True
8187,1.0,0.0,0.5,none,True,True
8188,1.0,0.0,0.5,none,True,True
8189,1.0,0.0,0.5,none,True,True
8190,1.0,0.0,0.5,none,True,True
8191,1.0,0.0,0.5,none,True,True
8192,1.0,0.0,0.5,none,True,True
8193,1.0,0.0,0.5,none,True,True
8194,1.0,0.0,0.5,none,True,True
8195,1.0,0.0,0.5,none,True,True
8196,1.0,0.0,0.5,none,True,True
8197,1.0,0.0,0.5,none,True,True
8198,1.0,0.0,0.5,none,True,True
8199,1.0,0.0,0.5,none,True,True
8200,1.0,0.0,0.5,none,True,True
8201,1.0,0.0,0.5,none,True,True
8202,1.0,0.0,0.5,none,True,True
8203,1.0,0.0,0.5,none,True,True
8204,1.0,0.0,0.5,none,True,True
8205,1.0,0.0,0.5,none,True,True
8206,1.0,0.0,0.5,none,True,True
8207,1.0,0.0,0.5,none,True,True
8208,1.0,0.0,0.5,none,True,True
8209,1.0,0.0,0.5,none,True,True
8210,1.0,0.0,0.5,none,True,True
8211,1.0,0.0,0.5,none,True,True
8212,1.0,0.0,0.5,none,True,True
8213,1.0,0.0,0.5,none,True,True
8214,1.0,0.0,0.5,none,True,True
8215,1.0,0.0,0.5,none,True,True
8216,1.0,0.0,0.5,none,True,True
8217,1.0,0.0,0.5,none,True,True
8218,1.0,0.0,0.5,none,True,True
8219,1.0,0.0,0.5,none,True,True
8220,1.0,0.0,0.5,none,True,True
8221,1.0,0.0,0.5,none,True,True
8222,1.0,0.0,0.5,none,True,True
8223,1.0,0.0,0.5,none,True,True
8224,1.0,0.0,0.5,none,True,True
8225,1.0,0.0,0.5,none,True,True
8226,1.0,0.0,0.5,none,True,True
8227,1.0,0.0,0.5,none,True,True
8228,1.0,0.0,0.5,none,True,True
8229,1.0,0.0,0.5,none,True,True
8230,1.0,0.0,0.5,none,True,True
8231,1.0,0.0,0.5,none,True,True
8232,1.0,0.0,0.5,none,True,True
8233,1.0,0.0,0.5,none,True,True
8234,1.0,0.0,0.5,none,True,True
8235,1.0,0.0,0.5,none,True,True
8236,1.0,0.0,0.5,none,True,True
8237,1.0,0.0,0.5,none,True,True
8238,1.0,0.0,0.5,none,True,True
8239,1.0,0.0,0.5,none,True,True
8240,1.0,0.0,0.5,none,True,True
8241,1.0,0.0,0.5,none,True,True
8242,1.0,0.0,0.5,none,True,True
8243,1.0,0.0,0.5,none,True,True
8244,1.0,0.0,0.5,none,True,True
8245,1.0,0.0,0.5,none,True,True
8246,1.0,0.0,0.5,none,True,True
8247,1.0,0.0,0.5,none,True,True
8248,1.0,0.0,0.5,none,True,True
8249,1.0,0.0,0.5,none,True,True
8250,1.0,0.0,0.5,none,True,True
8251,1.0,0.0,0.5,none,True,True
8252,1.0,0.0,0.5,none,True,True
8253,1.0,0.0,0.5,none,True,True
8254,1.0,0.0,0.5,none,True,True
8255,1.0,0.0,0.5,none,True,True
8256,1.0,0.0,0.5,none,True,True
8257,1.0,0.0,0.5,none,True,True
8258,1.0,0.0,0.5,none,True,True
8259,1.0,0.0,0.5,none,True,True
8260,1.0,0.0,0.5,none,True,True
8261,1.0,0.0,0.5,none,True,True
8262,1.0,0.0,0.5,none,True,True
8263,1.0,0.0,0.5,none,True,True
8264,1.0,0.0,0.5,none,True,True
8265,1.0,0.0,0.5,none,True,True
8266,1.0,0.0,0.5,none,True,True
8267,1.0,0.0,0.5,none,True,True
8268,1.0,0.0,0.5,none,True,True
8269,1.0,0.0,0.5,none,True,True
8270,1.0,0.0,0.5,none,True,True
8271,1.0,0.0,0.5,none,True,True
8272,1.0,0.0,0.5,none,True,True
8273,1.0,0.0,0.5,none,True,True
8274,1.0,0.0,0.5,none,True,True
8275,1.0,0.0,0.5,none,True,True
8276,1.0,0.0,0.5,none,True,True
8277,1.0,0.0,0.5,none,True,True
8278,1.0,0.0,0.5,none,True,True
8279,1.0,0.0,0.5,none,True,True
8280,1.0,0.0,0.5,none,True,True
8281,1.0,0.0,0.5,none,True,True
8282,1.0,0.0,0.5,none,True,True
8283,1.0,0.0,0.5,none,True,True
8284,1.0,0.0,0.5,none,True,True
8285,1.0,0.0,0.5,none,True,True
8286,1.0,0.0,0.5,none,True,True
8287,1.0,0.0,0.5,none,True,True
8288,1.0,0.0,0.5,none,True,True
8289,1.0,0.0,0.5,none,True,True
8290,1.0,0.0,0.5,none,True,True
8291,1.0,0.0,0.5,none,True,True
8292,1.0,0.0,0.5,none,True,True
8293,1.0,0.0,0.5,none,True,True
8294,1.0,0.0,0.5,none,True,True
8295,1.0,0.0,0.5,none,True,True
8296,1.0,0.0,0.5,none,True,True
8297,1.0,0.0,0.5,none,True,True
8298,1.0,0.0,0.5,none,True,True
8299,1.0,0.0,0.5,none,True,True
8300,1.0,0.0,0.5,none,True,True
8301,1.0,0.0,0.5,none,True,True
8302,1.0,0.0,0.5,none,True,True
8303,1.0,0.0,0.5,none,True,True
8304,1.0,0.0,0.5,none,True,True
8305,1.0,0.0,0.5,none,True,True
8306,1.0,0.0,0.5,none,True,True
8307,1.0,0.0,0.5,none,True,True
8308,1.0,0.0,0.5,none,True,True
8309,1.0,0.0,0.5,none,True,True
8310,1.0,0.0,0.5,none,True,True
8311,1.0,0.0,0.5,none,True,True
8312,1.0,0.0,0.5,none,True,True
8313,1.0,0.0,0.5,none,True,True
8314,1.0,0.0,0.5,none,True,True
8315,1.0,0.0,0.5,none,True,True
8316,1.0,0.0,0.5,none,True,True
8317,1.0,0.0,0.5,none,True,True
8318,1.0,0.0,0.5,none,True,True
8319,1.0,0.0,0.5,none,True,True
8320,1.0,0.0,0.5,none,True,True
8321,1.0,0.0,0.5,none,True,True
8322,1.0,0.0,0.5,none,True,True
8323,1.0,0.0,0.5,none,True,True
8324,1.0,0.0,0.5,none,True,True
8325,1.0,0.0,0.5,none,True,True
8326,1.0,0.0,0.5,none,True,True
8327,1.0,0.0,0.5,none,True,True
8328,1.0,0.0,0.5,none,True,True
8329,1.0,0.0,0.5,none,True,True
8330,1.0,0.0,0.5,none,True,True
8331,1.0,0.0,0.5,none,True,True
8332,1.0,0.0,0.5,none,True,True
8333,1.0,0.0,0.5,none,True,True
8334,1.0,0.0,0.5,none,True,True
8335,1.0,0.0,0.5,none,True,True
8336,1.0,0.0,0.5,none,True,True
8337,1.0,0.0,0.5,none,True,True
8338,1.0,0.0,0.5,none,True,True
8339,1.0,0.0,0.5,none,True,True
8340,1.0,0.0,0.5,none,True,True
8341,1.0,0.0,0.5,none,True,True
8342,1.0,0.0,0.5,none,True,True
8343,1.0,0.0,0.5,none,True,True
8344,1.0,0.0,0.5,none,True,True
8345,1.0,0.0,0.5,none,True,True
8346,1.0,0.0,0.5,none,True,True
8347,1.0,0.0,0.5,none,True,True
8348,1.0,0.0,0.5,none,True,True
8349,1.0,0.0,0.5,none,True,True
8350,1.0,0.0,0.5,none,True,True
8351,1.0,0.0,0.5,none,True,True
8352,1.0,0.0,0.5,none,True,True
8353,1.0,0.0,0.5,none,True,True
8354,1.0,0.0,0.5,none,True,True
8355,1.0,0.0,0.5,none,True,True
8356,1.0,0.0,0.5,none,True,True
8357,1.0,0.0,0.5,none,True,True
8358,1.0,0.0,0.5,none,True,True
8359,1.0,0.0,0.5,none,True,True
8360,1.0,0.0,0.5,none,True,True
8361,1.0,0.0,0.5,none,True,True
8362,1.0,0.0,0.5,none,True,True
8363,1.0,0.0,0.5,none,True,True
8364,1.0,0.0,0.5,none,True,True
8365,1.0,0.0,0.5,none,True,True
8366,1.0,0.0,0.5,none,True,True
8367,1.0,0.0,0.5,none,True,True
8368,1.0,0.0,0.5,none,True,True
8369,1.0,0.0,0.5,none,True,True
8370,1.0,0.0,0.5,none,True,True
8371,1.0,0.0,0.5,none,True,True
8372,1.0,0.0,0.5,none,True,True
8373,1.0,0.0,0.5,none,True,True
8374,1.0,0.0,0.5,none,True,True
8375,1.0,0.0,0.5,none,True,True
8376,1.0,0.0,0.5,none,True,True
8377,1.0,0.0,0.5,none,True,True
8378,1.0,0.0,0.5,none,True,True
8379,1.0,0.0,0.5,none,True,True
8380,1.0,0.0,0.5,none,True,True
8381,1.0,0.0,0.5,none,True,True
8382,1.0,0.0,0.5,none,True,True
8383,1.0,0.0,0.5,none,True,True
8384,1.0,0.0,0.5,none,True,True
8385,1.0,0.0,0.5,none,True,True
8386,1.0,0.0,0.5,none,True,True
8387,1.0,0.0,0.5,none,True,True
8388,1.0,0.0,0.5,none,True,True
8389,1.0,0.0,0.5,none,True,True
8390,1.0,0.0,0.5,none,True,True
8391,1.0,0.0,0.5,none,True,True
8392,1.0,0.0,0.5,none,True,True
8393,1.0,0.0,0.5,none,True,True
8394,1.0,0.0,0.5,none,True,True
8395,1.0,0.0,0.5,none,True,True
8396,1.0,0.0,0.5,none,True,True
8397,1.0,0.0,0.5,none,True,True
8398,1.0,0.0,0.5,none,True,True
8399,1.0,0.0,0.5,none,True,True
8400,1.0,0.0061,0.5,none,True,True
8401,1.0,0.0357,0.5,none,True,True
8402,1.0,0.0812,0.5,none,True,True
8403,1.0,0.1113,0.5,none,True,True
8404,1.0,0.1253,0.5,none,True,True
8405,1.0,0.1408,0.5,none,True,True
8406,1.0,0.0907,0.5,none,True,True
8407,1.0,0.1198,0.5,none,True,True
8408,1.0,0.0467,0.5,none,True,True
8409,1.0,0.0522,0.5,none,True,True
8410,1.0,0.0405,0.5,none,True,True
8411,1.0,0.0313,0.5,none,True,True
8412,1.0,0.0083,0.5,none,True,True
8413,1.0,0.0726,0.5,none,True,True
8414,1.0,0.0793,0.5,none,True,True
8415,1.0,0.0581,0.5,none,True,True
8416,1.0,0.0955,0.5,none,True,True
8417,1.0,0.0839,0.5,none,True,True
8418,1.0,0.0648,0.5,none,True,True
8419,1.0,0.0718,0.5,none,True,True
8420,1.0,0.0589,0.5,none,True,True
8421,1.0,0.0403,0.5,none,True,True
8422,1.0,0.0327,0.5,none,True,True
8423,1.0,0.0277,0.5,none,True,True
8424,1.0,0.017,0.5,none,True,True
8425,1.0,0.0102,0.5,none,True,True
8426,1.0,0.0099,0.5,none,True,True
8427,1.0,0.008,0.5,none,True,True
8428,1.0,0.005,0.5,none,True,True
8429,1.0,0.0063,0.5,none,True,True
8430,1.0,0.009,0.5,none,True,True
8431,1.0,0.0096,0.5,none,True,True
8432,1.0,0.0108,0.5,none,True,True
8433,1.0,0.014,0.5,none,True,True
8434,1.0,0.0161,0.5,none,True,True
8435,1.0,0.0167,0.5,none,True,True
8436,1.0,0.0182,0.5,none,True,True
8437,1.0,0.0196,0.5,none,True,True
8438,1.0,0.0197,0.5,none,True,True
8439,1.0,0.0193,0.5,none,True,True
8440,1.0,0.0193,0.5,none,True,True
8441,1.0,0.0187,0.5,none,True,True
8442,1.0,0.0174,0.5,none,True,True
8443,1.0,0.0163,0.5,none,True,True
8444,1.0,0.0152,0.5,none,True,True
8445,1.0,0.0138,0.5,none,True,True
8446,1.0,0.0123,0.5,none,True,True
8447,1.0,0.0111,0.5,none,True,True
8448,1.0,0.01,0.5,none,True,True
8449,1.0,0.0088,0.5,none,True,True
8450,1.0,0.0078,0.5,none,True,True
8451,1.0,0.0071,0.5,none,True,True
8452,1.0,0.0064,0.5,none,True,True
8453,1.0,0.0057,0.5,none,True,True
8454,1.0,0.0053,0.5,none,True,True
8455,1.0,0.005,0.5,none,True,True
8456,1.0,0.0047,0.5,none,True,True
8457,1.0,0.0045,0.5,none,True,True
8458,1.0,0.0044,0.5,none,True,True
8459,1.0,0.0043,0.5,none,True,True
8460,1.0,0.0042,0.5,none,True,True
8461,1.0,0.0041,0.5,none,True,True
8462,1.0,0.004,0.5,none,True,True
8463,1.0,0.0039,0.5,none,True,True
8464,1.0,0.0038,0.5,none,True,True
8465,1.0,0.0037,0.5,none,True,True
8466,1.0,0.0035,0.5,none,True,True
8467,1.0,0.0033,0.5,none,True,True
8468,1.0,0.0032,0.5,none,True,True
8469,1.0,0.003,0.5,none,True,True
8470,1.0,0.0028,0.5,none,True,True
8471,1.0,0.0026,0.5,none,True,True
8472,1.0,0.0024,0.5,none,True,True
8473,1.0,0.0023,0.5,none,True,True
8474,1.0,0.0021,0.5,none,True,True
8475,1.0,0.0019,0.5,none,True,True
8476,1.0,0.0018,0.5,none,True,True
8477,1.0,0.0017,0.5,none,True,True
8478,1.0,0.0015,0.5,none,True,True
8479,1.0,0.0014,0.5,none,True,True
8480,1.0,0.0013,0.5,none,True,True
8481,1.0,0.0013,0.5,none,True,True
8482,1.0,0.0012,0.5,none,True,True
8483,1.0,0.0011,0.5,none,True,True
8484,1.0,0.0011,0.5,none,True,True
8485,1.0,0.001,0.5,none,True,True
8486,1.0,0.001,0.5,none,True,True
8487,1.0,0.0009,0.5,none,True,True
8488,1.0,0.0009,0.5,none,True,True
8489,1.0,0.0008,0.5,none,True,True
8490,1.0,0.0008,0.5,none,True,True
8491,1.0,0.0008,0.5,none,True,True
8492,1.0,0.0007,0.5,none,True,True
8493,1.0,0.0007,0.5,none,True,True
8494,1.0,0.0006,0.5,none,True,True
8495,1.0,0.0006,0.5,none,True,True
8496,1.0,0.0006,0.5,none,True,True
8497,1.0,0.0005,0.5,none,True,True
8498,1.0,0.0005,0.5,none,True,True
8499,1.0,0.0005,0.5,none,True,True
8500,1.0,0.0004,0.5,none,True,True
8501,1.0,0.0004,0.5,none,True,True
8502,1.0,0.0004,0.5,none,True,True
8503,1.0,0.0004,0.5,none,True,True
8504,1.0,0.0003,0.5,none,True,True
8505,1.0,0.0003,0.5,none,True,True
8506,1.0,0.0003,0.5,none,True,True
8507,1.0,0.0003,0.5,none,True,True
8508,1.0,0.0003,0.5,none,True,True
8509,1.0,0.0003,0.5,none,True,True
8510,1.0,0.0002,0.5,none,True,True
8511,1.0,0.0002,0.5,none,True,True
8512,1.0,0.0002,0.5,none,True,True
8513,1.0,0.0002,0.5,none,True,True
8514,1.0,0.0002,0.5,none,True,True
8515,1.0,0.0002,0.5,none,True,True
8516,1.0,0.0002,0.5,none,True,True
8517,1.0,0.0002,0.5,none,True,True
8518,1.0,0.0002,0.5,none,True,True
8519,1.0,0.0001,0.5,none,True,True
8520,1.0,0.0001,0.5,none,True,True
8521,1.0,0.0001,0.5,none,True,True
8522,1.0,0.0001,0.5,none,True,True
8523,1.0,0.0001,0.5,none,True,True
8524,1.0,0.0001,0.5,none,True,True
8525,1.0,0.0001,0.5,none,True,True
8526,1.0,0.0001,0.5,none,True,True
8527,1.0,0.0001,0.5,none,True,True
8528,1.0,0.0001,0.5,none,True,True
8529,1.0,0.0001,0.5,none,True,True
8530,1.0,0.0001,0.5,none,True,True
8531,1.0,0.0001,0.5,none,True,True
8532,1.0,0.0001,0.5,none,True,True
8533,1.0,0.0001,0.5,none,True,True
8534,1.0,0.0001,0.5,none,True,True
8535,1.0,0.0001,0.5,none,True,True
8536,1.0,0.0001,0.5,none,True,True
8537,1.0,0.0,0.5,none,True,True
8538,1.0,0.0,0.5,none,True,True
8539,1.0,0.0,0.5,none,True,True
8540,1.0,0.0,0.5,none,True,True
8541,1.0,0.0,0.5,none,True,True
8542,1.0,0.0,0.5,none,True,True
8543,1.0,0.0,0.5,none,True,True
8544,1.0,0.0,0.5,none,True,True
8545,1.0,0.0,0.5,none,True,True
8546,1.0,0.0,0.5,none,True,True
8547,1.0,0.0,0.5,none,True,True
8548,1.0,0.0,0.5,none,True,True
8549,1.0,0.0,0.5,none,True,True
8550,1.0,0.0,0.5,none,True,True
8551,1.0,0.0,0.5,none,True,True
8552,1.0,0.0,0.5,none,True,True
8553,1.0,0.0,0.5,none,True,True
8554,1.0,0.0,0.5,none,True,True
8555,1.0,0.0,0.5,none,True,True
8556,1.0,0.0,0.5,none,True,True
8557,1.0,0.0,0.5,none,True,True
8558,1.0,0.0,0.5,none,True,True
8559,1.0,0.0,0.5,none,True,True
8560,1.0,0.0,0.5,none,True,True
8561,1.0,0.0,0.5,none,True,True
8562,1.0,0.0,0.5,none,True,True
8563,1.0,0.0,0.5,none,True,True
8564,1.0,0.0,0.5,none,True,True
8565,1.0,0.0,0.5,none,True,True
8566,1.0,0.0,0.5,none,True,True
8567,1.0,0.0,0.5,none,True,True
8568,1.0,0.0,0.5,none,True,True
8569,1.0,0.0,0.5,none,True,True
8570,1.0,0.0,0.5,none,True,True
8571,1.0,0.0,0.5,none,True,True
8572,1.0,0.0,0.5,none,True,True
8573,1.0,0.0,0.5,none,True,True
8574,1.0,0.0,0.5,none,True,True
8575,1.0,0.0,0.5,none,True,True
8576,1.0,0.0,0.5,none,True,True
8577,1.0,0.0,0.5,none,True,True
8578,1.0,0.0,0.5,none,True,True
8579,1.0,0.0,0.5,none,True,True
8580,1.0,0.0,0.5,none,True,True
8581,1.0,0.0,0.5,none,True,True
8582,1.0,0.0,0.5,none,True,True
8583,1.0,0.0,0.5,none,True,True
8584,1.0,0.0,0.5,none,True,True
8585,1.0,0.0,0.5,none,True,True
8586,1.0,0.0,0.5,none,True,True
8587,1.0,0.0,0.5,none,True,True
8588,1.0,0.0,0.5,none,True,True
8589,1.0,0.0,0.5,none,True,True
8590,1.0,0.0,0.5,none,True,True
8591,1.0,0.0,0.5,none,True,True
8592,1.0,0.0,0.5,none,True,True
8593,1.0,0.0,0.5,none,True,True
8594,1.0,0.0,0.5,none,True,True
8595,1.0,0.0,0.5,none,True,True
8596,1.0,0.0,0.5,none,True,True
8597,1.0,0.0,0.5,none,True,True
8598,1.0,0.0,0.5,none,True,True
8599,1.0,0.0,0.5,none,True,True
8600,1.0,0.0,0.5,none,True,True
8601,1.0,0.0,0.5,none,True,True
8602,1.0,0.0,0.5,none,True,True
8603,1.0,0.0,0.5,none,True,True
8604,1.0,0.0,0.5,none,True,True
8605,1.0,0.0,0.5,none,True,True
8606,1.0,0.0,0.5,none,True,True
8607,1.0,0.0,0.5,none,True,True
8608,1.0,0.0,0.5,none,True,True
8609,1.0,0.0,0.5,none,True,True
8610,1.0,0.0,0.5,none,True,True
8611,1.0,0.0,0.5,none,True,True
8612,1.0,0.0,0.5,none,True,True
8613,1.0,0.0,0.5,none,True,True
8614,1.0,0.0,0.5,none,True,True
8615,1.0,0.0,0.5,none,True,True
8616,1.0,0.0,0.5,none,True,True
8617,1.0,0.0,0.5,none,True,True
8618,1.0,0.0,0.5,none,True,True
8619,1.0,0.0,0.5,none,True,True
8620,1.0,0.0,0.5,none,True,True
8621,1.0,0.0,0.5,none,True,True
8622,1.0,0.0,0.5,none,True,True
8623,1.0,0.0,0.5,none,True,True
8624,1.0,0.0,0.5,none,True,True
8625,1.0,0.0,0.5,none,True,True
8626,1.0,0.0,0.5,none,True,True
8627,1.0,0.0,0.5,none,True,True
8628,1.0,0.0,0.5,none,True,True
8629,1.0,0.0,0.5,none,True,True
8630,1.0,0.0,0.5,none,True,True
8631,1.0,0.0,0.5,none,True,True
8632,1.0,0.0,0.5,none,True,True
8633,1.0,0.0,0.5,none,True,True
8634,1.0,0.0,0.5,none,True,True
8635,1.0,0.0,0.5,none,True,True
8636,1.0,0.0,0.5,none,True,True
8637,1.0,0.0,0.5,none,True,True
8638,1.0,0.0,0.5,none,True,True
8639,1.0,0.0,0.5,none,True,True
8640,1.0,0.0,0.5,none,True,True
8641,1.0,0.0,0.5,none,True,True
8642,1.0,0.0,0.5,none,True,True
8643,1.0,0.0,0.5,none,True,True
8644,1.0,0.0,0.5,none,True,True
8645,1.0,0.0,0.5,none,True,True
8646,1.0,0.0,0.5,none,True,True
8647,1.0,0.0,0.5,none,True,True
8648,1.0,0.0,0.5,none,True,True
8649,1.0,0.0,0.5,none,True,True
8650,1.0,0.0,0.5,none,True,True
8651,1.0,0.0,0.5,none,True,True
8652,1.0,0.0,0.5,none,True,True
8653,1.0,0.0,0.5,none,True,True
8654,1.0,0.0,0.5,none,True,True
8655,1.0,0.0,0.5,none,True,True
8656,1.0,0.0,0.5,none,True,True
8657,1.0,0.0,0.5,none,True,True
8658,1.0,0.0,0.5,none,True,True
8659,1.0,0.0,0.5,none,True,True
8660,1.0,0.0,0.5,none,True,True
8661,1.0,0.0,0.5,none,True,True
8662,1.0,0.0,0.5,none,True,True
8663,1.0,0.0,0.5,none,True,True
8664,1.0,0.0,0.5,none,True,True
8665,1.0,0.0,0.5,none,True,True
8666,1.0,0.0,0.5,none,True,True
8667,1.0,0.0,0.5,none,True,True
8668,1.0,0.0,0.5,none,True,True
8669,1.0,0.0,0.5,none,True,True
8670,1.0,0.0,0.5,none,True,True
8671,1.0,0.0,0.5,none,True,True
8672,1.0,0.0,0.5,none,True,True
8673,1.0,0.0,0.5,none,True,True
8674,1.0,0.0,0.5,none,True,True
8675,1.0,0.0,0.5,none,True,True
8676,1.0,0.0,0.5,none,True,True
8677,1.0,0.0,0.5,none,True,True
8678,1.0,0.0,0.5,none,True,True
8679,1.0,0.0,0.5,none,True,True
8680,1.0,0.0,0.5,none,True,True
8681,1.0,0.0,0.5,none,True,True
8682,1.0,0.0,0.5,none,True,True
8683,1.0,0.0,0.5,none,True,True
8684,1.0,0.0,0.5,none,True,True
8685,1.0,0.0,0.5,none,True,True
8686,1.0,0.0,0.5,none,True,True
8687,1.0,0.0,0.5,none,True,True
8688,1.0,0.0,0.5,none,True,True
8689,1.0,0.0,0.5,none,True,True
8690,1.0,0.0,0.5,none,True,True
8691,1.0,0.0,0.5,none,True,True
8692,1.0,0.0,0.5,none,True,True
8693,1.0,0.0,0.5,none,True,True
8694,1.0,0.0,0.5,none,True,True
8695,1.0,0.0,0.5,none,True,True
8696,1.0,0.0,0.5,none,True,True
8697,1.0,0.0,0.5,none,True,True
8698,1.0,0.0,0.5,none,True,True
8699,1.0,0.0,0.5,none,True,True
8700,1.0,0.0,0.5,none,True,True
8701,1.0,0.0,0.5,none,True,True
8702,1.0,0.0,0.5,none,True,True
8703,1.0,0.0,0.5,none,True,True
8704,1.0,0.0,0.5,none,True,True
8705,1.0,0.0,0.5,none,True,True
8706,1.0,0.0,0.5,none,True,True
8707,1.0,0.0,0.5,none,True,True
8708,1.0,0.0,0.5,none,True,True
8709,1.0,0.0,0.5,none,True,True
8710,1.0,0.0,0.5,none,True,True
8711,1.0,0.0,0.5,none,True,True
8712,1.0,0.0,0.5,none,True,True
8713,1.0,0.0,0.5,none,True,True
8714,1.0,0.0,0.5,none,True,True
8715,1.0,0.0,0.5,none,True,True
8716,1.0,0.0,0.5,none,True,True
8717,1.0,0.0,0.5,none,True,True
8718,1.0,0.0,0.5,none,True,True
8719,1.0,0.0,0.5,none,True,True
8720,1.0,0.0,0.5,none,True,True
8721,1.0,0.0,0.5,none,True,True
8722,1.0,0.0,0.5,none,True,True
8723,1.0,0.0,0.5,none,True,True
8724,1.0,0.0,0.5,none,True,True
8725,1.0,0.0,0.5,none,True,True
8726,1.0,0.0,0.5,none,True,True
8727,1.0,0.0,0.5,none,True,True
8728,1.0,0.0,0.5,none,True,True
8729,1.0,0.0,0.5,none,True,True
8730,1.0,0.0,0.5,none,True,True
8731,1.0,0.0,0.5,none,True,True
8732,1.0,0.0,0.5,none,True,True
8733,1.0,0.0,0.5,none,True,True
8734,1.0,0.0,0.5,none,True,True
8735,1.0,0.0,0.5,none,True,True
8736,1.0,0.0,0.5,none,True,True
8737,1.0,0.0,0.5,none,True,True
8738,1.0,0.0,0.5,none,True,True
8739,1.0,0.0,0.5,none,True,True
8740,1.0,0.0,0.5,none,True,True
8741,1.0,0.0,0.5,none,True,True
8742,1.0,0.0,0.5,none,True,True
8743,1.0,0.0,0.5,none,True,True
8744,1.0,0.0,0.5,none,True,True
8745,1.0,0.0,0.5,none,True,True
8746,1.0,0.0,0.5,none,True,True
8747,1.0,0.0,0.5,none,True,True
8748,1.0,0.0,0.5,none,True,True
8749,1.0,0.0,0.5,none,True,True
8750,1.0,0.0,0.5,none,True,True
8751,1.0,0.0,0.5,none,True,True
8752,1.0,0.0,0.5,none,True,True
8753,1.0,0.0,0.5,none,True,True
8754,1.0,0.0,0.5,none,True,True
8755,1.0,0.0,0.5,none,True,True
8756,1.0,0.0,0.5,none,True,True
8757,1.0,0.0,0.5,none,True,True
8758,1.0,0.0,0.5,none,True,True
8759,1.0,0.0,0.5,none,True,True
8760,1.0,0.0,0.5,none,True,True
8761,1.0,0.0,0.5,none,True,True
8762,1.0,0.0,0.5,none,True,True
8763,1.0,0.0,0.5,none,True,True
8764,1.0,0.0,0.5,none,True,True
8765,1.0,0.0,0.5,none,True,True
8766,1.0,0.0,0.5,none,True,True
8767,1.0,0.0,0.5,none,True,True
8768,1.0,0.0,0.5,none,True,True
8769,1.0,0.0,0.5,none,True,True
8770,1.0,0.0,0.5,none,True,True
8771,1.0,0.0,0.5,none,True,True
8772,1.0,0.0,0.5,none,True,True
8773,1.0,0.0,0.5,none,True,True
8774,1.0,0.0,0.5,none,True,True
8775,1.0,0.0,0.5,none,True,True
8776,1.0,0.0,0.5,none,True,True
8777,1.0,0.0,0.5,none,True,True
8778,1.0,0.0,0.5,none,True,True
8779,1.0,0.0,0.5,none,True,True
8780,1.0,0.0,0.5,none,True,True
8781,1.0,0.0,0.5,none,True,True
8782,1.0,0.0,0.5,none,True,True
8783,1.0,0.0,0.5,none,True,True
8784,1.0,0.0,0.5,none,True,True
8785,1.0,0.0,0.5,none,True,True
8786,1.0,0.0,0.5,none,True,True
8787,1.0,0.0,0.5,none,True,True
8788,1.0,0.0,0.5,none,True,True
8789,1.0,0.0,0.5,none,True,True
8790,1.0,0.0,0.5,none,True,True
8791,1.0,0.0,0.5,none,True,True
8792,1.0,0.0,0.5,none,True,True
8793,1.0,0.0,0.5,none,True,True
8794,1.0,0.0,0.5,none,True,True
8795,1.0,0.0,0.5,none,True,True
8796,1.0,0.0,0.5,none,True,True
8797,1.0,0.0,0.5,none,True,True
8798,1.0,0.0,0.5,none,True,True
8799,1.0,0.0,0.5,none,True,True
8800,1.0,0.0,0.5,none,True,True
8801,1.0,0.0,0.5,none,True,True
8802,1.0,0.0,0.5,none,True,True
8803,1.0,0.0,0.5,none,True,True
8804,1.0,0.0,0.5,none,True,True
8805,1.0,0.0,0.5,none,True,True
8806,1.0,0.0,0.5,none,True,True
8807,1.0,0.0,0.5,none,True,True
8808,1.0,0.0,0.5,none,True,True
8809,1.0,0.0,0.5,none,True,True
8810,1.0,0.0,0.5,none,True,True
8811,1.0,0.0,0.5,none,True,True
8812,1.0,0.0,0.5,none,True,True
8813,1.0,0.0,0.5,none,True,True
8814,1.0,0.0,0.5,none,True,True
8815,1.0,0.0,0.5,none,True,True
8816,1.0,0.0,0.5,none,True,True
8817,1.0,0.0,0.5,none,True,True
8818,1.0,0.0,0.5,none,True,True
8819,1.0,0.0,0.5,none,True,True
8820,1.0,0.0,0.5,none,True,True
8821,1.0,0.0,0.5,none,True,True
8822,1.0,0.0,0.5,none,True,True
8823,1.0,0.0,0.5,none,True,True
8824,1.0,0.0,0.5,none,True,True
8825,1.0,0.0,0.5,none,True,True
8826,1.0,0.0,0.5,none,True,True
8827,1.0,0.0,0.5,none,True,True
8828,1.0,0.0,0.5,none,True,True
8829,1.0,0.0,0.5,none,True,True
8830,1.0,0.0,0.5,none,True,True
8831,1.0,0.0,0.5,none,True,True
8832,1.0,0.0,0.5,none,True,True
8833,1.0,0.0,0.5,none,True,True
8834,1.0,0.0,0.5,none,True,True
8835,1.0,0.0,0.5,none,True,True
8836,1.0,0.0,0.5,none,True,True
8837,1.0,0.0,0.5,none,True,True
8838,1.0,0.0,0.5,none,True,True
8839,1.0,0.0,0.5,none,True,True
8840,1.0,0.0,0.5,none,True,True
8841,1.0,0.0,0.5,none,True,True
8842,1.0,0.0,0.5,none,True,True
8843,1.0,0.0,0.5,none,True,True
8844,1.0,0.0,0.5,none,True,True
8845,1.0,0.0,0.5,none,True,True
8846,1.0,0.0,0.5,none,True,True
8847,1.0,0.0,0.5,none,True,True
8848,1.0,0.0,0.5,none,True,True
8849,1.0,0.0,0.5,none,True,True
8850,1.0,0.0,0.5,none,True,True
8851,1.0,0.0,0.5,none,True,True
8852,1.0,0.0,0.5,none,True,True
8853,1.0,0.0,0.5,none,True,True
8854,1.0,0.0,0.5,none,True,True
8855,1.0,0.0,0.5,none,True,True
8856,1.0,0.0,0.5,none,True,True
8857,1.0,0.0,0.5,none,True,True
8858,1.0,0.0,0.5,none,True,True
8859,1.0,0.0,0.5,none,True,True
8860,1.0,0.0,0.5,none,True,True
8861,1.0,0.0,0.5,none,True,True
8862,1.0,0.0,0.5,none,True,True
8863,1.0,0.0,0.5,none,True,True
8864,1.0,0.0,0.5,none,True,True
8865,1.0,0.0,0.5,none,True,True
8866,1.0,0.0,0.5,none,True,True
8867,1.0,0.0,0.5,none,True,True
8868,1.0,0.0,0.5,none,True,True
8869,1.0,0.0,0.5,none,True,True
8870,1.0,0.0,0.5,none,True,True
8871,1.0,0.0,0.5,none,True,True
8872,1.0,0.0,0.5,none,True,True
8873,1.0,0.0,0.5,none,True,True
8874,1.0,0.0,0.5,none,True,True
8875,1.0,0.0,0.5,none,True,True
8876,1.0,0.0,0.5,none,True,True
8877,1.0,0.0,0.5,none,True,True
8878,1.0,0.0,0.5,none,True,True
8879,1.0,0.0,0.5,none,True,True
8880,1.0,0.0,0.5,none,True,True
8881,1.0,0.0,0.5,none,True,True
8882,1.0,0.0,0.5,none,True,True
8883,1.0,0.0,0.5,none,True,True
8884,1.0,0.0,0.5,none,True,True
8885,1.0,0.0,0.5,none,True,True
8886,1.0,0.0,0.5,none,True,True
8887,1.0,0.0,0.5,none,True,True
8888,1.0,0.0,0.5,none,True,True
8889,1.0,0.0,0.5,none,True,True
8890,1.0,0.0,0.5,none,True,True
8891,1.0,0.0,0.5,none,True,True
8892,1.0,0.0,0.5,none,True,True
8893,1.0,0.0,0.5,none,True,True
8894,1.0,0.0,0.5,none,True,True
8895,1.0,0.0,0.5,none,True,True
8896,1.0,0.0,0.5,none,True,True
8897,1.0,0.0,0.5,none,True,True
8898,1.0,0.0,0.5,none,True,True
8899,1.0,0.0,0.5,none,True,True
8900,1.0,0.0,0.5,none,True,True
8901,1.0,0.0,0.5,none,True,True
8902,1.0,0.0,0.5,none,True,True
8903,1.0,0.0,0.5,none,True,True
8904,1.0,0.0,0.5,none,True,True
8905,1.0,0.0,0.5,none,True,True
8906,1.0,0.0,0.5,none,True,True
8907,1.0,0.0,0.5,none,True,True
8908,1.0,0.0,0.5,none,True,True
8909,1.0,0.0,0.5,none,True,True
8910,1.0,0.0,0.5,none,True,True
8911,1.0,0.0,0.5,none,True,True
8912,1.0,0.0,0.5,none,True,True
8913,1.0,0.0,0.5,none,True,True
8914,1.0,0.0,0.5,none,True,True
8915,1.0,0.0,0.5,none,True,True
8916,1.0,0.0,0.5,none,True,True
8917,1.0,0.0,0.5,none,True,True
8918,1.0,0.0,0.5,none,True,True
8919,1.0,0.0,0.5,none,True,True
8920,1.0,0.0,0.5,none,True,True
8921,1.0,0.0,0.5,none,True,True
8922,1.0,0.0,0.5,none,True,True
8923,1.0,0.0,0.5,none,True,True
8924,1.0,0.0,0.5,none,True,True
8925,1.0,0.0,0.5,none,True,True
8926,1.0,0.0,0.5,none,True,True
8927,1.0,0.0,0.5,none,True,True
8928,1.0,0.0,0.5,none,True,True
8929,1.0,0.0,0.5,none,True,True
8930,1.0,0.0,0.5,none,True,True
8931,1.0,0.0,0.5,none,True,True
8932,1.0,0.0,0.5,none,True,True
8933,1.0,0.0,0.5,none,True,True
8934,1.0,0.0,0.5,none,True,True
8935,1.0,0.0,0.5,none,True,True
8936,1.0,0.0,0.5,none,True,True
8937,1.0,0.0,0.5,none,True,True
8938,1.0,0.0,0.5,none,True,True
8939,1.0,0.0,0.5,none,True,True
8940,1.0,0.0,0.5,none,True,True
8941,1.0,0.0,0.5,none,True,True
8942,1.0,0.0,0.5,none,True,True
8943,1.0,0.0,0.5,none,True,True
8944,1.0,0.0,0.5,none,True,True
8945,1.0,0.0,0.5,none,True,True
8946,1.0,0.0,0.5,none,True,True
8947,1.0,0.0,0.5,none,True,True
8948,1.0,0.0,0.5,none,True,True
8949,1.0,0.0,0.5,none,True,True
8950,1.0,0.0,0.5,none,True,True
8951,1.0,0.0,0.5,none,True,True
8952,1.0,0.0,0.5,none,True,True
8953,1.0,0.0,0.5,none,True,True
8954,1.0,0.0,0.5,none,True,True
8955,1.0,0.0,0.5,none,True,True
8956,1.0,0.0,0.5,none,True,True
8957,1.0,0.0,0.5,none,True,True
8958,1.0,0.0,0.5,none,True,True
8959,1.0,0.0,0.5,none,True,True
8960,1.0,0.0,0.5,none,True,True
8961,1.0,0.0,0.5,none,True,True
8962,1.0,0.0,0.5,none,True,True
8963,1.0,0.0,0.5,none,True,True
8964,1.0,0.0,0.5,none,True,True
8965,1.0,0.0,0.5,none,True,True
8966,1.0,0.0,0.5,none,True,True
8967,1.0,0.0,0.5,none,True,True
8968,1.0,0.0,0.5,none,True,True
8969,1.0,0.0,0.5,none,True,True
8970,1.0,0.0,0.5,none,True,True
8971,1.0,0.0,0.5,none,True,True
8972,1.0,0.0,0.5,none,True,True
8973,1.0,0.0,0.5,none,True,True
8974,1.0,0.0,0.5,none,True,True
8975,1.0,0.0,0.5,none,True,True
8976,1.0,0.0,0.5,none,True,True
8977,1.0,0.0,0.5,none,True,True
8978,1.0,0.0,0.5,none,True,True
8979,1.0,0.0,0.5,none,True,True
8980,1.0,0.0,0.5,none,True,True
8981,1.0,0.0,0.5,none,True,True
8982,1.0,0.0,0.5,none,True,True
8983,1.0,0.0,0.5,none,True,True
8984,1.0,0.0,0.5,none,True,True
8985,1.0,0.0,0.5,none,True,True
8986,1.0,0.0,0.5,none,True,True
8987,1.0,0.0,0.5,none,True,True
8988,1.0,0.0,0.5,none,True,True
8989,1.0,0.0,0.5,none,True,True
8990,1.0,0.0,0.5,none,True,True
8991,1.0,0.0,0.5,none,True,True
8992,1.0,0.0,0.5,none,True,True
8993,1.0,0.0,0.5,none,True,True
8994,1.0,0.0,0.5,none,True,True
8995,1.0,0.0,0.5,none,True,True
8996,1.0,0.0,0.5,none,True,True
8997,1.0,0.0,0.5,none,True,True
8998,1.0,0.0,0.5,none,True,True
8999,1.0,0.0,0.5,none,True,True
9000,1.0,0.0,0.5,none,True,True
9001,1.0,0.0,0.5,none,True,True
9002,1.0,0.0,0.5,none,True,True
9003,1.0,0.0,0.5,none,True,True
9004,1.0,0.0,0.5,none,True,True
9005,1.0,0.0,0.5,none,True,True
9006,1.0,0.0,0.5,none,True,True
9007,1.0,0.0,0.5,none,True,True
9008,1.0,0.0,0.5,none,True,True
9009,1.0,0.0,0.5,none,True,True
9010,1.0,0.0,0.5,none,True,True
9011,1.0,0.0,0.5,none,True,True
9012,1.0,0.0,0.5,none,True,True
9013,1.0,0.0,0.5,none,True,True
9014,1.0,0.0,0.5,none,True,True
9015,1.0,0.0,0.5,none,True,True
9016,1.0,0.0,0.5,none,True,True
9017,1.0,0.0,0.5,none,True,True
9018,1.0,0.0,0.5,none,True,True
9019,1.0,0.0,0.5,none,True,True
9020,1.0,0.0,0.5,none,True,True
9021,1.0,0.0,0.5,none,True,True
9022,1.0,0.0,0.5,none,True,True
9023,1.0,0.0,0.5,none,True,True
9024,1.0,0.0,0.5,none,True,True
9025,1.0,0.0,0.5,none,True,True
9026,1.0,0.0,0.5,none,True,True
9027,1.0,0.0,0.5,none,True,True
9028,1.0,0.0,0.5,none,True,True
9029,1.0,0.0,0.5,none,True,True
9030,1.0,0.0,0.5,none,True,True
9031,1.0,0.0,0.5,none,True,True
9032,1.0,0.0,0.5,none,True,True
9033,1.0,0.0,0.5,none,True,True
9034,1.0,0.0,0.5,none,True,True
9035,1.0,0.0,0.5,none,True,True
9036,1.0,0.0,0.5,none,True,True
9037,1.0,0.0,0.5,none,True,True
9038,1.0,0.0,0.5,none,True,True
9039,1.0,0.0,0.5,none,True,True
9040,1.0,0.0,0.5,none,True,True
9041,1.0,0.0,0.5,none,True,True
9042,1.0,0.0,0.5,none,True,True
9043,1.0,0.0,0.5,none,True,True
9044,1.0,0.0,0.5,none,True,True
9045,1.0,0.0,0.5,none,True,True
9046,1.0,0.0,0.5,none,True,True
9047,1.0,0.0,0.5,none,True,True
9048,1.0,0.0,0.5,none,True,True
9049,1.0,0.0,0.5,none,True,True
9050,1.0,0.0,0.5,none,True,True
9051,1.0,0.0,0.5,none,True,True
9052,1.0,0.0,0.5,none,True,True
9053,1.0,0.0,0.5,none,True,True
9054,1.0,0.0,0.5,none,True,True
9055,1.0,0.0,0.5,none,True,True
9056,1.0,0.0,0.5,none,True,True
9057,1.0,0.0,0.5,none,True,True
9058,1.0,0.0,0.5,none,True,True
9059,1.0,0.0,0.5,none,True,True
9060,1.0,0.0,0.5,none,True,True
9061,1.0,0.0,0.5,none,True,True
9062,1.0,0.0,0.5,none,True,True
9063,1.0,0.0,0.5,none,True,True
9064,1.0,0.0,0.5,none,True,True
9065,1.0,0.0,0.5,none,True,True
9066,1.0,0.0,0.5,none,True,True
9067,1.0,0.0,0.5,none,True,True
9068,1.0,0.0,0.5,none,True,True
9069,1.0,0.0,0.5,none,True,True
9070,1.0,0.0,0.5,none,True,True
9071,1.0,0.0,0.5,none,True,True
9072,1.0,0.0,0.5,none,True,True
9073,1.0,0.0,0.5,none,True,True
9074,1.0,0.0,0.5,none,True,True
9075,1.0,0.0,0.5,none,True,True
9076,1.0,0.0,0.5,none,True,True
9077,1.0,0.0,0.5,none,True,True
9078,1.0,0.0,0.5,none,True,True
9079,1.0,0.0,0.5,none,True,True
9080,1.0,0.0,0.5,none,True,True
9081,1.0,0.0,0.5,none,True,True
9082,1.0,0.0,0.5,none,True,True
9083,1.0,0.0,0.5,none,True,True
9084,1.0,0.0,0.5,none,True,True
9085,1.0,0.0,0.5,none,True,True
9086,1.0,0.0,0.5,none,True,True
9087,1.0,0.0,0.5,none,True,True
9088,1.0,0.0,0.5,none,True,True
9089,1.0,0.0,0.5,none,True,True
9090,1.0,0.0,0.5,none,True,True
9091,1.0,0.0,0.5,none,True,True
9092,1.0,0.0,0.5,none,True,True
9093,1.0,0.0,0.5,none,True,True
9094,1.0,0.0,0.5,none,True,True
9095,1.0,0.0,0.5,none,True,True
9096,1.0,0.0,0.5,none,True,True
9097,1.0,0.0,0.5,none,True,True
9098,1.0,0.0,0.5,none,True,True
9099,1.0,0.0,0.5,none,True,True
9100,1.0,0.0061,0.5,none,True,True
9101,1.0,0.0357,0.5,none,True,True
9102,1.0,0.0812,0.5,none,True,True
9103,1.0,0.1113,0.5,none,True,True
9104,1.0,0.1253,0.5,none,True,True
9105,1.0,0.1408,0.5,none,True,True
9106,1.0,0.0907,0.5,none,True,True
9107,1.0,0.1198,0.5,none,True,True
9108,1.0,0.0467,0.5,none,True,True
9109,1.0,0.0522,0.5,none,True,True
9110,1.0,0.0405,0.5,none,True,True
9111,1.0,0.0313,0.5,none,True,True
9112,1.0,0.0083,0.5,none,True,True
9113,1.0,0.0726,0.5,none,True,True
9114,1.0,0.0793,0.5,none,True,True
9115,1.0,0.0581,0.5,none,True,True
9116,1.0,0.0955,0.5,none,True,True
9117,1.0,0.0839,0.5,none,True,True
9118,1.0,0.0648,0.5,none,True,True
9119,1.0,0.0718,0.5,none,True,True
9120,1.0,0.0589,0.5,none,True,True
9121,1.0,0.0403,0.5,none,True,True
9122,1.0,0.0327,0.5,none,True,True
9123,1.0,0.0277,0.5,none,True,True
9124,1.0,0.017,0.5,none,True,True
9125,1.0,0.0102,0.5,none,True,True
9126,1.0,0.0099,0.5,none,True,True
9127,1.0,0.008,0.5,none,True,True
9128,1.0,0.005,0.5,none,True,True
9129,1.0,0.0063,0.5,none,True,True
9130,1.0,0.009,0.5,none,True,True
9131,1.0,0.0096,0.5,none,True,True
9132,1.0,0.0108,0.5,none,True,True
9133,1.0,0.014,0.5,none,True,True
9134,1.0,0.0161,0.5,none,True,True
9135,1.0,0.0167,0.5,none,True,True
9136,1.0,0.0182,0.5,none,True,True
9137,1.0,0.0196,0.5,none,True,True
9138,1.0,0.0197,0.5,none,True,True
9139,1.0,0.0193,0.5,none,True,True
9140,1.0,0.0193,0.5,none,True,True
9141,1.0,0.0187,0.5,none,True,True
9142,1.0,0.0174,0.5,none,True,True
9143,1.0,0.0163,0.5,none,True,True
9144,1.0,0.0152,0.5,none,True,True
9145,1.0,0.0138,0.5,none,True,True
9146,1.0,0.0123,0.5,none,True,True
9147,1.0,0.0111,0.5,none,True,True
9148,1.0,0.01,0.5,none,True,True
9149,1.0,0.0088,0.5,none,True,True
9150,1.0,0.0078,0.5,none,True,True
9151,1.0,0.0071,0.5,none,True,True
9152,1.0,0.0064,0.5,none,True,True
9153,1.0,0.0057,0.5,none,True,True
9154,1.0,0.0053,0.5,none,True,True
9155,1.0,0.005,0.5,none,True,True
9156,1.0,0.0047,0.5,none,True,True
9157,1.0,0.0045,0.5,none,True,True
9158,1.0,0.0044,0.5,none,True,True
9159,1.0,0.0043,0.5,none,True,True
9160,1.0,0.0042,0.5,none,True,True
9161,1.0,0.0041,0.5,none,True,True
9162,1.0,0.004,0.5,none,True,True
9163,1.0,0.0039,0.5,none,True,True
9164,1.0,0.0038,0.5,none,True,True
9165,1.0,0.0037,0.5,none,True,True
9166,1.0,0.0035,0.5,none,True,True
9167,1.0,0.0033,0.5,none,True,True
9168,1.0,0.0032,0.5,none,True,True
9169,1.0,0.003,0.5,none,True,True
9170,1.0,0.0028,0.5,none,True,True
9171,1.0,0.0026,0.5,none,True,True
9172,1.0,0.0024,0.5,none,True,True
9173,1.0,0.0023,0.5,none,True,True
9174,1.0,0.0021,0.5,none,True,True
9175,1.0,0.0019,0.5,none,True,True
9176,1.0,0.0018,0.5,none,True,True
9177,1.0,0.0017,0.5,none,True,True
9178,1.0,0.0015,0.5,none,True,True
9179,1.0,0.0014,0.5,none,True,True
9180,1.0,0.0013,0.5,none,True,True
9181,1.0,0.0013,0.5,none,True,True
9182,1.0,0.0012,0.5,none,True,True
9183,1.0,0.0011,0.5,none,True,True
9184,1.0,0.0011,0.5,none,True,True
9185,1.0,0.001,0.5,none,True,True
9186,1.0,0.001,0.5,none,True,True
9187,1.0,0.0009,0.5,none,True,True
9188,1.0,0.0009,0.5,none,True,True
9189,1.0,0.0008,0.5,none,True,True
9190,1.0,0.0008,0.5,none,True,True
9191,1.0,0.0008,0.5,none,True,True
9192,1.0,0.0007,0.5,none,True,True
9193,1.0,0.0007,0.5,none,True,True
9194,1.0,0.0006,0.5,none,True,True
9195,1.0,0.0006,0.5,none,True,True
9196,1.0,0.0006,0.5,none,True,True
9197,1.0,0.0005,0.5,none,True,True
9198,1.0,0.0005,0.5,none,True,True
9199,1.0,0.0005,0.5,none,True,True
9200,1.0,0.0004,0.5,none,True,True
9201,1.0,0.0004,0.5,none,True,True
9202,1.0,0.0004,0.5,none,True,True
9203,1.0,0.0004,0.5,none,True,True
9204,1.0,0.0003,0.5,none,True,True
9205,1.0,0.0003,0.5,none,True,True
9206,1.0,0.0003,0.5,none,True,True
9207,1.0,0.0003,0.5,none,True,True
9208,1.0,0.0003,0.5,none,True,True
9209,1.0,0.0003,0.5,none,True,True
9210,1.0,0.0002,0.5,none,True,True
9211,1.0,0.0002,0.5,none,True,True
9212,1.0,0.0002,0.5,none,True,True
9213,1.0,0.0002,0.5,none,True,True
9214,1.0,0.0002,0.5,none,True,True
9215,1.0,0.0002,0.5,none,True,True
9216,1.0,0.0002,0.5,none,True,True
9217,1.0,0.0002,0.5,none,True,True
9218,1.0,0.0002,0.5,none,True,True
9219,1.0,0.0001,0.5,none,True,True
9220,1.0,0.0001,0.5,none,True,True
9221,1.0,0.0001,0.5,none,True,True
9222,1.0,0.0001,0.5,none,True,True
9223,1.0,0.0001,0.5,none,True,True
9224,1.0,0.0001,0.5,none,True,True
9225,1.0,0.0001,0.5,none,True,True
9226,1.0,0.0001,0.5,none,True,True
9227,1.0,0.0001,0.5,none,True,True
9228,1.0,0.0001,0.5,none,True,True
9229,1.0,0.0001,0.5,none,True,True
9230,1.0,0.0001,0.5,none,True,True
9231,1.0,0.0001,0.5,none,True,True
9232,1.0,0.0001,0.5,none,True,True
9233,1.0,0.0001,0.5,none,True,True
9234,1.0,0.0001,0.5,none,True,True
9235,1.0,0.0001,0.5,none,True,True
9236,1.0,0.0001,0.5,none,True,True
9237,1.0,0.0,0.5,none,True,True
9238,1.0,0.0,0.5,none,True,True
9239,1.0,0.0,0.5,none,True,True
9240,1.0,0.0,0.5,none,True,True
9241,1.0,0.0,0.5,none,True,True
9242,1.0,0.0,0.5,none,True,True
9243,1.0,0.0,0.5,none,True,True
9244,1.0,0.0,0.5,none,True,True
9245,1.0,0.0,0.5,none,True,True
9246,1.0,0.0,0.5,none,True,True
9247,1.0,0.0,0.5,none,True,True
9248,1.0,0.0,0.5,none,True,True
9249,1.0,0.0,0.5,none,True,True
9250,1.0,0.0,0.5,none,True,True
9251,1.0,0.0,0.5,none,True,True
9252,1.0,0.0,0.5,none,True,True
9253,1.0,0.0,0.5,none,True,True
9254,1.0,0.0,0.5,none,True,True
9255,1.0,0.0,0.5,none,True,True
9256,1.0,0.0,0.5,none,True,True
9257,1.0,0.0,0.5,none,True,True
9258,1.0,0.0,0.5,none,True,True
9259,1.0,0.0,0.5,none,True,True
9260,1.0,0.0,0.5,none,True,True
9261,1.0,0.0,0.5,none,True,True
9262,1.0,0.0,0.5,none,True,True
9263,1.0,0.0,0.5,none,True,True
9264,1.0,0.0,0.5,none,True,True
9265,1.0,0.0,0.5,none,True,True
9266,1.0,0.0,0.5,none,True,True
9267,1.0,0.0,0.5,none,True,True
9268,1.0,0.0,0.5,none,True,True
9269,1.0,0.0,0.5,none,True,True
9270,1.0,0.0,0.5,none,True,True
9271,1.0,0.0,0.5,none,True,True
9272,1.0,0.0,0.5,none,True,True
9273,1.0,0.0,0.5,none,True,True
9274,1.0,0.0,0.5,none,True,True
9275,1.0,0.0,0.5,none,True,True
9276,1.0,0.0,0.5,none,True,True
9277,1.0,0.0,0.5,none,True,True
9278,1.0,0.0,0.5,none,True,True
9279,1.0,0.0,0.5,none,True,True
9280,1.0,0.0,0.5,none,True,True
9281,1.0,0.0,0.5,none,True,True
9282,1.0,0.0,0.5,none,True,True
9283,1.0,0.0,0.5,none,True,True
9284,1.0,0.0,0.5,none,True,True
9285,1.0,0.0,0.5,none,True,True
9286,1.0,0.0,0.5,none,True,True
9287,1.0,0.0,0.5,none,True,True
9288,1.0,0.0,0.5,none,True,True
9289,1.0,0.0,0.5,none,True,True
9290,1.0,0.0,0.5,none,True,True
9291,1.0,0.0,0.5,none,True,True
9292,1.0,0.0,0.5,none,True,True
9293,1.0,0.0,0.5,none,True,True
9294,1.0,0.0,0.5,none,True,True
9295,1.0,0.0,0.5,none,True,True
9296,1.0,0.0,0.5,none,True,True
9297,1.0,0.0,0.5,none,True,True
9298,1.0,0.0,0.5,none,True,True
9299,1.0,0.0,0.5,none,True,True
9300,1.0,0.0,0.5,none,True,True
9301,1.0,0.0,0.5,none,True,True
9302,1.0,0.0,0.5,none,True,True
9303,1.0,0.0,0.5,none,True,True
9304,1.0,0.0,0.5,none,True,True
9305,1.0,0.0,0.5,none,True,True
9306,1.0,0.0,0.5,none,True,True
9307,1.0,0.0,0.5,none,True,True
9308,1.0,0.0,0.5,none,True,True
9309,1.0,0.0,0.5,none,True,True
9310,1.0,0.0,0.5,none,True,True
9311,1.0,0.0,0.5,none,True,True
9312,1.0,0.0,0.5,none,True,True
9313,1.0,0.0,0.5,none,True,True
9314,1.0,0.0,0.5,none,True,True
9315,1.0,0.0,0.5,none,True,True
9316,1.0,0.0,0.5,none,True,True
9317,1.0,0.0,0.5,none,True,True
9318,1.0,0.0,0.5,none,True,True
9319,1.0,0.0,0.5,none,True,True
9320,1.0,0.0,0.5,none,True,True
9321,1.0,0.0,0.5,none,True,True
9322,1.0,0.0,0.5,none,True,True
9323,1.0,0.0,0.5,none,True,True
9324,1.0,0.0,0.5,none,True,True
9325,1.0,0.0,0.5,none,True,True
9326,1.0,0.0,0.5,none,True,True
9327,1.0,0.0,0.5,none,True,True
9328,1.0,0.0,0.5,none,True,True
9329,1.0,0.0,0.5,none,True,True
9330,1.0,0.0,0.5,none,True,True
9331,1.0,0.0,0.5,none,True,True
9332,1.0,0.0,0.5,none,True,True
9333,1.0,0.0,0.5,none,True,True
9334,1.0,0.0,0.5,none,True,True
9335,1.0,0.0,0.5,none,True,True
9336,1.0,0.0,0.5,none,True,True
9337,1.0,0.0,0.5,none,True,True
9338,1.0,0.0,0.5,none,True,True
9339,1.0,0.0,0.5,none,True,True
9340,1.0,0.0,0.5,none,True,True
9341,1.0,0.0,0.5,none,True,True
9342,1.0,0.0,0.5,none,True,True
9343,1.0,0.0,0.5,none,True,True
9344,1.0,0.0,0.5,none,True,True
9345,1.0,0.0,0.5,none,True,True
9346,1.0,0.0,0.5,none,True,True
9347,1.0,0.0,0.5,none,True,True
9348,1.0,0.0,0.5,none,True,True
9349,1.0,0.0,0.5,none,True,True
9350,1.0,0.0,0.5,none,True,True
9351,1.0,0.0,0.5,none,True,True
9352,1.0,0.0,0.5,none,True,True
9353,1.0,0.0,0.5,none,True,True
9354,1.0,0.0,0.5,none,True,True
9355,1.0,0.0,0.5,none,True,True
9356,1.0,0.0,0.5,none,True,True
9357,1.0,0.0,0.5,none,True,True
9358,1.0,0.0,0.5,none,True,True
9359,1.0,0.0,0.5,none,True,True
9360,1.0,0.0,0.5,none,True,True
9361,1.0,0.0,0.5,none,True,True
9362,1.0,0.0,0.5,none,True,True
9363,1.0,0.0,0.5,none,True,True
9364,1.0,0.0,0.5,none,True,True
9365,1.0,0.0,0.5,none,True,True
9366,1.0,0.0,0.5,none,True,True
9367,1.0,0.0,0.5,none,True,True
9368,1.0,0.0,0.5,none,True,True
9369,1.0,0.0,0.5,none,True,True
9370,1.0,0.0,0.5,none,True,True
9371,1.0,0.0,0.5,none,True,True
9372,1.0,0.0,0.5,none,True,True
9373,1.0,0.0,0.5,none,True,True
9374,1.0,0.0,0.5,none,True,True
9375,1.0,0.0,0.5,none,True,True
9376,1.0,0.0,0.5,none,True,True
9377,1.0,0.0,0.5,none,True,True
9378,1.0,0.0,0.5,none,True,True
9379,1.0,0.0,0.5,none,True,True
9380,1.0,0.0,0.5,none,True,True
9381,1.0,0.0,0.5,none,True,True
9382,1.0,0.0,0.5,none,True,True
9383,1.0,0.0,0.5,none,True,True
9384,1.0,0.0,0.5,none,True,True
9385,1.0,0.0,0.5,none,True,True
9386,1.0,0.0,0.5,none,True,True
9387,1.0,0.0,0.5,none,True,True
9388,1.0,0.0,0.5,none,True,True
9389,1.0,0.0,0.5,none,True,True
9390,1.0,0.0,0.5,none,True,True
9391,1.0,0.0,0.5,none,True,True
9392,1.0,0.0,0.5,none,True,True
9393,1.0,0.0,0.5,none,True,True
9394,1.0,0.0,0.5,none,True,True
9395,1.0,0.0,0.5,none,True,True
9396,1.0,0.0,0.5,none,True,True
9397,1.0,0.0,0.5,none,True,True
9398,1.0,0.0,0.5,none,True,True
9399,1.0,0.0,0.5,none,True,True
9400,1.0,0.0,0.5,none,True,True
9401,1.0,0.0,0.5,none,True,True
9402,1.0,0.0,0.5,none,True,True
9403,1.0,0.0,0.5,none,True,True
9404,1.0,0.0,0.5,none,True,True
9405,1.0,0.0,0.5,none,True,True
9406,1.0,0.0,0.5,none,True,True
9407,1.0,0.0,0.5,none,True,True
9408,1.0,0.0,0.5,none,True,True
9409,1.0,0.0,0.5,none,True,True
9410,1.0,0.0,0.5,none,True,True
9411,1.0,0.0,0.5,none,True,True
9412,1.0,0.0,0.5,none,True,True
9413,1.0,0.0,0.5,none,True,True
9414,1.0,0.0,0.5,none,True,True
9415,1.0,0.0,0.5,none,True,True
9416,1.0,0.0,0.5,none,True,True
9417,1.0,0.0,0.5,none,True,True
9418,1.0,0.0,0.5,none,True,True
9419,1.0,0.0,0.5,none,True,True
9420,1.0,0.0,0.5,none,True,True
9421,1.0,0.0,0.5,none,True,True
9422,1.0,0.0,0.5,none,True,True
9423,1.0,0.0,0.5,none,True,True
9424,1.0,0.0,0.5,none,True,True
9425,1.0,0.0,0.5,none,True,True
9426,1.0,0.0,0.5,none,True,True
9427,1.0,0.0,0.5,none,True,True
9428,1.0,0.0,0.5,none,True,True
9429,1.0,0.0,0.5,none,True,True
9430,1.0,0.0,0.5,none,True,True
9431,1.0,0.0,0.5,none,True,True
9432,1.0,0.0,0.5,none,True,True
9433,1.0,0.0,0.5,none,True,True
9434,1.0,0.0,0.5,none,True,True
9435,1.0,0.0,0.5,none,True,True
9436,1.0,0.0,0.5,none,True,True
9437,1.0,0.0,0.5,none,True,True
9438,1.0,0.0,0.5,none,True,True
9439,1.0,0.0,0.5,none,True,True
9440,1.0,0.0,0.5,none,True,True
9441,1.0,0.0,0.5,none,True,True
9442,1.0,0.0,0.5,none,True,True
9443,1.0,0.0,0.5,none,True,True
9444,1.0,0.0,0.5,none,True,True
9445,1.0,0.0,0.5,none,True,True
9446,1.0,0.0,0.5,none,True,True
9447,1.0,0.0,0.5,none,True,True
9448,1.0,0.0,0.5,none,True,True
9449,1.0,0.0,0.5,none,True,True
9450,1.0,0.0,0.5,none,True,True
9451,1.0,0.0,0.5,none,True,True
9452,1.0,0.0,0.5,none,True,True
9453,1.0,0.0,0.5,none,True,True
9454,1.0,0.0,0.5,none,True,True
9455,1.0,0.0,0.5,none,True,True
9456,1.0,0.0,0.5,none,True,True
9457,1.0,0.0,0.5,none,True,True
9458,1.0,0.0,0.5,none,True,True
9459,1.0,0.0,0.5,none,True,True
9460,1.0,0.0,0.5,none,True,True
9461,1.0,0.0,0.5,none,True,True
9462,1.0,0.0,0.5,none,True,True
9463,1.0,0.0,0.5,none,True,True
9464,1.0,0.0,0.5,none,True,True
9465,1.0,0.0,0.5,none,True,True
9466,1.0,0.0,0.5,none,True,True
9467,1.0,0.0,0.5,none,True,True
9468,1.0,0.0,0.5,none,True,True
9469,1.0,0.0,0.5,none,True,True
9470,1.0,0.0,0.5,none,True,True
9471,1.0,0.0,0.5,none,True,True
9472,1.0,0.0,0.5,none,True,True
9473,1.0,0.0,0.5,none,True,True
9474,1.0,0.0,0.5,none,True,True
9475,1.0,0.0,0.5,none,True,True
9476,1.0,0.0,0.5,none,True,True
9477,1.0,0.0,0.5,none,True,True
9478,1.0,0.0,0.5,none,True,True
9479,1.0,0.0,0.5,none,True,True
9480,1.0,0.0,0.5,none,True,True
9481,1.0,0.0,0.5,none,True,True
9482,1.0,0.0,0.5,none,True,True
9483,1.0,0.0,0.5,none,True,True
9484,1.0,0.0,0.5,none,True,True
9485,1.0,0.0,0.5,none,True,True
9486,1.0,0.0,0.5,none,True,True
9487,1.0,0.0,0.5,none,True,True
9488,1.0,0.0,0.5,none,True,True
9489,1.0,0.0,0.5,none,True,True
9490,1.0,0.0,0.5,none,True,True
9491,1.0,0.0,0.5,none,True,True
9492,1.0,0.0,0.5,none,True,True
9493,1.0,0.0,0.5,none,True,True
9494,1.0,0.0,0.5,none,True,True
9495,1.0,0.0,0.5,none,True,True
9496,1.0,0.0,0.5,none,True,True
9497,1.0,0.0,0.5,none,True,True
9498,1.0,0.0,0.5,none,True,True
9499,1.0,0.0,0.5,none,True,True
9500,1.0,0.0,0.5,none,True,True
9501,1.0,0.0,0.5,none,True,True
9502,1.0,0.0,0.5,none,True,True
9503,1.0,0.0,0.5,none,True,True
9504,1.0,0.0,0.5,none,True,True
9505,1.0,0.0,0.5,none,True,True
9506,1.0,0.0,0.5,none,True,True
9507,1.0,0.0,0.5,none,True,True
9508,1.0,0.0,0.5,none,True,True
9509,1.0,0.0,0.5,none,True,True
9510,1.0,0.0,0.5,none,True,True
9511,1.0,0.0,0.5,none,True,True
9512,1.0,0.0,0.5,none,True,True
9513,1.0,0.0,0.5,none,True,True
9514,1.0,0.0,0.5,none,True,True
9515,1.0,0.0,0.5,none,True,True
9516,1.0,0.0,0.5,none,True,True
9517,1.0,0.0,0.5,none,True,True
9518,1.0,0.0,0.5,none,True,True
9519,1.0,0.0,0.5,none,True,True
9520,1.0,0.0,0.5,none,True,True
9521,1.0,0.0,0.5,none,True,True
9522,1.0,0.0,0.5,none,True,True
9523,1.0,0.0,0.5,none,True,True
9524,1.0,0.0,0.5,none,True,True
9525,1.0,0.0,0.5,none,True,True
9526,1.0,0.0,0.5,none,True,True
9527,1.0,0.0,0.5,none,True,True
9528,1.0,0.0,0.5,none,True,True
9529,1.0,0.0,0.5,none,True,True
9530,1.0,0.0,0.5,none,True,True
9531,1.0,0.0,0.5,none,True,True
9532,1.0,0.0,0.5,none,True,True
9533,1.0,0.0,0.5,none,True,True
9534,1.0,0.0,0.5,none,True,True
9535,1.0,0.0,0.5,none,True,True
9536,1.0,0.0,0.5,none,True,True
9537,1.0,0.0,0.5,none,True,True
9538,1.0,0.0,0.5,none,True,True
9539,1.0,0.0,0.5,none,True,True
9540,1.0,0.0,0.5,none,True,True
9541,1.0,0.0,0.5,none,True,True
9542,1.0,0.0,0.5,none,True,True
9543,1.0,0.0,0.5,none,True,True
9544,1.0,0.0,0.5,none,True,True
9545,1.0,0.0,0.5,none,True,True
9546,1.0,0.0,0.5,none,True,True
9547,1.0,0.0,0.5,none,True,True
9548,1.0,0.0,0.5,none,True,True
9549,1.0,0.0,0.5,none,True,True
9550,1.0,0.0,0.5,none,True,True
9551,1.0,0.0,0.5,none,True,True
9552,1.0,0.0,0.5,none,True,True
9553,1.0,0.0,0.5,none,True,True
9554,1.0,0.0,0.5,none,True,True
9555,1.0,0.0,0.5,none,True,True
9556,1.0,0.0,0.5,none,True,True
9557,1.0,0.0,0.5,none,True,True
9558,1.0,0.0,0.5,none,True,True
9559,1.0,0.0,0.5,none,True,True
9560,1.0,0.0,0.5,none,True,True
9561,1.0,0.0,0.5,none,True,True
9562,1.0,0.0,0.5,none,True,True
9563,1.0,0.0,0.5,none,True,True
9564,1.0,0.0,0.5,none,True,True
9565,1.0,0.0,0.5,none,True,True
9566,1.0,0.0,0.5,none,True,True
9567,1.0,0.0,0.5,none,True,True
9568,1.0,0.0,0.5,none,True,True
9569,1.0,0.0,0.5,none,True,True
9570,1.0,0.0,0.5,none,True,True
9571,1.0,0.0,0.5,none,True,True
9572,1.0,0.0,0.5,none,True,True
9573,1.0,0.0,0.5,none,True,True
9574,1.0,0.0,0.5,none,True,True
9575,1.0,0.0,0.5,none,True,True
9576,1.0,0.0,0.5,none,True,True
9577,1.0,0.0,0.5,none,True,True
9578,1.0,0.0,0.5,none,True,True
9579,1.0,0.0,0.5,none,True,True
9580,1.0,0.0,0.5,none,True,True
9581,1.0,0.0,0.5,none,True,True
9582,1.0,0.0,0.5,none,True,True
9583,1.0,0.0,0.5,none,True,True
9584,1.0,0.0,0.5,none,True,True
9585,1.0,0.0,0.5,none,True,True
9586,1.0,0.0,0.5,none,True,True
9587,1.0,0.0,0.5,none,True,True
9588,1.0,0.0,0.5,none,True,True
9589,1.0,0.0,0.5,none,True,True
9590,1.0,0.0,0.5,none,True,True
9591,1.0,0.0,0.5,none,True,True
9592,1.0,0.0,0.5,none,True,True
9593,1.0,0.0,0.5,none,True,True
9594,1.0,0.0,0.5,none,True,True
9595,1.0,0.0,0.5,none,True,True
9596,1.0,0.0,0.5,none,True,True
9597,1.0,0.0,0.5,none,True,True
9598,1.0,0.0,0.5,none,True,True
9599,1.0,0.0,0.5,none,True,True
9600,1.0,0.0,0.5,none,True,True
9601,1.0,0.0,0.5,none,True,True
9602,1.0,0.0,0.5,none,True,True
9603,1.0,0.0,0.5,none,True,True
9604,1.0,0.0,0.5,none,True,True
9605,1.0,0.0,0.5,none,True,True
9606,1.0,0.0,0.5,none,True,True
9607,1.0,0.0,0.5,none,True,True
9608,1.0,0.0,0.5,none,True,True
9609,1.0,0.0,0.5,none,True,True
9610,1.0,0.0,0.5,none,True,True
9611,1.0,0.0,0.5,none,True,True
9612,1.0,0.0,0.5,none,True,True
9613,1.0,0.0,0.5,none,True,True
9614,1.0,0.0,0.5,none,True,True
9615,1.0,0.0,0.5,none,True,True
9616,1.0,0.0,0.5,none,True,True
9617,1.0,0.0,0.5,none,True,True
9618,1.0,0.0,0.5,none,True,True
9619,1.0,0.0,0.5,none,True,True
9620,1.0,0.0,0.5,none,True,True
9621,1.0,0.0,0.5,none,True,True
9622,1.0,0.0,0.5,none,True,True
9623,1.0,0.0,0.5,none,True,True
9624,1.0,0.0,0.5,none,True,True
9625,1.0,0.0,0.5,none,True,True
9626,1.0,0.0,0.5,none,True,True
9627,1.0,0.0,0.5,none,True,True
9628,1.0,0.0,0.5,none,True,True
9629,1.0,0.0,0.5,none,True,True
9630,1.0,0.0,0.5,none,True,True
9631,1.0,0.0,0.5,none,True,True
9632,1.0,0.0,0.5,none,True,True
9633,1.0,0.0,0.5,none,True,True
9634,1.0,0.0,0.5,none,True,True
9635,1.0,0.0,0.5,none,True,True
9636,1.0,0.0,0.5,none,True,True
9637,1.0,0.0,0.5,none,True,True
9638,1.0,0.0,0.5,none,True,True
9639,1.0,0.0,0.5,none,True,True
9640,1.0,0.0,0.5,none,True,True
9641,1.0,0.0,0.5,none,True,True
9642,1.0,0.0,0.5,none,True,True
9643,1.0,0.0,0.5,none,True,True
9644,1.0,0.0,0.5,none,True,True
9645,1.0,0.0,0.5,none,True,True
9646,1.0,0.0,0.5,none,True,True
9647,1.0,0.0,0.5,none,True,True
9648,1.0,0.0,0.5,none,True,True
9649,1.0,0.0,0.5,none,True,True
9650,1.0,0.0,0.5,none,True,True
9651,1.0,0.0,0.5,none,True,True
9652,1.0,0.0,0.5,none,True,True
9653,1.0,0.0,0.5,none,True,True
9654,1.0,0.0,0.5,none,True,True
9655,1.0,0.0,0.5,none,True,True
9656,1.0,0.0,0.5,none,True,True
9657,1.0,0.0,0.5,none,True,True
9658,1.0,0.0,0.5,none,True,True
9659,1.0,0.0,0.5,none,True,True
9660,1.0,0.0,0.5,none,True,True
9661,1.0,0.0,0.5,none,True,True
9662,1.0,0.0,0.5,none,True,True
9663,1.0,0.0,0.5,none,True,True
9664,1.0,0.0,0.5,none,True,True
9665,1.0,0.0,0.5,none,True,True
9666,1.0,0.0,0.5,none,True,True
9667,1.0,0.0,0.5,none,True,True
9668,1.0,0.0,0.5,none,True,True
9669,1.0,0.0,0.5,none,True,True
9670,1.0,0.0,0.5,none,True,True
9671,1.0,0.0,0.5,none,True,True
9672,1.0,0.0,0.5,none,True,True
9673,1.0,0.0,0.5,none,True,True
9674,1.0,0.0,0.5,none,True,True
9675,1.0,0.0,0.5,none,True,True
9676,1.0,0.0,0.5,none,True,True
9677,1.0,0.0,0.5,none,True,True
9678,1.0,0.0,0.5,none,True,True
9679,1.0,0.0,0.5,none,True,True
9680,1.0,0.0,0.5,none,True,True
9681,1.0,0.0,0.5,none,True,True
9682,1.0,0.0,0.5,none,True,True
9683,1.0,0.0,0.5,none,True,True
9684,1.0,0.0,0.5,none,True,True
9685,1.0,0.0,0.5,none,True,True
9686,1.0,0.0,0.5,none,True,True
9687,1.0,0.0,0.5,none,True,True
9688,1.0,0.0,0.5,none,True,True
9689,1.0,0.0,0.5,none,True,True
9690,1.0,0.0,0.5,none,True,True
9691,1.0,0.0,0.5,none,True,True
9692,1.0,0.0,0.5,none,True,True
9693,1.0,0.0,0.5,none,True,True
9694,1.0,0.0,0.5,none,True,True
9695,1.0,0.0,0.5,none,True,True
9696,1.0,0.0,0.5,none,True,True
9697,1.0,0.0,0.5,none,True,True
9698,1.0,0.0,0.5,none,True,True
9699,1.0,0.0,0.5,none,True,True
9700,1.0,0.0,0.5,none,True,True
9701,1.0,0.0,0.5,none,True,True
9702,1.0,0.0,0.5,none,True,True
9703,1.0,0.0,0.5,none,True,True
9704,1.0,0.0,0.5,none,True,True
9705,1.0,0.0,0.5,none,True,True
9706,1.0,0.0,0.5,none,True,True
9707,1.0,0.0,0.5,none,True,True
9708,1.0,0.0,0.5,none,True,True
9709,1.0,0.0,0.5,none,True,True
9710,1.0,0.0,0.5,none,True,True
9711,1.0,0.0,0.5,none,True,True
9712,1.0,0.0,0.5,none,True,True
9713,1.0,0.0,0.5,none,True,True
9714,1.0,0.0,0.5,none,True,True
9715,1.0,0.0,0.5,none,True,True
9716,1.0,0.0,0.5,none,True,True
9717,1.0,0.0,0.5,none,True,True
9718,1.0,0.0,0.5,none,True,True
9719,1.0,0.0,0.5,none,True,True
9720,1.0,0.0,0.5,none,True,True
9721,1.0,0.0,0.5,none,True,True
9722,1.0,0.0,0.5,none,True,True
9723,1.0,0.0,0.5,none,True,True
9724,1.0,0.0,0.5,none,True,True
9725,1.0,0.0,0.5,none,True,True
9726,1.0,0.0,0.5,none,True,True
9727,1.0,0.0,0.5,none,True,True
9728,1.0,0.0,0.5,none,True,True
9729,1.0,0.0,0.5,none,True,True
9730,1.0,0.0,0.5,none,True,True
9731,1.0,0.0,0.5,none,True,True
9732,1.0,0.0,0.5,none,True,True
9733,1.0,0.0,0.5,none,True,True
9734,1.0,0.0,0.5,none,True,True
9735,1.0,0.0,0.5,none,True,True
9736,1.0,0.0,0.5,none,True,True
9737,1.0,0.0,0.5,none,True,True
9738,1.0,0.0,0.5,none,True,True
9739,1.0,0.0,0.5,none,True,True
9740,1.0,0.0,0.5,none,True,True
9741,1.0,0.0,0.5,none,True,True
9742,1.0,0.0,0.5,none,True,True
9743,1.0,0.0,0.5,none,True,True
9744,1.0,0.0,0.5,none,True,True
9745,1.0,0.0,0.5,none,True,True
9746,1.0,0.0,0.5,none,True,True
9747,1.0,0.0,0.5,none,True,True
9748,1.0,0.0,0.5,none,True,True
9749,1.0,0.0,0.5,none,True,True
9750,1.0,0.0,0.5,none,True,True
9751,1.0,0.0,0.5,none,True,True
9752,1.0,0.0,0.5,none,True,True
9753,1.0,0.0,0.5,none,True,True
9754,1.0,0.0,0.5,none,True,True
9755,1.0,0.0,0.5,none,True,True
9756,1.0,0.0,0.5,none,True,True
9757,1.0,0.0,0.5,none,True,True
9758,1.0,0.0,0.5,none,True,True
9759,1.0,0.0,0.5,none,True,True
9760,1.0,0.0,0.5,none,True,True
9761,1.0,0.0,0.5,none,True,True
9762,1.0,0.0,0.5,none,True,True
9763,1.0,0.0,0.5,none,True,True
9764,1.0,0.0,0.5,none,True,True
9765,1.0,0.0,0.5,none,True,True
9766,1.0,0.0,0.5,none,True,True
9767,1.0,0.0,0.5,none,True,True
9768,1.0,0.0,0.5,none,True,True
9769,1.0,0.0,0.5,none,True,True
9770,1.0,0.0,0.5,none,True,True
9771,1.0,0.0,0.5,none,True,True
9772,1.0,0.0,0.5,none,True,True
9773,1.0,0.0,0.5,none,True,True
9774,1.0,0.0,0.5,none,True,True
9775,1.0,0.0,0.5,none,True,True
9776,1.0,0.0,0.5,none,True,True
9777,1.0,0.0,0.5,none,True,True
9778,1.0,0.0,0.5,none,True,True
9779,1.0,0.0,0.5,none,True,True
9780,1.0,0.0,0.5,none,True,True
9781,1.0,0.0,0.5,none,True,True
9782,1.0,0.0,0.5,none,True,True
9783,1.0,0.0,0.5,none,True,True
9784,1.0,0.0,0.5,none,True,True
9785,1.0,0.0,0.5,none,True,True
9786,1.0,0.0,0.5,none,True,True
9787,1.0,0.0,0.5,none,True,True
9788,1.0,0.0,0.5,none,True,True
9789,1.0,0.0,0.5,none,True,True
9790,1.0,0.0,0.5,none,True,True
9791,1.0,0.0,0.5,none,True,True
9792,1.0,0.0,0.5,none,True,True
9793,1.0,0.0,0.5,none,True,True
9794,1.0,0.0,0.5,none,True,True
9795,1.0,0.0,0.5,none,True,True
9796,1.0,0.0,0.5,none,True,True
9797,1.0,0.0,0.5,none,True,True
9798,1.0,0.0,0.5,none,True,True
9799,1.0,0.0,0.5,none,True,True
9800,1.0,0.0061,0.5,none,True,True
9801,1.0,0.0357,0.5,none,True,True
9802,1.0,0.0812,0.5,none,True,True
9803,1.0,0.1113,0.5,none,True,True
9804,1.0,0.1253,0.5,none,True,True
9805,1.0,0.1408,0.5,none,True,True
9806,1.0,0.0907,0.5,none,True,True
9807,1.0,0.1198,0.5,none,True,True
9808,1.0,0.0467,0.5,none,True,True
9809,1.0,0.0522,0.5,none,True,True
9810,1.0,0.0405,0.5,none,True,True
9811,1.0,0.0313,0.5,none,True,True
9812,1.0,0.0083,0.5,none,True,True
9813,1.0,0.0726,0.5,none,True,True
9814,1.0,0.0793,0.5,none,True,True
9815,1.0,0.0581,0.5,none,True,True
9816,1.0,0.0955,0.5,none,True,True
9817,1.0,0.0839,0.5,none,True,True
9818,1.0,0.0648,0.5,none,True,True
9819,1.0,0.0718,0.5,none,True,True
9820,1.0,0.0589,0.5,none,True,True
9821,1.0,0.0403,0.5,none,True,True
9822,1.0,0.0327,0.5,none,True,True
9823,1.0,0.0277,0.5,none,True,True
9824,1.0,0.017,0.5,none,True,True
9825,1.0,0.0102,0.5,none,True,True
9826,1.0,0.0099,0.5,none,True,True
9827,1.0,0.008,0.5,none,True,True
9828,1.0,0.005,0.5,none,True,True
9829,1.0,0.0063,0.5,none,True,True
9830,1.0,0.009,0.5,none,True,True
9831,1.0,0.0096,0.5,none,True,True
9832,1.0,0.0108,0.5,none,True,True
9833,1.0,0.014,0.5,none,True,True
9834,1.0,0.0161,0.5,none,True,True
9835,1.0,0.0167,0.5,none,True,True
9836,1.0,0.0182,0.5,none,True,True
9837,1.0,0.0196,0.5,none,True,True
9838,1.0,0.0197,0.5,none,True,True
9839,1.0,0.0193,0.5,none,True,True
9840,1.0,0.0193,0.5,none,True,True
9841,1.0,0.0187,0.5,none,True,True
9842,1.0,0.0174,0.5,none,True,True
9843,1.0,0.0163,0.5,none,True,True
9844,1.0,0.0152,0.5,none,True,True
9845,1.0,0.0138,0.5,none,True,True
9846,1.0,0.0123,0.5,none,True,True
9847,1.0,0.0111,0.5,none,True,True
9848,1.0,0.01,0.5,none,True,True
9849,1.0,0.0088,0.5,none,True,True
9850,1.0,0.0078,0.5,none,True,True
9851,1.0,0.0071,0.5,none,True,True
9852,1.0,0.0064,0.5,none,True,True
9853,1.0,0.0057,0.5,none,True,True
9854,1.0,0.0053,0.5,none,True,True
9855,1.0,0.005,0.5,none,True,True
9856,1.0,0.0047,0.5,none,True,True
9857,1.0,0.0045,0.5,none,True,True
9858,1.0,0.0044,0.5,none,True,True
9859,1.0,0.0043,0.5,none,True,True
9860,1.0,0.0042,0.5,none,True,True
9861,1.0,0.0041,0.5,none,True,True
9862,1.0,0.004,0.5,none,True,True
9863,1.0,0.0039,0.5,none,True,True
9864,1.0,0.0038,0.5,none,True,True
9865,1.0,0.0037,0.5,none,True,True
9866,1.0,0.0035,0.5,none,True,True
9867,1.0,0.0033,0.5,none,True,True
9868,1.0,0.0032,0.5,none,True,True
9869,1.0,0.003,0.5,none,True,True
9870,1.0,0.0028,0.5,none,True,True
9871,1.0,0.0026,0.5,none,True,True
9872,1.0,0.0024,0.5,none,True,True
9873,1.0,0.0023,0.5,none,True,True
9874,1.0,0.0021,0.5,none,True,True
9875,1.0,0.0019,0.5,none,True,True
9876,1.0,0.0018,0.5,none,True,True
9877,1.0,0.0017,0.5,none,True,True
9878,1.0,0.0015,0.5,none,True,True
9879,1.0,0.0014,0.5,none,True,True
9880,1.0,0.0013,0.5,none,True,True
9881,1.0,0.0013,0.5,none,True,True
9882,1.0,0.0012,0.5,none,True,True
9883,1.0,0.0011,0.5,none,True,True
9884,1.0,0.0011,0.5,none,True,True
9885,1.0,0.001,0.5,none,True,True
9886,1.0,0.001,0.5,none,True,True
9887,1.0,0.0009,0.5,none,True,True
9888,1.0,0.0009,0.5,none,True,True
9889,1.0,0.0008,0.5,none,True,True
9890,1.0,0.0008,0.5,none,True,True
9891,1.0,0.0008,0.5,none,True,True
9892,1.0,0.0007,0.5,none,True,True
9893,1.0,0.0007,0.5,none,True,True
9894,1.0,0.0006,0.5,none,True,True
9895,1.0,0.0006,0.5,none,True,True
9896,1.0,0.0006,0.5,none,True,True
9897,1.0,0.0005,0.5,none,True,True
9898,1.0,0.0005,0.5,none,True,True
9899,1.0,0.0005,0.5,none,True,True
9900,1.0,0.0004,0.5,none,True,True
9901,1.0,0.0004,0.5,none,True,True
9902,1.0,0.0004,0.5,none,True,True
9903,1.0,0.0004,0.5,none,True,True
9904,1.0,0.0003,0.5,none,True,True
9905,1.0,0.0003,0.5,none,True,True
9906,1.0,0.0003,0.5,none,True,True
9907,1.0,0.0003,0.5,none,True,True
9908,1.0,0.0003,0.5,none,True,True
9909,1.0,0.0003,0.5,none,True,True
9910,1.0,0.0002,0.5,none,True,True
9911,1.0,0.0002,0.5,none,True,True
9912,1.0,0.0002,0.5,none,True,True
9913,1.0,0.0002,0.5,none,True,True
9914,1.0,0.0002,0.5,none,True,True
9915,1.0,0.0002,0.5,none,True,True
9916,1.0,0.0002,0.5,none,True,True
9917,1.0,0.0002,0.5,none,True,True
9918,1.0,0.0002,0.5,none,True,True
9919,1.0,0.0001,0.5,none,True,True
9920,1.0,0.0001,0.5,none,True,True
9921,1.0,0.0001,0.5,none,True,True
9922,1.0,0.0001,0.5,none,True,True
9923,1.0,0.0001,0.5,none,True,True
9924,1.0,0.0001,0.5,none,True,True
9925,1.0,0.0001,0.5,none,True,True
9926,1.0,0.0001,0.5,none,True,True
9927,1.0,0.0001,0.5,none,True,True
9928,1.0,0.0001,0.5,none,True,True
9929,1.0,0.0001,0.5,none,True,True
9930,1.0,0.0001,0.5,none,True,True
9931,1.0,0.0001,0.5,none,True,True
9932,1.0,0.0001,0.5,none,True,True
9933,1.0,0.0001,0.5,none,True,True
9934,1.0,0.0001,0.5,none,True,True
9935,1.0,0.0001,0.5,none,True,True
9936,1.0,0.0001,0.5,none,True,True
9937,1.0,0.0,0.5,none,True,True
9938,1.0,0.0,0.5,none,True,True
9939,1.0,0.0,0.5,none,True,True
9940,1.0,0.0,0.5,none,True,True
9941,1.0,0.0,0.5,none,True,True
9942,1.0,0.0,0.5,none,True,True
9943,1.0,0.0,0.5,none,True,True
9944,1.0,0.0,0.5,none,True,True
9945,1.0,0.0,0.5,none,True,True
9946,1.0,0.0,0.5,none,True,True
9947,1.0,0.0,0.5,none,True,True
9948,1.0,0.0,0.5,none,True,True
9949,1.0,0.0,0.5,none,True,True
9950,1.0,0.0,0.5,none,True,True
9951,1.0,0.0,0.5,none,True,True
9952,1.0,0.0,0.5,none,True,True
9953,1.0,0.0,0.5,none,True,True
9954,1.0,0.0,0.5,none,True,True
9955,1.0,0.0,0.5,none,True,True
9956,1.0,0.0,0.5,none,True,True
9957,1.0,0.0,0.5,none,True,True
9958,1.0,0.0,0.5,none,True,True
9959,1.0,0.0,0.5,none,True,True
9960,1.0,0.0,0.5,none,True,True
9961,1.0,0.0,0.5,none,True,True
9962,1.0,0.0,0.5,none,True,True
9963,1.0,0.0,0.5,none,True,True
9964,1.0,0.0,0.5,none,True,True
9965,1.0,0.0,0.5,none,True,True
9966,1.0,0.0,0.5,none,True,True
9967,1.0,0.0,0.5,none,True,True
9968,1.0,0.0,0.5,none,True,True
9969,1.0,0.0,0.5,none,True,True
9970,1.0,0.0,0.5,none,True,True
9971,1.0,0.0,0.5,none,True,True
9972,1.0,0.0,0.5,none,True,True
9973,1.0,0.0,0.5,none,True,True
9974,1.0,0.0,0.5,none,True,True
9975,1.0,0.0,0.5,none,True,True
9976,1.0,0.0,0.5,none,True,True
9977,1.0,0.0,0.5,none,True,True
9978,1.0,0.0,0.5,none,True,True
9979,1.0,0.0,0.5,none,True,True
9980,1.0,0.0,0.5,none,True,True
9981,1.0,0.0,0.5,none,True,True
9982,1.0,0.0,0.5,none,True,True
9983,1.0,0.0,0.5,none,True,True
9984,1.0,0.0,0.5,none,True,True
9985,1.0,0.0,0.5,none,True,True
9986,1.0,0.0,0.5,none,True,True
9987,1.0,0.0,0.5,none,True,True
9988,1.0,0.0,0.5,none,True,True
9989,1.0,0.0,0.5,none,True,True
9990,1.0,0.0,0.5,none,True,True
9991,1.0,0.0,0.5,none,True,True
9992,1.0,0.0,0.5,none,True,True
9993,1.0,0.0,0.5,none,True,True
9994,1.0,0.0,0.5,none,True,True
9995,1.0,0.0,0.5,none,True,True
9996,1.0,0.0,0.5,none,True,True
9997,1.0,0.0,0.5,none,True,True
9998,1.0,0.0,0.5,none,True,True
9999,1.0,0.0,0.5,none,True,True
10000,1.0,0.0,0.5,none,True,True
10001,1.0,0.0,0.5,none,True,True
10002,1.0,0.0,0.5,none,True,True
10003,1.0,0.0,0.5,none,True,True
10004,1.0,0.0,0.5,none,True,True
10005,1.0,0.0,0.5,none,True,True
10006,1.0,0.0,0.5,none,True,True
10007,1.0,0.0,0.5,none,True,True
10008,1.0,0.0,0.5,none,True,True
10009,1.0,0.0,0.5,none,True,True
10010,1.0,0.0,0.5,none,True,True
10011,1.0,0.0,0.5,none,True,True
10012,1.0,0.0,0.5,none,True,True
10013,1.0,0.0,0.5,none,True,True
10014,1.0,0.0,0.5,none,True,True
10015,1.0,0.0,0.5,none,True,True
10016,1.0,0.0,0.5,none,True,True
10017,1.0,0.0,0.5,none,True,True
10018,1.0,0.0,0.5,none,True,True
10019,1.0,0.0,0.5,none,True,True
10020,1.0,0.0,0.5,none,True,True
10021,1.0,0.0,0.5,none,True,True
10022,1.0,0.0,0.5,none,True,True
10023,1.0,0.0,0.5,none,True,True
10024,1.0,0.0,0.5,none,True,True
10025,1.0,0.0,0.5,none,True,True
10026,1.0,0.0,0.5,none,True,True
10027,1.0,0.0,0.5,none,True,True
10028,1.0,0.0,0.5,none,True,True
10029,1.0,0.0,0.5,none,True,True
10030,1.0,0.0,0.5,none,True,True
10031,1.0,0.0,0.5,none,True,True
10032,1.0,0.0,0.5,none,True,True
10033,1.0,0.0,0.5,none,True,True
10034,1.0,0.0,0.5,none,True,True
10035,1.0,0.0,0.5,none,True,True
10036,1.0,0.0,0.5,none,True,True
10037,1.0,0.0,0.5,none,True,True
10038,1.0,0.0,0.5,none,True,True
10039,1.0,0.0,0.5,none,True,True
10040,1.0,0.0,0.5,none,True,True
10041,1.0,0.0,0.5,none,True,True
10042,1.0,0.0,0.5,none,True,True
10043,1.0,0.0,0.5,none,True,True
10044,1.0,0.0,0.5,none,True,True
10045,1.0,0.0,0.5,none,True,True
10046,1.0,0.0,0.5,none,True,True
10047,1.0,0.0,0.5,none,True,True
10048,1.0,0.0,0.5,none,True,True
10049,1.0,0.0,0.5,none,True,True
10050,1.0,0.0,0.5,none,True,True
10051,1.0,0.0,0.5,none,True,True
10052,1.0,0.0,0.5,none,True,True
10053,1.0,0.0,0.5,none,True,True
10054,1.0,0.0,0.5,none,True,True
10055,1.0,0.0,0.5,none,True,True
10056,1.0,0.0,0.5,none,True,True
10057,1.0,0.0,0.5,none,True,True
10058,1.0,0.0,0.5,none,True,True
10059,1.0,0.0,0.5,none,True,True
10060,1.0,0.0,0.5,none,True,True
10061,1.0,0.0,0.5,none,True,True
10062,1.0,0.0,0.5,none,True,True
10063,1.0,0.0,0.5,none,True,True
10064,1.0,0.0,0.5,none,True,True
10065,1.0,0.0,0.5,none,True,True
10066,1.0,0.0,0.5,none,True,True
10067,1.0,0.0,0.5,none,True,True
10068,1.0,0.0,0.5,none,True,True
10069,1.0,0.0,0.5,none,True,True
10070,1.0,0.0,0.5,none,True,True
10071,1.0,0.0,0.5,none,True,True
10072,1.0,0.0,0.5,none,True,True
10073,1.0,0.0,0.5,none,True,True
10074,1.0,0.0,0.5,none,True,True
10075,1.0,0.0,0.5,none,True,True
10076,1.0,0.0,0.5,none,True,True
10077,1.0,0.0,0.5,none,True,True
10078,1.0,0.0,0.5,none,True,True
10079,1.0,0.0,0.5,none,True,True
10080,1.0,0.0,0.5,none,True,True
10081,1.0,0.0,0.5,none,True,True
10082,1.0,0.0,0.5,none,True,True
10083,1.0,0.0,0.5,none,True,True
10084,1.0,0.0,0.5,none,True,True
10085,1.0,0.0,0.5,none,True,True
10086,1.0,0.0,0.5,none,True,True
10087,1.0,0.0,0.5,none,True,True
10088,1.0,0.0,0.5,none,True,True
10089,1.0,0.0,0.5,none,True,True
10090,1.0,0.0,0.5,none,True,True
10091,1.0,0.0,0.5,none,True,True
10092,1.0,0.0,0.5,none,True,True
10093,1.0,0.0,0.5,none,True,True
10094,1.0,0.0,0.5,none,True,True
10095,1.0,0.0,0.5,none,True,True
10096,1.0,0.0,0.5,none,True,True
10097,1.0,0.0,0.5,none,True,True
10098,1.0,0.0,0.5,none,True,True
10099,1.0,0.0,0.5,none,True,True
10100,1.0,0.0,0.5,none,True,True
10101,1.0,0.0,0.5,none,True,True
10102,1.0,0.0,0.5,none,True,True
10103,1.0,0.0,0.5,none,True,True
10104,1.0,0.0,0.5,none,True,True
10105,1.0,0.0,0.5,none,True,True
10106,1.0,0.0,0.5,none,True,True
10107,1.0,0.0,0.5,none,True,True
10108,1.0,0.0,0.5,none,True,True
10109,1.0,0.0,0.5,none,True,True
10110,1.0,0.0,0.5,none,True,True
10111,1.0,0.0,0.5,none,True,True
10112,1.0,0.0,0.5,none,True,True
10113,1.0,0.0,0.5,none,True,True
10114,1.0,0.0,0.5,none,True,True
10115,1.0,0.0,0.5,none,True,True
10116,1.0,0.0,0.5,none,True,True
10117,1.0,0.0,0.5,none,True,True
10118,1.0,0.0,0.5,none,True,True
10119,1.0,0.0,0.5,none,True,True
10120,1.0,0.0,0.5,none,True,True
10121,1.0,0.0,0.5,none,True,True
10122,1.0,0.0,0.5,none,True,True
10123,1.0,0.0,0.5,none,True,True
10124,1.0,0.0,0.5,none,True,True
10125,1.0,0.0,0.5,none,True,True
10126,1.0,0.0,0.5,none,True,True
10127,1.0,0.0,0.5,none,True,True
10128,1.0,0.0,0.5,none,True,True
10129,1.0,0.0,0.5,none,True,True
10130,1.0,0.0,0.5,none,True,True
10131,1.0,0.0,0.5,none,True,True
10132,1.0,0.0,0.5,none,True,True
10133,1.0,0.0,0.5,none,True,True
10134,1.0,0.0,0.5,none,True,True
10135,1.0,0.0,0.5,none,True,True
10136,1.0,0.0,0.5,none,True,True
10137,1.0,0.0,0.5,none,True,True
10138,1.0,0.0,0.5,none,True,True
10139,1.0,0.0,0.5,none,True,True
10140,1.0,0.0,0.5,none,True,True
10141,1.0,0.0,0.5,none,True,True
10142,1.0,0.0,0.5,none,True,True
10143,1.0,0.0,0.5,none,True,True
10144,1.0,0.0,0.5,none,True,True
10145,1.0,0.0,0.5,none,True,True
10146,1.0,0.0,0.5,none,True,True
10147,1.0,0.0,0.5,none,True,True
10148,1.0,0.0,0.5,none,True,True
10149,1.0,0.0,0.5,none,True,True
10150,1.0,0.0,0.5,none,True,True
10151,1.0,0.0,0.5,none,True,True
10152,1.0,0.0,0.5,none,True,True
10153,1.0,0.0,0.5,none,True,True
10154,1.0,0.0,0.5,none,True,True
10155,1.0,0.0,0.5,none,True,True
10156,1.0,0.0,0.5,none,True,True
10157,1.0,0.0,0.5,none,True,True
10158,1.0,0.0,0.5,none,True,True
10159,1.0,0.0,0.5,none,True,True
10160,1.0,0.0,0.5,none,True,True
10161,1.0,0.0,0.5,none,True,True
10162,1.0,0.0,0.5,none,True,True
10163,1.0,0.0,0.5,none,True,True
10164,1.0,0.0,0.5,none,True,True
10165,1.0,0.0,0.5,none,True,True
10166,1.0,0.0,0.5,none,True,True
10167,1.0,0.0,0.5,none,True,True
10168,1.0,0.0,0.5,none,True,True
10169,1.0,0.0,0.5,none,True,True
10170,1.0,0.0,0.5,none,True,True
10171,1.0,0.0,0.5,none,True,True
10172,1.0,0.0,0.5,none,True,True
10173,1.0,0.0,0.5,none,True,True
10174,1.0,0.0,0.5,none,True,True
10175,1.0,0.0,0.5,none,True,True
10176,1.0,0.0,0.5,none,True,True
10177,1.0,0.0,0.5,none,True,True
10178,1.0,0.0,0.5,none,True,True
10179,1.0,0.0,0.5,none,True,True
10180,1.0,0.0,0.5,none,True,True
10181,1.0,0.0,0.5,none,True,True
10182,1.0,0.0,0.5,none,True,True
10183,1.0,0.0,0.5,none,True,True
10184,1.0,0.0,0.5,none,True,True
10185,1.0,0.0,0.5,none,True,True
10186,1.0,0.0,0.5,none,True,True
10187,1.0,0.0,0.5,none,True,True
10188,1.0,0.0,0.5,none,True,True
10189,1.0,0.0,0.5,none,True,True
10190,1.0,0.0,0.5,none,True,True
10191,1.0,0.0,0.5,none,True,True
10192,1.0,0.0,0.5,none,True,True
10193,1.0,0.0,0.5,none,True,True
10194,1.0,0.0,0.5,none,True,True
10195,1.0,0.0,0.5,none,True,True
10196,1.0,0.0,0.5,none,True,True
10197,1.0,0.0,0.5,none,True,True
10198,1.0,0.0,0.5,none,True,True
10199,1.0,0.0,0.5,none,True,True
10200,1.0,0.0,0.5,none,True,True
10201,1.0,0.0,0.5,none,True,True
10202,1.0,0.0,0.5,none,True,True
10203,1.0,0.0,0.5,none,True,True
10204,1.0,0.0,0.5,none,True,True
10205,1.0,0.0,0.5,none,True,True
10206,1.0,0.0,0.5,none,True,True
10207,1.0,0.0,0.5,none,True,True
10208,1.0,0.0,0.5,none,True,True
10209,1.0,0.0,0.5,none,True,True
10210,1.0,0.0,0.5,none,True,True
10211,1.0,0.0,0.5,none,True,True
10212,1.0,0.0,0.5,none,True,True
10213,1.0,0.0,0.5,none,True,True
10214,1.0,0.0,0.5,none,True,True
10215,1.0,0.0,0.5,none,True,True
10216,1.0,0.0,0.5,none,True,True
10217,1.0,0.0,0.5,none,True,True
10218,1.0,0.0,0.5,none,True,True
10219,1.0,0.0,0.5,none,True,True
10220,1.0,0.0,0.5,none,True,True
10221,1.0,0.0,0.5,none,True,True
10222,1.0,0.0,0.5,none,True,True
10223,1.0,0.0,0.5,none,True,True
10224,1.0,0.0,0.5,none,True,True
10225,1.0,0.0,0.5,none,True,True
10226,1.0,0.0,0.5,none,True,True
10227,1.0,0.0,0.5,none,True,True
10228,1.0,0.0,0.5,none,True,True
10229,1.0,0.0,0.5,none,True,True
10230,1.0,0.0,0.5,none,True,True
10231,1.0,0.0,0.5,none,True,True
10232,1.0,0.0,0.5,none,True,True
10233,1.0,0.0,0.5,none,True,True
10234,1.0,0.0,0.5,none,True,True
10235,1.0,0.0,0.5,none,True,True
10236,1.0,0.0,0.5,none,True,True
10237,1.0,0.0,0.5,none,True,True
10238,1.0,0.0,0.5,none,True,True
10239,1.0,0.0,0.5,none,True,True
10240,1.0,0.0,0.5,none,True,True
10241,1.0,0.0,0.5,none,True,True
10242,1.0,0.0,0.5,none,True,True
10243,1.0,0.0,0.5,none,True,True
10244,1.0,0.0,0.5,none,True,True
10245,1.0,0.0,0.5,none,True,True
10246,1.0,0.0,0.5,none,True,True
10247,1.0,0.0,0.5,none,True,True
10248,1.0,0.0,0.5,none,True,True
10249,1.0,0.0,0.5,none,True,True
10250,1.0,0.0,0.5,none,True,True
10251,1.0,0.0,0.5,none,True,True
10252,1.0,0.0,0.5,none,True,True
10253,1.0,0.0,0.5,none,True,True
10254,1.0,0.0,0.5,none,True,True
10255,1.0,0.0,0.5,none,True,True
10256,1.0,0.0,0.5,none,True,True
10257,1.0,0.0,0.5,none,True,True
10258,1.0,0.0,0.5,none,True,True
10259,1.0,0.0,0.5,none,True,True
10260,1.0,0.0,0.5,none,True,True
10261,1.0,0.0,0.5,none,True,True
10262,1.0,0.0,0.5,none,True,True
10263,1.0,0.0,0.5,none,True,True
10264,1.0,0.0,0.5,none,True,True
10265,1.0,0.0,0.5,none,True,True
10266,1.0,0.0,0.5,none,True,True
10267,1.0,0.0,0.5,none,True,True
10268,1.0,0.0,0.5,none,True,True
10269,1.0,0.0,0.5,none,True,True
10270,1.0,0.0,0.5,none,True,True
10271,1.0,0.0,0.5,none,True,True
10272,1.0,0.0,0.5,none,True,True
10273,1.0,0.0,0.5,none,True,True
10274,1.0,0.0,0.5,none,True,True
10275,1.0,0.0,0.5,none,True,True
10276,1.0,0.0,0.5,none,True,True
10277,1.0,0.0,0.5,none,True,True
10278,1.0,0.0,0.5,none,True,True
10279,1.0,0.0,0.5,none,True,True
10280,1.0,0.0,0.5,none,True,True
10281,1.0,0.0,0.5,none,True,True
10282,1.0,0.0,0.5,none,True,True
10283,1.0,0.0,0.5,none,True,True
10284,1.0,0.0,0.5,none,True,True
10285,1.0,0.0,0.5,none,True,True
10286,1.0,0.0,0.5,none,True,True
10287,1.0,0.0,0.5,none,True,True
10288,1.0,0.0,0.5,none,True,True
10289,1.0,0.0,0.5,none,True,True
10290,1.0,0.0,0.5,none,True,True
10291,1.0,0.0,0.5,none,True,True
10292,1.0,0.0,0.5,none,True,True
10293,1.0,0.0,0.5,none,True,True
10294,1.0,0.0,0.5,none,True,True
10295,1.0,0.0,0.5,none,True,True
10296,1.0,0.0,0.5,none,True,True
10297,1.0,0.0,0.5,none,True,True
10298,1.0,0.0,0.5,none,True,True
10299,1.0,0.0,0.5,none,True,True
10300,1.0,0.0,0.5,none,True,True
10301,1.0,0.0,0.5,none,True,True
10302,1.0,0.0,0.5,none,True,True
10303,1.0,0.0,0.5,none,True,True
10304,1.0,0.0,0.5,none,True,True
10305,1.0,0.0,0.5,none,True,True
10306,1.0,0.0,0.5,none,True,True
10307,1.0,0.0,0.5,none,True,True
10308,1.0,0.0,0.5,none,True,True
10309,1.0,0.0,0.5,none,True,True
10310,1.0,0.0,0.5,none,True,True
10311,1.0,0.0,0.5,none,True,True
10312,1.0,0.0,0.5,none,True,True
10313,1.0,0.0,0.5,none,True,True
10314,1.0,0.0,0.5,none,True,True
10315,1.0,0.0,0.5,none,True,True
10316,1.0,0.0,0.5,none,True,True
10317,1.0,0.0,0.5,none,True,True
10318,1.0,0.0,0.5,none,True,True
10319,1.0,0.0,0.5,none,True,True
10320,1.0,0.0,0.5,none,True,True
10321,1.0,0.0,0.5,none,True,True
10322,1.0,0.0,0.5,none,True,True
10323,1.0,0.0,0.5,none,True,True
10324,1.0,0.0,0.5,none,True,True
10325,1.0,0.0,0.5,none,True,True
10326,1.0,0.0,0.5,none,True,True
10327,1.0,0.0,0.5,none,True,True
10328,1.0,0.0,0.5,none,True,True
10329,1.0,0.0,0.5,none,True,True
10330,1.0,0.0,0.5,none,True,True
10331,1.0,0.0,0.5,none,True,True
10332,1.0,0.0,0.5,none,True,True
10333,1.0,0.0,0.5,none,True,True
10334,1.0,0.0,0.5,none,True,True
10335,1.0,0.0,0.5,none,True,True
10336,1.0,0.0,0.5,none,True,True
10337,1.0,0.0,0.5,none,True,True
10338,1.0,0.0,0.5,none,True,True
10339,1.0,0.0,0.5,none,True,True
10340,1.0,0.0,0.5,none,True,True
10341,1.0,0.0,0.5,none,True,True
10342,1.0,0.0,0.5,none,True,True
10343,1.0,0.0,0.5,none,True,True
10344,1.0,0.0,0.5,none,True,True
10345,1.0,0.0,0.5,none,True,True
10346,1.0,0.0,0.5,none,True,True
10347,1.0,0.0,0.5,none,True,True
10348,1.0,0.0,0.5,none,True,True
10349,1.0,0.0,0.5,none,True,True
10350,1.0,0.0,0.5,none,True,True
10351,1.0,0.0,0.5,none,True,True
10352,1.0,0.0,0.5,none,True,True
10353,1.0,0.0,0.5,none,True,True
10354,1.0,0.0,0.5,none,True,True
10355,1.0,0.0,0.5,none,True,True
10356,1.0,0.0,0.5,none,True,True
10357,1.0,0.0,0.5,none,True,True
10358,1.0,0.0,0.5,none,True,True
10359,1.0,0.0,0.5,none,True,True
10360,1.0,0.0,0.5,none,True,True
10361,1.0,0.0,0.5,none,True,True
10362,1.0,0.0,0.5,none,True,True
10363,1.0,0.0,0.5,none,True,True
10364,1.0,0.0,0.5,none,True,True
10365,1.0,0.0,0.5,none,True,True
10366,1.0,0.0,0.5,none,True,True
10367,1.0,0.0,0.5,none,True,True
10368,1.0,0.0,0.5,none,True,True
10369,1.0,0.0,0.5,none,True,True
10370,1.0,0.0,0.5,none,True,True
10371,1.0,0.0,0.5,none,True,True
10372,1.0,0.0,0.5,none,True,True
10373,1.0,0.0,0.5,none,True,True
10374,1.0,0.0,0.5,none,True,True
10375,1.0,0.0,0.5,none,True,True
10376,1.0,0.0,0.5,none,True,True
10377,1.0,0.0,0.5,none,True,True
10378,1.0,0.0,0.5,none,True,True
10379,1.0,0.0,0.5,none,True,True
10380,1.0,0.0,0.5,none,True,True
10381,1.0,0.0,0.5,none,True,True
10382,1.0,0.0,0.5,none,True,True
10383,1.0,0.0,0.5,none,True,True
10384,1.0,0.0,0.5,none,True,True
10385,1.0,0.0,0.5,none,True,True
10386,1.0,0.0,0.5,none,True,True
10387,1.0,0.0,0.5,none,True,True
10388,1.0,0.0,0.5,none,True,True
10389,1.0,0.0,0.5,none,True,True
10390,1.0,0.0,0.5,none,True,True
10391,1.0,0.0,0.5,none,True,True
10392,1.0,0.0,0.5,none,True,True
10393,1.0,0.0,0.5,none,True,True
10394,1.0,0.0,0.5,none,True,True
10395,1.0,0.0,0.5,none,True,True
10396,1.0,0.0,0.5,none,True,True
10397,1.0,0.0,0.5,none,True,True
10398,1.0,0.0,0.5,none,True,True
10399,1.0,0.0,0.5,none,True,True
10400,1.0,0.0,0.5,none,True,True
10401,1.0,0.0,0.5,none,True,True
10402,1.0,0.0,0.5,none,True,True
10403,1.0,0.0,0.5,none,True,True
10404,1.0,0.0,0.5,none,True,True
10405,1.0,0.0,0.5,none,True,True
10406,1.0,0.0,0.5,none,True,True
10407,1.0,0.0,0.5,none,True,True
10408,1.0,0.0,0.5,none,True,True
10409,1.0,0.0,0.5,none,True,True
10410,1.0,0.0,0.5,none,True,True
10411,1.0,0.0,0.5,none,True,True
10412,1.0,0.0,0.5,none,True,True
10413,1.0,0.0,0.5,none,True,True
10414,1.0,0.0,0.5,none,True,True
10415,1.0,0.0,0.5,none,True,True
10416,1.0,0.0,0.5,none,True,True
10417,1.0,0.0,0.5,none,True,True
10418,1.0,0.0,0.5,none,True,True
10419,1.0,0.0,0.5,none,True,True
10420,1.0,0.0,0.5,none,True,True
10421,1.0,0.0,0.5,none,True,True
10422,1.0,0.0,0.5,none,True,True
10423,1.0,0.0,0.5,none,True,True
10424,1.0,0.0,0.5,none,True,True
10425,1.0,0.0,0.5,none,True,True
10426,1.0,0.0,0.5,none,True,True
10427,1.0,0.0,0.5,none,True,True
10428,1.0,0.0,0.5,none,True,True
10429,1.0,0.0,0.5,none,True,True
10430,1.0,0.0,0.5,none,True,True
10431,1.0,0.0,0.5,none,True,True
10432,1.0,0.0,0.5,none,True,True
10433,1.0,0.0,0.5,none,True,True
10434,1.0,0.0,0.5,none,True,True
10435,1.0,0.0,0.5,none,True,True
10436,1.0,0.0,0.5,none,True,True
10437,1.0,0.0,0.5,none,True,True
10438,1.0,0.0,0.5,none,True,True
10439,1.0,0.0,0.5,none,True,True
10440,1.0,0.0,0.5,none,True,True
10441,1.0,0.0,0.5,none,True,True
10442,1.0,0.0,0.5,none,True,True
10443,1.0,0.0,0.5,none,True,True
10444,1.0,0.0,0.5,none,True,True
10445,1.0,0.0,0.5,none,True,True
10446,1.0,0.0,0.5,none,True,True
10447,1.0,0.0,0.5,none,True,True
10448,1.0,0.0,0.5,none,True,True
10449,1.0,0.0,0.5,none,True,True
10450,1.0,0.0,0.5,none,True,True
10451,1.0,0.0,0.5,none,True,True
10452,1.0,0.0,0.5,none,True,True
10453,1.0,0.0,0.5,none,True,True
10454,1.0,0.0,0.5,none,True,True
10455,1.0,0.0,0.5,none,True,True
10456,1.0,0.0,0.5,none,True,True
10457,1.0,0.0,0.5,none,True,True
10458,1.0,0.0,0.5,none,True,True
10459,1.0,0.0,0.5,none,True,True
10460,1.0,0.0,0.5,none,True,True
10461,1.0,0.0,0.5,none,True,True
10462,1.0,0.0,0.5,none,True,True
10463,1.0,0.0,0.5,none,True,True
10464,1.0,0.0,0.5,none,True,True
10465,1.0,0.0,0.5,none,True,True
10466,1.0,0.0,0.5,none,True,True
10467,1.0,0.0,0.5,none,True,True
10468,1.0,0.0,0.5,none,True,True
10469,1.0,0.0,0.5,none,True,True
10470,1.0,0.0,0.5,none,True,True
10471,1.0,0.0,0.5,none,True,True
10472,1.0,0.0,0.5,none,True,True
10473,1.0,0.0,0.5,none,True,True
10474,1.0,0.0,0.5,none,True,True
10475,1.0,0.0,0.5,none,True,True
10476,1.0,0.0,0.5,none,True,True
10477,1.0,0.0,0.5,none,True,True
10478,1.0,0.0,0.5,none,True,True
10479,1.0,0.0,0.5,none,True,True
10480,1.0,0.0,0.5,none,True,True
10481,1.0,0.0,0.5,none,True,True
10482,1.0,0.0,0.5,none,True,True
10483,1.0,0.0,0.5,none,True,True
10484,1.0,0.0,0.5,none,True,True
10485,1.0,0.0,0.5,none,True,True
10486,1.0,0.0,0.5,none,True,True
10487,1.0,0.0,0.5,none,True,True
10488,1.0,0.0,0.5,none,True,True
10489,1.0,0.0,0.5,none,True,True
10490,1.0,0.0,0.5,none,True,True
10491,1.0,0.0,0.5,none,True,True
10492,1.0,0.0,0.5,none,True,True
10493,1.0,0.0,0.5,none,True,True
10494,1.0,0.0,0.5,none,True,True
10495,1.0,0.0,0.5,none,True,True
10496,1.0,0.0,0.5,none,True,True
10497,1.0,0.0,0.5,none,True,True
10498,1.0,0.0,0.5,none,True,True
10499,1.0,0.0,0.5,none,True,True
10500,1.0,0.0061,0.5,none,True,True
10501,1.0,0.0357,0.5,none,True,True
10502,1.0,0.0812,0.5,none,True,True
10503,1.0,0.1113,0.5,none,True,True
10504,1.0,0.1253,0.5,none,True,True
10505,1.0,0.1408,0.5,none,True,True
10506,1.0,0.0907,0.5,none,True,True
10507,1.0,0.1198,0.5,none,True,True
10508,1.0,0.0467,0.5,none,True,True
10509,1.0,0.0522,0.5,none,True,True
10510,1.0,0.0405,0.5,none,True,True
10511,1.0,0.0313,0.5,none,True,True
10512,1.0,0.0083,0.5,none,True,True
10513,1.0,0.0726,0.5,none,True,True
10514,1.0,0.0793,0.5,none,True,True
10515,1.0,0.0581,0.5,none,True,True
10516,1.0,0.0955,0.5,none,True,True
10517,1.0,0.0839,0.5,none,True,True
10518,1.0,0.0648,0.5,none,True,True
10519,1.0,0.0718,0.5,none,True,True
10520,1.0,0.0589,0.5,none,True,True
10521,1.0,0.0403,0.5,none,True,True
10522,1.0,0.0327,0.5,none,True,True
10523,1.0,0.0277,0.5,none,True,True
10524,1.0,0.017,0.5,none,True,True
10525,1.0,0.0102,0.5,none,True,True
10526,1.0,0.0099,0.5,none,True,True
10527,1.0,0.008,0.5,none,True,True
10528,1.0,0.005,0.5,none,True,True
10529,1.0,0.0063,0.5,none,True,True
10530,1.0,0.009,0.5,none,True,True
10531,1.0,0.0096,0.5,none,True,True
10532,1.0,0.0108,0.5,none,True,True
10533,1.0,0.014,0.5,none,True,True
10534,1.0,0.0161,0.5,none,True,True
10535,1.0,0.0167,0.5,none,True,True
10536,1.0,0.0182,0.5,none,True,True
10537,1.0,0.0196,0.5,none,True,True
10538,1.0,0.0197,0.5,none,True,True
10539,1.0,0.0193,0.5,none,True,True
10540,1.0,0.0193,0.5,none,True,True
10541,1.0,0.0187,0.5,none,True,True
10542,1.0,0.0174,0.5,none,True,True
10543,1.0,0.0163,0.5,none,True,True
10544,1.0,0.0152,0.5,none,True,True
10545,1.0,0.0138,0.5,none,True,True
10546,1.0,0.0123,0.5,none,True,True
10547,1.0,0.0111,0.5,none,True,True
10548,1.0,0.01,0.5,none,True,True
10549,1.0,0.0088,0.5,none,True,True
10550,1.0,0.0078,0.5,none,True,True
10551,1.0,0.0071,0.5,none,True,True
10552,1.0,0.0064,0.5,none,True,True
10553,1.0,0.0057,0.5,none,True,True
10554,1.0,0.0053,0.5,none,True,True
10555,1.0,0.005,0.5,none,True,True
10556,1.0,0.0047,0.5,none,True,True
10557,1.0,0.0045,0.5,none,True,True
10558,1.0,0.0044,0.5,none,True,True
10559,1.0,0.0043,0.5,none,True,True
10560,1.0,0.0042,0.5,none,True,True
10561,1.0,0.0041,0.5,none,True,True
10562,1.0,0.004,0.5,none,True,True
10563,1.0,0.0039,0.5,none,True,True
10564,1.0,0.0038,0.5,none,True,True
10565,1.0,0.0037,0.5,none,True,True
10566,1.0,0.0035,0.5,none,True,True
10567,1.0,0.0033,0.5,none,True,True
10568,1.0,0.0032,0.5,none,True,True
10569,1.0,0.003,0.5,none,True,True
10570,1.0,0.0028,0.5,none,True,True
10571,1.0,0.0026,0.5,none,True,True
10572,1.0,0.0024,0.5,none,True,True
10573,1.0,0.0023,0.5,none,True,True
10574,1.0,0.0021,0.5,none,True,True
10575,1.0,0.0019,0.5,none,True,True
10576,1.0,0.0018,0.5,none,True,True
10577,1.0,0.0017,0.5,none,True,True
10578,1.0,0.0015,0.5,none,True,True
10579,1.0,0.0014,0.5,none,True,True
10580,1.0,0.0013,0.5,none,True,True
10581,1.0,0.0013,0.5,none,True,True
10582,1.0,0.0012,0.5,none,True,True
10583,1.0,0.0011,0.5,none,True,True
10584,1.0,0.0011,0.5,none,True,True
10585,1.0,0.001,0.5,none,True,True
10586,1.0,0.001,0.5,none,True,True
10587,1.0,0.0009,0.5,none,True,True
10588,1.0,0.0009,0.5,none,True,True
10589,1.0,0.0008,0.5,none,True,True
10590,1.0,0.0008,0.5,none,True,True
10591,1.0,0.0008,0.5,none,True,True
10592,1.0,0.0007,0.5,none,True,True
10593,1.0,0.0007,0.5,none,True,True
10594,1.0,0.0006,0.5,none,True,True
10595,1.0,0.0006,0.5,none,True,True
10596,1.0,0.0006,0.5,none,True,True
10597,1.0,0.0005,0.5,none,True,True
10598,1.0,0.0005,0.5,none,True,True
10599,1.0,0.0005,0.5,none,True,True
10600,1.0,0.0004,0.5,none,True,True
10601,1.0,0.0004,0.5,none,True,True
10602,1.0,0.0004,0.5,none,True,True
10603,1.0,0.0004,0.5,none,True,True
10604,1.0,0.0003,0.5,none,True,True
10605,1.0,0.0003,0.5,none,True,True
10606,1.0,0.0003,0.5,none,True,True
10607,1.0,0.0003,0.5,none,True,True
10608,1.0,0.0003,0.5,none,True,True
10609,1.0,0.0003,0.5,none,True,True
10610,1.0,0.0002,0.5,none,True,True
10611,1.0,0.0002,0.5,none,True,True
10612,1.0,0.0002,0.5,none,True,True
10613,1.0,0.0002,0.5,none,True,True
10614,1.0,0.0002,0.5,none,True,True
10615,1.0,0.0002,0.5,none,True,True
10616,1.0,0.0002,0.5,none,True,True
10617,1.0,0.0002,0.5,none,True,True
10618,1.0,0.0002,0.5,none,True,True
10619,1.0,0.0001,0.5,none,True,True
10620,1.0,0.0001,0.5,none,True,True
10621,1.0,0.0001,0.5,none,True,True
10622,1.0,0.0001,0.5,none,True,True
10623,1.0,0.0001,0.5,none,True,True
10624,1.0,0.0001,0.5,none,True,True
10625,1.0,0.0001,0.5,none,True,True
10626,1.0,0.0001,0.5,none,True,True
10627,1.0,0.0001,0.5,none,True,True
10628,1.0,0.0001,0.5,none,True,True
10629,1.0,0.0001,0.5,none,True,True
10630,1.0,0.0001,0.5,none,True,True
10631,1.0,0.0001,0.5,none,True,True
10632,1.0,0.0001,0.5,none,True,True
10633,1.0,0.0001,0.5,none,True,True
10634,1.0,0.0001,0.5,none,True,True
10635,1.0,0.0001,0.5,none,True,True
10636,1.0,0.0001,0.5,none,True,True
10637,1.0,0.0,0.5,none,True,True
10638,1.0,0.0,0.5,none,True,True
10639,1.0,0.0,0.5,none,True,True
10640,1.0,0.0,0.5,none,True,True
10641,1.0,0.0,0.5,none,True,True
10642,1.0,0.0,0.5,none,True,True
10643,1.0,0.0,0.5,none,True,True
10644,1.0,0.0,0.5,none,True,True
10645,1.0,0.0,0.5,none,True,True
10646,1.0,0.0,0.5,none,True,True
10647,1.0,0.0,0.5,none,True,True
10648,1.0,0.0,0.5,none,True,True
10649,1.0,0.0,0.5,none,True,True
10650,1.0,0.0,0.5,none,True,True
10651,1.0,0.0,0.5,none,True,True
10652,1.0,0.0,0.5,none,True,True
10653,1.0,0.0,0.5,none,True,True
10654,1.0,0.0,0.5,none,True,True
10655,1.0,0.0,0.5,none,True,True
10656,1.0,0.0,0.5,none,True,True
10657,1.0,0.0,0.5,none,True,True
10658,1.0,0.0,0.5,none,True,True
10659,1.0,0.0,0.5,none,True,True
10660,1.0,0.0,0.5,none,True,True
10661,1.0,0.0,0.5,none,True,True
10662,1.0,0.0,0.5,none,True,True
10663,1.0,0.0,0.5,none,True,True
10664,1.0,0.0,0.5,none,True,True
10665,1.0,0.0,0.5,none,True,True
10666,1.0,0.0,0.5,none,True,True
10667,1.0,0.0,0.5,none,True,True
10668,1.0,0.0,0.5,none,True,True
10669,1.0,0.0,0.5,none,True,True
10670,1.0,0.0,0.5,none,True,True
10671,1.0,0.0,0.5,none,True,True
10672,1.0,0.0,0.5,none,True,True
10673,1.0,0.0,0.5,none,True,True
10674,1.0,0.0,0.5,none,True,True
10675,1.0,0.0,0.5,none,True,True
10676,1.0,0.0,0.5,none,True,True
10677,1.0,0.0,0.5,none,True,True
10678,1.0,0.0,0.5,none,True,True
10679,1.0,0.0,0.5,none,True,True
10680,1.0,0.0,0.5,none,True,True
10681,1.0,0.0,0.5,none,True,True
10682,1.0,0.0,0.5,none,True,True
10683,1.0,0.0,0.5,none,True,True
10684,1.0,0.0,0.5,none,True,True
10685,1.0,0.0,0.5,none,True,True
10686,1.0,0.0,0.5,none,True,True
10687,1.0,0.0,0.5,none,True,True
10688,1.0,0.0,0.5,none,True,True
10689,1.0,0.0,0.5,none,True,True
10690,1.0,0.0,0.5,none,True,True
10691,1.0,0.0,0.5,none,True,True
10692,1.0,0.0,0.5,none,True,True
10693,1.0,0.0,0.5,none,True,True
10694,1.0,0.0,0.5,none,True,True
10695,1.0,0.0,0.5,none,True,True
10696,1.0,0.0,0.5,none,True,True
10697,1.0,0.0,0.5,none,True,True
10698,1.0,0.0,0.5,none,True,True
10699,1.0,0.0,0.5,none,True,True
10700,1.0,0.0,0.5,none,True,True
10701,1.0,0.0,0.5,none,True,True
10702,1.0,0.0,0.5,none,True,True
10703,1.0,0.0,0.5,none,True,True
10704,1.0,0.0,0.5,none,True,True
10705,1.0,0.0,0.5,none,True,True
10706,1.0,0.0,0.5,none,True,True
10707,1.0,0.0,0.5,none,True,True
10708,1.0,0.0,0.5,none,True,True
10709,1.0,0.0,0.5,none,True,True
10710,1.0,0.0,0.5,none,True,True
10711,1.0,0.0,0.5,none,True,True
10712,1.0,0.0,0.5,none,True,True
10713,1.0,0.0,0.5,none,True,True
10714,1.0,0.0,0.5,none,True,True
10715,1.0,0.0,0.5,none,True,True
10716,1.0,0.0,0.5,none,True,True
10717,1.0,0.0,0.5,none,True,True
10718,1.0,0.0,0.5,none,True,True
10719,1.0,0.0,0.5,none,True,True
10720,1.0,0.0,0.5,none,True,True
10721,1.0,0.0,0.5,none,True,True
10722,1.0,0.0,0.5,none,True,True
10723,1.0,0.0,0.5,none,True,True
10724,1.0,0.0,0.5,none,True,True
10725,1.0,0.0,0.5,none,True,True
10726,1.0,0.0,0.5,none,True,True
10727,1.0,0.0,0.5,none,True,True
10728,1.0,0.0,0.5,none,True,True
10729,1.0,0.0,0.5,none,True,True
10730,1.0,0.0,0.5,none,True,True
10731,1.0,0.0,0.5,none,True,True
10732,1.0,0.0,0.5,none,True,True
10733,1.0,0.0,0.5,none,True,True
10734,1.0,0.0,0.5,none,True,True
10735,1.0,0.0,0.5,none,True,True
10736,1.0,0.0,0.5,none,True,True
10737,1.0,0.0,0.5,none,True,True
10738,1.0,0.0,0.5,none,True,True
10739,1.0,0.0,0.5,none,True,True
10740,1.0,0.0,0.5,none,True,True
10741,1.0,0.0,0.5,none,True,True
10742,1.0,0.0,0.5,none,True,True
10743,1.0,0.0,0.5,none,True,True
10744,1.0,0.0,0.5,none,True,True
10745,1.0,0.0,0.5,none,True,True
10746,1.0,0.0,0.5,none,True,True
10747,1.0,0.0,0.5,none,True,True
10748,1.0,0.0,0.5,none,True,True
10749,1.0,0.0,0.5,none,True,True
10750,1.0,0.0,0.5,none,True,True
10751,1.0,0.0,0.5,none,True,True
10752,1.0,0.0,0.5,none,True,True
10753,1.0,0.0,0.5,none,True,True
10754,1.0,0.0,0.5,none,True,True
10755,1.0,0.0,0.5,none,True,True
10756,1.0,0.0,0.5,none,True,True
10757,1.0,0.0,0.5,none,True,True
10758,1.0,0.0,0.5,none,True,True
10759,1.0,0.0,0.5,none,True,True
10760,1.0,0.0,0.5,none,True,True
10761,1.0,0.0,0.5,none,True,True
10762,1.0,0.0,0.5,none,True,True
10763,1.0,0.0,0.5,none,True,True
10764,1.0,0.0,0.5,none,True,True
10765,1.0,0.0,0.5,none,True,True
10766,1.0,0.0,0.5,none,True,True
10767,1.0,0.0,0.5,none,True,True
10768,1.0,0.0,0.5,none,True,True
10769,1.0,0.0,0.5,none,True,True
10770,1.0,0.0,0.5,none,True,True
10771,1.0,0.0,0.5,none,True,True
10772,1.0,0.0,0.5,none,True,True
10773,1.0,0.0,0.5,none,True,True
10774,1.0,0.0,0.5,none,True,True
10775,1.0,0.0,0.5,none,True,True
10776,1.0,0.0,0.5,none,True,True
10777,1.0,0.0,0.5,none,True,True
10778,1.0,0.0,0.5,none,True,True
10779,1.0,0.0,0.5,none,True,True
10780,1.0,0.0,0.5,none,True,True
10781,1.0,0.0,0.5,none,True,True
10782,1.0,0.0,0.5,none,True,True
10783,1.0,0.0,0.5,none,True,True
10784,1.0,0.0,0.5,none,True,True
10785,1.0,0.0,0.5,none,True,True
10786,1.0,0.0,0.5,none,True,True
10787,1.0,0.0,0.5,none,True,True
10788,1.0,0.0,0.5,none,True,True
10789,1.0,0.0,0.5,none,True,True
10790,1.0,0.0,0.5,none,True,True
10791,1.0,0.0,0.5,none,True,True
10792,1.0,0.0,0.5,none,True,True
10793,1.0,0.0,0.5,none,True,True
10794,1.0,0.0,0.5,none,True,True
10795,1.0,0.0,0.5,none,True,True
10796,1.0,0.0,0.5,none,True,True
10797,1.0,0.0,0.5,none,True,True
10798,1.0,0.0,0.5,none,True,True
10799,1.0,0.0,0.5,none,True,True
10800,1.0,0.0,0.5,none,True,True
10801,1.0,0.0,0.5,none,True,True
10802,1.0,0.0,0.5,none,True,True
10803,1.0,0.0,0.5,none,True,True
10804,1.0,0.0,0.5,none,True,True
10805,1.0,0.0,0.5,none,True,True
10806,1.0,0.0,0.5,none,True,True
10807,1.0,0.0,0.5,none,True,True
10808,1.0,0.0,0.5,none,True,True
10809,1.0,0.0,0.5,none,True,True
10810,1.0,0.0,0.5,none,True,True
10811,1.0,0.0,0.5,none,True,True
10812,1.0,0.0,0.5,none,True,True
10813,1.0,0.0,0.5,none,True,True
10814,1.0,0.0,0.5,none,True,True
10815,1.0,0.0,0.5,none,True,True
10816,1.0,0.0,0.5,none,True,True
10817,1.0,0.0,0.5,none,True,True
10818,1.0,0.0,0.5,none,True,True
10819,1.0,0.0,0.5,none,True,True
10820,1.0,0.0,0.5,none,True,True
10821,1.0,0.0,0.5,none,True,True
10822,1.0,0.0,0.5,none,True,True
10823,1.0,0.0,0.5,none,True,True
10824,1.0,0.0,0.5,none,True,True
10825,1.0,0.0,0.5,none,True,True
10826,1.0,0.0,0.5,none,True,True
10827,1.0,0.0,0.5,none,True,True
10828,1.0,0.0,0.5,none,True,True
10829,1.0,0.0,0.5,none,True,True
10830,1.0,0.0,0.5,none,True,True
10831,1.0,0.0,0.5,none,True,True
10832,1.0,0.0,0.5,none,True,True
10833,1.0,0.0,0.5,none,True,True
10834,1.0,0.0,0.5,none,True,True
10835,1.0,0.0,0.5,none,True,True
10836,1.0,0.0,0.5,none,True,True
10837,1.0,0.0,0.5,none,True,True
10838,1.0,0.0,0.5,none,True,True
10839,1.0,0.0,0.5,none,True,True
10840,1.0,0.0,0.5,none,True,True
10841,1.0,0.0,0.5,none,True,True
10842,1.0,0.0,0.5,none,True,True
10843,1.0,0.0,0.5,none,True,True
10844,1.0,0.0,0.5,none,True,True
10845,1.0,0.0,0.5,none,True,True
10846,1.0,0.0,0.5,none,True,True
10847,1.0,0.0,0.5,none,True,True
10848,1.0,0.0,0.5,none,True,True
10849,1.0,0.0,0.5,none,True,True
10850,1.0,0.0,0.5,none,True,True
10851,1.0,0.0,0.5,none,True,True
10852,1.0,0.0,0.5,none,True,True
10853,1.0,0.0,0.5,none,True,True
10854,1.0,0.0,0.5,none,True,True
10855,1.0,0.0,0.5,none,True,True
10856,1.0,0.0,0.5,none,True,True
10857,1.0,0.0,0.5,none,True,True
10858,1.0,0.0,0.5,none,True,True
10859,1.0,0.0,0.5,none,True,True
10860,1.0,0.0,0.5,none,True,True
10861,1.0,0.0,0.5,none,True,True
10862,1.0,0.0,0.5,none,True,True
10863,1.0,0.0,0.5,none,True,True
10864,1.0,0.0,0.5,none,True,True
10865,1.0,0.0,0.5,none,True,True
10866,1.0,0.0,0.5,none,True,True
10867,1.0,0.0,0.5,none,True,True
10868,1.0,0.0,0.5,none,True,True
10869,1.0,0.0,0.5,none,True,True
10870,1.0,0.0,0.5,none,True,True
10871,1.0,0.0,0.5,none,True,True
10872,1.0,0.0,0.5,none,True,True
10873,1.0,0.0,0.5,none,True,True
10874,1.0,0.0,0.5,none,True,True
10875,1.0,0.0,0.5,none,True,True
10876,1.0,0.0,0.5,none,True,True
10877,1.0,0.0,0.5,none,True,True
10878,1.0,0.0,0.5,none,True,True
10879,1.0,0.0,0.5,none,True,True
10880,1.0,0.0,0.5,none,True,True
10881,1.0,0.0,0.5,none,True,True
10882,1.0,0.0,0.5,none,True,True
10883,1.0,0.0,0.5,none,True,True
10884,1.0,0.0,0.5,none,True,True
10885,1.0,0.0,0.5,none,True,True
10886,1.0,0.0,0.5,none,True,True
10887,1.0,0.0,0.5,none,True,True
10888,1.0,0.0,0.5,none,True,True
10889,1.0,0.0,0.5,none,True,True
10890,1.0,0.0,0.5,none,True,True
10891,1.0,0.0,0.5,none,True,True
10892,1.0,0.0,0.5,none,True,True
10893,1.0,0.0,0.5,none,True,True
10894,1.0,0.0,0.5,none,True,True
10895,1.0,0.0,0.5,none,True,True
10896,1.0,0.0,0.5,none,True,True
10897,1.0,0.0,0.5,none,True,True
10898,1.0,0.0,0.5,none,True,True
10899,1.0,0.0,0.5,none,True,True
10900,1.0,0.0,0.5,none,True,True
10901,1.0,0.0,0.5,none,True,True
10902,1.0,0.0,0.5,none,True,True
10903,1.0,0.0,0.5,none,True,True
10904,1.0,0.0,0.5,none,True,True
10905,1.0,0.0,0.5,none,True,True
10906,1.0,0.0,0.5,none,True,True
10907,1.0,0.0,0.5,none,True,True
10908,1.0,0.0,0.5,none,True,True
10909,1.0,0.0,0.5,none,True,True
10910,1.0,0.0,0.5,none,True,True
10911,1.0,0.0,0.5,none,True,True
10912,1.0,0.0,0.5,none,True,True
10913,1.0,0.0,0.5,none,True,True
10914,1.0,0.0,0.5,none,True,True
10915,1.0,0.0,0.5,none,True,True
10916,1.0,0.0,0.5,none,True,True
10917,1.0,0.0,0.5,none,True,True
10918,1.0,0.0,0.5,none,True,True
10919,1.0,0.0,0.5,none,True,True
10920,1.0,0.0,0.5,none,True,True
10921,1.0,0.0,0.5,none,True,True
10922,1.0,0.0,0.5,none,True,True
10923,1.0,0.0,0.5,none,True,True
10924,1.0,0.0,0.5,none,True,True
10925,1.0,0.0,0.5,none,True,True
10926,1.0,0.0,0.5,none,True,True
10927,1.0,0.0,0.5,none,True,True
10928,1.0,0.0,0.5,none,True,True
10929,1.0,0.0,0.5,none,True,True
10930,1.0,0.0,0.5,none,True,True
10931,1.0,0.0,0.5,none,True,True
10932,1.0,0.0,0.5,none,True,True
10933,1.0,0.0,0.5,none,True,True
10934,1.0,0.0,0.5,none,True,True
10935,1.0,0.0,0.5,none,True,True
10936,1.0,0.0,0.5,none,True,True
10937,1.0,0.0,0.5,none,True,True
10938,1.0,0.0,0.5,none,True,True
10939,1.0,0.0,0.5,none,True,True
10940,1.0,0.0,0.5,none,True,True
10941,1.0,0.0,0.5,none,True,True
10942,1.0,0.0,0.5,none,True,True
10943,1.0,0.0,0.5,none,True,True
10944,1.0,0.0,0.5,none,True,True
10945,1.0,0.0,0.5,none,True,True
10946,1.0,0.0,0.5,none,True,True
10947,1.0,0.0,0.5,none,True,True
10948,1.0,0.0,0.5,none,True,True
10949,1.0,0.0,0.5,none,True,True
10950,1.0,0.0,0.5,none,True,True
10951,1.0,0.0,0.5,none,True,True
10952,1.0,0.0,0.5,none,True,True
10953,1.0,0.0,0.5,none,True,True
10954,1.0,0.0,0.5,none,True,True
10955,1.0,0.0,0.5,none,True,True
10956,1.0,0.0,0.5,none,True,True
10957,1.0,0.0,0.5,none,True,True
10958,1.0,0.0,0.5,none,True,True
10959,1.0,0.0,0.5,none,True,True
10960,1.0,0.0,0.5,none,True,True
10961,1.0,0.0,0.5,none,True,True
10962,1.0,0.0,0.5,none,True,True
10963,1.0,0.0,0.5,none,True,True
10964,1.0,0.0,0.5,none,True,True
10965,1.0,0.0,0.5,none,True,True
10966,1.0,0.0,0.5,none,True,True
10967,1.0,0.0,0.5,none,True,True
10968,1.0,0.0,0.5,none,True,True
10969,1.0,0.0,0.5,none,True,True
10970,1.0,0.0,0.5,none,True,True
10971,1.0,0.0,0.5,none,True,True
10972,1.0,0.0,0.5,none,True,True
10973,1.0,0.0,0.5,none,True,True
10974,1.0,0.0,0.5,none,True,True
10975,1.0,0.0,0.5,none,True,True
10976,1.0,0.0,0.5,none,True,True
10977,1.0,0.0,0.5,none,True,True
10978,1.0,0.0,0.5,none,True,True
10979,1.0,0.0,0.5,none,True,True
10980,1.0,0.0,0.5,none,True,True
10981,1.0,0.0,0.5,none,True,True
10982,1.0,0.0,0.5,none,True,True
10983,1.0,0.0,0.5,none,True,True
10984,1.0,0.0,0.5,none,True,True
10985,1.0,0.0,0.5,none,True,True
10986,1.0,0.0,0.5,none,True,True
10987,1.0,0.0,0.5,none,True,True
10988,1.0,0.0,0.5,none,True,True
10989,1.0,0.0,0.5,none,True,True
10990,1.0,0.0,0.5,none,True,True
10991,1.0,0.0,0.5,none,True,True
10992,1.0,0.0,0.5,none,True,True
10993,1.0,0.0,0.5,none,True,True
10994,1.0,0.0,0.5,none,True,True
10995,1.0,0.0,0.5,none,True,True
10996,1.0,0.0,0.5,none,True,True
10997,1.0,0.0,0.5,none,True,True
10998,1.0,0.0,0.5,none,True,True
10999,1.0,0.0,0.5,none,True,True
11000,1.0,0.0,0.5,none,True,True
11001,1.0,0.0,0.5,none,True,True
11002,1.0,0.0,0.5,none,True,True
11003,1.0,0.0,0.5,none,True,True
11004,1.0,0.0,0.5,none,True,True
11005,1.0,0.0,0.5,none,True,True
11006,1.0,0.0,0.5,none,True,True
11007,1.0,0.0,0.5,none,True,True
11008,1.0,0.0,0.5,none,True,True
11009,1.0,0.0,0.5,none,True,True
11010,1.0,0.0,0.5,none,True,True
11011,1.0,0.0,0.5,none,True,True
11012,1.0,0.0,0.5,none,True,True
11013,1.0,0.0,0.5,none,True,True
11014,1.0,0.0,0.5,none,True,True
11015,1.0,0.0,0.5,none,True,True
11016,1.0,0.0,0.5,none,True,True
11017,1.0,0.0,0.5,none,True,True
11018,1.0,0.0,0.5,none,True,True
11019,1.0,0.0,0.5,none,True,True
11020,1.0,0.0,0.5,none,True,True
11021,1.0,0.0,0.5,none,True,True
11022,1.0,0.0,0.5,none,True,True
11023,1.0,0.0,0.5,none,True,True
11024,1.0,0.0,0.5,none,True,True
11025,1.0,0.0,0.5,none,True,True
11026,1.0,0.0,0.5,none,True,True
11027,1.0,0.0,0.5,none,True,True
11028,1.0,0.0,0.5,none,True,True
11029,1.0,0.0,0.5,none,True,True
11030,1.0,0.0,0.5,none,True,True
11031,1.0,0.0,0.5,none,True,True
11032,1.0,0.0,0.5,none,True,True
11033,1.0,0.0,0.5,none,True,True
11034,1.0,0.0,0.5,none,True,True
11035,1.0,0.0,0.5,none,True,True
11036,1.0,0.0,0.5,none,True,True
11037,1.0,0.0,0.5,none,True,True
11038,1.0,0.0,0.5,none,True,True
11039,1.0,0.0,0.5,none,True,True
11040,1.0,0.0,0.5,none,True,True
11041,1.0,0.0,0.5,none,True,True
11042,1.0,0.0,0.5,none,True,True
11043,1.0,0.0,0.5,none,True,True
11044,1.0,0.0,0.5,none,True,True
11045,1.0,0.0,0.5,none,True,True
11046,1.0,0.0,0.5,none,True,True
11047,1.0,0.0,0.5,none,True,True
11048,1.0,0.0,0.5,none,True,True
11049,1.0,0.0,0.5,none,True,True
11050,1.0,0.0,0.5,none,True,True
11051,1.0,0.0,0.5,none,True,True
11052,1.0,0.0,0.5,none,True,True
11053,1.0,0.0,0.5,none,True,True
11054,1.0,0.0,0.5,none,True,True
11055,1.0,0.0,0.5,none,True,True
11056,1.0,0.0,0.5,none,True,True
11057,1.0,0.0,0.5,none,True,True
11058,1.0,0.0,0.5,none,True,True
11059,1.0,0.0,0.5,none,True,True
11060,1.0,0.0,0.5,none,True,True
11061,1.0,0.0,0.5,none,True,True
11062,1.0,0.0,0.5,none,True,True
11063,1.0,0.0,0.5,none,True,True
11064,1.0,0.0,0.5,none,True,True
11065,1.0,0.0,0.5,none,True,True
11066,1.0,0.0,0.5,none,True,True
11067,1.0,0.0,0.5,none,True,True
11068,1.0,0.0,0.5,none,True,True
11069,1.0,0.0,0.5,none,True,True
11070,1.0,0.0,0.5,none,True,True
11071,1.0,0.0,0.5,none,True,True
11072,1.0,0.0,0.5,none,True,True
11073,1.0,0.0,0.5,none,True,True
11074,1.0,0.0,0.5,none,True,True
11075,1.0,0.0,0.5,none,True,True
11076,1.0,0.0,0.5,none,True,True
11077,1.0,0.0,0.5,none,True,True
11078,1.0,0.0,0.5,none,True,True
11079,1.0,0.0,0.5,none,True,True
11080,1.0,0.0,0.5,none,True,True
11081,1.0,0.0,0.5,none,True,True
11082,1.0,0.0,0.5,none,True,True
11083,1.0,0.0,0.5,none,True,True
11084,1.0,0.0,0.5,none,True,True
11085,1.0,0.0,0.5,none,True,True
11086,1.0,0.0,0.5,none,True,True
11087,1.0,0.0,0.5,none,True,True
11088,1.0,0.0,0.5,none,True,True
11089,1.0,0.0,0.5,none,True,True
11090,1.0,0.0,0.5,none,True,True
11091,1.0,0.0,0.5,none,True,True
11092,1.0,0.0,0.5,none,True,True
11093,1.0,0.0,0.5,none,True,True
11094,1.0,0.0,0.5,none,True,True
11095,1.0,0.0,0.5,none,True,True
11096,1.0,0.0,0.5,none,True,True
11097,1.0,0.0,0.5,none,True,True
11098,1.0,0.0,0.5,none,True,True
11099,1.0,0.0,0.5,none,True,True
11100,1.0,0.0,0.5,none,True,True
11101,1.0,0.0,0.5,none,True,True
11102,1.0,0.0,0.5,none,True,True
11103,1.0,0.0,0.5,none,True,True
11104,1.0,0.0,0.5,none,True,True
11105,1.0,0.0,0.5,none,True,True
11106,1.0,0.0,0.5,none,True,True
11107,1.0,0.0,0.5,none,True,True
11108,1.0,0.0,0.5,none,True,True
11109,1.0,0.0,0.5,none,True,True
11110,1.0,0.0,0.5,none,True,True
11111,1.0,0.0,0.5,none,True,True
11112,1.0,0.0,0.5,none,True,True
11113,1.0,0.0,0.5,none,True,True
11114,1.0,0.0,0.5,none,True,True
11115,1.0,0.0,0.5,none,True,True
11116,1.0,0.0,0.5,none,True,True
11117,1.0,0.0,0.5,none,True,True
11118,1.0,0.0,0.5,none,True,True
11119,1.0,0.0,0.5,none,True,True
11120,1.0,0.0,0.5,none,True,True
11121,1.0,0.0,0.5,none,True,True
11122,1.0,0.0,0.5,none,True,True
11123,1.0,0.0,0.5,none,True,True
11124,1.0,0.0,0.5,none,True,True
11125,1.0,0.0,0.5,none,True,True
11126,1.0,0.0,0.5,none,True,True
11127,1.0,0.0,0.5,none,True,True
11128,1.0,0.0,0.5,none,True,True
11129,1.0,0.0,0.5,none,True,True
11130,1.0,0.0,0.5,none,True,True
11131,1.0,0.0,0.5,none,True,True
11132,1.0,0.0,0.5,none,True,True
11133,1.0,0.0,0.5,none,True,True
11134,1.0,0.0,0.5,none,True,True
11135,1.0,0.0,0.5,none,True,True
11136,1.0,0.0,0.5,none,True,True
11137,1.0,0.0,0.5,none,True,True
11138,1.0,0.0,0.5,none,True,True
11139,1.0,0.0,0.5,none,True,True
11140,1.0,0.0,0.5,none,True,True
11141,1.0,0.0,0.5,none,True,True
11142,1.0,0.0,0.5,none,True,True
11143,1.0,0.0,0.5,none,True,True
11144,1.0,0.0,0.5,none,True,True
11145,1.0,0.0,0.5,none,True,True
11146,1.0,0.0,0.5,none,True,True
11147,1.0,0.0,0.5,none,True,True
11148,1.0,0.0,0.5,none,True,True
11149,1.0,0.0,0.5,none,True,True
11150,1.0,0.0,0.5,none,True,True
11151,1.0,0.0,0.5,none,True,True
11152,1.0,0.0,0.5,none,True,True
11153,1.0,0.0,0.5,none,True,True
11154,1.0,0.0,0.5,none,True,True
11155,1.0,0.0,0.5,none,True,True
11156,1.0,0.0,0.5,none,True,True
11157,1.0,0.0,0.5,none,True,True
11158,1.0,0.0,0.5,none,True,True
11159,1.0,0.0,0.5,none,True,True
11160,1.0,0.0,0.5,none,True,True
11161,1.0,0.0,0.5,none,True,True
11162,1.0,0.0,0.5,none,True,True
11163,1.0,0.0,0.5,none,True,True
11164,1.0,0.0,0.5,none,True,True
11165,1.0,0.0,0.5,none,True,True
11166,1.0,0.0,0.5,none,True,True
11167,1.0,0.0,0.5,none,True,True
11168,1.0,0.0,0.5,none,True,True
11169,1.0,0.0,0.5,none,True,True
11170,1.0,0.0,0.5,none,True,True
11171,1.0,0.0,0.5,none,True,True
11172,1.0,0.0,0.5,none,True,True
11173,1.0,0.0,0.5,none,True,True
11174,1.0,0.0,0.5,none,True,True
11175,1.0,0.0,0.5,none,True,True
11176,1.0,0.0,0.5,none,True,True
11177,1.0,0.0,0.5,none,True,True
11178,1.0,0.0,0.5,none,True,True
11179,1.0,0.0,0.5,none,True,True
11180,1.0,0.0,0.5,none,True,True
11181,1.0,0.0,0.5,none,True,True
11182,1.0,0.0,0.5,none,True,True
11183,1.0,0.0,0.5,none,True,True
11184,1.0,0.0,0.5,none,True,True
11185,1.0,0.0,0.5,none,True,True
11186,1.0,0.0,0.5,none,True,True
11187,1.0,0.0,0.5,none,True,True
11188,1.0,0.0,0.5,none,True,True
11189,1.0,0.0,0.5,none,True,True
11190,1.0,0.0,0.5,none,True,True
11191,1.0,0.0,0.5,none,True,True
11192,1.0,0.0,0.5,none,True,True
11193,1.0,0.0,0.5,none,True,True
11194,1.0,0.0,0.5,none,True,True
11195,1.0,0.0,0.5,none,True,True
11196,1.0,0.0,0.5,none,True,True
11197,1.0,0.0,0.5,none,True,True
11198,1.0,0.0,0.5,none,True,True
11199,1.0,0.0,0.5,none,True,True
11200,1.0,0.0061,0.5,none,True,True
11201,1.0,0.0357,0.5,none,True,True
11202,1.0,0.0812,0.5,none,True,True
11203,1.0,0.1113,0.5,none,True,True
11204,1.0,0.1253,0.5,none,True,True
11205,1.0,0.1408,0.5,none,True,True
11206,1.0,0.0907,0.5,none,True,True
11207,1.0,0.1198,0.5,none,True,True
11208,1.0,0.0467,0.5,none,True,True
11209,1.0,0.0522,0.5,none,True,True
11210,1.0,0.0405,0.5,none,True,True
11211,1.0,0.0313,0.5,none,True,True
11212,1.0,0.0083,0.5,none,True,True
11213,1.0,0.0726,0.5,none,True,True
11214,1.0,0.0793,0.5,none,True,True
11215,1.0,0.0581,0.5,none,True,True
11216,1.0,0.0955,0.5,none,True,True
11217,1.0,0.0839,0.5,none,True,True
11218,1.0,0.0648,0.5,none,True,True
11219,1.0,0.0718,0.5,none,True,True
11220,1.0,0.0589,0.5,none,True,True
11221,1.0,0.0403,0.5,none,True,True
11222,1.0,0.0327,0.5,none,True,True
11223,1.0,0.0277,0.5,none,True,True
11224,1.0,0.017,0.5,none,True,True
11225,1.0,0.0102,0.5,none,True,True
11226,1.0,0.0099,0.5,none,True,True
11227,1.0,0.008,0.5,none,True,True
11228,1.0,0.005,0.5,none,True,True
11229,1.0,0.0063,0.5,none,True,True
11230,1.0,0.009,0.5,none,True,True
11231,1.0,0.0096,0.5,none,True,True
11232,1.0,0.0108,0.5,none,True,True
11233,1.0,0.014,0.5,none,True,True
11234,1.0,0.0161,0.5,none,True,True
11235,1.0,0.0167,0.5,none,True,True
11236,1.0,0.0182,0.5,none,True,True
11237,1.0,0.0196,0.5,none,True,True
11238,1.0,0.0197,0.5,none,True,True
11239,1.0,0.0193,0.5,none,True,True
11240,1.0,0.0193,0.5,none,True,True
11241,1.0,0.0187,0.5,none,True,True
11242,1.0,0.0174,0.5,none,True,True
11243,1.0,0.0163,0.5,none,True,True
11244,1.0,0.0152,0.5,none,True,True
11245,1.0,0.0138,0.5,none,True,True
11246,1.0,0.0123,0.5,none,True,True
11247,1.0,0.0111,0.5,none,True,True
11248,1.0,0.01,0.5,none,True,True
11249,1.0,0.0088,0.5,none,True,True
11250,1.0,0.0078,0.5,none,True,True
11251,1.0,0.0071,0.5,none,True,True
11252,1.0,0.0064,0.5,none,True,True
11253,1.0,0.0057,0.5,none,True,True
11254,1.0,0.0053,0.5,none,True,True
11255,1.0,0.005,0.5,none,True,True
11256,1.0,0.0047,0.5,none,True,True
11257,1.0,0.0045,0.5,none,True,True
11258,1.0,0.0044,0.5,none,True,True
11259,1.0,0.0043,0.5,none,True,True
11260,1.0,0.0042,0.5,none,True,True
11261,1.0,0.0041,0.5,none,True,True
11262,1.0,0.004,0.5,none,True,True
11263,1.0,0.0039,0.5,none,True,True
11264,1.0,0.0038,0.5,none,True,True
11265,1.0,0.0037,0.5,none,True,True
11266,1.0,0.0035,0.5,none,True,True
11267,1.0,0.0033,0.5,none,True,True
11268,1.0,0.0032,0.5,none,True,True
11269,1.0,0.003,0.5,none,True,True
11270,1.0,0.0028,0.5,none,True,True
11271,1.0,0.0026,0.5,none,True,True
11272,1.0,0.0024,0.5,none,True,True
11273,1.0,0.0023,0.5,none,True,True
11274,1.0,0.0021,0.5,none,True,True
11275,1.0,0.0019,0.5,none,True,True
11276,1.0,0.0018,0.5,none,True,True
11277,1.0,0.0017,0.5,none,True,True
11278,1.0,0.0015,0.5,none,True,True
11279,1.0,0.0014,0.5,none,True,True
11280,1.0,0.0013,0.5,none,True,True
11281,1.0,0.0013,0.5,none,True,True
11282,1.0,0.0012,0.5,none,True,True
11283,1.0,0.0011,0.5,none,True,True
11284,1.0,0.0011,0.5,none,True,True
11285,1.0,0.001,0.5,none,True,True
11286,1.0,0.001,0.5,none,True,True
11287,1.0,0.0009,0.5,none,True,True
11288,1.0,0.0009,0.5,none,True,True
11289,1.0,0.0008,0.5,none,True,True
11290,1.0,0.0008,0.5,none,True,True
11291,1.0,0.0008,0.5,none,True,True
11292,1.0,0.0007,0.5,none,True,True
11293,1.0,0.0007,0.5,none,True,True
11294,1.0,0.0006,0.5,none,True,True
11295,1.0,0.0006,0.5,none,True,True
11296,1.0,0.0006,0.5,none,True,True
11297,1.0,0.0005,0.5,none,True,True
11298,1.0,0.0005,0.5,none,True,True
11299,1.0,0.0005,0.5,none,True,True
11300,1.0,0.0004,0.5,none,True,True
11301,1.0,0.0004,0.5,none,True,True
11302,1.0,0.0004,0.5,none,True,True
11303,1.0,0.0004,0.5,none,True,True
11304,1.0,0.0003,0.5,none,True,True
11305,1.0,0.0003,0.5,none,True,True
11306,1.0,0.0003,0.5,none,True,True
11307,1.0,0.0003,0.5,none,True,True
11308,1.0,0.0003,0.5,none,True,True
11309,1.0,0.0003,0.5,none,True,True
11310,1.0,0.0002,0.5,none,True,True
11311,1.0,0.0002,0.5,none,True,True
11312,1.0,0.0002,0.5,none,True,True
11313,1.0,0.0002,0.5,none,True,True
11314,1.0,0.0002,0.5,none,True,True
11315,1.0,0.0002,0.5,none,True,True
11316,1.0,0.0002,0.5,none,True,True
11317,1.0,0.0002,0.5,none,True,True
11318,1.0,0.0002,0.5,none,True,True
11319,1.0,0.0001,0.5,none,True,True
11320,1.0,0.0001,0.5,none,True,True
11321,1.0,0.0001,0.5,none,True,True
11322,1.0,0.0001,0.5,none,True,True
11323,1.0,0.0001,0.5,none,True,True
11324,1.0,0.0001,0.5,none,True,True
11325,1.0,0.0001,0.5,none,True,True
11326,1.0,0.0001,0.5,none,True,True
11327,1.0,0.0001,0.5,none,True,True
11328,1.0,0.0001,0.5,none,True,True
11329,1.0,0.0001,0.5,none,True,True
11330,1.0,0.0001,0.5,none,True,True
11331,1.0,0.0001,0.5,none,True,True
11332,1.0,0.0001,0.5,none,True,True
11333,1.0,0.0001,0.5,none,True,True
11334,1.0,0.0001,0.5,none,True,True
11335,1.0,0.0001,0.5,none,True,True
11336,1.0,0.0001,0.5,none,True,True
11337,1.0,0.0,0.5,none,True,True
11338,1.0,0.0,0.5,none,True,True
11339,1.0,0.0,0.5,none,True,True
11340,1.0,0.0,0.5,none,True,True
11341,1.0,0.0,0.5,none,True,True
11342,1.0,0.0,0.5,none,True,True
11343,1.0,0.0,0.5,none,True,True
11344,1.0,0.0,0.5,none,True,True
11345,1.0,0.0,0.5,none,True,True
11346,1.0,0.0,0.5,none,True,True
11347,1.0,0.0,0.5,none,True,True
11348,1.0,0.0,0.5,none,True,True
11349,1.0,0.0,0.5,none,True,True
11350,1.0,0.0,0.5,none,True,True
11351,1.0,0.0,0.5,none,True,True
11352,1.0,0.0,0.5,none,True,True
11353,1.0,0.0,0.5,none,True,True
11354,1.0,0.0,0.5,none,True,True
11355,1.0,0.0,0.5,none,True,True
11356,1.0,0.0,0.5,none,True,True
11357,1.0,0.0,0.5,none,True,True
11358,1.0,0.0,0.5,none,True,True
11359,1.0,0.0,0.5,none,True,True
11360,1.0,0.0,0.5,none,True,True
11361,1.0,0.0,0.5,none,True,True
11362,1.0,0.0,0.5,none,True,True
11363,1.0,0.0,0.5,none,True,True
11364,1.0,0.0,0.5,none,True,True
11365,1.0,0.0,0.5,none,True,True
11366,1.0,0.0,0.5,none,True,True
11367,1.0,0.0,0.5,none,True,True
11368,1.0,0.0,0.5,none,True,True
11369,1.0,0.0,0.5,none,True,True
11370,1.0,0.0,0.5,none,True,True
11371,1.0,0.0,0.5,none,True,True
11372,1.0,0.0,0.5,none,True,True
11373,1.0,0.0,0.5,none,True,True
11374,1.0,0.0,0.5,none,True,True
11375,1.0,0.0,0.5,none,True,True
11376,1.0,0.0,0.5,none,True,True
11377,1.0,0.0,0.5,none,True,True
11378,1.0,0.0,0.5,none,True,True
11379,1.0,0.0,0.5,none,True,True
11380,1.0,0.0,0.5,none,True,True
11381,1.0,0.0,0.5,none,True,True
11382,1.0,0.0,0.5,none,True,True
11383,1.0,0.0,0.5,none,True,True
11384,1.0,0.0,0.5,none,True,True
11385,1.0,0.0,0.5,none,True,True
11386,1.0,0.0,0.5,none,True,True
11387,1.0,0.0,0.5,none,True,True
11388,1.0,0.0,0.5,none,True,True
11389,1.0,0.0,0.5,none,True,True
11390,1.0,0.0,0.5,none,True,True
11391,1.0,0.0,0.5,none,True,True
11392,1.0,0.0,0.5,none,True,True
11393,1.0,0.0,0.5,none,True,True
11394,1.0,0.0,0.5,none,True,True
11395,1.0,0.0,0.5,none,True,True
11396,1.0,0.0,0.5,none,True,True
11397,1.0,0.0,0.5,none,True,True
11398,1.0,0.0,0.5,none,True,True
11399,1.0,0.0,0.5,none,True,True
11400,1.0,0.0,0.5,none,True,True
11401,1.0,0.0,0.5,none,True,True
11402,1.0,0.0,0.5,none,True,True
11403,1.0,0.0,0.5,none,True,True
11404,1.0,0.0,0.5,none,True,True
11405,1.0,0.0,0.5,none,True,True
11406,1.0,0.0,0.5,none,True,True
11407,1.0,0.0,0.5,none,True,True
11408,1.0,0.0,0.5,none,True,True
11409,1.0,0.0,0.5,none,True,True
11410,1.0,0.0,0.5,none,True,True
11411,1.0,0.0,0.5,none,True,True
11412,1.0,0.0,0.5,none,True,True
11413,1.0,0.0,0.5,none,True,True
11414,1.0,0.0,0.5,none,True,True
11415,1.0,0.0,0.5,none,True,True
11416,1.0,0.0,0.5,none,True,True
11417,1.0,0.0,0.5,none,True,True
11418,1.0,0.0,0.5,none,True,True
11419,1.0,0.0,0.5,none,True,True
11420,1.0,0.0,0.5,none,True,True
11421,1.0,0.0,0.5,none,True,True
11422,1.0,0.0,0.5,none,True,True
11423,1.0,0.0,0.5,none,True,True
11424,1.0,0.0,0.5,none,True,True
11425,1.0,0.0,0.5,none,True,True
11426,1.0,0.0,0.5,none,True,True
11427,1.0,0.0,0.5,none,True,True
11428,1.0,0.0,0.5,none,True,True
11429,1.0,0.0,0.5,none,True,True
11430,1.0,0.0,0.5,none,True,True
11431,1.0,0.0,0.5,none,True,True
11432,1.0,0.0,0.5,none,True,True
11433,1.0,0.0,0.5,none,True,True
11434,1.0,0.0,0.5,none,True,True
11435,1.0,0.0,0.5,none,True,True
11436,1.0,0.0,0.5,none,True,True
11437,1.0,0.0,0.5,none,True,True
11438,1.0,0.0,0.5,none,True,True
11439,1.0,0.0,0.5,none,True,True
11440,1.0,0.0,0.5,none,True,True
11441,1.0,0.0,0.5,none,True,True
11442,1.0,0.0,0.5,none,True,True
11443,1.0,0.0,0.5,none,True,True
11444,1.0,0.0,0.5,none,True,True
11445,1.0,0.0,0.5,none,True,True
11446,1.0,0.0,0.5,none,True,True
11447,1.0,0.0,0.5,none,True,True
11448,1.0,0.0,0.5,none,True,True
11449,1.0,0.0,0.5,none,True,True
11450,1.0,0.0,0.5,none,True,True
11451,1.0,0.0,0.5,none,True,True
11452,1.0,0.0,0.5,none,True,True
11453,1.0,0.0,0.5,none,True,True
11454,1.0,0.0,0.5,none,True,True
11455,1.0,0.0,0.5,none,True,True
11456,1.0,0.0,0.5,none,True,True
11457,1.0,0.0,0.5,none,True,True
11458,1.0,0.0,0.5,none,True,True
11459,1.0,0.0,0.5,none,True,True
11460,1.0,0.0,0.5,none,True,True
11461,1.0,0.0,0.5,none,True,True
11462,1.0,0.0,0.5,none,True,True
11463,1.0,0.0,0.5,none,True,True
11464,1.0,0.0,0.5,none,True,True
11465,1.0,0.0,0.5,none,True,True
11466,1.0,0.0,0.5,none,True,True
11467,1.0,0.0,0.5,none,True,True
11468,1.0,0.0,0.5,none,True,True
11469,1.0,0.0,0.5,none,True,True
11470,1.0,0.0,0.5,none,True,True
11471,1.0,0.0,0.5,none,True,True
11472,1.0,0.0,0.5,none,True,True
11473,1.0,0.0,0.5,none,True,True
11474,1.0,0.0,0.5,none,True,True
11475,1.0,0.0,0.5,none,True,True
11476,1.0,0.0,0.5,none,True,True
11477,1.0,0.0,0.5,none,True,True
11478,1.0,0.0,0.5,none,True,True
11479,1.0,0.0,0.5,none,True,True
11480,1.0,0.0,0.5,none,True,True
11481,1.0,0.0,0.5,none,True,True
11482,1.0,0.0,0.5,none,True,True
11483,1.0,0.0,0.5,none,True,True
11484,1.0,0.0,0.5,none,True,True
11485,1.0,0.0,0.5,none,True,True
11486,1.0,0.0,0.5,none,True,True
11487,1.0,0.0,0.5,none,True,True
11488,1.0,0.0,0.5,none,True,True
11489,1.0,0.0,0.5,none,True,True
11490,1.0,0.0,0.5,none,True,True
11491,1.0,0.0,0.5,none,True,True
11492,1.0,0.0,0.5,none,True,True
11493,1.0,0.0,0.5,none,True,True
11494,1.0,0.0,0.5,none,True,True
11495,1.0,0.0,0.5,none,True,True
11496,1.0,0.0,0.5,none,True,True
11497,1.0,0.0,0.5,none,True,True
11498,1.0,0.0,0.5,none,True,True
11499,1.0,0.0,0.5,none,True,True
11500,1.0,0.0,0.5,none,True,True
11501,1.0,0.0,0.5,none,True,True
11502,1.0,0.0,0.5,none,True,True
11503,1.0,0.0,0.5,none,True,True
11504,1.0,0.0,0.5,none,True,True
11505,1.0,0.0,0.5,none,True,True
11506,1.0,0.0,0.5,none,True,True
11507,1.0,0.0,0.5,none,True,True
11508,1.0,0.0,0.5,none,True,True
11509,1.0,0.0,0.5,none,True,True
11510,1.0,0.0,0.5,none,True,True
11511,1.0,0.0,0.5,none,True,True
11512,1.0,0.0,0.5,none,True,True
11513,1.0,0.0,0.5,none,True,True
11514,1.0,0.0,0.5,none,True,True
11515,1.0,0.0,0.5,none,True,True
11516,1.0,0.0,0.5,none,True,True
11517,1.0,0.0,0.5,none,True,True
11518,1.0,0.0,0.5,none,True,True
11519,1.0,0.0,0.5,none,True,True
11520,1.0,0.0,0.5,none,True,True
11521,1.0,0.0,0.5,none,True,True
11522,1.0,0.0,0.5,none,True,True
11523,1.0,0.0,0.5,none,True,True
11524,1.0,0.0,0.5,none,True,True
11525,1.0,0.0,0.5,none,True,True
11526,1.0,0.0,0.5,none,True,True
11527,1.0,0.0,0.5,none,True,True
11528,1.0,0.0,0.5,none,True,True
11529,1.0,0.0,0.5,none,True,True
11530,1.0,0.0,0.5,none,True,True
11531,1.0,0.0,0.5,none,True,True
11532,1.0,0.0,0.5,none,True,True
11533,1.0,0.0,0.5,none,True,True
11534,1.0,0.0,0.5,none,True,True
11535,1.0,0.0,0.5,none,True,True
11536,1.0,0.0,0.5,none,True,True
11537,1.0,0.0,0.5,none,True,True
11538,1.0,0.0,0.5,none,True,True
11539,1.0,0.0,0.5,none,True,True
11540,1.0,0.0,0.5,none,True,True
11541,1.0,0.0,0.5,none,True,True
11542,1.0,0.0,0.5,none,True,True
11543,1.0,0.0,0.5,none,True,True
11544,1.0,0.0,0.5,none,True,True
11545,1.0,0.0,0.5,none,True,True
11546,1.0,0.0,0.5,none,True,True
11547,1.0,0.0,0.5,none,True,True
11548,1.0,0.0,0.5,none,True,True
11549,1.0,0.0,0.5,none,True,True
11550,1.0,0.0,0.5,none,True,True
11551,1.0,0.0,0.5,none,True,True
11552,1.0,0.0,0.5,none,True,True
11553,1.0,0.0,0.5,none,True,True
11554,1.0,0.0,0.5,none,True,True
11555,1.0,0.0,0.5,none,True,True
11556,1.0,0.0,0.5,none,True,True
11557,1.0,0.0,0.5,none,True,True
11558,1.0,0.0,0.5,none,True,True
11559,1.0,0.0,0.5,none,True,True
11560,1.0,0.0,0.5,none,True,True
11561,1.0,0.0,0.5,none,True,True
11562,1.0,0.0,0.5,none,True,True
11563,1.0,0.0,0.5,none,True,True
11564,1.0,0.0,0.5,none,True,True
11565,1.0,0.0,0.5,none,True,True
11566,1.0,0.0,0.5,none,True,True
11567,1.0,0.0,0.5,none,True,True
11568,1.0,0.0,0.5,none,True,True
11569,1.0,0.0,0.5,none,True,True
11570,1.0,0.0,0.5,none,True,True
11571,1.0,0.0,0.5,none,True,True
11572,1.0,0.0,0.5,none,True,True
11573,1.0,0.0,0.5,none,True,True
11574,1.0,0.0,0.5,none,True,True
11575,1.0,0.0,0.5,none,True,True
11576,1.0,0.0,0.5,none,True,True
11577,1.0,0.0,0.5,none,True,True
11578,1.0,0.0,0.5,none,True,True
11579,1.0,0.0,0.5,none,True,True
11580,1.0,0.0,0.5,none,True,True
11581,1.0,0.0,0.5,none,True,True
11582,1.0,0.0,0.5,none,True,True
11583,1.0,0.0,0.5,none,True,True
11584,1.0,0.0,0.5,none,True,True
11585,1.0,0.0,0.5,none,True,True
11586,1.0,0.0,0.5,none,True,True
11587,1.0,0.0,0.5,none,True,True
11588,1.0,0.0,0.5,none,True,True
11589,1.0,0.0,0.5,none,True,True
11590,1.0,0.0,0.5,none,True,True
11591,1.0,0.0,0.5,none,True,True
11592,1.0,0.0,0.5,none,True,True
11593,1.0,0.0,0.5,none,True,True
11594,1.0,0.0,0.5,none,True,True
11595,1.0,0.0,0.5,none,True,True
11596,1.0,0.0,0.5,none,True,True
11597,1.0,0.0,0.5,none,True,True
11598,1.0,0.0,0.5,none,True,True
11599,1.0,0.0,0.5,none,True,True
11600,1.0,0.0,0.5,none,True,True
11601,1.0,0.0,0.5,none,True,True
11602,1.0,0.0,0.5,none,True,True
11603,1.0,0.0,0.5,none,True,True
11604,1.0,0.0,0.5,none,True,True
11605,1.0,0.0,0.5,none,True,True
11606,1.0,0.0,0.5,none,True,True
11607,1.0,0.0,0.5,none,True,True
11608,1.0,0.0,0.5,none,True,True
11609,1.0,0.0,0.5,none,True,True
11610,1.0,0.0,0.5,none,True,True
11611,1.0,0.0,0.5,none,True,True
11612,1.0,0.0,0.5,none,True,True
11613,1.0,0.0,0.5,none,True,True
11614,1.0,0.0,0.5,none,True,True
11615,1.0,0.0,0.5,none,True,True
11616,1.0,0.0,0.5,none,True,True
11617,1.0,0.0,0.5,none,True,True
11618,1.0,0.0,0.5,none,True,True
11619,1.0,0.0,0.5,none,True,True
11620,1.0,0.0,0.5,none,True,True
11621,1.0,0.0,0.5,none,True,True
11622,1.0,0.0,0.5,none,True,True
11623,1.0,0.0,0.5,none,True,True
11624,1.0,0.0,0.5,none,True,True
11625,1.0,0.0,0.5,none,True,True
11626,1.0,0.0,0.5,none,True,True
11627,1.0,0.0,0.5,none,True,True
11628,1.0,0.0,0.5,none,True,True
11629,1.0,0.0,0.5,none,True,True
11630,1.0,0.0,0.5,none,True,True
11631,1.0,0.0,0.5,none,True,True
11632,1.0,0.0,0.5,none,True,True
11633,1.0,0.0,0.5,none,True,True
11634,1.0,0.0,0.5,none,True,True
11635,1.0,0.0,0.5,none,True,True
11636,1.0,0.0,0.5,none,True,True
11637,1.0,0.0,0.5,none,True,True
11638,1.0,0.0,0.5,none,True,True
11639,1.0,0.0,0.5,none,True,True
11640,1.0,0.0,0.5,none,True,True
11641,1.0,0.0,0.5,none,True,True
11642,1.0,0.0,0.5,none,True,True
11643,1.0,0.0,0.5,none,True,True
11644,1.0,0.0,0.5,none,True,True
11645,1.0,0.0,0.5,none,True,True
11646,1.0,0.0,0.5,none,True,True
11647,1.0,0.0,0.5,none,True,True
11648,1.0,0.0,0.5,none,True,True
11649,1.0,0.0,0.5,none,True,True
11650,1.0,0.0,0.5,none,True,True
11651,1.0,0.0,0.5,none,True,True
11652,1.0,0.0,0.5,none,True,True
11653,1.0,0.0,0.5,none,True,True
11654,1.0,0.0,0.5,none,True,True
11655,1.0,0.0,0.5,none,True,True
11656,1.0,0.0,0.5,none,True,True
11657,1.0,0.0,0.5,none,True,True
11658,1.0,0.0,0.5,none,True,True
11659,1.0,0.0,0.5,none,True,True
11660,1.0,0.0,0.5,none,True,True
11661,1.0,0.0,0.5,none,True,True
11662,1.0,0.0,0.5,none,True,True
11663,1.0,0.0,0.5,none,True,True
11664,1.0,0.0,0.5,none,True,True
11665,1.0,0.0,0.5,none,True,True
11666,1.0,0.0,0.5,none,True,True
11667,1.0,0.0,0.5,none,True,True
11668,1.0,0.0,0.5,none,True,True
11669,1.0,0.0,0.5,none,True,True
11670,1.0,0.0,0.5,none,True,True
11671,1.0,0.0,0.5,none,True,True
11672,1.0,0.0,0.5,none,True,True
11673,1.0,0.0,0.5,none,True,True
11674,1.0,0.0,0.5,none,True,True
11675,1.0,0.0,0.5,none,True,True
11676,1.0,0.0,0.5,none,True,True
11677,1.0,0.0,0.5,none,True,True
11678,1.0,0.0,0.5,none,True,True
11679,1.0,0.0,0.5,none,True,True
11680,1.0,0.0,0.5,none,True,True
11681,1.0,0.0,0.5,none,True,True
11682,1.0,0.0,0.5,none,True,True
11683,1.0,0.0,0.5,none,True,True
11684,1.0,0.0,0.5,none,True,True
11685,1.0,0.0,0.5,none,True,True
11686,1.0,0.0,0.5,none,True,True
11687,1.0,0.0,0.5,none,True,True
11688,1.0,0.0,0.5,none,True,True
11689,1.0,0.0,0.5,none,True,True
11690,1.0,0.0,0.5,none,True,True
11691,1.0,0.0,0.5,none,True,True
11692,1.0,0.0,0.5,none,True,True
11693,1.0,0.0,0.5,none,True,True
11694,1.0,0.0,0.5,none,True,True
11695,1.0,0.0,0.5,none,True,True
11696,1.0,0.0,0.5,none,True,True
11697,1.0,0.0,0.5,none,True,True
11698,1.0,0.0,0.5,none,True,True
11699,1.0,0.0,0.5,none,True,True
11700,1.0,0.0,0.5,none,True,True
11701,1.0,0.0,0.5,none,True,True
11702,1.0,0.0,0.5,none,True,True
11703,1.0,0.0,0.5,none,True,True
11704,1.0,0.0,0.5,none,True,True
11705,1.0,0.0,0.5,none,True,True
11706,1.0,0.0,0.5,none,True,True
11707,1.0,0.0,0.5,none,True,True
11708,1.0,0.0,0.5,none,True,True
11709,1.0,0.0,0.5,none,True,True
11710,1.0,0.0,0.5,none,True,True
11711,1.0,0.0,0.5,none,True,True
11712,1.0,0.0,0.5,none,True,True
11713,1.0,0.0,0.5,none,True,True
11714,1.0,0.0,0.5,none,True,True
11715,1.0,0.0,0.5,none,True,True
11716,1.0,0.0,0.5,none,True,True
11717,1.0,0.0,0.5,none,True,True
11718,1.0,0.0,0.5,none,True,True
11719,1.0,0.0,0.5,none,True,True
11720,1.0,0.0,0.5,none,True,True
11721,1.0,0.0,0.5,none,True,True
11722,1.0,0.0,0.5,none,True,True
11723,1.0,0.0,0.5,none,True,True
11724,1.0,0.0,0.5,none,True,True
11725,1.0,0.0,0.5,none,True,True
11726,1.0,0.0,0.5,none,True,True
11727,1.0,0.0,0.5,none,True,True
11728,1.0,0.0,0.5,none,True,True
11729,1.0,0.0,0.5,none,True,True
11730,1.0,0.0,0.5,none,True,True
11731,1.0,0.0,0.5,none,True,True
11732,1.0,0.0,0.5,none,True,True
11733,1.0,0.0,0.5,none,True,True
11734,1.0,0.0,0.5,none,True,True
11735,1.0,0.0,0.5,none,True,True
11736,1.0,0.0,0.5,none,True,True
11737,1.0,0.0,0.5,none,True,True
11738,1.0,0.0,0.5,none,True,True
11739,1.0,0.0,0.5,none,True,True
11740,1.0,0.0,0.5,none,True,True
11741,1.0,0.0,0.5,none,True,True
11742,1.0,0.0,0.5,none,True,True
11743,1.0,0.0,0.5,none,True,True
11744,1.0,0.0,0.5,none,True,True
11745,1.0,0.0,0.5,none,True,True
11746,1.0,0.0,0.5,none,True,True
11747,1.0,0.0,0.5,none,True,True
11748,1.0,0.0,0.5,none,True,True
11749,1.0,0.0,0.5,none,True,True
11750,1.0,0.0,0.5,none,True,True
11751,1.0,0.0,0.5,none,True,True
11752,1.0,0.0,0.5,none,True,True
11753,1.0,0.0,0.5,none,True,True
11754,1.0,0.0,0.5,none,True,True
11755,1.0,0.0,0.5,none,True,True
11756,1.0,0.0,0.5,none,True,True
11757,1.0,0.0,0.5,none,True,True
11758,1.0,0.0,0.5,none,True,True
11759,1.0,0.0,0.5,none,True,True
11760,1.0,0.0,0.5,none,True,True
11761,1.0,0.0,0.5,none,True,True
11762,1.0,0.0,0.5,none,True,True
11763,1.0,0.0,0.5,none,True,True
11764,1.0,0.0,0.5,none,True,True
11765,1.0,0.0,0.5,none,True,True
11766,1.0,0.0,0.5,none,True,True
11767,1.0,0.0,0.5,none,True,True
11768,1.0,0.0,0.5,none,True,True
11769,1.0,0.0,0.5,none,True,True
11770,1.0,0.0,0.5,none,True,True
11771,1.0,0.0,0.5,none,True,True
11772,1.0,0.0,0.5,none,True,True
11773,1.0,0.0,0.5,none,True,True
11774,1.0,0.0,0.5,none,True,True
11775,1.0,0.0,0.5,none,True,True
11776,1.0,0.0,0.5,none,True,True
11777,1.0,0.0,0.5,none,True,True
11778,1.0,0.0,0.5,none,True,True
11779,1.0,0.0,0.5,none,True,True
11780,1.0,0.0,0.5,none,True,True
11781,1.0,0.0,0.5,none,True,True
11782,1.0,0.0,0.5,none,True,True
11783,1.0,0.0,0.5,none,True,True
11784,1.0,0.0,0.5,none,True,True
11785,1.0,0.0,0.5,none,True,True
11786,1.0,0.0,0.5,none,True,True
11787,1.0,0.0,0.5,none,True,True
11788,1.0,0.0,0.5,none,True,True
11789,1.0,0.0,0.5,none,True,True
11790,1.0,0.0,0.5,none,True,True
11791,1.0,0.0,0.5,none,True,True
11792,1.0,0.0,0.5,none,True,True
11793,1.0,0.0,0.5,none,True,True
11794,1.0,0.0,0.5,none,True,True
11795,1.0,0.0,0.5,none,True,True
11796,1.0,0.0,0.5,none,True,True
11797,1.0,0.0,0.5,none,True,True
11798,1.0,0.0,0.5,none,True,True
11799,1.0,0.0,0.5,none,True,True
11800,1.0,0.0,0.5,none,True,True
11801,1.0,0.0,0.5,none,True,True
11802,1.0,0.0,0.5,none,True,True
11803,1.0,0.0,0.5,none,True,True
11804,1.0,0.0,0.5,none,True,True
11805,1.0,0.0,0.5,none,True,True
11806,1.0,0.0,0.5,none,True,True
11807,1.0,0.0,0.5,none,True,True
11808,1.0,0.0,0.5,none,True,True
11809,1.0,0.0,0.5,none,True,True
11810,1.0,0.0,0.5,none,True,True
11811,1.0,0.0,0.5,none,True,True
11812,1.0,0.0,0.5,none,True,True
11813,1.0,0.0,0.5,none,True,True
11814,1.0,0.0,0.5,none,True,True
11815,1.0,0.0,0.5,none,True,True
11816,1.0,0.0,0.5,none,True,True
11817,1.0,0.0,0.5,none,True,True
11818,1.0,0.0,0.5,none,True,True
11819,1.0,0.0,0.5,none,True,True
11820,1.0,0.0,0.5,none,True,True
11821,1.0,0.0,0.5,none,True,True
11822,1.0,0.0,0.5,none,True,True
11823,1.0,0.0,0.5,none,True,True
11824,1.0,0.0,0.5,none,True,True
11825,1.0,0.0,0.5,none,True,True
11826,1.0,0.0,0.5,none,True,True
11827,1.0,0.0,0.5,none,True,True
11828,1.0,0.0,0.5,none,True,True
11829,1.0,0.0,0.5,none,True,True
11830,1.0,0.0,0.5,none,True,True
11831,1.0,0.0,0.5,none,True,True
11832,1.0,0.0,0.5,none,True,True
11833,1.0,0.0,0.5,none,True,True
11834,1.0,0.0,0.5,none,True,True
11835,1.0,0.0,0.5,none,True,True
11836,1.0,0.0,0.5,none,True,True
11837,1.0,0.0,0.5,none,True,True
11838,1.0,0.0,0.5,none,True,True
11839,1.0,0.0,0.5,none,True,True
11840,1.0,0.0,0.5,none,True,True
11841,1.0,0.0,0.5,none,True,True
11842,1.0,0.0,0.5,none,True,True
11843,1.0,0.0,0.5,none,True,True
11844,1.0,0.0,0.5,none,True,True
11845,1.0,0.0,0.5,none,True,True
11846,1.0,0.0,0.5,none,True,True
11847,1.0,0.0,0.5,none,True,True
11848,1.0,0.0,0.5,none,True,True
11849,1.0,0.0,0.5,none,True,True
11850,1.0,0.0,0.5,none,True,True
11851,1.0,0.0,0.5,none,True,True
11852,1.0,0.0,0.5,none,True,True
11853,1.0,0.0,0.5,none,True,True
11854,1.0,0.0,0.5,none,True,True
11855,1.0,0.0,0.5,none,True,True
11856,1.0,0.0,0.5,none,True,True
11857,1.0,0.0,0.5,none,True,True
11858,1.0,0.0,0.5,none,True,True
11859,1.0,0.0,0.5,none,True,True
11860,1.0,0.0,0.5,none,True,True
11861,1.0,0.0,0.5,none,True,True
11862,1.0,0.0,0.5,none,True,True
11863,1.0,0.0,0.5,none,True,True
11864,1.0,0.0,0.5,none,True,True
11865,1.0,0.0,0.5,none,True,True
11866,1.0,0.0,0.5,none,True,True
11867,1.0,0.0,0.5,none,True,True
11868,1.0,0.0,0.5,none,True,True
11869,1.0,0.0,0.5,none,True,True
11870,1.0,0.0,0.5,none,True,True
11871,1.0,0.0,0.5,none,True,True
11872,1.0,0.0,0.5,none,True,True
11873,1.0,0.0,0.5,none,True,True
11874,1.0,0.0,0.5,none,True,True
11875,1.0,0.0,0.5,none,True,True
11876,1.0,0.0,0.5,none,True,True
11877,1.0,0.0,0.5,none,True,True
11878,1.0,0.0,0.5,none,True,True
11879,1.0,0.0,0.5,none,True,True
11880,1.0,0.0,0.5,none,True,True
11881,1.0,0.0,0.5,none,True,True
11882,1.0,0.0,0.5,none,True,True
11883,1.0,0.0,0.5,none,True,True
11884,1.0,0.0,0.5,none,True,True
11885,1.0,0.0,0.5,none,True,True
11886,1.0,0.0,0.5,none,True,True
11887,1.0,0.0,0.5,none,True,True
11888,1.0,0.0,0.5,none,True,True
11889,1.0,0.0,0.5,none,True,True
11890,1.0,0.0,0.5,none,True,True
11891,1.0,0.0,0.5,none,True,True
11892,1.0,0.0,0.5,none,True,True
11893,1.0,0.0,0.5,none,True,True
11894,1.0,0.0,0.5,none,True,True
11895,1.0,0.0,0.5,none,True,True
11896,1.0,0.0,0.5,none,True,True
11897,1.0,0.0,0.5,none,True,True
11898,1.0,0.0,0.5,none,True,True
11899,1.0,0.0,0.5,none,True,True
11900,1.0,0.0061,0.5,none,True,True
11901,1.0,0.0357,0.5,none,True,True
11902,1.0,0.0812,0.5,none,True,True
11903,1.0,0.1113,0.5,none,True,True
11904,1.0,0.1253,0.5,none,True,True
11905,1.0,0.1408,0.5,none,True,True
11906,1.0,0.0907,0.5,none,True,True
11907,1.0,0.1198,0.5,none,True,True
11908,1.0,0.0467,0.5,none,True,True
11909,1.0,0.0522,0.5,none,True,True
11910,1.0,0.0405,0.5,none,True,True
11911,1.0,0.0313,0.5,none,True,True
11912,1.0,0.0083,0.5,none,True,True
11913,1.0,0.0726,0.5,none,True,True
11914,1.0,0.0793,0.5,none,True,True
11915,1.0,0.0581,0.5,none,True,True
11916,1.0,0.0955,0.5,none,True,True
11917,1.0,0.0839,0.5,none,True,True
11918,1.0,0.0648,0.5,none,True,True
11919,1.0,0.0718,0.5,none,True,True
11920,1.0,0.0589,0.5,none,True,True
11921,1.0,0.0403,0.5,none,True,True
11922,1.0,0.0327,0.5,none,True,True
11923,1.0,0.0277,0.5,none,True,True
11924,1.0,0.017,0.5,none,True,True
11925,1.0,0.0102,0.5,none,True,True
11926,1.0,0.0099,0.5,none,True,True
11927,1.0,0.008,0.5,none,True,True
11928,1.0,0.005,0.5,none,True,True
11929,1.0,0.0063,0.5,none,True,True
11930,1.0,0.009,0.5,none,True,True
11931,1.0,0.0096,0.5,none,True,True
11932,1.0,0.0108,0.5,none,True,True
11933,1.0,0.014,0.5,none,True,True
11934,1.0,0.0161,0.5,none,True,True
11935,1.0,0.0167,0.5,none,True,True
11936,1.0,0.0182,0.5,none,True,True
11937,1.0,0.0196,0.5,none,True,True
11938,1.0,0.0197,0.5,none,True,True
11939,1.0,0.0193,0.5,none,True,True
11940,1.0,0.0193,0.5,none,True,True
11941,1.0,0.0187,0.5,none,True,True
11942,1.0,0.0174,0.5,none,True,True
11943,1.0,0.0163,0.5,none,True,True
11944,1.0,0.0152,0.5,none,True,True
11945,1.0,0.0138,0.5,none,True,True
11946,1.0,0.0123,0.5,none,True,True
11947,1.0,0.0111,0.5,none,True,True
11948,1.0,0.01,0.5,none,True,True
11949,1.0,0.0088,0.5,none,True,True
11950,1.0,0.0078,0.5,none,True,True
11951,1.0,0.0071,0.5,none,True,True
11952,1.0,0.0064,0.5,none,True,True
11953,1.0,0.0057,0.5,none,True,True
11954,1.0,0.0053,0.5,none,True,True
11955,1.0,0.005,0.5,none,True,True
11956,1.0,0.0047,0.5,none,True,True
11957,1.0,0.0045,0.5,none,True,True
11958,1.0,0.0044,0.5,none,True,True
11959,1.0,0.0043,0.5,none,True,True
11960,1.0,0.0042,0.5,none,True,True
11961,1.0,0.0041,0.5,none,True,True
11962,1.0,0.004,0.5,none,True,True
11963,1.0,0.0039,0.5,none,True,True
11964,1.0,0.0038,0.5,none,True,True
11965,1.0,0.0037,0.5,none,True,True
11966,1.0,0.0035,0.5,none,True,True
11967,1.0,0.0033,0.5,none,True,True
11968,1.0,0.0032,0.5,none,True,True
11969,1.0,0.003,0.5,none,True,True
11970,1.0,0.0028,0.5,none,True,True
11971,1.0,0.0026,0.5,none,True,True
11972,1.0,0.0024,0.5,none,True,True
11973,1.0,0.0023,0.5,none,True,True
11974,1.0,0.0021,0.5,none,True,True
11975,1.0,0.0019,0.5,none,True,True
11976,1.0,0.0018,0.5,none,True,True
11977,1.0,0.0017,0.5,none,True,True
11978,1.0,0.0015,0.5,none,True,True
11979,1.0,0.0014,0.5,none,True,True
11980,1.0,0.0013,0.5,none,True,True
11981,1.0,0.0013,0.5,none,True,True
11982,1.0,0.0012,0.5,none,True,True
11983,1.0,0.0011,0.5,none,True,True
11984,1.0,0.0011,0.5,none,True,True
11985,1.0,0.001,0.5,none,True,True
11986,1.0,0.001,0.5,none,True,True
11987,1.0,0.0009,0.5,none,True,True
11988,1.0,0.0009,0.5,none,True,True
11989,1.0,0.0008,0.5,none,True,True
11990,1.0,0.0008,0.5,none,True,True
11991,1.0,0.0008,0.5,none,True,True
11992,1.0,0.0007,0.5,none,True,True
11993,1.0,0.0007,0.5,none,True,True
11994,1.0,0.0006,0.5,none,True,True
11995,1.0,0.0006,0.5,none,True,True
11996,1.0,0.0006,0.5,none,True,True
11997,1.0,0.0005,0.5,none,True,True
11998,1.0,0.0005,0.5,none,True,True
11999,1.0,0.0005,0.5,none,True,True
12000,1.0,0.0004,0.5,none,True,True
12001,1.0,0.0004,0.5,none,True,True
12002,1.0,0.0004,0.5,none,True,True
12003,1.0,0.0004,0.5,none,True,True
12004,1.0,0.0003,0.5,none,True,True
12005,1.0,0.0003,0.5,none,True,True
12006,1.0,0.0003,0.5,none,True,True
12007,1.0,0.0003,0.5,none,True,True
12008,1.0,0.0003,0.5,none,True,True
12009,1.0,0.0003,0.5,none,True,True
12010,1.0,0.0002,0.5,none,True,True
12011,1.0,0.0002,0.5,none,True,True
12012,1.0,0.0002,0.5,none,True,True
12013,1.0,0.0002,0.5,none,True,True
12014,1.0,0.0002,0.5,none,True,True
12015,1.0,0.0002,0.5,none,True,True
12016,1.0,0.0002,0.5,none,True,True
12017,1.0,0.0002,0.5,none,True,True
12018,1.0,0.0002,0.5,none,True,True
12019,1.0,0.0001,0.5,none,True,True
12020,1.0,0.0001,0.5,none,True,True
12021,1.0,0.0001,0.5,none,True,True
12022,1.0,0.0001,0.5,none,True,True
12023,1.0,0.0001,0.5,none,True,True
12024,1.0,0.0001,0.5,none,True,True
12025,1.0,0.0001,0.5,none,True,True
12026,1.0,0.0001,0.5,none,True,True
12027,1.0,0.0001,0.5,none,True,True
12028,1.0,0.0001,0.5,none,True,True
12029,1.0,0.0001,0.5,none,True,True
12030,1.0,0.0001,0.5,none,True,True
12031,1.0,0.0001,0.5,none,True,True
12032,1.0,0.0001,0.5,none,True,True
12033,1.0,0.0001,0.5,none,True,True
12034,1.0,0.0001,0.5,none,True,True
12035,1.0,0.0001,0.5,none,True,True
12036,1.0,0.0001,0.5,none,True,True
12037,1.0,0.0,0.5,none,True,True
12038,1.0,0.0,0.5,none,True,True
12039,1.0,0.0,0.5,none,True,True
12040,1.0,0.0,0.5,none,True,True
12041,1.0,0.0,0.5,none,True,True
12042,1.0,0.0,0.5,none,True,True
12043,1.0,0.0,0.5,none,True,True
12044,1.0,0.0,0.5,none,True,True
12045,1.0,0.0,0.5,none,True,True
12046,1.0,0.0,0.5,none,True,True
12047,1.0,0.0,0.5,none,True,True
12048,1.0,0.0,0.5,none,True,True
12049,1.0,0.0,0.5,none,True,True
12050,1.0,0.0,0.5,none,True,True
12051,1.0,0.0,0.5,none,True,True
12052,1.0,0.0,0.5,none,True,True
12053,1.0,0.0,0.5,none,True,True
12054,1.0,0.0,0.5,none,True,True
12055,1.0,0.0,0.5,none,True,True
12056,1.0,0.0,0.5,none,True,True
12057,1.0,0.0,0.5,none,True,True
12058,1.0,0.0,0.5,none,True,True
12059,1.0,0.0,0.5,none,True,True
12060,1.0,0.0,0.5,none,True,True
12061,1.0,0.0,0.5,none,True,True
12062,1.0,0.0,0.5,none,True,True
12063,1.0,0.0,0.5,none,True,True
12064,1.0,0.0,0.5,none,True,True
12065,1.0,0.0,0.5,none,True,True
12066,1.0,0.0,0.5,none,True,True
12067,1.0,0.0,0.5,none,True,True
12068,1.0,0.0,0.5,none,True,True
12069,1.0,0.0,0.5,none,True,True
12070,1.0,0.0,0.5,none,True,True
12071,1.0,0.0,0.5,none,True,True
12072,1.0,0.0,0.5,none,True,True
12073,1.0,0.0,0.5,none,True,True
12074,1.0,0.0,0.5,none,True,True
12075,1.0,0.0,0.5,none,True,True
12076,1.0,0.0,0.5,none,True,True
12077,1.0,0.0,0.5,none,True,True
12078,1.0,0.0,0.5,none,True,True
12079,1.0,0.0,0.5,none,True,True
12080,1.0,0.0,0.5,none,True,True
12081,1.0,0.0,0.5,none,True,True
12082,1.0,0.0,0.5,none,True,True
12083,1.0,0.0,0.5,none,True,True
12084,1.0,0.0,0.5,none,True,True
12085,1.0,0.0,0.5,none,True,True
12086,1.0,0.0,0.5,none,True,True
12087,1.0,0.0,0.5,none,True,True
12088,1.0,0.0,0.5,none,True,True
12089,1.0,0.0,0.5,none,True,True
12090,1.0,0.0,0.5,none,True,True
12091,1.0,0.0,0.5,none,True,True
12092,1.0,0.0,0.5,none,True,True
12093,1.0,0.0,0.5,none,True,True
12094,1.0,0.0,0.5,none,True,True
12095,1.0,0.0,0.5,none,True,True
12096,1.0,0.0,0.5,none,True,True
12097,1.0,0.0,0.5,none,True,True
12098,1.0,0.0,0.5,none,True,True
12099,1.0,0.0,0.5,none,True,True
12100,1.0,0.0,0.5,none,True,True
12101,1.0,0.0,0.5,none,True,True
12102,1.0,0.0,0.5,none,True,True
12103,1.0,0.0,0.5,none,True,True
12104,1.0,0.0,0.5,none,True,True
12105,1.0,0.0,0.5,none,True,True
12106,1.0,0.0,0.5,none,True,True
12107,1.0,0.0,0.5,none,True,True
12108,1.0,0.0,0.5,none,True,True
12109,1.0,0.0,0.5,none,True,True
12110,1.0,0.0,0.5,none,True,True
12111,1.0,0.0,0.5,none,True,True
12112,1.0,0.0,0.5,none,True,True
12113,1.0,0.0,0.5,none,True,True
12114,1.0,0.0,0.5,none,True,True
12115,1.0,0.0,0.5,none,True,True
12116,1.0,0.0,0.5,none,True,True
12117,1.0,0.0,0.5,none,True,True
12118,1.0,0.0,0.5,none,True,True
12119,1.0,0.0,0.5,none,True,True
12120,1.0,0.0,0.5,none,True,True
12121,1.0,0.0,0.5,none,True,True
12122,1.0,0.0,0.5,none,True,True
12123,1.0,0.0,0.5,none,True,True
12124,1.0,0.0,0.5,none,True,True
12125,1.0,0.0,0.5,none,True,True
12126,1.0,0.0,0.5,none,True,True
12127,1.0,0.0,0.5,none,True,True
12128,1.0,0.0,0.5,none,True,True
12129,1.0,0.0,0.5,none,True,True
12130,1.0,0.0,0.5,none,True,True
12131,1.0,0.0,0.5,none,True,True
12132,1.0,0.0,0.5,none,True,True
12133,1.0,0.0,0.5,none,True,True
12134,1.0,0.0,0.5,none,True,True
12135,1.0,0.0,0.5,none,True,True
12136,1.0,0.0,0.5,none,True,True
12137,1.0,0.0,0.5,none,True,True
12138,1.0,0.0,0.5,none,True,True
12139,1.0,0.0,0.5,none,True,True
12140,1.0,0.0,0.5,none,True,True
12141,1.0,0.0,0.5,none,True,True
12142,1.0,0.0,0.5,none,True,True
12143,1.0,0.0,0.5,none,True,True
12144,1.0,0.0,0.5,none,True,True
12145,1.0,0.0,0.5,none,True,True
12146,1.0,0.0,0.5,none,True,True
12147,1.0,0.0,0.5,none,True,True
12148,1.0,0.0,0.5,none,True,True
12149,1.0,0.0,0.5,none,True,True
12150,1.0,0.0,0.5,none,True,True
12151,1.0,0.0,0.5,none,True,True
12152,1.0,0.0,0.5,none,True,True
12153,1.0,0.0,0.5,none,True,True
12154,1.0,0.0,0.5,none,True,True
12155,1.0,0.0,0.5,none,True,True
12156,1.0,0.0,0.5,none,True,True
12157,1.0,0.0,0.5,none,True,True
12158,1.0,0.0,0.5,none,True,True
12159,1.0,0.0,0.5,none,True,True
12160,1.0,0.0,0.5,none,True,True
12161,1.0,0.0,0.5,none,True,True
12162,1.0,0.0,0.5,none,True,True
12163,1.0,0.0,0.5,none,True,True
12164,1.0,0.0,0.5,none,True,True
12165,1.0,0.0,0.5,none,True,True
12166,1.0,0.0,0.5,none,True,True
12167,1.0,0.0,0.5,none,True,True
12168,1.0,0.0,0.5,none,True,True
12169,1.0,0.0,0.5,none,True,True
12170,1.0,0.0,0.5,none,True,True
12171,1.0,0.0,0.5,none,True,True
12172,1.0,0.0,0.5,none,True,True
12173,1.0,0.0,0.5,none,True,True
12174,1.0,0.0,0.5,none,True,True
12175,1.0,0.0,0.5,none,True,True
12176,1.0,0.0,0.5,none,True,True
12177,1.0,0.0,0.5,none,True,True
12178,1.0,0.0,0.5,none,True,True
12179,1.0,0.0,0.5,none,True,True
12180,1.0,0.0,0.5,none,True,True
12181,1.0,0.0,0.5,none,True,True
12182,1.0,0.0,0.5,none,True,True
12183,1.0,0.0,0.5,none,True,True
12184,1.0,0.0,0.5,none,True,True
12185,1.0,0.0,0.5,none,True,True
12186,1.0,0.0,0.5,none,True,True
12187,1.0,0.0,0.5,none,True,True
12188,1.0,0.0,0.5,none,True,True
12189,1.0,0.0,0.5,none,True,True
12190,1.0,0.0,0.5,none,True,True
12191,1.0,0.0,0.5,none,True,True
12192,1.0,0.0,0.5,none,True,True
12193,1.0,0.0,0.5,none,True,True
12194,1.0,0.0,0.5,none,True,True
12195,1.0,0.0,0.5,none,True,True
12196,1.0,0.0,0.5,none,True,True
12197,1.0,0.0,0.5,none,True,True
12198,1.0,0.0,0.5,none,True,True
12199,1.0,0.0,0.5,none,True,True
12200,1.0,0.0,0.5,none,True,True
12201,1.0,0.0,0.5,none,True,True
12202,1.0,0.0,0.5,none,True,True
12203,1.0,0.0,0.5,none,True,True
12204,1.0,0.0,0.5,none,True,True
12205,1.0,0.0,0.5,none,True,True
12206,1.0,0.0,0.5,none,True,True
12207,1.0,0.0,0.5,none,True,True
12208,1.0,0.0,0.5,none,True,True
12209,1.0,0.0,0.5,none,True,True
12210,1.0,0.0,0.5,none,True,True
12211,1.0,0.0,0.5,none,True,True
12212,1.0,0.0,0.5,none,True,True
12213,1.0,0.0,0.5,none,True,True
12214,1.0,0.0,0.5,none,True,True
12215,1.0,0.0,0.5,none,True,True
12216,1.0,0.0,0.5,none,True,True
12217,1.0,0.0,0.5,none,True,True
12218,1.0,0.0,0.5,none,True,True
12219,1.0,0.0,0.5,none,True,True
12220,1.0,0.0,0.5,none,True,True
12221,1.0,0.0,0.5,none,True,True
12222,1.0,0.0,0.5,none,True,True
12223,1.0,0.0,0.5,none,True,True
12224,1.0,0.0,0.5,none,True,True
12225,1.0,0.0,0.5,none,True,True
12226,1.0,0.0,0.5,none,True,True
12227,1.0,0.0,0.5,none,True,True
12228,1.0,0.0,0.5,none,True,True
12229,1.0,0.0,0.5,none,True,True
12230,1.0,0.0,0.5,none,True,True
12231,1.0,0.0,0.5,none,True,True
12232,1.0,0.0,0.5,none,True,True
12233,1.0,0.0,0.5,none,True,True
12234,1.0,0.0,0.5,none,True,True
12235,1.0,0.0,0.5,none,True,True
12236,1.0,0.0,0.5,none,True,True
12237,1.0,0.0,0.5,none,True,True
12238,1.0,0.0,0.5,none,True,True
12239,1.0,0.0,0.5,none,True,True
12240,1.0,0.0,0.5,none,True,True
12241,1.0,0.0,0.5,none,True,True
12242,1.0,0.0,0.5,none,True,True
12243,1.0,0.0,0.5,none,True,True
12244,1.0,0.0,0.5,none,True,True
12245,1.0,0.0,0.5,none,True,True
12246,1.0,0.0,0.5,none,True,True
12247,1.0,0.0,0.5,none,True,True
12248,1.0,0.0,0.5,none,True,True
12249,1.0,0.0,0.5,none,True,True
12250,1.0,0.0,0.5,none,True,True
12251,1.0,0.0,0.5,none,True,True
12252,1.0,0.0,0.5,none,True,True
12253,1.0,0.0,0.5,none,True,True
12254,1.0,0.0,0.5,none,True,True
12255,1.0,0.0,0.5,none,True,True
12256,1.0,0.0,0.5,none,True,True
12257,1.0,0.0,0.5,none,True,True
12258,1.0,0.0,0.5,none,True,True
12259,1.0,0.0,0.5,none,True,True
12260,1.0,0.0,0.5,none,True,True
12261,1.0,0.0,0.5,none,True,True
12262,1.0,0.0,0.5,none,True,True
12263,1.0,0.0,0.5,none,True,True
12264,1.0,0.0,0.5,none,True,True
12265,1.0,0.0,0.5,none,True,True
12266,1.0,0.0,0.5,none,True,True
12267,1.0,0.0,0.5,none,True,True
12268,1.0,0.0,0.5,none,True,True
12269,1.0,0.0,0.5,none,True,True
12270,1.0,0.0,0.5,none,True,True
12271,1.0,0.0,0.5,none,True,True
12272,1.0,0.0,0.5,none,True,True
12273,1.0,0.0,0.5,none,True,True
12274,1.0,0.0,0.5,none,True,True
12275,1.0,0.0,0.5,none,True,True
12276,1.0,0.0,0.5,none,True,True
12277,1.0,0.0,0.5,none,True,True
12278,1.0,0.0,0.5,none,True,True
12279,1.0,0.0,0.5,none,True,True
12280,1.0,0.0,0.5,none,True,True
12281,1.0,0.0,0.5,none,True,True
12282,1.0,0.0,0.5,none,True,True
12283,1.0,0.0,0.5,none,True,True
12284,1.0,0.0,0.5,none,True,True
12285,1.0,0.0,0.5,none,True,True
12286,1.0,0.0,0.5,none,True,True
12287,1.0,0.0,0.5,none,True,True
12288,1.0,0.0,0.5,none,True,True
12289,1.0,0.0,0.5,none,True,True
12290,1.0,0.0,0.5,none,True,True
12291,1.0,0.0,0.5,none,True,True
12292,1.0,0.0,0.5,none,True,True
12293,1.0,0.0,0.5,none,True,True
12294,1.0,0.0,0.5,none,True,True
12295,1.0,0.0,0.5,none,True,True
12296,1.0,0.0,0.5,none,True,True
12297,1.0,0.0,0.5,none,True,True
12298,1.0,0.0,0.5,none,True,True
12299,1.0,0.0,0.5,none,True,True
12300,1.0,0.0,0.5,none,True,True
12301,1.0,0.0,0.5,none,True,True
12302,1.0,0.0,0.5,none,True,True
12303,1.0,0.0,0.5,none,True,True
12304,1.0,0.0,0.5,none,True,True
12305,1.0,0.0,0.5,none,True,True
12306,1.0,0.0,0.5,none,True,True
12307,1.0,0.0,0.5,none,True,True
12308,1.0,0.0,0.5,none,True,True
12309,1.0,0.0,0.5,none,True,True
12310,1.0,0.0,0.5,none,True,True
12311,1.0,0.0,0.5,none,True,True
12312,1.0,0.0,0.5,none,True,True
12313,1.0,0.0,0.5,none,True,True
12314,1.0,0.0,0.5,none,True,True
12315,1.0,0.0,0.5,none,True,True
12316,1.0,0.0,0.5,none,True,True
12317,1.0,0.0,0.5,none,True,True
12318,1.0,0.0,0.5,none,True,True
12319,1.0,0.0,0.5,none,True,True
12320,1.0,0.0,0.5,none,True,True
12321,1.0,0.0,0.5,none,True,True
12322,1.0,0.0,0.5,none,True,True
12323,1.0,0.0,0.5,none,True,True
12324,1.0,0.0,0.5,none,True,True
12325,1.0,0.0,0.5,none,True,True
12326,1.0,0.0,0.5,none,True,True
12327,1.0,0.0,0.5,none,True,True
12328,1.0,0.0,0.5,none,True,True
12329,1.0,0.0,0.5,none,True,True
12330,1.0,0.0,0.5,none,True,True
12331,1.0,0.0,0.5,none,True,True
12332,1.0,0.0,0.5,none,True,True
12333,1.0,0.0,0.5,none,True,True
12334,1.0,0.0,0.5,none,True,True
12335,1.0,0.0,0.5,none,True,True
12336,1.0,0.0,0.5,none,True,True
12337,1.0,0.0,0.5,none,True,True
12338,1.0,0.0,0.5,none,True,True
12339,1.0,0.0,0.5,none,True,True
12340,1.0,0.0,0.5,none,True,True
12341,1.0,0.0,0.5,none,True,True
12342,1.0,0.0,0.5,none,True,True
12343,1.0,0.0,0.5,none,True,True
12344,1.0,0.0,0.5,none,True,True
12345,1.0,0.0,0.5,none,True,True
12346,1.0,0.0,0.5,none,True,True
12347,1.0,0.0,0.5,none,True,True
12348,1.0,0.0,0.5,none,True,True
12349,1.0,0.0,0.5,none,True,True
12350,1.0,0.0,0.5,none,True,True
12351,1.0,0.0,0.5,none,True,True
12352,1.0,0.0,0.5,none,True,True
12353,1.0,0.0,0.5,none,True,True
12354,1.0,0.0,0.5,none,True,True
12355,1.0,0.0,0.5,none,True,True
12356,1.0,0.0,0.5,none,True,True
12357,1.0,0.0,0.5,none,True,True
12358,1.0,0.0,0.5,none,True,True
12359,1.0,0.0,0.5,none,True,True
12360,1.0,0.0,0.5,none,True,True
12361,1.0,0.0,0.5,none,True,True
12362,1.0,0.0,0.5,none,True,True
12363,1.0,0.0,0.5,none,True,True
12364,1.0,0.0,0.5,none,True,True
12365,1.0,0.0,0.5,none,True,True
12366,1.0,0.0,0.5,none,True,True
12367,1.0,0.0,0.5,none,True,True
12368,1.0,0.0,0.5,none,True,True
12369,1.0,0.0,0.5,none,True,True
12370,1.0,0.0,0.5,none,True,True
12371,1.0,0.0,0.5,none,True,True
12372,1.0,0.0,0.5,none,True,True
12373,1.0,0.0,0.5,none,True,True
12374,1.0,0.0,0.5,none,True,True
12375,1.0,0.0,0.5,none,True,True
12376,1.0,0.0,0.5,none,True,True
12377,1.0,0.0,0.5,none,True,True
12378,1.0,0.0,0.5,none,True,True
12379,1.0,0.0,0.5,none,True,True
12380,1.0,0.0,0.5,none,True,True
12381,1.0,0.0,0.5,none,True,True
12382,1.0,0.0,0.5,none,True,True
12383,1.0,0.0,0.5,none,True,True
12384,1.0,0.0,0.5,none,True,True
12385,1.0,0.0,0.5,none,True,True
12386,1.0,0.0,0.5,none,True,True
12387,1.0,0.0,0.5,none,True,True
12388,1.0,0.0,0.5,none,True,True
12389,1.0,0.0,0.5,none,True,True
12390,1.0,0.0,0.5,none,True,True
12391,1.0,0.0,0.5,none,True,True
12392,1.0,0.0,0.5,none,True,True
12393,1.0,0.0,0.5,none,True,True
12394,1.0,0.0,0.5,none,True,True
12395,1.0,0.0,0.5,none,True,True
12396,1.0,0.0,0.5,none,True,True
12397,1.0,0.0,0.5,none,True,True
12398,1.0,0.0,0.5,none,True,True
12399,1.0,0.0,0.5,none,True,True
12400,1.0,0.0,0.5,none,True,True
12401,1.0,0.0,0.5,none,True,True
12402,1.0,0.0,0.5,none,True,True
12403,1.0,0.0,0.5,none,True,True
12404,1.0,0.0,0.5,none,True,True
12405,1.0,0.0,0.5,none,True,True
12406,1.0,0.0,0.5,none,True,True
12407,1.0,0.0,0.5,none,True,True
12408,1.0,0.0,0.5,none,True,True
12409,1.0,0.0,0.5,none,True,True
12410,1.0,0.0,0.5,none,True,True
12411,1.0,0.0,0.5,none,True,True
12412,1.0,0.0,0.5,none,True,True
12413,1.0,0.0,0.5,none,True,True
12414,1.0,0.0,0.5,none,True,True
12415,1.0,0.0,0.5,none,True,True
12416,1.0,0.0,0.5,none,True,True
12417,1.0,0.0,0.5,none,True,True
12418,1.0,0.0,0.5,none,True,True
12419,1.0,0.0,0.5,none,True,True
12420,1.0,0.0,0.5,none,True,True
12421,1.0,0.0,0.5,none,True,True
12422,1.0,0.0,0.5,none,True,True
12423,1.0,0.0,0.5,none,True,True
12424,1.0,0.0,0.5,none,True,True
12425,1.0,0.0,0.5,none,True,True
12426,1.0,0.0,0.5,none,True,True
12427,1.0,0.0,0.5,none,True,True
12428,1.0,0.0,0.5,none,True,True
12429,1.0,0.0,0.5,none,True,True
12430,1.0,0.0,0.5,none,True,True
12431,1.0,0.0,0.5,none,True,True
12432,1.0,0.0,0.5,none,True,True
12433,1.0,0.0,0.5,none,True,True
12434,1.0,0.0,0.5,none,True,True
12435,1.0,0.0,0.5,none,True,True
12436,1.0,0.0,0.5,none,True,True
12437,1.0,0.0,0.5,none,True,True
12438,1.0,0.0,0.5,none,True,True
12439,1.0,0.0,0.5,none,True,True
12440,1.0,0.0,0.5,none,True,True
12441,1.0,0.0,0.5,none,True,True
12442,1.0,0.0,0.5,none,True,True
12443,1.0,0.0,0.5,none,True,True
12444,1.0,0.0,0.5,none,True,True
12445,1.0,0.0,0.5,none,True,True
12446,1.0,0.0,0.5,none,True,True
12447,1.0,0.0,0.5,none,True,True
12448,1.0,0.0,0.5,none,True,True
12449,1.0,0.0,0.5,none,True,True
12450,1.0,0.0,0.5,none,True,True
12451,1.0,0.0,0.5,none,True,True
12452,1.0,0.0,0.5,none,True,True
12453,1.0,0.0,0.5,none,True,True
12454,1.0,0.0,0.5,none,True,True
12455,1.0,0.0,0.5,none,True,True
12456,1.0,0.0,0.5,none,True,True
12457,1.0,0.0,0.5,none,True,True
12458,1.0,0.0,0.5,none,True,True
12459,1.0,0.0,0.5,none,True,True
12460,1.0,0.0,0.5,none,True,True
12461,1.0,0.0,0.5,none,True,True
12462,1.0,0.0,0.5,none,True,True
12463,1.0,0.0,0.5,none,True,True
12464,1.0,0.0,0.5,none,True,True
12465,1.0,0.0,0.5,none,True,True
12466,1.0,0.0,0.5,none,True,True
12467,1.0,0.0,0.5,none,True,True
12468,1.0,0.0,0.5,none,True,True
12469,1.0,0.0,0.5,none,True,True
12470,1.0,0.0,0.5,none,True,True
12471,1.0,0.0,0.5,none,True,True
12472,1.0,0.0,0.5,none,True,True
12473,1.0,0.0,0.5,none,True,True
12474,1.0,0.0,0.5,none,True,True
12475,1.0,0.0,0.5,none,True,True
12476,1.0,0.0,0.5,none,True,True
12477,1.0,0.0,0.5,none,True,True
12478,1.0,0.0,0.5,none,True,True
12479,1.0,0.0,0.5,none,True,True
12480,1.0,0.0,0.5,none,True,True
12481,1.0,0.0,0.5,none,True,True
12482,1.0,0.0,0.5,none,True,True
12483,1.0,0.0,0.5,none,True,True
12484,1.0,0.0,0.5,none,True,True
12485,1.0,0.0,0.5,none,True,True
12486,1.0,0.0,0.5,none,True,True
12487,1.0,0.0,0.5,none,True,True
12488,1.0,0.0,0.5,none,True,True
12489,1.0,0.0,0.5,none,True,True
12490,1.0,0.0,0.5,none,True,True
12491,1.0,0.0,0.5,none,True,True
12492,1.0,0.0,0.5,none,True,True
12493,1.0,0.0,0.5,none,True,True
12494,1.0,0.0,0.5,none,True,True
12495,1.0,0.0,0.5,none,True,True
12496,1.0,0.0,0.5,none,True,True
12497,1.0,0.0,0.5,none,True,True
12498,1.0,0.0,0.5,none,True,True
12499,1.0,0.0,0.5,none,True,True
12500,1.0,0.0,0.5,none,True,True
12501,1.0,0.0,0.5,none,True,True
12502,1.0,0.0,0.5,none,True,True
12503,1.0,0.0,0.5,none,True,True
12504,1.0,0.0,0.5,none,True,True
12505,1.0,0.0,0.5,none,True,True
12506,1.0,0.0,0.5,none,True,True
12507,1.0,0.0,0.5,none,True,True
12508,1.0,0.0,0.5,none,True,True
12509,1.0,0.0,0.5,none,True,True
12510,1.0,0.0,0.5,none,True,True
12511,1.0,0.0,0.5,none,True,True
12512,1.0,0.0,0.5,none,True,True
12513,1.0,0.0,0.5,none,True,True
12514,1.0,0.0,0.5,none,True,True
12515,1.0,0.0,0.5,none,True,True
12516,1.0,0.0,0.5,none,True,True
12517,1.0,0.0,0.5,none,True,True
12518,1.0,0.0,0.5,none,True,True
12519,1.0,0.0,0.5,none,True,True
12520,1.0,0.0,0.5,none,True,True
12521,1.0,0.0,0.5,none,True,True
12522,1.0,0.0,0.5,none,True,True
12523,1.0,0.0,0.5,none,True,True
12524,1.0,0.0,0.5,none,True,True
12525,1.0,0.0,0.5,none,True,True
12526,1.0,0.0,0.5,none,True,True
12527,1.0,0.0,0.5,none,True,True
12528,1.0,0.0,0.5,none,True,True
12529,1.0,0.0,0.5,none,True,True
12530,1.0,0.0,0.5,none,True,True
12531,1.0,0.0,0.5,none,True,True
12532,1.0,0.0,0.5,none,True,True
12533,1.0,0.0,0.5,none,True,True
12534,1.0,0.0,0.5,none,True,True
12535,1.0,0.0,0.5,none,True,True
12536,1.0,0.0,0.5,none,True,True
12537,1.0,0.0,0.5,none,True,True
12538,1.0,0.0,0.5,none,True,True
12539,1.0,0.0,0.5,none,True,True
12540,1.0,0.0,0.5,none,True,True
12541,1.0,0.0,0.5,none,True,True
12542,1.0,0.0,0.5,none,True,True
12543,1.0,0.0,0.5,none,True,True
12544,1.0,0.0,0.5,none,True,True
12545,1.0,0.0,0.5,none,True,True
12546,1.0,0.0,0.5,none,True,True
12547,1.0,0.0,0.5,none,True,True
12548,1.0,0.0,0.5,none,True,True
12549,1.0,0.0,0.5,none,True,True
12550,1.0,0.0,0.5,none,True,True
12551,1.0,0.0,0.5,none,True,True
12552,1.0,0.0,0.5,none,True,True
12553,1.0,0.0,0.5,none,True,True
12554,1.0,0.0,0.5,none,True,True
12555,1.0,0.0,0.5,none,True,True
12556,1.0,0.0,0.5,none,True,True
12557,1.0,0.0,0.5,none,True,True
12558,1.0,0.0,0.5,none,True,True
12559,1.0,0.0,0.5,none,True,True
12560,1.0,0.0,0.5,none,True,True
12561,1.0,0.0,0.5,none,True,True
12562,1.0,0.0,0.5,none,True,True
12563,1.0,0.0,0.5,none,True,True
12564,1.0,0.0,0.5,none,True,True
12565,1.0,0.0,0.5,none,True,True
12566,1.0,0.0,0.5,none,True,True
12567,1.0,0.0,0.5,none,True,True
12568,1.0,0.0,0.5,none,True,True
12569,1.0,0.0,0.5,none,True,True
12570,1.0,0.0,0.5,none,True,True
12571,1.0,0.0,0.5,none,True,True
12572,1.0,0.0,0.5,none,True,True
12573,1.0,0.0,0.5,none,True,True
12574,1.0,0.0,0.5,none,True,True
12575,1.0,0.0,0.5,none,True,True
12576,1.0,0.0,0.5,none,True,True
12577,1.0,0.0,0.5,none,True,True
12578,1.0,0.0,0.5,none,True,True
12579,1.0,0.0,0.5,none,True,True
12580,1.0,0.0,0.5,none,True,True
12581,1.0,0.0,0.5,none,True,True
12582,1.0,0.0,0.5,none,True,True
12583,1.0,0.0,0.5,none,True,True
12584,1.0,0.0,0.5,none,True,True
12585,1.0,0.0,0.5,none,True,True
12586,1.0,0.0,0.5,none,True,True
12587,1.0,0.0,0.5,none,True,True
12588,1.0,0.0,0.5,none,True,True
12589,1.0,0.0,0.5,none,True,True
12590,1.0,0.0,0.5,none,True,True
12591,1.0,0.0,0.5,none,True,True
12592,1.0,0.0,0.5,none,True,True
12593,1.0,0.0,0.5,none,True,True
12594,1.0,0.0,0.5,none,True,True
12595,1.0,0.0,0.5,none,True,True
12596,1.0,0.0,0.5,none,True,True
12597,1.0,0.0,0.5,none,True,True
12598,1.0,0.0,0.5,none,True,True
12599,1.0,0.0,0.5,none,True,True
12600,1.0,0.0061,0.5,none,True,True
12601,1.0,0.0357,0.5,none,True,True
12602,1.0,0.0812,0.5,none,True,True
12603,1.0,0.1113,0.5,none,True,True
12604,1.0,0.1253,0.5,none,True,True
12605,1.0,0.1408,0.5,none,True,True
12606,1.0,0.0907,0.5,none,True,True
12607,1.0,0.1198,0.5,none,True,True
12608,1.0,0.0467,0.5,none,True,True
12609,1.0,0.0522,0.5,none,True,True
12610,1.0,0.0405,0.5,none,True,True
12611,1.0,0.0313,0.5,none,True,True
12612,1.0,0.0083,0.5,none,True,True
12613,1.0,0.0726,0.5,none,True,True
12614,1.0,0.0793,0.5,none,True,True
12615,1.0,0.0581,0.5,none,True,True
12616,1.0,0.0955,0.5,none,True,True
12617,1.0,0.0839,0.5,none,True,True
12618,1.0,0.0648,0.5,none,True,True
12619,1.0,0.0718,0.5,none,True,True
12620,1.0,0.0589,0.5,none,True,True
12621,1.0,0.0403,0.5,none,True,True
12622,1.0,0.0327,0.5,none,True,True
12623,1.0,0.0277,0.5,none,True,True
12624,1.0,0.017,0.5,none,True,True
12625,1.0,0.0102,0.5,none,True,True
12626,1.0,0.0099,0.5,none,True,True
12627,1.0,0.008,0.5,none,True,True
12628,1.0,0.005,0.5,none,True,True
12629,1.0,0.0063,0.5,none,True,True
12630,1.0,0.009,0.5,none,True,True
12631,1.0,0.0096,0.5,none,True,True
12632,1.0,0.0108,0.5,none,True,True
12633,1.0,0.014,0.5,none,True,True
12634,1.0,0.0161,0.5,none,True,True
12635,1.0,0.0167,0.5,none,True,True
12636,1.0,0.0182,0.5,none,True,True
12637,1.0,0.0196,0.5,none,True,True
12638,1.0,0.0197,0.5,none,True,True
12639,1.0,0.0193,0.5,none,True,True
12640,1.0,0.0193,0.5,none,True,True
12641,1.0,0.0187,0.5,none,True,True
12642,1.0,0.0174,0.5,none,True,True
12643,1.0,0.0163,0.5,none,True,True
12644,1.0,0.0152,0.5,none,True,True
12645,1.0,0.0138,0.5,none,True,True
12646,1.0,0.0123,0.5,none,True,True
12647,1.0,0.0111,0.5,none,True,True
12648,1.0,0.01,0.5,none,True,True
12649,1.0,0.0088,0.5,none,True,True
12650,1.0,0.0078,0.5,none,True,True
12651,1.0,0.0071,0.5,none,True,True
12652,1.0,0.0064,0.5,none,True,True
12653,1.0,0.0057,0.5,none,True,True
12654,1.0,0.0053,0.5,none,True,True
12655,1.0,0.005,0.5,none,True,True
12656,1.0,0.0047,0.5,none,True,True
12657,1.0,0.0045,0.5,none,True,True
12658,1.0,0.0044,0.5,none,True,True
12659,1.0,0.0043,0.5,none,True,True
12660,1.0,0.0042,0.5,none,True,True
12661,1.0,0.0041,0.5,none,True,True
12662,1.0,0.004,0.5,none,True,True
12663,1.0,0.0039,0.5,none,True,True
12664,1.0,0.0038,0.5,none,True,True
12665,1.0,0.0037,0.5,none,True,True
12666,1.0,0.0035,0.5,none,True,True
12667,1.0,0.0033,0.5,none,True,True
12668,1.0,0.0032,0.5,none,True,True
12669,1.0,0.003,0.5,none,True,True
12670,1.0,0.0028,0.5,none,True,True
12671,1.0,0.0026,0.5,none,True,True
12672,1.0,0.0024,0.5,none,True,True
12673,1.0,0.0023,0.5,none,True,True
12674,1.0,0.0021,0.5,none,True,True
12675,1.0,0.0019,0.5,none,True,True
12676,1.0,0.0018,0.5,none,True,True
12677,1.0,0.0017,0.5,none,True,True
12678,1.0,0.0015,0.5,none,True,True
12679,1.0,0.0014,0.5,none,True,True
12680,1.0,0.0013,0.5,none,True,True
12681,1.0,0.0013,0.5,none,True,True
12682,1.0,0.0012,0.5,none,True,True
12683,1.0,0.0011,0.5,none,True,True
12684,1.0,0.0011,0.5,none,True,True
12685,1.0,0.001,0.5,none,True,True
12686,1.0,0.001,0.5,none,True,True
12687,1.0,0.0009,0.5,none,True,True
12688,1.0,0.0009,0.5,none,True,True
12689,1.0,0.0008,0.5,none,True,True
12690,1.0,0.0008,0.5,none,True,True
12691,1.0,0.0008,0.5,none,True,True
12692,1.0,0.0007,0.5,none,True,True
12693,1.0,0.0007,0.5,none,True,True
12694,1.0,0.0006,0.5,none,True,True
12695,1.0,0.0006,0.5,none,True,True
12696,1.0,0.0006,0.5,none,True,True
12697,1.0,0.0005,0.5,none,True,True
12698,1.0,0.0005,0.5,none,True,True
12699,1.0,0.0005,0.5,none,True,True
12700,1.0,0.0004,0.5,none,True,True
12701,1.0,0.0004,0.5,none,True,True
12702,1.0,0.0004,0.5,none,True,True
12703,1.0,0.0004,0.5,none,True,True
12704,1.0,0.0003,0.5,none,True,True
12705,1.0,0.0003,0.5,none,True,True
12706,1.0,0.0003,0.5,none,True,True
12707,1.0,0.0003,0.5,none,True,True
12708,1.0,0.0003,0.5,none,True,True
12709,1.0,0.0003,0.5,none,True,True
12710,1.0,0.0002,0.5,none,True,True
12711,1.0,0.0002,0.5,none,True,True
12712,1.0,0.0002,0.5,none,True,True
12713,1.0,0.0002,0.5,none,True,True
12714,1.0,0.0002,0.5,none,True,True
12715,1.0,0.0002,0.5,none,True,True
12716,1.0,0.0002,0.5,none,True,True
12717,1.0,0.0002,0.5,none,True,True
12718,1.0,0.0002,0.5,none,True,True
12719,1.0,0.0001,0.5,none,True,True
12720,1.0,0.0001,0.5,none,True,True
12721,1.0,0.0001,0.5,none,True,True
12722,1.0,0.0001,0.5,none,True,True
12723,1.0,0.0001,0.5,none,True,True
12724,1.0,0.0001,0.5,none,True,True
12725,1.0,0.0001,0.5,none,True,True
12726,1.0,0.0001,0.5,none,True,True
12727,1.0,0.0001,0.5,none,True,True
12728,1.0,0.0001,0.5,none,True,True
12729,1.0,0.0001,0.5,none,True,True
12730,1.0,0.0001,0.5,none,True,True
12731,1.0,0.0001,0.5,none,True,True
12732,1.0,0.0001,0.5,none,True,True
12733,1.0,0.0001,0.5,none,True,True
12734,1.0,0.0001,0.5,none,True,True
12735,1.0,0.0001,0.5,none,True,True
12736,1.0,0.0001,0.5,none,True,True
12737,1.0,0.0,0.5,none,True,True
12738,1.0,0.0,0.5,none,True,True
12739,1.0,0.0,0.5,none,True,True
12740,1.0,0.0,0.5,none,True,True
12741,1.0,0.0,0.5,none,True,True
12742,1.0,0.0,0.5,none,True,True
12743,1.0,0.0,0.5,none,True,True
12744,1.0,0.0,0.5,none,True,True
12745,1.0,0.0,0.5,none,True,True
12746,1.0,0.0,0.5,none,True,True
12747,1.0,0.0,0.5,none,True,True
12748,1.0,0.0,0.5,none,True,True
12749,1.0,0.0,0.5,none,True,True
12750,1.0,0.0,0.5,none,True,True
12751,1.0,0.0,0.5,none,True,True
12752,1.0,0.0,0.5,none,True,True
12753,1.0,0.0,0.5,none,True,True
12754,1.0,0.0,0.5,none,True,True
12755,1.0,0.0,0.5,none,True,True
12756,1.0,0.0,0.5,none,True,True
12757,1.0,0.0,0.5,none,True,True
12758,1.0,0.0,0.5,none,True,True
12759,1.0,0.0,0.5,none,True,True
12760,1.0,0.0,0.5,none,True,True
12761,1.0,0.0,0.5,none,True,True
12762,1.0,0.0,0.5,none,True,True
12763,1.0,0.0,0.5,none,True,True
12764,1.0,0.0,0.5,none,True,True
12765,1.0,0.0,0.5,none,True,True
12766,1.0,0.0,0.5,none,True,True
12767,1.0,0.0,0.5,none,True,True
12768,1.0,0.0,0.5,none,True,True
12769,1.0,0.0,0.5,none,True,True
12770,1.0,0.0,0.5,none,True,True
12771,1.0,0.0,0.5,none,True,True
12772,1.0,0.0,0.5,none,True,True
12773,1.0,0.0,0.5,none,True,True
12774,1.0,0.0,0.5,none,True,True
12775,1.0,0.0,0.5,none,True,True
12776,1.0,0.0,0.5,none,True,True
12777,1.0,0.0,0.5,none,True,True
12778,1.0,0.0,0.5,none,True,True
12779,1.0,0.0,0.5,none,True,True
12780,1.0,0.0,0.5,none,True,True
12781,1.0,0.0,0.5,none,True,True
12782,1.0,0.0,0.5,none,True,True
12783,1.0,0.0,0.5,none,True,True
12784,1.0,0.0,0.5,none,True,True
12785,1.0,0.0,0.5,none,True,True
12786,1.0,0.0,0.5,none,True,True
12787,1.0,0.0,0.5,none,True,True
12788,1.0,0.0,0.5,none,True,True
12789,1.0,0.0,0.5,none,True,True
12790,1.0,0.0,0.5,none,True,True
12791,1.0,0.0,0.5,none,True,True
12792,1.0,0.0,0.5,none,True,True
12793,1.0,0.0,0.5,none,True,True
12794,1.0,0.0,0.5,none,True,True
12795,1.0,0.0,0.5,none,True,True
12796,1.0,0.0,0.5,none,True,True
12797,1.0,0.0,0.5,none,True,True
12798,1.0,0.0,0.5,none,True,True
12799,1.0,0.0,0.5,none,True,True
12800,1.0,0.0,0.5,none,True,True
12801,1.0,0.0,0.5,none,True,True
12802,1.0,0.0,0.5,none,True,True
12803,1.0,0.0,0.5,none,True,True
12804,1.0,0.0,0.5,none,True,True
12805,1.0,0.0,0.5,none,True,True
12806,1.0,0.0,0.5,none,True,True
12807,1.0,0.0,0.5,none,True,True
12808,1.0,0.0,0.5,none,True,True
12809,1.0,0.0,0.5,none,True,True
12810,1.0,0.0,0.5,none,True,True
12811,1.0,0.0,0.5,none,True,True
12812,1.0,0.0,0.5,none,True,True
12813,1.0,0.0,0.5,none,True,True
12814,1.0,0.0,0.5,none,True,True
12815,1.0,0.0,0.5,none,True,True
12816,1.0,0.0,0.5,none,True,True
12817,1.0,0.0,0.5,none,True,True
12818,1.0,0.0,0.5,none,True,True
12819,1.0,0.0,0.5,none,True,True
12820,1.0,0.0,0.5,none,True,True
12821,1.0,0.0,0.5,none,True,True
12822,1.0,0.0,0.5,none,True,True
12823,1.0,0.0,0.5,none,True,True
12824,1.0,0.0,0.5,none,True,True
12825,1.0,0.0,0.5,none,True,True
12826,1.0,0.0,0.5,none,True,True
12827,1.0,0.0,0.5,none,True,True
12828,1.0,0.0,0.5,none,True,True
12829,1.0,0.0,0.5,none,True,True
12830,1.0,0.0,0.5,none,True,True
12831,1.0,0.0,0.5,none,True,True
12832,1.0,0.0,0.5,none,True,True
12833,1.0,0.0,0.5,none,True,True
12834,1.0,0.0,0.5,none,True,True
12835,1.0,0.0,0.5,none,True,True
12836,1.0,0.0,0.5,none,True,True
12837,1.0,0.0,0.5,none,True,True
12838,1.0,0.0,0.5,none,True,True
12839,1.0,0.0,0.5,none,True,True
12840,1.0,0.0,0.5,none,True,True
12841,1.0,0.0,0.5,none,True,True
12842,1.0,0.0,0.5,none,True,True
12843,1.0,0.0,0.5,none,True,True
12844,1.0,0.0,0.5,none,True,True
12845,1.0,0.0,0.5,none,True,True
12846,1.0,0.0,0.5,none,True,True
12847,1.0,0.0,0.5,none,True,True
12848,1.0,0.0,0.5,none,True,True
12849,1.0,0.0,0.5,none,True,True
12850,1.0,0.0,0.5,none,True,True
12851,1.0,0.0,0.5,none,True,True
12852,1.0,0.0,0.5,none,True,True
12853,1.0,0.0,0.5,none,True,True
12854,1.0,0.0,0.5,none,True,True
12855,1.0,0.0,0.5,none,True,True
12856,1.0,0.0,0.5,none,True,True
12857,1.0,0.0,0.5,none,True,True
12858,1.0,0.0,0.5,none,True,True
12859,1.0,0.0,0.5,none,True,True
12860,1.0,0.0,0.5,none,True,True
12861,1.0,0.0,0.5,none,True,True
12862,1.0,0.0,0.5,none,True,True
12863,1.0,0.0,0.5,none,True,True
12864,1.0,0.0,0.5,none,True,True
12865,1.0,0.0,0.5,none,True,True
12866,1.0,0.0,0.5,none,True,True
12867,1.0,0.0,0.5,none,True,True
12868,1.0,0.0,0.5,none,True,True
12869,1.0,0.0,0.5,none,True,True
12870,1.0,0.0,0.5,none,True,True
12871,1.0,0.0,0.5,none,True,True
12872,1.0,0.0,0.5,none,True,True
12873,1.0,0.0,0.5,none,True,True
12874,1.0,0.0,0.5,none,True,True
12875,1.0,0.0,0.5,none,True,True
12876,1.0,0.0,0.5,none,True,True
12877,1.0,0.0,0.5,none,True,True
12878,1.0,0.0,0.5,none,True,True
12879,1.0,0.0,0.5,none,True,True
12880,1.0,0.0,0.5,none,True,True
12881,1.0,0.0,0.5,none,True,True
12882,1.0,0.0,0.5,none,True,True
12883,1.0,0.0,0.5,none,True,True
12884,1.0,0.0,0.5,none,True,True
12885,1.0,0.0,0.5,none,True,True
12886,1.0,0.0,0.5,none,True,True
12887,1.0,0.0,0.5,none,True,True
12888,1.0,0.0,0.5,none,True,True
12889,1.0,0.0,0.5,none,True,True
12890,1.0,0.0,0.5,none,True,True
12891,1.0,0.0,0.5,none,True,True
12892,1.0,0.0,0.5,none,True,True
12893,1.0,0.0,0.5,none,True,True
12894,1.0,0.0,0.5,none,True,True
12895,1.0,0.0,0.5,none,True,True
12896,1.0,0.0,0.5,none,True,True
12897,1.0,0.0,0.5,none,True,True
12898,1.0,0.0,0.5,none,True,True
12899,1.0,0.0,0.5,none,True,True
12900,1.0,0.0,0.5,none,True,True
12901,1.0,0.0,0.5,none,True,True
12902,1.0,0.0,0.5,none,True,True
12903,1.0,0.0,0.5,none,True,True
12904,1.0,0.0,0.5,none,True,True
12905,1.0,0.0,0.5,none,True,True
12906,1.0,0.0,0.5,none,True,True
12907,1.0,0.0,0.5,none,True,True
12908,1.0,0.0,0.5,none,True,True
12909,1.0,0.0,0.5,none,True,True
12910,1.0,0.0,0.5,none,True,True
12911,1.0,0.0,0.5,none,True,True
12912,1.0,0.0,0.5,none,True,True
12913,1.0,0.0,0.5,none,True,True
12914,1.0,0.0,0.5,none,True,True
12915,1.0,0.0,0.5,none,True,True
12916,1.0,0.0,0.5,none,True,True
12917,1.0,0.0,0.5,none,True,True
12918,1.0,0.0,0.5,none,True,True
12919,1.0,0.0,0.5,none,True,True
12920,1.0,0.0,0.5,none,True,True
12921,1.0,0.0,0.5,none,True,True
12922,1.0,0.0,0.5,none,True,True
12923,1.0,0.0,0.5,none,True,True
12924,1.0,0.0,0.5,none,True,True
12925,1.0,0.0,0.5,none,True,True
12926,1.0,0.0,0.5,none,True,True
12927,1.0,0.0,0.5,none,True,True
12928,1.0,0.0,0.5,none,True,True
12929,1.0,0.0,0.5,none,True,True
12930,1.0,0.0,0.5,none,True,True
12931,1.0,0.0,0.5,none,True,True
12932,1.0,0.0,0.5,none,True,True
12933,1.0,0.0,0.5,none,True,True
12934,1.0,0.0,0.5,none,True,True
12935,1.0,0.0,0.5,none,True,True
12936,1.0,0.0,0.5,none,True,True
12937,1.0,0.0,0.5,none,True,True
12938,1.0,0.0,0.5,none,True,True
12939,1.0,0.0,0.5,none,True,True
12940,1.0,0.0,0.5,none,True,True
12941,1.0,0.0,0.5,none,True,True
12942,1.0,0.0,0.5,none,True,True
12943,1.0,0.0,0.5,none,True,True
12944,1.0,0.0,0.5,none,True,True
12945,1.0,0.0,0.5,none,True,True
12946,1.0,0.0,0.5,none,True,True
12947,1.0,0.0,0.5,none,True,True
12948,1.0,0.0,0.5,none,True,True
12949,1.0,0.0,0.5,none,True,True
12950,1.0,0.0,0.5,none,True,True
12951,1.0,0.0,0.5,none,True,True
12952,1.0,0.0,0.5,none,True,True
12953,1.0,0.0,0.5,none,True,True
12954,1.0,0.0,0.5,none,True,True
12955,1.0,0.0,0.5,none,True,True
12956,1.0,0.0,0.5,none,True,True
12957,1.0,0.0,0.5,none,True,True
12958,1.0,0.0,0.5,none,True,True
12959,1.0,0.0,0.5,none,True,True
12960,1.0,0.0,0.5,none,True,True
12961,1.0,0.0,0.5,none,True,True
12962,1.0,0.0,0.5,none,True,True
12963,1.0,0.0,0.5,none,True,True
12964,1.0,0.0,0.5,none,True,True
12965,1.0,0.0,0.5,none,True,True
12966,1.0,0.0,0.5,none,True,True
12967,1.0,0.0,0.5,none,True,True
12968,1.0,0.0,0.5,none,True,True
12969,1.0,0.0,0.5,none,True,True
12970,1.0,0.0,0.5,none,True,True
12971,1.0,0.0,0.5,none,True,True
12972,1.0,0.0,0.5,none,True,True
12973,1.0,0.0,0.5,none,True,True
12974,1.0,0.0,0.5,none,True,True
12975,1.0,0.0,0.5,none,True,True
12976,1.0,0.0,0.5,none,True,True
12977,1.0,0.0,0.5,none,True,True
12978,1.0,0.0,0.5,none,True,True
12979,1.0,0.0,0.5,none,True,True
12980,1.0,0.0,0.5,none,True,True
12981,1.0,0.0,0.5,none,True,True
12982,1.0,0.0,0.5,none,True,True
12983,1.0,0.0,0.5,none,True,True
12984,1.0,0.0,0.5,none,True,True
12985,1.0,0.0,0.5,none,True,True
12986,1.0,0.0,0.5,none,True,True
12987,1.0,0.0,0.5,none,True,True
12988,1.0,0.0,0.5,none,True,True
12989,1.0,0.0,0.5,none,True,True
12990,1.0,0.0,0.5,none,True,True
12991,1.0,0.0,0.5,none,True,True
12992,1.0,0.0,0.5,none,True,True
12993,1.0,0.0,0.5,none,True,True
12994,1.0,0.0,0.5,none,True,True
12995,1.0,0.0,0.5,none,True,True
12996,1.0,0.0,0.5,none,True,True
12997,1.0,0.0,0.5,none,True,True
12998,1.0,0.0,0.5,none,True,True
12999,1.0,0.0,0.5,none,True,True
13000,1.0,0.0,0.5,none,True,True
13001,1.0,0.0,0.5,none,True,True
13002,1.0,0.0,0.5,none,True,True
13003,1.0,0.0,0.5,none,True,True
13004,1.0,0.0,0.5,none,True,True
13005,1.0,0.0,0.5,none,True,True
13006,1.0,0.0,0.5,none,True,True
13007,1.0,0.0,0.5,none,True,True
13008,1.0,0.0,0.5,none,True,True
13009,1.0,0.0,0.5,none,True,True
13010,1.0,0.0,0.5,none,True,True
13011,1.0,0.0,0.5,none,True,True
13012,1.0,0.0,0.5,none,True,True
13013,1.0,0.0,0.5,none,True,True
13014,1.0,0.0,0.5,none,True,True
13015,1.0,0.0,0.5,none,True,True
13016,1.0,0.0,0.5,none,True,True
13017,1.0,0.0,0.5,none,True,True
13018,1.0,0.0,0.5,none,True,True
13019,1.0,0.0,0.5,none,True,True
13020,1.0,0.0,0.5,none,True,True
13021,1.0,0.0,0.5,none,True,True
13022,1.0,0.0,0.5,none,True,True
13023,1.0,0.0,0.5,none,True,True
13024,1.0,0.0,0.5,none,True,True
13025,1.0,0.0,0.5,none,True,True
13026,1.0,0.0,0.5,none,True,True
13027,1.0,0.0,0.5,none,True,True
13028,1.0,0.0,0.5,none,True,True
13029,1.0,0.0,0.5,none,True,True
13030,1.0,0.0,0.5,none,True,True
13031,1.0,0.0,0.5,none,True,True
13032,1.0,0.0,0.5,none,True,True
13033,1.0,0.0,0.5,none,True,True
13034,1.0,0.0,0.5,none,True,True
13035,1.0,0.0,0.5,none,True,True
13036,1.0,0.0,0.5,none,True,True
13037,1.0,0.0,0.5,none,True,True
13038,1.0,0.0,0.5,none,True,True
13039,1.0,0.0,0.5,none,True,True
13040,1.0,0.0,0.5,none,True,True
13041,1.0,0.0,0.5,none,True,True
13042,1.0,0.0,0.5,none,True,True
13043,1.0,0.0,0.5,none,True,True
13044,1.0,0.0,0.5,none,True,True
13045,1.0,0.0,0.5,none,True,True
13046,1.0,0.0,0.5,none,True,True
13047,1.0,0.0,0.5,none,True,True
13048,1.0,0.0,0.5,none,True,True
13049,1.0,0.0,0.5,none,True,True
13050,1.0,0.0,0.5,none,True,True
13051,1.0,0.0,0.5,none,True,True
13052,1.0,0.0,0.5,none,True,True
13053,1.0,0.0,0.5,none,True,True
13054,1.0,0.0,0.5,none,True,True
13055,1.0,0.0,0.5,none,True,True
13056,1.0,0.0,0.5,none,True,True
13057,1.0,0.0,0.5,none,True,True
13058,1.0,0.0,0.5,none,True,True
13059,1.0,0.0,0.5,none,True,True
13060,1.0,0.0,0.5,none,True,True
13061,1.0,0.0,0.5,none,True,True
13062,1.0,0.0,0.5,none,True,True
13063,1.0,0.0,0.5,none,True,True
13064,1.0,0.0,0.5,none,True,True
13065,1.0,0.0,0.5,none,True,True
13066,1.0,0.0,0.5,none,True,True
13067,1.0,0.0,0.5,none,True,True
13068,1.0,0.0,0.5,none,True,True
13069,1.0,0.0,0.5,none,True,True
13070,1.0,0.0,0.5,none,True,True
13071,1.0,0.0,0.5,none,True,True
13072,1.0,0.0,0.5,none,True,True
13073,1.0,0.0,0.5,none,True,True
13074,1.0,0.0,0.5,none,True,True
13075,1.0,0.0,0.5,none,True,True
13076,1.0,0.0,0.5,none,True,True
13077,1.0,0.0,0.5,none,True,True
13078,1.0,0.0,0.5,none,True,True
13079,1.0,0.0,0.5,none,True,True
13080,1.0,0.0,0.5,none,True,True
13081,1.0,0.0,0.5,none,True,True
13082,1.0,0.0,0.5,none,True,True
13083,1.0,0.0,0.5,none,True,True
13084,1.0,0.0,0.5,none,True,True
13085,1.0,0.0,0.5,none,True,True
13086,1.0,0.0,0.5,none,True,True
13087,1.0,0.0,0.5,none,True,True
13088,1.0,0.0,0.5,none,True,True
13089,1.0,0.0,0.5,none,True,True
13090,1.0,0.0,0.5,none,True,True
13091,1.0,0.0,0.5,none,True,True
13092,1.0,0.0,0.5,none,True,True
13093,1.0,0.0,0.5,none,True,True
13094,1.0,0.0,0.5,none,True,True
13095,1.0,0.0,0.5,none,True,True
13096,1.0,0.0,0.5,none,True,True
13097,1.0,0.0,0.5,none,True,True
13098,1.0,0.0,0.5,none,True,True
13099,1.0,0.0,0.5,none,True,True
13100,1.0,0.0,0.5,none,True,True
13101,1.0,0.0,0.5,none,True,True
13102,1.0,0.0,0.5,none,True,True
13103,1.0,0.0,0.5,none,True,True
13104,1.0,0.0,0.5,none,True,True
13105,1.0,0.0,0.5,none,True,True
13106,1.0,0.0,0.5,none,True,True
13107,1.0,0.0,0.5,none,True,True
13108,1.0,0.0,0.5,none,True,True
13109,1.0,0.0,0.5,none,True,True
13110,1.0,0.0,0.5,none,True,True
13111,1.0,0.0,0.5,none,True,True
13112,1.0,0.0,0.5,none,True,True
13113,1.0,0.0,0.5,none,True,True
13114,1.0,0.0,0.5,none,True,True
13115,1.0,0.0,0.5,none,True,True
13116,1.0,0.0,0.5,none,True,True
13117,1.0,0.0,0.5,none,True,True
13118,1.0,0.0,0.5,none,True,True
13119,1.0,0.0,0.5,none,True,True
13120,1.0,0.0,0.5,none,True,True
13121,1.0,0.0,0.5,none,True,True
13122,1.0,0.0,0.5,none,True,True
13123,1.0,0.0,0.5,none,True,True
13124,1.0,0.0,0.5,none,True,True
13125,1.0,0.0,0.5,none,True,True
13126,1.0,0.0,0.5,none,True,True
13127,1.0,0.0,0.5,none,True,True
13128,1.0,0.0,0.5,none,True,True
13129,1.0,0.0,0.5,none,True,True
13130,1.0,0.0,0.5,none,True,True
13131,1.0,0.0,0.5,none,True,True
13132,1.0,0.0,0.5,none,True,True
13133,1.0,0.0,0.5,none,True,True
13134,1.0,0.0,0.5,none,True,True
13135,1.0,0.0,0.5,none,True,True
13136,1.0,0.0,0.5,none,True,True
13137,1.0,0.0,0.5,none,True,True
13138,1.0,0.0,0.5,none,True,True
13139,1.0,0.0,0.5,none,True,True
13140,1.0,0.0,0.5,none,True,True
13141,1.0,0.0,0.5,none,True,True
13142,1.0,0.0,0.5,none,True,True
13143,1.0,0.0,0.5,none,True,True
13144,1.0,0.0,0.5,none,True,True
13145,1.0,0.0,0.5,none,True,True
13146,1.0,0.0,0.5,none,True,True
13147,1.0,0.0,0.5,none,True,True
13148,1.0,0.0,0.5,none,True,True
13149,1.0,0.0,0.5,none,True,True
13150,1.0,0.0,0.5,none,True,True
13151,1.0,0.0,0.5,none,True,True
13152,1.0,0.0,0.5,none,True,True
13153,1.0,0.0,0.5,none,True,True
13154,1.0,0.0,0.5,none,True,True
13155,1.0,0.0,0.5,none,True,True
13156,1.0,0.0,0.5,none,True,True
13157,1.0,0.0,0.5,none,True,True
13158,1.0,0.0,0.5,none,True,True
13159,1.0,0.0,0.5,none,True,True
13160,1.0,0.0,0.5,none,True,True
13161,1.0,0.0,0.5,none,True,True
13162,1.0,0.0,0.5,none,True,True
13163,1.0,0.0,0.5,none,True,True
13164,1.0,0.0,0.5,none,True,True
13165,1.0,0.0,0.5,none,True,True
13166,1.0,0.0,0.5,none,True,True
13167,1.0,0.0,0.5,none,True,True
13168,1.0,0.0,0.5,none,True,True
13169,1.0,0.0,0.5,none,True,True
13170,1.0,0.0,0.5,none,True,True
13171,1.0,0.0,0.5,none,True,True
13172,1.0,0.0,0.5,none,True,True
13173,1.0,0.0,0.5,none,True,True
13174,1.0,0.0,0.5,none,True,True
13175,1.0,0.0,0.5,none,True,True
13176,1.0,0.0,0.5,none,True,True
13177,1.0,0.0,0.5,none,True,True
13178,1.0,0.0,0.5,none,True,True
13179,1.0,0.0,0.5,none,True,True
13180,1.0,0.0,0.5,none,True,True
13181,1.0,0.0,0.5,none,True,True
13182,1.0,0.0,0.5,none,True,True
13183,1.0,0.0,0.5,none,True,True
13184,1.0,0.0,0.5,none,True,True
13185,1.0,0.0,0.5,none,True,True
13186,1.0,0.0,0.5,none,True,True
13187,1.0,0.0,0.5,none,True,True
13188,1.0,0.0,0.5,none,True,True
13189,1.0,0.0,0.5,none,True,True
13190,1.0,0.0,0.5,none,True,True
13191,1.0,0.0,0.5,none,True,True
13192,1.0,0.0,0.5,none,True,True
13193,1.0,0.0,0.5,none,True,True
13194,1.0,0.0,0.5,none,True,True
13195,1.0,0.0,0.5,none,True,True
13196,1.0,0.0,0.5,none,True,True
13197,1.0,0.0,0.5,none,True,True
13198,1.0,0.0,0.5,none,True,True
13199,1.0,0.0,0.5,none,True,True
13200,1.0,0.0,0.5,none,True,True
13201,1.0,0.0,0.5,none,True,True
13202,1.0,0.0,0.5,none,True,True
13203,1.0,0.0,0.5,none,True,True
13204,1.0,0.0,0.5,none,True,True
13205,1.0,0.0,0.5,none,True,True
13206,1.0,0.0,0.5,none,True,True
13207,1.0,0.0,0.5,none,True,True
13208,1.0,0.0,0.5,none,True,True
13209,1.0,0.0,0.5,none,True,True
13210,1.0,0.0,0.5,none,True,True
13211,1.0,0.0,0.5,none,True,True
13212,1.0,0.0,0.5,none,True,True
13213,1.0,0.0,0.5,none,True,True
13214,1.0,0.0,0.5,none,True,True
13215,1.0,0.0,0.5,none,True,True
13216,1.0,0.0,0.5,none,True,True
13217,1.0,0.0,0.5,none,True,True
13218,1.0,0.0,0.5,none,True,True
13219,1.0,0.0,0.5,none,True,True
13220,1.0,0.0,0.5,none,True,True
13221,1.0,0.0,0.5,none,True,True
13222,1.0,0.0,0.5,none,True,True
13223,1.0,0.0,0.5,none,True,True
13224,1.0,0.0,0.5,none,True,True
13225,1.0,0.0,0.5,none,True,True
13226,1.0,0.0,0.5,none,True,True
13227,1.0,0.0,0.5,none,True,True
13228,1.0,0.0,0.5,none,True,True
13229,1.0,0.0,0.5,none,True,True
13230,1.0,0.0,0.5,none,True,True
13231,1.0,0.0,0.5,none,True,True
13232,1.0,0.0,0.5,none,True,True
13233,1.0,0.0,0.5,none,True,True
13234,1.0,0.0,0.5,none,True,True
13235,1.0,0.0,0.5,none,True,True
13236,1.0,0.0,0.5,none,True,True
13237,1.0,0.0,0.5,none,True,True
13238,1.0,0.0,0.5,none,True,True
13239,1.0,0.0,0.5,none,True,True
13240,1.0,0.0,0.5,none,True,True
13241,1.0,0.0,0.5,none,True,True
13242,1.0,0.0,0.5,none,True,True
13243,1.0,0.0,0.5,none,True,True
13244,1.0,0.0,0.5,none,True,True
13245,1.0,0.0,0.5,none,True,True
13246,1.0,0.0,0.5,none,True,True
13247,1.0,0.0,0.5,none,True,True
13248,1.0,0.0,0.5,none,True,True
13249,1.0,0.0,0.5,none,True,True
13250,1.0,0.0,0.5,none,True,True
13251,1.0,0.0,0.5,none,True,True
13252,1.0,0.0,0.5,none,True,True
13253,1.0,0.0,0.5,none,True,True
13254,1.0,0.0,0.5,none,True,True
13255,1.0,0.0,0.5,none,True,True
13256,1.0,0.0,0.5,none,True,True
13257,1.0,0.0,0.5,none,True,True
13258,1.0,0.0,0.5,none,True,True
13259,1.0,0.0,0.5,none,True,True
13260,1.0,0.0,0.5,none,True,True
13261,1.0,0.0,0.5,none,True,True
13262,1.0,0.0,0.5,none,True,True
13263,1.0,0.0,0.5,none,True,True
13264,1.0,0.0,0.5,none,True,True
13265,1.0,0.0,0.5,none,True,True
13266,1.0,0.0,0.5,none,True,True
13267,1.0,0.0,0.5,none,True,True
13268,1.0,0.0,0.5,none,True,True
13269,1.0,0.0,0.5,none,True,True
13270,1.0,0.0,0.5,none,True,True
13271,1.0,0.0,0.5,none,True,True
13272,1.0,0.0,0.5,none,True,True
13273,1.0,0.0,0.5,none,True,True
13274,1.0,0.0,0.5,none,True,True
13275,1.0,0.0,0.5,none,True,True
13276,1.0,0.0,0.5,none,True,True
13277,1.0,0.0,0.5,none,True,True
13278,1.0,0.0,0.5,none,True,True
13279,1.0,0.0,0.5,none,True,True
13280,1.0,0.0,0.5,none,True,True
13281,1.0,0.0,0.5,none,True,True
13282,1.0,0.0,0.5,none,True,True
13283,1.0,0.0,0.5,none,True,True
13284,1.0,0.0,0.5,none,True,True
13285,1.0,0.0,0.5,none,True,True
13286,1.0,0.0,0.5,none,True,True
13287,1.0,0.0,0.5,none,True,True
13288,1.0,0.0,0.5,none,True,True
13289,1.0,0.0,0.5,none,True,True
13290,1.0,0.0,0.5,none,True,True
13291,1.0,0.0,0.5,none,True,True
13292,1.0,0.0,0.5,none,True,True
13293,1.0,0.0,0.5,none,True,True
13294,1.0,0.0,0.5,none,True,True
13295,1.0,0.0,0.5,none,True,True
13296,1.0,0.0,0.5,none,True,True
13297,1.0,0.0,0.5,none,True,True
13298,1.0,0.0,0.5,none,True,True
13299,1.0,0.0,0.5,none,True,True
13300,1.0,0.0061,0.5,none,True,True
13301,1.0,0.0357,0.5,none,True,True
13302,1.0,0.0812,0.5,none,True,True
13303,1.0,0.1113,0.5,none,True,True
13304,1.0,0.1253,0.5,none,True,True
13305,1.0,0.1408,0.5,none,True,True
13306,1.0,0.0907,0.5,none,True,True
13307,1.0,0.1198,0.5,none,True,True
13308,1.0,0.0467,0.5,none,True,True
13309,1.0,0.0522,0.5,none,True,True
13310,1.0,0.0405,0.5,none,True,True
13311,1.0,0.0313,0.5,none,True,True
13312,1.0,0.0083,0.5,none,True,True
13313,1.0,0.0726,0.5,none,True,True
13314,1.0,0.0793,0.5,none,True,True
13315,1.0,0.0581,0.5,none,True,True
13316,1.0,0.0955,0.5,none,True,True
13317,1.0,0.0839,0.5,none,True,True
13318,1.0,0.0648,0.5,none,True,True
13319,1.0,0.0718,0.5,none,True,True
13320,1.0,0.0589,0.5,none,True,True
13321,1.0,0.0403,0.5,none,True,True
13322,1.0,0.0327,0.5,none,True,True
13323,1.0,0.0277,0.5,none,True,True
13324,1.0,0.017,0.5,none,True,True
13325,1.0,0.0102,0.5,none,True,True
13326,1.0,0.0099,0.5,none,True,True
13327,1.0,0.008,0.5,none,True,True
13328,1.0,0.005,0.5,none,True,True
13329,1.0,0.0063,0.5,none,True,True
13330,1.0,0.009,0.5,none,True,True
13331,1.0,0.0096,0.5,none,True,True
13332,1.0,0.0108,0.5,none,True,True
13333,1.0,0.014,0.5,none,True,True
13334,1.0,0.0161,0.5,none,True,True
13335,1.0,0.0167,0.5,none,True,True
13336,1.0,0.0182,0.5,none,True,True
13337,1.0,0.0196,0.5,none,True,True
13338,1.0,0.0197,0.5,none,True,True
13339,1.0,0.0193,0.5,none,True,True
13340,1.0,0.0193,0.5,none,True,True
13341,1.0,0.0187,0.5,none,True,True
13342,1.0,0.0174,0.5,none,True,True
13343,1.0,0.0163,0.5,none,True,True
13344,1.0,0.0152,0.5,none,True,True
13345,1.0,0.0138,0.5,none,True,True
13346,1.0,0.0123,0.5,none,True,True
13347,1.0,0.0111,0.5,none,True,True
13348,1.0,0.01,0.5,none,True,True
13349,1.0,0.0088,0.5,none,True,True
13350,1.0,0.0078,0.5,none,True,True
13351,1.0,0.0071,0.5,none,True,True
13352,1.0,0.0064,0.5,none,True,True
13353,1.0,0.0057,0.5,none,True,True
13354,1.0,0.0053,0.5,none,True,True
13355,1.0,0.005,0.5,none,True,True
13356,1.0,0.0047,0.5,none,True,True
13357,1.0,0.0045,0.5,none,True,True
13358,1.0,0.0044,0.5,none,True,True
13359,1.0,0.0043,0.5,none,True,True
13360,1.0,0.0042,0.5,none,True,True
13361,1.0,0.0041,0.5,none,True,True
13362,1.0,0.004,0.5,none,True,True
13363,1.0,0.0039,0.5,none,True,True
13364,1.0,0.0038,0.5,none,True,True
13365,1.0,0.0037,0.5,none,True,True
13366,1.0,0.0035,0.5,none,True,True
13367,1.0,0.0033,0.5,none,True,True
13368,1.0,0.0032,0.5,none,True,True
13369,1.0,0.003,0.5,none,True,True
13370,1.0,0.0028,0.5,none,True,True
13371,1.0,0.0026,0.5,none,True,True
13372,1.0,0.0024,0.5,none,True,True
13373,1.0,0.0023,0.5,none,True,True
13374,1.0,0.0021,0.5,none,True,True
13375,1.0,0.0019,0.5,none,True,True
13376,1.0,0.0018,0.5,none,True,True
13377,1.0,0.0017,0.5,none,True,True
13378,1.0,0.0015,0.5,none,True,True
13379,1.0,0.0014,0.5,none,True,True
13380,1.0,0.0013,0.5,none,True,True
13381,1.0,0.0013,0.5,none,True,True
13382,1.0,0.0012,0.5,none,True,True
13383,1.0,0.0011,0.5,none,True,True
13384,1.0,0.0011,0.5,none,True,True
13385,1.0,0.001,0.5,none,True,True
13386,1.0,0.001,0.5,none,True,True
13387,1.0,0.0009,0.5,none,True,True
13388,1.0,0.0009,0.5,none,True,True
13389,1.0,0.0008,0.5,none,True,True
13390,1.0,0.0008,0.5,none,True,True
13391,1.0,0.0008,0.5,none,True,True
13392,1.0,0.0007,0.5,none,True,True
13393,1.0,0.0007,0.5,none,True,True
13394,1.0,0.0006,0.5,none,True,True
13395,1.0,0.0006,0.5,none,True,True
13396,1.0,0.0006,0.5,none,True,True
13397,1.0,0.0005,0.5,none,True,True
13398,1.0,0.0005,0.5,none,True,True
13399,1.0,0.0005,0.5,none,True,True
13400,1.0,0.0004,0.5,none,True,True
13401,1.0,0.0004,0.5,none,True,True
13402,1.0,0.0004,0.5,none,True,True
13403,1.0,0.0004,0.5,none,True,True
13404,1.0,0.0003,0.5,none,True,True
13405,1.0,0.0003,0.5,none,True,True
13406,1.0,0.0003,0.5,none,True,True
13407,1.0,0.0003,0.5,none,True,True
13408,1.0,0.0003,0.5,none,True,True
13409,1.0,0.0003,0.5,none,True,True
13410,1.0,0.0002,0.5,none,True,True
13411,1.0,0.0002,0.5,none,True,True
13412,1.0,0.0002,0.5,none,True,True
13413,1.0,0.0002,0.5,none,True,True
13414,1.0,0.0002,0.5,none,True,True
13415,1.0,0.0002,0.5,none,True,True
13416,1.0,0.0002,0.5,none,True,True
13417,1.0,0.0002,0.5,none,True,True
13418,1.0,0.0002,0.5,none,True,True
13419,1.0,0.0001,0.5,none,True,True
13420,1.0,0.0001,0.5,none,True,True
13421,1.0,0.0001,0.5,none,True,True
13422,1.0,0.0001,0.5,none,True,True
13423,1.0,0.0001,0.5,none,True,True
13424,1.0,0.0001,0.5,none,True,True
13425,1.0,0.0001,0.5,none,True,True
13426,1.0,0.0001,0.5,none,True,True
13427,1.0,0.0001,0.5,none,True,True
13428,1.0,0.0001,0.5,none,True,True
13429,1.0,0.0001,0.5,none,True,True
13430,1.0,0.0001,0.5,none,True,True
13431,1.0,0.0001,0.5,none,True,True
13432,1.0,0.0001,0.5,none,True,True
13433,1.0,0.0001,0.5,none,True,True
13434,1.0,0.0001,0.5,none,True,True
13435,1.0,0.0001,0.5,none,True,True
13436,1.0,0.0001,0.5,none,True,True
13437,1.0,0.0,0.5,none,True,True
13438,1.0,0.0,0.5,none,True,True
13439,1.0,0.0,0.5,none,True,True
13440,1.0,0.0,0.5,none,True,True
13441,1.0,0.0,0.5,none,True,True
13442,1.0,0.0,0.5,none,True,True
13443,1.0,0.0,0.5,none,True,True
13444,1.0,0.0,0.5,none,True,True
13445,1.0,0.0,0.5,none,True,True
13446,1.0,0.0,0.5,none,True,True
13447,1.0,0.0,0.5,none,True,True
13448,1.0,0.0,0.5,none,True,True
13449,1.0,0.0,0.5,none,True,True
13450,1.0,0.0,0.5,none,True,True
13451,1.0,0.0,0.5,none,True,True
13452,1.0,0.0,0.5,none,True,True
13453,1.0,0.0,0.5,none,True,True
13454,1.0,0.0,0.5,none,True,True
13455,1.0,0.0,0.5,none,True,True
13456,1.0,0.0,0.5,none,True,True
13457,1.0,0.0,0.5,none,True,True
13458,1.0,0.0,0.5,none,True,True
13459,1.0,0.0,0.5,none,True,True
13460,1.0,0.0,0.5,none,True,True
13461,1.0,0.0,0.5,none,True,True
13462,1.0,0.0,0.5,none,True,True
13463,1.0,0.0,0.5,none,True,True
13464,1.0,0.0,0.5,none,True,True
13465,1.0,0.0,0.5,none,True,True
13466,1.0,0.0,0.5,none,True,True
13467,1.0,0.0,0.5,none,True,True
13468,1.0,0.0,0.5,none,True,True
13469,1.0,0.0,0.5,none,True,True
13470,1.0,0.0,0.5,none,True,True
13471,1.0,0.0,0.5,none,True,True
13472,1.0,0.0,0.5,none,True,True
13473,1.0,0.0,0.5,none,True,True
13474,1.0,0.0,0.5,none,True,True
13475,1.0,0.0,0.5,none,True,True
13476,1.0,0.0,0.5,none,True,True
13477,1.0,0.0,0.5,none,True,True
13478,1.0,0.0,0.5,none,True,True
13479,1.0,0.0,0.5,none,True,True
13480,1.0,0.0,0.5,none,True,True
13481,1.0,0.0,0.5,none,True,True
13482,1.0,0.0,0.5,none,True,True
13483,1.0,0.0,0.5,none,True,True
13484,1.0,0.0,0.5,none,True,True
13485,1.0,0.0,0.5,none,True,True
13486,1.0,0.0,0.5,none,True,True
13487,1.0,0.0,0.5,none,True,True
13488,1.0,0.0,0.5,none,True,True
13489,1.0,0.0,0.5,none,True,True
13490,1.0,0.0,0.5,none,True,True
13491,1.0,0.0,0.5,none,True,True
13492,1.0,0.0,0.5,none,True,True
13493,1.0,0.0,0.5,none,True,True
13494,1.0,0.0,0.5,none,True,True
13495,1.0,0.0,0.5,none,True,True
13496,1.0,0.0,0.5,none,True,True
13497,1.0,0.0,0.5,none,True,True
13498,1.0,0.0,0.5,none,True,True
13499,1.0,0.0,0.5,none,True,True
13500,1.0,0.0,0.5,none,True,True
13501,1.0,0.0,0.5,none,True,True
13502,1.0,0.0,0.5,none,True,True
13503,1.0,0.0,0.5,none,True,True
13504,1.0,0.0,0.5,none,True,True
13505,1.0,0.0,0.5,none,True,True
13506,1.0,0.0,0.5,none,True,True
13507,1.0,0.0,0.5,none,True,True
13508,1.0,0.0,0.5,none,True,True
13509,1.0,0.0,0.5,none,True,True
13510,1.0,0.0,0.5,none,True,True
13511,1.0,0.0,0.5,none,True,True
13512,1.0,0.0,0.5,none,True,True
13513,1.0,0.0,0.5,none,True,True
13514,1.0,0.0,0.5,none,True,True
13515,1.0,0.0,0.5,none,True,True
13516,1.0,0.0,0.5,none,True,True
13517,1.0,0.0,0.5,none,True,True
13518,1.0,0.0,0.5,none,True,True
13519,1.0,0.0,0.5,none,True,True
13520,1.0,0.0,0.5,none,True,True
13521,1.0,0.0,0.5,none,True,True
13522,1.0,0.0,0.5,none,True,True
13523,1.0,0.0,0.5,none,True,True
13524,1.0,0.0,0.5,none,True,True
13525,1.0,0.0,0.5,none,True,True
13526,1.0,0.0,0.5,none,True,True
13527,1.0,0.0,0.5,none,True,True
13528,1.0,0.0,0.5,none,True,True
13529,1.0,0.0,0.5,none,True,True
13530,1.0,0.0,0.5,none,True,True
13531,1.0,0.0,0.5,none,True,True
13532,1.0,0.0,0.5,none,True,True
13533,1.0,0.0,0.5,none,True,True
13534,1.0,0.0,0.5,none,True,True
13535,1.0,0.0,0.5,none,True,True
13536,1.0,0.0,0.5,none,True,True
13537,1.0,0.0,0.5,none,True,True
13538,1.0,0.0,0.5,none,True,True
13539,1.0,0.0,0.5,none,True,True
13540,1.0,0.0,0.5,none,True,True
13541,1.0,0.0,0.5,none,True,True
13542,1.0,0.0,0.5,none,True,True
13543,1.0,0.0,0.5,none,True,True
13544,1.0,0.0,0.5,none,True,True
13545,1.0,0.0,0.5,none,True,True
13546,1.0,0.0,0.5,none,True,True
13547,1.0,0.0,0.5,none,True,True
13548,1.0,0.0,0.5,none,True,True
13549,1.0,0.0,0.5,none,True,True
13550,1.0,0.0,0.5,none,True,True
13551,1.0,0.0,0.5,none,True,True
13552,1.0,0.0,0.5,none,True,True
13553,1.0,0.0,0.5,none,True,True
13554,1.0,0.0,0.5,none,True,True
13555,1.0,0.0,0.5,none,True,True
13556,1.0,0.0,0.5,none,True,True
13557,1.0,0.0,0.5,none,True,True
13558,1.0,0.0,0.5,none,True,True
13559,1.0,0.0,0.5,none,True,True
13560,1.0,0.0,0.5,none,True,True
13561,1.0,0.0,0.5,none,True,True
13562,1.0,0.0,0.5,none,True,True
13563,1.0,0.0,0.5,none,True,True
13564,1.0,0.0,0.5,none,True,True
13565,1.0,0.0,0.5,none,True,True
13566,1.0,0.0,0.5,none,True,True
13567,1.0,0.0,0.5,none,True,True
13568,1.0,0.0,0.5,none,True,True
13569,1.0,0.0,0.5,none,True,True
13570,1.0,0.0,0.5,none,True,True
13571,1.0,0.0,0.5,none,True,True
13572,1.0,0.0,0.5,none,True,True
13573,1.0,0.0,0.5,none,True,True
13574,1.0,0.0,0.5,none,True,True
13575,1.0,0.0,0.5,none,True,True
13576,1.0,0.0,0.5,none,True,True
13577,1.0,0.0,0.5,none,True,True
13578,1.0,0.0,0.5,none,True,True
13579,1.0,0.0,0.5,none,True,True
13580,1.0,0.0,0.5,none,True,True
13581,1.0,0.0,0.5,none,True,True
13582,1.0,0.0,0.5,none,True,True
13583,1.0,0.0,0.5,none,True,True
13584,1.0,0.0,0.5,none,True,True
13585,1.0,0.0,0.5,none,True,True
13586,1.0,0.0,0.5,none,True,True
13587,1.0,0.0,0.5,none,True,True
13588,1.0,0.0,0.5,none,True,True
13589,1.0,0.0,0.5,none,True,True
13590,1.0,0.0,0.5,none,True,True
13591,1.0,0.0,0.5,none,True,True
13592,1.0,0.0,0.5,none,True,True
13593,1.0,0.0,0.5,none,True,True
13594,1.0,0.0,0.5,none,True,True
13595,1.0,0.0,0.5,none,True,True
13596,1.0,0.0,0.5,none,True,True
13597,1.0,0.0,0.5,none,True,True
13598,1.0,0.0,0.5,none,True,True
13599,1.0,0.0,0.5,none,True,True
13600,1.0,0.0,0.5,none,True,True
13601,1.0,0.0,0.5,none,True,True
13602,1.0,0.0,0.5,none,True,True
13603,1.0,0.0,0.5,none,True,True
13604,1.0,0.0,0.5,none,True,True
13605,1.0,0.0,0.5,none,True,True
13606,1.0,0.0,0.5,none,True,True
13607,1.0,0.0,0.5,none,True,True
13608,1.0,0.0,0.5,none,True,True
13609,1.0,0.0,0.5,none,True,True
13610,1.0,0.0,0.5,none,True,True
13611,1.0,0.0,0.5,none,True,True
13612,1.0,0.0,0.5,none,True,True
13613,1.0,0.0,0.5,none,True,True
13614,1.0,0.0,0.5,none,True,True
13615,1.0,0.0,0.5,none,True,True
13616,1.0,0.0,0.5,none,True,True
13617,1.0,0.0,0.5,none,True,True
13618,1.0,0.0,0.5,none,True,True
13619,1.0,0.0,0.5,none,True,True
13620,1.0,0.0,0.5,none,True,True
13621,1.0,0.0,0.5,none,True,True
13622,1.0,0.0,0.5,none,True,True
13623,1.0,0.0,0.5,none,True,True
13624,1.0,0.0,0.5,none,True,True
13625,1.0,0.0,0.5,none,True,True
13626,1.0,0.0,0.5,none,True,True
13627,1.0,0.0,0.5,none,True,True
13628,1.0,0.0,0.5,none,True,True
13629,1.0,0.0,0.5,none,True,True
13630,1.0,0.0,0.5,none,True,True
13631,1.0,0.0,0.5,none,True,True
13632,1.0,0.0,0.5,none,True,True
13633,1.0,0.0,0.5,none,True,True
13634,1.0,0.0,0.5,none,True,True
13635,1.0,0.0,0.5,none,True,True
13636,1.0,0.0,0.5,none,True,True
13637,1.0,0.0,0.5,none,True,True
13638,1.0,0.0,0.5,none,True,True
13639,1.0,0.0,0.5,none,True,True
13640,1.0,0.0,0.5,none,True,True
13641,1.0,0.0,0.5,none,True,True
13642,1.0,0.0,0.5,none,True,True
13643,1.0,0.0,0.5,none,True,True
13644,1.0,0.0,0.5,none,True,True
13645,1.0,0.0,0.5,none,True,True
13646,1.0,0.0,0.5,none,True,True
13647,1.0,0.0,0.5,none,True,True
13648,1.0,0.0,0.5,none,True,True
13649,1.0,0.0,0.5,none,True,True
13650,1.0,0.0,0.5,none,True,True
13651,1.0,0.0,0.5,none,True,True
13652,1.0,0.0,0.5,none,True,True
13653,1.0,0.0,0.5,none,True,True
13654,1.0,0.0,0.5,none,True,True
13655,1.0,0.0,0.5,none,True,True
13656,1.0,0.0,0.5,none,True,True
13657,1.0,0.0,0.5,none,True,True
13658,1.0,0.0,0.5,none,True,True
13659,1.0,0.0,0.5,none,True,True
13660,1.0,0.0,0.5,none,True,True
13661,1.0,0.0,0.5,none,True,True
13662,1.0,0.0,0.5,none,True,True
13663,1.0,0.0,0.5,none,True,True
13664,1.0,0.0,0.5,none,True,True
13665,1.0,0.0,0.5,none,True,True
13666,1.0,0.0,0.5,none,True,True
13667,1.0,0.0,0.5,none,True,True
13668,1.0,0.0,0.5,none,True,True
13669,1.0,0.0,0.5,none,True,True
13670,1.0,0.0,0.5,none,True,True
13671,1.0,0.0,0.5,none,True,True
13672,1.0,0.0,0.5,none,True,True
13673,1.0,0.0,0.5,none,True,True
13674,1.0,0.0,0.5,none,True,True
13675,1.0,0.0,0.5,none,True,True
13676,1.0,0.0,0.5,none,True,True
13677,1.0,0.0,0.5,none,True,True
13678,1.0,0.0,0.5,none,True,True
13679,1.0,0.0,0.5,none,True,True
13680,1.0,0.0,0.5,none,True,True
13681,1.0,0.0,0.5,none,True,True
13682,1.0,0.0,0.5,none,True,True
13683,1.0,0.0,0.5,none,True,True
13684,1.0,0.0,0.5,none,True,True
13685,1.0,0.0,0.5,none,True,True
13686,1.0,0.0,0.5,none,True,True
13687,1.0,0.0,0.5,none,True,True
13688,1.0,0.0,0.5,none,True,True
13689,1.0,0.0,0.5,none,True,True
13690,1.0,0.0,0.5,none,True,True
13691,1.0,0.0,0.5,none,True,True
13692,1.0,0.0,0.5,none,True,True
13693,1.0,0.0,0.5,none,True,True
13694,1.0,0.0,0.5,none,True,True
13695,1.0,0.0,0.5,none,True,True
13696,1.0,0.0,0.5,none,True,True
13697,1.0,0.0,0.5,none,True,True
13698,1.0,0.0,0.5,none,True,True
13699,1.0,0.0,0.5,none,True,True
13700,1.0,0.0,0.5,none,True,True
13701,1.0,0.0,0.5,none,True,True
13702,1.0,0.0,0.5,none,True,True
13703,1.0,0.0,0.5,none,True,True
13704,1.0,0.0,0.5,none,True,True
13705,1.0,0.0,0.5,none,True,True
13706,1.0,0.0,0.5,none,True,True
13707,1.0,0.0,0.5,none,True,True
13708,1.0,0.0,0.5,none,True,True
13709,1.0,0.0,0.5,none,True,True
13710,1.0,0.0,0.5,none,True,True
13711,1.0,0.0,0.5,none,True,True
13712,1.0,0.0,0.5,none,True,True
13713,1.0,0.0,0.5,none,True,True
13714,1.0,0.0,0.5,none,True,True
13715,1.0,0.0,0.5,none,True,True
13716,1.0,0.0,0.5,none,True,True
13717,1.0,0.0,0.5,none,True,True
13718,1.0,0.0,0.5,none,True,True
13719,1.0,0.0,0.5,none,True,True
13720,1.0,0.0,0.5,none,True,True
13721,1.0,0.0,0.5,none,True,True
13722,1.0,0.0,0.5,none,True,True
13723,1.0,0.0,0.5,none,True,True
13724,1.0,0.0,0.5,none,True,True
13725,1.0,0.0,0.5,none,True,True
13726,1.0,0.0,0.5,none,True,True
13727,1.0,0.0,0.5,none,True,True
13728,1.0,0.0,0.5,none,True,True
13729,1.0,0.0,0.5,none,True,True
13730,1.0,0.0,0.5,none,True,True
13731,1.0,0.0,0.5,none,True,True
13732,1.0,0.0,0.5,none,True,True
13733,1.0,0.0,0.5,none,True,True
13734,1.0,0.0,0.5,none,True,True
13735,1.0,0.0,0.5,none,True,True
13736,1.0,0.0,0.5,none,True,True
13737,1.0,0.0,0.5,none,True,True
13738,1.0,0.0,0.5,none,True,True
13739,1.0,0.0,0.5,none,True,True
13740,1.0,0.0,0.5,none,True,True
13741,1.0,0.0,0.5,none,True,True
13742,1.0,0.0,0.5,none,True,True
13743,1.0,0.0,0.5,none,True,True
13744,1.0,0.0,0.5,none,True,True
13745,1.0,0.0,0.5,none,True,True
13746,1.0,0.0,0.5,none,True,True
13747,1.0,0.0,0.5,none,True,True
13748,1.0,0.0,0.5,none,True,True
13749,1.0,0.0,0.5,none,True,True
13750,1.0,0.0,0.5,none,True,True
13751,1.0,0.0,0.5,none,True,True
13752,1.0,0.0,0.5,none,True,True
13753,1.0,0.0,0.5,none,True,True
13754,1.0,0.0,0.5,none,True,True
13755,1.0,0.0,0.5,none,True,True
13756,1.0,0.0,0.5,none,True,True
13757,1.0,0.0,0.5,none,True,True
13758,1.0,0.0,0.5,none,True,True
13759,1.0,0.0,0.5,none,True,True
13760,1.0,0.0,0.5,none,True,True
13761,1.0,0.0,0.5,none,True,True
13762,1.0,0.0,0.5,none,True,True
13763,1.0,0.0,0.5,none,True,True
13764,1.0,0.0,0.5,none,True,True
13765,1.0,0.0,0.5,none,True,True
13766,1.0,0.0,0.5,none,True,True
13767,1.0,0.0,0.5,none,True,True
13768,1.0,0.0,0.5,none,True,True
13769,1.0,0.0,0.5,none,True,True
13770,1.0,0.0,0.5,none,True,True
13771,1.0,0.0,0.5,none,True,True
13772,1.0,0.0,0.5,none,True,True
13773,1.0,0.0,0.5,none,True,True
13774,1.0,0.0,0.5,none,True,True
13775,1.0,0.0,0.5,none,True,True
13776,1.0,0.0,0.5,none,True,True
13777,1.0,0.0,0.5,none,True,True
13778,1.0,0.0,0.5,none,True,True
13779,1.0,0.0,0.5,none,True,True
13780,1.0,0.0,0.5,none,True,True
13781,1.0,0.0,0.5,none,True,True
13782,1.0,0.0,0.5,none,True,True
13783,1.0,0.0,0.5,none,True,True
13784,1.0,0.0,0.5,none,True,True
13785,1.0,0.0,0.5,none,True,True
13786,1.0,0.0,0.5,none,True,True
13787,1.0,0.0,0.5,none,True,True
13788,1.0,0.0,0.5,none,True,True
13789,1.0,0.0,0.5,none,True,True
13790,1.0,0.0,0.5,none,True,True
13791,1.0,0.0,0.5,none,True,True
13792,1.0,0.0,0.5,none,True,True
13793,1.0,0.0,0.5,none,True,True
13794,1.0,0.0,0.5,none,True,True
13795,1.0,0.0,0.5,none,True,True
13796,1.0,0.0,0.5,none,True,True
13797,1.0,0.0,0.5,none,True,True
13798,1.0,0.0,0.5,none,True,True
13799,1.0,0.0,0.5,none,True,True
13800,1.0,0.0,0.5,none,True,True
13801,1.0,0.0,0.5,none,True,True
13802,1.0,0.0,0.5,none,True,True
13803,1.0,0.0,0.5,none,True,True
13804,1.0,0.0,0.5,none,True,True
13805,1.0,0.0,0.5,none,True,True
13806,1.0,0.0,0.5,none,True,True
13807,1.0,0.0,0.5,none,True,True
13808,1.0,0.0,0.5,none,True,True
13809,1.0,0.0,0.5,none,True,True
13810,1.0,0.0,0.5,none,True,True
13811,1.0,0.0,0.5,none,True,True
13812,1.0,0.0,0.5,none,True,True
13813,1.0,0.0,0.5,none,True,True
13814,1.0,0.0,0.5,none,True,True
13815,1.0,0.0,0.5,none,True,True
13816,1.0,0.0,0.5,none,True,True
13817,1.0,0.0,0.5,none,True,True
13818,1.0,0.0,0.5,none,True,True
13819,1.0,0.0,0.5,none,True,True
13820,1.0,0.0,0.5,none,True,True
13821,1.0,0.0,0.5,none,True,True
13822,1.0,0.0,0.5,none,True,True
13823,1.0,0.0,0.5,none,True,True
13824,1.0,0.0,0.5,none,True,True
13825,1.0,0.0,0.5,none,True,True
13826,1.0,0.0,0.5,none,True,True
13827,1.0,0.0,0.5,none,True,True
13828,1.0,0.0,0.5,none,True,True
13829,1.0,0.0,0.5,none,True,True
13830,1.0,0.0,0.5,none,True,True
13831,1.0,0.0,0.5,none,True,True
13832,1.0,0.0,0.5,none,True,True
13833,1.0,0.0,0.5,none,True,True
13834,1.0,0.0,0.5,none,True,True
13835,1.0,0.0,0.5,none,True,True
13836,1.0,0.0,0.5,none,True,True
13837,1.0,0.0,0.5,none,True,True
13838,1.0,0.0,0.5,none,True,True
13839,1.0,0.0,0.5,none,True,True
13840,1.0,0.0,0.5,none,True,True
13841,1.0,0.0,0.5,none,True,True
13842,1.0,0.0,0.5,none,True,True
13843,1.0,0.0,0.5,none,True,True
13844,1.0,0.0,0.5,none,True,True
13845,1.0,0.0,0.5,none,True,True
13846,1.0,0.0,0.5,none,True,True
13847,1.0,0.0,0.5,none,True,True
13848,1.0,0.0,0.5,none,True,True
13849,1.0,0.0,0.5,none,True,True
13850,1.0,0.0,0.5,none,True,True
13851,1.0,0.0,0.5,none,True,True
13852,1.0,0.0,0.5,none,True,True
13853,1.0,0.0,0.5,none,True,True
13854,1.0,0.0,0.5,none,True,True
13855,1.0,0.0,0.5,none,True,True
13856,1.0,0.0,0.5,none,True,True
13857,1.0,0.0,0.5,none,True,True
13858,1.0,0.0,0.5,none,True,True
13859,1.0,0.0,0.5,none,True,True
13860,1.0,0.0,0.5,none,True,True
13861,1.0,0.0,0.5,none,True,True
13862,1.0,0.0,0.5,none,True,True
13863,1.0,0.0,0.5,none,True,True
13864,1.0,0.0,0.5,none,True,True
13865,1.0,0.0,0.5,none,True,True
13866,1.0,0.0,0.5,none,True,True
13867,1.0,0.0,0.5,none,True,True
13868,1.0,0.0,0.5,none,True,True
13869,1.0,0.0,0.5,none,True,True
13870,1.0,0.0,0.5,none,True,True
13871,1.0,0.0,0.5,none,True,True
13872,1.0,0.0,0.5,none,True,True
13873,1.0,0.0,0.5,none,True,True
13874,1.0,0.0,0.5,none,True,True
13875,1.0,0.0,0.5,none,True,True
13876,1.0,0.0,0.5,none,True,True
13877,1.0,0.0,0.5,none,True,True
13878,1.0,0.0,0.5,none,True,True
13879,1.0,0.0,0.5,none,True,True
13880,1.0,0.0,0.5,none,True,True
13881,1.0,0.0,0.5,none,True,True
13882,1.0,0.0,0.5,none,True,True
13883,1.0,0.0,0.5,none,True,True
13884,1.0,0.0,0.5,none,True,True
13885,1.0,0.0,0.5,none,True,True
13886,1.0,0.0,0.5,none,True,True
13887,1.0,0.0,0.5,none,True,True
13888,1.0,0.0,0.5,none,True,True
13889,1.0,0.0,0.5,none,True,True
13890,1.0,0.0,0.5,none,True,True
13891,1.0,0.0,0.5,none,True,True
13892,1.0,0.0,0.5,none,True,True
13893,1.0,0.0,0.5,none,True,True
13894,1.0,0.0,0.5,none,True,True
13895,1.0,0.0,0.5,none,True,True
13896,1.0,0.0,0.5,none,True,True
13897,1.0,0.0,0.5,none,True,True
13898,1.0,0.0,0.5,none,True,True
13899,1.0,0.0,0.5,none,True,True
13900,1.0,0.0,0.5,none,True,True
13901,1.0,0.0,0.5,none,True,True
13902,1.0,0.0,0.5,none,True,True
13903,1.0,0.0,0.5,none,True,True
13904,1.0,0.0,0.5,none,True,True
13905,1.0,0.0,0.5,none,True,True
13906,1.0,0.0,0.5,none,True,True
13907,1.0,0.0,0.5,none,True,True
13908,1.0,0.0,0.5,none,True,True
13909,1.0,0.0,0.5,none,True,True
13910,1.0,0.0,0.5,none,True,True
13911,1.0,0.0,0.5,none,True,True
13912,1.0,0.0,0.5,none,True,True
13913,1.0,0.0,0.5,none,True,True
13914,1.0,0.0,0.5,none,True,True
13915,1.0,0.0,0.5,none,True,True
13916,1.0,0.0,0.5,none,True,True
13917,1.0,0.0,0.5,none,True,True
13918,1.0,0.0,0.5,none,True,True
13919,1.0,0.0,0.5,none,True,True
13920,1.0,0.0,0.5,none,True,True
13921,1.0,0.0,0.5,none,True,True
13922,1.0,0.0,0.5,none,True,True
13923,1.0,0.0,0.5,none,True,True
13924,1.0,0.0,0.5,none,True,True
13925,1.0,0.0,0.5,none,True,True
13926,1.0,0.0,0.5,none,True,True
13927,1.0,0.0,0.5,none,True,True
13928,1.0,0.0,0.5,none,True,True
13929,1.0,0.0,0.5,none,True,True
13930,1.0,0.0,0.5,none,True,True
13931,1.0,0.0,0.5,none,True,True
13932,1.0,0.0,0.5,none,True,True
13933,1.0,0.0,0.5,none,True,True
13934,1.0,0.0,0.5,none,True,True
13935,1.0,0.0,0.5,none,True,True
13936,1.0,0.0,0.5,none,True,True
13937,1.0,0.0,0.5,none,True,True
13938,1.0,0.0,0.5,none,True,True
13939,1.0,0.0,0.5,none,True,True
13940,1.0,0.0,0.5,none,True,True
13941,1.0,0.0,0.5,none,True,True
13942,1.0,0.0,0.5,none,True,True
13943,1.0,0.0,0.5,none,True,True
13944,1.0,0.0,0.5,none,True,True
13945,1.0,0.0,0.5,none,True,True
13946,1.0,0.0,0.5,none,True,True
13947,1.0,0.0,0.5,none,True,True
13948,1.0,0.0,0.5,none,True,True
13949,1.0,0.0,0.5,none,True,True
13950,1.0,0.0,0.5,none,True,True
13951,1.0,0.0,0.5,none,True,True
13952,1.0,0.0,0.5,none,True,True
13953,1.0,0.0,0.5,none,True,True
13954,1.0,0.0,0.5,none,True,True
13955,1.0,0.0,0.5,none,True,True
13956,1.0,0.0,0.5,none,True,True
13957,1.0,0.0,0.5,none,True,True
13958,1.0,0.0,0.5,none,True,True
13959,1.0,0.0,0.5,none,True,True
13960,1.0,0.0,0.5,none,True,True
13961,1.0,0.0,0.5,none,True,True
13962,1.0,0.0,0.5,none,True,True
13963,1.0,0.0,0.5,none,True,True
13964,1.0,0.0,0.5,none,True,True
13965,1.0,0.0,0.5,none,True,True
13966,1.0,0.0,0.5,none,True,True
13967,1.0,0.0,0.5,none,True,True
13968,1.0,0.0,0.5,none,True,True
13969,1.0,0.0,0.5,none,True,True
13970,1.0,0.0,0.5,none,True,True
13971,1.0,0.0,0.5,none,True,True
13972,1.0,0.0,0.5,none,True,True
13973,1.0,0.0,0.5,none,True,True
13974,1.0,0.0,0.5,none,True,True
13975,1.0,0.0,0.5,none,True,True
13976,1.0,0.0,0.5,none,True,True
13977,1.0,0.0,0.5,none,True,True
13978,1.0,0.0,0.5,none,True,True
13979,1.0,0.0,0.5,none,True,True
13980,1.0,0.0,0.5,none,True,True
13981,1.0,0.0,0.5,none,True,True
13982,1.0,0.0,0.5,none,True,True
13983,1.0,0.0,0.5,none,True,True
13984,1.0,0.0,0.5,none,True,True
13985,1.0,0.0,0.5,none,True,True
13986,1.0,0.0,0.5,none,True,True
13987,1.0,0.0,0.5,none,True,True
13988,1.0,0.0,0.5,none,True,True
13989,1.0,0.0,0.5,none,True,True
13990,1.0,0.0,0.5,none,True,True
13991,1.0,0.0,0.5,none,True,True
13992,1.0,0.0,0.5,none,True,True
13993,1.0,0.0,0.5,none,True,True
13994,1.0,0.0,0.5,none,True,True
13995,1.0,0.0,0.5,none,True,True
13996,1.0,0.0,0.5,none,True,True
13997,1.0,0.0,0.5,none,True,True
13998,1.0,0.0,0.5,none,True,True
13999,1.0,0.0,0.5,none,True,True
14000,1.0,0.0061,0.5,none,True,True
14001,1.0,0.0357,0.5,none,True,True
14002,1.0,0.0812,0.5,none,True,True
14003,1.0,0.1113,0.5,none,True,True
14004,1.0,0.1253,0.5,none,True,True
14005,1.0,0.1408,0.5,none,True,True
14006,1.0,0.0907,0.5,none,True,True
14007,1.0,0.1198,0.5,none,True,True
14008,1.0,0.0467,0.5,none,True,True
14009,1.0,0.0522,0.5,none,True,True
14010,1.0,0.0405,0.5,none,True,True
14011,1.0,0.0313,0.5,none,True,True
14012,1.0,0.0083,0.5,none,True,True
14013,1.0,0.0726,0.5,none,True,True
14014,1.0,0.0793,0.5,none,True,True
14015,1.0,0.0581,0.5,none,True,True
14016,1.0,0.0955,0.5,none,True,True
14017,1.0,0.0839,0.5,none,True,True
14018,1.0,0.0648,0.5,none,True,True
14019,1.0,0.0718,0.5,none,True,True
14020,1.0,0.0589,0.5,none,True,True
14021,1.0,0.0403,0.5,none,True,True
14022,1.0,0.0327,0.5,none,True,True
14023,1.0,0.0277,0.5,none,True,True
14024,1.0,0.017,0.5,none,True,True
14025,1.0,0.0102,0.5,none,True,True
14026,1.0,0.0099,0.5,none,True,True
14027,1.0,0.008,0.5,none,True,True
14028,1.0,0.005,0.5,none,True,True
14029,1.0,0.0063,0.5,none,True,True
14030,1.0,0.009,0.5,none,True,True
14031,1.0,0.0096,0.5,none,True,True
14032,1.0,0.0108,0.5,none,True,True
14033,1.0,0.014,0.5,none,True,True
14034,1.0,0.0161,0.5,none,True,True
14035,1.0,0.0167,0.5,none,True,True
14036,1.0,0.0182,0.5,none,True,True
14037,1.0,0.0196,0.5,none,True,True
14038,1.0,0.0197,0.5,none,True,True
14039,1.0,0.0193,0.5,none,True,True
14040,1.0,0.0193,0.5,none,True,True
14041,1.0,0.0187,0.5,none,True,True
14042,1.0,0.0174,0.5,none,True,True
14043,1.0,0.0163,0.5,none,True,True
14044,1.0,0.0152,0.5,none,True,True
14045,1.0,0.0138,0.5,none,True,True
14046,1.0,0.0123,0.5,none,True,True
14047,1.0,0.0111,0.5,none,True,True
14048,1.0,0.01,0.5,none,True,True
14049,1.0,0.0088,0.5,none,True,True
14050,1.0,0.0078,0.5,none,True,True
14051,1.0,0.0071,0.5,none,True,True
14052,1.0,0.0064,0.5,none,True,True
14053,1.0,0.0057,0.5,none,True,True
14054,1.0,0.0053,0.5,none,True,True
14055,1.0,0.005,0.5,none,True,True
14056,1.0,0.0047,0.5,none,True,True
14057,1.0,0.0045,0.5,none,True,True
14058,1.0,0.0044,0.5,none,True,True
14059,1.0,0.0043,0.5,none,True,True
14060,1.0,0.0042,0.5,none,True,True
14061,1.0,0.0041,0.5,none,True,True
14062,1.0,0.004,0.5,none,True,True
14063,1.0,0.0039,0.5,none,True,True
14064,1.0,0.0038,0.5,none,True,True
14065,1.0,0.0037,0.5,none,True,True
14066,1.0,0.0035,0.5,none,True,True
14067,1.0,0.0033,0.5,none,True,True
14068,1.0,0.0032,0.5,none,True,True
14069,1.0,0.003,0.5,none,True,True
14070,1.0,0.0028,0.5,none,True,True
14071,1.0,0.0026,0.5,none,True,True
14072,1.0,0.0024,0.5,none,True,True
14073,1.0,0.0023,0.5,none,True,True
14074,1.0,0.0021,0.5,none,True,True
14075,1.0,0.0019,0.5,none,True,True
14076,1.0,0.0018,0.5,none,True,True
14077,1.0,0.0017,0.5,none,True,True
14078,1.0,0.0015,0.5,none,True,True
14079,1.0,0.0014,0.5,none,True,True
14080,1.0,0.0013,0.5,none,True,True
14081,1.0,0.0013,0.5,none,True,True
14082,1.0,0.0012,0.5,none,True,True
14083,1.0,0.0011,0.5,none,True,True
14084,1.0,0.0011,0.5,none,True,True
14085,1.0,0.001,0.5,none,True,True
14086,1.0,0.001,0.5,none,True,True
14087,1.0,0.0009,0.5,none,True,True
14088,1.0,0.0009,0.5,none,True,True
14089,1.0,0.0008,0.5,none,True,True
14090,1.0,0.0008,0.5,none,True,True
14091,1.0,0.0008,0.5,none,True,True
14092,1.0,0.0007,0.5,none,True,True
14093,1.0,0.0007,0.5,none,True,True
14094,1.0,0.0006,0.5,none,True,True
14095,1.0,0.0006,0.5,none,True,True
14096,1.0,0.0006,0.5,none,True,True
14097,1.0,0.0005,0.5,none,True,True
14098,1.0,0.0005,0.5,none,True,True
14099,1.0,0.0005,0.5,none,True,True
14100,1.0,0.0004,0.5,none,True,True
14101,1.0,0.0004,0.5,none,True,True
14102,1.0,0.0004,0.5,none,True,True
14103,1.0,0.0004,0.5,none,True,True
14104,1.0,0.0003,0.5,none,True,True
14105,1.0,0.0003,0.5,none,True,True
14106,1.0,0.0003,0.5,none,True,True
14107,1.0,0.0003,0.5,none,True,True
14108,1.0,0.0003,0.5,none,True,True
14109,1.0,0.0003,0.5,none,True,True
14110,1.0,0.0002,0.5,none,True,True
14111,1.0,0.0002,0.5,none,True,True
14112,1.0,0.0002,0.5,none,True,True
14113,1.0,0.0002,0.5,none,True,True
14114,1.0,0.0002,0.5,none,True,True
14115,1.0,0.0002,0.5,none,True,True
14116,1.0,0.0002,0.5,none,True,True
14117,1.0,0.0002,0.5,none,True,True
14118,1.0,0.0002,0.5,none,True,True
14119,1.0,0.0001,0.5,none,True,True
14120,1.0,0.0001,0.5,none,True,True
14121,1.0,0.0001,0.5,none,True,True
14122,1.0,0.0001,0.5,none,True,True
14123,1.0,0.0001,0.5,none,True,True
14124,1.0,0.0001,0.5,none,True,True
14125,1.0,0.0001,0.5,none,True,True
14126,1.0,0.0001,0.5,none,True,True
14127,1.0,0.0001,0.5,none,True,True
14128,1.0,0.0001,0.5,none,True,True
14129,1.0,0.0001,0.5,none,True,True
14130,1.0,0.0001,0.5,none,True,True
14131,1.0,0.0001,0.5,none,True,True
14132,1.0,0.0001,0.5,none,True,True
14133,1.0,0.0001,0.5,none,True,True
14134,1.0,0.0001,0.5,none,True,True
14135,1.0,0.0001,0.5,none,True,True
14136,1.0,0.0001,0.5,none,True,True
14137,1.0,0.0,0.5,none,True,True
14138,1.0,0.0,0.5,none,True,True
14139,1.0,0.0,0.5,none,True,True
14140,1.0,0.0,0.5,none,True,True
14141,1.0,0.0,0.5,none,True,True
14142,1.0,0.0,0.5,none,True,True
14143,1.0,0.0,0.5,none,True,True
14144,1.0,0.0,0.5,none,True,True
14145,1.0,0.0,0.5,none,True,True
14146,1.0,0.0,0.5,none,True,True
14147,1.0,0.0,0.5,none,True,True
14148,1.0,0.0,0.5,none,True,True
14149,1.0,0.0,0.5,none,True,True
14150,1.0,0.0,0.5,none,True,True
14151,1.0,0.0,0.5,none,True,True
14152,1.0,0.0,0.5,none,True,True
14153,1.0,0.0,0.5,none,True,True
14154,1.0,0.0,0.5,none,True,True
14155,1.0,0.0,0.5,none,True,True
14156,1.0,0.0,0.5,none,True,True
14157,1.0,0.0,0.5,none,True,True
14158,1.0,0.0,0.5,none,True,True
14159,1.0,0.0,0.5,none,True,True
14160,1.0,0.0,0.5,none,True,True
14161,1.0,0.0,0.5,none,True,True
14162,1.0,0.0,0.5,none,True,True
14163,1.0,0.0,0.5,none,True,True
14164,1.0,0.0,0.5,none,True,True
14165,1.0,0.0,0.5,none,True,True
14166,1.0,0.0,0.5,none,True,True
14167,1.0,0.0,0.5,none,True,True
14168,1.0,0.0,0.5,none,True,True
14169,1.0,0.0,0.5,none,True,True
14170,1.0,0.0,0.5,none,True,True
14171,1.0,0.0,0.5,none,True,True
14172,1.0,0.0,0.5,none,True,True
14173,1.0,0.0,0.5,none,True,True
14174,1.0,0.0,0.5,none,True,True
14175,1.0,0.0,0.5,none,True,True
14176,1.0,0.0,0.5,none,True,True
14177,1.0,0.0,0.5,none,True,True
14178,1.0,0.0,0.5,none,True,True
14179,1.0,0.0,0.5,none,True,True
14180,1.0,0.0,0.5,none,True,True
14181,1.0,0.0,0.5,none,True,True
14182,1.0,0.0,0.5,none,True,True
14183,1.0,0.0,0.5,none,True,True
14184,1.0,0.0,0.5,none,True,True
14185,1.0,0.0,0.5,none,True,True
14186,1.0,0.0,0.5,none,True,True
14187,1.0,0.0,0.5,none,True,True
14188,1.0,0.0,0.5,none,True,True
14189,1.0,0.0,0.5,none,True,True
14190,1.0,0.0,0.5,none,True,True
14191,1.0,0.0,0.5,none,True,True
14192,1.0,0.0,0.5,none,True,True
14193,1.0,0.0,0.5,none,True,True
14194,1.0,0.0,0.5,none,True,True
14195,1.0,0.0,0.5,none,True,True
14196,1.0,0.0,0.5,none,True,True
14197,1.0,0.0,0.5,none,True,True
14198,1.0,0.0,0.5,none,True,True
14199,1.0,0.0,0.5,none,True,True
14200,1.0,0.0,0.5,none,True,True
14201,1.0,0.0,0.5,none,True,True
14202,1.0,0.0,0.5,none,True,True
14203,1.0,0.0,0.5,none,True,True
14204,1.0,0.0,0.5,none,True,True
14205,1.0,0.0,0.5,none,True,True
14206,1.0,0.0,0.5,none,True,True
14207,1.0,0.0,0.5,none,True,True
14208,1.0,0.0,0.5,none,True,True
14209,1.0,0.0,0.5,none,True,True
14210,1.0,0.0,0.5,none,True,True
14211,1.0,0.0,0.5,none,True,True
14212,1.0,0.0,0.5,none,True,True
14213,1.0,0.0,0.5,none,True,True
14214,1.0,0.0,0.5,none,True,True
14215,1.0,0.0,0.5,none,True,True
14216,1.0,0.0,0.5,none,True,True
14217,1.0,0.0,0.5,none,True,True
14218,1.0,0.0,0.5,none,True,True
14219,1.0,0.0,0.5,none,True,True
14220,1.0,0.0,0.5,none,True,True
14221,1.0,0.0,0.5,none,True,True
14222,1.0,0.0,0.5,none,True,True
14223,1.0,0.0,0.5,none,True,True
14224,1.0,0.0,0.5,none,True,True
14225,1.0,0.0,0.5,none,True,True
14226,1.0,0.0,0.5,none,True,True
14227,1.0,0.0,0.5,none,True,True
14228,1.0,0.0,0.5,none,True,True
14229,1.0,0.0,0.5,none,True,True
14230,1.0,0.0,0.5,none,True,True
14231,1.0,0.0,0.5,none,True,True
14232,1.0,0.0,0.5,none,True,True
14233,1.0,0.0,0.5,none,True,True
14234,1.0,0.0,0.5,none,True,True
14235,1.0,0.0,0.5,none,True,True
14236,1.0,0.0,0.5,none,True,True
14237,1.0,0.0,0.5,none,True,True
14238,1.0,0.0,0.5,none,True,True
14239,1.0,0.0,0.5,none,True,True
14240,1.0,0.0,0.5,none,True,True
14241,1.0,0.0,0.5,none,True,True
14242,1.0,0.0,0.5,none,True,True
14243,1.0,0.0,0.5,none,True,True
14244,1.0,0.0,0.5,none,True,True
14245,1.0,0.0,0.5,none,True,True
14246,1.0,0.0,0.5,none,True,True
14247,1.0,0.0,0.5,none,True,True
14248,1.0,0.0,0.5,none,True,True
14249,1.0,0.0,0.5,none,True,True
14250,1.0,0.0,0.5,none,True,True
14251,1.0,0.0,0.5,none,True,True
14252,1.0,0.0,0.5,none,True,True
14253,1.0,0.0,0.5,none,True,True
14254,1.0,0.0,0.5,none,True,True
14255,1.0,0.0,0.5,none,True,True
14256,1.0,0.0,0.5,none,True,True
14257,1.0,0.0,0.5,none,True,True
14258,1.0,0.0,0.5,none,True,True
14259,1.0,0.0,0.5,none,True,True
14260,1.0,0.0,0.5,none,True,True
14261,1.0,0.0,0.5,none,True,True
14262,1.0,0.0,0.5,none,True,True
14263,1.0,0.0,0.5,none,True,True
14264,1.0,0.0,0.5,none,True,True
14265,1.0,0.0,0.5,none,True,True
14266,1.0,0.0,0.5,none,True,True
14267,1.0,0.0,0.5,none,True,True
14268,1.0,0.0,0.5,none,True,True
14269,1.0,0.0,0.5,none,True,True
14270,1.0,0.0,0.5,none,True,True
14271,1.0,0.0,0.5,none,True,True
14272,1.0,0.0,0.5,none,True,True
14273,1.0,0.0,0.5,none,True,True
14274,1.0,0.0,0.5,none,True,True
14275,1.0,0.0,0.5,none,True,True
14276,1.0,0.0,0.5,none,True,True
14277,1.0,0.0,0.5,none,True,True
14278,1.0,0.0,0.5,none,True,True
14279,1.0,0.0,0.5,none,True,True
14280,1.0,0.0,0.5,none,True,True
14281,1.0,0.0,0.5,none,True,True
14282,1.0,0.0,0.5,none,True,True
14283,1.0,0.0,0.5,none,True,True
14284,1.0,0.0,0.5,none,True,True
14285,1.0,0.0,0.5,none,True,True
14286,1.0,0.0,0.5,none,True,True
14287,1.0,0.0,0.5,none,True,True
14288,1.0,0.0,0.5,none,True,True
14289,1.0,0.0,0.5,none,True,True
14290,1.0,0.0,0.5,none,True,True
14291,1.0,0.0,0.5,none,True,True
14292,1.0,0.0,0.5,none,True,True
14293,1.0,0.0,0.5,none,True,True
14294,1.0,0.0,0.5,none,True,True
14295,1.0,0.0,0.5,none,True,True
14296,1.0,0.0,0.5,none,True,True
14297,1.0,0.0,0.5,none,True,True
14298,1.0,0.0,0.5,none,True,True
14299,1.0,0.0,0.5,none,True,True
14300,1.0,0.0,0.5,none,True,True
14301,1.0,0.0,0.5,none,True,True
14302,1.0,0.0,0.5,none,True,True
14303,1.0,0.0,0.5,none,True,True
14304,1.0,0.0,0.5,none,True,True
14305,1.0,0.0,0.5,none,True,True
14306,1.0,0.0,0.5,none,True,True
14307,1.0,0.0,0.5,none,True,True
14308,1.0,0.0,0.5,none,True,True
14309,1.0,0.0,0.5,none,True,True
14310,1.0,0.0,0.5,none,True,True
14311,1.0,0.0,0.5,none,True,True
14312,1.0,0.0,0.5,none,True,True
14313,1.0,0.0,0.5,none,True,True
14314,1.0,0.0,0.5,none,True,True
14315,1.0,0.0,0.5,none,True,True
14316,1.0,0.0,0.5,none,True,True
14317,1.0,0.0,0.5,none,True,True
14318,1.0,0.0,0.5,none,True,True
14319,1.0,0.0,0.5,none,True,True
14320,1.0,0.0,0.5,none,True,True
14321,1.0,0.0,0.5,none,True,True
14322,1.0,0.0,0.5,none,True,True
14323,1.0,0.0,0.5,none,True,True
14324,1.0,0.0,0.5,none,True,True
14325,1.0,0.0,0.5,none,True,True
14326,1.0,0.0,0.5,none,True,True
14327,1.0,0.0,0.5,none,True,True
14328,1.0,0.0,0.5,none,True,True
14329,1.0,0.0,0.5,none,True,True
14330,1.0,0.0,0.5,none,True,True
14331,1.0,0.0,0.5,none,True,True
14332,1.0,0.0,0.5,none,True,True
14333,1.0,0.0,0.5,none,True,True
14334,1.0,0.0,0.5,none,True,True
14335,1.0,0.0,0.5,none,True,True
14336,1.0,0.0,0.5,none,True,True
14337,1.0,0.0,0.5,none,True,True
14338,1.0,0.0,0.5,none,True,True
14339,1.0,0.0,0.5,none,True,True
14340,1.0,0.0,0.5,none,True,True
14341,1.0,0.0,0.5,none,True,True
14342,1.0,0.0,0.5,none,True,True
14343,1.0,0.0,0.5,none,True,True
14344,1.0,0.0,0.5,none,True,True
14345,1.0,0.0,0.5,none,True,True
14346,1.0,0.0,0.5,none,True,True
14347,1.0,0.0,0.5,none,True,True
14348,1.0,0.0,0.5,none,True,True
14349,1.0,0.0,0.5,none,True,True
14350,1.0,0.0,0.5,none,True,True
14351,1.0,0.0,0.5,none,True,True
14352,1.0,0.0,0.5,none,True,True
14353,1.0,0.0,0.5,none,True,True
14354,1.0,0.0,0.5,none,True,True
14355,1.0,0.0,0.5,none,True,True
14356,1.0,0.0,0.5,none,True,True
14357,1.0,0.0,0.5,none,True,True
14358,1.0,0.0,0.5,none,True,True
14359,1.0,0.0,0.5,none,True,True
14360,1.0,0.0,0.5,none,True,True
14361,1.0,0.0,0.5,none,True,True
14362,1.0,0.0,0.5,none,True,True
14363,1.0,0.0,0.5,none,True,True
14364,1.0,0.0,0.5,none,True,True
14365,1.0,0.0,0.5,none,True,True
14366,1.0,0.0,0.5,none,True,True
14367,1.0,0.0,0.5,none,True,True
14368,1.0,0.0,0.5,none,True,True
14369,1.0,0.0,0.5,none,True,True
14370,1.0,0.0,0.5,none,True,True
14371,1.0,0.0,0.5,none,True,True
14372,1.0,0.0,0.5,none,True,True
14373,1.0,0.0,0.5,none,True,True
14374,1.0,0.0,0.5,none,True,True
14375,1.0,0.0,0.5,none,True,True
14376,1.0,0.0,0.5,none,True,True
14377,1.0,0.0,0.5,none,True,True
14378,1.0,0.0,0.5,none,True,True
14379,1.0,0.0,0.5,none,True,True
14380,1.0,0.0,0.5,none,True,True
14381,1.0,0.0,0.5,none,True,True
14382,1.0,0.0,0.5,none,True,True
14383,1.0,0.0,0.5,none,True,True
14384,1.0,0.0,0.5,none,True,True
14385,1.0,0.0,0.5,none,True,True
14386,1.0,0.0,0.5,none,True,True
14387,1.0,0.0,0.5,none,True,True
14388,1.0,0.0,0.5,none,True,True
14389,1.0,0.0,0.5,none,True,True
14390,1.0,0.0,0.5,none,True,True
14391,1.0,0.0,0.5,none,True,True
14392,1.0,0.0,0.5,none,True,True
14393,1.0,0.0,0.5,none,True,True
14394,1.0,0.0,0.5,none,True,True
14395,1.0,0.0,0.5,none,True,True
14396,1.0,0.0,0.5,none,True,True
14397,1.0,0.0,0.5,none,True,True
14398,1.0,0.0,0.5,none,True,True
14399,1.0,0.0,0.5,none,True,True
14400,1.0,0.0,0.5,none,True,True
14401,1.0,0.0,0.5,none,True,True
14402,1.0,0.0,0.5,none,True,True
14403,1.0,0.0,0.5,none,True,True
14404,1.0,0.0,0.5,none,True,True
14405,1.0,0.0,0.5,none,True,True
14406,1.0,0.0,0.5,none,True,True
14407,1.0,0.0,0.5,none,True,True
14408,1.0,0.0,0.5,none,True,True
14409,1.0,0.0,0.5,none,True,True
14410,1.0,0.0,0.5,none,True,True
14411,1.0,0.0,0.5,none,True,True
14412,1.0,0.0,0.5,none,True,True
14413,1.0,0.0,0.5,none,True,True
14414,1.0,0.0,0.5,none,True,True
14415,1.0,0.0,0.5,none,True,True
14416,1.0,0.0,0.5,none,True,True
14417,1.0,0.0,0.5,none,True,True
14418,1.0,0.0,0.5,none,True,True
14419,1.0,0.0,0.5,none,True,True
14420,1.0,0.0,0.5,none,True,True
14421,1.0,0.0,0.5,none,True,True
14422,1.0,0.0,0.5,none,True,True
14423,1.0,0.0,0.5,none,True,True
14424,1.0,0.0,0.5,none,True,True
14425,1.0,0.0,0.5,none,True,True
14426,1.0,0.0,0.5,none,True,True
14427,1.0,0.0,0.5,none,True,True
14428,1.0,0.0,0.5,none,True,True
14429,1.0,0.0,0.5,none,True,True
14430,1.0,0.0,0.5,none,True,True
14431,1.0,0.0,0.5,none,True,True
14432,1.0,0.0,0.5,none,True,True
14433,1.0,0.0,0.5,none,True,True
14434,1.0,0.0,0.5,none,True,True
14435,1.0,0.0,0.5,none,True,True
14436,1.0,0.0,0.5,none,True,True
14437,1.0,0.0,0.5,none,True,True
14438,1.0,0.0,0.5,none,True,True
14439,1.0,0.0,0.5,none,True,True
14440,1.0,0.0,0.5,none,True,True
14441,1.0,0.0,0.5,none,True,True
14442,1.0,0.0,0.5,none,True,True
14443,1.0,0.0,0.5,none,True,True
14444,1.0,0.0,0.5,none,True,True
14445,1.0,0.0,0.5,none,True,True
14446,1.0,0.0,0.5,none,True,True
14447,1.0,0.0,0.5,none,True,True
14448,1.0,0.0,0.5,none,True,True
14449,1.0,0.0,0.5,none,True,True
14450,1.0,0.0,0.5,none,True,True
14451,1.0,0.0,0.5,none,True,True
14452,1.0,0.0,0.5,none,True,True
14453,1.0,0.0,0.5,none,True,True
14454,1.0,0.0,0.5,none,True,True
14455,1.0,0.0,0.5,none,True,True
14456,1.0,0.0,0.5,none,True,True
14457,1.0,0.0,0.5,none,True,True
14458,1.0,0.0,0.5,none,True,True
14459,1.0,0.0,0.5,none,True,True
14460,1.0,0.0,0.5,none,True,True
14461,1.0,0.0,0.5,none,True,True
14462,1.0,0.0,0.5,none,True,True
14463,1.0,0.0,0.5,none,True,True
14464,1.0,0.0,0.5,none,True,True
14465,1.0,0.0,0.5,none,True,True
14466,1.0,0.0,0.5,none,True,True
14467,1.0,0.0,0.5,none,True,True
14468,1.0,0.0,0.5,none,True,True
14469,1.0,0.0,0.5,none,True,True
14470,1.0,0.0,0.5,none,True,True
14471,1.0,0.0,0.5,none,True,True
14472,1.0,0.0,0.5,none,True,True
14473,1.0,0.0,0.5,none,True,True
14474,1.0,0.0,0.5,none,True,True
14475,1.0,0.0,0.5,none,True,True
14476,1.0,0.0,0.5,none,True,True
14477,1.0,0.0,0.5,none,True,True
14478,1.0,0.0,0.5,none,True,True
14479,1.0,0.0,0.5,none,True,True
14480,1.0,0.0,0.5,none,True,True
14481,1.0,0.0,0.5,none,True,True
14482,1.0,0.0,0.5,none,True,True
14483,1.0,0.0,0.5,none,True,True
14484,1.0,0.0,0.5,none,True,True
14485,1.0,0.0,0.5,none,True,True
14486,1.0,0.0,0.5,none,True,True
14487,1.0,0.0,0.5,none,True,True
14488,1.0,0.0,0.5,none,True,True
14489,1.0,0.0,0.5,none,True,True
14490,1.0,0.0,0.5,none,True,True
14491,1.0,0.0,0.5,none,True,True
14492,1.0,0.0,0.5,none,True,True
14493,1.0,0.0,0.5,none,True,True
14494,1.0,0.0,0.5,none,True,True
14495,1.0,0.0,0.5,none,True,True
14496,1.0,0.0,0.5,none,True,True
14497,1.0,0.0,0.5,none,True,True
14498,1.0,0.0,0.5,none,True,True
14499,1.0,0.0,0.5,none,True,True
14500,1.0,0.0,0.5,none,True,True
14501,1.0,0.0,0.5,none,True,True
14502,1.0,0.0,0.5,none,True,True
14503,1.0,0.0,0.5,none,True,True
14504,1.0,0.0,0.5,none,True,True
14505,1.0,0.0,0.5,none,True,True
14506,1.0,0.0,0.5,none,True,True
14507,1.0,0.0,0.5,none,True,True
14508,1.0,0.0,0.5,none,True,True
14509,1.0,0.0,0.5,none,True,True
14510,1.0,0.0,0.5,none,True,True
14511,1.0,0.0,0.5,none,True,True
14512,1.0,0.0,0.5,none,True,True
14513,1.0,0.0,0.5,none,True,True
14514,1.0,0.0,0.5,none,True,True
14515,1.0,0.0,0.5,none,True,True
14516,1.0,0.0,0.5,none,True,True
14517,1.0,0.0,0.5,none,True,True
14518,1.0,0.0,0.5,none,True,True
14519,1.0,0.0,0.5,none,True,True
14520,1.0,0.0,0.5,none,True,True
14521,1.0,0.0,0.5,none,True,True
14522,1.0,0.0,0.5,none,True,True
14523,1.0,0.0,0.5,none,True,True
14524,1.0,0.0,0.5,none,True,True
14525,1.0,0.0,0.5,none,True,True
14526,1.0,0.0,0.5,none,True,True
14527,1.0,0.0,0.5,none,True,True
14528,1.0,0.0,0.5,none,True,True
14529,1.0,0.0,0.5,none,True,True
14530,1.0,0.0,0.5,none,True,True
14531,1.0,0.0,0.5,none,True,True
14532,1.0,0.0,0.5,none,True,True
14533,1.0,0.0,0.5,none,True,True
14534,1.0,0.0,0.5,none,True,True
14535,1.0,0.0,0.5,none,True,True
14536,1.0,0.0,0.5,none,True,True
14537,1.0,0.0,0.5,none,True,True
14538,1.0,0.0,0.5,none,True,True
14539,1.0,0.0,0.5,none,True,True
14540,1.0,0.0,0.5,none,True,True
14541,1.0,0.0,0.5,none,True,True
14542,1.0,0.0,0.5,none,True,True
14543,1.0,0.0,0.5,none,True,True
14544,1.0,0.0,0.5,none,True,True
14545,1.0,0.0,0.5,none,True,True
14546,1.0,0.0,0.5,none,True,True
14547,1.0,0.0,0.5,none,True,True
14548,1.0,0.0,0.5,none,True,True
14549,1.0,0.0,0.5,none,True,True
14550,1.0,0.0,0.5,none,True,True
14551,1.0,0.0,0.5,none,True,True
14552,1.0,0.0,0.5,none,True,True
14553,1.0,0.0,0.5,none,True,True
14554,1.0,0.0,0.5,none,True,True
14555,1.0,0.0,0.5,none,True,True
14556,1.0,0.0,0.5,none,True,True
14557,1.0,0.0,0.5,none,True,True
14558,1.0,0.0,0.5,none,True,True
14559,1.0,0.0,0.5,none,True,True
14560,1.0,0.0,0.5,none,True,True
14561,1.0,0.0,0.5,none,True,True
14562,1.0,0.0,0.5,none,True,True
14563,1.0,0.0,0.5,none,True,True
14564,1.0,0.0,0.5,none,True,True
14565,1.0,0.0,0.5,none,True,True
14566,1.0,0.0,0.5,none,True,True
14567,1.0,0.0,0.5,none,True,True
14568,1.0,0.0,0.5,none,True,True
14569,1.0,0.0,0.5,none,True,True
14570,1.0,0.0,0.5,none,True,True
14571,1.0,0.0,0.5,none,True,True
14572,1.0,0.0,0.5,none,True,True
14573,1.0,0.0,0.5,none,True,True
14574,1.0,0.0,0.5,none,True,True
14575,1.0,0.0,0.5,none,True,True
14576,1.0,0.0,0.5,none,True,True
14577,1.0,0.0,0.5,none,True,True
14578,1.0,0.0,0.5,none,True,True
14579,1.0,0.0,0.5,none,True,True
14580,1.0,0.0,0.5,none,True,True
14581,1.0,0.0,0.5,none,True,True
14582,1.0,0.0,0.5,none,True,True
14583,1.0,0.0,0.5,none,True,True
14584,1.0,0.0,0.5,none,True,True
14585,1.0,0.0,0.5,none,True,True
14586,1.0,0.0,0.5,none,True,True
14587,1.0,0.0,0.5,none,True,True
14588,1.0,0.0,0.5,none,True,True
14589,1.0,0.0,0.5,none,True,True
14590,1.0,0.0,0.5,none,True,True
14591,1.0,0.0,0.5,none,True,True
14592,1.0,0.0,0.5,none,True,True
14593,1.0,0.0,0.5,none,True,True
14594,1.0,0.0,0.5,none,True,True
14595,1.0,0.0,0.5,none,True,True
14596,1.0,0.0,0.5,none,True,True
14597,1.0,0.0,0.5,none,True,True
14598,1.0,0.0,0.5,none,True,True
14599,1.0,0.0,0.5,none,True,True
14600,1.0,0.0,0.5,none,True,True
14601,1.0,0.0,0.5,none,True,True
14602,1.0,0.0,0.5,none,True,True
14603,1.0,0.0,0.5,none,True,True
14604,1.0,0.0,0.5,none,True,True
14605,1.0,0.0,0.5,none,True,True
14606,1.0,0.0,0.5,none,True,True
14607,1.0,0.0,0.5,none,True,True
14608,1.0,0.0,0.5,none,True,True
14609,1.0,0.0,0.5,none,True,True
14610,1.0,0.0,0.5,none,True,True
14611,1.0,0.0,0.5,none,True,True
14612,1.0,0.0,0.5,none,True,True
14613,1.0,0.0,0.5,none,True,True
14614,1.0,0.0,0.5,none,True,True
14615,1.0,0.0,0.5,none,True,True
14616,1.0,0.0,0.5,none,True,True
14617,1.0,0.0,0.5,none,True,True
14618,1.0,0.0,0.5,none,True,True
14619,1.0,0.0,0.5,none,True,True
14620,1.0,0.0,0.5,none,True,True
14621,1.0,0.0,0.5,none,True,True
14622,1.0,0.0,0.5,none,True,True
14623,1.0,0.0,0.5,none,True,True
14624,1.0,0.0,0.5,none,True,True
14625,1.0,0.0,0.5,none,True,True
14626,1.0,0.0,0.5,none,True,True
14627,1.0,0.0,0.5,none,True,True
14628,1.0,0.0,0.5,none,True,True
14629,1.0,0.0,0.5,none,True,True
14630,1.0,0.0,0.5,none,True,True
14631,1.0,0.0,0.5,none,True,True
14632,1.0,0.0,0.5,none,True,True
14633,1.0,0.0,0.5,none,True,True
14634,1.0,0.0,0.5,none,True,True
14635,1.0,0.0,0.5,none,True,True
14636,1.0,0.0,0.5,none,True,True
14637,1.0,0.0,0.5,none,True,True
14638,1.0,0.0,0.5,none,True,True
14639,1.0,0.0,0.5,none,True,True
14640,1.0,0.0,0.5,none,True,True
14641,1.0,0.0,0.5,none,True,True
14642,1.0,0.0,0.5,none,True,True
14643,1.0,0.0,0.5,none,True,True
14644,1.0,0.0,0.5,none,True,True
14645,1.0,0.0,0.5,none,True,True
14646,1.0,0.0,0.5,none,True,True
14647,1.0,0.0,0.5,none,True,True
14648,1.0,0.0,0.5,none,True,True
14649,1.0,0.0,0.5,none,True,True
14650,1.0,0.0,0.5,none,True,True
14651,1.0,0.0,0.5,none,True,True
14652,1.0,0.0,0.5,none,True,True
14653,1.0,0.0,0.5,none,True,True
14654,1.0,0.0,0.5,none,True,True
14655,1.0,0.0,0.5,none,True,True
14656,1.0,0.0,0.5,none,True,True
14657,1.0,0.0,0.5,none,True,True
14658,1.0,0.0,0.5,none,True,True
14659,1.0,0.0,0.5,none,True,True
14660,1.0,0.0,0.5,none,True,True
14661,1.0,0.0,0.5,none,True,True
14662,1.0,0.0,0.5,none,True,True
14663,1.0,0.0,0.5,none,True,True
14664,1.0,0.0,0.5,none,True,True
14665,1.0,0.0,0.5,none,True,True
14666,1.0,0.0,0.5,none,True,True
14667,1.0,0.0,0.5,none,True,True
14668,1.0,0.0,0.5,none,True,True
14669,1.0,0.0,0.5,none,True,True
14670,1.0,0.0,0.5,none,True,True
14671,1.0,0.0,0.5,none,True,True
14672,1.0,0.0,0.5,none,True,True
14673,1.0,0.0,0.5,none,True,True
14674,1.0,0.0,0.5,none,True,True
14675,1.0,0.0,0.5,none,True,True
14676,1.0,0.0,0.5,none,True,True
14677,1.0,0.0,0.5,none,True,True
14678,1.0,0.0,0.5,none,True,True
14679,1.0,0.0,0.5,none,True,True
14680,1.0,0.0,0.5,none,True,True
14681,1.0,0.0,0.5,none,True,True
14682,1.0,0.0,0.5,none,True,True
14683,1.0,0.0,0.5,none,True,True
14684,1.0,0.0,0.5,none,True,True
14685,1.0,0.0,0.5,none,True,True
14686,1.0,0.0,0.5,none,True,True
14687,1.0,0.0,0.5,none,True,True
14688,1.0,0.0,0.5,none,True,True
14689,1.0,0.0,0.5,none,True,True
14690,1.0,0.0,0.5,none,True,True
14691,1.0,0.0,0.5,none,True,True
14692,1.0,0.0,0.5,none,True,True
14693,1.0,0.0,0.5,none,True,True
14694,1.0,0.0,0.5,none,True,True
14695,1.0,0.0,0.5,none,True,True
14696,1.0,0.0,0.5,none,True,True
14697,1.0,0.0,0.5,none,True,True
14698,1.0,0.0,0.5,none,True,True
14699,1.0,0.0,0.5,none,True,True
14700,1.0,0.0061,0.5,none,True,True
14701,1.0,0.0357,0.5,none,True,True
14702,1.0,0.0812,0.5,none,True,True
14703,1.0,0.1113,0.5,none,True,True
14704,1.0,0.1253,0.5,none,True,True
14705,1.0,0.1408,0.5,none,True,True
14706,1.0,0.0907,0.5,none,True,True
14707,1.0,0.1198,0.5,none,True,True
14708,1.0,0.0467,0.5,none,True,True
14709,1.0,0.0522,0.5,none,True,True
14710,1.0,0.0405,0.5,none,True,True
14711,1.0,0.0313,0.5,none,True,True
14712,1.0,0.0083,0.5,none,True,True
14713,1.0,0.0726,0.5,none,True,True
14714,1.0,0.0793,0.5,none,True,True
14715,1.0,0.0581,0.5,none,True,True
14716,1.0,0.0955,0.5,none,True,True
14717,1.0,0.0839,0.5,none,True,True
14718,1.0,0.0648,0.5,none,True,True
14719,1.0,0.0718,0.5,none,True,True
14720,1.0,0.0589,0.5,none,True,True
14721,1.0,0.0403,0.5,none,True,True
14722,1.0,0.0327,0.5,none,True,True
14723,1.0,0.0277,0.5,none,True,True
14724,1.0,0.017,0.5,none,True,True
14725,1.0,0.0102,0.5,none,True,True
14726,1.0,0.0099,0.5,none,True,True
14727,1.0,0.008,0.5,none,True,True
14728,1.0,0.005,0.5,none,True,True
14729,1.0,0.0063,0.5,none,True,True
14730,1.0,0.009,0.5,none,True,True
14731,1.0,0.0096,0.5,none,True,True
14732,1.0,0.0108,0.5,none,True,True
14733,1.0,0.014,0.5,none,True,True
14734,1.0,0.0161,0.5,none,True,True
14735,1.0,0.0167,0.5,none,True,True
14736,1.0,0.0182,0.5,none,True,True
14737,1.0,0.0196,0.5,none,True,True
14738,1.0,0.0197,0.5,none,True,True
14739,1.0,0.0193,0.5,none,True,True
14740,1.0,0.0193,0.5,none,True,True
14741,1.0,0.0187,0.5,none,True,True
14742,1.0,0.0174,0.5,none,True,True
14743,1.0,0.0163,0.5,none,True,True
14744,1.0,0.0152,0.5,none,True,True
14745,1.0,0.0138,0.5,none,True,True
14746,1.0,0.0123,0.5,none,True,True
14747,1.0,0.0111,0.5,none,True,True
14748,1.0,0.01,0.5,none,True,True
14749,1.0,0.0088,0.5,none,True,True
14750,1.0,0.0078,0.5,none,True,True
14751,1.0,0.0071,0.5,none,True,True
14752,1.0,0.0064,0.5,none,True,True
14753,1.0,0.0057,0.5,none,True,True
14754,1.0,0.0053,0.5,none,True,True
14755,1.0,0.005,0.5,none,True,True
14756,1.0,0.0047,0.5,none,True,True
14757,1.0,0.0045,0.5,none,True,True
14758,1.0,0.0044,0.5,none,True,True
14759,1.0,0.0043,0.5,none,True,True
14760,1.0,0.0042,0.5,none,True,True
14761,1.0,0.0041,0.5,none,True,True
14762,1.0,0.004,0.5,none,True,True
14763,1.0,0.0039,0.5,none,True,True
14764,1.0,0.0038,0.5,none,True,True
14765,1.0,0.0037,0.5,none,True,True
14766,1.0,0.0035,0.5,none,True,True
14767,1.0,0.0033,0.5,none,True,True
14768,1.0,0.0032,0.5,none,True,True
14769,1.0,0.003,0.5,none,True,True
14770,1.0,0.0028,0.5,none,True,True
14771,1.0,0.0026,0.5,none,True,True
14772,1.0,0.0024,0.5,none,True,True
14773,1.0,0.0023,0.5,none,True,True
14774,1.0,0.0021,0.5,none,True,True
14775,1.0,0.0019,0.5,none,True,True
14776,1.0,0.0018,0.5,none,True,True
14777,1.0,0.0017,0.5,none,True,True
14778,1.0,0.0015,0.5,none,True,True
14779,1.0,0.0014,0.5,none,True,True
14780,1.0,0.0013,0.5,none,True,True
14781,1.0,0.0013,0.5,none,True,True
14782,1.0,0.0012,0.5,none,True,True
14783,1.0,0.0011,0.5,none,True,True
14784,1.0,0.0011,0.5,none,True,True
14785,1.0,0.001,0.5,none,True,True
14786,1.0,0.001,0.5,none,True,True
14787,1.0,0.0009,0.5,none,True,True
14788,1.0,0.0009,0.5,none,True,True
14789,1.0,0.0008,0.5,none,True,True
14790,1.0,0.0008,0.5,none,True,True
14791,1.0,0.0008,0.5,none,True,True
14792,1.0,0.0007,0.5,none,True,True
14793,1.0,0.0007,0.5,none,True,True
14794,1.0,0.0006,0.5,none,True,True
14795,1.0,0.0006,0.5,none,True,True
14796,1.0,0.0006,0.5,none,True,True
14797,1.0,0.0005,0.5,none,True,True
14798,1.0,0.0005,0.5,none,True,True
14799,1.0,0.0005,0.5,none,True,True
14800,1.0,0.0004,0.5,none,True,True
14801,1.0,0.0004,0.5,none,True,True
14802,1.0,0.0004,0.5,none,True,True
14803,1.0,0.0004,0.5,none,True,True
14804,1.0,0.0003,0.5,none,True,True
14805,1.0,0.0003,0.5,none,True,True
14806,1.0,0.0003,0.5,none,True,True
14807,1.0,0.0003,0.5,none,True,True
14808,1.0,0.0003,0.5,none,True,True
14809,1.0,0.0003,0.5,none,True,True
14810,1.0,0.0002,0.5,none,True,True
14811,1.0,0.0002,0.5,none,True,True
14812,1.0,0.0002,0.5,none,True,True
14813,1.0,0.0002,0.5,none,True,True
14814,1.0,0.0002,0.5,none,True,True
14815,1.0,0.0002,0.5,none,True,True
14816,1.0,0.0002,0.5,none,True,True
14817,1.0,0.0002,0.5,none,True,True
14818,1.0,0.0002,0.5,none,True,True
14819,1.0,0.0001,0.5,none,True,True
14820,1.0,0.0001,0.5,none,True,True
14821,1.0,0.0001,0.5,none,True,True
14822,1.0,0.0001,0.5,none,True,True
14823,1.0,0.0001,0.5,none,True,True
14824,1.0,0.0001,0.5,none,True,True
14825,1.0,0.0001,0.5,none,True,True
14826,1.0,0.0001,0.5,none,True,True
14827,1.0,0.0001,0.5,none,True,True
14828,1.0,0.0001,0.5,none,True,True
14829,1.0,0.0001,0.5,none,True,True
14830,1.0,0.0001,0.5,none,True,True
14831,1.0,0.0001,0.5,none,True,True
14832,1.0,0.0001,0.5,none,True,True
14833,1.0,0.0001,0.5,none,True,True
14834,1.0,0.0001,0.5,none,True,True
14835,1.0,0.0001,0.5,none,True,True
14836,1.0,0.0001,0.5,none,True,True
14837,1.0,0.0,0.5,none,True,True
14838,1.0,0.0,0.5,none,True,True
14839,1.0,0.0,0.5,none,True,True
14840,1.0,0.0,0.5,none,True,True
14841,1.0,0.0,0.5,none,True,True
14842,1.0,0.0,0.5,none,True,True
14843,1.0,0.0,0.5,none,True,True
14844,1.0,0.0,0.5,none,True,True
14845,1.0,0.0,0.5,none,True,True
14846,1.0,0.0,0.5,none,True,True
14847,1.0,0.0,0.5,none,True,True
14848,1.0,0.0,0.5,none,True,True
14849,1.0,0.0,0.5,none,True,True
14850,1.0,0.0,0.5,none,True,True
14851,1.0,0.0,0.5,none,True,True
14852,1.0,0.0,0.5,none,True,True
14853,1.0,0.0,0.5,none,True,True
14854,1.0,0.0,0.5,none,True,True
14855,1.0,0.0,0.5,none,True,True
14856,1.0,0.0,0.5,none,True,True
14857,1.0,0.0,0.5,none,True,True
14858,1.0,0.0,0.5,none,True,True
14859,1.0,0.0,0.5,none,True,True
14860,1.0,0.0,0.5,none,True,True
14861,1.0,0.0,0.5,none,True,True
14862,1.0,0.0,0.5,none,True,True
14863,1.0,0.0,0.5,none,True,True
14864,1.0,0.0,0.5,none,True,True
14865,1.0,0.0,0.5,none,True,True
14866,1.0,0.0,0.5,none,True,True
14867,1.0,0.0,0.5,none,True,True
14868,1.0,0.0,0.5,none,True,True
14869,1.0,0.0,0.5,none,True,True
14870,1.0,0.0,0.5,none,True,True
14871,1.0,0.0,0.5,none,True,True
14872,1.0,0.0,0.5,none,True,True
14873,1.0,0.0,0.5,none,True,True
14874,1.0,0.0,0.5,none,True,True
14875,1.0,0.0,0.5,none,True,True
14876,1.0,0.0,0.5,none,True,True
14877,1.0,0.0,0.5,none,True,True
14878,1.0,0.0,0.5,none,True,True
14879,1.0,0.0,0.5,none,True,True
14880,1.0,0.0,0.5,none,True,True
14881,1.0,0.0,0.5,none,True,True
14882,1.0,0.0,0.5,none,True,True
14883,1.0,0.0,0.5,none,True,True
14884,1.0,0.0,0.5,none,True,True
14885,1.0,0.0,0.5,none,True,True
14886,1.0,0.0,0.5,none,True,True
14887,1.0,0.0,0.5,none,True,True
14888,1.0,0.0,0.5,none,True,True
14889,1.0,0.0,0.5,none,True,True
14890,1.0,0.0,0.5,none,True,True
14891,1.0,0.0,0.5,none,True,True
14892,1.0,0.0,0.5,none,True,True
14893,1.0,0.0,0.5,none,True,True
14894,1.0,0.0,0.5,none,True,True
14895,1.0,0.0,0.5,none,True,True
14896,1.0,0.0,0.5,none,True,True
14897,1.0,0.0,0.5,none,True,True
14898,1.0,0.0,0.5,none,True,True
14899,1.0,0.0,0.5,none,True,True
14900,1.0,0.0,0.5,none,True,True
14901,1.0,0.0,0.5,none,True,True
14902,1.0,0.0,0.5,none,True,True
14903,1.0,0.0,0.5,none,True,True
14904,1.0,0.0,0.5,none,True,True
14905,1.0,0.0,0.5,none,True,True
14906,1.0,0.0,0.5,none,True,True
14907,1.0,0.0,0.5,none,True,True
14908,1.0,0.0,0.5,none,True,True
14909,1.0,0.0,0.5,none,True,True
14910,1.0,0.0,0.5,none,True,True
14911,1.0,0.0,0.5,none,True,True
14912,1.0,0.0,0.5,none,True,True
14913,1.0,0.0,0.5,none,True,True
14914,1.0,0.0,0.5,none,True,True
14915,1.0,0.0,0.5,none,True,True
14916,1.0,0.0,0.5,none,True,True
14917,1.0,0.0,0.5,none,True,True
14918,1.0,0.0,0.5,none,True,True
14919,1.0,0.0,0.5,none,True,True
14920,1.0,0.0,0.5,none,True,True
14921,1.0,0.0,0.5,none,True,True
14922,1.0,0.0,0.5,none,True,True
14923,1.0,0.0,0.5,none,True,True
14924,1.0,0.0,0.5,none,True,True
14925,1.0,0.0,0.5,none,True,True
14926,1.0,0.0,0.5,none,True,True
14927,1.0,0.0,0.5,none,True,True
14928,1.0,0.0,0.5,none,True,True
14929,1.0,0.0,0.5,none,True,True
14930,1.0,0.0,0.5,none,True,True
14931,1.0,0.0,0.5,none,True,True
14932,1.0,0.0,0.5,none,True,True
14933,1.0,0.0,0.5,none,True,True
14934,1.0,0.0,0.5,none,True,True
14935,1.0,0.0,0.5,none,True,True
14936,1.0,0.0,0.5,none,True,True
14937,1.0,0.0,0.5,none,True,True
14938,1.0,0.0,0.5,none,True,True
14939,1.0,0.0,0.5,none,True,True
14940,1.0,0.0,0.5,none,True,True
14941,1.0,0.0,0.5,none,True,True
14942,1.0,0.0,0.5,none,True,True
14943,1.0,0.0,0.5,none,True,True
14944,1.0,0.0,0.5,none,True,True
14945,1.0,0.0,0.5,none,True,True
14946,1.0,0.0,0.5,none,True,True
14947,1.0,0.0,0.5,none,True,True
14948,1.0,0.0,0.5,none,True,True
14949,1.0,0.0,0.5,none,True,True
14950,1.0,0.0,0.5,none,True,True
14951,1.0,0.0,0.5,none,True,True
14952,1.0,0.0,0.5,none,True,True
14953,1.0,0.0,0.5,none,True,True
14954,1.0,0.0,0.5,none,True,True
14955,1.0,0.0,0.5,none,True,True
14956,1.0,0.0,0.5,none,True,True
14957,1.0,0.0,0.5,none,True,True
14958,1.0,0.0,0.5,none,True,True
14959,1.0,0.0,0.5,none,True,True
14960,1.0,0.0,0.5,none,True,True
14961,1.0,0.0,0.5,none,True,True
14962,1.0,0.0,0.5,none,True,True
14963,1.0,0.0,0.5,none,True,True
14964,1.0,0.0,0.5,none,True,True
14965,1.0,0.0,0.5,none,True,True
14966,1.0,0.0,0.5,none,True,True
14967,1.0,0.0,0.5,none,True,True
14968,1.0,0.0,0.5,none,True,True
14969,1.0,0.0,0.5,none,True,True
14970,1.0,0.0,0.5,none,True,True
14971,1.0,0.0,0.5,none,True,True
14972,1.0,0.0,0.5,none,True,True
14973,1.0,0.0,0.5,none,True,True
14974,1.0,0.0,0.5,none,True,True
14975,1.0,0.0,0.5,none,True,True
14976,1.0,0.0,0.5,none,True,True
14977,1.0,0.0,0.5,none,True,True
14978,1.0,0.0,0.5,none,True,True
14979,1.0,0.0,0.5,none,True,True
14980,1.0,0.0,0.5,none,True,True
14981,1.0,0.0,0.5,none,True,True
14982,1.0,0.0,0.5,none,True,True
14983,1.0,0.0,0.5,none,True,True
14984,1.0,0.0,0.5,none,True,True
14985,1.0,0.0,0.5,none,True,True
14986,1.0,0.0,0.5,none,True,True
14987,1.0,0.0,0.5,none,True,True
14988,1.0,0.0,0.5,none,True,True
14989,1.0,0.0,0.5,none,True,True
14990,1.0,0.0,0.5,none,True,True
14991,1.0,0.0,0.5,none,True,True
14992,1.0,0.0,0.5,none,True,True
14993,1.0,0.0,0.5,none,True,True
14994,1.0,0.0,0.5,none,True,True
14995,1.0,0.0,0.5,none,True,True
14996,1.0,0.0,0.5,none,True,True
14997,1.0,0.0,0.5,none,True,True
14998,1.0,0.0,0.5,none,True,True
14999,1.0,0.0,0.5,none,True,True
15000,1.0,0.0,0.5,none,True,True
15001,1.0,0.0,0.5,none,True,True
15002,1.0,0.0,0.5,none,True,True
15003,1.0,0.0,0.5,none,True,True
15004,1.0,0.0,0.5,none,True,True
15005,1.0,0.0,0.5,none,True,True
15006,1.0,0.0,0.5,none,True,True
15007,1.0,0.0,0.5,none,True,True
15008,1.0,0.0,0.5,none,True,True
15009,1.0,0.0,0.5,none,True,True
15010,1.0,0.0,0.5,none,True,True
15011,1.0,0.0,0.5,none,True,True
15012,1.0,0.0,0.5,none,True,True
15013,1.0,0.0,0.5,none,True,True
15014,1.0,0.0,0.5,none,True,True
15015,1.0,0.0,0.5,none,True,True
15016,1.0,0.0,0.5,none,True,True
15017,1.0,0.0,0.5,none,True,True
15018,1.0,0.0,0.5,none,True,True
15019,1.0,0.0,0.5,none,True,True
15020,1.0,0.0,0.5,none,True,True
15021,1.0,0.0,0.5,none,True,True
15022,1.0,0.0,0.5,none,True,True
15023,1.0,0.0,0.5,none,True,True
15024,1.0,0.0,0.5,none,True,True
15025,1.0,0.0,0.5,none,True,True
15026,1.0,0.0,0.5,none,True,True
15027,1.0,0.0,0.5,none,True,True
15028,1.0,0.0,0.5,none,True,True
15029,1.0,0.0,0.5,none,True,True
15030,1.0,0.0,0.5,none,True,True
15031,1.0,0.0,0.5,none,True,True
15032,1.0,0.0,0.5,none,True,True
15033,1.0,0.0,0.5,none,True,True
15034,1.0,0.0,0.5,none,True,True
15035,1.0,0.0,0.5,none,True,True
15036,1.0,0.0,0.5,none,True,True
15037,1.0,0.0,0.5,none,True,True
15038,1.0,0.0,0.5,none,True,True
15039,1.0,0.0,0.5,none,True,True
15040,1.0,0.0,0.5,none,True,True
15041,1.0,0.0,0.5,none,True,True
15042,1.0,0.0,0.5,none,True,True
15043,1.0,0.0,0.5,none,True,True
15044,1.0,0.0,0.5,none,True,True
15045,1.0,0.0,0.5,none,True,True
15046,1.0,0.0,0.5,none,True,True
15047,1.0,0.0,0.5,none,True,True
15048,1.0,0.0,0.5,none,True,True
15049,1.0,0.0,0.5,none,True,True
15050,1.0,0.0,0.5,none,True,True
15051,1.0,0.0,0.5,none,True,True
15052,1.0,0.0,0.5,none,True,True
15053,1.0,0.0,0.5,none,True,True
15054,1.0,0.0,0.5,none,True,True
15055,1.0,0.0,0.5,none,True,True
15056,1.0,0.0,0.5,none,True,True
15057,1.0,0.0,0.5,none,True,True
15058,1.0,0.0,0.5,none,True,True
15059,1.0,0.0,0.5,none,True,True
15060,1.0,0.0,0.5,none,True,True
15061,1.0,0.0,0.5,none,True,True
15062,1.0,0.0,0.5,none,True,True
15063,1.0,0.0,0.5,none,True,True
15064,1.0,0.0,0.5,none,True,True
15065,1.0,0.0,0.5,none,True,True
15066,1.0,0.0,0.5,none,True,True
15067,1.0,0.0,0.5,none,True,True
15068,1.0,0.0,0.5,none,True,True
15069,1.0,0.0,0.5,none,True,True
15070,1.0,0.0,0.5,none,True,True
15071,1.0,0.0,0.5,none,True,True
15072,1.0,0.0,0.5,none,True,True
15073,1.0,0.0,0.5,none,True,True
15074,1.0,0.0,0.5,none,True,True
15075,1.0,0.0,0.5,none,True,True
15076,1.0,0.0,0.5,none,True,True
15077,1.0,0.0,0.5,none,True,True
15078,1.0,0.0,0.5,none,True,True
15079,1.0,0.0,0.5,none,True,True
15080,1.0,0.0,0.5,none,True,True
15081,1.0,0.0,0.5,none,True,True
15082,1.0,0.0,0.5,none,True,True
15083,1.0,0.0,0.5,none,True,True
15084,1.0,0.0,0.5,none,True,True
15085,1.0,0.0,0.5,none,True,True
15086,1.0,0.0,0.5,none,True,True
15087,1.0,0.0,0.5,none,True,True
15088,1.0,0.0,0.5,none,True,True
15089,1.0,0.0,0.5,none,True,True
15090,1.0,0.0,0.5,none,True,True
15091,1.0,0.0,0.5,none,True,True
15092,1.0,0.0,0.5,none,True,True
15093,1.0,0.0,0.5,none,True,True
15094,1.0,0.0,0.5,none,True,True
15095,1.0,0.0,0.5,none,True,True
15096,1.0,0.0,0.5,none,True,True
15097,1.0,0.0,0.5,none,True,True
15098,1.0,0.0,0.5,none,True,True
15099,1.0,0.0,0.5,none,True,True
15100,1.0,0.0,0.5,none,True,True
15101,1.0,0.0,0.5,none,True,True
15102,1.0,0.0,0.5,none,True,True
15103,1.0,0.0,0.5,none,True,True
15104,1.0,0.0,0.5,none,True,True
15105,1.0,0.0,0.5,none,True,True
15106,1.0,0.0,0.5,none,True,True
15107,1.0,0.0,0.5,none,True,True
15108,1.0,0.0,0.5,none,True,True
15109,1.0,0.0,0.5,none,True,True
15110,1.0,0.0,0.5,none,True,True
15111,1.0,0.0,0.5,none,True,True
15112,1.0,0.0,0.5,none,True,True
15113,1.0,0.0,0.5,none,True,True
15114,1.0,0.0,0.5,none,True,True
15115,1.0,0.0,0.5,none,True,True
15116,1.0,0.0,0.5,none,True,True
15117,1.0,0.0,0.5,none,True,True
15118,1.0,0.0,0.5,none,True,True
15119,1.0,0.0,0.5,none,True,True
15120,1.0,0.0,0.5,none,True,True
15121,1.0,0.0,0.5,none,True,True
15122,1.0,0.0,0.5,none,True,True
15123,1.0,0.0,0.5,none,True,True
15124,1.0,0.0,0.5,none,True,True
15125,1.0,0.0,0.5,none,True,True
15126,1.0,0.0,0.5,none,True,True
15127,1.0,0.0,0.5,none,True,True
15128,1.0,0.0,0.5,none,True,True
15129,1.0,0.0,0.5,none,True,True
15130,1.0,0.0,0.5,none,True,True
15131,1.0,0.0,0.5,none,True,True
15132,1.0,0.0,0.5,none,True,True
15133,1.0,0.0,0.5,none,True,True
15134,1.0,0.0,0.5,none,True,True
15135,1.0,0.0,0.5,none,True,True
15136,1.0,0.0,0.5,none,True,True
15137,1.0,0.0,0.5,none,True,True
15138,1.0,0.0,0.5,none,True,True
15139,1.0,0.0,0.5,none,True,True
15140,1.0,0.0,0.5,none,True,True
15141,1.0,0.0,0.5,none,True,True
15142,1.0,0.0,0.5,none,True,True
15143,1.0,0.0,0.5,none,True,True
15144,1.0,0.0,0.5,none,True,True
15145,1.0,0.0,0.5,none,True,True
15146,1.0,0.0,0.5,none,True,True
15147,1.0,0.0,0.5,none,True,True
15148,1.0,0.0,0.5,none,True,True
15149,1.0,0.0,0.5,none,True,True
15150,1.0,0.0,0.5,none,True,True
15151,1.0,0.0,0.5,none,True,True
15152,1.0,0.0,0.5,none,True,True
15153,1.0,0.0,0.5,none,True,True
15154,1.0,0.0,0.5,none,True,True
15155,1.0,0.0,0.5,none,True,True
15156,1.0,0.0,0.5,none,True,True
15157,1.0,0.0,0.5,none,True,True
15158,1.0,0.0,0.5,none,True,True
15159,1.0,0.0,0.5,none,True,True
15160,1.0,0.0,0.5,none,True,True
15161,1.0,0.0,0.5,none,True,True
15162,1.0,0.0,0.5,none,True,True
15163,1.0,0.0,0.5,none,True,True
15164,1.0,0.0,0.5,none,True,True
15165,1.0,0.0,0.5,none,True,True
15166,1.0,0.0,0.5,none,True,True
15167,1.0,0.0,0.5,none,True,True
15168,1.0,0.0,0.5,none,True,True
15169,1.0,0.0,0.5,none,True,True
15170,1.0,0.0,0.5,none,True,True
15171,1.0,0.0,0.5,none,True,True
15172,1.0,0.0,0.5,none,True,True
15173,1.0,0.0,0.5,none,True,True
15174,1.0,0.0,0.5,none,True,True
15175,1.0,0.0,0.5,none,True,True
15176,1.0,0.0,0.5,none,True,True
15177,1.0,0.0,0.5,none,True,True
15178,1.0,0.0,0.5,none,True,True
15179,1.0,0.0,0.5,none,True,True
15180,1.0,0.0,0.5,none,True,True
15181,1.0,0.0,0.5,none,True,True
15182,1.0,0.0,0.5,none,True,True
15183,1.0,0.0,0.5,none,True,True
15184,1.0,0.0,0.5,none,True,True
15185,1.0,0.0,0.5,none,True,True
15186,1.0,0.0,0.5,none,True,True
15187,1.0,0.0,0.5,none,True,True
15188,1.0,0.0,0.5,none,True,True
15189,1.0,0.0,0.5,none,True,True
15190,1.0,0.0,0.5,none,True,True
15191,1.0,0.0,0.5,none,True,True
15192,1.0,0.0,0.5,none,True,True
15193,1.0,0.0,0.5,none,True,True
15194,1.0,0.0,0.5,none,True,True
15195,1.0,0.0,0.5,none,True,True
15196,1.0,0.0,0.5,none,True,True
15197,1.0,0.0,0.5,none,True,True
15198,1.0,0.0,0.5,none,True,True
15199,1.0,0.0,0.5,none,True,True
15200,1.0,0.0,0.5,none,True,True
15201,1.0,0.0,0.5,none,True,True
15202,1.0,0.0,0.5,none,True,True
15203,1.0,0.0,0.5,none,True,True
15204,1.0,0.0,0.5,none,True,True
15205,1.0,0.0,0.5,none,True,True
15206,1.0,0.0,0.5,none,True,True
15207,1.0,0.0,0.5,none,True,True
15208,1.0,0.0,0.5,none,True,True
15209,1.0,0.0,0.5,none,True,True
15210,1.0,0.0,0.5,none,True,True
15211,1.0,0.0,0.5,none,True,True
15212,1.0,0.0,0.5,none,True,True
15213,1.0,0.0,0.5,none,True,True
15214,1.0,0.0,0.5,none,True,True
15215,1.0,0.0,0.5,none,True,True
15216,1.0,0.0,0.5,none,True,True
15217,1.0,0.0,0.5,none,True,True
15218,1.0,0.0,0.5,none,True,True
15219,1.0,0.0,0.5,none,True,True
15220,1.0,0.0,0.5,none,True,True
15221,1.0,0.0,0.5,none,True,True
15222,1.0,0.0,0.5,none,True,True
15223,1.0,0.0,0.5,none,True,True
15224,1.0,0.0,0.5,none,True,True
15225,1.0,0.0,0.5,none,True,True
15226,1.0,0.0,0.5,none,True,True
15227,1.0,0.0,0.5,none,True,True
15228,1.0,0.0,0.5,none,True,True
15229,1.0,0.0,0.5,none,True,True
15230,1.0,0.0,0.5,none,True,True
15231,1.0,0.0,0.5,none,True,True
15232,1.0,0.0,0.5,none,True,True
15233,1.0,0.0,0.5,none,True,True
15234,1.0,0.0,0.5,none,True,True
15235,1.0,0.0,0.5,none,True,True
15236,1.0,0.0,0.5,none,True,True
15237,1.0,0.0,0.5,none,True,True
15238,1.0,0.0,0.5,none,True,True
15239,1.0,0.0,0.5,none,True,True
15240,1.0,0.0,0.5,none,True,True
15241,1.0,0.0,0.5,none,True,True
15242,1.0,0.0,0.5,none,True,True
15243,1.0,0.0,0.5,none,True,True
15244,1.0,0.0,0.5,none,True,True
15245,1.0,0.0,0.5,none,True,True
15246,1.0,0.0,0.5,none,True,True
15247,1.0,0.0,0.5,none,True,True
15248,1.0,0.0,0.5,none,True,True
15249,1.0,0.0,0.5,none,True,True
15250,1.0,0.0,0.5,none,True,True
15251,1.0,0.0,0.5,none,True,True
15252,1.0,0.0,0.5,none,True,True
15253,1.0,0.0,0.5,none,True,True
15254,1.0,0.0,0.5,none,True,True
15255,1.0,0.0,0.5,none,True,True
15256,1.0,0.0,0.5,none,True,True
15257,1.0,0.0,0.5,none,True,True
15258,1.0,0.0,0.5,none,True,True
15259,1.0,0.0,0.5,none,True,True
15260,1.0,0.0,0.5,none,True,True
15261,1.0,0.0,0.5,none,True,True
15262,1.0,0.0,0.5,none,True,True
15263,1.0,0.0,0.5,none,True,True
15264,1.0,0.0,0.5,none,True,True
15265,1.0,0.0,0.5,none,True,True
15266,1.0,0.0,0.5,none,True,True
15267,1.0,0.0,0.5,none,True,True
15268,1.0,0.0,0.5,none,True,True
15269,1.0,0.0,0.5,none,True,True
15270,1.0,0.0,0.5,none,True,True
15271,1.0,0.0,0.5,none,True,True
15272,1.0,0.0,0.5,none,True,True
15273,1.0,0.0,0.5,none,True,True
15274,1.0,0.0,0.5,none,True,True
15275,1.0,0.0,0.5,none,True,True
15276,1.0,0.0,0.5,none,True,True
15277,1.0,0.0,0.5,none,True,True
15278,1.0,0.0,0.5,none,True,True
15279,1.0,0.0,0.5,none,True,True
15280,1.0,0.0,0.5,none,True,True
15281,1.0,0.0,0.5,none,True,True
15282,1.0,0.0,0.5,none,True,True
15283,1.0,0.0,0.5,none,True,True
15284,1.0,0.0,0.5,none,True,True
15285,1.0,0.0,0.5,none,True,True
15286,1.0,0.0,0.5,none,True,True
15287,1.0,0.0,0.5,none,True,True
15288,1.0,0.0,0.5,none,True,True
15289,1.0,0.0,0.5,none,True,True
15290,1.0,0.0,0.5,none,True,True
15291,1.0,0.0,0.5,none,True,True
15292,1.0,0.0,0.5,none,True,True
15293,1.0,0.0,0.5,none,True,True
15294,1.0,0.0,0.5,none,True,True
15295,1.0,0.0,0.5,none,True,True
15296,1.0,0.0,0.5,none,True,True
15297,1.0,0.0,0.5,none,True,True
15298,1.0,0.0,0.5,none,True,True
15299,1.0,0.0,0.5,none,True,True
15300,1.0,0.0,0.5,none,True,True
15301,1.0,0.0,0.5,none,True,True
15302,1.0,0.0,0.5,none,True,True
15303,1.0,0.0,0.5,none,True,True
15304,1.0,0.0,0.5,none,True,True
15305,1.0,0.0,0.5,none,True,True
15306,1.0,0.0,0.5,none,True,True
15307,1.0,0.0,0.5,none,True,True
15308,1.0,0.0,0.5,none,True,True
15309,1.0,0.0,0.5,none,True,True
15310,1.0,0.0,0.5,none,True,True
15311,1.0,0.0,0.5,none,True,True
15312,1.0,0.0,0.5,none,True,True
15313,1.0,0.0,0.5,none,True,True
15314,1.0,0.0,0.5,none,True,True
15315,1.0,0.0,0.5,none,True,True
15316,1.0,0.0,0.5,none,True,True
15317,1.0,0.0,0.5,none,True,True
15318,1.0,0.0,0.5,none,True,True
15319,1.0,0.0,0.5,none,True,True
15320,1.0,0.0,0.5,none,True,True
15321,1.0,0.0,0.5,none,True,True
15322,1.0,0.0,0.5,none,True,True
15323,1.0,0.0,0.5,none,True,True
15324,1.0,0.0,0.5,none,True,True
15325,1.0,0.0,0.5,none,True,True
15326,1.0,0.0,0.5,none,True,True
15327,1.0,0.0,0.5,none,True,True
15328,1.0,0.0,0.5,none,True,True
15329,1.0,0.0,0.5,none,True,True
15330,1.0,0.0,0.5,none,True,True
15331,1.0,0.0,0.5,none,True,True
15332,1.0,0.0,0.5,none,True,True
15333,1.0,0.0,0.5,none,True,True
15334,1.0,0.0,0.5,none,True,True
15335,1.0,0.0,0.5,none,True,True
15336,1.0,0.0,0.5,none,True,True
15337,1.0,0.0,0.5,none,True,True
15338,1.0,0.0,0.5,none,True,True
15339,1.0,0.0,0.5,none,True,True
15340,1.0,0.0,0.5,none,True,True
15341,1.0,0.0,0.5,none,True,True
15342,1.0,0.0,0.5,none,True,True
15343,1.0,0.0,0.5,none,True,True
15344,1.0,0.0,0.5,none,True,True
15345,1.0,0.0,0.5,none,True,True
15346,1.0,0.0,0.5,none,True,True
15347,1.0,0.0,0.5,none,True,True
15348,1.0,0.0,0.5,none,True,True
15349,1.0,0.0,0.5,none,True,True
15350,1.0,0.0,0.5,none,True,True
15351,1.0,0.0,0.5,none,True,True
15352,1.0,0.0,0.5,none,True,True
15353,1.0,0.0,0.5,none,True,True
15354,1.0,0.0,0.5,none,True,True
15355,1.0,0.0,0.5,none,True,True
15356,1.0,0.0,0.5,none,True,True
15357,1.0,0.0,0.5,none,True,True
15358,1.0,0.0,0.5,none,True,True
15359,1.0,0.0,0.5,none,True,True
15360,1.0,0.0,0.5,none,True,True
15361,1.0,0.0,0.5,none,True,True
15362,1.0,0.0,0.5,none,True,True
15363,1.0,0.0,0.5,none,True,True
15364,1.0,0.0,0.5,none,True,True
15365,1.0,0.0,0.5,none,True,True
15366,1.0,0.0,0.5,none,True,True
15367,1.0,0.0,0.5,none,True,True
15368,1.0,0.0,0.5,none,True,True
15369,1.0,0.0,0.5,none,True,True
15370,1.0,0.0,0.5,none,True,True
15371,1.0,0.0,0.5,none,True,True
15372,1.0,0.0,0.5,none,True,True
15373,1.0,0.0,0.5,none,True,True
15374,1.0,0.0,0.5,none,True,True
15375,1.0,0.0,0.5,none,True,True
15376,1.0,0.0,0.5,none,True,True
15377,1.0,0.0,0.5,none,True,True
15378,1.0,0.0,0.5,none,True,True
15379,1.0,0.0,0.5,none,True,True
15380,1.0,0.0,0.5,none,True,True
15381,1.0,0.0,0.5,none,True,True
15382,1.0,0.0,0.5,none,True,True
15383,1.0,0.0,0.5,none,True,True
15384,1.0,0.0,0.5,none,True,True
15385,1.0,0.0,0.5,none,True,True
15386,1.0,0.0,0.5,none,True,True
15387,1.0,0.0,0.5,none,True,True
15388,1.0,0.0,0.5,none,True,True
15389,1.0,0.0,0.5,none,True,True
15390,1.0,0.0,0.5,none,True,True
15391,1.0,0.0,0.5,none,True,True
15392,1.0,0.0,0.5,none,True,True
15393,1.0,0.0,0.5,none,True,True
15394,1.0,0.0,0.5,none,True,True
15395,1.0,0.0,0.5,none,True,True
15396,1.0,0.0,0.5,none,True,True
15397,1.0,0.0,0.5,none,True,True
15398,1.0,0.0,0.5,none,True,True
15399,1.0,0.0,0.5,none,True,True
15400,1.0,0.0061,0.5,none,True,True
15401,1.0,0.0357,0.5,none,True,True
15402,1.0,0.0812,0.5,none,True,True
15403,1.0,0.1113,0.5,none,True,True
15404,1.0,0.1253,0.5,none,True,True
15405,1.0,0.1408,0.5,none,True,True
15406,1.0,0.0907,0.5,none,True,True
15407,1.0,0.1198,0.5,none,True,True
15408,1.0,0.0467,0.5,none,True,True
15409,1.0,0.0522,0.5,none,True,True
15410,1.0,0.0405,0.5,none,True,True
15411,1.0,0.0313,0.5,none,True,True
15412,1.0,0.0083,0.5,none,True,True
15413,1.0,0.0726,0.5,none,True,True
15414,1.0,0.0793,0.5,none,True,True
15415,1.0,0.0581,0.5,none,True,True
15416,1.0,0.0955,0.5,none,True,True
15417,1.0,0.0839,0.5,none,True,True
15418,1.0,0.0648,0.5,none,True,True
15419,1.0,0.0718,0.5,none,True,True
15420,1.0,0.0589,0.5,none,True,True
15421,1.0,0.0403,0.5,none,True,True
15422,1.0,0.0327,0.5,none,True,True
15423,1.0,0.0277,0.5,none,True,True
15424,1.0,0.017,0.5,none,True,True
15425,1.0,0.0102,0.5,none,True,True
15426,1.0,0.0099,0.5,none,True,True
15427,1.0,0.008,0.5,none,True,True
15428,1.0,0.005,0.5,none,True,True
15429,1.0,0.0063,0.5,none,True,True
15430,1.0,0.009,0.5,none,True,True
15431,1.0,0.0096,0.5,none,True,True
15432,1.0,0.0108,0.5,none,True,True
15433,1.0,0.014,0.5,none,True,True
15434,1.0,0.0161,0.5,none,True,True
15435,1.0,0.0167,0.5,none,True,True
15436,1.0,0.0182,0.5,none,True,True
15437,1.0,0.0196,0.5,none,True,True
15438,1.0,0.0197,0.5,none,True,True
15439,1.0,0.0193,0.5,none,True,True
15440,1.0,0.0193,0.5,none,True,True
15441,1.0,0.0187,0.5,none,True,True
15442,1.0,0.0174,0.5,none,True,True
15443,1.0,0.0163,0.5,none,True,True
15444,1.0,0.0152,0.5,none,True,True
15445,1.0,0.0138,0.5,none,True,True
15446,1.0,0.0123,0.5,none,True,True
15447,1.0,0.0111,0.5,none,True,True
15448,1.0,0.01,0.5,none,True,True
15449,1.0,0.0088,0.5,none,True,True
15450,1.0,0.0078,0.5,none,True,True
15451,1.0,0.0071,0.5,none,True,True
15452,1.0,0.0064,0.5,none,True,True
15453,1.0,0.0057,0.5,none,True,True
15454,1.0,0.0053,0.5,none,True,True
15455,1.0,0.005,0.5,none,True,True
15456,1.0,0.0047,0.5,none,True,True
15457,1.0,0.0045,0.5,none,True,True
15458,1.0,0.0044,0.5,none,True,True
15459,1.0,0.0043,0.5,none,True,True
15460,1.0,0.0042,0.5,none,True,True
15461,1.0,0.0041,0.5,none,True,True
15462,1.0,0.004,0.5,none,True,True
15463,1.0,0.0039,0.5,none,True,True
15464,1.0,0.0038,0.5,none,True,True
15465,1.0,0.0037,0.5,none,True,True
15466,1.0,0.0035,0.5,none,True,True
15467,1.0,0.0033,0.5,none,True,True
15468,1.0,0.0032,0.5,none,True,True
15469,1.0,0.003,0.5,none,True,True
15470,1.0,0.0028,0.5,none,True,True
15471,1.0,0.0026,0.5,none,True,True
15472,1.0,0.0024,0.5,none,True,True
15473,1.0,0.0023,0.5,none,True,True
15474,1.0,0.0021,0.5,none,True,True
15475,1.0,0.0019,0.5,none,True,True
15476,1.0,0.0018,0.5,none,True,True
15477,1.0,0.0017,0.5,none,True,True
15478,1.0,0.0015,0.5,none,True,True
15479,1.0,0.0014,0.5,none,True,True
15480,1.0,0.0013,0.5,none,True,True
15481,1.0,0.0013,0.5,none,True,True
15482,1.0,0.0012,0.5,none,True,True
15483,1.0,0.0011,0.5,none,True,True
15484,1.0,0.0011,0.5,none,True,True
15485,1.0,0.001,0.5,none,True,True
15486,1.0,0.001,0.5,none,True,True
15487,1.0,0.0009,0.5,none,True,True
15488,1.0,0.0009,0.5,none,True,True
15489,1.0,0.0008,0.5,none,True,True
15490,1.0,0.0008,0.5,none,True,True
15491,1.0,0.0008,0.5,none,True,True
15492,1.0,0.0007,0.5,none,True,True
15493,1.0,0.0007,0.5,none,True,True
15494,1.0,0.0006,0.5,none,True,True
15495,1.0,0.0006,0.5,none,True,True
15496,1.0,0.0006,0.5,none,True,True
15497,1.0,0.0005,0.5,none,True,True
15498,1.0,0.0005,0.5,none,True,True
15499,1.0,0.0005,0.5,none,True,True
15500,1.0,0.0004,0.5,none,True,True
15501,1.0,0.0004,0.5,none,True,True
15502,1.0,0.0004,0.5,none,True,True
15503,1.0,0.0004,0.5,none,True,True
15504,1.0,0.0003,0.5,none,True,True
15505,1.0,0.0003,0.5,none,True,True
15506,1.0,0.0003,0.5,none,True,True
15507,1.0,0.0003,0.5,none,True,True
15508,1.0,0.0003,0.5,none,True,True
15509,1.0,0.0003,0.5,none,True,True
15510,1.0,0.0002,0.5,none,True,True
15511,1.0,0.0002,0.5,none,True,True
15512,1.0,0.0002,0.5,none,True,True
15513,1.0,0.0002,0.5,none,True,True
15514,1.0,0.0002,0.5,none,True,True
15515,1.0,0.0002,0.5,none,True,True
15516,1.0,0.0002,0.5,none,True,True
15517,1.0,0.0002,0.5,none,True,True
15518,1.0,0.0002,0.5,none,True,True
15519,1.0,0.0001,0.5,none,True,True
15520,1.0,0.0001,0.5,none,True,True
15521,1.0,0.0001,0.5,none,True,True
15522,1.0,0.0001,0.5,none,True,True
15523,1.0,0.0001,0.5,none,True,True
15524,1.0,0.0001,0.5,none,True,True
15525,1.0,0.0001,0.5,none,True,True
15526,1.0,0.0001,0.5,none,True,True
15527,1.0,0.0001,0.5,none,True,True
15528,1.0,0.0001,0.5,none,True,True
15529,1.0,0.0001,0.5,none,True,True
15530,1.0,0.0001,0.5,none,True,True
15531,1.0,0.0001,0.5,none,True,True
15532,1.0,0.0001,0.5,none,True,True
15533,1.0,0.0001,0.5,none,True,True
15534,1.0,0.0001,0.5,none,True,True
15535,1.0,0.0001,0.5,none,True,True
15536,1.0,0.0001,0.5,none,True,True
15537,1.0,0.0,0.5,none,True,True
15538,1.0,0.0,0.5,none,True,True
15539,1.0,0.0,0.5,none,True,True
15540,1.0,0.0,0.5,none,True,True
15541,1.0,0.0,0.5,none,True,True
15542,1.0,0.0,0.5,none,True,True
15543,1.0,0.0,0.5,none,True,True
15544,1.0,0.0,0.5,none,True,True
15545,1.0,0.0,0.5,none,True,True
15546,1.0,0.0,0.5,none,True,True
15547,1.0,0.0,0.5,none,True,True
15548,1.0,0.0,0.5,none,True,True
15549,1.0,0.0,0.5,none,True,True
15550,1.0,0.0,0.5,none,True,True
15551,1.0,0.0,0.5,none,True,True
15552,1.0,0.0,0.5,none,True,True
15553,1.0,0.0,0.5,none,True,True
15554,1.0,0.0,0.5,none,True,True
15555,1.0,0.0,0.5,none,True,True
15556,1.0,0.0,0.5,none,True,True
15557,1.0,0.0,0.5,none,True,True
15558,1.0,0.0,0.5,none,True,True
15559,1.0,0.0,0.5,none,True,True
15560,1.0,0.0,0.5,none,True,True
15561,1.0,0.0,0.5,none,True,True
15562,1.0,0.0,0.5,none,True,True
15563,1.0,0.0,0.5,none,True,True
15564,1.0,0.0,0.5,none,True,True
15565,1.0,0.0,0.5,none,True,True
15566,1.0,0.0,0.5,none,True,True
15567,1.0,0.0,0.5,none,True,True
15568,1.0,0.0,0.5,none,True,True
15569,1.0,0.0,0.5,none,True,True
15570,1.0,0.0,0.5,none,True,True
15571,1.0,0.0,0.5,none,True,True
15572,1.0,0.0,0.5,none,True,True
15573,1.0,0.0,0.5,none,True,True
15574,1.0,0.0,0.5,none,True,True
15575,1.0,0.0,0.5,none,True,True
15576,1.0,0.0,0.5,none,True,True
15577,1.0,0.0,0.5,none,True,True
15578,1.0,0.0,0.5,none,True,True
15579,1.0,0.0,0.5,none,True,True
15580,1.0,0.0,0.5,none,True,True
15581,1.0,0.0,0.5,none,True,True
15582,1.0,0.0,0.5,none,True,True
15583,1.0,0.0,0.5,none,True,True
15584,1.0,0.0,0.5,none,True,True
15585,1.0,0.0,0.5,none,True,True
15586,1.0,0.0,0.5,none,True,True
15587,1.0,0.0,0.5,none,True,True
15588,1.0,0.0,0.5,none,True,True
15589,1.0,0.0,0.5,none,True,True
15590,1.0,0.0,0.5,none,True,True
15591,1.0,0.0,0.5,none,True,True
15592,1.0,0.0,0.5,none,True,True
15593,1.0,0.0,0.5,none,True,True
15594,1.0,0.0,0.5,none,True,True
15595,1.0,0.0,0.5,none,True,True
15596,1.0,0.0,0.5,none,True,True
15597,1.0,0.0,0.5,none,True,True
15598,1.0,0.0,0.5,none,True,True
15599,1.0,0.0,0.5,none,True,True
15600,1.0,0.0,0.5,none,True,True
15601,1.0,0.0,0.5,none,True,True
15602,1.0,0.0,0.5,none,True,True
15603,1.0,0.0,0.5,none,True,True
15604,1.0,0.0,0.5,none,True,True
15605,1.0,0.0,0.5,none,True,True
15606,1.0,0.0,0.5,none,True,True
15607,1.0,0.0,0.5,none,True,True
15608,1.0,0.0,0.5,none,True,True
15609,1.0,0.0,0.5,none,True,True
15610,1.0,0.0,0.5,none,True,True
15611,1.0,0.0,0.5,none,True,True
15612,1.0,0.0,0.5,none,True,True
15613,1.0,0.0,0.5,none,True,True
15614,1.0,0.0,0.5,none,True,True
15615,1.0,0.0,0.5,none,True,True
15616,1.0,0.0,0.5,none,True,True
15617,1.0,0.0,0.5,none,True,True
15618,1.0,0.0,0.5,none,True,True
15619,1.0,0.0,0.5,none,True,True
15620,1.0,0.0,0.5,none,True,True
15621,1.0,0.0,0.5,none,True,True
15622,1.0,0.0,0.5,none,True,True
15623,1.0,0.0,0.5,none,True,True
15624,1.0,0.0,0.5,none,True,True
15625,1.0,0.0,0.5,none,True,True
15626,1.0,0.0,0.5,none,True,True
15627,1.0,0.0,0.5,none,True,True
15628,1.0,0.0,0.5,none,True,True
15629,1.0,0.0,0.5,none,True,True
15630,1.0,0.0,0.5,none,True,True
15631,1.0,0.0,0.5,none,True,True
15632,1.0,0.0,0.5,none,True,True
15633,1.0,0.0,0.5,none,True,True
15634,1.0,0.0,0.5,none,True,True
15635,1.0,0.0,0.5,none,True,True
15636,1.0,0.0,0.5,none,True,True
15637,1.0,0.0,0.5,none,True,True
15638,1.0,0.0,0.5,none,True,True
15639,1.0,0.0,0.5,none,True,True
15640,1.0,0.0,0.5,none,True,True
15641,1.0,0.0,0.5,none,True,True
15642,1.0,0.0,0.5,none,True,True
15643,1.0,0.0,0.5,none,True,True
15644,1.0,0.0,0.5,none,True,True
15645,1.0,0.0,0.5,none,True,True
15646,1.0,0.0,0.5,none,True,True
15647,1.0,0.0,0.5,none,True,True
15648,1.0,0.0,0.5,none,True,True
15649,1.0,0.0,0.5,none,True,True
15650,1.0,0.0,0.5,none,True,True
15651,1.0,0.0,0.5,none,True,True
15652,1.0,0.0,0.5,none,True,True
15653,1.0,0.0,0.5,none,True,True
15654,1.0,0.0,0.5,none,True,True
15655,1.0,0.0,0.5,none,True,True
15656,1.0,0.0,0.5,none,True,True
15657,1.0,0.0,0.5,none,True,True
15658,1.0,0.0,0.5,none,True,True
15659,1.0,0.0,0.5,none,True,True
15660,1.0,0.0,0.5,none,True,True
15661,1.0,0.0,0.5,none,True,True
15662,1.0,0.0,0.5,none,True,True
15663,1.0,0.0,0.5,none,True,True
15664,1.0,0.0,0.5,none,True,True
15665,1.0,0.0,0.5,none,True,True
15666,1.0,0.0,0.5,none,True,True
15667,1.0,0.0,0.5,none,True,True
15668,1.0,0.0,0.5,none,True,True
15669,1.0,0.0,0.5,none,True,True
15670,1.0,0.0,0.5,none,True,True
15671,1.0,0.0,0.5,none,True,True
15672,1.0,0.0,0.5,none,True,True
15673,1.0,0.0,0.5,none,True,True
15674,1.0,0.0,0.5,none,True,True
15675,1.0,0.0,0.5,none,True,True
15676,1.0,0.0,0.5,none,True,True
15677,1.0,0.0,0.5,none,True,True
15678,1.0,0.0,0.5,none,True,True
15679,1.0,0.0,0.5,none,True,True
15680,1.0,0.0,0.5,none,True,True
15681,1.0,0.0,0.5,none,True,True
15682,1.0,0.0,0.5,none,True,True
15683,1.0,0.0,0.5,none,True,True
15684,1.0,0.0,0.5,none,True,True
15685,1.0,0.0,0.5,none,True,True
15686,1.0,0.0,0.5,none,True,True
15687,1.0,0.0,0.5,none,True,True
15688,1.0,0.0,0.5,none,True,True
15689,1.0,0.0,0.5,none,True,True
15690,1.0,0.0,0.5,none,True,True
15691,1.0,0.0,0.5,none,True,True
15692,1.0,0.0,0.5,none,True,True
15693,1.0,0.0,0.5,none,True,True
15694,1.0,0.0,0.5,none,True,True
15695,1.0,0.0,0.5,none,True,True
15696,1.0,0.0,0.5,none,True,True
15697,1.0,0.0,0.5,none,True,True
15698,1.0,0.0,0.5,none,True,True
15699,1.0,0.0,0.5,none,True,True
15700,1.0,0.0,0.5,none,True,True
15701,1.0,0.0,0.5,none,True,True
15702,1.0,0.0,0.5,none,True,True
15703,1.0,0.0,0.5,none,True,True
15704,1.0,0.0,0.5,none,True,True
15705,1.0,0.0,0.5,none,True,True
15706,1.0,0.0,0.5,none,True,True
15707,1.0,0.0,0.5,none,True,True
15708,1.0,0.0,0.5,none,True,True
15709,1.0,0.0,0.5,none,True,True
15710,1.0,0.0,0.5,none,True,True
15711,1.0,0.0,0.5,none,True,True
15712,1.0,0.0,0.5,none,True,True
15713,1.0,0.0,0.5,none,True,True
15714,1.0,0.0,0.5,none,True,True
15715,1.0,0.0,0.5,none,True,True
15716,1.0,0.0,0.5,none,True,True
15717,1.0,0.0,0.5,none,True,True
15718,1.0,0.0,0.5,none,True,True
15719,1.0,0.0,0.5,none,True,True
15720,1.0,0.0,0.5,none,True,True
15721,1.0,0.0,0.5,none,True,True
15722,1.0,0.0,0.5,none,True,True
15723,1.0,0.0,0.5,none,True,True
15724,1.0,0.0,0.5,none,True,True
15725,1.0,0.0,0.5,none,True,True
15726,1.0,0.0,0.5,none,True,True
15727,1.0,0.0,0.5,none,True,True
15728,1.0,0.0,0.5,none,True,True
15729,1.0,0.0,0.5,none,True,True
15730,1.0,0.0,0.5,none,True,True
15731,1.0,0.0,0.5,none,True,True
15732,1.0,0.0,0.5,none,True,True
15733,1.0,0.0,0.5,none,True,True
15734,1.0,0.0,0.5,none,True,True
15735,1.0,0.0,0.5,none,True,True
15736,1.0,0.0,0.5,none,True,True
15737,1.0,0.0,0.5,none,True,True
15738,1.0,0.0,0.5,none,True,True
15739,1.0,0.0,0.5,none,True,True
15740,1.0,0.0,0.5,none,True,True
15741,1.0,0.0,0.5,none,True,True
15742,1.0,0.0,0.5,none,True,True
15743,1.0,0.0,0.5,none,True,True
15744,1.0,0.0,0.5,none,True,True
15745,1.0,0.0,0.5,none,True,True
15746,1.0,0.0,0.5,none,True,True
15747,1.0,0.0,0.5,none,True,True
15748,1.0,0.0,0.5,none,True,True
15749,1.0,0.0,0.5,none,True,True
15750,1.0,0.0,0.5,none,True,True
15751,1.0,0.0,0.5,none,True,True
15752,1.0,0.0,0.5,none,True,True
15753,1.0,0.0,0.5,none,True,True
15754,1.0,0.0,0.5,none,True,True
15755,1.0,0.0,0.5,none,True,True
15756,1.0,0.0,0.5,none,True,True
15757,1.0,0.0,0.5,none,True,True
15758,1.0,0.0,0.5,none,True,True
15759,1.0,0.0,0.5,none,True,True
15760,1.0,0.0,0.5,none,True,True
15761,1.0,0.0,0.5,none,True,True
15762,1.0,0.0,0.5,none,True,True
15763,1.0,0.0,0.5,none,True,True
15764,1.0,0.0,0.5,none,True,True
15765,1.0,0.0,0.5,none,True,True
15766,1.0,0.0,0.5,none,True,True
15767,1.0,0.0,0.5,none,True,True
15768,1.0,0.0,0.5,none,True,True
15769,1.0,0.0,0.5,none,True,True
15770,1.0,0.0,0.5,none,True,True
15771,1.0,0.0,0.5,none,True,True
15772,1.0,0.0,0.5,none,True,True
15773,1.0,0.0,0.5,none,True,True
15774,1.0,0.0,0.5,none,True,True
15775,1.0,0.0,0.5,none,True,True
15776,1.0,0.0,0.5,none,True,True
15777,1.0,0.0,0.5,none,True,True
15778,1.0,0.0,0.5,none,True,True
15779,1.0,0.0,0.5,none,True,True
15780,1.0,0.0,0.5,none,True,True
15781,1.0,0.0,0.5,none,True,True
15782,1.0,0.0,0.5,none,True,True
15783,1.0,0.0,0.5,none,True,True
15784,1.0,0.0,0.5,none,True,True
15785,1.0,0.0,0.5,none,True,True
15786,1.0,0.0,0.5,none,True,True
15787,1.0,0.0,0.5,none,True,True
15788,1.0,0.0,0.5,none,True,True
15789,1.0,0.0,0.5,none,True,True
15790,1.0,0.0,0.5,none,True,True
15791,1.0,0.0,0.5,none,True,True
15792,1.0,0.0,0.5,none,True,True
15793,1.0,0.0,0.5,none,True,True
15794,1.0,0.0,0.5,none,True,True
15795,1.0,0.0,0.5,none,True,True
15796,1.0,0.0,0.5,none,True,True
15797,1.0,0.0,0.5,none,True,True
15798,1.0,0.0,0.5,none,True,True
15799,1.0,0.0,0.5,none,True,True
15800,1.0,0.0,0.5,none,True,True
15801,1.0,0.0,0.5,none,True,True
15802,1.0,0.0,0.5,none,True,True
15803,1.0,0.0,0.5,none,True,True
15804,1.0,0.0,0.5,none,True,True
15805,1.0,0.0,0.5,none,True,True
15806,1.0,0.0,0.5,none,True,True
15807,1.0,0.0,0.5,none,True,True
15808,1.0,0.0,0.5,none,True,True
15809,1.0,0.0,0.5,none,True,True
15810,1.0,0.0,0.5,none,True,True
15811,1.0,0.0,0.5,none,True,True
15812,1.0,0.0,0.5,none,True,True
15813,1.0,0.0,0.5,none,True,True
15814,1.0,0.0,0.5,none,True,True
15815,1.0,0.0,0.5,none,True,True
15816,1.0,0.0,0.5,none,True,True
15817,1.0,0.0,0.5,none,True,True
15818,1.0,0.0,0.5,none,True,True
15819,1.0,0.0,0.5,none,True,True
15820,1.0,0.0,0.5,none,True,True
15821,1.0,0.0,0.5,none,True,True
15822,1.0,0.0,0.5,none,True,True
15823,1.0,0.0,0.5,none,True,True
15824,1.0,0.0,0.5,none,True,True
15825,1.0,0.0,0.5,none,True,True
15826,1.0,0.0,0.5,none,True,True
15827,1.0,0.0,0.5,none,True,True
15828,1.0,0.0,0.5,none,True,True
15829,1.0,0.0,0.5,none,True,True
15830,1.0,0.0,0.5,none,True,True
15831,1.0,0.0,0.5,none,True,True
15832,1.0,0.0,0.5,none,True,True
15833,1.0,0.0,0.5,none,True,True
15834,1.0,0.0,0.5,none,True,True
15835,1.0,0.0,0.5,none,True,True
15836,1.0,0.0,0.5,none,True,True
15837,1.0,0.0,0.5,none,True,True
15838,1.0,0.0,0.5,none,True,True
15839,1.0,0.0,0.5,none,True,True
15840,1.0,0.0,0.5,none,True,True
15841,1.0,0.0,0.5,none,True,True
15842,1.0,0.0,0.5,none,True,True
15843,1.0,0.0,0.5,none,True,True
15844,1.0,0.0,0.5,none,True,True
15845,1.0,0.0,0.5,none,True,True
15846,1.0,0.0,0.5,none,True,True
15847,1.0,0.0,0.5,none,True,True
15848,1.0,0.0,0.5,none,True,True
15849,1.0,0.0,0.5,none,True,True
15850,1.0,0.0,0.5,none,True,True
15851,1.0,0.0,0.5,none,True,True
15852,1.0,0.0,0.5,none,True,True
15853,1.0,0.0,0.5,none,True,True
15854,1.0,0.0,0.5,none,True,True
15855,1.0,0.0,0.5,none,True,True
15856,1.0,0.0,0.5,none,True,True
15857,1.0,0.0,0.5,none,True,True
15858,1.0,0.0,0.5,none,True,True
15859,1.0,0.0,0.5,none,True,True
15860,1.0,0.0,0.5,none,True,True
15861,1.0,0.0,0.5,none,True,True
15862,1.0,0.0,0.5,none,True,True
15863,1.0,0.0,0.5,none,True,True
15864,1.0,0.0,0.5,none,True,True
15865,1.0,0.0,0.5,none,True,True
15866,1.0,0.0,0.5,none,True,True
15867,1.0,0.0,0.5,none,True,True
15868,1.0,0.0,0.5,none,True,True
15869,1.0,0.0,0.5,none,True,True
15870,1.0,0.0,0.5,none,True,True
15871,1.0,0.0,0.5,none,True,True
15872,1.0,0.0,0.5,none,True,True
15873,1.0,0.0,0.5,none,True,True
15874,1.0,0.0,0.5,none,True,True
15875,1.0,0.0,0.5,none,True,True
15876,1.0,0.0,0.5,none,True,True
15877,1.0,0.0,0.5,none,True,True
15878,1.0,0.0,0.5,none,True,True
15879,1.0,0.0,0.5,none,True,True
15880,1.0,0.0,0.5,none,True,True
15881,1.0,0.0,0.5,none,True,True
15882,1.0,0.0,0.5,none,True,True
15883,1.0,0.0,0.5,none,True,True
15884,1.0,0.0,0.5,none,True,True
15885,1.0,0.0,0.5,none,True,True
15886,1.0,0.0,0.5,none,True,True
15887,1.0,0.0,0.5,none,True,True
15888,1.0,0.0,0.5,none,True,True
15889,1.0,0.0,0.5,none,True,True
15890,1.0,0.0,0.5,none,True,True
15891,1.0,0.0,0.5,none,True,True
15892,1.0,0.0,0.5,none,True,True
15893,1.0,0.0,0.5,none,True,True
15894,1.0,0.0,0.5,none,True,True
15895,1.0,0.0,0.5,none,True,True
15896,1.0,0.0,0.5,none,True,True
15897,1.0,0.0,0.5,none,True,True
15898,1.0,0.0,0.5,none,True,True
15899,1.0,0.0,0.5,none,True,True
15900,1.0,0.0,0.5,none,True,True
15901,1.0,0.0,0.5,none,True,True
15902,1.0,0.0,0.5,none,True,True
15903,1.0,0.0,0.5,none,True,True
15904,1.0,0.0,0.5,none,True,True
15905,1.0,0.0,0.5,none,True,True
15906,1.0,0.0,0.5,none,True,True
15907,1.0,0.0,0.5,none,True,True
15908,1.0,0.0,0.5,none,True,True
15909,1.0,0.0,0.5,none,True,True
15910,1.0,0.0,0.5,none,True,True
15911,1.0,0.0,0.5,none,True,True
15912,1.0,0.0,0.5,none,True,True
15913,1.0,0.0,0.5,none,True,True
15914,1.0,0.0,0.5,none,True,True
15915,1.0,0.0,0.5,none,True,True
15916,1.0,0.0,0.5,none,True,True
15917,1.0,0.0,0.5,none,True,True
15918,1.0,0.0,0.5,none,True,True
15919,1.0,0.0,0.5,none,True,True
15920,1.0,0.0,0.5,none,True,True
15921,1.0,0.0,0.5,none,True,True
15922,1.0,0.0,0.5,none,True,True
15923,1.0,0.0,0.5,none,True,True
15924,1.0,0.0,0.5,none,True,True
15925,1.0,0.0,0.5,none,True,True
15926,1.0,0.0,0.5,none,True,True
15927,1.0,0.0,0.5,none,True,True
15928,1.0,0.0,0.5,none,True,True
15929,1.0,0.0,0.5,none,True,True
15930,1.0,0.0,0.5,none,True,True
15931,1.0,0.0,0.5,none,True,True
15932,1.0,0.0,0.5,none,True,True
15933,1.0,0.0,0.5,none,True,True
15934,1.0,0.0,0.5,none,True,True
15935,1.0,0.0,0.5,none,True,True
15936,1.0,0.0,0.5,none,True,True
15937,1.0,0.0,0.5,none,True,True
15938,1.0,0.0,0.5,none,True,True
15939,1.0,0.0,0.5,none,True,True
15940,1.0,0.0,0.5,none,True,True
15941,1.0,0.0,0.5,none,True,True
15942,1.0,0.0,0.5,none,True,True
15943,1.0,0.0,0.5,none,True,True
15944,1.0,0.0,0.5,none,True,True
15945,1.0,0.0,0.5,none,True,True
15946,1.0,0.0,0.5,none,True,True
15947,1.0,0.0,0.5,none,True,True
15948,1.0,0.0,0.5,none,True,True
15949,1.0,0.0,0.5,none,True,True
15950,1.0,0.0,0.5,none,True,True
15951,1.0,0.0,0.5,none,True,True
15952,1.0,0.0,0.5,none,True,True
15953,1.0,0.0,0.5,none,True,True
15954,1.0,0.0,0.5,none,True,True
15955,1.0,0.0,0.5,none,True,True
15956,1.0,0.0,0.5,none,True,True
15957,1.0,0.0,0.5,none,True,True
15958,1.0,0.0,0.5,none,True,True
15959,1.0,0.0,0.5,none,True,True
15960,1.0,0.0,0.5,none,True,True
15961,1.0,0.0,0.5,none,True,True
15962,1.0,0.0,0.5,none,True,True
15963,1.0,0.0,0.5,none,True,True
15964,1.0,0.0,0.5,none,True,True
15965,1.0,0.0,0.5,none,True,True
15966,1.0,0.0,0.5,none,True,True
15967,1.0,0.0,0.5,none,True,True
15968,1.0,0.0,0.5,none,True,True
15969,1.0,0.0,0.5,none,True,True
15970,1.0,0.0,0.5,none,True,True
15971,1.0,0.0,0.5,none,True,True
15972,1.0,0.0,0.5,none,True,True
15973,1.0,0.0,0.5,none,True,True
15974,1.0,0.0,0.5,none,True,True
15975,1.0,0.0,0.5,none,True,True
15976,1.0,0.0,0.5,none,True,True
15977,1.0,0.0,0.5,none,True,True
15978,1.0,0.0,0.5,none,True,True
15979,1.0,0.0,0.5,none,True,True
15980,1.0,0.0,0.5,none,True,True
15981,1.0,0.0,0.5,none,True,True
15982,1.0,0.0,0.5,none,True,True
15983,1.0,0.0,0.5,none,True,True
15984,1.0,0.0,0.5,none,True,True
15985,1.0,0.0,0.5,none,True,True
15986,1.0,0.0,0.5,none,True,True
15987,1.0,0.0,0.5,none,True,True
15988,1.0,0.0,0.5,none,True,True
15989,1.0,0.0,0.5,none,True,True
15990,1.0,0.0,0.5,none,True,True
15991,1.0,0.0,0.5,none,True,True
15992,1.0,0.0,0.5,none,True,True
15993,1.0,0.0,0.5,none,True,True
15994,1.0,0.0,0.5,none,True,True
15995,1.0,0.0,0.5,none,True,True
15996,1.0,0.0,0.5,none,True,True
15997,1.0,0.0,0.5,none,True,True
15998,1.0,0.0,0.5,none,True,True
15999,1.0,0.0,0.5,none,True,True
16000,1.0,0.0,0.5,none,True,True
16001,1.0,0.0,0.5,none,True,True
16002,1.0,0.0,0.5,none,True,True
16003,1.0,0.0,0.5,none,True,True
16004,1.0,0.0,0.5,none,True,True
16005,1.0,0.0,0.5,none,True,True
16006,1.0,0.0,0.5,none,True,True
16007,1.0,0.0,0.5,none,True,True
16008,1.0,0.0,0.5,none,True,True
16009,1.0,0.0,0.5,none,True,True
16010,1.0,0.0,0.5,none,True,True
16011,1.0,0.0,0.5,none,True,True
16012,1.0,0.0,0.5,none,True,True
16013,1.0,0.0,0.5,none,True,True
16014,1.0,0.0,0.5,none,True,True
16015,1.0,0.0,0.5,none,True,True
16016,1.0,0.0,0.5,none,True,True
16017,1.0,0.0,0.5,none,True,True
16018,1.0,0.0,0.5,none,True,True
16019,1.0,0.0,0.5,none,True,True
16020,1.0,0.0,0.5,none,True,True
16021,1.0,0.0,0.5,none,True,True
16022,1.0,0.0,0.5,none,True,True
16023,1.0,0.0,0.5,none,True,True
16024,1.0,0.0,0.5,none,True,True
16025,1.0,0.0,0.5,none,True,True
16026,1.0,0.0,0.5,none,True,True
16027,1.0,0.0,0.5,none,True,True
16028,1.0,0.0,0.5,none,True,True
16029,1.0,0.0,0.5,none,True,True
16030,1.0,0.0,0.5,none,True,True
16031,1.0,0.0,0.5,none,True,True
16032,1.0,0.0,0.5,none,True,True
16033,1.0,0.0,0.5,none,True,True
16034,1.0,0.0,0.5,none,True,True
16035,1.0,0.0,0.5,none,True,True
16036,1.0,0.0,0.5,none,True,True
16037,1.0,0.0,0.5,none,True,True
16038,1.0,0.0,0.5,none,True,True
16039,1.0,0.0,0.5,none,True,True
16040,1.0,0.0,0.5,none,True,True
16041,1.0,0.0,0.5,none,True,True
16042,1.0,0.0,0.5,none,True,True
16043,1.0,0.0,0.5,none,True,True
16044,1.0,0.0,0.5,none,True,True
16045,1.0,0.0,0.5,none,True,True
16046,1.0,0.0,0.5,none,True,True
16047,1.0,0.0,0.5,none,True,True
16048,1.0,0.0,0.5,none,True,True
16049,1.0,0.0,0.5,none,True,True
16050,1.0,0.0,0.5,none,True,True
16051,1.0,0.0,0.5,none,True,True
16052,1.0,0.0,0.5,none,True,True
16053,1.0,0.0,0.5,none,True,True
16054,1.0,0.0,0.5,none,True,True
16055,1.0,0.0,0.5,none,True,True
16056,1.0,0.0,0.5,none,True,True
16057,1.0,0.0,0.5,none,True,True
16058,1.0,0.0,0.5,none,True,True
16059,1.0,0.0,0.5,none,True,True
16060,1.0,0.0,0.5,none,True,True
16061,1.0,0.0,0.5,none,True,True
16062,1.0,0.0,0.5,none,True,True
16063,1.0,0.0,0.5,none,True,True
16064,1.0,0.0,0.5,none,True,True
16065,1.0,0.0,0.5,none,True,True
16066,1.0,0.0,0.5,none,True,True
16067,1.0,0.0,0.5,none,True,True
16068,1.0,0.0,0.5,none,True,True
16069,1.0,0.0,0.5,none,True,True
16070,1.0,0.0,0.5,none,True,True
16071,1.0,0.0,0.5,none,True,True
16072,1.0,0.0,0.5,none,True,True
16073,1.0,0.0,0.5,none,True,True
16074,1.0,0.0,0.5,none,True,True
16075,1.0,0.0,0.5,none,True,True
16076,1.0,0.0,0.5,none,True,True
16077,1.0,0.0,0.5,none,True,True
16078,1.0,0.0,0.5,none,True,True
16079,1.0,0.0,0.5,none,True,True
16080,1.0,0.0,0.5,none,True,True
16081,1.0,0.0,0.5,none,True,True
16082,1.0,0.0,0.5,none,True,True
16083,1.0,0.0,0.5,none,True,True
16084,1.0,0.0,0.5,none,True,True
16085,1.0,0.0,0.5,none,True,True
16086,1.0,0.0,0.5,none,True,True
16087,1.0,0.0,0.5,none,True,True
16088,1.0,0.0,0.5,none,True,True
16089,1.0,0.0,0.5,none,True,True
16090,1.0,0.0,0.5,none,True,True
16091,1.0,0.0,0.5,none,True,True
16092,1.0,0.0,0.5,none,True,True
16093,1.0,0.0,0.5,none,True,True
16094,1.0,0.0,0.5,none,True,True
16095,1.0,0.0,0.5,none,True,True
16096,1.0,0.0,0.5,none,True,True
16097,1.0,0.0,0.5,none,True,True
16098,1.0,0.0,0.5,none,True,True
16099,1.0,0.0,0.5,none,True,True
16100,1.0,0.0061,0.5,none,True,True
16101,1.0,0.0357,0.5,none,True,True
16102,1.0,0.0812,0.5,none,True,True
16103,1.0,0.1113,0.5,none,True,True
16104,1.0,0.1253,0.5,none,True,True
16105,1.0,0.1408,0.5,none,True,True
16106,1.0,0.0907,0.5,none,True,True
16107,1.0,0.1198,0.5,none,True,True
16108,1.0,0.0467,0.5,none,True,True
16109,1.0,0.0522,0.5,none,True,True
16110,1.0,0.0405,0.5,none,True,True
16111,1.0,0.0313,0.5,none,True,True
16112,1.0,0.0083,0.5,none,True,True
16113,1.0,0.0726,0.5,none,True,True
16114,1.0,0.0793,0.5,none,True,True
16115,1.0,0.0581,0.5,none,True,True
16116,1.0,0.0955,0.5,none,True,True
16117,1.0,0.0839,0.5,none,True,True
16118,1.0,0.0648,0.5,none,True,True
16119,1.0,0.0718,0.5,none,True,True
16120,1.0,0.0589,0.5,none,True,True
16121,1.0,0.0403,0.5,none,True,True
16122,1.0,0.0327,0.5,none,True,True
16123,1.0,0.0277,0.5,none,True,True
16124,1.0,0.017,0.5,none,True,True
16125,1.0,0.0102,0.5,none,True,True
16126,1.0,0.0099,0.5,none,True,True
16127,1.0,0.008,0.5,none,True,True
16128,1.0,0.005,0.5,none,True,True
16129,1.0,0.0063,0.5,none,True,True
16130,1.0,0.009,0.5,none,True,True
16131,1.0,0.0096,0.5,none,True,True
16132,1.0,0.0108,0.5,none,True,True
16133,1.0,0.014,0.5,none,True,True
16134,1.0,0.0161,0.5,none,True,True
16135,1.0,0.0167,0.5,none,True,True
16136,1.0,0.0182,0.5,none,True,True
16137,1.0,0.0196,0.5,none,True,True
16138,1.0,0.0197,0.5,none,True,True
16139,1.0,0.0193,0.5,none,True,True
16140,1.0,0.0193,0.5,none,True,True
16141,1.0,0.0187,0.5,none,True,True
16142,1.0,0.0174,0.5,none,True,True
16143,1.0,0.0163,0.5,none,True,True
16144,1.0,0.0152,0.5,none,True,True
16145,1.0,0.0138,0.5,none,True,True
16146,1.0,0.0123,0.5,none,True,True
16147,1.0,0.0111,0.5,none,True,True
16148,1.0,0.01,0.5,none,True,True
16149,1.0,0.0088,0.5,none,True,True
16150,1.0,0.0078,0.5,none,True,True
16151,1.0,0.0071,0.5,none,True,True
16152,1.0,0.0064,0.5,none,True,True
16153,1.0,0.0057,0.5,none,True,True
16154,1.0,0.0053,0.5,none,True,True
16155,1.0,0.005,0.5,none,True,True
16156,1.0,0.0047,0.5,none,True,True
16157,1.0,0.0045,0.5,none,True,True
16158,1.0,0.0044,0.5,none,True,True
16159,1.0,0.0043,0.5,none,True,True
16160,1.0,0.0042,0.5,none,True,True
16161,1.0,0.0041,0.5,none,True,True
16162,1.0,0.004,0.5,none,True,True
16163,1.0,0.0039,0.5,none,True,True
16164,1.0,0.0038,0.5,none,True,True
16165,1.0,0.0037,0.5,none,True,True
16166,1.0,0.0035,0.5,none,True,True
16167,1.0,0.0033,0.5,none,True,True
16168,1.0,0.0032,0.5,none,True,True
16169,1.0,0.003,0.5,none,True,True
16170,1.0,0.0028,0.5,none,True,True
16171,1.0,0.0026,0.5,none,True,True
16172,1.0,0.0024,0.5,none,True,True
16173,1.0,0.0023,0.5,none,True,True
16174,1.0,0.0021,0.5,none,True,True
16175,1.0,0.0019,0.5,none,True,True
16176,1.0,0.0018,0.5,none,True,True
16177,1.0,0.0017,0.5,none,True,True
16178,1.0,0.0015,0.5,none,True,True
16179,1.0,0.0014,0.5,none,True,True
16180,1.0,0.0013,0.5,none,True,True
16181,1.0,0.0013,0.5,none,True,True
16182,1.0,0.0012,0.5,none,True,True
16183,1.0,0.0011,0.5,none,True,True
16184,1.0,0.0011,0.5,none,True,True
16185,1.0,0.001,0.5,none,True,True
16186,1.0,0.001,0.5,none,True,True
16187,1.0,0.0009,0.5,none,True,True
16188,1.0,0.0009,0.5,none,True,True
16189,1.0,0.0008,0.5,none,True,True
16190,1.0,0.0008,0.5,none,True,True
16191,1.0,0.0008,0.5,none,True,True
16192,1.0,0.0007,0.5,none,True,True
16193,1.0,0.0007,0.5,none,True,True
16194,1.0,0.0006,0.5,none,True,True
16195,1.0,0.0006,0.5,none,True,True
16196,1.0,0.0006,0.5,none,True,True
16197,1.0,0.0005,0.5,none,True,True
16198,1.0,0.0005,0.5,none,True,True
16199,1.0,0.0005,0.5,none,True,True
16200,1.0,0.0004,0.5,none,True,True
16201,1.0,0.0004,0.5,none,True,True
16202,1.0,0.0004,0.5,none,True,True
16203,1.0,0.0004,0.5,none,True,True
16204,1.0,0.0003,0.5,none,True,True
16205,1.0,0.0003,0.5,none,True,True
16206,1.0,0.0003,0.5,none,True,True
16207,1.0,0.0003,0.5,none,True,True
16208,1.0,0.0003,0.5,none,True,True
16209,1.0,0.0003,0.5,none,True,True
16210,1.0,0.0002,0.5,none,True,True
16211,1.0,0.0002,0.5,none,True,True
16212,1.0,0.0002,0.5,none,True,True
16213,1.0,0.0002,0.5,none,True,True
16214,1.0,0.0002,0.5,none,True,True
16215,1.0,0.0002,0.5,none,True,True
16216,1.0,0.0002,0.5,none,True,True
16217,1.0,0.0002,0.5,none,True,True
16218,1.0,0.0002,0.5,none,True,True
16219,1.0,0.0001,0.5,none,True,True
16220,1.0,0.0001,0.5,none,True,True
16221,1.0,0.0001,0.5,none,True,True
16222,1.0,0.0001,0.5,none,True,True
16223,1.0,0.0001,0.5,none,True,True
16224,1.0,0.0001,0.5,none,True,True
16225,1.0,0.0001,0.5,none,True,True
16226,1.0,0.0001,0.5,none,True,True
16227,1.0,0.0001,0.5,none,True,True
16228,1.0,0.0001,0.5,none,True,True
16229,1.0,0.0001,0.5,none,True,True
16230,1.0,0.0001,0.5,none,True,True
16231,1.0,0.0001,0.5,none,True,True
16232,1.0,0.0001,0.5,none,True,True
16233,1.0,0.0001,0.5,none,True,True
16234,1.0,0.0001,0.5,none,True,True
16235,1.0,0.0001,0.5,none,True,True
16236,1.0,0.0001,0.5,none,True,True
16237,1.0,0.0,0.5,none,True,True
16238,1.0,0.0,0.5,none,True,True
16239,1.0,0.0,0.5,none,True,True
16240,1.0,0.0,0.5,none,True,True
16241,1.0,0.0,0.5,none,True,True
16242,1.0,0.0,0.5,none,True,True
16243,1.0,0.0,0.5,none,True,True
16244,1.0,0.0,0.5,none,True,True
16245,1.0,0.0,0.5,none,True,True
16246,1.0,0.0,0.5,none,True,True
16247,1.0,0.0,0.5,none,True,True
16248,1.0,0.0,0.5,none,True,True
16249,1.0,0.0,0.5,none,True,True
16250,1.0,0.0,0.5,none,True,True
16251,1.0,0.0,0.5,none,True,True
16252,1.0,0.0,0.5,none,True,True
16253,1.0,0.0,0.5,none,True,True
16254,1.0,0.0,0.5,none,True,True
16255,1.0,0.0,0.5,none,True,True
16256,1.0,0.0,0.5,none,True,True
16257,1.0,0.0,0.5,none,True,True
16258,1.0,0.0,0.5,none,True,True
16259,1.0,0.0,0.5,none,True,True
16260,1.0,0.0,0.5,none,True,True
16261,1.0,0.0,0.5,none,True,True
16262,1.0,0.0,0.5,none,True,True
16263,1.0,0.0,0.5,none,True,True
16264,1.0,0.0,0.5,none,True,True
16265,1.0,0.0,0.5,none,True,True
16266,1.0,0.0,0.5,none,True,True
16267,1.0,0.0,0.5,none,True,True
16268,1.0,0.0,0.5,none,True,True
16269,1.0,0.0,0.5,none,True,True
16270,1.0,0.0,0.5,none,True,True
16271,1.0,0.0,0.5,none,True,True
16272,1.0,0.0,0.5,none,True,True
16273,1.0,0.0,0.5,none,True,True
16274,1.0,0.0,0.5,none,True,True
16275,1.0,0.0,0.5,none,True,True
16276,1.0,0.0,0.5,none,True,True
16277,1.0,0.0,0.5,none,True,True
16278,1.0,0.0,0.5,none,True,True
16279,1.0,0.0,0.5,none,True,True
16280,1.0,0.0,0.5,none,True,True
16281,1.0,0.0,0.5,none,True,True
16282,1.0,0.0,0.5,none,True,True
16283,1.0,0.0,0.5,none,True,True
16284,1.0,0.0,0.5,none,True,True
16285,1.0,0.0,0.5,none,True,True
16286,1.0,0.0,0.5,none,True,True
16287,1.0,0.0,0.5,none,True,True
16288,1.0,0.0,0.5,none,True,True
16289,1.0,0.0,0.5,none,True,True
16290,1.0,0.0,0.5,none,True,True
16291,1.0,0.0,0.5,none,True,True
16292,1.0,0.0,0.5,none,True,True
16293,1.0,0.0,0.5,none,True,True
16294,1.0,0.0,0.5,none,True,True
16295,1.0,0.0,0.5,none,True,True
16296,1.0,0.0,0.5,none,True,True
16297,1.0,0.0,0.5,none,True,True
16298,1.0,0.0,0.5,none,True,True
16299,1.0,0.0,0.5,none,True,True
16300,1.0,0.0,0.5,none,True,True
16301,1.0,0.0,0.5,none,True,True
16302,1.0,0.0,0.5,none,True,True
16303,1.0,0.0,0.5,none,True,True
16304,1.0,0.0,0.5,none,True,True
16305,1.0,0.0,0.5,none,True,True
16306,1.0,0.0,0.5,none,True,True
16307,1.0,0.0,0.5,none,True,True
16308,1.0,0.0,0.5,none,True,True
16309,1.0,0.0,0.5,none,True,True
16310,1.0,0.0,0.5,none,True,True
16311,1.0,0.0,0.5,none,True,True
16312,1.0,0.0,0.5,none,True,True
16313,1.0,0.0,0.5,none,True,True
16314,1.0,0.0,0.5,none,True,True
16315,1.0,0.0,0.5,none,True,True
16316,1.0,0.0,0.5,none,True,True
16317,1.0,0.0,0.5,none,True,True
16318,1.0,0.0,0.5,none,True,True
16319,1.0,0.0,0.5,none,True,True
16320,1.0,0.0,0.5,none,True,True
16321,1.0,0.0,0.5,none,True,True
16322,1.0,0.0,0.5,none,True,True
16323,1.0,0.0,0.5,none,True,True
16324,1.0,0.0,0.5,none,True,True
16325,1.0,0.0,0.5,none,True,True
16326,1.0,0.0,0.5,none,True,True
16327,1.0,0.0,0.5,none,True,True
16328,1.0,0.0,0.5,none,True,True
16329,1.0,0.0,0.5,none,True,True
16330,1.0,0.0,0.5,none,True,True
16331,1.0,0.0,0.5,none,True,True
16332,1.0,0.0,0.5,none,True,True
16333,1.0,0.0,0.5,none,True,True
16334,1.0,0.0,0.5,none,True,True
16335,1.0,0.0,0.5,none,True,True
16336,1.0,0.0,0.5,none,True,True
16337,1.0,0.0,0.5,none,True,True
16338,1.0,0.0,0.5,none,True,True
16339,1.0,0.0,0.5,none,True,True
16340,1.0,0.0,0.5,none,True,True
16341,1.0,0.0,0.5,none,True,True
16342,1.0,0.0,0.5,none,True,True
16343,1.0,0.0,0.5,none,True,True
16344,1.0,0.0,0.5,none,True,True
16345,1.0,0.0,0.5,none,True,True
16346,1.0,0.0,0.5,none,True,True
16347,1.0,0.0,0.5,none,True,True
16348,1.0,0.0,0.5,none,True,True
16349,1.0,0.0,0.5,none,True,True
16350,1.0,0.0,0.5,none,True,True
16351,1.0,0.0,0.5,none,True,True
16352,1.0,0.0,0.5,none,True,True
16353,1.0,0.0,0.5,none,True,True
16354,1.0,0.0,0.5,none,True,True
16355,1.0,0.0,0.5,none,True,True
16356,1.0,0.0,0.5,none,True,True
16357,1.0,0.0,0.5,none,True,True
16358,1.0,0.0,0.5,none,True,True
16359,1.0,0.0,0.5,none,True,True
16360,1.0,0.0,0.5,none,True,True
16361,1.0,0.0,0.5,none,True,True
16362,1.0,0.0,0.5,none,True,True
16363,1.0,0.0,0.5,none,True,True
16364,1.0,0.0,0.5,none,True,True
16365,1.0,0.0,0.5,none,True,True
16366,1.0,0.0,0.5,none,True,True
16367,1.0,0.0,0.5,none,True,True
16368,1.0,0.0,0.5,none,True,True
16369,1.0,0.0,0.5,none,True,True
16370,1.0,0.0,0.5,none,True,True
16371,1.0,0.0,0.5,none,True,True
16372,1.0,0.0,0.5,none,True,True
16373,1.0,0.0,0.5,none,True,True
16374,1.0,0.0,0.5,none,True,True
16375,1.0,0.0,0.5,none,True,True
16376,1.0,0.0,0.5,none,True,True
16377,1.0,0.0,0.5,none,True,True
16378,1.0,0.0,0.5,none,True,True
16379,1.0,0.0,0.5,none,True,True
16380,1.0,0.0,0.5,none,True,True
16381,1.0,0.0,0.5,none,True,True
16382,1.0,0.0,0.5,none,True,True
16383,1.0,0.0,0.5,none,True,True
16384,1.0,0.0,0.5,none,True,True
16385,1.0,0.0,0.5,none,True,True
16386,1.0,0.0,0.5,none,True,True
16387,1.0,0.0,0.5,none,True,True
16388,1.0,0.0,0.5,none,True,True
16389,1.0,0.0,0.5,none,True,True
16390,1.0,0.0,0.5,none,True,True
16391,1.0,0.0,0.5,none,True,True
16392,1.0,0.0,0.5,none,True,True
16393,1.0,0.0,0.5,none,True,True
16394,1.0,0.0,0.5,none,True,True
16395,1.0,0.0,0.5,none,True,True
16396,1.0,0.0,0.5,none,True,True
16397,1.0,0.0,0.5,none,True,True
16398,1.0,0.0,0.5,none,True,True
16399,1.0,0.0,0.5,none,True,True
16400,1.0,0.0,0.5,none,True,True
16401,1.0,0.0,0.5,none,True,True
16402,1.0,0.0,0.5,none,True,True
16403,1.0,0.0,0.5,none,True,True
16404,1.0,0.0,0.5,none,True,True
16405,1.0,0.0,0.5,none,True,True
16406,1.0,0.0,0.5,none,True,True
16407,1.0,0.0,0.5,none,True,True
16408,1.0,0.0,0.5,none,True,True
16409,1.0,0.0,0.5,none,True,True
16410,1.0,0.0,0.5,none,True,True
16411,1.0,0.0,0.5,none,True,True
16412,1.0,0.0,0.5,none,True,True
16413,1.0,0.0,0.5,none,True,True
16414,1.0,0.0,0.5,none,True,True
16415,1.0,0.0,0.5,none,True,True
16416,1.0,0.0,0.5,none,True,True
16417,1.0,0.0,0.5,none,True,True
16418,1.0,0.0,0.5,none,True,True
16419,1.0,0.0,0.5,none,True,True
16420,1.0,0.0,0.5,none,True,True
16421,1.0,0.0,0.5,none,True,True
16422,1.0,0.0,0.5,none,True,True
16423,1.0,0.0,0.5,none,True,True
16424,1.0,0.0,0.5,none,True,True
16425,1.0,0.0,0.5,none,True,True
16426,1.0,0.0,0.5,none,True,True
16427,1.0,0.0,0.5,none,True,True
16428,1.0,0.0,0.5,none,True,True
16429,1.0,0.0,0.5,none,True,True
16430,1.0,0.0,0.5,none,True,True
16431,1.0,0.0,0.5,none,True,True
16432,1.0,0.0,0.5,none,True,True
16433,1.0,0.0,0.5,none,True,True
16434,1.0,0.0,0.5,none,True,True
16435,1.0,0.0,0.5,none,True,True
16436,1.0,0.0,0.5,none,True,True
16437,1.0,0.0,0.5,none,True,True
16438,1.0,0.0,0.5,none,True,True
16439,1.0,0.0,0.5,none,True,True
16440,1.0,0.0,0.5,none,True,True
16441,1.0,0.0,0.5,none,True,True
16442,1.0,0.0,0.5,none,True,True
16443,1.0,0.0,0.5,none,True,True
16444,1.0,0.0,0.5,none,True,True
16445,1.0,0.0,0.5,none,True,True
16446,1.0,0.0,0.5,none,True,True
16447,1.0,0.0,0.5,none,True,True
16448,1.0,0.0,0.5,none,True,True
16449,1.0,0.0,0.5,none,True,True
16450,1.0,0.0,0.5,none,True,True
16451,1.0,0.0,0.5,none,True,True
16452,1.0,0.0,0.5,none,True,True
16453,1.0,0.0,0.5,none,True,True
16454,1.0,0.0,0.5,none,True,True
16455,1.0,0.0,0.5,none,True,True
16456,1.0,0.0,0.5,none,True,True
16457,1.0,0.0,0.5,none,True,True
16458,1.0,0.0,0.5,none,True,True
16459,1.0,0.0,0.5,none,True,True
16460,1.0,0.0,0.5,none,True,True
16461,1.0,0.0,0.5,none,True,True
16462,1.0,0.0,0.5,none,True,True
16463,1.0,0.0,0.5,none,True,True
16464,1.0,0.0,0.5,none,True,True
16465,1.0,0.0,0.5,none,True,True
16466,1.0,0.0,0.5,none,True,True
16467,1.0,0.0,0.5,none,True,True
16468,1.0,0.0,0.5,none,True,True
16469,1.0,0.0,0.5,none,True,True
16470,1.0,0.0,0.5,none,True,True
16471,1.0,0.0,0.5,none,True,True
16472,1.0,0.0,0.5,none,True,True
16473,1.0,0.0,0.5,none,True,True
16474,1.0,0.0,0.5,none,True,True
16475,1.0,0.0,0.5,none,True,True
16476,1.0,0.0,0.5,none,True,True
16477,1.0,0.0,0.5,none,True,True
16478,1.0,0.0,0.5,none,True,True
16479,1.0,0.0,0.5,none,True,True
16480,1.0,0.0,0.5,none,True,True
16481,1.0,0.0,0.5,none,True,True
16482,1.0,0.0,0.5,none,True,True
16483,1.0,0.0,0.5,none,True,True
16484,1.0,0.0,0.5,none,True,True
16485,1.0,0.0,0.5,none,True,True
16486,1.0,0.0,0.5,none,True,True
16487,1.0,0.0,0.5,none,True,True
16488,1.0,0.0,0.5,none,True,True
16489,1.0,0.0,0.5,none,True,True
16490,1.0,0.0,0.5,none,True,True
16491,1.0,0.0,0.5,none,True,True
16492,1.0,0.0,0.5,none,True,True
16493,1.0,0.0,0.5,none,True,True
16494,1.0,0.0,0.5,none,True,True
16495,1.0,0.0,0.5,none,True,True
16496,1.0,0.0,0.5,none,True,True
16497,1.0,0.0,0.5,none,True,True
16498,1.0,0.0,0.5,none,True,True
16499,1.0,0.0,0.5,none,True,True
16500,1.0,0.0,0.5,none,True,True
16501,1.0,0.0,0.5,none,True,True
16502,1.0,0.0,0.5,none,True,True
16503,1.0,0.0,0.5,none,True,True
16504,1.0,0.0,0.5,none,True,True
16505,1.0,0.0,0.5,none,True,True
16506,1.0,0.0,0.5,none,True,True
16507,1.0,0.0,0.5,none,True,True
16508,1.0,0.0,0.5,none,True,True
16509,1.0,0.0,0.5,none,True,True
16510,1.0,0.0,0.5,none,True,True
16511,1.0,0.0,0.5,none,True,True
16512,1.0,0.0,0.5,none,True,True
16513,1.0,0.0,0.5,none,True,True
16514,1.0,0.0,0.5,none,True,True
16515,1.0,0.0,0.5,none,True,True
16516,1.0,0.0,0.5,none,True,True
16517,1.0,0.0,0.5,none,True,True
16518,1.0,0.0,0.5,none,True,True
16519,1.0,0.0,0.5,none,True,True
16520,1.0,0.0,0.5,none,True,True
16521,1.0,0.0,0.5,none,True,True
16522,1.0,0.0,0.5,none,True,True
16523,1.0,0.0,0.5,none,True,True
16524,1.0,0.0,0.5,none,True,True
16525,1.0,0.0,0.5,none,True,True
16526,1.0,0.0,0.5,none,True,True
16527,1.0,0.0,0.5,none,True,True
16528,1.0,0.0,0.5,none,True,True
16529,1.0,0.0,0.5,none,True,True
16530,1.0,0.0,0.5,none,True,True
16531,1.0,0.0,0.5,none,True,True
16532,1.0,0.0,0.5,none,True,True
16533,1.0,0.0,0.5,none,True,True
16534,1.0,0.0,0.5,none,True,True
16535,1.0,0.0,0.5,none,True,True
16536,1.0,0.0,0.5,none,True,True
16537,1.0,0.0,0.5,none,True,True
16538,1.0,0.0,0.5,none,True,True
16539,1.0,0.0,0.5,none,True,True
16540,1.0,0.0,0.5,none,True,True
16541,1.0,0.0,0.5,none,True,True
16542,1.0,0.0,0.5,none,True,True
16543,1.0,0.0,0.5,none,True,True
16544,1.0,0.0,0.5,none,True,True
16545,1.0,0.0,0.5,none,True,True
16546,1.0,0.0,0.5,none,True,True
16547,1.0,0.0,0.5,none,True,True
16548,1.0,0.0,0.5,none,True,True
16549,1.0,0.0,0.5,none,True,True
16550,1.0,0.0,0.5,none,True,True
16551,1.0,0.0,0.5,none,True,True
16552,1.0,0.0,0.5,none,True,True
16553,1.0,0.0,0.5,none,True,True
16554,1.0,0.0,0.5,none,True,True
16555,1.0,0.0,0.5,none,True,True
16556,1.0,0.0,0.5,none,True,True
16557,1.0,0.0,0.5,none,True,True
16558,1.0,0.0,0.5,none,True,True
16559,1.0,0.0,0.5,none,True,True
16560,1.0,0.0,0.5,none,True,True
16561,1.0,0.0,0.5,none,True,True
16562,1.0,0.0,0.5,none,True,True
16563,1.0,0.0,0.5,none,True,True
16564,1.0,0.0,0.5,none,True,True
16565,1.0,0.0,0.5,none,True,True
16566,1.0,0.0,0.5,none,True,True
16567,1.0,0.0,0.5,none,True,True
16568,1.0,0.0,0.5,none,True,True
16569,1.0,0.0,0.5,none,True,True
16570,1.0,0.0,0.5,none,True,True
16571,1.0,0.0,0.5,none,True,True
16572,1.0,0.0,0.5,none,True,True
16573,1.0,0.0,0.5,none,True,True
16574,1.0,0.0,0.5,none,True,True
16575,1.0,0.0,0.5,none,True,True
16576,1.0,0.0,0.5,none,True,True
16577,1.0,0.0,0.5,none,True,True
16578,1.0,0.0,0.5,none,True,True
16579,1.0,0.0,0.5,none,True,True
16580,1.0,0.0,0.5,none,True,True
16581,1.0,0.0,0.5,none,True,True
16582,1.0,0.0,0.5,none,True,True
16583,1.0,0.0,0.5,none,True,True
16584,1.0,0.0,0.5,none,True,True
16585,1.0,0.0,0.5,none,True,True
16586,1.0,0.0,0.5,none,True,True
16587,1.0,0.0,0.5,none,True,True
16588,1.0,0.0,0.5,none,True,True
16589,1.0,0.0,0.5,none,True,True
16590,1.0,0.0,0.5,none,True,True
16591,1.0,0.0,0.5,none,True,True
16592,1.0,0.0,0.5,none,True,True
16593,1.0,0.0,0.5,none,True,True
16594,1.0,0.0,0.5,none,True,True
16595,1.0,0.0,0.5,none,True,True
16596,1.0,0.0,0.5,none,True,True
16597,1.0,0.0,0.5,none,True,True
16598,1.0,0.0,0.5,none,True,True
16599,1.0,0.0,0.5,none,True,True
16600,1.0,0.0,0.5,none,True,True
16601,1.0,0.0,0.5,none,True,True
16602,1.0,0.0,0.5,none,True,True
16603,1.0,0.0,0.5,none,True,True
16604,1.0,0.0,0.5,none,True,True
16605,1.0,0.0,0.5,none,True,True
16606,1.0,0.0,0.5,none,True,True
16607,1.0,0.0,0.5,none,True,True
16608,1.0,0.0,0.5,none,True,True
16609,1.0,0.0,0.5,none,True,True
16610,1.0,0.0,0.5,none,True,True
16611,1.0,0.0,0.5,none,True,True
16612,1.0,0.0,0.5,none,True,True
16613,1.0,0.0,0.5,none,True,True
16614,1.0,0.0,0.5,none,True,True
16615,1.0,0.0,0.5,none,True,True
16616,1.0,0.0,0.5,none,True,True
16617,1.0,0.0,0.5,none,True,True
16618,1.0,0.0,0.5,none,True,True
16619,1.0,0.0,0.5,none,True,True
16620,1.0,0.0,0.5,none,True,True
16621,1.0,0.0,0.5,none,True,True
16622,1.0,0.0,0.5,none,True,True
16623,1.0,0.0,0.5,none,True,True
16624,1.0,0.0,0.5,none,True,True
16625,1.0,0.0,0.5,none,True,True
16626,1.0,0.0,0.5,none,True,True
16627,1.0,0.0,0.5,none,True,True
16628,1.0,0.0,0.5,none,True,True
16629,1.0,0.0,0.5,none,True,True
16630,1.0,0.0,0.5,none,True,True
16631,1.0,0.0,0.5,none,True,True
16632,1.0,0.0,0.5,none,True,True
16633,1.0,0.0,0.5,none,True,True
16634,1.0,0.0,0.5,none,True,True
16635,1.0,0.0,0.5,none,True,True
16636,1.0,0.0,0.5,none,True,True
16637,1.0,0.0,0.5,none,True,True
16638,1.0,0.0,0.5,none,True,True
16639,1.0,0.0,0.5,none,True,True
16640,1.0,0.0,0.5,none,True,True
16641,1.0,0.0,0.5,none,True,True
16642,1.0,0.0,0.5,none,True,True
16643,1.0,0.0,0.5,none,True,True
16644,1.0,0.0,0.5,none,True,True
16645,1.0,0.0,0.5,none,True,True
16646,1.0,0.0,0.5,none,True,True
16647,1.0,0.0,0.5,none,True,True
16648,1.0,0.0,0.5,none,True,True
16649,1.0,0.0,0.5,none,True,True
16650,1.0,0.0,0.5,none,True,True
16651,1.0,0.0,0.5,none,True,True
16652,1.0,0.0,0.5,none,True,True
16653,1.0,0.0,0.5,none,True,True
16654,1.0,0.0,0.5,none,True,True
16655,1.0,0.0,0.5,none,True,True
16656,1.0,0.0,0.5,none,True,True
16657,1.0,0.0,0.5,none,True,True
16658,1.0,0.0,0.5,none,True,True
16659,1.0,0.0,0.5,none,True,True
16660,1.0,0.0,0.5,none,True,True
16661,1.0,0.0,0.5,none,True,True
16662,1.0,0.0,0.5,none,True,True
16663,1.0,0.0,0.5,none,True,True
16664,1.0,0.0,0.5,none,True,True
16665,1.0,0.0,0.5,none,True,True
16666,1.0,0.0,0.5,none,True,True
16667,1.0,0.0,0.5,none,True,True
16668,1.0,0.0,0.5,none,True,True
16669,1.0,0.0,0.5,none,True,True
16670,1.0,0.0,0.5,none,True,True
16671,1.0,0.0,0.5,none,True,True
16672,1.0,0.0,0.5,none,True,True
16673,1.0,0.0,0.5,none,True,True
16674,1.0,0.0,0.5,none,True,True
16675,1.0,0.0,0.5,none,True,True
16676,1.0,0.0,0.5,none,True,True
16677,1.0,0.0,0.5,none,True,True
16678,1.0,0.0,0.5,none,True,True
16679,1.0,0.0,0.5,none,True,True
16680,1.0,0.0,0.5,none,True,True
16681,1.0,0.0,0.5,none,True,True
16682,1.0,0.0,0.5,none,True,True
16683,1.0,0.0,0.5,none,True,True
16684,1.0,0.0,0.5,none,True,True
16685,1.0,0.0,0.5,none,True,True
16686,1.0,0.0,0.5,none,True,True
16687,1.0,0.0,0.5,none,True,True
16688,1.0,0.0,0.5,none,True,True
16689,1.0,0.0,0.5,none,True,True
16690,1.0,0.0,0.5,none,True,True
16691,1.0,0.0,0.5,none,True,True
16692,1.0,0.0,0.5,none,True,True
16693,1.0,0.0,0.5,none,True,True
16694,1.0,0.0,0.5,none,True,True
16695,1.0,0.0,0.5,none,True,True
16696,1.0,0.0,0.5,none,True,True
16697,1.0,0.0,0.5,none,True,True
16698,1.0,0.0,0.5,none,True,True
16699,1.0,0.0,0.5,none,True,True
16700,1.0,0.0,0.5,none,True,True
16701,1.0,0.0,0.5,none,True,True
16702,1.0,0.0,0.5,none,True,True
16703,1.0,0.0,0.5,none,True,True
16704,1.0,0.0,0.5,none,True,True
16705,1.0,0.0,0.5,none,True,True
16706,1.0,0.0,0.5,none,True,True
16707,1.0,0.0,0.5,none,True,True
16708,1.0,0.0,0.5,none,True,True
16709,1.0,0.0,0.5,none,True,True
16710,1.0,0.0,0.5,none,True,True
16711,1.0,0.0,0.5,none,True,True
16712,1.0,0.0,0.5,none,True,True
16713,1.0,0.0,0.5,none,True,True
16714,1.0,0.0,0.5,none,True,True
16715,1.0,0.0,0.5,none,True,True
16716,1.0,0.0,0.5,none,True,True
16717,1.0,0.0,0.5,none,True,True
16718,1.0,0.0,0.5,none,True,True
16719,1.0,0.0,0.5,none,True,True
16720,1.0,0.0,0.5,none,True,True
16721,1.0,0.0,0.5,none,True,True
16722,1.0,0.0,0.5,none,True,True
16723,1.0,0.0,0.5,none,True,True
16724,1.0,0.0,0.5,none,True,True
16725,1.0,0.0,0.5,none,True,True
16726,1.0,0.0,0.5,none,True,True
16727,1.0,0.0,0.5,none,True,True
16728,1.0,0.0,0.5,none,True,True
16729,1.0,0.0,0.5,none,True,True
16730,1.0,0.0,0.5,none,True,True
16731,1.0,0.0,0.5,none,True,True
16732,1.0,0.0,0.5,none,True,True
16733,1.0,0.0,0.5,none,True,True
16734,1.0,0.0,0.5,none,True,True
16735,1.0,0.0,0.5,none,True,True
16736,1.0,0.0,0.5,none,True,True
16737,1.0,0.0,0.5,none,True,True
16738,1.0,0.0,0.5,none,True,True
16739,1.0,0.0,0.5,none,True,True
16740,1.0,0.0,0.5,none,True,True
16741,1.0,0.0,0.5,none,True,True
16742,1.0,0.0,0.5,none,True,True
16743,1.0,0.0,0.5,none,True,True
16744,1.0,0.0,0.5,none,True,True
16745,1.0,0.0,0.5,none,True,True
16746,1.0,0.0,0.5,none,True,True
16747,1.0,0.0,0.5,none,True,True
16748,1.0,0.0,0.5,none,True,True
16749,1.0,0.0,0.5,none,True,True
16750,1.0,0.0,0.5,none,True,True
16751,1.0,0.0,0.5,none,True,True
16752,1.0,0.0,0.5,none,True,True
16753,1.0,0.0,0.5,none,True,True
16754,1.0,0.0,0.5,none,True,True
16755,1.0,0.0,0.5,none,True,True
16756,1.0,0.0,0.5,none,True,True
16757,1.0,0.0,0.5,none,True,True
16758,1.0,0.0,0.5,none,True,True
16759,1.0,0.0,0.5,none,True,True
16760,1.0,0.0,0.5,none,True,True
16761,1.0,0.0,0.5,none,True,True
16762,1.0,0.0,0.5,none,True,True
16763,1.0,0.0,0.5,none,True,True
16764,1.0,0.0,0.5,none,True,True
16765,1.0,0.0,0.5,none,True,True
16766,1.0,0.0,0.5,none,True,True
16767,1.0,0.0,0.5,none,True,True
16768,1.0,0.0,0.5,none,True,True
16769,1.0,0.0,0.5,none,True,True
16770,1.0,0.0,0.5,none,True,True
16771,1.0,0.0,0.5,none,True,True
16772,1.0,0.0,0.5,none,True,True
16773,1.0,0.0,0.5,none,True,True
16774,1.0,0.0,0.5,none,True,True
16775,1.0,0.0,0.5,none,True,True
16776,1.0,0.0,0.5,none,True,True
16777,1.0,0.0,0.5,none,True,True
16778,1.0,0.0,0.5,none,True,True
16779,1.0,0.0,0.5,none,True,True
16780,1.0,0.0,0.5,none,True,True
16781,1.0,0.0,0.5,none,True,True
16782,1.0,0.0,0.5,none,True,True
16783,1.0,0.0,0.5,none,True,True
16784,1.0,0.0,0.5,none,True,True
16785,1.0,0.0,0.5,none,True,True
16786,1.0,0.0,0.5,none,True,True
16787,1.0,0.0,0.5,none,True,True
16788,1.0,0.0,0.5,none,True,True
16789,1.0,0.0,0.5,none,True,True
16790,1.0,0.0,0.5,none,True,True
16791,1.0,0.0,0.5,none,True,True
16792,1.0,0.0,0.5,none,True,True
16793,1.0,0.0,0.5,none,True,True
16794,1.0,0.0,0.5,none,True,True
16795,1.0,0.0,0.5,none,True,True
16796,1.0,0.0,0.5,none,True,True
16797,1.0,0.0,0.5,none,True,True
16798,1.0,0.0,0.5,none,True,True
16799,1.0,0.0,0.5,none,True,True
16800,1.0,0.0061,0.5,none,True,True
16801,1.0,0.0357,0.5,none,True,True
16802,1.0,0.0812,0.5,none,True,True
16803,1.0,0.1113,0.5,none,True,True
16804,1.0,0.1253,0.5,none,True,True
16805,1.0,0.1408,0.5,none,True,True
16806,1.0,0.0907,0.5,none,True,True
16807,1.0,0.1198,0.5,none,True,True
16808,1.0,0.0467,0.5,none,True,True
16809,1.0,0.0522,0.5,none,True,True
16810,1.0,0.0405,0.5,none,True,True
16811,1.0,0.0313,0.5,none,True,True
16812,1.0,0.0083,0.5,none,True,True
16813,1.0,0.0726,0.5,none,True,True
16814,1.0,0.0793,0.5,none,True,True
16815,1.0,0.0581,0.5,none,True,True
16816,1.0,0.0955,0.5,none,True,True
16817,1.0,0.0839,0.5,none,True,True
16818,1.0,0.0648,0.5,none,True,True
16819,1.0,0.0718,0.5,none,True,True
16820,1.0,0.0589,0.5,none,True,True
16821,1.0,0.0403,0.5,none,True,True
16822,1.0,0.0327,0.5,none,True,True
16823,1.0,0.0277,0.5,none,True,True
16824,1.0,0.017,0.5,none,True,True
16825,1.0,0.0102,0.5,none,True,True
16826,1.0,0.0099,0.5,none,True,True
16827,1.0,0.008,0.5,none,True,True
16828,1.0,0.005,0.5,none,True,True
16829,1.0,0.0063,0.5,none,True,True
16830,1.0,0.009,0.5,none,True,True
16831,1.0,0.0096,0.5,none,True,True
16832,1.0,0.0108,0.5,none,True,True
16833,1.0,0.014,0.5,none,True,True
16834,1.0,0.0161,0.5,none,True,True
16835,1.0,0.0167,0.5,none,True,True
16836,1.0,0.0182,0.5,none,True,True
16837,1.0,0.0196,0.5,none,True,True
16838,1.0,0.0197,0.5,none,True,True
16839,1.0,0.0193,0.5,none,True,True
16840,1.0,0.0193,0.5,none,True,True
16841,1.0,0.0187,0.5,none,True,True
16842,1.0,0.0174,0.5,none,True,True
16843,1.0,0.0163,0.5,none,True,True
16844,1.0,0.0152,0.5,none,True,True
16845,1.0,0.0138,0.5,none,True,True
16846,1.0,0.0123,0.5,none,True,True
16847,1.0,0.0111,0.5,none,True,True
16848,1.0,0.01,0.5,none,True,True
16849,1.0,0.0088,0.5,none,True,True
16850,1.0,0.0078,0.5,none,True,True
16851,1.0,0.0071,0.5,none,True,True
16852,1.0,0.0064,0.5,none,True,True
16853,1.0,0.0057,0.5,none,True,True
16854,1.0,0.0053,0.5,none,True,True
16855,1.0,0.005,0.5,none,True,True
16856,1.0,0.0047,0.5,none,True,True
16857,1.0,0.0045,0.5,none,True,True
16858,1.0,0.0044,0.5,none,True,True
16859,1.0,0.0043,0.5,none,True,True
16860,1.0,0.0042,0.5,none,True,True
16861,1.0,0.0041,0.5,none,True,True
16862,1.0,0.004,0.5,none,True,True
16863,1.0,0.0039,0.5,none,True,True
16864,1.0,0.0038,0.5,none,True,True
16865,1.0,0.0037,0.5,none,True,True
16866,1.0,0.0035,0.5,none,True,True
16867,1.0,0.0033,0.5,none,True,True
16868,1.0,0.0032,0.5,none,True,True
16869,1.0,0.003,0.5,none,True,True
16870,1.0,0.0028,0.5,none,True,True
16871,1.0,0.0026,0.5,none,True,True
16872,1.0,0.0024,0.5,none,True,True
16873,1.0,0.0023,0.5,none,True,True
16874,1.0,0.0021,0.5,none,True,True
16875,1.0,0.0019,0.5,none,True,True
16876,1.0,0.0018,0.5,none,True,True
16877,1.0,0.0017,0.5,none,True,True
16878,1.0,0.0015,0.5,none,True,True
16879,1.0,0.0014,0.5,none,True,True
16880,1.0,0.0013,0.5,none,True,True
16881,1.0,0.0013,0.5,none,True,True
16882,1.0,0.0012,0.5,none,True,True
16883,1.0,0.0011,0.5,none,True,True
16884,1.0,0.0011,0.5,none,True,True
16885,1.0,0.001,0.5,none,True,True
16886,1.0,0.001,0.5,none,True,True
16887,1.0,0.0009,0.5,none,True,True
16888,1.0,0.0009,0.5,none,True,True
16889,1.0,0.0008,0.5,none,True,True
16890,1.0,0.0008,0.5,none,True,True
16891,1.0,0.0008,0.5,none,True,True
16892,1.0,0.0007,0.5,none,True,True
16893,1.0,0.0007,0.5,none,True,True
16894,1.0,0.0006,0.5,none,True,True
16895,1.0,0.0006,0.5,none,True,True
16896,1.0,0.0006,0.5,none,True,True
16897,1.0,0.0005,0.5,none,True,True
16898,1.0,0.0005,0.5,none,True,True
16899,1.0,0.0005,0.5,none,True,True
16900,1.0,0.0004,0.5,none,True,True
16901,1.0,0.0004,0.5,none,True,True
16902,1.0,0.0004,0.5,none,True,True
16903,1.0,0.0004,0.5,none,True,True
16904,1.0,0.0003,0.5,none,True,True
16905,1.0,0.0003,0.5,none,True,True
16906,1.0,0.0003,0.5,none,True,True
16907,1.0,0.0003,0.5,none,True,True
16908,1.0,0.0003,0.5,none,True,True
16909,1.0,0.0003,0.5,none,True,True
16910,1.0,0.0002,0.5,none,True,True
16911,1.0,0.0002,0.5,none,True,True
16912,1.0,0.0002,0.5,none,True,True
16913,1.0,0.0002,0.5,none,True,True
16914,1.0,0.0002,0.5,none,True,True
16915,1.0,0.0002,0.5,none,True,True
16916,1.0,0.0002,0.5,none,True,True
16917,1.0,0.0002,0.5,none,True,True
16918,1.0,0.0002,0.5,none,True,True
16919,1.0,0.0001,0.5,none,True,True
16920,1.0,0.0001,0.5,none,True,True
16921,1.0,0.0001,0.5,none,True,True
16922,1.0,0.0001,0.5,none,True,True
16923,1.0,0.0001,0.5,none,True,True
16924,1.0,0.0001,0.5,none,True,True
16925,1.0,0.0001,0.5,none,True,True
16926,1.0,0.0001,0.5,none,True,True
16927,1.0,0.0001,0.5,none,True,True
16928,1.0,0.0001,0.5,none,True,True
16929,1.0,0.0001,0.5,none,True,True
16930,1.0,0.0001,0.5,none,True,True
16931,1.0,0.0001,0.5,none,True,True
16932,1.0,0.0001,0.5,none,True,True
16933,1.0,0.0001,0.5,none,True,True
16934,1.0,0.0001,0.5,none,True,True
16935,1.0,0.0001,0.5,none,True,True
16936,1.0,0.0001,0.5,none,True,True
16937,1.0,0.0,0.5,none,True,True
16938,1.0,0.0,0.5,none,True,True
16939,1.0,0.0,0.5,none,True,True
16940,1.0,0.0,0.5,none,True,True
16941,1.0,0.0,0.5,none,True,True
16942,1.0,0.0,0.5,none,True,True
16943,1.0,0.0,0.5,none,True,True
16944,1.0,0.0,0.5,none,True,True
16945,1.0,0.0,0.5,none,True,True
16946,1.0,0.0,0.5,none,True,True
16947,1.0,0.0,0.5,none,True,True
16948,1.0,0.0,0.5,none,True,True
16949,1.0,0.0,0.5,none,True,True
16950,1.0,0.0,0.5,none,True,True
16951,1.0,0.0,0.5,none,True,True
16952,1.0,0.0,0.5,none,True,True
16953,1.0,0.0,0.5,none,True,True
16954,1.0,0.0,0.5,none,True,True
16955,1.0,0.0,0.5,none,True,True
16956,1.0,0.0,0.5,none,True,True
16957,1.0,0.0,0.5,none,True,True
16958,1.0,0.0,0.5,none,True,True
16959,1.0,0.0,0.5,none,True,True
16960,1.0,0.0,0.5,none,True,True
16961,1.0,0.0,0.5,none,True,True
16962,1.0,0.0,0.5,none,True,True
16963,1.0,0.0,0.5,none,True,True
16964,1.0,0.0,0.5,none,True,True
16965,1.0,0.0,0.5,none,True,True
16966,1.0,0.0,0.5,none,True,True
16967,1.0,0.0,0.5,none,True,True
16968,1.0,0.0,0.5,none,True,True
16969,1.0,0.0,0.5,none,True,True
16970,1.0,0.0,0.5,none,True,True
16971,1.0,0.0,0.5,none,True,True
16972,1.0,0.0,0.5,none,True,True
16973,1.0,0.0,0.5,none,True,True
16974,1.0,0.0,0.5,none,True,True
16975,1.0,0.0,0.5,none,True,True
16976,1.0,0.0,0.5,none,True,True
16977,1.0,0.0,0.5,none,True,True
16978,1.0,0.0,0.5,none,True,True
16979,1.0,0.0,0.5,none,True,True
16980,1.0,0.0,0.5,none,True,True
16981,1.0,0.0,0.5,none,True,True
16982,1.0,0.0,0.5,none,True,True
16983,1.0,0.0,0.5,none,True,True
16984,1.0,0.0,0.5,none,True,True
16985,1.0,0.0,0.5,none,True,True
16986,1.0,0.0,0.5,none,True,True
16987,1.0,0.0,0.5,none,True,True
16988,1.0,0.0,0.5,none,True,True
16989,1.0,0.0,0.5,none,True,True
16990,1.0,0.0,0.5,none,True,True
16991,1.0,0.0,0.5,none,True,True
16992,1.0,0.0,0.5,none,True,True
16993,1.0,0.0,0.5,none,True,True
16994,1.0,0.0,0.5,none,True,True
16995,1.0,0.0,0.5,none,True,True
16996,1.0,0.0,0.5,none,True,True
16997,1.0,0.0,0.5,none,True,True
16998,1.0,0.0,0.5,none,True,True
16999,1.0,0.0,0.5,none,True,True
17000,1.0,0.0,0.5,none,True,True
17001,1.0,0.0,0.5,none,True,True
17002,1.0,0.0,0.5,none,True,True
17003,1.0,0.0,0.5,none,True,True
17004,1.0,0.0,0.5,none,True,True
17005,1.0,0.0,0.5,none,True,True
17006,1.0,0.0,0.5,none,True,True
17007,1.0,0.0,0.5,none,True,True
17008,1.0,0.0,0.5,none,True,True
17009,1.0,0.0,0.5,none,True,True
17010,1.0,0.0,0.5,none,True,True
17011,1.0,0.0,0.5,none,True,True
17012,1.0,0.0,0.5,none,True,True
17013,1.0,0.0,0.5,none,True,True
17014,1.0,0.0,0.5,none,True,True
17015,1.0,0.0,0.5,none,True,True
17016,1.0,0.0,0.5,none,True,True
17017,1.0,0.0,0.5,none,True,True
17018,1.0,0.0,0.5,none,True,True
17019,1.0,0.0,0.5,none,True,True
17020,1.0,0.0,0.5,none,True,True
17021,1.0,0.0,0.5,none,True,True
17022,1.0,0.0,0.5,none,True,True
17023,1.0,0.0,0.5,none,True,True
17024,1.0,0.0,0.5,none,True,True
17025,1.0,0.0,0.5,none,True,True
17026,1.0,0.0,0.5,none,True,True
17027,1.0,0.0,0.5,none,True,True
17028,1.0,0.0,0.5,none,True,True
17029,1.0,0.0,0.5,none,True,True
17030,1.0,0.0,0.5,none,True,True
17031,1.0,0.0,0.5,none,True,True
17032,1.0,0.0,0.5,none,True,True
17033,1.0,0.0,0.5,none,True,True
17034,1.0,0.0,0.5,none,True,True
17035,1.0,0.0,0.5,none,True,True
17036,1.0,0.0,0.5,none,True,True
17037,1.0,0.0,0.5,none,True,True
17038,1.0,0.0,0.5,none,True,True
17039,1.0,0.0,0.5,none,True,True
17040,1.0,0.0,0.5,none,True,True
17041,1.0,0.0,0.5,none,True,True
17042,1.0,0.0,0.5,none,True,True
17043,1.0,0.0,0.5,none,True,True
17044,1.0,0.0,0.5,none,True,True
17045,1.0,0.0,0.5,none,True,True
17046,1.0,0.0,0.5,none,True,True
17047,1.0,0.0,0.5,none,True,True
17048,1.0,0.0,0.5,none,True,True
17049,1.0,0.0,0.5,none,True,True
17050,1.0,0.0,0.5,none,True,True
17051,1.0,0.0,0.5,none,True,True
17052,1.0,0.0,0.5,none,True,True
17053,1.0,0.0,0.5,none,True,True
17054,1.0,0.0,0.5,none,True,True
17055,1.0,0.0,0.5,none,True,True
17056,1.0,0.0,0.5,none,True,True
17057,1.0,0.0,0.5,none,True,True
17058,1.0,0.0,0.5,none,True,True
17059,1.0,0.0,0.5,none,True,True
17060,1.0,0.0,0.5,none,True,True
17061,1.0,0.0,0.5,none,True,True
17062,1.0,0.0,0.5,none,True,True
17063,1.0,0.0,0.5,none,True,True
17064,1.0,0.0,0.5,none,True,True
17065,1.0,0.0,0.5,none,True,True
17066,1.0,0.0,0.5,none,True,True
17067,1.0,0.0,0.5,none,True,True
17068,1.0,0.0,0.5,none,True,True
17069,1.0,0.0,0.5,none,True,True
17070,1.0,0.0,0.5,none,True,True
17071,1.0,0.0,0.5,none,True,True
17072,1.0,0.0,0.5,none,True,True
17073,1.0,0.0,0.5,none,True,True
17074,1.0,0.0,0.5,none,True,True
17075,1.0,0.0,0.5,none,True,True
17076,1.0,0.0,0.5,none,True,True
17077,1.0,0.0,0.5,none,True,True
17078,1.0,0.0,0.5,none,True,True
17079,1.0,0.0,0.5,none,True,True
17080,1.0,0.0,0.5,none,True,True
17081,1.0,0.0,0.5,none,True,True
17082,1.0,0.0,0.5,none,True,True
17083,1.0,0.0,0.5,none,True,True
17084,1.0,0.0,0.5,none,True,True
17085,1.0,0.0,0.5,none,True,True
17086,1.0,0.0,0.5,none,True,True
17087,1.0,0.0,0.5,none,True,True
17088,1.0,0.0,0.5,none,True,True
17089,1.0,0.0,0.5,none,True,True
17090,1.0,0.0,0.5,none,True,True
17091,1.0,0.0,0.5,none,True,True
17092,1.0,0.0,0.5,none,True,True
17093,1.0,0.0,0.5,none,True,True
17094,1.0,0.0,0.5,none,True,True
17095,1.0,0.0,0.5,none,True,True
17096,1.0,0.0,0.5,none,True,True
17097,1.0,0.0,0.5,none,True,True
17098,1.0,0.0,0.5,none,True,True
17099,1.0,0.0,0.5,none,True,True
17100,1.0,0.0,0.5,none,True,True
17101,1.0,0.0,0.5,none,True,True
17102,1.0,0.0,0.5,none,True,True
17103,1.0,0.0,0.5,none,True,True
17104,1.0,0.0,0.5,none,True,True
17105,1.0,0.0,0.5,none,True,True
17106,1.0,0.0,0.5,none,True,True
17107,1.0,0.0,0.5,none,True,True
17108,1.0,0.0,0.5,none,True,True
17109,1.0,0.0,0.5,none,True,True
17110,1.0,0.0,0.5,none,True,True
17111,1.0,0.0,0.5,none,True,True
17112,1.0,0.0,0.5,none,True,True
17113,1.0,0.0,0.5,none,True,True
17114,1.0,0.0,0.5,none,True,True
17115,1.0,0.0,0.5,none,True,True
17116,1.0,0.0,0.5,none,True,True
17117,1.0,0.0,0.5,none,True,True
17118,1.0,0.0,0.5,none,True,True
17119,1.0,0.0,0.5,none,True,True
17120,1.0,0.0,0.5,none,True,True
17121,1.0,0.0,0.5,none,True,True
17122,1.0,0.0,0.5,none,True,True
17123,1.0,0.0,0.5,none,True,True
17124,1.0,0.0,0.5,none,True,True
17125,1.0,0.0,0.5,none,True,True
17126,1.0,0.0,0.5,none,True,True
17127,1.0,0.0,0.5,none,True,True
17128,1.0,0.0,0.5,none,True,True
17129,1.0,0.0,0.5,none,True,True
17130,1.0,0.0,0.5,none,True,True
17131,1.0,0.0,0.5,none,True,True
17132,1.0,0.0,0.5,none,True,True
17133,1.0,0.0,0.5,none,True,True
17134,1.0,0.0,0.5,none,True,True
17135,1.0,0.0,0.5,none,True,True
17136,1.0,0.0,0.5,none,True,True
17137,1.0,0.0,0.5,none,True,True
17138,1.0,0.0,0.5,none,True,True
17139,1.0,0.0,0.5,none,True,True
17140,1.0,0.0,0.5,none,True,True
17141,1.0,0.0,0.5,none,True,True
17142,1.0,0.0,0.5,none,True,True
17143,1.0,0.0,0.5,none,True,True
17144,1.0,0.0,0.5,none,True,True
17145,1.0,0.0,0.5,none,True,True
17146,1.0,0.0,0.5,none,True,True
17147,1.0,0.0,0.5,none,True,True
17148,1.0,0.0,0.5,none,True,True
17149,1.0,0.0,0.5,none,True,True
17150,1.0,0.0,0.5,none,True,True
17151,1.0,0.0,0.5,none,True,True
17152,1.0,0.0,0.5,none,True,True
17153,1.0,0.0,0.5,none,True,True
17154,1.0,0.0,0.5,none,True,True
17155,1.0,0.0,0.5,none,True,True
17156,1.0,0.0,0.5,none,True,True
17157,1.0,0.0,0.5,none,True,True
17158,1.0,0.0,0.5,none,True,True
17159,1.0,0.0,0.5,none,True,True
17160,1.0,0.0,0.5,none,True,True
17161,1.0,0.0,0.5,none,True,True
17162,1.0,0.0,0.5,none,True,True
17163,1.0,0.0,0.5,none,True,True
17164,1.0,0.0,0.5,none,True,True
17165,1.0,0.0,0.5,none,True,True
17166,1.0,0.0,0.5,none,True,True
17167,1.0,0.0,0.5,none,True,True
17168,1.0,0.0,0.5,none,True,True
17169,1.0,0.0,0.5,none,True,True
17170,1.0,0.0,0.5,none,True,True
17171,1.0,0.0,0.5,none,True,True
17172,1.0,0.0,0.5,none,True,True
17173,1.0,0.0,0.5,none,True,True
17174,1.0,0.0,0.5,none,True,True
17175,1.0,0.0,0.5,none,True,True
17176,1.0,0.0,0.5,none,True,True
17177,1.0,0.0,0.5,none,True,True
17178,1.0,0.0,0.5,none,True,True
17179,1.0,0.0,0.5,none,True,True
17180,1.0,0.0,0.5,none,True,True
17181,1.0,0.0,0.5,none,True,True
17182,1.0,0.0,0.5,none,True,True
17183,1.0,0.0,0.5,none,True,True
17184,1.0,0.0,0.5,none,True,True
17185,1.0,0.0,0.5,none,True,True
17186,1.0,0.0,0.5,none,True,True
17187,1.0,0.0,0.5,none,True,True
17188,1.0,0.0,0.5,none,True,True
17189,1.0,0.0,0.5,none,True,True
17190,1.0,0.0,0.5,none,True,True
17191,1.0,0.0,0.5,none,True,True
17192,1.0,0.0,0.5,none,True,True
17193,1.0,0.0,0.5,none,True,True
17194,1.0,0.0,0.5,none,True,True
17195,1.0,0.0,0.5,none,True,True
17196,1.0,0.0,0.5,none,True,True
17197,1.0,0.0,0.5,none,True,True
17198,1.0,0.0,0.5,none,True,True
17199,1.0,0.0,0.5,none,True,True
17200,1.0,0.0,0.5,none,True,True
17201,1.0,0.0,0.5,none,True,True
17202,1.0,0.0,0.5,none,True,True
17203,1.0,0.0,0.5,none,True,True
17204,1.0,0.0,0.5,none,True,True
17205,1.0,0.0,0.5,none,True,True
17206,1.0,0.0,0.5,none,True,True
17207,1.0,0.0,0.5,none,True,True
17208,1.0,0.0,0.5,none,True,True
17209,1.0,0.0,0.5,none,True,True
17210,1.0,0.0,0.5,none,True,True
17211,1.0,0.0,0.5,none,True,True
17212,1.0,0.0,0.5,none,True,True
17213,1.0,0.0,0.5,none,True,True
17214,1.0,0.0,0.5,none,True,True
17215,1.0,0.0,0.5,none,True,True
17216,1.0,0.0,0.5,none,True,True
17217,1.0,0.0,0.5,none,True,True
17218,1.0,0.0,0.5,none,True,True
17219,1.0,0.0,0.5,none,True,True
17220,1.0,0.0,0.5,none,True,True
17221,1.0,0.0,0.5,none,True,True
17222,1.0,0.0,0.5,none,True,True
17223,1.0,0.0,0.5,none,True,True
17224,1.0,0.0,0.5,none,True,True
17225,1.0,0.0,0.5,none,True,True
17226,1.0,0.0,0.5,none,True,True
17227,1.0,0.0,0.5,none,True,True
17228,1.0,0.0,0.5,none,True,True
17229,1.0,0.0,0.5,none,True,True
17230,1.0,0.0,0.5,none,True,True
17231,1.0,0.0,0.5,none,True,True
17232,1.0,0.0,0.5,none,True,True
17233,1.0,0.0,0.5,none,True,True
17234,1.0,0.0,0.5,none,True,True
17235,1.0,0.0,0.5,none,True,True
17236,1.0,0.0,0.5,none,True,True
17237,1.0,0.0,0.5,none,True,True
17238,1.0,0.0,0.5,none,True,True
17239,1.0,0.0,0.5,none,True,True
17240,1.0,0.0,0.5,none,True,True
17241,1.0,0.0,0.5,none,True,True
17242,1.0,0.0,0.5,none,True,True
17243,1.0,0.0,0.5,none,True,True
17244,1.0,0.0,0.5,none,True,True
17245,1.0,0.0,0.5,none,True,True
17246,1.0,0.0,0.5,none,True,True
17247,1.0,0.0,0.5,none,True,True
17248,1.0,0.0,0.5,none,True,True
17249,1.0,0.0,0.5,none,True,True
17250,1.0,0.0,0.5,none,True,True
17251,1.0,0.0,0.5,none,True,True
17252,1.0,0.0,0.5,none,True,True
17253,1.0,0.0,0.5,none,True,True
17254,1.0,0.0,0.5,none,True,True
17255,1.0,0.0,0.5,none,True,True
17256,1.0,0.0,0.5,none,True,True
17257,1.0,0.0,0.5,none,True,True
17258,1.0,0.0,0.5,none,True,True
17259,1.0,0.0,0.5,none,True,True
17260,1.0,0.0,0.5,none,True,True
17261,1.0,0.0,0.5,none,True,True
17262,1.0,0.0,0.5,none,True,True
17263,1.0,0.0,0.5,none,True,True
17264,1.0,0.0,0.5,none,True,True
17265,1.0,0.0,0.5,none,True,True
17266,1.0,0.0,0.5,none,True,True
17267,1.0,0.0,0.5,none,True,True
17268,1.0,0.0,0.5,none,True,True
17269,1.0,0.0,0.5,none,True,True
17270,1.0,0.0,0.5,none,True,True
17271,1.0,0.0,0.5,none,True,True
17272,1.0,0.0,0.5,none,True,True
17273,1.0,0.0,0.5,none,True,True
17274,1.0,0.0,0.5,none,True,True
17275,1.0,0.0,0.5,none,True,True
17276,1.0,0.0,0.5,none,True,True
17277,1.0,0.0,0.5,none,True,True
17278,1.0,0.0,0.5,none,True,True
17279,1.0,0.0,0.5,none,True,True
17280,1.0,0.0,0.5,none,True,True
17281,1.0,0.0,0.5,none,True,True
17282,1.0,0.0,0.5,none,True,True
17283,1.0,0.0,0.5,none,True,True
17284,1.0,0.0,0.5,none,True,True
17285,1.0,0.0,0.5,none,True,True
17286,1.0,0.0,0.5,none,True,True
17287,1.0,0.0,0.5,none,True,True
17288,1.0,0.0,0.5,none,True,True
17289,1.0,0.0,0.5,none,True,True
17290,1.0,0.0,0.5,none,True,True
17291,1.0,0.0,0.5,none,True,True
17292,1.0,0.0,0.5,none,True,True
17293,1.0,0.0,0.5,none,True,True
17294,1.0,0.0,0.5,none,True,True
17295,1.0,0.0,0.5,none,True,True
17296,1.0,0.0,0.5,none,True,True
17297,1.0,0.0,0.5,none,True,True
17298,1.0,0.0,0.5,none,True,True
17299,1.0,0.0,0.5,none,True,True
17300,1.0,0.0,0.5,none,True,True
17301,1.0,0.0,0.5,none,True,True
17302,1.0,0.0,0.5,none,True,True
17303,1.0,0.0,0.5,none,True,True
17304,1.0,0.0,0.5,none,True,True
17305,1.0,0.0,0.5,none,True,True
17306,1.0,0.0,0.5,none,True,True
17307,1.0,0.0,0.5,none,True,True
17308,1.0,0.0,0.5,none,True,True
17309,1.0,0.0,0.5,none,True,True
17310,1.0,0.0,0.5,none,True,True
17311,1.0,0.0,0.5,none,True,True
17312,1.0,0.0,0.5,none,True,True
17313,1.0,0.0,0.5,none,True,True
17314,1.0,0.0,0.5,none,True,True
17315,1.0,0.0,0.5,none,True,True
17316,1.0,0.0,0.5,none,True,True
17317,1.0,0.0,0.5,none,True,True
17318,1.0,0.0,0.5,none,True,True
17319,1.0,0.0,0.5,none,True,True
17320,1.0,0.0,0.5,none,True,True
17321,1.0,0.0,0.5,none,True,True
17322,1.0,0.0,0.5,none,True,True
17323,1.0,0.0,0.5,none,True,True
17324,1.0,0.0,0.5,none,True,True
17325,1.0,0.0,0.5,none,True,True
17326,1.0,0.0,0.5,none,True,True
17327,1.0,0.0,0.5,none,True,True
17328,1.0,0.0,0.5,none,True,True
17329,1.0,0.0,0.5,none,True,True
17330,1.0,0.0,0.5,none,True,True
17331,1.0,0.0,0.5,none,True,True
17332,1.0,0.0,0.5,none,True,True
17333,1.0,0.0,0.5,none,True,True
17334,1.0,0.0,0.5,none,True,True
17335,1.0,0.0,0.5,none,True,True
17336,1.0,0.0,0.5,none,True,True
17337,1.0,0.0,0.5,none,True,True
17338,1.0,0.0,0.5,none,True,True
17339,1.0,0.0,0.5,none,True,True
17340,1.0,0.0,0.5,none,True,True
17341,1.0,0.0,0.5,none,True,True
17342,1.0,0.0,0.5,none,True,True
17343,1.0,0.0,0.5,none,True,True
17344,1.0,0.0,0.5,none,True,True
17345,1.0,0.0,0.5,none,True,True
17346,1.0,0.0,0.5,none,True,True
17347,1.0,0.0,0.5,none,True,True
17348,1.0,0.0,0.5,none,True,True
17349,1.0,0.0,0.5,none,True,True
17350,1.0,0.0,0.5,none,True,True
17351,1.0,0.0,0.5,none,True,True
17352,1.0,0.0,0.5,none,True,True
17353,1.0,0.0,0.5,none,True,True
17354,1.0,0.0,0.5,none,True,True
17355,1.0,0.0,0.5,none,True,True
17356,1.0,0.0,0.5,none,True,True
17357,1.0,0.0,0.5,none,True,True
17358,1.0,0.0,0.5,none,True,True
17359,1.0,0.0,0.5,none,True,True
17360,1.0,0.0,0.5,none,True,True
17361,1.0,0.0,0.5,none,True,True
17362,1.0,0.0,0.5,none,True,True
17363,1.0,0.0,0.5,none,True,True
17364,1.0,0.0,0.5,none,True,True
17365,1.0,0.0,0.5,none,True,True
17366,1.0,0.0,0.5,none,True,True
17367,1.0,0.0,0.5,none,True,True
17368,1.0,0.0,0.5,none,True,True
17369,1.0,0.0,0.5,none,True,True
17370,1.0,0.0,0.5,none,True,True
17371,1.0,0.0,0.5,none,True,True
17372,1.0,0.0,0.5,none,True,True
17373,1.0,0.0,0.5,none,True,True
17374,1.0,0.0,0.5,none,True,True
17375,1.0,0.0,0.5,none,True,True
17376,1.0,0.0,0.5,none,True,True
17377,1.0,0.0,0.5,none,True,True
17378,1.0,0.0,0.5,none,True,True
17379,1.0,0.0,0.5,none,True,True
17380,1.0,0.0,0.5,none,True,True
17381,1.0,0.0,0.5,none,True,True
17382,1.0,0.0,0.5,none,True,True
17383,1.0,0.0,0.5,none,True,True
17384,1.0,0.0,0.5,none,True,True
17385,1.0,0.0,0.5,none,True,True
17386,1.0,0.0,0.5,none,True,True
17387,1.0,0.0,0.5,none,True,True
17388,1.0,0.0,0.5,none,True,True
17389,1.0,0.0,0.5,none,True,True
17390,1.0,0.0,0.5,none,True,True
17391,1.0,0.0,0.5,none,True,True
17392,1.0,0.0,0.5,none,True,True
17393,1.0,0.0,0.5,none,True,True
17394,1.0,0.0,0.5,none,True,True
17395,1.0,0.0,0.5,none,True,True
17396,1.0,0.0,0.5,none,True,True
17397,1.0,0.0,0.5,none,True,True
17398,1.0,0.0,0.5,none,True,True
17399,1.0,0.0,0.5,none,True,True
17400,1.0,0.0,0.5,none,True,True
17401,1.0,0.0,0.5,none,True,True
17402,1.0,0.0,0.5,none,True,True
17403,1.0,0.0,0.5,none,True,True
17404,1.0,0.0,0.5,none,True,True
17405,1.0,0.0,0.5,none,True,True
17406,1.0,0.0,0.5,none,True,True
17407,1.0,0.0,0.5,none,True,True
17408,1.0,0.0,0.5,none,True,True
17409,1.0,0.0,0.5,none,True,True
17410,1.0,0.0,0.5,none,True,True
17411,1.0,0.0,0.5,none,True,True
17412,1.0,0.0,0.5,none,True,True
17413,1.0,0.0,0.5,none,True,True
17414,1.0,0.0,0.5,none,True,True
17415,1.0,0.0,0.5,none,True,True
17416,1.0,0.0,0.5,none,True,True
17417,1.0,0.0,0.5,none,True,True
17418,1.0,0.0,0.5,none,True,True
17419,1.0,0.0,0.5,none,True,True
17420,1.0,0.0,0.5,none,True,True
17421,1.0,0.0,0.5,none,True,True
17422,1.0,0.0,0.5,none,True,True
17423,1.0,0.0,0.5,none,True,True
17424,1.0,0.0,0.5,none,True,True
17425,1.0,0.0,0.5,none,True,True
17426,1.0,0.0,0.5,none,True,True
17427,1.0,0.0,0.5,none,True,True
17428,1.0,0.0,0.5,none,True,True
17429,1.0,0.0,0.5,none,True,True
17430,1.0,0.0,0.5,none,True,True
17431,1.0,0.0,0.5,none,True,True
17432,1.0,0.0,0.5,none,True,True
17433,1.0,0.0,0.5,none,True,True
17434,1.0,0.0,0.5,none,True,True
17435,1.0,0.0,0.5,none,True,True
17436,1.0,0.0,0.5,none,True,True
17437,1.0,0.0,0.5,none,True,True
17438,1.0,0.0,0.5,none,True,True
17439,1.0,0.0,0.5,none,True,True
17440,1.0,0.0,0.5,none,True,True
17441,1.0,0.0,0.5,none,True,True
17442,1.0,0.0,0.5,none,True,True
17443,1.0,0.0,0.5,none,True,True
17444,1.0,0.0,0.5,none,True,True
17445,1.0,0.0,0.5,none,True,True
17446,1.0,0.0,0.5,none,True,True
17447,1.0,0.0,0.5,none,True,True
17448,1.0,0.0,0.5,none,True,True
17449,1.0,0.0,0.5,none,True,True
17450,1.0,0.0,0.5,none,True,True
17451,1.0,0.0,0.5,none,True,True
17452,1.0,0.0,0.5,none,True,True
17453,1.0,0.0,0.5,none,True,True
17454,1.0,0.0,0.5,none,True,True
17455,1.0,0.0,0.5,none,True,True
17456,1.0,0.0,0.5,none,True,True
17457,1.0,0.0,0.5,none,True,True
17458,1.0,0.0,0.5,none,True,True
17459,1.0,0.0,0.5,none,True,True
17460,1.0,0.0,0.5,none,True,True
17461,1.0,0.0,0.5,none,True,True
17462,1.0,0.0,0.5,none,True,True
17463,1.0,0.0,0.5,none,True,True
17464,1.0,0.0,0.5,none,True,True
17465,1.0,0.0,0.5,none,True,True
17466,1.0,0.0,0.5,none,True,True
17467,1.0,0.0,0.5,none,True,True
17468,1.0,0.0,0.5,none,True,True
17469,1.0,0.0,0.5,none,True,True
17470,1.0,0.0,0.5,none,True,True
17471,1.0,0.0,0.5,none,True,True
17472,1.0,0.0,0.5,none,True,True
17473,1.0,0.0,0.5,none,True,True
17474,1.0,0.0,0.5,none,True,True
17475,1.0,0.0,0.5,none,True,True
17476,1.0,0.0,0.5,none,True,True
17477,1.0,0.0,0.5,none,True,True
17478,1.0,0.0,0.5,none,True,True
17479,1.0,0.0,0.5,none,True,True
17480,1.0,0.0,0.5,none,True,True
17481,1.0,0.0,0.5,none,True,True
17482,1.0,0.0,0.5,none,True,True
17483,1.0,0.0,0.5,none,True,True
17484,1.0,0.0,0.5,none,True,True
17485,1.0,0.0,0.5,none,True,True
17486,1.0,0.0,0.5,none,True,True
17487,1.0,0.0,0.5,none,True,True
17488,1.0,0.0,0.5,none,True,True
17489,1.0,0.0,0.5,none,True,True
17490,1.0,0.0,0.5,none,True,True
17491,1.0,0.0,0.5,none,True,True
17492,1.0,0.0,0.5,none,True,True
17493,1.0,0.0,0.5,none,True,True
17494,1.0,0.0,0.5,none,True,True
17495,1.0,0.0,0.5,none,True,True
17496,1.0,0.0,0.5,none,True,True
17497,1.0,0.0,0.5,none,True,True
17498,1.0,0.0,0.5,none,True,True
17499,1.0,0.0,0.5,none,True,True
17500,1.0,0.0061,0.5,none,True,True
17501,1.0,0.0357,0.5,none,True,True
17502,1.0,0.0812,0.5,none,True,True
17503,1.0,0.1113,0.5,none,True,True
17504,1.0,0.1253,0.5,none,True,True
17505,1.0,0.1408,0.5,none,True,True
17506,1.0,0.0907,0.5,none,True,True
17507,1.0,0.1198,0.5,none,True,True
17508,1.0,0.0467,0.5,none,True,True
17509,1.0,0.0522,0.5,none,True,True
17510,1.0,0.0405,0.5,none,True,True
17511,1.0,0.0313,0.5,none,True,True
17512,1.0,0.0083,0.5,none,True,True
17513,1.0,0.0726,0.5,none,True,True
17514,1.0,0.0793,0.5,none,True,True
17515,1.0,0.0581,0.5,none,True,True
17516,1.0,0.0955,0.5,none,True,True
17517,1.0,0.0839,0.5,none,True,True
17518,1.0,0.0648,0.5,none,True,True
17519,1.0,0.0718,0.5,none,True,True
17520,1.0,0.0589,0.5,none,True,True
17521,1.0,0.0403,0.5,none,True,True
17522,1.0,0.0327,0.5,none,True,True
17523,1.0,0.0277,0.5,none,True,True
17524,1.0,0.017,0.5,none,True,True
17525,1.0,0.0102,0.5,none,True,True
17526,1.0,0.0099,0.5,none,True,True
17527,1.0,0.008,0.5,none,True,True
17528,1.0,0.005,0.5,none,True,True
17529,1.0,0.0063,0.5,none,True,True
17530,1.0,0.009,0.5,none,True,True
17531,1.0,0.0096,0.5,none,True,True
17532,1.0,0.0108,0.5,none,True,True
17533,1.0,0.014,0.5,none,True,True
17534,1.0,0.0161,0.5,none,True,True
17535,1.0,0.0167,0.5,none,True,True
17536,1.0,0.0182,0.5,none,True,True
17537,1.0,0.0196,0.5,none,True,True
17538,1.0,0.0197,0.5,none,True,True
17539,1.0,0.0193,0.5,none,True,True
17540,1.0,0.0193,0.5,none,True,True
17541,1.0,0.0187,0.5,none,True,True
17542,1.0,0.0174,0.5,none,True,True
17543,1.0,0.0163,0.5,none,True,True
17544,1.0,0.0152,0.5,none,True,True
17545,1.0,0.0138,0.5,none,True,True
17546,1.0,0.0123,0.5,none,True,True
17547,1.0,0.0111,0.5,none,True,True
17548,1.0,0.01,0.5,none,True,True
17549,1.0,0.0088,0.5,none,True,True
17550,1.0,0.0078,0.5,none,True,True
17551,1.0,0.0071,0.5,none,True,True
17552,1.0,0.0064,0.5,none,True,True
17553,1.0,0.0057,0.5,none,True,True
17554,1.0,0.0053,0.5,none,True,True
17555,1.0,0.005,0.5,none,True,True
17556,1.0,0.0047,0.5,none,True,True
17557,1.0,0.0045,0.5,none,True,True
17558,1.0,0.0044,0.5,none,True,True
17559,1.0,0.0043,0.5,none,True,True
17560,1.0,0.0042,0.5,none,True,True
17561,1.0,0.0041,0.5,none,True,True
17562,1.0,0.004,0.5,none,True,True
17563,1.0,0.0039,0.5,none,True,True
17564,1.0,0.0038,0.5,none,True,True
17565,1.0,0.0037,0.5,none,True,True
17566,1.0,0.0035,0.5,none,True,True
17567,1.0,0.0033,0.5,none,True,True
17568,1.0,0.0032,0.5,none,True,True
17569,1.0,0.003,0.5,none,True,True
17570,1.0,0.0028,0.5,none,True,True
17571,1.0,0.0026,0.5,none,True,True
17572,1.0,0.0024,0.5,none,True,True
17573,1.0,0.0023,0.5,none,True,True
17574,1.0,0.0021,0.5,none,True,True
17575,1.0,0.0019,0.5,none,True,True
17576,1.0,0.0018,0.5,none,True,True
17577,1.0,0.0017,0.5,none,True,True
17578,1.0,0.0015,0.5,none,True,True
17579,1.0,0.0014,0.5,none,True,True
17580,1.0,0.0013,0.5,none,True,True
17581,1.0,0.0013,0.5,none,True,True
17582,1.0,0.0012,0.5,none,True,True
17583,1.0,0.0011,0.5,none,True,True
17584,1.0,0.0011,0.5,none,True,True
17585,1.0,0.001,0.5,none,True,True
17586,1.0,0.001,0.5,none,True,True
17587,1.0,0.0009,0.5,none,True,True
17588,1.0,0.0009,0.5,none,True,True
17589,1.0,0.0008,0.5,none,True,True
17590,1.0,0.0008,0.5,none,True,True
17591,1.0,0.0008,0.5,none,True,True
17592,1.0,0.0007,0.5,none,True,True
17593,1.0,0.0007,0.5,none,True,True
17594,1.0,0.0006,0.5,none,True,True
17595,1.0,0.0006,0.5,none,True,True
17596,1.0,0.0006,0.5,none,True,True
17597,1.0,0.0005,0.5,none,True,True
17598,1.0,0.0005,0.5,none,True,True
17599,1.0,0.0005,0.5,none,True,True
17600,1.0,0.0004,0.5,none,True,True
17601,1.0,0.0004,0.5,none,True,True
17602,1.0,0.0004,0.5,none,True,True
17603,1.0,0.0004,0.5,none,True,True
17604,1.0,0.0003,0.5,none,True,True
17605,1.0,0.0003,0.5,none,True,True
17606,1.0,0.0003,0.5,none,True,True
17607,1.0,0.0003,0.5,none,True,True
17608,1.0,0.0003,0.5,none,True,True
17609,1.0,0.0003,0.5,none,True,True
17610,1.0,0.0002,0.5,none,True,True
17611,1.0,0.0002,0.5,none,True,True
17612,1.0,0.0002,0.5,none,True,True
17613,1.0,0.0002,0.5,none,True,True
17614,1.0,0.0002,0.5,none,True,True
17615,1.0,0.0002,0.5,none,True,True
17616,1.0,0.0002,0.5,none,True,True
17617,1.0,0.0002,0.5,none,True,True
17618,1.0,0.0002,0.5,none,True,True
17619,1.0,0.0001,0.5,none,True,True
17620,1.0,0.0001,0.5,none,True,True
17621,1.0,0.0001,0.5,none,True,True
17622,1.0,0.0001,0.5,none,True,True
17623,1.0,0.0001,0.5,none,True,True
17624,1.0,0.0001,0.5,none,True,True
17625,1.0,0.0001,0.5,none,True,True
17626,1.0,0.0001,0.5,none,True,True
17627,1.0,0.0001,0.5,none,True,True
17628,1.0,0.0001,0.5,none,True,True
17629,1.0,0.0001,0.5,none,True,True
17630,1.0,0.0001,0.5,none,True,True
17631,1.0,0.0001,0.5,none,True,True
17632,1.0,0.0001,0.5,none,True,True
17633,1.0,0.0001,0.5,none,True,True
17634,1.0,0.0001,0.5,none,True,True
17635,1.0,0.0001,0.5,none,True,True
17636,1.0,0.0001,0.5,none,True,True
17637,1.0,0.0,0.5,none,True,True
17638,1.0,0.0,0.5,none,True,True
17639,1.0,0.0,0.5,none,True,True
17640,1.0,0.0,0.5,none,True,True
17641,1.0,0.0,0.5,none,True,True
17642,1.0,0.0,0.5,none,True,True
17643,1.0,0.0,0.5,none,True,True
17644,1.0,0.0,0.5,none,True,True
17645,1.0,0.0,0.5,none,True,True
17646,1.0,0.0,0.5,none,True,True
17647,1.0,0.0,0.5,none,True,True
17648,1.0,0.0,0.5,none,True,True
17649,1.0,0.0,0.5,none,True,True
17650,1.0,0.0,0.5,none,True,True
17651,1.0,0.0,0.5,none,True,True
17652,1.0,0.0,0.5,none,True,True
17653,1.0,0.0,0.5,none,True,True
17654,1.0,0.0,0.5,none,True,True
17655,1.0,0.0,0.5,none,True,True
17656,1.0,0.0,0.5,none,True,True
17657,1.0,0.0,0.5,none,True,True
17658,1.0,0.0,0.5,none,True,True
17659,1.0,0.0,0.5,none,True,True
17660,1.0,0.0,0.5,none,True,True
17661,1.0,0.0,0.5,none,True,True
17662,1.0,0.0,0.5,none,True,True
17663,1.0,0.0,0.5,none,True,True
17664,1.0,0.0,0.5,none,True,True
17665,1.0,0.0,0.5,none,True,True
17666,1.0,0.0,0.5,none,True,True
17667,1.0,0.0,0.5,none,True,True
17668,1.0,0.0,0.5,none,True,True
17669,1.0,0.0,0.5,none,True,True
17670,1.0,0.0,0.5,none,True,True
17671,1.0,0.0,0.5,none,True,True
17672,1.0,0.0,0.5,none,True,True
17673,1.0,0.0,0.5,none,True,True
17674,1.0,0.0,0.5,none,True,True
17675,1.0,0.0,0.5,none,True,True
17676,1.0,0.0,0.5,none,True,True
17677,1.0,0.0,0.5,none,True,True
17678,1.0,0.0,0.5,none,True,True
17679,1.0,0.0,0.5,none,True,True
17680,1.0,0.0,0.5,none,True,True
17681,1.0,0.0,0.5,none,True,True
17682,1.0,0.0,0.5,none,True,True
17683,1.0,0.0,0.5,none,True,True
17684,1.0,0.0,0.5,none,True,True
17685,1.0,0.0,0.5,none,True,True
17686,1.0,0.0,0.5,none,True,True
17687,1.0,0.0,0.5,none,True,True
17688,1.0,0.0,0.5,none,True,True
17689,1.0,0.0,0.5,none,True,True
17690,1.0,0.0,0.5,none,True,True
17691,1.0,0.0,0.5,none,True,True
17692,1.0,0.0,0.5,none,True,True
17693,1.0,0.0,0.5,none,True,True
17694,1.0,0.0,0.5,none,True,True
17695,1.0,0.0,0.5,none,True,True
17696,1.0,0.0,0.5,none,True,True
17697,1.0,0.0,0.5,none,True,True
17698,1.0,0.0,0.5,none,True,True
17699,1.0,0.0,0.5,none,True,True
17700,1.0,0.0,0.5,none,True,True
17701,1.0,0.0,0.5,none,True,True
17702,1.0,0.0,0.5,none,True,True
17703,1.0,0.0,0.5,none,True,True
17704,1.0,0.0,0.5,none,True,True
17705,1.0,0.0,0.5,none,True,True
17706,1.0,0.0,0.5,none,True,True
17707,1.0,0.0,0.5,none,True,True
17708,1.0,0.0,0.5,none,True,True
17709,1.0,0.0,0.5,none,True,True
17710,1.0,0.0,0.5,none,True,True
17711,1.0,0.0,0.5,none,True,True
17712,1.0,0.0,0.5,none,True,True
17713,1.0,0.0,0.5,none,True,True
17714,1.0,0.0,0.5,none,True,True
17715,1.0,0.0,0.5,none,True,True
17716,1.0,0.0,0.5,none,True,True
17717,1.0,0.0,0.5,none,True,True
17718,1.0,0.0,0.5,none,True,True
17719,1.0,0.0,0.5,none,True,True
17720,1.0,0.0,0.5,none,True,True
17721,1.0,0.0,0.5,none,True,True
17722,1.0,0.0,0.5,none,True,True
17723,1.0,0.0,0.5,none,True,True
17724,1.0,0.0,0.5,none,True,True
17725,1.0,0.0,0.5,none,True,True
17726,1.0,0.0,0.5,none,True,True
17727,1.0,0.0,0.5,none,True,True
17728,1.0,0.0,0.5,none,True,True
17729,1.0,0.0,0.5,none,True,True
17730,1.0,0.0,0.5,none,True,True
17731,1.0,0.0,0.5,none,True,True
17732,1.0,0.0,0.5,none,True,True
17733,1.0,0.0,0.5,none,True,True
17734,1.0,0.0,0.5,none,True,True
17735,1.0,0.0,0.5,none,True,True
17736,1.0,0.0,0.5,none,True,True
17737,1.0,0.0,0.5,none,True,True
17738,1.0,0.0,0.5,none,True,True
17739,1.0,0.0,0.5,none,True,True
17740,1.0,0.0,0.5,none,True,True
17741,1.0,0.0,0.5,none,True,True
17742,1.0,0.0,0.5,none,True,True
17743,1.0,0.0,0.5,none,True,True
17744,1.0,0.0,0.5,none,True,True
17745,1.0,0.0,0.5,none,True,True
17746,1.0,0.0,0.5,none,True,True
17747,1.0,0.0,0.5,none,True,True
17748,1.0,0.0,0.5,none,True,True
17749,1.0,0.0,0.5,none,True,True
17750,1.0,0.0,0.5,none,True,True
17751,1.0,0.0,0.5,none,True,True
17752,1.0,0.0,0.5,none,True,True
17753,1.0,0.0,0.5,none,True,True
17754,1.0,0.0,0.5,none,True,True
17755,1.0,0.0,0.5,none,True,True
17756,1.0,0.0,0.5,none,True,True
17757,1.0,0.0,0.5,none,True,True
17758,1.0,0.0,0.5,none,True,True
17759,1.0,0.0,0.5,none,True,True
17760,1.0,0.0,0.5,none,True,True
17761,1.0,0.0,0.5,none,True,True
17762,1.0,0.0,0.5,none,True,True
17763,1.0,0.0,0.5,none,True,True
17764,1.0,0.0,0.5,none,True,True
17765,1.0,0.0,0.5,none,True,True
17766,1.0,0.0,0.5,none,True,True
17767,1.0,0.0,0.5,none,True,True
17768,1.0,0.0,0.5,none,True,True
17769,1.0,0.0,0.5,none,True,True
17770,1.0,0.0,0.5,none,True,True
17771,1.0,0.0,0.5,none,True,True
17772,1.0,0.0,0.5,none,True,True
17773,1.0,0.0,0.5,none,True,True
17774,1.0,0.0,0.5,none,True,True
17775,1.0,0.0,0.5,none,True,True
17776,1.0,0.0,0.5,none,True,True
17777,1.0,0.0,0.5,none,True,True
17778,1.0,0.0,0.5,none,True,True
17779,1.0,0.0,0.5,none,True,True
17780,1.0,0.0,0.5,none,True,True
17781,1.0,0.0,0.5,none,True,True
17782,1.0,0.0,0.5,none,True,True
17783,1.0,0.0,0.5,none,True,True
17784,1.0,0.0,0.5,none,True,True
17785,1.0,0.0,0.5,none,True,True
17786,1.0,0.0,0.5,none,True,True
17787,1.0,0.0,0.5,none,True,True
17788,1.0,0.0,0.5,none,True,True
17789,1.0,0.0,0.5,none,True,True
17790,1.0,0.0,0.5,none,True,True
17791,1.0,0.0,0.5,none,True,True
17792,1.0,0.0,0.5,none,True,True
17793,1.0,0.0,0.5,none,True,True
17794,1.0,0.0,0.5,none,True,True
17795,1.0,0.0,0.5,none,True,True
17796,1.0,0.0,0.5,none,True,True
17797,1.0,0.0,0.5,none,True,True
17798,1.0,0.0,0.5,none,True,True
17799,1.0,0.0,0.5,none,True,True
17800,1.0,0.0,0.5,none,True,True
17801,1.0,0.0,0.5,none,True,True
17802,1.0,0.0,0.5,none,True,True
17803,1.0,0.0,0.5,none,True,True
17804,1.0,0.0,0.5,none,True,True
17805,1.0,0.0,0.5,none,True,True
17806,1.0,0.0,0.5,none,True,True
17807,1.0,0.0,0.5,none,True,True
17808,1.0,0.0,0.5,none,True,True
17809,1.0,0.0,0.5,none,True,True
17810,1.0,0.0,0.5,none,True,True
17811,1.0,0.0,0.5,none,True,True
17812,1.0,0.0,0.5,none,True,True
17813,1.0,0.0,0.5,none,True,True
17814,1.0,0.0,0.5,none,True,True
17815,1.0,0.0,0.5,none,True,True
17816,1.0,0.0,0.5,none,True,True
17817,1.0,0.0,0.5,none,True,True
17818,1.0,0.0,0.5,none,True,True
17819,1.0,0.0,0.5,none,True,True
17820,1.0,0.0,0.5,none,True,True
17821,1.0,0.0,0.5,none,True,True
17822,1.0,0.0,0.5,none,True,True
17823,1.0,0.0,0.5,none,True,True
17824,1.0,0.0,0.5,none,True,True
17825,1.0,0.0,0.5,none,True,True
17826,1.0,0.0,0.5,none,True,True
17827,1.0,0.0,0.5,none,True,True
17828,1.0,0.0,0.5,none,True,True
17829,1.0,0.0,0.5,none,True,True
17830,1.0,0.0,0.5,none,True,True
17831,1.0,0.0,0.5,none,True,True
17832,1.0,0.0,0.5,none,True,True
17833,1.0,0.0,0.5,none,True,True
17834,1.0,0.0,0.5,none,True,True
17835,1.0,0.0,0.5,none,True,True
17836,1.0,0.0,0.5,none,True,True
17837,1.0,0.0,0.5,none,True,True
17838,1.0,0.0,0.5,none,True,True
17839,1.0,0.0,0.5,none,True,True
17840,1.0,0.0,0.5,none,True,True
17841,1.0,0.0,0.5,none,True,True
17842,1.0,0.0,0.5,none,True,True
17843,1.0,0.0,0.5,none,True,True
17844,1.0,0.0,0.5,none,True,True
17845,1.0,0.0,0.5,none,True,True
17846,1.0,0.0,0.5,none,True,True
17847,1.0,0.0,0.5,none,True,True
17848,1.0,0.0,0.5,none,True,True
17849,1.0,0.0,0.5,none,True,True
17850,1.0,0.0,0.5,none,True,True
17851,1.0,0.0,0.5,none,True,True
17852,1.0,0.0,0.5,none,True,True
17853,1.0,0.0,0.5,none,True,True
17854,1.0,0.0,0.5,none,True,True
17855,1.0,0.0,0.5,none,True,True
17856,1.0,0.0,0.5,none,True,True
17857,1.0,0.0,0.5,none,True,True
17858,1.0,0.0,0.5,none,True,True
17859,1.0,0.0,0.5,none,True,True
17860,1.0,0.0,0.5,none,True,True
17861,1.0,0.0,0.5,none,True,True
17862,1.0,0.0,0.5,none,True,True
17863,1.0,0.0,0.5,none,True,True
17864,1.0,0.0,0.5,none,True,True
17865,1.0,0.0,0.5,none,True,True
17866,1.0,0.0,0.5,none,True,True
17867,1.0,0.0,0.5,none,True,True
17868,1.0,0.0,0.5,none,True,True
17869,1.0,0.0,0.5,none,True,True
17870,1.0,0.0,0.5,none,True,True
17871,1.0,0.0,0.5,none,True,True
17872,1.0,0.0,0.5,none,True,True
17873,1.0,0.0,0.5,none,True,True
17874,1.0,0.0,0.5,none,True,True
17875,1.0,0.0,0.5,none,True,True
17876,1.0,0.0,0.5,none,True,True
17877,1.0,0.0,0.5,none,True,True
17878,1.0,0.0,0.5,none,True,True
17879,1.0,0.0,0.5,none,True,True
17880,1.0,0.0,0.5,none,True,True
17881,1.0,0.0,0.5,none,True,True
17882,1.0,0.0,0.5,none,True,True
17883,1.0,0.0,0.5,none,True,True
17884,1.0,0.0,0.5,none,True,True
17885,1.0,0.0,0.5,none,True,True
17886,1.0,0.0,0.5,none,True,True
17887,1.0,0.0,0.5,none,True,True
17888,1.0,0.0,0.5,none,True,True
17889,1.0,0.0,0.5,none,True,True
17890,1.0,0.0,0.5,none,True,True
17891,1.0,0.0,0.5,none,True,True
17892,1.0,0.0,0.5,none,True,True
17893,1.0,0.0,0.5,none,True,True
17894,1.0,0.0,0.5,none,True,True
17895,1.0,0.0,0.5,none,True,True
17896,1.0,0.0,0.5,none,True,True
17897,1.0,0.0,0.5,none,True,True
17898,1.0,0.0,0.5,none,True,True
17899,1.0,0.0,0.5,none,True,True
17900,1.0,0.0,0.5,none,True,True
17901,1.0,0.0,0.5,none,True,True
17902,1.0,0.0,0.5,none,True,True
17903,1.0,0.0,0.5,none,True,True
17904,1.0,0.0,0.5,none,True,True
17905,1.0,0.0,0.5,none,True,True
17906,1.0,0.0,0.5,none,True,True
17907,1.0,0.0,0.5,none,True,True
17908,1.0,0.0,0.5,none,True,True
17909,1.0,0.0,0.5,none,True,True
17910,1.0,0.0,0.5,none,True,True
17911,1.0,0.0,0.5,none,True,True
17912,1.0,0.0,0.5,none,True,True
17913,1.0,0.0,0.5,none,True,True
17914,1.0,0.0,0.5,none,True,True
17915,1.0,0.0,0.5,none,True,True
17916,1.0,0.0,0.5,none,True,True
17917,1.0,0.0,0.5,none,True,True
17918,1.0,0.0,0.5,none,True,True
17919,1.0,0.0,0.5,none,True,True
17920,1.0,0.0,0.5,none,True,True
17921,1.0,0.0,0.5,none,True,True
17922,1.0,0.0,0.5,none,True,True
17923,1.0,0.0,0.5,none,True,True
17924,1.0,0.0,0.5,none,True,True
17925,1.0,0.0,0.5,none,True,True
17926,1.0,0.0,0.5,none,True,True
17927,1.0,0.0,0.5,none,True,True
17928,1.0,0.0,0.5,none,True,True
17929,1.0,0.0,0.5,none,True,True
17930,1.0,0.0,0.5,none,True,True
17931,1.0,0.0,0.5,none,True,True
17932,1.0,0.0,0.5,none,True,True
17933,1.0,0.0,0.5,none,True,True
17934,1.0,0.0,0.5,none,True,True
17935,1.0,0.0,0.5,none,True,True
17936,1.0,0.0,0.5,none,True,True
17937,1.0,0.0,0.5,none,True,True
17938,1.0,0.0,0.5,none,True,True
17939,1.0,0.0,0.5,none,True,True
17940,1.0,0.0,0.5,none,True,True
17941,1.0,0.0,0.5,none,True,True
17942,1.0,0.0,0.5,none,True,True
17943,1.0,0.0,0.5,none,True,True
17944,1.0,0.0,0.5,none,True,True
17945,1.0,0.0,0.5,none,True,True
17946,1.0,0.0,0.5,none,True,True
17947,1.0,0.0,0.5,none,True,True
17948,1.0,0.0,0.5,none,True,True
17949,1.0,0.0,0.5,none,True,True
17950,1.0,0.0,0.5,none,True,True
17951,1.0,0.0,0.5,none,True,True
17952,1.0,0.0,0.5,none,True,True
17953,1.0,0.0,0.5,none,True,True
17954,1.0,0.0,0.5,none,True,True
17955,1.0,0.0,0.5,none,True,True
17956,1.0,0.0,0.5,none,True,True
17957,1.0,0.0,0.5,none,True,True
17958,1.0,0.0,0.5,none,True,True
17959,1.0,0.0,0.5,none,True,True
17960,1.0,0.0,0.5,none,True,True
17961,1.0,0.0,0.5,none,True,True
17962,1.0,0.0,0.5,none,True,True
17963,1.0,0.0,0.5,none,True,True
17964,1.0,0.0,0.5,none,True,True
17965,1.0,0.0,0.5,none,True,True
17966,1.0,0.0,0.5,none,True,True
17967,1.0,0.0,0.5,none,True,True
17968,1.0,0.0,0.5,none,True,True
17969,1.0,0.0,0.5,none,True,True
17970,1.0,0.0,0.5,none,True,True
17971,1.0,0.0,0.5,none,True,True
17972,1.0,0.0,0.5,none,True,True
17973,1.0,0.0,0.5,none,True,True
17974,1.0,0.0,0.5,none,True,True
17975,1.0,0.0,0.5,none,True,True
17976,1.0,0.0,0.5,none,True,True
17977,1.0,0.0,0.5,none,True,True
17978,1.0,0.0,0.5,none,True,True
17979,1.0,0.0,0.5,none,True,True
17980,1.0,0.0,0.5,none,True,True
17981,1.0,0.0,0.5,none,True,True
17982,1.0,0.0,0.5,none,True,True
17983,1.0,0.0,0.5,none,True,True
17984,1.0,0.0,0.5,none,True,True
17985,1.0,0.0,0.5,none,True,True
17986,1.0,0.0,0.5,none,True,True
17987,1.0,0.0,0.5,none,True,True
17988,1.0,0.0,0.5,none,True,True
17989,1.0,0.0,0.5,none,True,True
17990,1.0,0.0,0.5,none,True,True
17991,1.0,0.0,0.5,none,True,True
17992,1.0,0.0,0.5,none,True,True
17993,1.0,0.0,0.5,none,True,True
17994,1.0,0.0,0.5,none,True,True
17995,1.0,0.0,0.5,none,True,True
17996,1.0,0.0,0.5,none,True,True
17997,1.0,0.0,0.5,none,True,True
17998,1.0,0.0,0.5,none,True,True
17999,1.0,0.0,0.5,none,True,True
18000,1.0,0.0,0.5,none,True,True
18001,1.0,0.0,0.5,none,True,True
18002,1.0,0.0,0.5,none,True,True
18003,1.0,0.0,0.5,none,True,True
18004,1.0,0.0,0.5,none,True,True
18005,1.0,0.0,0.5,none,True,True
18006,1.0,0.0,0.5,none,True,True
18007,1.0,0.0,0.5,none,True,True
18008,1.0,0.0,0.5,none,True,True
18009,1.0,0.0,0.5,none,True,True
18010,1.0,0.0,0.5,none,True,True
18011,1.0,0.0,0.5,none,True,True
18012,1.0,0.0,0.5,none,True,True
18013,1.0,0.0,0.5,none,True,True
18014,1.0,0.0,0.5,none,True,True
18015,1.0,0.0,0.5,none,True,True
18016,1.0,0.0,0.5,none,True,True
18017,1.0,0.0,0.5,none,True,True
18018,1.0,0.0,0.5,none,True,True
18019,1.0,0.0,0.5,none,True,True
18020,1.0,0.0,0.5,none,True,True
18021,1.0,0.0,0.5,none,True,True
18022,1.0,0.0,0.5,none,True,True
18023,1.0,0.0,0.5,none,True,True
18024,1.0,0.0,0.5,none,True,True
18025,1.0,0.0,0.5,none,True,True
18026,1.0,0.0,0.5,none,True,True
18027,1.0,0.0,0.5,none,True,True
18028,1.0,0.0,0.5,none,True,True
18029,1.0,0.0,0.5,none,True,True
18030,1.0,0.0,0.5,none,True,True
18031,1.0,0.0,0.5,none,True,True
18032,1.0,0.0,0.5,none,True,True
18033,1.0,0.0,0.5,none,True,True
18034,1.0,0.0,0.5,none,True,True
18035,1.0,0.0,0.5,none,True,True
18036,1.0,0.0,0.5,none,True,True
18037,1.0,0.0,0.5,none,True,True
18038,1.0,0.0,0.5,none,True,True
18039,1.0,0.0,0.5,none,True,True
18040,1.0,0.0,0.5,none,True,True
18041,1.0,0.0,0.5,none,True,True
18042,1.0,0.0,0.5,none,True,True
18043,1.0,0.0,0.5,none,True,True
18044,1.0,0.0,0.5,none,True,True
18045,1.0,0.0,0.5,none,True,True
18046,1.0,0.0,0.5,none,True,True
18047,1.0,0.0,0.5,none,True,True
18048,1.0,0.0,0.5,none,True,True
18049,1.0,0.0,0.5,none,True,True
18050,1.0,0.0,0.5,none,True,True
18051,1.0,0.0,0.5,none,True,True
18052,1.0,0.0,0.5,none,True,True
18053,1.0,0.0,0.5,none,True,True
18054,1.0,0.0,0.5,none,True,True
18055,1.0,0.0,0.5,none,True,True
18056,1.0,0.0,0.5,none,True,True
18057,1.0,0.0,0.5,none,True,True
18058,1.0,0.0,0.5,none,True,True
18059,1.0,0.0,0.5,none,True,True
18060,1.0,0.0,0.5,none,True,True
18061,1.0,0.0,0.5,none,True,True
18062,1.0,0.0,0.5,none,True,True
18063,1.0,0.0,0.5,none,True,True
18064,1.0,0.0,0.5,none,True,True
18065,1.0,0.0,0.5,none,True,True
18066,1.0,0.0,0.5,none,True,True
18067,1.0,0.0,0.5,none,True,True
18068,1.0,0.0,0.5,none,True,True
18069,1.0,0.0,0.5,none,True,True
18070,1.0,0.0,0.5,none,True,True
18071,1.0,0.0,0.5,none,True,True
18072,1.0,0.0,0.5,none,True,True
18073,1.0,0.0,0.5,none,True,True
18074,1.0,0.0,0.5,none,True,True
18075,1.0,0.0,0.5,none,True,True
18076,1.0,0.0,0.5,none,True,True
18077,1.0,0.0,0.5,none,True,True
18078,1.0,0.0,0.5,none,True,True
18079,1.0,0.0,0.5,none,True,True
18080,1.0,0.0,0.5,none,True,True
18081,1.0,0.0,0.5,none,True,True
18082,1.0,0.0,0.5,none,True,True
18083,1.0,0.0,0.5,none,True,True
18084,1.0,0.0,0.5,none,True,True
18085,1.0,0.0,0.5,none,True,True
18086,1.0,0.0,0.5,none,True,True
18087,1.0,0.0,0.5,none,True,True
18088,1.0,0.0,0.5,none,True,True
18089,1.0,0.0,0.5,none,True,True
18090,1.0,0.0,0.5,none,True,True
18091,1.0,0.0,0.5,none,True,True
18092,1.0,0.0,0.5,none,True,True
18093,1.0,0.0,0.5,none,True,True
18094,1.0,0.0,0.5,none,True,True
18095,1.0,0.0,0.5,none,True,True
18096,1.0,0.0,0.5,none,True,True
18097,1.0,0.0,0.5,none,True,True
18098,1.0,0.0,0.5,none,True,True
18099,1.0,0.0,0.5,none,True,True
18100,1.0,0.0,0.5,none,True,True
18101,1.0,0.0,0.5,none,True,True
18102,1.0,0.0,0.5,none,True,True
18103,1.0,0.0,0.5,none,True,True
18104,1.0,0.0,0.5,none,True,True
18105,1.0,0.0,0.5,none,True,True
18106,1.0,0.0,0.5,none,True,True
18107,1.0,0.0,0.5,none,True,True
18108,1.0,0.0,0.5,none,True,True
18109,1.0,0.0,0.5,none,True,True
18110,1.0,0.0,0.5,none,True,True
18111,1.0,0.0,0.5,none,True,True
18112,1.0,0.0,0.5,none,True,True
18113,1.0,0.0,0.5,none,True,True
18114,1.0,0.0,0.5,none,True,True
18115,1.0,0.0,0.5,none,True,True
18116,1.0,0.0,0.5,none,True,True
18117,1.0,0.0,0.5,none,True,True
18118,1.0,0.0,0.5,none,True,True
18119,1.0,0.0,0.5,none,True,True
18120,1.0,0.0,0.5,none,True,True
18121,1.0,0.0,0.5,none,True,True
18122,1.0,0.0,0.5,none,True,True
18123,1.0,0.0,0.5,none,True,True
18124,1.0,0.0,0.5,none,True,True
18125,1.0,0.0,0.5,none,True,True
18126,1.0,0.0,0.5,none,True,True
18127,1.0,0.0,0.5,none,True,True
18128,1.0,0.0,0.5,none,True,True
18129,1.0,0.0,0.5,none,True,True
18130,1.0,0.0,0.5,none,True,True
18131,1.0,0.0,0.5,none,True,True
18132,1.0,0.0,0.5,none,True,True
18133,1.0,0.0,0.5,none,True,True
18134,1.0,0.0,0.5,none,True,True
18135,1.0,0.0,0.5,none,True,True
18136,1.0,0.0,0.5,none,True,True
18137,1.0,0.0,0.5,none,True,True
18138,1.0,0.0,0.5,none,True,True
18139,1.0,0.0,0.5,none,True,True
18140,1.0,0.0,0.5,none,True,True
18141,1.0,0.0,0.5,none,True,True
18142,1.0,0.0,0.5,none,True,True
18143,1.0,0.0,0.5,none,True,True
18144,1.0,0.0,0.5,none,True,True
18145,1.0,0.0,0.5,none,True,True
18146,1.0,0.0,0.5,none,True,True
18147,1.0,0.0,0.5,none,True,True
18148,1.0,0.0,0.5,none,True,True
18149,1.0,0.0,0.5,none,True,True
18150,1.0,0.0,0.5,none,True,True
18151,1.0,0.0,0.5,none,True,True
18152,1.0,0.0,0.5,none,True,True
18153,1.0,0.0,0.5,none,True,True
18154,1.0,0.0,0.5,none,True,True
18155,1.0,0.0,0.5,none,True,True
18156,1.0,0.0,0.5,none,True,True
18157,1.0,0.0,0.5,none,True,True
18158,1.0,0.0,0.5,none,True,True
18159,1.0,0.0,0.5,none,True,True
18160,1.0,0.0,0.5,none,True,True
18161,1.0,0.0,0.5,none,True,True
18162,1.0,0.0,0.5,none,True,True
18163,1.0,0.0,0.5,none,True,True
18164,1.0,0.0,0.5,none,True,True
18165,1.0,0.0,0.5,none,True,True
18166,1.0,0.0,0.5,none,True,True
18167,1.0,0.0,0.5,none,True,True
18168,1.0,0.0,0.5,none,True,True
18169,1.0,0.0,0.5,none,True,True
18170,1.0,0.0,0.5,none,True,True
18171,1.0,0.0,0.5,none,True,True
18172,1.0,0.0,0.5,none,True,True
18173,1.0,0.0,0.5,none,True,True
18174,1.0,0.0,0.5,none,True,True
18175,1.0,0.0,0.5,none,True,True
18176,1.0,0.0,0.5,none,True,True
18177,1.0,0.0,0.5,none,True,True
18178,1.0,0.0,0.5,none,True,True
18179,1.0,0.0,0.5,none,True,True
18180,1.0,0.0,0.5,none,True,True
18181,1.0,0.0,0.5,none,True,True
18182,1.0,0.0,0.5,none,True,True
18183,1.0,0.0,0.5,none,True,True
18184,1.0,0.0,0.5,none,True,True
18185,1.0,0.0,0.5,none,True,True
18186,1.0,0.0,0.5,none,True,True
18187,1.0,0.0,0.5,none,True,True
18188,1.0,0.0,0.5,none,True,True
18189,1.0,0.0,0.5,none,True,True
18190,1.0,0.0,0.5,none,True,True
18191,1.0,0.0,0.5,none,True,True
18192,1.0,0.0,0.5,none,True,True
18193,1.0,0.0,0.5,none,True,True
18194,1.0,0.0,0.5,none,True,True
18195,1.0,0.0,0.5,none,True,True
18196,1.0,0.0,0.5,none,True,True
18197,1.0,0.0,0.5,none,True,True
18198,1.0,0.0,0.5,none,True,True
18199,1.0,0.0,0.5,none,True,True
18200,1.0,0.0061,0.5,none,True,True
18201,1.0,0.0357,0.5,none,True,True
18202,1.0,0.0812,0.5,none,True,True
18203,1.0,0.1113,0.5,none,True,True
18204,1.0,0.1253,0.5,none,True,True
18205,1.0,0.1408,0.5,none,True,True
18206,1.0,0.0907,0.5,none,True,True
18207,1.0,0.1198,0.5,none,True,True
18208,1.0,0.0467,0.5,none,True,True
18209,1.0,0.0522,0.5,none,True,True
18210,1.0,0.0405,0.5,none,True,True
18211,1.0,0.0313,0.5,none,True,True
18212,1.0,0.0083,0.5,none,True,True
18213,1.0,0.0726,0.5,none,True,True
18214,1.0,0.0793,0.5,none,True,True
18215,1.0,0.0581,0.5,none,True,True
18216,1.0,0.0955,0.5,none,True,True
18217,1.0,0.0839,0.5,none,True,True
18218,1.0,0.0648,0.5,none,True,True
18219,1.0,0.0718,0.5,none,True,True
18220,1.0,0.0589,0.5,none,True,True
18221,1.0,0.0403,0.5,none,True,True
18222,1.0,0.0327,0.5,none,True,True
18223,1.0,0.0277,0.5,none,True,True
18224,1.0,0.017,0.5,none,True,True
18225,1.0,0.0102,0.5,none,True,True
18226,1.0,0.0099,0.5,none,True,True
18227,1.0,0.008,0.5,none,True,True
18228,1.0,0.005,0.5,none,True,True
18229,1.0,0.0063,0.5,none,True,True
18230,1.0,0.009,0.5,none,True,True
18231,1.0,0.0096,0.5,none,True,True
18232,1.0,0.0108,0.5,none,True,True
18233,1.0,0.014,0.5,none,True,True
18234,1.0,0.0161,0.5,none,True,True
18235,1.0,0.0167,0.5,none,True,True
18236,1.0,0.0182,0.5,none,True,True
18237,1.0,0.0196,0.5,none,True,True
18238,1.0,0.0197,0.5,none,True,True
18239,1.0,0.0193,0.5,none,True,True
18240,1.0,0.0193,0.5,none,True,True
18241,1.0,0.0187,0.5,none,True,True
18242,1.0,0.0174,0.5,none,True,True
18243,1.0,0.0163,0.5,none,True,True
18244,1.0,0.0152,0.5,none,True,True
18245,1.0,0.0138,0.5,none,True,True
18246,1.0,0.0123,0.5,none,True,True
18247,1.0,0.0111,0.5,none,True,True
18248,1.0,0.01,0.5,none,True,True
18249,1.0,0.0088,0.5,none,True,True
18250,1.0,0.0078,0.5,none,True,True
18251,1.0,0.0071,0.5,none,True,True
18252,1.0,0.0064,0.5,none,True,True
18253,1.0,0.0057,0.5,none,True,True
18254,1.0,0.0053,0.5,none,True,True
18255,1.0,0.005,0.5,none,True,True
18256,1.0,0.0047,0.5,none,True,True
18257,1.0,0.0045,0.5,none,True,True
18258,1.0,0.0044,0.5,none,True,True
18259,1.0,0.0043,0.5,none,True,True
18260,1.0,0.0042,0.5,none,True,True
18261,1.0,0.0041,0.5,none,True,True
18262,1.0,0.004,0.5,none,True,True
18263,1.0,0.0039,0.5,none,True,True
18264,1.0,0.0038,0.5,none,True,True
18265,1.0,0.0037,0.5,none,True,True
18266,1.0,0.0035,0.5,none,True,True
18267,1.0,0.0033,0.5,none,True,True
18268,1.0,0.0032,0.5,none,True,True
18269,1.0,0.003,0.5,none,True,True
18270,1.0,0.0028,0.5,none,True,True
18271,1.0,0.0026,0.5,none,True,True
18272,1.0,0.0024,0.5,none,True,True
18273,1.0,0.0023,0.5,none,True,True
18274,1.0,0.0021,0.5,none,True,True
18275,1.0,0.0019,0.5,none,True,True
18276,1.0,0.0018,0.5,none,True,True
18277,1.0,0.0017,0.5,none,True,True
18278,1.0,0.0015,0.5,none,True,True
18279,1.0,0.0014,0.5,none,True,True
18280,1.0,0.0013,0.5,none,True,True
18281,1.0,0.0013,0.5,none,True,True
18282,1.0,0.0012,0.5,none,True,True
18283,1.0,0.0011,0.5,none,True,True
18284,1.0,0.0011,0.5,none,True,True
18285,1.0,0.001,0.5,none,True,True
18286,1.0,0.001,0.5,none,True,True
18287,1.0,0.0009,0.5,none,True,True
18288,1.0,0.0009,0.5,none,True,True
18289,1.0,0.0008,0.5,none,True,True
18290,1.0,0.0008,0.5,none,True,True
18291,1.0,0.0008,0.5,none,True,True
18292,1.0,0.0007,0.5,none,True,True
18293,1.0,0.0007,0.5,none,True,True
18294,1.0,0.0006,0.5,none,True,True
18295,1.0,0.0006,0.5,none,True,True
18296,1.0,0.0006,0.5,none,True,True
18297,1.0,0.0005,0.5,none,True,True
18298,1.0,0.0005,0.5,none,True,True
18299,1.0,0.0005,0.5,none,True,True
18300,1.0,0.0004,0.5,none,True,True
18301,1.0,0.0004,0.5,none,True,True
18302,1.0,0.0004,0.5,none,True,True
18303,1.0,0.0004,0.5,none,True,True
18304,1.0,0.0003,0.5,none,True,True
18305,1.0,0.0003,0.5,none,True,True
18306,1.0,0.0003,0.5,none,True,True
18307,1.0,0.0003,0.5,none,True,True
18308,1.0,0.0003,0.5,none,True,True
18309,1.0,0.0003,0.5,none,True,True
18310,1.0,0.0002,0.5,none,True,True
18311,1.0,0.0002,0.5,none,True,True
18312,1.0,0.0002,0.5,none,True,True
18313,1.0,0.0002,0.5,none,True,True
18314,1.0,0.0002,0.5,none,True,True
18315,1.0,0.0002,0.5,none,True,True
18316,1.0,0.0002,0.5,none,True,True
18317,1.0,0.0002,0.5,none,True,True
18318,1.0,0.0002,0.5,none,True,True
18319,1.0,0.0001,0.5,none,True,True
18320,1.0,0.0001,0.5,none,True,True
18321,1.0,0.0001,0.5,none,True,True
18322,1.0,0.0001,0.5,none,True,True
18323,1.0,0.0001,0.5,none,True,True
18324,1.0,0.0001,0.5,none,True,True
18325,1.0,0.0001,0.5,none,True,True
18326,1.0,0.0001,0.5,none,True,True
18327,1.0,0.0001,0.5,none,True,True
18328,1.0,0.0001,0.5,none,True,True
18329,1.0,0.0001,0.5,none,True,True
18330,1.0,0.0001,0.5,none,True,True
18331,1.0,0.0001,0.5,none,True,True
18332,1.0,0.0001,0.5,none,True,True
18333,1.0,0.0001,0.5,none,True,True
18334,1.0,0.0001,0.5,none,True,True
18335,1.0,0.0001,0.5,none,True,True
18336,1.0,0.0001,0.5,none,True,True
18337,1.0,0.0,0.5,none,True,True
18338,1.0,0.0,0.5,none,True,True
18339,1.0,0.0,0.5,none,True,True
18340,1.0,0.0,0.5,none,True,True
18341,1.0,0.0,0.5,none,True,True
18342,1.0,0.0,0.5,none,True,True
18343,1.0,0.0,0.5,none,True,True
18344,1.0,0.0,0.5,none,True,True
18345,1.0,0.0,0.5,none,True,True
18346,1.0,0.0,0.5,none,True,True
18347,1.0,0.0,0.5,none,True,True
18348,1.0,0.0,0.5,none,True,True
18349,1.0,0.0,0.5,none,True,True
18350,1.0,0.0,0.5,none,True,True
18351,1.0,0.0,0.5,none,True,True
18352,1.0,0.0,0.5,none,True,True
18353,1.0,0.0,0.5,none,True,True
18354,1.0,0.0,0.5,none,True,True
18355,1.0,0.0,0.5,none,True,True
18356,1.0,0.0,0.5,none,True,True
18357,1.0,0.0,0.5,none,True,True
18358,1.0,0.0,0.5,none,True,True
18359,1.0,0.0,0.5,none,True,True
18360,1.0,0.0,0.5,none,True,True
18361,1.0,0.0,0.5,none,True,True
18362,1.0,0.0,0.5,none,True,True
18363,1.0,0.0,0.5,none,True,True
18364,1.0,0.0,0.5,none,True,True
18365,1.0,0.0,0.5,none,True,True
18366,1.0,0.0,0.5,none,True,True
18367,1.0,0.0,0.5,none,True,True
18368,1.0,0.0,0.5,none,True,True
18369,1.0,0.0,0.5,none,True,True
18370,1.0,0.0,0.5,none,True,True
18371,1.0,0.0,0.5,none,True,True
18372,1.0,0.0,0.5,none,True,True
18373,1.0,0.0,0.5,none,True,True
18374,1.0,0.0,0.5,none,True,True
18375,1.0,0.0,0.5,none,True,True
18376,1.0,0.0,0.5,none,True,True
18377,1.0,0.0,0.5,none,True,True
18378,1.0,0.0,0.5,none,True,True
18379,1.0,0.0,0.5,none,True,True
18380,1.0,0.0,0.5,none,True,True
18381,1.0,0.0,0.5,none,True,True
18382,1.0,0.0,0.5,none,True,True
18383,1.0,0.0,0.5,none,True,True
18384,1.0,0.0,0.5,none,True,True
18385,1.0,0.0,0.5,none,True,True
18386,1.0,0.0,0.5,none,True,True
18387,1.0,0.0,0.5,none,True,True
18388,1.0,0.0,0.5,none,True,True
18389,1.0,0.0,0.5,none,True,True
18390,1.0,0.0,0.5,none,True,True
18391,1.0,0.0,0.5,none,True,True
18392,1.0,0.0,0.5,none,True,True
18393,1.0,0.0,0.5,none,True,True
18394,1.0,0.0,0.5,none,True,True
18395,1.0,0.0,0.5,none,True,True
18396,1.0,0.0,0.5,none,True,True
18397,1.0,0.0,0.5,none,True,True
18398,1.0,0.0,0.5,none,True,True
18399,1.0,0.0,0.5,none,True,True
18400,1.0,0.0,0.5,none,True,True
18401,1.0,0.0,0.5,none,True,True
18402,1.0,0.0,0.5,none,True,True
18403,1.0,0.0,0.5,none,True,True
18404,1.0,0.0,0.5,none,True,True
18405,1.0,0.0,0.5,none,True,True
18406,1.0,0.0,0.5,none,True,True
18407,1.0,0.0,0.5,none,True,True
18408,1.0,0.0,0.5,none,True,True
18409,1.0,0.0,0.5,none,True,True
18410,1.0,0.0,0.5,none,True,True
18411,1.0,0.0,0.5,none,True,True
18412,1.0,0.0,0.5,none,True,True
18413,1.0,0.0,0.5,none,True,True
18414,1.0,0.0,0.5,none,True,True
18415,1.0,0.0,0.5,none,True,True
18416,1.0,0.0,0.5,none,True,True
18417,1.0,0.0,0.5,none,True,True
18418,1.0,0.0,0.5,none,True,True
18419,1.0,0.0,0.5,none,True,True
18420,1.0,0.0,0.5,none,True,True
18421,1.0,0.0,0.5,none,True,True
18422,1.0,0.0,0.5,none,True,True
18423,1.0,0.0,0.5,none,True,True
18424,1.0,0.0,0.5,none,True,True
18425,1.0,0.0,0.5,none,True,True
18426,1.0,0.0,0.5,none,True,True
18427,1.0,0.0,0.5,none,True,True
18428,1.0,0.0,0.5,none,True,True
18429,1.0,0.0,0.5,none,True,True
18430,1.0,0.0,0.5,none,True,True
18431,1.0,0.0,0.5,none,True,True
18432,1.0,0.0,0.5,none,True,True
18433,1.0,0.0,0.5,none,True,True
18434,1.0,0.0,0.5,none,True,True
18435,1.0,0.0,0.5,none,True,True
18436,1.0,0.0,0.5,none,True,True
18437,1.0,0.0,0.5,none,True,True
18438,1.0,0.0,0.5,none,True,True
18439,1.0,0.0,0.5,none,True,True
18440,1.0,0.0,0.5,none,True,True
18441,1.0,0.0,0.5,none,True,True
18442,1.0,0.0,0.5,none,True,True
18443,1.0,0.0,0.5,none,True,True
18444,1.0,0.0,0.5,none,True,True
18445,1.0,0.0,0.5,none,True,True
18446,1.0,0.0,0.5,none,True,True
18447,1.0,0.0,0.5,none,True,True
18448,1.0,0.0,0.5,none,True,True
18449,1.0,0.0,0.5,none,True,True
18450,1.0,0.0,0.5,none,True,True
18451,1.0,0.0,0.5,none,True,True
18452,1.0,0.0,0.5,none,True,True
18453,1.0,0.0,0.5,none,True,True
18454,1.0,0.0,0.5,none,True,True
18455,1.0,0.0,0.5,none,True,True
18456,1.0,0.0,0.5,none,True,True
18457,1.0,0.0,0.5,none,True,True
18458,1.0,0.0,0.5,none,True,True
18459,1.0,0.0,0.5,none,True,True
18460,1.0,0.0,0.5,none,True,True
18461,1.0,0.0,0.5,none,True,True
18462,1.0,0.0,0.5,none,True,True
18463,1.0,0.0,0.5,none,True,True
18464,1.0,0.0,0.5,none,True,True
18465,1.0,0.0,0.5,none,True,True
18466,1.0,0.0,0.5,none,True,True
18467,1.0,0.0,0.5,none,True,True
18468,1.0,0.0,0.5,none,True,True
18469,1.0,0.0,0.5,none,True,True
18470,1.0,0.0,0.5,none,True,True
18471,1.0,0.0,0.5,none,True,True
18472,1.0,0.0,0.5,none,True,True
18473,1.0,0.0,0.5,none,True,True
18474,1.0,0.0,0.5,none,True,True
18475,1.0,0.0,0.5,none,True,True
18476,1.0,0.0,0.5,none,True,True
18477,1.0,0.0,0.5,none,True,True
18478,1.0,0.0,0.5,none,True,True
18479,1.0,0.0,0.5,none,True,True
18480,1.0,0.0,0.5,none,True,True
18481,1.0,0.0,0.5,none,True,True
18482,1.0,0.0,0.5,none,True,True
18483,1.0,0.0,0.5,none,True,True
18484,1.0,0.0,0.5,none,True,True
18485,1.0,0.0,0.5,none,True,True
18486,1.0,0.0,0.5,none,True,True
18487,1.0,0.0,0.5,none,True,True
18488,1.0,0.0,0.5,none,True,True
18489,1.0,0.0,0.5,none,True,True
18490,1.0,0.0,0.5,none,True,True
18491,1.0,0.0,0.5,none,True,True
18492,1.0,0.0,0.5,none,True,True
18493,1.0,0.0,0.5,none,True,True
18494,1.0,0.0,0.5,none,True,True
18495,1.0,0.0,0.5,none,True,True
18496,1.0,0.0,0.5,none,True,True
18497,1.0,0.0,0.5,none,True,True
18498,1.0,0.0,0.5,none,True,True
18499,1.0,0.0,0.5,none,True,True
18500,1.0,0.0,0.5,none,True,True
18501,1.0,0.0,0.5,none,True,True
18502,1.0,0.0,0.5,none,True,True
18503,1.0,0.0,0.5,none,True,True
18504,1.0,0.0,0.5,none,True,True
18505,1.0,0.0,0.5,none,True,True
18506,1.0,0.0,0.5,none,True,True
18507,1.0,0.0,0.5,none,True,True
18508,1.0,0.0,0.5,none,True,True
18509,1.0,0.0,0.5,none,True,True
18510,1.0,0.0,0.5,none,True,True
18511,1.0,0.0,0.5,none,True,True
18512,1.0,0.0,0.5,none,True,True
18513,1.0,0.0,0.5,none,True,True
18514,1.0,0.0,0.5,none,True,True
18515,1.0,0.0,0.5,none,True,True
18516,1.0,0.0,0.5,none,True,True
18517,1.0,0.0,0.5,none,True,True
18518,1.0,0.0,0.5,none,True,True
18519,1.0,0.0,0.5,none,True,True
18520,1.0,0.0,0.5,none,True,True
18521,1.0,0.0,0.5,none,True,True
18522,1.0,0.0,0.5,none,True,True
18523,1.0,0.0,0.5,none,True,True
18524,1.0,0.0,0.5,none,True,True
18525,1.0,0.0,0.5,none,True,True
18526,1.0,0.0,0.5,none,True,True
18527,1.0,0.0,0.5,none,True,True
18528,1.0,0.0,0.5,none,True,True
18529,1.0,0.0,0.5,none,True,True
18530,1.0,0.0,0.5,none,True,True
18531,1.0,0.0,0.5,none,True,True
18532,1.0,0.0,0.5,none,True,True
18533,1.0,0.0,0.5,none,True,True
18534,1.0,0.0,0.5,none,True,True
18535,1.0,0.0,0.5,none,True,True
18536,1.0,0.0,0.5,none,True,True
18537,1.0,0.0,0.5,none,True,True
18538,1.0,0.0,0.5,none,True,True
18539,1.0,0.0,0.5,none,True,True
18540,1.0,0.0,0.5,none,True,True
18541,1.0,0.0,0.5,none,True,True
18542,1.0,0.0,0.5,none,True,True
18543,1.0,0.0,0.5,none,True,True
18544,1.0,0.0,0.5,none,True,True
18545,1.0,0.0,0.5,none,True,True
18546,1.0,0.0,0.5,none,True,True
18547,1.0,0.0,0.5,none,True,True
18548,1.0,0.0,0.5,none,True,True
18549,1.0,0.0,0.5,none,True,True
18550,1.0,0.0,0.5,none,True,True
18551,1.0,0.0,0.5,none,True,True
18552,1.0,0.0,0.5,none,True,True
18553,1.0,0.0,0.5,none,True,True
18554,1.0,0.0,0.5,none,True,True
18555,1.0,0.0,0.5,none,True,True
18556,1.0,0.0,0.5,none,True,True
18557,1.0,0.0,0.5,none,True,True
18558,1.0,0.0,0.5,none,True,True
18559,1.0,0.0,0.5,none,True,True
18560,1.0,0.0,0.5,none,True,True
18561,1.0,0.0,0.5,none,True,True
18562,1.0,0.0,0.5,none,True,True
18563,1.0,0.0,0.5,none,True,True
18564,1.0,0.0,0.5,none,True,True
18565,1.0,0.0,0.5,none,True,True
18566,1.0,0.0,0.5,none,True,True
18567,1.0,0.0,0.5,none,True,True
18568,1.0,0.0,0.5,none,True,True
18569,1.0,0.0,0.5,none,True,True
18570,1.0,0.0,0.5,none,True,True
18571,1.0,0.0,0.5,none,True,True
18572,1.0,0.0,0.5,none,True,True
18573,1.0,0.0,0.5,none,True,True
18574,1.0,0.0,0.5,none,True,True
18575,1.0,0.0,0.5,none,True,True
18576,1.0,0.0,0.5,none,True,True
18577,1.0,0.0,0.5,none,True,True
18578,1.0,0.0,0.5,none,True,True
18579,1.0,0.0,0.5,none,True,True
18580,1.0,0.0,0.5,none,True,True
18581,1.0,0.0,0.5,none,True,True
18582,1.0,0.0,0.5,none,True,True
18583,1.0,0.0,0.5,none,True,True
18584,1.0,0.0,0.5,none,True,True
18585,1.0,0.0,0.5,none,True,True
18586,1.0,0.0,0.5,none,True,True
18587,1.0,0.0,0.5,none,True,True
18588,1.0,0.0,0.5,none,True,True
18589,1.0,0.0,0.5,none,True,True
18590,1.0,0.0,0.5,none,True,True
18591,1.0,0.0,0.5,none,True,True
18592,1.0,0.0,0.5,none,True,True
18593,1.0,0.0,0.5,none,True,True
18594,1.0,0.0,0.5,none,True,True
18595,1.0,0.0,0.5,none,True,True
18596,1.0,0.0,0.5,none,True,True
18597,1.0,0.0,0.5,none,True,True
18598,1.0,0.0,0.5,none,True,True
18599,1.0,0.0,0.5,none,True,True
18600,1.0,0.0,0.5,none,True,True
18601,1.0,0.0,0.5,none,True,True
18602,1.0,0.0,0.5,none,True,True
18603,1.0,0.0,0.5,none,True,True
18604,1.0,0.0,0.5,none,True,True
18605,1.0,0.0,0.5,none,True,True
18606,1.0,0.0,0.5,none,True,True
18607,1.0,0.0,0.5,none,True,True
18608,1.0,0.0,0.5,none,True,True
18609,1.0,0.0,0.5,none,True,True
18610,1.0,0.0,0.5,none,True,True
18611,1.0,0.0,0.5,none,True,True
18612,1.0,0.0,0.5,none,True,True
18613,1.0,0.0,0.5,none,True,True
18614,1.0,0.0,0.5,none,True,True
18615,1.0,0.0,0.5,none,True,True
18616,1.0,0.0,0.5,none,True,True
18617,1.0,0.0,0.5,none,True,True
18618,1.0,0.0,0.5,none,True,True
18619,1.0,0.0,0.5,none,True,True
18620,1.0,0.0,0.5,none,True,True
18621,1.0,0.0,0.5,none,True,True
18622,1.0,0.0,0.5,none,True,True
18623,1.0,0.0,0.5,none,True,True
18624,1.0,0.0,0.5,none,True,True
18625,1.0,0.0,0.5,none,True,True
18626,1.0,0.0,0.5,none,True,True
18627,1.0,0.0,0.5,none,True,True
18628,1.0,0.0,0.5,none,True,True
18629,1.0,0.0,0.5,none,True,True
18630,1.0,0.0,0.5,none,True,True
18631,1.0,0.0,0.5,none,True,True
18632,1.0,0.0,0.5,none,True,True
18633,1.0,0.0,0.5,none,True,True
18634,1.0,0.0,0.5,none,True,True
18635,1.0,0.0,0.5,none,True,True
18636,1.0,0.0,0.5,none,True,True
18637,1.0,0.0,0.5,none,True,True
18638,1.0,0.0,0.5,none,True,True
18639,1.0,0.0,0.5,none,True,True
18640,1.0,0.0,0.5,none,True,True
18641,1.0,0.0,0.5,none,True,True
18642,1.0,0.0,0.5,none,True,True
18643,1.0,0.0,0.5,none,True,True
18644,1.0,0.0,0.5,none,True,True
18645,1.0,0.0,0.5,none,True,True
18646,1.0,0.0,0.5,none,True,True
18647,1.0,0.0,0.5,none,True,True
18648,1.0,0.0,0.5,none,True,True
18649,1.0,0.0,0.5,none,True,True
18650,1.0,0.0,0.5,none,True,True
18651,1.0,0.0,0.5,none,True,True
18652,1.0,0.0,0.5,none,True,True
18653,1.0,0.0,0.5,none,True,True
18654,1.0,0.0,0.5,none,True,True
18655,1.0,0.0,0.5,none,True,True
18656,1.0,0.0,0.5,none,True,True
18657,1.0,0.0,0.5,none,True,True
18658,1.0,0.0,0.5,none,True,True
18659,1.0,0.0,0.5,none,True,True
18660,1.0,0.0,0.5,none,True,True
18661,1.0,0.0,0.5,none,True,True
18662,1.0,0.0,0.5,none,True,True
18663,1.0,0.0,0.5,none,True,True
18664,1.0,0.0,0.5,none,True,True
18665,1.0,0.0,0.5,none,True,True
18666,1.0,0.0,0.5,none,True,True
18667,1.0,0.0,0.5,none,True,True
18668,1.0,0.0,0.5,none,True,True
18669,1.0,0.0,0.5,none,True,True
18670,1.0,0.0,0.5,none,True,True
18671,1.0,0.0,0.5,none,True,True
18672,1.0,0.0,0.5,none,True,True
18673,1.0,0.0,0.5,none,True,True
18674,1.0,0.0,0.5,none,True,True
18675,1.0,0.0,0.5,none,True,True
18676,1.0,0.0,0.5,none,True,True
18677,1.0,0.0,0.5,none,True,True
18678,1.0,0.0,0.5,none,True,True
18679,1.0,0.0,0.5,none,True,True
18680,1.0,0.0,0.5,none,True,True
18681,1.0,0.0,0.5,none,True,True
18682,1.0,0.0,0.5,none,True,True
18683,1.0,0.0,0.5,none,True,True
18684,1.0,0.0,0.5,none,True,True
18685,1.0,0.0,0.5,none,True,True
18686,1.0,0.0,0.5,none,True,True
18687,1.0,0.0,0.5,none,True,True
18688,1.0,0.0,0.5,none,True,True
18689,1.0,0.0,0.5,none,True,True
18690,1.0,0.0,0.5,none,True,True
18691,1.0,0.0,0.5,none,True,True
18692,1.0,0.0,0.5,none,True,True
18693,1.0,0.0,0.5,none,True,True
18694,1.0,0.0,0.5,none,True,True
18695,1.0,0.0,0.5,none,True,True
18696,1.0,0.0,0.5,none,True,True
18697,1.0,0.0,0.5,none,True,True
18698,1.0,0.0,0.5,none,True,True
18699,1.0,0.0,0.5,none,True,True
18700,1.0,0.0,0.5,none,True,True
18701,1.0,0.0,0.5,none,True,True
18702,1.0,0.0,0.5,none,True,True
18703,1.0,0.0,0.5,none,True,True
18704,1.0,0.0,0.5,none,True,True
18705,1.0,0.0,0.5,none,True,True
18706,1.0,0.0,0.5,none,True,True
18707,1.0,0.0,0.5,none,True,True
18708,1.0,0.0,0.5,none,True,True
18709,1.0,0.0,0.5,none,True,True
18710,1.0,0.0,0.5,none,True,True
18711,1.0,0.0,0.5,none,True,True
18712,1.0,0.0,0.5,none,True,True
18713,1.0,0.0,0.5,none,True,True
18714,1.0,0.0,0.5,none,True,True
18715,1.0,0.0,0.5,none,True,True
18716,1.0,0.0,0.5,none,True,True
18717,1.0,0.0,0.5,none,True,True
18718,1.0,0.0,0.5,none,True,True
18719,1.0,0.0,0.5,none,True,True
18720,1.0,0.0,0.5,none,True,True
18721,1.0,0.0,0.5,none,True,True
18722,1.0,0.0,0.5,none,True,True
18723,1.0,0.0,0.5,none,True,True
18724,1.0,0.0,0.5,none,True,True
18725,1.0,0.0,0.5,none,True,True
18726,1.0,0.0,0.5,none,True,True
18727,1.0,0.0,0.5,none,True,True
18728,1.0,0.0,0.5,none,True,True
18729,1.0,0.0,0.5,none,True,True
18730,1.0,0.0,0.5,none,True,True
18731,1.0,0.0,0.5,none,True,True
18732,1.0,0.0,0.5,none,True,True
18733,1.0,0.0,0.5,none,True,True
18734,1.0,0.0,0.5,none,True,True
18735,1.0,0.0,0.5,none,True,True
18736,1.0,0.0,0.5,none,True,True
18737,1.0,0.0,0.5,none,True,True
18738,1.0,0.0,0.5,none,True,True
18739,1.0,0.0,0.5,none,True,True
18740,1.0,0.0,0.5,none,True,True
18741,1.0,0.0,0.5,none,True,True
18742,1.0,0.0,0.5,none,True,True
18743,1.0,0.0,0.5,none,True,True
18744,1.0,0.0,0.5,none,True,True
18745,1.0,0.0,0.5,none,True,True
18746,1.0,0.0,0.5,none,True,True
18747,1.0,0.0,0.5,none,True,True
18748,1.0,0.0,0.5,none,True,True
18749,1.0,0.0,0.5,none,True,True
18750,1.0,0.0,0.5,none,True,True
18751,1.0,0.0,0.5,none,True,True
18752,1.0,0.0,0.5,none,True,True
18753,1.0,0.0,0.5,none,True,True
18754,1.0,0.0,0.5,none,True,True
18755,1.0,0.0,0.5,none,True,True
18756,1.0,0.0,0.5,none,True,True
18757,1.0,0.0,0.5,none,True,True
18758,1.0,0.0,0.5,none,True,True
18759,1.0,0.0,0.5,none,True,True
18760,1.0,0.0,0.5,none,True,True
18761,1.0,0.0,0.5,none,True,True
18762,1.0,0.0,0.5,none,True,True
18763,1.0,0.0,0.5,none,True,True
18764,1.0,0.0,0.5,none,True,True
18765,1.0,0.0,0.5,none,True,True
18766,1.0,0.0,0.5,none,True,True
18767,1.0,0.0,0.5,none,True,True
18768,1.0,0.0,0.5,none,True,True
18769,1.0,0.0,0.5,none,True,True
18770,1.0,0.0,0.5,none,True,True
18771,1.0,0.0,0.5,none,True,True
18772,1.0,0.0,0.5,none,True,True
18773,1.0,0.0,0.5,none,True,True
18774,1.0,0.0,0.5,none,True,True
18775,1.0,0.0,0.5,none,True,True
18776,1.0,0.0,0.5,none,True,True
18777,1.0,0.0,0.5,none,True,True
18778,1.0,0.0,0.5,none,True,True
18779,1.0,0.0,0.5,none,True,True
18780,1.0,0.0,0.5,none,True,True
18781,1.0,0.0,0.5,none,True,True
18782,1.0,0.0,0.5,none,True,True
18783,1.0,0.0,0.5,none,True,True
18784,1.0,0.0,0.5,none,True,True
18785,1.0,0.0,0.5,none,True,True
18786,1.0,0.0,0.5,none,True,True
18787,1.0,0.0,0.5,none,True,True
18788,1.0,0.0,0.5,none,True,True
18789,1.0,0.0,0.5,none,True,True
18790,1.0,0.0,0.5,none,True,True
18791,1.0,0.0,0.5,none,True,True
18792,1.0,0.0,0.5,none,True,True
18793,1.0,0.0,0.5,none,True,True
18794,1.0,0.0,0.5,none,True,True
18795,1.0,0.0,0.5,none,True,True
18796,1.0,0.0,0.5,none,True,True
18797,1.0,0.0,0.5,none,True,True
18798,1.0,0.0,0.5,none,True,True
18799,1.0,0.0,0.5,none,True,True
18800,1.0,0.0,0.5,none,True,True
18801,1.0,0.0,0.5,none,True,True
18802,1.0,0.0,0.5,none,True,True
18803,1.0,0.0,0.5,none,True,True
18804,1.0,0.0,0.5,none,True,True
18805,1.0,0.0,0.5,none,True,True
18806,1.0,0.0,0.5,none,True,True
18807,1.0,0.0,0.5,none,True,True
18808,1.0,0.0,0.5,none,True,True
18809,1.0,0.0,0.5,none,True,True
18810,1.0,0.0,0.5,none,True,True
18811,1.0,0.0,0.5,none,True,True
18812,1.0,0.0,0.5,none,True,True
18813,1.0,0.0,0.5,none,True,True
18814,1.0,0.0,0.5,none,True,True
18815,1.0,0.0,0.5,none,True,True
18816,1.0,0.0,0.5,none,True,True
18817,1.0,0.0,0.5,none,True,True
18818,1.0,0.0,0.5,none,True,True
18819,1.0,0.0,0.5,none,True,True
18820,1.0,0.0,0.5,none,True,True
18821,1.0,0.0,0.5,none,True,True
18822,1.0,0.0,0.5,none,True,True
18823,1.0,0.0,0.5,none,True,True
18824,1.0,0.0,0.5,none,True,True
18825,1.0,0.0,0.5,none,True,True
18826,1.0,0.0,0.5,none,True,True
18827,1.0,0.0,0.5,none,True,True
18828,1.0,0.0,0.5,none,True,True
18829,1.0,0.0,0.5,none,True,True
18830,1.0,0.0,0.5,none,True,True
18831,1.0,0.0,0.5,none,True,True
18832,1.0,0.0,0.5,none,True,True
18833,1.0,0.0,0.5,none,True,True
18834,1.0,0.0,0.5,none,True,True
18835,1.0,0.0,0.5,none,True,True
18836,1.0,0.0,0.5,none,True,True
18837,1.0,0.0,0.5,none,True,True
18838,1.0,0.0,0.5,none,True,True
18839,1.0,0.0,0.5,none,True,True
18840,1.0,0.0,0.5,none,True,True
18841,1.0,0.0,0.5,none,True,True
18842,1.0,0.0,0.5,none,True,True
18843,1.0,0.0,0.5,none,True,True
18844,1.0,0.0,0.5,none,True,True
18845,1.0,0.0,0.5,none,True,True
18846,1.0,0.0,0.5,none,True,True
18847,1.0,0.0,0.5,none,True,True
18848,1.0,0.0,0.5,none,True,True
18849,1.0,0.0,0.5,none,True,True
18850,1.0,0.0,0.5,none,True,True
18851,1.0,0.0,0.5,none,True,True
18852,1.0,0.0,0.5,none,True,True
18853,1.0,0.0,0.5,none,True,True
18854,1.0,0.0,0.5,none,True,True
18855,1.0,0.0,0.5,none,True,True
18856,1.0,0.0,0.5,none,True,True
18857,1.0,0.0,0.5,none,True,True
18858,1.0,0.0,0.5,none,True,True
18859,1.0,0.0,0.5,none,True,True
18860,1.0,0.0,0.5,none,True,True
18861,1.0,0.0,0.5,none,True,True
18862,1.0,0.0,0.5,none,True,True
18863,1.0,0.0,0.5,none,True,True
18864,1.0,0.0,0.5,none,True,True
18865,1.0,0.0,0.5,none,True,True
18866,1.0,0.0,0.5,none,True,True
18867,1.0,0.0,0.5,none,True,True
18868,1.0,0.0,0.5,none,True,True
18869,1.0,0.0,0.5,none,True,True
18870,1.0,0.0,0.5,none,True,True
18871,1.0,0.0,0.5,none,True,True
18872,1.0,0.0,0.5,none,True,True
18873,1.0,0.0,0.5,none,True,True
18874,1.0,0.0,0.5,none,True,True
18875,1.0,0.0,0.5,none,True,True
18876,1.0,0.0,0.5,none,True,True
18877,1.0,0.0,0.5,none,True,True
18878,1.0,0.0,0.5,none,True,True
18879,1.0,0.0,0.5,none,True,True
18880,1.0,0.0,0.5,none,True,True
18881,1.0,0.0,0.5,none,True,True
18882,1.0,0.0,0.5,none,True,True
18883,1.0,0.0,0.5,none,True,True
18884,1.0,0.0,0.5,none,True,True
18885,1.0,0.0,0.5,none,True,True
18886,1.0,0.0,0.5,none,True,True
18887,1.0,0.0,0.5,none,True,True
18888,1.0,0.0,0.5,none,True,True
18889,1.0,0.0,0.5,none,True,True
18890,1.0,0.0,0.5,none,True,True
18891,1.0,0.0,0.5,none,True,True
18892,1.0,0.0,0.5,none,True,True
18893,1.0,0.0,0.5,none,True,True
18894,1.0,0.0,0.5,none,True,True
18895,1.0,0.0,0.5,none,True,True
18896,1.0,0.0,0.5,none,True,True
18897,1.0,0.0,0.5,none,True,True
18898,1.0,0.0,0.5,none,True,True
18899,1.0,0.0,0.5,none,True,True
18900,1.0,0.0061,0.5,none,True,True
18901,1.0,0.0357,0.5,none,True,True
18902,1.0,0.0812,0.5,none,True,True
18903,1.0,0.1113,0.5,none,True,True
18904,1.0,0.1253,0.5,none,True,True
18905,1.0,0.1408,0.5,none,True,True
18906,1.0,0.0907,0.5,none,True,True
18907,1.0,0.1198,0.5,none,True,True
18908,1.0,0.0467,0.5,none,True,True
18909,1.0,0.0522,0.5,none,True,True
18910,1.0,0.0405,0.5,none,True,True
18911,1.0,0.0313,0.5,none,True,True
18912,1.0,0.0083,0.5,none,True,True
18913,1.0,0.0726,0.5,none,True,True
18914,1.0,0.0793,0.5,none,True,True
18915,1.0,0.0581,0.5,none,True,True
18916,1.0,0.0955,0.5,none,True,True
18917,1.0,0.0839,0.5,none,True,True
18918,1.0,0.0648,0.5,none,True,True
18919,1.0,0.0718,0.5,none,True,True
18920,1.0,0.0589,0.5,none,True,True
18921,1.0,0.0403,0.5,none,True,True
18922,1.0,0.0327,0.5,none,True,True
18923,1.0,0.0277,0.5,none,True,True
18924,1.0,0.017,0.5,none,True,True
18925,1.0,0.0102,0.5,none,True,True
18926,1.0,0.0099,0.5,none,True,True
18927,1.0,0.008,0.5,none,True,True
18928,1.0,0.005,0.5,none,True,True
18929,1.0,0.0063,0.5,none,True,True
18930,1.0,0.009,0.5,none,True,True
18931,1.0,0.0096,0.5,none,True,True
18932,1.0,0.0108,0.5,none,True,True
18933,1.0,0.014,0.5,none,True,True
18934,1.0,0.0161,0.5,none,True,True
18935,1.0,0.0167,0.5,none,True,True
18936,1.0,0.0182,0.5,none,True,True
18937,1.0,0.0196,0.5,none,True,True
18938,1.0,0.0197,0.5,none,True,True
18939,1.0,0.0193,0.5,none,True,True
18940,1.0,0.0193,0.5,none,True,True
18941,1.0,0.0187,0.5,none,True,True
18942,1.0,0.0174,0.5,none,True,True
18943,1.0,0.0163,0.5,none,True,True
18944,1.0,0.0152,0.5,none,True,True
18945,1.0,0.0138,0.5,none,True,True
18946,1.0,0.0123,0.5,none,True,True
18947,1.0,0.0111,0.5,none,True,True
18948,1.0,0.01,0.5,none,True,True
18949,1.0,0.0088,0.5,none,True,True
18950,1.0,0.0078,0.5,none,True,True
18951,1.0,0.0071,0.5,none,True,True
18952,1.0,0.0064,0.5,none,True,True
18953,1.0,0.0057,0.5,none,True,True
18954,1.0,0.0053,0.5,none,True,True
18955,1.0,0.005,0.5,none,True,True
18956,1.0,0.0047,0.5,none,True,True
18957,1.0,0.0045,0.5,none,True,True
18958,1.0,0.0044,0.5,none,True,True
18959,1.0,0.0043,0.5,none,True,True
18960,1.0,0.0042,0.5,none,True,True
18961,1.0,0.0041,0.5,none,True,True
18962,1.0,0.004,0.5,none,True,True
18963,1.0,0.0039,0.5,none,True,True
18964,1.0,0.0038,0.5,none,True,True
18965,1.0,0.0037,0.5,none,True,True
18966,1.0,0.0035,0.5,none,True,True
18967,1.0,0.0033,0.5,none,True,True
18968,1.0,0.0032,0.5,none,True,True
18969,1.0,0.003,0.5,none,True,True
18970,1.0,0.0028,0.5,none,True,True
18971,1.0,0.0026,0.5,none,True,True
18972,1.0,0.0024,0.5,none,True,True
18973,1.0,0.0023,0.5,none,True,True
18974,1.0,0.0021,0.5,none,True,True
18975,1.0,0.0019,0.5,none,True,True
18976,1.0,0.0018,0.5,none,True,True
18977,1.0,0.0017,0.5,none,True,True
18978,1.0,0.0015,0.5,none,True,True
18979,1.0,0.0014,0.5,none,True,True
18980,1.0,0.0013,0.5,none,True,True
18981,1.0,0.0013,0.5,none,True,True
18982,1.0,0.0012,0.5,none,True,True
18983,1.0,0.0011,0.5,none,True,True
18984,1.0,0.0011,0.5,none,True,True
18985,1.0,0.001,0.5,none,True,True
18986,1.0,0.001,0.5,none,True,True
18987,1.0,0.0009,0.5,none,True,True
18988,1.0,0.0009,0.5,none,True,True
18989,1.0,0.0008,0.5,none,True,True
18990,1.0,0.0008,0.5,none,True,True
18991,1.0,0.0008,0.5,none,True,True
18992,1.0,0.0007,0.5,none,True,True
18993,1.0,0.0007,0.5,none,True,True
18994,1.0,0.0006,0.5,none,True,True
18995,1.0,0.0006,0.5,none,True,True
18996,1.0,0.0006,0.5,none,True,True
18997,1.0,0.0005,0.5,none,True,True
18998,1.0,0.0005,0.5,none,True,True
18999,1.0,0.0005,0.5,none,True,True
19000,1.0,0.0004,0.5,none,True,True
19001,1.0,0.0004,0.5,none,True,True
19002,1.0,0.0004,0.5,none,True,True
19003,1.0,0.0004,0.5,none,True,True
19004,1.0,0.0003,0.5,none,True,True
19005,1.0,0.0003,0.5,none,True,True
19006,1.0,0.0003,0.5,none,True,True
19007,1.0,0.0003,0.5,none,True,True
19008,1.0,0.0003,0.5,none,True,True
19009,1.0,0.0003,0.5,none,True,True
19010,1.0,0.0002,0.5,none,True,True
19011,1.0,0.0002,0.5,none,True,True
19012,1.0,0.0002,0.5,none,True,True
19013,1.0,0.0002,0.5,none,True,True
19014,1.0,0.0002,0.5,none,True,True
19015,1.0,0.0002,0.5,none,True,True
19016,1.0,0.0002,0.5,none,True,True
19017,1.0,0.0002,0.5,none,True,True
19018,1.0,0.0002,0.5,none,True,True
19019,1.0,0.0001,0.5,none,True,True
19020,1.0,0.0001,0.5,none,True,True
19021,1.0,0.0001,0.5,none,True,True
19022,1.0,0.0001,0.5,none,True,True
19023,1.0,0.0001,0.5,none,True,True
19024,1.0,0.0001,0.5,none,True,True
19025,1.0,0.0001,0.5,none,True,True
19026,1.0,0.0001,0.5,none,True,True
19027,1.0,0.0001,0.5,none,True,True
19028,1.0,0.0001,0.5,none,True,True
19029,1.0,0.0001,0.5,none,True,True
19030,1.0,0.0001,0.5,none,True,True
19031,1.0,0.0001,0.5,none,True,True
19032,1.0,0.0001,0.5,none,True,True
19033,1.0,0.0001,0.5,none,True,True
19034,1.0,0.0001,0.5,none,True,True
19035,1.0,0.0001,0.5,none,True,True
19036,1.0,0.0001,0.5,none,True,True
19037,1.0,0.0,0.5,none,True,True
19038,1.0,0.0,0.5,none,True,True
19039,1.0,0.0,0.5,none,True,True
19040,1.0,0.0,0.5,none,True,True
19041,1.0,0.0,0.5,none,True,True
19042,1.0,0.0,0.5,none,True,True
19043,1.0,0.0,0.5,none,True,True
19044,1.0,0.0,0.5,none,True,True
19045,1.0,0.0,0.5,none,True,True
19046,1.0,0.0,0.5,none,True,True
19047,1.0,0.0,0.5,none,True,True
19048,1.0,0.0,0.5,none,True,True
19049,1.0,0.0,0.5,none,True,True
19050,1.0,0.0,0.5,none,True,True
19051,1.0,0.0,0.5,none,True,True
19052,1.0,0.0,0.5,none,True,True
19053,1.0,0.0,0.5,none,True,True
19054,1.0,0.0,0.5,none,True,True
19055,1.0,0.0,0.5,none,True,True
19056,1.0,0.0,0.5,none,True,True
19057,1.0,0.0,0.5,none,True,True
19058,1.0,0.0,0.5,none,True,True
19059,1.0,0.0,0.5,none,True,True
19060,1.0,0.0,0.5,none,True,True
19061,1.0,0.0,0.5,none,True,True
19062,1.0,0.0,0.5,none,True,True
19063,1.0,0.0,0.5,none,True,True
19064,1.0,0.0,0.5,none,True,True
19065,1.0,0.0,0.5,none,True,True
19066,1.0,0.0,0.5,none,True,True
19067,1.0,0.0,0.5,none,True,True
19068,1.0,0.0,0.5,none,True,True
19069,1.0,0.0,0.5,none,True,True
19070,1.0,0.0,0.5,none,True,True
19071,1.0,0.0,0.5,none,True,True
19072,1.0,0.0,0.5,none,True,True
19073,1.0,0.0,0.5,none,True,True
19074,1.0,0.0,0.5,none,True,True
19075,1.0,0.0,0.5,none,True,True
19076,1.0,0.0,0.5,none,True,True
19077,1.0,0.0,0.5,none,True,True
19078,1.0,0.0,0.5,none,True,True
19079,1.0,0.0,0.5,none,True,True
19080,1.0,0.0,0.5,none,True,True
19081,1.0,0.0,0.5,none,True,True
19082,1.0,0.0,0.5,none,True,True
19083,1.0,0.0,0.5,none,True,True
19084,1.0,0.0,0.5,none,True,True
19085,1.0,0.0,0.5,none,True,True
19086,1.0,0.0,0.5,none,True,True
19087,1.0,0.0,0.5,none,True,True
19088,1.0,0.0,0.5,none,True,True
19089,1.0,0.0,0.5,none,True,True
19090,1.0,0.0,0.5,none,True,True
19091,1.0,0.0,0.5,none,True,True
19092,1.0,0.0,0.5,none,True,True
19093,1.0,0.0,0.5,none,True,True
19094,1.0,0.0,0.5,none,True,True
19095,1.0,0.0,0.5,none,True,True
19096,1.0,0.0,0.5,none,True,True
19097,1.0,0.0,0.5,none,True,True
19098,1.0,0.0,0.5,none,True,True
19099,1.0,0.0,0.5,none,True,True
19100,1.0,0.0,0.5,none,True,True
19101,1.0,0.0,0.5,none,True,True
19102,1.0,0.0,0.5,none,True,True
19103,1.0,0.0,0.5,none,True,True
19104,1.0,0.0,0.5,none,True,True
19105,1.0,0.0,0.5,none,True,True
19106,1.0,0.0,0.5,none,True,True
19107,1.0,0.0,0.5,none,True,True
19108,1.0,0.0,0.5,none,True,True
19109,1.0,0.0,0.5,none,True,True
19110,1.0,0.0,0.5,none,True,True
19111,1.0,0.0,0.5,none,True,True
19112,1.0,0.0,0.5,none,True,True
19113,1.0,0.0,0.5,none,True,True
19114,1.0,0.0,0.5,none,True,True
19115,1.0,0.0,0.5,none,True,True
19116,1.0,0.0,0.5,none,True,True
19117,1.0,0.0,0.5,none,True,True
19118,1.0,0.0,0.5,none,True,True
19119,1.0,0.0,0.5,none,True,True
19120,1.0,0.0,0.5,none,True,True
19121,1.0,0.0,0.5,none,True,True
19122,1.0,0.0,0.5,none,True,True
19123,1.0,0.0,0.5,none,True,True
19124,1.0,0.0,0.5,none,True,True
19125,1.0,0.0,0.5,none,True,True
19126,1.0,0.0,0.5,none,True,True
19127,1.0,0.0,0.5,none,True,True
19128,1.0,0.0,0.5,none,True,True
19129,1.0,0.0,0.5,none,True,True
19130,1.0,0.0,0.5,none,True,True
19131,1.0,0.0,0.5,none,True,True
19132,1.0,0.0,0.5,none,True,True
19133,1.0,0.0,0.5,none,True,True
19134,1.0,0.0,0.5,none,True,True
19135,1.0,0.0,0.5,none,True,True
19136,1.0,0.0,0.5,none,True,True
19137,1.0,0.0,0.5,none,True,True
19138,1.0,0.0,0.5,none,True,True
19139,1.0,0.0,0.5,none,True,True
19140,1.0,0.0,0.5,none,True,True
19141,1.0,0.0,0.5,none,True,True
19142,1.0,0.0,0.5,none,True,True
19143,1.0,0.0,0.5,none,True,True
19144,1.0,0.0,0.5,none,True,True
19145,1.0,0.0,0.5,none,True,True
19146,1.0,0.0,0.5,none,True,True
19147,1.0,0.0,0.5,none,True,True
19148,1.0,0.0,0.5,none,True,True
19149,1.0,0.0,0.5,none,True,True
19150,1.0,0.0,0.5,none,True,True
19151,1.0,0.0,0.5,none,True,True
19152,1.0,0.0,0.5,none,True,True
19153,1.0,0.0,0.5,none,True,True
19154,1.0,0.0,0.5,none,True,True
19155,1.0,0.0,0.5,none,True,True
19156,1.0,0.0,0.5,none,True,True
19157,1.0,0.0,0.5,none,True,True
19158,1.0,0.0,0.5,none,True,True
19159,1.0,0.0,0.5,none,True,True
19160,1.0,0.0,0.5,none,True,True
19161,1.0,0.0,0.5,none,True,True
19162,1.0,0.0,0.5,none,True,True
19163,1.0,0.0,0.5,none,True,True
19164,1.0,0.0,0.5,none,True,True
19165,1.0,0.0,0.5,none,True,True
19166,1.0,0.0,0.5,none,True,True
19167,1.0,0.0,0.5,none,True,True
19168,1.0,0.0,0.5,none,True,True
19169,1.0,0.0,0.5,none,True,True
19170,1.0,0.0,0.5,none,True,True
19171,1.0,0.0,0.5,none,True,True
19172,1.0,0.0,0.5,none,True,True
19173,1.0,0.0,0.5,none,True,True
19174,1.0,0.0,0.5,none,True,True
19175,1.0,0.0,0.5,none,True,True
19176,1.0,0.0,0.5,none,True,True
19177,1.0,0.0,0.5,none,True,True
19178,1.0,0.0,0.5,none,True,True
19179,1.0,0.0,0.5,none,True,True
19180,1.0,0.0,0.5,none,True,True
19181,1.0,0.0,0.5,none,True,True
19182,1.0,0.0,0.5,none,True,True
19183,1.0,0.0,0.5,none,True,True
19184,1.0,0.0,0.5,none,True,True
19185,1.0,0.0,0.5,none,True,True
19186,1.0,0.0,0.5,none,True,True
19187,1.0,0.0,0.5,none,True,True
19188,1.0,0.0,0.5,none,True,True
19189,1.0,0.0,0.5,none,True,True
19190,1.0,0.0,0.5,none,True,True
19191,1.0,0.0,0.5,none,True,True
19192,1.0,0.0,0.5,none,True,True
19193,1.0,0.0,0.5,none,True,True
19194,1.0,0.0,0.5,none,True,True
19195,1.0,0.0,0.5,none,True,True
19196,1.0,0.0,0.5,none,True,True
19197,1.0,0.0,0.5,none,True,True
19198,1.0,0.0,0.5,none,True,True
19199,1.0,0.0,0.5,none,True,True
19200,1.0,0.0,0.5,none,True,True
19201,1.0,0.0,0.5,none,True,True
19202,1.0,0.0,0.5,none,True,True
19203,1.0,0.0,0.5,none,True,True
19204,1.0,0.0,0.5,none,True,True
19205,1.0,0.0,0.5,none,True,True
19206,1.0,0.0,0.5,none,True,True
19207,1.0,0.0,0.5,none,True,True
19208,1.0,0.0,0.5,none,True,True
19209,1.0,0.0,0.5,none,True,True
19210,1.0,0.0,0.5,none,True,True
19211,1.0,0.0,0.5,none,True,True
19212,1.0,0.0,0.5,none,True,True
19213,1.0,0.0,0.5,none,True,True
19214,1.0,0.0,0.5,none,True,True
19215,1.0,0.0,0.5,none,True,True
19216,1.0,0.0,0.5,none,True,True
19217,1.0,0.0,0.5,none,True,True
19218,1.0,0.0,0.5,none,True,True
19219,1.0,0.0,0.5,none,True,True
19220,1.0,0.0,0.5,none,True,True
19221,1.0,0.0,0.5,none,True,True
19222,1.0,0.0,0.5,none,True,True
19223,1.0,0.0,0.5,none,True,True
19224,1.0,0.0,0.5,none,True,True
19225,1.0,0.0,0.5,none,True,True
19226,1.0,0.0,0.5,none,True,True
19227,1.0,0.0,0.5,none,True,True
19228,1.0,0.0,0.5,none,True,True
19229,1.0,0.0,0.5,none,True,True
19230,1.0,0.0,0.5,none,True,True
19231,1.0,0.0,0.5,none,True,True
19232,1.0,0.0,0.5,none,True,True
19233,1.0,0.0,0.5,none,True,True
19234,1.0,0.0,0.5,none,True,True
19235,1.0,0.0,0.5,none,True,True
19236,1.0,0.0,0.5,none,True,True
19237,1.0,0.0,0.5,none,True,True
19238,1.0,0.0,0.5,none,True,True
19239,1.0,0.0,0.5,none,True,True
19240,1.0,0.0,0.5,none,True,True
19241,1.0,0.0,0.5,none,True,True
19242,1.0,0.0,0.5,none,True,True
19243,1.0,0.0,0.5,none,True,True
19244,1.0,0.0,0.5,none,True,True
19245,1.0,0.0,0.5,none,True,True
19246,1.0,0.0,0.5,none,True,True
19247,1.0,0.0,0.5,none,True,True
19248,1.0,0.0,0.5,none,True,True
19249,1.0,0.0,0.5,none,True,True
19250,1.0,0.0,0.5,none,True,True
19251,1.0,0.0,0.5,none,True,True
19252,1.0,0.0,0.5,none,True,True
19253,1.0,0.0,0.5,none,True,True
19254,1.0,0.0,0.5,none,True,True
19255,1.0,0.0,0.5,none,True,True
19256,1.0,0.0,0.5,none,True,True
19257,1.0,0.0,0.5,none,True,True
19258,1.0,0.0,0.5,none,True,True
19259,1.0,0.0,0.5,none,True,True
19260,1.0,0.0,0.5,none,True,True
19261,1.0,0.0,0.5,none,True,True
19262,1.0,0.0,0.5,none,True,True
19263,1.0,0.0,0.5,none,True,True
19264,1.0,0.0,0.5,none,True,True
19265,1.0,0.0,0.5,none,True,True
19266,1.0,0.0,0.5,none,True,True
19267,1.0,0.0,0.5,none,True,True
19268,1.0,0.0,0.5,none,True,True
19269,1.0,0.0,0.5,none,True,True
19270,1.0,0.0,0.5,none,True,True
19271,1.0,0.0,0.5,none,True,True
19272,1.0,0.0,0.5,none,True,True
19273,1.0,0.0,0.5,none,True,True
19274,1.0,0.0,0.5,none,True,True
19275,1.0,0.0,0.5,none,True,True
19276,1.0,0.0,0.5,none,True,True
19277,1.0,0.0,0.5,none,True,True
19278,1.0,0.0,0.5,none,True,True
19279,1.0,0.0,0.5,none,True,True
19280,1.0,0.0,0.5,none,True,True
19281,1.0,0.0,0.5,none,True,True
19282,1.0,0.0,0.5,none,True,True
19283,1.0,0.0,0.5,none,True,True
19284,1.0,0.0,0.5,none,True,True
19285,1.0,0.0,0.5,none,True,True
19286,1.0,0.0,0.5,none,True,True
19287,1.0,0.0,0.5,none,True,True
19288,1.0,0.0,0.5,none,True,True
19289,1.0,0.0,0.5,none,True,True
19290,1.0,0.0,0.5,none,True,True
19291,1.0,0.0,0.5,none,True,True
19292,1.0,0.0,0.5,none,True,True
19293,1.0,0.0,0.5,none,True,True
19294,1.0,0.0,0.5,none,True,True
19295,1.0,0.0,0.5,none,True,True
19296,1.0,0.0,0.5,none,True,True
19297,1.0,0.0,0.5,none,True,True
19298,1.0,0.0,0.5,none,True,True
19299,1.0,0.0,0.5,none,True,True
19300,1.0,0.0,0.5,none,True,True
19301,1.0,0.0,0.5,none,True,True
19302,1.0,0.0,0.5,none,True,True
19303,1.0,0.0,0.5,none,True,True
19304,1.0,0.0,0.5,none,True,True
19305,1.0,0.0,0.5,none,True,True
19306,1.0,0.0,0.5,none,True,True
19307,1.0,0.0,0.5,none,True,True
19308,1.0,0.0,0.5,none,True,True
19309,1.0,0.0,0.5,none,True,True
19310,1.0,0.0,0.5,none,True,True
19311,1.0,0.0,0.5,none,True,True
19312,1.0,0.0,0.5,none,True,True
19313,1.0,0.0,0.5,none,True,True
19314,1.0,0.0,0.5,none,True,True
19315,1.0,0.0,0.5,none,True,True
19316,1.0,0.0,0.5,none,True,True
19317,1.0,0.0,0.5,none,True,True
19318,1.0,0.0,0.5,none,True,True
19319,1.0,0.0,0.5,none,True,True
19320,1.0,0.0,0.5,none,True,True
19321,1.0,0.0,0.5,none,True,True
19322,1.0,0.0,0.5,none,True,True
19323,1.0,0.0,0.5,none,True,True
19324,1.0,0.0,0.5,none,True,True
19325,1.0,0.0,0.5,none,True,True
19326,1.0,0.0,0.5,none,True,True
19327,1.0,0.0,0.5,none,True,True
19328,1.0,0.0,0.5,none,True,True
19329,1.0,0.0,0.5,none,True,True
19330,1.0,0.0,0.5,none,True,True
19331,1.0,0.0,0.5,none,True,True
19332,1.0,0.0,0.5,none,True,True
19333,1.0,0.0,0.5,none,True,True
19334,1.0,0.0,0.5,none,True,True
19335,1.0,0.0,0.5,none,True,True
19336,1.0,0.0,0.5,none,True,True
19337,1.0,0.0,0.5,none,True,True
19338,1.0,0.0,0.5,none,True,True
19339,1.0,0.0,0.5,none,True,True
19340,1.0,0.0,0.5,none,True,True
19341,1.0,0.0,0.5,none,True,True
19342,1.0,0.0,0.5,none,True,True
19343,1.0,0.0,0.5,none,True,True
19344,1.0,0.0,0.5,none,True,True
19345,1.0,0.0,0.5,none,True,True
19346,1.0,0.0,0.5,none,True,True
19347,1.0,0.0,0.5,none,True,True
19348,1.0,0.0,0.5,none,True,True
19349,1.0,0.0,0.5,none,True,True
19350,1.0,0.0,0.5,none,True,True
19351,1.0,0.0,0.5,none,True,True
19352,1.0,0.0,0.5,none,True,True
19353,1.0,0.0,0.5,none,True,True
19354,1.0,0.0,0.5,none,True,True
19355,1.0,0.0,0.5,none,True,True
19356,1.0,0.0,0.5,none,True,True
19357,1.0,0.0,0.5,none,True,True
19358,1.0,0.0,0.5,none,True,True
19359,1.0,0.0,0.5,none,True,True
19360,1.0,0.0,0.5,none,True,True
19361,1.0,0.0,0.5,none,True,True
19362,1.0,0.0,0.5,none,True,True
19363,1.0,0.0,0.5,none,True,True
19364,1.0,0.0,0.5,none,True,True
19365,1.0,0.0,0.5,none,True,True
19366,1.0,0.0,0.5,none,True,True
19367,1.0,0.0,0.5,none,True,True
19368,1.0,0.0,0.5,none,True,True
19369,1.0,0.0,0.5,none,True,True
19370,1.0,0.0,0.5,none,True,True
19371,1.0,0.0,0.5,none,True,True
19372,1.0,0.0,0.5,none,True,True
19373,1.0,0.0,0.5,none,True,True
19374,1.0,0.0,0.5,none,True,True
19375,1.0,0.0,0.5,none,True,True
19376,1.0,0.0,0.5,none,True,True
19377,1.0,0.0,0.5,none,True,True
19378,1.0,0.0,0.5,none,True,True
19379,1.0,0.0,0.5,none,True,True
19380,1.0,0.0,0.5,none,True,True
19381,1.0,0.0,0.5,none,True,True
19382,1.0,0.0,0.5,none,True,True
19383,1.0,0.0,0.5,none,True,True
19384,1.0,0.0,0.5,none,True,True
19385,1.0,0.0,0.5,none,True,True
19386,1.0,0.0,0.5,none,True,True
19387,1.0,0.0,0.5,none,True,True
19388,1.0,0.0,0.5,none,True,True
19389,1.0,0.0,0.5,none,True,True
19390,1.0,0.0,0.5,none,True,True
19391,1.0,0.0,0.5,none,True,True
19392,1.0,0.0,0.5,none,True,True
19393,1.0,0.0,0.5,none,True,True
19394,1.0,0.0,0.5,none,True,True
19395,1.0,0.0,0.5,none,True,True
19396,1.0,0.0,0.5,none,True,True
19397,1.0,0.0,0.5,none,True,True
19398,1.0,0.0,0.5,none,True,True
19399,1.0,0.0,0.5,none,True,True
19400,1.0,0.0,0.5,none,True,True
19401,1.0,0.0,0.5,none,True,True
19402,1.0,0.0,0.5,none,True,True
19403,1.0,0.0,0.5,none,True,True
19404,1.0,0.0,0.5,none,True,True
19405,1.0,0.0,0.5,none,True,True
19406,1.0,0.0,0.5,none,True,True
19407,1.0,0.0,0.5,none,True,True
19408,1.0,0.0,0.5,none,True,True
19409,1.0,0.0,0.5,none,True,True
19410,1.0,0.0,0.5,none,True,True
19411,1.0,0.0,0.5,none,True,True
19412,1.0,0.0,0.5,none,True,True
19413,1.0,0.0,0.5,none,True,True
19414,1.0,0.0,0.5,none,True,True
19415,1.0,0.0,0.5,none,True,True
19416,1.0,0.0,0.5,none,True,True
19417,1.0,0.0,0.5,none,True,True
19418,1.0,0.0,0.5,none,True,True
19419,1.0,0.0,0.5,none,True,True
19420,1.0,0.0,0.5,none,True,True
19421,1.0,0.0,0.5,none,True,True
19422,1.0,0.0,0.5,none,True,True
19423,1.0,0.0,0.5,none,True,True
19424,1.0,0.0,0.5,none,True,True
19425,1.0,0.0,0.5,none,True,True
19426,1.0,0.0,0.5,none,True,True
19427,1.0,0.0,0.5,none,True,True
19428,1.0,0.0,0.5,none,True,True
19429,1.0,0.0,0.5,none,True,True
19430,1.0,0.0,0.5,none,True,True
19431,1.0,0.0,0.5,none,True,True
19432,1.0,0.0,0.5,none,True,True
19433,1.0,0.0,0.5,none,True,True
19434,1.0,0.0,0.5,none,True,True
19435,1.0,0.0,0.5,none,True,True
19436,1.0,0.0,0.5,none,True,True
19437,1.0,0.0,0.5,none,True,True
19438,1.0,0.0,0.5,none,True,True
19439,1.0,0.0,0.5,none,True,True
19440,1.0,0.0,0.5,none,True,True
19441,1.0,0.0,0.5,none,True,True
19442,1.0,0.0,0.5,none,True,True
19443,1.0,0.0,0.5,none,True,True
19444,1.0,0.0,0.5,none,True,True
19445,1.0,0.0,0.5,none,True,True
19446,1.0,0.0,0.5,none,True,True
19447,1.0,0.0,0.5,none,True,True
19448,1.0,0.0,0.5,none,True,True
19449,1.0,0.0,0.5,none,True,True
19450,1.0,0.0,0.5,none,True,True
19451,1.0,0.0,0.5,none,True,True
19452,1.0,0.0,0.5,none,True,True
19453,1.0,0.0,0.5,none,True,True
19454,1.0,0.0,0.5,none,True,True
19455,1.0,0.0,0.5,none,True,True
19456,1.0,0.0,0.5,none,True,True
19457,1.0,0.0,0.5,none,True,True
19458,1.0,0.0,0.5,none,True,True
19459,1.0,0.0,0.5,none,True,True
19460,1.0,0.0,0.5,none,True,True
19461,1.0,0.0,0.5,none,True,True
19462,1.0,0.0,0.5,none,True,True
19463,1.0,0.0,0.5,none,True,True
19464,1.0,0.0,0.5,none,True,True
19465,1.0,0.0,0.5,none,True,True
19466,1.0,0.0,0.5,none,True,True
19467,1.0,0.0,0.5,none,True,True
19468,1.0,0.0,0.5,none,True,True
19469,1.0,0.0,0.5,none,True,True
19470,1.0,0.0,0.5,none,True,True
19471,1.0,0.0,0.5,none,True,True
19472,1.0,0.0,0.5,none,True,True
19473,1.0,0.0,0.5,none,True,True
19474,1.0,0.0,0.5,none,True,True
19475,1.0,0.0,0.5,none,True,True
19476,1.0,0.0,0.5,none,True,True
19477,1.0,0.0,0.5,none,True,True
19478,1.0,0.0,0.5,none,True,True
19479,1.0,0.0,0.5,none,True,True
19480,1.0,0.0,0.5,none,True,True
19481,1.0,0.0,0.5,none,True,True
19482,1.0,0.0,0.5,none,True,True
19483,1.0,0.0,0.5,none,True,True
19484,1.0,0.0,0.5,none,True,True
19485,1.0,0.0,0.5,none,True,True
19486,1.0,0.0,0.5,none,True,True
19487,1.0,0.0,0.5,none,True,True
19488,1.0,0.0,0.5,none,True,True
19489,1.0,0.0,0.5,none,True,True
19490,1.0,0.0,0.5,none,True,True
19491,1.0,0.0,0.5,none,True,True
19492,1.0,0.0,0.5,none,True,True
19493,1.0,0.0,0.5,none,True,True
19494,1.0,0.0,0.5,none,True,True
19495,1.0,0.0,0.5,none,True,True
19496,1.0,0.0,0.5,none,True,True
19497,1.0,0.0,0.5,none,True,True
19498,1.0,0.0,0.5,none,True,True
19499,1.0,0.0,0.5,none,True,True
19500,1.0,0.0,0.5,none,True,True
19501,1.0,0.0,0.5,none,True,True
19502,1.0,0.0,0.5,none,True,True
19503,1.0,0.0,0.5,none,True,True
19504,1.0,0.0,0.5,none,True,True
19505,1.0,0.0,0.5,none,True,True
19506,1.0,0.0,0.5,none,True,True
19507,1.0,0.0,0.5,none,True,True
19508,1.0,0.0,0.5,none,True,True
19509,1.0,0.0,0.5,none,True,True
19510,1.0,0.0,0.5,none,True,True
19511,1.0,0.0,0.5,none,True,True
19512,1.0,0.0,0.5,none,True,True
19513,1.0,0.0,0.5,none,True,True
19514,1.0,0.0,0.5,none,True,True
19515,1.0,0.0,0.5,none,True,True
19516,1.0,0.0,0.5,none,True,True
19517,1.0,0.0,0.5,none,True,True
19518,1.0,0.0,0.5,none,True,True
19519,1.0,0.0,0.5,none,True,True
19520,1.0,0.0,0.5,none,True,True
19521,1.0,0.0,0.5,none,True,True
19522,1.0,0.0,0.5,none,True,True
19523,1.0,0.0,0.5,none,True,True
19524,1.0,0.0,0.5,none,True,True
19525,1.0,0.0,0.5,none,True,True
19526,1.0,0.0,0.5,none,True,True
19527,1.0,0.0,0.5,none,True,True
19528,1.0,0.0,0.5,none,True,True
19529,1.0,0.0,0.5,none,True,True
19530,1.0,0.0,0.5,none,True,True
19531,1.0,0.0,0.5,none,True,True
19532,1.0,0.0,0.5,none,True,True
19533,1.0,0.0,0.5,none,True,True
19534,1.0,0.0,0.5,none,True,True
19535,1.0,0.0,0.5,none,True,True
19536,1.0,0.0,0.5,none,True,True
19537,1.0,0.0,0.5,none,True,True
19538,1.0,0.0,0.5,none,True,True
19539,1.0,0.0,0.5,none,True,True
19540,1.0,0.0,0.5,none,True,True
19541,1.0,0.0,0.5,none,True,True
19542,1.0,0.0,0.5,none,True,True
19543,1.0,0.0,0.5,none,True,True
19544,1.0,0.0,0.5,none,True,True
19545,1.0,0.0,0.5,none,True,True
19546,1.0,0.0,0.5,none,True,True
19547,1.0,0.0,0.5,none,True,True
19548,1.0,0.0,0.5,none,True,True
19549,1.0,0.0,0.5,none,True,True
19550,1.0,0.0,0.5,none,True,True
19551,1.0,0.0,0.5,none,True,True
19552,1.0,0.0,0.5,none,True,True
19553,1.0,0.0,0.5,none,True,True
19554,1.0,0.0,0.5,none,True,True
19555,1.0,0.0,0.5,none,True,True
19556,1.0,0.0,0.5,none,True,True
19557,1.0,0.0,0.5,none,True,True
19558,1.0,0.0,0.5,none,True,True
19559,1.0,0.0,0.5,none,True,True
19560,1.0,0.0,0.5,none,True,True
19561,1.0,0.0,0.5,none,True,True
19562,1.0,0.0,0.5,none,True,True
19563,1.0,0.0,0.5,none,True,True
19564,1.0,0.0,0.5,none,True,True
19565,1.0,0.0,0.5,none,True,True
19566,1.0,0.0,0.5,none,True,True
19567,1.0,0.0,0.5,none,True,True
19568,1.0,0.0,0.5,none,True,True
19569,1.0,0.0,0.5,none,True,True
19570,1.0,0.0,0.5,none,True,True
19571,1.0,0.0,0.5,none,True,True
19572,1.0,0.0,0.5,none,True,True
19573,1.0,0.0,0.5,none,True,True
19574,1.0,0.0,0.5,none,True,True
19575,1.0,0.0,0.5,none,True,True
19576,1.0,0.0,0.5,none,True,True
19577,1.0,0.0,0.5,none,True,True
19578,1.0,0.0,0.5,none,True,True
19579,1.0,0.0,0.5,none,True,True
19580,1.0,0.0,0.5,none,True,True
19581,1.0,0.0,0.5,none,True,True
19582,1.0,0.0,0.5,none,True,True
19583,1.0,0.0,0.5,none,True,True
19584,1.0,0.0,0.5,none,True,True
19585,1.0,0.0,0.5,none,True,True
19586,1.0,0.0,0.5,none,True,True
19587,1.0,0.0,0.5,none,True,True
19588,1.0,0.0,0.5,none,True,True
19589,1.0,0.0,0.5,none,True,True
19590,1.0,0.0,0.5,none,True,True
19591,1.0,0.0,0.5,none,True,True
19592,1.0,0.0,0.5,none,True,True
19593,1.0,0.0,0.5,none,True,True
19594,1.0,0.0,0.5,none,True,True
19595,1.0,0.0,0.5,none,True,True
19596,1.0,0.0,0.5,none,True,True
19597,1.0,0.0,0.5,none,True,True
19598,1.0,0.0,0.5,none,True,True
19599,1.0,0.0,0.5,none,True,True
19600,1.0,0.0061,0.5,none,True,True
19601,1.0,0.0357,0.5,none,True,True
19602,1.0,0.0812,0.5,none,True,True
19603,1.0,0.1113,0.5,none,True,True
19604,1.0,0.1253,0.5,none,True,True
19605,1.0,0.1408,0.5,none,True,True
19606,1.0,0.0907,0.5,none,True,True
19607,1.0,0.1198,0.5,none,True,True
19608,1.0,0.0467,0.5,none,True,True
19609,1.0,0.0522,0.5,none,True,True
19610,1.0,0.0405,0.5,none,True,True
19611,1.0,0.0313,0.5,none,True,True
19612,1.0,0.0083,0.5,none,True,True
19613,1.0,0.0726,0.5,none,True,True
19614,1.0,0.0793,0.5,none,True,True
19615,1.0,0.0581,0.5,none,True,True
19616,1.0,0.0955,0.5,none,True,True
19617,1.0,0.0839,0.5,none,True,True
19618,1.0,0.0648,0.5,none,True,True
19619,1.0,0.0718,0.5,none,True,True
19620,1.0,0.0589,0.5,none,True,True
19621,1.0,0.0403,0.5,none,True,True
19622,1.0,0.0327,0.5,none,True,True
19623,1.0,0.0277,0.5,none,True,True
19624,1.0,0.017,0.5,none,True,True
19625,1.0,0.0102,0.5,none,True,True
19626,1.0,0.0099,0.5,none,True,True
19627,1.0,0.008,0.5,none,True,True
19628,1.0,0.005,0.5,none,True,True
19629,1.0,0.0063,0.5,none,True,True
19630,1.0,0.009,0.5,none,True,True
19631,1.0,0.0096,0.5,none,True,True
19632,1.0,0.0108,0.5,none,True,True
19633,1.0,0.014,0.5,none,True,True
19634,1.0,0.0161,0.5,none,True,True
19635,1.0,0.0167,0.5,none,True,True
19636,1.0,0.0182,0.5,none,True,True
19637,1.0,0.0196,0.5,none,True,True
19638,1.0,0.0197,0.5,none,True,True
19639,1.0,0.0193,0.5,none,True,True
19640,1.0,0.0193,0.5,none,True,True
19641,1.0,0.0187,0.5,none,True,True
19642,1.0,0.0174,0.5,none,True,True
19643,1.0,0.0163,0.5,none,True,True
19644,1.0,0.0152,0.5,none,True,True
19645,1.0,0.0138,0.5,none,True,True
19646,1.0,0.0123,0.5,none,True,True
19647,1.0,0.0111,0.5,none,True,True
19648,1.0,0.01,0.5,none,True,True
19649,1.0,0.0088,0.5,none,True,True
19650,1.0,0.0078,0.5,none,True,True
19651,1.0,0.0071,0.5,none,True,True
19652,1.0,0.0064,0.5,none,True,True
19653,1.0,0.0057,0.5,none,True,True
19654,1.0,0.0053,0.5,none,True,True
19655,1.0,0.005,0.5,none,True,True
19656,1.0,0.0047,0.5,none,True,True
19657,1.0,0.0045,0.5,none,True,True
19658,1.0,0.0044,0.5,none,True,True
19659,1.0,0.0043,0.5,none,True,True
19660,1.0,0.0042,0.5,none,True,True
19661,1.0,0.0041,0.5,none,True,True
19662,1.0,0.004,0.5,none,True,True
19663,1.0,0.0039,0.5,none,True,True
19664,1.0,0.0038,0.5,none,True,True
19665,1.0,0.0037,0.5,none,True,True
19666,1.0,0.0035,0.5,none,True,True
19667,1.0,0.0033,0.5,none,True,True
19668,1.0,0.0032,0.5,none,True,True
19669,1.0,0.003,0.5,none,True,True
19670,1.0,0.0028,0.5,none,True,True
19671,1.0,0.0026,0.5,none,True,True
19672,1.0,0.0024,0.5,none,True,True
19673,1.0,0.0023,0.5,none,True,True
19674,1.0,0.0021,0.5,none,True,True
19675,1.0,0.0019,0.5,none,True,True
19676,1.0,0.0018,0.5,none,True,True
19677,1.0,0.0017,0.5,none,True,True
19678,1.0,0.0015,0.5,none,True,True
19679,1.0,0.0014,0.5,none,True,True
19680,1.0,0.0013,0.5,none,True,True
19681,1.0,0.0013,0.5,none,True,True
19682,1.0,0.0012,0.5,none,True,True
19683,1.0,0.0011,0.5,none,True,True
19684,1.0,0.0011,0.5,none,True,True
19685,1.0,0.001,0.5,none,True,True
19686,1.0,0.001,0.5,none,True,True
19687,1.0,0.0009,0.5,none,True,True
19688,1.0,0.0009,0.5,none,True,True
19689,1.0,0.0008,0.5,none,True,True
19690,1.0,0.0008,0.5,none,True,True
19691,1.0,0.0008,0.5,none,True,True
19692,1.0,0.0007,0.5,none,True,True
19693,1.0,0.0007,0.5,none,True,True
19694,1.0,0.0006,0.5,none,True,True
19695,1.0,0.0006,0.5,none,True,True
19696,1.0,0.0006,0.5,none,True,True
19697,1.0,0.0005,0.5,none,True,True
19698,1.0,0.0005,0.5,none,True,True
19699,1.0,0.0005,0.5,none,True,True
19700,1.0,0.0004,0.5,none,True,True
19701,1.0,0.0004,0.5,none,True,True
19702,1.0,0.0004,0.5,none,True,True
19703,1.0,0.0004,0.5,none,True,True
19704,1.0,0.0003,0.5,none,True,True
19705,1.0,0.0003,0.5,none,True,True
19706,1.0,0.0003,0.5,none,True,True
19707,1.0,0.0003,0.5,none,True,True
19708,1.0,0.0003,0.5,none,True,True
19709,1.0,0.0003,0.5,none,True,True
19710,1.0,0.0002,0.5,none,True,True
19711,1.0,0.0002,0.5,none,True,True
19712,1.0,0.0002,0.5,none,True,True
19713,1.0,0.0002,0.5,none,True,True
19714,1.0,0.0002,0.5,none,True,True
19715,1.0,0.0002,0.5,none,True,True
19716,1.0,0.0002,0.5,none,True,True
19717,1.0,0.0002,0.5,none,True,True
19718,1.0,0.0002,0.5,none,True,True
19719,1.0,0.0001,0.5,none,True,True
19720,1.0,0.0001,0.5,none,True,True
19721,1.0,0.0001,0.5,none,True,True
19722,1.0,0.0001,0.5,none,True,True
19723,1.0,0.0001,0.5,none,True,True
19724,1.0,0.0001,0.5,none,True,True
19725,1.0,0.0001,0.5,none,True,True
19726,1.0,0.0001,0.5,none,True,True
19727,1.0,0.0001,0.5,none,True,True
19728,1.0,0.0001,0.5,none,True,True
19729,1.0,0.0001,0.5,none,True,True
19730,1.0,0.0001,0.5,none,True,True
19731,1.0,0.0001,0.5,none,True,True
19732,1.0,0.0001,0.5,none,True,True
19733,1.0,0.0001,0.5,none,True,True
19734,1.0,0.0001,0.5,none,True,True
19735,1.0,0.0001,0.5,none,True,True
19736,1.0,0.0001,0.5,none,True,True
19737,1.0,0.0,0.5,none,True,True
19738,1.0,0.0,0.5,none,True,True
19739,1.0,0.0,0.5,none,True,True
19740,1.0,0.0,0.5,none,True,True
19741,1.0,0.0,0.5,none,True,True
19742,1.0,0.0,0.5,none,True,True
19743,1.0,0.0,0.5,none,True,True
19744,1.0,0.0,0.5,none,True,True
19745,1.0,0.0,0.5,none,True,True
19746,1.0,0.0,0.5,none,True,True
19747,1.0,0.0,0.5,none,True,True
19748,1.0,0.0,0.5,none,True,True
19749,1.0,0.0,0.5,none,True,True
19750,1.0,0.0,0.5,none,True,True
19751,1.0,0.0,0.5,none,True,True
19752,1.0,0.0,0.5,none,True,True
19753,1.0,0.0,0.5,none,True,True
19754,1.0,0.0,0.5,none,True,True
19755,1.0,0.0,0.5,none,True,True
19756,1.0,0.0,0.5,none,True,True
19757,1.0,0.0,0.5,none,True,True
19758,1.0,0.0,0.5,none,True,True
19759,1.0,0.0,0.5,none,True,True
19760,1.0,0.0,0.5,none,True,True
19761,1.0,0.0,0.5,none,True,True
19762,1.0,0.0,0.5,none,True,True
19763,1.0,0.0,0.5,none,True,True
19764,1.0,0.0,0.5,none,True,True
19765,1.0,0.0,0.5,none,True,True
19766,1.0,0.0,0.5,none,True,True
19767,1.0,0.0,0.5,none,True,True
19768,1.0,0.0,0.5,none,True,True
19769,1.0,0.0,0.5,none,True,True
19770,1.0,0.0,0.5,none,True,True
19771,1.0,0.0,0.5,none,True,True
19772,1.0,0.0,0.5,none,True,True
19773,1.0,0.0,0.5,none,True,True
19774,1.0,0.0,0.5,none,True,True
19775,1.0,0.0,0.5,none,True,True
19776,1.0,0.0,0.5,none,True,True
19777,1.0,0.0,0.5,none,True,True
19778,1.0,0.0,0.5,none,True,True
19779,1.0,0.0,0.5,none,True,True
19780,1.0,0.0,0.5,none,True,True
19781,1.0,0.0,0.5,none,True,True
19782,1.0,0.0,0.5,none,True,True
19783,1.0,0.0,0.5,none,True,True
19784,1.0,0.0,0.5,none,True,True
19785,1.0,0.0,0.5,none,True,True
19786,1.0,0.0,0.5,none,True,True
19787,1.0,0.0,0.5,none,True,True
19788,1.0,0.0,0.5,none,True,True
19789,1.0,0.0,0.5,none,True,True
19790,1.0,0.0,0.5,none,True,True
19791,1.0,0.0,0.5,none,True,True
19792,1.0,0.0,0.5,none,True,True
19793,1.0,0.0,0.5,none,True,True
19794,1.0,0.0,0.5,none,True,True
19795,1.0,0.0,0.5,none,True,True
19796,1.0,0.0,0.5,none,True,True
19797,1.0,0.0,0.5,none,True,True
19798,1.0,0.0,0.5,none,True,True
19799,1.0,0.0,0.5,none,True,True
19800,1.0,0.0,0.5,none,True,True
19801,1.0,0.0,0.5,none,True,True
19802,1.0,0.0,0.5,none,True,True
19803,1.0,0.0,0.5,none,True,True
19804,1.0,0.0,0.5,none,True,True
19805,1.0,0.0,0.5,none,True,True
19806,1.0,0.0,0.5,none,True,True
19807,1.0,0.0,0.5,none,True,True
19808,1.0,0.0,0.5,none,True,True
19809,1.0,0.0,0.5,none,True,True
19810,1.0,0.0,0.5,none,True,True
19811,1.0,0.0,0.5,none,True,True
19812,1.0,0.0,0.5,none,True,True
19813,1.0,0.0,0.5,none,True,True
19814,1.0,0.0,0.5,none,True,True
19815,1.0,0.0,0.5,none,True,True
19816,1.0,0.0,0.5,none,True,True
19817,1.0,0.0,0.5,none,True,True
19818,1.0,0.0,0.5,none,True,True
19819,1.0,0.0,0.5,none,True,True
19820,1.0,0.0,0.5,none,True,True
19821,1.0,0.0,0.5,none,True,True
19822,1.0,0.0,0.5,none,True,True
19823,1.0,0.0,0.5,none,True,True
19824,1.0,0.0,0.5,none,True,True
19825,1.0,0.0,0.5,none,True,True
19826,1.0,0.0,0.5,none,True,True
19827,1.0,0.0,0.5,none,True,True
19828,1.0,0.0,0.5,none,True,True
19829,1.0,0.0,0.5,none,True,True
19830,1.0,0.0,0.5,none,True,True
19831,1.0,0.0,0.5,none,True,True
19832,1.0,0.0,0.5,none,True,True
19833,1.0,0.0,0.5,none,True,True
19834,1.0,0.0,0.5,none,True,True
19835,1.0,0.0,0.5,none,True,True
19836,1.0,0.0,0.5,none,True,True
19837,1.0,0.0,0.5,none,True,True
19838,1.0,0.0,0.5,none,True,True
19839,1.0,0.0,0.5,none,True,True
19840,1.0,0.0,0.5,none,True,True
19841,1.0,0.0,0.5,none,True,True
19842,1.0,0.0,0.5,none,True,True
19843,1.0,0.0,0.5,none,True,True
19844,1.0,0.0,0.5,none,True,True
19845,1.0,0.0,0.5,none,True,True
19846,1.0,0.0,0.5,none,True,True
19847,1.0,0.0,0.5,none,True,True
19848,1.0,0.0,0.5,none,True,True
19849,1.0,0.0,0.5,none,True,True
19850,1.0,0.0,0.5,none,True,True
19851,1.0,0.0,0.5,none,True,True
19852,1.0,0.0,0.5,none,True,True
19853,1.0,0.0,0.5,none,True,True
19854,1.0,0.0,0.5,none,True,True
19855,1.0,0.0,0.5,none,True,True
19856,1.0,0.0,0.5,none,True,True
19857,1.0,0.0,0.5,none,True,True
19858,1.0,0.0,0.5,none,True,True
19859,1.0,0.0,0.5,none,True,True
19860,1.0,0.0,0.5,none,True,True
19861,1.0,0.0,0.5,none,True,True
19862,1.0,0.0,0.5,none,True,True
19863,1.0,0.0,0.5,none,True,True
19864,1.0,0.0,0.5,none,True,True
19865,1.0,0.0,0.5,none,True,True
19866,1.0,0.0,0.5,none,True,True
19867,1.0,0.0,0.5,none,True,True
19868,1.0,0.0,0.5,none,True,True
19869,1.0,0.0,0.5,none,True,True
19870,1.0,0.0,0.5,none,True,True
19871,1.0,0.0,0.5,none,True,True
19872,1.0,0.0,0.5,none,True,True
19873,1.0,0.0,0.5,none,True,True
19874,1.0,0.0,0.5,none,True,True
19875,1.0,0.0,0.5,none,True,True
19876,1.0,0.0,0.5,none,True,True
19877,1.0,0.0,0.5,none,True,True
19878,1.0,0.0,0.5,none,True,True
19879,1.0,0.0,0.5,none,True,True
19880,1.0,0.0,0.5,none,True,True
19881,1.0,0.0,0.5,none,True,True
19882,1.0,0.0,0.5,none,True,True
19883,1.0,0.0,0.5,none,True,True
19884,1.0,0.0,0.5,none,True,True
19885,1.0,0.0,0.5,none,True,True
19886,1.0,0.0,0.5,none,True,True
19887,1.0,0.0,0.5,none,True,True
19888,1.0,0.0,0.5,none,True,True
19889,1.0,0.0,0.5,none,True,True
19890,1.0,0.0,0.5,none,True,True
19891,1.0,0.0,0.5,none,True,True
19892,1.0,0.0,0.5,none,True,True
19893,1.0,0.0,0.5,none,True,True
19894,1.0,0.0,0.5,none,True,True
19895,1.0,0.0,0.5,none,True,True
19896,1.0,0.0,0.5,none,True,True
19897,1.0,0.0,0.5,none,True,True
19898,1.0,0.0,0.5,none,True,True
19899,1.0,0.0,0.5,none,True,True
19900,1.0,0.0,0.5,none,True,True
19901,1.0,0.0,0.5,none,True,True
19902,1.0,0.0,0.5,none,True,True
19903,1.0,0.0,0.5,none,True,True
19904,1.0,0.0,0.5,none,True,True
19905,1.0,0.0,0.5,none,True,True
19906,1.0,0.0,0.5,none,True,True
19907,1.0,0.0,0.5,none,True,True
19908,1.0,0.0,0.5,none,True,True
19909,1.0,0.0,0.5,none,True,True
19910,1.0,0.0,0.5,none,True,True
19911,1.0,0.0,0.5,none,True,True
19912,1.0,0.0,0.5,none,True,True
19913,1.0,0.0,0.5,none,True,True
19914,1.0,0.0,0.5,none,True,True
19915,1.0,0.0,0.5,none,True,True
19916,1.0,0.0,0.5,none,True,True
19917,1.0,0.0,0.5,none,True,True
19918,1.0,0.0,0.5,none,True,True
19919,1.0,0.0,0.5,none,True,True
19920,1.0,0.0,0.5,none,True,True
19921,1.0,0.0,0.5,none,True,True
19922,1.0,0.0,0.5,none,True,True
19923,1.0,0.0,0.5,none,True,True
19924,1.0,0.0,0.5,none,True,True
19925,1.0,0.0,0.5,none,True,True
19926,1.0,0.0,0.5,none,True,True
19927,1.0,0.0,0.5,none,True,True
19928,1.0,0.0,0.5,none,True,True
19929,1.0,0.0,0.5,none,True,True
19930,1.0,0.0,0.5,none,True,True
19931,1.0,0.0,0.5,none,True,True
19932,1.0,0.0,0.5,none,True,True
19933,1.0,0.0,0.5,none,True,True
19934,1.0,0.0,0.5,none,True,True
19935,1.0,0.0,0.5,none,True,True
19936,1.0,0.0,0.5,none,True,True
19937,1.0,0.0,0.5,none,True,True
19938,1.0,0.0,0.5,none,True,True
19939,1.0,0.0,0.5,none,True,True
19940,1.0,0.0,0.5,none,True,True
19941,1.0,0.0,0.5,none,True,True
19942,1.0,0.0,0.5,none,True,True
19943,1.0,0.0,0.5,none,True,True
19944,1.0,0.0,0.5,none,True,True
19945,1.0,0.0,0.5,none,True,True
19946,1.0,0.0,0.5,none,True,True
19947,1.0,0.0,0.5,none,True,True
19948,1.0,0.0,0.5,none,True,True
19949,1.0,0.0,0.5,none,True,True
19950,1.0,0.0,0.5,none,True,True
19951,1.0,0.0,0.5,none,True,True
19952,1.0,0.0,0.5,none,True,True
19953,1.0,0.0,0.5,none,True,True
19954,1.0,0.0,0.5,none,True,True
19955,1.0,0.0,0.5,none,True,True
19956,1.0,0.0,0.5,none,True,True
19957,1.0,0.0,0.5,none,True,True
19958,1.0,0.0,0.5,none,True,True
19959,1.0,0.0,0.5,none,True,True
19960,1.0,0.0,0.5,none,True,True
19961,1.0,0.0,0.5,none,True,True
19962,1.0,0.0,0.5,none,True,True
19963,1.0,0.0,0.5,none,True,True
19964,1.0,0.0,0.5,none,True,True
19965,1.0,0.0,0.5,none,True,True
19966,1.0,0.0,0.5,none,True,True
19967,1.0,0.0,0.5,none,True,True
19968,1.0,0.0,0.5,none,True,True
19969,1.0,0.0,0.5,none,True,True
19970,1.0,0.0,0.5,none,True,True
19971,1.0,0.0,0.5,none,True,True
19972,1.0,0.0,0.5,none,True,True
19973,1.0,0.0,0.5,none,True,True
19974,1.0,0.0,0.5,none,True,True
19975,1.0,0.0,0.5,none,True,True
19976,1.0,0.0,0.5,none,True,True
19977,1.0,0.0,0.5,none,True,True
19978,1.0,0.0,0.5,none,True,True
19979,1.0,0.0,0.5,none,True,True
19980,1.0,0.0,0.5,none,True,True
19981,1.0,0.0,0.5,none,True,True
19982,1.0,0.0,0.5,none,True,True
19983,1.0,0.0,0.5,none,True,True
19984,1.0,0.0,0.5,none,True,True
19985,1.0,0.0,0.5,none,True,True
19986,1.0,0.0,0.5,none,True,True
19987,1.0,0.0,0.5,none,True,True
19988,1.0,0.0,0.5,none,True,True
19989,1.0,0.0,0.5,none,True,True
19990,1.0,0.0,0.5,none,True,True
19991,1.0,0.0,0.5,none,True,True
19992,1.0,0.0,0.5,none,True,True
19993,1.0,0.0,0.5,none,True,True
19994,1.0,0.0,0.5,none,True,True
19995,1.0,0.0,0.5,none,True,True
19996,1.0,0.0,0.5,none,True,True
19997,1.0,0.0,0.5,none,True,True
19998,1.0,0.0,0.5,none,True,True
19999,1.0,0.0,0.5,none,True,True
20000,1.0,0.0,0.5,none,True,True
20001,1.0,0.0,0.5,none,True,True
20002,1.0,0.0,0.5,none,True,True
20003,1.0,0.0,0.5,none,True,True
20004,1.0,0.0,0.5,none,True,True
20005,1.0,0.0,0.5,none,True,True
20006,1.0,0.0,0.5,none,True,True
20007,1.0,0.0,0.5,none,True,True
20008,1.0,0.0,0.5,none,True,True
20009,1.0,0.0,0.5,none,True,True
20010,1.0,0.0,0.5,none,True,True
20011,1.0,0.0,0.5,none,True,True
20012,1.0,0.0,0.5,none,True,True
20013,1.0,0.0,0.5,none,True,True
20014,1.0,0.0,0.5,none,True,True
20015,1.0,0.0,0.5,none,True,True
20016,1.0,0.0,0.5,none,True,True
20017,1.0,0.0,0.5,none,True,True
20018,1.0,0.0,0.5,none,True,True
20019,1.0,0.0,0.5,none,True,True
20020,1.0,0.0,0.5,none,True,True
20021,1.0,0.0,0.5,none,True,True
20022,1.0,0.0,0.5,none,True,True
20023,1.0,0.0,0.5,none,True,True
20024,1.0,0.0,0.5,none,True,True
20025,1.0,0.0,0.5,none,True,True
20026,1.0,0.0,0.5,none,True,True
20027,1.0,0.0,0.5,none,True,True
20028,1.0,0.0,0.5,none,True,True
20029,1.0,0.0,0.5,none,True,True
20030,1.0,0.0,0.5,none,True,True
20031,1.0,0.0,0.5,none,True,True
20032,1.0,0.0,0.5,none,True,True
20033,1.0,0.0,0.5,none,True,True
20034,1.0,0.0,0.5,none,True,True
20035,1.0,0.0,0.5,none,True,True
20036,1.0,0.0,0.5,none,True,True
20037,1.0,0.0,0.5,none,True,True
20038,1.0,0.0,0.5,none,True,True
20039,1.0,0.0,0.5,none,True,True
20040,1.0,0.0,0.5,none,True,True
20041,1.0,0.0,0.5,none,True,True
20042,1.0,0.0,0.5,none,True,True
20043,1.0,0.0,0.5,none,True,True
20044,1.0,0.0,0.5,none,True,True
20045,1.0,0.0,0.5,none,True,True
20046,1.0,0.0,0.5,none,True,True
20047,1.0,0.0,0.5,none,True,True
20048,1.0,0.0,0.5,none,True,True
20049,1.0,0.0,0.5,none,True,True
20050,1.0,0.0,0.5,none,True,True
20051,1.0,0.0,0.5,none,True,True
20052,1.0,0.0,0.5,none,True,True
20053,1.0,0.0,0.5,none,True,True
20054,1.0,0.0,0.5,none,True,True
20055,1.0,0.0,0.5,none,True,True
20056,1.0,0.0,0.5,none,True,True
20057,1.0,0.0,0.5,none,True,True
20058,1.0,0.0,0.5,none,True,True
20059,1.0,0.0,0.5,none,True,True
20060,1.0,0.0,0.5,none,True,True
20061,1.0,0.0,0.5,none,True,True
20062,1.0,0.0,0.5,none,True,True
20063,1.0,0.0,0.5,none,True,True
20064,1.0,0.0,0.5,none,True,True
20065,1.0,0.0,0.5,none,True,True
20066,1.0,0.0,0.5,none,True,True
20067,1.0,0.0,0.5,none,True,True
20068,1.0,0.0,0.5,none,True,True
20069,1.0,0.0,0.5,none,True,True
20070,1.0,0.0,0.5,none,True,True
20071,1.0,0.0,0.5,none,True,True
20072,1.0,0.0,0.5,none,True,True
20073,1.0,0.0,0.5,none,True,True
20074,1.0,0.0,0.5,none,True,True
20075,1.0,0.0,0.5,none,True,True
20076,1.0,0.0,0.5,none,True,True
20077,1.0,0.0,0.5,none,True,True
20078,1.0,0.0,0.5,none,True,True
20079,1.0,0.0,0.5,none,True,True
20080,1.0,0.0,0.5,none,True,True
20081,1.0,0.0,0.5,none,True,True
20082,1.0,0.0,0.5,none,True,True
20083,1.0,0.0,0.5,none,True,True
20084,1.0,0.0,0.5,none,True,True
20085,1.0,0.0,0.5,none,True,True
20086,1.0,0.0,0.5,none,True,True
20087,1.0,0.0,0.5,none,True,True
20088,1.0,0.0,0.5,none,True,True
20089,1.0,0.0,0.5,none,True,True
20090,1.0,0.0,0.5,none,True,True
20091,1.0,0.0,0.5,none,True,True
20092,1.0,0.0,0.5,none,True,True
20093,1.0,0.0,0.5,none,True,True
20094,1.0,0.0,0.5,none,True,True
20095,1.0,0.0,0.5,none,True,True
20096,1.0,0.0,0.5,none,True,True
20097,1.0,0.0,0.5,none,True,True
20098,1.0,0.0,0.5,none,True,True
20099,1.0,0.0,0.5,none,True,True
20100,1.0,0.0,0.5,none,True,True
20101,1.0,0.0,0.5,none,True,True
20102,1.0,0.0,0.5,none,True,True
20103,1.0,0.0,0.5,none,True,True
20104,1.0,0.0,0.5,none,True,True
20105,1.0,0.0,0.5,none,True,True
20106,1.0,0.0,0.5,none,True,True
20107,1.0,0.0,0.5,none,True,True
20108,1.0,0.0,0.5,none,True,True
20109,1.0,0.0,0.5,none,True,True
20110,1.0,0.0,0.5,none,True,True
20111,1.0,0.0,0.5,none,True,True
20112,1.0,0.0,0.5,none,True,True
20113,1.0,0.0,0.5,none,True,True
20114,1.0,0.0,0.5,none,True,True
20115,1.0,0.0,0.5,none,True,True
20116,1.0,0.0,0.5,none,True,True
20117,1.0,0.0,0.5,none,True,True
20118,1.0,0.0,0.5,none,True,True
20119,1.0,0.0,0.5,none,True,True
20120,1.0,0.0,0.5,none,True,True
20121,1.0,0.0,0.5,none,True,True
20122,1.0,0.0,0.5,none,True,True
20123,1.0,0.0,0.5,none,True,True
20124,1.0,0.0,0.5,none,True,True
20125,1.0,0.0,0.5,none,True,True
20126,1.0,0.0,0.5,none,True,True
20127,1.0,0.0,0.5,none,True,True
20128,1.0,0.0,0.5,none,True,True
20129,1.0,0.0,0.5,none,True,True
20130,1.0,0.0,0.5,none,True,True
20131,1.0,0.0,0.5,none,True,True
20132,1.0,0.0,0.5,none,True,True
20133,1.0,0.0,0.5,none,True,True
20134,1.0,0.0,0.5,none,True,True
20135,1.0,0.0,0.5,none,True,True
20136,1.0,0.0,0.5,none,True,True
20137,1.0,0.0,0.5,none,True,True
20138,1.0,0.0,0.5,none,True,True
20139,1.0,0.0,0.5,none,True,True
20140,1.0,0.0,0.5,none,True,True
20141,1.0,0.0,0.5,none,True,True
20142,1.0,0.0,0.5,none,True,True
20143,1.0,0.0,0.5,none,True,True
20144,1.0,0.0,0.5,none,True,True
20145,1.0,0.0,0.5,none,True,True
20146,1.0,0.0,0.5,none,True,True
20147,1.0,0.0,0.5,none,True,True
20148,1.0,0.0,0.5,none,True,True
20149,1.0,0.0,0.5,none,True,True
20150,1.0,0.0,0.5,none,True,True
20151,1.0,0.0,0.5,none,True,True
20152,1.0,0.0,0.5,none,True,True
20153,1.0,0.0,0.5,none,True,True
20154,1.0,0.0,0.5,none,True,True
20155,1.0,0.0,0.5,none,True,True
20156,1.0,0.0,0.5,none,True,True
20157,1.0,0.0,0.5,none,True,True
20158,1.0,0.0,0.5,none,True,True
20159,1.0,0.0,0.5,none,True,True
20160,1.0,0.0,0.5,none,True,True
20161,1.0,0.0,0.5,none,True,True
20162,1.0,0.0,0.5,none,True,True
20163,1.0,0.0,0.5,none,True,True
20164,1.0,0.0,0.5,none,True,True
20165,1.0,0.0,0.5,none,True,True
20166,1.0,0.0,0.5,none,True,True
20167,1.0,0.0,0.5,none,True,True
20168,1.0,0.0,0.5,none,True,True
20169,1.0,0.0,0.5,none,True,True
20170,1.0,0.0,0.5,none,True,True
20171,1.0,0.0,0.5,none,True,True
20172,1.0,0.0,0.5,none,True,True
20173,1.0,0.0,0.5,none,True,True
20174,1.0,0.0,0.5,none,True,True
20175,1.0,0.0,0.5,none,True,True
20176,1.0,0.0,0.5,none,True,True
20177,1.0,0.0,0.5,none,True,True
20178,1.0,0.0,0.5,none,True,True
20179,1.0,0.0,0.5,none,True,True
20180,1.0,0.0,0.5,none,True,True
20181,1.0,0.0,0.5,none,True,True
20182,1.0,0.0,0.5,none,True,True
20183,1.0,0.0,0.5,none,True,True
20184,1.0,0.0,0.5,none,True,True
20185,1.0,0.0,0.5,none,True,True
20186,1.0,0.0,0.5,none,True,True
20187,1.0,0.0,0.5,none,True,True
20188,1.0,0.0,0.5,none,True,True
20189,1.0,0.0,0.5,none,True,True
20190,1.0,0.0,0.5,none,True,True
20191,1.0,0.0,0.5,none,True,True
20192,1.0,0.0,0.5,none,True,True
20193,1.0,0.0,0.5,none,True,True
20194,1.0,0.0,0.5,none,True,True
20195,1.0,0.0,0.5,none,True,True
20196,1.0,0.0,0.5,none,True,True
20197,1.0,0.0,0.5,none,True,True
20198,1.0,0.0,0.5,none,True,True
20199,1.0,0.0,0.5,none,True,True
20200,1.0,0.0,0.5,none,True,True
20201,1.0,0.0,0.5,none,True,True
20202,1.0,0.0,0.5,none,True,True
20203,1.0,0.0,0.5,none,True,True
20204,1.0,0.0,0.5,none,True,True
20205,1.0,0.0,0.5,none,True,True
20206,1.0,0.0,0.5,none,True,True
20207,1.0,0.0,0.5,none,True,True
20208,1.0,0.0,0.5,none,True,True
20209,1.0,0.0,0.5,none,True,True
20210,1.0,0.0,0.5,none,True,True
20211,1.0,0.0,0.5,none,True,True
20212,1.0,0.0,0.5,none,True,True
20213,1.0,0.0,0.5,none,True,True
20214,1.0,0.0,0.5,none,True,True
20215,1.0,0.0,0.5,none,True,True
20216,1.0,0.0,0.5,none,True,True
20217,1.0,0.0,0.5,none,True,True
20218,1.0,0.0,0.5,none,True,True
20219,1.0,0.0,0.5,none,True,True
20220,1.0,0.0,0.5,none,True,True
20221,1.0,0.0,0.5,none,True,True
20222,1.0,0.0,0.5,none,True,True
20223,1.0,0.0,0.5,none,True,True
20224,1.0,0.0,0.5,none,True,True
20225,1.0,0.0,0.5,none,True,True
20226,1.0,0.0,0.5,none,True,True
20227,1.0,0.0,0.5,none,True,True
20228,1.0,0.0,0.5,none,True,True
20229,1.0,0.0,0.5,none,True,True
20230,1.0,0.0,0.5,none,True,True
20231,1.0,0.0,0.5,none,True,True
20232,1.0,0.0,0.5,none,True,True
20233,1.0,0.0,0.5,none,True,True
20234,1.0,0.0,0.5,none,True,True
20235,1.0,0.0,0.5,none,True,True
20236,1.0,0.0,0.5,none,True,True
20237,1.0,0.0,0.5,none,True,True
20238,1.0,0.0,0.5,none,True,True
20239,1.0,0.0,0.5,none,True,True
20240,1.0,0.0,0.5,none,True,True
20241,1.0,0.0,0.5,none,True,True
20242,1.0,0.0,0.5,none,True,True
20243,1.0,0.0,0.5,none,True,True
20244,1.0,0.0,0.5,none,True,True
20245,1.0,0.0,0.5,none,True,True
20246,1.0,0.0,0.5,none,True,True
20247,1.0,0.0,0.5,none,True,True
20248,1.0,0.0,0.5,none,True,True
20249,1.0,0.0,0.5,none,True,True
20250,1.0,0.0,0.5,none,True,True
20251,1.0,0.0,0.5,none,True,True
20252,1.0,0.0,0.5,none,True,True
20253,1.0,0.0,0.5,none,True,True
20254,1.0,0.0,0.5,none,True,True
20255,1.0,0.0,0.5,none,True,True
20256,1.0,0.0,0.5,none,True,True
20257,1.0,0.0,0.5,none,True,True
20258,1.0,0.0,0.5,none,True,True
20259,1.0,0.0,0.5,none,True,True
20260,1.0,0.0,0.5,none,True,True
20261,1.0,0.0,0.5,none,True,True
20262,1.0,0.0,0.5,none,True,True
20263,1.0,0.0,0.5,none,True,True
20264,1.0,0.0,0.5,none,True,True
20265,1.0,0.0,0.5,none,True,True
20266,1.0,0.0,0.5,none,True,True
20267,1.0,0.0,0.5,none,True,True
20268,1.0,0.0,0.5,none,True,True
20269,1.0,0.0,0.5,none,True,True
20270,1.0,0.0,0.5,none,True,True
20271,1.0,0.0,0.5,none,True,True
20272,1.0,0.0,0.5,none,True,True
20273,1.0,0.0,0.5,none,True,True
20274,1.0,0.0,0.5,none,True,True
20275,1.0,0.0,0.5,none,True,True
20276,1.0,0.0,0.5,none,True,True
20277,1.0,0.0,0.5,none,True,True
20278,1.0,0.0,0.5,none,True,True
20279,1.0,0.0,0.5,none,True,True
20280,1.0,0.0,0.5,none,True,True
20281,1.0,0.0,0.5,none,True,True
20282,1.0,0.0,0.5,none,True,True
20283,1.0,0.0,0.5,none,True,True
20284,1.0,0.0,0.5,none,True,True
20285,1.0,0.0,0.5,none,True,True
20286,1.0,0.0,0.5,none,True,True
20287,1.0,0.0,0.5,none,True,True
20288,1.0,0.0,0.5,none,True,True
20289,1.0,0.0,0.5,none,True,True
20290,1.0,0.0,0.5,none,True,True
20291,1.0,0.0,0.5,none,True,True
20292,1.0,0.0,0.5,none,True,True
20293,1.0,0.0,0.5,none,True,True
20294,1.0,0.0,0.5,none,True,True
20295,1.0,0.0,0.5,none,True,True
20296,1.0,0.0,0.5,none,True,True
20297,1.0,0.0,0.5,none,True,True
20298,1.0,0.0,0.5,none,True,True
20299,1.0,0.0,0.5,none,True,True
20300,1.0,0.0061,0.5,none,True,True
20301,1.0,0.0357,0.5,none,True,True
20302,1.0,0.0812,0.5,none,True,True
20303,1.0,0.1113,0.5,none,True,True
20304,1.0,0.1253,0.5,none,True,True
20305,1.0,0.1408,0.5,none,True,True
20306,1.0,0.0907,0.5,none,True,True
20307,1.0,0.1198,0.5,none,True,True
20308,1.0,0.0467,0.5,none,True,True
20309,1.0,0.0522,0.5,none,True,True
20310,1.0,0.0405,0.5,none,True,True
20311,1.0,0.0313,0.5,none,True,True
20312,1.0,0.0083,0.5,none,True,True
20313,1.0,0.0726,0.5,none,True,True
20314,1.0,0.0793,0.5,none,True,True
20315,1.0,0.0581,0.5,none,True,True
20316,1.0,0.0955,0.5,none,True,True
20317,1.0,0.0839,0.5,none,True,True
20318,1.0,0.0648,0.5,none,True,True
20319,1.0,0.0718,0.5,none,True,True
20320,1.0,0.0589,0.5,none,True,True
20321,1.0,0.0403,0.5,none,True,True
20322,1.0,0.0327,0.5,none,True,True
20323,1.0,0.0277,0.5,none,True,True
20324,1.0,0.017,0.5,none,True,True
20325,1.0,0.0102,0.5,none,True,True
20326,1.0,0.0099,0.5,none,True,True
20327,1.0,0.008,0.5,none,True,True
20328,1.0,0.005,0.5,none,True,True
20329,1.0,0.0063,0.5,none,True,True
20330,1.0,0.009,0.5,none,True,True
20331,1.0,0.0096,0.5,none,True,True
20332,1.0,0.0108,0.5,none,True,True
20333,1.0,0.014,0.5,none,True,True
20334,1.0,0.0161,0.5,none,True,True
20335,1.0,0.0167,0.5,none,True,True
20336,1.0,0.0182,0.5,none,True,True
20337,1.0,0.0196,0.5,none,True,True
20338,1.0,0.0197,0.5,none,True,True
20339,1.0,0.0193,0.5,none,True,True
20340,1.0,0.0193,0.5,none,True,True
20341,1.0,0.0187,0.5,none,True,True
20342,1.0,0.0174,0.5,none,True,True
20343,1.0,0.0163,0.5,none,True,True
20344,1.0,0.0152,0.5,none,True,True
20345,1.0,0.0138,0.5,none,True,True
20346,1.0,0.0123,0.5,none,True,True
20347,1.0,0.0111,0.5,none,True,True
20348,1.0,0.01,0.5,none,True,True
20349,1.0,0.0088,0.5,none,True,True
20350,1.0,0.0078,0.5,none,True,True
20351,1.0,0.0071,0.5,none,True,True
20352,1.0,0.0064,0.5,none,True,True
20353,1.0,0.0057,0.5,none,True,True
20354,1.0,0.0053,0.5,none,True,True
20355,1.0,0.005,0.5,none,True,True
20356,1.0,0.0047,0.5,none,True,True
20357,1.0,0.0045,0.5,none,True,True
20358,1.0,0.0044,0.5,none,True,True
20359,1.0,0.0043,0.5,none,True,True
20360,1.0,0.0042,0.5,none,True,True
20361,1.0,0.0041,0.5,none,True,True
20362,1.0,0.004,0.5,none,True,True
20363,1.0,0.0039,0.5,none,True,True
20364,1.0,0.0038,0.5,none,True,True
20365,1.0,0.0037,0.5,none,True,True
20366,1.0,0.0035,0.5,none,True,True
20367,1.0,0.0033,0.5,none,True,True
20368,1.0,0.0032,0.5,none,True,True
20369,1.0,0.003,0.5,none,True,True
20370,1.0,0.0028,0.5,none,True,True
20371,1.0,0.0026,0.5,none,True,True
20372,1.0,0.0024,0.5,none,True,True
20373,1.0,0.0023,0.5,none,True,True
20374,1.0,0.0021,0.5,none,True,True
20375,1.0,0.0019,0.5,none,True,True
20376,1.0,0.0018,0.5,none,True,True
20377,1.0,0.0017,0.5,none,True,True
20378,1.0,0.0015,0.5,none,True,True
20379,1.0,0.0014,0.5,none,True,True
20380,1.0,0.0013,0.5,none,True,True
20381,1.0,0.0013,0.5,none,True,True
20382,1.0,0.0012,0.5,none,True,True
20383,1.0,0.0011,0.5,none,True,True
20384,1.0,0.0011,0.5,none,True,True
20385,1.0,0.001,0.5,none,True,True
20386,1.0,0.001,0.5,none,True,True
20387,1.0,0.0009,0.5,none,True,True
20388,1.0,0.0009,0.5,none,True,True
20389,1.0,0.0008,0.5,none,True,True
20390,1.0,0.0008,0.5,none,True,True
20391,1.0,0.0008,0.5,none,True,True
20392,1.0,0.0007,0.5,none,True,True
20393,1.0,0.0007,0.5,none,True,True
20394,1.0,0.0006,0.5,none,True,True
20395,1.0,0.0006,0.5,none,True,True
20396,1.0,0.0006,0.5,none,True,True
20397,1.0,0.0005,0.5,none,True,True
20398,1.0,0.0005,0.5,none,True,True
20399,1.0,0.0005,0.5,none,True,True
20400,1.0,0.0004,0.5,none,True,True
20401,1.0,0.0004,0.5,none,True,True
20402,1.0,0.0004,0.5,none,True,True
20403,1.0,0.0004,0.5,none,True,True
20404,1.0,0.0003,0.5,none,True,True
20405,1.0,0.0003,0.5,none,True,True
20406,1.0,0.0003,0.5,none,True,True
20407,1.0,0.0003,0.5,none,True,True
20408,1.0,0.0003,0.5,none,True,True
20409,1.0,0.0003,0.5,none,True,True
20410,1.0,0.0002,0.5,none,True,True
20411,1.0,0.0002,0.5,none,True,True
20412,1.0,0.0002,0.5,none,True,True
20413,1.0,0.0002,0.5,none,True,True
20414,1.0,0.0002,0.5,none,True,True
20415,1.0,0.0002,0.5,none,True,True
20416,1.0,0.0002,0.5,none,True,True
20417,1.0,0.0002,0.5,none,True,True
20418,1.0,0.0002,0.5,none,True,True
20419,1.0,0.0001,0.5,none,True,True
20420,1.0,0.0001,0.5,none,True,True
20421,1.0,0.0001,0.5,none,True,True
20422,1.0,0.0001,0.5,none,True,True
20423,1.0,0.0001,0.5,none,True,True
20424,1.0,0.0001,0.5,none,True,True
20425,1.0,0.0001,0.5,none,True,True
20426,1.0,0.0001,0.5,none,True,True
20427,1.0,0.0001,0.5,none,True,True
20428,1.0,0.0001,0.5,none,True,True
20429,1.0,0.0001,0.5,none,True,True
20430,1.0,0.0001,0.5,none,True,True
20431,1.0,0.0001,0.5,none,True,True
20432,1.0,0.0001,0.5,none,True,True
20433,1.0,0.0001,0.5,none,True,True
20434,1.0,0.0001,0.5,none,True,True
20435,1.0,0.0001,0.5,none,True,True
20436,1.0,0.0001,0.5,none,True,True
20437,1.0,0.0,0.5,none,True,True
20438,1.0,0.0,0.5,none,True,True
20439,1.0,0.0,0.5,none,True,True
20440,1.0,0.0,0.5,none,True,True
20441,1.0,0.0,0.5,none,True,True
20442,1.0,0.0,0.5,none,True,True
20443,1.0,0.0,0.5,none,True,True
20444,1.0,0.0,0.5,none,True,True
20445,1.0,0.0,0.5,none,True,True
20446,1.0,0.0,0.5,none,True,True
20447,1.0,0.0,0.5,none,True,True
20448,1.0,0.0,0.5,none,True,True
20449,1.0,0.0,0.5,none,True,True
20450,1.0,0.0,0.5,none,True,True
20451,1.0,0.0,0.5,none,True,True
20452,1.0,0.0,0.5,none,True,True
20453,1.0,0.0,0.5,none,True,True
20454,1.0,0.0,0.5,none,True,True
20455,1.0,0.0,0.5,none,True,True
20456,1.0,0.0,0.5,none,True,True
20457,1.0,0.0,0.5,none,True,True
20458,1.0,0.0,0.5,none,True,True
20459,1.0,0.0,0.5,none,True,True
20460,1.0,0.0,0.5,none,True,True
20461,1.0,0.0,0.5,none,True,True
20462,1.0,0.0,0.5,none,True,True
20463,1.0,0.0,0.5,none,True,True
20464,1.0,0.0,0.5,none,True,True
20465,1.0,0.0,0.5,none,True,True
20466,1.0,0.0,0.5,none,True,True
20467,1.0,0.0,0.5,none,True,True
20468,1.0,0.0,0.5,none,True,True
20469,1.0,0.0,0.5,none,True,True
20470,1.0,0.0,0.5,none,True,True
20471,1.0,0.0,0.5,none,True,True
20472,1.0,0.0,0.5,none,True,True
20473,1.0,0.0,0.5,none,True,True
20474,1.0,0.0,0.5,none,True,True
20475,1.0,0.0,0.5,none,True,True
20476,1.0,0.0,0.5,none,True,True
20477,1.0,0.0,0.5,none,True,True
20478,1.0,0.0,0.5,none,True,True
20479,1.0,0.0,0.5,none,True,True
20480,1.0,0.0,0.5,none,True,True
20481,1.0,0.0,0.5,none,True,True
20482,1.0,0.0,0.5,none,True,True
20483,1.0,0.0,0.5,none,True,True
20484,1.0,0.0,0.5,none,True,True
20485,1.0,0.0,0.5,none,True,True
20486,1.0,0.0,0.5,none,True,True
20487,1.0,0.0,0.5,none,True,True
20488,1.0,0.0,0.5,none,True,True
20489,1.0,0.0,0.5,none,True,True
20490,1.0,0.0,0.5,none,True,True
20491,1.0,0.0,0.5,none,True,True
20492,1.0,0.0,0.5,none,True,True
20493,1.0,0.0,0.5,none,True,True
20494,1.0,0.0,0.5,none,True,True
20495,1.0,0.0,0.5,none,True,True
20496,1.0,0.0,0.5,none,True,True
20497,1.0,0.0,0.5,none,True,True
20498,1.0,0.0,0.5,none,True,True
20499,1.0,0.0,0.5,none,True,True
20500,1.0,0.0,0.5,none,True,True
20501,1.0,0.0,0.5,none,True,True
20502,1.0,0.0,0.5,none,True,True
20503,1.0,0.0,0.5,none,True,True
20504,1.0,0.0,0.5,none,True,True
20505,1.0,0.0,0.5,none,True,True
20506,1.0,0.0,0.5,none,True,True
20507,1.0,0.0,0.5,none,True,True
20508,1.0,0.0,0.5,none,True,True
20509,1.0,0.0,0.5,none,True,True
20510,1.0,0.0,0.5,none,True,True
20511,1.0,0.0,0.5,none,True,True
20512,1.0,0.0,0.5,none,True,True
20513,1.0,0.0,0.5,none,True,True
20514,1.0,0.0,0.5,none,True,True
20515,1.0,0.0,0.5,none,True,True
20516,1.0,0.0,0.5,none,True,True
20517,1.0,0.0,0.5,none,True,True
20518,1.0,0.0,0.5,none,True,True
20519,1.0,0.0,0.5,none,True,True
20520,1.0,0.0,0.5,none,True,True
20521,1.0,0.0,0.5,none,True,True
20522,1.0,0.0,0.5,none,True,True
20523,1.0,0.0,0.5,none,True,True
20524,1.0,0.0,0.5,none,True,True
20525,1.0,0.0,0.5,none,True,True
20526,1.0,0.0,0.5,none,True,True
20527,1.0,0.0,0.5,none,True,True
20528,1.0,0.0,0.5,none,True,True
20529,1.0,0.0,0.5,none,True,True
20530,1.0,0.0,0.5,none,True,True
20531,1.0,0.0,0.5,none,True,True
20532,1.0,0.0,0.5,none,True,True
20533,1.0,0.0,0.5,none,True,True
20534,1.0,0.0,0.5,none,True,True
20535,1.0,0.0,0.5,none,True,True
20536,1.0,0.0,0.5,none,True,True
20537,1.0,0.0,0.5,none,True,True
20538,1.0,0.0,0.5,none,True,True
20539,1.0,0.0,0.5,none,True,True
20540,1.0,0.0,0.5,none,True,True
20541,1.0,0.0,0.5,none,True,True
20542,1.0,0.0,0.5,none,True,True
20543,1.0,0.0,0.5,none,True,True
20544,1.0,0.0,0.5,none,True,True
20545,1.0,0.0,0.5,none,True,True
20546,1.0,0.0,0.5,none,True,True
20547,1.0,0.0,0.5,none,True,True
20548,1.0,0.0,0.5,none,True,True
20549,1.0,0.0,0.5,none,True,True
20550,1.0,0.0,0.5,none,True,True
20551,1.0,0.0,0.5,none,True,True
20552,1.0,0.0,0.5,none,True,True
20553,1.0,0.0,0.5,none,True,True
20554,1.0,0.0,0.5,none,True,True
20555,1.0,0.0,0.5,none,True,True
20556,1.0,0.0,0.5,none,True,True
20557,1.0,0.0,0.5,none,True,True
20558,1.0,0.0,0.5,none,True,True
20559,1.0,0.0,0.5,none,True,True
20560,1.0,0.0,0.5,none,True,True
20561,1.0,0.0,0.5,none,True,True
20562,1.0,0.0,0.5,none,True,True
20563,1.0,0.0,0.5,none,True,True
20564,1.0,0.0,0.5,none,True,True
20565,1.0,0.0,0.5,none,True,True
20566,1.0,0.0,0.5,none,True,True
20567,1.0,0.0,0.5,none,True,True
20568,1.0,0.0,0.5,none,True,True
20569,1.0,0.0,0.5,none,True,True
20570,1.0,0.0,0.5,none,True,True
20571,1.0,0.0,0.5,none,True,True
20572,1.0,0.0,0.5,none,True,True
20573,1.0,0.0,0.5,none,True,True
20574,1.0,0.0,0.5,none,True,True
20575,1.0,0.0,0.5,none,True,True
20576,1.0,0.0,0.5,none,True,True
20577,1.0,0.0,0.5,none,True,True
20578,1.0,0.0,0.5,none,True,True
20579,1.0,0.0,0.5,none,True,True
20580,1.0,0.0,0.5,none,True,True
20581,1.0,0.0,0.5,none,True,True
20582,1.0,0.0,0.5,none,True,True
20583,1.0,0.0,0.5,none,True,True
20584,1.0,0.0,0.5,none,True,True
20585,1.0,0.0,0.5,none,True,True
20586,1.0,0.0,0.5,none,True,True
20587,1.0,0.0,0.5,none,True,True
20588,1.0,0.0,0.5,none,True,True
20589,1.0,0.0,0.5,none,True,True
20590,1.0,0.0,0.5,none,True,True
20591,1.0,0.0,0.5,none,True,True
20592,1.0,0.0,0.5,none,True,True
20593,1.0,0.0,0.5,none,True,True
20594,1.0,0.0,0.5,none,True,True
20595,1.0,0.0,0.5,none,True,True
20596,1.0,0.0,0.5,none,True,True
20597,1.0,0.0,0.5,none,True,True
20598,1.0,0.0,0.5,none,True,True
20599,1.0,0.0,0.5,none,True,True
20600,1.0,0.0,0.5,none,True,True
20601,1.0,0.0,0.5,none,True,True
20602,1.0,0.0,0.5,none,True,True
20603,1.0,0.0,0.5,none,True,True
20604,1.0,0.0,0.5,none,True,True
20605,1.0,0.0,0.5,none,True,True
20606,1.0,0.0,0.5,none,True,True
20607,1.0,0.0,0.5,none,True,True
20608,1.0,0.0,0.5,none,True,True
20609,1.0,0.0,0.5,none,True,True
20610,1.0,0.0,0.5,none,True,True
20611,1.0,0.0,0.5,none,True,True
20612,1.0,0.0,0.5,none,True,True
20613,1.0,0.0,0.5,none,True,True
20614,1.0,0.0,0.5,none,True,True
20615,1.0,0.0,0.5,none,True,True
20616,1.0,0.0,0.5,none,True,True
20617,1.0,0.0,0.5,none,True,True
20618,1.0,0.0,0.5,none,True,True
20619,1.0,0.0,0.5,none,True,True
20620,1.0,0.0,0.5,none,True,True
20621,1.0,0.0,0.5,none,True,True
20622,1.0,0.0,0.5,none,True,True
20623,1.0,0.0,0.5,none,True,True
20624,1.0,0.0,0.5,none,True,True
20625,1.0,0.0,0.5,none,True,True
20626,1.0,0.0,0.5,none,True,True
20627,1.0,0.0,0.5,none,True,True
20628,1.0,0.0,0.5,none,True,True
20629,1.0,0.0,0.5,none,True,True
20630,1.0,0.0,0.5,none,True,True
20631,1.0,0.0,0.5,none,True,True
20632,1.0,0.0,0.5,none,True,True
20633,1.0,0.0,0.5,none,True,True
20634,1.0,0.0,0.5,none,True,True
20635,1.0,0.0,0.5,none,True,True
20636,1.0,0.0,0.5,none,True,True
20637,1.0,0.0,0.5,none,True,True
20638,1.0,0.0,0.5,none,True,True
20639,1.0,0.0,0.5,none,True,True
20640,1.0,0.0,0.5,none,True,True
20641,1.0,0.0,0.5,none,True,True
20642,1.0,0.0,0.5,none,True,True
20643,1.0,0.0,0.5,none,True,True
20644,1.0,0.0,0.5,none,True,True
20645,1.0,0.0,0.5,none,True,True
20646,1.0,0.0,0.5,none,True,True
20647,1.0,0.0,0.5,none,True,True
20648,1.0,0.0,0.5,none,True,True
20649,1.0,0.0,0.5,none,True,True
20650,1.0,0.0,0.5,none,True,True
20651,1.0,0.0,0.5,none,True,True
20652,1.0,0.0,0.5,none,True,True
20653,1.0,0.0,0.5,none,True,True
20654,1.0,0.0,0.5,none,True,True
20655,1.0,0.0,0.5,none,True,True
20656,1.0,0.0,0.5,none,True,True
20657,1.0,0.0,0.5,none,True,True
20658,1.0,0.0,0.5,none,True,True
20659,1.0,0.0,0.5,none,True,True
20660,1.0,0.0,0.5,none,True,True
20661,1.0,0.0,0.5,none,True,True
20662,1.0,0.0,0.5,none,True,True
20663,1.0,0.0,0.5,none,True,True
20664,1.0,0.0,0.5,none,True,True
20665,1.0,0.0,0.5,none,True,True
20666,1.0,0.0,0.5,none,True,True
20667,1.0,0.0,0.5,none,True,True
20668,1.0,0.0,0.5,none,True,True
20669,1.0,0.0,0.5,none,True,True
20670,1.0,0.0,0.5,none,True,True
20671,1.0,0.0,0.5,none,True,True
20672,1.0,0.0,0.5,none,True,True
20673,1.0,0.0,0.5,none,True,True
20674,1.0,0.0,0.5,none,True,True
20675,1.0,0.0,0.5,none,True,True
20676,1.0,0.0,0.5,none,True,True
20677,1.0,0.0,0.5,none,True,True
20678,1.0,0.0,0.5,none,True,True
20679,1.0,0.0,0.5,none,True,True
20680,1.0,0.0,0.5,none,True,True
20681,1.0,0.0,0.5,none,True,True
20682,1.0,0.0,0.5,none,True,True
20683,1.0,0.0,0.5,none,True,True
20684,1.0,0.0,0.5,none,True,True
20685,1.0,0.0,0.5,none,True,True
20686,1.0,0.0,0.5,none,True,True
20687,1.0,0.0,0.5,none,True,True
20688,1.0,0.0,0.5,none,True,True
20689,1.0,0.0,0.5,none,True,True
20690,1.0,0.0,0.5,none,True,True
20691,1.0,0.0,0.5,none,True,True
20692,1.0,0.0,0.5,none,True,True
20693,1.0,0.0,0.5,none,True,True
20694,1.0,0.0,0.5,none,True,True
20695,1.0,0.0,0.5,none,True,True
20696,1.0,0.0,0.5,none,True,True
20697,1.0,0.0,0.5,none,True,True
20698,1.0,0.0,0.5,none,True,True
20699,1.0,0.0,0.5,none,True,True
20700,1.0,0.0,0.5,none,True,True
20701,1.0,0.0,0.5,none,True,True
20702,1.0,0.0,0.5,none,True,True
20703,1.0,0.0,0.5,none,True,True
20704,1.0,0.0,0.5,none,True,True
20705,1.0,0.0,0.5,none,True,True
20706,1.0,0.0,0.5,none,True,True
20707,1.0,0.0,0.5,none,True,True
20708,1.0,0.0,0.5,none,True,True
20709,1.0,0.0,0.5,none,True,True
20710,1.0,0.0,0.5,none,True,True
20711,1.0,0.0,0.5,none,True,True
20712,1.0,0.0,0.5,none,True,True
20713,1.0,0.0,0.5,none,True,True
20714,1.0,0.0,0.5,none,True,True
20715,1.0,0.0,0.5,none,True,True
20716,1.0,0.0,0.5,none,True,True
20717,1.0,0.0,0.5,none,True,True
20718,1.0,0.0,0.5,none,True,True
20719,1.0,0.0,0.5,none,True,True
20720,1.0,0.0,0.5,none,True,True
20721,1.0,0.0,0.5,none,True,True
20722,1.0,0.0,0.5,none,True,True
20723,1.0,0.0,0.5,none,True,True
20724,1.0,0.0,0.5,none,True,True
20725,1.0,0.0,0.5,none,True,True
20726,1.0,0.0,0.5,none,True,True
20727,1.0,0.0,0.5,none,True,True
20728,1.0,0.0,0.5,none,True,True
20729,1.0,0.0,0.5,none,True,True
20730,1.0,0.0,0.5,none,True,True
20731,1.0,0.0,0.5,none,True,True
20732,1.0,0.0,0.5,none,True,True
20733,1.0,0.0,0.5,none,True,True
20734,1.0,0.0,0.5,none,True,True
20735,1.0,0.0,0.5,none,True,True
20736,1.0,0.0,0.5,none,True,True
20737,1.0,0.0,0.5,none,True,True
20738,1.0,0.0,0.5,none,True,True
20739,1.0,0.0,0.5,none,True,True
20740,1.0,0.0,0.5,none,True,True
20741,1.0,0.0,0.5,none,True,True
20742,1.0,0.0,0.5,none,True,True
20743,1.0,0.0,0.5,none,True,True
20744,1.0,0.0,0.5,none,True,True
20745,1.0,0.0,0.5,none,True,True
20746,1.0,0.0,0.5,none,True,True
20747,1.0,0.0,0.5,none,True,True
20748,1.0,0.0,0.5,none,True,True
20749,1.0,0.0,0.5,none,True,True
20750,1.0,0.0,0.5,none,True,True
20751,1.0,0.0,0.5,none,True,True
20752,1.0,0.0,0.5,none,True,True
20753,1.0,0.0,0.5,none,True,True
20754,1.0,0.0,0.5,none,True,True
20755,1.0,0.0,0.5,none,True,True
20756,1.0,0.0,0.5,none,True,True
20757,1.0,0.0,0.5,none,True,True
20758,1.0,0.0,0.5,none,True,True
20759,1.0,0.0,0.5,none,True,True
20760,1.0,0.0,0.5,none,True,True
20761,1.0,0.0,0.5,none,True,True
20762,1.0,0.0,0.5,none,True,True
20763,1.0,0.0,0.5,none,True,True
20764,1.0,0.0,0.5,none,True,True
20765,1.0,0.0,0.5,none,True,True
20766,1.0,0.0,0.5,none,True,True
20767,1.0,0.0,0.5,none,True,True
20768,1.0,0.0,0.5,none,True,True
20769,1.0,0.0,0.5,none,True,True
20770,1.0,0.0,0.5,none,True,True
20771,1.0,0.0,0.5,none,True,True
20772,1.0,0.0,0.5,none,True,True
20773,1.0,0.0,0.5,none,True,True
20774,1.0,0.0,0.5,none,True,True
20775,1.0,0.0,0.5,none,True,True
20776,1.0,0.0,0.5,none,True,True
20777,1.0,0.0,0.5,none,True,True
20778,1.0,0.0,0.5,none,True,True
20779,1.0,0.0,0.5,none,True,True
20780,1.0,0.0,0.5,none,True,True
20781,1.0,0.0,0.5,none,True,True
20782,1.0,0.0,0.5,none,True,True
20783,1.0,0.0,0.5,none,True,True
20784,1.0,0.0,0.5,none,True,True
20785,1.0,0.0,0.5,none,True,True
20786,1.0,0.0,0.5,none,True,True
20787,1.0,0.0,0.5,none,True,True
20788,1.0,0.0,0.5,none,True,True
20789,1.0,0.0,0.5,none,True,True
20790,1.0,0.0,0.5,none,True,True
20791,1.0,0.0,0.5,none,True,True
20792,1.0,0.0,0.5,none,True,True
20793,1.0,0.0,0.5,none,True,True
20794,1.0,0.0,0.5,none,True,True
20795,1.0,0.0,0.5,none,True,True
20796,1.0,0.0,0.5,none,True,True
20797,1.0,0.0,0.5,none,True,True
20798,1.0,0.0,0.5,none,True,True
20799,1.0,0.0,0.5,none,True,True
20800,1.0,0.0,0.5,none,True,True
20801,1.0,0.0,0.5,none,True,True
20802,1.0,0.0,0.5,none,True,True
20803,1.0,0.0,0.5,none,True,True
20804,1.0,0.0,0.5,none,True,True
20805,1.0,0.0,0.5,none,True,True
20806,1.0,0.0,0.5,none,True,True
20807,1.0,0.0,0.5,none,True,True
20808,1.0,0.0,0.5,none,True,True
20809,1.0,0.0,0.5,none,True,True
20810,1.0,0.0,0.5,none,True,True
20811,1.0,0.0,0.5,none,True,True
20812,1.0,0.0,0.5,none,True,True
20813,1.0,0.0,0.5,none,True,True
20814,1.0,0.0,0.5,none,True,True
20815,1.0,0.0,0.5,none,True,True
20816,1.0,0.0,0.5,none,True,True
20817,1.0,0.0,0.5,none,True,True
20818,1.0,0.0,0.5,none,True,True
20819,1.0,0.0,0.5,none,True,True
20820,1.0,0.0,0.5,none,True,True
20821,1.0,0.0,0.5,none,True,True
20822,1.0,0.0,0.5,none,True,True
20823,1.0,0.0,0.5,none,True,True
20824,1.0,0.0,0.5,none,True,True
20825,1.0,0.0,0.5,none,True,True
20826,1.0,0.0,0.5,none,True,True
20827,1.0,0.0,0.5,none,True,True
20828,1.0,0.0,0.5,none,True,True
20829,1.0,0.0,0.5,none,True,True
20830,1.0,0.0,0.5,none,True,True
20831,1.0,0.0,0.5,none,True,True
20832,1.0,0.0,0.5,none,True,True
20833,1.0,0.0,0.5,none,True,True
20834,1.0,0.0,0.5,none,True,True
20835,1.0,0.0,0.5,none,True,True
20836,1.0,0.0,0.5,none,True,True
20837,1.0,0.0,0.5,none,True,True
20838,1.0,0.0,0.5,none,True,True
20839,1.0,0.0,0.5,none,True,True
20840,1.0,0.0,0.5,none,True,True
20841,1.0,0.0,0.5,none,True,True
20842,1.0,0.0,0.5,none,True,True
20843,1.0,0.0,0.5,none,True,True
20844,1.0,0.0,0.5,none,True,True
20845,1.0,0.0,0.5,none,True,True
20846,1.0,0.0,0.5,none,True,True
20847,1.0,0.0,0.5,none,True,True
20848,1.0,0.0,0.5,none,True,True
20849,1.0,0.0,0.5,none,True,True
20850,1.0,0.0,0.5,none,True,True
20851,1.0,0.0,0.5,none,True,True
20852,1.0,0.0,0.5,none,True,True
20853,1.0,0.0,0.5,none,True,True
20854,1.0,0.0,0.5,none,True,True
20855,1.0,0.0,0.5,none,True,True
20856,1.0,0.0,0.5,none,True,True
20857,1.0,0.0,0.5,none,True,True
20858,1.0,0.0,0.5,none,True,True
20859,1.0,0.0,0.5,none,True,True
20860,1.0,0.0,0.5,none,True,True
20861,1.0,0.0,0.5,none,True,True
20862,1.0,0.0,0.5,none,True,True
20863,1.0,0.0,0.5,none,True,True
20864,1.0,0.0,0.5,none,True,True
20865,1.0,0.0,0.5,none,True,True
20866,1.0,0.0,0.5,none,True,True
20867,1.0,0.0,0.5,none,True,True
20868,1.0,0.0,0.5,none,True,True
20869,1.0,0.0,0.5,none,True,True
20870,1.0,0.0,0.5,none,True,True
20871,1.0,0.0,0.5,none,True,True
20872,1.0,0.0,0.5,none,True,True
20873,1.0,0.0,0.5,none,True,True
20874,1.0,0.0,0.5,none,True,True
20875,1.0,0.0,0.5,none,True,True
20876,1.0,0.0,0.5,none,True,True
20877,1.0,0.0,0.5,none,True,True
20878,1.0,0.0,0.5,none,True,True
20879,1.0,0.0,0.5,none,True,True
20880,1.0,0.0,0.5,none,True,True
20881,1.0,0.0,0.5,none,True,True
20882,1.0,0.0,0.5,none,True,True
20883,1.0,0.0,0.5,none,True,True
20884,1.0,0.0,0.5,none,True,True
20885,1.0,0.0,0.5,none,True,True
20886,1.0,0.0,0.5,none,True,True
20887,1.0,0.0,0.5,none,True,True
20888,1.0,0.0,0.5,none,True,True
20889,1.0,0.0,0.5,none,True,True
20890,1.0,0.0,0.5,none,True,True
20891,1.0,0.0,0.5,none,True,True
20892,1.0,0.0,0.5,none,True,True
20893,1.0,0.0,0.5,none,True,True
20894,1.0,0.0,0.5,none,True,True
20895,1.0,0.0,0.5,none,True,True
20896,1.0,0.0,0.5,none,True,True
20897,1.0,0.0,0.5,none,True,True
20898,1.0,0.0,0.5,none,True,True
20899,1.0,0.0,0.5,none,True,True
20900,1.0,0.0,0.5,none,True,True
20901,1.0,0.0,0.5,none,True,True
20902,1.0,0.0,0.5,none,True,True
20903,1.0,0.0,0.5,none,True,True
20904,1.0,0.0,0.5,none,True,True
20905,1.0,0.0,0.5,none,True,True
20906,1.0,0.0,0.5,none,True,True
20907,1.0,0.0,0.5,none,True,True
20908,1.0,0.0,0.5,none,True,True
20909,1.0,0.0,0.5,none,True,True
20910,1.0,0.0,0.5,none,True,True
20911,1.0,0.0,0.5,none,True,True
20912,1.0,0.0,0.5,none,True,True
20913,1.0,0.0,0.5,none,True,True
20914,1.0,0.0,0.5,none,True,True
20915,1.0,0.0,0.5,none,True,True
20916,1.0,0.0,0.5,none,True,True
20917,1.0,0.0,0.5,none,True,True
20918,1.0,0.0,0.5,none,True,True
20919,1.0,0.0,0.5,none,True,True
20920,1.0,0.0,0.5,none,True,True
20921,1.0,0.0,0.5,none,True,True
20922,1.0,0.0,0.5,none,True,True
20923,1.0,0.0,0.5,none,True,True
20924,1.0,0.0,0.5,none,True,True
20925,1.0,0.0,0.5,none,True,True
20926,1.0,0.0,0.5,none,True,True
20927,1.0,0.0,0.5,none,True,True
20928,1.0,0.0,0.5,none,True,True
20929,1.0,0.0,0.5,none,True,True
20930,1.0,0.0,0.5,none,True,True
20931,1.0,0.0,0.5,none,True,True
20932,1.0,0.0,0.5,none,True,True
20933,1.0,0.0,0.5,none,True,True
20934,1.0,0.0,0.5,none,True,True
20935,1.0,0.0,0.5,none,True,True
20936,1.0,0.0,0.5,none,True,True
20937,1.0,0.0,0.5,none,True,True
20938,1.0,0.0,0.5,none,True,True
20939,1.0,0.0,0.5,none,True,True
20940,1.0,0.0,0.5,none,True,True
20941,1.0,0.0,0.5,none,True,True
20942,1.0,0.0,0.5,none,True,True
20943,1.0,0.0,0.5,none,True,True
20944,1.0,0.0,0.5,none,True,True
20945,1.0,0.0,0.5,none,True,True
20946,1.0,0.0,0.5,none,True,True
20947,1.0,0.0,0.5,none,True,True
20948,1.0,0.0,0.5,none,True,True
20949,1.0,0.0,0.5,none,True,True
20950,1.0,0.0,0.5,none,True,True
20951,1.0,0.0,0.5,none,True,True
20952,1.0,0.0,0.5,none,True,True
20953,1.0,0.0,0.5,none,True,True
20954,1.0,0.0,0.5,none,True,True
20955,1.0,0.0,0.5,none,True,True
20956,1.0,0.0,0.5,none,True,True
20957,1.0,0.0,0.5,none,True,True
20958,1.0,0.0,0.5,none,True,True
20959,1.0,0.0,0.5,none,True,True
20960,1.0,0.0,0.5,none,True,True
20961,1.0,0.0,0.5,none,True,True
20962,1.0,0.0,0.5,none,True,True
20963,1.0,0.0,0.5,none,True,True
20964,1.0,0.0,0.5,none,True,True
20965,1.0,0.0,0.5,none,True,True
20966,1.0,0.0,0.5,none,True,True
20967,1.0,0.0,0.5,none,True,True
20968,1.0,0.0,0.5,none,True,True
20969,1.0,0.0,0.5,none,True,True
20970,1.0,0.0,0.5,none,True,True
20971,1.0,0.0,0.5,none,True,True
20972,1.0,0.0,0.5,none,True,True
20973,1.0,0.0,0.5,none,True,True
20974,1.0,0.0,0.5,none,True,True
20975,1.0,0.0,0.5,none,True,True
20976,1.0,0.0,0.5,none,True,True
20977,1.0,0.0,0.5,none,True,True
20978,1.0,0.0,0.5,none,True,True
20979,1.0,0.0,0.5,none,True,True
20980,1.0,0.0,0.5,none,True,True
20981,1.0,0.0,0.5,none,True,True
20982,1.0,0.0,0.5,none,True,True
20983,1.0,0.0,0.5,none,True,True
20984,1.0,0.0,0.5,none,True,True
20985,1.0,0.0,0.5,none,True,True
20986,1.0,0.0,0.5,none,True,True
20987,1.0,0.0,0.5,none,True,True
20988,1.0,0.0,0.5,none,True,True
20989,1.0,0.0,0.5,none,True,True
20990,1.0,0.0,0.5,none,True,True
20991,1.0,0.0,0.5,none,True,True
20992,1.0,0.0,0.5,none,True,True
20993,1.0,0.0,0.5,none,True,True
20994,1.0,0.0,0.5,none,True,True
20995,1.0,0.0,0.5,none,True,True
20996,1.0,0.0,0.5,none,True,True
20997,1.0,0.0,0.5,none,True,True
20998,1.0,0.0,0.5,none,True,True
20999,1.0,0.0,0.5,none,True,True
21000,1.0,0.0061,0.5,none,True,True
21001,1.0,0.0357,0.5,none,True,True
21002,1.0,0.0812,0.5,none,True,True
21003,1.0,0.1113,0.5,none,True,True
21004,1.0,0.1253,0.5,none,True,True
21005,1.0,0.1408,0.5,none,True,True
21006,1.0,0.0907,0.5,none,True,True
21007,1.0,0.1198,0.5,none,True,True
21008,1.0,0.0467,0.5,none,True,True
21009,1.0,0.0522,0.5,none,True,True
21010,1.0,0.0405,0.5,none,True,True
21011,1.0,0.0313,0.5,none,True,True
21012,1.0,0.0083,0.5,none,True,True
21013,1.0,0.0726,0.5,none,True,True
21014,1.0,0.0793,0.5,none,True,True
21015,1.0,0.0581,0.5,none,True,True
21016,1.0,0.0955,0.5,none,True,True
21017,1.0,0.0839,0.5,none,True,True
21018,1.0,0.0648,0.5,none,True,True
21019,1.0,0.0718,0.5,none,True,True
21020,1.0,0.0589,0.5,none,True,True
21021,1.0,0.0403,0.5,none,True,True
21022,1.0,0.0327,0.5,none,True,True
21023,1.0,0.0277,0.5,none,True,True
21024,1.0,0.017,0.5,none,True,True
21025,1.0,0.0102,0.5,none,True,True
21026,1.0,0.0099,0.5,none,True,True
21027,1.0,0.008,0.5,none,True,True
21028,1.0,0.005,0.5,none,True,True
21029,1.0,0.0063,0.5,none,True,True
21030,1.0,0.009,0.5,none,True,True
21031,1.0,0.0096,0.5,none,True,True
21032,1.0,0.0108,0.5,none,True,True
21033,1.0,0.014,0.5,none,True,True
21034,1.0,0.0161,0.5,none,True,True
21035,1.0,0.0167,0.5,none,True,True
21036,1.0,0.0182,0.5,none,True,True
21037,1.0,0.0196,0.5,none,True,True
21038,1.0,0.0197,0.5,none,True,True
21039,1.0,0.0193,0.5,none,True,True
21040,1.0,0.0193,0.5,none,True,True
21041,1.0,0.0187,0.5,none,True,True
21042,1.0,0.0174,0.5,none,True,True
21043,1.0,0.0163,0.5,none,True,True
21044,1.0,0.0152,0.5,none,True,True
21045,1.0,0.0138,0.5,none,True,True
21046,1.0,0.0123,0.5,none,True,True
21047,1.0,0.0111,0.5,none,True,True
21048,1.0,0.01,0.5,none,True,True
21049,1.0,0.0088,0.5,none,True,True
21050,1.0,0.0078,0.5,none,True,True
21051,1.0,0.0071,0.5,none,True,True
21052,1.0,0.0064,0.5,none,True,True
21053,1.0,0.0057,0.5,none,True,True
21054,1.0,0.0053,0.5,none,True,True
21055,1.0,0.005,0.5,none,True,True
21056,1.0,0.0047,0.5,none,True,True
21057,1.0,0.0045,0.5,none,True,True
21058,1.0,0.0044,0.5,none,True,True
21059,1.0,0.0043,0.5,none,True,True
21060,1.0,0.0042,0.5,none,True,True
21061,1.0,0.0041,0.5,none,True,True
21062,1.0,0.004,0.5,none,True,True
21063,1.0,0.0039,0.5,none,True,True
21064,1.0,0.0038,0.5,none,True,True
21065,1.0,0.0037,0.5,none,True,True
21066,1.0,0.0035,0.5,none,True,True
21067,1.0,0.0033,0.5,none,True,True
21068,1.0,0.0032,0.5,none,True,True
21069,1.0,0.003,0.5,none,True,True
21070,1.0,0.0028,0.5,none,True,True
21071,1.0,0.0026,0.5,none,True,True
21072,1.0,0.0024,0.5,none,True,True
21073,1.0,0.0023,0.5,none,True,True
21074,1.0,0.0021,0.5,none,True,True
21075,1.0,0.0019,0.5,none,True,True
21076,1.0,0.0018,0.5,none,True,True
21077,1.0,0.0017,0.5,none,True,True
21078,1.0,0.0015,0.5,none,True,True
21079,1.0,0.0014,0.5,none,True,True
21080,1.0,0.0013,0.5,none,True,True
21081,1.0,0.0013,0.5,none,True,True
21082,1.0,0.0012,0.5,none,True,True
21083,1.0,0.0011,0.5,none,True,True
21084,1.0,0.0011,0.5,none,True,True
21085,1.0,0.001,0.5,none,True,True
21086,1.0,0.001,0.5,none,True,True
21087,1.0,0.0009,0.5,none,True,True
21088,1.0,0.0009,0.5,none,True,True
21089,1.0,0.0008,0.5,none,True,True
21090,1.0,0.0008,0.5,none,True,True
21091,1.0,0.0008,0.5,none,True,True
21092,1.0,0.0007,0.5,none,True,True
21093,1.0,0.0007,0.5,none,True,True
21094,1.0,0.0006,0.5,none,True,True
21095,1.0,0.0006,0.5,none,True,True
21096,1.0,0.0006,0.5,none,True,True
21097,1.0,0.0005,0.5,none,True,True
21098,1.0,0.0005,0.5,none,True,True
21099,1.0,0.0005,0.5,none,True,True
21100,1.0,0.0004,0.5,none,True,True
21101,1.0,0.0004,0.5,none,True,True
21102,1.0,0.0004,0.5,none,True,True
21103,1.0,0.0004,0.5,none,True,True
21104,1.0,0.0003,0.5,none,True,True
21105,1.0,0.0003,0.5,none,True,True
21106,1.0,0.0003,0.5,none,True,True
21107,1.0,0.0003,0.5,none,True,True
21108,1.0,0.0003,0.5,none,True,True
21109,1.0,0.0003,0.5,none,True,True
21110,1.0,0.0002,0.5,none,True,True
21111,1.0,0.0002,0.5,none,True,True
21112,1.0,0.0002,0.5,none,True,True
21113,1.0,0.0002,0.5,none,True,True
21114,1.0,0.0002,0.5,none,True,True
21115,1.0,0.0002,0.5,none,True,True
21116,1.0,0.0002,0.5,none,True,True
21117,1.0,0.0002,0.5,none,True,True
21118,1.0,0.0002,0.5,none,True,True
21119,1.0,0.0001,0.5,none,True,True
21120,1.0,0.0001,0.5,none,True,True
21121,1.0,0.0001,0.5,none,True,True
21122,1.0,0.0001,0.5,none,True,True
21123,1.0,0.0001,0.5,none,True,True
21124,1.0,0.0001,0.5,none,True,True
21125,1.0,0.0001,0.5,none,True,True
21126,1.0,0.0001,0.5,none,True,True
21127,1.0,0.0001,0.5,none,True,True
21128,1.0,0.0001,0.5,none,True,True
21129,1.0,0.0001,0.5,none,True,True
21130,1.0,0.0001,0.5,none,True,True
21131,1.0,0.0001,0.5,none,True,True
21132,1.0,0.0001,0.5,none,True,True
21133,1.0,0.0001,0.5,none,True,True
21134,1.0,0.0001,0.5,none,True,True
21135,1.0,0.0001,0.5,none,True,True
21136,1.0,0.0001,0.5,none,True,True
21137,1.0,0.0,0.5,none,True,True
21138,1.0,0.0,0.5,none,True,True
21139,1.0,0.0,0.5,none,True,True
21140,1.0,0.0,0.5,none,True,True
21141,1.0,0.0,0.5,none,True,True
21142,1.0,0.0,0.5,none,True,True
21143,1.0,0.0,0.5,none,True,True
21144,1.0,0.0,0.5,none,True,True
21145,1.0,0.0,0.5,none,True,True
21146,1.0,0.0,0.5,none,True,True
21147,1.0,0.0,0.5,none,True,True
21148,1.0,0.0,0.5,none,True,True
21149,1.0,0.0,0.5,none,True,True
21150,1.0,0.0,0.5,none,True,True
21151,1.0,0.0,0.5,none,True,True
21152,1.0,0.0,0.5,none,True,True
21153,1.0,0.0,0.5,none,True,True
21154,1.0,0.0,0.5,none,True,True
21155,1.0,0.0,0.5,none,True,True
21156,1.0,0.0,0.5,none,True,True
21157,1.0,0.0,0.5,none,True,True
21158,1.0,0.0,0.5,none,True,True
21159,1.0,0.0,0.5,none,True,True
21160,1.0,0.0,0.5,none,True,True
21161,1.0,0.0,0.5,none,True,True
21162,1.0,0.0,0.5,none,True,True
21163,1.0,0.0,0.5,none,True,True
21164,1.0,0.0,0.5,none,True,True
21165,1.0,0.0,0.5,none,True,True
21166,1.0,0.0,0.5,none,True,True
21167,1.0,0.0,0.5,none,True,True
21168,1.0,0.0,0.5,none,True,True
21169,1.0,0.0,0.5,none,True,True
21170,1.0,0.0,0.5,none,True,True
21171,1.0,0.0,0.5,none,True,True
21172,1.0,0.0,0.5,none,True,True
21173,1.0,0.0,0.5,none,True,True
21174,1.0,0.0,0.5,none,True,True
21175,1.0,0.0,0.5,none,True,True
21176,1.0,0.0,0.5,none,True,True
21177,1.0,0.0,0.5,none,True,True
21178,1.0,0.0,0.5,none,True,True
21179,1.0,0.0,0.5,none,True,True
21180,1.0,0.0,0.5,none,True,True
21181,1.0,0.0,0.5,none,True,True
21182,1.0,0.0,0.5,none,True,True
21183,1.0,0.0,0.5,none,True,True
21184,1.0,0.0,0.5,none,True,True
21185,1.0,0.0,0.5,none,True,True
21186,1.0,0.0,0.5,none,True,True
21187,1.0,0.0,0.5,none,True,True
21188,1.0,0.0,0.5,none,True,True
21189,1.0,0.0,0.5,none,True,True
21190,1.0,0.0,0.5,none,True,True
21191,1.0,0.0,0.5,none,True,True
21192,1.0,0.0,0.5,none,True,True
21193,1.0,0.0,0.5,none,True,True
21194,1.0,0.0,0.5,none,True,True
21195,1.0,0.0,0.5,none,True,True
21196,1.0,0.0,0.5,none,True,True
21197,1.0,0.0,0.5,none,True,True
21198,1.0,0.0,0.5,none,True,True
21199,1.0,0.0,0.5,none,True,True
21200,1.0,0.0,0.5,none,True,True
21201,1.0,0.0,0.5,none,True,True
21202,1.0,0.0,0.5,none,True,True
21203,1.0,0.0,0.5,none,True,True
21204,1.0,0.0,0.5,none,True,True
21205,1.0,0.0,0.5,none,True,True
21206,1.0,0.0,0.5,none,True,True
21207,1.0,0.0,0.5,none,True,True
21208,1.0,0.0,0.5,none,True,True
21209,1.0,0.0,0.5,none,True,True
21210,1.0,0.0,0.5,none,True,True
21211,1.0,0.0,0.5,none,True,True
21212,1.0,0.0,0.5,none,True,True
21213,1.0,0.0,0.5,none,True,True
21214,1.0,0.0,0.5,none,True,True
21215,1.0,0.0,0.5,none,True,True
21216,1.0,0.0,0.5,none,True,True
21217,1.0,0.0,0.5,none,True,True
21218,1.0,0.0,0.5,none,True,True
21219,1.0,0.0,0.5,none,True,True
21220,1.0,0.0,0.5,none,True,True
21221,1.0,0.0,0.5,none,True,True
21222,1.0,0.0,0.5,none,True,True
21223,1.0,0.0,0.5,none,True,True
21224,1.0,0.0,0.5,none,True,True
21225,1.0,0.0,0.5,none,True,True
21226,1.0,0.0,0.5,none,True,True
21227,1.0,0.0,0.5,none,True,True
21228,1.0,0.0,0.5,none,True,True
21229,1.0,0.0,0.5,none,True,True
21230,1.0,0.0,0.5,none,True,True
21231,1.0,0.0,0.5,none,True,True
21232,1.0,0.0,0.5,none,True,True
21233,1.0,0.0,0.5,none,True,True
21234,1.0,0.0,0.5,none,True,True
21235,1.0,0.0,0.5,none,True,True
21236,1.0,0.0,0.5,none,True,True
21237,1.0,0.0,0.5,none,True,True
21238,1.0,0.0,0.5,none,True,True
21239,1.0,0.0,0.5,none,True,True
21240,1.0,0.0,0.5,none,True,True
21241,1.0,0.0,0.5,none,True,True
21242,1.0,0.0,0.5,none,True,True
21243,1.0,0.0,0.5,none,True,True
21244,1.0,0.0,0.5,none,True,True
21245,1.0,0.0,0.5,none,True,True
21246,1.0,0.0,0.5,none,True,True
21247,1.0,0.0,0.5,none,True,True
21248,1.0,0.0,0.5,none,True,True
21249,1.0,0.0,0.5,none,True,True
21250,1.0,0.0,0.5,none,True,True
21251,1.0,0.0,0.5,none,True,True
21252,1.0,0.0,0.5,none,True,True
21253,1.0,0.0,0.5,none,True,True
21254,1.0,0.0,0.5,none,True,True
21255,1.0,0.0,0.5,none,True,True
21256,1.0,0.0,0.5,none,True,True
21257,1.0,0.0,0.5,none,True,True
21258,1.0,0.0,0.5,none,True,True
21259,1.0,0.0,0.5,none,True,True
21260,1.0,0.0,0.5,none,True,True
21261,1.0,0.0,0.5,none,True,True
21262,1.0,0.0,0.5,none,True,True
21263,1.0,0.0,0.5,none,True,True
21264,1.0,0.0,0.5,none,True,True
21265,1.0,0.0,0.5,none,True,True
21266,1.0,0.0,0.5,none,True,True
21267,1.0,0.0,0.5,none,True,True
21268,1.0,0.0,0.5,none,True,True
21269,1.0,0.0,0.5,none,True,True
21270,1.0,0.0,0.5,none,True,True
21271,1.0,0.0,0.5,none,True,True
21272,1.0,0.0,0.5,none,True,True
21273,1.0,0.0,0.5,none,True,True
21274,1.0,0.0,0.5,none,True,True
21275,1.0,0.0,0.5,none,True,True
21276,1.0,0.0,0.5,none,True,True
21277,1.0,0.0,0.5,none,True,True
21278,1.0,0.0,0.5,none,True,True
21279,1.0,0.0,0.5,none,True,True
21280,1.0,0.0,0.5,none,True,True
21281,1.0,0.0,0.5,none,True,True
21282,1.0,0.0,0.5,none,True,True
21283,1.0,0.0,0.5,none,True,True
21284,1.0,0.0,0.5,none,True,True
21285,1.0,0.0,0.5,none,True,True
21286,1.0,0.0,0.5,none,True,True
21287,1.0,0.0,0.5,none,True,True
21288,1.0,0.0,0.5,none,True,True
21289,1.0,0.0,0.5,none,True,True
21290,1.0,0.0,0.5,none,True,True
21291,1.0,0.0,0.5,none,True,True
21292,1.0,0.0,0.5,none,True,True
21293,1.0,0.0,0.5,none,True,True
21294,1.0,0.0,0.5,none,True,True
21295,1.0,0.0,0.5,none,True,True
21296,1.0,0.0,0.5,none,True,True
21297,1.0,0.0,0.5,none,True,True
21298,1.0,0.0,0.5,none,True,True
21299,1.0,0.0,0.5,none,True,True
21300,1.0,0.0,0.5,none,True,True
21301,1.0,0.0,0.5,none,True,True
21302,1.0,0.0,0.5,none,True,True
21303,1.0,0.0,0.5,none,True,True
21304,1.0,0.0,0.5,none,True,True
21305,1.0,0.0,0.5,none,True,True
21306,1.0,0.0,0.5,none,True,True
21307,1.0,0.0,0.5,none,True,True
21308,1.0,0.0,0.5,none,True,True
21309,1.0,0.0,0.5,none,True,True
21310,1.0,0.0,0.5,none,True,True
21311,1.0,0.0,0.5,none,True,True
21312,1.0,0.0,0.5,none,True,True
21313,1.0,0.0,0.5,none,True,True
21314,1.0,0.0,0.5,none,True,True
21315,1.0,0.0,0.5,none,True,True
21316,1.0,0.0,0.5,none,True,True
21317,1.0,0.0,0.5,none,True,True
21318,1.0,0.0,0.5,none,True,True
21319,1.0,0.0,0.5,none,True,True
21320,1.0,0.0,0.5,none,True,True
21321,1.0,0.0,0.5,none,True,True
21322,1.0,0.0,0.5,none,True,True
21323,1.0,0.0,0.5,none,True,True
21324,1.0,0.0,0.5,none,True,True
21325,1.0,0.0,0.5,none,True,True
21326,1.0,0.0,0.5,none,True,True
21327,1.0,0.0,0.5,none,True,True
21328,1.0,0.0,0.5,none,True,True
21329,1.0,0.0,0.5,none,True,True
21330,1.0,0.0,0.5,none,True,True
21331,1.0,0.0,0.5,none,True,True
21332,1.0,0.0,0.5,none,True,True
21333,1.0,0.0,0.5,none,True,True
21334,1.0,0.0,0.5,none,True,True
21335,1.0,0.0,0.5,none,True,True
21336,1.0,0.0,0.5,none,True,True
21337,1.0,0.0,0.5,none,True,True
21338,1.0,0.0,0.5,none,True,True
21339,1.0,0.0,0.5,none,True,True
21340,1.0,0.0,0.5,none,True,True
21341,1.0,0.0,0.5,none,True,True
21342,1.0,0.0,0.5,none,True,True
21343,1.0,0.0,0.5,none,True,True
21344,1.0,0.0,0.5,none,True,True
21345,1.0,0.0,0.5,none,True,True
21346,1.0,0.0,0.5,none,True,True
21347,1.0,0.0,0.5,none,True,True
21348,1.0,0.0,0.5,none,True,True
21349,1.0,0.0,0.5,none,True,True
21350,1.0,0.0,0.5,none,True,True
21351,1.0,0.0,0.5,none,True,True
21352,1.0,0.0,0.5,none,True,True
21353,1.0,0.0,0.5,none,True,True
21354,1.0,0.0,0.5,none,True,True
21355,1.0,0.0,0.5,none,True,True
21356,1.0,0.0,0.5,none,True,True
21357,1.0,0.0,0.5,none,True,True
21358,1.0,0.0,0.5,none,True,True
21359,1.0,0.0,0.5,none,True,True
21360,1.0,0.0,0.5,none,True,True
21361,1.0,0.0,0.5,none,True,True
21362,1.0,0.0,0.5,none,True,True
21363,1.0,0.0,0.5,none,True,True
21364,1.0,0.0,0.5,none,True,True
21365,1.0,0.0,0.5,none,True,True
21366,1.0,0.0,0.5,none,True,True
21367,1.0,0.0,0.5,none,True,True
21368,1.0,0.0,0.5,none,True,True
21369,1.0,0.0,0.5,none,True,True
21370,1.0,0.0,0.5,none,True,True
21371,1.0,0.0,0.5,none,True,True
21372,1.0,0.0,0.5,none,True,True
21373,1.0,0.0,0.5,none,True,True
21374,1.0,0.0,0.5,none,True,True
21375,1.0,0.0,0.5,none,True,True
21376,1.0,0.0,0.5,none,True,True
21377,1.0,0.0,0.5,none,True,True
21378,1.0,0.0,0.5,none,True,True
21379,1.0,0.0,0.5,none,True,True
21380,1.0,0.0,0.5,none,True,True
21381,1.0,0.0,0.5,none,True,True
21382,1.0,0.0,0.5,none,True,True
21383,1.0,0.0,0.5,none,True,True
21384,1.0,0.0,0.5,none,True,True
21385,1.0,0.0,0.5,none,True,True
21386,1.0,0.0,0.5,none,True,True
21387,1.0,0.0,0.5,none,True,True
21388,1.0,0.0,0.5,none,True,True
21389,1.0,0.0,0.5,none,True,True
21390,1.0,0.0,0.5,none,True,True
21391,1.0,0.0,0.5,none,True,True
21392,1.0,0.0,0.5,none,True,True
21393,1.0,0.0,0.5,none,True,True
21394,1.0,0.0,0.5,none,True,True
21395,1.0,0.0,0.5,none,True,True
21396,1.0,0.0,0.5,none,True,True
21397,1.0,0.0,0.5,none,True,True
21398,1.0,0.0,0.5,none,True,True
21399,1.0,0.0,0.5,none,True,True
21400,1.0,0.0,0.5,none,True,True
21401,1.0,0.0,0.5,none,True,True
21402,1.0,0.0,0.5,none,True,True
21403,1.0,0.0,0.5,none,True,True
21404,1.0,0.0,0.5,none,True,True
21405,1.0,0.0,0.5,none,True,True
21406,1.0,0.0,0.5,none,True,True
21407,1.0,0.0,0.5,none,True,True
21408,1.0,0.0,0.5,none,True,True
21409,1.0,0.0,0.5,none,True,True
21410,1.0,0.0,0.5,none,True,True
21411,1.0,0.0,0.5,none,True,True
21412,1.0,0.0,0.5,none,True,True
21413,1.0,0.0,0.5,none,True,True
21414,1.0,0.0,0.5,none,True,True
21415,1.0,0.0,0.5,none,True,True
21416,1.0,0.0,0.5,none,True,True
21417,1.0,0.0,0.5,none,True,True
21418,1.0,0.0,0.5,none,True,True
21419,1.0,0.0,0.5,none,True,True
21420,1.0,0.0,0.5,none,True,True
21421,1.0,0.0,0.5,none,True,True
21422,1.0,0.0,0.5,none,True,True
21423,1.0,0.0,0.5,none,True,True
21424,1.0,0.0,0.5,none,True,True
21425,1.0,0.0,0.5,none,True,True
21426,1.0,0.0,0.5,none,True,True
21427,1.0,0.0,0.5,none,True,True
21428,1.0,0.0,0.5,none,True,True
21429,1.0,0.0,0.5,none,True,True
21430,1.0,0.0,0.5,none,True,True
21431,1.0,0.0,0.5,none,True,True
21432,1.0,0.0,0.5,none,True,True
21433,1.0,0.0,0.5,none,True,True
21434,1.0,0.0,0.5,none,True,True
21435,1.0,0.0,0.5,none,True,True
21436,1.0,0.0,0.5,none,True,True
21437,1.0,0.0,0.5,none,True,True
21438,1.0,0.0,0.5,none,True,True
21439,1.0,0.0,0.5,none,True,True
21440,1.0,0.0,0.5,none,True,True
21441,1.0,0.0,0.5,none,True,True
21442,1.0,0.0,0.5,none,True,True
21443,1.0,0.0,0.5,none,True,True
21444,1.0,0.0,0.5,none,True,True
21445,1.0,0.0,0.5,none,True,True
21446,1.0,0.0,0.5,none,True,True
21447,1.0,0.0,0.5,none,True,True
21448,1.0,0.0,0.5,none,True,True
21449,1.0,0.0,0.5,none,True,True
21450,1.0,0.0,0.5,none,True,True
21451,1.0,0.0,0.5,none,True,True
21452,1.0,0.0,0.5,none,True,True
21453,1.0,0.0,0.5,none,True,True
21454,1.0,0.0,0.5,none,True,True
21455,1.0,0.0,0.5,none,True,True
21456,1.0,0.0,0.5,none,True,True
21457,1.0,0.0,0.5,none,True,True
21458,1.0,0.0,0.5,none,True,True
21459,1.0,0.0,0.5,none,True,True
21460,1.0,0.0,0.5,none,True,True
21461,1.0,0.0,0.5,none,True,True
21462,1.0,0.0,0.5,none,True,True
21463,1.0,0.0,0.5,none,True,True
21464,1.0,0.0,0.5,none,True,True
21465,1.0,0.0,0.5,none,True,True
21466,1.0,0.0,0.5,none,True,True
21467,1.0,0.0,0.5,none,True,True
21468,1.0,0.0,0.5,none,True,True
21469,1.0,0.0,0.5,none,True,True
21470,1.0,0.0,0.5,none,True,True
21471,1.0,0.0,0.5,none,True,True
21472,1.0,0.0,0.5,none,True,True
21473,1.0,0.0,0.5,none,True,True
21474,1.0,0.0,0.5,none,True,True
21475,1.0,0.0,0.5,none,True,True
21476,1.0,0.0,0.5,none,True,True
21477,1.0,0.0,0.5,none,True,True
21478,1.0,0.0,0.5,none,True,True
21479,1.0,0.0,0.5,none,True,True
21480,1.0,0.0,0.5,none,True,True
21481,1.0,0.0,0.5,none,True,True
21482,1.0,0.0,0.5,none,True,True
21483,1.0,0.0,0.5,none,True,True
21484,1.0,0.0,0.5,none,True,True
21485,1.0,0.0,0.5,none,True,True
21486,1.0,0.0,0.5,none,True,True
21487,1.0,0.0,0.5,none,True,True
21488,1.0,0.0,0.5,none,True,True
21489,1.0,0.0,0.5,none,True,True
21490,1.0,0.0,0.5,none,True,True
21491,1.0,0.0,0.5,none,True,True
21492,1.0,0.0,0.5,none,True,True
21493,1.0,0.0,0.5,none,True,True
21494,1.0,0.0,0.5,none,True,True
21495,1.0,0.0,0.5,none,True,True
21496,1.0,0.0,0.5,none,True,True
21497,1.0,0.0,0.5,none,True,True
21498,1.0,0.0,0.5,none,True,True
21499,1.0,0.0,0.5,none,True,True
21500,1.0,0.0,0.5,none,True,True
21501,1.0,0.0,0.5,none,True,True
21502,1.0,0.0,0.5,none,True,True
21503,1.0,0.0,0.5,none,True,True
21504,1.0,0.0,0.5,none,True,True
21505,1.0,0.0,0.5,none,True,True
21506,1.0,0.0,0.5,none,True,True
21507,1.0,0.0,0.5,none,True,True
21508,1.0,0.0,0.5,none,True,True
21509,1.0,0.0,0.5,none,True,True
21510,1.0,0.0,0.5,none,True,True
21511,1.0,0.0,0.5,none,True,True
21512,1.0,0.0,0.5,none,True,True
21513,1.0,0.0,0.5,none,True,True
21514,1.0,0.0,0.5,none,True,True
21515,1.0,0.0,0.5,none,True,True
21516,1.0,0.0,0.5,none,True,True
21517,1.0,0.0,0.5,none,True,True
21518,1.0,0.0,0.5,none,True,True
21519,1.0,0.0,0.5,none,True,True
21520,1.0,0.0,0.5,none,True,True
21521,1.0,0.0,0.5,none,True,True
21522,1.0,0.0,0.5,none,True,True
21523,1.0,0.0,0.5,none,True,True
21524,1.0,0.0,0.5,none,True,True
21525,1.0,0.0,0.5,none,True,True
21526,1.0,0.0,0.5,none,True,True
21527,1.0,0.0,0.5,none,True,True
21528,1.0,0.0,0.5,none,True,True
21529,1.0,0.0,0.5,none,True,True
21530,1.0,0.0,0.5,none,True,True
21531,1.0,0.0,0.5,none,True,True
21532,1.0,0.0,0.5,none,True,True
21533,1.0,0.0,0.5,none,True,True
21534,1.0,0.0,0.5,none,True,True
21535,1.0,0.0,0.5,none,True,True
21536,1.0,0.0,0.5,none,True,True
21537,1.0,0.0,0.5,none,True,True
21538,1.0,0.0,0.5,none,True,True
21539,1.0,0.0,0.5,none,True,True
21540,1.0,0.0,0.5,none,True,True
21541,1.0,0.0,0.5,none,True,True
21542,1.0,0.0,0.5,none,True,True
21543,1.0,0.0,0.5,none,True,True
21544,1.0,0.0,0.5,none,True,True
21545,1.0,0.0,0.5,none,True,True
21546,1.0,0.0,0.5,none,True,True
21547,1.0,0.0,0.5,none,True,True
21548,1.0,0.0,0.5,none,True,True
21549,1.0,0.0,0.5,none,True,True
21550,1.0,0.0,0.5,none,True,True
21551,1.0,0.0,0.5,none,True,True
21552,1.0,0.0,0.5,none,True,True
21553,1.0,0.0,0.5,none,True,True
21554,1.0,0.0,0.5,none,True,True
21555,1.0,0.0,0.5,none,True,True
21556,1.0,0.0,0.5,none,True,True
21557,1.0,0.0,0.5,none,True,True
21558,1.0,0.0,0.5,none,True,True
21559,1.0,0.0,0.5,none,True,True
21560,1.0,0.0,0.5,none,True,True
21561,1.0,0.0,0.5,none,True,True
21562,1.0,0.0,0.5,none,True,True
21563,1.0,0.0,0.5,none,True,True
21564,1.0,0.0,0.5,none,True,True
21565,1.0,0.0,0.5,none,True,True
21566,1.0,0.0,0.5,none,True,True
21567,1.0,0.0,0.5,none,True,True
21568,1.0,0.0,0.5,none,True,True
21569,1.0,0.0,0.5,none,True,True
21570,1.0,0.0,0.5,none,True,True
21571,1.0,0.0,0.5,none,True,True
21572,1.0,0.0,0.5,none,True,True
21573,1.0,0.0,0.5,none,True,True
21574,1.0,0.0,0.5,none,True,True
21575,1.0,0.0,0.5,none,True,True
21576,1.0,0.0,0.5,none,True,True
21577,1.0,0.0,0.5,none,True,True
21578,1.0,0.0,0.5,none,True,True
21579,1.0,0.0,0.5,none,True,True
21580,1.0,0.0,0.5,none,True,True
21581,1.0,0.0,0.5,none,True,True
21582,1.0,0.0,0.5,none,True,True
21583,1.0,0.0,0.5,none,True,True
21584,1.0,0.0,0.5,none,True,True
21585,1.0,0.0,0.5,none,True,True
21586,1.0,0.0,0.5,none,True,True
21587,1.0,0.0,0.5,none,True,True
21588,1.0,0.0,0.5,none,True,True
21589,1.0,0.0,0.5,none,True,True
21590,1.0,0.0,0.5,none,True,True
21591,1.0,0.0,0.5,none,True,True
21592,1.0,0.0,0.5,none,True,True
21593,1.0,0.0,0.5,none,True,True
21594,1.0,0.0,0.5,none,True,True
21595,1.0,0.0,0.5,none,True,True
21596,1.0,0.0,0.5,none,True,True
21597,1.0,0.0,0.5,none,True,True
21598,1.0,0.0,0.5,none,True,True
21599,1.0,0.0,0.5,none,True,True
21600,1.0,0.0,0.5,none,True,True
21601,1.0,0.0,0.5,none,True,True
21602,1.0,0.0,0.5,none,True,True
21603,1.0,0.0,0.5,none,True,True
21604,1.0,0.0,0.5,none,True,True
21605,1.0,0.0,0.5,none,True,True
21606,1.0,0.0,0.5,none,True,True
21607,1.0,0.0,0.5,none,True,True
21608,1.0,0.0,0.5,none,True,True
21609,1.0,0.0,0.5,none,True,True
21610,1.0,0.0,0.5,none,True,True
21611,1.0,0.0,0.5,none,True,True
21612,1.0,0.0,0.5,none,True,True
21613,1.0,0.0,0.5,none,True,True
21614,1.0,0.0,0.5,none,True,True
21615,1.0,0.0,0.5,none,True,True
21616,1.0,0.0,0.5,none,True,True
21617,1.0,0.0,0.5,none,True,True
21618,1.0,0.0,0.5,none,True,True
21619,1.0,0.0,0.5,none,True,True
21620,1.0,0.0,0.5,none,True,True
21621,1.0,0.0,0.5,none,True,True
21622,1.0,0.0,0.5,none,True,True
21623,1.0,0.0,0.5,none,True,True
21624,1.0,0.0,0.5,none,True,True
21625,1.0,0.0,0.5,none,True,True
21626,1.0,0.0,0.5,none,True,True
21627,1.0,0.0,0.5,none,True,True
21628,1.0,0.0,0.5,none,True,True
21629,1.0,0.0,0.5,none,True,True
21630,1.0,0.0,0.5,none,True,True
21631,1.0,0.0,0.5,none,True,True
21632,1.0,0.0,0.5,none,True,True
21633,1.0,0.0,0.5,none,True,True
21634,1.0,0.0,0.5,none,True,True
21635,1.0,0.0,0.5,none,True,True
21636,1.0,0.0,0.5,none,True,True
21637,1.0,0.0,0.5,none,True,True
21638,1.0,0.0,0.5,none,True,True
21639,1.0,0.0,0.5,none,True,True
21640,1.0,0.0,0.5,none,True,True
21641,1.0,0.0,0.5,none,True,True
21642,1.0,0.0,0.5,none,True,True
21643,1.0,0.0,0.5,none,True,True
21644,1.0,0.0,0.5,none,True,True
21645,1.0,0.0,0.5,none,True,True
21646,1.0,0.0,0.5,none,True,True
21647,1.0,0.0,0.5,none,True,True
21648,1.0,0.0,0.5,none,True,True
21649,1.0,0.0,0.5,none,True,True
21650,1.0,0.0,0.5,none,True,True
21651,1.0,0.0,0.5,none,True,True
21652,1.0,0.0,0.5,none,True,True
21653,1.0,0.0,0.5,none,True,True
21654,1.0,0.0,0.5,none,True,True
21655,1.0,0.0,0.5,none,True,True
21656,1.0,0.0,0.5,none,True,True
21657,1.0,0.0,0.5,none,True,True
21658,1.0,0.0,0.5,none,True,True
21659,1.0,0.0,0.5,none,True,True
21660,1.0,0.0,0.5,none,True,True
21661,1.0,0.0,0.5,none,True,True
21662,1.0,0.0,0.5,none,True,True
21663,1.0,0.0,0.5,none,True,True
21664,1.0,0.0,0.5,none,True,True
21665,1.0,0.0,0.5,none,True,True
21666,1.0,0.0,0.5,none,True,True
21667,1.0,0.0,0.5,none,True,True
21668,1.0,0.0,0.5,none,True,True
21669,1.0,0.0,0.5,none,True,True
21670,1.0,0.0,0.5,none,True,True
21671,1.0,0.0,0.5,none,True,True
21672,1.0,0.0,0.5,none,True,True
21673,1.0,0.0,0.5,none,True,True
21674,1.0,0.0,0.5,none,True,True
21675,1.0,0.0,0.5,none,True,True
21676,1.0,0.0,0.5,none,True,True
21677,1.0,0.0,0.5,none,True,True
21678,1.0,0.0,0.5,none,True,True
21679,1.0,0.0,0.5,none,True,True
21680,1.0,0.0,0.5,none,True,True
21681,1.0,0.0,0.5,none,True,True
21682,1.0,0.0,0.5,none,True,True
21683,1.0,0.0,0.5,none,True,True
21684,1.0,0.0,0.5,none,True,True
21685,1.0,0.0,0.5,none,True,True
21686,1.0,0.0,0.5,none,True,True
21687,1.0,0.0,0.5,none,True,True
21688,1.0,0.0,0.5,none,True,True
21689,1.0,0.0,0.5,none,True,True
21690,1.0,0.0,0.5,none,True,True
21691,1.0,0.0,0.5,none,True,True
21692,1.0,0.0,0.5,none,True,True
21693,1.0,0.0,0.5,none,True,True
21694,1.0,0.0,0.5,none,True,True
21695,1.0,0.0,0.5,none,True,True
21696,1.0,0.0,0.5,none,True,True
21697,1.0,0.0,0.5,none,True,True
21698,1.0,0.0,0.5,none,True,True
21699,1.0,0.0,0.5,none,True,True
21700,1.0,0.0061,0.5,none,True,True
21701,1.0,0.0357,0.5,none,True,True
21702,1.0,0.0812,0.5,none,True,True
21703,1.0,0.1113,0.5,none,True,True
21704,1.0,0.1253,0.5,none,True,True
21705,1.0,0.1408,0.5,none,True,True
21706,1.0,0.0907,0.5,none,True,True
21707,1.0,0.1198,0.5,none,True,True
21708,1.0,0.0467,0.5,none,True,True
21709,1.0,0.0522,0.5,none,True,True
21710,1.0,0.0405,0.5,none,True,True
21711,1.0,0.0313,0.5,none,True,True
21712,1.0,0.0083,0.5,none,True,True
21713,1.0,0.0726,0.5,none,True,True
21714,1.0,0.0793,0.5,none,True,True
21715,1.0,0.0581,0.5,none,True,True
21716,1.0,0.0955,0.5,none,True,True
21717,1.0,0.0839,0.5,none,True,True
21718,1.0,0.0648,0.5,none,True,True
21719,1.0,0.0718,0.5,none,True,True
21720,1.0,0.0589,0.5,none,True,True
21721,1.0,0.0403,0.5,none,True,True
21722,1.0,0.0327,0.5,none,True,True
21723,1.0,0.0277,0.5,none,True,True
21724,1.0,0.017,0.5,none,True,True
21725,1.0,0.0102,0.5,none,True,True
21726,1.0,0.0099,0.5,none,True,True
21727,1.0,0.008,0.5,none,True,True
21728,1.0,0.005,0.5,none,True,True
21729,1.0,0.0063,0.5,none,True,True
21730,1.0,0.009,0.5,none,True,True
21731,1.0,0.0096,0.5,none,True,True
21732,1.0,0.0108,0.5,none,True,True
21733,1.0,0.014,0.5,none,True,True
21734,1.0,0.0161,0.5,none,True,True
21735,1.0,0.0167,0.5,none,True,True
21736,1.0,0.0182,0.5,none,True,True
21737,1.0,0.0196,0.5,none,True,True
21738,1.0,0.0197,0.5,none,True,True
21739,1.0,0.0193,0.5,none,True,True
21740,1.0,0.0193,0.5,none,True,True
21741,1.0,0.0187,0.5,none,True,True
21742,1.0,0.0174,0.5,none,True,True
21743,1.0,0.0163,0.5,none,True,True
21744,1.0,0.0152,0.5,none,True,True
21745,1.0,0.0138,0.5,none,True,True
21746,1.0,0.0123,0.5,none,True,True
21747,1.0,0.0111,0.5,none,True,True
21748,1.0,0.01,0.5,none,True,True
21749,1.0,0.0088,0.5,none,True,True
21750,1.0,0.0078,0.5,none,True,True
21751,1.0,0.0071,0.5,none,True,True
21752,1.0,0.0064,0.5,none,True,True
21753,1.0,0.0057,0.5,none,True,True
21754,1.0,0.0053,0.5,none,True,True
21755,1.0,0.005,0.5,none,True,True
21756,1.0,0.0047,0.5,none,True,True
21757,1.0,0.0045,0.5,none,True,True
21758,1.0,0.0044,0.5,none,True,True
21759,1.0,0.0043,0.5,none,True,True
21760,1.0,0.0042,0.5,none,True,True
21761,1.0,0.0041,0.5,none,True,True
21762,1.0,0.004,0.5,none,True,True
21763,1.0,0.0039,0.5,none,True,True
21764,1.0,0.0038,0.5,none,True,True
21765,1.0,0.0037,0.5,none,True,True
21766,1.0,0.0035,0.5,none,True,True
21767,1.0,0.0033,0.5,none,True,True
21768,1.0,0.0032,0.5,none,True,True
21769,1.0,0.003,0.5,none,True,True
21770,1.0,0.0028,0.5,none,True,True
21771,1.0,0.0026,0.5,none,True,True
21772,1.0,0.0024,0.5,none,True,True
21773,1.0,0.0023,0.5,none,True,True
21774,1.0,0.0021,0.5,none,True,True
21775,1.0,0.0019,0.5,none,True,True
21776,1.0,0.0018,0.5,none,True,True
21777,1.0,0.0017,0.5,none,True,True
21778,1.0,0.0015,0.5,none,True,True
21779,1.0,0.0014,0.5,none,True,True
21780,1.0,0.0013,0.5,none,True,True
21781,1.0,0.0013,0.5,none,True,True
21782,1.0,0.0012,0.5,none,True,True
21783,1.0,0.0011,0.5,none,True,True
21784,1.0,0.0011,0.5,none,True,True
21785,1.0,0.001,0.5,none,True,True
21786,1.0,0.001,0.5,none,True,True
21787,1.0,0.0009,0.5,none,True,True
21788,1.0,0.0009,0.5,none,True,True
21789,1.0,0.0008,0.5,none,True,True
21790,1.0,0.0008,0.5,none,True,True
21791,1.0,0.0008,0.5,none,True,True
21792,1.0,0.0007,0.5,none,True,True
21793,1.0,0.0007,0.5,none,True,True
21794,1.0,0.0006,0.5,none,True,True
21795,1.0,0.0006,0.5,none,True,True
21796,1.0,0.0006,0.5,none,True,True
21797,1.0,0.0005,0.5,none,True,True
21798,1.0,0.0005,0.5,none,True,True
21799,1.0,0.0005,0.5,none,True,True
21800,1.0,0.0004,0.5,none,True,True
21801,1.0,0.0004,0.5,none,True,True
21802,1.0,0.0004,0.5,none,True,True
21803,1.0,0.0004,0.5,none,True,True
21804,1.0,0.0003,0.5,none,True,True
21805,1.0,0.0003,0.5,none,True,True
21806,1.0,0.0003,0.5,none,True,True
21807,1.0,0.0003,0.5,none,True,True
21808,1.0,0.0003,0.5,none,True,True
21809,1.0,0.0003,0.5,none,True,True
21810,1.0,0.0002,0.5,none,True,True
21811,1.0,0.0002,0.5,none,True,True
21812,1.0,0.0002,0.5,none,True,True
21813,1.0,0.0002,0.5,none,True,True
21814,1.0,0.0002,0.5,none,True,True
21815,1.0,0.0002,0.5,none,True,True
21816,1.0,0.0002,0.5,none,True,True
21817,1.0,0.0002,0.5,none,True,True
21818,1.0,0.0002,0.5,none,True,True
21819,1.0,0.0001,0.5,none,True,True
21820,1.0,0.0001,0.5,none,True,True
21821,1.0,0.0001,0.5,none,True,True
21822,1.0,0.0001,0.5,none,True,True
21823,1.0,0.0001,0.5,none,True,True
21824,1.0,0.0001,0.5,none,True,True
21825,1.0,0.0001,0.5,none,True,True
21826,1.0,0.0001,0.5,none,True,True
21827,1.0,0.0001,0.5,none,True,True
21828,1.0,0.0001,0.5,none,True,True
21829,1.0,0.0001,0.5,none,True,True
21830,1.0,0.0001,0.5,none,True,True
21831,1.0,0.0001,0.5,none,True,True
21832,1.0,0.0001,0.5,none,True,True
21833,1.0,0.0001,0.5,none,True,True
21834,1.0,0.0001,0.5,none,True,True
21835,1.0,0.0001,0.5,none,True,True
21836,1.0,0.0001,0.5,none,True,True
21837,1.0,0.0,0.5,none,True,True
21838,1.0,0.0,0.5,none,True,True
21839,1.0,0.0,0.5,none,True,True
21840,1.0,0.0,0.5,none,True,True
21841,1.0,0.0,0.5,none,True,True
21842,1.0,0.0,0.5,none,True,True
21843,1.0,0.0,0.5,none,True,True
21844,1.0,0.0,0.5,none,True,True
21845,1.0,0.0,0.5,none,True,True
21846,1.0,0.0,0.5,none,True,True
21847,1.0,0.0,0.5,none,True,True
21848,1.0,0.0,0.5,none,True,True
21849,1.0,0.0,0.5,none,True,True
21850,1.0,0.0,0.5,none,True,True
21851,1.0,0.0,0.5,none,True,True
21852,1.0,0.0,0.5,none,True,True
21853,1.0,0.0,0.5,none,True,True
21854,1.0,0.0,0.5,none,True,True
21855,1.0,0.0,0.5,none,True,True
21856,1.0,0.0,0.5,none,True,True
21857,1.0,0.0,0.5,none,True,True
21858,1.0,0.0,0.5,none,True,True
21859,1.0,0.0,0.5,none,True,True
21860,1.0,0.0,0.5,none,True,True
21861,1.0,0.0,0.5,none,True,True
21862,1.0,0.0,0.5,none,True,True
21863,1.0,0.0,0.5,none,True,True
21864,1.0,0.0,0.5,none,True,True
21865,1.0,0.0,0.5,none,True,True
21866,1.0,0.0,0.5,none,True,True
21867,1.0,0.0,0.5,none,True,True
21868,1.0,0.0,0.5,none,True,True
21869,1.0,0.0,0.5,none,True,True
21870,1.0,0.0,0.5,none,True,True
21871,1.0,0.0,0.5,none,True,True
21872,1.0,0.0,0.5,none,True,True
21873,1.0,0.0,0.5,none,True,True
21874,1.0,0.0,0.5,none,True,True
21875,1.0,0.0,0.5,none,True,True
21876,1.0,0.0,0.5,none,True,True
21877,1.0,0.0,0.5,none,True,True
21878,1.0,0.0,0.5,none,True,True
21879,1.0,0.0,0.5,none,True,True
21880,1.0,0.0,0.5,none,True,True
21881,1.0,0.0,0.5,none,True,True
21882,1.0,0.0,0.5,none,True,True
21883,1.0,0.0,0.5,none,True,True
21884,1.0,0.0,0.5,none,True,True
21885,1.0,0.0,0.5,none,True,True
21886,1.0,0.0,0.5,none,True,True
21887,1.0,0.0,0.5,none,True,True
21888,1.0,0.0,0.5,none,True,True
21889,1.0,0.0,0.5,none,True,True
21890,1.0,0.0,0.5,none,True,True
21891,1.0,0.0,0.5,none,True,True
21892,1.0,0.0,0.5,none,True,True
21893,1.0,0.0,0.5,none,True,True
21894,1.0,0.0,0.5,none,True,True
21895,1.0,0.0,0.5,none,True,True
21896,1.0,0.0,0.5,none,True,True
21897,1.0,0.0,0.5,none,True,True
21898,1.0,0.0,0.5,none,True,True
21899,1.0,0.0,0.5,none,True,True
21900,1.0,0.0,0.5,none,True,True
21901,1.0,0.0,0.5,none,True,True
21902,1.0,0.0,0.5,none,True,True
21903,1.0,0.0,0.5,none,True,True
21904,1.0,0.0,0.5,none,True,True
21905,1.0,0.0,0.5,none,True,True
21906,1.0,0.0,0.5,none,True,True
21907,1.0,0.0,0.5,none,True,True
21908,1.0,0.0,0.5,none,True,True
21909,1.0,0.0,0.5,none,True,True
21910,1.0,0.0,0.5,none,True,True
21911,1.0,0.0,0.5,none,True,True
21912,1.0,0.0,0.5,none,True,True
21913,1.0,0.0,0.5,none,True,True
21914,1.0,0.0,0.5,none,True,True
21915,1.0,0.0,0.5,none,True,True
21916,1.0,0.0,0.5,none,True,True
21917,1.0,0.0,0.5,none,True,True
21918,1.0,0.0,0.5,none,True,True
21919,1.0,0.0,0.5,none,True,True
21920,1.0,0.0,0.5,none,True,True
21921,1.0,0.0,0.5,none,True,True
21922,1.0,0.0,0.5,none,True,True
21923,1.0,0.0,0.5,none,True,True
21924,1.0,0.0,0.5,none,True,True
21925,1.0,0.0,0.5,none,True,True
21926,1.0,0.0,0.5,none,True,True
21927,1.0,0.0,0.5,none,True,True
21928,1.0,0.0,0.5,none,True,True
21929,1.0,0.0,0.5,none,True,True
21930,1.0,0.0,0.5,none,True,True
21931,1.0,0.0,0.5,none,True,True
21932,1.0,0.0,0.5,none,True,True
21933,1.0,0.0,0.5,none,True,True
21934,1.0,0.0,0.5,none,True,True
21935,1.0,0.0,0.5,none,True,True
21936,1.0,0.0,0.5,none,True,True
21937,1.0,0.0,0.5,none,True,True
21938,1.0,0.0,0.5,none,True,True
21939,1.0,0.0,0.5,none,True,True
21940,1.0,0.0,0.5,none,True,True
21941,1.0,0.0,0.5,none,True,True
21942,1.0,0.0,0.5,none,True,True
21943,1.0,0.0,0.5,none,True,True
21944,1.0,0.0,0.5,none,True,True
21945,1.0,0.0,0.5,none,True,True
21946,1.0,0.0,0.5,none,True,True
21947,1.0,0.0,0.5,none,True,True
21948,1.0,0.0,0.5,none,True,True
21949,1.0,0.0,0.5,none,True,True
21950,1.0,0.0,0.5,none,True,True
21951,1.0,0.0,0.5,none,True,True
21952,1.0,0.0,0.5,none,True,True
21953,1.0,0.0,0.5,none,True,True
21954,1.0,0.0,0.5,none,True,True
21955,1.0,0.0,0.5,none,True,True
21956,1.0,0.0,0.5,none,True,True
21957,1.0,0.0,0.5,none,True,True
21958,1.0,0.0,0.5,none,True,True
21959,1.0,0.0,0.5,none,True,True
21960,1.0,0.0,0.5,none,True,True
21961,1.0,0.0,0.5,none,True,True
21962,1.0,0.0,0.5,none,True,True
21963,1.0,0.0,0.5,none,True,True
21964,1.0,0.0,0.5,none,True,True
21965,1.0,0.0,0.5,none,True,True
21966,1.0,0.0,0.5,none,True,True
21967,1.0,0.0,0.5,none,True,True
21968,1.0,0.0,0.5,none,True,True
21969,1.0,0.0,0.5,none,True,True
21970,1.0,0.0,0.5,none,True,True
21971,1.0,0.0,0.5,none,True,True
21972,1.0,0.0,0.5,none,True,True
21973,1.0,0.0,0.5,none,True,True
21974,1.0,0.0,0.5,none,True,True
21975,1.0,0.0,0.5,none,True,True
21976,1.0,0.0,0.5,none,True,True
21977,1.0,0.0,0.5,none,True,True
21978,1.0,0.0,0.5,none,True,True
21979,1.0,0.0,0.5,none,True,True
21980,1.0,0.0,0.5,none,True,True
21981,1.0,0.0,0.5,none,True,True
21982,1.0,0.0,0.5,none,True,True
21983,1.0,0.0,0.5,none,True,True
21984,1.0,0.0,0.5,none,True,True
21985,1.0,0.0,0.5,none,True,True
21986,1.0,0.0,0.5,none,True,True
21987,1.0,0.0,0.5,none,True,True
21988,1.0,0.0,0.5,none,True,True
21989,1.0,0.0,0.5,none,True,True
21990,1.0,0.0,0.5,none,True,True
21991,1.0,0.0,0.5,none,True,True
21992,1.0,0.0,0.5,none,True,True
21993,1.0,0.0,0.5,none,True,True
21994,1.0,0.0,0.5,none,True,True
21995,1.0,0.0,0.5,none,True,True
21996,1.0,0.0,0.5,none,True,True
21997,1.0,0.0,0.5,none,True,True
21998,1.0,0.0,0.5,none,True,True
21999,1.0,0.0,0.5,none,True,True
22000,1.0,0.0,0.5,none,True,True
22001,1.0,0.0,0.5,none,True,True
22002,1.0,0.0,0.5,none,True,True
22003,1.0,0.0,0.5,none,True,True
22004,1.0,0.0,0.5,none,True,True
22005,1.0,0.0,0.5,none,True,True
22006,1.0,0.0,0.5,none,True,True
22007,1.0,0.0,0.5,none,True,True
22008,1.0,0.0,0.5,none,True,True
22009,1.0,0.0,0.5,none,True,True
22010,1.0,0.0,0.5,none,True,True
22011,1.0,0.0,0.5,none,True,True
22012,1.0,0.0,0.5,none,True,True
22013,1.0,0.0,0.5,none,True,True
22014,1.0,0.0,0.5,none,True,True
22015,1.0,0.0,0.5,none,True,True
22016,1.0,0.0,0.5,none,True,True
22017,1.0,0.0,0.5,none,True,True
22018,1.0,0.0,0.5,none,True,True
22019,1.0,0.0,0.5,none,True,True
22020,1.0,0.0,0.5,none,True,True
22021,1.0,0.0,0.5,none,True,True
22022,1.0,0.0,0.5,none,True,True
22023,1.0,0.0,0.5,none,True,True
22024,1.0,0.0,0.5,none,True,True
22025,1.0,0.0,0.5,none,True,True
22026,1.0,0.0,0.5,none,True,True
22027,1.0,0.0,0.5,none,True,True
22028,1.0,0.0,0.5,none,True,True
22029,1.0,0.0,0.5,none,True,True
22030,1.0,0.0,0.5,none,True,True
22031,1.0,0.0,0.5,none,True,True
22032,1.0,0.0,0.5,none,True,True
22033,1.0,0.0,0.5,none,True,True
22034,1.0,0.0,0.5,none,True,True
22035,1.0,0.0,0.5,none,True,True
22036,1.0,0.0,0.5,none,True,True
22037,1.0,0.0,0.5,none,True,True
22038,1.0,0.0,0.5,none,True,True
22039,1.0,0.0,0.5,none,True,True
22040,1.0,0.0,0.5,none,True,True
22041,1.0,0.0,0.5,none,True,True
22042,1.0,0.0,0.5,none,True,True
22043,1.0,0.0,0.5,none,True,True
22044,1.0,0.0,0.5,none,True,True
22045,1.0,0.0,0.5,none,True,True
22046,1.0,0.0,0.5,none,True,True
22047,1.0,0.0,0.5,none,True,True
22048,1.0,0.0,0.5,none,True,True
22049,1.0,0.0,0.5,none,True,True
22050,1.0,0.0,0.5,none,True,True
22051,1.0,0.0,0.5,none,True,True
22052,1.0,0.0,0.5,none,True,True
22053,1.0,0.0,0.5,none,True,True
22054,1.0,0.0,0.5,none,True,True
22055,1.0,0.0,0.5,none,True,True
22056,1.0,0.0,0.5,none,True,True
22057,1.0,0.0,0.5,none,True,True
22058,1.0,0.0,0.5,none,True,True
22059,1.0,0.0,0.5,none,True,True
22060,1.0,0.0,0.5,none,True,True
22061,1.0,0.0,0.5,none,True,True
22062,1.0,0.0,0.5,none,True,True
22063,1.0,0.0,0.5,none,True,True
22064,1.0,0.0,0.5,none,True,True
22065,1.0,0.0,0.5,none,True,True
22066,1.0,0.0,0.5,none,True,True
22067,1.0,0.0,0.5,none,True,True
22068,1.0,0.0,0.5,none,True,True
22069,1.0,0.0,0.5,none,True,True
22070,1.0,0.0,0.5,none,True,True
22071,1.0,0.0,0.5,none,True,True
22072,1.0,0.0,0.5,none,True,True
22073,1.0,0.0,0.5,none,True,True
22074,1.0,0.0,0.5,none,True,True
22075,1.0,0.0,0.5,none,True,True
22076,1.0,0.0,0.5,none,True,True
22077,1.0,0.0,0.5,none,True,True
22078,1.0,0.0,0.5,none,True,True
22079,1.0,0.0,0.5,none,True,True
22080,1.0,0.0,0.5,none,True,True
22081,1.0,0.0,0.5,none,True,True
22082,1.0,0.0,0.5,none,True,True
22083,1.0,0.0,0.5,none,True,True
22084,1.0,0.0,0.5,none,True,True
22085,1.0,0.0,0.5,none,True,True
22086,1.0,0.0,0.5,none,True,True
22087,1.0,0.0,0.5,none,True,True
22088,1.0,0.0,0.5,none,True,True
22089,1.0,0.0,0.5,none,True,True
22090,1.0,0.0,0.5,none,True,True
22091,1.0,0.0,0.5,none,True,True
22092,1.0,0.0,0.5,none,True,True
22093,1.0,0.0,0.5,none,True,True
22094,1.0,0.0,0.5,none,True,True
22095,1.0,0.0,0.5,none,True,True
22096,1.0,0.0,0.5,none,True,True
22097,1.0,0.0,0.5,none,True,True
22098,1.0,0.0,0.5,none,True,True
22099,1.0,0.0,0.5,none,True,True
22100,1.0,0.0,0.5,none,True,True
22101,1.0,0.0,0.5,none,True,True
22102,1.0,0.0,0.5,none,True,True
22103,1.0,0.0,0.5,none,True,True
22104,1.0,0.0,0.5,none,True,True
22105,1.0,0.0,0.5,none,True,True
22106,1.0,0.0,0.5,none,True,True
22107,1.0,0.0,0.5,none,True,True
22108,1.0,0.0,0.5,none,True,True
22109,1.0,0.0,0.5,none,True,True
22110,1.0,0.0,0.5,none,True,True
22111,1.0,0.0,0.5,none,True,True
22112,1.0,0.0,0.5,none,True,True
22113,1.0,0.0,0.5,none,True,True
22114,1.0,0.0,0.5,none,True,True
22115,1.0,0.0,0.5,none,True,True
22116,1.0,0.0,0.5,none,True,True
22117,1.0,0.0,0.5,none,True,True
22118,1.0,0.0,0.5,none,True,True
22119,1.0,0.0,0.5,none,True,True
22120,1.0,0.0,0.5,none,True,True
22121,1.0,0.0,0.5,none,True,True
22122,1.0,0.0,0.5,none,True,True
22123,1.0,0.0,0.5,none,True,True
22124,1.0,0.0,0.5,none,True,True
22125,1.0,0.0,0.5,none,True,True
22126,1.0,0.0,0.5,none,True,True
22127,1.0,0.0,0.5,none,True,True
22128,1.0,0.0,0.5,none,True,True
22129,1.0,0.0,0.5,none,True,True
22130,1.0,0.0,0.5,none,True,True
22131,1.0,0.0,0.5,none,True,True
22132,1.0,0.0,0.5,none,True,True
22133,1.0,0.0,0.5,none,True,True
22134,1.0,0.0,0.5,none,True,True
22135,1.0,0.0,0.5,none,True,True
22136,1.0,0.0,0.5,none,True,True
22137,1.0,0.0,0.5,none,True,True
22138,1.0,0.0,0.5,none,True,True
22139,1.0,0.0,0.5,none,True,True
22140,1.0,0.0,0.5,none,True,True
22141,1.0,0.0,0.5,none,True,True
22142,1.0,0.0,0.5,none,True,True
22143,1.0,0.0,0.5,none,True,True
22144,1.0,0.0,0.5,none,True,True
22145,1.0,0.0,0.5,none,True,True
22146,1.0,0.0,0.5,none,True,True
22147,1.0,0.0,0.5,none,True,True
22148,1.0,0.0,0.5,none,True,True
22149,1.0,0.0,0.5,none,True,True
22150,1.0,0.0,0.5,none,True,True
22151,1.0,0.0,0.5,none,True,True
22152,1.0,0.0,0.5,none,True,True
22153,1.0,0.0,0.5,none,True,True
22154,1.0,0.0,0.5,none,True,True
22155,1.0,0.0,0.5,none,True,True
22156,1.0,0.0,0.5,none,True,True
22157,1.0,0.0,0.5,none,True,True
22158,1.0,0.0,0.5,none,True,True
22159,1.0,0.0,0.5,none,True,True
22160,1.0,0.0,0.5,none,True,True
22161,1.0,0.0,0.5,none,True,True
22162,1.0,0.0,0.5,none,True,True
22163,1.0,0.0,0.5,none,True,True
22164,1.0,0.0,0.5,none,True,True
22165,1.0,0.0,0.5,none,True,True
22166,1.0,0.0,0.5,none,True,True
22167,1.0,0.0,0.5,none,True,True
22168,1.0,0.0,0.5,none,True,True
22169,1.0,0.0,0.5,none,True,True
22170,1.0,0.0,0.5,none,True,True
22171,1.0,0.0,0.5,none,True,True
22172,1.0,0.0,0.5,none,True,True
22173,1.0,0.0,0.5,none,True,True
22174,1.0,0.0,0.5,none,True,True
22175,1.0,0.0,0.5,none,True,True
22176,1.0,0.0,0.5,none,True,True
22177,1.0,0.0,0.5,none,True,True
22178,1.0,0.0,0.5,none,True,True
22179,1.0,0.0,0.5,none,True,True
22180,1.0,0.0,0.5,none,True,True
22181,1.0,0.0,0.5,none,True,True
22182,1.0,0.0,0.5,none,True,True
22183,1.0,0.0,0.5,none,True,True
22184,1.0,0.0,0.5,none,True,True
22185,1.0,0.0,0.5,none,True,True
22186,1.0,0.0,0.5,none,True,True
22187,1.0,0.0,0.5,none,True,True
22188,1.0,0.0,0.5,none,True,True
22189,1.0,0.0,0.5,none,True,True
22190,1.0,0.0,0.5,none,True,True
22191,1.0,0.0,0.5,none,True,True
22192,1.0,0.0,0.5,none,True,True
22193,1.0,0.0,0.5,none,True,True
22194,1.0,0.0,0.5,none,True,True
22195,1.0,0.0,0.5,none,True,True
22196,1.0,0.0,0.5,none,True,True
22197,1.0,0.0,0.5,none,True,True
22198,1.0,0.0,0.5,none,True,True
22199,1.0,0.0,0.5,none,True,True
22200,1.0,0.0,0.5,none,True,True
22201,1.0,0.0,0.5,none,True,True
22202,1.0,0.0,0.5,none,True,True
22203,1.0,0.0,0.5,none,True,True
22204,1.0,0.0,0.5,none,True,True
22205,1.0,0.0,0.5,none,True,True
22206,1.0,0.0,0.5,none,True,True
22207,1.0,0.0,0.5,none,True,True
22208,1.0,0.0,0.5,none,True,True
22209,1.0,0.0,0.5,none,True,True
22210,1.0,0.0,0.5,none,True,True
22211,1.0,0.0,0.5,none,True,True
22212,1.0,0.0,0.5,none,True,True
22213,1.0,0.0,0.5,none,True,True
22214,1.0,0.0,0.5,none,True,True
22215,1.0,0.0,0.5,none,True,True
22216,1.0,0.0,0.5,none,True,True
22217,1.0,0.0,0.5,none,True,True
22218,1.0,0.0,0.5,none,True,True
22219,1.0,0.0,0.5,none,True,True
22220,1.0,0.0,0.5,none,True,True
22221,1.0,0.0,0.5,none,True,True
22222,1.0,0.0,0.5,none,True,True
22223,1.0,0.0,0.5,none,True,True
22224,1.0,0.0,0.5,none,True,True
22225,1.0,0.0,0.5,none,True,True
22226,1.0,0.0,0.5,none,True,True
22227,1.0,0.0,0.5,none,True,True
22228,1.0,0.0,0.5,none,True,True
22229,1.0,0.0,0.5,none,True,True
22230,1.0,0.0,0.5,none,True,True
22231,1.0,0.0,0.5,none,True,True
22232,1.0,0.0,0.5,none,True,True
22233,1.0,0.0,0.5,none,True,True
22234,1.0,0.0,0.5,none,True,True
22235,1.0,0.0,0.5,none,True,True
22236,1.0,0.0,0.5,none,True,True
22237,1.0,0.0,0.5,none,True,True
22238,1.0,0.0,0.5,none,True,True
22239,1.0,0.0,0.5,none,True,True
22240,1.0,0.0,0.5,none,True,True
22241,1.0,0.0,0.5,none,True,True
22242,1.0,0.0,0.5,none,True,True
22243,1.0,0.0,0.5,none,True,True
22244,1.0,0.0,0.5,none,True,True
22245,1.0,0.0,0.5,none,True,True
22246,1.0,0.0,0.5,none,True,True
22247,1.0,0.0,0.5,none,True,True
22248,1.0,0.0,0.5,none,True,True
22249,1.0,0.0,0.5,none,True,True
22250,1.0,0.0,0.5,none,True,True
22251,1.0,0.0,0.5,none,True,True
22252,1.0,0.0,0.5,none,True,True
22253,1.0,0.0,0.5,none,True,True
22254,1.0,0.0,0.5,none,True,True
22255,1.0,0.0,0.5,none,True,True
22256,1.0,0.0,0.5,none,True,True
22257,1.0,0.0,0.5,none,True,True
22258,1.0,0.0,0.5,none,True,True
22259,1.0,0.0,0.5,none,True,True
22260,1.0,0.0,0.5,none,True,True
22261,1.0,0.0,0.5,none,True,True
22262,1.0,0.0,0.5,none,True,True
22263,1.0,0.0,0.5,none,True,True
22264,1.0,0.0,0.5,none,True,True
22265,1.0,0.0,0.5,none,True,True
22266,1.0,0.0,0.5,none,True,True
22267,1.0,0.0,0.5,none,True,True
22268,1.0,0.0,0.5,none,True,True
22269,1.0,0.0,0.5,none,True,True
22270,1.0,0.0,0.5,none,True,True
22271,1.0,0.0,0.5,none,True,True
22272,1.0,0.0,0.5,none,True,True
22273,1.0,0.0,0.5,none,True,True
22274,1.0,0.0,0.5,none,True,True
22275,1.0,0.0,0.5,none,True,True
22276,1.0,0.0,0.5,none,True,True
22277,1.0,0.0,0.5,none,True,True
22278,1.0,0.0,0.5,none,True,True
22279,1.0,0.0,0.5,none,True,True
22280,1.0,0.0,0.5,none,True,True
22281,1.0,0.0,0.5,none,True,True
22282,1.0,0.0,0.5,none,True,True
22283,1.0,0.0,0.5,none,True,True
22284,1.0,0.0,0.5,none,True,True
22285,1.0,0.0,0.5,none,True,True
22286,1.0,0.0,0.5,none,True,True
22287,1.0,0.0,0.5,none,True,True
22288,1.0,0.0,0.5,none,True,True
22289,1.0,0.0,0.5,none,True,True
22290,1.0,0.0,0.5,none,True,True
22291,1.0,0.0,0.5,none,True,True
22292,1.0,0.0,0.5,none,True,True
22293,1.0,0.0,0.5,none,True,True
22294,1.0,0.0,0.5,none,True,True
22295,1.0,0.0,0.5,none,True,True
22296,1.0,0.0,0.5,none,True,True
22297,1.0,0.0,0.5,none,True,True
22298,1.0,0.0,0.5,none,True,True
22299,1.0,0.0,0.5,none,True,True
22300,1.0,0.0,0.5,none,True,True
22301,1.0,0.0,0.5,none,True,True
22302,1.0,0.0,0.5,none,True,True
22303,1.0,0.0,0.5,none,True,True
22304,1.0,0.0,0.5,none,True,True
22305,1.0,0.0,0.5,none,True,True
22306,1.0,0.0,0.5,none,True,True
22307,1.0,0.0,0.5,none,True,True
22308,1.0,0.0,0.5,none,True,True
22309,1.0,0.0,0.5,none,True,True
22310,1.0,0.0,0.5,none,True,True
22311,1.0,0.0,0.5,none,True,True
22312,1.0,0.0,0.5,none,True,True
22313,1.0,0.0,0.5,none,True,True
22314,1.0,0.0,0.5,none,True,True
22315,1.0,0.0,0.5,none,True,True
22316,1.0,0.0,0.5,none,True,True
22317,1.0,0.0,0.5,none,True,True
22318,1.0,0.0,0.5,none,True,True
22319,1.0,0.0,0.5,none,True,True
22320,1.0,0.0,0.5,none,True,True
22321,1.0,0.0,0.5,none,True,True
22322,1.0,0.0,0.5,none,True,True
22323,1.0,0.0,0.5,none,True,True
22324,1.0,0.0,0.5,none,True,True
22325,1.0,0.0,0.5,none,True,True
22326,1.0,0.0,0.5,none,True,True
22327,1.0,0.0,0.5,none,True,True
22328,1.0,0.0,0.5,none,True,True
22329,1.0,0.0,0.5,none,True,True
22330,1.0,0.0,0.5,none,True,True
22331,1.0,0.0,0.5,none,True,True
22332,1.0,0.0,0.5,none,True,True
22333,1.0,0.0,0.5,none,True,True
22334,1.0,0.0,0.5,none,True,True
22335,1.0,0.0,0.5,none,True,True
22336,1.0,0.0,0.5,none,True,True
22337,1.0,0.0,0.5,none,True,True
22338,1.0,0.0,0.5,none,True,True
22339,1.0,0.0,0.5,none,True,True
22340,1.0,0.0,0.5,none,True,True
22341,1.0,0.0,0.5,none,True,True
22342,1.0,0.0,0.5,none,True,True
22343,1.0,0.0,0.5,none,True,True
22344,1.0,0.0,0.5,none,True,True
22345,1.0,0.0,0.5,none,True,True
22346,1.0,0.0,0.5,none,True,True
22347,1.0,0.0,0.5,none,True,True
22348,1.0,0.0,0.5,none,True,True
22349,1.0,0.0,0.5,none,True,True
22350,1.0,0.0,0.5,none,True,True
22351,1.0,0.0,0.5,none,True,True
22352,1.0,0.0,0.5,none,True,True
22353,1.0,0.0,0.5,none,True,True
22354,1.0,0.0,0.5,none,True,True
22355,1.0,0.0,0.5,none,True,True
22356,1.0,0.0,0.5,none,True,True
22357,1.0,0.0,0.5,none,True,True
22358,1.0,0.0,0.5,none,True,True
22359,1.0,0.0,0.5,none,True,True
22360,1.0,0.0,0.5,none,True,True
22361,1.0,0.0,0.5,none,True,True
22362,1.0,0.0,0.5,none,True,True
22363,1.0,0.0,0.5,none,True,True
22364,1.0,0.0,0.5,none,True,True
22365,1.0,0.0,0.5,none,True,True
22366,1.0,0.0,0.5,none,True,True
22367,1.0,0.0,0.5,none,True,True
22368,1.0,0.0,0.5,none,True,True
22369,1.0,0.0,0.5,none,True,True
22370,1.0,0.0,0.5,none,True,True
22371,1.0,0.0,0.5,none,True,True
22372,1.0,0.0,0.5,none,True,True
22373,1.0,0.0,0.5,none,True,True
22374,1.0,0.0,0.5,none,True,True
22375,1.0,0.0,0.5,none,True,True
22376,1.0,0.0,0.5,none,True,True
22377,1.0,0.0,0.5,none,True,True
22378,1.0,0.0,0.5,none,True,True
22379,1.0,0.0,0.5,none,True,True
22380,1.0,0.0,0.5,none,True,True
22381,1.0,0.0,0.5,none,True,True
22382,1.0,0.0,0.5,none,True,True
22383,1.0,0.0,0.5,none,True,True
22384,1.0,0.0,0.5,none,True,True
22385,1.0,0.0,0.5,none,True,True
22386,1.0,0.0,0.5,none,True,True
22387,1.0,0.0,0.5,none,True,True
22388,1.0,0.0,0.5,none,True,True
22389,1.0,0.0,0.5,none,True,True
22390,1.0,0.0,0.5,none,True,True
22391,1.0,0.0,0.5,none,True,True
22392,1.0,0.0,0.5,none,True,True
22393,1.0,0.0,0.5,none,True,True
22394,1.0,0.0,0.5,none,True,True
22395,1.0,0.0,0.5,none,True,True
22396,1.0,0.0,0.5,none,True,True
22397,1.0,0.0,0.5,none,True,True
22398,1.0,0.0,0.5,none,True,True
22399,1.0,0.0,0.5,none,True,True
22400,1.0,0.0061,0.5,none,True,True
22401,1.0,0.0357,0.5,none,True,True
22402,1.0,0.0812,0.5,none,True,True
22403,1.0,0.1113,0.5,none,True,True
22404,1.0,0.1253,0.5,none,True,True
22405,1.0,0.1408,0.5,none,True,True
22406,1.0,0.0907,0.5,none,True,True
22407,1.0,0.1198,0.5,none,True,True
22408,1.0,0.0467,0.5,none,True,True
22409,1.0,0.0522,0.5,none,True,True
22410,1.0,0.0405,0.5,none,True,True
22411,1.0,0.0313,0.5,none,True,True
22412,1.0,0.0083,0.5,none,True,True
22413,1.0,0.0726,0.5,none,True,True
22414,1.0,0.0793,0.5,none,True,True
22415,1.0,0.0581,0.5,none,True,True
22416,1.0,0.0955,0.5,none,True,True
22417,1.0,0.0839,0.5,none,True,True
22418,1.0,0.0648,0.5,none,True,True
22419,1.0,0.0718,0.5,none,True,True
22420,1.0,0.0589,0.5,none,True,True
22421,1.0,0.0403,0.5,none,True,True
22422,1.0,0.0327,0.5,none,True,True
22423,1.0,0.0277,0.5,none,True,True
22424,1.0,0.017,0.5,none,True,True
22425,1.0,0.0102,0.5,none,True,True
22426,1.0,0.0099,0.5,none,True,True
22427,1.0,0.008,0.5,none,True,True
22428,1.0,0.005,0.5,none,True,True
22429,1.0,0.0063,0.5,none,True,True
22430,1.0,0.009,0.5,none,True,True
22431,1.0,0.0096,0.5,none,True,True
22432,1.0,0.0108,0.5,none,True,True
22433,1.0,0.014,0.5,none,True,True
22434,1.0,0.0161,0.5,none,True,True
22435,1.0,0.0167,0.5,none,True,True
22436,1.0,0.0182,0.5,none,True,True
22437,1.0,0.0196,0.5,none,True,True
22438,1.0,0.0197,0.5,none,True,True
22439,1.0,0.0193,0.5,none,True,True
22440,1.0,0.0193,0.5,none,True,True
22441,1.0,0.0187,0.5,none,True,True
22442,1.0,0.0174,0.5,none,True,True
22443,1.0,0.0163,0.5,none,True,True
22444,1.0,0.0152,0.5,none,True,True
22445,1.0,0.0138,0.5,none,True,True
22446,1.0,0.0123,0.5,none,True,True
22447,1.0,0.0111,0.5,none,True,True
22448,1.0,0.01,0.5,none,True,True
22449,1.0,0.0088,0.5,none,True,True
22450,1.0,0.0078,0.5,none,True,True
22451,1.0,0.0071,0.5,none,True,True
22452,1.0,0.0064,0.5,none,True,True
22453,1.0,0.0057,0.5,none,True,True
22454,1.0,0.0053,0.5,none,True,True
22455,1.0,0.005,0.5,none,True,True
22456,1.0,0.0047,0.5,none,True,True
22457,1.0,0.0045,0.5,none,True,True
22458,1.0,0.0044,0.5,none,True,True
22459,1.0,0.0043,0.5,none,True,True
22460,1.0,0.0042,0.5,none,True,True
22461,1.0,0.0041,0.5,none,True,True
22462,1.0,0.004,0.5,none,True,True
22463,1.0,0.0039,0.5,none,True,True
22464,1.0,0.0038,0.5,none,True,True
22465,1.0,0.0037,0.5,none,True,True
22466,1.0,0.0035,0.5,none,True,True
22467,1.0,0.0033,0.5,none,True,True
22468,1.0,0.0032,0.5,none,True,True
22469,1.0,0.003,0.5,none,True,True
22470,1.0,0.0028,0.5,none,True,True
22471,1.0,0.0026,0.5,none,True,True
22472,1.0,0.0024,0.5,none,True,True
22473,1.0,0.0023,0.5,none,True,True
22474,1.0,0.0021,0.5,none,True,True
22475,1.0,0.0019,0.5,none,True,True
22476,1.0,0.0018,0.5,none,True,True
22477,1.0,0.0017,0.5,none,True,True
22478,1.0,0.0015,0.5,none,True,True
22479,1.0,0.0014,0.5,none,True,True
22480,1.0,0.0013,0.5,none,True,True
22481,1.0,0.0013,0.5,none,True,True
22482,1.0,0.0012,0.5,none,True,True
22483,1.0,0.0011,0.5,none,True,True
22484,1.0,0.0011,0.5,none,True,True
22485,1.0,0.001,0.5,none,True,True
22486,1.0,0.001,0.5,none,True,True
22487,1.0,0.0009,0.5,none,True,True
22488,1.0,0.0009,0.5,none,True,True
22489,1.0,0.0008,0.5,none,True,True
22490,1.0,0.0008,0.5,none,True,True
22491,1.0,0.0008,0.5,none,True,True
22492,1.0,0.0007,0.5,none,True,True
22493,1.0,0.0007,0.5,none,True,True
22494,1.0,0.0006,0.5,none,True,True
22495,1.0,0.0006,0.5,none,True,True
22496,1.0,0.0006,0.5,none,True,True
22497,1.0,0.0005,0.5,none,True,True
22498,1.0,0.0005,0.5,none,True,True
22499,1.0,0.0005,0.5,none,True,True
22500,1.0,0.0004,0.5,none,True,True
22501,1.0,0.0004,0.5,none,True,True
22502,1.0,0.0004,0.5,none,True,True
22503,1.0,0.0004,0.5,none,True,True
22504,1.0,0.0003,0.5,none,True,True
22505,1.0,0.0003,0.5,none,True,True
22506,1.0,0.0003,0.5,none,True,True
22507,1.0,0.0003,0.5,none,True,True
22508,1.0,0.0003,0.5,none,True,True
22509,1.0,0.0003,0.5,none,True,True
22510,1.0,0.0002,0.5,none,True,True
22511,1.0,0.0002,0.5,none,True,True
22512,1.0,0.0002,0.5,none,True,True
22513,1.0,0.0002,0.5,none,True,True
22514,1.0,0.0002,0.5,none,True,True
22515,1.0,0.0002,0.5,none,True,True
22516,1.0,0.0002,0.5,none,True,True
22517,1.0,0.0002,0.5,none,True,True
22518,1.0,0.0002,0.5,none,True,True
22519,1.0,0.0001,0.5,none,True,True
22520,1.0,0.0001,0.5,none,True,True
22521,1.0,0.0001,0.5,none,True,True
22522,1.0,0.0001,0.5,none,True,True
22523,1.0,0.0001,0.5,none,True,True
22524,1.0,0.0001,0.5,none,True,True
22525,1.0,0.0001,0.5,none,True,True
22526,1.0,0.0001,0.5,none,True,True
22527,1.0,0.0001,0.5,none,True,True
22528,1.0,0.0001,0.5,none,True,True
22529,1.0,0.0001,0.5,none,True,True
22530,1.0,0.0001,0.5,none,True,True
22531,1.0,0.0001,0.5,none,True,True
22532,1.0,0.0001,0.5,none,True,True
22533,1.0,0.0001,0.5,none,True,True
22534,1.0,0.0001,0.5,none,True,True
22535,1.0,0.0001,0.5,none,True,True
22536,1.0,0.0001,0.5,none,True,True
22537,1.0,0.0,0.5,none,True,True
22538,1.0,0.0,0.5,none,True,True
22539,1.0,0.0,0.5,none,True,True
22540,1.0,0.0,0.5,none,True,True
22541,1.0,0.0,0.5,none,True,True
22542,1.0,0.0,0.5,none,True,True
22543,1.0,0.0,0.5,none,True,True
22544,1.0,0.0,0.5,none,True,True
22545,1.0,0.0,0.5,none,True,True
22546,1.0,0.0,0.5,none,True,True
22547,1.0,0.0,0.5,none,True,True
22548,1.0,0.0,0.5,none,True,True
22549,1.0,0.0,0.5,none,True,True
22550,1.0,0.0,0.5,none,True,True
22551,1.0,0.0,0.5,none,True,True
22552,1.0,0.0,0.5,none,True,True
22553,1.0,0.0,0.5,none,True,True
22554,1.0,0.0,0.5,none,True,True
22555,1.0,0.0,0.5,none,True,True
22556,1.0,0.0,0.5,none,True,True
22557,1.0,0.0,0.5,none,True,True
22558,1.0,0.0,0.5,none,True,True
22559,1.0,0.0,0.5,none,True,True
22560,1.0,0.0,0.5,none,True,True
22561,1.0,0.0,0.5,none,True,True
22562,1.0,0.0,0.5,none,True,True
22563,1.0,0.0,0.5,none,True,True
22564,1.0,0.0,0.5,none,True,True
22565,1.0,0.0,0.5,none,True,True
22566,1.0,0.0,0.5,none,True,True
22567,1.0,0.0,0.5,none,True,True
22568,1.0,0.0,0.5,none,True,True
22569,1.0,0.0,0.5,none,True,True
22570,1.0,0.0,0.5,none,True,True
22571,1.0,0.0,0.5,none,True,True
22572,1.0,0.0,0.5,none,True,True
22573,1.0,0.0,0.5,none,True,True
22574,1.0,0.0,0.5,none,True,True
22575,1.0,0.0,0.5,none,True,True
22576,1.0,0.0,0.5,none,True,True
22577,1.0,0.0,0.5,none,True,True
22578,1.0,0.0,0.5,none,True,True
22579,1.0,0.0,0.5,none,True,True
22580,1.0,0.0,0.5,none,True,True
22581,1.0,0.0,0.5,none,True,True
22582,1.0,0.0,0.5,none,True,True
22583,1.0,0.0,0.5,none,True,True
22584,1.0,0.0,0.5,none,True,True
22585,1.0,0.0,0.5,none,True,True
22586,1.0,0.0,0.5,none,True,True
22587,1.0,0.0,0.5,none,True,True
22588,1.0,0.0,0.5,none,True,True
22589,1.0,0.0,0.5,none,True,True
22590,1.0,0.0,0.5,none,True,True
22591,1.0,0.0,0.5,none,True,True
22592,1.0,0.0,0.5,none,True,True
22593,1.0,0.0,0.5,none,True,True
22594,1.0,0.0,0.5,none,True,True
22595,1.0,0.0,0.5,none,True,True
22596,1.0,0.0,0.5,none,True,True
22597,1.0,0.0,0.5,none,True,True
22598,1.0,0.0,0.5,none,True,True
22599,1.0,0.0,0.5,none,True,True
22600,1.0,0.0,0.5,none,True,True
22601,1.0,0.0,0.5,none,True,True
22602,1.0,0.0,0.5,none,True,True
22603,1.0,0.0,0.5,none,True,True
22604,1.0,0.0,0.5,none,True,True
22605,1.0,0.0,0.5,none,True,True
22606,1.0,0.0,0.5,none,True,True
22607,1.0,0.0,0.5,none,True,True
22608,1.0,0.0,0.5,none,True,True
22609,1.0,0.0,0.5,none,True,True
22610,1.0,0.0,0.5,none,True,True
22611,1.0,0.0,0.5,none,True,True
22612,1.0,0.0,0.5,none,True,True
22613,1.0,0.0,0.5,none,True,True
22614,1.0,0.0,0.5,none,True,True
22615,1.0,0.0,0.5,none,True,True
22616,1.0,0.0,0.5,none,True,True
22617,1.0,0.0,0.5,none,True,True
22618,1.0,0.0,0.5,none,True,True
22619,1.0,0.0,0.5,none,True,True
22620,1.0,0.0,0.5,none,True,True
22621,1.0,0.0,0.5,none,True,True
22622,1.0,0.0,0.5,none,True,True
22623,1.0,0.0,0.5,none,True,True
22624,1.0,0.0,0.5,none,True,True
22625,1.0,0.0,0.5,none,True,True
22626,1.0,0.0,0.5,none,True,True
22627,1.0,0.0,0.5,none,True,True
22628,1.0,0.0,0.5,none,True,True
22629,1.0,0.0,0.5,none,True,True
22630,1.0,0.0,0.5,none,True,True
22631,1.0,0.0,0.5,none,True,True
22632,1.0,0.0,0.5,none,True,True
22633,1.0,0.0,0.5,none,True,True
22634,1.0,0.0,0.5,none,True,True
22635,1.0,0.0,0.5,none,True,True
22636,1.0,0.0,0.5,none,True,True
22637,1.0,0.0,0.5,none,True,True
22638,1.0,0.0,0.5,none,True,True
22639,1.0,0.0,0.5,none,True,True
22640,1.0,0.0,0.5,none,True,True
22641,1.0,0.0,0.5,none,True,True
22642,1.0,0.0,0.5,none,True,True
22643,1.0,0.0,0.5,none,True,True
22644,1.0,0.0,0.5,none,True,True
22645,1.0,0.0,0.5,none,True,True
22646,1.0,0.0,0.5,none,True,True
22647,1.0,0.0,0.5,none,True,True
22648,1.0,0.0,0.5,none,True,True
22649,1.0,0.0,0.5,none,True,True
22650,1.0,0.0,0.5,none,True,True
22651,1.0,0.0,0.5,none,True,True
22652,1.0,0.0,0.5,none,True,True
22653,1.0,0.0,0.5,none,True,True
22654,1.0,0.0,0.5,none,True,True
22655,1.0,0.0,0.5,none,True,True
22656,1.0,0.0,0.5,none,True,True
22657,1.0,0.0,0.5,none,True,True
22658,1.0,0.0,0.5,none,True,True
22659,1.0,0.0,0.5,none,True,True
22660,1.0,0.0,0.5,none,True,True
22661,1.0,0.0,0.5,none,True,True
22662,1.0,0.0,0.5,none,True,True
22663,1.0,0.0,0.5,none,True,True
22664,1.0,0.0,0.5,none,True,True
22665,1.0,0.0,0.5,none,True,True
22666,1.0,0.0,0.5,none,True,True
22667,1.0,0.0,0.5,none,True,True
22668,1.0,0.0,0.5,none,True,True
22669,1.0,0.0,0.5,none,True,True
22670,1.0,0.0,0.5,none,True,True
22671,1.0,0.0,0.5,none,True,True
22672,1.0,0.0,0.5,none,True,True
22673,1.0,0.0,0.5,none,True,True
22674,1.0,0.0,0.5,none,True,True
22675,1.0,0.0,0.5,none,True,True
22676,1.0,0.0,0.5,none,True,True
22677,1.0,0.0,0.5,none,True,True
22678,1.0,0.0,0.5,none,True,True
22679,1.0,0.0,0.5,none,True,True
22680,1.0,0.0,0.5,none,True,True
22681,1.0,0.0,0.5,none,True,True
22682,1.0,0.0,0.5,none,True,True
22683,1.0,0.0,0.5,none,True,True
22684,1.0,0.0,0.5,none,True,True
22685,1.0,0.0,0.5,none,True,True
22686,1.0,0.0,0.5,none,True,True
22687,1.0,0.0,0.5,none,True,True
22688,1.0,0.0,0.5,none,True,True
22689,1.0,0.0,0.5,none,True,True
22690,1.0,0.0,0.5,none,True,True
22691,1.0,0.0,0.5,none,True,True
22692,1.0,0.0,0.5,none,True,True
22693,1.0,0.0,0.5,none,True,True
22694,1.0,0.0,0.5,none,True,True
22695,1.0,0.0,0.5,none,True,True
22696,1.0,0.0,0.5,none,True,True
22697,1.0,0.0,0.5,none,True,True
22698,1.0,0.0,0.5,none,True,True
22699,1.0,0.0,0.5,none,True,True
22700,1.0,0.0,0.5,none,True,True
22701,1.0,0.0,0.5,none,True,True
22702,1.0,0.0,0.5,none,True,True
22703,1.0,0.0,0.5,none,True,True
22704,1.0,0.0,0.5,none,True,True
22705,1.0,0.0,0.5,none,True,True
22706,1.0,0.0,0.5,none,True,True
22707,1.0,0.0,0.5,none,True,True
22708,1.0,0.0,0.5,none,True,True
22709,1.0,0.0,0.5,none,True,True
22710,1.0,0.0,0.5,none,True,True
22711,1.0,0.0,0.5,none,True,True
22712,1.0,0.0,0.5,none,True,True
22713,1.0,0.0,0.5,none,True,True
22714,1.0,0.0,0.5,none,True,True
22715,1.0,0.0,0.5,none,True,True
22716,1.0,0.0,0.5,none,True,True
22717,1.0,0.0,0.5,none,True,True
22718,1.0,0.0,0.5,none,True,True
22719,1.0,0.0,0.5,none,True,True
22720,1.0,0.0,0.5,none,True,True
22721,1.0,0.0,0.5,none,True,True
22722,1.0,0.0,0.5,none,True,True
22723,1.0,0.0,0.5,none,True,True
22724,1.0,0.0,0.5,none,True,True
22725,1.0,0.0,0.5,none,True,True
22726,1.0,0.0,0.5,none,True,True
22727,1.0,0.0,0.5,none,True,True
22728,1.0,0.0,0.5,none,True,True
22729,1.0,0.0,0.5,none,True,True
22730,1.0,0.0,0.5,none,True,True
22731,1.0,0.0,0.5,none,True,True
22732,1.0,0.0,0.5,none,True,True
22733,1.0,0.0,0.5,none,True,True
22734,1.0,0.0,0.5,none,True,True
22735,1.0,0.0,0.5,none,True,True
22736,1.0,0.0,0.5,none,True,True
22737,1.0,0.0,0.5,none,True,True
22738,1.0,0.0,0.5,none,True,True
22739,1.0,0.0,0.5,none,True,True
22740,1.0,0.0,0.5,none,True,True
22741,1.0,0.0,0.5,none,True,True
22742,1.0,0.0,0.5,none,True,True
22743,1.0,0.0,0.5,none,True,True
22744,1.0,0.0,0.5,none,True,True
22745,1.0,0.0,0.5,none,True,True
22746,1.0,0.0,0.5,none,True,True
22747,1.0,0.0,0.5,none,True,True
22748,1.0,0.0,0.5,none,True,True
22749,1.0,0.0,0.5,none,True,True
22750,1.0,0.0,0.5,none,True,True
22751,1.0,0.0,0.5,none,True,True
22752,1.0,0.0,0.5,none,True,True
22753,1.0,0.0,0.5,none,True,True
22754,1.0,0.0,0.5,none,True,True
22755,1.0,0.0,0.5,none,True,True
22756,1.0,0.0,0.5,none,True,True
22757,1.0,0.0,0.5,none,True,True
22758,1.0,0.0,0.5,none,True,True
22759,1.0,0.0,0.5,none,True,True
22760,1.0,0.0,0.5,none,True,True
22761,1.0,0.0,0.5,none,True,True
22762,1.0,0.0,0.5,none,True,True
22763,1.0,0.0,0.5,none,True,True
22764,1.0,0.0,0.5,none,True,True
22765,1.0,0.0,0.5,none,True,True
22766,1.0,0.0,0.5,none,True,True
22767,1.0,0.0,0.5,none,True,True
22768,1.0,0.0,0.5,none,True,True
22769,1.0,0.0,0.5,none,True,True
22770,1.0,0.0,0.5,none,True,True
22771,1.0,0.0,0.5,none,True,True
22772,1.0,0.0,0.5,none,True,True
22773,1.0,0.0,0.5,none,True,True
22774,1.0,0.0,0.5,none,True,True
22775,1.0,0.0,0.5,none,True,True
22776,1.0,0.0,0.5,none,True,True
22777,1.0,0.0,0.5,none,True,True
22778,1.0,0.0,0.5,none,True,True
22779,1.0,0.0,0.5,none,True,True
22780,1.0,0.0,0.5,none,True,True
22781,1.0,0.0,0.5,none,True,True
22782,1.0,0.0,0.5,none,True,True
22783,1.0,0.0,0.5,none,True,True
22784,1.0,0.0,0.5,none,True,True
22785,1.0,0.0,0.5,none,True,True
22786,1.0,0.0,0.5,none,True,True
22787,1.0,0.0,0.5,none,True,True
22788,1.0,0.0,0.5,none,True,True
22789,1.0,0.0,0.5,none,True,True
22790,1.0,0.0,0.5,none,True,True
22791,1.0,0.0,0.5,none,True,True
22792,1.0,0.0,0.5,none,True,True
22793,1.0,0.0,0.5,none,True,True
22794,1.0,0.0,0.5,none,True,True
22795,1.0,0.0,0.5,none,True,True
22796,1.0,0.0,0.5,none,True,True
22797,1.0,0.0,0.5,none,True,True
22798,1.0,0.0,0.5,none,True,True
22799,1.0,0.0,0.5,none,True,True
22800,1.0,0.0,0.5,none,True,True
22801,1.0,0.0,0.5,none,True,True
22802,1.0,0.0,0.5,none,True,True
22803,1.0,0.0,0.5,none,True,True
22804,1.0,0.0,0.5,none,True,True
22805,1.0,0.0,0.5,none,True,True
22806,1.0,0.0,0.5,none,True,True
22807,1.0,0.0,0.5,none,True,True
22808,1.0,0.0,0.5,none,True,True
22809,1.0,0.0,0.5,none,True,True
22810,1.0,0.0,0.5,none,True,True
22811,1.0,0.0,0.5,none,True,True
22812,1.0,0.0,0.5,none,True,True
22813,1.0,0.0,0.5,none,True,True
22814,1.0,0.0,0.5,none,True,True
22815,1.0,0.0,0.5,none,True,True
22816,1.0,0.0,0.5,none,True,True
22817,1.0,0.0,0.5,none,True,True
22818,1.0,0.0,0.5,none,True,True
22819,1.0,0.0,0.5,none,True,True
22820,1.0,0.0,0.5,none,True,True
22821,1.0,0.0,0.5,none,True,True
22822,1.0,0.0,0.5,none,True,True
22823,1.0,0.0,0.5,none,True,True
22824,1.0,0.0,0.5,none,True,True
22825,1.0,0.0,0.5,none,True,True
22826,1.0,0.0,0.5,none,True,True
22827,1.0,0.0,0.5,none,True,True
22828,1.0,0.0,0.5,none,True,True
22829,1.0,0.0,0.5,none,True,True
22830,1.0,0.0,0.5,none,True,True
22831,1.0,0.0,0.5,none,True,True
22832,1.0,0.0,0.5,none,True,True
22833,1.0,0.0,0.5,none,True,True
22834,1.0,0.0,0.5,none,True,True
22835,1.0,0.0,0.5,none,True,True
22836,1.0,0.0,0.5,none,True,True
22837,1.0,0.0,0.5,none,True,True
22838,1.0,0.0,0.5,none,True,True
22839,1.0,0.0,0.5,none,True,True
22840,1.0,0.0,0.5,none,True,True
22841,1.0,0.0,0.5,none,True,True
22842,1.0,0.0,0.5,none,True,True
22843,1.0,0.0,0.5,none,True,True
22844,1.0,0.0,0.5,none,True,True
22845,1.0,0.0,0.5,none,True,True
22846,1.0,0.0,0.5,none,True,True
22847,1.0,0.0,0.5,none,True,True
22848,1.0,0.0,0.5,none,True,True
22849,1.0,0.0,0.5,none,True,True
22850,1.0,0.0,0.5,none,True,True
22851,1.0,0.0,0.5,none,True,True
22852,1.0,0.0,0.5,none,True,True
22853,1.0,0.0,0.5,none,True,True
22854,1.0,0.0,0.5,none,True,True
22855,1.0,0.0,0.5,none,True,True
22856,1.0,0.0,0.5,none,True,True
22857,1.0,0.0,0.5,none,True,True
22858,1.0,0.0,0.5,none,True,True
22859,1.0,0.0,0.5,none,True,True
22860,1.0,0.0,0.5,none,True,True
22861,1.0,0.0,0.5,none,True,True
22862,1.0,0.0,0.5,none,True,True
22863,1.0,0.0,0.5,none,True,True
22864,1.0,0.0,0.5,none,True,True
22865,1.0,0.0,0.5,none,True,True
22866,1.0,0.0,0.5,none,True,True
22867,1.0,0.0,0.5,none,True,True
22868,1.0,0.0,0.5,none,True,True
22869,1.0,0.0,0.5,none,True,True
22870,1.0,0.0,0.5,none,True,True
22871,1.0,0.0,0.5,none,True,True
22872,1.0,0.0,0.5,none,True,True
22873,1.0,0.0,0.5,none,True,True
22874,1.0,0.0,0.5,none,True,True
22875,1.0,0.0,0.5,none,True,True
22876,1.0,0.0,0.5,none,True,True
22877,1.0,0.0,0.5,none,True,True
22878,1.0,0.0,0.5,none,True,True
22879,1.0,0.0,0.5,none,True,True
22880,1.0,0.0,0.5,none,True,True
22881,1.0,0.0,0.5,none,True,True
22882,1.0,0.0,0.5,none,True,True
22883,1.0,0.0,0.5,none,True,True
22884,1.0,0.0,0.5,none,True,True
22885,1.0,0.0,0.5,none,True,True
22886,1.0,0.0,0.5,none,True,True
22887,1.0,0.0,0.5,none,True,True
22888,1.0,0.0,0.5,none,True,True
22889,1.0,0.0,0.5,none,True,True
22890,1.0,0.0,0.5,none,True,True
22891,1.0,0.0,0.5,none,True,True
22892,1.0,0.0,0.5,none,True,True
22893,1.0,0.0,0.5,none,True,True
22894,1.0,0.0,0.5,none,True,True
22895,1.0,0.0,0.5,none,True,True
22896,1.0,0.0,0.5,none,True,True
22897,1.0,0.0,0.5,none,True,True
22898,1.0,0.0,0.5,none,True,True
22899,1.0,0.0,0.5,none,True,True
22900,1.0,0.0,0.5,none,True,True
22901,1.0,0.0,0.5,none,True,True
22902,1.0,0.0,0.5,none,True,True
22903,1.0,0.0,0.5,none,True,True
22904,1.0,0.0,0.5,none,True,True
22905,1.0,0.0,0.5,none,True,True
22906,1.0,0.0,0.5,none,True,True
22907,1.0,0.0,0.5,none,True,True
22908,1.0,0.0,0.5,none,True,True
22909,1.0,0.0,0.5,none,True,True
22910,1.0,0.0,0.5,none,True,True
22911,1.0,0.0,0.5,none,True,True
22912,1.0,0.0,0.5,none,True,True
22913,1.0,0.0,0.5,none,True,True
22914,1.0,0.0,0.5,none,True,True
22915,1.0,0.0,0.5,none,True,True
22916,1.0,0.0,0.5,none,True,True
22917,1.0,0.0,0.5,none,True,True
22918,1.0,0.0,0.5,none,True,True
22919,1.0,0.0,0.5,none,True,True
22920,1.0,0.0,0.5,none,True,True
22921,1.0,0.0,0.5,none,True,True
22922,1.0,0.0,0.5,none,True,True
22923,1.0,0.0,0.5,none,True,True
22924,1.0,0.0,0.5,none,True,True
22925,1.0,0.0,0.5,none,True,True
22926,1.0,0.0,0.5,none,True,True
22927,1.0,0.0,0.5,none,True,True
22928,1.0,0.0,0.5,none,True,True
22929,1.0,0.0,0.5,none,True,True
22930,1.0,0.0,0.5,none,True,True
22931,1.0,0.0,0.5,none,True,True
22932,1.0,0.0,0.5,none,True,True
22933,1.0,0.0,0.5,none,True,True
22934,1.0,0.0,0.5,none,True,True
22935,1.0,0.0,0.5,none,True,True
22936,1.0,0.0,0.5,none,True,True
22937,1.0,0.0,0.5,none,True,True
22938,1.0,0.0,0.5,none,True,True
22939,1.0,0.0,0.5,none,True,True
22940,1.0,0.0,0.5,none,True,True
22941,1.0,0.0,0.5,none,True,True
22942,1.0,0.0,0.5,none,True,True
22943,1.0,0.0,0.5,none,True,True
22944,1.0,0.0,0.5,none,True,True
22945,1.0,0.0,0.5,none,True,True
22946,1.0,0.0,0.5,none,True,True
22947,1.0,0.0,0.5,none,True,True
22948,1.0,0.0,0.5,none,True,True
22949,1.0,0.0,0.5,none,True,True
22950,1.0,0.0,0.5,none,True,True
22951,1.0,0.0,0.5,none,True,True
22952,1.0,0.0,0.5,none,True,True
22953,1.0,0.0,0.5,none,True,True
22954,1.0,0.0,0.5,none,True,True
22955,1.0,0.0,0.5,none,True,True
22956,1.0,0.0,0.5,none,True,True
22957,1.0,0.0,0.5,none,True,True
22958,1.0,0.0,0.5,none,True,True
22959,1.0,0.0,0.5,none,True,True
22960,1.0,0.0,0.5,none,True,True
22961,1.0,0.0,0.5,none,True,True
22962,1.0,0.0,0.5,none,True,True
22963,1.0,0.0,0.5,none,True,True
22964,1.0,0.0,0.5,none,True,True
22965,1.0,0.0,0.5,none,True,True
22966,1.0,0.0,0.5,none,True,True
22967,1.0,0.0,0.5,none,True,True
22968,1.0,0.0,0.5,none,True,True
22969,1.0,0.0,0.5,none,True,True
22970,1.0,0.0,0.5,none,True,True
22971,1.0,0.0,0.5,none,True,True
22972,1.0,0.0,0.5,none,True,True
22973,1.0,0.0,0.5,none,True,True
22974,1.0,0.0,0.5,none,True,True
22975,1.0,0.0,0.5,none,True,True
22976,1.0,0.0,0.5,none,True,True
22977,1.0,0.0,0.5,none,True,True
22978,1.0,0.0,0.5,none,True,True
22979,1.0,0.0,0.5,none,True,True
22980,1.0,0.0,0.5,none,True,True
22981,1.0,0.0,0.5,none,True,True
22982,1.0,0.0,0.5,none,True,True
22983,1.0,0.0,0.5,none,True,True
22984,1.0,0.0,0.5,none,True,True
22985,1.0,0.0,0.5,none,True,True
22986,1.0,0.0,0.5,none,True,True
22987,1.0,0.0,0.5,none,True,True
22988,1.0,0.0,0.5,none,True,True
22989,1.0,0.0,0.5,none,True,True
22990,1.0,0.0,0.5,none,True,True
22991,1.0,0.0,0.5,none,True,True
22992,1.0,0.0,0.5,none,True,True
22993,1.0,0.0,0.5,none,True,True
22994,1.0,0.0,0.5,none,True,True
22995,1.0,0.0,0.5,none,True,True
22996,1.0,0.0,0.5,none,True,True
22997,1.0,0.0,0.5,none,True,True
22998,1.0,0.0,0.5,none,True,True
22999,1.0,0.0,0.5,none,True,True
23000,1.0,0.0,0.5,none,True,True
23001,1.0,0.0,0.5,none,True,True
23002,1.0,0.0,0.5,none,True,True
23003,1.0,0.0,0.5,none,True,True
23004,1.0,0.0,0.5,none,True,True
23005,1.0,0.0,0.5,none,True,True
23006,1.0,0.0,0.5,none,True,True
23007,1.0,0.0,0.5,none,True,True
23008,1.0,0.0,0.5,none,True,True
23009,1.0,0.0,0.5,none,True,True
23010,1.0,0.0,0.5,none,True,True
23011,1.0,0.0,0.5,none,True,True
23012,1.0,0.0,0.5,none,True,True
23013,1.0,0.0,0.5,none,True,True
23014,1.0,0.0,0.5,none,True,True
23015,1.0,0.0,0.5,none,True,True
23016,1.0,0.0,0.5,none,True,True
23017,1.0,0.0,0.5,none,True,True
23018,1.0,0.0,0.5,none,True,True
23019,1.0,0.0,0.5,none,True,True
23020,1.0,0.0,0.5,none,True,True
23021,1.0,0.0,0.5,none,True,True
23022,1.0,0.0,0.5,none,True,True
23023,1.0,0.0,0.5,none,True,True
23024,1.0,0.0,0.5,none,True,True
23025,1.0,0.0,0.5,none,True,True
23026,1.0,0.0,0.5,none,True,True
23027,1.0,0.0,0.5,none,True,True
23028,1.0,0.0,0.5,none,True,True
23029,1.0,0.0,0.5,none,True,True
23030,1.0,0.0,0.5,none,True,True
23031,1.0,0.0,0.5,none,True,True
23032,1.0,0.0,0.5,none,True,True
23033,1.0,0.0,0.5,none,True,True
23034,1.0,0.0,0.5,none,True,True
23035,1.0,0.0,0.5,none,True,True
23036,1.0,0.0,0.5,none,True,True
23037,1.0,0.0,0.5,none,True,True
23038,1.0,0.0,0.5,none,True,True
23039,1.0,0.0,0.5,none,True,True
23040,1.0,0.0,0.5,none,True,True
23041,1.0,0.0,0.5,none,True,True
23042,1.0,0.0,0.5,none,True,True
23043,1.0,0.0,0.5,none,True,True
23044,1.0,0.0,0.5,none,True,True
23045,1.0,0.0,0.5,none,True,True
23046,1.0,0.0,0.5,none,True,True
23047,1.0,0.0,0.5,none,True,True
23048,1.0,0.0,0.5,none,True,True
23049,1.0,0.0,0.5,none,True,True
23050,1.0,0.0,0.5,none,True,True
23051,1.0,0.0,0.5,none,True,True
23052,1.0,0.0,0.5,none,True,True
23053,1.0,0.0,0.5,none,True,True
23054,1.0,0.0,0.5,none,True,True
23055,1.0,0.0,0.5,none,True,True
23056,1.0,0.0,0.5,none,True,True
23057,1.0,0.0,0.5,none,True,True
23058,1.0,0.0,0.5,none,True,True
23059,1.0,0.0,0.5,none,True,True
23060,1.0,0.0,0.5,none,True,True
23061,1.0,0.0,0.5,none,True,True
23062,1.0,0.0,0.5,none,True,True
23063,1.0,0.0,0.5,none,True,True
23064,1.0,0.0,0.5,none,True,True
23065,1.0,0.0,0.5,none,True,True
23066,1.0,0.0,0.5,none,True,True
23067,1.0,0.0,0.5,none,True,True
23068,1.0,0.0,0.5,none,True,True
23069,1.0,0.0,0.5,none,True,True
23070,1.0,0.0,0.5,none,True,True
23071,1.0,0.0,0.5,none,True,True
23072,1.0,0.0,0.5,none,True,True
23073,1.0,0.0,0.5,none,True,True
23074,1.0,0.0,0.5,none,True,True
23075,1.0,0.0,0.5,none,True,True
23076,1.0,0.0,0.5,none,True,True
23077,1.0,0.0,0.5,none,True,True
23078,1.0,0.0,0.5,none,True,True
23079,1.0,0.0,0.5,none,True,True
23080,1.0,0.0,0.5,none,True,True
23081,1.0,0.0,0.5,none,True,True
23082,1.0,0.0,0.5,none,True,True
23083,1.0,0.0,0.5,none,True,True
23084,1.0,0.0,0.5,none,True,True
23085,1.0,0.0,0.5,none,True,True
23086,1.0,0.0,0.5,none,True,True
23087,1.0,0.0,0.5,none,True,True
23088,1.0,0.0,0.5,none,True,True
23089,1.0,0.0,0.5,none,True,True
23090,1.0,0.0,0.5,none,True,True
23091,1.0,0.0,0.5,none,True,True
23092,1.0,0.0,0.5,none,True,True
23093,1.0,0.0,0.5,none,True,True
23094,1.0,0.0,0.5,none,True,True
23095,1.0,0.0,0.5,none,True,True
23096,1.0,0.0,0.5,none,True,True
23097,1.0,0.0,0.5,none,True,True
23098,1.0,0.0,0.5,none,True,True
23099,1.0,0.0,0.5,none,True,True
23100,1.0,0.0061,0.5,none,True,True
23101,1.0,0.0357,0.5,none,True,True
23102,1.0,0.0812,0.5,none,True,True
23103,1.0,0.1113,0.5,none,True,True
23104,1.0,0.1253,0.5,none,True,True
23105,1.0,0.1408,0.5,none,True,True
23106,1.0,0.0907,0.5,none,True,True
23107,1.0,0.1198,0.5,none,True,True
23108,1.0,0.0467,0.5,none,True,True
23109,1.0,0.0522,0.5,none,True,True
23110,1.0,0.0405,0.5,none,True,True
23111,1.0,0.0313,0.5,none,True,True
23112,1.0,0.0083,0.5,none,True,True
23113,1.0,0.0726,0.5,none,True,True
23114,1.0,0.0793,0.5,none,True,True
23115,1.0,0.0581,0.5,none,True,True
23116,1.0,0.0955,0.5,none,True,True
23117,1.0,0.0839,0.5,none,True,True
23118,1.0,0.0648,0.5,none,True,True
23119,1.0,0.0718,0.5,none,True,True
23120,1.0,0.0589,0.5,none,True,True
23121,1.0,0.0403,0.5,none,True,True
23122,1.0,0.0327,0.5,none,True,True
23123,1.0,0.0277,0.5,none,True,True
23124,1.0,0.017,0.5,none,True,True
23125,1.0,0.0102,0.5,none,True,True
23126,1.0,0.0099,0.5,none,True,True
23127,1.0,0.008,0.5,none,True,True
23128,1.0,0.005,0.5,none,True,True
23129,1.0,0.0063,0.5,none,True,True
23130,1.0,0.009,0.5,none,True,True
23131,1.0,0.0096,0.5,none,True,True
23132,1.0,0.0108,0.5,none,True,True
23133,1.0,0.014,0.5,none,True,True
23134,1.0,0.0161,0.5,none,True,True
23135,1.0,0.0167,0.5,none,True,True
23136,1.0,0.0182,0.5,none,True,True
23137,1.0,0.0196,0.5,none,True,True
23138,1.0,0.0197,0.5,none,True,True
23139,1.0,0.0193,0.5,none,True,True
23140,1.0,0.0193,0.5,none,True,True
23141,1.0,0.0187,0.5,none,True,True
23142,1.0,0.0174,0.5,none,True,True
23143,1.0,0.0163,0.5,none,True,True
23144,1.0,0.0152,0.5,none,True,True
23145,1.0,0.0138,0.5,none,True,True
23146,1.0,0.0123,0.5,none,True,True
23147,1.0,0.0111,0.5,none,True,True
23148,1.0,0.01,0.5,none,True,True
23149,1.0,0.0088,0.5,none,True,True
23150,1.0,0.0078,0.5,none,True,True
23151,1.0,0.0071,0.5,none,True,True
23152,1.0,0.0064,0.5,none,True,True
23153,1.0,0.0057,0.5,none,True,True
23154,1.0,0.0053,0.5,none,True,True
23155,1.0,0.005,0.5,none,True,True
23156,1.0,0.0047,0.5,none,True,True
23157,1.0,0.0045,0.5,none,True,True
23158,1.0,0.0044,0.5,none,True,True
23159,1.0,0.0043,0.5,none,True,True
23160,1.0,0.0042,0.5,none,True,True
23161,1.0,0.0041,0.5,none,True,True
23162,1.0,0.004,0.5,none,True,True
23163,1.0,0.0039,0.5,none,True,True
23164,1.0,0.0038,0.5,none,True,True
23165,1.0,0.0037,0.5,none,True,True
23166,1.0,0.0035,0.5,none,True,True
23167,1.0,0.0033,0.5,none,True,True
23168,1.0,0.0032,0.5,none,True,True
23169,1.0,0.003,0.5,none,True,True
23170,1.0,0.0028,0.5,none,True,True
23171,1.0,0.0026,0.5,none,True,True
23172,1.0,0.0024,0.5,none,True,True
23173,1.0,0.0023,0.5,none,True,True
23174,1.0,0.0021,0.5,none,True,True
23175,1.0,0.0019,0.5,none,True,True
23176,1.0,0.0018,0.5,none,True,True
23177,1.0,0.0017,0.5,none,True,True
23178,1.0,0.0015,0.5,none,True,True
23179,1.0,0.0014,0.5,none,True,True
23180,1.0,0.0013,0.5,none,True,True
23181,1.0,0.0013,0.5,none,True,True
23182,1.0,0.0012,0.5,none,True,True
23183,1.0,0.0011,0.5,none,True,True
23184,1.0,0.0011,0.5,none,True,True
23185,1.0,0.001,0.5,none,True,True
23186,1.0,0.001,0.5,none,True,True
23187,1.0,0.0009,0.5,none,True,True
23188,1.0,0.0009,0.5,none,True,True
23189,1.0,0.0008,0.5,none,True,True
23190,1.0,0.0008,0.5,none,True,True
23191,1.0,0.0008,0.5,none,True,True
23192,1.0,0.0007,0.5,none,True,True
23193,1.0,0.0007,0.5,none,True,True
23194,1.0,0.0006,0.5,none,True,True
23195,1.0,0.0006,0.5,none,True,True
23196,1.0,0.0006,0.5,none,True,True
23197,1.0,0.0005,0.5,none,True,True
23198,1.0,0.0005,0.5,none,True,True
23199,1.0,0.0005,0.5,none,True,True
23200,1.0,0.0004,0.5,none,True,True
23201,1.0,0.0004,0.5,none,True,True
23202,1.0,0.0004,0.5,none,True,True
23203,1.0,0.0004,0.5,none,True,True
23204,1.0,0.0003,0.5,none,True,True
23205,1.0,0.0003,0.5,none,True,True
23206,1.0,0.0003,0.5,none,True,True
23207,1.0,0.0003,0.5,none,True,True
23208,1.0,0.0003,0.5,none,True,True
23209,1.0,0.0003,0.5,none,True,True
23210,1.0,0.0002,0.5,none,True,True
23211,1.0,0.0002,0.5,none,True,True
23212,1.0,0.0002,0.5,none,True,True
23213,1.0,0.0002,0.5,none,True,True
23214,1.0,0.0002,0.5,none,True,True
23215,1.0,0.0002,0.5,none,True,True
23216,1.0,0.0002,0.5,none,True,True
23217,1.0,0.0002,0.5,none,True,True
23218,1.0,0.0002,0.5,none,True,True
23219,1.0,0.0001,0.5,none,True,True
23220,1.0,0.0001,0.5,none,True,True
23221,1.0,0.0001,0.5,none,True,True
23222,1.0,0.0001,0.5,none,True,True
23223,1.0,0.0001,0.5,none,True,True
23224,1.0,0.0001,0.5,none,True,True
23225,1.0,0.0001,0.5,none,True,True
23226,1.0,0.0001,0.5,none,True,True
23227,1.0,0.0001,0.5,none,True,True
23228,1.0,0.0001,0.5,none,True,True
23229,1.0,0.0001,0.5,none,True,True
23230,1.0,0.0001,0.5,none,True,True
23231,1.0,0.0001,0.5,none,True,True
23232,1.0,0.0001,0.5,none,True,True
23233,1.0,0.0001,0.5,none,True,True
23234,1.0,0.0001,0.5,none,True,True
23235,1.0,0.0001,0.5,none,True,True
23236,1.0,0.0001,0.5,none,True,True
23237,1.0,0.0,0.5,none,True,True
23238,1.0,0.0,0.5,none,True,True
23239,1.0,0.0,0.5,none,True,True
23240,1.0,0.0,0.5,none,True,True
23241,1.0,0.0,0.5,none,True,True
23242,1.0,0.0,0.5,none,True,True
23243,1.0,0.0,0.5,none,True,True
23244,1.0,0.0,0.5,none,True,True
23245,1.0,0.0,0.5,none,True,True
23246,1.0,0.0,0.5,none,True,True
23247,1.0,0.0,0.5,none,True,True
23248,1.0,0.0,0.5,none,True,True
23249,1.0,0.0,0.5,none,True,True
23250,1.0,0.0,0.5,none,True,True
23251,1.0,0.0,0.5,none,True,True
23252,1.0,0.0,0.5,none,True,True
23253,1.0,0.0,0.5,none,True,True
23254,1.0,0.0,0.5,none,True,True
23255,1.0,0.0,0.5,none,True,True
23256,1.0,0.0,0.5,none,True,True
23257,1.0,0.0,0.5,none,True,True
23258,1.0,0.0,0.5,none,True,True
23259,1.0,0.0,0.5,none,True,True
23260,1.0,0.0,0.5,none,True,True
23261,1.0,0.0,0.5,none,True,True
23262,1.0,0.0,0.5,none,True,True
23263,1.0,0.0,0.5,none,True,True
23264,1.0,0.0,0.5,none,True,True
23265,1.0,0.0,0.5,none,True,True
23266,1.0,0.0,0.5,none,True,True
23267,1.0,0.0,0.5,none,True,True
23268,1.0,0.0,0.5,none,True,True
23269,1.0,0.0,0.5,none,True,True
23270,1.0,0.0,0.5,none,True,True
23271,1.0,0.0,0.5,none,True,True
23272,1.0,0.0,0.5,none,True,True
23273,1.0,0.0,0.5,none,True,True
23274,1.0,0.0,0.5,none,True,True
23275,1.0,0.0,0.5,none,True,True
23276,1.0,0.0,0.5,none,True,True
23277,1.0,0.0,0.5,none,True,True
23278,1.0,0.0,0.5,none,True,True
23279,1.0,0.0,0.5,none,True,True
23280,1.0,0.0,0.5,none,True,True
23281,1.0,0.0,0.5,none,True,True
23282,1.0,0.0,0.5,none,True,True
23283,1.0,0.0,0.5,none,True,True
23284,1.0,0.0,0.5,none,True,True
23285,1.0,0.0,0.5,none,True,True
23286,1.0,0.0,0.5,none,True,True
23287,1.0,0.0,0.5,none,True,True
23288,1.0,0.0,0.5,none,True,True
23289,1.0,0.0,0.5,none,True,True
23290,1.0,0.0,0.5,none,True,True
23291,1.0,0.0,0.5,none,True,True
23292,1.0,0.0,0.5,none,True,True
23293,1.0,0.0,0.5,none,True,True
23294,1.0,0.0,0.5,none,True,True
23295,1.0,0.0,0.5,none,True,True
23296,1.0,0.0,0.5,none,True,True
23297,1.0,0.0,0.5,none,True,True
23298,1.0,0.0,0.5,none,True,True
23299,1.0,0.0,0.5,none,True,True
23300,1.0,0.0,0.5,none,True,True
23301,1.0,0.0,0.5,none,True,True
23302,1.0,0.0,0.5,none,True,True
23303,1.0,0.0,0.5,none,True,True
23304,1.0,0.0,0.5,none,True,True
23305,1.0,0.0,0.5,none,True,True
23306,1.0,0.0,0.5,none,True,True
23307,1.0,0.0,0.5,none,True,True
23308,1.0,0.0,0.5,none,True,True
23309,1.0,0.0,0.5,none,True,True
23310,1.0,0.0,0.5,none,True,True
23311,1.0,0.0,0.5,none,True,True
23312,1.0,0.0,0.5,none,True,True
23313,1.0,0.0,0.5,none,True,True
23314,1.0,0.0,0.5,none,True,True
23315,1.0,0.0,0.5,none,True,True
23316,1.0,0.0,0.5,none,True,True
23317,1.0,0.0,0.5,none,True,True
23318,1.0,0.0,0.5,none,True,True
23319,1.0,0.0,0.5,none,True,True
23320,1.0,0.0,0.5,none,True,True
23321,1.0,0.0,0.5,none,True,True
23322,1.0,0.0,0.5,none,True,True
23323,1.0,0.0,0.5,none,True,True
23324,1.0,0.0,0.5,none,True,True
23325,1.0,0.0,0.5,none,True,True
23326,1.0,0.0,0.5,none,True,True
23327,1.0,0.0,0.5,none,True,True
23328,1.0,0.0,0.5,none,True,True
23329,1.0,0.0,0.5,none,True,True
23330,1.0,0.0,0.5,none,True,True
23331,1.0,0.0,0.5,none,True,True
23332,1.0,0.0,0.5,none,True,True
23333,1.0,0.0,0.5,none,True,True
23334,1.0,0.0,0.5,none,True,True
23335,1.0,0.0,0.5,none,True,True
23336,1.0,0.0,0.5,none,True,True
23337,1.0,0.0,0.5,none,True,True
23338,1.0,0.0,0.5,none,True,True
23339,1.0,0.0,0.5,none,True,True
23340,1.0,0.0,0.5,none,True,True
23341,1.0,0.0,0.5,none,True,True
23342,1.0,0.0,0.5,none,True,True
23343,1.0,0.0,0.5,none,True,True
23344,1.0,0.0,0.5,none,True,True
23345,1.0,0.0,0.5,none,True,True
23346,1.0,0.0,0.5,none,True,True
23347,1.0,0.0,0.5,none,True,True
23348,1.0,0.0,0.5,none,True,True
23349,1.0,0.0,0.5,none,True,True
23350,1.0,0.0,0.5,none,True,True
23351,1.0,0.0,0.5,none,True,True
23352,1.0,0.0,0.5,none,True,True
23353,1.0,0.0,0.5,none,True,True
23354,1.0,0.0,0.5,none,True,True
23355,1.0,0.0,0.5,none,True,True
23356,1.0,0.0,0.5,none,True,True
23357,1.0,0.0,0.5,none,True,True
23358,1.0,0.0,0.5,none,True,True
23359,1.0,0.0,0.5,none,True,True
23360,1.0,0.0,0.5,none,True,True
23361,1.0,0.0,0.5,none,True,True
23362,1.0,0.0,0.5,none,True,True
23363,1.0,0.0,0.5,none,True,True
23364,1.0,0.0,0.5,none,True,True
23365,1.0,0.0,0.5,none,True,True
23366,1.0,0.0,0.5,none,True,True
23367,1.0,0.0,0.5,none,True,True
23368,1.0,0.0,0.5,none,True,True
23369,1.0,0.0,0.5,none,True,True
23370,1.0,0.0,0.5,none,True,True
23371,1.0,0.0,0.5,none,True,True
23372,1.0,0.0,0.5,none,True,True
23373,1.0,0.0,0.5,none,True,True
23374,1.0,0.0,0.5,none,True,True
23375,1.0,0.0,0.5,none,True,True
23376,1.0,0.0,0.5,none,True,True
23377,1.0,0.0,0.5,none,True,True
23378,1.0,0.0,0.5,none,True,True
23379,1.0,0.0,0.5,none,True,True
23380,1.0,0.0,0.5,none,True,True
23381,1.0,0.0,0.5,none,True,True
23382,1.0,0.0,0.5,none,True,True
23383,1.0,0.0,0.5,none,True,True
23384,1.0,0.0,0.5,none,True,True
23385,1.0,0.0,0.5,none,True,True
23386,1.0,0.0,0.5,none,True,True
23387,1.0,0.0,0.5,none,True,True
23388,1.0,0.0,0.5,none,True,True
23389,1.0,0.0,0.5,none,True,True
23390,1.0,0.0,0.5,none,True,True
23391,1.0,0.0,0.5,none,True,True
23392,1.0,0.0,0.5,none,True,True
23393,1.0,0.0,0.5,none,True,True
23394,1.0,0.0,0.5,none,True,True
23395,1.0,0.0,0.5,none,True,True
23396,1.0,0.0,0.5,none,True,True
23397,1.0,0.0,0.5,none,True,True
23398,1.0,0.0,0.5,none,True,True
23399,1.0,0.0,0.5,none,True,True
23400,1.0,0.0,0.5,none,True,True
23401,1.0,0.0,0.5,none,True,True
23402,1.0,0.0,0.5,none,True,True
23403,1.0,0.0,0.5,none,True,True
23404,1.0,0.0,0.5,none,True,True
23405,1.0,0.0,0.5,none,True,True
23406,1.0,0.0,0.5,none,True,True
23407,1.0,0.0,0.5,none,True,True
23408,1.0,0.0,0.5,none,True,True
23409,1.0,0.0,0.5,none,True,True
23410,1.0,0.0,0.5,none,True,True
23411,1.0,0.0,0.5,none,True,True
23412,1.0,0.0,0.5,none,True,True
23413,1.0,0.0,0.5,none,True,True
23414,1.0,0.0,0.5,none,True,True
23415,1.0,0.0,0.5,none,True,True
23416,1.0,0.0,0.5,none,True,True
23417,1.0,0.0,0.5,none,True,True
23418,1.0,0.0,0.5,none,True,True
23419,1.0,0.0,0.5,none,True,True
23420,1.0,0.0,0.5,none,True,True
23421,1.0,0.0,0.5,none,True,True
23422,1.0,0.0,0.5,none,True,True
23423,1.0,0.0,0.5,none,True,True
23424,1.0,0.0,0.5,none,True,True
23425,1.0,0.0,0.5,none,True,True
23426,1.0,0.0,0.5,none,True,True
23427,1.0,0.0,0.5,none,True,True
23428,1.0,0.0,0.5,none,True,True
23429,1.0,0.0,0.5,none,True,True
23430,1.0,0.0,0.5,none,True,True
23431,1.0,0.0,0.5,none,True,True
23432,1.0,0.0,0.5,none,True,True
23433,1.0,0.0,0.5,none,True,True
23434,1.0,0.0,0.5,none,True,True
23435,1.0,0.0,0.5,none,True,True
23436,1.0,0.0,0.5,none,True,True
23437,1.0,0.0,0.5,none,True,True
23438,1.0,0.0,0.5,none,True,True
23439,1.0,0.0,0.5,none,True,True
23440,1.0,0.0,0.5,none,True,True
23441,1.0,0.0,0.5,none,True,True
23442,1.0,0.0,0.5,none,True,True
23443,1.0,0.0,0.5,none,True,True
23444,1.0,0.0,0.5,none,True,True
23445,1.0,0.0,0.5,none,True,True
23446,1.0,0.0,0.5,none,True,True
23447,1.0,0.0,0.5,none,True,True
23448,1.0,0.0,0.5,none,True,True
23449,1.0,0.0,0.5,none,True,True
23450,1.0,0.0,0.5,none,True,True
23451,1.0,0.0,0.5,none,True,True
23452,1.0,0.0,0.5,none,True,True
23453,1.0,0.0,0.5,none,True,True
23454,1.0,0.0,0.5,none,True,True
23455,1.0,0.0,0.5,none,True,True
23456,1.0,0.0,0.5,none,True,True
23457,1.0,0.0,0.5,none,True,True
23458,1.0,0.0,0.5,none,True,True
23459,1.0,0.0,0.5,none,True,True
23460,1.0,0.0,0.5,none,True,True
23461,1.0,0.0,0.5,none,True,True
23462,1.0,0.0,0.5,none,True,True
23463,1.0,0.0,0.5,none,True,True
23464,1.0,0.0,0.5,none,True,True
23465,1.0,0.0,0.5,none,True,True
23466,1.0,0.0,0.5,none,True,True
23467,1.0,0.0,0.5,none,True,True
23468,1.0,0.0,0.5,none,True,True
23469,1.0,0.0,0.5,none,True,True
23470,1.0,0.0,0.5,none,True,True
23471,1.0,0.0,0.5,none,True,True
23472,1.0,0.0,0.5,none,True,True
23473,1.0,0.0,0.5,none,True,True
23474,1.0,0.0,0.5,none,True,True
23475,1.0,0.0,0.5,none,True,True
23476,1.0,0.0,0.5,none,True,True
23477,1.0,0.0,0.5,none,True,True
23478,1.0,0.0,0.5,none,True,True
23479,1.0,0.0,0.5,none,True,True
23480,1.0,0.0,0.5,none,True,True
23481,1.0,0.0,0.5,none,True,True
23482,1.0,0.0,0.5,none,True,True
23483,1.0,0.0,0.5,none,True,True
23484,1.0,0.0,0.5,none,True,True
23485,1.0,0.0,0.5,none,True,True
23486,1.0,0.0,0.5,none,True,True
23487,1.0,0.0,0.5,none,True,True
23488,1.0,0.0,0.5,none,True,True
23489,1.0,0.0,0.5,none,True,True
23490,1.0,0.0,0.5,none,True,True
23491,1.0,0.0,0.5,none,True,True
23492,1.0,0.0,0.5,none,True,True
23493,1.0,0.0,0.5,none,True,True
23494,1.0,0.0,0.5,none,True,True
23495,1.0,0.0,0.5,none,True,True
23496,1.0,0.0,0.5,none,True,True
23497,1.0,0.0,0.5,none,True,True
23498,1.0,0.0,0.5,none,True,True
23499,1.0,0.0,0.5,none,True,True
23500,1.0,0.0,0.5,none,True,True
23501,1.0,0.0,0.5,none,True,True
23502,1.0,0.0,0.5,none,True,True
23503,1.0,0.0,0.5,none,True,True
23504,1.0,0.0,0.5,none,True,True
23505,1.0,0.0,0.5,none,True,True
23506,1.0,0.0,0.5,none,True,True
23507,1.0,0.0,0.5,none,True,True
23508,1.0,0.0,0.5,none,True,True
23509,1.0,0.0,0.5,none,True,True
23510,1.0,0.0,0.5,none,True,True
23511,1.0,0.0,0.5,none,True,True
23512,1.0,0.0,0.5,none,True,True
23513,1.0,0.0,0.5,none,True,True
23514,1.0,0.0,0.5,none,True,True
23515,1.0,0.0,0.5,none,True,True
23516,1.0,0.0,0.5,none,True,True
23517,1.0,0.0,0.5,none,True,True
23518,1.0,0.0,0.5,none,True,True
23519,1.0,0.0,0.5,none,True,True
23520,1.0,0.0,0.5,none,True,True
23521,1.0,0.0,0.5,none,True,True
23522,1.0,0.0,0.5,none,True,True
23523,1.0,0.0,0.5,none,True,True
23524,1.0,0.0,0.5,none,True,True
23525,1.0,0.0,0.5,none,True,True
23526,1.0,0.0,0.5,none,True,True
23527,1.0,0.0,0.5,none,True,True
23528,1.0,0.0,0.5,none,True,True
23529,1.0,0.0,0.5,none,True,True
23530,1.0,0.0,0.5,none,True,True
23531,1.0,0.0,0.5,none,True,True
23532,1.0,0.0,0.5,none,True,True
23533,1.0,0.0,0.5,none,True,True
23534,1.0,0.0,0.5,none,True,True
23535,1.0,0.0,0.5,none,True,True
23536,1.0,0.0,0.5,none,True,True
23537,1.0,0.0,0.5,none,True,True
23538,1.0,0.0,0.5,none,True,True
23539,1.0,0.0,0.5,none,True,True
23540,1.0,0.0,0.5,none,True,True
23541,1.0,0.0,0.5,none,True,True
23542,1.0,0.0,0.5,none,True,True
23543,1.0,0.0,0.5,none,True,True
23544,1.0,0.0,0.5,none,True,True
23545,1.0,0.0,0.5,none,True,True
23546,1.0,0.0,0.5,none,True,True
23547,1.0,0.0,0.5,none,True,True
23548,1.0,0.0,0.5,none,True,True
23549,1.0,0.0,0.5,none,True,True
23550,1.0,0.0,0.5,none,True,True
23551,1.0,0.0,0.5,none,True,True
23552,1.0,0.0,0.5,none,True,True
23553,1.0,0.0,0.5,none,True,True
23554,1.0,0.0,0.5,none,True,True
23555,1.0,0.0,0.5,none,True,True
23556,1.0,0.0,0.5,none,True,True
23557,1.0,0.0,0.5,none,True,True
23558,1.0,0.0,0.5,none,True,True
23559,1.0,0.0,0.5,none,True,True
23560,1.0,0.0,0.5,none,True,True
23561,1.0,0.0,0.5,none,True,True
23562,1.0,0.0,0.5,none,True,True
23563,1.0,0.0,0.5,none,True,True
23564,1.0,0.0,0.5,none,True,True
23565,1.0,0.0,0.5,none,True,True
23566,1.0,0.0,0.5,none,True,True
23567,1.0,0.0,0.5,none,True,True
23568,1.0,0.0,0.5,none,True,True
23569,1.0,0.0,0.5,none,True,True
23570,1.0,0.0,0.5,none,True,True
23571,1.0,0.0,0.5,none,True,True
23572,1.0,0.0,0.5,none,True,True
23573,1.0,0.0,0.5,none,True,True
23574,1.0,0.0,0.5,none,True,True
23575,1.0,0.0,0.5,none,True,True
23576,1.0,0.0,0.5,none,True,True
23577,1.0,0.0,0.5,none,True,True
23578,1.0,0.0,0.5,none,True,True
23579,1.0,0.0,0.5,none,True,True
23580,1.0,0.0,0.5,none,True,True
23581,1.0,0.0,0.5,none,True,True
23582,1.0,0.0,0.5,none,True,True
23583,1.0,0.0,0.5,none,True,True
23584,1.0,0.0,0.5,none,True,True
23585,1.0,0.0,0.5,none,True,True
23586,1.0,0.0,0.5,none,True,True
23587,1.0,0.0,0.5,none,True,True
23588,1.0,0.0,0.5,none,True,True
23589,1.0,0.0,0.5,none,True,True
23590,1.0,0.0,0.5,none,True,True
23591,1.0,0.0,0.5,none,True,True
23592,1.0,0.0,0.5,none,True,True
23593,1.0,0.0,0.5,none,True,True
23594,1.0,0.0,0.5,none,True,True
23595,1.0,0.0,0.5,none,True,True
23596,1.0,0.0,0.5,none,True,True
23597,1.0,0.0,0.5,none,True,True
23598,1.0,0.0,0.5,none,True,True
23599,1.0,0.0,0.5,none,True,True
23600,1.0,0.0,0.5,none,True,True
23601,1.0,0.0,0.5,none,True,True
23602,1.0,0.0,0.5,none,True,True
23603,1.0,0.0,0.5,none,True,True
23604,1.0,0.0,0.5,none,True,True
23605,1.0,0.0,0.5,none,True,True
23606,1.0,0.0,0.5,none,True,True
23607,1.0,0.0,0.5,none,True,True
23608,1.0,0.0,0.5,none,True,True
23609,1.0,0.0,0.5,none,True,True
23610,1.0,0.0,0.5,none,True,True
23611,1.0,0.0,0.5,none,True,True
23612,1.0,0.0,0.5,none,True,True
23613,1.0,0.0,0.5,none,True,True
23614,1.0,0.0,0.5,none,True,True
23615,1.0,0.0,0.5,none,True,True
23616,1.0,0.0,0.5,none,True,True
23617,1.0,0.0,0.5,none,True,True
23618,1.0,0.0,0.5,none,True,True
23619,1.0,0.0,0.5,none,True,True
23620,1.0,0.0,0.5,none,True,True
23621,1.0,0.0,0.5,none,True,True
23622,1.0,0.0,0.5,none,True,True
23623,1.0,0.0,0.5,none,True,True
23624,1.0,0.0,0.5,none,True,True
23625,1.0,0.0,0.5,none,True,True
23626,1.0,0.0,0.5,none,True,True
23627,1.0,0.0,0.5,none,True,True
23628,1.0,0.0,0.5,none,True,True
23629,1.0,0.0,0.5,none,True,True
23630,1.0,0.0,0.5,none,True,True
23631,1.0,0.0,0.5,none,True,True
23632,1.0,0.0,0.5,none,True,True
23633,1.0,0.0,0.5,none,True,True
23634,1.0,0.0,0.5,none,True,True
23635,1.0,0.0,0.5,none,True,True
23636,1.0,0.0,0.5,none,True,True
23637,1.0,0.0,0.5,none,True,True
23638,1.0,0.0,0.5,none,True,True
23639,1.0,0.0,0.5,none,True,True
23640,1.0,0.0,0.5,none,True,True
23641,1.0,0.0,0.5,none,True,True
23642,1.0,0.0,0.5,none,True,True
23643,1.0,0.0,0.5,none,True,True
23644,1.0,0.0,0.5,none,True,True
23645,1.0,0.0,0.5,none,True,True
23646,1.0,0.0,0.5,none,True,True
23647,1.0,0.0,0.5,none,True,True
23648,1.0,0.0,0.5,none,True,True
23649,1.0,0.0,0.5,none,True,True
23650,1.0,0.0,0.5,none,True,True
23651,1.0,0.0,0.5,none,True,True
23652,1.0,0.0,0.5,none,True,True
23653,1.0,0.0,0.5,none,True,True
23654,1.0,0.0,0.5,none,True,True
23655,1.0,0.0,0.5,none,True,True
23656,1.0,0.0,0.5,none,True,True
23657,1.0,0.0,0.5,none,True,True
23658,1.0,0.0,0.5,none,True,True
23659,1.0,0.0,0.5,none,True,True
23660,1.0,0.0,0.5,none,True,True
23661,1.0,0.0,0.5,none,True,True
23662,1.0,0.0,0.5,none,True,True
23663,1.0,0.0,0.5,none,True,True
23664,1.0,0.0,0.5,none,True,True
23665,1.0,0.0,0.5,none,True,True
23666,1.0,0.0,0.5,none,True,True
23667,1.0,0.0,0.5,none,True,True
23668,1.0,0.0,0.5,none,True,True
23669,1.0,0.0,0.5,none,True,True
23670,1.0,0.0,0.5,none,True,True
23671,1.0,0.0,0.5,none,True,True
23672,1.0,0.0,0.5,none,True,True
23673,1.0,0.0,0.5,none,True,True
23674,1.0,0.0,0.5,none,True,True
23675,1.0,0.0,0.5,none,True,True
23676,1.0,0.0,0.5,none,True,True
23677,1.0,0.0,0.5,none,True,True
23678,1.0,0.0,0.5,none,True,True
23679,1.0,0.0,0.5,none,True,True
23680,1.0,0.0,0.5,none,True,True
23681,1.0,0.0,0.5,none,True,True
23682,1.0,0.0,0.5,none,True,True
23683,1.0,0.0,0.5,none,True,True
23684,1.0,0.0,0.5,none,True,True
23685,1.0,0.0,0.5,none,True,True
23686,1.0,0.0,0.5,none,True,True
23687,1.0,0.0,0.5,none,True,True
23688,1.0,0.0,0.5,none,True,True
23689,1.0,0.0,0.5,none,True,True
23690,1.0,0.0,0.5,none,True,True
23691,1.0,0.0,0.5,none,True,True
23692,1.0,0.0,0.5,none,True,True
23693,1.0,0.0,0.5,none,True,True
23694,1.0,0.0,0.5,none,True,True
23695,1.0,0.0,0.5,none,True,True
23696,1.0,0.0,0.5,none,True,True
23697,1.0,0.0,0.5,none,True,True
23698,1.0,0.0,0.5,none,True,True
23699,1.0,0.0,0.5,none,True,True
23700,1.0,0.0,0.5,none,True,True
23701,1.0,0.0,0.5,none,True,True
23702,1.0,0.0,0.5,none,True,True
23703,1.0,0.0,0.5,none,True,True
23704,1.0,0.0,0.5,none,True,True
23705,1.0,0.0,0.5,none,True,True
23706,1.0,0.0,0.5,none,True,True
23707,1.0,0.0,0.5,none,True,True
23708,1.0,0.0,0.5,none,True,True
23709,1.0,0.0,0.5,none,True,True
23710,1.0,0.0,0.5,none,True,True
23711,1.0,0.0,0.5,none,True,True
23712,1.0,0.0,0.5,none,True,True
23713,1.0,0.0,0.5,none,True,True
23714,1.0,0.0,0.5,none,True,True
23715,1.0,0.0,0.5,none,True,True
23716,1.0,0.0,0.5,none,True,True
23717,1.0,0.0,0.5,none,True,True
23718,1.0,0.0,0.5,none,True,True
23719,1.0,0.0,0.5,none,True,True
23720,1.0,0.0,0.5,none,True,True
23721,1.0,0.0,0.5,none,True,True
23722,1.0,0.0,0.5,none,True,True
23723,1.0,0.0,0.5,none,True,True
23724,1.0,0.0,0.5,none,True,True
23725,1.0,0.0,0.5,none,True,True
23726,1.0,0.0,0.5,none,True,True
23727,1.0,0.0,0.5,none,True,True
23728,1.0,0.0,0.5,none,True,True
23729,1.0,0.0,0.5,none,True,True
23730,1.0,0.0,0.5,none,True,True
23731,1.0,0.0,0.5,none,True,True
23732,1.0,0.0,0.5,none,True,True
23733,1.0,0.0,0.5,none,True,True
23734,1.0,0.0,0.5,none,True,True
23735,1.0,0.0,0.5,none,True,True
23736,1.0,0.0,0.5,none,True,True
23737,1.0,0.0,0.5,none,True,True
23738,1.0,0.0,0.5,none,True,True
23739,1.0,0.0,0.5,none,True,True
23740,1.0,0.0,0.5,none,True,True
23741,1.0,0.0,0.5,none,True,True
23742,1.0,0.0,0.5,none,True,True
23743,1.0,0.0,0.5,none,True,True
23744,1.0,0.0,0.5,none,True,True
23745,1.0,0.0,0.5,none,True,True
23746,1.0,0.0,0.5,none,True,True
23747,1.0,0.0,0.5,none,True,True
23748,1.0,0.0,0.5,none,True,True
23749,1.0,0.0,0.5,none,True,True
23750,1.0,0.0,0.5,none,True,True
23751,1.0,0.0,0.5,none,True,True
23752,1.0,0.0,0.5,none,True,True
23753,1.0,0.0,0.5,none,True,True
23754,1.0,0.0,0.5,none,True,True
23755,1.0,0.0,0.5,none,True,True
23756,1.0,0.0,0.5,none,True,True
23757,1.0,0.0,0.5,none,True,True
23758,1.0,0.0,0.5,none,True,True
23759,1.0,0.0,0.5,none,True,True
23760,1.0,0.0,0.5,none,True,True
23761,1.0,0.0,0.5,none,True,True
23762,1.0,0.0,0.5,none,True,True
23763,1.0,0.0,0.5,none,True,True
23764,1.0,0.0,0.5,none,True,True
23765,1.0,0.0,0.5,none,True,True
23766,1.0,0.0,0.5,none,True,True
23767,1.0,0.0,0.5,none,True,True
23768,1.0,0.0,0.5,none,True,True
23769,1.0,0.0,0.5,none,True,True
23770,1.0,0.0,0.5,none,True,True
23771,1.0,0.0,0.5,none,True,True
23772,1.0,0.0,0.5,none,True,True
23773,1.0,0.0,0.5,none,True,True
23774,1.0,0.0,0.5,none,True,True
23775,1.0,0.0,0.5,none,True,True
23776,1.0,0.0,0.5,none,True,True
23777,1.0,0.0,0.5,none,True,True
23778,1.0,0.0,0.5,none,True,True
23779,1.0,0.0,0.5,none,True,True
23780,1.0,0.0,0.5,none,True,True
23781,1.0,0.0,0.5,none,True,True
23782,1.0,0.0,0.5,none,True,True
23783,1.0,0.0,0.5,none,True,True
23784,1.0,0.0,0.5,none,True,True
23785,1.0,0.0,0.5,none,True,True
23786,1.0,0.0,0.5,none,True,True
23787,1.0,0.0,0.5,none,True,True
23788,1.0,0.0,0.5,none,True,True
23789,1.0,0.0,0.5,none,True,True
23790,1.0,0.0,0.5,none,True,True
23791,1.0,0.0,0.5,none,True,True
23792,1.0,0.0,0.5,none,True,True
23793,1.0,0.0,0.5,none,True,True
23794,1.0,0.0,0.5,none,True,True
23795,1.0,0.0,0.5,none,True,True
23796,1.0,0.0,0.5,none,True,True
23797,1.0,0.0,0.5,none,True,True
23798,1.0,0.0,0.5,none,True,True
23799,1.0,0.0,0.5,none,True,True
23800,1.0,0.0061,0.5,none,True,True
23801,1.0,0.0357,0.5,none,True,True
23802,1.0,0.0812,0.5,none,True,True
23803,1.0,0.1113,0.5,none,True,True
23804,1.0,0.1253,0.5,none,True,True
23805,1.0,0.1408,0.5,none,True,True
23806,1.0,0.0907,0.5,none,True,True
23807,1.0,0.1198,0.5,none,True,True
23808,1.0,0.0467,0.5,none,True,True
23809,1.0,0.0522,0.5,none,True,True
23810,1.0,0.0405,0.5,none,True,True
23811,1.0,0.0313,0.5,none,True,True
23812,1.0,0.0083,0.5,none,True,True
23813,1.0,0.0726,0.5,none,True,True
23814,1.0,0.0793,0.5,none,True,True
23815,1.0,0.0581,0.5,none,True,True
23816,1.0,0.0955,0.5,none,True,True
23817,1.0,0.0839,0.5,none,True,True
23818,1.0,0.0648,0.5,none,True,True
23819,1.0,0.0718,0.5,none,True,True
23820,1.0,0.0589,0.5,none,True,True
23821,1.0,0.0403,0.5,none,True,True
23822,1.0,0.0327,0.5,none,True,True
23823,1.0,0.0277,0.5,none,True,True
23824,1.0,0.017,0.5,none,True,True
23825,1.0,0.0102,0.5,none,True,True
23826,1.0,0.0099,0.5,none,True,True
23827,1.0,0.008,0.5,none,True,True
23828,1.0,0.005,0.5,none,True,True
23829,1.0,0.0063,0.5,none,True,True
23830,1.0,0.009,0.5,none,True,True
23831,1.0,0.0096,0.5,none,True,True
23832,1.0,0.0108,0.5,none,True,True
23833,1.0,0.014,0.5,none,True,True
23834,1.0,0.0161,0.5,none,True,True
23835,1.0,0.0167,0.5,none,True,True
23836,1.0,0.0182,0.5,none,True,True
23837,1.0,0.0196,0.5,none,True,True
23838,1.0,0.0197,0.5,none,True,True
23839,1.0,0.0193,0.5,none,True,True
23840,1.0,0.0193,0.5,none,True,True
23841,1.0,0.0187,0.5,none,True,True
23842,1.0,0.0174,0.5,none,True,True
23843,1.0,0.0163,0.5,none,True,True
23844,1.0,0.0152,0.5,none,True,True
23845,1.0,0.0138,0.5,none,True,True
23846,1.0,0.0123,0.5,none,True,True
23847,1.0,0.0111,0.5,none,True,True
23848,1.0,0.01,0.5,none,True,True
23849,1.0,0.0088,0.5,none,True,True
23850,1.0,0.0078,0.5,none,True,True
23851,1.0,0.0071,0.5,none,True,True
23852,1.0,0.0064,0.5,none,True,True
23853,1.0,0.0057,0.5,none,True,True
23854,1.0,0.0053,0.5,none,True,True
23855,1.0,0.005,0.5,none,True,True
23856,1.0,0.0047,0.5,none,True,True
23857,1.0,0.0045,0.5,none,True,True
23858,1.0,0.0044,0.5,none,True,True
23859,1.0,0.0043,0.5,none,True,True
23860,1.0,0.0042,0.5,none,True,True
23861,1.0,0.0041,0.5,none,True,True
23862,1.0,0.004,0.5,none,True,True
23863,1.0,0.0039,0.5,none,True,True
23864,1.0,0.0038,0.5,none,True,True
23865,1.0,0.0037,0.5,none,True,True
23866,1.0,0.0035,0.5,none,True,True
23867,1.0,0.0033,0.5,none,True,True
23868,1.0,0.0032,0.5,none,True,True
23869,1.0,0.003,0.5,none,True,True
23870,1.0,0.0028,0.5,none,True,True
23871,1.0,0.0026,0.5,none,True,True
23872,1.0,0.0024,0.5,none,True,True
23873,1.0,0.0023,0.5,none,True,True
23874,1.0,0.0021,0.5,none,True,True
23875,1.0,0.0019,0.5,none,True,True
23876,1.0,0.0018,0.5,none,True,True
23877,1.0,0.0017,0.5,none,True,True
23878,1.0,0.0015,0.5,none,True,True
23879,1.0,0.0014,0.5,none,True,True
23880,1.0,0.0013,0.5,none,True,True
23881,1.0,0.0013,0.5,none,True,True
23882,1.0,0.0012,0.5,none,True,True
23883,1.0,0.0011,0.5,none,True,True
23884,1.0,0.0011,0.5,none,True,True
23885,1.0,0.001,0.5,none,True,True
23886,1.0,0.001,0.5,none,True,True
23887,1.0,0.0009,0.5,none,True,True
23888,1.0,0.0009,0.5,none,True,True
23889,1.0,0.0008,0.5,none,True,True
23890,1.0,0.0008,0.5,none,True,True
23891,1.0,0.0008,0.5,none,True,True
23892,1.0,0.0007,0.5,none,True,True
23893,1.0,0.0007,0.5,none,True,True
23894,1.0,0.0006,0.5,none,True,True
23895,1.0,0.0006,0.5,none,True,True
23896,1.0,0.0006,0.5,none,True,True
23897,1.0,0.0005,0.5,none,True,True
23898,1.0,0.0005,0.5,none,True,True
23899,1.0,0.0005,0.5,none,True,True
23900,1.0,0.0004,0.5,none,True,True
23901,1.0,0.0004,0.5,none,True,True
23902,1.0,0.0004,0.5,none,True,True
23903,1.0,0.0004,0.5,none,True,True
23904,1.0,0.0003,0.5,none,True,True
23905,1.0,0.0003,0.5,none,True,True
23906,1.0,0.0003,0.5,none,True,True
23907,1.0,0.0003,0.5,none,True,True
23908,1.0,0.0003,0.5,none,True,True
23909,1.0,0.0003,0.5,none,True,True
23910,1.0,0.0002,0.5,none,True,True
23911,1.0,0.0002,0.5,none,True,True
23912,1.0,0.0002,0.5,none,True,True
23913,1.0,0.0002,0.5,none,True,True
23914,1.0,0.0002,0.5,none,True,True
23915,1.0,0.0002,0.5,none,True,True
23916,1.0,0.0002,0.5,none,True,True
23917,1.0,0.0002,0.5,none,True,True
23918,1.0,0.0002,0.5,none,True,True
23919,1.0,0.0001,0.5,none,True,True
23920,1.0,0.0001,0.5,none,True,True
23921,1.0,0.0001,0.5,none,True,True
23922,1.0,0.0001,0.5,none,True,True
23923,1.0,0.0001,0.5,none,True,True
23924,1.0,0.0001,0.5,none,True,True
23925,1.0,0.0001,0.5,none,True,True
23926,1.0,0.0001,0.5,none,True,True
23927,1.0,0.0001,0.5,none,True,True
23928,1.0,0.0001,0.5,none,True,True
23929,1.0,0.0001,0.5,none,True,True
23930,1.0,0.0001,0.5,none,True,True
23931,1.0,0.0001,0.5,none,True,True
23932,1.0,0.0001,0.5,none,True,True
23933,1.0,0.0001,0.5,none,True,True
23934,1.0,0.0001,0.5,none,True,True
23935,1.0,0.0001,0.5,none,True,True
23936,1.0,0.0001,0.5,none,True,True
23937,1.0,0.0,0.5,none,True,True
23938,1.0,0.0,0.5,none,True,True
23939,1.0,0.0,0.5,none,True,True
23940,1.0,0.0,0.5,none,True,True
23941,1.0,0.0,0.5,none,True,True
23942,1.0,0.0,0.5,none,True,True
23943,1.0,0.0,0.5,none,True,True
23944,1.0,0.0,0.5,none,True,True
23945,1.0,0.0,0.5,none,True,True
23946,1.0,0.0,0.5,none,True,True
23947,1.0,0.0,0.5,none,True,True
23948,1.0,0.0,0.5,none,True,True
23949,1.0,0.0,0.5,none,True,True
23950,1.0,0.0,0.5,none,True,True
23951,1.0,0.0,0.5,none,True,True
23952,1.0,0.0,0.5,none,True,True
23953,1.0,0.0,0.5,none,True,True
23954,1.0,0.0,0.5,none,True,True
23955,1.0,0.0,0.5,none,True,True
23956,1.0,0.0,0.5,none,True,True
23957,1.0,0.0,0.5,none,True,True
23958,1.0,0.0,0.5,none,True,True
23959,1.0,0.0,0.5,none,True,True
23960,1.0,0.0,0.5,none,True,True
23961,1.0,0.0,0.5,none,True,True
23962,1.0,0.0,0.5,none,True,True
23963,1.0,0.0,0.5,none,True,True
23964,1.0,0.0,0.5,none,True,True
23965,1.0,0.0,0.5,none,True,True
23966,1.0,0.0,0.5,none,True,True
23967,1.0,0.0,0.5,none,True,True
23968,1.0,0.0,0.5,none,True,True
23969,1.0,0.0,0.5,none,True,True
23970,1.0,0.0,0.5,none,True,True
23971,1.0,0.0,0.5,none,True,True
23972,1.0,0.0,0.5,none,True,True
23973,1.0,0.0,0.5,none,True,True
23974,1.0,0.0,0.5,none,True,True
23975,1.0,0.0,0.5,none,True,True
23976,1.0,0.0,0.5,none,True,True
23977,1.0,0.0,0.5,none,True,True
23978,1.0,0.0,0.5,none,True,True
23979,1.0,0.0,0.5,none,True,True
23980,1.0,0.0,0.5,none,True,True
23981,1.0,0.0,0.5,none,True,True
23982,1.0,0.0,0.5,none,True,True
23983,1.0,0.0,0.5,none,True,True
23984,1.0,0.0,0.5,none,True,True
23985,1.0,0.0,0.5,none,True,True
23986,1.0,0.0,0.5,none,True,True
23987,1.0,0.0,0.5,none,True,True
23988,1.0,0.0,0.5,none,True,True
23989,1.0,0.0,0.5,none,True,True
23990,1.0,0.0,0.5,none,True,True
23991,1.0,0.0,0.5,none,True,True
23992,1.0,0.0,0.5,none,True,True
23993,1.0,0.0,0.5,none,True,True
23994,1.0,0.0,0.5,none,True,True
23995,1.0,0.0,0.5,none,True,True
23996,1.0,0.0,0.5,none,True,True
23997,1.0,0.0,0.5,none,True,True
23998,1.0,0.0,0.5,none,True,True
23999,1.0,0.0,0.5,none,True,True
24000,1.0,0.0,0.5,none,True,True
24001,1.0,0.0,0.5,none,True,True
24002,1.0,0.0,0.5,none,True,True
24003,1.0,0.0,0.5,none,True,True
24004,1.0,0.0,0.5,none,True,True
24005,1.0,0.0,0.5,none,True,True
24006,1.0,0.0,0.5,none,True,True
24007,1.0,0.0,0.5,none,True,True
24008,1.0,0.0,0.5,none,True,True
24009,1.0,0.0,0.5,none,True,True
24010,1.0,0.0,0.5,none,True,True
24011,1.0,0.0,0.5,none,True,True
24012,1.0,0.0,0.5,none,True,True
24013,1.0,0.0,0.5,none,True,True
24014,1.0,0.0,0.5,none,True,True
24015,1.0,0.0,0.5,none,True,True
24016,1.0,0.0,0.5,none,True,True
24017,1.0,0.0,0.5,none,True,True
24018,1.0,0.0,0.5,none,True,True
24019,1.0,0.0,0.5,none,True,True
24020,1.0,0.0,0.5,none,True,True
24021,1.0,0.0,0.5,none,True,True
24022,1.0,0.0,0.5,none,True,True
24023,1.0,0.0,0.5,none,True,True
24024,1.0,0.0,0.5,none,True,True
24025,1.0,0.0,0.5,none,True,True
24026,1.0,0.0,0.5,none,True,True
24027,1.0,0.0,0.5,none,True,True
24028,1.0,0.0,0.5,none,True,True
24029,1.0,0.0,0.5,none,True,True
24030,1.0,0.0,0.5,none,True,True
24031,1.0,0.0,0.5,none,True,True
24032,1.0,0.0,0.5,none,True,True
24033,1.0,0.0,0.5,none,True,True
24034,1.0,0.0,0.5,none,True,True
24035,1.0,0.0,0.5,none,True,True
24036,1.0,0.0,0.5,none,True,True
24037,1.0,0.0,0.5,none,True,True
24038,1.0,0.0,0.5,none,True,True
24039,1.0,0.0,0.5,none,True,True
24040,1.0,0.0,0.5,none,True,True
24041,1.0,0.0,0.5,none,True,True
24042,1.0,0.0,0.5,none,True,True
24043,1.0,0.0,0.5,none,True,True
24044,1.0,0.0,0.5,none,True,True
24045,1.0,0.0,0.5,none,True,True
24046,1.0,0.0,0.5,none,True,True
24047,1.0,0.0,0.5,none,True,True
24048,1.0,0.0,0.5,none,True,True
24049,1.0,0.0,0.5,none,True,True
24050,1.0,0.0,0.5,none,True,True
24051,1.0,0.0,0.5,none,True,True
24052,1.0,0.0,0.5,none,True,True
24053,1.0,0.0,0.5,none,True,True
24054,1.0,0.0,0.5,none,True,True
24055,1.0,0.0,0.5,none,True,True
24056,1.0,0.0,0.5,none,True,True
24057,1.0,0.0,0.5,none,True,True
24058,1.0,0.0,0.5,none,True,True
24059,1.0,0.0,0.5,none,True,True
24060,1.0,0.0,0.5,none,True,True
24061,1.0,0.0,0.5,none,True,True
24062,1.0,0.0,0.5,none,True,True
24063,1.0,0.0,0.5,none,True,True
24064,1.0,0.0,0.5,none,True,True
24065,1.0,0.0,0.5,none,True,True
24066,1.0,0.0,0.5,none,True,True
24067,1.0,0.0,0.5,none,True,True
24068,1.0,0.0,0.5,none,True,True
24069,1.0,0.0,0.5,none,True,True
24070,1.0,0.0,0.5,none,True,True
24071,1.0,0.0,0.5,none,True,True
24072,1.0,0.0,0.5,none,True,True
24073,1.0,0.0,0.5,none,True,True
24074,1.0,0.0,0.5,none,True,True
24075,1.0,0.0,0.5,none,True,True
24076,1.0,0.0,0.5,none,True,True
24077,1.0,0.0,0.5,none,True,True
24078,1.0,0.0,0.5,none,True,True
24079,1.0,0.0,0.5,none,True,True
24080,1.0,0.0,0.5,none,True,True
24081,1.0,0.0,0.5,none,True,True
24082,1.0,0.0,0.5,none,True,True
24083,1.0,0.0,0.5,none,True,True
24084,1.0,0.0,0.5,none,True,True
24085,1.0,0.0,0.5,none,True,True
24086,1.0,0.0,0.5,none,True,True
24087,1.0,0.0,0.5,none,True,True
24088,1.0,0.0,0.5,none,True,True
24089,1.0,0.0,0.5,none,True,True
24090,1.0,0.0,0.5,none,True,True
24091,1.0,0.0,0.5,none,True,True
24092,1.0,0.0,0.5,none,True,True
24093,1.0,0.0,0.5,none,True,True
24094,1.0,0.0,0.5,none,True,True
24095,1.0,0.0,0.5,none,True,True
24096,1.0,0.0,0.5,none,True,True
24097,1.0,0.0,0.5,none,True,True
24098,1.0,0.0,0.5,none,True,True
24099,1.0,0.0,0.5,none,True,True
24100,1.0,0.0,0.5,none,True,True
24101,1.0,0.0,0.5,none,True,True
24102,1.0,0.0,0.5,none,True,True
24103,1.0,0.0,0.5,none,True,True
24104,1.0,0.0,0.5,none,True,True
24105,1.0,0.0,0.5,none,True,True
24106,1.0,0.0,0.5,none,True,True
24107,1.0,0.0,0.5,none,True,True
24108,1.0,0.0,0.5,none,True,True
24109,1.0,0.0,0.5,none,True,True
24110,1.0,0.0,0.5,none,True,True
24111,1.0,0.0,0.5,none,True,True
24112,1.0,0.0,0.5,none,True,True
24113,1.0,0.0,0.5,none,True,True
24114,1.0,0.0,0.5,none,True,True
24115,1.0,0.0,0.5,none,True,True
24116,1.0,0.0,0.5,none,True,True
24117,1.0,0.0,0.5,none,True,True
24118,1.0,0.0,0.5,none,True,True
24119,1.0,0.0,0.5,none,True,True
24120,1.0,0.0,0.5,none,True,True
24121,1.0,0.0,0.5,none,True,True
24122,1.0,0.0,0.5,none,True,True
24123,1.0,0.0,0.5,none,True,True
24124,1.0,0.0,0.5,none,True,True
24125,1.0,0.0,0.5,none,True,True
24126,1.0,0.0,0.5,none,True,True
24127,1.0,0.0,0.5,none,True,True
24128,1.0,0.0,0.5,none,True,True
24129,1.0,0.0,0.5,none,True,True
24130,1.0,0.0,0.5,none,True,True
24131,1.0,0.0,0.5,none,True,True
24132,1.0,0.0,0.5,none,True,True
24133,1.0,0.0,0.5,none,True,True
24134,1.0,0.0,0.5,none,True,True
24135,1.0,0.0,0.5,none,True,True
24136,1.0,0.0,0.5,none,True,True
24137,1.0,0.0,0.5,none,True,True
24138,1.0,0.0,0.5,none,True,True
24139,1.0,0.0,0.5,none,True,True
24140,1.0,0.0,0.5,none,True,True
24141,1.0,0.0,0.5,none,True,True
24142,1.0,0.0,0.5,none,True,True
24143,1.0,0.0,0.5,none,True,True
24144,1.0,0.0,0.5,none,True,True
24145,1.0,0.0,0.5,none,True,True
24146,1.0,0.0,0.5,none,True,True
24147,1.0,0.0,0.5,none,True,True
24148,1.0,0.0,0.5,none,True,True
24149,1.0,0.0,0.5,none,True,True
24150,1.0,0.0,0.5,none,True,True
24151,1.0,0.0,0.5,none,True,True
24152,1.0,0.0,0.5,none,True,True
24153,1.0,0.0,0.5,none,True,True
24154,1.0,0.0,0.5,none,True,True
24155,1.0,0.0,0.5,none,True,True
24156,1.0,0.0,0.5,none,True,True
24157,1.0,0.0,0.5,none,True,True
24158,1.0,0.0,0.5,none,True,True
24159,1.0,0.0,0.5,none,True,True
24160,1.0,0.0,0.5,none,True,True
24161,1.0,0.0,0.5,none,True,True
24162,1.0,0.0,0.5,none,True,True
24163,1.0,0.0,0.5,none,True,True
24164,1.0,0.0,0.5,none,True,True
24165,1.0,0.0,0.5,none,True,True
24166,1.0,0.0,0.5,none,True,True
24167,1.0,0.0,0.5,none,True,True
24168,1.0,0.0,0.5,none,True,True
24169,1.0,0.0,0.5,none,True,True
24170,1.0,0.0,0.5,none,True,True
24171,1.0,0.0,0.5,none,True,True
24172,1.0,0.0,0.5,none,True,True
24173,1.0,0.0,0.5,none,True,True
24174,1.0,0.0,0.5,none,True,True
24175,1.0,0.0,0.5,none,True,True
24176,1.0,0.0,0.5,none,True,True
24177,1.0,0.0,0.5,none,True,True
24178,1.0,0.0,0.5,none,True,True
24179,1.0,0.0,0.5,none,True,True
24180,1.0,0.0,0.5,none,True,True
24181,1.0,0.0,0.5,none,True,True
24182,1.0,0.0,0.5,none,True,True
24183,1.0,0.0,0.5,none,True,True
24184,1.0,0.0,0.5,none,True,True
24185,1.0,0.0,0.5,none,True,True
24186,1.0,0.0,0.5,none,True,True
24187,1.0,0.0,0.5,none,True,True
24188,1.0,0.0,0.5,none,True,True
24189,1.0,0.0,0.5,none,True,True
24190,1.0,0.0,0.5,none,True,True
24191,1.0,0.0,0.5,none,True,True
24192,1.0,0.0,0.5,none,True,True
24193,1.0,0.0,0.5,none,True,True
24194,1.0,0.0,0.5,none,True,True
24195,1.0,0.0,0.5,none,True,True
24196,1.0,0.0,0.5,none,True,True
24197,1.0,0.0,0.5,none,True,True
24198,1.0,0.0,0.5,none,True,True
24199,1.0,0.0,0.5,none,True,True
24200,1.0,0.0,0.5,none,True,True
24201,1.0,0.0,0.5,none,True,True
24202,1.0,0.0,0.5,none,True,True
24203,1.0,0.0,0.5,none,True,True
24204,1.0,0.0,0.5,none,True,True
24205,1.0,0.0,0.5,none,True,True
24206,1.0,0.0,0.5,none,True,True
24207,1.0,0.0,0.5,none,True,True
24208,1.0,0.0,0.5,none,True,True
24209,1.0,0.0,0.5,none,True,True
24210,1.0,0.0,0.5,none,True,True
24211,1.0,0.0,0.5,none,True,True
24212,1.0,0.0,0.5,none,True,True
24213,1.0,0.0,0.5,none,True,True
24214,1.0,0.0,0.5,none,True,True
24215,1.0,0.0,0.5,none,True,True
24216,1.0,0.0,0.5,none,True,True
24217,1.0,0.0,0.5,none,True,True
24218,1.0,0.0,0.5,none,True,True
24219,1.0,0.0,0.5,none,True,True
24220,1.0,0.0,0.5,none,True,True
24221,1.0,0.0,0.5,none,True,True
24222,1.0,0.0,0.5,none,True,True
24223,1.0,0.0,0.5,none,True,True
24224,1.0,0.0,0.5,none,True,True
24225,1.0,0.0,0.5,none,True,True
24226,1.0,0.0,0.5,none,True,True
24227,1.0,0.0,0.5,none,True,True
24228,1.0,0.0,0.5,none,True,True
24229,1.0,0.0,0.5,none,True,True
24230,1.0,0.0,0.5,none,True,True
24231,1.0,0.0,0.5,none,True,True
24232,1.0,0.0,0.5,none,True,True
24233,1.0,0.0,0.5,none,True,True
24234,1.0,0.0,0.5,none,True,True
24235,1.0,0.0,0.5,none,True,True
24236,1.0,0.0,0.5,none,True,True
24237,1.0,0.0,0.5,none,True,True
24238,1.0,0.0,0.5,none,True,True
24239,1.0,0.0,0.5,none,True,True
24240,1.0,0.0,0.5,none,True,True
24241,1.0,0.0,0.5,none,True,True
24242,1.0,0.0,0.5,none,True,True
24243,1.0,0.0,0.5,none,True,True
24244,1.0,0.0,0.5,none,True,True
24245,1.0,0.0,0.5,none,True,True
24246,1.0,0.0,0.5,none,True,True
24247,1.0,0.0,0.5,none,True,True
24248,1.0,0.0,0.5,none,True,True
24249,1.0,0.0,0.5,none,True,True
24250,1.0,0.0,0.5,none,True,True
24251,1.0,0.0,0.5,none,True,True
24252,1.0,0.0,0.5,none,True,True
24253,1.0,0.0,0.5,none,True,True
24254,1.0,0.0,0.5,none,True,True
24255,1.0,0.0,0.5,none,True,True
24256,1.0,0.0,0.5,none,True,True
24257,1.0,0.0,0.5,none,True,True
24258,1.0,0.0,0.5,none,True,True
24259,1.0,0.0,0.5,none,True,True
24260,1.0,0.0,0.5,none,True,True
24261,1.0,0.0,0.5,none,True,True
24262,1.0,0.0,0.5,none,True,True
24263,1.0,0.0,0.5,none,True,True
24264,1.0,0.0,0.5,none,True,True
24265,1.0,0.0,0.5,none,True,True
24266,1.0,0.0,0.5,none,True,True
24267,1.0,0.0,0.5,none,True,True
24268,1.0,0.0,0.5,none,True,True
24269,1.0,0.0,0.5,none,True,True
24270,1.0,0.0,0.5,none,True,True
24271,1.0,0.0,0.5,none,True,True
24272,1.0,0.0,0.5,none,True,True
24273,1.0,0.0,0.5,none,True,True
24274,1.0,0.0,0.5,none,True,True
24275,1.0,0.0,0.5,none,True,True
24276,1.0,0.0,0.5,none,True,True
24277,1.0,0.0,0.5,none,True,True
24278,1.0,0.0,0.5,none,True,True
24279,1.0,0.0,0.5,none,True,True
24280,1.0,0.0,0.5,none,True,True
24281,1.0,0.0,0.5,none,True,True
24282,1.0,0.0,0.5,none,True,True
24283,1.0,0.0,0.5,none,True,True
24284,1.0,0.0,0.5,none,True,True
24285,1.0,0.0,0.5,none,True,True
24286,1.0,0.0,0.5,none,True,True
24287,1.0,0.0,0.5,none,True,True
24288,1.0,0.0,0.5,none,True,True
24289,1.0,0.0,0.5,none,True,True
24290,1.0,0.0,0.5,none,True,True
24291,1.0,0.0,0.5,none,True,True
24292,1.0,0.0,0.5,none,True,True
24293,1.0,0.0,0.5,none,True,True
24294,1.0,0.0,0.5,none,True,True
24295,1.0,0.0,0.5,none,True,True
24296,1.0,0.0,0.5,none,True,True
24297,1.0,0.0,0.5,none,True,True
24298,1.0,0.0,0.5,none,True,True
24299,1.0,0.0,0.5,none,True,True
24300,1.0,0.0,0.5,none,True,True
24301,1.0,0.0,0.5,none,True,True
24302,1.0,0.0,0.5,none,True,True
24303,1.0,0.0,0.5,none,True,True
24304,1.0,0.0,0.5,none,True,True
24305,1.0,0.0,0.5,none,True,True
24306,1.0,0.0,0.5,none,True,True
24307,1.0,0.0,0.5,none,True,True
24308,1.0,0.0,0.5,none,True,True
24309,1.0,0.0,0.5,none,True,True
24310,1.0,0.0,0.5,none,True,True
24311,1.0,0.0,0.5,none,True,True
24312,1.0,0.0,0.5,none,True,True
24313,1.0,0.0,0.5,none,True,True
24314,1.0,0.0,0.5,none,True,True
24315,1.0,0.0,0.5,none,True,True
24316,1.0,0.0,0.5,none,True,True
24317,1.0,0.0,0.5,none,True,True
24318,1.0,0.0,0.5,none,True,True
24319,1.0,0.0,0.5,none,True,True
24320,1.0,0.0,0.5,none,True,True
24321,1.0,0.0,0.5,none,True,True
24322,1.0,0.0,0.5,none,True,True
24323,1.0,0.0,0.5,none,True,True
24324,1.0,0.0,0.5,none,True,True
24325,1.0,0.0,0.5,none,True,True
24326,1.0,0.0,0.5,none,True,True
24327,1.0,0.0,0.5,none,True,True
24328,1.0,0.0,0.5,none,True,True
24329,1.0,0.0,0.5,none,True,True
24330,1.0,0.0,0.5,none,True,True
24331,1.0,0.0,0.5,none,True,True
24332,1.0,0.0,0.5,none,True,True
24333,1.0,0.0,0.5,none,True,True
24334,1.0,0.0,0.5,none,True,True
24335,1.0,0.0,0.5,none,True,True
24336,1.0,0.0,0.5,none,True,True
24337,1.0,0.0,0.5,none,True,True
24338,1.0,0.0,0.5,none,True,True
24339,1.0,0.0,0.5,none,True,True
24340,1.0,0.0,0.5,none,True,True
24341,1.0,0.0,0.5,none,True,True
24342,1.0,0.0,0.5,none,True,True
24343,1.0,0.0,0.5,none,True,True
24344,1.0,0.0,0.5,none,True,True
24345,1.0,0.0,0.5,none,True,True
24346,1.0,0.0,0.5,none,True,True
24347,1.0,0.0,0.5,none,True,True
24348,1.0,0.0,0.5,none,True,True
24349,1.0,0.0,0.5,none,True,True
24350,1.0,0.0,0.5,none,True,True
24351,1.0,0.0,0.5,none,True,True
24352,1.0,0.0,0.5,none,True,True
24353,1.0,0.0,0.5,none,True,True
24354,1.0,0.0,0.5,none,True,True
24355,1.0,0.0,0.5,none,True,True
24356,1.0,0.0,0.5,none,True,True
24357,1.0,0.0,0.5,none,True,True
24358,1.0,0.0,0.5,none,True,True
24359,1.0,0.0,0.5,none,True,True
24360,1.0,0.0,0.5,none,True,True
24361,1.0,0.0,0.5,none,True,True
24362,1.0,0.0,0.5,none,True,True
24363,1.0,0.0,0.5,none,True,True
24364,1.0,0.0,0.5,none,True,True
24365,1.0,0.0,0.5,none,True,True
24366,1.0,0.0,0.5,none,True,True
24367,1.0,0.0,0.5,none,True,True
24368,1.0,0.0,0.5,none,True,True
24369,1.0,0.0,0.5,none,True,True
24370,1.0,0.0,0.5,none,True,True
24371,1.0,0.0,0.5,none,True,True
24372,1.0,0.0,0.5,none,True,True
24373,1.0,0.0,0.5,none,True,True
24374,1.0,0.0,0.5,none,True,True
24375,1.0,0.0,0.5,none,True,True
24376,1.0,0.0,0.5,none,True,True
24377,1.0,0.0,0.5,none,True,True
24378,1.0,0.0,0.5,none,True,True
24379,1.0,0.0,0.5,none,True,True
24380,1.0,0.0,0.5,none,True,True
24381,1.0,0.0,0.5,none,True,True
24382,1.0,0.0,0.5,none,True,True
24383,1.0,0.0,0.5,none,True,True
24384,1.0,0.0,0.5,none,True,True
24385,1.0,0.0,0.5,none,True,True
24386,1.0,0.0,0.5,none,True,True
24387,1.0,0.0,0.5,none,True,True
24388,1.0,0.0,0.5,none,True,True
24389,1.0,0.0,0.5,none,True,True
24390,1.0,0.0,0.5,none,True,True
24391,1.0,0.0,0.5,none,True,True
24392,1.0,0.0,0.5,none,True,True
24393,1.0,0.0,0.5,none,True,True
24394,1.0,0.0,0.5,none,True,True
24395,1.0,0.0,0.5,none,True,True
24396,1.0,0.0,0.5,none,True,True
24397,1.0,0.0,0.5,none,True,True
24398,1.0,0.0,0.5,none,True,True
24399,1.0,0.0,0.5,none,True,True
24400,1.0,0.0,0.5,none,True,True
24401,1.0,0.0,0.5,none,True,True
24402,1.0,0.0,0.5,none,True,True
24403,1.0,0.0,0.5,none,True,True
24404,1.0,0.0,0.5,none,True,True
24405,1.0,0.0,0.5,none,True,True
24406,1.0,0.0,0.5,none,True,True
24407,1.0,0.0,0.5,none,True,True
24408,1.0,0.0,0.5,none,True,True
24409,1.0,0.0,0.5,none,True,True
24410,1.0,0.0,0.5,none,True,True
24411,1.0,0.0,0.5,none,True,True
24412,1.0,0.0,0.5,none,True,True
24413,1.0,0.0,0.5,none,True,True
24414,1.0,0.0,0.5,none,True,True
24415,1.0,0.0,0.5,none,True,True
24416,1.0,0.0,0.5,none,True,True
24417,1.0,0.0,0.5,none,True,True
24418,1.0,0.0,0.5,none,True,True
24419,1.0,0.0,0.5,none,True,True
24420,1.0,0.0,0.5,none,True,True
24421,1.0,0.0,0.5,none,True,True
24422,1.0,0.0,0.5,none,True,True
24423,1.0,0.0,0.5,none,True,True
24424,1.0,0.0,0.5,none,True,True
24425,1.0,0.0,0.5,none,True,True
24426,1.0,0.0,0.5,none,True,True
24427,1.0,0.0,0.5,none,True,True
24428,1.0,0.0,0.5,none,True,True
24429,1.0,0.0,0.5,none,True,True
24430,1.0,0.0,0.5,none,True,True
24431,1.0,0.0,0.5,none,True,True
24432,1.0,0.0,0.5,none,True,True
24433,1.0,0.0,0.5,none,True,True
24434,1.0,0.0,0.5,none,True,True
24435,1.0,0.0,0.5,none,True,True
24436,1.0,0.0,0.5,none,True,True
24437,1.0,0.0,0.5,none,True,True
24438,1.0,0.0,0.5,none,True,True
24439,1.0,0.0,0.5,none,True,True
24440,1.0,0.0,0.5,none,True,True
24441,1.0,0.0,0.5,none,True,True
24442,1.0,0.0,0.5,none,True,True
24443,1.0,0.0,0.5,none,True,True
24444,1.0,0.0,0.5,none,True,True
24445,1.0,0.0,0.5,none,True,True
24446,1.0,0.0,0.5,none,True,True
24447,1.0,0.0,0.5,none,True,True
24448,1.0,0.0,0.5,none,True,True
24449,1.0,0.0,0.5,none,True,True
24450,1.0,0.0,0.5,none,True,True
24451,1.0,0.0,0.5,none,True,True
24452,1.0,0.0,0.5,none,True,True
24453,1.0,0.0,0.5,none,True,True
24454,1.0,0.0,0.5,none,True,True
24455,1.0,0.0,0.5,none,True,True
24456,1.0,0.0,0.5,none,True,True
24457,1.0,0.0,0.5,none,True,True
24458,1.0,0.0,0.5,none,True,True
24459,1.0,0.0,0.5,none,True,True
24460,1.0,0.0,0.5,none,True,True
24461,1.0,0.0,0.5,none,True,True
24462,1.0,0.0,0.5,none,True,True
24463,1.0,0.0,0.5,none,True,True
24464,1.0,0.0,0.5,none,True,True
24465,1.0,0.0,0.5,none,True,True
24466,1.0,0.0,0.5,none,True,True
24467,1.0,0.0,0.5,none,True,True
24468,1.0,0.0,0.5,none,True,True
24469,1.0,0.0,0.5,none,True,True
24470,1.0,0.0,0.5,none,True,True
24471,1.0,0.0,0.5,none,True,True
24472,1.0,0.0,0.5,none,True,True
24473,1.0,0.0,0.5,none,True,True
24474,1.0,0.0,0.5,none,True,True
24475,1.0,0.0,0.5,none,True,True
24476,1.0,0.0,0.5,none,True,True
24477,1.0,0.0,0.5,none,True,True
24478,1.0,0.0,0.5,none,True,True
24479,1.0,0.0,0.5,none,True,True
24480,1.0,0.0,0.5,none,True,True
24481,1.0,0.0,0.5,none,True,True
24482,1.0,0.0,0.5,none,True,True
24483,1.0,0.0,0.5,none,True,True
24484,1.0,0.0,0.5,none,True,True
24485,1.0,0.0,0.5,none,True,True
24486,1.0,0.0,0.5,none,True,True
24487,1.0,0.0,0.5,none,True,True
24488,1.0,0.0,0.5,none,True,True
24489,1.0,0.0,0.5,none,True,True
24490,1.0,0.0,0.5,none,True,True
24491,1.0,0.0,0.5,none,True,True
24492,1.0,0.0,0.5,none,True,True
24493,1.0,0.0,0.5,none,True,True
24494,1.0,0.0,0.5,none,True,True
24495,1.0,0.0,0.5,none,True,True
24496,1.0,0.0,0.5,none,True,True
24497,1.0,0.0,0.5,none,True,True
24498,1.0,0.0,0.5,none,True,True
24499,1.0,0.0,0.5,none,True,True
24500,1.0,0.0061,0.5,none,True,True
24501,1.0,0.0357,0.5,none,True,True
24502,1.0,0.0812,0.5,none,True,True
24503,1.0,0.1113,0.5,none,True,True
24504,1.0,0.1253,0.5,none,True,True
24505,1.0,0.1408,0.5,none,True,True
24506,1.0,0.0907,0.5,none,True,True
24507,1.0,0.1198,0.5,none,True,True
24508,1.0,0.0467,0.5,none,True,True
24509,1.0,0.0522,0.5,none,True,True
24510,1.0,0.0405,0.5,none,True,True
24511,1.0,0.0313,0.5,none,True,True
24512,1.0,0.0083,0.5,none,True,True
24513,1.0,0.0726,0.5,none,True,True
24514,1.0,0.0793,0.5,none,True,True
24515,1.0,0.0581,0.5,none,True,True
24516,1.0,0.0955,0.5,none,True,True
24517,1.0,0.0839,0.5,none,True,True
24518,1.0,0.0648,0.5,none,True,True
24519,1.0,0.0718,0.5,none,True,True
24520,1.0,0.0589,0.5,none,True,True
24521,1.0,0.0403,0.5,none,True,True
24522,1.0,0.0327,0.5,none,True,True
24523,1.0,0.0277,0.5,none,True,True
24524,1.0,0.017,0.5,none,True,True
24525,1.0,0.0102,0.5,none,True,True
24526,1.0,0.0099,0.5,none,True,True
24527,1.0,0.008,0.5,none,True,True
24528,1.0,0.005,0.5,none,True,True
24529,1.0,0.0063,0.5,none,True,True
24530,1.0,0.009,0.5,none,True,True
24531,1.0,0.0096,0.5,none,True,True
24532,1.0,0.0108,0.5,none,True,True
24533,1.0,0.014,0.5,none,True,True
24534,1.0,0.0161,0.5,none,True,True
24535,1.0,0.0167,0.5,none,True,True
24536,1.0,0.0182,0.5,none,True,True
24537,1.0,0.0196,0.5,none,True,True
24538,1.0,0.0197,0.5,none,True,True
24539,1.0,0.0193,0.5,none,True,True
24540,1.0,0.0193,0.5,none,True,True
24541,1.0,0.0187,0.5,none,True,True
24542,1.0,0.0174,0.5,none,True,True
24543,1.0,0.0163,0.5,none,True,True
24544,1.0,0.0152,0.5,none,True,True
24545,1.0,0.0138,0.5,none,True,True
24546,1.0,0.0123,0.5,none,True,True
24547,1.0,0.0111,0.5,none,True,True
24548,1.0,0.01,0.5,none,True,True
24549,1.0,0.0088,0.5,none,True,True
24550,1.0,0.0078,0.5,none,True,True
24551,1.0,0.0071,0.5,none,True,True
24552,1.0,0.0064,0.5,none,True,True
24553,1.0,0.0057,0.5,none,True,True
24554,1.0,0.0053,0.5,none,True,True
24555,1.0,0.005,0.5,none,True,True
24556,1.0,0.0047,0.5,none,True,True
24557,1.0,0.0045,0.5,none,True,True
24558,1.0,0.0044,0.5,none,True,True
24559,1.0,0.0043,0.5,none,True,True
24560,1.0,0.0042,0.5,none,True,True
24561,1.0,0.0041,0.5,none,True,True
24562,1.0,0.004,0.5,none,True,True
24563,1.0,0.0039,0.5,none,True,True
24564,1.0,0.0038,0.5,none,True,True
24565,1.0,0.0037,0.5,none,True,True
24566,1.0,0.0035,0.5,none,True,True
24567,1.0,0.0033,0.5,none,True,True
24568,1.0,0.0032,0.5,none,True,True
24569,1.0,0.003,0.5,none,True,True
24570,1.0,0.0028,0.5,none,True,True
24571,1.0,0.0026,0.5,none,True,True
24572,1.0,0.0024,0.5,none,True,True
24573,1.0,0.0023,0.5,none,True,True
24574,1.0,0.0021,0.5,none,True,True
24575,1.0,0.0019,0.5,none,True,True
24576,1.0,0.0018,0.5,none,True,True
24577,1.0,0.0017,0.5,none,True,True
24578,1.0,0.0015,0.5,none,True,True
24579,1.0,0.0014,0.5,none,True,True
24580,1.0,0.0013,0.5,none,True,True
24581,1.0,0.0013,0.5,none,True,True
24582,1.0,0.0012,0.5,none,True,True
24583,1.0,0.0011,0.5,none,True,True
24584,1.0,0.0011,0.5,none,True,True
24585,1.0,0.001,0.5,none,True,True
24586,1.0,0.001,0.5,none,True,True
24587,1.0,0.0009,0.5,none,True,True
24588,1.0,0.0009,0.5,none,True,True
24589,1.0,0.0008,0.5,none,True,True
24590,1.0,0.0008,0.5,none,True,True
24591,1.0,0.0008,0.5,none,True,True
24592,1.0,0.0007,0.5,none,True,True
24593,1.0,0.0007,0.5,none,True,True
24594,1.0,0.0006,0.5,none,True,True
24595,1.0,0.0006,0.5,none,True,True
24596,1.0,0.0006,0.5,none,True,True
24597,1.0,0.0005,0.5,none,True,True
24598,1.0,0.0005,0.5,none,True,True
24599,1.0,0.0005,0.5,none,True,True
24600,1.0,0.0004,0.5,none,True,True
24601,1.0,0.0004,0.5,none,True,True
24602,1.0,0.0004,0.5,none,True,True
24603,1.0,0.0004,0.5,none,True,True
24604,1.0,0.0003,0.5,none,True,True
24605,1.0,0.0003,0.5,none,True,True
24606,1.0,0.0003,0.5,none,True,True
24607,1.0,0.0003,0.5,none,True,True
24608,1.0,0.0003,0.5,none,True,True
24609,1.0,0.0003,0.5,none,True,True
24610,1.0,0.0002,0.5,none,True,True
24611,1.0,0.0002,0.5,none,True,True
24612,1.0,0.0002,0.5,none,True,True
24613,1.0,0.0002,0.5,none,True,True
24614,1.0,0.0002,0.5,none,True,True
24615,1.0,0.0002,0.5,none,True,True
24616,1.0,0.0002,0.5,none,True,True
24617,1.0,0.0002,0.5,none,True,True
24618,1.0,0.0002,0.5,none,True,True
24619,1.0,0.0001,0.5,none,True,True
24620,1.0,0.0001,0.5,none,True,True
24621,1.0,0.0001,0.5,none,True,True
24622,1.0,0.0001,0.5,none,True,True
24623,1.0,0.0001,0.5,none,True,True
24624,1.0,0.0001,0.5,none,True,True
24625,1.0,0.0001,0.5,none,True,True
24626,1.0,0.0001,0.5,none,True,True
24627,1.0,0.0001,0.5,none,True,True
24628,1.0,0.0001,0.5,none,True,True
24629,1.0,0.0001,0.5,none,True,True
24630,1.0,0.0001,0.5,none,True,True
24631,1.0,0.0001,0.5,none,True,True
24632,1.0,0.0001,0.5,none,True,True
24633,1.0,0.0001,0.5,none,True,True
24634,1.0,0.0001,0.5,none,True,True
24635,1.0,0.0001,0.5,none,True,True
24636,1.0,0.0001,0.5,none,True,True
24637,1.0,0.0,0.5,none,True,True
24638,1.0,0.0,0.5,none,True,True
24639,1.0,0.0,0.5,none,True,True
24640,1.0,0.0,0.5,none,True,True
24641,1.0,0.0,0.5,none,True,True
24642,1.0,0.0,0.5,none,True,True
24643,1.0,0.0,0.5,none,True,True
24644,1.0,0.0,0.5,none,True,True
24645,1.0,0.0,0.5,none,True,True
24646,1.0,0.0,0.5,none,True,True
24647,1.0,0.0,0.5,none,True,True
24648,1.0,0.0,0.5,none,True,True
24649,1.0,0.0,0.5,none,True,True
24650,1.0,0.0,0.5,none,True,True
24651,1.0,0.0,0.5,none,True,True
24652,1.0,0.0,0.5,none,True,True
24653,1.0,0.0,0.5,none,True,True
24654,1.0,0.0,0.5,none,True,True
24655,1.0,0.0,0.5,none,True,True
24656,1.0,0.0,0.5,none,True,True
24657,1.0,0.0,0.5,none,True,True
24658,1.0,0.0,0.5,none,True,True
24659,1.0,0.0,0.5,none,True,True
24660,1.0,0.0,0.5,none,True,True
24661,1.0,0.0,0.5,none,True,True
24662,1.0,0.0,0.5,none,True,True
24663,1.0,0.0,0.5,none,True,True
24664,1.0,0.0,0.5,none,True,True
24665,1.0,0.0,0.5,none,True,True
24666,1.0,0.0,0.5,none,True,True
24667,1.0,0.0,0.5,none,True,True
24668,1.0,0.0,0.5,none,True,True
24669,1.0,0.0,0.5,none,True,True
24670,1.0,0.0,0.5,none,True,True
24671,1.0,0.0,0.5,none,True,True
24672,1.0,0.0,0.5,none,True,True
24673,1.0,0.0,0.5,none,True,True
24674,1.0,0.0,0.5,none,True,True
24675,1.0,0.0,0.5,none,True,True
24676,1.0,0.0,0.5,none,True,True
24677,1.0,0.0,0.5,none,True,True
24678,1.0,0.0,0.5,none,True,True
24679,1.0,0.0,0.5,none,True,True
24680,1.0,0.0,0.5,none,True,True
24681,1.0,0.0,0.5,none,True,True
24682,1.0,0.0,0.5,none,True,True
24683,1.0,0.0,0.5,none,True,True
24684,1.0,0.0,0.5,none,True,True
24685,1.0,0.0,0.5,none,True,True
24686,1.0,0.0,0.5,none,True,True
24687,1.0,0.0,0.5,none,True,True
24688,1.0,0.0,0.5,none,True,True
24689,1.0,0.0,0.5,none,True,True
24690,1.0,0.0,0.5,none,True,True
24691,1.0,0.0,0.5,none,True,True
24692,1.0,0.0,0.5,none,True,True
24693,1.0,0.0,0.5,none,True,True
24694,1.0,0.0,0.5,none,True,True
24695,1.0,0.0,0.5,none,True,True
24696,1.0,0.0,0.5,none,True,True
24697,1.0,0.0,0.5,none,True,True
24698,1.0,0.0,0.5,none,True,True
24699,1.0,0.0,0.5,none,True,True
24700,1.0,0.0,0.5,none,True,True
24701,1.0,0.0,0.5,none,True,True
24702,1.0,0.0,0.5,none,True,True
24703,1.0,0.0,0.5,none,True,True
24704,1.0,0.0,0.5,none,True,True
24705,1.0,0.0,0.5,none,True,True
24706,1.0,0.0,0.5,none,True,True
24707,1.0,0.0,0.5,none,True,True
24708,1.0,0.0,0.5,none,True,True
24709,1.0,0.0,0.5,none,True,True
24710,1.0,0.0,0.5,none,True,True
24711,1.0,0.0,0.5,none,True,True
24712,1.0,0.0,0.5,none,True,True
24713,1.0,0.0,0.5,none,True,True
24714,1.0,0.0,0.5,none,True,True
24715,1.0,0.0,0.5,none,True,True
24716,1.0,0.0,0.5,none,True,True
24717,1.0,0.0,0.5,none,True,True
24718,1.0,0.0,0.5,none,True,True
24719,1.0,0.0,0.5,none,True,True
24720,1.0,0.0,0.5,none,True,True
24721,1.0,0.0,0.5,none,True,True
24722,1.0,0.0,0.5,none,True,True
24723,1.0,0.0,0.5,none,True,True
24724,1.0,0.0,0.5,none,True,True
24725,1.0,0.0,0.5,none,True,True
24726,1.0,0.0,0.5,none,True,True
24727,1.0,0.0,0.5,none,True,True
24728,1.0,0.0,0.5,none,True,True
24729,1.0,0.0,0.5,none,True,True
24730,1.0,0.0,0.5,none,True,True
24731,1.0,0.0,0.5,none,True,True
24732,1.0,0.0,0.5,none,True,True
24733,1.0,0.0,0.5,none,True,True
24734,1.0,0.0,0.5,none,True,True
24735,1.0,0.0,0.5,none,True,True
24736,1.0,0.0,0.5,none,True,True
24737,1.0,0.0,0.5,none,True,True
24738,1.0,0.0,0.5,none,True,True
24739,1.0,0.0,0.5,none,True,True
24740,1.0,0.0,0.5,none,True,True
24741,1.0,0.0,0.5,none,True,True
24742,1.0,0.0,0.5,none,True,True
24743,1.0,0.0,0.5,none,True,True
24744,1.0,0.0,0.5,none,True,True
24745,1.0,0.0,0.5,none,True,True
24746,1.0,0.0,0.5,none,True,True
24747,1.0,0.0,0.5,none,True,True
24748,1.0,0.0,0.5,none,True,True
24749,1.0,0.0,0.5,none,True,True
24750,1.0,0.0,0.5,none,True,True
24751,1.0,0.0,0.5,none,True,True
24752,1.0,0.0,0.5,none,True,True
24753,1.0,0.0,0.5,none,True,True
24754,1.0,0.0,0.5,none,True,True
24755,1.0,0.0,0.5,none,True,True
24756,1.0,0.0,0.5,none,True,True
24757,1.0,0.0,0.5,none,True,True
24758,1.0,0.0,0.5,none,True,True
24759,1.0,0.0,0.5,none,True,True
24760,1.0,0.0,0.5,none,True,True
24761,1.0,0.0,0.5,none,True,True
24762,1.0,0.0,0.5,none,True,True
24763,1.0,0.0,0.5,none,True,True
24764,1.0,0.0,0.5,none,True,True
24765,1.0,0.0,0.5,none,True,True
24766,1.0,0.0,0.5,none,True,True
24767,1.0,0.0,0.5,none,True,True
24768,1.0,0.0,0.5,none,True,True
24769,1.0,0.0,0.5,none,True,True
24770,1.0,0.0,0.5,none,True,True
24771,1.0,0.0,0.5,none,True,True
24772,1.0,0.0,0.5,none,True,True
24773,1.0,0.0,0.5,none,True,True
24774,1.0,0.0,0.5,none,True,True
24775,1.0,0.0,0.5,none,True,True
24776,1.0,0.0,0.5,none,True,True
24777,1.0,0.0,0.5,none,True,True
24778,1.0,0.0,0.5,none,True,True
24779,1.0,0.0,0.5,none,True,True
24780,1.0,0.0,0.5,none,True,True
24781,1.0,0.0,0.5,none,True,True
24782,1.0,0.0,0.5,none,True,True
24783,1.0,0.0,0.5,none,True,True
24784,1.0,0.0,0.5,none,True,True
24785,1.0,0.0,0.5,none,True,True
24786,1.0,0.0,0.5,none,True,True
24787,1.0,0.0,0.5,none,True,True
24788,1.0,0.0,0.5,none,True,True
24789,1.0,0.0,0.5,none,True,True
24790,1.0,0.0,0.5,none,True,True
24791,1.0,0.0,0.5,none,True,True
24792,1.0,0.0,0.5,none,True,True
24793,1.0,0.0,0.5,none,True,True
24794,1.0,0.0,0.5,none,True,True
24795,1.0,0.0,0.5,none,True,True
24796,1.0,0.0,0.5,none,True,True
24797,1.0,0.0,0.5,none,True,True
24798,1.0,0.0,0.5,none,True,True
24799,1.0,0.0,0.5,none,True,True
24800,1.0,0.0,0.5,none,True,True
24801,1.0,0.0,0.5,none,True,True
24802,1.0,0.0,0.5,none,True,True
24803,1.0,0.0,0.5,none,True,True
24804,1.0,0.0,0.5,none,True,True
24805,1.0,0.0,0.5,none,True,True
24806,1.0,0.0,0.5,none,True,True
24807,1.0,0.0,0.5,none,True,True
24808,1.0,0.0,0.5,none,True,True
24809,1.0,0.0,0.5,none,True,True
24810,1.0,0.0,0.5,none,True,True
24811,1.0,0.0,0.5,none,True,True
24812,1.0,0.0,0.5,none,True,True
24813,1.0,0.0,0.5,none,True,True
24814,1.0,0.0,0.5,none,True,True
24815,1.0,0.0,0.5,none,True,True
24816,1.0,0.0,0.5,none,True,True
24817,1.0,0.0,0.5,none,True,True
24818,1.0,0.0,0.5,none,True,True
24819,1.0,0.0,0.5,none,True,True
24820,1.0,0.0,0.5,none,True,True
24821,1.0,0.0,0.5,none,True,True
24822,1.0,0.0,0.5,none,True,True
24823,1.0,0.0,0.5,none,True,True
24824,1.0,0.0,0.5,none,True,True
24825,1.0,0.0,0.5,none,True,True
24826,1.0,0.0,0.5,none,True,True
24827,1.0,0.0,0.5,none,True,True
24828,1.0,0.0,0.5,none,True,True
24829,1.0,0.0,0.5,none,True,True
24830,1.0,0.0,0.5,none,True,True
24831,1.0,0.0,0.5,none,True,True
24832,1.0,0.0,0.5,none,True,True
24833,1.0,0.0,0.5,none,True,True
24834,1.0,0.0,0.5,none,True,True
24835,1.0,0.0,0.5,none,True,True
24836,1.0,0.0,0.5,none,True,True
24837,1.0,0.0,0.5,none,True,True
24838,1.0,0.0,0.5,none,True,True
24839,1.0,0.0,0.5,none,True,True
24840,1.0,0.0,0.5,none,True,True
24841,1.0,0.0,0.5,none,True,True
24842,1.0,0.0,0.5,none,True,True
24843,1.0,0.0,0.5,none,True,True
24844,1.0,0.0,0.5,none,True,True
24845,1.0,0.0,0.5,none,True,True
24846,1.0,0.0,0.5,none,True,True
24847,1.0,0.0,0.5,none,True,True
24848,1.0,0.0,0.5,none,True,True
24849,1.0,0.0,0.5,none,True,True
24850,1.0,0.0,0.5,none,True,True
24851,1.0,0.0,0.5,none,True,True
24852,1.0,0.0,0.5,none,True,True
24853,1.0,0.0,0.5,none,True,True
24854,1.0,0.0,0.5,none,True,True
24855,1.0,0.0,0.5,none,True,True
24856,1.0,0.0,0.5,none,True,True
24857,1.0,0.0,0.5,none,True,True
24858,1.0,0.0,0.5,none,True,True
24859,1.0,0.0,0.5,none,True,True
24860,1.0,0.0,0.5,none,True,True
24861,1.0,0.0,0.5,none,True,True
24862,1.0,0.0,0.5,none,True,True
24863,1.0,0.0,0.5,none,True,True
24864,1.0,0.0,0.5,none,True,True
24865,1.0,0.0,0.5,none,True,True
24866,1.0,0.0,0.5,none,True,True
24867,1.0,0.0,0.5,none,True,True
24868,1.0,0.0,0.5,none,True,True
24869,1.0,0.0,0.5,none,True,True
24870,1.0,0.0,0.5,none,True,True
24871,1.0,0.0,0.5,none,True,True
24872,1.0,0.0,0.5,none,True,True
24873,1.0,0.0,0.5,none,True,True
24874,1.0,0.0,0.5,none,True,True
24875,1.0,0.0,0.5,none,True,True
24876,1.0,0.0,0.5,none,True,True
24877,1.0,0.0,0.5,none,True,True
24878,1.0,0.0,0.5,none,True,True
24879,1.0,0.0,0.5,none,True,True
24880,1.0,0.0,0.5,none,True,True
24881,1.0,0.0,0.5,none,True,True
24882,1.0,0.0,0.5,none,True,True
24883,1.0,0.0,0.5,none,True,True
24884,1.0,0.0,0.5,none,True,True
24885,1.0,0.0,0.5,none,True,True
24886,1.0,0.0,0.5,none,True,True
24887,1.0,0.0,0.5,none,True,True
24888,1.0,0.0,0.5,none,True,True
24889,1.0,0.0,0.5,none,True,True
24890,1.0,0.0,0.5,none,True,True
24891,1.0,0.0,0.5,none,True,True
24892,1.0,0.0,0.5,none,True,True
24893,1.0,0.0,0.5,none,True,True
24894,1.0,0.0,0.5,none,True,True
24895,1.0,0.0,0.5,none,True,True
24896,1.0,0.0,0.5,none,True,True
24897,1.0,0.0,0.5,none,True,True
24898,1.0,0.0,0.5,none,True,True
24899,1.0,0.0,0.5,none,True,True
24900,1.0,0.0,0.5,none,True,True
24901,1.0,0.0,0.5,none,True,True
24902,1.0,0.0,0.5,none,True,True
24903,1.0,0.0,0.5,none,True,True
24904,1.0,0.0,0.5,none,True,True
24905,1.0,0.0,0.5,none,True,True
24906,1.0,0.0,0.5,none,True,True
24907,1.0,0.0,0.5,none,True,True
24908,1.0,0.0,0.5,none,True,True
24909,1.0,0.0,0.5,none,True,True
24910,1.0,0.0,0.5,none,True,True
24911,1.0,0.0,0.5,none,True,True
24912,1.0,0.0,0.5,none,True,True
24913,1.0,0.0,0.5,none,True,True
24914,1.0,0.0,0.5,none,True,True
24915,1.0,0.0,0.5,none,True,True
24916,1.0,0.0,0.5,none,True,True
24917,1.0,0.0,0.5,none,True,True
24918,1.0,0.0,0.5,none,True,True
24919,1.0,0.0,0.5,none,True,True
24920,1.0,0.0,0.5,none,True,True
24921,1.0,0.0,0.5,none,True,True
24922,1.0,0.0,0.5,none,True,True
24923,1.0,0.0,0.5,none,True,True
24924,1.0,0.0,0.5,none,True,True
24925,1.0,0.0,0.5,none,True,True
24926,1.0,0.0,0.5,none,True,True
24927,1.0,0.0,0.5,none,True,True
24928,1.0,0.0,0.5,none,True,True
24929,1.0,0.0,0.5,none,True,True
24930,1.0,0.0,0.5,none,True,True
24931,1.0,0.0,0.5,none,True,True
24932,1.0,0.0,0.5,none,True,True
24933,1.0,0.0,0.5,none,True,True
24934,1.0,0.0,0.5,none,True,True
24935,1.0,0.0,0.5,none,True,True
24936,1.0,0.0,0.5,none,True,True
24937,1.0,0.0,0.5,none,True,True
24938,1.0,0.0,0.5,none,True,True
24939,1.0,0.0,0.5,none,True,True
24940,1.0,0.0,0.5,none,True,True
24941,1.0,0.0,0.5,none,True,True
24942,1.0,0.0,0.5,none,True,True
24943,1.0,0.0,0.5,none,True,True
24944,1.0,0.0,0.5,none,True,True
24945,1.0,0.0,0.5,none,True,True
24946,1.0,0.0,0.5,none,True,True
24947,1.0,0.0,0.5,none,True,True
24948,1.0,0.0,0.5,none,True,True
24949,1.0,0.0,0.5,none,True,True
24950,1.0,0.0,0.5,none,True,True
24951,1.0,0.0,0.5,none,True,True
24952,1.0,0.0,0.5,none,True,True
24953,1.0,0.0,0.5,none,True,True
24954,1.0,0.0,0.5,none,True,True
24955,1.0,0.0,0.5,none,True,True
24956,1.0,0.0,0.5,none,True,True
24957,1.0,0.0,0.5,none,True,True
24958,1.0,0.0,0.5,none,True,True
24959,1.0,0.0,0.5,none,True,True
24960,1.0,0.0,0.5,none,True,True
24961,1.0,0.0,0.5,none,True,True
24962,1.0,0.0,0.5,none,True,True
24963,1.0,0.0,0.5,none,True,True
24964,1.0,0.0,0.5,none,True,True
24965,1.0,0.0,0.5,none,True,True
24966,1.0,0.0,0.5,none,True,True
24967,1.0,0.0,0.5,none,True,True
24968,1.0,0.0,0.5,none,True,True
24969,1.0,0.0,0.5,none,True,True
24970,1.0,0.0,0.5,none,True,True
24971,1.0,0.0,0.5,none,True,True
24972,1.0,0.0,0.5,none,True,True
24973,1.0,0.0,0.5,none,True,True
24974,1.0,0.0,0.5,none,True,True
24975,1.0,0.0,0.5,none,True,True
24976,1.0,0.0,0.5,none,True,True
24977,1.0,0.0,0.5,none,True,True
24978,1.0,0.0,0.5,none,True,True
24979,1.0,0.0,0.5,none,True,True
24980,1.0,0.0,0.5,none,True,True
24981,1.0,0.0,0.5,none,True,True
24982,1.0,0.0,0.5,none,True,True
24983,1.0,0.0,0.5,none,True,True
24984,1.0,0.0,0.5,none,True,True
24985,1.0,0.0,0.5,none,True,True
24986,1.0,0.0,0.5,none,True,True
24987,1.0,0.0,0.5,none,True,True
24988,1.0,0.0,0.5,none,True,True
24989,1.0,0.0,0.5,none,True,True
24990,1.0,0.0,0.5,none,True,True
24991,1.0,0.0,0.5,none,True,True
24992,1.0,0.0,0.5,none,True,True
24993,1.0,0.0,0.5,none,True,True
24994,1.0,0.0,0.5,none,True,True
24995,1.0,0.0,0.5,none,True,True
24996,1.0,0.0,0.5,none,True,True
24997,1.0,0.0,0.5,none,True,True
24998,1.0,0.0,0.5,none,True,True
24999,1.0,0.0,0.5,none,True,True
25000,1.0,0.0,0.5,none,True,True
25001,1.0,0.0,0.5,none,True,True
25002,1.0,0.0,0.5,none,True,True
25003,1.0,0.0,0.5,none,True,True
25004,1.0,0.0,0.5,none,True,True
25005,1.0,0.0,0.5,none,True,True
25006,1.0,0.0,0.5,none,True,True
25007,1.0,0.0,0.5,none,True,True
25008,1.0,0.0,0.5,none,True,True
25009,1.0,0.0,0.5,none,True,True
25010,1.0,0.0,0.5,none,True,True
25011,1.0,0.0,0.5,none,True,True
25012,1.0,0.0,0.5,none,True,True
25013,1.0,0.0,0.5,none,True,True
25014,1.0,0.0,0.5,none,True,True
25015,1.0,0.0,0.5,none,True,True
25016,1.0,0.0,0.5,none,True,True
25017,1.0,0.0,0.5,none,True,True
25018,1.0,0.0,0.5,none,True,True
25019,1.0,0.0,0.5,none,True,True
25020,1.0,0.0,0.5,none,True,True
25021,1.0,0.0,0.5,none,True,True
25022,1.0,0.0,0.5,none,True,True
25023,1.0,0.0,0.5,none,True,True
25024,1.0,0.0,0.5,none,True,True
25025,1.0,0.0,0.5,none,True,True
25026,1.0,0.0,0.5,none,True,True
25027,1.0,0.0,0.5,none,True,True
25028,1.0,0.0,0.5,none,True,True
25029,1.0,0.0,0.5,none,True,True
25030,1.0,0.0,0.5,none,True,True
25031,1.0,0.0,0.5,none,True,True
25032,1.0,0.0,0.5,none,True,True
25033,1.0,0.0,0.5,none,True,True
25034,1.0,0.0,0.5,none,True,True
25035,1.0,0.0,0.5,none,True,True
25036,1.0,0.0,0.5,none,True,True
25037,1.0,0.0,0.5,none,True,True
25038,1.0,0.0,0.5,none,True,True
25039,1.0,0.0,0.5,none,True,True
25040,1.0,0.0,0.5,none,True,True
25041,1.0,0.0,0.5,none,True,True
25042,1.0,0.0,0.5,none,True,True
25043,1.0,0.0,0.5,none,True,True
25044,1.0,0.0,0.5,none,True,True
25045,1.0,0.0,0.5,none,True,True
25046,1.0,0.0,0.5,none,True,True
25047,1.0,0.0,0.5,none,True,True
25048,1.0,0.0,0.5,none,True,True
25049,1.0,0.0,0.5,none,True,True
25050,1.0,0.0,0.5,none,True,True
25051,1.0,0.0,0.5,none,True,True
25052,1.0,0.0,0.5,none,True,True
25053,1.0,0.0,0.5,none,True,True
25054,1.0,0.0,0.5,none,True,True
25055,1.0,0.0,0.5,none,True,True
25056,1.0,0.0,0.5,none,True,True
25057,1.0,0.0,0.5,none,True,True
25058,1.0,0.0,0.5,none,True,True
25059,1.0,0.0,0.5,none,True,True
25060,1.0,0.0,0.5,none,True,True
25061,1.0,0.0,0.5,none,True,True
25062,1.0,0.0,0.5,none,True,True
25063,1.0,0.0,0.5,none,True,True
25064,1.0,0.0,0.5,none,True,True
25065,1.0,0.0,0.5,none,True,True
25066,1.0,0.0,0.5,none,True,True
25067,1.0,0.0,0.5,none,True,True
25068,1.0,0.0,0.5,none,True,True
25069,1.0,0.0,0.5,none,True,True
25070,1.0,0.0,0.5,none,True,True
25071,1.0,0.0,0.5,none,True,True
25072,1.0,0.0,0.5,none,True,True
25073,1.0,0.0,0.5,none,True,True
25074,1.0,0.0,0.5,none,True,True
25075,1.0,0.0,0.5,none,True,True
25076,1.0,0.0,0.5,none,True,True
25077,1.0,0.0,0.5,none,True,True
25078,1.0,0.0,0.5,none,True,True
25079,1.0,0.0,0.5,none,True,True
25080,1.0,0.0,0.5,none,True,True
25081,1.0,0.0,0.5,none,True,True
25082,1.0,0.0,0.5,none,True,True
25083,1.0,0.0,0.5,none,True,True
25084,1.0,0.0,0.5,none,True,True
25085,1.0,0.0,0.5,none,True,True
25086,1.0,0.0,0.5,none,True,True
25087,1.0,0.0,0.5,none,True,True
25088,1.0,0.0,0.5,none,True,True
25089,1.0,0.0,0.5,none,True,True
25090,1.0,0.0,0.5,none,True,True
25091,1.0,0.0,0.5,none,True,True
25092,1.0,0.0,0.5,none,True,True
25093,1.0,0.0,0.5,none,True,True
25094,1.0,0.0,0.5,none,True,True
25095,1.0,0.0,0.5,none,True,True
25096,1.0,0.0,0.5,none,True,True
25097,1.0,0.0,0.5,none,True,True
25098,1.0,0.0,0.5,none,True,True
25099,1.0,0.0,0.5,none,True,True
25100,1.0,0.0,0.5,none,True,True
25101,1.0,0.0,0.5,none,True,True
25102,1.0,0.0,0.5,none,True,True
25103,1.0,0.0,0.5,none,True,True
25104,1.0,0.0,0.5,none,True,True
25105,1.0,0.0,0.5,none,True,True
25106,1.0,0.0,0.5,none,True,True
25107,1.0,0.0,0.5,none,True,True
25108,1.0,0.0,0.5,none,True,True
25109,1.0,0.0,0.5,none,True,True
25110,1.0,0.0,0.5,none,True,True
25111,1.0,0.0,0.5,none,True,True
25112,1.0,0.0,0.5,none,True,True
25113,1.0,0.0,0.5,none,True,True
25114,1.0,0.0,0.5,none,True,True
25115,1.0,0.0,0.5,none,True,True
25116,1.0,0.0,0.5,none,True,True
25117,1.0,0.0,0.5,none,True,True
25118,1.0,0.0,0.5,none,True,True
25119,1.0,0.0,0.5,none,True,True
25120,1.0,0.0,0.5,none,True,True
25121,1.0,0.0,0.5,none,True,True
25122,1.0,0.0,0.5,none,True,True
25123,1.0,0.0,0.5,none,True,True
25124,1.0,0.0,0.5,none,True,True
25125,1.0,0.0,0.5,none,True,True
25126,1.0,0.0,0.5,none,True,True
25127,1.0,0.0,0.5,none,True,True
25128,1.0,0.0,0.5,none,True,True
25129,1.0,0.0,0.5,none,True,True
25130,1.0,0.0,0.5,none,True,True
25131,1.0,0.0,0.5,none,True,True
25132,1.0,0.0,0.5,none,True,True
25133,1.0,0.0,0.5,none,True,True
25134,1.0,0.0,0.5,none,True,True
25135,1.0,0.0,0.5,none,True,True
25136,1.0,0.0,0.5,none,True,True
25137,1.0,0.0,0.5,none,True,True
25138,1.0,0.0,0.5,none,True,True
25139,1.0,0.0,0.5,none,True,True
25140,1.0,0.0,0.5,none,True,True
25141,1.0,0.0,0.5,none,True,True
25142,1.0,0.0,0.5,none,True,True
25143,1.0,0.0,0.5,none,True,True
25144,1.0,0.0,0.5,none,True,True
25145,1.0,0.0,0.5,none,True,True
25146,1.0,0.0,0.5,none,True,True
25147,1.0,0.0,0.5,none,True,True
25148,1.0,0.0,0.5,none,True,True
25149,1.0,0.0,0.5,none,True,True
25150,1.0,0.0,0.5,none,True,True
25151,1.0,0.0,0.5,none,True,True
25152,1.0,0.0,0.5,none,True,True
25153,1.0,0.0,0.5,none,True,True
25154,1.0,0.0,0.5,none,True,True
25155,1.0,0.0,0.5,none,True,True
25156,1.0,0.0,0.5,none,True,True
25157,1.0,0.0,0.5,none,True,True
25158,1.0,0.0,0.5,none,True,True
25159,1.0,0.0,0.5,none,True,True
25160,1.0,0.0,0.5,none,True,True
25161,1.0,0.0,0.5,none,True,True
25162,1.0,0.0,0.5,none,True,True
25163,1.0,0.0,0.5,none,True,True
25164,1.0,0.0,0.5,none,True,True
25165,1.0,0.0,0.5,none,True,True
25166,1.0,0.0,0.5,none,True,True
25167,1.0,0.0,0.5,none,True,True
25168,1.0,0.0,0.5,none,True,True
25169,1.0,0.0,0.5,none,True,True
25170,1.0,0.0,0.5,none,True,True
25171,1.0,0.0,0.5,none,True,True
25172,1.0,0.0,0.5,none,True,True
25173,1.0,0.0,0.5,none,True,True
25174,1.0,0.0,0.5,none,True,True
25175,1.0,0.0,0.5,none,True,True
25176,1.0,0.0,0.5,none,True,True
25177,1.0,0.0,0.5,none,True,True
25178,1.0,0.0,0.5,none,True,True
25179,1.0,0.0,0.5,none,True,True
25180,1.0,0.0,0.5,none,True,True
25181,1.0,0.0,0.5,none,True,True
25182,1.0,0.0,0.5,none,True,True
25183,1.0,0.0,0.5,none,True,True
25184,1.0,0.0,0.5,none,True,True
25185,1.0,0.0,0.5,none,True,True
25186,1.0,0.0,0.5,none,True,True
25187,1.0,0.0,0.5,none,True,True
25188,1.0,0.0,0.5,none,True,True
25189,1.0,0.0,0.5,none,True,True
25190,1.0,0.0,0.5,none,True,True
25191,1.0,0.0,0.5,none,True,True
25192,1.0,0.0,0.5,none,True,True
25193,1.0,0.0,0.5,none,True,True
25194,1.0,0.0,0.5,none,True,True
25195,1.0,0.0,0.5,none,True,True
25196,1.0,0.0,0.5,none,True,True
25197,1.0,0.0,0.5,none,True,True
25198,1.0,0.0,0.5,none,True,True
25199,1.0,0.0,0.5,none,True,True
25200,1.0,0.0061,0.5,none,True,True
25201,1.0,0.0357,0.5,none,True,True
25202,1.0,0.0812,0.5,none,True,True
25203,1.0,0.1113,0.5,none,True,True
25204,1.0,0.1253,0.5,none,True,True
25205,1.0,0.1408,0.5,none,True,True
25206,1.0,0.0907,0.5,none,True,True
25207,1.0,0.1198,0.5,none,True,True
25208,1.0,0.0467,0.5,none,True,True
25209,1.0,0.0522,0.5,none,True,True
25210,1.0,0.0405,0.5,none,True,True
25211,1.0,0.0313,0.5,none,True,True
25212,1.0,0.0083,0.5,none,True,True
25213,1.0,0.0726,0.5,none,True,True
25214,1.0,0.0793,0.5,none,True,True
25215,1.0,0.0581,0.5,none,True,True
25216,1.0,0.0955,0.5,none,True,True
25217,1.0,0.0839,0.5,none,True,True
25218,1.0,0.0648,0.5,none,True,True
25219,1.0,0.0718,0.5,none,True,True
25220,1.0,0.0589,0.5,none,True,True
25221,1.0,0.0403,0.5,none,True,True
25222,1.0,0.0327,0.5,none,True,True
25223,1.0,0.0277,0.5,none,True,True
25224,1.0,0.017,0.5,none,True,True
25225,1.0,0.0102,0.5,none,True,True
25226,1.0,0.0099,0.5,none,True,True
25227,1.0,0.008,0.5,none,True,True
25228,1.0,0.005,0.5,none,True,True
25229,1.0,0.0063,0.5,none,True,True
25230,1.0,0.009,0.5,none,True,True
25231,1.0,0.0096,0.5,none,True,True
25232,1.0,0.0108,0.5,none,True,True
25233,1.0,0.014,0.5,none,True,True
25234,1.0,0.0161,0.5,none,True,True
25235,1.0,0.0167,0.5,none,True,True
25236,1.0,0.0182,0.5,none,True,True
25237,1.0,0.0196,0.5,none,True,True
25238,1.0,0.0197,0.5,none,True,True
25239,1.0,0.0193,0.5,none,True,True
25240,1.0,0.0193,0.5,none,True,True
25241,1.0,0.0187,0.5,none,True,True
25242,1.0,0.0174,0.5,none,True,True
25243,1.0,0.0163,0.5,none,True,True
25244,1.0,0.0152,0.5,none,True,True
25245,1.0,0.0138,0.5,none,True,True
25246,1.0,0.0123,0.5,none,True,True
25247,1.0,0.0111,0.5,none,True,True
25248,1.0,0.01,0.5,none,True,True
25249,1.0,0.0088,0.5,none,True,True
25250,1.0,0.0078,0.5,none,True,True
25251,1.0,0.0071,0.5,none,True,True
25252,1.0,0.0064,0.5,none,True,True
25253,1.0,0.0057,0.5,none,True,True
25254,1.0,0.0053,0.5,none,True,True
25255,1.0,0.005,0.5,none,True,True
25256,1.0,0.0047,0.5,none,True,True
25257,1.0,0.0045,0.5,none,True,True
25258,1.0,0.0044,0.5,none,True,True
25259,1.0,0.0043,0.5,none,True,True
25260,1.0,0.0042,0.5,none,True,True
25261,1.0,0.0041,0.5,none,True,True
25262,1.0,0.004,0.5,none,True,True
25263,1.0,0.0039,0.5,none,True,True
25264,1.0,0.0038,0.5,none,True,True
25265,1.0,0.0037,0.5,none,True,True
25266,1.0,0.0035,0.5,none,True,True
25267,1.0,0.0033,0.5,none,True,True
25268,1.0,0.0032,0.5,none,True,True
25269,1.0,0.003,0.5,none,True,True
25270,1.0,0.0028,0.5,none,True,True
25271,1.0,0.0026,0.5,none,True,True
25272,1.0,0.0024,0.5,none,True,True
25273,1.0,0.0023,0.5,none,True,True
25274,1.0,0.0021,0.5,none,True,True
25275,1.0,0.0019,0.5,none,True,True
25276,1.0,0.0018,0.5,none,True,True
25277,1.0,0.0017,0.5,none,True,True
25278,1.0,0.0015,0.5,none,True,True
25279,1.0,0.0014,0.5,none,True,True
25280,1.0,0.0013,0.5,none,True,True
25281,1.0,0.0013,0.5,none,True,True
25282,1.0,0.0012,0.5,none,True,True
25283,1.0,0.0011,0.5,none,True,True
25284,1.0,0.0011,0.5,none,True,True
25285,1.0,0.001,0.5,none,True,True
25286,1.0,0.001,0.5,none,True,True
25287,1.0,0.0009,0.5,none,True,True
25288,1.0,0.0009,0.5,none,True,True
25289,1.0,0.0008,0.5,none,True,True
25290,1.0,0.0008,0.5,none,True,True
25291,1.0,0.0008,0.5,none,True,True
25292,1.0,0.0007,0.5,none,True,True
25293,1.0,0.0007,0.5,none,True,True
25294,1.0,0.0006,0.5,none,True,True
25295,1.0,0.0006,0.5,none,True,True
25296,1.0,0.0006,0.5,none,True,True
25297,1.0,0.0005,0.5,none,True,True
25298,1.0,0.0005,0.5,none,True,True
25299,1.0,0.0005,0.5,none,True,True
25300,1.0,0.0004,0.5,none,True,True
25301,1.0,0.0004,0.5,none,True,True
25302,1.0,0.0004,0.5,none,True,True
25303,1.0,0.0004,0.5,none,True,True
25304,1.0,0.0003,0.5,none,True,True
25305,1.0,0.0003,0.5,none,True,True
25306,1.0,0.0003,0.5,none,True,True
25307,1.0,0.0003,0.5,none,True,True
25308,1.0,0.0003,0.5,none,True,True
25309,1.0,0.0003,0.5,none,True,True
25310,1.0,0.0002,0.5,none,True,True
25311,1.0,0.0002,0.5,none,True,True
25312,1.0,0.0002,0.5,none,True,True
25313,1.0,0.0002,0.5,none,True,True
25314,1.0,0.0002,0.5,none,True,True
25315,1.0,0.0002,0.5,none,True,True
25316,1.0,0.0002,0.5,none,True,True
25317,1.0,0.0002,0.5,none,True,True
25318,1.0,0.0002,0.5,none,True,True
25319,1.0,0.0001,0.5,none,True,True
25320,1.0,0.0001,0.5,none,True,True
25321,1.0,0.0001,0.5,none,True,True
25322,1.0,0.0001,0.5,none,True,True
25323,1.0,0.0001,0.5,none,True,True
25324,1.0,0.0001,0.5,none,True,True
25325,1.0,0.0001,0.5,none,True,True
25326,1.0,0.0001,0.5,none,True,True
25327,1.0,0.0001,0.5,none,True,True
25328,1.0,0.0001,0.5,none,True,True
25329,1.0,0.0001,0.5,none,True,True
25330,1.0,0.0001,0.5,none,True,True
25331,1.0,0.0001,0.5,none,True,True
25332,1.0,0.0001,0.5,none,True,True
25333,1.0,0.0001,0.5,none,True,True
25334,1.0,0.0001,0.5,none,True,True
25335,1.0,0.0001,0.5,none,True,True
25336,1.0,0.0001,0.5,none,True,True
25337,1.0,0.0,0.5,none,True,True
25338,1.0,0.0,0.5,none,True,True
25339,1.0,0.0,0.5,none,True,True
25340,1.0,0.0,0.5,none,True,True
25341,1.0,0.0,0.5,none,True,True
25342,1.0,0.0,0.5,none,True,True
25343,1.0,0.0,0.5,none,True,True
25344,1.0,0.0,0.5,none,True,True
25345,1.0,0.0,0.5,none,True,True
25346,1.0,0.0,0.5,none,True,True
25347,1.0,0.0,0.5,none,True,True
25348,1.0,0.0,0.5,none,True,True
25349,1.0,0.0,0.5,none,True,True
25350,1.0,0.0,0.5,none,True,True
25351,1.0,0.0,0.5,none,True,True
25352,1.0,0.0,0.5,none,True,True
25353,1.0,0.0,0.5,none,True,True
25354,1.0,0.0,0.5,none,True,True
25355,1.0,0.0,0.5,none,True,True
25356,1.0,0.0,0.5,none,True,True
25357,1.0,0.0,0.5,none,True,True
25358,1.0,0.0,0.5,none,True,True
25359,1.0,0.0,0.5,none,True,True
25360,1.0,0.0,0.5,none,True,True
25361,1.0,0.0,0.5,none,True,True
25362,1.0,0.0,0.5,none,True,True
25363,1.0,0.0,0.5,none,True,True
25364,1.0,0.0,0.5,none,True,True
25365,1.0,0.0,0.5,none,True,True
25366,1.0,0.0,0.5,none,True,True
25367,1.0,0.0,0.5,none,True,True
25368,1.0,0.0,0.5,none,True,True
25369,1.0,0.0,0.5,none,True,True
25370,1.0,0.0,0.5,none,True,True
25371,1.0,0.0,0.5,none,True,True
25372,1.0,0.0,0.5,none,True,True
25373,1.0,0.0,0.5,none,True,True
25374,1.0,0.0,0.5,none,True,True
25375,1.0,0.0,0.5,none,True,True
25376,1.0,0.0,0.5,none,True,True
25377,1.0,0.0,0.5,none,True,True
25378,1.0,0.0,0.5,none,True,True
25379,1.0,0.0,0.5,none,True,True
25380,1.0,0.0,0.5,none,True,True
25381,1.0,0.0,0.5,none,True,True
25382,1.0,0.0,0.5,none,True,True
25383,1.0,0.0,0.5,none,True,True
25384,1.0,0.0,0.5,none,True,True
25385,1.0,0.0,0.5,none,True,True
25386,1.0,0.0,0.5,none,True,True
25387,1.0,0.0,0.5,none,True,True
25388,1.0,0.0,0.5,none,True,True
25389,1.0,0.0,0.5,none,True,True
25390,1.0,0.0,0.5,none,True,True
25391,1.0,0.0,0.5,none,True,True
25392,1.0,0.0,0.5,none,True,True
25393,1.0,0.0,0.5,none,True,True
25394,1.0,0.0,0.5,none,True,True
25395,1.0,0.0,0.5,none,True,True
25396,1.0,0.0,0.5,none,True,True
25397,1.0,0.0,0.5,none,True,True
25398,1.0,0.0,0.5,none,True,True
25399,1.0,0.0,0.5,none,True,True
25400,1.0,0.0,0.5,none,True,True
25401,1.0,0.0,0.5,none,True,True
25402,1.0,0.0,0.5,none,True,True
25403,1.0,0.0,0.5,none,True,True
25404,1.0,0.0,0.5,none,True,True
25405,1.0,0.0,0.5,none,True,True
25406,1.0,0.0,0.5,none,True,True
25407,1.0,0.0,0.5,none,True,True
25408,1.0,0.0,0.5,none,True,True
25409,1.0,0.0,0.5,none,True,True
25410,1.0,0.0,0.5,none,True,True
25411,1.0,0.0,0.5,none,True,True
25412,1.0,0.0,0.5,none,True,True
25413,1.0,0.0,0.5,none,True,True
25414,1.0,0.0,0.5,none,True,True
25415,1.0,0.0,0.5,none,True,True
25416,1.0,0.0,0.5,none,True,True
25417,1.0,0.0,0.5,none,True,True
25418,1.0,0.0,0.5,none,True,True
25419,1.0,0.0,0.5,none,True,True
25420,1.0,0.0,0.5,none,True,True
25421,1.0,0.0,0.5,none,True,True
25422,1.0,0.0,0.5,none,True,True
25423,1.0,0.0,0.5,none,True,True
25424,1.0,0.0,0.5,none,True,True
25425,1.0,0.0,0.5,none,True,True
25426,1.0,0.0,0.5,none,True,True
25427,1.0,0.0,0.5,none,True,True
25428,1.0,0.0,0.5,none,True,True
25429,1.0,0.0,0.5,none,True,True
25430,1.0,0.0,0.5,none,True,True
25431,1.0,0.0,0.5,none,True,True
25432,1.0,0.0,0.5,none,True,True
25433,1.0,0.0,0.5,none,True,True
25434,1.0,0.0,0.5,none,True,True
25435,1.0,0.0,0.5,none,True,True
25436,1.0,0.0,0.5,none,True,True
25437,1.0,0.0,0.5,none,True,True
25438,1.0,0.0,0.5,none,True,True
25439,1.0,0.0,0.5,none,True,True
25440,1.0,0.0,0.5,none,True,True
25441,1.0,0.0,0.5,none,True,True
25442,1.0,0.0,0.5,none,True,True
25443,1.0,0.0,0.5,none,True,True
25444,1.0,0.0,0.5,none,True,True
25445,1.0,0.0,0.5,none,True,True
25446,1.0,0.0,0.5,none,True,True
25447,1.0,0.0,0.5,none,True,True
25448,1.0,0.0,0.5,none,True,True
25449,1.0,0.0,0.5,none,True,True
25450,1.0,0.0,0.5,none,True,True
25451,1.0,0.0,0.5,none,True,True
25452,1.0,0.0,0.5,none,True,True
25453,1.0,0.0,0.5,none,True,True
25454,1.0,0.0,0.5,none,True,True
25455,1.0,0.0,0.5,none,True,True
25456,1.0,0.0,0.5,none,True,True
25457,1.0,0.0,0.5,none,True,True
25458,1.0,0.0,0.5,none,True,True
25459,1.0,0.0,0.5,none,True,True
25460,1.0,0.0,0.5,none,True,True
25461,1.0,0.0,0.5,none,True,True
25462,1.0,0.0,0.5,none,True,True
25463,1.0,0.0,0.5,none,True,True
25464,1.0,0.0,0.5,none,True,True
25465,1.0,0.0,0.5,none,True,True
25466,1.0,0.0,0.5,none,True,True
25467,1.0,0.0,0.5,none,True,True
25468,1.0,0.0,0.5,none,True,True
25469,1.0,0.0,0.5,none,True,True
25470,1.0,0.0,0.5,none,True,True
25471,1.0,0.0,0.5,none,True,True
25472,1.0,0.0,0.5,none,True,True
25473,1.0,0.0,0.5,none,True,True
25474,1.0,0.0,0.5,none,True,True
25475,1.0,0.0,0.5,none,True,True
25476,1.0,0.0,0.5,none,True,True
25477,1.0,0.0,0.5,none,True,True
25478,1.0,0.0,0.5,none,True,True
25479,1.0,0.0,0.5,none,True,True
25480,1.0,0.0,0.5,none,True,True
25481,1.0,0.0,0.5,none,True,True
25482,1.0,0.0,0.5,none,True,True
25483,1.0,0.0,0.5,none,True,True
25484,1.0,0.0,0.5,none,True,True
25485,1.0,0.0,0.5,none,True,True
25486,1.0,0.0,0.5,none,True,True
25487,1.0,0.0,0.5,none,True,True
25488,1.0,0.0,0.5,none,True,True
25489,1.0,0.0,0.5,none,True,True
25490,1.0,0.0,0.5,none,True,True
25491,1.0,0.0,0.5,none,True,True
25492,1.0,0.0,0.5,none,True,True
25493,1.0,0.0,0.5,none,True,True
25494,1.0,0.0,0.5,none,True,True
25495,1.0,0.0,0.5,none,True,True
25496,1.0,0.0,0.5,none,True,True
25497,1.0,0.0,0.5,none,True,True
25498,1.0,0.0,0.5,none,True,True
25499,1.0,0.0,0.5,none,True,True
25500,1.0,0.0,0.5,none,True,True
25501,1.0,0.0,0.5,none,True,True
25502,1.0,0.0,0.5,none,True,True
25503,1.0,0.0,0.5,none,True,True
25504,1.0,0.0,0.5,none,True,True
25505,1.0,0.0,0.5,none,True,True
25506,1.0,0.0,0.5,none,True,True
25507,1.0,0.0,0.5,none,True,True
25508,1.0,0.0,0.5,none,True,True
25509,1.0,0.0,0.5,none,True,True
25510,1.0,0.0,0.5,none,True,True
25511,1.0,0.0,0.5,none,True,True
25512,1.0,0.0,0.5,none,True,True
25513,1.0,0.0,0.5,none,True,True
25514,1.0,0.0,0.5,none,True,True
25515,1.0,0.0,0.5,none,True,True
25516,1.0,0.0,0.5,none,True,True
25517,1.0,0.0,0.5,none,True,True
25518,1.0,0.0,0.5,none,True,True
25519,1.0,0.0,0.5,none,True,True
25520,1.0,0.0,0.5,none,True,True
25521,1.0,0.0,0.5,none,True,True
25522,1.0,0.0,0.5,none,True,True
25523,1.0,0.0,0.5,none,True,True
25524,1.0,0.0,0.5,none,True,True
25525,1.0,0.0,0.5,none,True,True
25526,1.0,0.0,0.5,none,True,True
25527,1.0,0.0,0.5,none,True,True
25528,1.0,0.0,0.5,none,True,True
25529,1.0,0.0,0.5,none,True,True
25530,1.0,0.0,0.5,none,True,True
25531,1.0,0.0,0.5,none,True,True
25532,1.0,0.0,0.5,none,True,True
25533,1.0,0.0,0.5,none,True,True
25534,1.0,0.0,0.5,none,True,True
25535,1.0,0.0,0.5,none,True,True
25536,1.0,0.0,0.5,none,True,True
25537,1.0,0.0,0.5,none,True,True
25538,1.0,0.0,0.5,none,True,True
25539,1.0,0.0,0.5,none,True,True
25540,1.0,0.0,0.5,none,True,True
25541,1.0,0.0,0.5,none,True,True
25542,1.0,0.0,0.5,none,True,True
25543,1.0,0.0,0.5,none,True,True
25544,1.0,0.0,0.5,none,True,True
25545,1.0,0.0,0.5,none,True,True
25546,1.0,0.0,0.5,none,True,True
25547,1.0,0.0,0.5,none,True,True
25548,1.0,0.0,0.5,none,True,True
25549,1.0,0.0,0.5,none,True,True
25550,1.0,0.0,0.5,none,True,True
25551,1.0,0.0,0.5,none,True,True
25552,1.0,0.0,0.5,none,True,True
25553,1.0,0.0,0.5,none,True,True
25554,1.0,0.0,0.5,none,True,True
25555,1.0,0.0,0.5,none,True,True
25556,1.0,0.0,0.5,none,True,True
25557,1.0,0.0,0.5,none,True,True
25558,1.0,0.0,0.5,none,True,True
25559,1.0,0.0,0.5,none,True,True
25560,1.0,0.0,0.5,none,True,True
25561,1.0,0.0,0.5,none,True,True
25562,1.0,0.0,0.5,none,True,True
25563,1.0,0.0,0.5,none,True,True
25564,1.0,0.0,0.5,none,True,True
25565,1.0,0.0,0.5,none,True,True
25566,1.0,0.0,0.5,none,True,True
25567,1.0,0.0,0.5,none,True,True
25568,1.0,0.0,0.5,none,True,True
25569,1.0,0.0,0.5,none,True,True
25570,1.0,0.0,0.5,none,True,True
25571,1.0,0.0,0.5,none,True,True
25572,1.0,0.0,0.5,none,True,True
25573,1.0,0.0,0.5,none,True,True
25574,1.0,0.0,0.5,none,True,True
25575,1.0,0.0,0.5,none,True,True
25576,1.0,0.0,0.5,none,True,True
25577,1.0,0.0,0.5,none,True,True
25578,1.0,0.0,0.5,none,True,True
25579,1.0,0.0,0.5,none,True,True
25580,1.0,0.0,0.5,none,True,True
25581,1.0,0.0,0.5,none,True,True
25582,1.0,0.0,0.5,none,True,True
25583,1.0,0.0,0.5,none,True,True
25584,1.0,0.0,0.5,none,True,True
25585,1.0,0.0,0.5,none,True,True
25586,1.0,0.0,0.5,none,True,True
25587,1.0,0.0,0.5,none,True,True
25588,1.0,0.0,0.5,none,True,True
25589,1.0,0.0,0.5,none,True,True
25590,1.0,0.0,0.5,none,True,True
25591,1.0,0.0,0.5,none,True,True
25592,1.0,0.0,0.5,none,True,True
25593,1.0,0.0,0.5,none,True,True
25594,1.0,0.0,0.5,none,True,True
25595,1.0,0.0,0.5,none,True,True
25596,1.0,0.0,0.5,none,True,True
25597,1.0,0.0,0.5,none,True,True
25598,1.0,0.0,0.5,none,True,True
25599,1.0,0.0,0.5,none,True,True
25600,1.0,0.0,0.5,none,True,True
25601,1.0,0.0,0.5,none,True,True
25602,1.0,0.0,0.5,none,True,True
25603,1.0,0.0,0.5,none,True,True
25604,1.0,0.0,0.5,none,True,True
25605,1.0,0.0,0.5,none,True,True
25606,1.0,0.0,0.5,none,True,True
25607,1.0,0.0,0.5,none,True,True
25608,1.0,0.0,0.5,none,True,True
25609,1.0,0.0,0.5,none,True,True
25610,1.0,0.0,0.5,none,True,True
25611,1.0,0.0,0.5,none,True,True
25612,1.0,0.0,0.5,none,True,True
25613,1.0,0.0,0.5,none,True,True
25614,1.0,0.0,0.5,none,True,True
25615,1.0,0.0,0.5,none,True,True
25616,1.0,0.0,0.5,none,True,True
25617,1.0,0.0,0.5,none,True,True
25618,1.0,0.0,0.5,none,True,True
25619,1.0,0.0,0.5,none,True,True
25620,1.0,0.0,0.5,none,True,True
25621,1.0,0.0,0.5,none,True,True
25622,1.0,0.0,0.5,none,True,True
25623,1.0,0.0,0.5,none,True,True
25624,1.0,0.0,0.5,none,True,True
25625,1.0,0.0,0.5,none,True,True
25626,1.0,0.0,0.5,none,True,True
25627,1.0,0.0,0.5,none,True,True
25628,1.0,0.0,0.5,none,True,True
25629,1.0,0.0,0.5,none,True,True
25630,1.0,0.0,0.5,none,True,True
25631,1.0,0.0,0.5,none,True,True
25632,1.0,0.0,0.5,none,True,True
25633,1.0,0.0,0.5,none,True,True
25634,1.0,0.0,0.5,none,True,True
25635,1.0,0.0,0.5,none,True,True
25636,1.0,0.0,0.5,none,True,True
25637,1.0,0.0,0.5,none,True,True
25638,1.0,0.0,0.5,none,True,True
25639,1.0,0.0,0.5,none,True,True
25640,1.0,0.0,0.5,none,True,True
25641,1.0,0.0,0.5,none,True,True
25642,1.0,0.0,0.5,none,True,True
25643,1.0,0.0,0.5,none,True,True
25644,1.0,0.0,0.5,none,True,True
25645,1.0,0.0,0.5,none,True,True
25646,1.0,0.0,0.5,none,True,True
25647,1.0,0.0,0.5,none,True,True
25648,1.0,0.0,0.5,none,True,True
25649,1.0,0.0,0.5,none,True,True
25650,1.0,0.0,0.5,none,True,True
25651,1.0,0.0,0.5,none,True,True
25652,1.0,0.0,0.5,none,True,True
25653,1.0,0.0,0.5,none,True,True
25654,1.0,0.0,0.5,none,True,True
25655,1.0,0.0,0.5,none,True,True
25656,1.0,0.0,0.5,none,True,True
25657,1.0,0.0,0.5,none,True,True
25658,1.0,0.0,0.5,none,True,True
25659,1.0,0.0,0.5,none,True,True
25660,1.0,0.0,0.5,none,True,True
25661,1.0,0.0,0.5,none,True,True
25662,1.0,0.0,0.5,none,True,True
25663,1.0,0.0,0.5,none,True,True
25664,1.0,0.0,0.5,none,True,True
25665,1.0,0.0,0.5,none,True,True
25666,1.0,0.0,0.5,none,True,True
25667,1.0,0.0,0.5,none,True,True
25668,1.0,0.0,0.5,none,True,True
25669,1.0,0.0,0.5,none,True,True
25670,1.0,0.0,0.5,none,True,True
25671,1.0,0.0,0.5,none,True,True
25672,1.0,0.0,0.5,none,True,True
25673,1.0,0.0,0.5,none,True,True
25674,1.0,0.0,0.5,none,True,True
25675,1.0,0.0,0.5,none,True,True
25676,1.0,0.0,0.5,none,True,True
25677,1.0,0.0,0.5,none,True,True
25678,1.0,0.0,0.5,none,True,True
25679,1.0,0.0,0.5,none,True,True
25680,1.0,0.0,0.5,none,True,True
25681,1.0,0.0,0.5,none,True,True
25682,1.0,0.0,0.5,none,True,True
25683,1.0,0.0,0.5,none,True,True
25684,1.0,0.0,0.5,none,True,True
25685,1.0,0.0,0.5,none,True,True
25686,1.0,0.0,0.5,none,True,True
25687,1.0,0.0,0.5,none,True,True
25688,1.0,0.0,0.5,none,True,True
25689,1.0,0.0,0.5,none,True,True
25690,1.0,0.0,0.5,none,True,True
25691,1.0,0.0,0.5,none,True,True
25692,1.0,0.0,0.5,none,True,True
25693,1.0,0.0,0.5,none,True,True
25694,1.0,0.0,0.5,none,True,True
25695,1.0,0.0,0.5,none,True,True
25696,1.0,0.0,0.5,none,True,True
25697,1.0,0.0,0.5,none,True,True
25698,1.0,0.0,0.5,none,True,True
25699,1.0,0.0,0.5,none,True,True
25700,1.0,0.0,0.5,none,True,True
25701,1.0,0.0,0.5,none,True,True
25702,1.0,0.0,0.5,none,True,True
25703,1.0,0.0,0.5,none,True,True
25704,1.0,0.0,0.5,none,True,True
25705,1.0,0.0,0.5,none,True,True
25706,1.0,0.0,0.5,none,True,True
25707,1.0,0.0,0.5,none,True,True
25708,1.0,0.0,0.5,none,True,True
25709,1.0,0.0,0.5,none,True,True
25710,1.0,0.0,0.5,none,True,True
25711,1.0,0.0,0.5,none,True,True
25712,1.0,0.0,0.5,none,True,True
25713,1.0,0.0,0.5,none,True,True
25714,1.0,0.0,0.5,none,True,True
25715,1.0,0.0,0.5,none,True,True
25716,1.0,0.0,0.5,none,True,True
25717,1.0,0.0,0.5,none,True,True
25718,1.0,0.0,0.5,none,True,True
25719,1.0,0.0,0.5,none,True,True
25720,1.0,0.0,0.5,none,True,True
25721,1.0,0.0,0.5,none,True,True
25722,1.0,0.0,0.5,none,True,True
25723,1.0,0.0,0.5,none,True,True
25724,1.0,0.0,0.5,none,True,True
25725,1.0,0.0,0.5,none,True,True
25726,1.0,0.0,0.5,none,True,True
25727,1.0,0.0,0.5,none,True,True
25728,1.0,0.0,0.5,none,True,True
25729,1.0,0.0,0.5,none,True,True
25730,1.0,0.0,0.5,none,True,True
25731,1.0,0.0,0.5,none,True,True
25732,1.0,0.0,0.5,none,True,True
25733,1.0,0.0,0.5,none,True,True
25734,1.0,0.0,0.5,none,True,True
25735,1.0,0.0,0.5,none,True,True
25736,1.0,0.0,0.5,none,True,True
25737,1.0,0.0,0.5,none,True,True
25738,1.0,0.0,0.5,none,True,True
25739,1.0,0.0,0.5,none,True,True
25740,1.0,0.0,0.5,none,True,True
25741,1.0,0.0,0.5,none,True,True
25742,1.0,0.0,0.5,none,True,True
25743,1.0,0.0,0.5,none,True,True
25744,1.0,0.0,0.5,none,True,True
25745,1.0,0.0,0.5,none,True,True
25746,1.0,0.0,0.5,none,True,True
25747,1.0,0.0,0.5,none,True,True
25748,1.0,0.0,0.5,none,True,True
25749,1.0,0.0,0.5,none,True,True
25750,1.0,0.0,0.5,none,True,True
25751,1.0,0.0,0.5,none,True,True
25752,1.0,0.0,0.5,none,True,True
25753,1.0,0.0,0.5,none,True,True
25754,1.0,0.0,0.5,none,True,True
25755,1.0,0.0,0.5,none,True,True
25756,1.0,0.0,0.5,none,True,True
25757,1.0,0.0,0.5,none,True,True
25758,1.0,0.0,0.5,none,True,True
25759,1.0,0.0,0.5,none,True,True
25760,1.0,0.0,0.5,none,True,True
25761,1.0,0.0,0.5,none,True,True
25762,1.0,0.0,0.5,none,True,True
25763,1.0,0.0,0.5,none,True,True
25764,1.0,0.0,0.5,none,True,True
25765,1.0,0.0,0.5,none,True,True
25766,1.0,0.0,0.5,none,True,True
25767,1.0,0.0,0.5,none,True,True
25768,1.0,0.0,0.5,none,True,True
25769,1.0,0.0,0.5,none,True,True
25770,1.0,0.0,0.5,none,True,True
25771,1.0,0.0,0.5,none,True,True
25772,1.0,0.0,0.5,none,True,True
25773,1.0,0.0,0.5,none,True,True
25774,1.0,0.0,0.5,none,True,True
25775,1.0,0.0,0.5,none,True,True
25776,1.0,0.0,0.5,none,True,True
25777,1.0,0.0,0.5,none,True,True
25778,1.0,0.0,0.5,none,True,True
25779,1.0,0.0,0.5,none,True,True
25780,1.0,0.0,0.5,none,True,True
25781,1.0,0.0,0.5,none,True,True
25782,1.0,0.0,0.5,none,True,True
25783,1.0,0.0,0.5,none,True,True
25784,1.0,0.0,0.5,none,True,True
25785,1.0,0.0,0.5,none,True,True
25786,1.0,0.0,0.5,none,True,True
25787,1.0,0.0,0.5,none,True,True
25788,1.0,0.0,0.5,none,True,True
25789,1.0,0.0,0.5,none,True,True
25790,1.0,0.0,0.5,none,True,True
25791,1.0,0.0,0.5,none,True,True
25792,1.0,0.0,0.5,none,True,True
25793,1.0,0.0,0.5,none,True,True
25794,1.0,0.0,0.5,none,True,True
25795,1.0,0.0,0.5,none,True,True
25796,1.0,0.0,0.5,none,True,True
25797,1.0,0.0,0.5,none,True,True
25798,1.0,0.0,0.5,none,True,True
25799,1.0,0.0,0.5,none,True,True
25800,1.0,0.0,0.5,none,True,True
25801,1.0,0.0,0.5,none,True,True
25802,1.0,0.0,0.5,none,True,True
25803,1.0,0.0,0.5,none,True,True
25804,1.0,0.0,0.5,none,True,True
25805,1.0,0.0,0.5,none,True,True
25806,1.0,0.0,0.5,none,True,True
25807,1.0,0.0,0.5,none,True,True
25808,1.0,0.0,0.5,none,True,True
25809,1.0,0.0,0.5,none,True,True
25810,1.0,0.0,0.5,none,True,True
25811,1.0,0.0,0.5,none,True,True
25812,1.0,0.0,0.5,none,True,True
25813,1.0,0.0,0.5,none,True,True
25814,1.0,0.0,0.5,none,True,True
25815,1.0,0.0,0.5,none,True,True
25816,1.0,0.0,0.5,none,True,True
25817,1.0,0.0,0.5,none,True,True
25818,1.0,0.0,0.5,none,True,True
25819,1.0,0.0,0.5,none,True,True
25820,1.0,0.0,0.5,none,True,True
25821,1.0,0.0,0.5,none,True,True
25822,1.0,0.0,0.5,none,True,True
25823,1.0,0.0,0.5,none,True,True
25824,1.0,0.0,0.5,none,True,True
25825,1.0,0.0,0.5,none,True,True
25826,1.0,0.0,0.5,none,True,True
25827,1.0,0.0,0.5,none,True,True
25828,1.0,0.0,0.5,none,True,True
25829,1.0,0.0,0.5,none,True,True
25830,1.0,0.0,0.5,none,True,True
25831,1.0,0.0,0.5,none,True,True
25832,1.0,0.0,0.5,none,True,True
25833,1.0,0.0,0.5,none,True,True
25834,1.0,0.0,0.5,none,True,True
25835,1.0,0.0,0.5,none,True,True
25836,1.0,0.0,0.5,none,True,True
25837,1.0,0.0,0.5,none,True,True
25838,1.0,0.0,0.5,none,True,True
25839,1.0,0.0,0.5,none,True,True
25840,1.0,0.0,0.5,none,True,True
25841,1.0,0.0,0.5,none,True,True
25842,1.0,0.0,0.5,none,True,True
25843,1.0,0.0,0.5,none,True,True
25844,1.0,0.0,0.5,none,True,True
25845,1.0,0.0,0.5,none,True,True
25846,1.0,0.0,0.5,none,True,True
25847,1.0,0.0,0.5,none,True,True
25848,1.0,0.0,0.5,none,True,True
25849,1.0,0.0,0.5,none,True,True
25850,1.0,0.0,0.5,none,True,True
25851,1.0,0.0,0.5,none,True,True
25852,1.0,0.0,0.5,none,True,True
25853,1.0,0.0,0.5,none,True,True
25854,1.0,0.0,0.5,none,True,True
25855,1.0,0.0,0.5,none,True,True
25856,1.0,0.0,0.5,none,True,True
25857,1.0,0.0,0.5,none,True,True
25858,1.0,0.0,0.5,none,True,True
25859,1.0,0.0,0.5,none,True,True
25860,1.0,0.0,0.5,none,True,True
25861,1.0,0.0,0.5,none,True,True
25862,1.0,0.0,0.5,none,True,True
25863,1.0,0.0,0.5,none,True,True
25864,1.0,0.0,0.5,none,True,True
25865,1.0,0.0,0.5,none,True,True
25866,1.0,0.0,0.5,none,True,True
25867,1.0,0.0,0.5,none,True,True
25868,1.0,0.0,0.5,none,True,True
25869,1.0,0.0,0.5,none,True,True
25870,1.0,0.0,0.5,none,True,True
25871,1.0,0.0,0.5,none,True,True
25872,1.0,0.0,0.5,none,True,True
25873,1.0,0.0,0.5,none,True,True
25874,1.0,0.0,0.5,none,True,True
25875,1.0,0.0,0.5,none,True,True
25876,1.0,0.0,0.5,none,True,True
25877,1.0,0.0,0.5,none,True,True
25878,1.0,0.0,0.5,none,True,True
25879,1.0,0.0,0.5,none,True,True
25880,1.0,0.0,0.5,none,True,True
25881,1.0,0.0,0.5,none,True,True
25882,1.0,0.0,0.5,none,True,True
25883,1.0,0.0,0.5,none,True,True
25884,1.0,0.0,0.5,none,True,True
25885,1.0,0.0,0.5,none,True,True
25886,1.0,0.0,0.5,none,True,True
25887,1.0,0.0,0.5,none,True,True
25888,1.0,0.0,0.5,none,True,True
25889,1.0,0.0,0.5,none,True,True
25890,1.0,0.0,0.5,none,True,True
25891,1.0,0.0,0.5,none,True,True
25892,1.0,0.0,0.5,none,True,True
25893,1.0,0.0,0.5,none,True,True
25894,1.0,0.0,0.5,none,True,True
25895,1.0,0.0,0.5,none,True,True
25896,1.0,0.0,0.5,none,True,True
25897,1.0,0.0,0.5,none,True,True
25898,1.0,0.0,0.5,none,True,True
25899,1.0,0.0,0.5,none,True,True
25900,1.0,0.0061,0.5,none,True,True
25901,1.0,0.0357,0.5,none,True,True
25902,1.0,0.0812,0.5,none,True,True
25903,1.0,0.1113,0.5,none,True,True
25904,1.0,0.1253,0.5,none,True,True
25905,1.0,0.1408,0.5,none,True,True
25906,1.0,0.0907,0.5,none,True,True
25907,1.0,0.1198,0.5,none,True,True
25908,1.0,0.0467,0.5,none,True,True
25909,1.0,0.0522,0.5,none,True,True
25910,1.0,0.0405,0.5,none,True,True
25911,1.0,0.0313,0.5,none,True,True
25912,1.0,0.0083,0.5,none,True,True
25913,1.0,0.0726,0.5,none,True,True
25914,1.0,0.0793,0.5,none,True,True
25915,1.0,0.0581,0.5,none,True,True
25916,1.0,0.0955,0.5,none,True,True
25917,1.0,0.0839,0.5,none,True,True
25918,1.0,0.0648,0.5,none,True,True
25919,1.0,0.0718,0.5,none,True,True
25920,1.0,0.0589,0.5,none,True,True
25921,1.0,0.0403,0.5,none,True,True
25922,1.0,0.0327,0.5,none,True,True
25923,1.0,0.0277,0.5,none,True,True
25924,1.0,0.017,0.5,none,True,True
25925,1.0,0.0102,0.5,none,True,True
25926,1.0,0.0099,0.5,none,True,True
25927,1.0,0.008,0.5,none,True,True
25928,1.0,0.005,0.5,none,True,True
25929,1.0,0.0063,0.5,none,True,True
25930,1.0,0.009,0.5,none,True,True
25931,1.0,0.0096,0.5,none,True,True
25932,1.0,0.0108,0.5,none,True,True
25933,1.0,0.014,0.5,none,True,True
25934,1.0,0.0161,0.5,none,True,True
25935,1.0,0.0167,0.5,none,True,True
25936,1.0,0.0182,0.5,none,True,True
25937,1.0,0.0196,0.5,none,True,True
25938,1.0,0.0197,0.5,none,True,True
25939,1.0,0.0193,0.5,none,True,True
25940,1.0,0.0193,0.5,none,True,True
25941,1.0,0.0187,0.5,none,True,True
25942,1.0,0.0174,0.5,none,True,True
25943,1.0,0.0163,0.5,none,True,True
25944,1.0,0.0152,0.5,none,True,True
25945,1.0,0.0138,0.5,none,True,True
25946,1.0,0.0123,0.5,none,True,True
25947,1.0,0.0111,0.5,none,True,True
25948,1.0,0.01,0.5,none,True,True
25949,1.0,0.0088,0.5,none,True,True
25950,1.0,0.0078,0.5,none,True,True
25951,1.0,0.0071,0.5,none,True,True
25952,1.0,0.0064,0.5,none,True,True
25953,1.0,0.0057,0.5,none,True,True
25954,1.0,0.0053,0.5,none,True,True
25955,1.0,0.005,0.5,none,True,True
25956,1.0,0.0047,0.5,none,True,True
25957,1.0,0.0045,0.5,none,True,True
25958,1.0,0.0044,0.5,none,True,True
25959,1.0,0.0043,0.5,none,True,True
25960,1.0,0.0042,0.5,none,True,True
25961,1.0,0.0041,0.5,none,True,True
25962,1.0,0.004,0.5,none,True,True
25963,1.0,0.0039,0.5,none,True,True
25964,1.0,0.0038,0.5,none,True,True
25965,1.0,0.0037,0.5,none,True,True
25966,1.0,0.0035,0.5,none,True,True
25967,1.0,0.0033,0.5,none,True,True
25968,1.0,0.0032,0.5,none,True,True
25969,1.0,0.003,0.5,none,True,True
25970,1.0,0.0028,0.5,none,True,True
25971,1.0,0.0026,0.5,none,True,True
25972,1.0,0.0024,0.5,none,True,True
25973,1.0,0.0023,0.5,none,True,True
25974,1.0,0.0021,0.5,none,True,True
25975,1.0,0.0019,0.5,none,True,True
25976,1.0,0.0018,0.5,none,True,True
25977,1.0,0.0017,0.5,none,True,True
25978,1.0,0.0015,0.5,none,True,True
25979,1.0,0.0014,0.5,none,True,True
25980,1.0,0.0013,0.5,none,True,True
25981,1.0,0.0013,0.5,none,True,True
25982,1.0,0.0012,0.5,none,True,True
25983,1.0,0.0011,0.5,none,True,True
25984,1.0,0.0011,0.5,none,True,True
25985,1.0,0.001,0.5,none,True,True
25986,1.0,0.001,0.5,none,True,True
25987,1.0,0.0009,0.5,none,True,True
25988,1.0,0.0009,0.5,none,True,True
25989,1.0,0.0008,0.5,none,True,True
25990,1.0,0.0008,0.5,none,True,True
25991,1.0,0.0008,0.5,none,True,True
25992,1.0,0.0007,0.5,none,True,True
25993,1.0,0.0007,0.5,none,True,True
25994,1.0,0.0006,0.5,none,True,True
25995,1.0,0.0006,0.5,none,True,True
25996,1.0,0.0006,0.5,none,True,True
25997,1.0,0.0005,0.5,none,True,True
25998,1.0,0.0005,0.5,none,True,True
25999,1.0,0.0005,0.5,none,True,True
26000,1.0,0.0004,0.5,none,True,True
26001,1.0,0.0004,0.5,none,True,True
26002,1.0,0.0004,0.5,none,True,True
26003,1.0,0.0004,0.5,none,True,True
26004,1.0,0.0003,0.5,none,True,True
26005,1.0,0.0003,0.5,none,True,True
26006,1.0,0.0003,0.5,none,True,True
26007,1.0,0.0003,0.5,none,True,True
26008,1.0,0.0003,0.5,none,True,True
26009,1.0,0.0003,0.5,none,True,True
26010,1.0,0.0002,0.5,none,True,True
26011,1.0,0.0002,0.5,none,True,True
26012,1.0,0.0002,0.5,none,True,True
26013,1.0,0.0002,0.5,none,True,True
26014,1.0,0.0002,0.5,none,True,True
26015,1.0,0.0002,0.5,none,True,True
26016,1.0,0.0002,0.5,none,True,True
26017,1.0,0.0002,0.5,none,True,True
26018,1.0,0.0002,0.5,none,True,True
26019,1.0,0.0001,0.5,none,True,True
26020,1.0,0.0001,0.5,none,True,True
26021,1.0,0.0001,0.5,none,True,True
26022,1.0,0.0001,0.5,none,True,True
26023,1.0,0.0001,0.5,none,True,True
26024,1.0,0.0001,0.5,none,True,True
26025,1.0,0.0001,0.5,none,True,True
26026,1.0,0.0001,0.5,none,True,True
26027,1.0,0.0001,0.5,none,True,True
26028,1.0,0.0001,0.5,none,True,True
26029,1.0,0.0001,0.5,none,True,True
26030,1.0,0.0001,0.5,none,True,True
26031,1.0,0.0001,0.5,none,True,True
26032,1.0,0.0001,0.5,none,True,True
26033,1.0,0.0001,0.5,none,True,True
26034,1.0,0.0001,0.5,none,True,True
26035,1.0,0.0001,0.5,none,True,True
26036,1.0,0.0001,0.5,none,True,True
26037,1.0,0.0,0.5,none,True,True
26038,1.0,0.0,0.5,none,True,True
26039,1.0,0.0,0.5,none,True,True
26040,1.0,0.0,0.5,none,True,True
26041,1.0,0.0,0.5,none,True,True
26042,1.0,0.0,0.5,none,True,True
26043,1.0,0.0,0.5,none,True,True
26044,1.0,0.0,0.5,none,True,True
26045,1.0,0.0,0.5,none,True,True
26046,1.0,0.0,0.5,none,True,True
26047,1.0,0.0,0.5,none,True,True
26048,1.0,0.0,0.5,none,True,True
26049,1.0,0.0,0.5,none,True,True
26050,1.0,0.0,0.5,none,True,True
26051,1.0,0.0,0.5,none,True,True
26052,1.0,0.0,0.5,none,True,True
26053,1.0,0.0,0.5,none,True,True
26054,1.0,0.0,0.5,none,True,True
26055,1.0,0.0,0.5,none,True,True
26056,1.0,0.0,0.5,none,True,True
26057,1.0,0.0,0.5,none,True,True
26058,1.0,0.0,0.5,none,True,True
26059,1.0,0.0,0.5,none,True,True
26060,1.0,0.0,0.5,none,True,True
26061,1.0,0.0,0.5,none,True,True
26062,1.0,0.0,0.5,none,True,True
26063,1.0,0.0,0.5,none,True,True
26064,1.0,0.0,0.5,none,True,True
26065,1.0,0.0,0.5,none,True,True
26066,1.0,0.0,0.5,none,True,True
26067,1.0,0.0,0.5,none,True,True
26068,1.0,0.0,0.5,none,True,True
26069,1.0,0.0,0.5,none,True,True
26070,1.0,0.0,0.5,none,True,True
26071,1.0,0.0,0.5,none,True,True
26072,1.0,0.0,0.5,none,True,True
26073,1.0,0.0,0.5,none,True,True
26074,1.0,0.0,0.5,none,True,True
26075,1.0,0.0,0.5,none,True,True
26076,1.0,0.0,0.5,none,True,True
26077,1.0,0.0,0.5,none,True,True
26078,1.0,0.0,0.5,none,True,True
26079,1.0,0.0,0.5,none,True,True
26080,1.0,0.0,0.5,none,True,True
26081,1.0,0.0,0.5,none,True,True
26082,1.0,0.0,0.5,none,True,True
26083,1.0,0.0,0.5,none,True,True
26084,1.0,0.0,0.5,none,True,True
26085,1.0,0.0,0.5,none,True,True
26086,1.0,0.0,0.5,none,True,True
26087,1.0,0.0,0.5,none,True,True
26088,1.0,0.0,0.5,none,True,True
26089,1.0,0.0,0.5,none,True,True
26090,1.0,0.0,0.5,none,True,True
26091,1.0,0.0,0.5,none,True,True
26092,1.0,0.0,0.5,none,True,True
26093,1.0,0.0,0.5,none,True,True
26094,1.0,0.0,0.5,none,True,True
26095,1.0,0.0,0.5,none,True,True
26096,1.0,0.0,0.5,none,True,True
26097,1.0,0.0,0.5,none,True,True
26098,1.0,0.0,0.5,none,True,True
26099,1.0,0.0,0.5,none,True,True
26100,1.0,0.0,0.5,none,True,True
26101,1.0,0.0,0.5,none,True,True
26102,1.0,0.0,0.5,none,True,True
26103,1.0,0.0,0.5,none,True,True
26104,1.0,0.0,0.5,none,True,True
26105,1.0,0.0,0.5,none,True,True
26106,1.0,0.0,0.5,none,True,True
26107,1.0,0.0,0.5,none,True,True
26108,1.0,0.0,0.5,none,True,True
26109,1.0,0.0,0.5,none,True,True
26110,1.0,0.0,0.5,none,True,True
26111,1.0,0.0,0.5,none,True,True
26112,1.0,0.0,0.5,none,True,True
26113,1.0,0.0,0.5,none,True,True
26114,1.0,0.0,0.5,none,True,True
26115,1.0,0.0,0.5,none,True,True
26116,1.0,0.0,0.5,none,True,True
26117,1.0,0.0,0.5,none,True,True
26118,1.0,0.0,0.5,none,True,True
26119,1.0,0.0,0.5,none,True,True
26120,1.0,0.0,0.5,none,True,True
26121,1.0,0.0,0.5,none,True,True
26122,1.0,0.0,0.5,none,True,True
26123,1.0,0.0,0.5,none,True,True
26124,1.0,0.0,0.5,none,True,True
26125,1.0,0.0,0.5,none,True,True
26126,1.0,0.0,0.5,none,True,True
26127,1.0,0.0,0.5,none,True,True
26128,1.0,0.0,0.5,none,True,True
26129,1.0,0.0,0.5,none,True,True
26130,1.0,0.0,0.5,none,True,True
26131,1.0,0.0,0.5,none,True,True
26132,1.0,0.0,0.5,none,True,True
26133,1.0,0.0,0.5,none,True,True
26134,1.0,0.0,0.5,none,True,True
26135,1.0,0.0,0.5,none,True,True
26136,1.0,0.0,0.5,none,True,True
26137,1.0,0.0,0.5,none,True,True
26138,1.0,0.0,0.5,none,True,True
26139,1.0,0.0,0.5,none,True,True
26140,1.0,0.0,0.5,none,True,True
26141,1.0,0.0,0.5,none,True,True
26142,1.0,0.0,0.5,none,True,True
26143,1.0,0.0,0.5,none,True,True
26144,1.0,0.0,0.5,none,True,True
26145,1.0,0.0,0.5,none,True,True
26146,1.0,0.0,0.5,none,True,True
26147,1.0,0.0,0.5,none,True,True
26148,1.0,0.0,0.5,none,True,True
26149,1.0,0.0,0.5,none,True,True
26150,1.0,0.0,0.5,none,True,True
26151,1.0,0.0,0.5,none,True,True
26152,1.0,0.0,0.5,none,True,True
26153,1.0,0.0,0.5,none,True,True
26154,1.0,0.0,0.5,none,True,True
26155,1.0,0.0,0.5,none,True,True
26156,1.0,0.0,0.5,none,True,True
26157,1.0,0.0,0.5,none,True,True
26158,1.0,0.0,0.5,none,True,True
26159,1.0,0.0,0.5,none,True,True
26160,1.0,0.0,0.5,none,True,True
26161,1.0,0.0,0.5,none,True,True
26162,1.0,0.0,0.5,none,True,True
26163,1.0,0.0,0.5,none,True,True
26164,1.0,0.0,0.5,none,True,True
26165,1.0,0.0,0.5,none,True,True
26166,1.0,0.0,0.5,none,True,True
26167,1.0,0.0,0.5,none,True,True
26168,1.0,0.0,0.5,none,True,True
26169,1.0,0.0,0.5,none,True,True
26170,1.0,0.0,0.5,none,True,True
26171,1.0,0.0,0.5,none,True,True
26172,1.0,0.0,0.5,none,True,True
26173,1.0,0.0,0.5,none,True,True
26174,1.0,0.0,0.5,none,True,True
26175,1.0,0.0,0.5,none,True,True
26176,1.0,0.0,0.5,none,True,True
26177,1.0,0.0,0.5,none,True,True
26178,1.0,0.0,0.5,none,True,True
26179,1.0,0.0,0.5,none,True,True
26180,1.0,0.0,0.5,none,True,True
26181,1.0,0.0,0.5,none,True,True
26182,1.0,0.0,0.5,none,True,True
26183,1.0,0.0,0.5,none,True,True
26184,1.0,0.0,0.5,none,True,True
26185,1.0,0.0,0.5,none,True,True
26186,1.0,0.0,0.5,none,True,True
26187,1.0,0.0,0.5,none,True,True
26188,1.0,0.0,0.5,none,True,True
26189,1.0,0.0,0.5,none,True,True
26190,1.0,0.0,0.5,none,True,True
26191,1.0,0.0,0.5,none,True,True
26192,1.0,0.0,0.5,none,True,True
26193,1.0,0.0,0.5,none,True,True
26194,1.0,0.0,0.5,none,True,True
26195,1.0,0.0,0.5,none,True,True
26196,1.0,0.0,0.5,none,True,True
26197,1.0,0.0,0.5,none,True,True
26198,1.0,0.0,0.5,none,True,True
26199,1.0,0.0,0.5,none,True,True
26200,1.0,0.0,0.5,none,True,True
26201,1.0,0.0,0.5,none,True,True
26202,1.0,0.0,0.5,none,True,True
26203,1.0,0.0,0.5,none,True,True
26204,1.0,0.0,0.5,none,True,True
26205,1.0,0.0,0.5,none,True,True
26206,1.0,0.0,0.5,none,True,True
26207,1.0,0.0,0.5,none,True,True
26208,1.0,0.0,0.5,none,True,True
26209,1.0,0.0,0.5,none,True,True
26210,1.0,0.0,0.5,none,True,True
26211,1.0,0.0,0.5,none,True,True
26212,1.0,0.0,0.5,none,True,True
26213,1.0,0.0,0.5,none,True,True
26214,1.0,0.0,0.5,none,True,True
26215,1.0,0.0,0.5,none,True,True
26216,1.0,0.0,0.5,none,True,True
26217,1.0,0.0,0.5,none,True,True
26218,1.0,0.0,0.5,none,True,True
26219,1.0,0.0,0.5,none,True,True
26220,1.0,0.0,0.5,none,True,True
26221,1.0,0.0,0.5,none,True,True
26222,1.0,0.0,0.5,none,True,True
26223,1.0,0.0,0.5,none,True,True
26224,1.0,0.0,0.5,none,True,True
26225,1.0,0.0,0.5,none,True,True
26226,1.0,0.0,0.5,none,True,True
26227,1.0,0.0,0.5,none,True,True
26228,1.0,0.0,0.5,none,True,True
26229,1.0,0.0,0.5,none,True,True
26230,1.0,0.0,0.5,none,True,True
26231,1.0,0.0,0.5,none,True,True
26232,1.0,0.0,0.5,none,True,True
26233,1.0,0.0,0.5,none,True,True
26234,1.0,0.0,0.5,none,True,True
26235,1.0,0.0,0.5,none,True,True
26236,1.0,0.0,0.5,none,True,True
26237,1.0,0.0,0.5,none,True,True
26238,1.0,0.0,0.5,none,True,True
26239,1.0,0.0,0.5,none,True,True
26240,1.0,0.0,0.5,none,True,True
26241,1.0,0.0,0.5,none,True,True
26242,1.0,0.0,0.5,none,True,True
26243,1.0,0.0,0.5,none,True,True
26244,1.0,0.0,0.5,none,True,True
26245,1.0,0.0,0.5,none,True,True
26246,1.0,0.0,0.5,none,True,True
26247,1.0,0.0,0.5,none,True,True
26248,1.0,0.0,0.5,none,True,True
26249,1.0,0.0,0.5,none,True,True
26250,1.0,0.0,0.5,none,True,True
26251,1.0,0.0,0.5,none,True,True
26252,1.0,0.0,0.5,none,True,True
26253,1.0,0.0,0.5,none,True,True
26254,1.0,0.0,0.5,none,True,True
26255,1.0,0.0,0.5,none,True,True
26256,1.0,0.0,0.5,none,True,True
26257,1.0,0.0,0.5,none,True,True
26258,1.0,0.0,0.5,none,True,True
26259,1.0,0.0,0.5,none,True,True
26260,1.0,0.0,0.5,none,True,True
26261,1.0,0.0,0.5,none,True,True
26262,1.0,0.0,0.5,none,True,True
26263,1.0,0.0,0.5,none,True,True
26264,1.0,0.0,0.5,none,True,True
26265,1.0,0.0,0.5,none,True,True
26266,1.0,0.0,0.5,none,True,True
26267,1.0,0.0,0.5,none,True,True
26268,1.0,0.0,0.5,none,True,True
26269,1.0,0.0,0.5,none,True,True
26270,1.0,0.0,0.5,none,True,True
26271,1.0,0.0,0.5,none,True,True
26272,1.0,0.0,0.5,none,True,True
26273,1.0,0.0,0.5,none,True,True
26274,1.0,0.0,0.5,none,True,True
26275,1.0,0.0,0.5,none,True,True
26276,1.0,0.0,0.5,none,True,True
26277,1.0,0.0,0.5,none,True,True
26278,1.0,0.0,0.5,none,True,True
26279,1.0,0.0,0.5,none,True,True
26280,1.0,0.0,0.5,none,True,True
26281,1.0,0.0,0.5,none,True,True
26282,1.0,0.0,0.5,none,True,True
26283,1.0,0.0,0.5,none,True,True
26284,1.0,0.0,0.5,none,True,True
26285,1.0,0.0,0.5,none,True,True
26286,1.0,0.0,0.5,none,True,True
26287,1.0,0.0,0.5,none,True,True
26288,1.0,0.0,0.5,none,True,True
26289,1.0,0.0,0.5,none,True,True
26290,1.0,0.0,0.5,none,True,True
26291,1.0,0.0,0.5,none,True,True
26292,1.0,0.0,0.5,none,True,True
26293,1.0,0.0,0.5,none,True,True
26294,1.0,0.0,0.5,none,True,True
26295,1.0,0.0,0.5,none,True,True
26296,1.0,0.0,0.5,none,True,True
26297,1.0,0.0,0.5,none,True,True
26298,1.0,0.0,0.5,none,True,True
26299,1.0,0.0,0.5,none,True,True
26300,1.0,0.0,0.5,none,True,True
26301,1.0,0.0,0.5,none,True,True
26302,1.0,0.0,0.5,none,True,True
26303,1.0,0.0,0.5,none,True,True
26304,1.0,0.0,0.5,none,True,True
26305,1.0,0.0,0.5,none,True,True
26306,1.0,0.0,0.5,none,True,True
26307,1.0,0.0,0.5,none,True,True
26308,1.0,0.0,0.5,none,True,True
26309,1.0,0.0,0.5,none,True,True
26310,1.0,0.0,0.5,none,True,True
26311,1.0,0.0,0.5,none,True,True
26312,1.0,0.0,0.5,none,True,True
26313,1.0,0.0,0.5,none,True,True
26314,1.0,0.0,0.5,none,True,True
26315,1.0,0.0,0.5,none,True,True
26316,1.0,0.0,0.5,none,True,True
26317,1.0,0.0,0.5,none,True,True
26318,1.0,0.0,0.5,none,True,True
26319,1.0,0.0,0.5,none,True,True
26320,1.0,0.0,0.5,none,True,True
26321,1.0,0.0,0.5,none,True,True
26322,1.0,0.0,0.5,none,True,True
26323,1.0,0.0,0.5,none,True,True
26324,1.0,0.0,0.5,none,True,True
26325,1.0,0.0,0.5,none,True,True
26326,1.0,0.0,0.5,none,True,True
26327,1.0,0.0,0.5,none,True,True
26328,1.0,0.0,0.5,none,True,True
26329,1.0,0.0,0.5,none,True,True
26330,1.0,0.0,0.5,none,True,True
26331,1.0,0.0,0.5,none,True,True
26332,1.0,0.0,0.5,none,True,True
26333,1.0,0.0,0.5,none,True,True
26334,1.0,0.0,0.5,none,True,True
26335,1.0,0.0,0.5,none,True,True
26336,1.0,0.0,0.5,none,True,True
26337,1.0,0.0,0.5,none,True,True
26338,1.0,0.0,0.5,none,True,True
26339,1.0,0.0,0.5,none,True,True
26340,1.0,0.0,0.5,none,True,True
26341,1.0,0.0,0.5,none,True,True
26342,1.0,0.0,0.5,none,True,True
26343,1.0,0.0,0.5,none,True,True
26344,1.0,0.0,0.5,none,True,True
26345,1.0,0.0,0.5,none,True,True
26346,1.0,0.0,0.5,none,True,True
26347,1.0,0.0,0.5,none,True,True
26348,1.0,0.0,0.5,none,True,True
26349,1.0,0.0,0.5,none,True,True
26350,1.0,0.0,0.5,none,True,True
26351,1.0,0.0,0.5,none,True,True
26352,1.0,0.0,0.5,none,True,True
26353,1.0,0.0,0.5,none,True,True
26354,1.0,0.0,0.5,none,True,True
26355,1.0,0.0,0.5,none,True,True
26356,1.0,0.0,0.5,none,True,True
26357,1.0,0.0,0.5,none,True,True
26358,1.0,0.0,0.5,none,True,True
26359,1.0,0.0,0.5,none,True,True
26360,1.0,0.0,0.5,none,True,True
26361,1.0,0.0,0.5,none,True,True
26362,1.0,0.0,0.5,none,True,True
26363,1.0,0.0,0.5,none,True,True
26364,1.0,0.0,0.5,none,True,True
26365,1.0,0.0,0.5,none,True,True
26366,1.0,0.0,0.5,none,True,True
26367,1.0,0.0,0.5,none,True,True
26368,1.0,0.0,0.5,none,True,True
26369,1.0,0.0,0.5,none,True,True
26370,1.0,0.0,0.5,none,True,True
26371,1.0,0.0,0.5,none,True,True
26372,1.0,0.0,0.5,none,True,True
26373,1.0,0.0,0.5,none,True,True
26374,1.0,0.0,0.5,none,True,True
26375,1.0,0.0,0.5,none,True,True
26376,1.0,0.0,0.5,none,True,True
26377,1.0,0.0,0.5,none,True,True
26378,1.0,0.0,0.5,none,True,True
26379,1.0,0.0,0.5,none,True,True
26380,1.0,0.0,0.5,none,True,True
26381,1.0,0.0,0.5,none,True,True
26382,1.0,0.0,0.5,none,True,True
26383,1.0,0.0,0.5,none,True,True
26384,1.0,0.0,0.5,none,True,True
26385,1.0,0.0,0.5,none,True,True
26386,1.0,0.0,0.5,none,True,True
26387,1.0,0.0,0.5,none,True,True
26388,1.0,0.0,0.5,none,True,True
26389,1.0,0.0,0.5,none,True,True
26390,1.0,0.0,0.5,none,True,True
26391,1.0,0.0,0.5,none,True,True
26392,1.0,0.0,0.5,none,True,True
26393,1.0,0.0,0.5,none,True,True
26394,1.0,0.0,0.5,none,True,True
26395,1.0,0.0,0.5,none,True,True
26396,1.0,0.0,0.5,none,True,True
26397,1.0,0.0,0.5,none,True,True
26398,1.0,0.0,0.5,none,True,True
26399,1.0,0.0,0.5,none,True,True
26400,1.0,0.0,0.5,none,True,True
26401,1.0,0.0,0.5,none,True,True
26402,1.0,0.0,0.5,none,True,True
26403,1.0,0.0,0.5,none,True,True
26404,1.0,0.0,0.5,none,True,True
26405,1.0,0.0,0.5,none,True,True
26406,1.0,0.0,0.5,none,True,True
26407,1.0,0.0,0.5,none,True,True
26408,1.0,0.0,0.5,none,True,True
26409,1.0,0.0,0.5,none,True,True
26410,1.0,0.0,0.5,none,True,True
26411,1.0,0.0,0.5,none,True,True
26412,1.0,0.0,0.5,none,True,True
26413,1.0,0.0,0.5,none,True,True
26414,1.0,0.0,0.5,none,True,True
26415,1.0,0.0,0.5,none,True,True
26416,1.0,0.0,0.5,none,True,True
26417,1.0,0.0,0.5,none,True,True
26418,1.0,0.0,0.5,none,True,True
26419,1.0,0.0,0.5,none,True,True
26420,1.0,0.0,0.5,none,True,True
26421,1.0,0.0,0.5,none,True,True
26422,1.0,0.0,0.5,none,True,True
26423,1.0,0.0,0.5,none,True,True
26424,1.0,0.0,0.5,none,True,True
26425,1.0,0.0,0.5,none,True,True
26426,1.0,0.0,0.5,none,True,True
26427,1.0,0.0,0.5,none,True,True
26428,1.0,0.0,0.5,none,True,True
26429,1.0,0.0,0.5,none,True,True
26430,1.0,0.0,0.5,none,True,True
26431,1.0,0.0,0.5,none,True,True
26432,1.0,0.0,0.5,none,True,True
26433,1.0,0.0,0.5,none,True,True
26434,1.0,0.0,0.5,none,True,True
26435,1.0,0.0,0.5,none,True,True
26436,1.0,0.0,0.5,none,True,True
26437,1.0,0.0,0.5,none,True,True
26438,1.0,0.0,0.5,none,True,True
26439,1.0,0.0,0.5,none,True,True
26440,1.0,0.0,0.5,none,True,True
26441,1.0,0.0,0.5,none,True,True
26442,1.0,0.0,0.5,none,True,True
26443,1.0,0.0,0.5,none,True,True
26444,1.0,0.0,0.5,none,True,True
26445,1.0,0.0,0.5,none,True,True
26446,1.0,0.0,0.5,none,True,True
26447,1.0,0.0,0.5,none,True,True
26448,1.0,0.0,0.5,none,True,True
26449,1.0,0.0,0.5,none,True,True
26450,1.0,0.0,0.5,none,True,True
26451,1.0,0.0,0.5,none,True,True
26452,1.0,0.0,0.5,none,True,True
26453,1.0,0.0,0.5,none,True,True
26454,1.0,0.0,0.5,none,True,True
26455,1.0,0.0,0.5,none,True,True
26456,1.0,0.0,0.5,none,True,True
26457,1.0,0.0,0.5,none,True,True
26458,1.0,0.0,0.5,none,True,True
26459,1.0,0.0,0.5,none,True,True
26460,1.0,0.0,0.5,none,True,True
26461,1.0,0.0,0.5,none,True,True
26462,1.0,0.0,0.5,none,True,True
26463,1.0,0.0,0.5,none,True,True
26464,1.0,0.0,0.5,none,True,True
26465,1.0,0.0,0.5,none,True,True
26466,1.0,0.0,0.5,none,True,True
26467,1.0,0.0,0.5,none,True,True
26468,1.0,0.0,0.5,none,True,True
26469,1.0,0.0,0.5,none,True,True
26470,1.0,0.0,0.5,none,True,True
26471,1.0,0.0,0.5,none,True,True
26472,1.0,0.0,0.5,none,True,True
26473,1.0,0.0,0.5,none,True,True
26474,1.0,0.0,0.5,none,True,True
26475,1.0,0.0,0.5,none,True,True
26476,1.0,0.0,0.5,none,True,True
26477,1.0,0.0,0.5,none,True,True
26478,1.0,0.0,0.5,none,True,True
26479,1.0,0.0,0.5,none,True,True
26480,1.0,0.0,0.5,none,True,True
26481,1.0,0.0,0.5,none,True,True
26482,1.0,0.0,0.5,none,True,True
26483,1.0,0.0,0.5,none,True,True
26484,1.0,0.0,0.5,none,True,True
26485,1.0,0.0,0.5,none,True,True
26486,1.0,0.0,0.5,none,True,True
26487,1.0,0.0,0.5,none,True,True
26488,1.0,0.0,0.5,none,True,True
26489,1.0,0.0,0.5,none,True,True
26490,1.0,0.0,0.5,none,True,True
26491,1.0,0.0,0.5,none,True,True
26492,1.0,0.0,0.5,none,True,True
26493,1.0,0.0,0.5,none,True,True
26494,1.0,0.0,0.5,none,True,True
26495,1.0,0.0,0.5,none,True,True
26496,1.0,0.0,0.5,none,True,True
26497,1.0,0.0,0.5,none,True,True
26498,1.0,0.0,0.5,none,True,True
26499,1.0,0.0,0.5,none,True,True
26500,1.0,0.0,0.5,none,True,True
26501,1.0,0.0,0.5,none,True,True
26502,1.0,0.0,0.5,none,True,True
26503,1.0,0.0,0.5,none,True,True
26504,1.0,0.0,0.5,none,True,True
26505,1.0,0.0,0.5,none,True,True
26506,1.0,0.0,0.5,none,True,True
26507,1.0,0.0,0.5,none,True,True
26508,1.0,0.0,0.5,none,True,True
26509,1.0,0.0,0.5,none,True,True
26510,1.0,0.0,0.5,none,True,True
26511,1.0,0.0,0.5,none,True,True
26512,1.0,0.0,0.5,none,True,True
26513,1.0,0.0,0.5,none,True,True
26514,1.0,0.0,0.5,none,True,True
26515,1.0,0.0,0.5,none,True,True
26516,1.0,0.0,0.5,none,True,True
26517,1.0,0.0,0.5,none,True,True
26518,1.0,0.0,0.5,none,True,True
26519,1.0,0.0,0.5,none,True,True
26520,1.0,0.0,0.5,none,True,True
26521,1.0,0.0,0.5,none,True,True
26522,1.0,0.0,0.5,none,True,True
26523,1.0,0.0,0.5,none,True,True
26524,1.0,0.0,0.5,none,True,True
26525,1.0,0.0,0.5,none,True,True
26526,1.0,0.0,0.5,none,True,True
26527,1.0,0.0,0.5,none,True,True
26528,1.0,0.0,0.5,none,True,True
26529,1.0,0.0,0.5,none,True,True
26530,1.0,0.0,0.5,none,True,True
26531,1.0,0.0,0.5,none,True,True
26532,1.0,0.0,0.5,none,True,True
26533,1.0,0.0,0.5,none,True,True
26534,1.0,0.0,0.5,none,True,True
26535,1.0,0.0,0.5,none,True,True
26536,1.0,0.0,0.5,none,True,True
26537,1.0,0.0,0.5,none,True,True
26538,1.0,0.0,0.5,none,True,True
26539,1.0,0.0,0.5,none,True,True
26540,1.0,0.0,0.5,none,True,True
26541,1.0,0.0,0.5,none,True,True
26542,1.0,0.0,0.5,none,True,True
26543,1.0,0.0,0.5,none,True,True
26544,1.0,0.0,0.5,none,True,True
26545,1.0,0.0,0.5,none,True,True
26546,1.0,0.0,0.5,none,True,True
26547,1.0,0.0,0.5,none,True,True
26548,1.0,0.0,0.5,none,True,True
26549,1.0,0.0,0.5,none,True,True
26550,1.0,0.0,0.5,none,True,True
26551,1.0,0.0,0.5,none,True,True
26552,1.0,0.0,0.5,none,True,True
26553,1.0,0.0,0.5,none,True,True
26554,1.0,0.0,0.5,none,True,True
26555,1.0,0.0,0.5,none,True,True
26556,1.0,0.0,0.5,none,True,True
26557,1.0,0.0,0.5,none,True,True
26558,1.0,0.0,0.5,none,True,True
26559,1.0,0.0,0.5,none,True,True
26560,1.0,0.0,0.5,none,True,True
26561,1.0,0.0,0.5,none,True,True
26562,1.0,0.0,0.5,none,True,True
26563,1.0,0.0,0.5,none,True,True
26564,1.0,0.0,0.5,none,True,True
26565,1.0,0.0,0.5,none,True,True
26566,1.0,0.0,0.5,none,True,True
26567,1.0,0.0,0.5,none,True,True
26568,1.0,0.0,0.5,none,True,True
26569,1.0,0.0,0.5,none,True,True
26570,1.0,0.0,0.5,none,True,True
26571,1.0,0.0,0.5,none,True,True
26572,1.0,0.0,0.5,none,True,True
26573,1.0,0.0,0.5,none,True,True
26574,1.0,0.0,0.5,none,True,True
26575,1.0,0.0,0.5,none,True,True
26576,1.0,0.0,0.5,none,True,True
26577,1.0,0.0,0.5,none,True,True
26578,1.0,0.0,0.5,none,True,True
26579,1.0,0.0,0.5,none,True,True
26580,1.0,0.0,0.5,none,True,True
26581,1.0,0.0,0.5,none,True,True
26582,1.0,0.0,0.5,none,True,True
26583,1.0,0.0,0.5,none,True,True
26584,1.0,0.0,0.5,none,True,True
26585,1.0,0.0,0.5,none,True,True
26586,1.0,0.0,0.5,none,True,True
26587,1.0,0.0,0.5,none,True,True
26588,1.0,0.0,0.5,none,True,True
26589,1.0,0.0,0.5,none,True,True
26590,1.0,0.0,0.5,none,True,True
26591,1.0,0.0,0.5,none,True,True
26592,1.0,0.0,0.5,none,True,True
26593,1.0,0.0,0.5,none,True,True
26594,1.0,0.0,0.5,none,True,True
26595,1.0,0.0,0.5,none,True,True
26596,1.0,0.0,0.5,none,True,True
26597,1.0,0.0,0.5,none,True,True
26598,1.0,0.0,0.5,none,True,True
26599,1.0,0.0,0.5,none,True,True
26600,1.0,0.0061,0.5,none,True,True
26601,1.0,0.0357,0.5,none,True,True
26602,1.0,0.0812,0.5,none,True,True
26603,1.0,0.1113,0.5,none,True,True
26604,1.0,0.1253,0.5,none,True,True
26605,1.0,0.1408,0.5,none,True,True
26606,1.0,0.0907,0.5,none,True,True
26607,1.0,0.1198,0.5,none,True,True
26608,1.0,0.0467,0.5,none,True,True
26609,1.0,0.0522,0.5,none,True,True
26610,1.0,0.0405,0.5,none,True,True
26611,1.0,0.0313,0.5,none,True,True
26612,1.0,0.0083,0.5,none,True,True
26613,1.0,0.0726,0.5,none,True,True
26614,1.0,0.0793,0.5,none,True,True
26615,1.0,0.0581,0.5,none,True,True
26616,1.0,0.0955,0.5,none,True,True
26617,1.0,0.0839,0.5,none,True,True
26618,1.0,0.0648,0.5,none,True,True
26619,1.0,0.0718,0.5,none,True,True
26620,1.0,0.0589,0.5,none,True,True
26621,1.0,0.0403,0.5,none,True,True
26622,1.0,0.0327,0.5,none,True,True
26623,1.0,0.0277,0.5,none,True,True
26624,1.0,0.017,0.5,none,True,True
26625,1.0,0.0102,0.5,none,True,True
26626,1.0,0.0099,0.5,none,True,True
26627,1.0,0.008,0.5,none,True,True
26628,1.0,0.005,0.5,none,True,True
26629,1.0,0.0063,0.5,none,True,True
26630,1.0,0.009,0.5,none,True,True
26631,1.0,0.0096,0.5,none,True,True
26632,1.0,0.0108,0.5,none,True,True
26633,1.0,0.014,0.5,none,True,True
26634,1.0,0.0161,0.5,none,True,True
26635,1.0,0.0167,0.5,none,True,True
26636,1.0,0.0182,0.5,none,True,True
26637,1.0,0.0196,0.5,none,True,True
26638,1.0,0.0197,0.5,none,True,True
26639,1.0,0.0193,0.5,none,True,True
26640,1.0,0.0193,0.5,none,True,True
26641,1.0,0.0187,0.5,none,True,True
26642,1.0,0.0174,0.5,none,True,True
26643,1.0,0.0163,0.5,none,True,True
26644,1.0,0.0152,0.5,none,True,True
26645,1.0,0.0138,0.5,none,True,True
26646,1.0,0.0123,0.5,none,True,True
26647,1.0,0.0111,0.5,none,True,True
26648,1.0,0.01,0.5,none,True,True
26649,1.0,0.0088,0.5,none,True,True
26650,1.0,0.0078,0.5,none,True,True
26651,1.0,0.0071,0.5,none,True,True
26652,1.0,0.0064,0.5,none,True,True
26653,1.0,0.0057,0.5,none,True,True
26654,1.0,0.0053,0.5,none,True,True
26655,1.0,0.005,0.5,none,True,True
26656,1.0,0.0047,0.5,none,True,True
26657,1.0,0.0045,0.5,none,True,True
26658,1.0,0.0044,0.5,none,True,True
26659,1.0,0.0043,0.5,none,True,True
26660,1.0,0.0042,0.5,none,True,True
26661,1.0,0.0041,0.5,none,True,True
26662,1.0,0.004,0.5,none,True,True
26663,1.0,0.0039,0.5,none,True,True
26664,1.0,0.0038,0.5,none,True,True
26665,1.0,0.0037,0.5,none,True,True
26666,1.0,0.0035,0.5,none,True,True
26667,1.0,0.0033,0.5,none,True,True
26668,1.0,0.0032,0.5,none,True,True
26669,1.0,0.003,0.5,none,True,True
26670,1.0,0.0028,0.5,none,True,True
26671,1.0,0.0026,0.5,none,True,True
26672,1.0,0.0024,0.5,none,True,True
26673,1.0,0.0023,0.5,none,True,True
26674,1.0,0.0021,0.5,none,True,True
26675,1.0,0.0019,0.5,none,True,True
26676,1.0,0.0018,0.5,none,True,True
26677,1.0,0.0017,0.5,none,True,True
26678,1.0,0.0015,0.5,none,True,True
26679,1.0,0.0014,0.5,none,True,True
26680,1.0,0.0013,0.5,none,True,True
26681,1.0,0.0013,0.5,none,True,True
26682,1.0,0.0012,0.5,none,True,True
26683,1.0,0.0011,0.5,none,True,True
26684,1.0,0.0011,0.5,none,True,True
26685,1.0,0.001,0.5,none,True,True
26686,1.0,0.001,0.5,none,True,True
26687,1.0,0.0009,0.5,none,True,True
26688,1.0,0.0009,0.5,none,True,True
26689,1.0,0.0008,0.5,none,True,True
26690,1.0,0.0008,0.5,none,True,True
26691,1.0,0.0008,0.5,none,True,True
26692,1.0,0.0007,0.5,none,True,True
26693,1.0,0.0007,0.5,none,True,True
26694,1.0,0.0006,0.5,none,True,True
26695,1.0,0.0006,0.5,none,True,True
26696,1.0,0.0006,0.5,none,True,True
26697,1.0,0.0005,0.5,none,True,True
26698,1.0,0.0005,0.5,none,True,True
26699,1.0,0.0005,0.5,none,True,True
26700,1.0,0.0004,0.5,none,True,True
26701,1.0,0.0004,0.5,none,True,True
26702,1.0,0.0004,0.5,none,True,True
26703,1.0,0.0004,0.5,none,True,True
26704,1.0,0.0003,0.5,none,True,True
26705,1.0,0.0003,0.5,none,True,True
26706,1.0,0.0003,0.5,none,True,True
26707,1.0,0.0003,0.5,none,True,True
26708,1.0,0.0003,0.5,none,True,True
26709,1.0,0.0003,0.5,none,True,True
26710,1.0,0.0002,0.5,none,True,True
26711,1.0,0.0002,0.5,none,True,True
26712,1.0,0.0002,0.5,none,True,True
26713,1.0,0.0002,0.5,none,True,True
26714,1.0,0.0002,0.5,none,True,True
26715,1.0,0.0002,0.5,none,True,True
26716,1.0,0.0002,0.5,none,True,True
26717,1.0,0.0002,0.5,none,True,True
26718,1.0,0.0002,0.5,none,True,True
26719,1.0,0.0001,0.5,none,True,True
26720,1.0,0.0001,0.5,none,True,True
26721,1.0,0.0001,0.5,none,True,True
26722,1.0,0.0001,0.5,none,True,True
26723,1.0,0.0001,0.5,none,True,True
26724,1.0,0.0001,0.5,none,True,True
26725,1.0,0.0001,0.5,none,True,True
26726,1.0,0.0001,0.5,none,True,True
26727,1.0,0.0001,0.5,none,True,True
26728,1.0,0.0001,0.5,none,True,True
26729,1.0,0.0001,0.5,none,True,True
26730,1.0,0.0001,0.5,none,True,True
26731,1.0,0.0001,0.5,none,True,True
26732,1.0,0.0001,0.5,none,True,True
26733,1.0,0.0001,0.5,none,True,True
26734,1.0,0.0001,0.5,none,True,True
26735,1.0,0.0001,0.5,none,True,True
26736,1.0,0.0001,0.5,none,True,True
26737,1.0,0.0,0.5,none,True,True
26738,1.0,0.0,0.5,none,True,True
26739,1.0,0.0,0.5,none,True,True
26740,1.0,0.0,0.5,none,True,True
26741,1.0,0.0,0.5,none,True,True
26742,1.0,0.0,0.5,none,True,True
26743,1.0,0.0,0.5,none,True,True
26744,1.0,0.0,0.5,none,True,True
26745,1.0,0.0,0.5,none,True,True
26746,1.0,0.0,0.5,none,True,True
26747,1.0,0.0,0.5,none,True,True
26748,1.0,0.0,0.5,none,True,True
26749,1.0,0.0,0.5,none,True,True
26750,1.0,0.0,0.5,none,True,True
26751,1.0,0.0,0.5,none,True,True
26752,1.0,0.0,0.5,none,True,True
26753,1.0,0.0,0.5,none,True,True
26754,1.0,0.0,0.5,none,True,True
26755,1.0,0.0,0.5,none,True,True
26756,1.0,0.0,0.5,none,True,True
26757,1.0,0.0,0.5,none,True,True
26758,1.0,0.0,0.5,none,True,True
26759,1.0,0.0,0.5,none,True,True
26760,1.0,0.0,0.5,none,True,True
26761,1.0,0.0,0.5,none,True,True
26762,1.0,0.0,0.5,none,True,True
26763,1.0,0.0,0.5,none,True,True
26764,1.0,0.0,0.5,none,True,True
26765,1.0,0.0,0.5,none,True,True
26766,1.0,0.0,0.5,none,True,True
26767,1.0,0.0,0.5,none,True,True
26768,1.0,0.0,0.5,none,True,True
26769,1.0,0.0,0.5,none,True,True
26770,1.0,0.0,0.5,none,True,True
26771,1.0,0.0,0.5,none,True,True
26772,1.0,0.0,0.5,none,True,True
26773,1.0,0.0,0.5,none,True,True
26774,1.0,0.0,0.5,none,True,True
26775,1.0,0.0,0.5,none,True,True
26776,1.0,0.0,0.5,none,True,True
26777,1.0,0.0,0.5,none,True,True
26778,1.0,0.0,0.5,none,True,True
26779,1.0,0.0,0.5,none,True,True
26780,1.0,0.0,0.5,none,True,True
26781,1.0,0.0,0.5,none,True,True
26782,1.0,0.0,0.5,none,True,True
26783,1.0,0.0,0.5,none,True,True
26784,1.0,0.0,0.5,none,True,True
26785,1.0,0.0,0.5,none,True,True
26786,1.0,0.0,0.5,none,True,True
26787,1.0,0.0,0.5,none,True,True
26788,1.0,0.0,0.5,none,True,True
26789,1.0,0.0,0.5,none,True,True
26790,1.0,0.0,0.5,none,True,True
26791,1.0,0.0,0.5,none,True,True
26792,1.0,0.0,0.5,none,True,True
26793,1.0,0.0,0.5,none,True,True
26794,1.0,0.0,0.5,none,True,True
26795,1.0,0.0,0.5,none,True,True
26796,1.0,0.0,0.5,none,True,True
26797,1.0,0.0,0.5,none,True,True
26798,1.0,0.0,0.5,none,True,True
26799,1.0,0.0,0.5,none,True,True
26800,1.0,0.0,0.5,none,True,True
26801,1.0,0.0,0.5,none,True,True
26802,1.0,0.0,0.5,none,True,True
26803,1.0,0.0,0.5,none,True,True
26804,1.0,0.0,0.5,none,True,True
26805,1.0,0.0,0.5,none,True,True
26806,1.0,0.0,0.5,none,True,True
26807,1.0,0.0,0.5,none,True,True
26808,1.0,0.0,0.5,none,True,True
26809,1.0,0.0,0.5,none,True,True
26810,1.0,0.0,0.5,none,True,True
26811,1.0,0.0,0.5,none,True,True
26812,1.0,0.0,0.5,none,True,True
26813,1.0,0.0,0.5,none,True,True
26814,1.0,0.0,0.5,none,True,True
26815,1.0,0.0,0.5,none,True,True
26816,1.0,0.0,0.5,none,True,True
26817,1.0,0.0,0.5,none,True,True
26818,1.0,0.0,0.5,none,True,True
26819,1.0,0.0,0.5,none,True,True
26820,1.0,0.0,0.5,none,True,True
26821,1.0,0.0,0.5,none,True,True
26822,1.0,0.0,0.5,none,True,True
26823,1.0,0.0,0.5,none,True,True
26824,1.0,0.0,0.5,none,True,True
26825,1.0,0.0,0.5,none,True,True
26826,1.0,0.0,0.5,none,True,True
26827,1.0,0.0,0.5,none,True,True
26828,1.0,0.0,0.5,none,True,True
26829,1.0,0.0,0.5,none,True,True
26830,1.0,0.0,0.5,none,True,True
26831,1.0,0.0,0.5,none,True,True
26832,1.0,0.0,0.5,none,True,True
26833,1.0,0.0,0.5,none,True,True
26834,1.0,0.0,0.5,none,True,True
26835,1.0,0.0,0.5,none,True,True
26836,1.0,0.0,0.5,none,True,True
26837,1.0,0.0,0.5,none,True,True
26838,1.0,0.0,0.5,none,True,True
26839,1.0,0.0,0.5,none,True,True
26840,1.0,0.0,0.5,none,True,True
26841,1.0,0.0,0.5,none,True,True
26842,1.0,0.0,0.5,none,True,True
26843,1.0,0.0,0.5,none,True,True
26844,1.0,0.0,0.5,none,True,True
26845,1.0,0.0,0.5,none,True,True
26846,1.0,0.0,0.5,none,True,True
26847,1.0,0.0,0.5,none,True,True
26848,1.0,0.0,0.5,none,True,True
26849,1.0,0.0,0.5,none,True,True
26850,1.0,0.0,0.5,none,True,True
26851,1.0,0.0,0.5,none,True,True
26852,1.0,0.0,0.5,none,True,True
26853,1.0,0.0,0.5,none,True,True
26854,1.0,0.0,0.5,none,True,True
26855,1.0,0.0,0.5,none,True,True
26856,1.0,0.0,0.5,none,True,True
26857,1.0,0.0,0.5,none,True,True
26858,1.0,0.0,0.5,none,True,True
26859,1.0,0.0,0.5,none,True,True
26860,1.0,0.0,0.5,none,True,True
26861,1.0,0.0,0.5,none,True,True
26862,1.0,0.0,0.5,none,True,True
26863,1.0,0.0,0.5,none,True,True
26864,1.0,0.0,0.5,none,True,True
26865,1.0,0.0,0.5,none,True,True
26866,1.0,0.0,0.5,none,True,True
26867,1.0,0.0,0.5,none,True,True
26868,1.0,0.0,0.5,none,True,True
26869,1.0,0.0,0.5,none,True,True
26870,1.0,0.0,0.5,none,True,True
26871,1.0,0.0,0.5,none,True,True
26872,1.0,0.0,0.5,none,True,True
26873,1.0,0.0,0.5,none,True,True
26874,1.0,0.0,0.5,none,True,True
26875,1.0,0.0,0.5,none,True,True
26876,1.0,0.0,0.5,none,True,True
26877,1.0,0.0,0.5,none,True,True
26878,1.0,0.0,0.5,none,True,True
26879,1.0,0.0,0.5,none,True,True
26880,1.0,0.0,0.5,none,True,True
26881,1.0,0.0,0.5,none,True,True
26882,1.0,0.0,0.5,none,True,True
26883,1.0,0.0,0.5,none,True,True
26884,1.0,0.0,0.5,none,True,True
26885,1.0,0.0,0.5,none,True,True
26886,1.0,0.0,0.5,none,True,True
26887,1.0,0.0,0.5,none,True,True
26888,1.0,0.0,0.5,none,True,True
26889,1.0,0.0,0.5,none,True,True
26890,1.0,0.0,0.5,none,True,True
26891,1.0,0.0,0.5,none,True,True
26892,1.0,0.0,0.5,none,True,True
26893,1.0,0.0,0.5,none,True,True
26894,1.0,0.0,0.5,none,True,True
26895,1.0,0.0,0.5,none,True,True
26896,1.0,0.0,0.5,none,True,True
26897,1.0,0.0,0.5,none,True,True
26898,1.0,0.0,0.5,none,True,True
26899,1.0,0.0,0.5,none,True,True
26900,1.0,0.0,0.5,none,True,True
26901,1.0,0.0,0.5,none,True,True
26902,1.0,0.0,0.5,none,True,True
26903,1.0,0.0,0.5,none,True,True
26904,1.0,0.0,0.5,none,True,True
26905,1.0,0.0,0.5,none,True,True
26906,1.0,0.0,0.5,none,True,True
26907,1.0,0.0,0.5,none,True,True
26908,1.0,0.0,0.5,none,True,True
26909,1.0,0.0,0.5,none,True,True
26910,1.0,0.0,0.5,none,True,True
26911,1.0,0.0,0.5,none,True,True
26912,1.0,0.0,0.5,none,True,True
26913,1.0,0.0,0.5,none,True,True
26914,1.0,0.0,0.5,none,True,True
26915,1.0,0.0,0.5,none,True,True
26916,1.0,0.0,0.5,none,True,True
26917,1.0,0.0,0.5,none,True,True
26918,1.0,0.0,0.5,none,True,True
26919,1.0,0.0,0.5,none,True,True
26920,1.0,0.0,0.5,none,True,True
26921,1.0,0.0,0.5,none,True,True
26922,1.0,0.0,0.5,none,True,True
26923,1.0,0.0,0.5,none,True,True
26924,1.0,0.0,0.5,none,True,True
26925,1.0,0.0,0.5,none,True,True
26926,1.0,0.0,0.5,none,True,True
26927,1.0,0.0,0.5,none,True,True
26928,1.0,0.0,0.5,none,True,True
26929,1.0,0.0,0.5,none,True,True
26930,1.0,0.0,0.5,none,True,True
26931,1.0,0.0,0.5,none,True,True
26932,1.0,0.0,0.5,none,True,True
26933,1.0,0.0,0.5,none,True,True
26934,1.0,0.0,0.5,none,True,True
26935,1.0,0.0,0.5,none,True,True
26936,1.0,0.0,0.5,none,True,True
26937,1.0,0.0,0.5,none,True,True
26938,1.0,0.0,0.5,none,True,True
26939,1.0,0.0,0.5,none,True,True
26940,1.0,0.0,0.5,none,True,True
26941,1.0,0.0,0.5,none,True,True
26942,1.0,0.0,0.5,none,True,True
26943,1.0,0.0,0.5,none,True,True
26944,1.0,0.0,0.5,none,True,True
26945,1.0,0.0,0.5,none,True,True
26946,1.0,0.0,0.5,none,True,True
26947,1.0,0.0,0.5,none,True,True
26948,1.0,0.0,0.5,none,True,True
26949,1.0,0.0,0.5,none,True,True
26950,1.0,0.0,0.5,none,True,True
26951,1.0,0.0,0.5,none,True,True
26952,1.0,0.0,0.5,none,True,True
26953,1.0,0.0,0.5,none,True,True
26954,1.0,0.0,0.5,none,True,True
26955,1.0,0.0,0.5,none,True,True
26956,1.0,0.0,0.5,none,True,True
26957,1.0,0.0,0.5,none,True,True
26958,1.0,0.0,0.5,none,True,True
26959,1.0,0.0,0.5,none,True,True
26960,1.0,0.0,0.5,none,True,True
26961,1.0,0.0,0.5,none,True,True
26962,1.0,0.0,0.5,none,True,True
26963,1.0,0.0,0.5,none,True,True
26964,1.0,0.0,0.5,none,True,True
26965,1.0,0.0,0.5,none,True,True
26966,1.0,0.0,0.5,none,True,True
26967,1.0,0.0,0.5,none,True,True
26968,1.0,0.0,0.5,none,True,True
26969,1.0,0.0,0.5,none,True,True
26970,1.0,0.0,0.5,none,True,True
26971,1.0,0.0,0.5,none,True,True
26972,1.0,0.0,0.5,none,True,True
26973,1.0,0.0,0.5,none,True,True
26974,1.0,0.0,0.5,none,True,True
26975,1.0,0.0,0.5,none,True,True
26976,1.0,0.0,0.5,none,True,True
26977,1.0,0.0,0.5,none,True,True
26978,1.0,0.0,0.5,none,True,True
26979,1.0,0.0,0.5,none,True,True
26980,1.0,0.0,0.5,none,True,True
26981,1.0,0.0,0.5,none,True,True
26982,1.0,0.0,0.5,none,True,True
26983,1.0,0.0,0.5,none,True,True
26984,1.0,0.0,0.5,none,True,True
26985,1.0,0.0,0.5,none,True,True
26986,1.0,0.0,0.5,none,True,True
26987,1.0,0.0,0.5,none,True,True
26988,1.0,0.0,0.5,none,True,True
26989,1.0,0.0,0.5,none,True,True
26990,1.0,0.0,0.5,none,True,True
26991,1.0,0.0,0.5,none,True,True
26992,1.0,0.0,0.5,none,True,True
26993,1.0,0.0,0.5,none,True,True
26994,1.0,0.0,0.5,none,True,True
26995,1.0,0.0,0.5,none,True,True
26996,1.0,0.0,0.5,none,True,True
26997,1.0,0.0,0.5,none,True,True
26998,1.0,0.0,0.5,none,True,True
26999,1.0,0.0,0.5,none,True,True
27000,1.0,0.0,0.5,none,True,True
27001,1.0,0.0,0.5,none,True,True
27002,1.0,0.0,0.5,none,True,True
27003,1.0,0.0,0.5,none,True,True
27004,1.0,0.0,0.5,none,True,True
27005,1.0,0.0,0.5,none,True,True
27006,1.0,0.0,0.5,none,True,True
27007,1.0,0.0,0.5,none,True,True
27008,1.0,0.0,0.5,none,True,True
27009,1.0,0.0,0.5,none,True,True
27010,1.0,0.0,0.5,none,True,True
27011,1.0,0.0,0.5,none,True,True
27012,1.0,0.0,0.5,none,True,True
27013,1.0,0.0,0.5,none,True,True
27014,1.0,0.0,0.5,none,True,True
27015,1.0,0.0,0.5,none,True,True
27016,1.0,0.0,0.5,none,True,True
27017,1.0,0.0,0.5,none,True,True
27018,1.0,0.0,0.5,none,True,True
27019,1.0,0.0,0.5,none,True,True
27020,1.0,0.0,0.5,none,True,True
27021,1.0,0.0,0.5,none,True,True
27022,1.0,0.0,0.5,none,True,True
27023,1.0,0.0,0.5,none,True,True
27024,1.0,0.0,0.5,none,True,True
27025,1.0,0.0,0.5,none,True,True
27026,1.0,0.0,0.5,none,True,True
27027,1.0,0.0,0.5,none,True,True
27028,1.0,0.0,0.5,none,True,True
27029,1.0,0.0,0.5,none,True,True
27030,1.0,0.0,0.5,none,True,True
27031,1.0,0.0,0.5,none,True,True
27032,1.0,0.0,0.5,none,True,True
27033,1.0,0.0,0.5,none,True,True
27034,1.0,0.0,0.5,none,True,True
27035,1.0,0.0,0.5,none,True,True
27036,1.0,0.0,0.5,none,True,True
27037,1.0,0.0,0.5,none,True,True
27038,1.0,0.0,0.5,none,True,True
27039,1.0,0.0,0.5,none,True,True
27040,1.0,0.0,0.5,none,True,True
27041,1.0,0.0,0.5,none,True,True
27042,1.0,0.0,0.5,none,True,True
27043,1.0,0.0,0.5,none,True,True
27044,1.0,0.0,0.5,none,True,True
27045,1.0,0.0,0.5,none,True,True
27046,1.0,0.0,0.5,none,True,True
27047,1.0,0.0,0.5,none,True,True
27048,1.0,0.0,0.5,none,True,True
27049,1.0,0.0,0.5,none,True,True
27050,1.0,0.0,0.5,none,True,True
27051,1.0,0.0,0.5,none,True,True
27052,1.0,0.0,0.5,none,True,True
27053,1.0,0.0,0.5,none,True,True
27054,1.0,0.0,0.5,none,True,True
27055,1.0,0.0,0.5,none,True,True
27056,1.0,0.0,0.5,none,True,True
27057,1.0,0.0,0.5,none,True,True
27058,1.0,0.0,0.5,none,True,True
27059,1.0,0.0,0.5,none,True,True
27060,1.0,0.0,0.5,none,True,True
27061,1.0,0.0,0.5,none,True,True
27062,1.0,0.0,0.5,none,True,True
27063,1.0,0.0,0.5,none,True,True
27064,1.0,0.0,0.5,none,True,True
27065,1.0,0.0,0.5,none,True,True
27066,1.0,0.0,0.5,none,True,True
27067,1.0,0.0,0.5,none,True,True
27068,1.0,0.0,0.5,none,True,True
27069,1.0,0.0,0.5,none,True,True
27070,1.0,0.0,0.5,none,True,True
27071,1.0,0.0,0.5,none,True,True
27072,1.0,0.0,0.5,none,True,True
27073,1.0,0.0,0.5,none,True,True
27074,1.0,0.0,0.5,none,True,True
27075,1.0,0.0,0.5,none,True,True
27076,1.0,0.0,0.5,none,True,True
27077,1.0,0.0,0.5,none,True,True
27078,1.0,0.0,0.5,none,True,True
27079,1.0,0.0,0.5,none,True,True
27080,1.0,0.0,0.5,none,True,True
27081,1.0,0.0,0.5,none,True,True
27082,1.0,0.0,0.5,none,True,True
27083,1.0,0.0,0.5,none,True,True
27084,1.0,0.0,0.5,none,True,True
27085,1.0,0.0,0.5,none,True,True
27086,1.0,0.0,0.5,none,True,True
27087,1.0,0.0,0.5,none,True,True
27088,1.0,0.0,0.5,none,True,True
27089,1.0,0.0,0.5,none,True,True
27090,1.0,0.0,0.5,none,True,True
27091,1.0,0.0,0.5,none,True,True
27092,1.0,0.0,0.5,none,True,True
27093,1.0,0.0,0.5,none,True,True
27094,1.0,0.0,0.5,none,True,True
27095,1.0,0.0,0.5,none,True,True
27096,1.0,0.0,0.5,none,True,True
27097,1.0,0.0,0.5,none,True,True
27098,1.0,0.0,0.5,none,True,True
27099,1.0,0.0,0.5,none,True,True
27100,1.0,0.0,0.5,none,True,True
27101,1.0,0.0,0.5,none,True,True
27102,1.0,0.0,0.5,none,True,True
27103,1.0,0.0,0.5,none,True,True
27104,1.0,0.0,0.5,none,True,True
27105,1.0,0.0,0.5,none,True,True
27106,1.0,0.0,0.5,none,True,True
27107,1.0,0.0,0.5,none,True,True
27108,1.0,0.0,0.5,none,True,True
27109,1.0,0.0,0.5,none,True,True
27110,1.0,0.0,0.5,none,True,True
27111,1.0,0.0,0.5,none,True,True
27112,1.0,0.0,0.5,none,True,True
27113,1.0,0.0,0.5,none,True,True
27114,1.0,0.0,0.5,none,True,True
27115,1.0,0.0,0.5,none,True,True
27116,1.0,0.0,0.5,none,True,True
27117,1.0,0.0,0.5,none,True,True
27118,1.0,0.0,0.5,none,True,True
27119,1.0,0.0,0.5,none,True,True
27120,1.0,0.0,0.5,none,True,True
27121,1.0,0.0,0.5,none,True,True
27122,1.0,0.0,0.5,none,True,True
27123,1.0,0.0,0.5,none,True,True
27124,1.0,0.0,0.5,none,True,True
27125,1.0,0.0,0.5,none,True,True
27126,1.0,0.0,0.5,none,True,True
27127,1.0,0.0,0.5,none,True,True
27128,1.0,0.0,0.5,none,True,True
27129,1.0,0.0,0.5,none,True,True
27130,1.0,0.0,0.5,none,True,True
27131,1.0,0.0,0.5,none,True,True
27132,1.0,0.0,0.5,none,True,True
27133,1.0,0.0,0.5,none,True,True
27134,1.0,0.0,0.5,none,True,True
27135,1.0,0.0,0.5,none,True,True
27136,1.0,0.0,0.5,none,True,True
27137,1.0,0.0,0.5,none,True,True
27138,1.0,0.0,0.5,none,True,True
27139,1.0,0.0,0.5,none,True,True
27140,1.0,0.0,0.5,none,True,True
27141,1.0,0.0,0.5,none,True,True
27142,1.0,0.0,0.5,none,True,True
27143,1.0,0.0,0.5,none,True,True
27144,1.0,0.0,0.5,none,True,True
27145,1.0,0.0,0.5,none,True,True
27146,1.0,0.0,0.5,none,True,True
27147,1.0,0.0,0.5,none,True,True
27148,1.0,0.0,0.5,none,True,True
27149,1.0,0.0,0.5,none,True,True
27150,1.0,0.0,0.5,none,True,True
27151,1.0,0.0,0.5,none,True,True
27152,1.0,0.0,0.5,none,True,True
27153,1.0,0.0,0.5,none,True,True
27154,1.0,0.0,0.5,none,True,True
27155,1.0,0.0,0.5,none,True,True
27156,1.0,0.0,0.5,none,True,True
27157,1.0,0.0,0.5,none,True,True
27158,1.0,0.0,0.5,none,True,True
27159,1.0,0.0,0.5,none,True,True
27160,1.0,0.0,0.5,none,True,True
27161,1.0,0.0,0.5,none,True,True
27162,1.0,0.0,0.5,none,True,True
27163,1.0,0.0,0.5,none,True,True
27164,1.0,0.0,0.5,none,True,True
27165,1.0,0.0,0.5,none,True,True
27166,1.0,0.0,0.5,none,True,True
27167,1.0,0.0,0.5,none,True,True
27168,1.0,0.0,0.5,none,True,True
27169,1.0,0.0,0.5,none,True,True
27170,1.0,0.0,0.5,none,True,True
27171,1.0,0.0,0.5,none,True,True
27172,1.0,0.0,0.5,none,True,True
27173,1.0,0.0,0.5,none,True,True
27174,1.0,0.0,0.5,none,True,True
27175,1.0,0.0,0.5,none,True,True
27176,1.0,0.0,0.5,none,True,True
27177,1.0,0.0,0.5,none,True,True
27178,1.0,0.0,0.5,none,True,True
27179,1.0,0.0,0.5,none,True,True
27180,1.0,0.0,0.5,none,True,True
27181,1.0,0.0,0.5,none,True,True
27182,1.0,0.0,0.5,none,True,True
27183,1.0,0.0,0.5,none,True,True
27184,1.0,0.0,0.5,none,True,True
27185,1.0,0.0,0.5,none,True,True
27186,1.0,0.0,0.5,none,True,True
27187,1.0,0.0,0.5,none,True,True
27188,1.0,0.0,0.5,none,True,True
27189,1.0,0.0,0.5,none,True,True
27190,1.0,0.0,0.5,none,True,True
27191,1.0,0.0,0.5,none,True,True
27192,1.0,0.0,0.5,none,True,True
27193,1.0,0.0,0.5,none,True,True
27194,1.0,0.0,0.5,none,True,True
27195,1.0,0.0,0.5,none,True,True
27196,1.0,0.0,0.5,none,True,True
27197,1.0,0.0,0.5,none,True,True
27198,1.0,0.0,0.5,none,True,True
27199,1.0,0.0,0.5,none,True,True
27200,1.0,0.0,0.5,none,True,True
27201,1.0,0.0,0.5,none,True,True
27202,1.0,0.0,0.5,none,True,True
27203,1.0,0.0,0.5,none,True,True
27204,1.0,0.0,0.5,none,True,True
27205,1.0,0.0,0.5,none,True,True
27206,1.0,0.0,0.5,none,True,True
27207,1.0,0.0,0.5,none,True,True
27208,1.0,0.0,0.5,none,True,True
27209,1.0,0.0,0.5,none,True,True
27210,1.0,0.0,0.5,none,True,True
27211,1.0,0.0,0.5,none,True,True
27212,1.0,0.0,0.5,none,True,True
27213,1.0,0.0,0.5,none,True,True
27214,1.0,0.0,0.5,none,True,True
27215,1.0,0.0,0.5,none,True,True
27216,1.0,0.0,0.5,none,True,True
27217,1.0,0.0,0.5,none,True,True
27218,1.0,0.0,0.5,none,True,True
27219,1.0,0.0,0.5,none,True,True
27220,1.0,0.0,0.5,none,True,True
27221,1.0,0.0,0.5,none,True,True
27222,1.0,0.0,0.5,none,True,True
27223,1.0,0.0,0.5,none,True,True
27224,1.0,0.0,0.5,none,True,True
27225,1.0,0.0,0.5,none,True,True
27226,1.0,0.0,0.5,none,True,True
27227,1.0,0.0,0.5,none,True,True
27228,1.0,0.0,0.5,none,True,True
27229,1.0,0.0,0.5,none,True,True
27230,1.0,0.0,0.5,none,True,True
27231,1.0,0.0,0.5,none,True,True
27232,1.0,0.0,0.5,none,True,True
27233,1.0,0.0,0.5,none,True,True
27234,1.0,0.0,0.5,none,True,True
27235,1.0,0.0,0.5,none,True,True
27236,1.0,0.0,0.5,none,True,True
27237,1.0,0.0,0.5,none,True,True
27238,1.0,0.0,0.5,none,True,True
27239,1.0,0.0,0.5,none,True,True
27240,1.0,0.0,0.5,none,True,True
27241,1.0,0.0,0.5,none,True,True
27242,1.0,0.0,0.5,none,True,True
27243,1.0,0.0,0.5,none,True,True
27244,1.0,0.0,0.5,none,True,True
27245,1.0,0.0,0.5,none,True,True
27246,1.0,0.0,0.5,none,True,True
27247,1.0,0.0,0.5,none,True,True
27248,1.0,0.0,0.5,none,True,True
27249,1.0,0.0,0.5,none,True,True
27250,1.0,0.0,0.5,none,True,True
27251,1.0,0.0,0.5,none,True,True
27252,1.0,0.0,0.5,none,True,True
27253,1.0,0.0,0.5,none,True,True
27254,1.0,0.0,0.5,none,True,True
27255,1.0,0.0,0.5,none,True,True
27256,1.0,0.0,0.5,none,True,True
27257,1.0,0.0,0.5,none,True,True
27258,1.0,0.0,0.5,none,True,True
27259,1.0,0.0,0.5,none,True,True
27260,1.0,0.0,0.5,none,True,True
27261,1.0,0.0,0.5,none,True,True
27262,1.0,0.0,0.5,none,True,True
27263,1.0,0.0,0.5,none,True,True
27264,1.0,0.0,0.5,none,True,True
27265,1.0,0.0,0.5,none,True,True
27266,1.0,0.0,0.5,none,True,True
27267,1.0,0.0,0.5,none,True,True
27268,1.0,0.0,0.5,none,True,True
27269,1.0,0.0,0.5,none,True,True
27270,1.0,0.0,0.5,none,True,True
27271,1.0,0.0,0.5,none,True,True
27272,1.0,0.0,0.5,none,True,True
27273,1.0,0.0,0.5,none,True,True
27274,1.0,0.0,0.5,none,True,True
27275,1.0,0.0,0.5,none,True,True
27276,1.0,0.0,0.5,none,True,True
27277,1.0,0.0,0.5,none,True,True
27278,1.0,0.0,0.5,none,True,True
27279,1.0,0.0,0.5,none,True,True
27280,1.0,0.0,0.5,none,True,True
27281,1.0,0.0,0.5,none,True,True
27282,1.0,0.0,0.5,none,True,True
27283,1.0,0.0,0.5,none,True,True
27284,1.0,0.0,0.5,none,True,True
27285,1.0,0.0,0.5,none,True,True
27286,1.0,0.0,0.5,none,True,True
27287,1.0,0.0,0.5,none,True,True
27288,1.0,0.0,0.5,none,True,True
27289,1.0,0.0,0.5,none,True,True
27290,1.0,0.0,0.5,none,True,True
27291,1.0,0.0,0.5,none,True,True
27292,1.0,0.0,0.5,none,True,True
27293,1.0,0.0,0.5,none,True,True
27294,1.0,0.0,0.5,none,True,True
27295,1.0,0.0,0.5,none,True,True
27296,1.0,0.0,0.5,none,True,True
27297,1.0,0.0,0.5,none,True,True
27298,1.0,0.0,0.5,none,True,True
27299,1.0,0.0,0.5,none,True,True
27300,1.0,0.0061,0.5,none,True,True
27301,1.0,0.0357,0.5,none,True,True
27302,1.0,0.0812,0.5,none,True,True
27303,1.0,0.1113,0.5,none,True,True
27304,1.0,0.1253,0.5,none,True,True
27305,1.0,0.1408,0.5,none,True,True
27306,1.0,0.0907,0.5,none,True,True
27307,1.0,0.1198,0.5,none,True,True
27308,1.0,0.0467,0.5,none,True,True
27309,1.0,0.0522,0.5,none,True,True
27310,1.0,0.0405,0.5,none,True,True
27311,1.0,0.0313,0.5,none,True,True
27312,1.0,0.0083,0.5,none,True,True
27313,1.0,0.0726,0.5,none,True,True
27314,1.0,0.0793,0.5,none,True,True
27315,1.0,0.0581,0.5,none,True,True
27316,1.0,0.0955,0.5,none,True,True
27317,1.0,0.0839,0.5,none,True,True
27318,1.0,0.0648,0.5,none,True,True
27319,1.0,0.0718,0.5,none,True,True
27320,1.0,0.0589,0.5,none,True,True
27321,1.0,0.0403,0.5,none,True,True
27322,1.0,0.0327,0.5,none,True,True
27323,1.0,0.0277,0.5,none,True,True
27324,1.0,0.017,0.5,none,True,True
27325,1.0,0.0102,0.5,none,True,True
27326,1.0,0.0099,0.5,none,True,True
27327,1.0,0.008,0.5,none,True,True
27328,1.0,0.005,0.5,none,True,True
27329,1.0,0.0063,0.5,none,True,True
27330,1.0,0.009,0.5,none,True,True
27331,1.0,0.0096,0.5,none,True,True
27332,1.0,0.0108,0.5,none,True,True
27333,1.0,0.014,0.5,none,True,True
27334,1.0,0.0161,0.5,none,True,True
27335,1.0,0.0167,0.5,none,True,True
27336,1.0,0.0182,0.5,none,True,True
27337,1.0,0.0196,0.5,none,True,True
27338,1.0,0.0197,0.5,none,True,True
27339,1.0,0.0193,0.5,none,True,True
27340,1.0,0.0193,0.5,none,True,True
27341,1.0,0.0187,0.5,none,True,True
27342,1.0,0.0174,0.5,none,True,True
27343,1.0,0.0163,0.5,none,True,True
27344,1.0,0.0152,0.5,none,True,True
27345,1.0,0.0138,0.5,none,True,True
27346,1.0,0.0123,0.5,none,True,True
27347,1.0,0.0111,0.5,none,True,True
27348,1.0,0.01,0.5,none,True,True
27349,1.0,0.0088,0.5,none,True,True
27350,1.0,0.0078,0.5,none,True,True
27351,1.0,0.0071,0.5,none,True,True
27352,1.0,0.0064,0.5,none,True,True
27353,1.0,0.0057,0.5,none,True,True
27354,1.0,0.0053,0.5,none,True,True
27355,1.0,0.005,0.5,none,True,True
27356,1.0,0.0047,0.5,none,True,True
27357,1.0,0.0045,0.5,none,True,True
27358,1.0,0.0044,0.5,none,True,True
27359,1.0,0.0043,0.5,none,True,True
27360,1.0,0.0042,0.5,none,True,True
27361,1.0,0.0041,0.5,none,True,True
27362,1.0,0.004,0.5,none,True,True
27363,1.0,0.0039,0.5,none,True,True
27364,1.0,0.0038,0.5,none,True,True
27365,1.0,0.0037,0.5,none,True,True
27366,1.0,0.0035,0.5,none,True,True
27367,1.0,0.0033,0.5,none,True,True
27368,1.0,0.0032,0.5,none,True,True
27369,1.0,0.003,0.5,none,True,True
27370,1.0,0.0028,0.5,none,True,True
27371,1.0,0.0026,0.5,none,True,True
27372,1.0,0.0024,0.5,none,True,True
27373,1.0,0.0023,0.5,none,True,True
27374,1.0,0.0021,0.5,none,True,True
27375,1.0,0.0019,0.5,none,True,True
27376,1.0,0.0018,0.5,none,True,True
27377,1.0,0.0017,0.5,none,True,True
27378,1.0,0.0015,0.5,none,True,True
27379,1.0,0.0014,0.5,none,True,True
27380,1.0,0.0013,0.5,none,True,True
27381,1.0,0.0013,0.5,none,True,True
27382,1.0,0.0012,0.5,none,True,True
27383,1.0,0.0011,0.5,none,True,True
27384,1.0,0.0011,0.5,none,True,True
27385,1.0,0.001,0.5,none,True,True
27386,1.0,0.001,0.5,none,True,True
27387,1.0,0.0009,0.5,none,True,True
27388,1.0,0.0009,0.5,none,True,True
27389,1.0,0.0008,0.5,none,True,True
27390,1.0,0.0008,0.5,none,True,True
27391,1.0,0.0008,0.5,none,True,True
27392,1.0,0.0007,0.5,none,True,True
27393,1.0,0.0007,0.5,none,True,True
27394,1.0,0.0006,0.5,none,True,True
27395,1.0,0.0006,0.5,none,True,True
27396,1.0,0.0006,0.5,none,True,True
27397,1.0,0.0005,0.5,none,True,True
27398,1.0,0.0005,0.5,none,True,True
27399,1.0,0.0005,0.5,none,True,True
27400,1.0,0.0004,0.5,none,True,True
27401,1.0,0.0004,0.5,none,True,True
27402,1.0,0.0004,0.5,none,True,True
27403,1.0,0.0004,0.5,none,True,True
27404,1.0,0.0003,0.5,none,True,True
27405,1.0,0.0003,0.5,none,True,True
27406,1.0,0.0003,0.5,none,True,True
27407,1.0,0.0003,0.5,none,True,True
27408,1.0,0.0003,0.5,none,True,True
27409,1.0,0.0003,0.5,none,True,True
27410,1.0,0.0002,0.5,none,True,True
27411,1.0,0.0002,0.5,none,True,True
27412,1.0,0.0002,0.5,none,True,True
27413,1.0,0.0002,0.5,none,True,True
27414,1.0,0.0002,0.5,none,True,True
27415,1.0,0.0002,0.5,none,True,True
27416,1.0,0.0002,0.5,none,True,True
27417,1.0,0.0002,0.5,none,True,True
27418,1.0,0.0002,0.5,none,True,True
27419,1.0,0.0001,0.5,none,True,True
27420,1.0,0.0001,0.5,none,True,True
27421,1.0,0.0001,0.5,none,True,True
27422,1.0,0.0001,0.5,none,True,True
27423,1.0,0.0001,0.5,none,True,True
27424,1.0,0.0001,0.5,none,True,True
27425,1.0,0.0001,0.5,none,True,True
27426,1.0,0.0001,0.5,none,True,True
27427,1.0,0.0001,0.5,none,True,True
27428,1.0,0.0001,0.5,none,True,True
27429,1.0,0.0001,0.5,none,True,True
27430,1.0,0.0001,0.5,none,True,True
27431,1.0,0.0001,0.5,none,True,True
27432,1.0,0.0001,0.5,none,True,True
27433,1.0,0.0001,0.5,none,True,True
27434,1.0,0.0001,0.5,none,True,True
27435,1.0,0.0001,0.5,none,True,True
27436,1.0,0.0001,0.5,none,True,True
27437,1.0,0.0,0.5,none,True,True
27438,1.0,0.0,0.5,none,True,True
27439,1.0,0.0,0.5,none,True,True
27440,1.0,0.0,0.5,none,True,True
27441,1.0,0.0,0.5,none,True,True
27442,1.0,0.0,0.5,none,True,True
27443,1.0,0.0,0.5,none,True,True
27444,1.0,0.0,0.5,none,True,True
27445,1.0,0.0,0.5,none,True,True
27446,1.0,0.0,0.5,none,True,True
27447,1.0,0.0,0.5,none,True,True
27448,1.0,0.0,0.5,none,True,True
27449,1.0,0.0,0.5,none,True,True
27450,1.0,0.0,0.5,none,True,True
27451,1.0,0.0,0.5,none,True,True
27452,1.0,0.0,0.5,none,True,True
27453,1.0,0.0,0.5,none,True,True
27454,1.0,0.0,0.5,none,True,True
27455,1.0,0.0,0.5,none,True,True
27456,1.0,0.0,0.5,none,True,True
27457,1.0,0.0,0.5,none,True,True
27458,1.0,0.0,0.5,none,True,True
27459,1.0,0.0,0.5,none,True,True
27460,1.0,0.0,0.5,none,True,True
27461,1.0,0.0,0.5,none,True,True
27462,1.0,0.0,0.5,none,True,True
27463,1.0,0.0,0.5,none,True,True
27464,1.0,0.0,0.5,none,True,True
27465,1.0,0.0,0.5,none,True,True
27466,1.0,0.0,0.5,none,True,True
27467,1.0,0.0,0.5,none,True,True
27468,1.0,0.0,0.5,none,True,True
27469,1.0,0.0,0.5,none,True,True
27470,1.0,0.0,0.5,none,True,True
27471,1.0,0.0,0.5,none,True,True
27472,1.0,0.0,0.5,none,True,True
27473,1.0,0.0,0.5,none,True,True
27474,1.0,0.0,0.5,none,True,True
27475,1.0,0.0,0.5,none,True,True
27476,1.0,0.0,0.5,none,True,True
27477,1.0,0.0,0.5,none,True,True
27478,1.0,0.0,0.5,none,True,True
27479,1.0,0.0,0.5,none,True,True
27480,1.0,0.0,0.5,none,True,True
27481,1.0,0.0,0.5,none,True,True
27482,1.0,0.0,0.5,none,True,True
27483,1.0,0.0,0.5,none,True,True
27484,1.0,0.0,0.5,none,True,True
27485,1.0,0.0,0.5,none,True,True
27486,1.0,0.0,0.5,none,True,True
27487,1.0,0.0,0.5,none,True,True
27488,1.0,0.0,0.5,none,True,True
27489,1.0,0.0,0.5,none,True,True
27490,1.0,0.0,0.5,none,True,True
27491,1.0,0.0,0.5,none,True,True
27492,1.0,0.0,0.5,none,True,True
27493,1.0,0.0,0.5,none,True,True
27494,1.0,0.0,0.5,none,True,True
27495,1.0,0.0,0.5,none,True,True
27496,1.0,0.0,0.5,none,True,True
27497,1.0,0.0,0.5,none,True,True
27498,1.0,0.0,0.5,none,True,True
27499,1.0,0.0,0.5,none,True,True
27500,1.0,0.0,0.5,none,True,True
27501,1.0,0.0,0.5,none,True,True
27502,1.0,0.0,0.5,none,True,True
27503,1.0,0.0,0.5,none,True,True
27504,1.0,0.0,0.5,none,True,True
27505,1.0,0.0,0.5,none,True,True
27506,1.0,0.0,0.5,none,True,True
27507,1.0,0.0,0.5,none,True,True
27508,1.0,0.0,0.5,none,True,True
27509,1.0,0.0,0.5,none,True,True
27510,1.0,0.0,0.5,none,True,True
27511,1.0,0.0,0.5,none,True,True
27512,1.0,0.0,0.5,none,True,True
27513,1.0,0.0,0.5,none,True,True
27514,1.0,0.0,0.5,none,True,True
27515,1.0,0.0,0.5,none,True,True
27516,1.0,0.0,0.5,none,True,True
27517,1.0,0.0,0.5,none,True,True
27518,1.0,0.0,0.5,none,True,True
27519,1.0,0.0,0.5,none,True,True
27520,1.0,0.0,0.5,none,True,True
27521,1.0,0.0,0.5,none,True,True
27522,1.0,0.0,0.5,none,True,True
27523,1.0,0.0,0.5,none,True,True
27524,1.0,0.0,0.5,none,True,True
27525,1.0,0.0,0.5,none,True,True
27526,1.0,0.0,0.5,none,True,True
27527,1.0,0.0,0.5,none,True,True
27528,1.0,0.0,0.5,none,True,True
27529,1.0,0.0,0.5,none,True,True
27530,1.0,0.0,0.5,none,True,True
27531,1.0,0.0,0.5,none,True,True
27532,1.0,0.0,0.5,none,True,True
27533,1.0,0.0,0.5,none,True,True
27534,1.0,0.0,0.5,none,True,True
27535,1.0,0.0,0.5,none,True,True
27536,1.0,0.0,0.5,none,True,True
27537,1.0,0.0,0.5,none,True,True
27538,1.0,0.0,0.5,none,True,True
27539,1.0,0.0,0.5,none,True,True
27540,1.0,0.0,0.5,none,True,True
27541,1.0,0.0,0.5,none,True,True
27542,1.0,0.0,0.5,none,True,True
27543,1.0,0.0,0.5,none,True,True
27544,1.0,0.0,0.5,none,True,True
27545,1.0,0.0,0.5,none,True,True
27546,1.0,0.0,0.5,none,True,True
27547,1.0,0.0,0.5,none,True,True
27548,1.0,0.0,0.5,none,True,True
27549,1.0,0.0,0.5,none,True,True
27550,1.0,0.0,0.5,none,True,True
27551,1.0,0.0,0.5,none,True,True
27552,1.0,0.0,0.5,none,True,True
27553,1.0,0.0,0.5,none,True,True
27554,1.0,0.0,0.5,none,True,True
27555,1.0,0.0,0.5,none,True,True
27556,1.0,0.0,0.5,none,True,True
27557,1.0,0.0,0.5,none,True,True
27558,1.0,0.0,0.5,none,True,True
27559,1.0,0.0,0.5,none,True,True
27560,1.0,0.0,0.5,none,True,True
27561,1.0,0.0,0.5,none,True,True
27562,1.0,0.0,0.5,none,True,True
27563,1.0,0.0,0.5,none,True,True
27564,1.0,0.0,0.5,none,True,True
27565,1.0,0.0,0.5,none,True,True
27566,1.0,0.0,0.5,none,True,True
27567,1.0,0.0,0.5,none,True,True
27568,1.0,0.0,0.5,none,True,True
27569,1.0,0.0,0.5,none,True,True
27570,1.0,0.0,0.5,none,True,True
27571,1.0,0.0,0.5,none,True,True
27572,1.0,0.0,0.5,none,True,True
27573,1.0,0.0,0.5,none,True,True
27574,1.0,0.0,0.5,none,True,True
27575,1.0,0.0,0.5,none,True,True
27576,1.0,0.0,0.5,none,True,True
27577,1.0,0.0,0.5,none,True,True
27578,1.0,0.0,0.5,none,True,True
27579,1.0,0.0,0.5,none,True,True
27580,1.0,0.0,0.5,none,True,True
27581,1.0,0.0,0.5,none,True,True
27582,1.0,0.0,0.5,none,True,True
27583,1.0,0.0,0.5,none,True,True
27584,1.0,0.0,0.5,none,True,True
27585,1.0,0.0,0.5,none,True,True
27586,1.0,0.0,0.5,none,True,True
27587,1.0,0.0,0.5,none,True,True
27588,1.0,0.0,0.5,none,True,True
27589,1.0,0.0,0.5,none,True,True
27590,1.0,0.0,0.5,none,True,True
27591,1.0,0.0,0.5,none,True,True
27592,1.0,0.0,0.5,none,True,True
27593,1.0,0.0,0.5,none,True,True
27594,1.0,0.0,0.5,none,True,True
27595,1.0,0.0,0.5,none,True,True
27596,1.0,0.0,0.5,none,True,True
27597,1.0,0.0,0.5,none,True,True
27598,1.0,0.0,0.5,none,True,True
27599,1.0,0.0,0.5,none,True,True
27600,1.0,0.0,0.5,none,True,True
27601,1.0,0.0,0.5,none,True,True
27602,1.0,0.0,0.5,none,True,True
27603,1.0,0.0,0.5,none,True,True
27604,1.0,0.0,0.5,none,True,True
27605,1.0,0.0,0.5,none,True,True
27606,1.0,0.0,0.5,none,True,True
27607,1.0,0.0,0.5,none,True,True
27608,1.0,0.0,0.5,none,True,True
27609,1.0,0.0,0.5,none,True,True
27610,1.0,0.0,0.5,none,True,True
27611,1.0,0.0,0.5,none,True,True
27612,1.0,0.0,0.5,none,True,True
27613,1.0,0.0,0.5,none,True,True
27614,1.0,0.0,0.5,none,True,True
27615,1.0,0.0,0.5,none,True,True
27616,1.0,0.0,0.5,none,True,True
27617,1.0,0.0,0.5,none,True,True
27618,1.0,0.0,0.5,none,True,True
27619,1.0,0.0,0.5,none,True,True
27620,1.0,0.0,0.5,none,True,True
27621,1.0,0.0,0.5,none,True,True
27622,1.0,0.0,0.5,none,True,True
27623,1.0,0.0,0.5,none,True,True
27624,1.0,0.0,0.5,none,True,True
27625,1.0,0.0,0.5,none,True,True
27626,1.0,0.0,0.5,none,True,True
27627,1.0,0.0,0.5,none,True,True
27628,1.0,0.0,0.5,none,True,True
27629,1.0,0.0,0.5,none,True,True
27630,1.0,0.0,0.5,none,True,True
27631,1.0,0.0,0.5,none,True,True
27632,1.0,0.0,0.5,none,True,True
27633,1.0,0.0,0.5,none,True,True
27634,1.0,0.0,0.5,none,True,True
27635,1.0,0.0,0.5,none,True,True
27636,1.0,0.0,0.5,none,True,True
27637,1.0,0.0,0.5,none,True,True
27638,1.0,0.0,0.5,none,True,True
27639,1.0,0.0,0.5,none,True,True
27640,1.0,0.0,0.5,none,True,True
27641,1.0,0.0,0.5,none,True,True
27642,1.0,0.0,0.5,none,True,True
27643,1.0,0.0,0.5,none,True,True
27644,1.0,0.0,0.5,none,True,True
27645,1.0,0.0,0.5,none,True,True
27646,1.0,0.0,0.5,none,True,True
27647,1.0,0.0,0.5,none,True,True
27648,1.0,0.0,0.5,none,True,True
27649,1.0,0.0,0.5,none,True,True
27650,1.0,0.0,0.5,none,True,True
27651,1.0,0.0,0.5,none,True,True
27652,1.0,0.0,0.5,none,True,True
27653,1.0,0.0,0.5,none,True,True
27654,1.0,0.0,0.5,none,True,True
27655,1.0,0.0,0.5,none,True,True
27656,1.0,0.0,0.5,none,True,True
27657,1.0,0.0,0.5,none,True,True
27658,1.0,0.0,0.5,none,True,True
27659,1.0,0.0,0.5,none,True,True
27660,1.0,0.0,0.5,none,True,True
27661,1.0,0.0,0.5,none,True,True
27662,1.0,0.0,0.5,none,True,True
27663,1.0,0.0,0.5,none,True,True
27664,1.0,0.0,0.5,none,True,True
27665,1.0,0.0,0.5,none,True,True
27666,1.0,0.0,0.5,none,True,True
27667,1.0,0.0,0.5,none,True,True
27668,1.0,0.0,0.5,none,True,True
27669,1.0,0.0,0.5,none,True,True
27670,1.0,0.0,0.5,none,True,True
27671,1.0,0.0,0.5,none,True,True
27672,1.0,0.0,0.5,none,True,True
27673,1.0,0.0,0.5,none,True,True
27674,1.0,0.0,0.5,none,True,True
27675,1.0,0.0,0.5,none,True,True
27676,1.0,0.0,0.5,none,True,True
27677,1.0,0.0,0.5,none,True,True
27678,1.0,0.0,0.5,none,True,True
27679,1.0,0.0,0.5,none,True,True
27680,1.0,0.0,0.5,none,True,True
27681,1.0,0.0,0.5,none,True,True
27682,1.0,0.0,0.5,none,True,True
27683,1.0,0.0,0.5,none,True,True
27684,1.0,0.0,0.5,none,True,True
27685,1.0,0.0,0.5,none,True,True
27686,1.0,0.0,0.5,none,True,True
27687,1.0,0.0,0.5,none,True,True
27688,1.0,0.0,0.5,none,True,True
27689,1.0,0.0,0.5,none,True,True
27690,1.0,0.0,0.5,none,True,True
27691,1.0,0.0,0.5,none,True,True
27692,1.0,0.0,0.5,none,True,True
27693,1.0,0.0,0.5,none,True,True
27694,1.0,0.0,0.5,none,True,True
27695,1.0,0.0,0.5,none,True,True
27696,1.0,0.0,0.5,none,True,True
27697,1.0,0.0,0.5,none,True,True
27698,1.0,0.0,0.5,none,True,True
27699,1.0,0.0,0.5,none,True,True
27700,1.0,0.0,0.5,none,True,True
27701,1.0,0.0,0.5,none,True,True
27702,1.0,0.0,0.5,none,True,True
27703,1.0,0.0,0.5,none,True,True
27704,1.0,0.0,0.5,none,True,True
27705,1.0,0.0,0.5,none,True,True
27706,1.0,0.0,0.5,none,True,True
27707,1.0,0.0,0.5,none,True,True
27708,1.0,0.0,0.5,none,True,True
27709,1.0,0.0,0.5,none,True,True
27710,1.0,0.0,0.5,none,True,True
27711,1.0,0.0,0.5,none,True,True
27712,1.0,0.0,0.5,none,True,True
27713,1.0,0.0,0.5,none,True,True
27714,1.0,0.0,0.5,none,True,True
27715,1.0,0.0,0.5,none,True,True
27716,1.0,0.0,0.5,none,True,True
27717,1.0,0.0,0.5,none,True,True
27718,1.0,0.0,0.5,none,True,True
27719,1.0,0.0,0.5,none,True,True
27720,1.0,0.0,0.5,none,True,True
27721,1.0,0.0,0.5,none,True,True
27722,1.0,0.0,0.5,none,True,True
27723,1.0,0.0,0.5,none,True,True
27724,1.0,0.0,0.5,none,True,True
27725,1.0,0.0,0.5,none,True,True
27726,1.0,0.0,0.5,none,True,True
27727,1.0,0.0,0.5,none,True,True
27728,1.0,0.0,0.5,none,True,True
27729,1.0,0.0,0.5,none,True,True
27730,1.0,0.0,0.5,none,True,True
27731,1.0,0.0,0.5,none,True,True
27732,1.0,0.0,0.5,none,True,True
27733,1.0,0.0,0.5,none,True,True
27734,1.0,0.0,0.5,none,True,True
27735,1.0,0.0,0.5,none,True,True
27736,1.0,0.0,0.5,none,True,True
27737,1.0,0.0,0.5,none,True,True
27738,1.0,0.0,0.5,none,True,True
27739,1.0,0.0,0.5,none,True,True
27740,1.0,0.0,0.5,none,True,True
27741,1.0,0.0,0.5,none,True,True
27742,1.0,0.0,0.5,none,True,True
27743,1.0,0.0,0.5,none,True,True
27744,1.0,0.0,0.5,none,True,True
27745,1.0,0.0,0.5,none,True,True
27746,1.0,0.0,0.5,none,True,True
27747,1.0,0.0,0.5,none,True,True
27748,1.0,0.0,0.5,none,True,True
27749,1.0,0.0,0.5,none,True,True
27750,1.0,0.0,0.5,none,True,True
27751,1.0,0.0,0.5,none,True,True
27752,1.0,0.0,0.5,none,True,True
27753,1.0,0.0,0.5,none,True,True
27754,1.0,0.0,0.5,none,True,True
27755,1.0,0.0,0.5,none,True,True
27756,1.0,0.0,0.5,none,True,True
27757,1.0,0.0,0.5,none,True,True
27758,1.0,0.0,0.5,none,True,True
27759,1.0,0.0,0.5,none,True,True
27760,1.0,0.0,0.5,none,True,True
27761,1.0,0.0,0.5,none,True,True
27762,1.0,0.0,0.5,none,True,True
27763,1.0,0.0,0.5,none,True,True
27764,1.0,0.0,0.5,none,True,True
27765,1.0,0.0,0.5,none,True,True
27766,1.0,0.0,0.5,none,True,True
27767,1.0,0.0,0.5,none,True,True
27768,1.0,0.0,0.5,none,True,True
27769,1.0,0.0,0.5,none,True,True
27770,1.0,0.0,0.5,none,True,True
27771,1.0,0.0,0.5,none,True,True
27772,1.0,0.0,0.5,none,True,True
27773,1.0,0.0,0.5,none,True,True
27774,1.0,0.0,0.5,none,True,True
27775,1.0,0.0,0.5,none,True,True
27776,1.0,0.0,0.5,none,True,True
27777,1.0,0.0,0.5,none,True,True
27778,1.0,0.0,0.5,none,True,True
27779,1.0,0.0,0.5,none,True,True
27780,1.0,0.0,0.5,none,True,True
27781,1.0,0.0,0.5,none,True,True
27782,1.0,0.0,0.5,none,True,True
27783,1.0,0.0,0.5,none,True,True
27784,1.0,0.0,0.5,none,True,True
27785,1.0,0.0,0.5,none,True,True
27786,1.0,0.0,0.5,none,True,True
27787,1.0,0.0,0.5,none,True,True
27788,1.0,0.0,0.5,none,True,True
27789,1.0,0.0,0.5,none,True,True
27790,1.0,0.0,0.5,none,True,True
27791,1.0,0.0,0.5,none,True,True
27792,1.0,0.0,0.5,none,True,True
27793,1.0,0.0,0.5,none,True,True
27794,1.0,0.0,0.5,none,True,True
27795,1.0,0.0,0.5,none,True,True
27796,1.0,0.0,0.5,none,True,True
27797,1.0,0.0,0.5,none,True,True
27798,1.0,0.0,0.5,none,True,True
27799,1.0,0.0,0.5,none,True,True
27800,1.0,0.0,0.5,none,True,True
27801,1.0,0.0,0.5,none,True,True
27802,1.0,0.0,0.5,none,True,True
27803,1.0,0.0,0.5,none,True,True
27804,1.0,0.0,0.5,none,True,True
27805,1.0,0.0,0.5,none,True,True
27806,1.0,0.0,0.5,none,True,True
27807,1.0,0.0,0.5,none,True,True
27808,1.0,0.0,0.5,none,True,True
27809,1.0,0.0,0.5,none,True,True
27810,1.0,0.0,0.5,none,True,True
27811,1.0,0.0,0.5,none,True,True
27812,1.0,0.0,0.5,none,True,True
27813,1.0,0.0,0.5,none,True,True
27814,1.0,0.0,0.5,none,True,True
27815,1.0,0.0,0.5,none,True,True
27816,1.0,0.0,0.5,none,True,True
27817,1.0,0.0,0.5,none,True,True
27818,1.0,0.0,0.5,none,True,True
27819,1.0,0.0,0.5,none,True,True
27820,1.0,0.0,0.5,none,True,True
27821,1.0,0.0,0.5,none,True,True
27822,1.0,0.0,0.5,none,True,True
27823,1.0,0.0,0.5,none,True,True
27824,1.0,0.0,0.5,none,True,True
27825,1.0,0.0,0.5,none,True,True
27826,1.0,0.0,0.5,none,True,True
27827,1.0,0.0,0.5,none,True,True
27828,1.0,0.0,0.5,none,True,True
27829,1.0,0.0,0.5,none,True,True
27830,1.0,0.0,0.5,none,True,True
27831,1.0,0.0,0.5,none,True,True
27832,1.0,0.0,0.5,none,True,True
27833,1.0,0.0,0.5,none,True,True
27834,1.0,0.0,0.5,none,True,True
27835,1.0,0.0,0.5,none,True,True
27836,1.0,0.0,0.5,none,True,True
27837,1.0,0.0,0.5,none,True,True
27838,1.0,0.0,0.5,none,True,True
27839,1.0,0.0,0.5,none,True,True
27840,1.0,0.0,0.5,none,True,True
27841,1.0,0.0,0.5,none,True,True
27842,1.0,0.0,0.5,none,True,True
27843,1.0,0.0,0.5,none,True,True
27844,1.0,0.0,0.5,none,True,True
27845,1.0,0.0,0.5,none,True,True
27846,1.0,0.0,0.5,none,True,True
27847,1.0,0.0,0.5,none,True,True
27848,1.0,0.0,0.5,none,True,True
27849,1.0,0.0,0.5,none,True,True
27850,1.0,0.0,0.5,none,True,True
27851,1.0,0.0,0.5,none,True,True
27852,1.0,0.0,0.5,none,True,True
27853,1.0,0.0,0.5,none,True,True
27854,1.0,0.0,0.5,none,True,True
27855,1.0,0.0,0.5,none,True,True
27856,1.0,0.0,0.5,none,True,True
27857,1.0,0.0,0.5,none,True,True
27858,1.0,0.0,0.5,none,True,True
27859,1.0,0.0,0.5,none,True,True
27860,1.0,0.0,0.5,none,True,True
27861,1.0,0.0,0.5,none,True,True
27862,1.0,0.0,0.5,none,True,True
27863,1.0,0.0,0.5,none,True,True
27864,1.0,0.0,0.5,none,True,True
27865,1.0,0.0,0.5,none,True,True
27866,1.0,0.0,0.5,none,True,True
27867,1.0,0.0,0.5,none,True,True
27868,1.0,0.0,0.5,none,True,True
27869,1.0,0.0,0.5,none,True,True
27870,1.0,0.0,0.5,none,True,True
27871,1.0,0.0,0.5,none,True,True
27872,1.0,0.0,0.5,none,True,True
27873,1.0,0.0,0.5,none,True,True
27874,1.0,0.0,0.5,none,True,True
27875,1.0,0.0,0.5,none,True,True
27876,1.0,0.0,0.5,none,True,True
27877,1.0,0.0,0.5,none,True,True
27878,1.0,0.0,0.5,none,True,True
27879,1.0,0.0,0.5,none,True,True
27880,1.0,0.0,0.5,none,True,True
27881,1.0,0.0,0.5,none,True,True
27882,1.0,0.0,0.5,none,True,True
27883,1.0,0.0,0.5,none,True,True
27884,1.0,0.0,0.5,none,True,True
27885,1.0,0.0,0.5,none,True,True
27886,1.0,0.0,0.5,none,True,True
27887,1.0,0.0,0.5,none,True,True
27888,1.0,0.0,0.5,none,True,True
27889,1.0,0.0,0.5,none,True,True
27890,1.0,0.0,0.5,none,True,True
27891,1.0,0.0,0.5,none,True,True
27892,1.0,0.0,0.5,none,True,True
27893,1.0,0.0,0.5,none,True,True
27894,1.0,0.0,0.5,none,True,True
27895,1.0,0.0,0.5,none,True,True
27896,1.0,0.0,0.5,none,True,True
27897,1.0,0.0,0.5,none,True,True
27898,1.0,0.0,0.5,none,True,True
27899,1.0,0.0,0.5,none,True,True
27900,1.0,0.0,0.5,none,True,True
27901,1.0,0.0,0.5,none,True,True
27902,1.0,0.0,0.5,none,True,True
27903,1.0,0.0,0.5,none,True,True
27904,1.0,0.0,0.5,none,True,True
27905,1.0,0.0,0.5,none,True,True
27906,1.0,0.0,0.5,none,True,True
27907,1.0,0.0,0.5,none,True,True
27908,1.0,0.0,0.5,none,True,True
27909,1.0,0.0,0.5,none,True,True
27910,1.0,0.0,0.5,none,True,True
27911,1.0,0.0,0.5,none,True,True
27912,1.0,0.0,0.5,none,True,True
27913,1.0,0.0,0.5,none,True,True
27914,1.0,0.0,0.5,none,True,True
27915,1.0,0.0,0.5,none,True,True
27916,1.0,0.0,0.5,none,True,True
27917,1.0,0.0,0.5,none,True,True
27918,1.0,0.0,0.5,none,True,True
27919,1.0,0.0,0.5,none,True,True
27920,1.0,0.0,0.5,none,True,True
27921,1.0,0.0,0.5,none,True,True
27922,1.0,0.0,0.5,none,True,True
27923,1.0,0.0,0.5,none,True,True
27924,1.0,0.0,0.5,none,True,True
27925,1.0,0.0,0.5,none,True,True
27926,1.0,0.0,0.5,none,True,True
27927,1.0,0.0,0.5,none,True,True
27928,1.0,0.0,0.5,none,True,True
27929,1.0,0.0,0.5,none,True,True
27930,1.0,0.0,0.5,none,True,True
27931,1.0,0.0,0.5,none,True,True
27932,1.0,0.0,0.5,none,True,True
27933,1.0,0.0,0.5,none,True,True
27934,1.0,0.0,0.5,none,True,True
27935,1.0,0.0,0.5,none,True,True
27936,1.0,0.0,0.5,none,True,True
27937,1.0,0.0,0.5,none,True,True
27938,1.0,0.0,0.5,none,True,True
27939,1.0,0.0,0.5,none,True,True
27940,1.0,0.0,0.5,none,True,True
27941,1.0,0.0,0.5,none,True,True
27942,1.0,0.0,0.5,none,True,True
27943,1.0,0.0,0.5,none,True,True
27944,1.0,0.0,0.5,none,True,True
27945,1.0,0.0,0.5,none,True,True
27946,1.0,0.0,0.5,none,True,True
27947,1.0,0.0,0.5,none,True,True
27948,1.0,0.0,0.5,none,True,True
27949,1.0,0.0,0.5,none,True,True
27950,1.0,0.0,0.5,none,True,True
27951,1.0,0.0,0.5,none,True,True
27952,1.0,0.0,0.5,none,True,True
27953,1.0,0.0,0.5,none,True,True
27954,1.0,0.0,0.5,none,True,True
27955,1.0,0.0,0.5,none,True,True
27956,1.0,0.0,0.5,none,True,True
27957,1.0,0.0,0.5,none,True,True
27958,1.0,0.0,0.5,none,True,True
27959,1.0,0.0,0.5,none,True,True
27960,1.0,0.0,0.5,none,True,True
27961,1.0,0.0,0.5,none,True,True
27962,1.0,0.0,0.5,none,True,True
27963,1.0,0.0,0.5,none,True,True
27964,1.0,0.0,0.5,none,True,True
27965,1.0,0.0,0.5,none,True,True
27966,1.0,0.0,0.5,none,True,True
27967,1.0,0.0,0.5,none,True,True
27968,1.0,0.0,0.5,none,True,True
27969,1.0,0.0,0.5,none,True,True
27970,1.0,0.0,0.5,none,True,True
27971,1.0,0.0,0.5,none,True,True
27972,1.0,0.0,0.5,none,True,True
27973,1.0,0.0,0.5,none,True,True
27974,1.0,0.0,0.5,none,True,True
27975,1.0,0.0,0.5,none,True,True
27976,1.0,0.0,0.5,none,True,True
27977,1.0,0.0,0.5,none,True,True
27978,1.0,0.0,0.5,none,True,True
27979,1.0,0.0,0.5,none,True,True
27980,1.0,0.0,0.5,none,True,True
27981,1.0,0.0,0.5,none,True,True
27982,1.0,0.0,0.5,none,True,True
27983,1.0,0.0,0.5,none,True,True
27984,1.0,0.0,0.5,none,True,True
27985,1.0,0.0,0.5,none,True,True
27986,1.0,0.0,0.5,none,True,True
27987,1.0,0.0,0.5,none,True,True
27988,1.0,0.0,0.5,none,True,True
27989,1.0,0.0,0.5,none,True,True
27990,1.0,0.0,0.5,none,True,True
27991,1.0,0.0,0.5,none,True,True
27992,1.0,0.0,0.5,none,True,True
27993,1.0,0.0,0.5,none,True,True
27994,1.0,0.0,0.5,none,True,True
27995,1.0,0.0,0.5,none,True,True
27996,1.0,0.0,0.5,none,True,True
27997,1.0,0.0,0.5,none,True,True
27998,1.0,0.0,0.5,none,True,True
27999,1.0,0.0,0.5,none,True,True
28000,1.0,0.0061,0.5,none,True,True
28001,1.0,0.0357,0.5,none,True,True
28002,1.0,0.0812,0.5,none,True,True
28003,1.0,0.1113,0.5,none,True,True
28004,1.0,0.1253,0.5,none,True,True
28005,1.0,0.1408,0.5,none,True,True
28006,1.0,0.0907,0.5,none,True,True
28007,1.0,0.1198,0.5,none,True,True
28008,1.0,0.0467,0.5,none,True,True
28009,1.0,0.0522,0.5,none,True,True
28010,1.0,0.0405,0.5,none,True,True
28011,1.0,0.0313,0.5,none,True,True
28012,1.0,0.0083,0.5,none,True,True
28013,1.0,0.0726,0.5,none,True,True
28014,1.0,0.0793,0.5,none,True,True
28015,1.0,0.0581,0.5,none,True,True
28016,1.0,0.0955,0.5,none,True,True
28017,1.0,0.0839,0.5,none,True,True
28018,1.0,0.0648,0.5,none,True,True
28019,1.0,0.0718,0.5,none,True,True
28020,1.0,0.0589,0.5,none,True,True
28021,1.0,0.0403,0.5,none,True,True
28022,1.0,0.0327,0.5,none,True,True
28023,1.0,0.0277,0.5,none,True,True
28024,1.0,0.017,0.5,none,True,True
28025,1.0,0.0102,0.5,none,True,True
28026,1.0,0.0099,0.5,none,True,True
28027,1.0,0.008,0.5,none,True,True
28028,1.0,0.005,0.5,none,True,True
28029,1.0,0.0063,0.5,none,True,True
28030,1.0,0.009,0.5,none,True,True
28031,1.0,0.0096,0.5,none,True,True
28032,1.0,0.0108,0.5,none,True,True
28033,1.0,0.014,0.5,none,True,True
28034,1.0,0.0161,0.5,none,True,True
28035,1.0,0.0167,0.5,none,True,True
28036,1.0,0.0182,0.5,none,True,True
28037,1.0,0.0196,0.5,none,True,True
28038,1.0,0.0197,0.5,none,True,True
28039,1.0,0.0193,0.5,none,True,True
28040,1.0,0.0193,0.5,none,True,True
28041,1.0,0.0187,0.5,none,True,True
28042,1.0,0.0174,0.5,none,True,True
28043,1.0,0.0163,0.5,none,True,True
28044,1.0,0.0152,0.5,none,True,True
28045,1.0,0.0138,0.5,none,True,True
28046,1.0,0.0123,0.5,none,True,True
28047,1.0,0.0111,0.5,none,True,True
28048,1.0,0.01,0.5,none,True,True
28049,1.0,0.0088,0.5,none,True,True
28050,1.0,0.0078,0.5,none,True,True
28051,1.0,0.0071,0.5,none,True,True
28052,1.0,0.0064,0.5,none,True,True
28053,1.0,0.0057,0.5,none,True,True
28054,1.0,0.0053,0.5,none,True,True
28055,1.0,0.005,0.5,none,True,True
28056,1.0,0.0047,0.5,none,True,True
28057,1.0,0.0045,0.5,none,True,True
28058,1.0,0.0044,0.5,none,True,True
28059,1.0,0.0043,0.5,none,True,True
28060,1.0,0.0042,0.5,none,True,True
28061,1.0,0.0041,0.5,none,True,True
28062,1.0,0.004,0.5,none,True,True
28063,1.0,0.0039,0.5,none,True,True
28064,1.0,0.0038,0.5,none,True,True
28065,1.0,0.0037,0.5,none,True,True
28066,1.0,0.0035,0.5,none,True,True
28067,1.0,0.0033,0.5,none,True,True
28068,1.0,0.0032,0.5,none,True,True
28069,1.0,0.003,0.5,none,True,True
28070,1.0,0.0028,0.5,none,True,True
28071,1.0,0.0026,0.5,none,True,True
28072,1.0,0.0024,0.5,none,True,True
28073,1.0,0.0023,0.5,none,True,True
28074,1.0,0.0021,0.5,none,True,True
28075,1.0,0.0019,0.5,none,True,True
28076,1.0,0.0018,0.5,none,True,True
28077,1.0,0.0017,0.5,none,True,True
28078,1.0,0.0015,0.5,none,True,True
28079,1.0,0.0014,0.5,none,True,True
28080,1.0,0.0013,0.5,none,True,True
28081,1.0,0.0013,0.5,none,True,True
28082,1.0,0.0012,0.5,none,True,True
28083,1.0,0.0011,0.5,none,True,True
28084,1.0,0.0011,0.5,none,True,True
28085,1.0,0.001,0.5,none,True,True
28086,1.0,0.001,0.5,none,True,True
28087,1.0,0.0009,0.5,none,True,True
28088,1.0,0.0009,0.5,none,True,True
28089,1.0,0.0008,0.5,none,True,True
28090,1.0,0.0008,0.5,none,True,True
28091,1.0,0.0008,0.5,none,True,True
28092,1.0,0.0007,0.5,none,True,True
28093,1.0,0.0007,0.5,none,True,True
28094,1.0,0.0006,0.5,none,True,True
28095,1.0,0.0006,0.5,none,True,True
28096,1.0,0.0006,0.5,none,True,True
28097,1.0,0.0005,0.5,none,True,True
28098,1.0,0.0005,0.5,none,True,True
28099,1.0,0.0005,0.5,none,True,True
28100,1.0,0.0004,0.5,none,True,True
28101,1.0,0.0004,0.5,none,True,True
28102,1.0,0.0004,0.5,none,True,True
28103,1.0,0.0004,0.5,none,True,True
28104,1.0,0.0003,0.5,none,True,True
28105,1.0,0.0003,0.5,none,True,True
28106,1.0,0.0003,0.5,none,True,True
28107,1.0,0.0003,0.5,none,True,True
28108,1.0,0.0003,0.5,none,True,True
28109,1.0,0.0003,0.5,none,True,True
28110,1.0,0.0002,0.5,none,True,True
28111,1.0,0.0002,0.5,none,True,True
28112,1.0,0.0002,0.5,none,True,True
28113,1.0,0.0002,0.5,none,True,True
28114,1.0,0.0002,0.5,none,True,True
28115,1.0,0.0002,0.5,none,True,True
28116,1.0,0.0002,0.5,none,True,True
28117,1.0,0.0002,0.5,none,True,True
28118,1.0,0.0002,0.5,none,True,True
28119,1.0,0.0001,0.5,none,True,True
28120,1.0,0.0001,0.5,none,True,True
28121,1.0,0.0001,0.5,none,True,True
28122,1.0,0.0001,0.5,none,True,True
28123,1.0,0.0001,0.5,none,True,True
28124,1.0,0.0001,0.5,none,True,True
28125,1.0,0.0001,0.5,none,True,True
28126,1.0,0.0001,0.5,none,True,True
28127,1.0,0.0001,0.5,none,True,True
28128,1.0,0.0001,0.5,none,True,True
28129,1.0,0.0001,0.5,none,True,True
28130,1.0,0.0001,0.5,none,True,True
28131,1.0,0.0001,0.5,none,True,True
28132,1.0,0.0001,0.5,none,True,True
28133,1.0,0.0001,0.5,none,True,True
28134,1.0,0.0001,0.5,none,True,True
28135,1.0,0.0001,0.5,none,True,True
28136,1.0,0.0001,0.5,none,True,True
28137,1.0,0.0,0.5,none,True,True
28138,1.0,0.0,0.5,none,True,True
28139,1.0,0.0,0.5,none,True,True
28140,1.0,0.0,0.5,none,True,True
28141,1.0,0.0,0.5,none,True,True
28142,1.0,0.0,0.5,none,True,True
28143,1.0,0.0,0.5,none,True,True
28144,1.0,0.0,0.5,none,True,True
28145,1.0,0.0,0.5,none,True,True
28146,1.0,0.0,0.5,none,True,True
28147,1.0,0.0,0.5,none,True,True
28148,1.0,0.0,0.5,none,True,True
28149,1.0,0.0,0.5,none,True,True
28150,1.0,0.0,0.5,none,True,True
28151,1.0,0.0,0.5,none,True,True
28152,1.0,0.0,0.5,none,True,True
28153,1.0,0.0,0.5,none,True,True
28154,1.0,0.0,0.5,none,True,True
28155,1.0,0.0,0.5,none,True,True
28156,1.0,0.0,0.5,none,True,True
28157,1.0,0.0,0.5,none,True,True
28158,1.0,0.0,0.5,none,True,True
28159,1.0,0.0,0.5,none,True,True
28160,1.0,0.0,0.5,none,True,True
28161,1.0,0.0,0.5,none,True,True
28162,1.0,0.0,0.5,none,True,True
28163,1.0,0.0,0.5,none,True,True
28164,1.0,0.0,0.5,none,True,True
28165,1.0,0.0,0.5,none,True,True
28166,1.0,0.0,0.5,none,True,True
28167,1.0,0.0,0.5,none,True,True
28168,1.0,0.0,0.5,none,True,True
28169,1.0,0.0,0.5,none,True,True
28170,1.0,0.0,0.5,none,True,True
28171,1.0,0.0,0.5,none,True,True
28172,1.0,0.0,0.5,none,True,True
28173,1.0,0.0,0.5,none,True,True
28174,1.0,0.0,0.5,none,True,True
28175,1.0,0.0,0.5,none,True,True
28176,1.0,0.0,0.5,none,True,True
28177,1.0,0.0,0.5,none,True,True
28178,1.0,0.0,0.5,none,True,True
28179,1.0,0.0,0.5,none,True,True
28180,1.0,0.0,0.5,none,True,True
28181,1.0,0.0,0.5,none,True,True
28182,1.0,0.0,0.5,none,True,True
28183,1.0,0.0,0.5,none,True,True
28184,1.0,0.0,0.5,none,True,True
28185,1.0,0.0,0.5,none,True,True
28186,1.0,0.0,0.5,none,True,True
28187,1.0,0.0,0.5,none,True,True
28188,1.0,0.0,0.5,none,True,True
28189,1.0,0.0,0.5,none,True,True
28190,1.0,0.0,0.5,none,True,True
28191,1.0,0.0,0.5,none,True,True
28192,1.0,0.0,0.5,none,True,True
28193,1.0,0.0,0.5,none,True,True
28194,1.0,0.0,0.5,none,True,True
28195,1.0,0.0,0.5,none,True,True
28196,1.0,0.0,0.5,none,True,True
28197,1.0,0.0,0.5,none,True,True
28198,1.0,0.0,0.5,none,True,True
28199,1.0,0.0,0.5,none,True,True
28200,1.0,0.0,0.5,none,True,True
28201,1.0,0.0,0.5,none,True,True
28202,1.0,0.0,0.5,none,True,True
28203,1.0,0.0,0.5,none,True,True
28204,1.0,0.0,0.5,none,True,True
28205,1.0,0.0,0.5,none,True,True
28206,1.0,0.0,0.5,none,True,True
28207,1.0,0.0,0.5,none,True,True
28208,1.0,0.0,0.5,none,True,True
28209,1.0,0.0,0.5,none,True,True
28210,1.0,0.0,0.5,none,True,True
28211,1.0,0.0,0.5,none,True,True
28212,1.0,0.0,0.5,none,True,True
28213,1.0,0.0,0.5,none,True,True
28214,1.0,0.0,0.5,none,True,True
28215,1.0,0.0,0.5,none,True,True
28216,1.0,0.0,0.5,none,True,True
28217,1.0,0.0,0.5,none,True,True
28218,1.0,0.0,0.5,none,True,True
28219,1.0,0.0,0.5,none,True,True
28220,1.0,0.0,0.5,none,True,True
28221,1.0,0.0,0.5,none,True,True
28222,1.0,0.0,0.5,none,True,True
28223,1.0,0.0,0.5,none,True,True
28224,1.0,0.0,0.5,none,True,True
28225,1.0,0.0,0.5,none,True,True
28226,1.0,0.0,0.5,none,True,True
28227,1.0,0.0,0.5,none,True,True
28228,1.0,0.0,0.5,none,True,True
28229,1.0,0.0,0.5,none,True,True
28230,1.0,0.0,0.5,none,True,True
28231,1.0,0.0,0.5,none,True,True
28232,1.0,0.0,0.5,none,True,True
28233,1.0,0.0,0.5,none,True,True
28234,1.0,0.0,0.5,none,True,True
28235,1.0,0.0,0.5,none,True,True
28236,1.0,0.0,0.5,none,True,True
28237,1.0,0.0,0.5,none,True,True
28238,1.0,0.0,0.5,none,True,True
28239,1.0,0.0,0.5,none,True,True
28240,1.0,0.0,0.5,none,True,True
28241,1.0,0.0,0.5,none,True,True
28242,1.0,0.0,0.5,none,True,True
28243,1.0,0.0,0.5,none,True,True
28244,1.0,0.0,0.5,none,True,True
28245,1.0,0.0,0.5,none,True,True
28246,1.0,0.0,0.5,none,True,True
28247,1.0,0.0,0.5,none,True,True
28248,1.0,0.0,0.5,none,True,True
28249,1.0,0.0,0.5,none,True,True
28250,1.0,0.0,0.5,none,True,True
28251,1.0,0.0,0.5,none,True,True
28252,1.0,0.0,0.5,none,True,True
28253,1.0,0.0,0.5,none,True,True
28254,1.0,0.0,0.5,none,True,True
28255,1.0,0.0,0.5,none,True,True
28256,1.0,0.0,0.5,none,True,True
28257,1.0,0.0,0.5,none,True,True
28258,1.0,0.0,0.5,none,True,True
28259,1.0,0.0,0.5,none,True,True
28260,1.0,0.0,0.5,none,True,True
28261,1.0,0.0,0.5,none,True,True
28262,1.0,0.0,0.5,none,True,True
28263,1.0,0.0,0.5,none,True,True
28264,1.0,0.0,0.5,none,True,True
28265,1.0,0.0,0.5,none,True,True
28266,1.0,0.0,0.5,none,True,True
28267,1.0,0.0,0.5,none,True,True
28268,1.0,0.0,0.5,none,True,True
28269,1.0,0.0,0.5,none,True,True
28270,1.0,0.0,0.5,none,True,True
28271,1.0,0.0,0.5,none,True,True
28272,1.0,0.0,0.5,none,True,True
28273,1.0,0.0,0.5,none,True,True
28274,1.0,0.0,0.5,none,True,True
28275,1.0,0.0,0.5,none,True,True
28276,1.0,0.0,0.5,none,True,True
28277,1.0,0.0,0.5,none,True,True
28278,1.0,0.0,0.5,none,True,True
28279,1.0,0.0,0.5,none,True,True
28280,1.0,0.0,0.5,none,True,True
28281,1.0,0.0,0.5,none,True,True
28282,1.0,0.0,0.5,none,True,True
28283,1.0,0.0,0.5,none,True,True
28284,1.0,0.0,0.5,none,True,True
28285,1.0,0.0,0.5,none,True,True
28286,1.0,0.0,0.5,none,True,True
28287,1.0,0.0,0.5,none,True,True
28288,1.0,0.0,0.5,none,True,True
28289,1.0,0.0,0.5,none,True,True
28290,1.0,0.0,0.5,none,True,True
28291,1.0,0.0,0.5,none,True,True
28292,1.0,0.0,0.5,none,True,True
28293,1.0,0.0,0.5,none,True,True
28294,1.0,0.0,0.5,none,True,True
28295,1.0,0.0,0.5,none,True,True
28296,1.0,0.0,0.5,none,True,True
28297,1.0,0.0,0.5,none,True,True
28298,1.0,0.0,0.5,none,True,True
28299,1.0,0.0,0.5,none,True,True
28300,1.0,0.0,0.5,none,True,True
28301,1.0,0.0,0.5,none,True,True
28302,1.0,0.0,0.5,none,True,True
28303,1.0,0.0,0.5,none,True,True
28304,1.0,0.0,0.5,none,True,True
28305,1.0,0.0,0.5,none,True,True
28306,1.0,0.0,0.5,none,True,True
28307,1.0,0.0,0.5,none,True,True
28308,1.0,0.0,0.5,none,True,True
28309,1.0,0.0,0.5,none,True,True
28310,1.0,0.0,0.5,none,True,True
28311,1.0,0.0,0.5,none,True,True
28312,1.0,0.0,0.5,none,True,True
28313,1.0,0.0,0.5,none,True,True
28314,1.0,0.0,0.5,none,True,True
28315,1.0,0.0,0.5,none,True,True
28316,1.0,0.0,0.5,none,True,True
28317,1.0,0.0,0.5,none,True,True
28318,1.0,0.0,0.5,none,True,True
28319,1.0,0.0,0.5,none,True,True
28320,1.0,0.0,0.5,none,True,True
28321,1.0,0.0,0.5,none,True,True
28322,1.0,0.0,0.5,none,True,True
28323,1.0,0.0,0.5,none,True,True
28324,1.0,0.0,0.5,none,True,True
28325,1.0,0.0,0.5,none,True,True
28326,1.0,0.0,0.5,none,True,True
28327,1.0,0.0,0.5,none,True,True
28328,1.0,0.0,0.5,none,True,True
28329,1.0,0.0,0.5,none,True,True
28330,1.0,0.0,0.5,none,True,True
28331,1.0,0.0,0.5,none,True,True
28332,1.0,0.0,0.5,none,True,True
28333,1.0,0.0,0.5,none,True,True
28334,1.0,0.0,0.5,none,True,True
28335,1.0,0.0,0.5,none,True,True
28336,1.0,0.0,0.5,none,True,True
28337,1.0,0.0,0.5,none,True,True
28338,1.0,0.0,0.5,none,True,True
28339,1.0,0.0,0.5,none,True,True
28340,1.0,0.0,0.5,none,True,True
28341,1.0,0.0,0.5,none,True,True
28342,1.0,0.0,0.5,none,True,True
28343,1.0,0.0,0.5,none,True,True
28344,1.0,0.0,0.5,none,True,True
28345,1.0,0.0,0.5,none,True,True
28346,1.0,0.0,0.5,none,True,True
28347,1.0,0.0,0.5,none,True,True
28348,1.0,0.0,0.5,none,True,True
28349,1.0,0.0,0.5,none,True,True
28350,1.0,0.0,0.5,none,True,True
28351,1.0,0.0,0.5,none,True,True
28352,1.0,0.0,0.5,none,True,True
28353,1.0,0.0,0.5,none,True,True
28354,1.0,0.0,0.5,none,True,True
28355,1.0,0.0,0.5,none,True,True
28356,1.0,0.0,0.5,none,True,True
28357,1.0,0.0,0.5,none,True,True
28358,1.0,0.0,0.5,none,True,True
28359,1.0,0.0,0.5,none,True,True
28360,1.0,0.0,0.5,none,True,True
28361,1.0,0.0,0.5,none,True,True
28362,1.0,0.0,0.5,none,True,True
28363,1.0,0.0,0.5,none,True,True
28364,1.0,0.0,0.5,none,True,True
28365,1.0,0.0,0.5,none,True,True
28366,1.0,0.0,0.5,none,True,True
28367,1.0,0.0,0.5,none,True,True
28368,1.0,0.0,0.5,none,True,True
28369,1.0,0.0,0.5,none,True,True
28370,1.0,0.0,0.5,none,True,True
28371,1.0,0.0,0.5,none,True,True
28372,1.0,0.0,0.5,none,True,True
28373,1.0,0.0,0.5,none,True,True
28374,1.0,0.0,0.5,none,True,True
28375,1.0,0.0,0.5,none,True,True
28376,1.0,0.0,0.5,none,True,True
28377,1.0,0.0,0.5,none,True,True
28378,1.0,0.0,0.5,none,True,True
28379,1.0,0.0,0.5,none,True,True
28380,1.0,0.0,0.5,none,True,True
28381,1.0,0.0,0.5,none,True,True
28382,1.0,0.0,0.5,none,True,True
28383,1.0,0.0,0.5,none,True,True
28384,1.0,0.0,0.5,none,True,True
28385,1.0,0.0,0.5,none,True,True
28386,1.0,0.0,0.5,none,True,True
28387,1.0,0.0,0.5,none,True,True
28388,1.0,0.0,0.5,none,True,True
28389,1.0,0.0,0.5,none,True,True
28390,1.0,0.0,0.5,none,True,True
28391,1.0,0.0,0.5,none,True,True
28392,1.0,0.0,0.5,none,True,True
28393,1.0,0.0,0.5,none,True,True
28394,1.0,0.0,0.5,none,True,True
28395,1.0,0.0,0.5,none,True,True
28396,1.0,0.0,0.5,none,True,True
28397,1.0,0.0,0.5,none,True,True
28398,1.0,0.0,0.5,none,True,True
28399,1.0,0.0,0.5,none,True,True
28400,1.0,0.0,0.5,none,True,True
28401,1.0,0.0,0.5,none,True,True
28402,1.0,0.0,0.5,none,True,True
28403,1.0,0.0,0.5,none,True,True
28404,1.0,0.0,0.5,none,True,True
28405,1.0,0.0,0.5,none,True,True
28406,1.0,0.0,0.5,none,True,True
28407,1.0,0.0,0.5,none,True,True
28408,1.0,0.0,0.5,none,True,True
28409,1.0,0.0,0.5,none,True,True
28410,1.0,0.0,0.5,none,True,True
28411,1.0,0.0,0.5,none,True,True
28412,1.0,0.0,0.5,none,True,True
28413,1.0,0.0,0.5,none,True,True
28414,1.0,0.0,0.5,none,True,True
28415,1.0,0.0,0.5,none,True,True
28416,1.0,0.0,0.5,none,True,True
28417,1.0,0.0,0.5,none,True,True
28418,1.0,0.0,0.5,none,True,True
28419,1.0,0.0,0.5,none,True,True
28420,1.0,0.0,0.5,none,True,True
28421,1.0,0.0,0.5,none,True,True
28422,1.0,0.0,0.5,none,True,True
28423,1.0,0.0,0.5,none,True,True
28424,1.0,0.0,0.5,none,True,True
28425,1.0,0.0,0.5,none,True,True
28426,1.0,0.0,0.5,none,True,True
28427,1.0,0.0,0.5,none,True,True
28428,1.0,0.0,0.5,none,True,True
28429,1.0,0.0,0.5,none,True,True
28430,1.0,0.0,0.5,none,True,True
28431,1.0,0.0,0.5,none,True,True
28432,1.0,0.0,0.5,none,True,True
28433,1.0,0.0,0.5,none,True,True
28434,1.0,0.0,0.5,none,True,True
28435,1.0,0.0,0.5,none,True,True
28436,1.0,0.0,0.5,none,True,True
28437,1.0,0.0,0.5,none,True,True
28438,1.0,0.0,0.5,none,True,True
28439,1.0,0.0,0.5,none,True,True
28440,1.0,0.0,0.5,none,True,True
28441,1.0,0.0,0.5,none,True,True
28442,1.0,0.0,0.5,none,True,True
28443,1.0,0.0,0.5,none,True,True
28444,1.0,0.0,0.5,none,True,True
28445,1.0,0.0,0.5,none,True,True
28446,1.0,0.0,0.5,none,True,True
28447,1.0,0.0,0.5,none,True,True
28448,1.0,0.0,0.5,none,True,True
28449,1.0,0.0,0.5,none,True,True
28450,1.0,0.0,0.5,none,True,True
28451,1.0,0.0,0.5,none,True,True
28452,1.0,0.0,0.5,none,True,True
28453,1.0,0.0,0.5,none,True,True
28454,1.0,0.0,0.5,none,True,True
28455,1.0,0.0,0.5,none,True,True
28456,1.0,0.0,0.5,none,True,True
28457,1.0,0.0,0.5,none,True,True
28458,1.0,0.0,0.5,none,True,True
28459,1.0,0.0,0.5,none,True,True
28460,1.0,0.0,0.5,none,True,True
28461,1.0,0.0,0.5,none,True,True
28462,1.0,0.0,0.5,none,True,True
28463,1.0,0.0,0.5,none,True,True
28464,1.0,0.0,0.5,none,True,True
28465,1.0,0.0,0.5,none,True,True
28466,1.0,0.0,0.5,none,True,True
28467,1.0,0.0,0.5,none,True,True
28468,1.0,0.0,0.5,none,True,True
28469,1.0,0.0,0.5,none,True,True
28470,1.0,0.0,0.5,none,True,True
28471,1.0,0.0,0.5,none,True,True
28472,1.0,0.0,0.5,none,True,True
28473,1.0,0.0,0.5,none,True,True
28474,1.0,0.0,0.5,none,True,True
28475,1.0,0.0,0.5,none,True,True
28476,1.0,0.0,0.5,none,True,True
28477,1.0,0.0,0.5,none,True,True
28478,1.0,0.0,0.5,none,True,True
28479,1.0,0.0,0.5,none,True,True
28480,1.0,0.0,0.5,none,True,True
28481,1.0,0.0,0.5,none,True,True
28482,1.0,0.0,0.5,none,True,True
28483,1.0,0.0,0.5,none,True,True
28484,1.0,0.0,0.5,none,True,True
28485,1.0,0.0,0.5,none,True,True
28486,1.0,0.0,0.5,none,True,True
28487,1.0,0.0,0.5,none,True,True
28488,1.0,0.0,0.5,none,True,True
28489,1.0,0.0,0.5,none,True,True
28490,1.0,0.0,0.5,none,True,True
28491,1.0,0.0,0.5,none,True,True
28492,1.0,0.0,0.5,none,True,True
28493,1.0,0.0,0.5,none,True,True
28494,1.0,0.0,0.5,none,True,True
28495,1.0,0.0,0.5,none,True,True
28496,1.0,0.0,0.5,none,True,True
28497,1.0,0.0,0.5,none,True,True
28498,1.0,0.0,0.5,none,True,True
28499,1.0,0.0,0.5,none,True,True
28500,1.0,0.0,0.5,none,True,True
28501,1.0,0.0,0.5,none,True,True
28502,1.0,0.0,0.5,none,True,True
28503,1.0,0.0,0.5,none,True,True
28504,1.0,0.0,0.5,none,True,True
28505,1.0,0.0,0.5,none,True,True
28506,1.0,0.0,0.5,none,True,True
28507,1.0,0.0,0.5,none,True,True
28508,1.0,0.0,0.5,none,True,True
28509,1.0,0.0,0.5,none,True,True
28510,1.0,0.0,0.5,none,True,True
28511,1.0,0.0,0.5,none,True,True
28512,1.0,0.0,0.5,none,True,True
28513,1.0,0.0,0.5,none,True,True
28514,1.0,0.0,0.5,none,True,True
28515,1.0,0.0,0.5,none,True,True
28516,1.0,0.0,0.5,none,True,True
28517,1.0,0.0,0.5,none,True,True
28518,1.0,0.0,0.5,none,True,True
28519,1.0,0.0,0.5,none,True,True
28520,1.0,0.0,0.5,none,True,True
28521,1.0,0.0,0.5,none,True,True
28522,1.0,0.0,0.5,none,True,True
28523,1.0,0.0,0.5,none,True,True
28524,1.0,0.0,0.5,none,True,True
28525,1.0,0.0,0.5,none,True,True
28526,1.0,0.0,0.5,none,True,True
28527,1.0,0.0,0.5,none,True,True
28528,1.0,0.0,0.5,none,True,True
28529,1.0,0.0,0.5,none,True,True
28530,1.0,0.0,0.5,none,True,True
28531,1.0,0.0,0.5,none,True,True
28532,1.0,0.0,0.5,none,True,True
28533,1.0,0.0,0.5,none,True,True
28534,1.0,0.0,0.5,none,True,True
28535,1.0,0.0,0.5,none,True,True
28536,1.0,0.0,0.5,none,True,True
28537,1.0,0.0,0.5,none,True,True
28538,1.0,0.0,0.5,none,True,True
28539,1.0,0.0,0.5,none,True,True
28540,1.0,0.0,0.5,none,True,True
28541,1.0,0.0,0.5,none,True,True
28542,1.0,0.0,0.5,none,True,True
28543,1.0,0.0,0.5,none,True,True
28544,1.0,0.0,0.5,none,True,True
28545,1.0,0.0,0.5,none,True,True
28546,1.0,0.0,0.5,none,True,True
28547,1.0,0.0,0.5,none,True,True
28548,1.0,0.0,0.5,none,True,True
28549,1.0,0.0,0.5,none,True,True
28550,1.0,0.0,0.5,none,True,True
28551,1.0,0.0,0.5,none,True,True
28552,1.0,0.0,0.5,none,True,True
28553,1.0,0.0,0.5,none,True,True
28554,1.0,0.0,0.5,none,True,True
28555,1.0,0.0,0.5,none,True,True
28556,1.0,0.0,0.5,none,True,True
28557,1.0,0.0,0.5,none,True,True
28558,1.0,0.0,0.5,none,True,True
28559,1.0,0.0,0.5,none,True,True
28560,1.0,0.0,0.5,none,True,True
28561,1.0,0.0,0.5,none,True,True
28562,1.0,0.0,0.5,none,True,True
28563,1.0,0.0,0.5,none,True,True
28564,1.0,0.0,0.5,none,True,True
28565,1.0,0.0,0.5,none,True,True
28566,1.0,0.0,0.5,none,True,True
28567,1.0,0.0,0.5,none,True,True
28568,1.0,0.0,0.5,none,True,True
28569,1.0,0.0,0.5,none,True,True
28570,1.0,0.0,0.5,none,True,True
28571,1.0,0.0,0.5,none,True,True
28572,1.0,0.0,0.5,none,True,True
28573,1.0,0.0,0.5,none,True,True
28574,1.0,0.0,0.5,none,True,True
28575,1.0,0.0,0.5,none,True,True
28576,1.0,0.0,0.5,none,True,True
28577,1.0,0.0,0.5,none,True,True
28578,1.0,0.0,0.5,none,True,True
28579,1.0,0.0,0.5,none,True,True
28580,1.0,0.0,0.5,none,True,True
28581,1.0,0.0,0.5,none,True,True
28582,1.0,0.0,0.5,none,True,True
28583,1.0,0.0,0.5,none,True,True
28584,1.0,0.0,0.5,none,True,True
28585,1.0,0.0,0.5,none,True,True
28586,1.0,0.0,0.5,none,True,True
28587,1.0,0.0,0.5,none,True,True
28588,1.0,0.0,0.5,none,True,True
28589,1.0,0.0,0.5,none,True,True
28590,1.0,0.0,0.5,none,True,True
28591,1.0,0.0,0.5,none,True,True
28592,1.0,0.0,0.5,none,True,True
28593,1.0,0.0,0.5,none,True,True
28594,1.0,0.0,0.5,none,True,True
28595,1.0,0.0,0.5,none,True,True
28596,1.0,0.0,0.5,none,True,True
28597,1.0,0.0,0.5,none,True,True
28598,1.0,0.0,0.5,none,True,True
28599,1.0,0.0,0.5,none,True,True
28600,1.0,0.0,0.5,none,True,True
28601,1.0,0.0,0.5,none,True,True
28602,1.0,0.0,0.5,none,True,True
28603,1.0,0.0,0.5,none,True,True
28604,1.0,0.0,0.5,none,True,True
28605,1.0,0.0,0.5,none,True,True
28606,1.0,0.0,0.5,none,True,True
28607,1.0,0.0,0.5,none,True,True
28608,1.0,0.0,0.5,none,True,True
28609,1.0,0.0,0.5,none,True,True
28610,1.0,0.0,0.5,none,True,True
28611,1.0,0.0,0.5,none,True,True
28612,1.0,0.0,0.5,none,True,True
28613,1.0,0.0,0.5,none,True,True
28614,1.0,0.0,0.5,none,True,True
28615,1.0,0.0,0.5,none,True,True
28616,1.0,0.0,0.5,none,True,True
28617,1.0,0.0,0.5,none,True,True
28618,1.0,0.0,0.5,none,True,True
28619,1.0,0.0,0.5,none,True,True
28620,1.0,0.0,0.5,none,True,True
28621,1.0,0.0,0.5,none,True,True
28622,1.0,0.0,0.5,none,True,True
28623,1.0,0.0,0.5,none,True,True
28624,1.0,0.0,0.5,none,True,True
28625,1.0,0.0,0.5,none,True,True
28626,1.0,0.0,0.5,none,True,True
28627,1.0,0.0,0.5,none,True,True
28628,1.0,0.0,0.5,none,True,True
28629,1.0,0.0,0.5,none,True,True
28630,1.0,0.0,0.5,none,True,True
28631,1.0,0.0,0.5,none,True,True
28632,1.0,0.0,0.5,none,True,True
28633,1.0,0.0,0.5,none,True,True
28634,1.0,0.0,0.5,none,True,True
28635,1.0,0.0,0.5,none,True,True
28636,1.0,0.0,0.5,none,True,True
28637,1.0,0.0,0.5,none,True,True
28638,1.0,0.0,0.5,none,True,True
28639,1.0,0.0,0.5,none,True,True
28640,1.0,0.0,0.5,none,True,True
28641,1.0,0.0,0.5,none,True,True
28642,1.0,0.0,0.5,none,True,True
28643,1.0,0.0,0.5,none,True,True
28644,1.0,0.0,0.5,none,True,True
28645,1.0,0.0,0.5,none,True,True
28646,1.0,0.0,0.5,none,True,True
28647,1.0,0.0,0.5,none,True,True
28648,1.0,0.0,0.5,none,True,True
28649,1.0,0.0,0.5,none,True,True
28650,1.0,0.0,0.5,none,True,True
28651,1.0,0.0,0.5,none,True,True
28652,1.0,0.0,0.5,none,True,True
28653,1.0,0.0,0.5,none,True,True
28654,1.0,0.0,0.5,none,True,True
28655,1.0,0.0,0.5,none,True,True
28656,1.0,0.0,0.5,none,True,True
28657,1.0,0.0,0.5,none,True,True
28658,1.0,0.0,0.5,none,True,True
28659,1.0,0.0,0.5,none,True,True
28660,1.0,0.0,0.5,none,True,True
28661,1.0,0.0,0.5,none,True,True
28662,1.0,0.0,0.5,none,True,True
28663,1.0,0.0,0.5,none,True,True
28664,1.0,0.0,0.5,none,True,True
28665,1.0,0.0,0.5,none,True,True
28666,1.0,0.0,0.5,none,True,True
28667,1.0,0.0,0.5,none,True,True
28668,1.0,0.0,0.5,none,True,True
28669,1.0,0.0,0.5,none,True,True
28670,1.0,0.0,0.5,none,True,True
28671,1.0,0.0,0.5,none,True,True
28672,1.0,0.0,0.5,none,True,True
28673,1.0,0.0,0.5,none,True,True
28674,1.0,0.0,0.5,none,True,True
28675,1.0,0.0,0.5,none,True,True
28676,1.0,0.0,0.5,none,True,True
28677,1.0,0.0,0.5,none,True,True
28678,1.0,0.0,0.5,none,True,True
28679,1.0,0.0,0.5,none,True,True
28680,1.0,0.0,0.5,none,True,True
28681,1.0,0.0,0.5,none,True,True
28682,1.0,0.0,0.5,none,True,True
28683,1.0,0.0,0.5,none,True,True
28684,1.0,0.0,0.5,none,True,True
28685,1.0,0.0,0.5,none,True,True
28686,1.0,0.0,0.5,none,True,True
28687,1.0,0.0,0.5,none,True,True
28688,1.0,0.0,0.5,none,True,True
28689,1.0,0.0,0.5,none,True,True
28690,1.0,0.0,0.5,none,True,True
28691,1.0,0.0,0.5,none,True,True
28692,1.0,0.0,0.5,none,True,True
28693,1.0,0.0,0.5,none,True,True
28694,1.0,0.0,0.5,none,True,True
28695,1.0,0.0,0.5,none,True,True
28696,1.0,0.0,0.5,none,True,True
28697,1.0,0.0,0.5,none,True,True
28698,1.0,0.0,0.5,none,True,True
28699,1.0,0.0,0.5,none,True,True
28700,1.0,0.0061,0.5,none,True,True
28701,1.0,0.0357,0.5,none,True,True
28702,1.0,0.0812,0.5,none,True,True
28703,1.0,0.1113,0.5,none,True,True
28704,1.0,0.1253,0.5,none,True,True
28705,1.0,0.1408,0.5,none,True,True
28706,1.0,0.0907,0.5,none,True,True
28707,1.0,0.1198,0.5,none,True,True
28708,1.0,0.0467,0.5,none,True,True
28709,1.0,0.0522,0.5,none,True,True
28710,1.0,0.0405,0.5,none,True,True
28711,1.0,0.0313,0.5,none,True,True
28712,1.0,0.0083,0.5,none,True,True
28713,1.0,0.0726,0.5,none,True,True
28714,1.0,0.0793,0.5,none,True,True
28715,1.0,0.0581,0.5,none,True,True
28716,1.0,0.0955,0.5,none,True,True
28717,1.0,0.0839,0.5,none,True,True
28718,1.0,0.0648,0.5,none,True,True
28719,1.0,0.0718,0.5,none,True,True
28720,1.0,0.0589,0.5,none,True,True
28721,1.0,0.0403,0.5,none,True,True
28722,1.0,0.0327,0.5,none,True,True
28723,1.0,0.0277,0.5,none,True,True
28724,1.0,0.017,0.5,none,True,True
28725,1.0,0.0102,0.5,none,True,True
28726,1.0,0.0099,0.5,none,True,True
28727,1.0,0.008,0.5,none,True,True
28728,1.0,0.005,0.5,none,True,True
28729,1.0,0.0063,0.5,none,True,True
28730,1.0,0.009,0.5,none,True,True
28731,1.0,0.0096,0.5,none,True,True
28732,1.0,0.0108,0.5,none,True,True
28733,1.0,0.014,0.5,none,True,True
28734,1.0,0.0161,0.5,none,True,True
28735,1.0,0.0167,0.5,none,True,True
28736,1.0,0.0182,0.5,none,True,True
28737,1.0,0.0196,0.5,none,True,True
28738,1.0,0.0197,0.5,none,True,True
28739,1.0,0.0193,0.5,none,True,True
28740,1.0,0.0193,0.5,none,True,True
28741,1.0,0.0187,0.5,none,True,True
28742,1.0,0.0174,0.5,none,True,True
28743,1.0,0.0163,0.5,none,True,True
28744,1.0,0.0152,0.5,none,True,True
28745,1.0,0.0138,0.5,none,True,True
28746,1.0,0.0123,0.5,none,True,True
28747,1.0,0.0111,0.5,none,True,True
28748,1.0,0.01,0.5,none,True,True
28749,1.0,0.0088,0.5,none,True,True
28750,1.0,0.0078,0.5,none,True,True
28751,1.0,0.0071,0.5,none,True,True
28752,1.0,0.0064,0.5,none,True,True
28753,1.0,0.0057,0.5,none,True,True
28754,1.0,0.0053,0.5,none,True,True
28755,1.0,0.005,0.5,none,True,True
28756,1.0,0.0047,0.5,none,True,True
28757,1.0,0.0045,0.5,none,True,True
28758,1.0,0.0044,0.5,none,True,True
28759,1.0,0.0043,0.5,none,True,True
28760,1.0,0.0042,0.5,none,True,True
28761,1.0,0.0041,0.5,none,True,True
28762,1.0,0.004,0.5,none,True,True
28763,1.0,0.0039,0.5,none,True,True
28764,1.0,0.0038,0.5,none,True,True
28765,1.0,0.0037,0.5,none,True,True
28766,1.0,0.0035,0.5,none,True,True
28767,1.0,0.0033,0.5,none,True,True
28768,1.0,0.0032,0.5,none,True,True
28769,1.0,0.003,0.5,none,True,True
28770,1.0,0.0028,0.5,none,True,True
28771,1.0,0.0026,0.5,none,True,True
28772,1.0,0.0024,0.5,none,True,True
28773,1.0,0.0023,0.5,none,True,True
28774,1.0,0.0021,0.5,none,True,True
28775,1.0,0.0019,0.5,none,True,True
28776,1.0,0.0018,0.5,none,True,True
28777,1.0,0.0017,0.5,none,True,True
28778,1.0,0.0015,0.5,none,True,True
28779,1.0,0.0014,0.5,none,True,True
28780,1.0,0.0013,0.5,none,True,True
28781,1.0,0.0013,0.5,none,True,True
28782,1.0,0.0012,0.5,none,True,True
28783,1.0,0.0011,0.5,none,True,True
28784,1.0,0.0011,0.5,none,True,True
28785,1.0,0.001,0.5,none,True,True
28786,1.0,0.001,0.5,none,True,True
28787,1.0,0.0009,0.5,none,True,True
28788,1.0,0.0009,0.5,none,True,True
28789,1.0,0.0008,0.5,none,True,True
28790,1.0,0.0008,0.5,none,True,True
28791,1.0,0.0008,0.5,none,True,True
28792,1.0,0.0007,0.5,none,True,True
28793,1.0,0.0007,0.5,none,True,True
28794,1.0,0.0006,0.5,none,True,True
28795,1.0,0.0006,0.5,none,True,True
28796,1.0,0.0006,0.5,none,True,True
28797,1.0,0.0005,0.5,none,True,True
28798,1.0,0.0005,0.5,none,True,True
28799,1.0,0.0005,0.5,none,True,True
28800,1.0,0.0004,0.5,none,True,True
28801,1.0,0.0004,0.5,none,True,True
28802,1.0,0.0004,0.5,none,True,True
28803,1.0,0.0004,0.5,none,True,True
28804,1.0,0.0003,0.5,none,True,True
28805,1.0,0.0003,0.5,none,True,True
28806,1.0,0.0003,0.5,none,True,True
28807,1.0,0.0003,0.5,none,True,True
28808,1.0,0.0003,0.5,none,True,True
28809,1.0,0.0003,0.5,none,True,True
28810,1.0,0.0002,0.5,none,True,True
28811,1.0,0.0002,0.5,none,True,True
28812,1.0,0.0002,0.5,none,True,True
28813,1.0,0.0002,0.5,none,True,True
28814,1.0,0.0002,0.5,none,True,True
28815,1.0,0.0002,0.5,none,True,True
28816,1.0,0.0002,0.5,none,True,True
28817,1.0,0.0002,0.5,none,True,True
28818,1.0,0.0002,0.5,none,True,True
28819,1.0,0.0001,0.5,none,True,True
28820,1.0,0.0001,0.5,none,True,True
28821,1.0,0.0001,0.5,none,True,True
28822,1.0,0.0001,0.5,none,True,True
28823,1.0,0.0001,0.5,none,True,True
28824,1.0,0.0001,0.5,none,True,True
28825,1.0,0.0001,0.5,none,True,True
28826,1.0,0.0001,0.5,none,True,True
28827,1.0,0.0001,0.5,none,True,True
28828,1.0,0.0001,0.5,none,True,True
28829,1.0,0.0001,0.5,none,True,True
28830,1.0,0.0001,0.5,none,True,True
28831,1.0,0.0001,0.5,none,True,True
28832,1.0,0.0001,0.5,none,True,True
28833,1.0,0.0001,0.5,none,True,True
28834,1.0,0.0001,0.5,none,True,True
28835,1.0,0.0001,0.5,none,True,True
28836,1.0,0.0001,0.5,none,True,True
28837,1.0,0.0,0.5,none,True,True
28838,1.0,0.0,0.5,none,True,True
28839,1.0,0.0,0.5,none,True,True
28840,1.0,0.0,0.5,none,True,True
28841,1.0,0.0,0.5,none,True,True
28842,1.0,0.0,0.5,none,True,True
28843,1.0,0.0,0.5,none,True,True
28844,1.0,0.0,0.5,none,True,True
28845,1.0,0.0,0.5,none,True,True
28846,1.0,0.0,0.5,none,True,True
28847,1.0,0.0,0.5,none,True,True
28848,1.0,0.0,0.5,none,True,True
28849,1.0,0.0,0.5,none,True,True
28850,1.0,0.0,0.5,none,True,True
28851,1.0,0.0,0.5,none,True,True
28852,1.0,0.0,0.5,none,True,True
28853,1.0,0.0,0.5,none,True,True
28854,1.0,0.0,0.5,none,True,True
28855,1.0,0.0,0.5,none,True,True
28856,1.0,0.0,0.5,none,True,True
28857,1.0,0.0,0.5,none,True,True
28858,1.0,0.0,0.5,none,True,True
28859,1.0,0.0,0.5,none,True,True
28860,1.0,0.0,0.5,none,True,True
28861,1.0,0.0,0.5,none,True,True
28862,1.0,0.0,0.5,none,True,True
28863,1.0,0.0,0.5,none,True,True
28864,1.0,0.0,0.5,none,True,True
28865,1.0,0.0,0.5,none,True,True
28866,1.0,0.0,0.5,none,True,True
28867,1.0,0.0,0.5,none,True,True
28868,1.0,0.0,0.5,none,True,True
28869,1.0,0.0,0.5,none,True,True
28870,1.0,0.0,0.5,none,True,True
28871,1.0,0.0,0.5,none,True,True
28872,1.0,0.0,0.5,none,True,True
28873,1.0,0.0,0.5,none,True,True
28874,1.0,0.0,0.5,none,True,True
28875,1.0,0.0,0.5,none,True,True
28876,1.0,0.0,0.5,none,True,True
28877,1.0,0.0,0.5,none,True,True
28878,1.0,0.0,0.5,none,True,True
28879,1.0,0.0,0.5,none,True,True
28880,1.0,0.0,0.5,none,True,True
28881,1.0,0.0,0.5,none,True,True
28882,1.0,0.0,0.5,none,True,True
28883,1.0,0.0,0.5,none,True,True
28884,1.0,0.0,0.5,none,True,True
28885,1.0,0.0,0.5,none,True,True
28886,1.0,0.0,0.5,none,True,True
28887,1.0,0.0,0.5,none,True,True
28888,1.0,0.0,0.5,none,True,True
28889,1.0,0.0,0.5,none,True,True
28890,1.0,0.0,0.5,none,True,True
28891,1.0,0.0,0.5,none,True,True
28892,1.0,0.0,0.5,none,True,True
28893,1.0,0.0,0.5,none,True,True
28894,1.0,0.0,0.5,none,True,True
28895,1.0,0.0,0.5,none,True,True
28896,1.0,0.0,0.5,none,True,True
28897,1.0,0.0,0.5,none,True,True
28898,1.0,0.0,0.5,none,True,True
28899,1.0,0.0,0.5,none,True,True
28900,1.0,0.0,0.5,none,True,True
28901,1.0,0.0,0.5,none,True,True
28902,1.0,0.0,0.5,none,True,True
28903,1.0,0.0,0.5,none,True,True
28904,1.0,0.0,0.5,none,True,True
28905,1.0,0.0,0.5,none,True,True
28906,1.0,0.0,0.5,none,True,True
28907,1.0,0.0,0.5,none,True,True
28908,1.0,0.0,0.5,none,True,True
28909,1.0,0.0,0.5,none,True,True
28910,1.0,0.0,0.5,none,True,True
28911,1.0,0.0,0.5,none,True,True
28912,1.0,0.0,0.5,none,True,True
28913,1.0,0.0,0.5,none,True,True
28914,1.0,0.0,0.5,none,True,True
28915,1.0,0.0,0.5,none,True,True
28916,1.0,0.0,0.5,none,True,True
28917,1.0,0.0,0.5,none,True,True
28918,1.0,0.0,0.5,none,True,True
28919,1.0,0.0,0.5,none,True,True
28920,1.0,0.0,0.5,none,True,True
28921,1.0,0.0,0.5,none,True,True
28922,1.0,0.0,0.5,none,True,True
28923,1.0,0.0,0.5,none,True,True
28924,1.0,0.0,0.5,none,True,True
28925,1.0,0.0,0.5,none,True,True
28926,1.0,0.0,0.5,none,True,True
28927,1.0,0.0,0.5,none,True,True
28928,1.0,0.0,0.5,none,True,True
28929,1.0,0.0,0.5,none,True,True
28930,1.0,0.0,0.5,none,True,True
28931,1.0,0.0,0.5,none,True,True
28932,1.0,0.0,0.5,none,True,True
28933,1.0,0.0,0.5,none,True,True
28934,1.0,0.0,0.5,none,True,True
28935,1.0,0.0,0.5,none,True,True
28936,1.0,0.0,0.5,none,True,True
28937,1.0,0.0,0.5,none,True,True
28938,1.0,0.0,0.5,none,True,True
28939,1.0,0.0,0.5,none,True,True
28940,1.0,0.0,0.5,none,True,True
28941,1.0,0.0,0.5,none,True,True
28942,1.0,0.0,0.5,none,True,True
28943,1.0,0.0,0.5,none,True,True
28944,1.0,0.0,0.5,none,True,True
28945,1.0,0.0,0.5,none,True,True
28946,1.0,0.0,0.5,none,True,True
28947,1.0,0.0,0.5,none,True,True
28948,1.0,0.0,0.5,none,True,True
28949,1.0,0.0,0.5,none,True,True
28950,1.0,0.0,0.5,none,True,True
28951,1.0,0.0,0.5,none,True,True
28952,1.0,0.0,0.5,none,True,True
28953,1.0,0.0,0.5,none,True,True
28954,1.0,0.0,0.5,none,True,True
28955,1.0,0.0,0.5,none,True,True
28956,1.0,0.0,0.5,none,True,True
28957,1.0,0.0,0.5,none,True,True
28958,1.0,0.0,0.5,none,True,True
28959,1.0,0.0,0.5,none,True,True
28960,1.0,0.0,0.5,none,True,True
28961,1.0,0.0,0.5,none,True,True
28962,1.0,0.0,0.5,none,True,True
28963,1.0,0.0,0.5,none,True,True
28964,1.0,0.0,0.5,none,True,True
28965,1.0,0.0,0.5,none,True,True
28966,1.0,0.0,0.5,none,True,True
28967,1.0,0.0,0.5,none,True,True
28968,1.0,0.0,0.5,none,True,True
28969,1.0,0.0,0.5,none,True,True
28970,1.0,0.0,0.5,none,True,True
28971,1.0,0.0,0.5,none,True,True
28972,1.0,0.0,0.5,none,True,True
28973,1.0,0.0,0.5,none,True,True
28974,1.0,0.0,0.5,none,True,True
28975,1.0,0.0,0.5,none,True,True
28976,1.0,0.0,0.5,none,True,True
28977,1.0,0.0,0.5,none,True,True
28978,1.0,0.0,0.5,none,True,True
28979,1.0,0.0,0.5,none,True,True
28980,1.0,0.0,0.5,none,True,True
28981,1.0,0.0,0.5,none,True,True
28982,1.0,0.0,0.5,none,True,True
28983,1.0,0.0,0.5,none,True,True
28984,1.0,0.0,0.5,none,True,True
28985,1.0,0.0,0.5,none,True,True
28986,1.0,0.0,0.5,none,True,True
28987,1.0,0.0,0.5,none,True,True
28988,1.0,0.0,0.5,none,True,True
28989,1.0,0.0,0.5,none,True,True
28990,1.0,0.0,0.5,none,True,True
28991,1.0,0.0,0.5,none,True,True
28992,1.0,0.0,0.5,none,True,True
28993,1.0,0.0,0.5,none,True,True
28994,1.0,0.0,0.5,none,True,True
28995,1.0,0.0,0.5,none,True,True
28996,1.0,0.0,0.5,none,True,True
28997,1.0,0.0,0.5,none,True,True
28998,1.0,0.0,0.5,none,True,True
28999,1.0,0.0,0.5,none,True,True
29000,1.0,0.0,0.5,none,True,True
29001,1.0,0.0,0.5,none,True,True
29002,1.0,0.0,0.5,none,True,True
29003,1.0,0.0,0.5,none,True,True
29004,1.0,0.0,0.5,none,True,True
29005,1.0,0.0,0.5,none,True,True
29006,1.0,0.0,0.5,none,True,True
29007,1.0,0.0,0.5,none,True,True
29008,1.0,0.0,0.5,none,True,True
29009,1.0,0.0,0.5,none,True,True
29010,1.0,0.0,0.5,none,True,True
29011,1.0,0.0,0.5,none,True,True
29012,1.0,0.0,0.5,none,True,True
29013,1.0,0.0,0.5,none,True,True
29014,1.0,0.0,0.5,none,True,True
29015,1.0,0.0,0.5,none,True,True
29016,1.0,0.0,0.5,none,True,True
29017,1.0,0.0,0.5,none,True,True
29018,1.0,0.0,0.5,none,True,True
29019,1.0,0.0,0.5,none,True,True
29020,1.0,0.0,0.5,none,True,True
29021,1.0,0.0,0.5,none,True,True
29022,1.0,0.0,0.5,none,True,True
29023,1.0,0.0,0.5,none,True,True
29024,1.0,0.0,0.5,none,True,True
29025,1.0,0.0,0.5,none,True,True
29026,1.0,0.0,0.5,none,True,True
29027,1.0,0.0,0.5,none,True,True
29028,1.0,0.0,0.5,none,True,True
29029,1.0,0.0,0.5,none,True,True
29030,1.0,0.0,0.5,none,True,True
29031,1.0,0.0,0.5,none,True,True
29032,1.0,0.0,0.5,none,True,True
29033,1.0,0.0,0.5,none,True,True
29034,1.0,0.0,0.5,none,True,True
29035,1.0,0.0,0.5,none,True,True
29036,1.0,0.0,0.5,none,True,True
29037,1.0,0.0,0.5,none,True,True
29038,1.0,0.0,0.5,none,True,True
29039,1.0,0.0,0.5,none,True,True
29040,1.0,0.0,0.5,none,True,True
29041,1.0,0.0,0.5,none,True,True
29042,1.0,0.0,0.5,none,True,True
29043,1.0,0.0,0.5,none,True,True
29044,1.0,0.0,0.5,none,True,True
29045,1.0,0.0,0.5,none,True,True
29046,1.0,0.0,0.5,none,True,True
29047,1.0,0.0,0.5,none,True,True
29048,1.0,0.0,0.5,none,True,True
29049,1.0,0.0,0.5,none,True,True
29050,1.0,0.0,0.5,none,True,True
29051,1.0,0.0,0.5,none,True,True
29052,1.0,0.0,0.5,none,True,True
29053,1.0,0.0,0.5,none,True,True
29054,1.0,0.0,0.5,none,True,True
29055,1.0,0.0,0.5,none,True,True
29056,1.0,0.0,0.5,none,True,True
29057,1.0,0.0,0.5,none,True,True
29058,1.0,0.0,0.5,none,True,True
29059,1.0,0.0,0.5,none,True,True
29060,1.0,0.0,0.5,none,True,True
29061,1.0,0.0,0.5,none,True,True
29062,1.0,0.0,0.5,none,True,True
29063,1.0,0.0,0.5,none,True,True
29064,1.0,0.0,0.5,none,True,True
29065,1.0,0.0,0.5,none,True,True
29066,1.0,0.0,0.5,none,True,True
29067,1.0,0.0,0.5,none,True,True
29068,1.0,0.0,0.5,none,True,True
29069,1.0,0.0,0.5,none,True,True
29070,1.0,0.0,0.5,none,True,True
29071,1.0,0.0,0.5,none,True,True
29072,1.0,0.0,0.5,none,True,True
29073,1.0,0.0,0.5,none,True,True
29074,1.0,0.0,0.5,none,True,True
29075,1.0,0.0,0.5,none,True,True
29076,1.0,0.0,0.5,none,True,True
29077,1.0,0.0,0.5,none,True,True
29078,1.0,0.0,0.5,none,True,True
29079,1.0,0.0,0.5,none,True,True
29080,1.0,0.0,0.5,none,True,True
29081,1.0,0.0,0.5,none,True,True
29082,1.0,0.0,0.5,none,True,True
29083,1.0,0.0,0.5,none,True,True
29084,1.0,0.0,0.5,none,True,True
29085,1.0,0.0,0.5,none,True,True
29086,1.0,0.0,0.5,none,True,True
29087,1.0,0.0,0.5,none,True,True
29088,1.0,0.0,0.5,none,True,True
29089,1.0,0.0,0.5,none,True,True
29090,1.0,0.0,0.5,none,True,True
29091,1.0,0.0,0.5,none,True,True
29092,1.0,0.0,0.5,none,True,True
29093,1.0,0.0,0.5,none,True,True
29094,1.0,0.0,0.5,none,True,True
29095,1.0,0.0,0.5,none,True,True
29096,1.0,0.0,0.5,none,True,True
29097,1.0,0.0,0.5,none,True,True
29098,1.0,0.0,0.5,none,True,True
29099,1.0,0.0,0.5,none,True,True
29100,1.0,0.0,0.5,none,True,True
29101,1.0,0.0,0.5,none,True,True
29102,1.0,0.0,0.5,none,True,True
29103,1.0,0.0,0.5,none,True,True
29104,1.0,0.0,0.5,none,True,True
29105,1.0,0.0,0.5,none,True,True
29106,1.0,0.0,0.5,none,True,True
29107,1.0,0.0,0.5,none,True,True
29108,1.0,0.0,0.5,none,True,True
29109,1.0,0.0,0.5,none,True,True
29110,1.0,0.0,0.5,none,True,True
29111,1.0,0.0,0.5,none,True,True
29112,1.0,0.0,0.5,none,True,True
29113,1.0,0.0,0.5,none,True,True
29114,1.0,0.0,0.5,none,True,True
29115,1.0,0.0,0.5,none,True,True
29116,1.0,0.0,0.5,none,True,True
29117,1.0,0.0,0.5,none,True,True
29118,1.0,0.0,0.5,none,True,True
29119,1.0,0.0,0.5,none,True,True
29120,1.0,0.0,0.5,none,True,True
29121,1.0,0.0,0.5,none,True,True
29122,1.0,0.0,0.5,none,True,True
29123,1.0,0.0,0.5,none,True,True
29124,1.0,0.0,0.5,none,True,True
29125,1.0,0.0,0.5,none,True,True
29126,1.0,0.0,0.5,none,True,True
29127,1.0,0.0,0.5,none,True,True
29128,1.0,0.0,0.5,none,True,True
29129,1.0,0.0,0.5,none,True,True
29130,1.0,0.0,0.5,none,True,True
29131,1.0,0.0,0.5,none,True,True
29132,1.0,0.0,0.5,none,True,True
29133,1.0,0.0,0.5,none,True,True
29134,1.0,0.0,0.5,none,True,True
29135,1.0,0.0,0.5,none,True,True
29136,1.0,0.0,0.5,none,True,True
29137,1.0,0.0,0.5,none,True,True
29138,1.0,0.0,0.5,none,True,True
29139,1.0,0.0,0.5,none,True,True
29140,1.0,0.0,0.5,none,True,True
29141,1.0,0.0,0.5,none,True,True
29142,1.0,0.0,0.5,none,True,True
29143,1.0,0.0,0.5,none,True,True
29144,1.0,0.0,0.5,none,True,True
29145,1.0,0.0,0.5,none,True,True
29146,1.0,0.0,0.5,none,True,True
29147,1.0,0.0,0.5,none,True,True
29148,1.0,0.0,0.5,none,True,True
29149,1.0,0.0,0.5,none,True,True
29150,1.0,0.0,0.5,none,True,True
29151,1.0,0.0,0.5,none,True,True
29152,1.0,0.0,0.5,none,True,True
29153,1.0,0.0,0.5,none,True,True
29154,1.0,0.0,0.5,none,True,True
29155,1.0,0.0,0.5,none,True,True
29156,1.0,0.0,0.5,none,True,True
29157,1.0,0.0,0.5,none,True,True
29158,1.0,0.0,0.5,none,True,True
29159,1.0,0.0,0.5,none,True,True
29160,1.0,0.0,0.5,none,True,True
29161,1.0,0.0,0.5,none,True,True
29162,1.0,0.0,0.5,none,True,True
29163,1.0,0.0,0.5,none,True,True
29164,1.0,0.0,0.5,none,True,True
29165,1.0,0.0,0.5,none,True,True
29166,1.0,0.0,0.5,none,True,True
29167,1.0,0.0,0.5,none,True,True
29168,1.0,0.0,0.5,none,True,True
29169,1.0,0.0,0.5,none,True,True
29170,1.0,0.0,0.5,none,True,True
29171,1.0,0.0,0.5,none,True,True
29172,1.0,0.0,0.5,none,True,True
29173,1.0,0.0,0.5,none,True,True
29174,1.0,0.0,0.5,none,True,True
29175,1.0,0.0,0.5,none,True,True
29176,1.0,0.0,0.5,none,True,True
29177,1.0,0.0,0.5,none,True,True
29178,1.0,0.0,0.5,none,True,True
29179,1.0,0.0,0.5,none,True,True
29180,1.0,0.0,0.5,none,True,True
29181,1.0,0.0,0.5,none,True,True
29182,1.0,0.0,0.5,none,True,True
29183,1.0,0.0,0.5,none,True,True
29184,1.0,0.0,0.5,none,True,True
29185,1.0,0.0,0.5,none,True,True
29186,1.0,0.0,0.5,none,True,True
29187,1.0,0.0,0.5,none,True,True
29188,1.0,0.0,0.5,none,True,True
29189,1.0,0.0,0.5,none,True,True
29190,1.0,0.0,0.5,none,True,True
29191,1.0,0.0,0.5,none,True,True
29192,1.0,0.0,0.5,none,True,True
29193,1.0,0.0,0.5,none,True,True
29194,1.0,0.0,0.5,none,True,True
29195,1.0,0.0,0.5,none,True,True
29196,1.0,0.0,0.5,none,True,True
29197,1.0,0.0,0.5,none,True,True
29198,1.0,0.0,0.5,none,True,True
29199,1.0,0.0,0.5,none,True,True
29200,1.0,0.0,0.5,none,True,True
29201,1.0,0.0,0.5,none,True,True
29202,1.0,0.0,0.5,none,True,True
29203,1.0,0.0,0.5,none,True,True
29204,1.0,0.0,0.5,none,True,True
29205,1.0,0.0,0.5,none,True,True
29206,1.0,0.0,0.5,none,True,True
29207,1.0,0.0,0.5,none,True,True
29208,1.0,0.0,0.5,none,True,True
29209,1.0,0.0,0.5,none,True,True
29210,1.0,0.0,0.5,none,True,True
29211,1.0,0.0,0.5,none,True,True
29212,1.0,0.0,0.5,none,True,True
29213,1.0,0.0,0.5,none,True,True
29214,1.0,0.0,0.5,none,True,True
29215,1.0,0.0,0.5,none,True,True
29216,1.0,0.0,0.5,none,True,True
29217,1.0,0.0,0.5,none,True,True
29218,1.0,0.0,0.5,none,True,True
29219,1.0,0.0,0.5,none,True,True
29220,1.0,0.0,0.5,none,True,True
29221,1.0,0.0,0.5,none,True,True
29222,1.0,0.0,0.5,none,True,True
29223,1.0,0.0,0.5,none,True,True
29224,1.0,0.0,0.5,none,True,True
29225,1.0,0.0,0.5,none,True,True
29226,1.0,0.0,0.5,none,True,True
29227,1.0,0.0,0.5,none,True,True
29228,1.0,0.0,0.5,none,True,True
29229,1.0,0.0,0.5,none,True,True
29230,1.0,0.0,0.5,none,True,True
29231,1.0,0.0,0.5,none,True,True
29232,1.0,0.0,0.5,none,True,True
29233,1.0,0.0,0.5,none,True,True
29234,1.0,0.0,0.5,none,True,True
29235,1.0,0.0,0.5,none,True,True
29236,1.0,0.0,0.5,none,True,True
29237,1.0,0.0,0.5,none,True,True
29238,1.0,0.0,0.5,none,True,True
29239,1.0,0.0,0.5,none,True,True
29240,1.0,0.0,0.5,none,True,True
29241,1.0,0.0,0.5,none,True,True
29242,1.0,0.0,0.5,none,True,True
29243,1.0,0.0,0.5,none,True,True
29244,1.0,0.0,0.5,none,True,True
29245,1.0,0.0,0.5,none,True,True
29246,1.0,0.0,0.5,none,True,True
29247,1.0,0.0,0.5,none,True,True
29248,1.0,0.0,0.5,none,True,True
29249,1.0,0.0,0.5,none,True,True
29250,1.0,0.0,0.5,none,True,True
29251,1.0,0.0,0.5,none,True,True
29252,1.0,0.0,0.5,none,True,True
29253,1.0,0.0,0.5,none,True,True
29254,1.0,0.0,0.5,none,True,True
29255,1.0,0.0,0.5,none,True,True
29256,1.0,0.0,0.5,none,True,True
29257,1.0,0.0,0.5,none,True,True
29258,1.0,0.0,0.5,none,True,True
29259,1.0,0.0,0.5,none,True,True
29260,1.0,0.0,0.5,none,True,True
29261,1.0,0.0,0.5,none,True,True
29262,1.0,0.0,0.5,none,True,True
29263,1.0,0.0,0.5,none,True,True
29264,1.0,0.0,0.5,none,True,True
29265,1.0,0.0,0.5,none,True,True
29266,1.0,0.0,0.5,none,True,True
29267,1.0,0.0,0.5,none,True,True
29268,1.0,0.0,0.5,none,True,True
29269,1.0,0.0,0.5,none,True,True
29270,1.0,0.0,0.5,none,True,True
29271,1.0,0.0,0.5,none,True,True
29272,1.0,0.0,0.5,none,True,True
29273,1.0,0.0,0.5,none,True,True
29274,1.0,0.0,0.5,none,True,True
29275,1.0,0.0,0.5,none,True,True
29276,1.0,0.0,0.5,none,True,True
29277,1.0,0.0,0.5,none,True,True
29278,1.0,0.0,0.5,none,True,True
29279,1.0,0.0,0.5,none,True,True
29280,1.0,0.0,0.5,none,True,True
29281,1.0,0.0,0.5,none,True,True
29282,1.0,0.0,0.5,none,True,True
29283,1.0,0.0,0.5,none,True,True
29284,1.0,0.0,0.5,none,True,True
29285,1.0,0.0,0.5,none,True,True
29286,1.0,0.0,0.5,none,True,True
29287,1.0,0.0,0.5,none,True,True
29288,1.0,0.0,0.5,none,True,True
29289,1.0,0.0,0.5,none,True,True
29290,1.0,0.0,0.5,none,True,True
29291,1.0,0.0,0.5,none,True,True
29292,1.0,0.0,0.5,none,True,True
29293,1.0,0.0,0.5,none,True,True
29294,1.0,0.0,0.5,none,True,True
29295,1.0,0.0,0.5,none,True,True
29296,1.0,0.0,0.5,none,True,True
29297,1.0,0.0,0.5,none,True,True
29298,1.0,0.0,0.5,none,True,True
29299,1.0,0.0,0.5,none,True,True
29300,1.0,0.0,0.5,none,True,True
29301,1.0,0.0,0.5,none,True,True
29302,1.0,0.0,0.5,none,True,True
29303,1.0,0.0,0.5,none,True,True
29304,1.0,0.0,0.5,none,True,True
29305,1.0,0.0,0.5,none,True,True
29306,1.0,0.0,0.5,none,True,True
29307,1.0,0.0,0.5,none,True,True
29308,1.0,0.0,0.5,none,True,True
29309,1.0,0.0,0.5,none,True,True
29310,1.0,0.0,0.5,none,True,True
29311,1.0,0.0,0.5,none,True,True
29312,1.0,0.0,0.5,none,True,True
29313,1.0,0.0,0.5,none,True,True
29314,1.0,0.0,0.5,none,True,True
29315,1.0,0.0,0.5,none,True,True
29316,1.0,0.0,0.5,none,True,True
29317,1.0,0.0,0.5,none,True,True
29318,1.0,0.0,0.5,none,True,True
29319,1.0,0.0,0.5,none,True,True
29320,1.0,0.0,0.5,none,True,True
29321,1.0,0.0,0.5,none,True,True
29322,1.0,0.0,0.5,none,True,True
29323,1.0,0.0,0.5,none,True,True
29324,1.0,0.0,0.5,none,True,True
29325,1.0,0.0,0.5,none,True,True
29326,1.0,0.0,0.5,none,True,True
29327,1.0,0.0,0.5,none,True,True
29328,1.0,0.0,0.5,none,True,True
29329,1.0,0.0,0.5,none,True,True
29330,1.0,0.0,0.5,none,True,True
29331,1.0,0.0,0.5,none,True,True
29332,1.0,0.0,0.5,none,True,True
29333,1.0,0.0,0.5,none,True,True
29334,1.0,0.0,0.5,none,True,True
29335,1.0,0.0,0.5,none,True,True
29336,1.0,0.0,0.5,none,True,True
29337,1.0,0.0,0.5,none,True,True
29338,1.0,0.0,0.5,none,True,True
29339,1.0,0.0,0.5,none,True,True
29340,1.0,0.0,0.5,none,True,True
29341,1.0,0.0,0.5,none,True,True
29342,1.0,0.0,0.5,none,True,True
29343,1.0,0.0,0.5,none,True,True
29344,1.0,0.0,0.5,none,True,True
29345,1.0,0.0,0.5,none,True,True
29346,1.0,0.0,0.5,none,True,True
29347,1.0,0.0,0.5,none,True,True
29348,1.0,0.0,0.5,none,True,True
29349,1.0,0.0,0.5,none,True,True
29350,1.0,0.0,0.5,none,True,True
29351,1.0,0.0,0.5,none,True,True
29352,1.0,0.0,0.5,none,True,True
29353,1.0,0.0,0.5,none,True,True
29354,1.0,0.0,0.5,none,True,True
29355,1.0,0.0,0.5,none,True,True
29356,1.0,0.0,0.5,none,True,True
29357,1.0,0.0,0.5,none,True,True
29358,1.0,0.0,0.5,none,True,True
29359,1.0,0.0,0.5,none,True,True
29360,1.0,0.0,0.5,none,True,True
29361,1.0,0.0,0.5,none,True,True
29362,1.0,0.0,0.5,none,True,True
29363,1.0,0.0,0.5,none,True,True
29364,1.0,0.0,0.5,none,True,True
29365,1.0,0.0,0.5,none,True,True
29366,1.0,0.0,0.5,none,True,True
29367,1.0,0.0,0.5,none,True,True
29368,1.0,0.0,0.5,none,True,True
29369,1.0,0.0,0.5,none,True,True
29370,1.0,0.0,0.5,none,True,True
29371,1.0,0.0,0.5,none,True,True
29372,1.0,0.0,0.5,none,True,True
29373,1.0,0.0,0.5,none,True,True
29374,1.0,0.0,0.5,none,True,True
29375,1.0,0.0,0.5,none,True,True
29376,1.0,0.0,0.5,none,True,True
29377,1.0,0.0,0.5,none,True,True
29378,1.0,0.0,0.5,none,True,True
29379,1.0,0.0,0.5,none,True,True
29380,1.0,0.0,0.5,none,True,True
29381,1.0,0.0,0.5,none,True,True
29382,1.0,0.0,0.5,none,True,True
29383,1.0,0.0,0.5,none,True,True
29384,1.0,0.0,0.5,none,True,True
29385,1.0,0.0,0.5,none,True,True
29386,1.0,0.0,0.5,none,True,True
29387,1.0,0.0,0.5,none,True,True
29388,1.0,0.0,0.5,none,True,True
29389,1.0,0.0,0.5,none,True,True
29390,1.0,0.0,0.5,none,True,True
29391,1.0,0.0,0.5,none,True,True
29392,1.0,0.0,0.5,none,True,True
29393,1.0,0.0,0.5,none,True,True
29394,1.0,0.0,0.5,none,True,True
29395,1.0,0.0,0.5,none,True,True
29396,1.0,0.0,0.5,none,True,True
29397,1.0,0.0,0.5,none,True,True
29398,1.0,0.0,0.5,none,True,True
29399,1.0,0.0,0.5,none,True,True
29400,1.0,0.0061,0.5,none,True,True
29401,1.0,0.0357,0.5,none,True,True
29402,1.0,0.0812,0.5,none,True,True
29403,1.0,0.1113,0.5,none,True,True
29404,1.0,0.1253,0.5,none,True,True
29405,1.0,0.1408,0.5,none,True,True
29406,1.0,0.0907,0.5,none,True,True
29407,1.0,0.1198,0.5,none,True,True
29408,1.0,0.0467,0.5,none,True,True
29409,1.0,0.0522,0.5,none,True,True
29410,1.0,0.0405,0.5,none,True,True
29411,1.0,0.0313,0.5,none,True,True
29412,1.0,0.0083,0.5,none,True,True
29413,1.0,0.0726,0.5,none,True,True
29414,1.0,0.0793,0.5,none,True,True
29415,1.0,0.0581,0.5,none,True,True
29416,1.0,0.0955,0.5,none,True,True
29417,1.0,0.0839,0.5,none,True,True
29418,1.0,0.0648,0.5,none,True,True
29419,1.0,0.0718,0.5,none,True,True
29420,1.0,0.0589,0.5,none,True,True
29421,1.0,0.0403,0.5,none,True,True
29422,1.0,0.0327,0.5,none,True,True
29423,1.0,0.0277,0.5,none,True,True
29424,1.0,0.017,0.5,none,True,True
29425,1.0,0.0102,0.5,none,True,True
29426,1.0,0.0099,0.5,none,True,True
29427,1.0,0.008,0.5,none,True,True
29428,1.0,0.005,0.5,none,True,True
29429,1.0,0.0063,0.5,none,True,True
29430,1.0,0.009,0.5,none,True,True
29431,1.0,0.0096,0.5,none,True,True
29432,1.0,0.0108,0.5,none,True,True
29433,1.0,0.014,0.5,none,True,True
29434,1.0,0.0161,0.5,none,True,True
29435,1.0,0.0167,0.5,none,True,True
29436,1.0,0.0182,0.5,none,True,True
29437,1.0,0.0196,0.5,none,True,True
29438,1.0,0.0197,0.5,none,True,True
29439,1.0,0.0193,0.5,none,True,True
29440,1.0,0.0193,0.5,none,True,True
29441,1.0,0.0187,0.5,none,True,True
29442,1.0,0.0174,0.5,none,True,True
29443,1.0,0.0163,0.5,none,True,True
29444,1.0,0.0152,0.5,none,True,True
29445,1.0,0.0138,0.5,none,True,True
29446,1.0,0.0123,0.5,none,True,True
29447,1.0,0.0111,0.5,none,True,True
29448,1.0,0.01,0.5,none,True,True
29449,1.0,0.0088,0.5,none,True,True
29450,1.0,0.0078,0.5,none,True,True
29451,1.0,0.0071,0.5,none,True,True
29452,1.0,0.0064,0.5,none,True,True
29453,1.0,0.0057,0.5,none,True,True
29454,1.0,0.0053,0.5,none,True,True
29455,1.0,0.005,0.5,none,True,True
29456,1.0,0.0047,0.5,none,True,True
29457,1.0,0.0045,0.5,none,True,True
29458,1.0,0.0044,0.5,none,True,True
29459,1.0,0.0043,0.5,none,True,True
29460,1.0,0.0042,0.5,none,True,True
29461,1.0,0.0041,0.5,none,True,True
29462,1.0,0.004,0.5,none,True,True
29463,1.0,0.0039,0.5,none,True,True
29464,1.0,0.0038,0.5,none,True,True
29465,1.0,0.0037,0.5,none,True,True
29466,1.0,0.0035,0.5,none,True,True
29467,1.0,0.0033,0.5,none,True,True
29468,1.0,0.0032,0.5,none,True,True
29469,1.0,0.003,0.5,none,True,True
29470,1.0,0.0028,0.5,none,True,True
29471,1.0,0.0026,0.5,none,True,True
29472,1.0,0.0024,0.5,none,True,True
29473,1.0,0.0023,0.5,none,True,True
29474,1.0,0.0021,0.5,none,True,True
29475,1.0,0.0019,0.5,none,True,True
29476,1.0,0.0018,0.5,none,True,True
29477,1.0,0.0017,0.5,none,True,True
29478,1.0,0.0015,0.5,none,True,True
29479,1.0,0.0014,0.5,none,True,True
29480,1.0,0.0013,0.5,none,True,True
29481,1.0,0.0013,0.5,none,True,True
29482,1.0,0.0012,0.5,none,True,True
29483,1.0,0.0011,0.5,none,True,True
29484,1.0,0.0011,0.5,none,True,True
29485,1.0,0.001,0.5,none,True,True
29486,1.0,0.001,0.5,none,True,True
29487,1.0,0.0009,0.5,none,True,True
29488,1.0,0.0009,0.5,none,True,True
29489,1.0,0.0008,0.5,none,True,True
29490,1.0,0.0008,0.5,none,True,True
29491,1.0,0.0008,0.5,none,True,True
29492,1.0,0.0007,0.5,none,True,True
29493,1.0,0.0007,0.5,none,True,True
29494,1.0,0.0006,0.5,none,True,True
29495,1.0,0.0006,0.5,none,True,True
29496,1.0,0.0006,0.5,none,True,True
29497,1.0,0.0005,0.5,none,True,True
29498,1.0,0.0005,0.5,none,True,True
29499,1.0,0.0005,0.5,none,True,True
29500,1.0,0.0004,0.5,none,True,True
29501,1.0,0.0004,0.5,none,True,True
29502,1.0,0.0004,0.5,none,True,True
29503,1.0,0.0004,0.5,none,True,True
29504,1.0,0.0003,0.5,none,True,True
29505,1.0,0.0003,0.5,none,True,True
29506,1.0,0.0003,0.5,none,True,True
29507,1.0,0.0003,0.5,none,True,True
29508,1.0,0.0003,0.5,none,True,True
29509,1.0,0.0003,0.5,none,True,True
29510,1.0,0.0002,0.5,none,True,True
29511,1.0,0.0002,0.5,none,True,True
29512,1.0,0.0002,0.5,none,True,True
29513,1.0,0.0002,0.5,none,True,True
29514,1.0,0.0002,0.5,none,True,True
29515,1.0,0.0002,0.5,none,True,True
29516,1.0,0.0002,0.5,none,True,True
29517,1.0,0.0002,0.5,none,True,True
29518,1.0,0.0002,0.5,none,True,True
29519,1.0,0.0001,0.5,none,True,True
29520,1.0,0.0001,0.5,none,True,True
29521,1.0,0.0001,0.5,none,True,True
29522,1.0,0.0001,0.5,none,True,True
29523,1.0,0.0001,0.5,none,True,True
29524,1.0,0.0001,0.5,none,True,True
29525,1.0,0.0001,0.5,none,True,True
29526,1.0,0.0001,0.5,none,True,True
29527,1.0,0.0001,0.5,none,True,True
29528,1.0,0.0001,0.5,none,True,True
29529,1.0,0.0001,0.5,none,True,True
29530,1.0,0.0001,0.5,none,True,True
29531,1.0,0.0001,0.5,none,True,True
29532,1.0,0.0001,0.5,none,True,True
29533,1.0,0.0001,0.5,none,True,True
29534,1.0,0.0001,0.5,none,True,True
29535,1.0,0.0001,0.5,none,True,True
29536,1.0,0.0001,0.5,none,True,True
29537,1.0,0.0,0.5,none,True,True
29538,1.0,0.0,0.5,none,True,True
29539,1.0,0.0,0.5,none,True,True
29540,1.0,0.0,0.5,none,True,True
29541,1.0,0.0,0.5,none,True,True
29542,1.0,0.0,0.5,none,True,True
29543,1.0,0.0,0.5,none,True,True
29544,1.0,0.0,0.5,none,True,True
29545,1.0,0.0,0.5,none,True,True
29546,1.0,0.0,0.5,none,True,True
29547,1.0,0.0,0.5,none,True,True
29548,1.0,0.0,0.5,none,True,True
29549,1.0,0.0,0.5,none,True,True
29550,1.0,0.0,0.5,none,True,True
29551,1.0,0.0,0.5,none,True,True
29552,1.0,0.0,0.5,none,True,True
29553,1.0,0.0,0.5,none,True,True
29554,1.0,0.0,0.5,none,True,True
29555,1.0,0.0,0.5,none,True,True
29556,1.0,0.0,0.5,none,True,True
29557,1.0,0.0,0.5,none,True,True
29558,1.0,0.0,0.5,none,True,True
29559,1.0,0.0,0.5,none,True,True
29560,1.0,0.0,0.5,none,True,True
29561,1.0,0.0,0.5,none,True,True
29562,1.0,0.0,0.5,none,True,True
29563,1.0,0.0,0.5,none,True,True
29564,1.0,0.0,0.5,none,True,True
29565,1.0,0.0,0.5,none,True,True
29566,1.0,0.0,0.5,none,True,True
29567,1.0,0.0,0.5,none,True,True
29568,1.0,0.0,0.5,none,True,True
29569,1.0,0.0,0.5,none,True,True
29570,1.0,0.0,0.5,none,True,True
29571,1.0,0.0,0.5,none,True,True
29572,1.0,0.0,0.5,none,True,True
29573,1.0,0.0,0.5,none,True,True
29574,1.0,0.0,0.5,none,True,True
29575,1.0,0.0,0.5,none,True,True
29576,1.0,0.0,0.5,none,True,True
29577,1.0,0.0,0.5,none,True,True
29578,1.0,0.0,0.5,none,True,True
29579,1.0,0.0,0.5,none,True,True
29580,1.0,0.0,0.5,none,True,True
29581,1.0,0.0,0.5,none,True,True
29582,1.0,0.0,0.5,none,True,True
29583,1.0,0.0,0.5,none,True,True
29584,1.0,0.0,0.5,none,True,True
29585,1.0,0.0,0.5,none,True,True
29586,1.0,0.0,0.5,none,True,True
29587,1.0,0.0,0.5,none,True,True
29588,1.0,0.0,0.5,none,True,True
29589,1.0,0.0,0.5,none,True,True
29590,1.0,0.0,0.5,none,True,True
29591,1.0,0.0,0.5,none,True,True
29592,1.0,0.0,0.5,none,True,True
29593,1.0,0.0,0.5,none,True,True
29594,1.0,0.0,0.5,none,True,True
29595,1.0,0.0,0.5,none,True,True
29596,1.0,0.0,0.5,none,True,True
29597,1.0,0.0,0.5,none,True,True
29598,1.0,0.0,0.5,none,True,True
29599,1.0,0.0,0.5,none,True,True
29600,1.0,0.0,0.5,none,True,True
29601,1.0,0.0,0.5,none,True,True
29602,1.0,0.0,0.5,none,True,True
29603,1.0,0.0,0.5,none,True,True
29604,1.0,0.0,0.5,none,True,True
29605,1.0,0.0,0.5,none,True,True
29606,1.0,0.0,0.5,none,True,True
29607,1.0,0.0,0.5,none,True,True
29608,1.0,0.0,0.5,none,True,True
29609,1.0,0.0,0.5,none,True,True
29610,1.0,0.0,0.5,none,True,True
29611,1.0,0.0,0.5,none,True,True
29612,1.0,0.0,0.5,none,True,True
29613,1.0,0.0,0.5,none,True,True
29614,1.0,0.0,0.5,none,True,True
29615,1.0,0.0,0.5,none,True,True
29616,1.0,0.0,0.5,none,True,True
29617,1.0,0.0,0.5,none,True,True
29618,1.0,0.0,0.5,none,True,True
29619,1.0,0.0,0.5,none,True,True
29620,1.0,0.0,0.5,none,True,True
29621,1.0,0.0,0.5,none,True,True
29622,1.0,0.0,0.5,none,True,True
29623,1.0,0.0,0.5,none,True,True
29624,1.0,0.0,0.5,none,True,True
29625,1.0,0.0,0.5,none,True,True
29626,1.0,0.0,0.5,none,True,True
29627,1.0,0.0,0.5,none,True,True
29628,1.0,0.0,0.5,none,True,True
29629,1.0,0.0,0.5,none,True,True
29630,1.0,0.0,0.5,none,True,True
29631,1.0,0.0,0.5,none,True,True
29632,1.0,0.0,0.5,none,True,True
29633,1.0,0.0,0.5,none,True,True
29634,1.0,0.0,0.5,none,True,True
29635,1.0,0.0,0.5,none,True,True
29636,1.0,0.0,0.5,none,True,True
29637,1.0,0.0,0.5,none,True,True
29638,1.0,0.0,0.5,none,True,True
29639,1.0,0.0,0.5,none,True,True
29640,1.0,0.0,0.5,none,True,True
29641,1.0,0.0,0.5,none,True,True
29642,1.0,0.0,0.5,none,True,True
29643,1.0,0.0,0.5,none,True,True
29644,1.0,0.0,0.5,none,True,True
29645,1.0,0.0,0.5,none,True,True
29646,1.0,0.0,0.5,none,True,True
29647,1.0,0.0,0.5,none,True,True
29648,1.0,0.0,0.5,none,True,True
29649,1.0,0.0,0.5,none,True,True
29650,1.0,0.0,0.5,none,True,True
29651,1.0,0.0,0.5,none,True,True
29652,1.0,0.0,0.5,none,True,True
29653,1.0,0.0,0.5,none,True,True
29654,1.0,0.0,0.5,none,True,True
29655,1.0,0.0,0.5,none,True,True
29656,1.0,0.0,0.5,none,True,True
29657,1.0,0.0,0.5,none,True,True
29658,1.0,0.0,0.5,none,True,True
29659,1.0,0.0,0.5,none,True,True
29660,1.0,0.0,0.5,none,True,True
29661,1.0,0.0,0.5,none,True,True
29662,1.0,0.0,0.5,none,True,True
29663,1.0,0.0,0.5,none,True,True
29664,1.0,0.0,0.5,none,True,True
29665,1.0,0.0,0.5,none,True,True
29666,1.0,0.0,0.5,none,True,True
29667,1.0,0.0,0.5,none,True,True
29668,1.0,0.0,0.5,none,True,True
29669,1.0,0.0,0.5,none,True,True
29670,1.0,0.0,0.5,none,True,True
29671,1.0,0.0,0.5,none,True,True
29672,1.0,0.0,0.5,none,True,True
29673,1.0,0.0,0.5,none,True,True
29674,1.0,0.0,0.5,none,True,True
29675,1.0,0.0,0.5,none,True,True
29676,1.0,0.0,0.5,none,True,True
29677,1.0,0.0,0.5,none,True,True
29678,1.0,0.0,0.5,none,True,True
29679,1.0,0.0,0.5,none,True,True
29680,1.0,0.0,0.5,none,True,True
29681,1.0,0.0,0.5,none,True,True
29682,1.0,0.0,0.5,none,True,True
29683,1.0,0.0,0.5,none,True,True
29684,1.0,0.0,0.5,none,True,True
29685,1.0,0.0,0.5,none,True,True
29686,1.0,0.0,0.5,none,True,True
29687,1.0,0.0,0.5,none,True,True
29688,1.0,0.0,0.5,none,True,True
29689,1.0,0.0,0.5,none,True,True
29690,1.0,0.0,0.5,none,True,True
29691,1.0,0.0,0.5,none,True,True
29692,1.0,0.0,0.5,none,True,True
29693,1.0,0.0,0.5,none,True,True
29694,1.0,0.0,0.5,none,True,True
29695,1.0,0.0,0.5,none,True,True
29696,1.0,0.0,0.5,none,True,True
29697,1.0,0.0,0.5,none,True,True
29698,1.0,0.0,0.5,none,True,True
29699,1.0,0.0,0.5,none,True,True
29700,1.0,0.0,0.5,none,True,True
29701,1.0,0.0,0.5,none,True,True
29702,1.0,0.0,0.5,none,True,True
29703,1.0,0.0,0.5,none,True,True
29704,1.0,0.0,0.5,none,True,True
29705,1.0,0.0,0.5,none,True,True
29706,1.0,0.0,0.5,none,True,True
29707,1.0,0.0,0.5,none,True,True
29708,1.0,0.0,0.5,none,True,True
29709,1.0,0.0,0.5,none,True,True
29710,1.0,0.0,0.5,none,True,True
29711,1.0,0.0,0.5,none,True,True
29712,1.0,0.0,0.5,none,True,True
29713,1.0,0.0,0.5,none,True,True
29714,1.0,0.0,0.5,none,True,True
29715,1.0,0.0,0.5,none,True,True
29716,1.0,0.0,0.5,none,True,True
29717,1.0,0.0,0.5,none,True,True
29718,1.0,0.0,0.5,none,True,True
29719,1.0,0.0,0.5,none,True,True
29720,1.0,0.0,0.5,none,True,True
29721,1.0,0.0,0.5,none,True,True
29722,1.0,0.0,0.5,none,True,True
29723,1.0,0.0,0.5,none,True,True
29724,1.0,0.0,0.5,none,True,True
29725,1.0,0.0,0.5,none,True,True
29726,1.0,0.0,0.5,none,True,True
29727,1.0,0.0,0.5,none,True,True
29728,1.0,0.0,0.5,none,True,True
29729,1.0,0.0,0.5,none,True,True
29730,1.0,0.0,0.5,none,True,True
29731,1.0,0.0,0.5,none,True,True
29732,1.0,0.0,0.5,none,True,True
29733,1.0,0.0,0.5,none,True,True
29734,1.0,0.0,0.5,none,True,True
29735,1.0,0.0,0.5,none,True,True
29736,1.0,0.0,0.5,none,True,True
29737,1.0,0.0,0.5,none,True,True
29738,1.0,0.0,0.5,none,True,True
29739,1.0,0.0,0.5,none,True,True
29740,1.0,0.0,0.5,none,True,True
29741,1.0,0.0,0.5,none,True,True
29742,1.0,0.0,0.5,none,True,True
29743,1.0,0.0,0.5,none,True,True
29744,1.0,0.0,0.5,none,True,True
29745,1.0,0.0,0.5,none,True,True
29746,1.0,0.0,0.5,none,True,True
29747,1.0,0.0,0.5,none,True,True
29748,1.0,0.0,0.5,none,True,True
29749,1.0,0.0,0.5,none,True,True
29750,1.0,0.0,0.5,none,True,True
29751,1.0,0.0,0.5,none,True,True
29752,1.0,0.0,0.5,none,True,True
29753,1.0,0.0,0.5,none,True,True
29754,1.0,0.0,0.5,none,True,True
29755,1.0,0.0,0.5,none,True,True
29756,1.0,0.0,0.5,none,True,True
29757,1.0,0.0,0.5,none,True,True
29758,1.0,0.0,0.5,none,True,True
29759,1.0,0.0,0.5,none,True,True
29760,1.0,0.0,0.5,none,True,True
29761,1.0,0.0,0.5,none,True,True
29762,1.0,0.0,0.5,none,True,True
29763,1.0,0.0,0.5,none,True,True
29764,1.0,0.0,0.5,none,True,True
29765,1.0,0.0,0.5,none,True,True
29766,1.0,0.0,0.5,none,True,True
29767,1.0,0.0,0.5,none,True,True
29768,1.0,0.0,0.5,none,True,True
29769,1.0,0.0,0.5,none,True,True
29770,1.0,0.0,0.5,none,True,True
29771,1.0,0.0,0.5,none,True,True
29772,1.0,0.0,0.5,none,True,True
29773,1.0,0.0,0.5,none,True,True
29774,1.0,0.0,0.5,none,True,True
29775,1.0,0.0,0.5,none,True,True
29776,1.0,0.0,0.5,none,True,True
29777,1.0,0.0,0.5,none,True,True
29778,1.0,0.0,0.5,none,True,True
29779,1.0,0.0,0.5,none,True,True
29780,1.0,0.0,0.5,none,True,True
29781,1.0,0.0,0.5,none,True,True
29782,1.0,0.0,0.5,none,True,True
29783,1.0,0.0,0.5,none,True,True
29784,1.0,0.0,0.5,none,True,True
29785,1.0,0.0,0.5,none,True,True
29786,1.0,0.0,0.5,none,True,True
29787,1.0,0.0,0.5,none,True,True
29788,1.0,0.0,0.5,none,True,True
29789,1.0,0.0,0.5,none,True,True
29790,1.0,0.0,0.5,none,True,True
29791,1.0,0.0,0.5,none,True,True
29792,1.0,0.0,0.5,none,True,True
29793,1.0,0.0,0.5,none,True,True
29794,1.0,0.0,0.5,none,True,True
29795,1.0,0.0,0.5,none,True,True
29796,1.0,0.0,0.5,none,True,True
29797,1.0,0.0,0.5,none,True,True
29798,1.0,0.0,0.5,none,True,True
29799,1.0,0.0,0.5,none,True,True
29800,1.0,0.0,0.5,none,True,True
29801,1.0,0.0,0.5,none,True,True
29802,1.0,0.0,0.5,none,True,True
29803,1.0,0.0,0.5,none,True,True
29804,1.0,0.0,0.5,none,True,True
29805,1.0,0.0,0.5,none,True,True
29806,1.0,0.0,0.5,none,True,True
29807,1.0,0.0,0.5,none,True,True
29808,1.0,0.0,0.5,none,True,True
29809,1.0,0.0,0.5,none,True,True
29810,1.0,0.0,0.5,none,True,True
29811,1.0,0.0,0.5,none,True,True
29812,1.0,0.0,0.5,none,True,True
29813,1.0,0.0,0.5,none,True,True
29814,1.0,0.0,0.5,none,True,True
29815,1.0,0.0,0.5,none,True,True
29816,1.0,0.0,0.5,none,True,True
29817,1.0,0.0,0.5,none,True,True
29818,1.0,0.0,0.5,none,True,True
29819,1.0,0.0,0.5,none,True,True
29820,1.0,0.0,0.5,none,True,True
29821,1.0,0.0,0.5,none,True,True
29822,1.0,0.0,0.5,none,True,True
29823,1.0,0.0,0.5,none,True,True
29824,1.0,0.0,0.5,none,True,True
29825,1.0,0.0,0.5,none,True,True
29826,1.0,0.0,0.5,none,True,True
29827,1.0,0.0,0.5,none,True,True
29828,1.0,0.0,0.5,none,True,True
29829,1.0,0.0,0.5,none,True,True
29830,1.0,0.0,0.5,none,True,True
29831,1.0,0.0,0.5,none,True,True
29832,1.0,0.0,0.5,none,True,True
29833,1.0,0.0,0.5,none,True,True
29834,1.0,0.0,0.5,none,True,True
29835,1.0,0.0,0.5,none,True,True
29836,1.0,0.0,0.5,none,True,True
29837,1.0,0.0,0.5,none,True,True
29838,1.0,0.0,0.5,none,True,True
29839,1.0,0.0,0.5,none,True,True
29840,1.0,0.0,0.5,none,True,True
29841,1.0,0.0,0.5,none,True,True
29842,1.0,0.0,0.5,none,True,True
29843,1.0,0.0,0.5,none,True,True
29844,1.0,0.0,0.5,none,True,True
29845,1.0,0.0,0.5,none,True,True
29846,1.0,0.0,0.5,none,True,True
29847,1.0,0.0,0.5,none,True,True
29848,1.0,0.0,0.5,none,True,True
29849,1.0,0.0,0.5,none,True,True
29850,1.0,0.0,0.5,none,True,True
29851,1.0,0.0,0.5,none,True,True
29852,1.0,0.0,0.5,none,True,True
29853,1.0,0.0,0.5,none,True,True
29854,1.0,0.0,0.5,none,True,True
29855,1.0,0.0,0.5,none,True,True
29856,1.0,0.0,0.5,none,True,True
29857,1.0,0.0,0.5,none,True,True
29858,1.0,0.0,0.5,none,True,True
29859,1.0,0.0,0.5,none,True,True
29860,1.0,0.0,0.5,none,True,True
29861,1.0,0.0,0.5,none,True,True
29862,1.0,0.0,0.5,none,True,True
29863,1.0,0.0,0.5,none,True,True
29864,1.0,0.0,0.5,none,True,True
29865,1.0,0.0,0.5,none,True,True
29866,1.0,0.0,0.5,none,True,True
29867,1.0,0.0,0.5,none,True,True
29868,1.0,0.0,0.5,none,True,True
29869,1.0,0.0,0.5,none,True,True
29870,1.0,0.0,0.5,none,True,True
29871,1.0,0.0,0.5,none,True,True
29872,1.0,0.0,0.5,none,True,True
29873,1.0,0.0,0.5,none,True,True
29874,1.0,0.0,0.5,none,True,True
29875,1.0,0.0,0.5,none,True,True
29876,1.0,0.0,0.5,none,True,True
29877,1.0,0.0,0.5,none,True,True
29878,1.0,0.0,0.5,none,True,True
29879,1.0,0.0,0.5,none,True,True
29880,1.0,0.0,0.5,none,True,True
29881,1.0,0.0,0.5,none,True,True
29882,1.0,0.0,0.5,none,True,True
29883,1.0,0.0,0.5,none,True,True
29884,1.0,0.0,0.5,none,True,True
29885,1.0,0.0,0.5,none,True,True
29886,1.0,0.0,0.5,none,True,True
29887,1.0,0.0,0.5,none,True,True
29888,1.0,0.0,0.5,none,True,True
29889,1.0,0.0,0.5,none,True,True
29890,1.0,0.0,0.5,none,True,True
29891,1.0,0.0,0.5,none,True,True
29892,1.0,0.0,0.5,none,True,True
29893,1.0,0.0,0.5,none,True,True
29894,1.0,0.0,0.5,none,True,True
29895,1.0,0.0,0.5,none,True,True
29896,1.0,0.0,0.5,none,True,True
29897,1.0,0.0,0.5,none,True,True
29898,1.0,0.0,0.5,none,True,True
29899,1.0,0.0,0.5,none,True,True
29900,1.0,0.0,0.5,none,True,True
29901,1.0,0.0,0.5,none,True,True
29902,1.0,0.0,0.5,none,True,True
29903,1.0,0.0,0.5,none,True,True
29904,1.0,0.0,0.5,none,True,True
29905,1.0,0.0,0.5,none,True,True
29906,1.0,0.0,0.5,none,True,True
29907,1.0,0.0,0.5,none,True,True
29908,1.0,0.0,0.5,none,True,True
29909,1.0,0.0,0.5,none,True,True
29910,1.0,0.0,0.5,none,True,True
29911,1.0,0.0,0.5,none,True,True
29912,1.0,0.0,0.5,none,True,True
29913,1.0,0.0,0.5,none,True,True
29914,1.0,0.0,0.5,none,True,True
29915,1.0,0.0,0.5,none,True,True
29916,1.0,0.0,0.5,none,True,True
29917,1.0,0.0,0.5,none,True,True
29918,1.0,0.0,0.5,none,True,True
29919,1.0,0.0,0.5,none,True,True
29920,1.0,0.0,0.5,none,True,True
29921,1.0,0.0,0.5,none,True,True
29922,1.0,0.0,0.5,none,True,True
29923,1.0,0.0,0.5,none,True,True
29924,1.0,0.0,0.5,none,True,True
29925,1.0,0.0,0.5,none,True,True
29926,1.0,0.0,0.5,none,True,True
29927,1.0,0.0,0.5,none,True,True
29928,1.0,0.0,0.5,none,True,True
29929,1.0,0.0,0.5,none,True,True
29930,1.0,0.0,0.5,none,True,True
29931,1.0,0.0,0.5,none,True,True
29932,1.0,0.0,0.5,none,True,True
29933,1.0,0.0,0.5,none,True,True
29934,1.0,0.0,0.5,none,True,True
29935,1.0,0.0,0.5,none,True,True
29936,1.0,0.0,0.5,none,True,True
29937,1.0,0.0,0.5,none,True,True
29938,1.0,0.0,0.5,none,True,True
29939,1.0,0.0,0.5,none,True,True
29940,1.0,0.0,0.5,none,True,True
29941,1.0,0.0,0.5,none,True,True
29942,1.0,0.0,0.5,none,True,True
29943,1.0,0.0,0.5,none,True,True
29944,1.0,0.0,0.5,none,True,True
29945,1.0,0.0,0.5,none,True,True
29946,1.0,0.0,0.5,none,True,True
29947,1.0,0.0,0.5,none,True,True
29948,1.0,0.0,0.5,none,True,True
29949,1.0,0.0,0.5,none,True,True
29950,1.0,0.0,0.5,none,True,True
29951,1.0,0.0,0.5,none,True,True
29952,1.0,0.0,0.5,none,True,True
29953,1.0,0.0,0.5,none,True,True
29954,1.0,0.0,0.5,none,True,True
29955,1.0,0.0,0.5,none,True,True
29956,1.0,0.0,0.5,none,True,True
29957,1.0,0.0,0.5,none,True,True
29958,1.0,0.0,0.5,none,True,True
29959,1.0,0.0,0.5,none,True,True
29960,1.0,0.0,0.5,none,True,True
29961,1.0,0.0,0.5,none,True,True
29962,1.0,0.0,0.5,none,True,True
29963,1.0,0.0,0.5,none,True,True
29964,1.0,0.0,0.5,none,True,True
29965,1.0,0.0,0.5,none,True,True
29966,1.0,0.0,0.5,none,True,True
29967,1.0,0.0,0.5,none,True,True
29968,1.0,0.0,0.5,none,True,True
29969,1.0,0.0,0.5,none,True,True
29970,1.0,0.0,0.5,none,True,True
29971,1.0,0.0,0.5,none,True,True
29972,1.0,0.0,0.5,none,True,True
29973,1.0,0.0,0.5,none,True,True
29974,1.0,0.0,0.5,none,True,True
29975,1.0,0.0,0.5,none,True,True
29976,1.0,0.0,0.5,none,True,True
29977,1.0,0.0,0.5,none,True,True
29978,1.0,0.0,0.5,none,True,True
29979,1.0,0.0,0.5,none,True,True
29980,1.0,0.0,0.5,none,True,True
29981,1.0,0.0,0.5,none,True,True
29982,1.0,0.0,0.5,none,True,True
29983,1.0,0.0,0.5,none,True,True
29984,1.0,0.0,0.5,none,True,True
29985,1.0,0.0,0.5,none,True,True
29986,1.0,0.0,0.5,none,True,True
29987,1.0,0.0,0.5,none,True,True
29988,1.0,0.0,0.5,none,True,True
29989,1.0,0.0,0.5,none,True,True
29990,1.0,0.0,0.5,none,True,True
29991,1.0,0.0,0.5,none,True,True
29992,1.0,0.0,0.5,none,True,True
29993,1.0,0.0,0.5,none,True,True
29994,1.0,0.0,0.5,none,True,True
29995,1.0,0.0,0.5,none,True,True
29996,1.0,0.0,0.5,none,True,True
29997,1.0,0.0,0.5,none,True,True
29998,1.0,0.0,0.5,none,True,True
29999,1.0,0.0,0.5,none,True,True
30000,1.0,0.0,0.5,none,True,True
30001,1.0,0.0,0.5,none,True,True
30002,1.0,0.0,0.5,none,True,True
30003,1.0,0.0,0.5,none,True,True
30004,1.0,0.0,0.5,none,True,True
30005,1.0,0.0,0.5,none,True,True
30006,1.0,0.0,0.5,none,True,True
30007,1.0,0.0,0.5,none,True,True
30008,1.0,0.0,0.5,none,True,True
30009,1.0,0.0,0.5,none,True,True
30010,1.0,0.0,0.5,none,True,True
30011,1.0,0.0,0.5,none,True,True
30012,1.0,0.0,0.5,none,True,True
30013,1.0,0.0,0.5,none,True,True
30014,1.0,0.0,0.5,none,True,True
30015,1.0,0.0,0.5,none,True,True
30016,1.0,0.0,0.5,none,True,True
30017,1.0,0.0,0.5,none,True,True
30018,1.0,0.0,0.5,none,True,True
30019,1.0,0.0,0.5,none,True,True
30020,1.0,0.0,0.5,none,True,True
30021,1.0,0.0,0.5,none,True,True
30022,1.0,0.0,0.5,none,True,True
30023,1.0,0.0,0.5,none,True,True
30024,1.0,0.0,0.5,none,True,True
30025,1.0,0.0,0.5,none,True,True
30026,1.0,0.0,0.5,none,True,True
30027,1.0,0.0,0.5,none,True,True
30028,1.0,0.0,0.5,none,True,True
30029,1.0,0.0,0.5,none,True,True
30030,1.0,0.0,0.5,none,True,True
30031,1.0,0.0,0.5,none,True,True
30032,1.0,0.0,0.5,none,True,True
30033,1.0,0.0,0.5,none,True,True
30034,1.0,0.0,0.5,none,True,True
30035,1.0,0.0,0.5,none,True,True
30036,1.0,0.0,0.5,none,True,True
30037,1.0,0.0,0.5,none,True,True
30038,1.0,0.0,0.5,none,True,True
30039,1.0,0.0,0.5,none,True,True
30040,1.0,0.0,0.5,none,True,True
30041,1.0,0.0,0.5,none,True,True
30042,1.0,0.0,0.5,none,True,True
30043,1.0,0.0,0.5,none,True,True
30044,1.0,0.0,0.5,none,True,True
30045,1.0,0.0,0.5,none,True,True
30046,1.0,0.0,0.5,none,True,True
30047,1.0,0.0,0.5,none,True,True
30048,1.0,0.0,0.5,none,True,True
30049,1.0,0.0,0.5,none,True,True
30050,1.0,0.0,0.5,none,True,True
30051,1.0,0.0,0.5,none,True,True
30052,1.0,0.0,0.5,none,True,True
30053,1.0,0.0,0.5,none,True,True
30054,1.0,0.0,0.5,none,True,True
30055,1.0,0.0,0.5,none,True,True
30056,1.0,0.0,0.5,none,True,True
30057,1.0,0.0,0.5,none,True,True
30058,1.0,0.0,0.5,none,True,True
30059,1.0,0.0,0.5,none,True,True
30060,1.0,0.0,0.5,none,True,True
30061,1.0,0.0,0.5,none,True,True
30062,1.0,0.0,0.5,none,True,True
30063,1.0,0.0,0.5,none,True,True
30064,1.0,0.0,0.5,none,True,True
30065,1.0,0.0,0.5,none,True,True
30066,1.0,0.0,0.5,none,True,True
30067,1.0,0.0,0.5,none,True,True
30068,1.0,0.0,0.5,none,True,True
30069,1.0,0.0,0.5,none,True,True
30070,1.0,0.0,0.5,none,True,True
30071,1.0,0.0,0.5,none,True,True
30072,1.0,0.0,0.5,none,True,True
30073,1.0,0.0,0.5,none,True,True
30074,1.0,0.0,0.5,none,True,True
30075,1.0,0.0,0.5,none,True,True
30076,1.0,0.0,0.5,none,True,True
30077,1.0,0.0,0.5,none,True,True
30078,1.0,0.0,0.5,none,True,True
30079,1.0,0.0,0.5,none,True,True
30080,1.0,0.0,0.5,none,True,True
30081,1.0,0.0,0.5,none,True,True
30082,1.0,0.0,0.5,none,True,True
30083,1.0,0.0,0.5,none,True,True
30084,1.0,0.0,0.5,none,True,True
30085,1.0,0.0,0.5,none,True,True
30086,1.0,0.0,0.5,none,True,True
30087,1.0,0.0,0.5,none,True,True
30088,1.0,0.0,0.5,none,True,True
30089,1.0,0.0,0.5,none,True,True
30090,1.0,0.0,0.5,none,True,True
30091,1.0,0.0,0.5,none,True,True
30092,1.0,0.0,0.5,none,True,True
30093,1.0,0.0,0.5,none,True,True
30094,1.0,0.0,0.5,none,True,True
30095,1.0,0.0,0.5,none,True,True
30096,1.0,0.0,0.5,none,True,True
30097,1.0,0.0,0.5,none,True,True
30098,1.0,0.0,0.5,none,True,True
30099,1.0,0.0,0.5,none,True,True
30100,1.0,0.0061,0.5,none,True,True
30101,1.0,0.0357,0.5,none,True,True
30102,1.0,0.0812,0.5,none,True,True
30103,1.0,0.1113,0.5,none,True,True
30104,1.0,0.1253,0.5,none,True,True
30105,1.0,0.1408,0.5,none,True,True
30106,1.0,0.0907,0.5,none,True,True
30107,1.0,0.1198,0.5,none,True,True
30108,1.0,0.0467,0.5,none,True,True
30109,1.0,0.0522,0.5,none,True,True
30110,1.0,0.0405,0.5,none,True,True
30111,1.0,0.0313,0.5,none,True,True
30112,1.0,0.0083,0.5,none,True,True
30113,1.0,0.0726,0.5,none,True,True
30114,1.0,0.0793,0.5,none,True,True
30115,1.0,0.0581,0.5,none,True,True
30116,1.0,0.0955,0.5,none,True,True
30117,1.0,0.0839,0.5,none,True,True
30118,1.0,0.0648,0.5,none,True,True
30119,1.0,0.0718,0.5,none,True,True
30120,1.0,0.0589,0.5,none,True,True
30121,1.0,0.0403,0.5,none,True,True
30122,1.0,0.0327,0.5,none,True,True
30123,1.0,0.0277,0.5,none,True,True
30124,1.0,0.017,0.5,none,True,True
30125,1.0,0.0102,0.5,none,True,True
30126,1.0,0.0099,0.5,none,True,True
30127,1.0,0.008,0.5,none,True,True
30128,1.0,0.005,0.5,none,True,True
30129,1.0,0.0063,0.5,none,True,True
30130,1.0,0.009,0.5,none,True,True
30131,1.0,0.0096,0.5,none,True,True
30132,1.0,0.0108,0.5,none,True,True
30133,1.0,0.014,0.5,none,True,True
30134,1.0,0.0161,0.5,none,True,True
30135,1.0,0.0167,0.5,none,True,True
30136,1.0,0.0182,0.5,none,True,True
30137,1.0,0.0196,0.5,none,True,True
30138,1.0,0.0197,0.5,none,True,True
30139,1.0,0.0193,0.5,none,True,True
30140,1.0,0.0193,0.5,none,True,True
30141,1.0,0.0187,0.5,none,True,True
30142,1.0,0.0174,0.5,none,True,True
30143,1.0,0.0163,0.5,none,True,True
30144,1.0,0.0152,0.5,none,True,True
30145,1.0,0.0138,0.5,none,True,True
30146,1.0,0.0123,0.5,none,True,True
30147,1.0,0.0111,0.5,none,True,True
30148,1.0,0.01,0.5,none,True,True
30149,1.0,0.0088,0.5,none,True,True
30150,1.0,0.0078,0.5,none,True,True
30151,1.0,0.0071,0.5,none,True,True
30152,1.0,0.0064,0.5,none,True,True
30153,1.0,0.0057,0.5,none,True,True
30154,1.0,0.0053,0.5,none,True,True
30155,1.0,0.005,0.5,none,True,True
30156,1.0,0.0047,0.5,none,True,True
30157,1.0,0.0045,0.5,none,True,True
30158,1.0,0.0044,0.5,none,True,True
30159,1.0,0.0043,0.5,none,True,True
30160,1.0,0.0042,0.5,none,True,True
30161,1.0,0.0041,0.5,none,True,True
30162,1.0,0.004,0.5,none,True,True
30163,1.0,0.0039,0.5,none,True,True
30164,1.0,0.0038,0.5,none,True,True
30165,1.0,0.0037,0.5,none,True,True
30166,1.0,0.0035,0.5,none,True,True
30167,1.0,0.0033,0.5,none,True,True
30168,1.0,0.0032,0.5,none,True,True
30169,1.0,0.003,0.5,none,True,True
30170,1.0,0.0028,0.5,none,True,True
30171,1.0,0.0026,0.5,none,True,True
30172,1.0,0.0024,0.5,none,True,True
30173,1.0,0.0023,0.5,none,True,True
30174,1.0,0.0021,0.5,none,True,True
30175,1.0,0.0019,0.5,none,True,True
30176,1.0,0.0018,0.5,none,True,True
30177,1.0,0.0017,0.5,none,True,True
30178,1.0,0.0015,0.5,none,True,True
30179,1.0,0.0014,0.5,none,True,True
30180,1.0,0.0013,0.5,none,True,True
30181,1.0,0.0013,0.5,none,True,True
30182,1.0,0.0012,0.5,none,True,True
30183,1.0,0.0011,0.5,none,True,True
30184,1.0,0.0011,0.5,none,True,True
30185,1.0,0.001,0.5,none,True,True
30186,1.0,0.001,0.5,none,True,True
30187,1.0,0.0009,0.5,none,True,True
30188,1.0,0.0009,0.5,none,True,True
30189,1.0,0.0008,0.5,none,True,True
30190,1.0,0.0008,0.5,none,True,True
30191,1.0,0.0008,0.5,none,True,True
30192,1.0,0.0007,0.5,none,True,True
30193,1.0,0.0007,0.5,none,True,True
30194,1.0,0.0006,0.5,none,True,True
30195,1.0,0.0006,0.5,none,True,True
30196,1.0,0.0006,0.5,none,True,True
30197,1.0,0.0005,0.5,none,True,True
30198,1.0,0.0005,0.5,none,True,True
30199,1.0,0.0005,0.5,none,True,True
30200,1.0,0.0004,0.5,none,True,True
30201,1.0,0.0004,0.5,none,True,True
30202,1.0,0.0004,0.5,none,True,True
30203,1.0,0.0004,0.5,none,True,True
30204,1.0,0.0003,0.5,none,True,True
30205,1.0,0.0003,0.5,none,True,True
30206,1.0,0.0003,0.5,none,True,True
30207,1.0,0.0003,0.5,none,True,True
30208,1.0,0.0003,0.5,none,True,True
30209,1.0,0.0003,0.5,none,True,True
30210,1.0,0.0002,0.5,none,True,True
30211,1.0,0.0002,0.5,none,True,True
30212,1.0,0.0002,0.5,none,True,True
30213,1.0,0.0002,0.5,none,True,True
30214,1.0,0.0002,0.5,none,True,True
30215,1.0,0.0002,0.5,none,True,True
30216,1.0,0.0002,0.5,none,True,True
30217,1.0,0.0002,0.5,none,True,True
30218,1.0,0.0002,0.5,none,True,True
30219,1.0,0.0001,0.5,none,True,True
30220,1.0,0.0001,0.5,none,True,True
30221,1.0,0.0001,0.5,none,True,True
30222,1.0,0.0001,0.5,none,True,True
30223,1.0,0.0001,0.5,none,True,True
30224,1.0,0.0001,0.5,none,True,True
30225,1.0,0.0001,0.5,none,True,True
30226,1.0,0.0001,0.5,none,True,True
30227,1.0,0.0001,0.5,none,True,True
30228,1.0,0.0001,0.5,none,True,True
30229,1.0,0.0001,0.5,none,True,True
30230,1.0,0.0001,0.5,none,True,True
30231,1.0,0.0001,0.5,none,True,True
30232,1.0,0.0001,0.5,none,True,True
30233,1.0,0.0001,0.5,none,True,True
30234,1.0,0.0001,0.5,none,True,True
30235,1.0,0.0001,0.5,none,True,True
30236,1.0,0.0001,0.5,none,True,True
30237,1.0,0.0,0.5,none,True,True
30238,1.0,0.0,0.5,none,True,True
30239,1.0,0.0,0.5,none,True,True
30240,1.0,0.0,0.5,none,True,True
30241,1.0,0.0,0.5,none,True,True
30242,1.0,0.0,0.5,none,True,True
30243,1.0,0.0,0.5,none,True,True
30244,1.0,0.0,0.5,none,True,True
30245,1.0,0.0,0.5,none,True,True
30246,1.0,0.0,0.5,none,True,True
30247,1.0,0.0,0.5,none,True,True
30248,1.0,0.0,0.5,none,True,True
30249,1.0,0.0,0.5,none,True,True
30250,1.0,0.0,0.5,none,True,True
30251,1.0,0.0,0.5,none,True,True
30252,1.0,0.0,0.5,none,True,True
30253,1.0,0.0,0.5,none,True,True
30254,1.0,0.0,0.5,none,True,True
30255,1.0,0.0,0.5,none,True,True
30256,1.0,0.0,0.5,none,True,True
30257,1.0,0.0,0.5,none,True,True
30258,1.0,0.0,0.5,none,True,True
30259,1.0,0.0,0.5,none,True,True
30260,1.0,0.0,0.5,none,True,True
30261,1.0,0.0,0.5,none,True,True
30262,1.0,0.0,0.5,none,True,True
30263,1.0,0.0,0.5,none,True,True
30264,1.0,0.0,0.5,none,True,True
30265,1.0,0.0,0.5,none,True,True
30266,1.0,0.0,0.5,none,True,True
30267,1.0,0.0,0.5,none,True,True
30268,1.0,0.0,0.5,none,True,True
30269,1.0,0.0,0.5,none,True,True
30270,1.0,0.0,0.5,none,True,True
30271,1.0,0.0,0.5,none,True,True
30272,1.0,0.0,0.5,none,True,True
30273,1.0,0.0,0.5,none,True,True
30274,1.0,0.0,0.5,none,True,True
30275,1.0,0.0,0.5,none,True,True
30276,1.0,0.0,0.5,none,True,True
30277,1.0,0.0,0.5,none,True,True
30278,1.0,0.0,0.5,none,True,True
30279,1.0,0.0,0.5,none,True,True
30280,1.0,0.0,0.5,none,True,True
30281,1.0,0.0,0.5,none,True,True
30282,1.0,0.0,0.5,none,True,True
30283,1.0,0.0,0.5,none,True,True
30284,1.0,0.0,0.5,none,True,True
30285,1.0,0.0,0.5,none,True,True
30286,1.0,0.0,0.5,none,True,True
30287,1.0,0.0,0.5,none,True,True
30288,1.0,0.0,0.5,none,True,True
30289,1.0,0.0,0.5,none,True,True
30290,1.0,0.0,0.5,none,True,True
30291,1.0,0.0,0.5,none,True,True
30292,1.0,0.0,0.5,none,True,True
30293,1.0,0.0,0.5,none,True,True
30294,1.0,0.0,0.5,none,True,True
30295,1.0,0.0,0.5,none,True,True
30296,1.0,0.0,0.5,none,True,True
30297,1.0,0.0,0.5,none,True,True
30298,1.0,0.0,0.5,none,True,True
30299,1.0,0.0,0.5,none,True,True
30300,1.0,0.0,0.5,none,True,True
30301,1.0,0.0,0.5,none,True,True
30302,1.0,0.0,0.5,none,True,True
30303,1.0,0.0,0.5,none,True,True
30304,1.0,0.0,0.5,none,True,True
30305,1.0,0.0,0.5,none,True,True
30306,1.0,0.0,0.5,none,True,True
30307,1.0,0.0,0.5,none,True,True
30308,1.0,0.0,0.5,none,True,True
30309,1.0,0.0,0.5,none,True,True
30310,1.0,0.0,0.5,none,True,True
30311,1.0,0.0,0.5,none,True,True
30312,1.0,0.0,0.5,none,True,True
30313,1.0,0.0,0.5,none,True,True
30314,1.0,0.0,0.5,none,True,True
30315,1.0,0.0,0.5,none,True,True
30316,1.0,0.0,0.5,none,True,True
30317,1.0,0.0,0.5,none,True,True
30318,1.0,0.0,0.5,none,True,True
30319,1.0,0.0,0.5,none,True,True
30320,1.0,0.0,0.5,none,True,True
30321,1.0,0.0,0.5,none,True,True
30322,1.0,0.0,0.5,none,True,True
30323,1.0,0.0,0.5,none,True,True
30324,1.0,0.0,0.5,none,True,True
30325,1.0,0.0,0.5,none,True,True
30326,1.0,0.0,0.5,none,True,True
30327,1.0,0.0,0.5,none,True,True
30328,1.0,0.0,0.5,none,True,True
30329,1.0,0.0,0.5,none,True,True
30330,1.0,0.0,0.5,none,True,True
30331,1.0,0.0,0.5,none,True,True
30332,1.0,0.0,0.5,none,True,True
30333,1.0,0.0,0.5,none,True,True
30334,1.0,0.0,0.5,none,True,True
30335,1.0,0.0,0.5,none,True,True
30336,1.0,0.0,0.5,none,True,True
30337,1.0,0.0,0.5,none,True,True
30338,1.0,0.0,0.5,none,True,True
30339,1.0,0.0,0.5,none,True,True
30340,1.0,0.0,0.5,none,True,True
30341,1.0,0.0,0.5,none,True,True
30342,1.0,0.0,0.5,none,True,True
30343,1.0,0.0,0.5,none,True,True
30344,1.0,0.0,0.5,none,True,True
30345,1.0,0.0,0.5,none,True,True
30346,1.0,0.0,0.5,none,True,True
30347,1.0,0.0,0.5,none,True,True
30348,1.0,0.0,0.5,none,True,True
30349,1.0,0.0,0.5,none,True,True
30350,1.0,0.0,0.5,none,True,True
30351,1.0,0.0,0.5,none,True,True
30352,1.0,0.0,0.5,none,True,True
30353,1.0,0.0,0.5,none,True,True
30354,1.0,0.0,0.5,none,True,True
30355,1.0,0.0,0.5,none,True,True
30356,1.0,0.0,0.5,none,True,True
30357,1.0,0.0,0.5,none,True,True
30358,1.0,0.0,0.5,none,True,True
30359,1.0,0.0,0.5,none,True,True
30360,1.0,0.0,0.5,none,True,True
30361,1.0,0.0,0.5,none,True,True
30362,1.0,0.0,0.5,none,True,True
30363,1.0,0.0,0.5,none,True,True
30364,1.0,0.0,0.5,none,True,True
30365,1.0,0.0,0.5,none,True,True
30366,1.0,0.0,0.5,none,True,True
30367,1.0,0.0,0.5,none,True,True
30368,1.0,0.0,0.5,none,True,True
30369,1.0,0.0,0.5,none,True,True
30370,1.0,0.0,0.5,none,True,True
30371,1.0,0.0,0.5,none,True,True
30372,1.0,0.0,0.5,none,True,True
30373,1.0,0.0,0.5,none,True,True
30374,1.0,0.0,0.5,none,True,True
30375,1.0,0.0,0.5,none,True,True
30376,1.0,0.0,0.5,none,True,True
30377,1.0,0.0,0.5,none,True,True
30378,1.0,0.0,0.5,none,True,True
30379,1.0,0.0,0.5,none,True,True
30380,1.0,0.0,0.5,none,True,True
30381,1.0,0.0,0.5,none,True,True
30382,1.0,0.0,0.5,none,True,True
30383,1.0,0.0,0.5,none,True,True
30384,1.0,0.0,0.5,none,True,True
30385,1.0,0.0,0.5,none,True,True
30386,1.0,0.0,0.5,none,True,True
30387,1.0,0.0,0.5,none,True,True
30388,1.0,0.0,0.5,none,True,True
30389,1.0,0.0,0.5,none,True,True
30390,1.0,0.0,0.5,none,True,True
30391,1.0,0.0,0.5,none,True,True
30392,1.0,0.0,0.5,none,True,True
30393,1.0,0.0,0.5,none,True,True
30394,1.0,0.0,0.5,none,True,True
30395,1.0,0.0,0.5,none,True,True
30396,1.0,0.0,0.5,none,True,True
30397,1.0,0.0,0.5,none,True,True
30398,1.0,0.0,0.5,none,True,True
30399,1.0,0.0,0.5,none,True,True
30400,1.0,0.0,0.5,none,True,True
30401,1.0,0.0,0.5,none,True,True
30402,1.0,0.0,0.5,none,True,True
30403,1.0,0.0,0.5,none,True,True
30404,1.0,0.0,0.5,none,True,True
30405,1.0,0.0,0.5,none,True,True
30406,1.0,0.0,0.5,none,True,True
30407,1.0,0.0,0.5,none,True,True
30408,1.0,0.0,0.5,none,True,True
30409,1.0,0.0,0.5,none,True,True
30410,1.0,0.0,0.5,none,True,True
30411,1.0,0.0,0.5,none,True,True
30412,1.0,0.0,0.5,none,True,True
30413,1.0,0.0,0.5,none,True,True
30414,1.0,0.0,0.5,none,True,True
30415,1.0,0.0,0.5,none,True,True
30416,1.0,0.0,0.5,none,True,True
30417,1.0,0.0,0.5,none,True,True
30418,1.0,0.0,0.5,none,True,True
30419,1.0,0.0,0.5,none,True,True
30420,1.0,0.0,0.5,none,True,True
30421,1.0,0.0,0.5,none,True,True
30422,1.0,0.0,0.5,none,True,True
30423,1.0,0.0,0.5,none,True,True
30424,1.0,0.0,0.5,none,True,True
30425,1.0,0.0,0.5,none,True,True
30426,1.0,0.0,0.5,none,True,True
30427,1.0,0.0,0.5,none,True,True
30428,1.0,0.0,0.5,none,True,True
30429,1.0,0.0,0.5,none,True,True
30430,1.0,0.0,0.5,none,True,True
30431,1.0,0.0,0.5,none,True,True
30432,1.0,0.0,0.5,none,True,True
30433,1.0,0.0,0.5,none,True,True
30434,1.0,0.0,0.5,none,True,True
30435,1.0,0.0,0.5,none,True,True
30436,1.0,0.0,0.5,none,True,True
30437,1.0,0.0,0.5,none,True,True
30438,1.0,0.0,0.5,none,True,True
30439,1.0,0.0,0.5,none,True,True
30440,1.0,0.0,0.5,none,True,True
30441,1.0,0.0,0.5,none,True,True
30442,1.0,0.0,0.5,none,True,True
30443,1.0,0.0,0.5,none,True,True
30444,1.0,0.0,0.5,none,True,True
30445,1.0,0.0,0.5,none,True,True
30446,1.0,0.0,0.5,none,True,True
30447,1.0,0.0,0.5,none,True,True
30448,1.0,0.0,0.5,none,True,True
30449,1.0,0.0,0.5,none,True,True
30450,1.0,0.0,0.5,none,True,True
30451,1.0,0.0,0.5,none,True,True
30452,1.0,0.0,0.5,none,True,True
30453,1.0,0.0,0.5,none,True,True
30454,1.0,0.0,0.5,none,True,True
30455,1.0,0.0,0.5,none,True,True
30456,1.0,0.0,0.5,none,True,True
30457,1.0,0.0,0.5,none,True,True
30458,1.0,0.0,0.5,none,True,True
30459,1.0,0.0,0.5,none,True,True
30460,1.0,0.0,0.5,none,True,True
30461,1.0,0.0,0.5,none,True,True
30462,1.0,0.0,0.5,none,True,True
30463,1.0,0.0,0.5,none,True,True
30464,1.0,0.0,0.5,none,True,True
30465,1.0,0.0,0.5,none,True,True
30466,1.0,0.0,0.5,none,True,True
30467,1.0,0.0,0.5,none,True,True
30468,1.0,0.0,0.5,none,True,True
30469,1.0,0.0,0.5,none,True,True
30470,1.0,0.0,0.5,none,True,True
30471,1.0,0.0,0.5,none,True,True
30472,1.0,0.0,0.5,none,True,True
30473,1.0,0.0,0.5,none,True,True
30474,1.0,0.0,0.5,none,True,True
30475,1.0,0.0,0.5,none,True,True
30476,1.0,0.0,0.5,none,True,True
30477,1.0,0.0,0.5,none,True,True
30478,1.0,0.0,0.5,none,True,True
30479,1.0,0.0,0.5,none,True,True
30480,1.0,0.0,0.5,none,True,True
30481,1.0,0.0,0.5,none,True,True
30482,1.0,0.0,0.5,none,True,True
30483,1.0,0.0,0.5,none,True,True
30484,1.0,0.0,0.5,none,True,True
30485,1.0,0.0,0.5,none,True,True
30486,1.0,0.0,0.5,none,True,True
30487,1.0,0.0,0.5,none,True,True
30488,1.0,0.0,0.5,none,True,True
30489,1.0,0.0,0.5,none,True,True
30490,1.0,0.0,0.5,none,True,True
30491,1.0,0.0,0.5,none,True,True
30492,1.0,0.0,0.5,none,True,True
30493,1.0,0.0,0.5,none,True,True
30494,1.0,0.0,0.5,none,True,True
30495,1.0,0.0,0.5,none,True,True
30496,1.0,0.0,0.5,none,True,True
30497,1.0,0.0,0.5,none,True,True
30498,1.0,0.0,0.5,none,True,True
30499,1.0,0.0,0.5,none,True,True
30500,1.0,0.0,0.5,none,True,True
30501,1.0,0.0,0.5,none,True,True
30502,1.0,0.0,0.5,none,True,True
30503,1.0,0.0,0.5,none,True,True
30504,1.0,0.0,0.5,none,True,True
30505,1.0,0.0,0.5,none,True,True
30506,1.0,0.0,0.5,none,True,True
30507,1.0,0.0,0.5,none,True,True
30508,1.0,0.0,0.5,none,True,True
30509,1.0,0.0,0.5,none,True,True
30510,1.0,0.0,0.5,none,True,True
30511,1.0,0.0,0.5,none,True,True
30512,1.0,0.0,0.5,none,True,True
30513,1.0,0.0,0.5,none,True,True
30514,1.0,0.0,0.5,none,True,True
30515,1.0,0.0,0.5,none,True,True
30516,1.0,0.0,0.5,none,True,True
30517,1.0,0.0,0.5,none,True,True
30518,1.0,0.0,0.5,none,True,True
30519,1.0,0.0,0.5,none,True,True
30520,1.0,0.0,0.5,none,True,True
30521,1.0,0.0,0.5,none,True,True
30522,1.0,0.0,0.5,none,True,True
30523,1.0,0.0,0.5,none,True,True
30524,1.0,0.0,0.5,none,True,True
30525,1.0,0.0,0.5,none,True,True
30526,1.0,0.0,0.5,none,True,True
30527,1.0,0.0,0.5,none,True,True
30528,1.0,0.0,0.5,none,True,True
30529,1.0,0.0,0.5,none,True,True
30530,1.0,0.0,0.5,none,True,True
30531,1.0,0.0,0.5,none,True,True
30532,1.0,0.0,0.5,none,True,True
30533,1.0,0.0,0.5,none,True,True
30534,1.0,0.0,0.5,none,True,True
30535,1.0,0.0,0.5,none,True,True
30536,1.0,0.0,0.5,none,True,True
30537,1.0,0.0,0.5,none,True,True
30538,1.0,0.0,0.5,none,True,True
30539,1.0,0.0,0.5,none,True,True
30540,1.0,0.0,0.5,none,True,True
30541,1.0,0.0,0.5,none,True,True
30542,1.0,0.0,0.5,none,True,True
30543,1.0,0.0,0.5,none,True,True
30544,1.0,0.0,0.5,none,True,True
30545,1.0,0.0,0.5,none,True,True
30546,1.0,0.0,0.5,none,True,True
30547,1.0,0.0,0.5,none,True,True
30548,1.0,0.0,0.5,none,True,True
30549,1.0,0.0,0.5,none,True,True
30550,1.0,0.0,0.5,none,True,True
30551,1.0,0.0,0.5,none,True,True
30552,1.0,0.0,0.5,none,True,True
30553,1.0,0.0,0.5,none,True,True
30554,1.0,0.0,0.5,none,True,True
30555,1.0,0.0,0.5,none,True,True
30556,1.0,0.0,0.5,none,True,True
30557,1.0,0.0,0.5,none,True,True
30558,1.0,0.0,0.5,none,True,True
30559,1.0,0.0,0.5,none,True,True
30560,1.0,0.0,0.5,none,True,True
30561,1.0,0.0,0.5,none,True,True
30562,1.0,0.0,0.5,none,True,True
30563,1.0,0.0,0.5,none,True,True
30564,1.0,0.0,0.5,none,True,True
30565,1.0,0.0,0.5,none,True,True
30566,1.0,0.0,0.5,none,True,True
30567,1.0,0.0,0.5,none,True,True
30568,1.0,0.0,0.5,none,True,True
30569,1.0,0.0,0.5,none,True,True
30570,1.0,0.0,0.5,none,True,True
30571,1.0,0.0,0.5,none,True,True
30572,1.0,0.0,0.5,none,True,True
30573,1.0,0.0,0.5,none,True,True
30574,1.0,0.0,0.5,none,True,True
30575,1.0,0.0,0.5,none,True,True
30576,1.0,0.0,0.5,none,True,True
30577,1.0,0.0,0.5,none,True,True
30578,1.0,0.0,0.5,none,True,True
30579,1.0,0.0,0.5,none,True,True
30580,1.0,0.0,0.5,none,True,True
30581,1.0,0.0,0.5,none,True,True
30582,1.0,0.0,0.5,none,True,True
30583,1.0,0.0,0.5,none,True,True
30584,1.0,0.0,0.5,none,True,True
30585,1.0,0.0,0.5,none,True,True
30586,1.0,0.0,0.5,none,True,True
30587,1.0,0.0,0.5,none,True,True
30588,1.0,0.0,0.5,none,True,True
30589,1.0,0.0,0.5,none,True,True
30590,1.0,0.0,0.5,none,True,True
30591,1.0,0.0,0.5,none,True,True
30592,1.0,0.0,0.5,none,True,True
30593,1.0,0.0,0.5,none,True,True
30594,1.0,0.0,0.5,none,True,True
30595,1.0,0.0,0.5,none,True,True
30596,1.0,0.0,0.5,none,True,True
30597,1.0,0.0,0.5,none,True,True
30598,1.0,0.0,0.5,none,True,True
30599,1.0,0.0,0.5,none,True,True
30600,1.0,0.0,0.5,none,True,True
30601,1.0,0.0,0.5,none,True,True
30602,1.0,0.0,0.5,none,True,True
30603,1.0,0.0,0.5,none,True,True
30604,1.0,0.0,0.5,none,True,True
30605,1.0,0.0,0.5,none,True,True
30606,1.0,0.0,0.5,none,True,True
30607,1.0,0.0,0.5,none,True,True
30608,1.0,0.0,0.5,none,True,True
30609,1.0,0.0,0.5,none,True,True
30610,1.0,0.0,0.5,none,True,True
30611,1.0,0.0,0.5,none,True,True
30612,1.0,0.0,0.5,none,True,True
30613,1.0,0.0,0.5,none,True,True
30614,1.0,0.0,0.5,none,True,True
30615,1.0,0.0,0.5,none,True,True
30616,1.0,0.0,0.5,none,True,True
30617,1.0,0.0,0.5,none,True,True
30618,1.0,0.0,0.5,none,True,True
30619,1.0,0.0,0.5,none,True,True
30620,1.0,0.0,0.5,none,True,True
30621,1.0,0.0,0.5,none,True,True
30622,1.0,0.0,0.5,none,True,True
30623,1.0,0.0,0.5,none,True,True
30624,1.0,0.0,0.5,none,True,True
30625,1.0,0.0,0.5,none,True,True
30626,1.0,0.0,0.5,none,True,True
30627,1.0,0.0,0.5,none,True,True
30628,1.0,0.0,0.5,none,True,True
30629,1.0,0.0,0.5,none,True,True
30630,1.0,0.0,0.5,none,True,True
30631,1.0,0.0,0.5,none,True,True
30632,1.0,0.0,0.5,none,True,True
30633,1.0,0.0,0.5,none,True,True
30634,1.0,0.0,0.5,none,True,True
30635,1.0,0.0,0.5,none,True,True
30636,1.0,0.0,0.5,none,True,True
30637,1.0,0.0,0.5,none,True,True
30638,1.0,0.0,0.5,none,True,True
30639,1.0,0.0,0.5,none,True,True
30640,1.0,0.0,0.5,none,True,True
30641,1.0,0.0,0.5,none,True,True
30642,1.0,0.0,0.5,none,True,True
30643,1.0,0.0,0.5,none,True,True
30644,1.0,0.0,0.5,none,True,True
30645,1.0,0.0,0.5,none,True,True
30646,1.0,0.0,0.5,none,True,True
30647,1.0,0.0,0.5,none,True,True
30648,1.0,0.0,0.5,none,True,True
30649,1.0,0.0,0.5,none,True,True
30650,1.0,0.0,0.5,none,True,True
30651,1.0,0.0,0.5,none,True,True
30652,1.0,0.0,0.5,none,True,True
30653,1.0,0.0,0.5,none,True,True
30654,1.0,0.0,0.5,none,True,True
30655,1.0,0.0,0.5,none,True,True
30656,1.0,0.0,0.5,none,True,True
30657,1.0,0.0,0.5,none,True,True
30658,1.0,0.0,0.5,none,True,True
30659,1.0,0.0,0.5,none,True,True
30660,1.0,0.0,0.5,none,True,True
30661,1.0,0.0,0.5,none,True,True
30662,1.0,0.0,0.5,none,True,True
30663,1.0,0.0,0.5,none,True,True
30664,1.0,0.0,0.5,none,True,True
30665,1.0,0.0,0.5,none,True,True
30666,1.0,0.0,0.5,none,True,True
30667,1.0,0.0,0.5,none,True,True
30668,1.0,0.0,0.5,none,True,True
30669,1.0,0.0,0.5,none,True,True
30670,1.0,0.0,0.5,none,True,True
30671,1.0,0.0,0.5,none,True,True
30672,1.0,0.0,0.5,none,True,True
30673,1.0,0.0,0.5,none,True,True
30674,1.0,0.0,0.5,none,True,True
30675,1.0,0.0,0.5,none,True,True
30676,1.0,0.0,0.5,none,True,True
30677,1.0,0.0,0.5,none,True,True
30678,1.0,0.0,0.5,none,True,True
30679,1.0,0.0,0.5,none,True,True
30680,1.0,0.0,0.5,none,True,True
30681,1.0,0.0,0.5,none,True,True
30682,1.0,0.0,0.5,none,True,True
30683,1.0,0.0,0.5,none,True,True
30684,1.0,0.0,0.5,none,True,True
30685,1.0,0.0,0.5,none,True,True
30686,1.0,0.0,0.5,none,True,True
30687,1.0,0.0,0.5,none,True,True
30688,1.0,0.0,0.5,none,True,True
30689,1.0,0.0,0.5,none,True,True
30690,1.0,0.0,0.5,none,True,True
30691,1.0,0.0,0.5,none,True,True
30692,1.0,0.0,0.5,none,True,True
30693,1.0,0.0,0.5,none,True,True
30694,1.0,0.0,0.5,none,True,True
30695,1.0,0.0,0.5,none,True,True
30696,1.0,0.0,0.5,none,True,True
30697,1.0,0.0,0.5,none,True,True
30698,1.0,0.0,0.5,none,True,True
30699,1.0,0.0,0.5,none,True,True
30700,1.0,0.0,0.5,none,True,True
30701,1.0,0.0,0.5,none,True,True
30702,1.0,0.0,0.5,none,True,True
30703,1.0,0.0,0.5,none,True,True
30704,1.0,0.0,0.5,none,True,True
30705,1.0,0.0,0.5,none,True,True
30706,1.0,0.0,0.5,none,True,True
30707,1.0,0.0,0.5,none,True,True
30708,1.0,0.0,0.5,none,True,True
30709,1.0,0.0,0.5,none,True,True
30710,1.0,0.0,0.5,none,True,True
30711,1.0,0.0,0.5,none,True,True
30712,1.0,0.0,0.5,none,True,True
30713,1.0,0.0,0.5,none,True,True
30714,1.0,0.0,0.5,none,True,True
30715,1.0,0.0,0.5,none,True,True
30716,1.0,0.0,0.5,none,True,True
30717,1.0,0.0,0.5,none,True,True
30718,1.0,0.0,0.5,none,True,True
30719,1.0,0.0,0.5,none,True,True
30720,1.0,0.0,0.5,none,True,True
30721,1.0,0.0,0.5,none,True,True
30722,1.0,0.0,0.5,none,True,True
30723,1.0,0.0,0.5,none,True,True
30724,1.0,0.0,0.5,none,True,True
30725,1.0,0.0,0.5,none,True,True
30726,1.0,0.0,0.5,none,True,True
30727,1.0,0.0,0.5,none,True,True
30728,1.0,0.0,0.5,none,True,True
30729,1.0,0.0,0.5,none,True,True
30730,1.0,0.0,0.5,none,True,True
30731,1.0,0.0,0.5,none,True,True
30732,1.0,0.0,0.5,none,True,True
30733,1.0,0.0,0.5,none,True,True
30734,1.0,0.0,0.5,none,True,True
30735,1.0,0.0,0.5,none,True,True
30736,1.0,0.0,0.5,none,True,True
30737,1.0,0.0,0.5,none,True,True
30738,1.0,0.0,0.5,none,True,True
30739,1.0,0.0,0.5,none,True,True
30740,1.0,0.0,0.5,none,True,True
30741,1.0,0.0,0.5,none,True,True
30742,1.0,0.0,0.5,none,True,True
30743,1.0,0.0,0.5,none,True,True
30744,1.0,0.0,0.5,none,True,True
30745,1.0,0.0,0.5,none,True,True
30746,1.0,0.0,0.5,none,True,True
30747,1.0,0.0,0.5,none,True,True
30748,1.0,0.0,0.5,none,True,True
30749,1.0,0.0,0.5,none,True,True
30750,1.0,0.0,0.5,none,True,True
30751,1.0,0.0,0.5,none,True,True
30752,1.0,0.0,0.5,none,True,True
30753,1.0,0.0,0.5,none,True,True
30754,1.0,0.0,0.5,none,True,True
30755,1.0,0.0,0.5,none,True,True
30756,1.0,0.0,0.5,none,True,True
30757,1.0,0.0,0.5,none,True,True
30758,1.0,0.0,0.5,none,True,True
30759,1.0,0.0,0.5,none,True,True
30760,1.0,0.0,0.5,none,True,True
30761,1.0,0.0,0.5,none,True,True
30762,1.0,0.0,0.5,none,True,True
30763,1.0,0.0,0.5,none,True,True
30764,1.0,0.0,0.5,none,True,True
30765,1.0,0.0,0.5,none,True,True
30766,1.0,0.0,0.5,none,True,True
30767,1.0,0.0,0.5,none,True,True
30768,1.0,0.0,0.5,none,True,True
30769,1.0,0.0,0.5,none,True,True
30770,1.0,0.0,0.5,none,True,True
30771,1.0,0.0,0.5,none,True,True
30772,1.0,0.0,0.5,none,True,True
30773,1.0,0.0,0.5,none,True,True
30774,1.0,0.0,0.5,none,True,True
30775,1.0,0.0,0.5,none,True,True
30776,1.0,0.0,0.5,none,True,True
30777,1.0,0.0,0.5,none,True,True
30778,1.0,0.0,0.5,none,True,True
30779,1.0,0.0,0.5,none,True,True
30780,1.0,0.0,0.5,none,True,True
30781,1.0,0.0,0.5,none,True,True
30782,1.0,0.0,0.5,none,True,True
30783,1.0,0.0,0.5,none,True,True
30784,1.0,0.0,0.5,none,True,True
30785,1.0,0.0,0.5,none,True,True
30786,1.0,0.0,0.5,none,True,True
30787,1.0,0.0,0.5,none,True,True
30788,1.0,0.0,0.5,none,True,True
30789,1.0,0.0,0.5,none,True,True
30790,1.0,0.0,0.5,none,True,True
30791,1.0,0.0,0.5,none,True,True
30792,1.0,0.0,0.5,none,True,True
30793,1.0,0.0,0.5,none,True,True
30794,1.0,0.0,0.5,none,True,True
30795,1.0,0.0,0.5,none,True,True
30796,1.0,0.0,0.5,none,True,True
30797,1.0,0.0,0.5,none,True,True
30798,1.0,0.0,0.5,none,True,True
30799,1.0,0.0,0.5,none,True,True
30800,1.0,0.0061,0.5,none,True,True
30801,1.0,0.0357,0.5,none,True,True
30802,1.0,0.0812,0.5,none,True,True
30803,1.0,0.1113,0.5,none,True,True
30804,1.0,0.1253,0.5,none,True,True
30805,1.0,0.1408,0.5,none,True,True
30806,1.0,0.0907,0.5,none,True,True
30807,1.0,0.1198,0.5,none,True,True
30808,1.0,0.0467,0.5,none,True,True
30809,1.0,0.0522,0.5,none,True,True
30810,1.0,0.0405,0.5,none,True,True
30811,1.0,0.0313,0.5,none,True,True
30812,1.0,0.0083,0.5,none,True,True
30813,1.0,0.0726,0.5,none,True,True
30814,1.0,0.0793,0.5,none,True,True
30815,1.0,0.0581,0.5,none,True,True
30816,1.0,0.0955,0.5,none,True,True
30817,1.0,0.0839,0.5,none,True,True
30818,1.0,0.0648,0.5,none,True,True
30819,1.0,0.0718,0.5,none,True,True
30820,1.0,0.0589,0.5,none,True,True
30821,1.0,0.0403,0.5,none,True,True
30822,1.0,0.0327,0.5,none,True,True
30823,1.0,0.0277,0.5,none,True,True
30824,1.0,0.017,0.5,none,True,True
30825,1.0,0.0102,0.5,none,True,True
30826,1.0,0.0099,0.5,none,True,True
30827,1.0,0.008,0.5,none,True,True
30828,1.0,0.005,0.5,none,True,True
30829,1.0,0.0063,0.5,none,True,True
30830,1.0,0.009,0.5,none,True,True
30831,1.0,0.0096,0.5,none,True,True
30832,1.0,0.0108,0.5,none,True,True
30833,1.0,0.014,0.5,none,True,True
30834,1.0,0.0161,0.5,none,True,True
30835,1.0,0.0167,0.5,none,True,True
30836,1.0,0.0182,0.5,none,True,True
30837,1.0,0.0196,0.5,none,True,True
30838,1.0,0.0197,0.5,none,True,True
30839,1.0,0.0193,0.5,none,True,True
30840,1.0,0.0193,0.5,none,True,True
30841,1.0,0.0187,0.5,none,True,True
30842,1.0,0.0174,0.5,none,True,True
30843,1.0,0.0163,0.5,none,True,True
30844,1.0,0.0152,0.5,none,True,True
30845,1.0,0.0138,0.5,none,True,True
30846,1.0,0.0123,0.5,none,True,True
30847,1.0,0.0111,0.5,none,True,True
30848,1.0,0.01,0.5,none,True,True
30849,1.0,0.0088,0.5,none,True,True
30850,1.0,0.0078,0.5,none,True,True
30851,1.0,0.0071,0.5,none,True,True
30852,1.0,0.0064,0.5,none,True,True
30853,1.0,0.0057,0.5,none,True,True
30854,1.0,0.0053,0.5,none,True,True
30855,1.0,0.005,0.5,none,True,True
30856,1.0,0.0047,0.5,none,True,True
30857,1.0,0.0045,0.5,none,True,True
30858,1.0,0.0044,0.5,none,True,True
30859,1.0,0.0043,0.5,none,True,True
30860,1.0,0.0042,0.5,none,True,True
30861,1.0,0.0041,0.5,none,True,True
30862,1.0,0.004,0.5,none,True,True
30863,1.0,0.0039,0.5,none,True,True
30864,1.0,0.0038,0.5,none,True,True
30865,1.0,0.0037,0.5,none,True,True
30866,1.0,0.0035,0.5,none,True,True
30867,1.0,0.0033,0.5,none,True,True
30868,1.0,0.0032,0.5,none,True,True
30869,1.0,0.003,0.5,none,True,True
30870,1.0,0.0028,0.5,none,True,True
30871,1.0,0.0026,0.5,none,True,True
30872,1.0,0.0024,0.5,none,True,True
30873,1.0,0.0023,0.5,none,True,True
30874,1.0,0.0021,0.5,none,True,True
30875,1.0,0.0019,0.5,none,True,True
30876,1.0,0.0018,0.5,none,True,True
30877,1.0,0.0017,0.5,none,True,True
30878,1.0,0.0015,0.5,none,True,True
30879,1.0,0.0014,0.5,none,True,True
30880,1.0,0.0013,0.5,none,True,True
30881,1.0,0.0013,0.5,none,True,True
30882,1.0,0.0012,0.5,none,True,True
30883,1.0,0.0011,0.5,none,True,True
30884,1.0,0.0011,0.5,none,True,True
30885,1.0,0.001,0.5,none,True,True
30886,1.0,0.001,0.5,none,True,True
30887,1.0,0.0009,0.5,none,True,True
30888,1.0,0.0009,0.5,none,True,True
30889,1.0,0.0008,0.5,none,True,True
30890,1.0,0.0008,0.5,none,True,True
30891,1.0,0.0008,0.5,none,True,True
30892,1.0,0.0007,0.5,none,True,True
30893,1.0,0.0007,0.5,none,True,True
30894,1.0,0.0006,0.5,none,True,True
30895,1.0,0.0006,0.5,none,True,True
30896,1.0,0.0006,0.5,none,True,True
30897,1.0,0.0005,0.5,none,True,True
30898,1.0,0.0005,0.5,none,True,True
30899,1.0,0.0005,0.5,none,True,True
30900,1.0,0.0004,0.5,none,True,True
30901,1.0,0.0004,0.5,none,True,True
30902,1.0,0.0004,0.5,none,True,True
30903,1.0,0.0004,0.5,none,True,True
30904,1.0,0.0003,0.5,none,True,True
30905,1.0,0.0003,0.5,none,True,True
30906,1.0,0.0003,0.5,none,True,True
30907,1.0,0.0003,0.5,none,True,True
30908,1.0,0.0003,0.5,none,True,True
30909,1.0,0.0003,0.5,none,True,True
30910,1.0,0.0002,0.5,none,True,True
30911,1.0,0.0002,0.5,none,True,True
30912,1.0,0.0002,0.5,none,True,True
30913,1.0,0.0002,0.5,none,True,True
30914,1.0,0.0002,0.5,none,True,True
30915,1.0,0.0002,0.5,none,True,True
30916,1.0,0.0002,0.5,none,True,True
30917,1.0,0.0002,0.5,none,True,True
30918,1.0,0.0002,0.5,none,True,True
30919,1.0,0.0001,0.5,none,True,True
30920,1.0,0.0001,0.5,none,True,True
30921,1.0,0.0001,0.5,none,True,True
30922,1.0,0.0001,0.5,none,True,True
30923,1.0,0.0001,0.5,none,True,True
30924,1.0,0.0001,0.5,none,True,True
30925,1.0,0.0001,0.5,none,True,True
30926,1.0,0.0001,0.5,none,True,True
30927,1.0,0.0001,0.5,none,True,True
30928,1.0,0.0001,0.5,none,True,True
30929,1.0,0.0001,0.5,none,True,True
30930,1.0,0.0001,0.5,none,True,True
30931,1.0,0.0001,0.5,none,True,True
30932,1.0,0.0001,0.5,none,True,True
30933,1.0,0.0001,0.5,none,True,True
30934,1.0,0.0001,0.5,none,True,True
30935,1.0,0.0001,0.5,none,True,True
30936,1.0,0.0001,0.5,none,True,True
30937,1.0,0.0,0.5,none,True,True
30938,1.0,0.0,0.5,none,True,True
30939,1.0,0.0,0.5,none,True,True
30940,1.0,0.0,0.5,none,True,True
30941,1.0,0.0,0.5,none,True,True
30942,1.0,0.0,0.5,none,True,True
30943,1.0,0.0,0.5,none,True,True
30944,1.0,0.0,0.5,none,True,True
30945,1.0,0.0,0.5,none,True,True
30946,1.0,0.0,0.5,none,True,True
30947,1.0,0.0,0.5,none,True,True
30948,1.0,0.0,0.5,none,True,True
30949,1.0,0.0,0.5,none,True,True
30950,1.0,0.0,0.5,none,True,True
30951,1.0,0.0,0.5,none,True,True
30952,1.0,0.0,0.5,none,True,True
30953,1.0,0.0,0.5,none,True,True
30954,1.0,0.0,0.5,none,True,True
30955,1.0,0.0,0.5,none,True,True
30956,1.0,0.0,0.5,none,True,True
30957,1.0,0.0,0.5,none,True,True
30958,1.0,0.0,0.5,none,True,True
30959,1.0,0.0,0.5,none,True,True
30960,1.0,0.0,0.5,none,True,True
30961,1.0,0.0,0.5,none,True,True
30962,1.0,0.0,0.5,none,True,True
30963,1.0,0.0,0.5,none,True,True
30964,1.0,0.0,0.5,none,True,True
30965,1.0,0.0,0.5,none,True,True
30966,1.0,0.0,0.5,none,True,True
30967,1.0,0.0,0.5,none,True,True
30968,1.0,0.0,0.5,none,True,True
30969,1.0,0.0,0.5,none,True,True
30970,1.0,0.0,0.5,none,True,True
30971,1.0,0.0,0.5,none,True,True
30972,1.0,0.0,0.5,none,True,True
30973,1.0,0.0,0.5,none,True,True
30974,1.0,0.0,0.5,none,True,True
30975,1.0,0.0,0.5,none,True,True
30976,1.0,0.0,0.5,none,True,True
30977,1.0,0.0,0.5,none,True,True
30978,1.0,0.0,0.5,none,True,True
30979,1.0,0.0,0.5,none,True,True
30980,1.0,0.0,0.5,none,True,True
30981,1.0,0.0,0.5,none,True,True
30982,1.0,0.0,0.5,none,True,True
30983,1.0,0.0,0.5,none,True,True
30984,1.0,0.0,0.5,none,True,True
30985,1.0,0.0,0.5,none,True,True
30986,1.0,0.0,0.5,none,True,True
30987,1.0,0.0,0.5,none,True,True
30988,1.0,0.0,0.5,none,True,True
30989,1.0,0.0,0.5,none,True,True
30990,1.0,0.0,0.5,none,True,True
30991,1.0,0.0,0.5,none,True,True
30992,1.0,0.0,0.5,none,True,True
30993,1.0,0.0,0.5,none,True,True
30994,1.0,0.0,0.5,none,True,True
30995,1.0,0.0,0.5,none,True,True
30996,1.0,0.0,0.5,none,True,True
30997,1.0,0.0,0.5,none,True,True
30998,1.0,0.0,0.5,none,True,True
30999,1.0,0.0,0.5,none,True,True
31000,1.0,0.0,0.5,none,True,True
31001,1.0,0.0,0.5,none,True,True
31002,1.0,0.0,0.5,none,True,True
31003,1.0,0.0,0.5,none,True,True
31004,1.0,0.0,0.5,none,True,True
31005,1.0,0.0,0.5,none,True,True
31006,1.0,0.0,0.5,none,True,True
31007,1.0,0.0,0.5,none,True,True
31008,1.0,0.0,0.5,none,True,True
31009,1.0,0.0,0.5,none,True,True
31010,1.0,0.0,0.5,none,True,True
31011,1.0,0.0,0.5,none,True,True
31012,1.0,0.0,0.5,none,True,True
31013,1.0,0.0,0.5,none,True,True
31014,1.0,0.0,0.5,none,True,True
31015,1.0,0.0,0.5,none,True,True
31016,1.0,0.0,0.5,none,True,True
31017,1.0,0.0,0.5,none,True,True
31018,1.0,0.0,0.5,none,True,True
31019,1.0,0.0,0.5,none,True,True
31020,1.0,0.0,0.5,none,True,True
31021,1.0,0.0,0.5,none,True,True
31022,1.0,0.0,0.5,none,True,True
31023,1.0,0.0,0.5,none,True,True
31024,1.0,0.0,0.5,none,True,True
31025,1.0,0.0,0.5,none,True,True
31026,1.0,0.0,0.5,none,True,True
31027,1.0,0.0,0.5,none,True,True
31028,1.0,0.0,0.5,none,True,True
31029,1.0,0.0,0.5,none,True,True
31030,1.0,0.0,0.5,none,True,True
31031,1.0,0.0,0.5,none,True,True
31032,1.0,0.0,0.5,none,True,True
31033,1.0,0.0,0.5,none,True,True
31034,1.0,0.0,0.5,none,True,True
31035,1.0,0.0,0.5,none,True,True
31036,1.0,0.0,0.5,none,True,True
31037,1.0,0.0,0.5,none,True,True
31038,1.0,0.0,0.5,none,True,True
31039,1.0,0.0,0.5,none,True,True
31040,1.0,0.0,0.5,none,True,True
31041,1.0,0.0,0.5,none,True,True
31042,1.0,0.0,0.5,none,True,True
31043,1.0,0.0,0.5,none,True,True
31044,1.0,0.0,0.5,none,True,True
31045,1.0,0.0,0.5,none,True,True
31046,1.0,0.0,0.5,none,True,True
31047,1.0,0.0,0.5,none,True,True
31048,1.0,0.0,0.5,none,True,True
31049,1.0,0.0,0.5,none,True,True
31050,1.0,0.0,0.5,none,True,True
31051,1.0,0.0,0.5,none,True,True
31052,1.0,0.0,0.5,none,True,True
31053,1.0,0.0,0.5,none,True,True
31054,1.0,0.0,0.5,none,True,True
31055,1.0,0.0,0.5,none,True,True
31056,1.0,0.0,0.5,none,True,True
31057,1.0,0.0,0.5,none,True,True
31058,1.0,0.0,0.5,none,True,True
31059,1.0,0.0,0.5,none,True,True
31060,1.0,0.0,0.5,none,True,True
31061,1.0,0.0,0.5,none,True,True
31062,1.0,0.0,0.5,none,True,True
31063,1.0,0.0,0.5,none,True,True
31064,1.0,0.0,0.5,none,True,True
31065,1.0,0.0,0.5,none,True,True
31066,1.0,0.0,0.5,none,True,True
31067,1.0,0.0,0.5,none,True,True
31068,1.0,0.0,0.5,none,True,True
31069,1.0,0.0,0.5,none,True,True
31070,1.0,0.0,0.5,none,True,True
31071,1.0,0.0,0.5,none,True,True
31072,1.0,0.0,0.5,none,True,True
31073,1.0,0.0,0.5,none,True,True
31074,1.0,0.0,0.5,none,True,True
31075,1.0,0.0,0.5,none,True,True
31076,1.0,0.0,0.5,none,True,True
31077,1.0,0.0,0.5,none,True,True
31078,1.0,0.0,0.5,none,True,True
31079,1.0,0.0,0.5,none,True,True
31080,1.0,0.0,0.5,none,True,True
31081,1.0,0.0,0.5,none,True,True
31082,1.0,0.0,0.5,none,True,True
31083,1.0,0.0,0.5,none,True,True
31084,1.0,0.0,0.5,none,True,True
31085,1.0,0.0,0.5,none,True,True
31086,1.0,0.0,0.5,none,True,True
31087,1.0,0.0,0.5,none,True,True
31088,1.0,0.0,0.5,none,True,True
31089,1.0,0.0,0.5,none,True,True
31090,1.0,0.0,0.5,none,True,True
31091,1.0,0.0,0.5,none,True,True
31092,1.0,0.0,0.5,none,True,True
31093,1.0,0.0,0.5,none,True,True
31094,1.0,0.0,0.5,none,True,True
31095,1.0,0.0,0.5,none,True,True
31096,1.0,0.0,0.5,none,True,True
31097,1.0,0.0,0.5,none,True,True
31098,1.0,0.0,0.5,none,True,True
31099,1.0,0.0,0.5,none,True,True
31100,1.0,0.0,0.5,none,True,True
31101,1.0,0.0,0.5,none,True,True
31102,1.0,0.0,0.5,none,True,True
31103,1.0,0.0,0.5,none,True,True
31104,1.0,0.0,0.5,none,True,True
31105,1.0,0.0,0.5,none,True,True
31106,1.0,0.0,0.5,none,True,True
31107,1.0,0.0,0.5,none,True,True
31108,1.0,0.0,0.5,none,True,True
31109,1.0,0.0,0.5,none,True,True
31110,1.0,0.0,0.5,none,True,True
31111,1.0,0.0,0.5,none,True,True
31112,1.0,0.0,0.5,none,True,True
31113,1.0,0.0,0.5,none,True,True
31114,1.0,0.0,0.5,none,True,True
31115,1.0,0.0,0.5,none,True,True
31116,1.0,0.0,0.5,none,True,True
31117,1.0,0.0,0.5,none,True,True
31118,1.0,0.0,0.5,none,True,True
31119,1.0,0.0,0.5,none,True,True
31120,1.0,0.0,0.5,none,True,True
31121,1.0,0.0,0.5,none,True,True
31122,1.0,0.0,0.5,none,True,True
31123,1.0,0.0,0.5,none,True,True
31124,1.0,0.0,0.5,none,True,True
31125,1.0,0.0,0.5,none,True,True
31126,1.0,0.0,0.5,none,True,True
31127,1.0,0.0,0.5,none,True,True
31128,1.0,0.0,0.5,none,True,True
31129,1.0,0.0,0.5,none,True,True
31130,1.0,0.0,0.5,none,True,True
31131,1.0,0.0,0.5,none,True,True
31132,1.0,0.0,0.5,none,True,True
31133,1.0,0.0,0.5,none,True,True
31134,1.0,0.0,0.5,none,True,True
31135,1.0,0.0,0.5,none,True,True
31136,1.0,0.0,0.5,none,True,True
31137,1.0,0.0,0.5,none,True,True
31138,1.0,0.0,0.5,none,True,True
31139,1.0,0.0,0.5,none,True,True
31140,1.0,0.0,0.5,none,True,True
31141,1.0,0.0,0.5,none,True,True
31142,1.0,0.0,0.5,none,True,True
31143,1.0,0.0,0.5,none,True,True
31144,1.0,0.0,0.5,none,True,True
31145,1.0,0.0,0.5,none,True,True
31146,1.0,0.0,0.5,none,True,True
31147,1.0,0.0,0.5,none,True,True
31148,1.0,0.0,0.5,none,True,True
31149,1.0,0.0,0.5,none,True,True
31150,1.0,0.0,0.5,none,True,True
31151,1.0,0.0,0.5,none,True,True
31152,1.0,0.0,0.5,none,True,True
31153,1.0,0.0,0.5,none,True,True
31154,1.0,0.0,0.5,none,True,True
31155,1.0,0.0,0.5,none,True,True
31156,1.0,0.0,0.5,none,True,True
31157,1.0,0.0,0.5,none,True,True
31158,1.0,0.0,0.5,none,True,True
31159,1.0,0.0,0.5,none,True,True
31160,1.0,0.0,0.5,none,True,True
31161,1.0,0.0,0.5,none,True,True
31162,1.0,0.0,0.5,none,True,True
31163,1.0,0.0,0.5,none,True,True
31164,1.0,0.0,0.5,none,True,True
31165,1.0,0.0,0.5,none,True,True
31166,1.0,0.0,0.5,none,True,True
31167,1.0,0.0,0.5,none,True,True
31168,1.0,0.0,0.5,none,True,True
31169,1.0,0.0,0.5,none,True,True
31170,1.0,0.0,0.5,none,True,True
31171,1.0,0.0,0.5,none,True,True
31172,1.0,0.0,0.5,none,True,True
31173,1.0,0.0,0.5,none,True,True
31174,1.0,0.0,0.5,none,True,True
31175,1.0,0.0,0.5,none,True,True
31176,1.0,0.0,0.5,none,True,True
31177,1.0,0.0,0.5,none,True,True
31178,1.0,0.0,0.5,none,True,True
31179,1.0,0.0,0.5,none,True,True
31180,1.0,0.0,0.5,none,True,True
31181,1.0,0.0,0.5,none,True,True
31182,1.0,0.0,0.5,none,True,True
31183,1.0,0.0,0.5,none,True,True
31184,1.0,0.0,0.5,none,True,True
31185,1.0,0.0,0.5,none,True,True
31186,1.0,0.0,0.5,none,True,True
31187,1.0,0.0,0.5,none,True,True
31188,1.0,0.0,0.5,none,True,True
31189,1.0,0.0,0.5,none,True,True
31190,1.0,0.0,0.5,none,True,True
31191,1.0,0.0,0.5,none,True,True
31192,1.0,0.0,0.5,none,True,True
31193,1.0,0.0,0.5,none,True,True
31194,1.0,0.0,0.5,none,True,True
31195,1.0,0.0,0.5,none,True,True
31196,1.0,0.0,0.5,none,True,True
31197,1.0,0.0,0.5,none,True,True
31198,1.0,0.0,0.5,none,True,True
31199,1.0,0.0,0.5,none,True,True
31200,1.0,0.0,0.5,none,True,True
31201,1.0,0.0,0.5,none,True,True
31202,1.0,0.0,0.5,none,True,True
31203,1.0,0.0,0.5,none,True,True
31204,1.0,0.0,0.5,none,True,True
31205,1.0,0.0,0.5,none,True,True
31206,1.0,0.0,0.5,none,True,True
31207,1.0,0.0,0.5,none,True,True
31208,1.0,0.0,0.5,none,True,True
31209,1.0,0.0,0.5,none,True,True
31210,1.0,0.0,0.5,none,True,True
31211,1.0,0.0,0.5,none,True,True
31212,1.0,0.0,0.5,none,True,True
31213,1.0,0.0,0.5,none,True,True
31214,1.0,0.0,0.5,none,True,True
31215,1.0,0.0,0.5,none,True,True
31216,1.0,0.0,0.5,none,True,True
31217,1.0,0.0,0.5,none,True,True
31218,1.0,0.0,0.5,none,True,True
31219,1.0,0.0,0.5,none,True,True
31220,1.0,0.0,0.5,none,True,True
31221,1.0,0.0,0.5,none,True,True
31222,1.0,0.0,0.5,none,True,True
31223,1.0,0.0,0.5,none,True,True
31224,1.0,0.0,0.5,none,True,True
31225,1.0,0.0,0.5,none,True,True
31226,1.0,0.0,0.5,none,True,True
31227,1.0,0.0,0.5,none,True,True
31228,1.0,0.0,0.5,none,True,True
31229,1.0,0.0,0.5,none,True,True
31230,1.0,0.0,0.5,none,True,True
31231,1.0,0.0,0.5,none,True,True
31232,1.0,0.0,0.5,none,True,True
31233,1.0,0.0,0.5,none,True,True
31234,1.0,0.0,0.5,none,True,True
31235,1.0,0.0,0.5,none,True,True
31236,1.0,0.0,0.5,none,True,True
31237,1.0,0.0,0.5,none,True,True
31238,1.0,0.0,0.5,none,True,True
31239,1.0,0.0,0.5,none,True,True
31240,1.0,0.0,0.5,none,True,True
31241,1.0,0.0,0.5,none,True,True
31242,1.0,0.0,0.5,none,True,True
31243,1.0,0.0,0.5,none,True,True
31244,1.0,0.0,0.5,none,True,True
31245,1.0,0.0,0.5,none,True,True
31246,1.0,0.0,0.5,none,True,True
31247,1.0,0.0,0.5,none,True,True
31248,1.0,0.0,0.5,none,True,True
31249,1.0,0.0,0.5,none,True,True
31250,1.0,0.0,0.5,none,True,True
31251,1.0,0.0,0.5,none,True,True
31252,1.0,0.0,0.5,none,True,True
31253,1.0,0.0,0.5,none,True,True
31254,1.0,0.0,0.5,none,True,True
31255,1.0,0.0,0.5,none,True,True
31256,1.0,0.0,0.5,none,True,True
31257,1.0,0.0,0.5,none,True,True
31258,1.0,0.0,0.5,none,True,True
31259,1.0,0.0,0.5,none,True,True
31260,1.0,0.0,0.5,none,True,True
31261,1.0,0.0,0.5,none,True,True
31262,1.0,0.0,0.5,none,True,True
31263,1.0,0.0,0.5,none,True,True
31264,1.0,0.0,0.5,none,True,True
31265,1.0,0.0,0.5,none,True,True
31266,1.0,0.0,0.5,none,True,True
31267,1.0,0.0,0.5,none,True,True
31268,1.0,0.0,0.5,none,True,True
31269,1.0,0.0,0.5,none,True,True
31270,1.0,0.0,0.5,none,True,True
31271,1.0,0.0,0.5,none,True,True
31272,1.0,0.0,0.5,none,True,True
31273,1.0,0.0,0.5,none,True,True
31274,1.0,0.0,0.5,none,True,True
31275,1.0,0.0,0.5,none,True,True
31276,1.0,0.0,0.5,none,True,True
31277,1.0,0.0,0.5,none,True,True
31278,1.0,0.0,0.5,none,True,True
31279,1.0,0.0,0.5,none,True,True
31280,1.0,0.0,0.5,none,True,True
31281,1.0,0.0,0.5,none,True,True
31282,1.0,0.0,0.5,none,True,True
31283,1.0,0.0,0.5,none,True,True
31284,1.0,0.0,0.5,none,True,True
31285,1.0,0.0,0.5,none,True,True
31286,1.0,0.0,0.5,none,True,True
31287,1.0,0.0,0.5,none,True,True
31288,1.0,0.0,0.5,none,True,True
31289,1.0,0.0,0.5,none,True,True
31290,1.0,0.0,0.5,none,True,True
31291,1.0,0.0,0.5,none,True,True
31292,1.0,0.0,0.5,none,True,True
31293,1.0,0.0,0.5,none,True,True
31294,1.0,0.0,0.5,none,True,True
31295,1.0,0.0,0.5,none,True,True
31296,1.0,0.0,0.5,none,True,True
31297,1.0,0.0,0.5,none,True,True
31298,1.0,0.0,0.5,none,True,True
31299,1.0,0.0,0.5,none,True,True
31300,1.0,0.0,0.5,none,True,True
31301,1.0,0.0,0.5,none,True,True
31302,1.0,0.0,0.5,none,True,True
31303,1.0,0.0,0.5,none,True,True
31304,1.0,0.0,0.5,none,True,True
31305,1.0,0.0,0.5,none,True,True
31306,1.0,0.0,0.5,none,True,True
31307,1.0,0.0,0.5,none,True,True
31308,1.0,0.0,0.5,none,True,True
31309,1.0,0.0,0.5,none,True,True
31310,1.0,0.0,0.5,none,True,True
31311,1.0,0.0,0.5,none,True,True
31312,1.0,0.0,0.5,none,True,True
31313,1.0,0.0,0.5,none,True,True
31314,1.0,0.0,0.5,none,True,True
31315,1.0,0.0,0.5,none,True,True
31316,1.0,0.0,0.5,none,True,True
31317,1.0,0.0,0.5,none,True,True
31318,1.0,0.0,0.5,none,True,True
31319,1.0,0.0,0.5,none,True,True
31320,1.0,0.0,0.5,none,True,True
31321,1.0,0.0,0.5,none,True,True
31322,1.0,0.0,0.5,none,True,True
31323,1.0,0.0,0.5,none,True,True
31324,1.0,0.0,0.5,none,True,True
31325,1.0,0.0,0.5,none,True,True
31326,1.0,0.0,0.5,none,True,True
31327,1.0,0.0,0.5,none,True,True
31328,1.0,0.0,0.5,none,True,True
31329,1.0,0.0,0.5,none,True,True
31330,1.0,0.0,0.5,none,True,True
31331,1.0,0.0,0.5,none,True,True
31332,1.0,0.0,0.5,none,True,True
31333,1.0,0.0,0.5,none,True,True
31334,1.0,0.0,0.5,none,True,True
31335,1.0,0.0,0.5,none,True,True
31336,1.0,0.0,0.5,none,True,True
31337,1.0,0.0,0.5,none,True,True
31338,1.0,0.0,0.5,none,True,True
31339,1.0,0.0,0.5,none,True,True
31340,1.0,0.0,0.5,none,True,True
31341,1.0,0.0,0.5,none,True,True
31342,1.0,0.0,0.5,none,True,True
31343,1.0,0.0,0.5,none,True,True
31344,1.0,0.0,0.5,none,True,True
31345,1.0,0.0,0.5,none,True,True
31346,1.0,0.0,0.5,none,True,True
31347,1.0,0.0,0.5,none,True,True
31348,1.0,0.0,0.5,none,True,True
31349,1.0,0.0,0.5,none,True,True
31350,1.0,0.0,0.5,none,True,True
31351,1.0,0.0,0.5,none,True,True
31352,1.0,0.0,0.5,none,True,True
31353,1.0,0.0,0.5,none,True,True
31354,1.0,0.0,0.5,none,True,True
31355,1.0,0.0,0.5,none,True,True
31356,1.0,0.0,0.5,none,True,True
31357,1.0,0.0,0.5,none,True,True
31358,1.0,0.0,0.5,none,True,True
31359,1.0,0.0,0.5,none,True,True
31360,1.0,0.0,0.5,none,True,True
31361,1.0,0.0,0.5,none,True,True
31362,1.0,0.0,0.5,none,True,True
31363,1.0,0.0,0.5,none,True,True
31364,1.0,0.0,0.5,none,True,True
31365,1.0,0.0,0.5,none,True,True
31366,1.0,0.0,0.5,none,True,True
31367,1.0,0.0,0.5,none,True,True
31368,1.0,0.0,0.5,none,True,True
31369,1.0,0.0,0.5,none,True,True
31370,1.0,0.0,0.5,none,True,True
31371,1.0,0.0,0.5,none,True,True
31372,1.0,0.0,0.5,none,True,True
31373,1.0,0.0,0.5,none,True,True
31374,1.0,0.0,0.5,none,True,True
31375,1.0,0.0,0.5,none,True,True
31376,1.0,0.0,0.5,none,True,True
31377,1.0,0.0,0.5,none,True,True
31378,1.0,0.0,0.5,none,True,True
31379,1.0,0.0,0.5,none,True,True
31380,1.0,0.0,0.5,none,True,True
31381,1.0,0.0,0.5,none,True,True
31382,1.0,0.0,0.5,none,True,True
31383,1.0,0.0,0.5,none,True,True
31384,1.0,0.0,0.5,none,True,True
31385,1.0,0.0,0.5,none,True,True
31386,1.0,0.0,0.5,none,True,True
31387,1.0,0.0,0.5,none,True,True
31388,1.0,0.0,0.5,none,True,True
31389,1.0,0.0,0.5,none,True,True
31390,1.0,0.0,0.5,none,True,True
31391,1.0,0.0,0.5,none,True,True
31392,1.0,0.0,0.5,none,True,True
31393,1.0,0.0,0.5,none,True,True
31394,1.0,0.0,0.5,none,True,True
31395,1.0,0.0,0.5,none,True,True
31396,1.0,0.0,0.5,none,True,True
31397,1.0,0.0,0.5,none,True,True
31398,1.0,0.0,0.5,none,True,True
31399,1.0,0.0,0.5,none,True,True
31400,1.0,0.0,0.5,none,True,True
31401,1.0,0.0,0.5,none,True,True
31402,1.0,0.0,0.5,none,True,True
31403,1.0,0.0,0.5,none,True,True
31404,1.0,0.0,0.5,none,True,True
31405,1.0,0.0,0.5,none,True,True
31406,1.0,0.0,0.5,none,True,True
31407,1.0,0.0,0.5,none,True,True
31408,1.0,0.0,0.5,none,True,True
31409,1.0,0.0,0.5,none,True,True
31410,1.0,0.0,0.5,none,True,True
31411,1.0,0.0,0.5,none,True,True
31412,1.0,0.0,0.5,none,True,True
31413,1.0,0.0,0.5,none,True,True
31414,1.0,0.0,0.5,none,True,True
31415,1.0,0.0,0.5,none,True,True
31416,1.0,0.0,0.5,none,True,True
31417,1.0,0.0,0.5,none,True,True
31418,1.0,0.0,0.5,none,True,True
31419,1.0,0.0,0.5,none,True,True
31420,1.0,0.0,0.5,none,True,True
31421,1.0,0.0,0.5,none,True,True
31422,1.0,0.0,0.5,none,True,True
31423,1.0,0.0,0.5,none,True,True
31424,1.0,0.0,0.5,none,True,True
31425,1.0,0.0,0.5,none,True,True
31426,1.0,0.0,0.5,none,True,True
31427,1.0,0.0,0.5,none,True,True
31428,1.0,0.0,0.5,none,True,True
31429,1.0,0.0,0.5,none,True,True
31430,1.0,0.0,0.5,none,True,True
31431,1.0,0.0,0.5,none,True,True
31432,1.0,0.0,0.5,none,True,True
31433,1.0,0.0,0.5,none,True,True
31434,1.0,0.0,0.5,none,True,True
31435,1.0,0.0,0.5,none,True,True
31436,1.0,0.0,0.5,none,True,True
31437,1.0,0.0,0.5,none,True,True
31438,1.0,0.0,0.5,none,True,True
31439,1.0,0.0,0.5,none,True,True
31440,1.0,0.0,0.5,none,True,True
31441,1.0,0.0,0.5,none,True,True
31442,1.0,0.0,0.5,none,True,True
31443,1.0,0.0,0.5,none,True,True
31444,1.0,0.0,0.5,none,True,True
31445,1.0,0.0,0.5,none,True,True
31446,1.0,0.0,0.5,none,True,True
31447,1.0,0.0,0.5,none,True,True
31448,1.0,0.0,0.5,none,True,True
31449,1.0,0.0,0.5,none,True,True
31450,1.0,0.0,0.5,none,True,True
31451,1.0,0.0,0.5,none,True,True
31452,1.0,0.0,0.5,none,True,True
31453,1.0,0.0,0.5,none,True,True
31454,1.0,0.0,0.5,none,True,True
31455,1.0,0.0,0.5,none,True,True
31456,1.0,0.0,0.5,none,True,True
31457,1.0,0.0,0.5,none,True,True
31458,1.0,0.0,0.5,none,True,True
31459,1.0,0.0,0.5,none,True,True
31460,1.0,0.0,0.5,none,True,True
31461,1.0,0.0,0.5,none,True,True
31462,1.0,0.0,0.5,none,True,True
31463,1.0,0.0,0.5,none,True,True
31464,1.0,0.0,0.5,none,True,True
31465,1.0,0.0,0.5,none,True,True
31466,1.0,0.0,0.5,none,True,True
31467,1.0,0.0,0.5,none,True,True
31468,1.0,0.0,0.5,none,True,True
31469,1.0,0.0,0.5,none,True,True
31470,1.0,0.0,0.5,none,True,True
31471,1.0,0.0,0.5,none,True,True
31472,1.0,0.0,0.5,none,True,True
31473,1.0,0.0,0.5,none,True,True
31474,1.0,0.0,0.5,none,True,True
31475,1.0,0.0,0.5,none,True,True
31476,1.0,0.0,0.5,none,True,True
31477,1.0,0.0,0.5,none,True,True
31478,1.0,0.0,0.5,none,True,True
31479,1.0,0.0,0.5,none,True,True
31480,1.0,0.0,0.5,none,True,True
31481,1.0,0.0,0.5,none,True,True
31482,1.0,0.0,0.5,none,True,True
31483,1.0,0.0,0.5,none,True,True
31484,1.0,0.0,0.5,none,True,True
31485,1.0,0.0,0.5,none,True,True
31486,1.0,0.0,0.5,none,True,True
31487,1.0,0.0,0.5,none,True,True
31488,1.0,0.0,0.5,none,True,True
31489,1.0,0.0,0.5,none,True,True
31490,1.0,0.0,0.5,none,True,True
31491,1.0,0.0,0.5,none,True,True
31492,1.0,0.0,0.5,none,True,True
31493,1.0,0.0,0.5,none,True,True
31494,1.0,0.0,0.5,none,True,True
31495,1.0,0.0,0.5,none,True,True
31496,1.0,0.0,0.5,none,True,True
31497,1.0,0.0,0.5,none,True,True
31498,1.0,0.0,0.5,none,True,True
31499,1.0,0.0,0.5,none,True,True
31500,1.0,0.0061,0.5,none,True,True
31501,1.0,0.0357,0.5,none,True,True
31502,1.0,0.0812,0.5,none,True,True
31503,1.0,0.1113,0.5,none,True,True
31504,1.0,0.1253,0.5,none,True,True
31505,1.0,0.1408,0.5,none,True,True
31506,1.0,0.0907,0.5,none,True,True
31507,1.0,0.1198,0.5,none,True,True
31508,1.0,0.0467,0.5,none,True,True
31509,1.0,0.0522,0.5,none,True,True
31510,1.0,0.0405,0.5,none,True,True
31511,1.0,0.0313,0.5,none,True,True
31512,1.0,0.0083,0.5,none,True,True
31513,1.0,0.0726,0.5,none,True,True
31514,1.0,0.0793,0.5,none,True,True
31515,1.0,0.0581,0.5,none,True,True
31516,1.0,0.0955,0.5,none,True,True
31517,1.0,0.0839,0.5,none,True,True
31518,1.0,0.0648,0.5,none,True,True
31519,1.0,0.0718,0.5,none,True,True
31520,1.0,0.0589,0.5,none,True,True
31521,1.0,0.0403,0.5,none,True,True
31522,1.0,0.0327,0.5,none,True,True
31523,1.0,0.0277,0.5,none,True,True
31524,1.0,0.017,0.5,none,True,True
31525,1.0,0.0102,0.5,none,True,True
31526,1.0,0.0099,0.5,none,True,True
31527,1.0,0.008,0.5,none,True,True
31528,1.0,0.005,0.5,none,True,True
31529,1.0,0.0063,0.5,none,True,True
31530,1.0,0.009,0.5,none,True,True
31531,1.0,0.0096,0.5,none,True,True
31532,1.0,0.0108,0.5,none,True,True
31533,1.0,0.014,0.5,none,True,True
31534,1.0,0.0161,0.5,none,True,True
31535,1.0,0.0167,0.5,none,True,True
31536,1.0,0.0182,0.5,none,True,True
31537,1.0,0.0196,0.5,none,True,True
31538,1.0,0.0197,0.5,none,True,True
31539,1.0,0.0193,0.5,none,True,True
31540,1.0,0.0193,0.5,none,True,True
31541,1.0,0.0187,0.5,none,True,True
31542,1.0,0.0174,0.5,none,True,True
31543,1.0,0.0163,0.5,none,True,True
31544,1.0,0.0152,0.5,none,True,True
31545,1.0,0.0138,0.5,none,True,True
31546,1.0,0.0123,0.5,none,True,True
31547,1.0,0.0111,0.5,none,True,True
31548,1.0,0.01,0.5,none,True,True
31549,1.0,0.0088,0.5,none,True,True
31550,1.0,0.0078,0.5,none,True,True
31551,1.0,0.0071,0.5,none,True,True
31552,1.0,0.0064,0.5,none,True,True
31553,1.0,0.0057,0.5,none,True,True
31554,1.0,0.0053,0.5,none,True,True
31555,1.0,0.005,0.5,none,True,True
31556,1.0,0.0047,0.5,none,True,True
31557,1.0,0.0045,0.5,none,True,True
31558,1.0,0.0044,0.5,none,True,True
31559,1.0,0.0043,0.5,none,True,True
31560,1.0,0.0042,0.5,none,True,True
31561,1.0,0.0041,0.5,none,True,True
31562,1.0,0.004,0.5,none,True,True
31563,1.0,0.0039,0.5,none,True,True
31564,1.0,0.0038,0.5,none,True,True
31565,1.0,0.0037,0.5,none,True,True
31566,1.0,0.0035,0.5,none,True,True
31567,1.0,0.0033,0.5,none,True,True
31568,1.0,0.0032,0.5,none,True,True
31569,1.0,0.003,0.5,none,True,True
31570,1.0,0.0028,0.5,none,True,True
31571,1.0,0.0026,0.5,none,True,True
31572,1.0,0.0024,0.5,none,True,True
31573,1.0,0.0023,0.5,none,True,True
31574,1.0,0.0021,0.5,none,True,True
31575,1.0,0.0019,0.5,none,True,True
31576,1.0,0.0018,0.5,none,True,True
31577,1.0,0.0017,0.5,none,True,True
31578,1.0,0.0015,0.5,none,True,True
31579,1.0,0.0014,0.5,none,True,True
31580,1.0,0.0013,0.5,none,True,True
31581,1.0,0.0013,0.5,none,True,True
31582,1.0,0.0012,0.5,none,True,True
31583,1.0,0.0011,0.5,none,True,True
31584,1.0,0.0011,0.5,none,True,True
31585,1.0,0.001,0.5,none,True,True
31586,1.0,0.001,0.5,none,True,True
31587,1.0,0.0009,0.5,none,True,True
31588,1.0,0.0009,0.5,none,True,True
31589,1.0,0.0008,0.5,none,True,True
31590,1.0,0.0008,0.5,none,True,True
31591,1.0,0.0008,0.5,none,True,True
31592,1.0,0.0007,0.5,none,True,True
31593,1.0,0.0007,0.5,none,True,True
31594,1.0,0.0006,0.5,none,True,True
31595,1.0,0.0006,0.5,none,True,True
31596,1.0,0.0006,0.5,none,True,True
31597,1.0,0.0005,0.5,none,True,True
31598,1.0,0.0005,0.5,none,True,True
31599,1.0,0.0005,0.5,none,True,True
31600,1.0,0.0004,0.5,none,True,True
31601,1.0,0.0004,0.5,none,True,True
31602,1.0,0.0004,0.5,none,True,True
31603,1.0,0.0004,0.5,none,True,True
31604,1.0,0.0003,0.5,none,True,True
31605,1.0,0.0003,0.5,none,True,True
31606,1.0,0.0003,0.5,none,True,True
31607,1.0,0.0003,0.5,none,True,True
31608,1.0,0.0003,0.5,none,True,True
31609,1.0,0.0003,0.5,none,True,True
31610,1.0,0.0002,0.5,none,True,True
31611,1.0,0.0002,0.5,none,True,True
31612,1.0,0.0002,0.5,none,True,True
31613,1.0,0.0002,0.5,none,True,True
31614,1.0,0.0002,0.5,none,True,True
31615,1.0,0.0002,0.5,none,True,True
31616,1.0,0.0002,0.5,none,True,True
31617,1.0,0.0002,0.5,none,True,True
31618,1.0,0.0002,0.5,none,True,True
31619,1.0,0.0001,0.5,none,True,True
31620,1.0,0.0001,0.5,none,True,True
31621,1.0,0.0001,0.5,none,True,True
31622,1.0,0.0001,0.5,none,True,True
31623,1.0,0.0001,0.5,none,True,True
31624,1.0,0.0001,0.5,none,True,True
31625,1.0,0.0001,0.5,none,True,True
31626,1.0,0.0001,0.5,none,True,True
31627,1.0,0.0001,0.5,none,True,True
31628,1.0,0.0001,0.5,none,True,True
31629,1.0,0.0001,0.5,none,True,True
31630,1.0,0.0001,0.5,none,True,True
31631,1.0,0.0001,0.5,none,True,True
31632,1.0,0.0001,0.5,none,True,True
31633,1.0,0.0001,0.5,none,True,True
31634,1.0,0.0001,0.5,none,True,True
31635,1.0,0.0001,0.5,none,True,True
31636,1.0,0.0001,0.5,none,True,True
31637,1.0,0.0,0.5,none,True,True
31638,1.0,0.0,0.5,none,True,True
31639,1.0,0.0,0.5,none,True,True
31640,1.0,0.0,0.5,none,True,True
31641,1.0,0.0,0.5,none,True,True
31642,1.0,0.0,0.5,none,True,True
31643,1.0,0.0,0.5,none,True,True
31644,1.0,0.0,0.5,none,True,True
31645,1.0,0.0,0.5,none,True,True
31646,1.0,0.0,0.5,none,True,True
31647,1.0,0.0,0.5,none,True,True
31648,1.0,0.0,0.5,none,True,True
31649,1.0,0.0,0.5,none,True,True
31650,1.0,0.0,0.5,none,True,True
31651,1.0,0.0,0.5,none,True,True
31652,1.0,0.0,0.5,none,True,True
31653,1.0,0.0,0.5,none,True,True
31654,1.0,0.0,0.5,none,True,True
31655,1.0,0.0,0.5,none,True,True
31656,1.0,0.0,0.5,none,True,True
31657,1.0,0.0,0.5,none,True,True
31658,1.0,0.0,0.5,none,True,True
31659,1.0,0.0,0.5,none,True,True
31660,1.0,0.0,0.5,none,True,True
31661,1.0,0.0,0.5,none,True,True
31662,1.0,0.0,0.5,none,True,True
31663,1.0,0.0,0.5,none,True,True
31664,1.0,0.0,0.5,none,True,True
31665,1.0,0.0,0.5,none,True,True
31666,1.0,0.0,0.5,none,True,True
31667,1.0,0.0,0.5,none,True,True
31668,1.0,0.0,0.5,none,True,True
31669,1.0,0.0,0.5,none,True,True
31670,1.0,0.0,0.5,none,True,True
31671,1.0,0.0,0.5,none,True,True
31672,1.0,0.0,0.5,none,True,True
31673,1.0,0.0,0.5,none,True,True
31674,1.0,0.0,0.5,none,True,True
31675,1.0,0.0,0.5,none,True,True
31676,1.0,0.0,0.5,none,True,True
31677,1.0,0.0,0.5,none,True,True
31678,1.0,0.0,0.5,none,True,True
31679,1.0,0.0,0.5,none,True,True
31680,1.0,0.0,0.5,none,True,True
31681,1.0,0.0,0.5,none,True,True
31682,1.0,0.0,0.5,none,True,True
31683,1.0,0.0,0.5,none,True,True
31684,1.0,0.0,0.5,none,True,True
31685,1.0,0.0,0.5,none,True,True
31686,1.0,0.0,0.5,none,True,True
31687,1.0,0.0,0.5,none,True,True
31688,1.0,0.0,0.5,none,True,True
31689,1.0,0.0,0.5,none,True,True
31690,1.0,0.0,0.5,none,True,True
31691,1.0,0.0,0.5,none,True,True
31692,1.0,0.0,0.5,none,True,True
31693,1.0,0.0,0.5,none,True,True
31694,1.0,0.0,0.5,none,True,True
31695,1.0,0.0,0.5,none,True,True
31696,1.0,0.0,0.5,none,True,True
31697,1.0,0.0,0.5,none,True,True
31698,1.0,0.0,0.5,none,True,True
31699,1.0,0.0,0.5,none,True,True
31700,1.0,0.0,0.5,none,True,True
31701,1.0,0.0,0.5,none,True,True
31702,1.0,0.0,0.5,none,True,True
31703,1.0,0.0,0.5,none,True,True
31704,1.0,0.0,0.5,none,True,True
31705,1.0,0.0,0.5,none,True,True
31706,1.0,0.0,0.5,none,True,True
31707,1.0,0.0,0.5,none,True,True
31708,1.0,0.0,0.5,none,True,True
31709,1.0,0.0,0.5,none,True,True
31710,1.0,0.0,0.5,none,True,True
31711,1.0,0.0,0.5,none,True,True
31712,1.0,0.0,0.5,none,True,True
31713,1.0,0.0,0.5,none,True,True
31714,1.0,0.0,0.5,none,True,True
31715,1.0,0.0,0.5,none,True,True
31716,1.0,0.0,0.5,none,True,True
31717,1.0,0.0,0.5,none,True,True
31718,1.0,0.0,0.5,none,True,True
31719,1.0,0.0,0.5,none,True,True
31720,1.0,0.0,0.5,none,True,True
31721,1.0,0.0,0.5,none,True,True
31722,1.0,0.0,0.5,none,True,True
31723,1.0,0.0,0.5,none,True,True
31724,1.0,0.0,0.5,none,True,True
31725,1.0,0.0,0.5,none,True,True
31726,1.0,0.0,0.5,none,True,True
31727,1.0,0.0,0.5,none,True,True
31728,1.0,0.0,0.5,none,True,True
31729,1.0,0.0,0.5,none,True,True
31730,1.0,0.0,0.5,none,True,True
31731,1.0,0.0,0.5,none,True,True
31732,1.0,0.0,0.5,none,True,True
31733,1.0,0.0,0.5,none,True,True
31734,1.0,0.0,0.5,none,True,True
31735,1.0,0.0,0.5,none,True,True
31736,1.0,0.0,0.5,none,True,True
31737,1.0,0.0,0.5,none,True,True
31738,1.0,0.0,0.5,none,True,True
31739,1.0,0.0,0.5,none,True,True
31740,1.0,0.0,0.5,none,True,True
31741,1.0,0.0,0.5,none,True,True
31742,1.0,0.0,0.5,none,True,True
31743,1.0,0.0,0.5,none,True,True
31744,1.0,0.0,0.5,none,True,True
31745,1.0,0.0,0.5,none,True,True
31746,1.0,0.0,0.5,none,True,True
31747,1.0,0.0,0.5,none,True,True
31748,1.0,0.0,0.5,none,True,True
31749,1.0,0.0,0.5,none,True,True
31750,1.0,0.0,0.5,none,True,True
31751,1.0,0.0,0.5,none,True,True
31752,1.0,0.0,0.5,none,True,True
31753,1.0,0.0,0.5,none,True,True
31754,1.0,0.0,0.5,none,True,True
31755,1.0,0.0,0.5,none,True,True
31756,1.0,0.0,0.5,none,True,True
31757,1.0,0.0,0.5,none,True,True
31758,1.0,0.0,0.5,none,True,True
31759,1.0,0.0,0.5,none,True,True
31760,1.0,0.0,0.5,none,True,True
31761,1.0,0.0,0.5,none,True,True
31762,1.0,0.0,0.5,none,True,True
31763,1.0,0.0,0.5,none,True,True
31764,1.0,0.0,0.5,none,True,True
31765,1.0,0.0,0.5,none,True,True
31766,1.0,0.0,0.5,none,True,True
31767,1.0,0.0,0.5,none,True,True
31768,1.0,0.0,0.5,none,True,True
31769,1.0,0.0,0.5,none,True,True
31770,1.0,0.0,0.5,none,True,True
31771,1.0,0.0,0.5,none,True,True
31772,1.0,0.0,0.5,none,True,True
31773,1.0,0.0,0.5,none,True,True
31774,1.0,0.0,0.5,none,True,True
31775,1.0,0.0,0.5,none,True,True
31776,1.0,0.0,0.5,none,True,True
31777,1.0,0.0,0.5,none,True,True
31778,1.0,0.0,0.5,none,True,True
31779,1.0,0.0,0.5,none,True,True
31780,1.0,0.0,0.5,none,True,True
31781,1.0,0.0,0.5,none,True,True
31782,1.0,0.0,0.5,none,True,True
31783,1.0,0.0,0.5,none,True,True
31784,1.0,0.0,0.5,none,True,True
31785,1.0,0.0,0.5,none,True,True
31786,1.0,0.0,0.5,none,True,True
31787,1.0,0.0,0.5,none,True,True
31788,1.0,0.0,0.5,none,True,True
31789,1.0,0.0,0.5,none,True,True
31790,1.0,0.0,0.5,none,True,True
31791,1.0,0.0,0.5,none,True,True
31792,1.0,0.0,0.5,none,True,True
31793,1.0,0.0,0.5,none,True,True
31794,1.0,0.0,0.5,none,True,True
31795,1.0,0.0,0.5,none,True,True
31796,1.0,0.0,0.5,none,True,True
31797,1.0,0.0,0.5,none,True,True
31798,1.0,0.0,0.5,none,True,True
31799,1.0,0.0,0.5,none,True,True
31800,1.0,0.0,0.5,none,True,True
31801,1.0,0.0,0.5,none,True,True
31802,1.0,0.0,0.5,none,True,True
31803,1.0,0.0,0.5,none,True,True
31804,1.0,0.0,0.5,none,True,True
31805,1.0,0.0,0.5,none,True,True
31806,1.0,0.0,0.5,none,True,True
31807,1.0,0.0,0.5,none,True,True
31808,1.0,0.0,0.5,none,True,True
31809,1.0,0.0,0.5,none,True,True
31810,1.0,0.0,0.5,none,True,True
31811,1.0,0.0,0.5,none,True,True
31812,1.0,0.0,0.5,none,True,True
31813,1.0,0.0,0.5,none,True,True
31814,1.0,0.0,0.5,none,True,True
31815,1.0,0.0,0.5,none,True,True
31816,1.0,0.0,0.5,none,True,True
31817,1.0,0.0,0.5,none,True,True
31818,1.0,0.0,0.5,none,True,True
31819,1.0,0.0,0.5,none,True,True
31820,1.0,0.0,0.5,none,True,True
31821,1.0,0.0,0.5,none,True,True
31822,1.0,0.0,0.5,none,True,True
31823,1.0,0.0,0.5,none,True,True
31824,1.0,0.0,0.5,none,True,True
31825,1.0,0.0,0.5,none,True,True
31826,1.0,0.0,0.5,none,True,True
31827,1.0,0.0,0.5,none,True,True
31828,1.0,0.0,0.5,none,True,True
31829,1.0,0.0,0.5,none,True,True
31830,1.0,0.0,0.5,none,True,True
31831,1.0,0.0,0.5,none,True,True
31832,1.0,0.0,0.5,none,True,True
31833,1.0,0.0,0.5,none,True,True
31834,1.0,0.0,0.5,none,True,True
31835,1.0,0.0,0.5,none,True,True
31836,1.0,0.0,0.5,none,True,True
31837,1.0,0.0,0.5,none,True,True
31838,1.0,0.0,0.5,none,True,True
31839,1.0,0.0,0.5,none,True,True
31840,1.0,0.0,0.5,none,True,True
31841,1.0,0.0,0.5,none,True,True
31842,1.0,0.0,0.5,none,True,True
31843,1.0,0.0,0.5,none,True,True
31844,1.0,0.0,0.5,none,True,True
31845,1.0,0.0,0.5,none,True,True
31846,1.0,0.0,0.5,none,True,True
31847,1.0,0.0,0.5,none,True,True
31848,1.0,0.0,0.5,none,True,True
31849,1.0,0.0,0.5,none,True,True
31850,1.0,0.0,0.5,none,True,True
31851,1.0,0.0,0.5,none,True,True
31852,1.0,0.0,0.5,none,True,True
31853,1.0,0.0,0.5,none,True,True
31854,1.0,0.0,0.5,none,True,True
31855,1.0,0.0,0.5,none,True,True
31856,1.0,0.0,0.5,none,True,True
31857,1.0,0.0,0.5,none,True,True
31858,1.0,0.0,0.5,none,True,True
31859,1.0,0.0,0.5,none,True,True
31860,1.0,0.0,0.5,none,True,True
31861,1.0,0.0,0.5,none,True,True
31862,1.0,0.0,0.5,none,True,True
31863,1.0,0.0,0.5,none,True,True
31864,1.0,0.0,0.5,none,True,True
31865,1.0,0.0,0.5,none,True,True
31866,1.0,0.0,0.5,none,True,True
31867,1.0,0.0,0.5,none,True,True
31868,1.0,0.0,0.5,none,True,True
31869,1.0,0.0,0.5,none,True,True
31870,1.0,0.0,0.5,none,True,True
31871,1.0,0.0,0.5,none,True,True
31872,1.0,0.0,0.5,none,True,True
31873,1.0,0.0,0.5,none,True,True
31874,1.0,0.0,0.5,none,True,True
31875,1.0,0.0,0.5,none,True,True
31876,1.0,0.0,0.5,none,True,True
31877,1.0,0.0,0.5,none,True,True
31878,1.0,0.0,0.5,none,True,True
31879,1.0,0.0,0.5,none,True,True
31880,1.0,0.0,0.5,none,True,True
31881,1.0,0.0,0.5,none,True,True
31882,1.0,0.0,0.5,none,True,True
31883,1.0,0.0,0.5,none,True,True
31884,1.0,0.0,0.5,none,True,True
31885,1.0,0.0,0.5,none,True,True
31886,1.0,0.0,0.5,none,True,True
31887,1.0,0.0,0.5,none,True,True
31888,1.0,0.0,0.5,none,True,True
31889,1.0,0.0,0.5,none,True,True
31890,1.0,0.0,0.5,none,True,True
31891,1.0,0.0,0.5,none,True,True
31892,1.0,0.0,0.5,none,True,True
31893,1.0,0.0,0.5,none,True,True
31894,1.0,0.0,0.5,none,True,True
31895,1.0,0.0,0.5,none,True,True
31896,1.0,0.0,0.5,none,True,True
31897,1.0,0.0,0.5,none,True,True
31898,1.0,0.0,0.5,none,True,True
31899,1.0,0.0,0.5,none,True,True
31900,1.0,0.0,0.5,none,True,True
31901,1.0,0.0,0.5,none,True,True
31902,1.0,0.0,0.5,none,True,True
31903,1.0,0.0,0.5,none,True,True
31904,1.0,0.0,0.5,none,True,True
31905,1.0,0.0,0.5,none,True,True
31906,1.0,0.0,0.5,none,True,True
31907,1.0,0.0,0.5,none,True,True
31908,1.0,0.0,0.5,none,True,True
31909,1.0,0.0,0.5,none,True,True
31910,1.0,0.0,0.5,none,True,True
31911,1.0,0.0,0.5,none,True,True
31912,1.0,0.0,0.5,none,True,True
31913,1.0,0.0,0.5,none,True,True
31914,1.0,0.0,0.5,none,True,True
31915,1.0,0.0,0.5,none,True,True
31916,1.0,0.0,0.5,none,True,True
31917,1.0,0.0,0.5,none,True,True
31918,1.0,0.0,0.5,none,True,True
31919,1.0,0.0,0.5,none,True,True
31920,1.0,0.0,0.5,none,True,True
31921,1.0,0.0,0.5,none,True,True
31922,1.0,0.0,0.5,none,True,True
31923,1.0,0.0,0.5,none,True,True
31924,1.0,0.0,0.5,none,True,True
31925,1.0,0.0,0.5,none,True,True
31926,1.0,0.0,0.5,none,True,True
31927,1.0,0.0,0.5,none,True,True
31928,1.0,0.0,0.5,none,True,True
31929,1.0,0.0,0.5,none,True,True
31930,1.0,0.0,0.5,none,True,True
31931,1.0,0.0,0.5,none,True,True
31932,1.0,0.0,0.5,none,True,True
31933,1.0,0.0,0.5,none,True,True
31934,1.0,0.0,0.5,none,True,True
31935,1.0,0.0,0.5,none,True,True
31936,1.0,0.0,0.5,none,True,True
31937,1.0,0.0,0.5,none,True,True
31938,1.0,0.0,0.5,none,True,True
31939,1.0,0.0,0.5,none,True,True
31940,1.0,0.0,0.5,none,True,True
31941,1.0,0.0,0.5,none,True,True
31942,1.0,0.0,0.5,none,True,True
31943,1.0,0.0,0.5,none,True,True
31944,1.0,0.0,0.5,none,True,True
31945,1.0,0.0,0.5,none,True,True
31946,1.0,0.0,0.5,none,True,True
31947,1.0,0.0,0.5,none,True,True
31948,1.0,0.0,0.5,none,True,True
31949,1.0,0.0,0.5,none,True,True
31950,1.0,0.0,0.5,none,True,True
31951,1.0,0.0,0.5,none,True,True
31952,1.0,0.0,0.5,none,True,True
31953,1.0,0.0,0.5,none,True,True
31954,1.0,0.0,0.5,none,True,True
31955,1.0,0.0,0.5,none,True,True
31956,1.0,0.0,0.5,none,True,True
31957,1.0,0.0,0.5,none,True,True
31958,1.0,0.0,0.5,none,True,True
31959,1.0,0.0,0.5,none,True,True
31960,1.0,0.0,0.5,none,True,True
31961,1.0,0.0,0.5,none,True,True
31962,1.0,0.0,0.5,none,True,True
31963,1.0,0.0,0.5,none,True,True
31964,1.0,0.0,0.5,none,True,True
31965,1.0,0.0,0.5,none,True,True
31966,1.0,0.0,0.5,none,True,True
31967,1.0,0.0,0.5,none,True,True
31968,1.0,0.0,0.5,none,True,True
31969,1.0,0.0,0.5,none,True,True
31970,1.0,0.0,0.5,none,True,True
31971,1.0,0.0,0.5,none,True,True
31972,1.0,0.0,0.5,none,True,True
31973,1.0,0.0,0.5,none,True,True
31974,1.0,0.0,0.5,none,True,True
31975,1.0,0.0,0.5,none,True,True
31976,1.0,0.0,0.5,none,True,True
31977,1.0,0.0,0.5,none,True,True
31978,1.0,0.0,0.5,none,True,True
31979,1.0,0.0,0.5,none,True,True
31980,1.0,0.0,0.5,none,True,True
31981,1.0,0.0,0.5,none,True,True
31982,1.0,0.0,0.5,none,True,True
31983,1.0,0.0,0.5,none,True,True
31984,1.0,0.0,0.5,none,True,True
31985,1.0,0.0,0.5,none,True,True
31986,1.0,0.0,0.5,none,True,True
31987,1.0,0.0,0.5,none,True,True
31988,1.0,0.0,0.5,none,True,True
31989,1.0,0.0,0.5,none,True,True
31990,1.0,0.0,0.5,none,True,True
31991,1.0,0.0,0.5,none,True,True
31992,1.0,0.0,0.5,none,True,True
31993,1.0,0.0,0.5,none,True,True
31994,1.0,0.0,0.5,none,True,True
31995,1.0,0.0,0.5,none,True,True
31996,1.0,0.0,0.5,none,True,True
31997,1.0,0.0,0.5,none,True,True
31998,1.0,0.0,0.5,none,True,True
31999,1.0,0.0,0.5,none,True,True
32000,1.0,0.0,0.5,none,True,True
32001,1.0,0.0,0.5,none,True,True
32002,1.0,0.0,0.5,none,True,True
32003,1.0,0.0,0.5,none,True,True
32004,1.0,0.0,0.5,none,True,True
32005,1.0,0.0,0.5,none,True,True
32006,1.0,0.0,0.5,none,True,True
32007,1.0,0.0,0.5,none,True,True
32008,1.0,0.0,0.5,none,True,True
32009,1.0,0.0,0.5,none,True,True
32010,1.0,0.0,0.5,none,True,True
32011,1.0,0.0,0.5,none,True,True
32012,1.0,0.0,0.5,none,True,True
32013,1.0,0.0,0.5,none,True,True
32014,1.0,0.0,0.5,none,True,True
32015,1.0,0.0,0.5,none,True,True
32016,1.0,0.0,0.5,none,True,True
32017,1.0,0.0,0.5,none,True,True
32018,1.0,0.0,0.5,none,True,True
32019,1.0,0.0,0.5,none,True,True
32020,1.0,0.0,0.5,none,True,True
32021,1.0,0.0,0.5,none,True,True
32022,1.0,0.0,0.5,none,True,True
32023,1.0,0.0,0.5,none,True,True
32024,1.0,0.0,0.5,none,True,True
32025,1.0,0.0,0.5,none,True,True
32026,1.0,0.0,0.5,none,True,True
32027,1.0,0.0,0.5,none,True,True
32028,1.0,0.0,0.5,none,True,True
32029,1.0,0.0,0.5,none,True,True
32030,1.0,0.0,0.5,none,True,True
32031,1.0,0.0,0.5,none,True,True
32032,1.0,0.0,0.5,none,True,True
32033,1.0,0.0,0.5,none,True,True
32034,1.0,0.0,0.5,none,True,True
32035,1.0,0.0,0.5,none,True,True
32036,1.0,0.0,0.5,none,True,True
32037,1.0,0.0,0.5,none,True,True
32038,1.0,0.0,0.5,none,True,True
32039,1.0,0.0,0.5,none,True,True
32040,1.0,0.0,0.5,none,True,True
32041,1.0,0.0,0.5,none,True,True
32042,1.0,0.0,0.5,none,True,True
32043,1.0,0.0,0.5,none,True,True
32044,1.0,0.0,0.5,none,True,True
32045,1.0,0.0,0.5,none,True,True
32046,1.0,0.0,0.5,none,True,True
32047,1.0,0.0,0.5,none,True,True
32048,1.0,0.0,0.5,none,True,True
32049,1.0,0.0,0.5,none,True,True
32050,1.0,0.0,0.5,none,True,True
32051,1.0,0.0,0.5,none,True,True
32052,1.0,0.0,0.5,none,True,True
32053,1.0,0.0,0.5,none,True,True
32054,1.0,0.0,0.5,none,True,True
32055,1.0,0.0,0.5,none,True,True
32056,1.0,0.0,0.5,none,True,True
32057,1.0,0.0,0.5,none,True,True
32058,1.0,0.0,0.5,none,True,True
32059,1.0,0.0,0.5,none,True,True
32060,1.0,0.0,0.5,none,True,True
32061,1.0,0.0,0.5,none,True,True
32062,1.0,0.0,0.5,none,True,True
32063,1.0,0.0,0.5,none,True,True
32064,1.0,0.0,0.5,none,True,True
32065,1.0,0.0,0.5,none,True,True
32066,1.0,0.0,0.5,none,True,True
32067,1.0,0.0,0.5,none,True,True
32068,1.0,0.0,0.5,none,True,True
32069,1.0,0.0,0.5,none,True,True
32070,1.0,0.0,0.5,none,True,True
32071,1.0,0.0,0.5,none,True,True
32072,1.0,0.0,0.5,none,True,True
32073,1.0,0.0,0.5,none,True,True
32074,1.0,0.0,0.5,none,True,True
32075,1.0,0.0,0.5,none,True,True
32076,1.0,0.0,0.5,none,True,True
32077,1.0,0.0,0.5,none,True,True
32078,1.0,0.0,0.5,none,True,True
32079,1.0,0.0,0.5,none,True,True
32080,1.0,0.0,0.5,none,True,True
32081,1.0,0.0,0.5,none,True,True
32082,1.0,0.0,0.5,none,True,True
32083,1.0,0.0,0.5,none,True,True
32084,1.0,0.0,0.5,none,True,True
32085,1.0,0.0,0.5,none,True,True
32086,1.0,0.0,0.5,none,True,True
32087,1.0,0.0,0.5,none,True,True
32088,1.0,0.0,0.5,none,True,True
32089,1.0,0.0,0.5,none,True,True
32090,1.0,0.0,0.5,none,True,True
32091,1.0,0.0,0.5,none,True,True
32092,1.0,0.0,0.5,none,True,True
32093,1.0,0.0,0.5,none,True,True
32094,1.0,0.0,0.5,none,True,True
32095,1.0,0.0,0.5,none,True,True
32096,1.0,0.0,0.5,none,True,True
32097,1.0,0.0,0.5,none,True,True
32098,1.0,0.0,0.5,none,True,True
32099,1.0,0.0,0.5,none,True,True
32100,1.0,0.0,0.5,none,True,True
32101,1.0,0.0,0.5,none,True,True
32102,1.0,0.0,0.5,none,True,True
32103,1.0,0.0,0.5,none,True,True
32104,1.0,0.0,0.5,none,True,True
32105,1.0,0.0,0.5,none,True,True
32106,1.0,0.0,0.5,none,True,True
32107,1.0,0.0,0.5,none,True,True
32108,1.0,0.0,0.5,none,True,True
32109,1.0,0.0,0.5,none,True,True
32110,1.0,0.0,0.5,none,True,True
32111,1.0,0.0,0.5,none,True,True
32112,1.0,0.0,0.5,none,True,True
32113,1.0,0.0,0.5,none,True,True
32114,1.0,0.0,0.5,none,True,True
32115,1.0,0.0,0.5,none,True,True
32116,1.0,0.0,0.5,none,True,True
32117,1.0,0.0,0.5,none,True,True
32118,1.0,0.0,0.5,none,True,True
32119,1.0,0.0,0.5,none,True,True
32120,1.0,0.0,0.5,none,True,True
32121,1.0,0.0,0.5,none,True,True
32122,1.0,0.0,0.5,none,True,True
32123,1.0,0.0,0.5,none,True,True
32124,1.0,0.0,0.5,none,True,True
32125,1.0,0.0,0.5,none,True,True
32126,1.0,0.0,0.5,none,True,True
32127,1.0,0.0,0.5,none,True,True
32128,1.0,0.0,0.5,none,True,True
32129,1.0,0.0,0.5,none,True,True
32130,1.0,0.0,0.5,none,True,True
32131,1.0,0.0,0.5,none,True,True
32132,1.0,0.0,0.5,none,True,True
32133,1.0,0.0,0.5,none,True,True
32134,1.0,0.0,0.5,none,True,True
32135,1.0,0.0,0.5,none,True,True
32136,1.0,0.0,0.5,none,True,True
32137,1.0,0.0,0.5,none,True,True
32138,1.0,0.0,0.5,none,True,True
32139,1.0,0.0,0.5,none,True,True
32140,1.0,0.0,0.5,none,True,True
32141,1.0,0.0,0.5,none,True,True
32142,1.0,0.0,0.5,none,True,True
32143,1.0,0.0,0.5,none,True,True
32144,1.0,0.0,0.5,none,True,True
32145,1.0,0.0,0.5,none,True,True
32146,1.0,0.0,0.5,none,True,True
32147,1.0,0.0,0.5,none,True,True
32148,1.0,0.0,0.5,none,True,True
32149,1.0,0.0,0.5,none,True,True
32150,1.0,0.0,0.5,none,True,True
32151,1.0,0.0,0.5,none,True,True
32152,1.0,0.0,0.5,none,True,True
32153,1.0,0.0,0.5,none,True,True
32154,1.0,0.0,0.5,none,True,True
32155,1.0,0.0,0.5,none,True,True
32156,1.0,0.0,0.5,none,True,True
32157,1.0,0.0,0.5,none,True,True
32158,1.0,0.0,0.5,none,True,True
32159,1.0,0.0,0.5,none,True,True
32160,1.0,0.0,0.5,none,True,True
32161,1.0,0.0,0.5,none,True,True
32162,1.0,0.0,0.5,none,True,True
32163,1.0,0.0,0.5,none,True,True
32164,1.0,0.0,0.5,none,True,True
32165,1.0,0.0,0.5,none,True,True
32166,1.0,0.0,0.5,none,True,True
32167,1.0,0.0,0.5,none,True,True
32168,1.0,0.0,0.5,none,True,True
32169,1.0,0.0,0.5,none,True,True
32170,1.0,0.0,0.5,none,True,True
32171,1.0,0.0,0.5,none,True,True
32172,1.0,0.0,0.5,none,True,True
32173,1.0,0.0,0.5,none,True,True
32174,1.0,0.0,0.5,none,True,True
32175,1.0,0.0,0.5,none,True,True
32176,1.0,0.0,0.5,none,True,True
32177,1.0,0.0,0.5,none,True,True
32178,1.0,0.0,0.5,none,True,True
32179,1.0,0.0,0.5,none,True,True
32180,1.0,0.0,0.5,none,True,True
32181,1.0,0.0,0.5,none,True,True
32182,1.0,0.0,0.5,none,True,True
32183,1.0,0.0,0.5,none,True,True
32184,1.0,0.0,0.5,none,True,True
32185,1.0,0.0,0.5,none,True,True
32186,1.0,0.0,0.5,none,True,True
32187,1.0,0.0,0.5,none,True,True
32188,1.0,0.0,0.5,none,True,True
32189,1.0,0.0,0.5,none,True,True
32190,1.0,0.0,0.5,none,True,True
32191,1.0,0.0,0.5,none,True,True
32192,1.0,0.0,0.5,none,True,True
32193,1.0,0.0,0.5,none,True,True
32194,1.0,0.0,0.5,none,True,True
32195,1.0,0.0,0.5,none,True,True
32196,1.0,0.0,0.5,none,True,True
32197,1.0,0.0,0.5,none,True,True
32198,1.0,0.0,0.5,none,True,True
32199,1.0,0.0,0.5,none,True,True
32200,1.0,0.0061,0.5,none,True,True
32201,1.0,0.0357,0.5,none,True,True
32202,1.0,0.0812,0.5,none,True,True
32203,1.0,0.1113,0.5,none,True,True
32204,1.0,0.1253,0.5,none,True,True
32205,1.0,0.1408,0.5,none,True,True
32206,1.0,0.0907,0.5,none,True,True
32207,1.0,0.1198,0.5,none,True,True
32208,1.0,0.0467,0.5,none,True,True
32209,1.0,0.0522,0.5,none,True,True
32210,1.0,0.0405,0.5,none,True,True
32211,1.0,0.0313,0.5,none,True,True
32212,1.0,0.0083,0.5,none,True,True
32213,1.0,0.0726,0.5,none,True,True
32214,1.0,0.0793,0.5,none,True,True
32215,1.0,0.0581,0.5,none,True,True
32216,1.0,0.0955,0.5,none,True,True
32217,1.0,0.0839,0.5,none,True,True
32218,1.0,0.0648,0.5,none,True,True
32219,1.0,0.0718,0.5,none,True,True
32220,1.0,0.0589,0.5,none,True,True
32221,1.0,0.0403,0.5,none,True,True
32222,1.0,0.0327,0.5,none,True,True
32223,1.0,0.0277,0.5,none,True,True
32224,1.0,0.017,0.5,none,True,True
32225,1.0,0.0102,0.5,none,True,True
32226,1.0,0.0099,0.5,none,True,True
32227,1.0,0.008,0.5,none,True,True
32228,1.0,0.005,0.5,none,True,True
32229,1.0,0.0063,0.5,none,True,True
32230,1.0,0.009,0.5,none,True,True
32231,1.0,0.0096,0.5,none,True,True
32232,1.0,0.0108,0.5,none,True,True
32233,1.0,0.014,0.5,none,True,True
32234,1.0,0.0161,0.5,none,True,True
32235,1.0,0.0167,0.5,none,True,True
32236,1.0,0.0182,0.5,none,True,True
32237,1.0,0.0196,0.5,none,True,True
32238,1.0,0.0197,0.5,none,True,True
32239,1.0,0.0193,0.5,none,True,True
32240,1.0,0.0193,0.5,none,True,True
32241,1.0,0.0187,0.5,none,True,True
32242,1.0,0.0174,0.5,none,True,True
32243,1.0,0.0163,0.5,none,True,True
32244,1.0,0.0152,0.5,none,True,True
32245,1.0,0.0138,0.5,none,True,True
32246,1.0,0.0123,0.5,none,True,True
32247,1.0,0.0111,0.5,none,True,True
32248,1.0,0.01,0.5,none,True,True
32249,1.0,0.0088,0.5,none,True,True
32250,1.0,0.0078,0.5,none,True,True
32251,1.0,0.0071,0.5,none,True,True
32252,1.0,0.0064,0.5,none,True,True
32253,1.0,0.0057,0.5,none,True,True
32254,1.0,0.0053,0.5,none,True,True
32255,1.0,0.005,0.5,none,True,True
32256,1.0,0.0047,0.5,none,True,True
32257,1.0,0.0045,0.5,none,True,True
32258,1.0,0.0044,0.5,none,True,True
32259,1.0,0.0043,0.5,none,True,True
32260,1.0,0.0042,0.5,none,True,True
32261,1.0,0.0041,0.5,none,True,True
32262,1.0,0.004,0.5,none,True,True
32263,1.0,0.0039,0.5,none,True,True
32264,1.0,0.0038,0.5,none,True,True
32265,1.0,0.0037,0.5,none,True,True
32266,1.0,0.0035,0.5,none,True,True
32267,1.0,0.0033,0.5,none,True,True
32268,1.0,0.0032,0.5,none,True,True
32269,1.0,0.003,0.5,none,True,True
32270,1.0,0.0028,0.5,none,True,True
32271,1.0,0.0026,0.5,none,True,True
32272,1.0,0.0024,0.5,none,True,True
32273,1.0,0.0023,0.5,none,True,True
32274,1.0,0.0021,0.5,none,True,True
32275,1.0,0.0019,0.5,none,True,True
32276,1.0,0.0018,0.5,none,True,True
32277,1.0,0.0017,0.5,none,True,True
32278,1.0,0.0015,0.5,none,True,True
32279,1.0,0.0014,0.5,none,True,True
32280,1.0,0.0013,0.5,none,True,True
32281,1.0,0.0013,0.5,none,True,True
32282,1.0,0.0012,0.5,none,True,True
32283,1.0,0.0011,0.5,none,True,True
32284,1.0,0.0011,0.5,none,True,True
32285,1.0,0.001,0.5,none,True,True
32286,1.0,0.001,0.5,none,True,True
32287,1.0,0.0009,0.5,none,True,True
32288,1.0,0.0009,0.5,none,True,True
32289,1.0,0.0008,0.5,none,True,True
32290,1.0,0.0008,0.5,none,True,True
32291,1.0,0.0008,0.5,none,True,True
32292,1.0,0.0007,0.5,none,True,True
32293,1.0,0.0007,0.5,none,True,True
32294,1.0,0.0006,0.5,none,True,True
32295,1.0,0.0006,0.5,none,True,True
32296,1.0,0.0006,0.5,none,True,True
32297,1.0,0.0005,0.5,none,True,True
32298,1.0,0.0005,0.5,none,True,True
32299,1.0,0.0005,0.5,none,True,True
32300,1.0,0.0004,0.5,none,True,True
32301,1.0,0.0004,0.5,none,True,True
32302,1.0,0.0004,0.5,none,True,True
32303,1.0,0.0004,0.5,none,True,True
32304,1.0,0.0003,0.5,none,True,True
32305,1.0,0.0003,0.5,none,True,True
32306,1.0,0.0003,0.5,none,True,True
32307,1.0,0.0003,0.5,none,True,True
32308,1.0,0.0003,0.5,none,True,True
32309,1.0,0.0003,0.5,none,True,True
32310,1.0,0.0002,0.5,none,True,True
32311,1.0,0.0002,0.5,none,True,True
32312,1.0,0.0002,0.5,none,True,True
32313,1.0,0.0002,0.5,none,True,True
32314,1.0,0.0002,0.5,none,True,True
32315,1.0,0.0002,0.5,none,True,True
32316,1.0,0.0002,0.5,none,True,True
32317,1.0,0.0002,0.5,none,True,True
32318,1.0,0.0002,0.5,none,True,True
32319,1.0,0.0001,0.5,none,True,True
32320,1.0,0.0001,0.5,none,True,True
32321,1.0,0.0001,0.5,none,True,True
32322,1.0,0.0001,0.5,none,True,True
32323,1.0,0.0001,0.5,none,True,True
32324,1.0,0.0001,0.5,none,True,True
32325,1.0,0.0001,0.5,none,True,True
32326,1.0,0.0001,0.5,none,True,True
32327,1.0,0.0001,0.5,none,True,True
32328,1.0,0.0001,0.5,none,True,True
32329,1.0,0.0001,0.5,none,True,True
32330,1.0,0.0001,0.5,none,True,True
32331,1.0,0.0001,0.5,none,True,True
32332,1.0,0.0001,0.5,none,True,True
32333,1.0,0.0001,0.5,none,True,True
32334,1.0,0.0001,0.5,none,True,True
32335,1.0,0.0001,0.5,none,True,True
32336,1.0,0.0001,0.5,none,True,True
32337,1.0,0.0,0.5,none,True,True
32338,1.0,0.0,0.5,none,True,True
32339,1.0,0.0,0.5,none,True,True
32340,1.0,0.0,0.5,none,True,True
32341,1.0,0.0,0.5,none,True,True
32342,1.0,0.0,0.5,none,True,True
32343,1.0,0.0,0.5,none,True,True
32344,1.0,0.0,0.5,none,True,True
32345,1.0,0.0,0.5,none,True,True
32346,1.0,0.0,0.5,none,True,True
32347,1.0,0.0,0.5,none,True,True
32348,1.0,0.0,0.5,none,True,True
32349,1.0,0.0,0.5,none,True,True
32350,1.0,0.0,0.5,none,True,True
32351,1.0,0.0,0.5,none,True,True
32352,1.0,0.0,0.5,none,True,True
32353,1.0,0.0,0.5,none,True,True
32354,1.0,0.0,0.5,none,True,True
32355,1.0,0.0,0.5,none,True,True
32356,1.0,0.0,0.5,none,True,True
32357,1.0,0.0,0.5,none,True,True
32358,1.0,0.0,0.5,none,True,True
32359,1.0,0.0,0.5,none,True,True
32360,1.0,0.0,0.5,none,True,True
32361,1.0,0.0,0.5,none,True,True
32362,1.0,0.0,0.5,none,True,True
32363,1.0,0.0,0.5,none,True,True
32364,1.0,0.0,0.5,none,True,True
32365,1.0,0.0,0.5,none,True,True
32366,1.0,0.0,0.5,none,True,True
32367,1.0,0.0,0.5,none,True,True
32368,1.0,0.0,0.5,none,True,True
32369,1.0,0.0,0.5,none,True,True
32370,1.0,0.0,0.5,none,True,True
32371,1.0,0.0,0.5,none,True,True
32372,1.0,0.0,0.5,none,True,True
32373,1.0,0.0,0.5,none,True,True
32374,1.0,0.0,0.5,none,True,True
32375,1.0,0.0,0.5,none,True,True
32376,1.0,0.0,0.5,none,True,True
32377,1.0,0.0,0.5,none,True,True
32378,1.0,0.0,0.5,none,True,True
32379,1.0,0.0,0.5,none,True,True
32380,1.0,0.0,0.5,none,True,True
32381,1.0,0.0,0.5,none,True,True
32382,1.0,0.0,0.5,none,True,True
32383,1.0,0.0,0.5,none,True,True
32384,1.0,0.0,0.5,none,True,True
32385,1.0,0.0,0.5,none,True,True
32386,1.0,0.0,0.5,none,True,True
32387,1.0,0.0,0.5,none,True,True
32388,1.0,0.0,0.5,none,True,True
32389,1.0,0.0,0.5,none,True,True
32390,1.0,0.0,0.5,none,True,True
32391,1.0,0.0,0.5,none,True,True
32392,1.0,0.0,0.5,none,True,True
32393,1.0,0.0,0.5,none,True,True
32394,1.0,0.0,0.5,none,True,True
32395,1.0,0.0,0.5,none,True,True
32396,1.0,0.0,0.5,none,True,True
32397,1.0,0.0,0.5,none,True,True
32398,1.0,0.0,0.5,none,True,True
32399,1.0,0.0,0.5,none,True,True
32400,1.0,0.0,0.5,none,True,True
32401,1.0,0.0,0.5,none,True,True
32402,1.0,0.0,0.5,none,True,True
32403,1.0,0.0,0.5,none,True,True
32404,1.0,0.0,0.5,none,True,True
32405,1.0,0.0,0.5,none,True,True
32406,1.0,0.0,0.5,none,True,True
32407,1.0,0.0,0.5,none,True,True
32408,1.0,0.0,0.5,none,True,True
32409,1.0,0.0,0.5,none,True,True
32410,1.0,0.0,0.5,none,True,True
32411,1.0,0.0,0.5,none,True,True
32412,1.0,0.0,0.5,none,True,True
32413,1.0,0.0,0.5,none,True,True
32414,1.0,0.0,0.5,none,True,True
32415,1.0,0.0,0.5,none,True,True
32416,1.0,0.0,0.5,none,True,True
32417,1.0,0.0,0.5,none,True,True
32418,1.0,0.0,0.5,none,True,True
32419,1.0,0.0,0.5,none,True,True
32420,1.0,0.0,0.5,none,True,True
32421,1.0,0.0,0.5,none,True,True
32422,1.0,0.0,0.5,none,True,True
32423,1.0,0.0,0.5,none,True,True
32424,1.0,0.0,0.5,none,True,True
32425,1.0,0.0,0.5,none,True,True
32426,1.0,0.0,0.5,none,True,True
32427,1.0,0.0,0.5,none,True,True
32428,1.0,0.0,0.5,none,True,True
32429,1.0,0.0,0.5,none,True,True
32430,1.0,0.0,0.5,none,True,True
32431,1.0,0.0,0.5,none,True,True
32432,1.0,0.0,0.5,none,True,True
32433,1.0,0.0,0.5,none,True,True
32434,1.0,0.0,0.5,none,True,True
32435,1.0,0.0,0.5,none,True,True
32436,1.0,0.0,0.5,none,True,True
32437,1.0,0.0,0.5,none,True,True
32438,1.0,0.0,0.5,none,True,True
32439,1.0,0.0,0.5,none,True,True
32440,1.0,0.0,0.5,none,True,True
32441,1.0,0.0,0.5,none,True,True
32442,1.0,0.0,0.5,none,True,True
32443,1.0,0.0,0.5,none,True,True
32444,1.0,0.0,0.5,none,True,True
32445,1.0,0.0,0.5,none,True,True
32446,1.0,0.0,0.5,none,True,True
32447,1.0,0.0,0.5,none,True,True
32448,1.0,0.0,0.5,none,True,True
32449,1.0,0.0,0.5,none,True,True
32450,1.0,0.0,0.5,none,True,True
32451,1.0,0.0,0.5,none,True,True
32452,1.0,0.0,0.5,none,True,True
32453,1.0,0.0,0.5,none,True,True
32454,1.0,0.0,0.5,none,True,True
32455,1.0,0.0,0.5,none,True,True
32456,1.0,0.0,0.5,none,True,True
32457,1.0,0.0,0.5,none,True,True
32458,1.0,0.0,0.5,none,True,True
32459,1.0,0.0,0.5,none,True,True
32460,1.0,0.0,0.5,none,True,True
32461,1.0,0.0,0.5,none,True,True
32462,1.0,0.0,0.5,none,True,True
32463,1.0,0.0,0.5,none,True,True
32464,1.0,0.0,0.5,none,True,True
32465,1.0,0.0,0.5,none,True,True
32466,1.0,0.0,0.5,none,True,True
32467,1.0,0.0,0.5,none,True,True
32468,1.0,0.0,0.5,none,True,True
32469,1.0,0.0,0.5,none,True,True
32470,1.0,0.0,0.5,none,True,True
32471,1.0,0.0,0.5,none,True,True
32472,1.0,0.0,0.5,none,True,True
32473,1.0,0.0,0.5,none,True,True
32474,1.0,0.0,0.5,none,True,True
32475,1.0,0.0,0.5,none,True,True
32476,1.0,0.0,0.5,none,True,True
32477,1.0,0.0,0.5,none,True,True
32478,1.0,0.0,0.5,none,True,True
32479,1.0,0.0,0.5,none,True,True
32480,1.0,0.0,0.5,none,True,True
32481,1.0,0.0,0.5,none,True,True
32482,1.0,0.0,0.5,none,True,True
32483,1.0,0.0,0.5,none,True,True
32484,1.0,0.0,0.5,none,True,True
32485,1.0,0.0,0.5,none,True,True
32486,1.0,0.0,0.5,none,True,True
32487,1.0,0.0,0.5,none,True,True
32488,1.0,0.0,0.5,none,True,True
32489,1.0,0.0,0.5,none,True,True
32490,1.0,0.0,0.5,none,True,True
32491,1.0,0.0,0.5,none,True,True
32492,1.0,0.0,0.5,none,True,True
32493,1.0,0.0,0.5,none,True,True
32494,1.0,0.0,0.5,none,True,True
32495,1.0,0.0,0.5,none,True,True
32496,1.0,0.0,0.5,none,True,True
32497,1.0,0.0,0.5,none,True,True
32498,1.0,0.0,0.5,none,True,True
32499,1.0,0.0,0.5,none,True,True
32500,1.0,0.0,0.5,none,True,True
32501,1.0,0.0,0.5,none,True,True
32502,1.0,0.0,0.5,none,True,True
32503,1.0,0.0,0.5,none,True,True
32504,1.0,0.0,0.5,none,True,True
32505,1.0,0.0,0.5,none,True,True
32506,1.0,0.0,0.5,none,True,True
32507,1.0,0.0,0.5,none,True,True
32508,1.0,0.0,0.5,none,True,True
32509,1.0,0.0,0.5,none,True,True
32510,1.0,0.0,0.5,none,True,True
32511,1.0,0.0,0.5,none,True,True
32512,1.0,0.0,0.5,none,True,True
32513,1.0,0.0,0.5,none,True,True
32514,1.0,0.0,0.5,none,True,True
32515,1.0,0.0,0.5,none,True,True
32516,1.0,0.0,0.5,none,True,True
32517,1.0,0.0,0.5,none,True,True
32518,1.0,0.0,0.5,none,True,True
32519,1.0,0.0,0.5,none,True,True
32520,1.0,0.0,0.5,none,True,True
32521,1.0,0.0,0.5,none,True,True
32522,1.0,0.0,0.5,none,True,True
32523,1.0,0.0,0.5,none,True,True
32524,1.0,0.0,0.5,none,True,True
32525,1.0,0.0,0.5,none,True,True
32526,1.0,0.0,0.5,none,True,True
32527,1.0,0.0,0.5,none,True,True
32528,1.0,0.0,0.5,none,True,True
32529,1.0,0.0,0.5,none,True,True
32530,1.0,0.0,0.5,none,True,True
32531,1.0,0.0,0.5,none,True,True
32532,1.0,0.0,0.5,none,True,True
32533,1.0,0.0,0.5,none,True,True
32534,1.0,0.0,0.5,none,True,True
32535,1.0,0.0,0.5,none,True,True
32536,1.0,0.0,0.5,none,True,True
32537,1.0,0.0,0.5,none,True,True
32538,1.0,0.0,0.5,none,True,True
32539,1.0,0.0,0.5,none,True,True
32540,1.0,0.0,0.5,none,True,True
32541,1.0,0.0,0.5,none,True,True
32542,1.0,0.0,0.5,none,True,True
32543,1.0,0.0,0.5,none,True,True
32544,1.0,0.0,0.5,none,True,True
32545,1.0,0.0,0.5,none,True,True
32546,1.0,0.0,0.5,none,True,True
32547,1.0,0.0,0.5,none,True,True
32548,1.0,0.0,0.5,none,True,True
32549,1.0,0.0,0.5,none,True,True
32550,1.0,0.0,0.5,none,True,True
32551,1.0,0.0,0.5,none,True,True
32552,1.0,0.0,0.5,none,True,True
32553,1.0,0.0,0.5,none,True,True
32554,1.0,0.0,0.5,none,True,True
32555,1.0,0.0,0.5,none,True,True
32556,1.0,0.0,0.5,none,True,True
32557,1.0,0.0,0.5,none,True,True
32558,1.0,0.0,0.5,none,True,True
32559,1.0,0.0,0.5,none,True,True
32560,1.0,0.0,0.5,none,True,True
32561,1.0,0.0,0.5,none,True,True
32562,1.0,0.0,0.5,none,True,True
32563,1.0,0.0,0.5,none,True,True
32564,1.0,0.0,0.5,none,True,True
32565,1.0,0.0,0.5,none,True,True
32566,1.0,0.0,0.5,none,True,True
32567,1.0,0.0,0.5,none,True,True
32568,1.0,0.0,0.5,none,True,True
32569,1.0,0.0,0.5,none,True,True
32570,1.0,0.0,0.5,none,True,True
32571,1.0,0.0,0.5,none,True,True
32572,1.0,0.0,0.5,none,True,True
32573,1.0,0.0,0.5,none,True,True
32574,1.0,0.0,0.5,none,True,True
32575,1.0,0.0,0.5,none,True,True
32576,1.0,0.0,0.5,none,True,True
32577,1.0,0.0,0.5,none,True,True
32578,1.0,0.0,0.5,none,True,True
32579,1.0,0.0,0.5,none,True,True
32580,1.0,0.0,0.5,none,True,True
32581,1.0,0.0,0.5,none,True,True
32582,1.0,0.0,0.5,none,True,True
32583,1.0,0.0,0.5,none,True,True
32584,1.0,0.0,0.5,none,True,True
32585,1.0,0.0,0.5,none,True,True
32586,1.0,0.0,0.5,none,True,True
32587,1.0,0.0,0.5,none,True,True
32588,1.0,0.0,0.5,none,True,True
32589,1.0,0.0,0.5,none,True,True
32590,1.0,0.0,0.5,none,True,True
32591,1.0,0.0,0.5,none,True,True
32592,1.0,0.0,0.5,none,True,True
32593,1.0,0.0,0.5,none,True,True
32594,1.0,0.0,0.5,none,True,True
32595,1.0,0.0,0.5,none,True,True
32596,1.0,0.0,0.5,none,True,True
32597,1.0,0.0,0.5,none,True,True
32598,1.0,0.0,0.5,none,True,True
32599,1.0,0.0,0.5,none,True,True
32600,1.0,0.0,0.5,none,True,True
32601,1.0,0.0,0.5,none,True,True
32602,1.0,0.0,0.5,none,True,True
32603,1.0,0.0,0.5,none,True,True
32604,1.0,0.0,0.5,none,True,True
32605,1.0,0.0,0.5,none,True,True
32606,1.0,0.0,0.5,none,True,True
32607,1.0,0.0,0.5,none,True,True
32608,1.0,0.0,0.5,none,True,True
32609,1.0,0.0,0.5,none,True,True
32610,1.0,0.0,0.5,none,True,True
32611,1.0,0.0,0.5,none,True,True
32612,1.0,0.0,0.5,none,True,True
32613,1.0,0.0,0.5,none,True,True
32614,1.0,0.0,0.5,none,True,True
32615,1.0,0.0,0.5,none,True,True
32616,1.0,0.0,0.5,none,True,True
32617,1.0,0.0,0.5,none,True,True
32618,1.0,0.0,0.5,none,True,True
32619,1.0,0.0,0.5,none,True,True
32620,1.0,0.0,0.5,none,True,True
32621,1.0,0.0,0.5,none,True,True
32622,1.0,0.0,0.5,none,True,True
32623,1.0,0.0,0.5,none,True,True
32624,1.0,0.0,0.5,none,True,True
32625,1.0,0.0,0.5,none,True,True
32626,1.0,0.0,0.5,none,True,True
32627,1.0,0.0,0.5,none,True,True
32628,1.0,0.0,0.5,none,True,True
32629,1.0,0.0,0.5,none,True,True
32630,1.0,0.0,0.5,none,True,True
32631,1.0,0.0,0.5,none,True,True
32632,1.0,0.0,0.5,none,True,True
32633,1.0,0.0,0.5,none,True,True
32634,1.0,0.0,0.5,none,True,True
32635,1.0,0.0,0.5,none,True,True
32636,1.0,0.0,0.5,none,True,True
32637,1.0,0.0,0.5,none,True,True
32638,1.0,0.0,0.5,none,True,True
32639,1.0,0.0,0.5,none,True,True
32640,1.0,0.0,0.5,none,True,True
32641,1.0,0.0,0.5,none,True,True
32642,1.0,0.0,0.5,none,True,True
32643,1.0,0.0,0.5,none,True,True
32644,1.0,0.0,0.5,none,True,True
32645,1.0,0.0,0.5,none,True,True
32646,1.0,0.0,0.5,none,True,True
32647,1.0,0.0,0.5,none,True,True
32648,1.0,0.0,0.5,none,True,True
32649,1.0,0.0,0.5,none,True,True
32650,1.0,0.0,0.5,none,True,True
32651,1.0,0.0,0.5,none,True,True
32652,1.0,0.0,0.5,none,True,True
32653,1.0,0.0,0.5,none,True,True
32654,1.0,0.0,0.5,none,True,True
32655,1.0,0.0,0.5,none,True,True
32656,1.0,0.0,0.5,none,True,True
32657,1.0,0.0,0.5,none,True,True
32658,1.0,0.0,0.5,none,True,True
32659,1.0,0.0,0.5,none,True,True
32660,1.0,0.0,0.5,none,True,True
32661,1.0,0.0,0.5,none,True,True
32662,1.0,0.0,0.5,none,True,True
32663,1.0,0.0,0.5,none,True,True
32664,1.0,0.0,0.5,none,True,True
32665,1.0,0.0,0.5,none,True,True
32666,1.0,0.0,0.5,none,True,True
32667,1.0,0.0,0.5,none,True,True
32668,1.0,0.0,0.5,none,True,True
32669,1.0,0.0,0.5,none,True,True
32670,1.0,0.0,0.5,none,True,True
32671,1.0,0.0,0.5,none,True,True
32672,1.0,0.0,0.5,none,True,True
32673,1.0,0.0,0.5,none,True,True
32674,1.0,0.0,0.5,none,True,True
32675,1.0,0.0,0.5,none,True,True
32676,1.0,0.0,0.5,none,True,True
32677,1.0,0.0,0.5,none,True,True
32678,1.0,0.0,0.5,none,True,True
32679,1.0,0.0,0.5,none,True,True
32680,1.0,0.0,0.5,none,True,True
32681,1.0,0.0,0.5,none,True,True
32682,1.0,0.0,0.5,none,True,True
32683,1.0,0.0,0.5,none,True,True
32684,1.0,0.0,0.5,none,True,True
32685,1.0,0.0,0.5,none,True,True
32686,1.0,0.0,0.5,none,True,True
32687,1.0,0.0,0.5,none,True,True
32688,1.0,0.0,0.5,none,True,True
32689,1.0,0.0,0.5,none,True,True
32690,1.0,0.0,0.5,none,True,True
32691,1.0,0.0,0.5,none,True,True
32692,1.0,0.0,0.5,none,True,True
32693,1.0,0.0,0.5,none,True,True
32694,1.0,0.0,0.5,none,True,True
32695,1.0,0.0,0.5,none,True,True
32696,1.0,0.0,0.5,none,True,True
32697,1.0,0.0,0.5,none,True,True
32698,1.0,0.0,0.5,none,True,True
32699,1.0,0.0,0.5,none,True,True
32700,1.0,0.0,0.5,none,True,True
32701,1.0,0.0,0.5,none,True,True
32702,1.0,0.0,0.5,none,True,True
32703,1.0,0.0,0.5,none,True,True
32704,1.0,0.0,0.5,none,True,True
32705,1.0,0.0,0.5,none,True,True
32706,1.0,0.0,0.5,none,True,True
32707,1.0,0.0,0.5,none,True,True
32708,1.0,0.0,0.5,none,True,True
32709,1.0,0.0,0.5,none,True,True
32710,1.0,0.0,0.5,none,True,True
32711,1.0,0.0,0.5,none,True,True
32712,1.0,0.0,0.5,none,True,True
32713,1.0,0.0,0.5,none,True,True
32714,1.0,0.0,0.5,none,True,True
32715,1.0,0.0,0.5,none,True,True
32716,1.0,0.0,0.5,none,True,True
32717,1.0,0.0,0.5,none,True,True
32718,1.0,0.0,0.5,none,True,True
32719,1.0,0.0,0.5,none,True,True
32720,1.0,0.0,0.5,none,True,True
32721,1.0,0.0,0.5,none,True,True
32722,1.0,0.0,0.5,none,True,True
32723,1.0,0.0,0.5,none,True,True
32724,1.0,0.0,0.5,none,True,True
32725,1.0,0.0,0.5,none,True,True
32726,1.0,0.0,0.5,none,True,True
32727,1.0,0.0,0.5,none,True,True
32728,1.0,0.0,0.5,none,True,True
32729,1.0,0.0,0.5,none,True,True
32730,1.0,0.0,0.5,none,True,True
32731,1.0,0.0,0.5,none,True,True
32732,1.0,0.0,0.5,none,True,True
32733,1.0,0.0,0.5,none,True,True
32734,1.0,0.0,0.5,none,True,True
32735,1.0,0.0,0.5,none,True,True
32736,1.0,0.0,0.5,none,True,True
32737,1.0,0.0,0.5,none,True,True
32738,1.0,0.0,0.5,none,True,True
32739,1.0,0.0,0.5,none,True,True
32740,1.0,0.0,0.5,none,True,True
32741,1.0,0.0,0.5,none,True,True
32742,1.0,0.0,0.5,none,True,True
32743,1.0,0.0,0.5,none,True,True
32744,1.0,0.0,0.5,none,True,True
32745,1.0,0.0,0.5,none,True,True
32746,1.0,0.0,0.5,none,True,True
32747,1.0,0.0,0.5,none,True,True
32748,1.0,0.0,0.5,none,True,True
32749,1.0,0.0,0.5,none,True,True
32750,1.0,0.0,0.5,none,True,True
32751,1.0,0.0,0.5,none,True,True
32752,1.0,0.0,0.5,none,True,True
32753,1.0,0.0,0.5,none,True,True
32754,1.0,0.0,0.5,none,True,True
32755,1.0,0.0,0.5,none,True,True
32756,1.0,0.0,0.5,none,True,True
32757,1.0,0.0,0.5,none,True,True
32758,1.0,0.0,0.5,none,True,True
32759,1.0,0.0,0.5,none,True,True
32760,1.0,0.0,0.5,none,True,True
32761,1.0,0.0,0.5,none,True,True
32762,1.0,0.0,0.5,none,True,True
32763,1.0,0.0,0.5,none,True,True
32764,1.0,0.0,0.5,none,True,True
32765,1.0,0.0,0.5,none,True,True
32766,1.0,0.0,0.5,none,True,True
32767,1.0,0.0,0.5,none,True,True
32768,1.0,0.0,0.5,none,True,True
32769,1.0,0.0,0.5,none,True,True
32770,1.0,0.0,0.5,none,True,True
32771,1.0,0.0,0.5,none,True,True
32772,1.0,0.0,0.5,none,True,True
32773,1.0,0.0,0.5,none,True,True
32774,1.0,0.0,0.5,none,True,True
32775,1.0,0.0,0.5,none,True,True
32776,1.0,0.0,0.5,none,True,True
32777,1.0,0.0,0.5,none,True,True
32778,1.0,0.0,0.5,none,True,True
32779,1.0,0.0,0.5,none,True,True
32780,1.0,0.0,0.5,none,True,True
32781,1.0,0.0,0.5,none,True,True
32782,1.0,0.0,0.5,none,True,True
32783,1.0,0.0,0.5,none,True,True
32784,1.0,0.0,0.5,none,True,True
32785,1.0,0.0,0.5,none,True,True
32786,1.0,0.0,0.5,none,True,True
32787,1.0,0.0,0.5,none,True,True
32788,1.0,0.0,0.5,none,True,True
32789,1.0,0.0,0.5,none,True,True
32790,1.0,0.0,0.5,none,True,True
32791,1.0,0.0,0.5,none,True,True
32792,1.0,0.0,0.5,none,True,True
32793,1.0,0.0,0.5,none,True,True
32794,1.0,0.0,0.5,none,True,True
32795,1.0,0.0,0.5,none,True,True
32796,1.0,0.0,0.5,none,True,True
32797,1.0,0.0,0.5,none,True,True
32798,1.0,0.0,0.5,none,True,True
32799,1.0,0.0,0.5,none,True,True
32800,1.0,0.0,0.5,none,True,True
32801,1.0,0.0,0.5,none,True,True
32802,1.0,0.0,0.5,none,True,True
32803,1.0,0.0,0.5,none,True,True
32804,1.0,0.0,0.5,none,True,True
32805,1.0,0.0,0.5,none,True,True
32806,1.0,0.0,0.5,none,True,True
32807,1.0,0.0,0.5,none,True,True
32808,1.0,0.0,0.5,none,True,True
32809,1.0,0.0,0.5,none,True,True
32810,1.0,0.0,0.5,none,True,True
32811,1.0,0.0,0.5,none,True,True
32812,1.0,0.0,0.5,none,True,True
32813,1.0,0.0,0.5,none,True,True
32814,1.0,0.0,0.5,none,True,True
32815,1.0,0.0,0.5,none,True,True
32816,1.0,0.0,0.5,none,True,True
32817,1.0,0.0,0.5,none,True,True
32818,1.0,0.0,0.5,none,True,True
32819,1.0,0.0,0.5,none,True,True
32820,1.0,0.0,0.5,none,True,True
32821,1.0,0.0,0.5,none,True,True
32822,1.0,0.0,0.5,none,True,True
32823,1.0,0.0,0.5,none,True,True
32824,1.0,0.0,0.5,none,True,True
32825,1.0,0.0,0.5,none,True,True
32826,1.0,0.0,0.5,none,True,True
32827,1.0,0.0,0.5,none,True,True
32828,1.0,0.0,0.5,none,True,True
32829,1.0,0.0,0.5,none,True,True
32830,1.0,0.0,0.5,none,True,True
32831,1.0,0.0,0.5,none,True,True
32832,1.0,0.0,0.5,none,True,True
32833,1.0,0.0,0.5,none,True,True
32834,1.0,0.0,0.5,none,True,True
32835,1.0,0.0,0.5,none,True,True
32836,1.0,0.0,0.5,none,True,True
32837,1.0,0.0,0.5,none,True,True
32838,1.0,0.0,0.5,none,True,True
32839,1.0,0.0,0.5,none,True,True
32840,1.0,0.0,0.5,none,True,True
32841,1.0,0.0,0.5,none,True,True
32842,1.0,0.0,0.5,none,True,True
32843,1.0,0.0,0.5,none,True,True
32844,1.0,0.0,0.5,none,True,True
32845,1.0,0.0,0.5,none,True,True
32846,1.0,0.0,0.5,none,True,True
32847,1.0,0.0,0.5,none,True,True
32848,1.0,0.0,0.5,none,True,True
32849,1.0,0.0,0.5,none,True,True
32850,1.0,0.0,0.5,none,True,True
32851,1.0,0.0,0.5,none,True,True
32852,1.0,0.0,0.5,none,True,True
32853,1.0,0.0,0.5,none,True,True
32854,1.0,0.0,0.5,none,True,True
32855,1.0,0.0,0.5,none,True,True
32856,1.0,0.0,0.5,none,True,True
32857,1.0,0.0,0.5,none,True,True
32858,1.0,0.0,0.5,none,True,True
32859,1.0,0.0,0.5,none,True,True
32860,1.0,0.0,0.5,none,True,True
32861,1.0,0.0,0.5,none,True,True
32862,1.0,0.0,0.5,none,True,True
32863,1.0,0.0,0.5,none,True,True
32864,1.0,0.0,0.5,none,True,True
32865,1.0,0.0,0.5,none,True,True
32866,1.0,0.0,0.5,none,True,True
32867,1.0,0.0,0.5,none,True,True
32868,1.0,0.0,0.5,none,True,True
32869,1.0,0.0,0.5,none,True,True
32870,1.0,0.0,0.5,none,True,True
32871,1.0,0.0,0.5,none,True,True
32872,1.0,0.0,0.5,none,True,True
32873,1.0,0.0,0.5,none,True,True
32874,1.0,0.0,0.5,none,True,True
32875,1.0,0.0,0.5,none,True,True
32876,1.0,0.0,0.5,none,True,True
32877,1.0,0.0,0.5,none,True,True
32878,1.0,0.0,0.5,none,True,True
32879,1.0,0.0,0.5,none,True,True
32880,1.0,0.0,0.5,none,True,True
32881,1.0,0.0,0.5,none,True,True
32882,1.0,0.0,0.5,none,True,True
32883,1.0,0.0,0.5,none,True,True
32884,1.0,0.0,0.5,none,True,True
32885,1.0,0.0,0.5,none,True,True
32886,1.0,0.0,0.5,none,True,True
32887,1.0,0.0,0.5,none,True,True
32888,1.0,0.0,0.5,none,True,True
32889,1.0,0.0,0.5,none,True,True
32890,1.0,0.0,0.5,none,True,True
32891,1.0,0.0,0.5,none,True,True
32892,1.0,0.0,0.5,none,True,True
32893,1.0,0.0,0.5,none,True,True
32894,1.0,0.0,0.5,none,True,True
32895,1.0,0.0,0.5,none,True,True
32896,1.0,0.0,0.5,none,True,True
32897,1.0,0.0,0.5,none,True,True
32898,1.0,0.0,0.5,none,True,True
32899,1.0,0.0,0.5,none,True,True
32900,1.0,0.0061,0.5,none,True,True
32901,1.0,0.0357,0.5,none,True,True
32902,1.0,0.0812,0.5,none,True,True
32903,1.0,0.1113,0.5,none,True,True
32904,1.0,0.1253,0.5,none,True,True
32905,1.0,0.1408,0.5,none,True,True
32906,1.0,0.0907,0.5,none,True,True
32907,1.0,0.1198,0.5,none,True,True
32908,1.0,0.0467,0.5,none,True,True
32909,1.0,0.0522,0.5,none,True,True
32910,1.0,0.0405,0.5,none,True,True
32911,1.0,0.0313,0.5,none,True,True
32912,1.0,0.0083,0.5,none,True,True
32913,1.0,0.0726,0.5,none,True,True
32914,1.0,0.0793,0.5,none,True,True
32915,1.0,0.0581,0.5,none,True,True
32916,1.0,0.0955,0.5,none,True,True
32917,1.0,0.0839,0.5,none,True,True
32918,1.0,0.0648,0.5,none,True,True
32919,1.0,0.0718,0.5,none,True,True
32920,1.0,0.0589,0.5,none,True,True
32921,1.0,0.0403,0.5,none,True,True
32922,1.0,0.0327,0.5,none,True,True
32923,1.0,0.0277,0.5,none,True,True
32924,1.0,0.017,0.5,none,True,True
32925,1.0,0.0102,0.5,none,True,True
32926,1.0,0.0099,0.5,none,True,True
32927,1.0,0.008,0.5,none,True,True
32928,1.0,0.005,0.5,none,True,True
32929,1.0,0.0063,0.5,none,True,True
32930,1.0,0.009,0.5,none,True,True
32931,1.0,0.0096,0.5,none,True,True
32932,1.0,0.0108,0.5,none,True,True
32933,1.0,0.014,0.5,none,True,True
32934,1.0,0.0161,0.5,none,True,True
32935,1.0,0.0167,0.5,none,True,True
32936,1.0,0.0182,0.5,none,True,True
32937,1.0,0.0196,0.5,none,True,True
32938,1.0,0.0197,0.5,none,True,True
32939,1.0,0.0193,0.5,none,True,True
32940,1.0,0.0193,0.5,none,True,True
32941,1.0,0.0187,0.5,none,True,True
32942,1.0,0.0174,0.5,none,True,True
32943,1.0,0.0163,0.5,none,True,True
32944,1.0,0.0152,0.5,none,True,True
32945,1.0,0.0138,0.5,none,True,True
32946,1.0,0.0123,0.5,none,True,True
32947,1.0,0.0111,0.5,none,True,True
32948,1.0,0.01,0.5,none,True,True
32949,1.0,0.0088,0.5,none,True,True
32950,1.0,0.0078,0.5,none,True,True
32951,1.0,0.0071,0.5,none,True,True
32952,1.0,0.0064,0.5,none,True,True
32953,1.0,0.0057,0.5,none,True,True
32954,1.0,0.0053,0.5,none,True,True
32955,1.0,0.005,0.5,none,True,True
32956,1.0,0.0047,0.5,none,True,True
32957,1.0,0.0045,0.5,none,True,True
32958,1.0,0.0044,0.5,none,True,True
32959,1.0,0.0043,0.5,none,True,True
32960,1.0,0.0042,0.5,none,True,True
32961,1.0,0.0041,0.5,none,True,True
32962,1.0,0.004,0.5,none,True,True
32963,1.0,0.0039,0.5,none,True,True
32964,1.0,0.0038,0.5,none,True,True
32965,1.0,0.0037,0.5,none,True,True
32966,1.0,0.0035,0.5,none,True,True
32967,1.0,0.0033,0.5,none,True,True
32968,1.0,0.0032,0.5,none,True,True
32969,1.0,0.003,0.5,none,True,True
32970,1.0,0.0028,0.5,none,True,True
32971,1.0,0.0026,0.5,none,True,True
32972,1.0,0.0024,0.5,none,True,True
32973,1.0,0.0023,0.5,none,True,True
32974,1.0,0.0021,0.5,none,True,True
32975,1.0,0.0019,0.5,none,True,True
32976,1.0,0.0018,0.5,none,True,True
32977,1.0,0.0017,0.5,none,True,True
32978,1.0,0.0015,0.5,none,True,True
32979,1.0,0.0014,0.5,none,True,True
32980,1.0,0.0013,0.5,none,True,True
32981,1.0,0.0013,0.5,none,True,True
32982,1.0,0.0012,0.5,none,True,True
32983,1.0,0.0011,0.5,none,True,True
32984,1.0,0.0011,0.5,none,True,True
32985,1.0,0.001,0.5,none,True,True
32986,1.0,0.001,0.5,none,True,True
32987,1.0,0.0009,0.5,none,True,True
32988,1.0,0.0009,0.5,none,True,True
32989,1.0,0.0008,0.5,none,True,True
32990,1.0,0.0008,0.5,none,True,True
32991,1.0,0.0008,0.5,none,True,True
32992,1.0,0.0007,0.5,none,True,True
32993,1.0,0.0007,0.5,none,True,True
32994,1.0,0.0006,0.5,none,True,True
32995,1.0,0.0006,0.5,none,True,True
32996,1.0,0.0006,0.5,none,True,True
32997,1.0,0.0005,0.5,none,True,True
32998,1.0,0.0005,0.5,none,True,True
32999,1.0,0.0005,0.5,none,True,True
33000,1.0,0.0004,0.5,none,True,True
33001,1.0,0.0004,0.5,none,True,True
33002,1.0,0.0004,0.5,none,True,True
33003,1.0,0.0004,0.5,none,True,True
33004,1.0,0.0003,0.5,none,True,True
33005,1.0,0.0003,0.5,none,True,True
33006,1.0,0.0003,0.5,none,True,True
33007,1.0,0.0003,0.5,none,True,True
33008,1.0,0.0003,0.5,none,True,True
33009,1.0,0.0003,0.5,none,True,True
33010,1.0,0.0002,0.5,none,True,True
33011,1.0,0.0002,0.5,none,True,True
33012,1.0,0.0002,0.5,none,True,True
33013,1.0,0.0002,0.5,none,True,True
33014,1.0,0.0002,0.5,none,True,True
33015,1.0,0.0002,0.5,none,True,True
33016,1.0,0.0002,0.5,none,True,True
33017,1.0,0.0002,0.5,none,True,True
33018,1.0,0.0002,0.5,none,True,True
33019,1.0,0.0001,0.5,none,True,True
33020,1.0,0.0001,0.5,none,True,True
33021,1.0,0.0001,0.5,none,True,True
33022,1.0,0.0001,0.5,none,True,True
33023,1.0,0.0001,0.5,none,True,True
33024,1.0,0.0001,0.5,none,True,True
33025,1.0,0.0001,0.5,none,True,True
33026,1.0,0.0001,0.5,none,True,True
33027,1.0,0.0001,0.5,none,True,True
33028,1.0,0.0001,0.5,none,True,True
33029,1.0,0.0001,0.5,none,True,True
33030,1.0,0.0001,0.5,none,True,True
33031,1.0,0.0001,0.5,none,True,True
33032,1.0,0.0001,0.5,none,True,True
33033,1.0,0.0001,0.5,none,True,True
33034,1.0,0.0001,0.5,none,True,True
33035,1.0,0.0001,0.5,none,True,True
33036,1.0,0.0001,0.5,none,True,True
33037,1.0,0.0,0.5,none,True,True
33038,1.0,0.0,0.5,none,True,True
33039,1.0,0.0,0.5,none,True,True
33040,1.0,0.0,0.5,none,True,True
33041,1.0,0.0,0.5,none,True,True
33042,1.0,0.0,0.5,none,True,True
33043,1.0,0.0,0.5,none,True,True
33044,1.0,0.0,0.5,none,True,True
33045,1.0,0.0,0.5,none,True,True
33046,1.0,0.0,0.5,none,True,True
33047,1.0,0.0,0.5,none,True,True
33048,1.0,0.0,0.5,none,True,True
33049,1.0,0.0,0.5,none,True,True
33050,1.0,0.0,0.5,none,True,True
33051,1.0,0.0,0.5,none,True,True
33052,1.0,0.0,0.5,none,True,True
33053,1.0,0.0,0.5,none,True,True
33054,1.0,0.0,0.5,none,True,True
33055,1.0,0.0,0.5,none,True,True
33056,1.0,0.0,0.5,none,True,True
33057,1.0,0.0,0.5,none,True,True
33058,1.0,0.0,0.5,none,True,True
33059,1.0,0.0,0.5,none,True,True
33060,1.0,0.0,0.5,none,True,True
33061,1.0,0.0,0.5,none,True,True
33062,1.0,0.0,0.5,none,True,True
33063,1.0,0.0,0.5,none,True,True
33064,1.0,0.0,0.5,none,True,True
33065,1.0,0.0,0.5,none,True,True
33066,1.0,0.0,0.5,none,True,True
33067,1.0,0.0,0.5,none,True,True
33068,1.0,0.0,0.5,none,True,True
33069,1.0,0.0,0.5,none,True,True
33070,1.0,0.0,0.5,none,True,True
33071,1.0,0.0,0.5,none,True,True
33072,1.0,0.0,0.5,none,True,True
33073,1.0,0.0,0.5,none,True,True
33074,1.0,0.0,0.5,none,True,True
33075,1.0,0.0,0.5,none,True,True
33076,1.0,0.0,0.5,none,True,True
33077,1.0,0.0,0.5,none,True,True
33078,1.0,0.0,0.5,none,True,True
33079,1.0,0.0,0.5,none,True,True
33080,1.0,0.0,0.5,none,True,True
33081,1.0,0.0,0.5,none,True,True
33082,1.0,0.0,0.5,none,True,True
33083,1.0,0.0,0.5,none,True,True
33084,1.0,0.0,0.5,none,True,True
33085,1.0,0.0,0.5,none,True,True
33086,1.0,0.0,0.5,none,True,True
33087,1.0,0.0,0.5,none,True,True
33088,1.0,0.0,0.5,none,True,True
33089,1.0,0.0,0.5,none,True,True
33090,1.0,0.0,0.5,none,True,True
33091,1.0,0.0,0.5,none,True,True
33092,1.0,0.0,0.5,none,True,True
33093,1.0,0.0,0.5,none,True,True
33094,1.0,0.0,0.5,none,True,True
33095,1.0,0.0,0.5,none,True,True
33096,1.0,0.0,0.5,none,True,True
33097,1.0,0.0,0.5,none,True,True
33098,1.0,0.0,0.5,none,True,True
33099,1.0,0.0,0.5,none,True,True
33100,1.0,0.0,0.5,none,True,True
33101,1.0,0.0,0.5,none,True,True
33102,1.0,0.0,0.5,none,True,True
33103,1.0,0.0,0.5,none,True,True
33104,1.0,0.0,0.5,none,True,True
33105,1.0,0.0,0.5,none,True,True
33106,1.0,0.0,0.5,none,True,True
33107,1.0,0.0,0.5,none,True,True
33108,1.0,0.0,0.5,none,True,True
33109,1.0,0.0,0.5,none,True,True
33110,1.0,0.0,0.5,none,True,True
33111,1.0,0.0,0.5,none,True,True
33112,1.0,0.0,0.5,none,True,True
33113,1.0,0.0,0.5,none,True,True
33114,1.0,0.0,0.5,none,True,True
33115,1.0,0.0,0.5,none,True,True
33116,1.0,0.0,0.5,none,True,True
33117,1.0,0.0,0.5,none,True,True
33118,1.0,0.0,0.5,none,True,True
33119,1.0,0.0,0.5,none,True,True
33120,1.0,0.0,0.5,none,True,True
33121,1.0,0.0,0.5,none,True,True
33122,1.0,0.0,0.5,none,True,True
33123,1.0,0.0,0.5,none,True,True
33124,1.0,0.0,0.5,none,True,True
33125,1.0,0.0,0.5,none,True,True
33126,1.0,0.0,0.5,none,True,True
33127,1.0,0.0,0.5,none,True,True
33128,1.0,0.0,0.5,none,True,True
33129,1.0,0.0,0.5,none,True,True
33130,1.0,0.0,0.5,none,True,True
33131,1.0,0.0,0.5,none,True,True
33132,1.0,0.0,0.5,none,True,True
33133,1.0,0.0,0.5,none,True,True
33134,1.0,0.0,0.5,none,True,True
33135,1.0,0.0,0.5,none,True,True
33136,1.0,0.0,0.5,none,True,True
33137,1.0,0.0,0.5,none,True,True
33138,1.0,0.0,0.5,none,True,True
33139,1.0,0.0,0.5,none,True,True
33140,1.0,0.0,0.5,none,True,True
33141,1.0,0.0,0.5,none,True,True
33142,1.0,0.0,0.5,none,True,True
33143,1.0,0.0,0.5,none,True,True
33144,1.0,0.0,0.5,none,True,True
33145,1.0,0.0,0.5,none,True,True
33146,1.0,0.0,0.5,none,True,True
33147,1.0,0.0,0.5,none,True,True
33148,1.0,0.0,0.5,none,True,True
33149,1.0,0.0,0.5,none,True,True
33150,1.0,0.0,0.5,none,True,True
33151,1.0,0.0,0.5,none,True,True
33152,1.0,0.0,0.5,none,True,True
33153,1.0,0.0,0.5,none,True,True
33154,1.0,0.0,0.5,none,True,True
33155,1.0,0.0,0.5,none,True,True
33156,1.0,0.0,0.5,none,True,True
33157,1.0,0.0,0.5,none,True,True
33158,1.0,0.0,0.5,none,True,True
33159,1.0,0.0,0.5,none,True,True
33160,1.0,0.0,0.5,none,True,True
33161,1.0,0.0,0.5,none,True,True
33162,1.0,0.0,0.5,none,True,True
33163,1.0,0.0,0.5,none,True,True
33164,1.0,0.0,0.5,none,True,True
33165,1.0,0.0,0.5,none,True,True
33166,1.0,0.0,0.5,none,True,True
33167,1.0,0.0,0.5,none,True,True
33168,1.0,0.0,0.5,none,True,True
33169,1.0,0.0,0.5,none,True,True
33170,1.0,0.0,0.5,none,True,True
33171,1.0,0.0,0.5,none,True,True
33172,1.0,0.0,0.5,none,True,True
33173,1.0,0.0,0.5,none,True,True
33174,1.0,0.0,0.5,none,True,True
33175,1.0,0.0,0.5,none,True,True
33176,1.0,0.0,0.5,none,True,True
33177,1.0,0.0,0.5,none,True,True
33178,1.0,0.0,0.5,none,True,True
33179,1.0,0.0,0.5,none,True,True
33180,1.0,0.0,0.5,none,True,True
33181,1.0,0.0,0.5,none,True,True
33182,1.0,0.0,0.5,none,True,True
33183,1.0,0.0,0.5,none,True,True
33184,1.0,0.0,0.5,none,True,True
33185,1.0,0.0,0.5,none,True,True
33186,1.0,0.0,0.5,none,True,True
33187,1.0,0.0,0.5,none,True,True
33188,1.0,0.0,0.5,none,True,True
33189,1.0,0.0,0.5,none,True,True
33190,1.0,0.0,0.5,none,True,True
33191,1.0,0.0,0.5,none,True,True
33192,1.0,0.0,0.5,none,True,True
33193,1.0,0.0,0.5,none,True,True
33194,1.0,0.0,0.5,none,True,True
33195,1.0,0.0,0.5,none,True,True
33196,1.0,0.0,0.5,none,True,True
33197,1.0,0.0,0.5,none,True,True
33198,1.0,0.0,0.5,none,True,True
33199,1.0,0.0,0.5,none,True,True
33200,1.0,0.0,0.5,none,True,True
33201,1.0,0.0,0.5,none,True,True
33202,1.0,0.0,0.5,none,True,True
33203,1.0,0.0,0.5,none,True,True
33204,1.0,0.0,0.5,none,True,True
33205,1.0,0.0,0.5,none,True,True
33206,1.0,0.0,0.5,none,True,True
33207,1.0,0.0,0.5,none,True,True
33208,1.0,0.0,0.5,none,True,True
33209,1.0,0.0,0.5,none,True,True
33210,1.0,0.0,0.5,none,True,True
33211,1.0,0.0,0.5,none,True,True
33212,1.0,0.0,0.5,none,True,True
33213,1.0,0.0,0.5,none,True,True
33214,1.0,0.0,0.5,none,True,True
33215,1.0,0.0,0.5,none,True,True
33216,1.0,0.0,0.5,none,True,True
33217,1.0,0.0,0.5,none,True,True
33218,1.0,0.0,0.5,none,True,True
33219,1.0,0.0,0.5,none,True,True
33220,1.0,0.0,0.5,none,True,True
33221,1.0,0.0,0.5,none,True,True
33222,1.0,0.0,0.5,none,True,True
33223,1.0,0.0,0.5,none,True,True
33224,1.0,0.0,0.5,none,True,True
33225,1.0,0.0,0.5,none,True,True
33226,1.0,0.0,0.5,none,True,True
33227,1.0,0.0,0.5,none,True,True
33228,1.0,0.0,0.5,none,True,True
33229,1.0,0.0,0.5,none,True,True
33230,1.0,0.0,0.5,none,True,True
33231,1.0,0.0,0.5,none,True,True
33232,1.0,0.0,0.5,none,True,True
33233,1.0,0.0,0.5,none,True,True
33234,1.0,0.0,0.5,none,True,True
33235,1.0,0.0,0.5,none,True,True
33236,1.0,0.0,0.5,none,True,True
33237,1.0,0.0,0.5,none,True,True
33238,1.0,0.0,0.5,none,True,True
33239,1.0,0.0,0.5,none,True,True
33240,1.0,0.0,0.5,none,True,True
33241,1.0,0.0,0.5,none,True,True
33242,1.0,0.0,0.5,none,True,True
33243,1.0,0.0,0.5,none,True,True
33244,1.0,0.0,0.5,none,True,True
33245,1.0,0.0,0.5,none,True,True
33246,1.0,0.0,0.5,none,True,True
33247,1.0,0.0,0.5,none,True,True
33248,1.0,0.0,0.5,none,True,True
33249,1.0,0.0,0.5,none,True,True
33250,1.0,0.0,0.5,none,True,True
33251,1.0,0.0,0.5,none,True,True
33252,1.0,0.0,0.5,none,True,True
33253,1.0,0.0,0.5,none,True,True
33254,1.0,0.0,0.5,none,True,True
33255,1.0,0.0,0.5,none,True,True
33256,1.0,0.0,0.5,none,True,True
33257,1.0,0.0,0.5,none,True,True
33258,1.0,0.0,0.5,none,True,True
33259,1.0,0.0,0.5,none,True,True
33260,1.0,0.0,0.5,none,True,True
33261,1.0,0.0,0.5,none,True,True
33262,1.0,0.0,0.5,none,True,True
33263,1.0,0.0,0.5,none,True,True
33264,1.0,0.0,0.5,none,True,True
33265,1.0,0.0,0.5,none,True,True
33266,1.0,0.0,0.5,none,True,True
33267,1.0,0.0,0.5,none,True,True
33268,1.0,0.0,0.5,none,True,True
33269,1.0,0.0,0.5,none,True,True
33270,1.0,0.0,0.5,none,True,True
33271,1.0,0.0,0.5,none,True,True
33272,1.0,0.0,0.5,none,True,True
33273,1.0,0.0,0.5,none,True,True
33274,1.0,0.0,0.5,none,True,True
33275,1.0,0.0,0.5,none,True,True
33276,1.0,0.0,0.5,none,True,True
33277,1.0,0.0,0.5,none,True,True
33278,1.0,0.0,0.5,none,True,True
33279,1.0,0.0,0.5,none,True,True
33280,1.0,0.0,0.5,none,True,True
33281,1.0,0.0,0.5,none,True,True
33282,1.0,0.0,0.5,none,True,True
33283,1.0,0.0,0.5,none,True,True
33284,1.0,0.0,0.5,none,True,True
33285,1.0,0.0,0.5,none,True,True
33286,1.0,0.0,0.5,none,True,True
33287,1.0,0.0,0.5,none,True,True
33288,1.0,0.0,0.5,none,True,True
33289,1.0,0.0,0.5,none,True,True
33290,1.0,0.0,0.5,none,True,True
33291,1.0,0.0,0.5,none,True,True
33292,1.0,0.0,0.5,none,True,True
33293,1.0,0.0,0.5,none,True,True
33294,1.0,0.0,0.5,none,True,True
33295,1.0,0.0,0.5,none,True,True
33296,1.0,0.0,0.5,none,True,True
33297,1.0,0.0,0.5,none,True,True
33298,1.0,0.0,0.5,none,True,True
33299,1.0,0.0,0.5,none,True,True
33300,1.0,0.0,0.5,none,True,True
33301,1.0,0.0,0.5,none,True,True
33302,1.0,0.0,0.5,none,True,True
33303,1.0,0.0,0.5,none,True,True
33304,1.0,0.0,0.5,none,True,True
33305,1.0,0.0,0.5,none,True,True
33306,1.0,0.0,0.5,none,True,True
33307,1.0,0.0,0.5,none,True,True
33308,1.0,0.0,0.5,none,True,True
33309,1.0,0.0,0.5,none,True,True
33310,1.0,0.0,0.5,none,True,True
33311,1.0,0.0,0.5,none,True,True
33312,1.0,0.0,0.5,none,True,True
33313,1.0,0.0,0.5,none,True,True
33314,1.0,0.0,0.5,none,True,True
33315,1.0,0.0,0.5,none,True,True
33316,1.0,0.0,0.5,none,True,True
33317,1.0,0.0,0.5,none,True,True
33318,1.0,0.0,0.5,none,True,True
33319,1.0,0.0,0.5,none,True,True
33320,1.0,0.0,0.5,none,True,True
33321,1.0,0.0,0.5,none,True,True
33322,1.0,0.0,0.5,none,True,True
33323,1.0,0.0,0.5,none,True,True
33324,1.0,0.0,0.5,none,True,True
33325,1.0,0.0,0.5,none,True,True
33326,1.0,0.0,0.5,none,True,True
33327,1.0,0.0,0.5,none,True,True
33328,1.0,0.0,0.5,none,True,True
33329,1.0,0.0,0.5,none,True,True
33330,1.0,0.0,0.5,none,True,True
33331,1.0,0.0,0.5,none,True,True
33332,1.0,0.0,0.5,none,True,True
33333,1.0,0.0,0.5,none,True,True
33334,1.0,0.0,0.5,none,True,True
33335,1.0,0.0,0.5,none,True,True
33336,1.0,0.0,0.5,none,True,True
33337,1.0,0.0,0.5,none,True,True
33338,1.0,0.0,0.5,none,True,True
33339,1.0,0.0,0.5,none,True,True
33340,1.0,0.0,0.5,none,True,True
33341,1.0,0.0,0.5,none,True,True
33342,1.0,0.0,0.5,none,True,True
33343,1.0,0.0,0.5,none,True,True
33344,1.0,0.0,0.5,none,True,True
33345,1.0,0.0,0.5,none,True,True
33346,1.0,0.0,0.5,none,True,True
33347,1.0,0.0,0.5,none,True,True
33348,1.0,0.0,0.5,none,True,True
33349,1.0,0.0,0.5,none,True,True
33350,1.0,0.0,0.5,none,True,True
33351,1.0,0.0,0.5,none,True,True
33352,1.0,0.0,0.5,none,True,True
33353,1.0,0.0,0.5,none,True,True
33354,1.0,0.0,0.5,none,True,True
33355,1.0,0.0,0.5,none,True,True
33356,1.0,0.0,0.5,none,True,True
33357,1.0,0.0,0.5,none,True,True
33358,1.0,0.0,0.5,none,True,True
33359,1.0,0.0,0.5,none,True,True
33360,1.0,0.0,0.5,none,True,True
33361,1.0,0.0,0.5,none,True,True
33362,1.0,0.0,0.5,none,True,True
33363,1.0,0.0,0.5,none,True,True
33364,1.0,0.0,0.5,none,True,True
33365,1.0,0.0,0.5,none,True,True
33366,1.0,0.0,0.5,none,True,True
33367,1.0,0.0,0.5,none,True,True
33368,1.0,0.0,0.5,none,True,True
33369,1.0,0.0,0.5,none,True,True
33370,1.0,0.0,0.5,none,True,True
33371,1.0,0.0,0.5,none,True,True
33372,1.0,0.0,0.5,none,True,True
33373,1.0,0.0,0.5,none,True,True
33374,1.0,0.0,0.5,none,True,True
33375,1.0,0.0,0.5,none,True,True
33376,1.0,0.0,0.5,none,True,True
33377,1.0,0.0,0.5,none,True,True
33378,1.0,0.0,0.5,none,True,True
33379,1.0,0.0,0.5,none,True,True
33380,1.0,0.0,0.5,none,True,True
33381,1.0,0.0,0.5,none,True,True
33382,1.0,0.0,0.5,none,True,True
33383,1.0,0.0,0.5,none,True,True
33384,1.0,0.0,0.5,none,True,True
33385,1.0,0.0,0.5,none,True,True
33386,1.0,0.0,0.5,none,True,True
33387,1.0,0.0,0.5,none,True,True
33388,1.0,0.0,0.5,none,True,True
33389,1.0,0.0,0.5,none,True,True
33390,1.0,0.0,0.5,none,True,True
33391,1.0,0.0,0.5,none,True,True
33392,1.0,0.0,0.5,none,True,True
33393,1.0,0.0,0.5,none,True,True
33394,1.0,0.0,0.5,none,True,True
33395,1.0,0.0,0.5,none,True,True
33396,1.0,0.0,0.5,none,True,True
33397,1.0,0.0,0.5,none,True,True
33398,1.0,0.0,0.5,none,True,True
33399,1.0,0.0,0.5,none,True,True
33400,1.0,0.0,0.5,none,True,True
33401,1.0,0.0,0.5,none,True,True
33402,1.0,0.0,0.5,none,True,True
33403,1.0,0.0,0.5,none,True,True
33404,1.0,0.0,0.5,none,True,True
33405,1.0,0.0,0.5,none,True,True
33406,1.0,0.0,0.5,none,True,True
33407,1.0,0.0,0.5,none,True,True
33408,1.0,0.0,0.5,none,True,True
33409,1.0,0.0,0.5,none,True,True
33410,1.0,0.0,0.5,none,True,True
33411,1.0,0.0,0.5,none,True,True
33412,1.0,0.0,0.5,none,True,True
33413,1.0,0.0,0.5,none,True,True
33414,1.0,0.0,0.5,none,True,True
33415,1.0,0.0,0.5,none,True,True
33416,1.0,0.0,0.5,none,True,True
33417,1.0,0.0,0.5,none,True,True
33418,1.0,0.0,0.5,none,True,True
33419,1.0,0.0,0.5,none,True,True
33420,1.0,0.0,0.5,none,True,True
33421,1.0,0.0,0.5,none,True,True
33422,1.0,0.0,0.5,none,True,True
33423,1.0,0.0,0.5,none,True,True
33424,1.0,0.0,0.5,none,True,True
33425,1.0,0.0,0.5,none,True,True
33426,1.0,0.0,0.5,none,True,True
33427,1.0,0.0,0.5,none,True,True
33428,1.0,0.0,0.5,none,True,True
33429,1.0,0.0,0.5,none,True,True
33430,1.0,0.0,0.5,none,True,True
33431,1.0,0.0,0.5,none,True,True
33432,1.0,0.0,0.5,none,True,True
33433,1.0,0.0,0.5,none,True,True
33434,1.0,0.0,0.5,none,True,True
33435,1.0,0.0,0.5,none,True,True
33436,1.0,0.0,0.5,none,True,True
33437,1.0,0.0,0.5,none,True,True
33438,1.0,0.0,0.5,none,True,True
33439,1.0,0.0,0.5,none,True,True
33440,1.0,0.0,0.5,none,True,True
33441,1.0,0.0,0.5,none,True,True
33442,1.0,0.0,0.5,none,True,True
33443,1.0,0.0,0.5,none,True,True
33444,1.0,0.0,0.5,none,True,True
33445,1.0,0.0,0.5,none,True,True
33446,1.0,0.0,0.5,none,True,True
33447,1.0,0.0,0.5,none,True,True
33448,1.0,0.0,0.5,none,True,True
33449,1.0,0.0,0.5,none,True,True
33450,1.0,0.0,0.5,none,True,True
33451,1.0,0.0,0.5,none,True,True
33452,1.0,0.0,0.5,none,True,True
33453,1.0,0.0,0.5,none,True,True
33454,1.0,0.0,0.5,none,True,True
33455,1.0,0.0,0.5,none,True,True
33456,1.0,0.0,0.5,none,True,True
33457,1.0,0.0,0.5,none,True,True
33458,1.0,0.0,0.5,none,True,True
33459,1.0,0.0,0.5,none,True,True
33460,1.0,0.0,0.5,none,True,True
33461,1.0,0.0,0.5,none,True,True
33462,1.0,0.0,0.5,none,True,True
33463,1.0,0.0,0.5,none,True,True
33464,1.0,0.0,0.5,none,True,True
33465,1.0,0.0,0.5,none,True,True
33466,1.0,0.0,0.5,none,True,True
33467,1.0,0.0,0.5,none,True,True
33468,1.0,0.0,0.5,none,True,True
33469,1.0,0.0,0.5,none,True,True
33470,1.0,0.0,0.5,none,True,True
33471,1.0,0.0,0.5,none,True,True
33472,1.0,0.0,0.5,none,True,True
33473,1.0,0.0,0.5,none,True,True
33474,1.0,0.0,0.5,none,True,True
33475,1.0,0.0,0.5,none,True,True
33476,1.0,0.0,0.5,none,True,True
33477,1.0,0.0,0.5,none,True,True
33478,1.0,0.0,0.5,none,True,True
33479,1.0,0.0,0.5,none,True,True
33480,1.0,0.0,0.5,none,True,True
33481,1.0,0.0,0.5,none,True,True
33482,1.0,0.0,0.5,none,True,True
33483,1.0,0.0,0.5,none,True,True
33484,1.0,0.0,0.5,none,True,True
33485,1.0,0.0,0.5,none,True,True
33486,1.0,0.0,0.5,none,True,True
33487,1.0,0.0,0.5,none,True,True
33488,1.0,0.0,0.5,none,True,True
33489,1.0,0.0,0.5,none,True,True
33490,1.0,0.0,0.5,none,True,True
33491,1.0,0.0,0.5,none,True,True
33492,1.0,0.0,0.5,none,True,True
33493,1.0,0.0,0.5,none,True,True
33494,1.0,0.0,0.5,none,True,True
33495,1.0,0.0,0.5,none,True,True
33496,1.0,0.0,0.5,none,True,True
33497,1.0,0.0,0.5,none,True,True
33498,1.0,0.0,0.5,none,True,True
33499,1.0,0.0,0.5,none,True,True
33500,1.0,0.0,0.5,none,True,True
33501,1.0,0.0,0.5,none,True,True
33502,1.0,0.0,0.5,none,True,True
33503,1.0,0.0,0.5,none,True,True
33504,1.0,0.0,0.5,none,True,True
33505,1.0,0.0,0.5,none,True,True
33506,1.0,0.0,0.5,none,True,True
33507,1.0,0.0,0.5,none,True,True
33508,1.0,0.0,0.5,none,True,True
33509,1.0,0.0,0.5,none,True,True
33510,1.0,0.0,0.5,none,True,True
33511,1.0,0.0,0.5,none,True,True
33512,1.0,0.0,0.5,none,True,True
33513,1.0,0.0,0.5,none,True,True
33514,1.0,0.0,0.5,none,True,True
33515,1.0,0.0,0.5,none,True,True
33516,1.0,0.0,0.5,none,True,True
33517,1.0,0.0,0.5,none,True,True
33518,1.0,0.0,0.5,none,True,True
33519,1.0,0.0,0.5,none,True,True
33520,1.0,0.0,0.5,none,True,True
33521,1.0,0.0,0.5,none,True,True
33522,1.0,0.0,0.5,none,True,True
33523,1.0,0.0,0.5,none,True,True
33524,1.0,0.0,0.5,none,True,True
33525,1.0,0.0,0.5,none,True,True
33526,1.0,0.0,0.5,none,True,True
33527,1.0,0.0,0.5,none,True,True
33528,1.0,0.0,0.5,none,True,True
33529,1.0,0.0,0.5,none,True,True
33530,1.0,0.0,0.5,none,True,True
33531,1.0,0.0,0.5,none,True,True
33532,1.0,0.0,0.5,none,True,True
33533,1.0,0.0,0.5,none,True,True
33534,1.0,0.0,0.5,none,True,True
33535,1.0,0.0,0.5,none,True,True
33536,1.0,0.0,0.5,none,True,True
33537,1.0,0.0,0.5,none,True,True
33538,1.0,0.0,0.5,none,True,True
33539,1.0,0.0,0.5,none,True,True
33540,1.0,0.0,0.5,none,True,True
33541,1.0,0.0,0.5,none,True,True
33542,1.0,0.0,0.5,none,True,True
33543,1.0,0.0,0.5,none,True,True
33544,1.0,0.0,0.5,none,True,True
33545,1.0,0.0,0.5,none,True,True
33546,1.0,0.0,0.5,none,True,True
33547,1.0,0.0,0.5,none,True,True
33548,1.0,0.0,0.5,none,True,True
33549,1.0,0.0,0.5,none,True,True
33550,1.0,0.0,0.5,none,True,True
33551,1.0,0.0,0.5,none,True,True
33552,1.0,0.0,0.5,none,True,True
33553,1.0,0.0,0.5,none,True,True
33554,1.0,0.0,0.5,none,True,True
33555,1.0,0.0,0.5,none,True,True
33556,1.0,0.0,0.5,none,True,True
33557,1.0,0.0,0.5,none,True,True
33558,1.0,0.0,0.5,none,True,True
33559,1.0,0.0,0.5,none,True,True
33560,1.0,0.0,0.5,none,True,True
33561,1.0,0.0,0.5,none,True,True
33562,1.0,0.0,0.5,none,True,True
33563,1.0,0.0,0.5,none,True,True
33564,1.0,0.0,0.5,none,True,True
33565,1.0,0.0,0.5,none,True,True
33566,1.0,0.0,0.5,none,True,True
33567,1.0,0.0,0.5,none,True,True
33568,1.0,0.0,0.5,none,True,True
33569,1.0,0.0,0.5,none,True,True
33570,1.0,0.0,0.5,none,True,True
33571,1.0,0.0,0.5,none,True,True
33572,1.0,0.0,0.5,none,True,True
33573,1.0,0.0,0.5,none,True,True
33574,1.0,0.0,0.5,none,True,True
33575,1.0,0.0,0.5,none,True,True
33576,1.0,0.0,0.5,none,True,True
33577,1.0,0.0,0.5,none,True,True
33578,1.0,0.0,0.5,none,True,True
33579,1.0,0.0,0.5,none,True,True
33580,1.0,0.0,0.5,none,True,True
33581,1.0,0.0,0.5,none,True,True
33582,1.0,0.0,0.5,none,True,True
33583,1.0,0.0,0.5,none,True,True
33584,1.0,0.0,0.5,none,True,True
33585,1.0,0.0,0.5,none,True,True
33586,1.0,0.0,0.5,none,True,True
33587,1.0,0.0,0.5,none,True,True
33588,1.0,0.0,0.5,none,True,True
33589,1.0,0.0,0.5,none,True,True
33590,1.0,0.0,0.5,none,True,True
33591,1.0,0.0,0.5,none,True,True
33592,1.0,0.0,0.5,none,True,True
33593,1.0,0.0,0.5,none,True,True
33594,1.0,0.0,0.5,none,True,True
33595,1.0,0.0,0.5,none,True,True
33596,1.0,0.0,0.5,none,True,True
33597,1.0,0.0,0.5,none,True,True
33598,1.0,0.0,0.5,none,True,True
33599,1.0,0.0,0.5,none,True,True
33600,1.0,0.0061,0.5,none,True,True
33601,1.0,0.0357,0.5,none,True,True
33602,1.0,0.0812,0.5,none,True,True
33603,1.0,0.1113,0.5,none,True,True
33604,1.0,0.1253,0.5,none,True,True
33605,1.0,0.1408,0.5,none,True,True
33606,1.0,0.0907,0.5,none,True,True
33607,1.0,0.1198,0.5,none,True,True
33608,1.0,0.0467,0.5,none,True,True
33609,1.0,0.0522,0.5,none,True,True
33610,1.0,0.0405,0.5,none,True,True
33611,1.0,0.0313,0.5,none,True,True
33612,1.0,0.0083,0.5,none,True,True
33613,1.0,0.0726,0.5,none,True,True
33614,1.0,0.0793,0.5,none,True,True
33615,1.0,0.0581,0.5,none,True,True
33616,1.0,0.0955,0.5,none,True,True
33617,1.0,0.0839,0.5,none,True,True
33618,1.0,0.0648,0.5,none,True,True
33619,1.0,0.0718,0.5,none,True,True
33620,1.0,0.0589,0.5,none,True,True
33621,1.0,0.0403,0.5,none,True,True
33622,1.0,0.0327,0.5,none,True,True
33623,1.0,0.0277,0.5,none,True,True
33624,1.0,0.017,0.5,none,True,True
33625,1.0,0.0102,0.5,none,True,True
33626,1.0,0.0099,0.5,none,True,True
33627,1.0,0.008,0.5,none,True,True
33628,1.0,0.005,0.5,none,True,True
33629,1.0,0.0063,0.5,none,True,True
33630,1.0,0.009,0.5,none,True,True
33631,1.0,0.0096,0.5,none,True,True
33632,1.0,0.0108,0.5,none,True,True
33633,1.0,0.014,0.5,none,True,True
33634,1.0,0.0161,0.5,none,True,True
33635,1.0,0.0167,0.5,none,True,True
33636,1.0,0.0182,0.5,none,True,True
33637,1.0,0.0196,0.5,none,True,True
33638,1.0,0.0197,0.5,none,True,True
33639,1.0,0.0193,0.5,none,True,True
33640,1.0,0.0193,0.5,none,True,True
33641,1.0,0.0187,0.5,none,True,True
33642,1.0,0.0174,0.5,none,True,True
33643,1.0,0.0163,0.5,none,True,True
33644,1.0,0.0152,0.5,none,True,True
33645,1.0,0.0138,0.5,none,True,True
33646,1.0,0.0123,0.5,none,True,True
33647,1.0,0.0111,0.5,none,True,True
33648,1.0,0.01,0.5,none,True,True
33649,1.0,0.0088,0.5,none,True,True
33650,1.0,0.0078,0.5,none,True,True
33651,1.0,0.0071,0.5,none,True,True
33652,1.0,0.0064,0.5,none,True,True
33653,1.0,0.0057,0.5,none,True,True
33654,1.0,0.0053,0.5,none,True,True
33655,1.0,0.005,0.5,none,True,True
33656,1.0,0.0047,0.5,none,True,True
33657,1.0,0.0045,0.5,none,True,True
33658,1.0,0.0044,0.5,none,True,True
33659,1.0,0.0043,0.5,none,True,True
33660,1.0,0.0042,0.5,none,True,True
33661,1.0,0.0041,0.5,none,True,True
33662,1.0,0.004,0.5,none,True,True
33663,1.0,0.0039,0.5,none,True,True
33664,1.0,0.0038,0.5,none,True,True
33665,1.0,0.0037,0.5,none,True,True
33666,1.0,0.0035,0.5,none,True,True
33667,1.0,0.0033,0.5,none,True,True
33668,1.0,0.0032,0.5,none,True,True
33669,1.0,0.003,0.5,none,True,True
33670,1.0,0.0028,0.5,none,True,True
33671,1.0,0.0026,0.5,none,True,True
33672,1.0,0.0024,0.5,none,True,True
33673,1.0,0.0023,0.5,none,True,True
33674,1.0,0.0021,0.5,none,True,True
33675,1.0,0.0019,0.5,none,True,True
33676,1.0,0.0018,0.5,none,True,True
33677,1.0,0.0017,0.5,none,True,True
33678,1.0,0.0015,0.5,none,True,True
33679,1.0,0.0014,0.5,none,True,True
33680,1.0,0.0013,0.5,none,True,True
33681,1.0,0.0013,0.5,none,True,True
33682,1.0,0.0012,0.5,none,True,True
33683,1.0,0.0011,0.5,none,True,True
33684,1.0,0.0011,0.5,none,True,True
33685,1.0,0.001,0.5,none,True,True
33686,1.0,0.001,0.5,none,True,True
33687,1.0,0.0009,0.5,none,True,True
33688,1.0,0.0009,0.5,none,True,True
33689,1.0,0.0008,0.5,none,True,True
33690,1.0,0.0008,0.5,none,True,True
33691,1.0,0.0008,0.5,none,True,True
33692,1.0,0.0007,0.5,none,True,True
33693,1.0,0.0007,0.5,none,True,True
33694,1.0,0.0006,0.5,none,True,True
33695,1.0,0.0006,0.5,none,True,True
33696,1.0,0.0006,0.5,none,True,True
33697,1.0,0.0005,0.5,none,True,True
33698,1.0,0.0005,0.5,none,True,True
33699,1.0,0.0005,0.5,none,True,True
33700,1.0,0.0004,0.5,none,True,True
33701,1.0,0.0004,0.5,none,True,True
33702,1.0,0.0004,0.5,none,True,True
33703,1.0,0.0004,0.5,none,True,True
33704,1.0,0.0003,0.5,none,True,True
33705,1.0,0.0003,0.5,none,True,True
33706,1.0,0.0003,0.5,none,True,True
33707,1.0,0.0003,0.5,none,True,True
33708,1.0,0.0003,0.5,none,True,True
33709,1.0,0.0003,0.5,none,True,True
33710,1.0,0.0002,0.5,none,True,True
33711,1.0,0.0002,0.5,none,True,True
33712,1.0,0.0002,0.5,none,True,True
33713,1.0,0.0002,0.5,none,True,True
33714,1.0,0.0002,0.5,none,True,True
33715,1.0,0.0002,0.5,none,True,True
33716,1.0,0.0002,0.5,none,True,True
33717,1.0,0.0002,0.5,none,True,True
33718,1.0,0.0002,0.5,none,True,True
33719,1.0,0.0001,0.5,none,True,True
33720,1.0,0.0001,0.5,none,True,True
33721,1.0,0.0001,0.5,none,True,True
33722,1.0,0.0001,0.5,none,True,True
33723,1.0,0.0001,0.5,none,True,True
33724,1.0,0.0001,0.5,none,True,True
33725,1.0,0.0001,0.5,none,True,True
33726,1.0,0.0001,0.5,none,True,True
33727,1.0,0.0001,0.5,none,True,True
33728,1.0,0.0001,0.5,none,True,True
33729,1.0,0.0001,0.5,none,True,True
33730,1.0,0.0001,0.5,none,True,True
33731,1.0,0.0001,0.5,none,True,True
33732,1.0,0.0001,0.5,none,True,True
33733,1.0,0.0001,0.5,none,True,True
33734,1.0,0.0001,0.5,none,True,True
33735,1.0,0.0001,0.5,none,True,True
33736,1.0,0.0001,0.5,none,True,True
33737,1.0,0.0,0.5,none,True,True
33738,1.0,0.0,0.5,none,True,True
33739,1.0,0.0,0.5,none,True,True
33740,1.0,0.0,0.5,none,True,True
33741,1.0,0.0,0.5,none,True,True
33742,1.0,0.0,0.5,none,True,True
33743,1.0,0.0,0.5,none,True,True
33744,1.0,0.0,0.5,none,True,True
33745,1.0,0.0,0.5,none,True,True
33746,1.0,0.0,0.5,none,True,True
33747,1.0,0.0,0.5,none,True,True
33748,1.0,0.0,0.5,none,True,True
33749,1.0,0.0,0.5,none,True,True
33750,1.0,0.0,0.5,none,True,True
33751,1.0,0.0,0.5,none,True,True
33752,1.0,0.0,0.5,none,True,True
33753,1.0,0.0,0.5,none,True,True
33754,1.0,0.0,0.5,none,True,True
33755,1.0,0.0,0.5,none,True,True
33756,1.0,0.0,0.5,none,True,True
33757,1.0,0.0,0.5,none,True,True
33758,1.0,0.0,0.5,none,True,True
33759,1.0,0.0,0.5,none,True,True
33760,1.0,0.0,0.5,none,True,True
33761,1.0,0.0,0.5,none,True,True
33762,1.0,0.0,0.5,none,True,True
33763,1.0,0.0,0.5,none,True,True
33764,1.0,0.0,0.5,none,True,True
33765,1.0,0.0,0.5,none,True,True
33766,1.0,0.0,0.5,none,True,True
33767,1.0,0.0,0.5,none,True,True
33768,1.0,0.0,0.5,none,True,True
33769,1.0,0.0,0.5,none,True,True
33770,1.0,0.0,0.5,none,True,True
33771,1.0,0.0,0.5,none,True,True
33772,1.0,0.0,0.5,none,True,True
33773,1.0,0.0,0.5,none,True,True
33774,1.0,0.0,0.5,none,True,True
33775,1.0,0.0,0.5,none,True,True
33776,1.0,0.0,0.5,none,True,True
33777,1.0,0.0,0.5,none,True,True
33778,1.0,0.0,0.5,none,True,True
33779,1.0,0.0,0.5,none,True,True
33780,1.0,0.0,0.5,none,True,True
33781,1.0,0.0,0.5,none,True,True
33782,1.0,0.0,0.5,none,True,True
33783,1.0,0.0,0.5,none,True,True
33784,1.0,0.0,0.5,none,True,True
33785,1.0,0.0,0.5,none,True,True
33786,1.0,0.0,0.5,none,True,True
33787,1.0,0.0,0.5,none,True,True
33788,1.0,0.0,0.5,none,True,True
33789,1.0,0.0,0.5,none,True,True
33790,1.0,0.0,0.5,none,True,True
33791,1.0,0.0,0.5,none,True,True
33792,1.0,0.0,0.5,none,True,True
33793,1.0,0.0,0.5,none,True,True
33794,1.0,0.0,0.5,none,True,True
33795,1.0,0.0,0.5,none,True,True
33796,1.0,0.0,0.5,none,True,True
33797,1.0,0.0,0.5,none,True,True
33798,1.0,0.0,0.5,none,True,True
33799,1.0,0.0,0.5,none,True,True
33800,1.0,0.0,0.5,none,True,True
33801,1.0,0.0,0.5,none,True,True
33802,1.0,0.0,0.5,none,True,True
33803,1.0,0.0,0.5,none,True,True
33804,1.0,0.0,0.5,none,True,True
33805,1.0,0.0,0.5,none,True,True
33806,1.0,0.0,0.5,none,True,True
33807,1.0,0.0,0.5,none,True,True
33808,1.0,0.0,0.5,none,True,True
33809,1.0,0.0,0.5,none,True,True
33810,1.0,0.0,0.5,none,True,True
33811,1.0,0.0,0.5,none,True,True
33812,1.0,0.0,0.5,none,True,True
33813,1.0,0.0,0.5,none,True,True
33814,1.0,0.0,0.5,none,True,True
33815,1.0,0.0,0.5,none,True,True
33816,1.0,0.0,0.5,none,True,True
33817,1.0,0.0,0.5,none,True,True
33818,1.0,0.0,0.5,none,True,True
33819,1.0,0.0,0.5,none,True,True
33820,1.0,0.0,0.5,none,True,True
33821,1.0,0.0,0.5,none,True,True
33822,1.0,0.0,0.5,none,True,True
33823,1.0,0.0,0.5,none,True,True
33824,1.0,0.0,0.5,none,True,True
33825,1.0,0.0,0.5,none,True,True
33826,1.0,0.0,0.5,none,True,True
33827,1.0,0.0,0.5,none,True,True
33828,1.0,0.0,0.5,none,True,True
33829,1.0,0.0,0.5,none,True,True
33830,1.0,0.0,0.5,none,True,True
33831,1.0,0.0,0.5,none,True,True
33832,1.0,0.0,0.5,none,True,True
33833,1.0,0.0,0.5,none,True,True
33834,1.0,0.0,0.5,none,True,True
33835,1.0,0.0,0.5,none,True,True
33836,1.0,0.0,0.5,none,True,True
33837,1.0,0.0,0.5,none,True,True
33838,1.0,0.0,0.5,none,True,True
33839,1.0,0.0,0.5,none,True,True
33840,1.0,0.0,0.5,none,True,True
33841,1.0,0.0,0.5,none,True,True
33842,1.0,0.0,0.5,none,True,True
33843,1.0,0.0,0.5,none,True,True
33844,1.0,0.0,0.5,none,True,True
33845,1.0,0.0,0.5,none,True,True
33846,1.0,0.0,0.5,none,True,True
33847,1.0,0.0,0.5,none,True,True
33848,1.0,0.0,0.5,none,True,True
33849,1.0,0.0,0.5,none,True,True
33850,1.0,0.0,0.5,none,True,True
33851,1.0,0.0,0.5,none,True,True
33852,1.0,0.0,0.5,none,True,True
33853,1.0,0.0,0.5,none,True,True
33854,1.0,0.0,0.5,none,True,True
33855,1.0,0.0,0.5,none,True,True
33856,1.0,0.0,0.5,none,True,True
33857,1.0,0.0,0.5,none,True,True
33858,1.0,0.0,0.5,none,True,True
33859,1.0,0.0,0.5,none,True,True
33860,1.0,0.0,0.5,none,True,True
33861,1.0,0.0,0.5,none,True,True
33862,1.0,0.0,0.5,none,True,True
33863,1.0,0.0,0.5,none,True,True
33864,1.0,0.0,0.5,none,True,True
33865,1.0,0.0,0.5,none,True,True
33866,1.0,0.0,0.5,none,True,True
33867,1.0,0.0,0.5,none,True,True
33868,1.0,0.0,0.5,none,True,True
33869,1.0,0.0,0.5,none,True,True
33870,1.0,0.0,0.5,none,True,True
33871,1.0,0.0,0.5,none,True,True
33872,1.0,0.0,0.5,none,True,True
33873,1.0,0.0,0.5,none,True,True
33874,1.0,0.0,0.5,none,True,True
33875,1.0,0.0,0.5,none,True,True
33876,1.0,0.0,0.5,none,True,True
33877,1.0,0.0,0.5,none,True,True
33878,1.0,0.0,0.5,none,True,True
33879,1.0,0.0,0.5,none,True,True
33880,1.0,0.0,0.5,none,True,True
33881,1.0,0.0,0.5,none,True,True
33882,1.0,0.0,0.5,none,True,True
33883,1.0,0.0,0.5,none,True,True
33884,1.0,0.0,0.5,none,True,True
33885,1.0,0.0,0.5,none,True,True
33886,1.0,0.0,0.5,none,True,True
33887,1.0,0.0,0.5,none,True,True
33888,1.0,0.0,0.5,none,True,True
33889,1.0,0.0,0.5,none,True,True
33890,1.0,0.0,0.5,none,True,True
33891,1.0,0.0,0.5,none,True,True
33892,1.0,0.0,0.5,none,True,True
33893,1.0,0.0,0.5,none,True,True
33894,1.0,0.0,0.5,none,True,True
33895,1.0,0.0,0.5,none,True,True
33896,1.0,0.0,0.5,none,True,True
33897,1.0,0.0,0.5,none,True,True
33898,1.0,0.0,0.5,none,True,True
33899,1.0,0.0,0.5,none,True,True
33900,1.0,0.0,0.5,none,True,True
33901,1.0,0.0,0.5,none,True,True
33902,1.0,0.0,0.5,none,True,True
33903,1.0,0.0,0.5,none,True,True
33904,1.0,0.0,0.5,none,True,True
33905,1.0,0.0,0.5,none,True,True
33906,1.0,0.0,0.5,none,True,True
33907,1.0,0.0,0.5,none,True,True
33908,1.0,0.0,0.5,none,True,True
33909,1.0,0.0,0.5,none,True,True
33910,1.0,0.0,0.5,none,True,True
33911,1.0,0.0,0.5,none,True,True
33912,1.0,0.0,0.5,none,True,True
33913,1.0,0.0,0.5,none,True,True
33914,1.0,0.0,0.5,none,True,True
33915,1.0,0.0,0.5,none,True,True
33916,1.0,0.0,0.5,none,True,True
33917,1.0,0.0,0.5,none,True,True
33918,1.0,0.0,0.5,none,True,True
33919,1.0,0.0,0.5,none,True,True
33920,1.0,0.0,0.5,none,True,True
33921,1.0,0.0,0.5,none,True,True
33922,1.0,0.0,0.5,none,True,True
33923,1.0,0.0,0.5,none,True,True
33924,1.0,0.0,0.5,none,True,True
33925,1.0,0.0,0.5,none,True,True
33926,1.0,0.0,0.5,none,True,True
33927,1.0,0.0,0.5,none,True,True
33928,1.0,0.0,0.5,none,True,True
33929,1.0,0.0,0.5,none,True,True
33930,1.0,0.0,0.5,none,True,True
33931,1.0,0.0,0.5,none,True,True
33932,1.0,0.0,0.5,none,True,True
33933,1.0,0.0,0.5,none,True,True
33934,1.0,0.0,0.5,none,True,True
33935,1.0,0.0,0.5,none,True,True
33936,1.0,0.0,0.5,none,True,True
33937,1.0,0.0,0.5,none,True,True
33938,1.0,0.0,0.5,none,True,True
33939,1.0,0.0,0.5,none,True,True
33940,1.0,0.0,0.5,none,True,True
33941,1.0,0.0,0.5,none,True,True
33942,1.0,0.0,0.5,none,True,True
33943,1.0,0.0,0.5,none,True,True
33944,1.0,0.0,0.5,none,True,True
33945,1.0,0.0,0.5,none,True,True
33946,1.0,0.0,0.5,none,True,True
33947,1.0,0.0,0.5,none,True,True
33948,1.0,0.0,0.5,none,True,True
33949,1.0,0.0,0.5,none,True,True
33950,1.0,0.0,0.5,none,True,True
33951,1.0,0.0,0.5,none,True,True
33952,1.0,0.0,0.5,none,True,True
33953,1.0,0.0,0.5,none,True,True
33954,1.0,0.0,0.5,none,True,True
33955,1.0,0.0,0.5,none,True,True
33956,1.0,0.0,0.5,none,True,True
33957,1.0,0.0,0.5,none,True,True
33958,1.0,0.0,0.5,none,True,True
33959,1.0,0.0,0.5,none,True,True
33960,1.0,0.0,0.5,none,True,True
33961,1.0,0.0,0.5,none,True,True
33962,1.0,0.0,0.5,none,True,True
33963,1.0,0.0,0.5,none,True,True
33964,1.0,0.0,0.5,none,True,True
33965,1.0,0.0,0.5,none,True,True
33966,1.0,0.0,0.5,none,True,True
33967,1.0,0.0,0.5,none,True,True
33968,1.0,0.0,0.5,none,True,True
33969,1.0,0.0,0.5,none,True,True
33970,1.0,0.0,0.5,none,True,True
33971,1.0,0.0,0.5,none,True,True
33972,1.0,0.0,0.5,none,True,True
33973,1.0,0.0,0.5,none,True,True
33974,1.0,0.0,0.5,none,True,True
33975,1.0,0.0,0.5,none,True,True
33976,1.0,0.0,0.5,none,True,True
33977,1.0,0.0,0.5,none,True,True
33978,1.0,0.0,0.5,none,True,True
33979,1.0,0.0,0.5,none,True,True
33980,1.0,0.0,0.5,none,True,True
33981,1.0,0.0,0.5,none,True,True
33982,1.0,0.0,0.5,none,True,True
33983,1.0,0.0,0.5,none,True,True
33984,1.0,0.0,0.5,none,True,True
33985,1.0,0.0,0.5,none,True,True
33986,1.0,0.0,0.5,none,True,True
33987,1.0,0.0,0.5,none,True,True
33988,1.0,0.0,0.5,none,True,True
33989,1.0,0.0,0.5,none,True,True
33990,1.0,0.0,0.5,none,True,True
33991,1.0,0.0,0.5,none,True,True
33992,1.0,0.0,0.5,none,True,True
33993,1.0,0.0,0.5,none,True,True
33994,1.0,0.0,0.5,none,True,True
33995,1.0,0.0,0.5,none,True,True
33996,1.0,0.0,0.5,none,True,True
33997,1.0,0.0,0.5,none,True,True
33998,1.0,0.0,0.5,none,True,True
33999,1.0,0.0,0.5,none,True,True
34000,1.0,0.0,0.5,none,True,True
34001,1.0,0.0,0.5,none,True,True
34002,1.0,0.0,0.5,none,True,True
34003,1.0,0.0,0.5,none,True,True
34004,1.0,0.0,0.5,none,True,True
34005,1.0,0.0,0.5,none,True,True
34006,1.0,0.0,0.5,none,True,True
34007,1.0,0.0,0.5,none,True,True
34008,1.0,0.0,0.5,none,True,True
34009,1.0,0.0,0.5,none,True,True
34010,1.0,0.0,0.5,none,True,True
34011,1.0,0.0,0.5,none,True,True
34012,1.0,0.0,0.5,none,True,True
34013,1.0,0.0,0.5,none,True,True
34014,1.0,0.0,0.5,none,True,True
34015,1.0,0.0,0.5,none,True,True
34016,1.0,0.0,0.5,none,True,True
34017,1.0,0.0,0.5,none,True,True
34018,1.0,0.0,0.5,none,True,True
34019,1.0,0.0,0.5,none,True,True
34020,1.0,0.0,0.5,none,True,True
34021,1.0,0.0,0.5,none,True,True
34022,1.0,0.0,0.5,none,True,True
34023,1.0,0.0,0.5,none,True,True
34024,1.0,0.0,0.5,none,True,True
34025,1.0,0.0,0.5,none,True,True
34026,1.0,0.0,0.5,none,True,True
34027,1.0,0.0,0.5,none,True,True
34028,1.0,0.0,0.5,none,True,True
34029,1.0,0.0,0.5,none,True,True
34030,1.0,0.0,0.5,none,True,True
34031,1.0,0.0,0.5,none,True,True
34032,1.0,0.0,0.5,none,True,True
34033,1.0,0.0,0.5,none,True,True
34034,1.0,0.0,0.5,none,True,True
34035,1.0,0.0,0.5,none,True,True
34036,1.0,0.0,0.5,none,True,True
34037,1.0,0.0,0.5,none,True,True
34038,1.0,0.0,0.5,none,True,True
34039,1.0,0.0,0.5,none,True,True
34040,1.0,0.0,0.5,none,True,True
34041,1.0,0.0,0.5,none,True,True
34042,1.0,0.0,0.5,none,True,True
34043,1.0,0.0,0.5,none,True,True
34044,1.0,0.0,0.5,none,True,True
34045,1.0,0.0,0.5,none,True,True
34046,1.0,0.0,0.5,none,True,True
34047,1.0,0.0,0.5,none,True,True
34048,1.0,0.0,0.5,none,True,True
34049,1.0,0.0,0.5,none,True,True
34050,1.0,0.0,0.5,none,True,True
34051,1.0,0.0,0.5,none,True,True
34052,1.0,0.0,0.5,none,True,True
34053,1.0,0.0,0.5,none,True,True
34054,1.0,0.0,0.5,none,True,True
34055,1.0,0.0,0.5,none,True,True
34056,1.0,0.0,0.5,none,True,True
34057,1.0,0.0,0.5,none,True,True
34058,1.0,0.0,0.5,none,True,True
34059,1.0,0.0,0.5,none,True,True
34060,1.0,0.0,0.5,none,True,True
34061,1.0,0.0,0.5,none,True,True
34062,1.0,0.0,0.5,none,True,True
34063,1.0,0.0,0.5,none,True,True
34064,1.0,0.0,0.5,none,True,True
34065,1.0,0.0,0.5,none,True,True
34066,1.0,0.0,0.5,none,True,True
34067,1.0,0.0,0.5,none,True,True
34068,1.0,0.0,0.5,none,True,True
34069,1.0,0.0,0.5,none,True,True
34070,1.0,0.0,0.5,none,True,True
34071,1.0,0.0,0.5,none,True,True
34072,1.0,0.0,0.5,none,True,True
34073,1.0,0.0,0.5,none,True,True
34074,1.0,0.0,0.5,none,True,True
34075,1.0,0.0,0.5,none,True,True
34076,1.0,0.0,0.5,none,True,True
34077,1.0,0.0,0.5,none,True,True
34078,1.0,0.0,0.5,none,True,True
34079,1.0,0.0,0.5,none,True,True
34080,1.0,0.0,0.5,none,True,True
34081,1.0,0.0,0.5,none,True,True
34082,1.0,0.0,0.5,none,True,True
34083,1.0,0.0,0.5,none,True,True
34084,1.0,0.0,0.5,none,True,True
34085,1.0,0.0,0.5,none,True,True
34086,1.0,0.0,0.5,none,True,True
34087,1.0,0.0,0.5,none,True,True
34088,1.0,0.0,0.5,none,True,True
34089,1.0,0.0,0.5,none,True,True
34090,1.0,0.0,0.5,none,True,True
34091,1.0,0.0,0.5,none,True,True
34092,1.0,0.0,0.5,none,True,True
34093,1.0,0.0,0.5,none,True,True
34094,1.0,0.0,0.5,none,True,True
34095,1.0,0.0,0.5,none,True,True
34096,1.0,0.0,0.5,none,True,True
34097,1.0,0.0,0.5,none,True,True
34098,1.0,0.0,0.5,none,True,True
34099,1.0,0.0,0.5,none,True,True
34100,1.0,0.0,0.5,none,True,True
34101,1.0,0.0,0.5,none,True,True
34102,1.0,0.0,0.5,none,True,True
34103,1.0,0.0,0.5,none,True,True
34104,1.0,0.0,0.5,none,True,True
34105,1.0,0.0,0.5,none,True,True
34106,1.0,0.0,0.5,none,True,True
34107,1.0,0.0,0.5,none,True,True
34108,1.0,0.0,0.5,none,True,True
34109,1.0,0.0,0.5,none,True,True
34110,1.0,0.0,0.5,none,True,True
34111,1.0,0.0,0.5,none,True,True
34112,1.0,0.0,0.5,none,True,True
34113,1.0,0.0,0.5,none,True,True
34114,1.0,0.0,0.5,none,True,True
34115,1.0,0.0,0.5,none,True,True
34116,1.0,0.0,0.5,none,True,True
34117,1.0,0.0,0.5,none,True,True
34118,1.0,0.0,0.5,none,True,True
34119,1.0,0.0,0.5,none,True,True
34120,1.0,0.0,0.5,none,True,True
34121,1.0,0.0,0.5,none,True,True
34122,1.0,0.0,0.5,none,True,True
34123,1.0,0.0,0.5,none,True,True
34124,1.0,0.0,0.5,none,True,True
34125,1.0,0.0,0.5,none,True,True
34126,1.0,0.0,0.5,none,True,True
34127,1.0,0.0,0.5,none,True,True
34128,1.0,0.0,0.5,none,True,True
34129,1.0,0.0,0.5,none,True,True
34130,1.0,0.0,0.5,none,True,True
34131,1.0,0.0,0.5,none,True,True
34132,1.0,0.0,0.5,none,True,True
34133,1.0,0.0,0.5,none,True,True
34134,1.0,0.0,0.5,none,True,True
34135,1.0,0.0,0.5,none,True,True
34136,1.0,0.0,0.5,none,True,True
34137,1.0,0.0,0.5,none,True,True
34138,1.0,0.0,0.5,none,True,True
34139,1.0,0.0,0.5,none,True,True
34140,1.0,0.0,0.5,none,True,True
34141,1.0,0.0,0.5,none,True,True
34142,1.0,0.0,0.5,none,True,True
34143,1.0,0.0,0.5,none,True,True
34144,1.0,0.0,0.5,none,True,True
34145,1.0,0.0,0.5,none,True,True
34146,1.0,0.0,0.5,none,True,True
34147,1.0,0.0,0.5,none,True,True
34148,1.0,0.0,0.5,none,True,True
34149,1.0,0.0,0.5,none,True,True
34150,1.0,0.0,0.5,none,True,True
34151,1.0,0.0,0.5,none,True,True
34152,1.0,0.0,0.5,none,True,True
34153,1.0,0.0,0.5,none,True,True
34154,1.0,0.0,0.5,none,True,True
34155,1.0,0.0,0.5,none,True,True
34156,1.0,0.0,0.5,none,True,True
34157,1.0,0.0,0.5,none,True,True
34158,1.0,0.0,0.5,none,True,True
34159,1.0,0.0,0.5,none,True,True
34160,1.0,0.0,0.5,none,True,True
34161,1.0,0.0,0.5,none,True,True
34162,1.0,0.0,0.5,none,True,True
34163,1.0,0.0,0.5,none,True,True
34164,1.0,0.0,0.5,none,True,True
34165,1.0,0.0,0.5,none,True,True
34166,1.0,0.0,0.5,none,True,True
34167,1.0,0.0,0.5,none,True,True
34168,1.0,0.0,0.5,none,True,True
34169,1.0,0.0,0.5,none,True,True
34170,1.0,0.0,0.5,none,True,True
34171,1.0,0.0,0.5,none,True,True
34172,1.0,0.0,0.5,none,True,True
34173,1.0,0.0,0.5,none,True,True
34174,1.0,0.0,0.5,none,True,True
34175,1.0,0.0,0.5,none,True,True
34176,1.0,0.0,0.5,none,True,True
34177,1.0,0.0,0.5,none,True,True
34178,1.0,0.0,0.5,none,True,True
34179,1.0,0.0,0.5,none,True,True
34180,1.0,0.0,0.5,none,True,True
34181,1.0,0.0,0.5,none,True,True
34182,1.0,0.0,0.5,none,True,True
34183,1.0,0.0,0.5,none,True,True
34184,1.0,0.0,0.5,none,True,True
34185,1.0,0.0,0.5,none,True,True
34186,1.0,0.0,0.5,none,True,True
34187,1.0,0.0,0.5,none,True,True
34188,1.0,0.0,0.5,none,True,True
34189,1.0,0.0,0.5,none,True,True
34190,1.0,0.0,0.5,none,True,True
34191,1.0,0.0,0.5,none,True,True
34192,1.0,0.0,0.5,none,True,True
34193,1.0,0.0,0.5,none,True,True
34194,1.0,0.0,0.5,none,True,True
34195,1.0,0.0,0.5,none,True,True
34196,1.0,0.0,0.5,none,True,True
34197,1.0,0.0,0.5,none,True,True
34198,1.0,0.0,0.5,none,True,True
34199,1.0,0.0,0.5,none,True,True
34200,1.0,0.0,0.5,none,True,True
34201,1.0,0.0,0.5,none,True,True
34202,1.0,0.0,0.5,none,True,True
34203,1.0,0.0,0.5,none,True,True
34204,1.0,0.0,0.5,none,True,True
34205,1.0,0.0,0.5,none,True,True
34206,1.0,0.0,0.5,none,True,True
34207,1.0,0.0,0.5,none,True,True
34208,1.0,0.0,0.5,none,True,True
34209,1.0,0.0,0.5,none,True,True
34210,1.0,0.0,0.5,none,True,True
34211,1.0,0.0,0.5,none,True,True
34212,1.0,0.0,0.5,none,True,True
34213,1.0,0.0,0.5,none,True,True
34214,1.0,0.0,0.5,none,True,True
34215,1.0,0.0,0.5,none,True,True
34216,1.0,0.0,0.5,none,True,True
34217,1.0,0.0,0.5,none,True,True
34218,1.0,0.0,0.5,none,True,True
34219,1.0,0.0,0.5,none,True,True
34220,1.0,0.0,0.5,none,True,True
34221,1.0,0.0,0.5,none,True,True
34222,1.0,0.0,0.5,none,True,True
34223,1.0,0.0,0.5,none,True,True
34224,1.0,0.0,0.5,none,True,True
34225,1.0,0.0,0.5,none,True,True
34226,1.0,0.0,0.5,none,True,True
34227,1.0,0.0,0.5,none,True,True
34228,1.0,0.0,0.5,none,True,True
34229,1.0,0.0,0.5,none,True,True
34230,1.0,0.0,0.5,none,True,True
34231,1.0,0.0,0.5,none,True,True
34232,1.0,0.0,0.5,none,True,True
34233,1.0,0.0,0.5,none,True,True
34234,1.0,0.0,0.5,none,True,True
34235,1.0,0.0,0.5,none,True,True
34236,1.0,0.0,0.5,none,True,True
34237,1.0,0.0,0.5,none,True,True
34238,1.0,0.0,0.5,none,True,True
34239,1.0,0.0,0.5,none,True,True
34240,1.0,0.0,0.5,none,True,True
34241,1.0,0.0,0.5,none,True,True
34242,1.0,0.0,0.5,none,True,True
34243,1.0,0.0,0.5,none,True,True
34244,1.0,0.0,0.5,none,True,True
34245,1.0,0.0,0.5,none,True,True
34246,1.0,0.0,0.5,none,True,True
34247,1.0,0.0,0.5,none,True,True
34248,1.0,0.0,0.5,none,True,True
34249,1.0,0.0,0.5,none,True,True
34250,1.0,0.0,0.5,none,True,True
34251,1.0,0.0,0.5,none,True,True
34252,1.0,0.0,0.5,none,True,True
34253,1.0,0.0,0.5,none,True,True
34254,1.0,0.0,0.5,none,True,True
34255,1.0,0.0,0.5,none,True,True
34256,1.0,0.0,0.5,none,True,True
34257,1.0,0.0,0.5,none,True,True
34258,1.0,0.0,0.5,none,True,True
34259,1.0,0.0,0.5,none,True,True
34260,1.0,0.0,0.5,none,True,True
34261,1.0,0.0,0.5,none,True,True
34262,1.0,0.0,0.5,none,True,True
34263,1.0,0.0,0.5,none,True,True
34264,1.0,0.0,0.5,none,True,True
34265,1.0,0.0,0.5,none,True,True
34266,1.0,0.0,0.5,none,True,True
34267,1.0,0.0,0.5,none,True,True
34268,1.0,0.0,0.5,none,True,True
34269,1.0,0.0,0.5,none,True,True
34270,1.0,0.0,0.5,none,True,True
34271,1.0,0.0,0.5,none,True,True
34272,1.0,0.0,0.5,none,True,True
34273,1.0,0.0,0.5,none,True,True
34274,1.0,0.0,0.5,none,True,True
34275,1.0,0.0,0.5,none,True,True
34276,1.0,0.0,0.5,none,True,True
34277,1.0,0.0,0.5,none,True,True
34278,1.0,0.0,0.5,none,True,True
34279,1.0,0.0,0.5,none,True,True
34280,1.0,0.0,0.5,none,True,True
34281,1.0,0.0,0.5,none,True,True
34282,1.0,0.0,0.5,none,True,True
34283,1.0,0.0,0.5,none,True,True
34284,1.0,0.0,0.5,none,True,True
34285,1.0,0.0,0.5,none,True,True
34286,1.0,0.0,0.5,none,True,True
34287,1.0,0.0,0.5,none,True,True
34288,1.0,0.0,0.5,none,True,True
34289,1.0,0.0,0.5,none,True,True
34290,1.0,0.0,0.5,none,True,True
34291,1.0,0.0,0.5,none,True,True
34292,1.0,0.0,0.5,none,True,True
34293,1.0,0.0,0.5,none,True,True
34294,1.0,0.0,0.5,none,True,True
34295,1.0,0.0,0.5,none,True,True
34296,1.0,0.0,0.5,none,True,True
34297,1.0,0.0,0.5,none,True,True
34298,1.0,0.0,0.5,none,True,True
34299,1.0,0.0,0.5,none,True,True
34300,1.0,0.0061,0.5,none,True,True
34301,1.0,0.0357,0.5,none,True,True
34302,1.0,0.0812,0.5,none,True,True
34303,1.0,0.1113,0.5,none,True,True
34304,1.0,0.1253,0.5,none,True,True
34305,1.0,0.1408,0.5,none,True,True
34306,1.0,0.0907,0.5,none,True,True
34307,1.0,0.1198,0.5,none,True,True
34308,1.0,0.0467,0.5,none,True,True
34309,1.0,0.0522,0.5,none,True,True
34310,1.0,0.0405,0.5,none,True,True
34311,1.0,0.0313,0.5,none,True,True
34312,1.0,0.0083,0.5,none,True,True
34313,1.0,0.0726,0.5,none,True,True
34314,1.0,0.0793,0.5,none,True,True
34315,1.0,0.0581,0.5,none,True,True
34316,1.0,0.0955,0.5,none,True,True
34317,1.0,0.0839,0.5,none,True,True
34318,1.0,0.0648,0.5,none,True,True
34319,1.0,0.0718,0.5,none,True,True
34320,1.0,0.0589,0.5,none,True,True
34321,1.0,0.0403,0.5,none,True,True
34322,1.0,0.0327,0.5,none,True,True
34323,1.0,0.0277,0.5,none,True,True
34324,1.0,0.017,0.5,none,True,True
34325,1.0,0.0102,0.5,none,True,True
34326,1.0,0.0099,0.5,none,True,True
34327,1.0,0.008,0.5,none,True,True
34328,1.0,0.005,0.5,none,True,True
34329,1.0,0.0063,0.5,none,True,True
34330,1.0,0.009,0.5,none,True,True
34331,1.0,0.0096,0.5,none,True,True
34332,1.0,0.0108,0.5,none,True,True
34333,1.0,0.014,0.5,none,True,True
34334,1.0,0.0161,0.5,none,True,True
34335,1.0,0.0167,0.5,none,True,True
34336,1.0,0.0182,0.5,none,True,True
34337,1.0,0.0196,0.5,none,True,True
34338,1.0,0.0197,0.5,none,True,True
34339,1.0,0.0193,0.5,none,True,True
34340,1.0,0.0193,0.5,none,True,True
34341,1.0,0.0187,0.5,none,True,True
34342,1.0,0.0174,0.5,none,True,True
34343,1.0,0.0163,0.5,none,True,True
34344,1.0,0.0152,0.5,none,True,True
34345,1.0,0.0138,0.5,none,True,True
34346,1.0,0.0123,0.5,none,True,True
34347,1.0,0.0111,0.5,none,True,True
34348,1.0,0.01,0.5,none,True,True
34349,1.0,0.0088,0.5,none,True,True
34350,1.0,0.0078,0.5,none,True,True
34351,1.0,0.0071,0.5,none,True,True
34352,1.0,0.0064,0.5,none,True,True
34353,1.0,0.0057,0.5,none,True,True
34354,1.0,0.0053,0.5,none,True,True
34355,1.0,0.005,0.5,none,True,True
34356,1.0,0.0047,0.5,none,True,True
34357,1.0,0.0045,0.5,none,True,True
34358,1.0,0.0044,0.5,none,True,True
34359,1.0,0.0043,0.5,none,True,True
34360,1.0,0.0042,0.5,none,True,True
34361,1.0,0.0041,0.5,none,True,True
34362,1.0,0.004,0.5,none,True,True
34363,1.0,0.0039,0.5,none,True,True
34364,1.0,0.0038,0.5,none,True,True
34365,1.0,0.0037,0.5,none,True,True
34366,1.0,0.0035,0.5,none,True,True
34367,1.0,0.0033,0.5,none,True,True
34368,1.0,0.0032,0.5,none,True,True
34369,1.0,0.003,0.5,none,True,True
34370,1.0,0.0028,0.5,none,True,True
34371,1.0,0.0026,0.5,none,True,True
34372,1.0,0.0024,0.5,none,True,True
34373,1.0,0.0023,0.5,none,True,True
34374,1.0,0.0021,0.5,none,True,True
34375,1.0,0.0019,0.5,none,True,True
34376,1.0,0.0018,0.5,none,True,True
34377,1.0,0.0017,0.5,none,True,True
34378,1.0,0.0015,0.5,none,True,True
34379,1.0,0.0014,0.5,none,True,True
34380,1.0,0.0013,0.5,none,True,True
34381,1.0,0.0013,0.5,none,True,True
34382,1.0,0.0012,0.5,none,True,True
34383,1.0,0.0011,0.5,none,True,True
34384,1.0,0.0011,0.5,none,True,True
34385,1.0,0.001,0.5,none,True,True
34386,1.0,0.001,0.5,none,True,True
34387,1.0,0.0009,0.5,none,True,True
34388,1.0,0.0009,0.5,none,True,True
34389,1.0,0.0008,0.5,none,True,True
34390,1.0,0.0008,0.5,none,True,True
34391,1.0,0.0008,0.5,none,True,True
34392,1.0,0.0007,0.5,none,True,True
34393,1.0,0.0007,0.5,none,True,True
34394,1.0,0.0006,0.5,none,True,True
34395,1.0,0.0006,0.5,none,True,True
34396,1.0,0.0006,0.5,none,True,True
34397,1.0,0.0005,0.5,none,True,True
34398,1.0,0.0005,0.5,none,True,True
34399,1.0,0.0005,0.5,none,True,True
34400,1.0,0.0004,0.5,none,True,True
34401,1.0,0.0004,0.5,none,True,True
34402,1.0,0.0004,0.5,none,True,True
34403,1.0,0.0004,0.5,none,True,True
34404,1.0,0.0003,0.5,none,True,True
34405,1.0,0.0003,0.5,none,True,True
34406,1.0,0.0003,0.5,none,True,True
34407,1.0,0.0003,0.5,none,True,True
34408,1.0,0.0003,0.5,none,True,True
34409,1.0,0.0003,0.5,none,True,True
34410,1.0,0.0002,0.5,none,True,True
34411,1.0,0.0002,0.5,none,True,True
34412,1.0,0.0002,0.5,none,True,True
34413,1.0,0.0002,0.5,none,True,True
34414,1.0,0.0002,0.5,none,True,True
34415,1.0,0.0002,0.5,none,True,True
34416,1.0,0.0002,0.5,none,True,True
34417,1.0,0.0002,0.5,none,True,True
34418,1.0,0.0002,0.5,none,True,True
34419,1.0,0.0001,0.5,none,True,True
34420,1.0,0.0001,0.5,none,True,True
34421,1.0,0.0001,0.5,none,True,True
34422,1.0,0.0001,0.5,none,True,True
34423,1.0,0.0001,0.5,none,True,True
34424,1.0,0.0001,0.5,none,True,True
34425,1.0,0.0001,0.5,none,True,True
34426,1.0,0.0001,0.5,none,True,True
34427,1.0,0.0001,0.5,none,True,True
34428,1.0,0.0001,0.5,none,True,True
34429,1.0,0.0001,0.5,none,True,True
34430,1.0,0.0001,0.5,none,True,True
34431,1.0,0.0001,0.5,none,True,True
34432,1.0,0.0001,0.5,none,True,True
34433,1.0,0.0001,0.5,none,True,True
34434,1.0,0.0001,0.5,none,True,True
34435,1.0,0.0001,0.5,none,True,True
34436,1.0,0.0001,0.5,none,True,True
34437,1.0,0.0,0.5,none,True,True
34438,1.0,0.0,0.5,none,True,True
34439,1.0,0.0,0.5,none,True,True
34440,1.0,0.0,0.5,none,True,True
34441,1.0,0.0,0.5,none,True,True
34442,1.0,0.0,0.5,none,True,True
34443,1.0,0.0,0.5,none,True,True
34444,1.0,0.0,0.5,none,True,True
34445,1.0,0.0,0.5,none,True,True
34446,1.0,0.0,0.5,none,True,True
34447,1.0,0.0,0.5,none,True,True
34448,1.0,0.0,0.5,none,True,True
34449,1.0,0.0,0.5,none,True,True
34450,1.0,0.0,0.5,none,True,True
34451,1.0,0.0,0.5,none,True,True
34452,1.0,0.0,0.5,none,True,True
34453,1.0,0.0,0.5,none,True,True
34454,1.0,0.0,0.5,none,True,True
34455,1.0,0.0,0.5,none,True,True
34456,1.0,0.0,0.5,none,True,True
34457,1.0,0.0,0.5,none,True,True
34458,1.0,0.0,0.5,none,True,True
34459,1.0,0.0,0.5,none,True,True
34460,1.0,0.0,0.5,none,True,True
34461,1.0,0.0,0.5,none,True,True
34462,1.0,0.0,0.5,none,True,True
34463,1.0,0.0,0.5,none,True,True
34464,1.0,0.0,0.5,none,True,True
34465,1.0,0.0,0.5,none,True,True
34466,1.0,0.0,0.5,none,True,True
34467,1.0,0.0,0.5,none,True,True
34468,1.0,0.0,0.5,none,True,True
34469,1.0,0.0,0.5,none,True,True
34470,1.0,0.0,0.5,none,True,True
34471,1.0,0.0,0.5,none,True,True
34472,1.0,0.0,0.5,none,True,True
34473,1.0,0.0,0.5,none,True,True
34474,1.0,0.0,0.5,none,True,True
34475,1.0,0.0,0.5,none,True,True
34476,1.0,0.0,0.5,none,True,True
34477,1.0,0.0,0.5,none,True,True
34478,1.0,0.0,0.5,none,True,True
34479,1.0,0.0,0.5,none,True,True
34480,1.0,0.0,0.5,none,True,True
34481,1.0,0.0,0.5,none,True,True
34482,1.0,0.0,0.5,none,True,True
34483,1.0,0.0,0.5,none,True,True
34484,1.0,0.0,0.5,none,True,True
34485,1.0,0.0,0.5,none,True,True
34486,1.0,0.0,0.5,none,True,True
34487,1.0,0.0,0.5,none,True,True
34488,1.0,0.0,0.5,none,True,True
34489,1.0,0.0,0.5,none,True,True
34490,1.0,0.0,0.5,none,True,True
34491,1.0,0.0,0.5,none,True,True
34492,1.0,0.0,0.5,none,True,True
34493,1.0,0.0,0.5,none,True,True
34494,1.0,0.0,0.5,none,True,True
34495,1.0,0.0,0.5,none,True,True
34496,1.0,0.0,0.5,none,True,True
34497,1.0,0.0,0.5,none,True,True
34498,1.0,0.0,0.5,none,True,True
34499,1.0,0.0,0.5,none,True,True
34500,1.0,0.0,0.5,none,True,True
34501,1.0,0.0,0.5,none,True,True
34502,1.0,0.0,0.5,none,True,True
34503,1.0,0.0,0.5,none,True,True
34504,1.0,0.0,0.5,none,True,True
34505,1.0,0.0,0.5,none,True,True
34506,1.0,0.0,0.5,none,True,True
34507,1.0,0.0,0.5,none,True,True
34508,1.0,0.0,0.5,none,True,True
34509,1.0,0.0,0.5,none,True,True
34510,1.0,0.0,0.5,none,True,True
34511,1.0,0.0,0.5,none,True,True
34512,1.0,0.0,0.5,none,True,True
34513,1.0,0.0,0.5,none,True,True
34514,1.0,0.0,0.5,none,True,True
34515,1.0,0.0,0.5,none,True,True
34516,1.0,0.0,0.5,none,True,True
34517,1.0,0.0,0.5,none,True,True
34518,1.0,0.0,0.5,none,True,True
34519,1.0,0.0,0.5,none,True,True
34520,1.0,0.0,0.5,none,True,True
34521,1.0,0.0,0.5,none,True,True
34522,1.0,0.0,0.5,none,True,True
34523,1.0,0.0,0.5,none,True,True
34524,1.0,0.0,0.5,none,True,True
34525,1.0,0.0,0.5,none,True,True
34526,1.0,0.0,0.5,none,True,True
34527,1.0,0.0,0.5,none,True,True
34528,1.0,0.0,0.5,none,True,True
34529,1.0,0.0,0.5,none,True,True
34530,1.0,0.0,0.5,none,True,True
34531,1.0,0.0,0.5,none,True,True
34532,1.0,0.0,0.5,none,True,True
34533,1.0,0.0,0.5,none,True,True
34534,1.0,0.0,0.5,none,True,True
34535,1.0,0.0,0.5,none,True,True
34536,1.0,0.0,0.5,none,True,True
34537,1.0,0.0,0.5,none,True,True
34538,1.0,0.0,0.5,none,True,True
34539,1.0,0.0,0.5,none,True,True
34540,1.0,0.0,0.5,none,True,True
34541,1.0,0.0,0.5,none,True,True
34542,1.0,0.0,0.5,none,True,True
34543,1.0,0.0,0.5,none,True,True
34544,1.0,0.0,0.5,none,True,True
34545,1.0,0.0,0.5,none,True,True
34546,1.0,0.0,0.5,none,True,True
34547,1.0,0.0,0.5,none,True,True
34548,1.0,0.0,0.5,none,True,True
34549,1.0,0.0,0.5,none,True,True
34550,1.0,0.0,0.5,none,True,True
34551,1.0,0.0,0.5,none,True,True
34552,1.0,0.0,0.5,none,True,True
34553,1.0,0.0,0.5,none,True,True
34554,1.0,0.0,0.5,none,True,True
34555,1.0,0.0,0.5,none,True,True
34556,1.0,0.0,0.5,none,True,True
34557,1.0,0.0,0.5,none,True,True
34558,1.0,0.0,0.5,none,True,True
34559,1.0,0.0,0.5,none,True,True
34560,1.0,0.0,0.5,none,True,True
34561,1.0,0.0,0.5,none,True,True
34562,1.0,0.0,0.5,none,True,True
34563,1.0,0.0,0.5,none,True,True
34564,1.0,0.0,0.5,none,True,True
34565,1.0,0.0,0.5,none,True,True
34566,1.0,0.0,0.5,none,True,True
34567,1.0,0.0,0.5,none,True,True
34568,1.0,0.0,0.5,none,True,True
34569,1.0,0.0,0.5,none,True,True
34570,1.0,0.0,0.5,none,True,True
34571,1.0,0.0,0.5,none,True,True
34572,1.0,0.0,0.5,none,True,True
34573,1.0,0.0,0.5,none,True,True
34574,1.0,0.0,0.5,none,True,True
34575,1.0,0.0,0.5,none,True,True
34576,1.0,0.0,0.5,none,True,True
34577,1.0,0.0,0.5,none,True,True
34578,1.0,0.0,0.5,none,True,True
34579,1.0,0.0,0.5,none,True,True
34580,1.0,0.0,0.5,none,True,True
34581,1.0,0.0,0.5,none,True,True
34582,1.0,0.0,0.5,none,True,True
34583,1.0,0.0,0.5,none,True,True
34584,1.0,0.0,0.5,none,True,True
34585,1.0,0.0,0.5,none,True,True
34586,1.0,0.0,0.5,none,True,True
34587,1.0,0.0,0.5,none,True,True
34588,1.0,0.0,0.5,none,True,True
34589,1.0,0.0,0.5,none,True,True
34590,1.0,0.0,0.5,none,True,True
34591,1.0,0.0,0.5,none,True,True
34592,1.0,0.0,0.5,none,True,True
34593,1.0,0.0,0.5,none,True,True
34594,1.0,0.0,0.5,none,True,True
34595,1.0,0.0,0.5,none,True,True
34596,1.0,0.0,0.5,none,True,True
34597,1.0,0.0,0.5,none,True,True
34598,1.0,0.0,0.5,none,True,True
34599,1.0,0.0,0.5,none,True,True
34600,1.0,0.0,0.5,none,True,True
34601,1.0,0.0,0.5,none,True,True
34602,1.0,0.0,0.5,none,True,True
34603,1.0,0.0,0.5,none,True,True
34604,1.0,0.0,0.5,none,True,True
34605,1.0,0.0,0.5,none,True,True
34606,1.0,0.0,0.5,none,True,True
34607,1.0,0.0,0.5,none,True,True
34608,1.0,0.0,0.5,none,True,True
34609,1.0,0.0,0.5,none,True,True
34610,1.0,0.0,0.5,none,True,True
34611,1.0,0.0,0.5,none,True,True
34612,1.0,0.0,0.5,none,True,True
34613,1.0,0.0,0.5,none,True,True
34614,1.0,0.0,0.5,none,True,True
34615,1.0,0.0,0.5,none,True,True
34616,1.0,0.0,0.5,none,True,True
34617,1.0,0.0,0.5,none,True,True
34618,1.0,0.0,0.5,none,True,True
34619,1.0,0.0,0.5,none,True,True
34620,1.0,0.0,0.5,none,True,True
34621,1.0,0.0,0.5,none,True,True
34622,1.0,0.0,0.5,none,True,True
34623,1.0,0.0,0.5,none,True,True
34624,1.0,0.0,0.5,none,True,True
34625,1.0,0.0,0.5,none,True,True
34626,1.0,0.0,0.5,none,True,True
34627,1.0,0.0,0.5,none,True,True
34628,1.0,0.0,0.5,none,True,True
34629,1.0,0.0,0.5,none,True,True
34630,1.0,0.0,0.5,none,True,True
34631,1.0,0.0,0.5,none,True,True
34632,1.0,0.0,0.5,none,True,True
34633,1.0,0.0,0.5,none,True,True
34634,1.0,0.0,0.5,none,True,True
34635,1.0,0.0,0.5,none,True,True
34636,1.0,0.0,0.5,none,True,True
34637,1.0,0.0,0.5,none,True,True
34638,1.0,0.0,0.5,none,True,True
34639,1.0,0.0,0.5,none,True,True
34640,1.0,0.0,0.5,none,True,True
34641,1.0,0.0,0.5,none,True,True
34642,1.0,0.0,0.5,none,True,True
34643,1.0,0.0,0.5,none,True,True
34644,1.0,0.0,0.5,none,True,True
34645,1.0,0.0,0.5,none,True,True
34646,1.0,0.0,0.5,none,True,True
34647,1.0,0.0,0.5,none,True,True
34648,1.0,0.0,0.5,none,True,True
34649,1.0,0.0,0.5,none,True,True
34650,1.0,0.0,0.5,none,True,True
34651,1.0,0.0,0.5,none,True,True
34652,1.0,0.0,0.5,none,True,True
34653,1.0,0.0,0.5,none,True,True
34654,1.0,0.0,0.5,none,True,True
34655,1.0,0.0,0.5,none,True,True
34656,1.0,0.0,0.5,none,True,True
34657,1.0,0.0,0.5,none,True,True
34658,1.0,0.0,0.5,none,True,True
34659,1.0,0.0,0.5,none,True,True
34660,1.0,0.0,0.5,none,True,True
34661,1.0,0.0,0.5,none,True,True
34662,1.0,0.0,0.5,none,True,True
34663,1.0,0.0,0.5,none,True,True
34664,1.0,0.0,0.5,none,True,True
34665,1.0,0.0,0.5,none,True,True
34666,1.0,0.0,0.5,none,True,True
34667,1.0,0.0,0.5,none,True,True
34668,1.0,0.0,0.5,none,True,True
34669,1.0,0.0,0.5,none,True,True
34670,1.0,0.0,0.5,none,True,True
34671,1.0,0.0,0.5,none,True,True
34672,1.0,0.0,0.5,none,True,True
34673,1.0,0.0,0.5,none,True,True
34674,1.0,0.0,0.5,none,True,True
34675,1.0,0.0,0.5,none,True,True
34676,1.0,0.0,0.5,none,True,True
34677,1.0,0.0,0.5,none,True,True
34678,1.0,0.0,0.5,none,True,True
34679,1.0,0.0,0.5,none,True,True
34680,1.0,0.0,0.5,none,True,True
34681,1.0,0.0,0.5,none,True,True
34682,1.0,0.0,0.5,none,True,True
34683,1.0,0.0,0.5,none,True,True
34684,1.0,0.0,0.5,none,True,True
34685,1.0,0.0,0.5,none,True,True
34686,1.0,0.0,0.5,none,True,True
34687,1.0,0.0,0.5,none,True,True
34688,1.0,0.0,0.5,none,True,True
34689,1.0,0.0,0.5,none,True,True
34690,1.0,0.0,0.5,none,True,True
34691,1.0,0.0,0.5,none,True,True
34692,1.0,0.0,0.5,none,True,True
34693,1.0,0.0,0.5,none,True,True
34694,1.0,0.0,0.5,none,True,True
34695,1.0,0.0,0.5,none,True,True
34696,1.0,0.0,0.5,none,True,True
34697,1.0,0.0,0.5,none,True,True
34698,1.0,0.0,0.5,none,True,True
34699,1.0,0.0,0.5,none,True,True
34700,1.0,0.0,0.5,none,True,True
34701,1.0,0.0,0.5,none,True,True
34702,1.0,0.0,0.5,none,True,True
34703,1.0,0.0,0.5,none,True,True
34704,1.0,0.0,0.5,none,True,True
34705,1.0,0.0,0.5,none,True,True
34706,1.0,0.0,0.5,none,True,True
34707,1.0,0.0,0.5,none,True,True
34708,1.0,0.0,0.5,none,True,True
34709,1.0,0.0,0.5,none,True,True
34710,1.0,0.0,0.5,none,True,True
34711,1.0,0.0,0.5,none,True,True
34712,1.0,0.0,0.5,none,True,True
34713,1.0,0.0,0.5,none,True,True
34714,1.0,0.0,0.5,none,True,True
34715,1.0,0.0,0.5,none,True,True
34716,1.0,0.0,0.5,none,True,True
34717,1.0,0.0,0.5,none,True,True
34718,1.0,0.0,0.5,none,True,True
34719,1.0,0.0,0.5,none,True,True
34720,1.0,0.0,0.5,none,True,True
34721,1.0,0.0,0.5,none,True,True
34722,1.0,0.0,0.5,none,True,True
34723,1.0,0.0,0.5,none,True,True
34724,1.0,0.0,0.5,none,True,True
34725,1.0,0.0,0.5,none,True,True
34726,1.0,0.0,0.5,none,True,True
34727,1.0,0.0,0.5,none,True,True
34728,1.0,0.0,0.5,none,True,True
34729,1.0,0.0,0.5,none,True,True
34730,1.0,0.0,0.5,none,True,True
34731,1.0,0.0,0.5,none,True,True
34732,1.0,0.0,0.5,none,True,True
34733,1.0,0.0,0.5,none,True,True
34734,1.0,0.0,0.5,none,True,True
34735,1.0,0.0,0.5,none,True,True
34736,1.0,0.0,0.5,none,True,True
34737,1.0,0.0,0.5,none,True,True
34738,1.0,0.0,0.5,none,True,True
34739,1.0,0.0,0.5,none,True,True
34740,1.0,0.0,0.5,none,True,True
34741,1.0,0.0,0.5,none,True,True
34742,1.0,0.0,0.5,none,True,True
34743,1.0,0.0,0.5,none,True,True
34744,1.0,0.0,0.5,none,True,True
34745,1.0,0.0,0.5,none,True,True
34746,1.0,0.0,0.5,none,True,True
34747,1.0,0.0,0.5,none,True,True
34748,1.0,0.0,0.5,none,True,True
34749,1.0,0.0,0.5,none,True,True
34750,1.0,0.0,0.5,none,True,True
34751,1.0,0.0,0.5,none,True,True
34752,1.0,0.0,0.5,none,True,True
34753,1.0,0.0,0.5,none,True,True
34754,1.0,0.0,0.5,none,True,True
34755,1.0,0.0,0.5,none,True,True
34756,1.0,0.0,0.5,none,True,True
34757,1.0,0.0,0.5,none,True,True
34758,1.0,0.0,0.5,none,True,True
34759,1.0,0.0,0.5,none,True,True
34760,1.0,0.0,0.5,none,True,True
34761,1.0,0.0,0.5,none,True,True
34762,1.0,0.0,0.5,none,True,True
34763,1.0,0.0,0.5,none,True,True
34764,1.0,0.0,0.5,none,True,True
34765,1.0,0.0,0.5,none,True,True
34766,1.0,0.0,0.5,none,True,True
34767,1.0,0.0,0.5,none,True,True
34768,1.0,0.0,0.5,none,True,True
34769,1.0,0.0,0.5,none,True,True
34770,1.0,0.0,0.5,none,True,True
34771,1.0,0.0,0.5,none,True,True
34772,1.0,0.0,0.5,none,True,True
34773,1.0,0.0,0.5,none,True,True
34774,1.0,0.0,0.5,none,True,True
34775,1.0,0.0,0.5,none,True,True
34776,1.0,0.0,0.5,none,True,True
34777,1.0,0.0,0.5,none,True,True
34778,1.0,0.0,0.5,none,True,True
34779,1.0,0.0,0.5,none,True,True
34780,1.0,0.0,0.5,none,True,True
34781,1.0,0.0,0.5,none,True,True
34782,1.0,0.0,0.5,none,True,True
34783,1.0,0.0,0.5,none,True,True
34784,1.0,0.0,0.5,none,True,True
34785,1.0,0.0,0.5,none,True,True
34786,1.0,0.0,0.5,none,True,True
34787,1.0,0.0,0.5,none,True,True
34788,1.0,0.0,0.5,none,True,True
34789,1.0,0.0,0.5,none,True,True
34790,1.0,0.0,0.5,none,True,True
34791,1.0,0.0,0.5,none,True,True
34792,1.0,0.0,0.5,none,True,True
34793,1.0,0.0,0.5,none,True,True
34794,1.0,0.0,0.5,none,True,True
34795,1.0,0.0,0.5,none,True,True
34796,1.0,0.0,0.5,none,True,True
34797,1.0,0.0,0.5,none,True,True
34798,1.0,0.0,0.5,none,True,True
34799,1.0,0.0,0.5,none,True,True
34800,1.0,0.0,0.5,none,True,True
34801,1.0,0.0,0.5,none,True,True
34802,1.0,0.0,0.5,none,True,True
34803,1.0,0.0,0.5,none,True,True
34804,1.0,0.0,0.5,none,True,True
34805,1.0,0.0,0.5,none,True,True
34806,1.0,0.0,0.5,none,True,True
34807,1.0,0.0,0.5,none,True,True
34808,1.0,0.0,0.5,none,True,True
34809,1.0,0.0,0.5,none,True,True
34810,1.0,0.0,0.5,none,True,True
34811,1.0,0.0,0.5,none,True,True
34812,1.0,0.0,0.5,none,True,True
34813,1.0,0.0,0.5,none,True,True
34814,1.0,0.0,0.5,none,True,True
34815,1.0,0.0,0.5,none,True,True
34816,1.0,0.0,0.5,none,True,True
34817,1.0,0.0,0.5,none,True,True
34818,1.0,0.0,0.5,none,True,True
34819,1.0,0.0,0.5,none,True,True
34820,1.0,0.0,0.5,none,True,True
34821,1.0,0.0,0.5,none,True,True
34822,1.0,0.0,0.5,none,True,True
34823,1.0,0.0,0.5,none,True,True
34824,1.0,0.0,0.5,none,True,True
34825,1.0,0.0,0.5,none,True,True
34826,1.0,0.0,0.5,none,True,True
34827,1.0,0.0,0.5,none,True,True
34828,1.0,0.0,0.5,none,True,True
34829,1.0,0.0,0.5,none,True,True
34830,1.0,0.0,0.5,none,True,True
34831,1.0,0.0,0.5,none,True,True
34832,1.0,0.0,0.5,none,True,True
34833,1.0,0.0,0.5,none,True,True
34834,1.0,0.0,0.5,none,True,True
34835,1.0,0.0,0.5,none,True,True
34836,1.0,0.0,0.5,none,True,True
34837,1.0,0.0,0.5,none,True,True
34838,1.0,0.0,0.5,none,True,True
34839,1.0,0.0,0.5,none,True,True
34840,1.0,0.0,0.5,none,True,True
34841,1.0,0.0,0.5,none,True,True
34842,1.0,0.0,0.5,none,True,True
34843,1.0,0.0,0.5,none,True,True
34844,1.0,0.0,0.5,none,True,True
34845,1.0,0.0,0.5,none,True,True
34846,1.0,0.0,0.5,none,True,True
34847,1.0,0.0,0.5,none,True,True
34848,1.0,0.0,0.5,none,True,True
34849,1.0,0.0,0.5,none,True,True
34850,1.0,0.0,0.5,none,True,True
34851,1.0,0.0,0.5,none,True,True
34852,1.0,0.0,0.5,none,True,True
34853,1.0,0.0,0.5,none,True,True
34854,1.0,0.0,0.5,none,True,True
34855,1.0,0.0,0.5,none,True,True
34856,1.0,0.0,0.5,none,True,True
34857,1.0,0.0,0.5,none,True,True
34858,1.0,0.0,0.5,none,True,True
34859,1.0,0.0,0.5,none,True,True
34860,1.0,0.0,0.5,none,True,True
34861,1.0,0.0,0.5,none,True,True
34862,1.0,0.0,0.5,none,True,True
34863,1.0,0.0,0.5,none,True,True
34864,1.0,0.0,0.5,none,True,True
34865,1.0,0.0,0.5,none,True,True
34866,1.0,0.0,0.5,none,True,True
34867,1.0,0.0,0.5,none,True,True
34868,1.0,0.0,0.5,none,True,True
34869,1.0,0.0,0.5,none,True,True
34870,1.0,0.0,0.5,none,True,True
34871,1.0,0.0,0.5,none,True,True
34872,1.0,0.0,0.5,none,True,True
34873,1.0,0.0,0.5,none,True,True
34874,1.0,0.0,0.5,none,True,True
34875,1.0,0.0,0.5,none,True,True
34876,1.0,0.0,0.5,none,True,True
34877,1.0,0.0,0.5,none,True,True
34878,1.0,0.0,0.5,none,True,True
34879,1.0,0.0,0.5,none,True,True
34880,1.0,0.0,0.5,none,True,True
34881,1.0,0.0,0.5,none,True,True
34882,1.0,0.0,0.5,none,True,True
34883,1.0,0.0,0.5,none,True,True
34884,1.0,0.0,0.5,none,True,True
34885,1.0,0.0,0.5,none,True,True
34886,1.0,0.0,0.5,none,True,True
34887,1.0,0.0,0.5,none,True,True
34888,1.0,0.0,0.5,none,True,True
34889,1.0,0.0,0.5,none,True,True
34890,1.0,0.0,0.5,none,True,True
34891,1.0,0.0,0.5,none,True,True
34892,1.0,0.0,0.5,none,True,True
34893,1.0,0.0,0.5,none,True,True
34894,1.0,0.0,0.5,none,True,True
34895,1.0,0.0,0.5,none,True,True
34896,1.0,0.0,0.5,none,True,True
34897,1.0,0.0,0.5,none,True,True
34898,1.0,0.0,0.5,none,True,True
34899,1.0,0.0,0.5,none,True,True
34900,1.0,0.0,0.5,none,True,True
34901,1.0,0.0,0.5,none,True,True
34902,1.0,0.0,0.5,none,True,True
34903,1.0,0.0,0.5,none,True,True
34904,1.0,0.0,0.5,none,True,True
34905,1.0,0.0,0.5,none,True,True
34906,1.0,0.0,0.5,none,True,True
34907,1.0,0.0,0.5,none,True,True
34908,1.0,0.0,0.5,none,True,True
34909,1.0,0.0,0.5,none,True,True
34910,1.0,0.0,0.5,none,True,True
34911,1.0,0.0,0.5,none,True,True
34912,1.0,0.0,0.5,none,True,True
34913,1.0,0.0,0.5,none,True,True
34914,1.0,0.0,0.5,none,True,True
34915,1.0,0.0,0.5,none,True,True
34916,1.0,0.0,0.5,none,True,True
34917,1.0,0.0,0.5,none,True,True
34918,1.0,0.0,0.5,none,True,True
34919,1.0,0.0,0.5,none,True,True
34920,1.0,0.0,0.5,none,True,True
34921,1.0,0.0,0.5,none,True,True
34922,1.0,0.0,0.5,none,True,True
34923,1.0,0.0,0.5,none,True,True
34924,1.0,0.0,0.5,none,True,True
34925,1.0,0.0,0.5,none,True,True
34926,1.0,0.0,0.5,none,True,True
34927,1.0,0.0,0.5,none,True,True
34928,1.0,0.0,0.5,none,True,True
34929,1.0,0.0,0.5,none,True,True
34930,1.0,0.0,0.5,none,True,True
34931,1.0,0.0,0.5,none,True,True
34932,1.0,0.0,0.5,none,True,True
34933,1.0,0.0,0.5,none,True,True
34934,1.0,0.0,0.5,none,True,True
34935,1.0,0.0,0.5,none,True,True
34936,1.0,0.0,0.5,none,True,True
34937,1.0,0.0,0.5,none,True,True
34938,1.0,0.0,0.5,none,True,True
34939,1.0,0.0,0.5,none,True,True
34940,1.0,0.0,0.5,none,True,True
34941,1.0,0.0,0.5,none,True,True
34942,1.0,0.0,0.5,none,True,True
34943,1.0,0.0,0.5,none,True,True
34944,1.0,0.0,0.5,none,True,True
34945,1.0,0.0,0.5,none,True,True
34946,1.0,0.0,0.5,none,True,True
34947,1.0,0.0,0.5,none,True,True
34948,1.0,0.0,0.5,none,True,True
34949,1.0,0.0,0.5,none,True,True
34950,1.0,0.0,0.5,none,True,True
34951,1.0,0.0,0.5,none,True,True
34952,1.0,0.0,0.5,none,True,True
34953,1.0,0.0,0.5,none,True,True
34954,1.0,0.0,0.5,none,True,True
34955,1.0,0.0,0.5,none,True,True
34956,1.0,0.0,0.5,none,True,True
34957,1.0,0.0,0.5,none,True,True
34958,1.0,0.0,0.5,none,True,True
34959,1.0,0.0,0.5,none,True,True
34960,1.0,0.0,0.5,none,True,True
34961,1.0,0.0,0.5,none,True,True
34962,1.0,0.0,0.5,none,True,True
34963,1.0,0.0,0.5,none,True,True
34964,1.0,0.0,0.5,none,True,True
34965,1.0,0.0,0.5,none,True,True
34966,1.0,0.0,0.5,none,True,True
34967,1.0,0.0,0.5,none,True,True
34968,1.0,0.0,0.5,none,True,True
34969,1.0,0.0,0.5,none,True,True
34970,1.0,0.0,0.5,none,True,True
34971,1.0,0.0,0.5,none,True,True
34972,1.0,0.0,0.5,none,True,True
34973,1.0,0.0,0.5,none,True,True
34974,1.0,0.0,0.5,none,True,True
34975,1.0,0.0,0.5,none,True,True
34976,1.0,0.0,0.5,none,True,True
34977,1.0,0.0,0.5,none,True,True
34978,1.0,0.0,0.5,none,True,True
34979,1.0,0.0,0.5,none,True,True
34980,1.0,0.0,0.5,none,True,True
34981,1.0,0.0,0.5,none,True,True
34982,1.0,0.0,0.5,none,True,True
34983,1.0,0.0,0.5,none,True,True
34984,1.0,0.0,0.5,none,True,True
34985,1.0,0.0,0.5,none,True,True
34986,1.0,0.0,0.5,none,True,True
34987,1.0,0.0,0.5,none,True,True
34988,1.0,0.0,0.5,none,True,True
34989,1.0,0.0,0.5,none,True,True
34990,1.0,0.0,0.5,none,True,True
34991,1.0,0.0,0.5,none,True,True
34992,1.0,0.0,0.5,none,True,True
34993,1.0,0.0,0.5,none,True,True
34994,1.0,0.0,0.5,none,True,True
34995,1.0,0.0,0.5,none,True,True
34996,1.0,0.0,0.5,none,True,True
34997,1.0,0.0,0.5,none,True,True
34998,1.0,0.0,0.5,none,True,True
34999,1.0,0.0,0.5,none,True,True
35000,1.0,0.0061,0.5,none,True,True
35001,1.0,0.0357,0.5,none,True,True
35002,1.0,0.0812,0.5,none,True,True
35003,1.0,0.1113,0.5,none,True,True
35004,1.0,0.1253,0.5,none,True,True
35005,1.0,0.1408,0.5,none,True,True
35006,1.0,0.0907,0.5,none,True,True
35007,1.0,0.1198,0.5,none,True,True
35008,1.0,0.0467,0.5,none,True,True
35009,1.0,0.0522,0.5,none,True,True
35010,1.0,0.0405,0.5,none,True,True
35011,1.0,0.0313,0.5,none,True,True
35012,1.0,0.0083,0.5,none,True,True
35013,1.0,0.0726,0.5,none,True,True
35014,1.0,0.0793,0.5,none,True,True
35015,1.0,0.0581,0.5,none,True,True
35016,1.0,0.0955,0.5,none,True,True
35017,1.0,0.0839,0.5,none,True,True
35018,1.0,0.0648,0.5,none,True,True
35019,1.0,0.0718,0.5,none,True,True
35020,1.0,0.0589,0.5,none,True,True
35021,1.0,0.0403,0.5,none,True,True
35022,1.0,0.0327,0.5,none,True,True
35023,1.0,0.0277,0.5,none,True,True
35024,1.0,0.017,0.5,none,True,True
35025,1.0,0.0102,0.5,none,True,True
35026,1.0,0.0099,0.5,none,True,True
35027,1.0,0.008,0.5,none,True,True
35028,1.0,0.005,0.5,none,True,True
35029,1.0,0.0063,0.5,none,True,True
35030,1.0,0.009,0.5,none,True,True
35031,1.0,0.0096,0.5,none,True,True
35032,1.0,0.0108,0.5,none,True,True
35033,1.0,0.014,0.5,none,True,True
35034,1.0,0.0161,0.5,none,True,True
35035,1.0,0.0167,0.5,none,True,True
35036,1.0,0.0182,0.5,none,True,True
35037,1.0,0.0196,0.5,none,True,True
35038,1.0,0.0197,0.5,none,True,True
35039,1.0,0.0193,0.5,none,True,True
35040,1.0,0.0193,0.5,none,True,True
35041,1.0,0.0187,0.5,none,True,True
35042,1.0,0.0174,0.5,none,True,True
35043,1.0,0.0163,0.5,none,True,True
35044,1.0,0.0152,0.5,none,True,True
35045,1.0,0.0138,0.5,none,True,True
35046,1.0,0.0123,0.5,none,True,True
35047,1.0,0.0111,0.5,none,True,True
35048,1.0,0.01,0.5,none,True,True
35049,1.0,0.0088,0.5,none,True,True
35050,1.0,0.0078,0.5,none,True,True
35051,1.0,0.0071,0.5,none,True,True
35052,1.0,0.0064,0.5,none,True,True
35053,1.0,0.0057,0.5,none,True,True
35054,1.0,0.0053,0.5,none,True,True
35055,1.0,0.005,0.5,none,True,True
35056,1.0,0.0047,0.5,none,True,True
35057,1.0,0.0045,0.5,none,True,True
35058,1.0,0.0044,0.5,none,True,True
35059,1.0,0.0043,0.5,none,True,True
35060,1.0,0.0042,0.5,none,True,True
35061,1.0,0.0041,0.5,none,True,True
35062,1.0,0.004,0.5,none,True,True
35063,1.0,0.0039,0.5,none,True,True
35064,1.0,0.0038,0.5,none,True,True
35065,1.0,0.0037,0.5,none,True,True
35066,1.0,0.0035,0.5,none,True,True
35067,1.0,0.0033,0.5,none,True,True
35068,1.0,0.0032,0.5,none,True,True
35069,1.0,0.003,0.5,none,True,True
35070,1.0,0.0028,0.5,none,True,True
35071,1.0,0.0026,0.5,none,True,True
35072,1.0,0.0024,0.5,none,True,True
35073,1.0,0.0023,0.5,none,True,True
35074,1.0,0.0021,0.5,none,True,True
35075,1.0,0.0019,0.5,none,True,True
35076,1.0,0.0018,0.5,none,True,True
35077,1.0,0.0017,0.5,none,True,True
35078,1.0,0.0015,0.5,none,True,True
35079,1.0,0.0014,0.5,none,True,True
35080,1.0,0.0013,0.5,none,True,True
35081,1.0,0.0013,0.5,none,True,True
35082,1.0,0.0012,0.5,none,True,True
35083,1.0,0.0011,0.5,none,True,True
35084,1.0,0.0011,0.5,none,True,True
35085,1.0,0.001,0.5,none,True,True
35086,1.0,0.001,0.5,none,True,True
35087,1.0,0.0009,0.5,none,True,True
35088,1.0,0.0009,0.5,none,True,True
35089,1.0,0.0008,0.5,none,True,True
35090,1.0,0.0008,0.5,none,True,True
35091,1.0,0.0008,0.5,none,True,True
35092,1.0,0.0007,0.5,none,True,True
35093,1.0,0.0007,0.5,none,True,True
35094,1.0,0.0006,0.5,none,True,True
35095,1.0,0.0006,0.5,none,True,True
35096,1.0,0.0006,0.5,none,True,True
35097,1.0,0.0005,0.5,none,True,True
35098,1.0,0.0005,0.5,none,True,True
35099,1.0,0.0005,0.5,none,True,True
35100,1.0,0.0004,0.5,none,True,True
35101,1.0,0.0004,0.5,none,True,True
35102,1.0,0.0004,0.5,none,True,True
35103,1.0,0.0004,0.5,none,True,True
35104,1.0,0.0003,0.5,none,True,True
35105,1.0,0.0003,0.5,none,True,True
35106,1.0,0.0003,0.5,none,True,True
35107,1.0,0.0003,0.5,none,True,True
35108,1.0,0.0003,0.5,none,True,True
35109,1.0,0.0003,0.5,none,True,True
35110,1.0,0.0002,0.5,none,True,True
35111,1.0,0.0002,0.5,none,True,True
35112,1.0,0.0002,0.5,none,True,True
35113,1.0,0.0002,0.5,none,True,True
35114,1.0,0.0002,0.5,none,True,True
35115,1.0,0.0002,0.5,none,True,True
35116,1.0,0.0002,0.5,none,True,True
35117,1.0,0.0002,0.5,none,True,True
35118,1.0,0.0002,0.5,none,True,True
35119,1.0,0.0001,0.5,none,True,True
35120,1.0,0.0001,0.5,none,True,True
35121,1.0,0.0001,0.5,none,True,True
35122,1.0,0.0001,0.5,none,True,True
35123,1.0,0.0001,0.5,none,True,True
35124,1.0,0.0001,0.5,none,True,True
35125,1.0,0.0001,0.5,none,True,True
35126,1.0,0.0001,0.5,none,True,True
35127,1.0,0.0001,0.5,none,True,True
35128,1.0,0.0001,0.5,none,True,True
35129,1.0,0.0001,0.5,none,True,True
35130,1.0,0.0001,0.5,none,True,True
35131,1.0,0.0001,0.5,none,True,True
35132,1.0,0.0001,0.5,none,True,True
35133,1.0,0.0001,0.5,none,True,True
35134,1.0,0.0001,0.5,none,True,True
35135,1.0,0.0001,0.5,none,True,True
35136,1.0,0.0001,0.5,none,True,True
35137,1.0,0.0,0.5,none,True,True
35138,1.0,0.0,0.5,none,True,True
35139,1.0,0.0,0.5,none,True,True
35140,1.0,0.0,0.5,none,True,True
35141,1.0,0.0,0.5,none,True,True
35142,1.0,0.0,0.5,none,True,True
35143,1.0,0.0,0.5,none,True,True
35144,1.0,0.0,0.5,none,True,True
35145,1.0,0.0,0.5,none,True,True
35146,1.0,0.0,0.5,none,True,True
35147,1.0,0.0,0.5,none,True,True
35148,1.0,0.0,0.5,none,True,True
35149,1.0,0.0,0.5,none,True,True
35150,1.0,0.0,0.5,none,True,True
35151,1.0,0.0,0.5,none,True,True
35152,1.0,0.0,0.5,none,True,True
35153,1.0,0.0,0.5,none,True,True
35154,1.0,0.0,0.5,none,True,True
35155,1.0,0.0,0.5,none,True,True
35156,1.0,0.0,0.5,none,True,True
35157,1.0,0.0,0.5,none,True,True
35158,1.0,0.0,0.5,none,True,True
35159,1.0,0.0,0.5,none,True,True
35160,1.0,0.0,0.5,none,True,True
35161,1.0,0.0,0.5,none,True,True
35162,1.0,0.0,0.5,none,True,True
35163,1.0,0.0,0.5,none,True,True
35164,1.0,0.0,0.5,none,True,True
35165,1.0,0.0,0.5,none,True,True
35166,1.0,0.0,0.5,none,True,True
35167,1.0,0.0,0.5,none,True,True
35168,1.0,0.0,0.5,none,True,True
35169,1.0,0.0,0.5,none,True,True
35170,1.0,0.0,0.5,none,True,True
35171,1.0,0.0,0.5,none,True,True
35172,1.0,0.0,0.5,none,True,True
35173,1.0,0.0,0.5,none,True,True
35174,1.0,0.0,0.5,none,True,True
35175,1.0,0.0,0.5,none,True,True
35176,1.0,0.0,0.5,none,True,True
35177,1.0,0.0,0.5,none,True,True
35178,1.0,0.0,0.5,none,True,True
35179,1.0,0.0,0.5,none,True,True
35180,1.0,0.0,0.5,none,True,True
35181,1.0,0.0,0.5,none,True,True
35182,1.0,0.0,0.5,none,True,True
35183,1.0,0.0,0.5,none,True,True
35184,1.0,0.0,0.5,none,True,True
35185,1.0,0.0,0.5,none,True,True
35186,1.0,0.0,0.5,none,True,True
35187,1.0,0.0,0.5,none,True,True
35188,1.0,0.0,0.5,none,True,True
35189,1.0,0.0,0.5,none,True,True
35190,1.0,0.0,0.5,none,True,True
35191,1.0,0.0,0.5,none,True,True
35192,1.0,0.0,0.5,none,True,True
35193,1.0,0.0,0.5,none,True,True
35194,1.0,0.0,0.5,none,True,True
35195,1.0,0.0,0.5,none,True,True
35196,1.0,0.0,0.5,none,True,True
35197,1.0,0.0,0.5,none,True,True
35198,1.0,0.0,0.5,none,True,True
35199,1.0,0.0,0.5,none,True,True
35200,1.0,0.0,0.5,none,True,True
35201,1.0,0.0,0.5,none,True,True
35202,1.0,0.0,0.5,none,True,True
35203,1.0,0.0,0.5,none,True,True
35204,1.0,0.0,0.5,none,True,True
35205,1.0,0.0,0.5,none,True,True
35206,1.0,0.0,0.5,none,True,True
35207,1.0,0.0,0.5,none,True,True
35208,1.0,0.0,0.5,none,True,True
35209,1.0,0.0,0.5,none,True,True
35210,1.0,0.0,0.5,none,True,True
35211,1.0,0.0,0.5,none,True,True
35212,1.0,0.0,0.5,none,True,True
35213,1.0,0.0,0.5,none,True,True
35214,1.0,0.0,0.5,none,True,True
35215,1.0,0.0,0.5,none,True,True
35216,1.0,0.0,0.5,none,True,True
35217,1.0,0.0,0.5,none,True,True
35218,1.0,0.0,0.5,none,True,True
35219,1.0,0.0,0.5,none,True,True
35220,1.0,0.0,0.5,none,True,True
35221,1.0,0.0,0.5,none,True,True
35222,1.0,0.0,0.5,none,True,True
35223,1.0,0.0,0.5,none,True,True
35224,1.0,0.0,0.5,none,True,True
35225,1.0,0.0,0.5,none,True,True
35226,1.0,0.0,0.5,none,True,True
35227,1.0,0.0,0.5,none,True,True
35228,1.0,0.0,0.5,none,True,True
35229,1.0,0.0,0.5,none,True,True
35230,1.0,0.0,0.5,none,True,True
35231,1.0,0.0,0.5,none,True,True
35232,1.0,0.0,0.5,none,True,True
35233,1.0,0.0,0.5,none,True,True
35234,1.0,0.0,0.5,none,True,True
35235,1.0,0.0,0.5,none,True,True
35236,1.0,0.0,0.5,none,True,True
35237,1.0,0.0,0.5,none,True,True
35238,1.0,0.0,0.5,none,True,True
35239,1.0,0.0,0.5,none,True,True
35240,1.0,0.0,0.5,none,True,True
35241,1.0,0.0,0.5,none,True,True
35242,1.0,0.0,0.5,none,True,True
35243,1.0,0.0,0.5,none,True,True
35244,1.0,0.0,0.5,none,True,True
35245,1.0,0.0,0.5,none,True,True
35246,1.0,0.0,0.5,none,True,True
35247,1.0,0.0,0.5,none,True,True
35248,1.0,0.0,0.5,none,True,True
35249,1.0,0.0,0.5,none,True,True
35250,1.0,0.0,0.5,none,True,True
35251,1.0,0.0,0.5,none,True,True
35252,1.0,0.0,0.5,none,True,True
35253,1.0,0.0,0.5,none,True,True
35254,1.0,0.0,0.5,none,True,True
35255,1.0,0.0,0.5,none,True,True
35256,1.0,0.0,0.5,none,True,True
35257,1.0,0.0,0.5,none,True,True
35258,1.0,0.0,0.5,none,True,True
35259,1.0,0.0,0.5,none,True,True
35260,1.0,0.0,0.5,none,True,True
35261,1.0,0.0,0.5,none,True,True
35262,1.0,0.0,0.5,none,True,True
35263,1.0,0.0,0.5,none,True,True
35264,1.0,0.0,0.5,none,True,True
35265,1.0,0.0,0.5,none,True,True
35266,1.0,0.0,0.5,none,True,True
35267,1.0,0.0,0.5,none,True,True
35268,1.0,0.0,0.5,none,True,True
35269,1.0,0.0,0.5,none,True,True
35270,1.0,0.0,0.5,none,True,True
35271,1.0,0.0,0.5,none,True,True
35272,1.0,0.0,0.5,none,True,True
35273,1.0,0.0,0.5,none,True,True
35274,1.0,0.0,0.5,none,True,True
35275,1.0,0.0,0.5,none,True,True
35276,1.0,0.0,0.5,none,True,True
35277,1.0,0.0,0.5,none,True,True
35278,1.0,0.0,0.5,none,True,True
35279,1.0,0.0,0.5,none,True,True
35280,1.0,0.0,0.5,none,True,True
35281,1.0,0.0,0.5,none,True,True
35282,1.0,0.0,0.5,none,True,True
35283,1.0,0.0,0.5,none,True,True
35284,1.0,0.0,0.5,none,True,True
35285,1.0,0.0,0.5,none,True,True
35286,1.0,0.0,0.5,none,True,True
35287,1.0,0.0,0.5,none,True,True
35288,1.0,0.0,0.5,none,True,True
35289,1.0,0.0,0.5,none,True,True
35290,1.0,0.0,0.5,none,True,True
35291,1.0,0.0,0.5,none,True,True
35292,1.0,0.0,0.5,none,True,True
35293,1.0,0.0,0.5,none,True,True
35294,1.0,0.0,0.5,none,True,True
35295,1.0,0.0,0.5,none,True,True
35296,1.0,0.0,0.5,none,True,True
35297,1.0,0.0,0.5,none,True,True
35298,1.0,0.0,0.5,none,True,True
35299,1.0,0.0,0.5,none,True,True
35300,1.0,0.0,0.5,none,True,True
35301,1.0,0.0,0.5,none,True,True
35302,1.0,0.0,0.5,none,True,True
35303,1.0,0.0,0.5,none,True,True
35304,1.0,0.0,0.5,none,True,True
35305,1.0,0.0,0.5,none,True,True
35306,1.0,0.0,0.5,none,True,True
35307,1.0,0.0,0.5,none,True,True
35308,1.0,0.0,0.5,none,True,True
35309,1.0,0.0,0.5,none,True,True
35310,1.0,0.0,0.5,none,True,True
35311,1.0,0.0,0.5,none,True,True
35312,1.0,0.0,0.5,none,True,True
35313,1.0,0.0,0.5,none,True,True
35314,1.0,0.0,0.5,none,True,True
35315,1.0,0.0,0.5,none,True,True
35316,1.0,0.0,0.5,none,True,True
35317,1.0,0.0,0.5,none,True,True
35318,1.0,0.0,0.5,none,True,True
35319,1.0,0.0,0.5,none,True,True
35320,1.0,0.0,0.5,none,True,True
35321,1.0,0.0,0.5,none,True,True
35322,1.0,0.0,0.5,none,True,True
35323,1.0,0.0,0.5,none,True,True
35324,1.0,0.0,0.5,none,True,True
35325,1.0,0.0,0.5,none,True,True
35326,1.0,0.0,0.5,none,True,True
35327,1.0,0.0,0.5,none,True,True
35328,1.0,0.0,0.5,none,True,True
35329,1.0,0.0,0.5,none,True,True
35330,1.0,0.0,0.5,none,True,True
35331,1.0,0.0,0.5,none,True,True
35332,1.0,0.0,0.5,none,True,True
35333,1.0,0.0,0.5,none,True,True
35334,1.0,0.0,0.5,none,True,True
35335,1.0,0.0,0.5,none,True,True
35336,1.0,0.0,0.5,none,True,True
35337,1.0,0.0,0.5,none,True,True
35338,1.0,0.0,0.5,none,True,True
35339,1.0,0.0,0.5,none,True,True
35340,1.0,0.0,0.5,none,True,True
35341,1.0,0.0,0.5,none,True,True
35342,1.0,0.0,0.5,none,True,True
35343,1.0,0.0,0.5,none,True,True
35344,1.0,0.0,0.5,none,True,True
35345,1.0,0.0,0.5,none,True,True
35346,1.0,0.0,0.5,none,True,True
35347,1.0,0.0,0.5,none,True,True
35348,1.0,0.0,0.5,none,True,True
35349,1.0,0.0,0.5,none,True,True
35350,1.0,0.0,0.5,none,True,True
35351,1.0,0.0,0.5,none,True,True
35352,1.0,0.0,0.5,none,True,True
35353,1.0,0.0,0.5,none,True,True
35354,1.0,0.0,0.5,none,True,True
35355,1.0,0.0,0.5,none,True,True
35356,1.0,0.0,0.5,none,True,True
35357,1.0,0.0,0.5,none,True,True
35358,1.0,0.0,0.5,none,True,True
35359,1.0,0.0,0.5,none,True,True
35360,1.0,0.0,0.5,none,True,True
35361,1.0,0.0,0.5,none,True,True
35362,1.0,0.0,0.5,none,True,True
35363,1.0,0.0,0.5,none,True,True
35364,1.0,0.0,0.5,none,True,True
35365,1.0,0.0,0.5,none,True,True
35366,1.0,0.0,0.5,none,True,True
35367,1.0,0.0,0.5,none,True,True
35368,1.0,0.0,0.5,none,True,True
35369,1.0,0.0,0.5,none,True,True
35370,1.0,0.0,0.5,none,True,True
35371,1.0,0.0,0.5,none,True,True
35372,1.0,0.0,0.5,none,True,True
35373,1.0,0.0,0.5,none,True,True
35374,1.0,0.0,0.5,none,True,True
35375,1.0,0.0,0.5,none,True,True
35376,1.0,0.0,0.5,none,True,True
35377,1.0,0.0,0.5,none,True,True
35378,1.0,0.0,0.5,none,True,True
35379,1.0,0.0,0.5,none,True,True
35380,1.0,0.0,0.5,none,True,True
35381,1.0,0.0,0.5,none,True,True
35382,1.0,0.0,0.5,none,True,True
35383,1.0,0.0,0.5,none,True,True
35384,1.0,0.0,0.5,none,True,True
35385,1.0,0.0,0.5,none,True,True
35386,1.0,0.0,0.5,none,True,True
35387,1.0,0.0,0.5,none,True,True
35388,1.0,0.0,0.5,none,True,True
35389,1.0,0.0,0.5,none,True,True
35390,1.0,0.0,0.5,none,True,True
35391,1.0,0.0,0.5,none,True,True
35392,1.0,0.0,0.5,none,True,True
35393,1.0,0.0,0.5,none,True,True
35394,1.0,0.0,0.5,none,True,True
35395,1.0,0.0,0.5,none,True,True
35396,1.0,0.0,0.5,none,True,True
35397,1.0,0.0,0.5,none,True,True
35398,1.0,0.0,0.5,none,True,True
35399,1.0,0.0,0.5,none,True,True
35400,1.0,0.0,0.5,none,True,True
35401,1.0,0.0,0.5,none,True,True
35402,1.0,0.0,0.5,none,True,True
35403,1.0,0.0,0.5,none,True,True
35404,1.0,0.0,0.5,none,True,True
35405,1.0,0.0,0.5,none,True,True
35406,1.0,0.0,0.5,none,True,True
35407,1.0,0.0,0.5,none,True,True
35408,1.0,0.0,0.5,none,True,True
35409,1.0,0.0,0.5,none,True,True
35410,1.0,0.0,0.5,none,True,True
35411,1.0,0.0,0.5,none,True,True
35412,1.0,0.0,0.5,none,True,True
35413,1.0,0.0,0.5,none,True,True
35414,1.0,0.0,0.5,none,True,True
35415,1.0,0.0,0.5,none,True,True
35416,1.0,0.0,0.5,none,True,True
35417,1.0,0.0,0.5,none,True,True
35418,1.0,0.0,0.5,none,True,True
35419,1.0,0.0,0.5,none,True,True
35420,1.0,0.0,0.5,none,True,True
35421,1.0,0.0,0.5,none,True,True
35422,1.0,0.0,0.5,none,True,True
35423,1.0,0.0,0.5,none,True,True
35424,1.0,0.0,0.5,none,True,True
35425,1.0,0.0,0.5,none,True,True
35426,1.0,0.0,0.5,none,True,True
35427,1.0,0.0,0.5,none,True,True
35428,1.0,0.0,0.5,none,True,True
35429,1.0,0.0,0.5,none,True,True
35430,1.0,0.0,0.5,none,True,True
35431,1.0,0.0,0.5,none,True,True
35432,1.0,0.0,0.5,none,True,True
35433,1.0,0.0,0.5,none,True,True
35434,1.0,0.0,0.5,none,True,True
35435,1.0,0.0,0.5,none,True,True
35436,1.0,0.0,0.5,none,True,True
35437,1.0,0.0,0.5,none,True,True
35438,1.0,0.0,0.5,none,True,True
35439,1.0,0.0,0.5,none,True,True
35440,1.0,0.0,0.5,none,True,True
35441,1.0,0.0,0.5,none,True,True
35442,1.0,0.0,0.5,none,True,True
35443,1.0,0.0,0.5,none,True,True
35444,1.0,0.0,0.5,none,True,True
35445,1.0,0.0,0.5,none,True,True
35446,1.0,0.0,0.5,none,True,True
35447,1.0,0.0,0.5,none,True,True
35448,1.0,0.0,0.5,none,True,True
35449,1.0,0.0,0.5,none,True,True
35450,1.0,0.0,0.5,none,True,True
35451,1.0,0.0,0.5,none,True,True
35452,1.0,0.0,0.5,none,True,True
35453,1.0,0.0,0.5,none,True,True
35454,1.0,0.0,0.5,none,True,True
35455,1.0,0.0,0.5,none,True,True
35456,1.0,0.0,0.5,none,True,True
35457,1.0,0.0,0.5,none,True,True
35458,1.0,0.0,0.5,none,True,True
35459,1.0,0.0,0.5,none,True,True
35460,1.0,0.0,0.5,none,True,True
35461,1.0,0.0,0.5,none,True,True
35462,1.0,0.0,0.5,none,True,True
35463,1.0,0.0,0.5,none,True,True
35464,1.0,0.0,0.5,none,True,True
35465,1.0,0.0,0.5,none,True,True
35466,1.0,0.0,0.5,none,True,True
35467,1.0,0.0,0.5,none,True,True
35468,1.0,0.0,0.5,none,True,True
35469,1.0,0.0,0.5,none,True,True
35470,1.0,0.0,0.5,none,True,True
35471,1.0,0.0,0.5,none,True,True
35472,1.0,0.0,0.5,none,True,True
35473,1.0,0.0,0.5,none,True,True
35474,1.0,0.0,0.5,none,True,True
35475,1.0,0.0,0.5,none,True,True
35476,1.0,0.0,0.5,none,True,True
35477,1.0,0.0,0.5,none,True,True
35478,1.0,0.0,0.5,none,True,True
35479,1.0,0.0,0.5,none,True,True
35480,1.0,0.0,0.5,none,True,True
35481,1.0,0.0,0.5,none,True,True
35482,1.0,0.0,0.5,none,True,True
35483,1.0,0.0,0.5,none,True,True
35484,1.0,0.0,0.5,none,True,True
35485,1.0,0.0,0.5,none,True,True
35486,1.0,0.0,0.5,none,True,True
35487,1.0,0.0,0.5,none,True,True
35488,1.0,0.0,0.5,none,True,True
35489,1.0,0.0,0.5,none,True,True
35490,1.0,0.0,0.5,none,True,True
35491,1.0,0.0,0.5,none,True,True
35492,1.0,0.0,0.5,none,True,True
35493,1.0,0.0,0.5,none,True,True
35494,1.0,0.0,0.5,none,True,True
35495,1.0,0.0,0.5,none,True,True
35496,1.0,0.0,0.5,none,True,True
35497,1.0,0.0,0.5,none,True,True
35498,1.0,0.0,0.5,none,True,True
35499,1.0,0.0,0.5,none,True,True
35500,1.0,0.0,0.5,none,True,True
35501,1.0,0.0,0.5,none,True,True
35502,1.0,0.0,0.5,none,True,True
35503,1.0,0.0,0.5,none,True,True
35504,1.0,0.0,0.5,none,True,True
35505,1.0,0.0,0.5,none,True,True
35506,1.0,0.0,0.5,none,True,True
35507,1.0,0.0,0.5,none,True,True
35508,1.0,0.0,0.5,none,True,True
35509,1.0,0.0,0.5,none,True,True
35510,1.0,0.0,0.5,none,True,True
35511,1.0,0.0,0.5,none,True,True
35512,1.0,0.0,0.5,none,True,True
35513,1.0,0.0,0.5,none,True,True
35514,1.0,0.0,0.5,none,True,True
35515,1.0,0.0,0.5,none,True,True
35516,1.0,0.0,0.5,none,True,True
35517,1.0,0.0,0.5,none,True,True
35518,1.0,0.0,0.5,none,True,True
35519,1.0,0.0,0.5,none,True,True
35520,1.0,0.0,0.5,none,True,True
35521,1.0,0.0,0.5,none,True,True
35522,1.0,0.0,0.5,none,True,True
35523,1.0,0.0,0.5,none,True,True
35524,1.0,0.0,0.5,none,True,True
35525,1.0,0.0,0.5,none,True,True
35526,1.0,0.0,0.5,none,True,True
35527,1.0,0.0,0.5,none,True,True
35528,1.0,0.0,0.5,none,True,True
35529,1.0,0.0,0.5,none,True,True
35530,1.0,0.0,0.5,none,True,True
35531,1.0,0.0,0.5,none,True,True
35532,1.0,0.0,0.5,none,True,True
35533,1.0,0.0,0.5,none,True,True
35534,1.0,0.0,0.5,none,True,True
35535,1.0,0.0,0.5,none,True,True
35536,1.0,0.0,0.5,none,True,True
35537,1.0,0.0,0.5,none,True,True
35538,1.0,0.0,0.5,none,True,True
35539,1.0,0.0,0.5,none,True,True
35540,1.0,0.0,0.5,none,True,True
35541,1.0,0.0,0.5,none,True,True
35542,1.0,0.0,0.5,none,True,True
35543,1.0,0.0,0.5,none,True,True
35544,1.0,0.0,0.5,none,True,True
35545,1.0,0.0,0.5,none,True,True
35546,1.0,0.0,0.5,none,True,True
35547,1.0,0.0,0.5,none,True,True
35548,1.0,0.0,0.5,none,True,True
35549,1.0,0.0,0.5,none,True,True
35550,1.0,0.0,0.5,none,True,True
35551,1.0,0.0,0.5,none,True,True
35552,1.0,0.0,0.5,none,True,True
35553,1.0,0.0,0.5,none,True,True
35554,1.0,0.0,0.5,none,True,True
35555,1.0,0.0,0.5,none,True,True
35556,1.0,0.0,0.5,none,True,True
35557,1.0,0.0,0.5,none,True,True
35558,1.0,0.0,0.5,none,True,True
35559,1.0,0.0,0.5,none,True,True
35560,1.0,0.0,0.5,none,True,True
35561,1.0,0.0,0.5,none,True,True
35562,1.0,0.0,0.5,none,True,True
35563,1.0,0.0,0.5,none,True,True
35564,1.0,0.0,0.5,none,True,True
35565,1.0,0.0,0.5,none,True,True
35566,1.0,0.0,0.5,none,True,True
35567,1.0,0.0,0.5,none,True,True
35568,1.0,0.0,0.5,none,True,True
35569,1.0,0.0,0.5,none,True,True
35570,1.0,0.0,0.5,none,True,True
35571,1.0,0.0,0.5,none,True,True
35572,1.0,0.0,0.5,none,True,True
35573,1.0,0.0,0.5,none,True,True
35574,1.0,0.0,0.5,none,True,True
35575,1.0,0.0,0.5,none,True,True
35576,1.0,0.0,0.5,none,True,True
35577,1.0,0.0,0.5,none,True,True
35578,1.0,0.0,0.5,none,True,True
35579,1.0,0.0,0.5,none,True,True
35580,1.0,0.0,0.5,none,True,True
35581,1.0,0.0,0.5,none,True,True
35582,1.0,0.0,0.5,none,True,True
35583,1.0,0.0,0.5,none,True,True
35584,1.0,0.0,0.5,none,True,True
35585,1.0,0.0,0.5,none,True,True
35586,1.0,0.0,0.5,none,True,True
35587,1.0,0.0,0.5,none,True,True
35588,1.0,0.0,0.5,none,True,True
35589,1.0,0.0,0.5,none,True,True
35590,1.0,0.0,0.5,none,True,True
35591,1.0,0.0,0.5,none,True,True
35592,1.0,0.0,0.5,none,True,True
35593,1.0,0.0,0.5,none,True,True
35594,1.0,0.0,0.5,none,True,True
35595,1.0,0.0,0.5,none,True,True
35596,1.0,0.0,0.5,none,True,True
35597,1.0,0.0,0.5,none,True,True
35598,1.0,0.0,0.5,none,True,True
35599,1.0,0.0,0.5,none,True,True
35600,1.0,0.0,0.5,none,True,True
35601,1.0,0.0,0.5,none,True,True
35602,1.0,0.0,0.5,none,True,True
35603,1.0,0.0,0.5,none,True,True
35604,1.0,0.0,0.5,none,True,True
35605,1.0,0.0,0.5,none,True,True
35606,1.0,0.0,0.5,none,True,True
35607,1.0,0.0,0.5,none,True,True
35608,1.0,0.0,0.5,none,True,True
35609,1.0,0.0,0.5,none,True,True
35610,1.0,0.0,0.5,none,True,True
35611,1.0,0.0,0.5,none,True,True
35612,1.0,0.0,0.5,none,True,True
35613,1.0,0.0,0.5,none,True,True
35614,1.0,0.0,0.5,none,True,True
35615,1.0,0.0,0.5,none,True,True
35616,1.0,0.0,0.5,none,True,True
35617,1.0,0.0,0.5,none,True,True
35618,1.0,0.0,0.5,none,True,True
35619,1.0,0.0,0.5,none,True,True
35620,1.0,0.0,0.5,none,True,True
35621,1.0,0.0,0.5,none,True,True
35622,1.0,0.0,0.5,none,True,True
35623,1.0,0.0,0.5,none,True,True
35624,1.0,0.0,0.5,none,True,True
35625,1.0,0.0,0.5,none,True,True
35626,1.0,0.0,0.5,none,True,True
35627,1.0,0.0,0.5,none,True,True
35628,1.0,0.0,0.5,none,True,True
35629,1.0,0.0,0.5,none,True,True
35630,1.0,0.0,0.5,none,True,True
35631,1.0,0.0,0.5,none,True,True
35632,1.0,0.0,0.5,none,True,True
35633,1.0,0.0,0.5,none,True,True
35634,1.0,0.0,0.5,none,True,True
35635,1.0,0.0,0.5,none,True,True
35636,1.0,0.0,0.5,none,True,True
35637,1.0,0.0,0.5,none,True,True
35638,1.0,0.0,0.5,none,True,True
35639,1.0,0.0,0.5,none,True,True
35640,1.0,0.0,0.5,none,True,True
35641,1.0,0.0,0.5,none,True,True
35642,1.0,0.0,0.5,none,True,True
35643,1.0,0.0,0.5,none,True,True
35644,1.0,0.0,0.5,none,True,True
35645,1.0,0.0,0.5,none,True,True
35646,1.0,0.0,0.5,none,True,True
35647,1.0,0.0,0.5,none,True,True
35648,1.0,0.0,0.5,none,True,True
35649,1.0,0.0,0.5,none,True,True
35650,1.0,0.0,0.5,none,True,True
35651,1.0,0.0,0.5,none,True,True
35652,1.0,0.0,0.5,none,True,True
35653,1.0,0.0,0.5,none,True,True
35654,1.0,0.0,0.5,none,True,True
35655,1.0,0.0,0.5,none,True,True
35656,1.0,0.0,0.5,none,True,True
35657,1.0,0.0,0.5,none,True,True
35658,1.0,0.0,0.5,none,True,True
35659,1.0,0.0,0.5,none,True,True
35660,1.0,0.0,0.5,none,True,True
35661,1.0,0.0,0.5,none,True,True
35662,1.0,0.0,0.5,none,True,True
35663,1.0,0.0,0.5,none,True,True
35664,1.0,0.0,0.5,none,True,True
35665,1.0,0.0,0.5,none,True,True
35666,1.0,0.0,0.5,none,True,True
35667,1.0,0.0,0.5,none,True,True
35668,1.0,0.0,0.5,none,True,True
35669,1.0,0.0,0.5,none,True,True
35670,1.0,0.0,0.5,none,True,True
35671,1.0,0.0,0.5,none,True,True
35672,1.0,0.0,0.5,none,True,True
35673,1.0,0.0,0.5,none,True,True
35674,1.0,0.0,0.5,none,True,True
35675,1.0,0.0,0.5,none,True,True
35676,1.0,0.0,0.5,none,True,True
35677,1.0,0.0,0.5,none,True,True
35678,1.0,0.0,0.5,none,True,True
35679,1.0,0.0,0.5,none,True,True
35680,1.0,0.0,0.5,none,True,True
35681,1.0,0.0,0.5,none,True,True
35682,1.0,0.0,0.5,none,True,True
35683,1.0,0.0,0.5,none,True,True
35684,1.0,0.0,0.5,none,True,True
35685,1.0,0.0,0.5,none,True,True
35686,1.0,0.0,0.5,none,True,True
35687,1.0,0.0,0.5,none,True,True
35688,1.0,0.0,0.5,none,True,True
35689,1.0,0.0,0.5,none,True,True
35690,1.0,0.0,0.5,none,True,True
35691,1.0,0.0,0.5,none,True,True
35692,1.0,0.0,0.5,none,True,True
35693,1.0,0.0,0.5,none,True,True
35694,1.0,0.0,0.5,none,True,True
35695,1.0,0.0,0.5,none,True,True
35696,1.0,0.0,0.5,none,True,True
35697,1.0,0.0,0.5,none,True,True
35698,1.0,0.0,0.5,none,True,True
35699,1.0,0.0,0.5,none,True,True
35700,1.0,0.0061,0.5,none,True,True
35701,1.0,0.0357,0.5,none,True,True
35702,1.0,0.0812,0.5,none,True,True
35703,1.0,0.1113,0.5,none,True,True
35704,1.0,0.1253,0.5,none,True,True
35705,1.0,0.1408,0.5,none,True,True
35706,1.0,0.0907,0.5,none,True,True
35707,1.0,0.1198,0.5,none,True,True
35708,1.0,0.0467,0.5,none,True,True
35709,1.0,0.0522,0.5,none,True,True
35710,1.0,0.0405,0.5,none,True,True
35711,1.0,0.0313,0.5,none,True,True
35712,1.0,0.0083,0.5,none,True,True
35713,1.0,0.0726,0.5,none,True,True
35714,1.0,0.0793,0.5,none,True,True
35715,1.0,0.0581,0.5,none,True,True
35716,1.0,0.0955,0.5,none,True,True
35717,1.0,0.0839,0.5,none,True,True
35718,1.0,0.0648,0.5,none,True,True
35719,1.0,0.0718,0.5,none,True,True
35720,1.0,0.0589,0.5,none,True,True
35721,1.0,0.0403,0.5,none,True,True
35722,1.0,0.0327,0.5,none,True,True
35723,1.0,0.0277,0.5,none,True,True
35724,1.0,0.017,0.5,none,True,True
35725,1.0,0.0102,0.5,none,True,True
35726,1.0,0.0099,0.5,none,True,True
35727,1.0,0.008,0.5,none,True,True
35728,1.0,0.005,0.5,none,True,True
35729,1.0,0.0063,0.5,none,True,True
35730,1.0,0.009,0.5,none,True,True
35731,1.0,0.0096,0.5,none,True,True
35732,1.0,0.0108,0.5,none,True,True
35733,1.0,0.014,0.5,none,True,True
35734,1.0,0.0161,0.5,none,True,True
35735,1.0,0.0167,0.5,none,True,True
35736,1.0,0.0182,0.5,none,True,True
35737,1.0,0.0196,0.5,none,True,True
35738,1.0,0.0197,0.5,none,True,True
35739,1.0,0.0193,0.5,none,True,True
35740,1.0,0.0193,0.5,none,True,True
35741,1.0,0.0187,0.5,none,True,True
35742,1.0,0.0174,0.5,none,True,True
35743,1.0,0.0163,0.5,none,True,True
35744,1.0,0.0152,0.5,none,True,True
35745,1.0,0.0138,0.5,none,True,True
35746,1.0,0.0123,0.5,none,True,True
35747,1.0,0.0111,0.5,none,True,True
35748,1.0,0.01,0.5,none,True,True
35749,1.0,0.0088,0.5,none,True,True
35750,1.0,0.0078,0.5,none,True,True
35751,1.0,0.0071,0.5,none,True,True
35752,1.0,0.0064,0.5,none,True,True
35753,1.0,0.0057,0.5,none,True,True
35754,1.0,0.0053,0.5,none,True,True
35755,1.0,0.005,0.5,none,True,True
35756,1.0,0.0047,0.5,none,True,True
35757,1.0,0.0045,0.5,none,True,True
35758,1.0,0.0044,0.5,none,True,True
35759,1.0,0.0043,0.5,none,True,True
35760,1.0,0.0042,0.5,none,True,True
35761,1.0,0.0041,0.5,none,True,True
35762,1.0,0.004,0.5,none,True,True
35763,1.0,0.0039,0.5,none,True,True
35764,1.0,0.0038,0.5,none,True,True
35765,1.0,0.0037,0.5,none,True,True
35766,1.0,0.0035,0.5,none,True,True
35767,1.0,0.0033,0.5,none,True,True
35768,1.0,0.0032,0.5,none,True,True
35769,1.0,0.003,0.5,none,True,True
35770,1.0,0.0028,0.5,none,True,True
35771,1.0,0.0026,0.5,none,True,True
35772,1.0,0.0024,0.5,none,True,True
35773,1.0,0.0023,0.5,none,True,True
35774,1.0,0.0021,0.5,none,True,True
35775,1.0,0.0019,0.5,none,True,True
35776,1.0,0.0018,0.5,none,True,True
35777,1.0,0.0017,0.5,none,True,True
35778,1.0,0.0015,0.5,none,True,True
35779,1.0,0.0014,0.5,none,True,True
35780,1.0,0.0013,0.5,none,True,True
35781,1.0,0.0013,0.5,none,True,True
35782,1.0,0.0012,0.5,none,True,True
35783,1.0,0.0011,0.5,none,True,True
35784,1.0,0.0011,0.5,none,True,True
35785,1.0,0.001,0.5,none,True,True
35786,1.0,0.001,0.5,none,True,True
35787,1.0,0.0009,0.5,none,True,True
35788,1.0,0.0009,0.5,none,True,True
35789,1.0,0.0008,0.5,none,True,True
35790,1.0,0.0008,0.5,none,True,True
35791,1.0,0.0008,0.5,none,True,True
35792,1.0,0.0007,0.5,none,True,True
35793,1.0,0.0007,0.5,none,True,True
35794,1.0,0.0006,0.5,none,True,True
35795,1.0,0.0006,0.5,none,True,True
35796,1.0,0.0006,0.5,none,True,True
35797,1.0,0.0005,0.5,none,True,True
35798,1.0,0.0005,0.5,none,True,True
35799,1.0,0.0005,0.5,none,True,True
35800,1.0,0.0004,0.5,none,True,True
35801,1.0,0.0004,0.5,none,True,True
35802,1.0,0.0004,0.5,none,True,True
35803,1.0,0.0004,0.5,none,True,True
35804,1.0,0.0003,0.5,none,True,True
35805,1.0,0.0003,0.5,none,True,True
35806,1.0,0.0003,0.5,none,True,True
35807,1.0,0.0003,0.5,none,True,True
35808,1.0,0.0003,0.5,none,True,True
35809,1.0,0.0003,0.5,none,True,True
35810,1.0,0.0002,0.5,none,True,True
35811,1.0,0.0002,0.5,none,True,True
35812,1.0,0.0002,0.5,none,True,True
35813,1.0,0.0002,0.5,none,True,True
35814,1.0,0.0002,0.5,none,True,True
35815,1.0,0.0002,0.5,none,True,True
35816,1.0,0.0002,0.5,none,True,True
35817,1.0,0.0002,0.5,none,True,True
35818,1.0,0.0002,0.5,none,True,True
35819,1.0,0.0001,0.5,none,True,True
35820,1.0,0.0001,0.5,none,True,True
35821,1.0,0.0001,0.5,none,True,True
35822,1.0,0.0001,0.5,none,True,True
35823,1.0,0.0001,0.5,none,True,True
35824,1.0,0.0001,0.5,none,True,True
35825,1.0,0.0001,0.5,none,True,True
35826,1.0,0.0001,0.5,none,True,True
35827,1.0,0.0001,0.5,none,True,True
35828,1.0,0.0001,0.5,none,True,True
35829,1.0,0.0001,0.5,none,True,True
35830,1.0,0.0001,0.5,none,True,True
35831,1.0,0.0001,0.5,none,True,True
35832,1.0,0.0001,0.5,none,True,True
35833,1.0,0.0001,0.5,none,True,True
35834,1.0,0.0001,0.5,none,True,True
35835,1.0,0.0001,0.5,none,True,True
35836,1.0,0.0001,0.5,none,True,True
35837,1.0,0.0,0.5,none,True,True
35838,1.0,0.0,0.5,none,True,True
35839,1.0,0.0,0.5,none,True,True
35840,1.0,0.0,0.5,none,True,True
35841,1.0,0.0,0.5,none,True,True
35842,1.0,0.0,0.5,none,True,True
35843,1.0,0.0,0.5,none,True,True
35844,1.0,0.0,0.5,none,True,True
35845,1.0,0.0,0.5,none,True,True
35846,1.0,0.0,0.5,none,True,True
35847,1.0,0.0,0.5,none,True,True
35848,1.0,0.0,0.5,none,True,True
35849,1.0,0.0,0.5,none,True,True
35850,1.0,0.0,0.5,none,True,True
35851,1.0,0.0,0.5,none,True,True
35852,1.0,0.0,0.5,none,True,True
35853,1.0,0.0,0.5,none,True,True
35854,1.0,0.0,0.5,none,True,True
35855,1.0,0.0,0.5,none,True,True
35856,1.0,0.0,0.5,none,True,True
35857,1.0,0.0,0.5,none,True,True
35858,1.0,0.0,0.5,none,True,True
35859,1.0,0.0,0.5,none,True,True
35860,1.0,0.0,0.5,none,True,True
35861,1.0,0.0,0.5,none,True,True
35862,1.0,0.0,0.5,none,True,True
35863,1.0,0.0,0.5,none,True,True
35864,1.0,0.0,0.5,none,True,True
35865,1.0,0.0,0.5,none,True,True
35866,1.0,0.0,0.5,none,True,True
35867,1.0,0.0,0.5,none,True,True
35868,1.0,0.0,0.5,none,True,True
35869,1.0,0.0,0.5,none,True,True
35870,1.0,0.0,0.5,none,True,True
35871,1.0,0.0,0.5,none,True,True
35872,1.0,0.0,0.5,none,True,True
35873,1.0,0.0,0.5,none,True,True
35874,1.0,0.0,0.5,none,True,True
35875,1.0,0.0,0.5,none,True,True
35876,1.0,0.0,0.5,none,True,True
35877,1.0,0.0,0.5,none,True,True
35878,1.0,0.0,0.5,none,True,True
35879,1.0,0.0,0.5,none,True,True
35880,1.0,0.0,0.5,none,True,True
35881,1.0,0.0,0.5,none,True,True
35882,1.0,0.0,0.5,none,True,True
35883,1.0,0.0,0.5,none,True,True
35884,1.0,0.0,0.5,none,True,True
35885,1.0,0.0,0.5,none,True,True
35886,1.0,0.0,0.5,none,True,True
35887,1.0,0.0,0.5,none,True,True
35888,1.0,0.0,0.5,none,True,True
35889,1.0,0.0,0.5,none,True,True
35890,1.0,0.0,0.5,none,True,True
35891,1.0,0.0,0.5,none,True,True
35892,1.0,0.0,0.5,none,True,True
35893,1.0,0.0,0.5,none,True,True
35894,1.0,0.0,0.5,none,True,True
35895,1.0,0.0,0.5,none,True,True
35896,1.0,0.0,0.5,none,True,True
35897,1.0,0.0,0.5,none,True,True
35898,1.0,0.0,0.5,none,True,True
35899,1.0,0.0,0.5,none,True,True
35900,1.0,0.0,0.5,none,True,True
35901,1.0,0.0,0.5,none,True,True
35902,1.0,0.0,0.5,none,True,True
35903,1.0,0.0,0.5,none,True,True
35904,1.0,0.0,0.5,none,True,True
35905,1.0,0.0,0.5,none,True,True
35906,1.0,0.0,0.5,none,True,True
35907,1.0,0.0,0.5,none,True,True
35908,1.0,0.0,0.5,none,True,True
35909,1.0,0.0,0.5,none,True,True
35910,1.0,0.0,0.5,none,True,True
35911,1.0,0.0,0.5,none,True,True
35912,1.0,0.0,0.5,none,True,True
35913,1.0,0.0,0.5,none,True,True
35914,1.0,0.0,0.5,none,True,True
35915,1.0,0.0,0.5,none,True,True
35916,1.0,0.0,0.5,none,True,True
35917,1.0,0.0,0.5,none,True,True
35918,1.0,0.0,0.5,none,True,True
35919,1.0,0.0,0.5,none,True,True
35920,1.0,0.0,0.5,none,True,True
35921,1.0,0.0,0.5,none,True,True
35922,1.0,0.0,0.5,none,True,True
35923,1.0,0.0,0.5,none,True,True
35924,1.0,0.0,0.5,none,True,True
35925,1.0,0.0,0.5,none,True,True
35926,1.0,0.0,0.5,none,True,True
35927,1.0,0.0,0.5,none,True,True
35928,1.0,0.0,0.5,none,True,True
35929,1.0,0.0,0.5,none,True,True
35930,1.0,0.0,0.5,none,True,True
35931,1.0,0.0,0.5,none,True,True
35932,1.0,0.0,0.5,none,True,True
35933,1.0,0.0,0.5,none,True,True
35934,1.0,0.0,0.5,none,True,True
35935,1.0,0.0,0.5,none,True,True
35936,1.0,0.0,0.5,none,True,True
35937,1.0,0.0,0.5,none,True,True
35938,1.0,0.0,0.5,none,True,True
35939,1.0,0.0,0.5,none,True,True
35940,1.0,0.0,0.5,none,True,True
35941,1.0,0.0,0.5,none,True,True
35942,1.0,0.0,0.5,none,True,True
35943,1.0,0.0,0.5,none,True,True
35944,1.0,0.0,0.5,none,True,True
35945,1.0,0.0,0.5,none,True,True
35946,1.0,0.0,0.5,none,True,True
35947,1.0,0.0,0.5,none,True,True
35948,1.0,0.0,0.5,none,True,True
35949,1.0,0.0,0.5,none,True,True
35950,1.0,0.0,0.5,none,True,True
35951,1.0,0.0,0.5,none,True,True
35952,1.0,0.0,0.5,none,True,True
35953,1.0,0.0,0.5,none,True,True
35954,1.0,0.0,0.5,none,True,True
35955,1.0,0.0,0.5,none,True,True
35956,1.0,0.0,0.5,none,True,True
35957,1.0,0.0,0.5,none,True,True
35958,1.0,0.0,0.5,none,True,True
35959,1.0,0.0,0.5,none,True,True
35960,1.0,0.0,0.5,none,True,True
35961,1.0,0.0,0.5,none,True,True
35962,1.0,0.0,0.5,none,True,True
35963,1.0,0.0,0.5,none,True,True
35964,1.0,0.0,0.5,none,True,True
35965,1.0,0.0,0.5,none,True,True
35966,1.0,0.0,0.5,none,True,True
35967,1.0,0.0,0.5,none,True,True
35968,1.0,0.0,0.5,none,True,True
35969,1.0,0.0,0.5,none,True,True
35970,1.0,0.0,0.5,none,True,True
35971,1.0,0.0,0.5,none,True,True
35972,1.0,0.0,0.5,none,True,True
35973,1.0,0.0,0.5,none,True,True
35974,1.0,0.0,0.5,none,True,True
35975,1.0,0.0,0.5,none,True,True
35976,1.0,0.0,0.5,none,True,True
35977,1.0,0.0,0.5,none,True,True
35978,1.0,0.0,0.5,none,True,True
35979,1.0,0.0,0.5,none,True,True
35980,1.0,0.0,0.5,none,True,True
35981,1.0,0.0,0.5,none,True,True
35982,1.0,0.0,0.5,none,True,True
35983,1.0,0.0,0.5,none,True,True
35984,1.0,0.0,0.5,none,True,True
35985,1.0,0.0,0.5,none,True,True
35986,1.0,0.0,0.5,none,True,True
35987,1.0,0.0,0.5,none,True,True
35988,1.0,0.0,0.5,none,True,True
35989,1.0,0.0,0.5,none,True,True
35990,1.0,0.0,0.5,none,True,True
35991,1.0,0.0,0.5,none,True,True
35992,1.0,0.0,0.5,none,True,True
35993,1.0,0.0,0.5,none,True,True
35994,1.0,0.0,0.5,none,True,True
35995,1.0,0.0,0.5,none,True,True
35996,1.0,0.0,0.5,none,True,True
35997,1.0,0.0,0.5,none,True,True
35998,1.0,0.0,0.5,none,True,True
35999,1.0,0.0,0.5,none,True,True
36000,1.0,0.0,0.5,none,True,True
36001,1.0,0.0,0.5,none,True,True
36002,1.0,0.0,0.5,none,True,True
36003,1.0,0.0,0.5,none,True,True
36004,1.0,0.0,0.5,none,True,True
36005,1.0,0.0,0.5,none,True,True
36006,1.0,0.0,0.5,none,True,True
36007,1.0,0.0,0.5,none,True,True
36008,1.0,0.0,0.5,none,True,True
36009,1.0,0.0,0.5,none,True,True
36010,1.0,0.0,0.5,none,True,True
36011,1.0,0.0,0.5,none,True,True
36012,1.0,0.0,0.5,none,True,True
36013,1.0,0.0,0.5,none,True,True
36014,1.0,0.0,0.5,none,True,True
36015,1.0,0.0,0.5,none,True,True
36016,1.0,0.0,0.5,none,True,True
36017,1.0,0.0,0.5,none,True,True
36018,1.0,0.0,0.5,none,True,True
36019,1.0,0.0,0.5,none,True,True
36020,1.0,0.0,0.5,none,True,True
36021,1.0,0.0,0.5,none,True,True
36022,1.0,0.0,0.5,none,True,True
36023,1.0,0.0,0.5,none,True,True
36024,1.0,0.0,0.5,none,True,True
36025,1.0,0.0,0.5,none,True,True
36026,1.0,0.0,0.5,none,True,True
36027,1.0,0.0,0.5,none,True,True
36028,1.0,0.0,0.5,none,True,True
36029,1.0,0.0,0.5,none,True,True
36030,1.0,0.0,0.5,none,True,True
36031,1.0,0.0,0.5,none,True,True
36032,1.0,0.0,0.5,none,True,True
36033,1.0,0.0,0.5,none,True,True
36034,1.0,0.0,0.5,none,True,True
36035,1.0,0.0,0.5,none,True,True
36036,1.0,0.0,0.5,none,True,True
36037,1.0,0.0,0.5,none,True,True
36038,1.0,0.0,0.5,none,True,True
36039,1.0,0.0,0.5,none,True,True
36040,1.0,0.0,0.5,none,True,True
36041,1.0,0.0,0.5,none,True,True
36042,1.0,0.0,0.5,none,True,True
36043,1.0,0.0,0.5,none,True,True
36044,1.0,0.0,0.5,none,True,True
36045,1.0,0.0,0.5,none,True,True
36046,1.0,0.0,0.5,none,True,True
36047,1.0,0.0,0.5,none,True,True
36048,1.0,0.0,0.5,none,True,True
36049,1.0,0.0,0.5,none,True,True
36050,1.0,0.0,0.5,none,True,True
36051,1.0,0.0,0.5,none,True,True
36052,1.0,0.0,0.5,none,True,True
36053,1.0,0.0,0.5,none,True,True
36054,1.0,0.0,0.5,none,True,True
36055,1.0,0.0,0.5,none,True,True
36056,1.0,0.0,0.5,none,True,True
36057,1.0,0.0,0.5,none,True,True
36058,1.0,0.0,0.5,none,True,True
36059,1.0,0.0,0.5,none,True,True
36060,1.0,0.0,0.5,none,True,True
36061,1.0,0.0,0.5,none,True,True
36062,1.0,0.0,0.5,none,True,True
36063,1.0,0.0,0.5,none,True,True
36064,1.0,0.0,0.5,none,True,True
36065,1.0,0.0,0.5,none,True,True
36066,1.0,0.0,0.5,none,True,True
36067,1.0,0.0,0.5,none,True,True
36068,1.0,0.0,0.5,none,True,True
36069,1.0,0.0,0.5,none,True,True
36070,1.0,0.0,0.5,none,True,True
36071,1.0,0.0,0.5,none,True,True
36072,1.0,0.0,0.5,none,True,True
36073,1.0,0.0,0.5,none,True,True
36074,1.0,0.0,0.5,none,True,True
36075,1.0,0.0,0.5,none,True,True
36076,1.0,0.0,0.5,none,True,True
36077,1.0,0.0,0.5,none,True,True
36078,1.0,0.0,0.5,none,True,True
36079,1.0,0.0,0.5,none,True,True
36080,1.0,0.0,0.5,none,True,True
36081,1.0,0.0,0.5,none,True,True
36082,1.0,0.0,0.5,none,True,True
36083,1.0,0.0,0.5,none,True,True
36084,1.0,0.0,0.5,none,True,True
36085,1.0,0.0,0.5,none,True,True
36086,1.0,0.0,0.5,none,True,True
36087,1.0,0.0,0.5,none,True,True
36088,1.0,0.0,0.5,none,True,True
36089,1.0,0.0,0.5,none,True,True
36090,1.0,0.0,0.5,none,True,True
36091,1.0,0.0,0.5,none,True,True
36092,1.0,0.0,0.5,none,True,True
36093,1.0,0.0,0.5,none,True,True
36094,1.0,0.0,0.5,none,True,True
36095,1.0,0.0,0.5,none,True,True
36096,1.0,0.0,0.5,none,True,True
36097,1.0,0.0,0.5,none,True,True
36098,1.0,0.0,0.5,none,True,True
36099,1.0,0.0,0.5,none,True,True
36100,1.0,0.0,0.5,none,True,True
36101,1.0,0.0,0.5,none,True,True
36102,1.0,0.0,0.5,none,True,True
36103,1.0,0.0,0.5,none,True,True
36104,1.0,0.0,0.5,none,True,True
36105,1.0,0.0,0.5,none,True,True
36106,1.0,0.0,0.5,none,True,True
36107,1.0,0.0,0.5,none,True,True
36108,1.0,0.0,0.5,none,True,True
36109,1.0,0.0,0.5,none,True,True
36110,1.0,0.0,0.5,none,True,True
36111,1.0,0.0,0.5,none,True,True
36112,1.0,0.0,0.5,none,True,True
36113,1.0,0.0,0.5,none,True,True
36114,1.0,0.0,0.5,none,True,True
36115,1.0,0.0,0.5,none,True,True
36116,1.0,0.0,0.5,none,True,True
36117,1.0,0.0,0.5,none,True,True
36118,1.0,0.0,0.5,none,True,True
36119,1.0,0.0,0.5,none,True,True
36120,1.0,0.0,0.5,none,True,True
36121,1.0,0.0,0.5,none,True,True
36122,1.0,0.0,0.5,none,True,True
36123,1.0,0.0,0.5,none,True,True
36124,1.0,0.0,0.5,none,True,True
36125,1.0,0.0,0.5,none,True,True
36126,1.0,0.0,0.5,none,True,True
36127,1.0,0.0,0.5,none,True,True
36128,1.0,0.0,0.5,none,True,True
36129,1.0,0.0,0.5,none,True,True
36130,1.0,0.0,0.5,none,True,True
36131,1.0,0.0,0.5,none,True,True
36132,1.0,0.0,0.5,none,True,True
36133,1.0,0.0,0.5,none,True,True
36134,1.0,0.0,0.5,none,True,True
36135,1.0,0.0,0.5,none,True,True
36136,1.0,0.0,0.5,none,True,True
36137,1.0,0.0,0.5,none,True,True
36138,1.0,0.0,0.5,none,True,True
36139,1.0,0.0,0.5,none,True,True
36140,1.0,0.0,0.5,none,True,True
36141,1.0,0.0,0.5,none,True,True
36142,1.0,0.0,0.5,none,True,True
36143,1.0,0.0,0.5,none,True,True
36144,1.0,0.0,0.5,none,True,True
36145,1.0,0.0,0.5,none,True,True
36146,1.0,0.0,0.5,none,True,True
36147,1.0,0.0,0.5,none,True,True
36148,1.0,0.0,0.5,none,True,True
36149,1.0,0.0,0.5,none,True,True
36150,1.0,0.0,0.5,none,True,True
36151,1.0,0.0,0.5,none,True,True
36152,1.0,0.0,0.5,none,True,True
36153,1.0,0.0,0.5,none,True,True
36154,1.0,0.0,0.5,none,True,True
36155,1.0,0.0,0.5,none,True,True
36156,1.0,0.0,0.5,none,True,True
36157,1.0,0.0,0.5,none,True,True
36158,1.0,0.0,0.5,none,True,True
36159,1.0,0.0,0.5,none,True,True
36160,1.0,0.0,0.5,none,True,True
36161,1.0,0.0,0.5,none,True,True
36162,1.0,0.0,0.5,none,True,True
36163,1.0,0.0,0.5,none,True,True
36164,1.0,0.0,0.5,none,True,True
36165,1.0,0.0,0.5,none,True,True
36166,1.0,0.0,0.5,none,True,True
36167,1.0,0.0,0.5,none,True,True
36168,1.0,0.0,0.5,none,True,True
36169,1.0,0.0,0.5,none,True,True
36170,1.0,0.0,0.5,none,True,True
36171,1.0,0.0,0.5,none,True,True
36172,1.0,0.0,0.5,none,True,True
36173,1.0,0.0,0.5,none,True,True
36174,1.0,0.0,0.5,none,True,True
36175,1.0,0.0,0.5,none,True,True
36176,1.0,0.0,0.5,none,True,True
36177,1.0,0.0,0.5,none,True,True
36178,1.0,0.0,0.5,none,True,True
36179,1.0,0.0,0.5,none,True,True
36180,1.0,0.0,0.5,none,True,True
36181,1.0,0.0,0.5,none,True,True
36182,1.0,0.0,0.5,none,True,True
36183,1.0,0.0,0.5,none,True,True
36184,1.0,0.0,0.5,none,True,True
36185,1.0,0.0,0.5,none,True,True
36186,1.0,0.0,0.5,none,True,True
36187,1.0,0.0,0.5,none,True,True
36188,1.0,0.0,0.5,none,True,True
36189,1.0,0.0,0.5,none,True,True
36190,1.0,0.0,0.5,none,True,True
36191,1.0,0.0,0.5,none,True,True
36192,1.0,0.0,0.5,none,True,True
36193,1.0,0.0,0.5,none,True,True
36194,1.0,0.0,0.5,none,True,True
36195,1.0,0.0,0.5,none,True,True
36196,1.0,0.0,0.5,none,True,True
36197,1.0,0.0,0.5,none,True,True
36198,1.0,0.0,0.5,none,True,True
36199,1.0,0.0,0.5,none,True,True
36200,1.0,0.0,0.5,none,True,True
36201,1.0,0.0,0.5,none,True,True
36202,1.0,0.0,0.5,none,True,True
36203,1.0,0.0,0.5,none,True,True
36204,1.0,0.0,0.5,none,True,True
36205,1.0,0.0,0.5,none,True,True
36206,1.0,0.0,0.5,none,True,True
36207,1.0,0.0,0.5,none,True,True
36208,1.0,0.0,0.5,none,True,True
36209,1.0,0.0,0.5,none,True,True
36210,1.0,0.0,0.5,none,True,True
36211,1.0,0.0,0.5,none,True,True
36212,1.0,0.0,0.5,none,True,True
36213,1.0,0.0,0.5,none,True,True
36214,1.0,0.0,0.5,none,True,True
36215,1.0,0.0,0.5,none,True,True
36216,1.0,0.0,0.5,none,True,True
36217,1.0,0.0,0.5,none,True,True
36218,1.0,0.0,0.5,none,True,True
36219,1.0,0.0,0.5,none,True,True
36220,1.0,0.0,0.5,none,True,True
36221,1.0,0.0,0.5,none,True,True
36222,1.0,0.0,0.5,none,True,True
36223,1.0,0.0,0.5,none,True,True
36224,1.0,0.0,0.5,none,True,True
36225,1.0,0.0,0.5,none,True,True
36226,1.0,0.0,0.5,none,True,True
36227,1.0,0.0,0.5,none,True,True
36228,1.0,0.0,0.5,none,True,True
36229,1.0,0.0,0.5,none,True,True
36230,1.0,0.0,0.5,none,True,True
36231,1.0,0.0,0.5,none,True,True
36232,1.0,0.0,0.5,none,True,True
36233,1.0,0.0,0.5,none,True,True
36234,1.0,0.0,0.5,none,True,True
36235,1.0,0.0,0.5,none,True,True
36236,1.0,0.0,0.5,none,True,True
36237,1.0,0.0,0.5,none,True,True
36238,1.0,0.0,0.5,none,True,True
36239,1.0,0.0,0.5,none,True,True
36240,1.0,0.0,0.5,none,True,True
36241,1.0,0.0,0.5,none,True,True
36242,1.0,0.0,0.5,none,True,True
36243,1.0,0.0,0.5,none,True,True
36244,1.0,0.0,0.5,none,True,True
36245,1.0,0.0,0.5,none,True,True
36246,1.0,0.0,0.5,none,True,True
36247,1.0,0.0,0.5,none,True,True
36248,1.0,0.0,0.5,none,True,True
36249,1.0,0.0,0.5,none,True,True
36250,1.0,0.0,0.5,none,True,True
36251,1.0,0.0,0.5,none,True,True
36252,1.0,0.0,0.5,none,True,True
36253,1.0,0.0,0.5,none,True,True
36254,1.0,0.0,0.5,none,True,True
36255,1.0,0.0,0.5,none,True,True
36256,1.0,0.0,0.5,none,True,True
36257,1.0,0.0,0.5,none,True,True
36258,1.0,0.0,0.5,none,True,True
36259,1.0,0.0,0.5,none,True,True
36260,1.0,0.0,0.5,none,True,True
36261,1.0,0.0,0.5,none,True,True
36262,1.0,0.0,0.5,none,True,True
36263,1.0,0.0,0.5,none,True,True
36264,1.0,0.0,0.5,none,True,True
36265,1.0,0.0,0.5,none,True,True
36266,1.0,0.0,0.5,none,True,True
36267,1.0,0.0,0.5,none,True,True
36268,1.0,0.0,0.5,none,True,True
36269,1.0,0.0,0.5,none,True,True
36270,1.0,0.0,0.5,none,True,True
36271,1.0,0.0,0.5,none,True,True
36272,1.0,0.0,0.5,none,True,True
36273,1.0,0.0,0.5,none,True,True
36274,1.0,0.0,0.5,none,True,True
36275,1.0,0.0,0.5,none,True,True
36276,1.0,0.0,0.5,none,True,True
36277,1.0,0.0,0.5,none,True,True
36278,1.0,0.0,0.5,none,True,True
36279,1.0,0.0,0.5,none,True,True
36280,1.0,0.0,0.5,none,True,True
36281,1.0,0.0,0.5,none,True,True
36282,1.0,0.0,0.5,none,True,True
36283,1.0,0.0,0.5,none,True,True
36284,1.0,0.0,0.5,none,True,True
36285,1.0,0.0,0.5,none,True,True
36286,1.0,0.0,0.5,none,True,True
36287,1.0,0.0,0.5,none,True,True
36288,1.0,0.0,0.5,none,True,True
36289,1.0,0.0,0.5,none,True,True
36290,1.0,0.0,0.5,none,True,True
36291,1.0,0.0,0.5,none,True,True
36292,1.0,0.0,0.5,none,True,True
36293,1.0,0.0,0.5,none,True,True
36294,1.0,0.0,0.5,none,True,True
36295,1.0,0.0,0.5,none,True,True
36296,1.0,0.0,0.5,none,True,True
36297,1.0,0.0,0.5,none,True,True
36298,1.0,0.0,0.5,none,True,True
36299,1.0,0.0,0.5,none,True,True
36300,1.0,0.0,0.5,none,True,True
36301,1.0,0.0,0.5,none,True,True
36302,1.0,0.0,0.5,none,True,True
36303,1.0,0.0,0.5,none,True,True
36304,1.0,0.0,0.5,none,True,True
36305,1.0,0.0,0.5,none,True,True
36306,1.0,0.0,0.5,none,True,True
36307,1.0,0.0,0.5,none,True,True
36308,1.0,0.0,0.5,none,True,True
36309,1.0,0.0,0.5,none,True,True
36310,1.0,0.0,0.5,none,True,True
36311,1.0,0.0,0.5,none,True,True
36312,1.0,0.0,0.5,none,True,True
36313,1.0,0.0,0.5,none,True,True
36314,1.0,0.0,0.5,none,True,True
36315,1.0,0.0,0.5,none,True,True
36316,1.0,0.0,0.5,none,True,True
36317,1.0,0.0,0.5,none,True,True
36318,1.0,0.0,0.5,none,True,True
36319,1.0,0.0,0.5,none,True,True
36320,1.0,0.0,0.5,none,True,True
36321,1.0,0.0,0.5,none,True,True
36322,1.0,0.0,0.5,none,True,True
36323,1.0,0.0,0.5,none,True,True
36324,1.0,0.0,0.5,none,True,True
36325,1.0,0.0,0.5,none,True,True
36326,1.0,0.0,0.5,none,True,True
36327,1.0,0.0,0.5,none,True,True
36328,1.0,0.0,0.5,none,True,True
36329,1.0,0.0,0.5,none,True,True
36330,1.0,0.0,0.5,none,True,True
36331,1.0,0.0,0.5,none,True,True
36332,1.0,0.0,0.5,none,True,True
36333,1.0,0.0,0.5,none,True,True
36334,1.0,0.0,0.5,none,True,True
36335,1.0,0.0,0.5,none,True,True
36336,1.0,0.0,0.5,none,True,True
36337,1.0,0.0,0.5,none,True,True
36338,1.0,0.0,0.5,none,True,True
36339,1.0,0.0,0.5,none,True,True
36340,1.0,0.0,0.5,none,True,True
36341,1.0,0.0,0.5,none,True,True
36342,1.0,0.0,0.5,none,True,True
36343,1.0,0.0,0.5,none,True,True
36344,1.0,0.0,0.5,none,True,True
36345,1.0,0.0,0.5,none,True,True
36346,1.0,0.0,0.5,none,True,True
36347,1.0,0.0,0.5,none,True,True
36348,1.0,0.0,0.5,none,True,True
36349,1.0,0.0,0.5,none,True,True
36350,1.0,0.0,0.5,none,True,True
36351,1.0,0.0,0.5,none,True,True
36352,1.0,0.0,0.5,none,True,True
36353,1.0,0.0,0.5,none,True,True
36354,1.0,0.0,0.5,none,True,True
36355,1.0,0.0,0.5,none,True,True
36356,1.0,0.0,0.5,none,True,True
36357,1.0,0.0,0.5,none,True,True
36358,1.0,0.0,0.5,none,True,True
36359,1.0,0.0,0.5,none,True,True
36360,1.0,0.0,0.5,none,True,True
36361,1.0,0.0,0.5,none,True,True
36362,1.0,0.0,0.5,none,True,True
36363,1.0,0.0,0.5,none,True,True
36364,1.0,0.0,0.5,none,True,True
36365,1.0,0.0,0.5,none,True,True
36366,1.0,0.0,0.5,none,True,True
36367,1.0,0.0,0.5,none,True,True
36368,1.0,0.0,0.5,none,True,True
36369,1.0,0.0,0.5,none,True,True
36370,1.0,0.0,0.5,none,True,True
36371,1.0,0.0,0.5,none,True,True
36372,1.0,0.0,0.5,none,True,True
36373,1.0,0.0,0.5,none,True,True
36374,1.0,0.0,0.5,none,True,True
36375,1.0,0.0,0.5,none,True,True
36376,1.0,0.0,0.5,none,True,True
36377,1.0,0.0,0.5,none,True,True
36378,1.0,0.0,0.5,none,True,True
36379,1.0,0.0,0.5,none,True,True
36380,1.0,0.0,0.5,none,True,True
36381,1.0,0.0,0.5,none,True,True
36382,1.0,0.0,0.5,none,True,True
36383,1.0,0.0,0.5,none,True,True
36384,1.0,0.0,0.5,none,True,True
36385,1.0,0.0,0.5,none,True,True
36386,1.0,0.0,0.5,none,True,True
36387,1.0,0.0,0.5,none,True,True
36388,1.0,0.0,0.5,none,True,True
36389,1.0,0.0,0.5,none,True,True
36390,1.0,0.0,0.5,none,True,True
36391,1.0,0.0,0.5,none,True,True
36392,1.0,0.0,0.5,none,True,True
36393,1.0,0.0,0.5,none,True,True
36394,1.0,0.0,0.5,none,True,True
36395,1.0,0.0,0.5,none,True,True
36396,1.0,0.0,0.5,none,True,True
36397,1.0,0.0,0.5,none,True,True
36398,1.0,0.0,0.5,none,True,True
36399,1.0,0.0,0.5,none,True,True
36400,1.0,0.0061,0.5,none,True,True
36401,1.0,0.0357,0.5,none,True,True
36402,1.0,0.0812,0.5,none,True,True
36403,1.0,0.1113,0.5,none,True,True
36404,1.0,0.1253,0.5,none,True,True
36405,1.0,0.1408,0.5,none,True,True
36406,1.0,0.0907,0.5,none,True,True
36407,1.0,0.1198,0.5,none,True,True
36408,1.0,0.0467,0.5,none,True,True
36409,1.0,0.0522,0.5,none,True,True
36410,1.0,0.0405,0.5,none,True,True
36411,1.0,0.0313,0.5,none,True,True
36412,1.0,0.0083,0.5,none,True,True
36413,1.0,0.0726,0.5,none,True,True
36414,1.0,0.0793,0.5,none,True,True
36415,1.0,0.0581,0.5,none,True,True
36416,1.0,0.0955,0.5,none,True,True
36417,1.0,0.0839,0.5,none,True,True
36418,1.0,0.0648,0.5,none,True,True
36419,1.0,0.0718,0.5,none,True,True
36420,1.0,0.0589,0.5,none,True,True
36421,1.0,0.0403,0.5,none,True,True
36422,1.0,0.0327,0.5,none,True,True
36423,1.0,0.0277,0.5,none,True,True
36424,1.0,0.017,0.5,none,True,True
36425,1.0,0.0102,0.5,none,True,True
36426,1.0,0.0099,0.5,none,True,True
36427,1.0,0.008,0.5,none,True,True
36428,1.0,0.005,0.5,none,True,True
36429,1.0,0.0063,0.5,none,True,True
36430,1.0,0.009,0.5,none,True,True
36431,1.0,0.0096,0.5,none,True,True
36432,1.0,0.0108,0.5,none,True,True
36433,1.0,0.014,0.5,none,True,True
36434,1.0,0.0161,0.5,none,True,True
36435,1.0,0.0167,0.5,none,True,True
36436,1.0,0.0182,0.5,none,True,True
36437,1.0,0.0196,0.5,none,True,True
36438,1.0,0.0197,0.5,none,True,True
36439,1.0,0.0193,0.5,none,True,True
36440,1.0,0.0193,0.5,none,True,True
36441,1.0,0.0187,0.5,none,True,True
36442,1.0,0.0174,0.5,none,True,True
36443,1.0,0.0163,0.5,none,True,True
36444,1.0,0.0152,0.5,none,True,True
36445,1.0,0.0138,0.5,none,True,True
36446,1.0,0.0123,0.5,none,True,True
36447,1.0,0.0111,0.5,none,True,True
36448,1.0,0.01,0.5,none,True,True
36449,1.0,0.0088,0.5,none,True,True
36450,1.0,0.0078,0.5,none,True,True
36451,1.0,0.0071,0.5,none,True,True
36452,1.0,0.0064,0.5,none,True,True
36453,1.0,0.0057,0.5,none,True,True
36454,1.0,0.0053,0.5,none,True,True
36455,1.0,0.005,0.5,none,True,True
36456,1.0,0.0047,0.5,none,True,True
36457,1.0,0.0045,0.5,none,True,True
36458,1.0,0.0044,0.5,none,True,True
36459,1.0,0.0043,0.5,none,True,True
36460,1.0,0.0042,0.5,none,True,True
36461,1.0,0.0041,0.5,none,True,True
36462,1.0,0.004,0.5,none,True,True
36463,1.0,0.0039,0.5,none,True,True
36464,1.0,0.0038,0.5,none,True,True
36465,1.0,0.0037,0.5,none,True,True
36466,1.0,0.0035,0.5,none,True,True
36467,1.0,0.0033,0.5,none,True,True
36468,1.0,0.0032,0.5,none,True,True
36469,1.0,0.003,0.5,none,True,True
36470,1.0,0.0028,0.5,none,True,True
36471,1.0,0.0026,0.5,none,True,True
36472,1.0,0.0024,0.5,none,True,True
36473,1.0,0.0023,0.5,none,True,True
36474,1.0,0.0021,0.5,none,True,True
36475,1.0,0.0019,0.5,none,True,True
36476,1.0,0.0018,0.5,none,True,True
36477,1.0,0.0017,0.5,none,True,True
36478,1.0,0.0015,0.5,none,True,True
36479,1.0,0.0014,0.5,none,True,True
36480,1.0,0.0013,0.5,none,True,True
36481,1.0,0.0013,0.5,none,True,True
36482,1.0,0.0012,0.5,none,True,True
36483,1.0,0.0011,0.5,none,True,True
36484,1.0,0.0011,0.5,none,True,True
36485,1.0,0.001,0.5,none,True,True
36486,1.0,0.001,0.5,none,True,True
36487,1.0,0.0009,0.5,none,True,True
36488,1.0,0.0009,0.5,none,True,True
36489,1.0,0.0008,0.5,none,True,True
36490,1.0,0.0008,0.5,none,True,True
36491,1.0,0.0008,0.5,none,True,True
36492,1.0,0.0007,0.5,none,True,True
36493,1.0,0.0007,0.5,none,True,True
36494,1.0,0.0006,0.5,none,True,True
36495,1.0,0.0006,0.5,none,True,True
36496,1.0,0.0006,0.5,none,True,True
36497,1.0,0.0005,0.5,none,True,True
36498,1.0,0.0005,0.5,none,True,True
36499,1.0,0.0005,0.5,none,True,True
36500,1.0,0.0004,0.5,none,True,True
36501,1.0,0.0004,0.5,none,True,True
36502,1.0,0.0004,0.5,none,True,True
36503,1.0,0.0004,0.5,none,True,True
36504,1.0,0.0003,0.5,none,True,True
36505,1.0,0.0003,0.5,none,True,True
36506,1.0,0.0003,0.5,none,True,True
36507,1.0,0.0003,0.5,none,True,True
36508,1.0,0.0003,0.5,none,True,True
36509,1.0,0.0003,0.5,none,True,True
36510,1.0,0.0002,0.5,none,True,True
36511,1.0,0.0002,0.5,none,True,True
36512,1.0,0.0002,0.5,none,True,True
36513,1.0,0.0002,0.5,none,True,True
36514,1.0,0.0002,0.5,none,True,True
36515,1.0,0.0002,0.5,none,True,True
36516,1.0,0.0002,0.5,none,True,True
36517,1.0,0.0002,0.5,none,True,True
36518,1.0,0.0002,0.5,none,True,True
36519,1.0,0.0001,0.5,none,True,True
36520,1.0,0.0001,0.5,none,True,True
36521,1.0,0.0001,0.5,none,True,True
36522,1.0,0.0001,0.5,none,True,True
36523,1.0,0.0001,0.5,none,True,True
36524,1.0,0.0001,0.5,none,True,True
36525,1.0,0.0001,0.5,none,True,True
36526,1.0,0.0001,0.5,none,True,True
36527,1.0,0.0001,0.5,none,True,True
36528,1.0,0.0001,0.5,none,True,True
36529,1.0,0.0001,0.5,none,True,True
36530,1.0,0.0001,0.5,none,True,True
36531,1.0,0.0001,0.5,none,True,True
36532,1.0,0.0001,0.5,none,True,True
36533,1.0,0.0001,0.5,none,True,True
36534,1.0,0.0001,0.5,none,True,True
36535,1.0,0.0001,0.5,none,True,True
36536,1.0,0.0001,0.5,none,True,True
36537,1.0,0.0,0.5,none,True,True
36538,1.0,0.0,0.5,none,True,True
36539,1.0,0.0,0.5,none,True,True
36540,1.0,0.0,0.5,none,True,True
36541,1.0,0.0,0.5,none,True,True
36542,1.0,0.0,0.5,none,True,True
36543,1.0,0.0,0.5,none,True,True
36544,1.0,0.0,0.5,none,True,True
36545,1.0,0.0,0.5,none,True,True
36546,1.0,0.0,0.5,none,True,True
36547,1.0,0.0,0.5,none,True,True
36548,1.0,0.0,0.5,none,True,True
36549,1.0,0.0,0.5,none,True,True
36550,1.0,0.0,0.5,none,True,True
36551,1.0,0.0,0.5,none,True,True
36552,1.0,0.0,0.5,none,True,True
36553,1.0,0.0,0.5,none,True,True
36554,1.0,0.0,0.5,none,True,True
36555,1.0,0.0,0.5,none,True,True
36556,1.0,0.0,0.5,none,True,True
36557,1.0,0.0,0.5,none,True,True
36558,1.0,0.0,0.5,none,True,True
36559,1.0,0.0,0.5,none,True,True
36560,1.0,0.0,0.5,none,True,True
36561,1.0,0.0,0.5,none,True,True
36562,1.0,0.0,0.5,none,True,True
36563,1.0,0.0,0.5,none,True,True
36564,1.0,0.0,0.5,none,True,True
36565,1.0,0.0,0.5,none,True,True
36566,1.0,0.0,0.5,none,True,True
36567,1.0,0.0,0.5,none,True,True
36568,1.0,0.0,0.5,none,True,True
36569,1.0,0.0,0.5,none,True,True
36570,1.0,0.0,0.5,none,True,True
36571,1.0,0.0,0.5,none,True,True
36572,1.0,0.0,0.5,none,True,True
36573,1.0,0.0,0.5,none,True,True
36574,1.0,0.0,0.5,none,True,True
36575,1.0,0.0,0.5,none,True,True
36576,1.0,0.0,0.5,none,True,True
36577,1.0,0.0,0.5,none,True,True
36578,1.0,0.0,0.5,none,True,True
36579,1.0,0.0,0.5,none,True,True
36580,1.0,0.0,0.5,none,True,True
36581,1.0,0.0,0.5,none,True,True
36582,1.0,0.0,0.5,none,True,True
36583,1.0,0.0,0.5,none,True,True
36584,1.0,0.0,0.5,none,True,True
36585,1.0,0.0,0.5,none,True,True
36586,1.0,0.0,0.5,none,True,True
36587,1.0,0.0,0.5,none,True,True
36588,1.0,0.0,0.5,none,True,True
36589,1.0,0.0,0.5,none,True,True
36590,1.0,0.0,0.5,none,True,True
36591,1.0,0.0,0.5,none,True,True
36592,1.0,0.0,0.5,none,True,True
36593,1.0,0.0,0.5,none,True,True
36594,1.0,0.0,0.5,none,True,True
36595,1.0,0.0,0.5,none,True,True
36596,1.0,0.0,0.5,none,True,True
36597,1.0,0.0,0.5,none,True,True
36598,1.0,0.0,0.5,none,True,True
36599,1.0,0.0,0.5,none,True,True
36600,1.0,0.0,0.5,none,True,True
36601,1.0,0.0,0.5,none,True,True
36602,1.0,0.0,0.5,none,True,True
36603,1.0,0.0,0.5,none,True,True
36604,1.0,0.0,0.5,none,True,True
36605,1.0,0.0,0.5,none,True,True
36606,1.0,0.0,0.5,none,True,True
36607,1.0,0.0,0.5,none,True,True
36608,1.0,0.0,0.5,none,True,True
36609,1.0,0.0,0.5,none,True,True
36610,1.0,0.0,0.5,none,True,True
36611,1.0,0.0,0.5,none,True,True
36612,1.0,0.0,0.5,none,True,True
36613,1.0,0.0,0.5,none,True,True
36614,1.0,0.0,0.5,none,True,True
36615,1.0,0.0,0.5,none,True,True
36616,1.0,0.0,0.5,none,True,True
36617,1.0,0.0,0.5,none,True,True
36618,1.0,0.0,0.5,none,True,True
36619,1.0,0.0,0.5,none,True,True
36620,1.0,0.0,0.5,none,True,True
36621,1.0,0.0,0.5,none,True,True
36622,1.0,0.0,0.5,none,True,True
36623,1.0,0.0,0.5,none,True,True
36624,1.0,0.0,0.5,none,True,True
36625,1.0,0.0,0.5,none,True,True
36626,1.0,0.0,0.5,none,True,True
36627,1.0,0.0,0.5,none,True,True
36628,1.0,0.0,0.5,none,True,True
36629,1.0,0.0,0.5,none,True,True
36630,1.0,0.0,0.5,none,True,True
36631,1.0,0.0,0.5,none,True,True
36632,1.0,0.0,0.5,none,True,True
36633,1.0,0.0,0.5,none,True,True
36634,1.0,0.0,0.5,none,True,True
36635,1.0,0.0,0.5,none,True,True
36636,1.0,0.0,0.5,none,True,True
36637,1.0,0.0,0.5,none,True,True
36638,1.0,0.0,0.5,none,True,True
36639,1.0,0.0,0.5,none,True,True
36640,1.0,0.0,0.5,none,True,True
36641,1.0,0.0,0.5,none,True,True
36642,1.0,0.0,0.5,none,True,True
36643,1.0,0.0,0.5,none,True,True
36644,1.0,0.0,0.5,none,True,True
36645,1.0,0.0,0.5,none,True,True
36646,1.0,0.0,0.5,none,True,True
36647,1.0,0.0,0.5,none,True,True
36648,1.0,0.0,0.5,none,True,True
36649,1.0,0.0,0.5,none,True,True
36650,1.0,0.0,0.5,none,True,True
36651,1.0,0.0,0.5,none,True,True
36652,1.0,0.0,0.5,none,True,True
36653,1.0,0.0,0.5,none,True,True
36654,1.0,0.0,0.5,none,True,True
36655,1.0,0.0,0.5,none,True,True
36656,1.0,0.0,0.5,none,True,True
36657,1.0,0.0,0.5,none,True,True
36658,1.0,0.0,0.5,none,True,True
36659,1.0,0.0,0.5,none,True,True
36660,1.0,0.0,0.5,none,True,True
36661,1.0,0.0,0.5,none,True,True
36662,1.0,0.0,0.5,none,True,True
36663,1.0,0.0,0.5,none,True,True
36664,1.0,0.0,0.5,none,True,True
36665,1.0,0.0,0.5,none,True,True
36666,1.0,0.0,0.5,none,True,True
36667,1.0,0.0,0.5,none,True,True
36668,1.0,0.0,0.5,none,True,True
36669,1.0,0.0,0.5,none,True,True
36670,1.0,0.0,0.5,none,True,True
36671,1.0,0.0,0.5,none,True,True
36672,1.0,0.0,0.5,none,True,True
36673,1.0,0.0,0.5,none,True,True
36674,1.0,0.0,0.5,none,True,True
36675,1.0,0.0,0.5,none,True,True
36676,1.0,0.0,0.5,none,True,True
36677,1.0,0.0,0.5,none,True,True
36678,1.0,0.0,0.5,none,True,True
36679,1.0,0.0,0.5,none,True,True
36680,1.0,0.0,0.5,none,True,True
36681,1.0,0.0,0.5,none,True,True
36682,1.0,0.0,0.5,none,True,True
36683,1.0,0.0,0.5,none,True,True
36684,1.0,0.0,0.5,none,True,True
36685,1.0,0.0,0.5,none,True,True
36686,1.0,0.0,0.5,none,True,True
36687,1.0,0.0,0.5,none,True,True
36688,1.0,0.0,0.5,none,True,True
36689,1.0,0.0,0.5,none,True,True
36690,1.0,0.0,0.5,none,True,True
36691,1.0,0.0,0.5,none,True,True
36692,1.0,0.0,0.5,none,True,True
36693,1.0,0.0,0.5,none,True,True
36694,1.0,0.0,0.5,none,True,True
36695,1.0,0.0,0.5,none,True,True
36696,1.0,0.0,0.5,none,True,True
36697,1.0,0.0,0.5,none,True,True
36698,1.0,0.0,0.5,none,True,True
36699,1.0,0.0,0.5,none,True,True
36700,1.0,0.0,0.5,none,True,True
36701,1.0,0.0,0.5,none,True,True
36702,1.0,0.0,0.5,none,True,True
36703,1.0,0.0,0.5,none,True,True
36704,1.0,0.0,0.5,none,True,True
36705,1.0,0.0,0.5,none,True,True
36706,1.0,0.0,0.5,none,True,True
36707,1.0,0.0,0.5,none,True,True
36708,1.0,0.0,0.5,none,True,True
36709,1.0,0.0,0.5,none,True,True
36710,1.0,0.0,0.5,none,True,True
36711,1.0,0.0,0.5,none,True,True
36712,1.0,0.0,0.5,none,True,True
36713,1.0,0.0,0.5,none,True,True
36714,1.0,0.0,0.5,none,True,True
36715,1.0,0.0,0.5,none,True,True
36716,1.0,0.0,0.5,none,True,True
36717,1.0,0.0,0.5,none,True,True
36718,1.0,0.0,0.5,none,True,True
36719,1.0,0.0,0.5,none,True,True
36720,1.0,0.0,0.5,none,True,True
36721,1.0,0.0,0.5,none,True,True
36722,1.0,0.0,0.5,none,True,True
36723,1.0,0.0,0.5,none,True,True
36724,1.0,0.0,0.5,none,True,True
36725,1.0,0.0,0.5,none,True,True
36726,1.0,0.0,0.5,none,True,True
36727,1.0,0.0,0.5,none,True,True
36728,1.0,0.0,0.5,none,True,True
36729,1.0,0.0,0.5,none,True,True
36730,1.0,0.0,0.5,none,True,True
36731,1.0,0.0,0.5,none,True,True
36732,1.0,0.0,0.5,none,True,True
36733,1.0,0.0,0.5,none,True,True
36734,1.0,0.0,0.5,none,True,True
36735,1.0,0.0,0.5,none,True,True
36736,1.0,0.0,0.5,none,True,True
36737,1.0,0.0,0.5,none,True,True
36738,1.0,0.0,0.5,none,True,True
36739,1.0,0.0,0.5,none,True,True
36740,1.0,0.0,0.5,none,True,True
36741,1.0,0.0,0.5,none,True,True
36742,1.0,0.0,0.5,none,True,True
36743,1.0,0.0,0.5,none,True,True
36744,1.0,0.0,0.5,none,True,True
36745,1.0,0.0,0.5,none,True,True
36746,1.0,0.0,0.5,none,True,True
36747,1.0,0.0,0.5,none,True,True
36748,1.0,0.0,0.5,none,True,True
36749,1.0,0.0,0.5,none,True,True
36750,1.0,0.0,0.5,none,True,True
36751,1.0,0.0,0.5,none,True,True
36752,1.0,0.0,0.5,none,True,True
36753,1.0,0.0,0.5,none,True,True
36754,1.0,0.0,0.5,none,True,True
36755,1.0,0.0,0.5,none,True,True
36756,1.0,0.0,0.5,none,True,True
36757,1.0,0.0,0.5,none,True,True
36758,1.0,0.0,0.5,none,True,True
36759,1.0,0.0,0.5,none,True,True
36760,1.0,0.0,0.5,none,True,True
36761,1.0,0.0,0.5,none,True,True
36762,1.0,0.0,0.5,none,True,True
36763,1.0,0.0,0.5,none,True,True
36764,1.0,0.0,0.5,none,True,True
36765,1.0,0.0,0.5,none,True,True
36766,1.0,0.0,0.5,none,True,True
36767,1.0,0.0,0.5,none,True,True
36768,1.0,0.0,0.5,none,True,True
36769,1.0,0.0,0.5,none,True,True
36770,1.0,0.0,0.5,none,True,True
36771,1.0,0.0,0.5,none,True,True
36772,1.0,0.0,0.5,none,True,True
36773,1.0,0.0,0.5,none,True,True
36774,1.0,0.0,0.5,none,True,True
36775,1.0,0.0,0.5,none,True,True
36776,1.0,0.0,0.5,none,True,True
36777,1.0,0.0,0.5,none,True,True
36778,1.0,0.0,0.5,none,True,True
36779,1.0,0.0,0.5,none,True,True
36780,1.0,0.0,0.5,none,True,True
36781,1.0,0.0,0.5,none,True,True
36782,1.0,0.0,0.5,none,True,True
36783,1.0,0.0,0.5,none,True,True
36784,1.0,0.0,0.5,none,True,True
36785,1.0,0.0,0.5,none,True,True
36786,1.0,0.0,0.5,none,True,True
36787,1.0,0.0,0.5,none,True,True
36788,1.0,0.0,0.5,none,True,True
36789,1.0,0.0,0.5,none,True,True
36790,1.0,0.0,0.5,none,True,True
36791,1.0,0.0,0.5,none,True,True
36792,1.0,0.0,0.5,none,True,True
36793,1.0,0.0,0.5,none,True,True
36794,1.0,0.0,0.5,none,True,True
36795,1.0,0.0,0.5,none,True,True
36796,1.0,0.0,0.5,none,True,True
36797,1.0,0.0,0.5,none,True,True
36798,1.0,0.0,0.5,none,True,True
36799,1.0,0.0,0.5,none,True,True
36800,1.0,0.0,0.5,none,True,True
36801,1.0,0.0,0.5,none,True,True
36802,1.0,0.0,0.5,none,True,True
36803,1.0,0.0,0.5,none,True,True
36804,1.0,0.0,0.5,none,True,True
36805,1.0,0.0,0.5,none,True,True
36806,1.0,0.0,0.5,none,True,True
36807,1.0,0.0,0.5,none,True,True
36808,1.0,0.0,0.5,none,True,True
36809,1.0,0.0,0.5,none,True,True
36810,1.0,0.0,0.5,none,True,True
36811,1.0,0.0,0.5,none,True,True
36812,1.0,0.0,0.5,none,True,True
36813,1.0,0.0,0.5,none,True,True
36814,1.0,0.0,0.5,none,True,True
36815,1.0,0.0,0.5,none,True,True
36816,1.0,0.0,0.5,none,True,True
36817,1.0,0.0,0.5,none,True,True
36818,1.0,0.0,0.5,none,True,True
36819,1.0,0.0,0.5,none,True,True
36820,1.0,0.0,0.5,none,True,True
36821,1.0,0.0,0.5,none,True,True
36822,1.0,0.0,0.5,none,True,True
36823,1.0,0.0,0.5,none,True,True
36824,1.0,0.0,0.5,none,True,True
36825,1.0,0.0,0.5,none,True,True
36826,1.0,0.0,0.5,none,True,True
36827,1.0,0.0,0.5,none,True,True
36828,1.0,0.0,0.5,none,True,True
36829,1.0,0.0,0.5,none,True,True
36830,1.0,0.0,0.5,none,True,True
36831,1.0,0.0,0.5,none,True,True
36832,1.0,0.0,0.5,none,True,True
36833,1.0,0.0,0.5,none,True,True
36834,1.0,0.0,0.5,none,True,True
36835,1.0,0.0,0.5,none,True,True
36836,1.0,0.0,0.5,none,True,True
36837,1.0,0.0,0.5,none,True,True
36838,1.0,0.0,0.5,none,True,True
36839,1.0,0.0,0.5,none,True,True
36840,1.0,0.0,0.5,none,True,True
36841,1.0,0.0,0.5,none,True,True
36842,1.0,0.0,0.5,none,True,True
36843,1.0,0.0,0.5,none,True,True
36844,1.0,0.0,0.5,none,True,True
36845,1.0,0.0,0.5,none,True,True
36846,1.0,0.0,0.5,none,True,True
36847,1.0,0.0,0.5,none,True,True
36848,1.0,0.0,0.5,none,True,True
36849,1.0,0.0,0.5,none,True,True
36850,1.0,0.0,0.5,none,True,True
36851,1.0,0.0,0.5,none,True,True
36852,1.0,0.0,0.5,none,True,True
36853,1.0,0.0,0.5,none,True,True
36854,1.0,0.0,0.5,none,True,True
36855,1.0,0.0,0.5,none,True,True
36856,1.0,0.0,0.5,none,True,True
36857,1.0,0.0,0.5,none,True,True
36858,1.0,0.0,0.5,none,True,True
36859,1.0,0.0,0.5,none,True,True
36860,1.0,0.0,0.5,none,True,True
36861,1.0,0.0,0.5,none,True,True
36862,1.0,0.0,0.5,none,True,True
36863,1.0,0.0,0.5,none,True,True
36864,1.0,0.0,0.5,none,True,True
36865,1.0,0.0,0.5,none,True,True
36866,1.0,0.0,0.5,none,True,True
36867,1.0,0.0,0.5,none,True,True
36868,1.0,0.0,0.5,none,True,True
36869,1.0,0.0,0.5,none,True,True
36870,1.0,0.0,0.5,none,True,True
36871,1.0,0.0,0.5,none,True,True
36872,1.0,0.0,0.5,none,True,True
36873,1.0,0.0,0.5,none,True,True
36874,1.0,0.0,0.5,none,True,True
36875,1.0,0.0,0.5,none,True,True
36876,1.0,0.0,0.5,none,True,True
36877,1.0,0.0,0.5,none,True,True
36878,1.0,0.0,0.5,none,True,True
36879,1.0,0.0,0.5,none,True,True
36880,1.0,0.0,0.5,none,True,True
36881,1.0,0.0,0.5,none,True,True
36882,1.0,0.0,0.5,none,True,True
36883,1.0,0.0,0.5,none,True,True
36884,1.0,0.0,0.5,none,True,True
36885,1.0,0.0,0.5,none,True,True
36886,1.0,0.0,0.5,none,True,True
36887,1.0,0.0,0.5,none,True,True
36888,1.0,0.0,0.5,none,True,True
36889,1.0,0.0,0.5,none,True,True
36890,1.0,0.0,0.5,none,True,True
36891,1.0,0.0,0.5,none,True,True
36892,1.0,0.0,0.5,none,True,True
36893,1.0,0.0,0.5,none,True,True
36894,1.0,0.0,0.5,none,True,True
36895,1.0,0.0,0.5,none,True,True
36896,1.0,0.0,0.5,none,True,True
36897,1.0,0.0,0.5,none,True,True
36898,1.0,0.0,0.5,none,True,True
36899,1.0,0.0,0.5,none,True,True
36900,1.0,0.0,0.5,none,True,True
36901,1.0,0.0,0.5,none,True,True
36902,1.0,0.0,0.5,none,True,True
36903,1.0,0.0,0.5,none,True,True
36904,1.0,0.0,0.5,none,True,True
36905,1.0,0.0,0.5,none,True,True
36906,1.0,0.0,0.5,none,True,True
36907,1.0,0.0,0.5,none,True,True
36908,1.0,0.0,0.5,none,True,True
36909,1.0,0.0,0.5,none,True,True
36910,1.0,0.0,0.5,none,True,True
36911,1.0,0.0,0.5,none,True,True
36912,1.0,0.0,0.5,none,True,True
36913,1.0,0.0,0.5,none,True,True
36914,1.0,0.0,0.5,none,True,True
36915,1.0,0.0,0.5,none,True,True
36916,1.0,0.0,0.5,none,True,True
36917,1.0,0.0,0.5,none,True,True
36918,1.0,0.0,0.5,none,True,True
36919,1.0,0.0,0.5,none,True,True
36920,1.0,0.0,0.5,none,True,True
36921,1.0,0.0,0.5,none,True,True
36922,1.0,0.0,0.5,none,True,True
36923,1.0,0.0,0.5,none,True,True
36924,1.0,0.0,0.5,none,True,True
36925,1.0,0.0,0.5,none,True,True
36926,1.0,0.0,0.5,none,True,True
36927,1.0,0.0,0.5,none,True,True
36928,1.0,0.0,0.5,none,True,True
36929,1.0,0.0,0.5,none,True,True
36930,1.0,0.0,0.5,none,True,True
36931,1.0,0.0,0.5,none,True,True
36932,1.0,0.0,0.5,none,True,True
36933,1.0,0.0,0.5,none,True,True
36934,1.0,0.0,0.5,none,True,True
36935,1.0,0.0,0.5,none,True,True
36936,1.0,0.0,0.5,none,True,True
36937,1.0,0.0,0.5,none,True,True
36938,1.0,0.0,0.5,none,True,True
36939,1.0,0.0,0.5,none,True,True
36940,1.0,0.0,0.5,none,True,True
36941,1.0,0.0,0.5,none,True,True
36942,1.0,0.0,0.5,none,True,True
36943,1.0,0.0,0.5,none,True,True
36944,1.0,0.0,0.5,none,True,True
36945,1.0,0.0,0.5,none,True,True
36946,1.0,0.0,0.5,none,True,True
36947,1.0,0.0,0.5,none,True,True
36948,1.0,0.0,0.5,none,True,True
36949,1.0,0.0,0.5,none,True,True
36950,1.0,0.0,0.5,none,True,True
36951,1.0,0.0,0.5,none,True,True
36952,1.0,0.0,0.5,none,True,True
36953,1.0,0.0,0.5,none,True,True
36954,1.0,0.0,0.5,none,True,True
36955,1.0,0.0,0.5,none,True,True
36956,1.0,0.0,0.5,none,True,True
36957,1.0,0.0,0.5,none,True,True
36958,1.0,0.0,0.5,none,True,True
36959,1.0,0.0,0.5,none,True,True
36960,1.0,0.0,0.5,none,True,True
36961,1.0,0.0,0.5,none,True,True
36962,1.0,0.0,0.5,none,True,True
36963,1.0,0.0,0.5,none,True,True
36964,1.0,0.0,0.5,none,True,True
36965,1.0,0.0,0.5,none,True,True
36966,1.0,0.0,0.5,none,True,True
36967,1.0,0.0,0.5,none,True,True
36968,1.0,0.0,0.5,none,True,True
36969,1.0,0.0,0.5,none,True,True
36970,1.0,0.0,0.5,none,True,True
36971,1.0,0.0,0.5,none,True,True
36972,1.0,0.0,0.5,none,True,True
36973,1.0,0.0,0.5,none,True,True
36974,1.0,0.0,0.5,none,True,True
36975,1.0,0.0,0.5,none,True,True
36976,1.0,0.0,0.5,none,True,True
36977,1.0,0.0,0.5,none,True,True
36978,1.0,0.0,0.5,none,True,True
36979,1.0,0.0,0.5,none,True,True
36980,1.0,0.0,0.5,none,True,True
36981,1.0,0.0,0.5,none,True,True
36982,1.0,0.0,0.5,none,True,True
36983,1.0,0.0,0.5,none,True,True
36984,1.0,0.0,0.5,none,True,True
36985,1.0,0.0,0.5,none,True,True
36986,1.0,0.0,0.5,none,True,True
36987,1.0,0.0,0.5,none,True,True
36988,1.0,0.0,0.5,none,True,True
36989,1.0,0.0,0.5,none,True,True
36990,1.0,0.0,0.5,none,True,True
36991,1.0,0.0,0.5,none,True,True
36992,1.0,0.0,0.5,none,True,True
36993,1.0,0.0,0.5,none,True,True
36994,1.0,0.0,0.5,none,True,True
36995,1.0,0.0,0.5,none,True,True
36996,1.0,0.0,0.5,none,True,True
36997,1.0,0.0,0.5,none,True,True
36998,1.0,0.0,0.5,none,True,True
36999,1.0,0.0,0.5,none,True,True
37000,1.0,0.0,0.5,none,True,True
37001,1.0,0.0,0.5,none,True,True
37002,1.0,0.0,0.5,none,True,True
37003,1.0,0.0,0.5,none,True,True
37004,1.0,0.0,0.5,none,True,True
37005,1.0,0.0,0.5,none,True,True
37006,1.0,0.0,0.5,none,True,True
37007,1.0,0.0,0.5,none,True,True
37008,1.0,0.0,0.5,none,True,True
37009,1.0,0.0,0.5,none,True,True
37010,1.0,0.0,0.5,none,True,True
37011,1.0,0.0,0.5,none,True,True
37012,1.0,0.0,0.5,none,True,True
37013,1.0,0.0,0.5,none,True,True
37014,1.0,0.0,0.5,none,True,True
37015,1.0,0.0,0.5,none,True,True
37016,1.0,0.0,0.5,none,True,True
37017,1.0,0.0,0.5,none,True,True
37018,1.0,0.0,0.5,none,True,True
37019,1.0,0.0,0.5,none,True,True
37020,1.0,0.0,0.5,none,True,True
37021,1.0,0.0,0.5,none,True,True
37022,1.0,0.0,0.5,none,True,True
37023,1.0,0.0,0.5,none,True,True
37024,1.0,0.0,0.5,none,True,True
37025,1.0,0.0,0.5,none,True,True
37026,1.0,0.0,0.5,none,True,True
37027,1.0,0.0,0.5,none,True,True
37028,1.0,0.0,0.5,none,True,True
37029,1.0,0.0,0.5,none,True,True
37030,1.0,0.0,0.5,none,True,True
37031,1.0,0.0,0.5,none,True,True
37032,1.0,0.0,0.5,none,True,True
37033,1.0,0.0,0.5,none,True,True
37034,1.0,0.0,0.5,none,True,True
37035,1.0,0.0,0.5,none,True,True
37036,1.0,0.0,0.5,none,True,True
37037,1.0,0.0,0.5,none,True,True
37038,1.0,0.0,0.5,none,True,True
37039,1.0,0.0,0.5,none,True,True
37040,1.0,0.0,0.5,none,True,True
37041,1.0,0.0,0.5,none,True,True
37042,1.0,0.0,0.5,none,True,True
37043,1.0,0.0,0.5,none,True,True
37044,1.0,0.0,0.5,none,True,True
37045,1.0,0.0,0.5,none,True,True
37046,1.0,0.0,0.5,none,True,True
37047,1.0,0.0,0.5,none,True,True
37048,1.0,0.0,0.5,none,True,True
37049,1.0,0.0,0.5,none,True,True
37050,1.0,0.0,0.5,none,True,True
37051,1.0,0.0,0.5,none,True,True
37052,1.0,0.0,0.5,none,True,True
37053,1.0,0.0,0.5,none,True,True
37054,1.0,0.0,0.5,none,True,True
37055,1.0,0.0,0.5,none,True,True
37056,1.0,0.0,0.5,none,True,True
37057,1.0,0.0,0.5,none,True,True
37058,1.0,0.0,0.5,none,True,True
37059,1.0,0.0,0.5,none,True,True
37060,1.0,0.0,0.5,none,True,True
37061,1.0,0.0,0.5,none,True,True
37062,1.0,0.0,0.5,none,True,True
37063,1.0,0.0,0.5,none,True,True
37064,1.0,0.0,0.5,none,True,True
37065,1.0,0.0,0.5,none,True,True
37066,1.0,0.0,0.5,none,True,True
37067,1.0,0.0,0.5,none,True,True
37068,1.0,0.0,0.5,none,True,True
37069,1.0,0.0,0.5,none,True,True
37070,1.0,0.0,0.5,none,True,True
37071,1.0,0.0,0.5,none,True,True
37072,1.0,0.0,0.5,none,True,True
37073,1.0,0.0,0.5,none,True,True
37074,1.0,0.0,0.5,none,True,True
37075,1.0,0.0,0.5,none,True,True
37076,1.0,0.0,0.5,none,True,True
37077,1.0,0.0,0.5,none,True,True
37078,1.0,0.0,0.5,none,True,True
37079,1.0,0.0,0.5,none,True,True
37080,1.0,0.0,0.5,none,True,True
37081,1.0,0.0,0.5,none,True,True
37082,1.0,0.0,0.5,none,True,True
37083,1.0,0.0,0.5,none,True,True
37084,1.0,0.0,0.5,none,True,True
37085,1.0,0.0,0.5,none,True,True
37086,1.0,0.0,0.5,none,True,True
37087,1.0,0.0,0.5,none,True,True
37088,1.0,0.0,0.5,none,True,True
37089,1.0,0.0,0.5,none,True,True
37090,1.0,0.0,0.5,none,True,True
37091,1.0,0.0,0.5,none,True,True
37092,1.0,0.0,0.5,none,True,True
37093,1.0,0.0,0.5,none,True,True
37094,1.0,0.0,0.5,none,True,True
37095,1.0,0.0,0.5,none,True,True
37096,1.0,0.0,0.5,none,True,True
37097,1.0,0.0,0.5,none,True,True
37098,1.0,0.0,0.5,none,True,True
37099,1.0,0.0,0.5,none,True,True
37100,1.0,0.0061,0.5,none,True,True
37101,1.0,0.0357,0.5,none,True,True
37102,1.0,0.0812,0.5,none,True,True
37103,1.0,0.1113,0.5,none,True,True
37104,1.0,0.1253,0.5,none,True,True
37105,1.0,0.1408,0.5,none,True,True
37106,1.0,0.0907,0.5,none,True,True
37107,1.0,0.1198,0.5,none,True,True
37108,1.0,0.0467,0.5,none,True,True
37109,1.0,0.0522,0.5,none,True,True
37110,1.0,0.0405,0.5,none,True,True
37111,1.0,0.0313,0.5,none,True,True
37112,1.0,0.0083,0.5,none,True,True
37113,1.0,0.0726,0.5,none,True,True
37114,1.0,0.0793,0.5,none,True,True
37115,1.0,0.0581,0.5,none,True,True
37116,1.0,0.0955,0.5,none,True,True
37117,1.0,0.0839,0.5,none,True,True
37118,1.0,0.0648,0.5,none,True,True
37119,1.0,0.0718,0.5,none,True,True
37120,1.0,0.0589,0.5,none,True,True
37121,1.0,0.0403,0.5,none,True,True
37122,1.0,0.0327,0.5,none,True,True
37123,1.0,0.0277,0.5,none,True,True
37124,1.0,0.017,0.5,none,True,True
37125,1.0,0.0102,0.5,none,True,True
37126,1.0,0.0099,0.5,none,True,True
37127,1.0,0.008,0.5,none,True,True
37128,1.0,0.005,0.5,none,True,True
37129,1.0,0.0063,0.5,none,True,True
37130,1.0,0.009,0.5,none,True,True
37131,1.0,0.0096,0.5,none,True,True
37132,1.0,0.0108,0.5,none,True,True
37133,1.0,0.014,0.5,none,True,True
37134,1.0,0.0161,0.5,none,True,True
37135,1.0,0.0167,0.5,none,True,True
37136,1.0,0.0182,0.5,none,True,True
37137,1.0,0.0196,0.5,none,True,True
37138,1.0,0.0197,0.5,none,True,True
37139,1.0,0.0193,0.5,none,True,True
37140,1.0,0.0193,0.5,none,True,True
37141,1.0,0.0187,0.5,none,True,True
37142,1.0,0.0174,0.5,none,True,True
37143,1.0,0.0163,0.5,none,True,True
37144,1.0,0.0152,0.5,none,True,True
37145,1.0,0.0138,0.5,none,True,True
37146,1.0,0.0123,0.5,none,True,True
37147,1.0,0.0111,0.5,none,True,True
37148,1.0,0.01,0.5,none,True,True
37149,1.0,0.0088,0.5,none,True,True
37150,1.0,0.0078,0.5,none,True,True
37151,1.0,0.0071,0.5,none,True,True
37152,1.0,0.0064,0.5,none,True,True
37153,1.0,0.0057,0.5,none,True,True
37154,1.0,0.0053,0.5,none,True,True
37155,1.0,0.005,0.5,none,True,True
37156,1.0,0.0047,0.5,none,True,True
37157,1.0,0.0045,0.5,none,True,True
37158,1.0,0.0044,0.5,none,True,True
37159,1.0,0.0043,0.5,none,True,True
37160,1.0,0.0042,0.5,none,True,True
37161,1.0,0.0041,0.5,none,True,True
37162,1.0,0.004,0.5,none,True,True
37163,1.0,0.0039,0.5,none,True,True
37164,1.0,0.0038,0.5,none,True,True
37165,1.0,0.0037,0.5,none,True,True
37166,1.0,0.0035,0.5,none,True,True
37167,1.0,0.0033,0.5,none,True,True
37168,1.0,0.0032,0.5,none,True,True
37169,1.0,0.003,0.5,none,True,True
37170,1.0,0.0028,0.5,none,True,True
37171,1.0,0.0026,0.5,none,True,True
37172,1.0,0.0024,0.5,none,True,True
37173,1.0,0.0023,0.5,none,True,True
37174,1.0,0.0021,0.5,none,True,True
37175,1.0,0.0019,0.5,none,True,True
37176,1.0,0.0018,0.5,none,True,True
37177,1.0,0.0017,0.5,none,True,True
37178,1.0,0.0015,0.5,none,True,True
37179,1.0,0.0014,0.5,none,True,True
37180,1.0,0.0013,0.5,none,True,True
37181,1.0,0.0013,0.5,none,True,True
37182,1.0,0.0012,0.5,none,True,True
37183,1.0,0.0011,0.5,none,True,True
37184,1.0,0.0011,0.5,none,True,True
37185,1.0,0.001,0.5,none,True,True
37186,1.0,0.001,0.5,none,True,True
37187,1.0,0.0009,0.5,none,True,True
37188,1.0,0.0009,0.5,none,True,True
37189,1.0,0.0008,0.5,none,True,True
37190,1.0,0.0008,0.5,none,True,True
37191,1.0,0.0008,0.5,none,True,True
37192,1.0,0.0007,0.5,none,True,True
37193,1.0,0.0007,0.5,none,True,True
37194,1.0,0.0006,0.5,none,True,True
37195,1.0,0.0006,0.5,none,True,True
37196,1.0,0.0006,0.5,none,True,True
37197,1.0,0.0005,0.5,none,True,True
37198,1.0,0.0005,0.5,none,True,True
37199,1.0,0.0005,0.5,none,True,True
37200,1.0,0.0004,0.5,none,True,True
37201,1.0,0.0004,0.5,none,True,True
37202,1.0,0.0004,0.5,none,True,True
37203,1.0,0.0004,0.5,none,True,True
37204,1.0,0.0003,0.5,none,True,True
37205,1.0,0.0003,0.5,none,True,True
37206,1.0,0.0003,0.5,none,True,True
37207,1.0,0.0003,0.5,none,True,True
37208,1.0,0.0003,0.5,none,True,True
37209,1.0,0.0003,0.5,none,True,True
37210,1.0,0.0002,0.5,none,True,True
37211,1.0,0.0002,0.5,none,True,True
37212,1.0,0.0002,0.5,none,True,True
37213,1.0,0.0002,0.5,none,True,True
37214,1.0,0.0002,0.5,none,True,True
37215,1.0,0.0002,0.5,none,True,True
37216,1.0,0.0002,0.5,none,True,True
37217,1.0,0.0002,0.5,none,True,True
37218,1.0,0.0002,0.5,none,True,True
37219,1.0,0.0001,0.5,none,True,True
37220,1.0,0.0001,0.5,none,True,True
37221,1.0,0.0001,0.5,none,True,True
37222,1.0,0.0001,0.5,none,True,True
37223,1.0,0.0001,0.5,none,True,True
37224,1.0,0.0001,0.5,none,True,True
37225,1.0,0.0001,0.5,none,True,True
37226,1.0,0.0001,0.5,none,True,True
37227,1.0,0.0001,0.5,none,True,True
37228,1.0,0.0001,0.5,none,True,True
37229,1.0,0.0001,0.5,none,True,True
37230,1.0,0.0001,0.5,none,True,True
37231,1.0,0.0001,0.5,none,True,True
37232,1.0,0.0001,0.5,none,True,True
37233,1.0,0.0001,0.5,none,True,True
37234,1.0,0.0001,0.5,none,True,True
37235,1.0,0.0001,0.5,none,True,True
37236,1.0,0.0001,0.5,none,True,True
37237,1.0,0.0,0.5,none,True,True
37238,1.0,0.0,0.5,none,True,True
37239,1.0,0.0,0.5,none,True,True
37240,1.0,0.0,0.5,none,True,True
37241,1.0,0.0,0.5,none,True,True
37242,1.0,0.0,0.5,none,True,True
37243,1.0,0.0,0.5,none,True,True
37244,1.0,0.0,0.5,none,True,True
37245,1.0,0.0,0.5,none,True,True
37246,1.0,0.0,0.5,none,True,True
37247,1.0,0.0,0.5,none,True,True
37248,1.0,0.0,0.5,none,True,True
37249,1.0,0.0,0.5,none,True,True
37250,1.0,0.0,0.5,none,True,True
37251,1.0,0.0,0.5,none,True,True
37252,1.0,0.0,0.5,none,True,True
37253,1.0,0.0,0.5,none,True,True
37254,1.0,0.0,0.5,none,True,True
37255,1.0,0.0,0.5,none,True,True
37256,1.0,0.0,0.5,none,True,True
37257,1.0,0.0,0.5,none,True,True
37258,1.0,0.0,0.5,none,True,True
37259,1.0,0.0,0.5,none,True,True
37260,1.0,0.0,0.5,none,True,True
37261,1.0,0.0,0.5,none,True,True
37262,1.0,0.0,0.5,none,True,True
37263,1.0,0.0,0.5,none,True,True
37264,1.0,0.0,0.5,none,True,True
37265,1.0,0.0,0.5,none,True,True
37266,1.0,0.0,0.5,none,True,True
37267,1.0,0.0,0.5,none,True,True
37268,1.0,0.0,0.5,none,True,True
37269,1.0,0.0,0.5,none,True,True
37270,1.0,0.0,0.5,none,True,True
37271,1.0,0.0,0.5,none,True,True
37272,1.0,0.0,0.5,none,True,True
37273,1.0,0.0,0.5,none,True,True
37274,1.0,0.0,0.5,none,True,True
37275,1.0,0.0,0.5,none,True,True
37276,1.0,0.0,0.5,none,True,True
37277,1.0,0.0,0.5,none,True,True
37278,1.0,0.0,0.5,none,True,True
37279,1.0,0.0,0.5,none,True,True
37280,1.0,0.0,0.5,none,True,True
37281,1.0,0.0,0.5,none,True,True
37282,1.0,0.0,0.5,none,True,True
37283,1.0,0.0,0.5,none,True,True
37284,1.0,0.0,0.5,none,True,True
37285,1.0,0.0,0.5,none,True,True
37286,1.0,0.0,0.5,none,True,True
37287,1.0,0.0,0.5,none,True,True
37288,1.0,0.0,0.5,none,True,True
37289,1.0,0.0,0.5,none,True,True
37290,1.0,0.0,0.5,none,True,True
37291,1.0,0.0,0.5,none,True,True
37292,1.0,0.0,0.5,none,True,True
37293,1.0,0.0,0.5,none,True,True
37294,1.0,0.0,0.5,none,True,True
37295,1.0,0.0,0.5,none,True,True
37296,1.0,0.0,0.5,none,True,True
37297,1.0,0.0,0.5,none,True,True
37298,1.0,0.0,0.5,none,True,True
37299,1.0,0.0,0.5,none,True,True
37300,1.0,0.0,0.5,none,True,True
37301,1.0,0.0,0.5,none,True,True
37302,1.0,0.0,0.5,none,True,True
37303,1.0,0.0,0.5,none,True,True
37304,1.0,0.0,0.5,none,True,True
37305,1.0,0.0,0.5,none,True,True
37306,1.0,0.0,0.5,none,True,True
37307,1.0,0.0,0.5,none,True,True
37308,1.0,0.0,0.5,none,True,True
37309,1.0,0.0,0.5,none,True,True
37310,1.0,0.0,0.5,none,True,True
37311,1.0,0.0,0.5,none,True,True
37312,1.0,0.0,0.5,none,True,True
37313,1.0,0.0,0.5,none,True,True
37314,1.0,0.0,0.5,none,True,True
37315,1.0,0.0,0.5,none,True,True
37316,1.0,0.0,0.5,none,True,True
37317,1.0,0.0,0.5,none,True,True
37318,1.0,0.0,0.5,none,True,True
37319,1.0,0.0,0.5,none,True,True
37320,1.0,0.0,0.5,none,True,True
37321,1.0,0.0,0.5,none,True,True
37322,1.0,0.0,0.5,none,True,True
37323,1.0,0.0,0.5,none,True,True
37324,1.0,0.0,0.5,none,True,True
37325,1.0,0.0,0.5,none,True,True
37326,1.0,0.0,0.5,none,True,True
37327,1.0,0.0,0.5,none,True,True
37328,1.0,0.0,0.5,none,True,True
37329,1.0,0.0,0.5,none,True,True
37330,1.0,0.0,0.5,none,True,True
37331,1.0,0.0,0.5,none,True,True
37332,1.0,0.0,0.5,none,True,True
37333,1.0,0.0,0.5,none,True,True
37334,1.0,0.0,0.5,none,True,True
37335,1.0,0.0,0.5,none,True,True
37336,1.0,0.0,0.5,none,True,True
37337,1.0,0.0,0.5,none,True,True
37338,1.0,0.0,0.5,none,True,True
37339,1.0,0.0,0.5,none,True,True
37340,1.0,0.0,0.5,none,True,True
37341,1.0,0.0,0.5,none,True,True
37342,1.0,0.0,0.5,none,True,True
37343,1.0,0.0,0.5,none,True,True
37344,1.0,0.0,0.5,none,True,True
37345,1.0,0.0,0.5,none,True,True
37346,1.0,0.0,0.5,none,True,True
37347,1.0,0.0,0.5,none,True,True
37348,1.0,0.0,0.5,none,True,True
37349,1.0,0.0,0.5,none,True,True
37350,1.0,0.0,0.5,none,True,True
37351,1.0,0.0,0.5,none,True,True
37352,1.0,0.0,0.5,none,True,True
37353,1.0,0.0,0.5,none,True,True
37354,1.0,0.0,0.5,none,True,True
37355,1.0,0.0,0.5,none,True,True
37356,1.0,0.0,0.5,none,True,True
37357,1.0,0.0,0.5,none,True,True
37358,1.0,0.0,0.5,none,True,True
37359,1.0,0.0,0.5,none,True,True
37360,1.0,0.0,0.5,none,True,True
37361,1.0,0.0,0.5,none,True,True
37362,1.0,0.0,0.5,none,True,True
37363,1.0,0.0,0.5,none,True,True
37364,1.0,0.0,0.5,none,True,True
37365,1.0,0.0,0.5,none,True,True
37366,1.0,0.0,0.5,none,True,True
37367,1.0,0.0,0.5,none,True,True
37368,1.0,0.0,0.5,none,True,True
37369,1.0,0.0,0.5,none,True,True
37370,1.0,0.0,0.5,none,True,True
37371,1.0,0.0,0.5,none,True,True
37372,1.0,0.0,0.5,none,True,True
37373,1.0,0.0,0.5,none,True,True
37374,1.0,0.0,0.5,none,True,True
37375,1.0,0.0,0.5,none,True,True
37376,1.0,0.0,0.5,none,True,True
37377,1.0,0.0,0.5,none,True,True
37378,1.0,0.0,0.5,none,True,True
37379,1.0,0.0,0.5,none,True,True
37380,1.0,0.0,0.5,none,True,True
37381,1.0,0.0,0.5,none,True,True
37382,1.0,0.0,0.5,none,True,True
37383,1.0,0.0,0.5,none,True,True
37384,1.0,0.0,0.5,none,True,True
37385,1.0,0.0,0.5,none,True,True
37386,1.0,0.0,0.5,none,True,True
37387,1.0,0.0,0.5,none,True,True
37388,1.0,0.0,0.5,none,True,True
37389,1.0,0.0,0.5,none,True,True
37390,1.0,0.0,0.5,none,True,True
37391,1.0,0.0,0.5,none,True,True
37392,1.0,0.0,0.5,none,True,True
37393,1.0,0.0,0.5,none,True,True
37394,1.0,0.0,0.5,none,True,True
37395,1.0,0.0,0.5,none,True,True
37396,1.0,0.0,0.5,none,True,True
37397,1.0,0.0,0.5,none,True,True
37398,1.0,0.0,0.5,none,True,True
37399,1.0,0.0,0.5,none,True,True
37400,1.0,0.0,0.5,none,True,True
37401,1.0,0.0,0.5,none,True,True
37402,1.0,0.0,0.5,none,True,True
37403,1.0,0.0,0.5,none,True,True
37404,1.0,0.0,0.5,none,True,True
37405,1.0,0.0,0.5,none,True,True
37406,1.0,0.0,0.5,none,True,True
37407,1.0,0.0,0.5,none,True,True
37408,1.0,0.0,0.5,none,True,True
37409,1.0,0.0,0.5,none,True,True
37410,1.0,0.0,0.5,none,True,True
37411,1.0,0.0,0.5,none,True,True
37412,1.0,0.0,0.5,none,True,True
37413,1.0,0.0,0.5,none,True,True
37414,1.0,0.0,0.5,none,True,True
37415,1.0,0.0,0.5,none,True,True
37416,1.0,0.0,0.5,none,True,True
37417,1.0,0.0,0.5,none,True,True
37418,1.0,0.0,0.5,none,True,True
37419,1.0,0.0,0.5,none,True,True
37420,1.0,0.0,0.5,none,True,True
37421,1.0,0.0,0.5,none,True,True
37422,1.0,0.0,0.5,none,True,True
37423,1.0,0.0,0.5,none,True,True
37424,1.0,0.0,0.5,none,True,True
37425,1.0,0.0,0.5,none,True,True
37426,1.0,0.0,0.5,none,True,True
37427,1.0,0.0,0.5,none,True,True
37428,1.0,0.0,0.5,none,True,True
37429,1.0,0.0,0.5,none,True,True
37430,1.0,0.0,0.5,none,True,True
37431,1.0,0.0,0.5,none,True,True
37432,1.0,0.0,0.5,none,True,True
37433,1.0,0.0,0.5,none,True,True
37434,1.0,0.0,0.5,none,True,True
37435,1.0,0.0,0.5,none,True,True
37436,1.0,0.0,0.5,none,True,True
37437,1.0,0.0,0.5,none,True,True
37438,1.0,0.0,0.5,none,True,True
37439,1.0,0.0,0.5,none,True,True
37440,1.0,0.0,0.5,none,True,True
37441,1.0,0.0,0.5,none,True,True
37442,1.0,0.0,0.5,none,True,True
37443,1.0,0.0,0.5,none,True,True
37444,1.0,0.0,0.5,none,True,True
37445,1.0,0.0,0.5,none,True,True
37446,1.0,0.0,0.5,none,True,True
37447,1.0,0.0,0.5,none,True,True
37448,1.0,0.0,0.5,none,True,True
37449,1.0,0.0,0.5,none,True,True
37450,1.0,0.0,0.5,none,True,True
37451,1.0,0.0,0.5,none,True,True
37452,1.0,0.0,0.5,none,True,True
37453,1.0,0.0,0.5,none,True,True
37454,1.0,0.0,0.5,none,True,True
37455,1.0,0.0,0.5,none,True,True
37456,1.0,0.0,0.5,none,True,True
37457,1.0,0.0,0.5,none,True,True
37458,1.0,0.0,0.5,none,True,True
37459,1.0,0.0,0.5,none,True,True
37460,1.0,0.0,0.5,none,True,True
37461,1.0,0.0,0.5,none,True,True
37462,1.0,0.0,0.5,none,True,True
37463,1.0,0.0,0.5,none,True,True
37464,1.0,0.0,0.5,none,True,True
37465,1.0,0.0,0.5,none,True,True
37466,1.0,0.0,0.5,none,True,True
37467,1.0,0.0,0.5,none,True,True
37468,1.0,0.0,0.5,none,True,True
37469,1.0,0.0,0.5,none,True,True
37470,1.0,0.0,0.5,none,True,True
37471,1.0,0.0,0.5,none,True,True
37472,1.0,0.0,0.5,none,True,True
37473,1.0,0.0,0.5,none,True,True
37474,1.0,0.0,0.5,none,True,True
37475,1.0,0.0,0.5,none,True,True
37476,1.0,0.0,0.5,none,True,True
37477,1.0,0.0,0.5,none,True,True
37478,1.0,0.0,0.5,none,True,True
37479,1.0,0.0,0.5,none,True,True
37480,1.0,0.0,0.5,none,True,True
37481,1.0,0.0,0.5,none,True,True
37482,1.0,0.0,0.5,none,True,True
37483,1.0,0.0,0.5,none,True,True
37484,1.0,0.0,0.5,none,True,True
37485,1.0,0.0,0.5,none,True,True
37486,1.0,0.0,0.5,none,True,True
37487,1.0,0.0,0.5,none,True,True
37488,1.0,0.0,0.5,none,True,True
37489,1.0,0.0,0.5,none,True,True
37490,1.0,0.0,0.5,none,True,True
37491,1.0,0.0,0.5,none,True,True
37492,1.0,0.0,0.5,none,True,True
37493,1.0,0.0,0.5,none,True,True
37494,1.0,0.0,0.5,none,True,True
37495,1.0,0.0,0.5,none,True,True
37496,1.0,0.0,0.5,none,True,True
37497,1.0,0.0,0.5,none,True,True
37498,1.0,0.0,0.5,none,True,True
37499,1.0,0.0,0.5,none,True,True
37500,1.0,0.0,0.5,none,True,True
37501,1.0,0.0,0.5,none,True,True
37502,1.0,0.0,0.5,none,True,True
37503,1.0,0.0,0.5,none,True,True
37504,1.0,0.0,0.5,none,True,True
37505,1.0,0.0,0.5,none,True,True
37506,1.0,0.0,0.5,none,True,True
37507,1.0,0.0,0.5,none,True,True
37508,1.0,0.0,0.5,none,True,True
37509,1.0,0.0,0.5,none,True,True
37510,1.0,0.0,0.5,none,True,True
37511,1.0,0.0,0.5,none,True,True
37512,1.0,0.0,0.5,none,True,True
37513,1.0,0.0,0.5,none,True,True
37514,1.0,0.0,0.5,none,True,True
37515,1.0,0.0,0.5,none,True,True
37516,1.0,0.0,0.5,none,True,True
37517,1.0,0.0,0.5,none,True,True
37518,1.0,0.0,0.5,none,True,True
37519,1.0,0.0,0.5,none,True,True
37520,1.0,0.0,0.5,none,True,True
37521,1.0,0.0,0.5,none,True,True
37522,1.0,0.0,0.5,none,True,True
37523,1.0,0.0,0.5,none,True,True
37524,1.0,0.0,0.5,none,True,True
37525,1.0,0.0,0.5,none,True,True
37526,1.0,0.0,0.5,none,True,True
37527,1.0,0.0,0.5,none,True,True
37528,1.0,0.0,0.5,none,True,True
37529,1.0,0.0,0.5,none,True,True
37530,1.0,0.0,0.5,none,True,True
37531,1.0,0.0,0.5,none,True,True
37532,1.0,0.0,0.5,none,True,True
37533,1.0,0.0,0.5,none,True,True
37534,1.0,0.0,0.5,none,True,True
37535,1.0,0.0,0.5,none,True,True
37536,1.0,0.0,0.5,none,True,True
37537,1.0,0.0,0.5,none,True,True
37538,1.0,0.0,0.5,none,True,True
37539,1.0,0.0,0.5,none,True,True
37540,1.0,0.0,0.5,none,True,True
37541,1.0,0.0,0.5,none,True,True
37542,1.0,0.0,0.5,none,True,True
37543,1.0,0.0,0.5,none,True,True
37544,1.0,0.0,0.5,none,True,True
37545,1.0,0.0,0.5,none,True,True
37546,1.0,0.0,0.5,none,True,True
37547,1.0,0.0,0.5,none,True,True
37548,1.0,0.0,0.5,none,True,True
37549,1.0,0.0,0.5,none,True,True
37550,1.0,0.0,0.5,none,True,True
37551,1.0,0.0,0.5,none,True,True
37552,1.0,0.0,0.5,none,True,True
37553,1.0,0.0,0.5,none,True,True
37554,1.0,0.0,0.5,none,True,True
37555,1.0,0.0,0.5,none,True,True
37556,1.0,0.0,0.5,none,True,True
37557,1.0,0.0,0.5,none,True,True
37558,1.0,0.0,0.5,none,True,True
37559,1.0,0.0,0.5,none,True,True
37560,1.0,0.0,0.5,none,True,True
37561,1.0,0.0,0.5,none,True,True
37562,1.0,0.0,0.5,none,True,True
37563,1.0,0.0,0.5,none,True,True
37564,1.0,0.0,0.5,none,True,True
37565,1.0,0.0,0.5,none,True,True
37566,1.0,0.0,0.5,none,True,True
37567,1.0,0.0,0.5,none,True,True
37568,1.0,0.0,0.5,none,True,True
37569,1.0,0.0,0.5,none,True,True
37570,1.0,0.0,0.5,none,True,True
37571,1.0,0.0,0.5,none,True,True
37572,1.0,0.0,0.5,none,True,True
37573,1.0,0.0,0.5,none,True,True
37574,1.0,0.0,0.5,none,True,True
37575,1.0,0.0,0.5,none,True,True
37576,1.0,0.0,0.5,none,True,True
37577,1.0,0.0,0.5,none,True,True
37578,1.0,0.0,0.5,none,True,True
37579,1.0,0.0,0.5,none,True,True
37580,1.0,0.0,0.5,none,True,True
37581,1.0,0.0,0.5,none,True,True
37582,1.0,0.0,0.5,none,True,True
37583,1.0,0.0,0.5,none,True,True
37584,1.0,0.0,0.5,none,True,True
37585,1.0,0.0,0.5,none,True,True
37586,1.0,0.0,0.5,none,True,True
37587,1.0,0.0,0.5,none,True,True
37588,1.0,0.0,0.5,none,True,True
37589,1.0,0.0,0.5,none,True,True
37590,1.0,0.0,0.5,none,True,True
37591,1.0,0.0,0.5,none,True,True
37592,1.0,0.0,0.5,none,True,True
37593,1.0,0.0,0.5,none,True,True
37594,1.0,0.0,0.5,none,True,True
37595,1.0,0.0,0.5,none,True,True
37596,1.0,0.0,0.5,none,True,True
37597,1.0,0.0,0.5,none,True,True
37598,1.0,0.0,0.5,none,True,True
37599,1.0,0.0,0.5,none,True,True
37600,1.0,0.0,0.5,none,True,True
37601,1.0,0.0,0.5,none,True,True
37602,1.0,0.0,0.5,none,True,True
37603,1.0,0.0,0.5,none,True,True
37604,1.0,0.0,0.5,none,True,True
37605,1.0,0.0,0.5,none,True,True
37606,1.0,0.0,0.5,none,True,True
37607,1.0,0.0,0.5,none,True,True
37608,1.0,0.0,0.5,none,True,True
37609,1.0,0.0,0.5,none,True,True
37610,1.0,0.0,0.5,none,True,True
37611,1.0,0.0,0.5,none,True,True
37612,1.0,0.0,0.5,none,True,True
37613,1.0,0.0,0.5,none,True,True
37614,1.0,0.0,0.5,none,True,True
37615,1.0,0.0,0.5,none,True,True
37616,1.0,0.0,0.5,none,True,True
37617,1.0,0.0,0.5,none,True,True
37618,1.0,0.0,0.5,none,True,True
37619,1.0,0.0,0.5,none,True,True
37620,1.0,0.0,0.5,none,True,True
37621,1.0,0.0,0.5,none,True,True
37622,1.0,0.0,0.5,none,True,True
37623,1.0,0.0,0.5,none,True,True
37624,1.0,0.0,0.5,none,True,True
37625,1.0,0.0,0.5,none,True,True
37626,1.0,0.0,0.5,none,True,True
37627,1.0,0.0,0.5,none,True,True
37628,1.0,0.0,0.5,none,True,True
37629,1.0,0.0,0.5,none,True,True
37630,1.0,0.0,0.5,none,True,True
37631,1.0,0.0,0.5,none,True,True
37632,1.0,0.0,0.5,none,True,True
37633,1.0,0.0,0.5,none,True,True
37634,1.0,0.0,0.5,none,True,True
37635,1.0,0.0,0.5,none,True,True
37636,1.0,0.0,0.5,none,True,True
37637,1.0,0.0,0.5,none,True,True
37638,1.0,0.0,0.5,none,True,True
37639,1.0,0.0,0.5,none,True,True
37640,1.0,0.0,0.5,none,True,True
37641,1.0,0.0,0.5,none,True,True
37642,1.0,0.0,0.5,none,True,True
37643,1.0,0.0,0.5,none,True,True
37644,1.0,0.0,0.5,none,True,True
37645,1.0,0.0,0.5,none,True,True
37646,1.0,0.0,0.5,none,True,True
37647,1.0,0.0,0.5,none,True,True
37648,1.0,0.0,0.5,none,True,True
37649,1.0,0.0,0.5,none,True,True
37650,1.0,0.0,0.5,none,True,True
37651,1.0,0.0,0.5,none,True,True
37652,1.0,0.0,0.5,none,True,True
37653,1.0,0.0,0.5,none,True,True
37654,1.0,0.0,0.5,none,True,True
37655,1.0,0.0,0.5,none,True,True
37656,1.0,0.0,0.5,none,True,True
37657,1.0,0.0,0.5,none,True,True
37658,1.0,0.0,0.5,none,True,True
37659,1.0,0.0,0.5,none,True,True
37660,1.0,0.0,0.5,none,True,True
37661,1.0,0.0,0.5,none,True,True
37662,1.0,0.0,0.5,none,True,True
37663,1.0,0.0,0.5,none,True,True
37664,1.0,0.0,0.5,none,True,True
37665,1.0,0.0,0.5,none,True,True
37666,1.0,0.0,0.5,none,True,True
37667,1.0,0.0,0.5,none,True,True
37668,1.0,0.0,0.5,none,True,True
37669,1.0,0.0,0.5,none,True,True
37670,1.0,0.0,0.5,none,True,True
37671,1.0,0.0,0.5,none,True,True
37672,1.0,0.0,0.5,none,True,True
37673,1.0,0.0,0.5,none,True,True
37674,1.0,0.0,0.5,none,True,True
37675,1.0,0.0,0.5,none,True,True
37676,1.0,0.0,0.5,none,True,True
37677,1.0,0.0,0.5,none,True,True
37678,1.0,0.0,0.5,none,True,True
37679,1.0,0.0,0.5,none,True,True
37680,1.0,0.0,0.5,none,True,True
37681,1.0,0.0,0.5,none,True,True
37682,1.0,0.0,0.5,none,True,True
37683,1.0,0.0,0.5,none,True,True
37684,1.0,0.0,0.5,none,True,True
37685,1.0,0.0,0.5,none,True,True
37686,1.0,0.0,0.5,none,True,True
37687,1.0,0.0,0.5,none,True,True
37688,1.0,0.0,0.5,none,True,True
37689,1.0,0.0,0.5,none,True,True
37690,1.0,0.0,0.5,none,True,True
37691,1.0,0.0,0.5,none,True,True
37692,1.0,0.0,0.5,none,True,True
37693,1.0,0.0,0.5,none,True,True
37694,1.0,0.0,0.5,none,True,True
37695,1.0,0.0,0.5,none,True,True
37696,1.0,0.0,0.5,none,True,True
37697,1.0,0.0,0.5,none,True,True
37698,1.0,0.0,0.5,none,True,True
37699,1.0,0.0,0.5,none,True,True
37700,1.0,0.0,0.5,none,True,True
37701,1.0,0.0,0.5,none,True,True
37702,1.0,0.0,0.5,none,True,True
37703,1.0,0.0,0.5,none,True,True
37704,1.0,0.0,0.5,none,True,True
37705,1.0,0.0,0.5,none,True,True
37706,1.0,0.0,0.5,none,True,True
37707,1.0,0.0,0.5,none,True,True
37708,1.0,0.0,0.5,none,True,True
37709,1.0,0.0,0.5,none,True,True
37710,1.0,0.0,0.5,none,True,True
37711,1.0,0.0,0.5,none,True,True
37712,1.0,0.0,0.5,none,True,True
37713,1.0,0.0,0.5,none,True,True
37714,1.0,0.0,0.5,none,True,True
37715,1.0,0.0,0.5,none,True,True
37716,1.0,0.0,0.5,none,True,True
37717,1.0,0.0,0.5,none,True,True
37718,1.0,0.0,0.5,none,True,True
37719,1.0,0.0,0.5,none,True,True
37720,1.0,0.0,0.5,none,True,True
37721,1.0,0.0,0.5,none,True,True
37722,1.0,0.0,0.5,none,True,True
37723,1.0,0.0,0.5,none,True,True
37724,1.0,0.0,0.5,none,True,True
37725,1.0,0.0,0.5,none,True,True
37726,1.0,0.0,0.5,none,True,True
37727,1.0,0.0,0.5,none,True,True
37728,1.0,0.0,0.5,none,True,True
37729,1.0,0.0,0.5,none,True,True
37730,1.0,0.0,0.5,none,True,True
37731,1.0,0.0,0.5,none,True,True
37732,1.0,0.0,0.5,none,True,True
37733,1.0,0.0,0.5,none,True,True
37734,1.0,0.0,0.5,none,True,True
37735,1.0,0.0,0.5,none,True,True
37736,1.0,0.0,0.5,none,True,True
37737,1.0,0.0,0.5,none,True,True
37738,1.0,0.0,0.5,none,True,True
37739,1.0,0.0,0.5,none,True,True
37740,1.0,0.0,0.5,none,True,True
37741,1.0,0.0,0.5,none,True,True
37742,1.0,0.0,0.5,none,True,True
37743,1.0,0.0,0.5,none,True,True
37744,1.0,0.0,0.5,none,True,True
37745,1.0,0.0,0.5,none,True,True
37746,1.0,0.0,0.5,none,True,True
37747,1.0,0.0,0.5,none,True,True
37748,1.0,0.0,0.5,none,True,True
37749,1.0,0.0,0.5,none,True,True
37750,1.0,0.0,0.5,none,True,True
37751,1.0,0.0,0.5,none,True,True
37752,1.0,0.0,0.5,none,True,True
37753,1.0,0.0,0.5,none,True,True
37754,1.0,0.0,0.5,none,True,True
37755,1.0,0.0,0.5,none,True,True
37756,1.0,0.0,0.5,none,True,True
37757,1.0,0.0,0.5,none,True,True
37758,1.0,0.0,0.5,none,True,True
37759,1.0,0.0,0.5,none,True,True
37760,1.0,0.0,0.5,none,True,True
37761,1.0,0.0,0.5,none,True,True
37762,1.0,0.0,0.5,none,True,True
37763,1.0,0.0,0.5,none,True,True
37764,1.0,0.0,0.5,none,True,True
37765,1.0,0.0,0.5,none,True,True
37766,1.0,0.0,0.5,none,True,True
37767,1.0,0.0,0.5,none,True,True
37768,1.0,0.0,0.5,none,True,True
37769,1.0,0.0,0.5,none,True,True
37770,1.0,0.0,0.5,none,True,True
37771,1.0,0.0,0.5,none,True,True
37772,1.0,0.0,0.5,none,True,True
37773,1.0,0.0,0.5,none,True,True
37774,1.0,0.0,0.5,none,True,True
37775,1.0,0.0,0.5,none,True,True
37776,1.0,0.0,0.5,none,True,True
37777,1.0,0.0,0.5,none,True,True
37778,1.0,0.0,0.5,none,True,True
37779,1.0,0.0,0.5,none,True,True
37780,1.0,0.0,0.5,none,True,True
37781,1.0,0.0,0.5,none,True,True
37782,1.0,0.0,0.5,none,True,True
37783,1.0,0.0,0.5,none,True,True
37784,1.0,0.0,0.5,none,True,True
37785,1.0,0.0,0.5,none,True,True
37786,1.0,0.0,0.5,none,True,True
37787,1.0,0.0,0.5,none,True,True
37788,1.0,0.0,0.5,none,True,True
37789,1.0,0.0,0.5,none,True,True
37790,1.0,0.0,0.5,none,True,True
37791,1.0,0.0,0.5,none,True,True
37792,1.0,0.0,0.5,none,True,True
37793,1.0,0.0,0.5,none,True,True
37794,1.0,0.0,0.5,none,True,True
37795,1.0,0.0,0.5,none,True,True
37796,1.0,0.0,0.5,none,True,True
37797,1.0,0.0,0.5,none,True,True
37798,1.0,0.0,0.5,none,True,True
37799,1.0,0.0,0.5,none,True,True
37800,1.0,0.0061,0.5,none,True,True
37801,1.0,0.0357,0.5,none,True,True
37802,1.0,0.0812,0.5,none,True,True
37803,1.0,0.1113,0.5,none,True,True
37804,1.0,0.1253,0.5,none,True,True
37805,1.0,0.1408,0.5,none,True,True
37806,1.0,0.0907,0.5,none,True,True
37807,1.0,0.1198,0.5,none,True,True
37808,1.0,0.0467,0.5,none,True,True
37809,1.0,0.0522,0.5,none,True,True
37810,1.0,0.0405,0.5,none,True,True
37811,1.0,0.0313,0.5,none,True,True
37812,1.0,0.0083,0.5,none,True,True
37813,1.0,0.0726,0.5,none,True,True
37814,1.0,0.0793,0.5,none,True,True
37815,1.0,0.0581,0.5,none,True,True
37816,1.0,0.0955,0.5,none,True,True
37817,1.0,0.0839,0.5,none,True,True
37818,1.0,0.0648,0.5,none,True,True
37819,1.0,0.0718,0.5,none,True,True
37820,1.0,0.0589,0.5,none,True,True
37821,1.0,0.0403,0.5,none,True,True
37822,1.0,0.0327,0.5,none,True,True
37823,1.0,0.0277,0.5,none,True,True
37824,1.0,0.017,0.5,none,True,True
37825,1.0,0.0102,0.5,none,True,True
37826,1.0,0.0099,0.5,none,True,True
37827,1.0,0.008,0.5,none,True,True
37828,1.0,0.005,0.5,none,True,True
37829,1.0,0.0063,0.5,none,True,True
37830,1.0,0.009,0.5,none,True,True
37831,1.0,0.0096,0.5,none,True,True
37832,1.0,0.0108,0.5,none,True,True
37833,1.0,0.014,0.5,none,True,True
37834,1.0,0.0161,0.5,none,True,True
37835,1.0,0.0167,0.5,none,True,True
37836,1.0,0.0182,0.5,none,True,True
37837,1.0,0.0196,0.5,none,True,True
37838,1.0,0.0197,0.5,none,True,True
37839,1.0,0.0193,0.5,none,True,True
37840,1.0,0.0193,0.5,none,True,True
37841,1.0,0.0187,0.5,none,True,True
37842,1.0,0.0174,0.5,none,True,True
37843,1.0,0.0163,0.5,none,True,True
37844,1.0,0.0152,0.5,none,True,True
37845,1.0,0.0138,0.5,none,True,True
37846,1.0,0.0123,0.5,none,True,True
37847,1.0,0.0111,0.5,none,True,True
37848,1.0,0.01,0.5,none,True,True
37849,1.0,0.0088,0.5,none,True,True
37850,1.0,0.0078,0.5,none,True,True
37851,1.0,0.0071,0.5,none,True,True
37852,1.0,0.0064,0.5,none,True,True
37853,1.0,0.0057,0.5,none,True,True
37854,1.0,0.0053,0.5,none,True,True
37855,1.0,0.005,0.5,none,True,True
37856,1.0,0.0047,0.5,none,True,True
37857,1.0,0.0045,0.5,none,True,True
37858,1.0,0.0044,0.5,none,True,True
37859,1.0,0.0043,0.5,none,True,True
37860,1.0,0.0042,0.5,none,True,True
37861,1.0,0.0041,0.5,none,True,True
37862,1.0,0.004,0.5,none,True,True
37863,1.0,0.0039,0.5,none,True,True
37864,1.0,0.0038,0.5,none,True,True
37865,1.0,0.0037,0.5,none,True,True
37866,1.0,0.0035,0.5,none,True,True
37867,1.0,0.0033,0.5,none,True,True
37868,1.0,0.0032,0.5,none,True,True
37869,1.0,0.003,0.5,none,True,True
37870,1.0,0.0028,0.5,none,True,True
37871,1.0,0.0026,0.5,none,True,True
37872,1.0,0.0024,0.5,none,True,True
37873,1.0,0.0023,0.5,none,True,True
37874,1.0,0.0021,0.5,none,True,True
37875,1.0,0.0019,0.5,none,True,True
37876,1.0,0.0018,0.5,none,True,True
37877,1.0,0.0017,0.5,none,True,True
37878,1.0,0.0015,0.5,none,True,True
37879,1.0,0.0014,0.5,none,True,True
37880,1.0,0.0013,0.5,none,True,True
37881,1.0,0.0013,0.5,none,True,True
37882,1.0,0.0012,0.5,none,True,True
37883,1.0,0.0011,0.5,none,True,True
37884,1.0,0.0011,0.5,none,True,True
37885,1.0,0.001,0.5,none,True,True
37886,1.0,0.001,0.5,none,True,True
37887,1.0,0.0009,0.5,none,True,True
37888,1.0,0.0009,0.5,none,True,True
37889,1.0,0.0008,0.5,none,True,True
37890,1.0,0.0008,0.5,none,True,True
37891,1.0,0.0008,0.5,none,True,True
37892,1.0,0.0007,0.5,none,True,True
37893,1.0,0.0007,0.5,none,True,True
37894,1.0,0.0006,0.5,none,True,True
37895,1.0,0.0006,0.5,none,True,True
37896,1.0,0.0006,0.5,none,True,True
37897,1.0,0.0005,0.5,none,True,True
37898,1.0,0.0005,0.5,none,True,True
37899,1.0,0.0005,0.5,none,True,True
37900,1.0,0.0004,0.5,none,True,True
37901,1.0,0.0004,0.5,none,True,True
37902,1.0,0.0004,0.5,none,True,True
37903,1.0,0.0004,0.5,none,True,True
37904,1.0,0.0003,0.5,none,True,True
37905,1.0,0.0003,0.5,none,True,True
37906,1.0,0.0003,0.5,none,True,True
37907,1.0,0.0003,0.5,none,True,True
37908,1.0,0.0003,0.5,none,True,True
37909,1.0,0.0003,0.5,none,True,True
37910,1.0,0.0002,0.5,none,True,True
37911,1.0,0.0002,0.5,none,True,True
37912,1.0,0.0002,0.5,none,True,True
37913,1.0,0.0002,0.5,none,True,True
37914,1.0,0.0002,0.5,none,True,True
37915,1.0,0.0002,0.5,none,True,True
37916,1.0,0.0002,0.5,none,True,True
37917,1.0,0.0002,0.5,none,True,True
37918,1.0,0.0002,0.5,none,True,True
37919,1.0,0.0001,0.5,none,True,True
37920,1.0,0.0001,0.5,none,True,True
37921,1.0,0.0001,0.5,none,True,True
37922,1.0,0.0001,0.5,none,True,True
37923,1.0,0.0001,0.5,none,True,True
37924,1.0,0.0001,0.5,none,True,True
37925,1.0,0.0001,0.5,none,True,True
37926,1.0,0.0001,0.5,none,True,True
37927,1.0,0.0001,0.5,none,True,True
37928,1.0,0.0001,0.5,none,True,True
37929,1.0,0.0001,0.5,none,True,True
37930,1.0,0.0001,0.5,none,True,True
37931,1.0,0.0001,0.5,none,True,True
37932,1.0,0.0001,0.5,none,True,True
37933,1.0,0.0001,0.5,none,True,True
37934,1.0,0.0001,0.5,none,True,True
37935,1.0,0.0001,0.5,none,True,True
37936,1.0,0.0001,0.5,none,True,True
37937,1.0,0.0,0.5,none,True,True
37938,1.0,0.0,0.5,none,True,True
37939,1.0,0.0,0.5,none,True,True
37940,1.0,0.0,0.5,none,True,True
37941,1.0,0.0,0.5,none,True,True
37942,1.0,0.0,0.5,none,True,True
37943,1.0,0.0,0.5,none,True,True
37944,1.0,0.0,0.5,none,True,True
37945,1.0,0.0,0.5,none,True,True
37946,1.0,0.0,0.5,none,True,True
37947,1.0,0.0,0.5,none,True,True
37948,1.0,0.0,0.5,none,True,True
37949,1.0,0.0,0.5,none,True,True
37950,1.0,0.0,0.5,none,True,True
37951,1.0,0.0,0.5,none,True,True
37952,1.0,0.0,0.5,none,True,True
37953,1.0,0.0,0.5,none,True,True
37954,1.0,0.0,0.5,none,True,True
37955,1.0,0.0,0.5,none,True,True
37956,1.0,0.0,0.5,none,True,True
37957,1.0,0.0,0.5,none,True,True
37958,1.0,0.0,0.5,none,True,True
37959,1.0,0.0,0.5,none,True,True
37960,1.0,0.0,0.5,none,True,True
37961,1.0,0.0,0.5,none,True,True
37962,1.0,0.0,0.5,none,True,True
37963,1.0,0.0,0.5,none,True,True
37964,1.0,0.0,0.5,none,True,True
37965,1.0,0.0,0.5,none,True,True
37966,1.0,0.0,0.5,none,True,True
37967,1.0,0.0,0.5,none,True,True
37968,1.0,0.0,0.5,none,True,True
37969,1.0,0.0,0.5,none,True,True
37970,1.0,0.0,0.5,none,True,True
37971,1.0,0.0,0.5,none,True,True
37972,1.0,0.0,0.5,none,True,True
37973,1.0,0.0,0.5,none,True,True
37974,1.0,0.0,0.5,none,True,True
37975,1.0,0.0,0.5,none,True,True
37976,1.0,0.0,0.5,none,True,True
37977,1.0,0.0,0.5,none,True,True
37978,1.0,0.0,0.5,none,True,True
37979,1.0,0.0,0.5,none,True,True
37980,1.0,0.0,0.5,none,True,True
37981,1.0,0.0,0.5,none,True,True
37982,1.0,0.0,0.5,none,True,True
37983,1.0,0.0,0.5,none,True,True
37984,1.0,0.0,0.5,none,True,True
37985,1.0,0.0,0.5,none,True,True
37986,1.0,0.0,0.5,none,True,True
37987,1.0,0.0,0.5,none,True,True
37988,1.0,0.0,0.5,none,True,True
37989,1.0,0.0,0.5,none,True,True
37990,1.0,0.0,0.5,none,True,True
37991,1.0,0.0,0.5,none,True,True
37992,1.0,0.0,0.5,none,True,True
37993,1.0,0.0,0.5,none,True,True
37994,1.0,0.0,0.5,none,True,True
37995,1.0,0.0,0.5,none,True,True
37996,1.0,0.0,0.5,none,True,True
37997,1.0,0.0,0.5,none,True,True
37998,1.0,0.0,0.5,none,True,True
37999,1.0,0.0,0.5,none,True,True
38000,1.0,0.0,0.5,none,True,True
38001,1.0,0.0,0.5,none,True,True
38002,1.0,0.0,0.5,none,True,True
38003,1.0,0.0,0.5,none,True,True
38004,1.0,0.0,0.5,none,True,True
38005,1.0,0.0,0.5,none,True,True
38006,1.0,0.0,0.5,none,True,True
38007,1.0,0.0,0.5,none,True,True
38008,1.0,0.0,0.5,none,True,True
38009,1.0,0.0,0.5,none,True,True
38010,1.0,0.0,0.5,none,True,True
38011,1.0,0.0,0.5,none,True,True
38012,1.0,0.0,0.5,none,True,True
38013,1.0,0.0,0.5,none,True,True
38014,1.0,0.0,0.5,none,True,True
38015,1.0,0.0,0.5,none,True,True
38016,1.0,0.0,0.5,none,True,True
38017,1.0,0.0,0.5,none,True,True
38018,1.0,0.0,0.5,none,True,True
38019,1.0,0.0,0.5,none,True,True
38020,1.0,0.0,0.5,none,True,True
38021,1.0,0.0,0.5,none,True,True
38022,1.0,0.0,0.5,none,True,True
38023,1.0,0.0,0.5,none,True,True
38024,1.0,0.0,0.5,none,True,True
38025,1.0,0.0,0.5,none,True,True
38026,1.0,0.0,0.5,none,True,True
38027,1.0,0.0,0.5,none,True,True
38028,1.0,0.0,0.5,none,True,True
38029,1.0,0.0,0.5,none,True,True
38030,1.0,0.0,0.5,none,True,True
38031,1.0,0.0,0.5,none,True,True
38032,1.0,0.0,0.5,none,True,True
38033,1.0,0.0,0.5,none,True,True
38034,1.0,0.0,0.5,none,True,True
38035,1.0,0.0,0.5,none,True,True
38036,1.0,0.0,0.5,none,True,True
38037,1.0,0.0,0.5,none,True,True
38038,1.0,0.0,0.5,none,True,True
38039,1.0,0.0,0.5,none,True,True
38040,1.0,0.0,0.5,none,True,True
38041,1.0,0.0,0.5,none,True,True
38042,1.0,0.0,0.5,none,True,True
38043,1.0,0.0,0.5,none,True,True
38044,1.0,0.0,0.5,none,True,True
38045,1.0,0.0,0.5,none,True,True
38046,1.0,0.0,0.5,none,True,True
38047,1.0,0.0,0.5,none,True,True
38048,1.0,0.0,0.5,none,True,True
38049,1.0,0.0,0.5,none,True,True
38050,1.0,0.0,0.5,none,True,True
38051,1.0,0.0,0.5,none,True,True
38052,1.0,0.0,0.5,none,True,True
38053,1.0,0.0,0.5,none,True,True
38054,1.0,0.0,0.5,none,True,True
38055,1.0,0.0,0.5,none,True,True
38056,1.0,0.0,0.5,none,True,True
38057,1.0,0.0,0.5,none,True,True
38058,1.0,0.0,0.5,none,True,True
38059,1.0,0.0,0.5,none,True,True
38060,1.0,0.0,0.5,none,True,True
38061,1.0,0.0,0.5,none,True,True
38062,1.0,0.0,0.5,none,True,True
38063,1.0,0.0,0.5,none,True,True
38064,1.0,0.0,0.5,none,True,True
38065,1.0,0.0,0.5,none,True,True
38066,1.0,0.0,0.5,none,True,True
38067,1.0,0.0,0.5,none,True,True
38068,1.0,0.0,0.5,none,True,True
38069,1.0,0.0,0.5,none,True,True
38070,1.0,0.0,0.5,none,True,True
38071,1.0,0.0,0.5,none,True,True
38072,1.0,0.0,0.5,none,True,True
38073,1.0,0.0,0.5,none,True,True
38074,1.0,0.0,0.5,none,True,True
38075,1.0,0.0,0.5,none,True,True
38076,1.0,0.0,0.5,none,True,True
38077,1.0,0.0,0.5,none,True,True
38078,1.0,0.0,0.5,none,True,True
38079,1.0,0.0,0.5,none,True,True
38080,1.0,0.0,0.5,none,True,True
38081,1.0,0.0,0.5,none,True,True
38082,1.0,0.0,0.5,none,True,True
38083,1.0,0.0,0.5,none,True,True
38084,1.0,0.0,0.5,none,True,True
38085,1.0,0.0,0.5,none,True,True
38086,1.0,0.0,0.5,none,True,True
38087,1.0,0.0,0.5,none,True,True
38088,1.0,0.0,0.5,none,True,True
38089,1.0,0.0,0.5,none,True,True
38090,1.0,0.0,0.5,none,True,True
38091,1.0,0.0,0.5,none,True,True
38092,1.0,0.0,0.5,none,True,True
38093,1.0,0.0,0.5,none,True,True
38094,1.0,0.0,0.5,none,True,True
38095,1.0,0.0,0.5,none,True,True
38096,1.0,0.0,0.5,none,True,True
38097,1.0,0.0,0.5,none,True,True
38098,1.0,0.0,0.5,none,True,True
38099,1.0,0.0,0.5,none,True,True
38100,1.0,0.0,0.5,none,True,True
38101,1.0,0.0,0.5,none,True,True
38102,1.0,0.0,0.5,none,True,True
38103,1.0,0.0,0.5,none,True,True
38104,1.0,0.0,0.5,none,True,True
38105,1.0,0.0,0.5,none,True,True
38106,1.0,0.0,0.5,none,True,True
38107,1.0,0.0,0.5,none,True,True
38108,1.0,0.0,0.5,none,True,True
38109,1.0,0.0,0.5,none,True,True
38110,1.0,0.0,0.5,none,True,True
38111,1.0,0.0,0.5,none,True,True
38112,1.0,0.0,0.5,none,True,True
38113,1.0,0.0,0.5,none,True,True
38114,1.0,0.0,0.5,none,True,True
38115,1.0,0.0,0.5,none,True,True
38116,1.0,0.0,0.5,none,True,True
38117,1.0,0.0,0.5,none,True,True
38118,1.0,0.0,0.5,none,True,True
38119,1.0,0.0,0.5,none,True,True
38120,1.0,0.0,0.5,none,True,True
38121,1.0,0.0,0.5,none,True,True
38122,1.0,0.0,0.5,none,True,True
38123,1.0,0.0,0.5,none,True,True
38124,1.0,0.0,0.5,none,True,True
38125,1.0,0.0,0.5,none,True,True
38126,1.0,0.0,0.5,none,True,True
38127,1.0,0.0,0.5,none,True,True
38128,1.0,0.0,0.5,none,True,True
38129,1.0,0.0,0.5,none,True,True
38130,1.0,0.0,0.5,none,True,True
38131,1.0,0.0,0.5,none,True,True
38132,1.0,0.0,0.5,none,True,True
38133,1.0,0.0,0.5,none,True,True
38134,1.0,0.0,0.5,none,True,True
38135,1.0,0.0,0.5,none,True,True
38136,1.0,0.0,0.5,none,True,True
38137,1.0,0.0,0.5,none,True,True
38138,1.0,0.0,0.5,none,True,True
38139,1.0,0.0,0.5,none,True,True
38140,1.0,0.0,0.5,none,True,True
38141,1.0,0.0,0.5,none,True,True
38142,1.0,0.0,0.5,none,True,True
38143,1.0,0.0,0.5,none,True,True
38144,1.0,0.0,0.5,none,True,True
38145,1.0,0.0,0.5,none,True,True
38146,1.0,0.0,0.5,none,True,True
38147,1.0,0.0,0.5,none,True,True
38148,1.0,0.0,0.5,none,True,True
38149,1.0,0.0,0.5,none,True,True
38150,1.0,0.0,0.5,none,True,True
38151,1.0,0.0,0.5,none,True,True
38152,1.0,0.0,0.5,none,True,True
38153,1.0,0.0,0.5,none,True,True
38154,1.0,0.0,0.5,none,True,True
38155,1.0,0.0,0.5,none,True,True
38156,1.0,0.0,0.5,none,True,True
38157,1.0,0.0,0.5,none,True,True
38158,1.0,0.0,0.5,none,True,True
38159,1.0,0.0,0.5,none,True,True
38160,1.0,0.0,0.5,none,True,True
38161,1.0,0.0,0.5,none,True,True
38162,1.0,0.0,0.5,none,True,True
38163,1.0,0.0,0.5,none,True,True
38164,1.0,0.0,0.5,none,True,True
38165,1.0,0.0,0.5,none,True,True
38166,1.0,0.0,0.5,none,True,True
38167,1.0,0.0,0.5,none,True,True
38168,1.0,0.0,0.5,none,True,True
38169,1.0,0.0,0.5,none,True,True
38170,1.0,0.0,0.5,none,True,True
38171,1.0,0.0,0.5,none,True,True
38172,1.0,0.0,0.5,none,True,True
38173,1.0,0.0,0.5,none,True,True
38174,1.0,0.0,0.5,none,True,True
38175,1.0,0.0,0.5,none,True,True
38176,1.0,0.0,0.5,none,True,True
38177,1.0,0.0,0.5,none,True,True
38178,1.0,0.0,0.5,none,True,True
38179,1.0,0.0,0.5,none,True,True
38180,1.0,0.0,0.5,none,True,True
38181,1.0,0.0,0.5,none,True,True
38182,1.0,0.0,0.5,none,True,True
38183,1.0,0.0,0.5,none,True,True
38184,1.0,0.0,0.5,none,True,True
38185,1.0,0.0,0.5,none,True,True
38186,1.0,0.0,0.5,none,True,True
38187,1.0,0.0,0.5,none,True,True
38188,1.0,0.0,0.5,none,True,True
38189,1.0,0.0,0.5,none,True,True
38190,1.0,0.0,0.5,none,True,True
38191,1.0,0.0,0.5,none,True,True
38192,1.0,0.0,0.5,none,True,True
38193,1.0,0.0,0.5,none,True,True
38194,1.0,0.0,0.5,none,True,True
38195,1.0,0.0,0.5,none,True,True
38196,1.0,0.0,0.5,none,True,True
38197,1.0,0.0,0.5,none,True,True
38198,1.0,0.0,0.5,none,True,True
38199,1.0,0.0,0.5,none,True,True
38200,1.0,0.0,0.5,none,True,True
38201,1.0,0.0,0.5,none,True,True
38202,1.0,0.0,0.5,none,True,True
38203,1.0,0.0,0.5,none,True,True
38204,1.0,0.0,0.5,none,True,True
38205,1.0,0.0,0.5,none,True,True
38206,1.0,0.0,0.5,none,True,True
38207,1.0,0.0,0.5,none,True,True
38208,1.0,0.0,0.5,none,True,True
38209,1.0,0.0,0.5,none,True,True
38210,1.0,0.0,0.5,none,True,True
38211,1.0,0.0,0.5,none,True,True
38212,1.0,0.0,0.5,none,True,True
38213,1.0,0.0,0.5,none,True,True
38214,1.0,0.0,0.5,none,True,True
38215,1.0,0.0,0.5,none,True,True
38216,1.0,0.0,0.5,none,True,True
38217,1.0,0.0,0.5,none,True,True
38218,1.0,0.0,0.5,none,True,True
38219,1.0,0.0,0.5,none,True,True
38220,1.0,0.0,0.5,none,True,True
38221,1.0,0.0,0.5,none,True,True
38222,1.0,0.0,0.5,none,True,True
38223,1.0,0.0,0.5,none,True,True
38224,1.0,0.0,0.5,none,True,True
38225,1.0,0.0,0.5,none,True,True
38226,1.0,0.0,0.5,none,True,True
38227,1.0,0.0,0.5,none,True,True
38228,1.0,0.0,0.5,none,True,True
38229,1.0,0.0,0.5,none,True,True
38230,1.0,0.0,0.5,none,True,True
38231,1.0,0.0,0.5,none,True,True
38232,1.0,0.0,0.5,none,True,True
38233,1.0,0.0,0.5,none,True,True
38234,1.0,0.0,0.5,none,True,True
38235,1.0,0.0,0.5,none,True,True
38236,1.0,0.0,0.5,none,True,True
38237,1.0,0.0,0.5,none,True,True
38238,1.0,0.0,0.5,none,True,True
38239,1.0,0.0,0.5,none,True,True
38240,1.0,0.0,0.5,none,True,True
38241,1.0,0.0,0.5,none,True,True
38242,1.0,0.0,0.5,none,True,True
38243,1.0,0.0,0.5,none,True,True
38244,1.0,0.0,0.5,none,True,True
38245,1.0,0.0,0.5,none,True,True
38246,1.0,0.0,0.5,none,True,True
38247,1.0,0.0,0.5,none,True,True
38248,1.0,0.0,0.5,none,True,True
38249,1.0,0.0,0.5,none,True,True
38250,1.0,0.0,0.5,none,True,True
38251,1.0,0.0,0.5,none,True,True
38252,1.0,0.0,0.5,none,True,True
38253,1.0,0.0,0.5,none,True,True
38254,1.0,0.0,0.5,none,True,True
38255,1.0,0.0,0.5,none,True,True
38256,1.0,0.0,0.5,none,True,True
38257,1.0,0.0,0.5,none,True,True
38258,1.0,0.0,0.5,none,True,True
38259,1.0,0.0,0.5,none,True,True
38260,1.0,0.0,0.5,none,True,True
38261,1.0,0.0,0.5,none,True,True
38262,1.0,0.0,0.5,none,True,True
38263,1.0,0.0,0.5,none,True,True
38264,1.0,0.0,0.5,none,True,True
38265,1.0,0.0,0.5,none,True,True
38266,1.0,0.0,0.5,none,True,True
38267,1.0,0.0,0.5,none,True,True
38268,1.0,0.0,0.5,none,True,True
38269,1.0,0.0,0.5,none,True,True
38270,1.0,0.0,0.5,none,True,True
38271,1.0,0.0,0.5,none,True,True
38272,1.0,0.0,0.5,none,True,True
38273,1.0,0.0,0.5,none,True,True
38274,1.0,0.0,0.5,none,True,True
38275,1.0,0.0,0.5,none,True,True
38276,1.0,0.0,0.5,none,True,True
38277,1.0,0.0,0.5,none,True,True
38278,1.0,0.0,0.5,none,True,True
38279,1.0,0.0,0.5,none,True,True
38280,1.0,0.0,0.5,none,True,True
38281,1.0,0.0,0.5,none,True,True
38282,1.0,0.0,0.5,none,True,True
38283,1.0,0.0,0.5,none,True,True
38284,1.0,0.0,0.5,none,True,True
38285,1.0,0.0,0.5,none,True,True
38286,1.0,0.0,0.5,none,True,True
38287,1.0,0.0,0.5,none,True,True
38288,1.0,0.0,0.5,none,True,True
38289,1.0,0.0,0.5,none,True,True
38290,1.0,0.0,0.5,none,True,True
38291,1.0,0.0,0.5,none,True,True
38292,1.0,0.0,0.5,none,True,True
38293,1.0,0.0,0.5,none,True,True
38294,1.0,0.0,0.5,none,True,True
38295,1.0,0.0,0.5,none,True,True
38296,1.0,0.0,0.5,none,True,True
38297,1.0,0.0,0.5,none,True,True
38298,1.0,0.0,0.5,none,True,True
38299,1.0,0.0,0.5,none,True,True
38300,1.0,0.0,0.5,none,True,True
38301,1.0,0.0,0.5,none,True,True
38302,1.0,0.0,0.5,none,True,True
38303,1.0,0.0,0.5,none,True,True
38304,1.0,0.0,0.5,none,True,True
38305,1.0,0.0,0.5,none,True,True
38306,1.0,0.0,0.5,none,True,True
38307,1.0,0.0,0.5,none,True,True
38308,1.0,0.0,0.5,none,True,True
38309,1.0,0.0,0.5,none,True,True
38310,1.0,0.0,0.5,none,True,True
38311,1.0,0.0,0.5,none,True,True
38312,1.0,0.0,0.5,none,True,True
38313,1.0,0.0,0.5,none,True,True
38314,1.0,0.0,0.5,none,True,True
38315,1.0,0.0,0.5,none,True,True
38316,1.0,0.0,0.5,none,True,True
38317,1.0,0.0,0.5,none,True,True
38318,1.0,0.0,0.5,none,True,True
38319,1.0,0.0,0.5,none,True,True
38320,1.0,0.0,0.5,none,True,True
38321,1.0,0.0,0.5,none,True,True
38322,1.0,0.0,0.5,none,True,True
38323,1.0,0.0,0.5,none,True,True
38324,1.0,0.0,0.5,none,True,True
38325,1.0,0.0,0.5,none,True,True
38326,1.0,0.0,0.5,none,True,True
38327,1.0,0.0,0.5,none,True,True
38328,1.0,0.0,0.5,none,True,True
38329,1.0,0.0,0.5,none,True,True
38330,1.0,0.0,0.5,none,True,True
38331,1.0,0.0,0.5,none,True,True
38332,1.0,0.0,0.5,none,True,True
38333,1.0,0.0,0.5,none,True,True
38334,1.0,0.0,0.5,none,True,True
38335,1.0,0.0,0.5,none,True,True
38336,1.0,0.0,0.5,none,True,True
38337,1.0,0.0,0.5,none,True,True
38338,1.0,0.0,0.5,none,True,True
38339,1.0,0.0,0.5,none,True,True
38340,1.0,0.0,0.5,none,True,True
38341,1.0,0.0,0.5,none,True,True
38342,1.0,0.0,0.5,none,True,True
38343,1.0,0.0,0.5,none,True,True
38344,1.0,0.0,0.5,none,True,True
38345,1.0,0.0,0.5,none,True,True
38346,1.0,0.0,0.5,none,True,True
38347,1.0,0.0,0.5,none,True,True
38348,1.0,0.0,0.5,none,True,True
38349,1.0,0.0,0.5,none,True,True
38350,1.0,0.0,0.5,none,True,True
38351,1.0,0.0,0.5,none,True,True
38352,1.0,0.0,0.5,none,True,True
38353,1.0,0.0,0.5,none,True,True
38354,1.0,0.0,0.5,none,True,True
38355,1.0,0.0,0.5,none,True,True
38356,1.0,0.0,0.5,none,True,True
38357,1.0,0.0,0.5,none,True,True
38358,1.0,0.0,0.5,none,True,True
38359,1.0,0.0,0.5,none,True,True
38360,1.0,0.0,0.5,none,True,True
38361,1.0,0.0,0.5,none,True,True
38362,1.0,0.0,0.5,none,True,True
38363,1.0,0.0,0.5,none,True,True
38364,1.0,0.0,0.5,none,True,True
38365,1.0,0.0,0.5,none,True,True
38366,1.0,0.0,0.5,none,True,True
38367,1.0,0.0,0.5,none,True,True
38368,1.0,0.0,0.5,none,True,True
38369,1.0,0.0,0.5,none,True,True
38370,1.0,0.0,0.5,none,True,True
38371,1.0,0.0,0.5,none,True,True
38372,1.0,0.0,0.5,none,True,True
38373,1.0,0.0,0.5,none,True,True
38374,1.0,0.0,0.5,none,True,True
38375,1.0,0.0,0.5,none,True,True
38376,1.0,0.0,0.5,none,True,True
38377,1.0,0.0,0.5,none,True,True
38378,1.0,0.0,0.5,none,True,True
38379,1.0,0.0,0.5,none,True,True
38380,1.0,0.0,0.5,none,True,True
38381,1.0,0.0,0.5,none,True,True
38382,1.0,0.0,0.5,none,True,True
38383,1.0,0.0,0.5,none,True,True
38384,1.0,0.0,0.5,none,True,True
38385,1.0,0.0,0.5,none,True,True
38386,1.0,0.0,0.5,none,True,True
38387,1.0,0.0,0.5,none,True,True
38388,1.0,0.0,0.5,none,True,True
38389,1.0,0.0,0.5,none,True,True
38390,1.0,0.0,0.5,none,True,True
38391,1.0,0.0,0.5,none,True,True
38392,1.0,0.0,0.5,none,True,True
38393,1.0,0.0,0.5,none,True,True
38394,1.0,0.0,0.5,none,True,True
38395,1.0,0.0,0.5,none,True,True
38396,1.0,0.0,0.5,none,True,True
38397,1.0,0.0,0.5,none,True,True
38398,1.0,0.0,0.5,none,True,True
38399,1.0,0.0,0.5,none,True,True
38400,1.0,0.0,0.5,none,True,True
38401,1.0,0.0,0.5,none,True,True
38402,1.0,0.0,0.5,none,True,True
38403,1.0,0.0,0.5,none,True,True
38404,1.0,0.0,0.5,none,True,True
38405,1.0,0.0,0.5,none,True,True
38406,1.0,0.0,0.5,none,True,True
38407,1.0,0.0,0.5,none,True,True
38408,1.0,0.0,0.5,none,True,True
38409,1.0,0.0,0.5,none,True,True
38410,1.0,0.0,0.5,none,True,True
38411,1.0,0.0,0.5,none,True,True
38412,1.0,0.0,0.5,none,True,True
38413,1.0,0.0,0.5,none,True,True
38414,1.0,0.0,0.5,none,True,True
38415,1.0,0.0,0.5,none,True,True
38416,1.0,0.0,0.5,none,True,True
38417,1.0,0.0,0.5,none,True,True
38418,1.0,0.0,0.5,none,True,True
38419,1.0,0.0,0.5,none,True,True
38420,1.0,0.0,0.5,none,True,True
38421,1.0,0.0,0.5,none,True,True
38422,1.0,0.0,0.5,none,True,True
38423,1.0,0.0,0.5,none,True,True
38424,1.0,0.0,0.5,none,True,True
38425,1.0,0.0,0.5,none,True,True
38426,1.0,0.0,0.5,none,True,True
38427,1.0,0.0,0.5,none,True,True
38428,1.0,0.0,0.5,none,True,True
38429,1.0,0.0,0.5,none,True,True
38430,1.0,0.0,0.5,none,True,True
38431,1.0,0.0,0.5,none,True,True
38432,1.0,0.0,0.5,none,True,True
38433,1.0,0.0,0.5,none,True,True
38434,1.0,0.0,0.5,none,True,True
38435,1.0,0.0,0.5,none,True,True
38436,1.0,0.0,0.5,none,True,True
38437,1.0,0.0,0.5,none,True,True
38438,1.0,0.0,0.5,none,True,True
38439,1.0,0.0,0.5,none,True,True
38440,1.0,0.0,0.5,none,True,True
38441,1.0,0.0,0.5,none,True,True
38442,1.0,0.0,0.5,none,True,True
38443,1.0,0.0,0.5,none,True,True
38444,1.0,0.0,0.5,none,True,True
38445,1.0,0.0,0.5,none,True,True
38446,1.0,0.0,0.5,none,True,True
38447,1.0,0.0,0.5,none,True,True
38448,1.0,0.0,0.5,none,True,True
38449,1.0,0.0,0.5,none,True,True
38450,1.0,0.0,0.5,none,True,True
38451,1.0,0.0,0.5,none,True,True
38452,1.0,0.0,0.5,none,True,True
38453,1.0,0.0,0.5,none,True,True
38454,1.0,0.0,0.5,none,True,True
38455,1.0,0.0,0.5,none,True,True
38456,1.0,0.0,0.5,none,True,True
38457,1.0,0.0,0.5,none,True,True
38458,1.0,0.0,0.5,none,True,True
38459,1.0,0.0,0.5,none,True,True
38460,1.0,0.0,0.5,none,True,True
38461,1.0,0.0,0.5,none,True,True
38462,1.0,0.0,0.5,none,True,True
38463,1.0,0.0,0.5,none,True,True
38464,1.0,0.0,0.5,none,True,True
38465,1.0,0.0,0.5,none,True,True
38466,1.0,0.0,0.5,none,True,True
38467,1.0,0.0,0.5,none,True,True
38468,1.0,0.0,0.5,none,True,True
38469,1.0,0.0,0.5,none,True,True
38470,1.0,0.0,0.5,none,True,True
38471,1.0,0.0,0.5,none,True,True
38472,1.0,0.0,0.5,none,True,True
38473,1.0,0.0,0.5,none,True,True
38474,1.0,0.0,0.5,none,True,True
38475,1.0,0.0,0.5,none,True,True
38476,1.0,0.0,0.5,none,True,True
38477,1.0,0.0,0.5,none,True,True
38478,1.0,0.0,0.5,none,True,True
38479,1.0,0.0,0.5,none,True,True
38480,1.0,0.0,0.5,none,True,True
38481,1.0,0.0,0.5,none,True,True
38482,1.0,0.0,0.5,none,True,True
38483,1.0,0.0,0.5,none,True,True
38484,1.0,0.0,0.5,none,True,True
38485,1.0,0.0,0.5,none,True,True
38486,1.0,0.0,0.5,none,True,True
38487,1.0,0.0,0.5,none,True,True
38488,1.0,0.0,0.5,none,True,True
38489,1.0,0.0,0.5,none,True,True
38490,1.0,0.0,0.5,none,True,True
38491,1.0,0.0,0.5,none,True,True
38492,1.0,0.0,0.5,none,True,True
38493,1.0,0.0,0.5,none,True,True
38494,1.0,0.0,0.5,none,True,True
38495,1.0,0.0,0.5,none,True,True
38496,1.0,0.0,0.5,none,True,True
38497,1.0,0.0,0.5,none,True,True
38498,1.0,0.0,0.5,none,True,True
38499,1.0,0.0,0.5,none,True,True
38500,1.0,0.0061,0.5,none,True,True
38501,1.0,0.0357,0.5,none,True,True
38502,1.0,0.0812,0.5,none,True,True
38503,1.0,0.1113,0.5,none,True,True
38504,1.0,0.1253,0.5,none,True,True
38505,1.0,0.1408,0.5,none,True,True
38506,1.0,0.0907,0.5,none,True,True
38507,1.0,0.1198,0.5,none,True,True
38508,1.0,0.0467,0.5,none,True,True
38509,1.0,0.0522,0.5,none,True,True
38510,1.0,0.0405,0.5,none,True,True
38511,1.0,0.0313,0.5,none,True,True
38512,1.0,0.0083,0.5,none,True,True
38513,1.0,0.0726,0.5,none,True,True
38514,1.0,0.0793,0.5,none,True,True
38515,1.0,0.0581,0.5,none,True,True
38516,1.0,0.0955,0.5,none,True,True
38517,1.0,0.0839,0.5,none,True,True
38518,1.0,0.0648,0.5,none,True,True
38519,1.0,0.0718,0.5,none,True,True
38520,1.0,0.0589,0.5,none,True,True
38521,1.0,0.0403,0.5,none,True,True
38522,1.0,0.0327,0.5,none,True,True
38523,1.0,0.0277,0.5,none,True,True
38524,1.0,0.017,0.5,none,True,True
38525,1.0,0.0102,0.5,none,True,True
38526,1.0,0.0099,0.5,none,True,True
38527,1.0,0.008,0.5,none,True,True
38528,1.0,0.005,0.5,none,True,True
38529,1.0,0.0063,0.5,none,True,True
38530,1.0,0.009,0.5,none,True,True
38531,1.0,0.0096,0.5,none,True,True
38532,1.0,0.0108,0.5,none,True,True
38533,1.0,0.014,0.5,none,True,True
38534,1.0,0.0161,0.5,none,True,True
38535,1.0,0.0167,0.5,none,True,True
38536,1.0,0.0182,0.5,none,True,True
38537,1.0,0.0196,0.5,none,True,True
38538,1.0,0.0197,0.5,none,True,True
38539,1.0,0.0193,0.5,none,True,True
38540,1.0,0.0193,0.5,none,True,True
38541,1.0,0.0187,0.5,none,True,True
38542,1.0,0.0174,0.5,none,True,True
38543,1.0,0.0163,0.5,none,True,True
38544,1.0,0.0152,0.5,none,True,True
38545,1.0,0.0138,0.5,none,True,True
38546,1.0,0.0123,0.5,none,True,True
38547,1.0,0.0111,0.5,none,True,True
38548,1.0,0.01,0.5,none,True,True
38549,1.0,0.0088,0.5,none,True,True
38550,1.0,0.0078,0.5,none,True,True
38551,1.0,0.0071,0.5,none,True,True
38552,1.0,0.0064,0.5,none,True,True
38553,1.0,0.0057,0.5,none,True,True
38554,1.0,0.0053,0.5,none,True,True
38555,1.0,0.005,0.5,none,True,True
38556,1.0,0.0047,0.5,none,True,True
38557,1.0,0.0045,0.5,none,True,True
38558,1.0,0.0044,0.5,none,True,True
38559,1.0,0.0043,0.5,none,True,True
38560,1.0,0.0042,0.5,none,True,True
38561,1.0,0.0041,0.5,none,True,True
38562,1.0,0.004,0.5,none,True,True
38563,1.0,0.0039,0.5,none,True,True
38564,1.0,0.0038,0.5,none,True,True
38565,1.0,0.0037,0.5,none,True,True
38566,1.0,0.0035,0.5,none,True,True
38567,1.0,0.0033,0.5,none,True,True
38568,1.0,0.0032,0.5,none,True,True
38569,1.0,0.003,0.5,none,True,True
38570,1.0,0.0028,0.5,none,True,True
38571,1.0,0.0026,0.5,none,True,True
38572,1.0,0.0024,0.5,none,True,True
38573,1.0,0.0023,0.5,none,True,True
38574,1.0,0.0021,0.5,none,True,True
38575,1.0,0.0019,0.5,none,True,True
38576,1.0,0.0018,0.5,none,True,True
38577,1.0,0.0017,0.5,none,True,True
38578,1.0,0.0015,0.5,none,True,True
38579,1.0,0.0014,0.5,none,True,True
38580,1.0,0.0013,0.5,none,True,True
38581,1.0,0.0013,0.5,none,True,True
38582,1.0,0.0012,0.5,none,True,True
38583,1.0,0.0011,0.5,none,True,True
38584,1.0,0.0011,0.5,none,True,True
38585,1.0,0.001,0.5,none,True,True
38586,1.0,0.001,0.5,none,True,True
38587,1.0,0.0009,0.5,none,True,True
38588,1.0,0.0009,0.5,none,True,True
38589,1.0,0.0008,0.5,none,True,True
38590,1.0,0.0008,0.5,none,True,True
38591,1.0,0.0008,0.5,none,True,True
38592,1.0,0.0007,0.5,none,True,True
38593,1.0,0.0007,0.5,none,True,True
38594,1.0,0.0006,0.5,none,True,True
38595,1.0,0.0006,0.5,none,True,True
38596,1.0,0.0006,0.5,none,True,True
38597,1.0,0.0005,0.5,none,True,True
38598,1.0,0.0005,0.5,none,True,True
38599,1.0,0.0005,0.5,none,True,True
38600,1.0,0.0004,0.5,none,True,True
38601,1.0,0.0004,0.5,none,True,True
38602,1.0,0.0004,0.5,none,True,True
38603,1.0,0.0004,0.5,none,True,True
38604,1.0,0.0003,0.5,none,True,True
38605,1.0,0.0003,0.5,none,True,True
38606,1.0,0.0003,0.5,none,True,True
38607,1.0,0.0003,0.5,none,True,True
38608,1.0,0.0003,0.5,none,True,True
38609,1.0,0.0003,0.5,none,True,True
38610,1.0,0.0002,0.5,none,True,True
38611,1.0,0.0002,0.5,none,True,True
38612,1.0,0.0002,0.5,none,True,True
38613,1.0,0.0002,0.5,none,True,True
38614,1.0,0.0002,0.5,none,True,True
38615,1.0,0.0002,0.5,none,True,True
38616,1.0,0.0002,0.5,none,True,True
38617,1.0,0.0002,0.5,none,True,True
38618,1.0,0.0002,0.5,none,True,True
38619,1.0,0.0001,0.5,none,True,True
38620,1.0,0.0001,0.5,none,True,True
38621,1.0,0.0001,0.5,none,True,True
38622,1.0,0.0001,0.5,none,True,True
38623,1.0,0.0001,0.5,none,True,True
38624,1.0,0.0001,0.5,none,True,True
38625,1.0,0.0001,0.5,none,True,True
38626,1.0,0.0001,0.5,none,True,True
38627,1.0,0.0001,0.5,none,True,True
38628,1.0,0.0001,0.5,none,True,True
38629,1.0,0.0001,0.5,none,True,True
38630,1.0,0.0001,0.5,none,True,True
38631,1.0,0.0001,0.5,none,True,True
38632,1.0,0.0001,0.5,none,True,True
38633,1.0,0.0001,0.5,none,True,True
38634,1.0,0.0001,0.5,none,True,True
38635,1.0,0.0001,0.5,none,True,True
38636,1.0,0.0001,0.5,none,True,True
38637,1.0,0.0,0.5,none,True,True
38638,1.0,0.0,0.5,none,True,True
38639,1.0,0.0,0.5,none,True,True
38640,1.0,0.0,0.5,none,True,True
38641,1.0,0.0,0.5,none,True,True
38642,1.0,0.0,0.5,none,True,True
38643,1.0,0.0,0.5,none,True,True
38644,1.0,0.0,0.5,none,True,True
38645,1.0,0.0,0.5,none,True,True
38646,1.0,0.0,0.5,none,True,True
38647,1.0,0.0,0.5,none,True,True
38648,1.0,0.0,0.5,none,True,True
38649,1.0,0.0,0.5,none,True,True
38650,1.0,0.0,0.5,none,True,True
38651,1.0,0.0,0.5,none,True,True
38652,1.0,0.0,0.5,none,True,True
38653,1.0,0.0,0.5,none,True,True
38654,1.0,0.0,0.5,none,True,True
38655,1.0,0.0,0.5,none,True,True
38656,1.0,0.0,0.5,none,True,True
38657,1.0,0.0,0.5,none,True,True
38658,1.0,0.0,0.5,none,True,True
38659,1.0,0.0,0.5,none,True,True
38660,1.0,0.0,0.5,none,True,True
38661,1.0,0.0,0.5,none,True,True
38662,1.0,0.0,0.5,none,True,True
38663,1.0,0.0,0.5,none,True,True
38664,1.0,0.0,0.5,none,True,True
38665,1.0,0.0,0.5,none,True,True
38666,1.0,0.0,0.5,none,True,True
38667,1.0,0.0,0.5,none,True,True
38668,1.0,0.0,0.5,none,True,True
38669,1.0,0.0,0.5,none,True,True
38670,1.0,0.0,0.5,none,True,True
38671,1.0,0.0,0.5,none,True,True
38672,1.0,0.0,0.5,none,True,True
38673,1.0,0.0,0.5,none,True,True
38674,1.0,0.0,0.5,none,True,True
38675,1.0,0.0,0.5,none,True,True
38676,1.0,0.0,0.5,none,True,True
38677,1.0,0.0,0.5,none,True,True
38678,1.0,0.0,0.5,none,True,True
38679,1.0,0.0,0.5,none,True,True
38680,1.0,0.0,0.5,none,True,True
38681,1.0,0.0,0.5,none,True,True
38682,1.0,0.0,0.5,none,True,True
38683,1.0,0.0,0.5,none,True,True
38684,1.0,0.0,0.5,none,True,True
38685,1.0,0.0,0.5,none,True,True
38686,1.0,0.0,0.5,none,True,True
38687,1.0,0.0,0.5,none,True,True
38688,1.0,0.0,0.5,none,True,True
38689,1.0,0.0,0.5,none,True,True
38690,1.0,0.0,0.5,none,True,True
38691,1.0,0.0,0.5,none,True,True
38692,1.0,0.0,0.5,none,True,True
38693,1.0,0.0,0.5,none,True,True
38694,1.0,0.0,0.5,none,True,True
38695,1.0,0.0,0.5,none,True,True
38696,1.0,0.0,0.5,none,True,True
38697,1.0,0.0,0.5,none,True,True
38698,1.0,0.0,0.5,none,True,True
38699,1.0,0.0,0.5,none,True,True
38700,1.0,0.0,0.5,none,True,True
38701,1.0,0.0,0.5,none,True,True
38702,1.0,0.0,0.5,none,True,True
38703,1.0,0.0,0.5,none,True,True
38704,1.0,0.0,0.5,none,True,True
38705,1.0,0.0,0.5,none,True,True
38706,1.0,0.0,0.5,none,True,True
38707,1.0,0.0,0.5,none,True,True
38708,1.0,0.0,0.5,none,True,True
38709,1.0,0.0,0.5,none,True,True
38710,1.0,0.0,0.5,none,True,True
38711,1.0,0.0,0.5,none,True,True
38712,1.0,0.0,0.5,none,True,True
38713,1.0,0.0,0.5,none,True,True
38714,1.0,0.0,0.5,none,True,True
38715,1.0,0.0,0.5,none,True,True
38716,1.0,0.0,0.5,none,True,True
38717,1.0,0.0,0.5,none,True,True
38718,1.0,0.0,0.5,none,True,True
38719,1.0,0.0,0.5,none,True,True
38720,1.0,0.0,0.5,none,True,True
38721,1.0,0.0,0.5,none,True,True
38722,1.0,0.0,0.5,none,True,True
38723,1.0,0.0,0.5,none,True,True
38724,1.0,0.0,0.5,none,True,True
38725,1.0,0.0,0.5,none,True,True
38726,1.0,0.0,0.5,none,True,True
38727,1.0,0.0,0.5,none,True,True
38728,1.0,0.0,0.5,none,True,True
38729,1.0,0.0,0.5,none,True,True
38730,1.0,0.0,0.5,none,True,True
38731,1.0,0.0,0.5,none,True,True
38732,1.0,0.0,0.5,none,True,True
38733,1.0,0.0,0.5,none,True,True
38734,1.0,0.0,0.5,none,True,True
38735,1.0,0.0,0.5,none,True,True
38736,1.0,0.0,0.5,none,True,True
38737,1.0,0.0,0.5,none,True,True
38738,1.0,0.0,0.5,none,True,True
38739,1.0,0.0,0.5,none,True,True
38740,1.0,0.0,0.5,none,True,True
38741,1.0,0.0,0.5,none,True,True
38742,1.0,0.0,0.5,none,True,True
38743,1.0,0.0,0.5,none,True,True
38744,1.0,0.0,0.5,none,True,True
38745,1.0,0.0,0.5,none,True,True
38746,1.0,0.0,0.5,none,True,True
38747,1.0,0.0,0.5,none,True,True
38748,1.0,0.0,0.5,none,True,True
38749,1.0,0.0,0.5,none,True,True
38750,1.0,0.0,0.5,none,True,True
38751,1.0,0.0,0.5,none,True,True
38752,1.0,0.0,0.5,none,True,True
38753,1.0,0.0,0.5,none,True,True
38754,1.0,0.0,0.5,none,True,True
38755,1.0,0.0,0.5,none,True,True
38756,1.0,0.0,0.5,none,True,True
38757,1.0,0.0,0.5,none,True,True
38758,1.0,0.0,0.5,none,True,True
38759,1.0,0.0,0.5,none,True,True
38760,1.0,0.0,0.5,none,True,True
38761,1.0,0.0,0.5,none,True,True
38762,1.0,0.0,0.5,none,True,True
38763,1.0,0.0,0.5,none,True,True
38764,1.0,0.0,0.5,none,True,True
38765,1.0,0.0,0.5,none,True,True
38766,1.0,0.0,0.5,none,True,True
38767,1.0,0.0,0.5,none,True,True
38768,1.0,0.0,0.5,none,True,True
38769,1.0,0.0,0.5,none,True,True
38770,1.0,0.0,0.5,none,True,True
38771,1.0,0.0,0.5,none,True,True
38772,1.0,0.0,0.5,none,True,True
38773,1.0,0.0,0.5,none,True,True
38774,1.0,0.0,0.5,none,True,True
38775,1.0,0.0,0.5,none,True,True
38776,1.0,0.0,0.5,none,True,True
38777,1.0,0.0,0.5,none,True,True
38778,1.0,0.0,0.5,none,True,True
38779,1.0,0.0,0.5,none,True,True
38780,1.0,0.0,0.5,none,True,True
38781,1.0,0.0,0.5,none,True,True
38782,1.0,0.0,0.5,none,True,True
38783,1.0,0.0,0.5,none,True,True
38784,1.0,0.0,0.5,none,True,True
38785,1.0,0.0,0.5,none,True,True
38786,1.0,0.0,0.5,none,True,True
38787,1.0,0.0,0.5,none,True,True
38788,1.0,0.0,0.5,none,True,True
38789,1.0,0.0,0.5,none,True,True
38790,1.0,0.0,0.5,none,True,True
38791,1.0,0.0,0.5,none,True,True
38792,1.0,0.0,0.5,none,True,True
38793,1.0,0.0,0.5,none,True,True
38794,1.0,0.0,0.5,none,True,True
38795,1.0,0.0,0.5,none,True,True
38796,1.0,0.0,0.5,none,True,True
38797,1.0,0.0,0.5,none,True,True
38798,1.0,0.0,0.5,none,True,True
38799,1.0,0.0,0.5,none,True,True
38800,1.0,0.0,0.5,none,True,True
38801,1.0,0.0,0.5,none,True,True
38802,1.0,0.0,0.5,none,True,True
38803,1.0,0.0,0.5,none,True,True
38804,1.0,0.0,0.5,none,True,True
38805,1.0,0.0,0.5,none,True,True
38806,1.0,0.0,0.5,none,True,True
38807,1.0,0.0,0.5,none,True,True
38808,1.0,0.0,0.5,none,True,True
38809,1.0,0.0,0.5,none,True,True
38810,1.0,0.0,0.5,none,True,True
38811,1.0,0.0,0.5,none,True,True
38812,1.0,0.0,0.5,none,True,True
38813,1.0,0.0,0.5,none,True,True
38814,1.0,0.0,0.5,none,True,True
38815,1.0,0.0,0.5,none,True,True
38816,1.0,0.0,0.5,none,True,True
38817,1.0,0.0,0.5,none,True,True
38818,1.0,0.0,0.5,none,True,True
38819,1.0,0.0,0.5,none,True,True
38820,1.0,0.0,0.5,none,True,True
38821,1.0,0.0,0.5,none,True,True
38822,1.0,0.0,0.5,none,True,True
38823,1.0,0.0,0.5,none,True,True
38824,1.0,0.0,0.5,none,True,True
38825,1.0,0.0,0.5,none,True,True
38826,1.0,0.0,0.5,none,True,True
38827,1.0,0.0,0.5,none,True,True
38828,1.0,0.0,0.5,none,True,True
38829,1.0,0.0,0.5,none,True,True
38830,1.0,0.0,0.5,none,True,True
38831,1.0,0.0,0.5,none,True,True
38832,1.0,0.0,0.5,none,True,True
38833,1.0,0.0,0.5,none,True,True
38834,1.0,0.0,0.5,none,True,True
38835,1.0,0.0,0.5,none,True,True
38836,1.0,0.0,0.5,none,True,True
38837,1.0,0.0,0.5,none,True,True
38838,1.0,0.0,0.5,none,True,True
38839,1.0,0.0,0.5,none,True,True
38840,1.0,0.0,0.5,none,True,True
38841,1.0,0.0,0.5,none,True,True
38842,1.0,0.0,0.5,none,True,True
38843,1.0,0.0,0.5,none,True,True
38844,1.0,0.0,0.5,none,True,True
38845,1.0,0.0,0.5,none,True,True
38846,1.0,0.0,0.5,none,True,True
38847,1.0,0.0,0.5,none,True,True
38848,1.0,0.0,0.5,none,True,True
38849,1.0,0.0,0.5,none,True,True
38850,1.0,0.0,0.5,none,True,True
38851,1.0,0.0,0.5,none,True,True
38852,1.0,0.0,0.5,none,True,True
38853,1.0,0.0,0.5,none,True,True
38854,1.0,0.0,0.5,none,True,True
38855,1.0,0.0,0.5,none,True,True
38856,1.0,0.0,0.5,none,True,True
38857,1.0,0.0,0.5,none,True,True
38858,1.0,0.0,0.5,none,True,True
38859,1.0,0.0,0.5,none,True,True
38860,1.0,0.0,0.5,none,True,True
38861,1.0,0.0,0.5,none,True,True
38862,1.0,0.0,0.5,none,True,True
38863,1.0,0.0,0.5,none,True,True
38864,1.0,0.0,0.5,none,True,True
38865,1.0,0.0,0.5,none,True,True
38866,1.0,0.0,0.5,none,True,True
38867,1.0,0.0,0.5,none,True,True
38868,1.0,0.0,0.5,none,True,True
38869,1.0,0.0,0.5,none,True,True
38870,1.0,0.0,0.5,none,True,True
38871,1.0,0.0,0.5,none,True,True
38872,1.0,0.0,0.5,none,True,True
38873,1.0,0.0,0.5,none,True,True
38874,1.0,0.0,0.5,none,True,True
38875,1.0,0.0,0.5,none,True,True
38876,1.0,0.0,0.5,none,True,True
38877,1.0,0.0,0.5,none,True,True
38878,1.0,0.0,0.5,none,True,True
38879,1.0,0.0,0.5,none,True,True
38880,1.0,0.0,0.5,none,True,True
38881,1.0,0.0,0.5,none,True,True
38882,1.0,0.0,0.5,none,True,True
38883,1.0,0.0,0.5,none,True,True
38884,1.0,0.0,0.5,none,True,True
38885,1.0,0.0,0.5,none,True,True
38886,1.0,0.0,0.5,none,True,True
38887,1.0,0.0,0.5,none,True,True
38888,1.0,0.0,0.5,none,True,True
38889,1.0,0.0,0.5,none,True,True
38890,1.0,0.0,0.5,none,True,True
38891,1.0,0.0,0.5,none,True,True
38892,1.0,0.0,0.5,none,True,True
38893,1.0,0.0,0.5,none,True,True
38894,1.0,0.0,0.5,none,True,True
38895,1.0,0.0,0.5,none,True,True
38896,1.0,0.0,0.5,none,True,True
38897,1.0,0.0,0.5,none,True,True
38898,1.0,0.0,0.5,none,True,True
38899,1.0,0.0,0.5,none,True,True
38900,1.0,0.0,0.5,none,True,True
38901,1.0,0.0,0.5,none,True,True
38902,1.0,0.0,0.5,none,True,True
38903,1.0,0.0,0.5,none,True,True
38904,1.0,0.0,0.5,none,True,True
38905,1.0,0.0,0.5,none,True,True
38906,1.0,0.0,0.5,none,True,True
38907,1.0,0.0,0.5,none,True,True
38908,1.0,0.0,0.5,none,True,True
38909,1.0,0.0,0.5,none,True,True
38910,1.0,0.0,0.5,none,True,True
38911,1.0,0.0,0.5,none,True,True
38912,1.0,0.0,0.5,none,True,True
38913,1.0,0.0,0.5,none,True,True
38914,1.0,0.0,0.5,none,True,True
38915,1.0,0.0,0.5,none,True,True
38916,1.0,0.0,0.5,none,True,True
38917,1.0,0.0,0.5,none,True,True
38918,1.0,0.0,0.5,none,True,True
38919,1.0,0.0,0.5,none,True,True
38920,1.0,0.0,0.5,none,True,True
38921,1.0,0.0,0.5,none,True,True
38922,1.0,0.0,0.5,none,True,True
38923,1.0,0.0,0.5,none,True,True
38924,1.0,0.0,0.5,none,True,True
38925,1.0,0.0,0.5,none,True,True
38926,1.0,0.0,0.5,none,True,True
38927,1.0,0.0,0.5,none,True,True
38928,1.0,0.0,0.5,none,True,True
38929,1.0,0.0,0.5,none,True,True
38930,1.0,0.0,0.5,none,True,True
38931,1.0,0.0,0.5,none,True,True
38932,1.0,0.0,0.5,none,True,True
38933,1.0,0.0,0.5,none,True,True
38934,1.0,0.0,0.5,none,True,True
38935,1.0,0.0,0.5,none,True,True
38936,1.0,0.0,0.5,none,True,True
38937,1.0,0.0,0.5,none,True,True
38938,1.0,0.0,0.5,none,True,True
38939,1.0,0.0,0.5,none,True,True
38940,1.0,0.0,0.5,none,True,True
38941,1.0,0.0,0.5,none,True,True
38942,1.0,0.0,0.5,none,True,True
38943,1.0,0.0,0.5,none,True,True
38944,1.0,0.0,0.5,none,True,True
38945,1.0,0.0,0.5,none,True,True
38946,1.0,0.0,0.5,none,True,True
38947,1.0,0.0,0.5,none,True,True
38948,1.0,0.0,0.5,none,True,True
38949,1.0,0.0,0.5,none,True,True
38950,1.0,0.0,0.5,none,True,True
38951,1.0,0.0,0.5,none,True,True
38952,1.0,0.0,0.5,none,True,True
38953,1.0,0.0,0.5,none,True,True
38954,1.0,0.0,0.5,none,True,True
38955,1.0,0.0,0.5,none,True,True
38956,1.0,0.0,0.5,none,True,True
38957,1.0,0.0,0.5,none,True,True
38958,1.0,0.0,0.5,none,True,True
38959,1.0,0.0,0.5,none,True,True
38960,1.0,0.0,0.5,none,True,True
38961,1.0,0.0,0.5,none,True,True
38962,1.0,0.0,0.5,none,True,True
38963,1.0,0.0,0.5,none,True,True
38964,1.0,0.0,0.5,none,True,True
38965,1.0,0.0,0.5,none,True,True
38966,1.0,0.0,0.5,none,True,True
38967,1.0,0.0,0.5,none,True,True
38968,1.0,0.0,0.5,none,True,True
38969,1.0,0.0,0.5,none,True,True
38970,1.0,0.0,0.5,none,True,True
38971,1.0,0.0,0.5,none,True,True
38972,1.0,0.0,0.5,none,True,True
38973,1.0,0.0,0.5,none,True,True
38974,1.0,0.0,0.5,none,True,True
38975,1.0,0.0,0.5,none,True,True
38976,1.0,0.0,0.5,none,True,True
38977,1.0,0.0,0.5,none,True,True
38978,1.0,0.0,0.5,none,True,True
38979,1.0,0.0,0.5,none,True,True
38980,1.0,0.0,0.5,none,True,True
38981,1.0,0.0,0.5,none,True,True
38982,1.0,0.0,0.5,none,True,True
38983,1.0,0.0,0.5,none,True,True
38984,1.0,0.0,0.5,none,True,True
38985,1.0,0.0,0.5,none,True,True
38986,1.0,0.0,0.5,none,True,True
38987,1.0,0.0,0.5,none,True,True
38988,1.0,0.0,0.5,none,True,True
38989,1.0,0.0,0.5,none,True,True
38990,1.0,0.0,0.5,none,True,True
38991,1.0,0.0,0.5,none,True,True
38992,1.0,0.0,0.5,none,True,True
38993,1.0,0.0,0.5,none,True,True
38994,1.0,0.0,0.5,none,True,True
38995,1.0,0.0,0.5,none,True,True
38996,1.0,0.0,0.5,none,True,True
38997,1.0,0.0,0.5,none,True,True
38998,1.0,0.0,0.5,none,True,True
38999,1.0,0.0,0.5,none,True,True
39000,1.0,0.0,0.5,none,True,True
39001,1.0,0.0,0.5,none,True,True
39002,1.0,0.0,0.5,none,True,True
39003,1.0,0.0,0.5,none,True,True
39004,1.0,0.0,0.5,none,True,True
39005,1.0,0.0,0.5,none,True,True
39006,1.0,0.0,0.5,none,True,True
39007,1.0,0.0,0.5,none,True,True
39008,1.0,0.0,0.5,none,True,True
39009,1.0,0.0,0.5,none,True,True
39010,1.0,0.0,0.5,none,True,True
39011,1.0,0.0,0.5,none,True,True
39012,1.0,0.0,0.5,none,True,True
39013,1.0,0.0,0.5,none,True,True
39014,1.0,0.0,0.5,none,True,True
39015,1.0,0.0,0.5,none,True,True
39016,1.0,0.0,0.5,none,True,True
39017,1.0,0.0,0.5,none,True,True
39018,1.0,0.0,0.5,none,True,True
39019,1.0,0.0,0.5,none,True,True
39020,1.0,0.0,0.5,none,True,True
39021,1.0,0.0,0.5,none,True,True
39022,1.0,0.0,0.5,none,True,True
39023,1.0,0.0,0.5,none,True,True
39024,1.0,0.0,0.5,none,True,True
39025,1.0,0.0,0.5,none,True,True
39026,1.0,0.0,0.5,none,True,True
39027,1.0,0.0,0.5,none,True,True
39028,1.0,0.0,0.5,none,True,True
39029,1.0,0.0,0.5,none,True,True
39030,1.0,0.0,0.5,none,True,True
39031,1.0,0.0,0.5,none,True,True
39032,1.0,0.0,0.5,none,True,True
39033,1.0,0.0,0.5,none,True,True
39034,1.0,0.0,0.5,none,True,True
39035,1.0,0.0,0.5,none,True,True
39036,1.0,0.0,0.5,none,True,True
39037,1.0,0.0,0.5,none,True,True
39038,1.0,0.0,0.5,none,True,True
39039,1.0,0.0,0.5,none,True,True
39040,1.0,0.0,0.5,none,True,True
39041,1.0,0.0,0.5,none,True,True
39042,1.0,0.0,0.5,none,True,True
39043,1.0,0.0,0.5,none,True,True
39044,1.0,0.0,0.5,none,True,True
39045,1.0,0.0,0.5,none,True,True
39046,1.0,0.0,0.5,none,True,True
39047,1.0,0.0,0.5,none,True,True
39048,1.0,0.0,0.5,none,True,True
39049,1.0,0.0,0.5,none,True,True
39050,1.0,0.0,0.5,none,True,True
39051,1.0,0.0,0.5,none,True,True
39052,1.0,0.0,0.5,none,True,True
39053,1.0,0.0,0.5,none,True,True
39054,1.0,0.0,0.5,none,True,True
39055,1.0,0.0,0.5,none,True,True
39056,1.0,0.0,0.5,none,True,True
39057,1.0,0.0,0.5,none,True,True
39058,1.0,0.0,0.5,none,True,True
39059,1.0,0.0,0.5,none,True,True
39060,1.0,0.0,0.5,none,True,True
39061,1.0,0.0,0.5,none,True,True
39062,1.0,0.0,0.5,none,True,True
39063,1.0,0.0,0.5,none,True,True
39064,1.0,0.0,0.5,none,True,True
39065,1.0,0.0,0.5,none,True,True
39066,1.0,0.0,0.5,none,True,True
39067,1.0,0.0,0.5,none,True,True
39068,1.0,0.0,0.5,none,True,True
39069,1.0,0.0,0.5,none,True,True
39070,1.0,0.0,0.5,none,True,True
39071,1.0,0.0,0.5,none,True,True
39072,1.0,0.0,0.5,none,True,True
39073,1.0,0.0,0.5,none,True,True
39074,1.0,0.0,0.5,none,True,True
39075,1.0,0.0,0.5,none,True,True
39076,1.0,0.0,0.5,none,True,True
39077,1.0,0.0,0.5,none,True,True
39078,1.0,0.0,0.5,none,True,True
39079,1.0,0.0,0.5,none,True,True
39080,1.0,0.0,0.5,none,True,True
39081,1.0,0.0,0.5,none,True,True
39082,1.0,0.0,0.5,none,True,True
39083,1.0,0.0,0.5,none,True,True
39084,1.0,0.0,0.5,none,True,True
39085,1.0,0.0,0.5,none,True,True
39086,1.0,0.0,0.5,none,True,True
39087,1.0,0.0,0.5,none,True,True
39088,1.0,0.0,0.5,none,True,True
39089,1.0,0.0,0.5,none,True,True
39090,1.0,0.0,0.5,none,True,True
39091,1.0,0.0,0.5,none,True,True
39092,1.0,0.0,0.5,none,True,True
39093,1.0,0.0,0.5,none,True,True
39094,1.0,0.0,0.5,none,True,True
39095,1.0,0.0,0.5,none,True,True
39096,1.0,0.0,0.5,none,True,True
39097,1.0,0.0,0.5,none,True,True
39098,1.0,0.0,0.5,none,True,True
39099,1.0,0.0,0.5,none,True,True
39100,1.0,0.0,0.5,none,True,True
39101,1.0,0.0,0.5,none,True,True
39102,1.0,0.0,0.5,none,True,True
39103,1.0,0.0,0.5,none,True,True
39104,1.0,0.0,0.5,none,True,True
39105,1.0,0.0,0.5,none,True,True
39106,1.0,0.0,0.5,none,True,True
39107,1.0,0.0,0.5,none,True,True
39108,1.0,0.0,0.5,none,True,True
39109,1.0,0.0,0.5,none,True,True
39110,1.0,0.0,0.5,none,True,True
39111,1.0,0.0,0.5,none,True,True
39112,1.0,0.0,0.5,none,True,True
39113,1.0,0.0,0.5,none,True,True
39114,1.0,0.0,0.5,none,True,True
39115,1.0,0.0,0.5,none,True,True
39116,1.0,0.0,0.5,none,True,True
39117,1.0,0.0,0.5,none,True,True
39118,1.0,0.0,0.5,none,True,True
39119,1.0,0.0,0.5,none,True,True
39120,1.0,0.0,0.5,none,True,True
39121,1.0,0.0,0.5,none,True,True
39122,1.0,0.0,0.5,none,True,True
39123,1.0,0.0,0.5,none,True,True
39124,1.0,0.0,0.5,none,True,True
39125,1.0,0.0,0.5,none,True,True
39126,1.0,0.0,0.5,none,True,True
39127,1.0,0.0,0.5,none,True,True
39128,1.0,0.0,0.5,none,True,True
39129,1.0,0.0,0.5,none,True,True
39130,1.0,0.0,0.5,none,True,True
39131,1.0,0.0,0.5,none,True,True
39132,1.0,0.0,0.5,none,True,True
39133,1.0,0.0,0.5,none,True,True
39134,1.0,0.0,0.5,none,True,True
39135,1.0,0.0,0.5,none,True,True
39136,1.0,0.0,0.5,none,True,True
39137,1.0,0.0,0.5,none,True,True
39138,1.0,0.0,0.5,none,True,True
39139,1.0,0.0,0.5,none,True,True
39140,1.0,0.0,0.5,none,True,True
39141,1.0,0.0,0.5,none,True,True
39142,1.0,0.0,0.5,none,True,True
39143,1.0,0.0,0.5,none,True,True
39144,1.0,0.0,0.5,none,True,True
39145,1.0,0.0,0.5,none,True,True
39146,1.0,0.0,0.5,none,True,True
39147,1.0,0.0,0.5,none,True,True
39148,1.0,0.0,0.5,none,True,True
39149,1.0,0.0,0.5,none,True,True
39150,1.0,0.0,0.5,none,True,True
39151,1.0,0.0,0.5,none,True,True
39152,1.0,0.0,0.5,none,True,True
39153,1.0,0.0,0.5,none,True,True
39154,1.0,0.0,0.5,none,True,True
39155,1.0,0.0,0.5,none,True,True
39156,1.0,0.0,0.5,none,True,True
39157,1.0,0.0,0.5,none,True,True
39158,1.0,0.0,0.5,none,True,True
39159,1.0,0.0,0.5,none,True,True
39160,1.0,0.0,0.5,none,True,True
39161,1.0,0.0,0.5,none,True,True
39162,1.0,0.0,0.5,none,True,True
39163,1.0,0.0,0.5,none,True,True
39164,1.0,0.0,0.5,none,True,True
39165,1.0,0.0,0.5,none,True,True
39166,1.0,0.0,0.5,none,True,True
39167,1.0,0.0,0.5,none,True,True
39168,1.0,0.0,0.5,none,True,True
39169,1.0,0.0,0.5,none,True,True
39170,1.0,0.0,0.5,none,True,True
39171,1.0,0.0,0.5,none,True,True
39172,1.0,0.0,0.5,none,True,True
39173,1.0,0.0,0.5,none,True,True
39174,1.0,0.0,0.5,none,True,True
39175,1.0,0.0,0.5,none,True,True
39176,1.0,0.0,0.5,none,True,True
39177,1.0,0.0,0.5,none,True,True
39178,1.0,0.0,0.5,none,True,True
39179,1.0,0.0,0.5,none,True,True
39180,1.0,0.0,0.5,none,True,True
39181,1.0,0.0,0.5,none,True,True
39182,1.0,0.0,0.5,none,True,True
39183,1.0,0.0,0.5,none,True,True
39184,1.0,0.0,0.5,none,True,True
39185,1.0,0.0,0.5,none,True,True
39186,1.0,0.0,0.5,none,True,True
39187,1.0,0.0,0.5,none,True,True
39188,1.0,0.0,0.5,none,True,True
39189,1.0,0.0,0.5,none,True,True
39190,1.0,0.0,0.5,none,True,True
39191,1.0,0.0,0.5,none,True,True
39192,1.0,0.0,0.5,none,True,True
39193,1.0,0.0,0.5,none,True,True
39194,1.0,0.0,0.5,none,True,True
39195,1.0,0.0,0.5,none,True,True
39196,1.0,0.0,0.5,none,True,True
39197,1.0,0.0,0.5,none,True,True
39198,1.0,0.0,0.5,none,True,True
39199,1.0,0.0,0.5,none,True,True
39200,1.0,0.0061,0.5,none,True,True
39201,1.0,0.0357,0.5,none,True,True
39202,1.0,0.0812,0.5,none,True,True
39203,1.0,0.1113,0.5,none,True,True
39204,1.0,0.1253,0.5,none,True,True
39205,1.0,0.1408,0.5,none,True,True
39206,1.0,0.0907,0.5,none,True,True
39207,1.0,0.1198,0.5,none,True,True
39208,1.0,0.0467,0.5,none,True,True
39209,1.0,0.0522,0.5,none,True,True
39210,1.0,0.0405,0.5,none,True,True
39211,1.0,0.0313,0.5,none,True,True
39212,1.0,0.0083,0.5,none,True,True
39213,1.0,0.0726,0.5,none,True,True
39214,1.0,0.0793,0.5,none,True,True
39215,1.0,0.0581,0.5,none,True,True
39216,1.0,0.0955,0.5,none,True,True
39217,1.0,0.0839,0.5,none,True,True
39218,1.0,0.0648,0.5,none,True,True
39219,1.0,0.0718,0.5,none,True,True
39220,1.0,0.0589,0.5,none,True,True
39221,1.0,0.0403,0.5,none,True,True
39222,1.0,0.0327,0.5,none,True,True
39223,1.0,0.0277,0.5,none,True,True
39224,1.0,0.017,0.5,none,True,True
39225,1.0,0.0102,0.5,none,True,True
39226,1.0,0.0099,0.5,none,True,True
39227,1.0,0.008,0.5,none,True,True
39228,1.0,0.005,0.5,none,True,True
39229,1.0,0.0063,0.5,none,True,True
39230,1.0,0.009,0.5,none,True,True
39231,1.0,0.0096,0.5,none,True,True
39232,1.0,0.0108,0.5,none,True,True
39233,1.0,0.014,0.5,none,True,True
39234,1.0,0.0161,0.5,none,True,True
39235,1.0,0.0167,0.5,none,True,True
39236,1.0,0.0182,0.5,none,True,True
39237,1.0,0.0196,0.5,none,True,True
39238,1.0,0.0197,0.5,none,True,True
39239,1.0,0.0193,0.5,none,True,True
39240,1.0,0.0193,0.5,none,True,True
39241,1.0,0.0187,0.5,none,True,True
39242,1.0,0.0174,0.5,none,True,True
39243,1.0,0.0163,0.5,none,True,True
39244,1.0,0.0152,0.5,none,True,True
39245,1.0,0.0138,0.5,none,True,True
39246,1.0,0.0123,0.5,none,True,True
39247,1.0,0.0111,0.5,none,True,True
39248,1.0,0.01,0.5,none,True,True
39249,1.0,0.0088,0.5,none,True,True
39250,1.0,0.0078,0.5,none,True,True
39251,1.0,0.0071,0.5,none,True,True
39252,1.0,0.0064,0.5,none,True,True
39253,1.0,0.0057,0.5,none,True,True
39254,1.0,0.0053,0.5,none,True,True
39255,1.0,0.005,0.5,none,True,True
39256,1.0,0.0047,0.5,none,True,True
39257,1.0,0.0045,0.5,none,True,True
39258,1.0,0.0044,0.5,none,True,True
39259,1.0,0.0043,0.5,none,True,True
39260,1.0,0.0042,0.5,none,True,True
39261,1.0,0.0041,0.5,none,True,True
39262,1.0,0.004,0.5,none,True,True
39263,1.0,0.0039,0.5,none,True,True
39264,1.0,0.0038,0.5,none,True,True
39265,1.0,0.0037,0.5,none,True,True
39266,1.0,0.0035,0.5,none,True,True
39267,1.0,0.0033,0.5,none,True,True
39268,1.0,0.0032,0.5,none,True,True
39269,1.0,0.003,0.5,none,True,True
39270,1.0,0.0028,0.5,none,True,True
39271,1.0,0.0026,0.5,none,True,True
39272,1.0,0.0024,0.5,none,True,True
39273,1.0,0.0023,0.5,none,True,True
39274,1.0,0.0021,0.5,none,True,True
39275,1.0,0.0019,0.5,none,True,True
39276,1.0,0.0018,0.5,none,True,True
39277,1.0,0.0017,0.5,none,True,True
39278,1.0,0.0015,0.5,none,True,True
39279,1.0,0.0014,0.5,none,True,True
39280,1.0,0.0013,0.5,none,True,True
39281,1.0,0.0013,0.5,none,True,True
39282,1.0,0.0012,0.5,none,True,True
39283,1.0,0.0011,0.5,none,True,True
39284,1.0,0.0011,0.5,none,True,True
39285,1.0,0.001,0.5,none,True,True
39286,1.0,0.001,0.5,none,True,True
39287,1.0,0.0009,0.5,none,True,True
39288,1.0,0.0009,0.5,none,True,True
39289,1.0,0.0008,0.5,none,True,True
39290,1.0,0.0008,0.5,none,True,True
39291,1.0,0.0008,0.5,none,True,True
39292,1.0,0.0007,0.5,none,True,True
39293,1.0,0.0007,0.5,none,True,True
39294,1.0,0.0006,0.5,none,True,True
39295,1.0,0.0006,0.5,none,True,True
39296,1.0,0.0006,0.5,none,True,True
39297,1.0,0.0005,0.5,none,True,True
39298,1.0,0.0005,0.5,none,True,True
39299,1.0,0.0005,0.5,none,True,True
39300,1.0,0.0004,0.5,none,True,True
39301,1.0,0.0004,0.5,none,True,True
39302,1.0,0.0004,0.5,none,True,True
39303,1.0,0.0004,0.5,none,True,True
39304,1.0,0.0003,0.5,none,True,True
39305,1.0,0.0003,0.5,none,True,True
39306,1.0,0.0003,0.5,none,True,True
39307,1.0,0.0003,0.5,none,True,True
39308,1.0,0.0003,0.5,none,True,True
39309,1.0,0.0003,0.5,none,True,True
39310,1.0,0.0002,0.5,none,True,True
39311,1.0,0.0002,0.5,none,True,True
39312,1.0,0.0002,0.5,none,True,True
39313,1.0,0.0002,0.5,none,True,True
39314,1.0,0.0002,0.5,none,True,True
39315,1.0,0.0002,0.5,none,True,True
39316,1.0,0.0002,0.5,none,True,True
39317,1.0,0.0002,0.5,none,True,True
39318,1.0,0.0002,0.5,none,True,True
39319,1.0,0.0001,0.5,none,True,True
39320,1.0,0.0001,0.5,none,True,True
39321,1.0,0.0001,0.5,none,True,True
39322,1.0,0.0001,0.5,none,True,True
39323,1.0,0.0001,0.5,none,True,True
39324,1.0,0.0001,0.5,none,True,True
39325,1.0,0.0001,0.5,none,True,True
39326,1.0,0.0001,0.5,none,True,True
39327,1.0,0.0001,0.5,none,True,True
39328,1.0,0.0001,0.5,none,True,True
39329,1.0,0.0001,0.5,none,True,True
39330,1.0,0.0001,0.5,none,True,True
39331,1.0,0.0001,0.5,none,True,True
39332,1.0,0.0001,0.5,none,True,True
39333,1.0,0.0001,0.5,none,True,True
39334,1.0,0.0001,0.5,none,True,True
39335,1.0,0.0001,0.5,none,True,True
39336,1.0,0.0001,0.5,none,True,True
39337,1.0,0.0,0.5,none,True,True
39338,1.0,0.0,0.5,none,True,True
39339,1.0,0.0,0.5,none,True,True
39340,1.0,0.0,0.5,none,True,True
39341,1.0,0.0,0.5,none,True,True
39342,1.0,0.0,0.5,none,True,True
39343,1.0,0.0,0.5,none,True,True
39344,1.0,0.0,0.5,none,True,True
39345,1.0,0.0,0.5,none,True,True
39346,1.0,0.0,0.5,none,True,True
39347,1.0,0.0,0.5,none,True,True
39348,1.0,0.0,0.5,none,True,True
39349,1.0,0.0,0.5,none,True,True
39350,1.0,0.0,0.5,none,True,True
39351,1.0,0.0,0.5,none,True,True
39352,1.0,0.0,0.5,none,True,True
39353,1.0,0.0,0.5,none,True,True
39354,1.0,0.0,0.5,none,True,True
39355,1.0,0.0,0.5,none,True,True
39356,1.0,0.0,0.5,none,True,True
39357,1.0,0.0,0.5,none,True,True
39358,1.0,0.0,0.5,none,True,True
39359,1.0,0.0,0.5,none,True,True
39360,1.0,0.0,0.5,none,True,True
39361,1.0,0.0,0.5,none,True,True
39362,1.0,0.0,0.5,none,True,True
39363,1.0,0.0,0.5,none,True,True
39364,1.0,0.0,0.5,none,True,True
39365,1.0,0.0,0.5,none,True,True
39366,1.0,0.0,0.5,none,True,True
39367,1.0,0.0,0.5,none,True,True
39368,1.0,0.0,0.5,none,True,True
39369,1.0,0.0,0.5,none,True,True
39370,1.0,0.0,0.5,none,True,True
39371,1.0,0.0,0.5,none,True,True
39372,1.0,0.0,0.5,none,True,True
39373,1.0,0.0,0.5,none,True,True
39374,1.0,0.0,0.5,none,True,True
39375,1.0,0.0,0.5,none,True,True
39376,1.0,0.0,0.5,none,True,True
39377,1.0,0.0,0.5,none,True,True
39378,1.0,0.0,0.5,none,True,True
39379,1.0,0.0,0.5,none,True,True
39380,1.0,0.0,0.5,none,True,True
39381,1.0,0.0,0.5,none,True,True
39382,1.0,0.0,0.5,none,True,True
39383,1.0,0.0,0.5,none,True,True
39384,1.0,0.0,0.5,none,True,True
39385,1.0,0.0,0.5,none,True,True
39386,1.0,0.0,0.5,none,True,True
39387,1.0,0.0,0.5,none,True,True
39388,1.0,0.0,0.5,none,True,True
39389,1.0,0.0,0.5,none,True,True
39390,1.0,0.0,0.5,none,True,True
39391,1.0,0.0,0.5,none,True,True
39392,1.0,0.0,0.5,none,True,True
39393,1.0,0.0,0.5,none,True,True
39394,1.0,0.0,0.5,none,True,True
39395,1.0,0.0,0.5,none,True,True
39396,1.0,0.0,0.5,none,True,True
39397,1.0,0.0,0.5,none,True,True
39398,1.0,0.0,0.5,none,True,True
39399,1.0,0.0,0.5,none,True,True
39400,1.0,0.0,0.5,none,True,True
39401,1.0,0.0,0.5,none,True,True
39402,1.0,0.0,0.5,none,True,True
39403,1.0,0.0,0.5,none,True,True
39404,1.0,0.0,0.5,none,True,True
39405,1.0,0.0,0.5,none,True,True
39406,1.0,0.0,0.5,none,True,True
39407,1.0,0.0,0.5,none,True,True
39408,1.0,0.0,0.5,none,True,True
39409,1.0,0.0,0.5,none,True,True
39410,1.0,0.0,0.5,none,True,True
39411,1.0,0.0,0.5,none,True,True
39412,1.0,0.0,0.5,none,True,True
39413,1.0,0.0,0.5,none,True,True
39414,1.0,0.0,0.5,none,True,True
39415,1.0,0.0,0.5,none,True,True
39416,1.0,0.0,0.5,none,True,True
39417,1.0,0.0,0.5,none,True,True
39418,1.0,0.0,0.5,none,True,True
39419,1.0,0.0,0.5,none,True,True
39420,1.0,0.0,0.5,none,True,True
39421,1.0,0.0,0.5,none,True,True
39422,1.0,0.0,0.5,none,True,True
39423,1.0,0.0,0.5,none,True,True
39424,1.0,0.0,0.5,none,True,True
39425,1.0,0.0,0.5,none,True,True
39426,1.0,0.0,0.5,none,True,True
39427,1.0,0.0,0.5,none,True,True
39428,1.0,0.0,0.5,none,True,True
39429,1.0,0.0,0.5,none,True,True
39430,1.0,0.0,0.5,none,True,True
39431,1.0,0.0,0.5,none,True,True
39432,1.0,0.0,0.5,none,True,True
39433,1.0,0.0,0.5,none,True,True
39434,1.0,0.0,0.5,none,True,True
39435,1.0,0.0,0.5,none,True,True
39436,1.0,0.0,0.5,none,True,True
39437,1.0,0.0,0.5,none,True,True
39438,1.0,0.0,0.5,none,True,True
39439,1.0,0.0,0.5,none,True,True
39440,1.0,0.0,0.5,none,True,True
39441,1.0,0.0,0.5,none,True,True
39442,1.0,0.0,0.5,none,True,True
39443,1.0,0.0,0.5,none,True,True
39444,1.0,0.0,0.5,none,True,True
39445,1.0,0.0,0.5,none,True,True
39446,1.0,0.0,0.5,none,True,True
39447,1.0,0.0,0.5,none,True,True
39448,1.0,0.0,0.5,none,True,True
39449,1.0,0.0,0.5,none,True,True
39450,1.0,0.0,0.5,none,True,True
39451,1.0,0.0,0.5,none,True,True
39452,1.0,0.0,0.5,none,True,True
39453,1.0,0.0,0.5,none,True,True
39454,1.0,0.0,0.5,none,True,True
39455,1.0,0.0,0.5,none,True,True
39456,1.0,0.0,0.5,none,True,True
39457,1.0,0.0,0.5,none,True,True
39458,1.0,0.0,0.5,none,True,True
39459,1.0,0.0,0.5,none,True,True
39460,1.0,0.0,0.5,none,True,True
39461,1.0,0.0,0.5,none,True,True
39462,1.0,0.0,0.5,none,True,True
39463,1.0,0.0,0.5,none,True,True
39464,1.0,0.0,0.5,none,True,True
39465,1.0,0.0,0.5,none,True,True
39466,1.0,0.0,0.5,none,True,True
39467,1.0,0.0,0.5,none,True,True
39468,1.0,0.0,0.5,none,True,True
39469,1.0,0.0,0.5,none,True,True
39470,1.0,0.0,0.5,none,True,True
39471,1.0,0.0,0.5,none,True,True
39472,1.0,0.0,0.5,none,True,True
39473,1.0,0.0,0.5,none,True,True
39474,1.0,0.0,0.5,none,True,True
39475,1.0,0.0,0.5,none,True,True
39476,1.0,0.0,0.5,none,True,True
39477,1.0,0.0,0.5,none,True,True
39478,1.0,0.0,0.5,none,True,True
39479,1.0,0.0,0.5,none,True,True
39480,1.0,0.0,0.5,none,True,True
39481,1.0,0.0,0.5,none,True,True
39482,1.0,0.0,0.5,none,True,True
39483,1.0,0.0,0.5,none,True,True
39484,1.0,0.0,0.5,none,True,True
39485,1.0,0.0,0.5,none,True,True
39486,1.0,0.0,0.5,none,True,True
39487,1.0,0.0,0.5,none,True,True
39488,1.0,0.0,0.5,none,True,True
39489,1.0,0.0,0.5,none,True,True
39490,1.0,0.0,0.5,none,True,True
39491,1.0,0.0,0.5,none,True,True
39492,1.0,0.0,0.5,none,True,True
39493,1.0,0.0,0.5,none,True,True
39494,1.0,0.0,0.5,none,True,True
39495,1.0,0.0,0.5,none,True,True
39496,1.0,0.0,0.5,none,True,True
39497,1.0,0.0,0.5,none,True,True
39498,1.0,0.0,0.5,none,True,True
39499,1.0,0.0,0.5,none,True,True
39500,1.0,0.0,0.5,none,True,True
39501,1.0,0.0,0.5,none,True,True
39502,1.0,0.0,0.5,none,True,True
39503,1.0,0.0,0.5,none,True,True
39504,1.0,0.0,0.5,none,True,True
39505,1.0,0.0,0.5,none,True,True
39506,1.0,0.0,0.5,none,True,True
39507,1.0,0.0,0.5,none,True,True
39508,1.0,0.0,0.5,none,True,True
39509,1.0,0.0,0.5,none,True,True
39510,1.0,0.0,0.5,none,True,True
39511,1.0,0.0,0.5,none,True,True
39512,1.0,0.0,0.5,none,True,True
39513,1.0,0.0,0.5,none,True,True
39514,1.0,0.0,0.5,none,True,True
39515,1.0,0.0,0.5,none,True,True
39516,1.0,0.0,0.5,none,True,True
39517,1.0,0.0,0.5,none,True,True
39518,1.0,0.0,0.5,none,True,True
39519,1.0,0.0,0.5,none,True,True
39520,1.0,0.0,0.5,none,True,True
39521,1.0,0.0,0.5,none,True,True
39522,1.0,0.0,0.5,none,True,True
39523,1.0,0.0,0.5,none,True,True
39524,1.0,0.0,0.5,none,True,True
39525,1.0,0.0,0.5,none,True,True
39526,1.0,0.0,0.5,none,True,True
39527,1.0,0.0,0.5,none,True,True
39528,1.0,0.0,0.5,none,True,True
39529,1.0,0.0,0.5,none,True,True
39530,1.0,0.0,0.5,none,True,True
39531,1.0,0.0,0.5,none,True,True
39532,1.0,0.0,0.5,none,True,True
39533,1.0,0.0,0.5,none,True,True
39534,1.0,0.0,0.5,none,True,True
39535,1.0,0.0,0.5,none,True,True
39536,1.0,0.0,0.5,none,True,True
39537,1.0,0.0,0.5,none,True,True
39538,1.0,0.0,0.5,none,True,True
39539,1.0,0.0,0.5,none,True,True
39540,1.0,0.0,0.5,none,True,True
39541,1.0,0.0,0.5,none,True,True
39542,1.0,0.0,0.5,none,True,True
39543,1.0,0.0,0.5,none,True,True
39544,1.0,0.0,0.5,none,True,True
39545,1.0,0.0,0.5,none,True,True
39546,1.0,0.0,0.5,none,True,True
39547,1.0,0.0,0.5,none,True,True
39548,1.0,0.0,0.5,none,True,True
39549,1.0,0.0,0.5,none,True,True
39550,1.0,0.0,0.5,none,True,True
39551,1.0,0.0,0.5,none,True,True
39552,1.0,0.0,0.5,none,True,True
39553,1.0,0.0,0.5,none,True,True
39554,1.0,0.0,0.5,none,True,True
39555,1.0,0.0,0.5,none,True,True
39556,1.0,0.0,0.5,none,True,True
39557,1.0,0.0,0.5,none,True,True
39558,1.0,0.0,0.5,none,True,True
39559,1.0,0.0,0.5,none,True,True
39560,1.0,0.0,0.5,none,True,True
39561,1.0,0.0,0.5,none,True,True
39562,1.0,0.0,0.5,none,True,True
39563,1.0,0.0,0.5,none,True,True
39564,1.0,0.0,0.5,none,True,True
39565,1.0,0.0,0.5,none,True,True
39566,1.0,0.0,0.5,none,True,True
39567,1.0,0.0,0.5,none,True,True
39568,1.0,0.0,0.5,none,True,True
39569,1.0,0.0,0.5,none,True,True
39570,1.0,0.0,0.5,none,True,True
39571,1.0,0.0,0.5,none,True,True
39572,1.0,0.0,0.5,none,True,True
39573,1.0,0.0,0.5,none,True,True
39574,1.0,0.0,0.5,none,True,True
39575,1.0,0.0,0.5,none,True,True
39576,1.0,0.0,0.5,none,True,True
39577,1.0,0.0,0.5,none,True,True
39578,1.0,0.0,0.5,none,True,True
39579,1.0,0.0,0.5,none,True,True
39580,1.0,0.0,0.5,none,True,True
39581,1.0,0.0,0.5,none,True,True
39582,1.0,0.0,0.5,none,True,True
39583,1.0,0.0,0.5,none,True,True
39584,1.0,0.0,0.5,none,True,True
39585,1.0,0.0,0.5,none,True,True
39586,1.0,0.0,0.5,none,True,True
39587,1.0,0.0,0.5,none,True,True
39588,1.0,0.0,0.5,none,True,True
39589,1.0,0.0,0.5,none,True,True
39590,1.0,0.0,0.5,none,True,True
39591,1.0,0.0,0.5,none,True,True
39592,1.0,0.0,0.5,none,True,True
39593,1.0,0.0,0.5,none,True,True
39594,1.0,0.0,0.5,none,True,True
39595,1.0,0.0,0.5,none,True,True
39596,1.0,0.0,0.5,none,True,True
39597,1.0,0.0,0.5,none,True,True
39598,1.0,0.0,0.5,none,True,True
39599,1.0,0.0,0.5,none,True,True
39600,1.0,0.0,0.5,none,True,True
39601,1.0,0.0,0.5,none,True,True
39602,1.0,0.0,0.5,none,True,True
39603,1.0,0.0,0.5,none,True,True
39604,1.0,0.0,0.5,none,True,True
39605,1.0,0.0,0.5,none,True,True
39606,1.0,0.0,0.5,none,True,True
39607,1.0,0.0,0.5,none,True,True
39608,1.0,0.0,0.5,none,True,True
39609,1.0,0.0,0.5,none,True,True
39610,1.0,0.0,0.5,none,True,True
39611,1.0,0.0,0.5,none,True,True
39612,1.0,0.0,0.5,none,True,True
39613,1.0,0.0,0.5,none,True,True
39614,1.0,0.0,0.5,none,True,True
39615,1.0,0.0,0.5,none,True,True
39616,1.0,0.0,0.5,none,True,True
39617,1.0,0.0,0.5,none,True,True
39618,1.0,0.0,0.5,none,True,True
39619,1.0,0.0,0.5,none,True,True
39620,1.0,0.0,0.5,none,True,True
39621,1.0,0.0,0.5,none,True,True
39622,1.0,0.0,0.5,none,True,True
39623,1.0,0.0,0.5,none,True,True
39624,1.0,0.0,0.5,none,True,True
39625,1.0,0.0,0.5,none,True,True
39626,1.0,0.0,0.5,none,True,True
39627,1.0,0.0,0.5,none,True,True
39628,1.0,0.0,0.5,none,True,True
39629,1.0,0.0,0.5,none,True,True
39630,1.0,0.0,0.5,none,True,True
39631,1.0,0.0,0.5,none,True,True
39632,1.0,0.0,0.5,none,True,True
39633,1.0,0.0,0.5,none,True,True
39634,1.0,0.0,0.5,none,True,True
39635,1.0,0.0,0.5,none,True,True
39636,1.0,0.0,0.5,none,True,True
39637,1.0,0.0,0.5,none,True,True
39638,1.0,0.0,0.5,none,True,True
39639,1.0,0.0,0.5,none,True,True
39640,1.0,0.0,0.5,none,True,True
39641,1.0,0.0,0.5,none,True,True
39642,1.0,0.0,0.5,none,True,True
39643,1.0,0.0,0.5,none,True,True
39644,1.0,0.0,0.5,none,True,True
39645,1.0,0.0,0.5,none,True,True
39646,1.0,0.0,0.5,none,True,True
39647,1.0,0.0,0.5,none,True,True
39648,1.0,0.0,0.5,none,True,True
39649,1.0,0.0,0.5,none,True,True
39650,1.0,0.0,0.5,none,True,True
39651,1.0,0.0,0.5,none,True,True
39652,1.0,0.0,0.5,none,True,True
39653,1.0,0.0,0.5,none,True,True
39654,1.0,0.0,0.5,none,True,True
39655,1.0,0.0,0.5,none,True,True
39656,1.0,0.0,0.5,none,True,True
39657,1.0,0.0,0.5,none,True,True
39658,1.0,0.0,0.5,none,True,True
39659,1.0,0.0,0.5,none,True,True
39660,1.0,0.0,0.5,none,True,True
39661,1.0,0.0,0.5,none,True,True
39662,1.0,0.0,0.5,none,True,True
39663,1.0,0.0,0.5,none,True,True
39664,1.0,0.0,0.5,none,True,True
39665,1.0,0.0,0.5,none,True,True
39666,1.0,0.0,0.5,none,True,True
39667,1.0,0.0,0.5,none,True,True
39668,1.0,0.0,0.5,none,True,True
39669,1.0,0.0,0.5,none,True,True
39670,1.0,0.0,0.5,none,True,True
39671,1.0,0.0,0.5,none,True,True
39672,1.0,0.0,0.5,none,True,True
39673,1.0,0.0,0.5,none,True,True
39674,1.0,0.0,0.5,none,True,True
39675,1.0,0.0,0.5,none,True,True
39676,1.0,0.0,0.5,none,True,True
39677,1.0,0.0,0.5,none,True,True
39678,1.0,0.0,0.5,none,True,True
39679,1.0,0.0,0.5,none,True,True
39680,1.0,0.0,0.5,none,True,True
39681,1.0,0.0,0.5,none,True,True
39682,1.0,0.0,0.5,none,True,True
39683,1.0,0.0,0.5,none,True,True
39684,1.0,0.0,0.5,none,True,True
39685,1.0,0.0,0.5,none,True,True
39686,1.0,0.0,0.5,none,True,True
39687,1.0,0.0,0.5,none,True,True
39688,1.0,0.0,0.5,none,True,True
39689,1.0,0.0,0.5,none,True,True
39690,1.0,0.0,0.5,none,True,True
39691,1.0,0.0,0.5,none,True,True
39692,1.0,0.0,0.5,none,True,True
39693,1.0,0.0,0.5,none,True,True
39694,1.0,0.0,0.5,none,True,True
39695,1.0,0.0,0.5,none,True,True
39696,1.0,0.0,0.5,none,True,True
39697,1.0,0.0,0.5,none,True,True
39698,1.0,0.0,0.5,none,True,True
39699,1.0,0.0,0.5,none,True,True
39700,1.0,0.0,0.5,none,True,True
39701,1.0,0.0,0.5,none,True,True
39702,1.0,0.0,0.5,none,True,True
39703,1.0,0.0,0.5,none,True,True
39704,1.0,0.0,0.5,none,True,True
39705,1.0,0.0,0.5,none,True,True
39706,1.0,0.0,0.5,none,True,True
39707,1.0,0.0,0.5,none,True,True
39708,1.0,0.0,0.5,none,True,True
39709,1.0,0.0,0.5,none,True,True
39710,1.0,0.0,0.5,none,True,True
39711,1.0,0.0,0.5,none,True,True
39712,1.0,0.0,0.5,none,True,True
39713,1.0,0.0,0.5,none,True,True
39714,1.0,0.0,0.5,none,True,True
39715,1.0,0.0,0.5,none,True,True
39716,1.0,0.0,0.5,none,True,True
39717,1.0,0.0,0.5,none,True,True
39718,1.0,0.0,0.5,none,True,True
39719,1.0,0.0,0.5,none,True,True
39720,1.0,0.0,0.5,none,True,True
39721,1.0,0.0,0.5,none,True,True
39722,1.0,0.0,0.5,none,True,True
39723,1.0,0.0,0.5,none,True,True
39724,1.0,0.0,0.5,none,True,True
39725,1.0,0.0,0.5,none,True,True
39726,1.0,0.0,0.5,none,True,True
39727,1.0,0.0,0.5,none,True,True
39728,1.0,0.0,0.5,none,True,True
39729,1.0,0.0,0.5,none,True,True
39730,1.0,0.0,0.5,none,True,True
39731,1.0,0.0,0.5,none,True,True
39732,1.0,0.0,0.5,none,True,True
39733,1.0,0.0,0.5,none,True,True
39734,1.0,0.0,0.5,none,True,True
39735,1.0,0.0,0.5,none,True,True
39736,1.0,0.0,0.5,none,True,True
39737,1.0,0.0,0.5,none,True,True
39738,1.0,0.0,0.5,none,True,True
39739,1.0,0.0,0.5,none,True,True
39740,1.0,0.0,0.5,none,True,True
39741,1.0,0.0,0.5,none,True,True
39742,1.0,0.0,0.5,none,True,True
39743,1.0,0.0,0.5,none,True,True
39744,1.0,0.0,0.5,none,True,True
39745,1.0,0.0,0.5,none,True,True
39746,1.0,0.0,0.5,none,True,True
39747,1.0,0.0,0.5,none,True,True
39748,1.0,0.0,0.5,none,True,True
39749,1.0,0.0,0.5,none,True,True
39750,1.0,0.0,0.5,none,True,True
39751,1.0,0.0,0.5,none,True,True
39752,1.0,0.0,0.5,none,True,True
39753,1.0,0.0,0.5,none,True,True
39754,1.0,0.0,0.5,none,True,True
39755,1.0,0.0,0.5,none,True,True
39756,1.0,0.0,0.5,none,True,True
39757,1.0,0.0,0.5,none,True,True
39758,1.0,0.0,0.5,none,True,True
39759,1.0,0.0,0.5,none,True,True
39760,1.0,0.0,0.5,none,True,True
39761,1.0,0.0,0.5,none,True,True
39762,1.0,0.0,0.5,none,True,True
39763,1.0,0.0,0.5,none,True,True
39764,1.0,0.0,0.5,none,True,True
39765,1.0,0.0,0.5,none,True,True
39766,1.0,0.0,0.5,none,True,True
39767,1.0,0.0,0.5,none,True,True
39768,1.0,0.0,0.5,none,True,True
39769,1.0,0.0,0.5,none,True,True
39770,1.0,0.0,0.5,none,True,True
39771,1.0,0.0,0.5,none,True,True
39772,1.0,0.0,0.5,none,True,True
39773,1.0,0.0,0.5,none,True,True
39774,1.0,0.0,0.5,none,True,True
39775,1.0,0.0,0.5,none,True,True
39776,1.0,0.0,0.5,none,True,True
39777,1.0,0.0,0.5,none,True,True
39778,1.0,0.0,0.5,none,True,True
39779,1.0,0.0,0.5,none,True,True
39780,1.0,0.0,0.5,none,True,True
39781,1.0,0.0,0.5,none,True,True
39782,1.0,0.0,0.5,none,True,True
39783,1.0,0.0,0.5,none,True,True
39784,1.0,0.0,0.5,none,True,True
39785,1.0,0.0,0.5,none,True,True
39786,1.0,0.0,0.5,none,True,True
39787,1.0,0.0,0.5,none,True,True
39788,1.0,0.0,0.5,none,True,True
39789,1.0,0.0,0.5,none,True,True
39790,1.0,0.0,0.5,none,True,True
39791,1.0,0.0,0.5,none,True,True
39792,1.0,0.0,0.5,none,True,True
39793,1.0,0.0,0.5,none,True,True
39794,1.0,0.0,0.5,none,True,True
39795,1.0,0.0,0.5,none,True,True
39796,1.0,0.0,0.5,none,True,True
39797,1.0,0.0,0.5,none,True,True
39798,1.0,0.0,0.5,none,True,True
39799,1.0,0.0,0.5,none,True,True
39800,1.0,0.0,0.5,none,True,True
39801,1.0,0.0,0.5,none,True,True
39802,1.0,0.0,0.5,none,True,True
39803,1.0,0.0,0.5,none,True,True
39804,1.0,0.0,0.5,none,True,True
39805,1.0,0.0,0.5,none,True,True
39806,1.0,0.0,0.5,none,True,True
39807,1.0,0.0,0.5,none,True,True
39808,1.0,0.0,0.5,none,True,True
39809,1.0,0.0,0.5,none,True,True
39810,1.0,0.0,0.5,none,True,True
39811,1.0,0.0,0.5,none,True,True
39812,1.0,0.0,0.5,none,True,True
39813,1.0,0.0,0.5,none,True,True
39814,1.0,0.0,0.5,none,True,True
39815,1.0,0.0,0.5,none,True,True
39816,1.0,0.0,0.5,none,True,True
39817,1.0,0.0,0.5,none,True,True
39818,1.0,0.0,0.5,none,True,True
39819,1.0,0.0,0.5,none,True,True
39820,1.0,0.0,0.5,none,True,True
39821,1.0,0.0,0.5,none,True,True
39822,1.0,0.0,0.5,none,True,True
39823,1.0,0.0,0.5,none,True,True
39824,1.0,0.0,0.5,none,True,True
39825,1.0,0.0,0.5,none,True,True
39826,1.0,0.0,0.5,none,True,True
39827,1.0,0.0,0.5,none,True,True
39828,1.0,0.0,0.5,none,True,True
39829,1.0,0.0,0.5,none,True,True
39830,1.0,0.0,0.5,none,True,True
39831,1.0,0.0,0.5,none,True,True
39832,1.0,0.0,0.5,none,True,True
39833,1.0,0.0,0.5,none,True,True
39834,1.0,0.0,0.5,none,True,True
39835,1.0,0.0,0.5,none,True,True
39836,1.0,0.0,0.5,none,True,True
39837,1.0,0.0,0.5,none,True,True
39838,1.0,0.0,0.5,none,True,True
39839,1.0,0.0,0.5,none,True,True
39840,1.0,0.0,0.5,none,True,True
39841,1.0,0.0,0.5,none,True,True
39842,1.0,0.0,0.5,none,True,True
39843,1.0,0.0,0.5,none,True,True
39844,1.0,0.0,0.5,none,True,True
39845,1.0,0.0,0.5,none,True,True
39846,1.0,0.0,0.5,none,True,True
39847,1.0,0.0,0.5,none,True,True
39848,1.0,0.0,0.5,none,True,True
39849,1.0,0.0,0.5,none,True,True
39850,1.0,0.0,0.5,none,True,True
39851,1.0,0.0,0.5,none,True,True
39852,1.0,0.0,0.5,none,True,True
39853,1.0,0.0,0.5,none,True,True
39854,1.0,0.0,0.5,none,True,True
39855,1.0,0.0,0.5,none,True,True
39856,1.0,0.0,0.5,none,True,True
39857,1.0,0.0,0.5,none,True,True
39858,1.0,0.0,0.5,none,True,True
39859,1.0,0.0,0.5,none,True,True
39860,1.0,0.0,0.5,none,True,True
39861,1.0,0.0,0.5,none,True,True
39862,1.0,0.0,0.5,none,True,True
39863,1.0,0.0,0.5,none,True,True
39864,1.0,0.0,0.5,none,True,True
39865,1.0,0.0,0.5,none,True,True
39866,1.0,0.0,0.5,none,True,True
39867,1.0,0.0,0.5,none,True,True
39868,1.0,0.0,0.5,none,True,True
39869,1.0,0.0,0.5,none,True,True
39870,1.0,0.0,0.5,none,True,True
39871,1.0,0.0,0.5,none,True,True
39872,1.0,0.0,0.5,none,True,True
39873,1.0,0.0,0.5,none,True,True
39874,1.0,0.0,0.5,none,True,True
39875,1.0,0.0,0.5,none,True,True
39876,1.0,0.0,0.5,none,True,True
39877,1.0,0.0,0.5,none,True,True
39878,1.0,0.0,0.5,none,True,True
39879,1.0,0.0,0.5,none,True,True
39880,1.0,0.0,0.5,none,True,True
39881,1.0,0.0,0.5,none,True,True
39882,1.0,0.0,0.5,none,True,True
39883,1.0,0.0,0.5,none,True,True
39884,1.0,0.0,0.5,none,True,True
39885,1.0,0.0,0.5,none,True,True
39886,1.0,0.0,0.5,none,True,True
39887,1.0,0.0,0.5,none,True,True
39888,1.0,0.0,0.5,none,True,True
39889,1.0,0.0,0.5,none,True,True
39890,1.0,0.0,0.5,none,True,True
39891,1.0,0.0,0.5,none,True,True
39892,1.0,0.0,0.5,none,True,True
39893,1.0,0.0,0.5,none,True,True
39894,1.0,0.0,0.5,none,True,True
39895,1.0,0.0,0.5,none,True,True
39896,1.0,0.0,0.5,none,True,True
39897,1.0,0.0,0.5,none,True,True
39898,1.0,0.0,0.5,none,True,True
39899,1.0,0.0,0.5,none,True,True
39900,1.0,0.0061,0.5,none,True,True
39901,1.0,0.0357,0.5,none,True,True
39902,1.0,0.0812,0.5,none,True,True
39903,1.0,0.1113,0.5,none,True,True
39904,1.0,0.1253,0.5,none,True,True
39905,1.0,0.1408,0.5,none,True,True
39906,1.0,0.0907,0.5,none,True,True
39907,1.0,0.1198,0.5,none,True,True
39908,1.0,0.0467,0.5,none,True,True
39909,1.0,0.0522,0.5,none,True,True
39910,1.0,0.0405,0.5,none,True,True
39911,1.0,0.0313,0.5,none,True,True
39912,1.0,0.0083,0.5,none,True,True
39913,1.0,0.0726,0.5,none,True,True
39914,1.0,0.0793,0.5,none,True,True
39915,1.0,0.0581,0.5,none,True,True
39916,1.0,0.0955,0.5,none,True,True
39917,1.0,0.0839,0.5,none,True,True
39918,1.0,0.0648,0.5,none,True,True
39919,1.0,0.0718,0.5,none,True,True
39920,1.0,0.0589,0.5,none,True,True
39921,1.0,0.0403,0.5,none,True,True
39922,1.0,0.0327,0.5,none,True,True
39923,1.0,0.0277,0.5,none,True,True
39924,1.0,0.017,0.5,none,True,True
39925,1.0,0.0102,0.5,none,True,True
39926,1.0,0.0099,0.5,none,True,True
39927,1.0,0.008,0.5,none,True,True
39928,1.0,0.005,0.5,none,True,True
39929,1.0,0.0063,0.5,none,True,True
39930,1.0,0.009,0.5,none,True,True
39931,1.0,0.0096,0.5,none,True,True
39932,1.0,0.0108,0.5,none,True,True
39933,1.0,0.014,0.5,none,True,True
39934,1.0,0.0161,0.5,none,True,True
39935,1.0,0.0167,0.5,none,True,True
39936,1.0,0.0182,0.5,none,True,True
39937,1.0,0.0196,0.5,none,True,True
39938,1.0,0.0197,0.5,none,True,True
39939,1.0,0.0193,0.5,none,True,True
39940,1.0,0.0193,0.5,none,True,True
39941,1.0,0.0187,0.5,none,True,True
39942,1.0,0.0174,0.5,none,True,True
39943,1.0,0.0163,0.5,none,True,True
39944,1.0,0.0152,0.5,none,True,True
39945,1.0,0.0138,0.5,none,True,True
39946,1.0,0.0123,0.5,none,True,True
39947,1.0,0.0111,0.5,none,True,True
39948,1.0,0.01,0.5,none,True,True
39949,1.0,0.0088,0.5,none,True,True
39950,1.0,0.0078,0.5,none,True,True
39951,1.0,0.0071,0.5,none,True,True
39952,1.0,0.0064,0.5,none,True,True
39953,1.0,0.0057,0.5,none,True,True
39954,1.0,0.0053,0.5,none,True,True
39955,1.0,0.005,0.5,none,True,True
39956,1.0,0.0047,0.5,none,True,True
39957,1.0,0.0045,0.5,none,True,True
39958,1.0,0.0044,0.5,none,True,True
39959,1.0,0.0043,0.5,none,True,True
39960,1.0,0.0042,0.5,none,True,True
39961,1.0,0.0041,0.5,none,True,True
39962,1.0,0.004,0.5,none,True,True
39963,1.0,0.0039,0.5,none,True,True
39964,1.0,0.0038,0.5,none,True,True
39965,1.0,0.0037,0.5,none,True,True
39966,1.0,0.0035,0.5,none,True,True
39967,1.0,0.0033,0.5,none,True,True
39968,1.0,0.0032,0.5,none,True,True
39969,1.0,0.003,0.5,none,True,True
39970,1.0,0.0028,0.5,none,True,True
39971,1.0,0.0026,0.5,none,True,True
39972,1.0,0.0024,0.5,none,True,True
39973,1.0,0.0023,0.5,none,True,True
39974,1.0,0.0021,0.5,none,True,True
39975,1.0,0.0019,0.5,none,True,True
39976,1.0,0.0018,0.5,none,True,True
39977,1.0,0.0017,0.5,none,True,True
39978,1.0,0.0015,0.5,none,True,True
39979,1.0,0.0014,0.5,none,True,True
39980,1.0,0.0013,0.5,none,True,True
39981,1.0,0.0013,0.5,none,True,True
39982,1.0,0.0012,0.5,none,True,True
39983,1.0,0.0011,0.5,none,True,True
39984,1.0,0.0011,0.5,none,True,True
39985,1.0,0.001,0.5,none,True,True
39986,1.0,0.001,0.5,none,True,True
39987,1.0,0.0009,0.5,none,True,True
39988,1.0,0.0009,0.5,none,True,True
39989,1.0,0.0008,0.5,none,True,True
39990,1.0,0.0008,0.5,none,True,True
39991,1.0,0.0008,0.5,none,True,True
39992,1.0,0.0007,0.5,none,True,True
39993,1.0,0.0007,0.5,none,True,True
39994,1.0,0.0006,0.5,none,True,True
39995,1.0,0.0006,0.5,none,True,True
39996,1.0,0.0006,0.5,none,True,True
39997,1.0,0.0005,0.5,none,True,True
39998,1.0,0.0005,0.5,none,True,True
39999,1.0,0.0005,0.5,none,True,True
40000,1.0,0.0004,0.5,none,True,True
40001,1.0,0.0004,0.5,none,True,True
40002,1.0,0.0004,0.5,none,True,True
40003,1.0,0.0004,0.5,none,True,True
40004,1.0,0.0003,0.5,none,True,True
40005,1.0,0.0003,0.5,none,True,True
40006,1.0,0.0003,0.5,none,True,True
40007,1.0,0.0003,0.5,none,True,True
40008,1.0,0.0003,0.5,none,True,True
40009,1.0,0.0003,0.5,none,True,True
40010,1.0,0.0002,0.5,none,True,True
40011,1.0,0.0002,0.5,none,True,True
40012,1.0,0.0002,0.5,none,True,True
40013,1.0,0.0002,0.5,none,True,True
40014,1.0,0.0002,0.5,none,True,True
40015,1.0,0.0002,0.5,none,True,True
40016,1.0,0.0002,0.5,none,True,True
40017,1.0,0.0002,0.5,none,True,True
40018,1.0,0.0002,0.5,none,True,True
40019,1.0,0.0001,0.5,none,True,True
40020,1.0,0.0001,0.5,none,True,True
40021,1.0,0.0001,0.5,none,True,True
40022,1.0,0.0001,0.5,none,True,True
40023,1.0,0.0001,0.5,none,True,True
40024,1.0,0.0001,0.5,none,True,True
40025,1.0,0.0001,0.5,none,True,True
40026,1.0,0.0001,0.5,none,True,True
40027,1.0,0.0001,0.5,none,True,True
40028,1.0,0.0001,0.5,none,True,True
40029,1.0,0.0001,0.5,none,True,True
40030,1.0,0.0001,0.5,none,True,True
40031,1.0,0.0001,0.5,none,True,True
40032,1.0,0.0001,0.5,none,True,True
40033,1.0,0.0001,0.5,none,True,True
40034,1.0,0.0001,0.5,none,True,True
40035,1.0,0.0001,0.5,none,True,True
40036,1.0,0.0001,0.5,none,True,True
40037,1.0,0.0,0.5,none,True,True
40038,1.0,0.0,0.5,none,True,True
40039,1.0,0.0,0.5,none,True,True
40040,1.0,0.0,0.5,none,True,True
40041,1.0,0.0,0.5,none,True,True
40042,1.0,0.0,0.5,none,True,True
40043,1.0,0.0,0.5,none,True,True
40044,1.0,0.0,0.5,none,True,True
40045,1.0,0.0,0.5,none,True,True
40046,1.0,0.0,0.5,none,True,True
40047,1.0,0.0,0.5,none,True,True
40048,1.0,0.0,0.5,none,True,True
40049,1.0,0.0,0.5,none,True,True
40050,1.0,0.0,0.5,none,True,True
40051,1.0,0.0,0.5,none,True,True
40052,1.0,0.0,0.5,none,True,True
40053,1.0,0.0,0.5,none,True,True
40054,1.0,0.0,0.5,none,True,True
40055,1.0,0.0,0.5,none,True,True
40056,1.0,0.0,0.5,none,True,True
40057,1.0,0.0,0.5,none,True,True
40058,1.0,0.0,0.5,none,True,True
40059,1.0,0.0,0.5,none,True,True
40060,1.0,0.0,0.5,none,True,True
40061,1.0,0.0,0.5,none,True,True
40062,1.0,0.0,0.5,none,True,True
40063,1.0,0.0,0.5,none,True,True
40064,1.0,0.0,0.5,none,True,True
40065,1.0,0.0,0.5,none,True,True
40066,1.0,0.0,0.5,none,True,True
40067,1.0,0.0,0.5,none,True,True
40068,1.0,0.0,0.5,none,True,True
40069,1.0,0.0,0.5,none,True,True
40070,1.0,0.0,0.5,none,True,True
40071,1.0,0.0,0.5,none,True,True
40072,1.0,0.0,0.5,none,True,True
40073,1.0,0.0,0.5,none,True,True
40074,1.0,0.0,0.5,none,True,True
40075,1.0,0.0,0.5,none,True,True
40076,1.0,0.0,0.5,none,True,True
40077,1.0,0.0,0.5,none,True,True
40078,1.0,0.0,0.5,none,True,True
40079,1.0,0.0,0.5,none,True,True
40080,1.0,0.0,0.5,none,True,True
40081,1.0,0.0,0.5,none,True,True
40082,1.0,0.0,0.5,none,True,True
40083,1.0,0.0,0.5,none,True,True
40084,1.0,0.0,0.5,none,True,True
40085,1.0,0.0,0.5,none,True,True
40086,1.0,0.0,0.5,none,True,True
40087,1.0,0.0,0.5,none,True,True
40088,1.0,0.0,0.5,none,True,True
40089,1.0,0.0,0.5,none,True,True
40090,1.0,0.0,0.5,none,True,True
40091,1.0,0.0,0.5,none,True,True
40092,1.0,0.0,0.5,none,True,True
40093,1.0,0.0,0.5,none,True,True
40094,1.0,0.0,0.5,none,True,True
40095,1.0,0.0,0.5,none,True,True
40096,1.0,0.0,0.5,none,True,True
40097,1.0,0.0,0.5,none,True,True
40098,1.0,0.0,0.5,none,True,True
40099,1.0,0.0,0.5,none,True,True
40100,1.0,0.0,0.5,none,True,True
40101,1.0,0.0,0.5,none,True,True
40102,1.0,0.0,0.5,none,True,True
40103,1.0,0.0,0.5,none,True,True
40104,1.0,0.0,0.5,none,True,True
40105,1.0,0.0,0.5,none,True,True
40106,1.0,0.0,0.5,none,True,True
40107,1.0,0.0,0.5,none,True,True
40108,1.0,0.0,0.5,none,True,True
40109,1.0,0.0,0.5,none,True,True
40110,1.0,0.0,0.5,none,True,True
40111,1.0,0.0,0.5,none,True,True
40112,1.0,0.0,0.5,none,True,True
40113,1.0,0.0,0.5,none,True,True
40114,1.0,0.0,0.5,none,True,True
40115,1.0,0.0,0.5,none,True,True
40116,1.0,0.0,0.5,none,True,True
40117,1.0,0.0,0.5,none,True,True
40118,1.0,0.0,0.5,none,True,True
40119,1.0,0.0,0.5,none,True,True
40120,1.0,0.0,0.5,none,True,True
40121,1.0,0.0,0.5,none,True,True
40122,1.0,0.0,0.5,none,True,True
40123,1.0,0.0,0.5,none,True,True
40124,1.0,0.0,0.5,none,True,True
40125,1.0,0.0,0.5,none,True,True
40126,1.0,0.0,0.5,none,True,True
40127,1.0,0.0,0.5,none,True,True
40128,1.0,0.0,0.5,none,True,True
40129,1.0,0.0,0.5,none,True,True
40130,1.0,0.0,0.5,none,True,True
40131,1.0,0.0,0.5,none,True,True
40132,1.0,0.0,0.5,none,True,True
40133,1.0,0.0,0.5,none,True,True
40134,1.0,0.0,0.5,none,True,True
40135,1.0,0.0,0.5,none,True,True
40136,1.0,0.0,0.5,none,True,True
40137,1.0,0.0,0.5,none,True,True
40138,1.0,0.0,0.5,none,True,True
40139,1.0,0.0,0.5,none,True,True
40140,1.0,0.0,0.5,none,True,True
40141,1.0,0.0,0.5,none,True,True
40142,1.0,0.0,0.5,none,True,True
40143,1.0,0.0,0.5,none,True,True
40144,1.0,0.0,0.5,none,True,True
40145,1.0,0.0,0.5,none,True,True
40146,1.0,0.0,0.5,none,True,True
40147,1.0,0.0,0.5,none,True,True
40148,1.0,0.0,0.5,none,True,True
40149,1.0,0.0,0.5,none,True,True
40150,1.0,0.0,0.5,none,True,True
40151,1.0,0.0,0.5,none,True,True
40152,1.0,0.0,0.5,none,True,True
40153,1.0,0.0,0.5,none,True,True
40154,1.0,0.0,0.5,none,True,True
40155,1.0,0.0,0.5,none,True,True
40156,1.0,0.0,0.5,none,True,True
40157,1.0,0.0,0.5,none,True,True
40158,1.0,0.0,0.5,none,True,True
40159,1.0,0.0,0.5,none,True,True
40160,1.0,0.0,0.5,none,True,True
40161,1.0,0.0,0.5,none,True,True
40162,1.0,0.0,0.5,none,True,True
40163,1.0,0.0,0.5,none,True,True
40164,1.0,0.0,0.5,none,True,True
40165,1.0,0.0,0.5,none,True,True
40166,1.0,0.0,0.5,none,True,True
40167,1.0,0.0,0.5,none,True,True
40168,1.0,0.0,0.5,none,True,True
40169,1.0,0.0,0.5,none,True,True
40170,1.0,0.0,0.5,none,True,True
40171,1.0,0.0,0.5,none,True,True
40172,1.0,0.0,0.5,none,True,True
40173,1.0,0.0,0.5,none,True,True
40174,1.0,0.0,0.5,none,True,True
40175,1.0,0.0,0.5,none,True,True
40176,1.0,0.0,0.5,none,True,True
40177,1.0,0.0,0.5,none,True,True
40178,1.0,0.0,0.5,none,True,True
40179,1.0,0.0,0.5,none,True,True
40180,1.0,0.0,0.5,none,True,True
40181,1.0,0.0,0.5,none,True,True
40182,1.0,0.0,0.5,none,True,True
40183,1.0,0.0,0.5,none,True,True
40184,1.0,0.0,0.5,none,True,True
40185,1.0,0.0,0.5,none,True,True
40186,1.0,0.0,0.5,none,True,True
40187,1.0,0.0,0.5,none,True,True
40188,1.0,0.0,0.5,none,True,True
40189,1.0,0.0,0.5,none,True,True
40190,1.0,0.0,0.5,none,True,True
40191,1.0,0.0,0.5,none,True,True
40192,1.0,0.0,0.5,none,True,True
40193,1.0,0.0,0.5,none,True,True
40194,1.0,0.0,0.5,none,True,True
40195,1.0,0.0,0.5,none,True,True
40196,1.0,0.0,0.5,none,True,True
40197,1.0,0.0,0.5,none,True,True
40198,1.0,0.0,0.5,none,True,True
40199,1.0,0.0,0.5,none,True,True
40200,1.0,0.0,0.5,none,True,True
40201,1.0,0.0,0.5,none,True,True
40202,1.0,0.0,0.5,none,True,True
40203,1.0,0.0,0.5,none,True,True
40204,1.0,0.0,0.5,none,True,True
40205,1.0,0.0,0.5,none,True,True
40206,1.0,0.0,0.5,none,True,True
40207,1.0,0.0,0.5,none,True,True
40208,1.0,0.0,0.5,none,True,True
40209,1.0,0.0,0.5,none,True,True
40210,1.0,0.0,0.5,none,True,True
40211,1.0,0.0,0.5,none,True,True
40212,1.0,0.0,0.5,none,True,True
40213,1.0,0.0,0.5,none,True,True
40214,1.0,0.0,0.5,none,True,True
40215,1.0,0.0,0.5,none,True,True
40216,1.0,0.0,0.5,none,True,True
40217,1.0,0.0,0.5,none,True,True
40218,1.0,0.0,0.5,none,True,True
40219,1.0,0.0,0.5,none,True,True
40220,1.0,0.0,0.5,none,True,True
40221,1.0,0.0,0.5,none,True,True
40222,1.0,0.0,0.5,none,True,True
40223,1.0,0.0,0.5,none,True,True
40224,1.0,0.0,0.5,none,True,True
40225,1.0,0.0,0.5,none,True,True
40226,1.0,0.0,0.5,none,True,True
40227,1.0,0.0,0.5,none,True,True
40228,1.0,0.0,0.5,none,True,True
40229,1.0,0.0,0.5,none,True,True
40230,1.0,0.0,0.5,none,True,True
40231,1.0,0.0,0.5,none,True,True
40232,1.0,0.0,0.5,none,True,True
40233,1.0,0.0,0.5,none,True,True
40234,1.0,0.0,0.5,none,True,True
40235,1.0,0.0,0.5,none,True,True
40236,1.0,0.0,0.5,none,True,True
40237,1.0,0.0,0.5,none,True,True
40238,1.0,0.0,0.5,none,True,True
40239,1.0,0.0,0.5,none,True,True
40240,1.0,0.0,0.5,none,True,True
40241,1.0,0.0,0.5,none,True,True
40242,1.0,0.0,0.5,none,True,True
40243,1.0,0.0,0.5,none,True,True
40244,1.0,0.0,0.5,none,True,True
40245,1.0,0.0,0.5,none,True,True
40246,1.0,0.0,0.5,none,True,True
40247,1.0,0.0,0.5,none,True,True
40248,1.0,0.0,0.5,none,True,True
40249,1.0,0.0,0.5,none,True,True
40250,1.0,0.0,0.5,none,True,True
40251,1.0,0.0,0.5,none,True,True
40252,1.0,0.0,0.5,none,True,True
40253,1.0,0.0,0.5,none,True,True
40254,1.0,0.0,0.5,none,True,True
40255,1.0,0.0,0.5,none,True,True
40256,1.0,0.0,0.5,none,True,True
40257,1.0,0.0,0.5,none,True,True
40258,1.0,0.0,0.5,none,True,True
40259,1.0,0.0,0.5,none,True,True
40260,1.0,0.0,0.5,none,True,True
40261,1.0,0.0,0.5,none,True,True
40262,1.0,0.0,0.5,none,True,True
40263,1.0,0.0,0.5,none,True,True
40264,1.0,0.0,0.5,none,True,True
40265,1.0,0.0,0.5,none,True,True
40266,1.0,0.0,0.5,none,True,True
40267,1.0,0.0,0.5,none,True,True
40268,1.0,0.0,0.5,none,True,True
40269,1.0,0.0,0.5,none,True,True
40270,1.0,0.0,0.5,none,True,True
40271,1.0,0.0,0.5,none,True,True
40272,1.0,0.0,0.5,none,True,True
40273,1.0,0.0,0.5,none,True,True
40274,1.0,0.0,0.5,none,True,True
40275,1.0,0.0,0.5,none,True,True
40276,1.0,0.0,0.5,none,True,True
40277,1.0,0.0,0.5,none,True,True
40278,1.0,0.0,0.5,none,True,True
40279,1.0,0.0,0.5,none,True,True
40280,1.0,0.0,0.5,none,True,True
40281,1.0,0.0,0.5,none,True,True
40282,1.0,0.0,0.5,none,True,True
40283,1.0,0.0,0.5,none,True,True
40284,1.0,0.0,0.5,none,True,True
40285,1.0,0.0,0.5,none,True,True
40286,1.0,0.0,0.5,none,True,True
40287,1.0,0.0,0.5,none,True,True
40288,1.0,0.0,0.5,none,True,True
40289,1.0,0.0,0.5,none,True,True
40290,1.0,0.0,0.5,none,True,True
40291,1.0,0.0,0.5,none,True,True
40292,1.0,0.0,0.5,none,True,True
40293,1.0,0.0,0.5,none,True,True
40294,1.0,0.0,0.5,none,True,True
40295,1.0,0.0,0.5,none,True,True
40296,1.0,0.0,0.5,none,True,True
40297,1.0,0.0,0.5,none,True,True
40298,1.0,0.0,0.5,none,True,True
40299,1.0,0.0,0.5,none,True,True
40300,1.0,0.0,0.5,none,True,True
40301,1.0,0.0,0.5,none,True,True
40302,1.0,0.0,0.5,none,True,True
40303,1.0,0.0,0.5,none,True,True
40304,1.0,0.0,0.5,none,True,True
40305,1.0,0.0,0.5,none,True,True
40306,1.0,0.0,0.5,none,True,True
40307,1.0,0.0,0.5,none,True,True
40308,1.0,0.0,0.5,none,True,True
40309,1.0,0.0,0.5,none,True,True
40310,1.0,0.0,0.5,none,True,True
40311,1.0,0.0,0.5,none,True,True
40312,1.0,0.0,0.5,none,True,True
40313,1.0,0.0,0.5,none,True,True
40314,1.0,0.0,0.5,none,True,True
40315,1.0,0.0,0.5,none,True,True
40316,1.0,0.0,0.5,none,True,True
40317,1.0,0.0,0.5,none,True,True
40318,1.0,0.0,0.5,none,True,True
40319,1.0,0.0,0.5,none,True,True
40320,1.0,0.0,0.5,none,True,True
40321,1.0,0.0,0.5,none,True,True
40322,1.0,0.0,0.5,none,True,True
40323,1.0,0.0,0.5,none,True,True
40324,1.0,0.0,0.5,none,True,True
40325,1.0,0.0,0.5,none,True,True
40326,1.0,0.0,0.5,none,True,True
40327,1.0,0.0,0.5,none,True,True
40328,1.0,0.0,0.5,none,True,True
40329,1.0,0.0,0.5,none,True,True
40330,1.0,0.0,0.5,none,True,True
40331,1.0,0.0,0.5,none,True,True
40332,1.0,0.0,0.5,none,True,True
40333,1.0,0.0,0.5,none,True,True
40334,1.0,0.0,0.5,none,True,True
40335,1.0,0.0,0.5,none,True,True
40336,1.0,0.0,0.5,none,True,True
40337,1.0,0.0,0.5,none,True,True
40338,1.0,0.0,0.5,none,True,True
40339,1.0,0.0,0.5,none,True,True
40340,1.0,0.0,0.5,none,True,True
40341,1.0,0.0,0.5,none,True,True
40342,1.0,0.0,0.5,none,True,True
40343,1.0,0.0,0.5,none,True,True
40344,1.0,0.0,0.5,none,True,True
40345,1.0,0.0,0.5,none,True,True
40346,1.0,0.0,0.5,none,True,True
40347,1.0,0.0,0.5,none,True,True
40348,1.0,0.0,0.5,none,True,True
40349,1.0,0.0,0.5,none,True,True
40350,1.0,0.0,0.5,none,True,True
40351,1.0,0.0,0.5,none,True,True
40352,1.0,0.0,0.5,none,True,True
40353,1.0,0.0,0.5,none,True,True
40354,1.0,0.0,0.5,none,True,True
40355,1.0,0.0,0.5,none,True,True
40356,1.0,0.0,0.5,none,True,True
40357,1.0,0.0,0.5,none,True,True
40358,1.0,0.0,0.5,none,True,True
40359,1.0,0.0,0.5,none,True,True
40360,1.0,0.0,0.5,none,True,True
40361,1.0,0.0,0.5,none,True,True
40362,1.0,0.0,0.5,none,True,True
40363,1.0,0.0,0.5,none,True,True
40364,1.0,0.0,0.5,none,True,True
40365,1.0,0.0,0.5,none,True,True
40366,1.0,0.0,0.5,none,True,True
40367,1.0,0.0,0.5,none,True,True
40368,1.0,0.0,0.5,none,True,True
40369,1.0,0.0,0.5,none,True,True
40370,1.0,0.0,0.5,none,True,True
40371,1.0,0.0,0.5,none,True,True
40372,1.0,0.0,0.5,none,True,True
40373,1.0,0.0,0.5,none,True,True
40374,1.0,0.0,0.5,none,True,True
40375,1.0,0.0,0.5,none,True,True
40376,1.0,0.0,0.5,none,True,True
40377,1.0,0.0,0.5,none,True,True
40378,1.0,0.0,0.5,none,True,True
40379,1.0,0.0,0.5,none,True,True
40380,1.0,0.0,0.5,none,True,True
40381,1.0,0.0,0.5,none,True,True
40382,1.0,0.0,0.5,none,True,True
40383,1.0,0.0,0.5,none,True,True
40384,1.0,0.0,0.5,none,True,True
40385,1.0,0.0,0.5,none,True,True
40386,1.0,0.0,0.5,none,True,True
40387,1.0,0.0,0.5,none,True,True
40388,1.0,0.0,0.5,none,True,True
40389,1.0,0.0,0.5,none,True,True
40390,1.0,0.0,0.5,none,True,True
40391,1.0,0.0,0.5,none,True,True
40392,1.0,0.0,0.5,none,True,True
40393,1.0,0.0,0.5,none,True,True
40394,1.0,0.0,0.5,none,True,True
40395,1.0,0.0,0.5,none,True,True
40396,1.0,0.0,0.5,none,True,True
40397,1.0,0.0,0.5,none,True,True
40398,1.0,0.0,0.5,none,True,True
40399,1.0,0.0,0.5,none,True,True
40400,1.0,0.0,0.5,none,True,True
40401,1.0,0.0,0.5,none,True,True
40402,1.0,0.0,0.5,none,True,True
40403,1.0,0.0,0.5,none,True,True
40404,1.0,0.0,0.5,none,True,True
40405,1.0,0.0,0.5,none,True,True
40406,1.0,0.0,0.5,none,True,True
40407,1.0,0.0,0.5,none,True,True
40408,1.0,0.0,0.5,none,True,True
40409,1.0,0.0,0.5,none,True,True
40410,1.0,0.0,0.5,none,True,True
40411,1.0,0.0,0.5,none,True,True
40412,1.0,0.0,0.5,none,True,True
40413,1.0,0.0,0.5,none,True,True
40414,1.0,0.0,0.5,none,True,True
40415,1.0,0.0,0.5,none,True,True
40416,1.0,0.0,0.5,none,True,True
40417,1.0,0.0,0.5,none,True,True
40418,1.0,0.0,0.5,none,True,True
40419,1.0,0.0,0.5,none,True,True
40420,1.0,0.0,0.5,none,True,True
40421,1.0,0.0,0.5,none,True,True
40422,1.0,0.0,0.5,none,True,True
40423,1.0,0.0,0.5,none,True,True
40424,1.0,0.0,0.5,none,True,True
40425,1.0,0.0,0.5,none,True,True
40426,1.0,0.0,0.5,none,True,True
40427,1.0,0.0,0.5,none,True,True
40428,1.0,0.0,0.5,none,True,True
40429,1.0,0.0,0.5,none,True,True
40430,1.0,0.0,0.5,none,True,True
40431,1.0,0.0,0.5,none,True,True
40432,1.0,0.0,0.5,none,True,True
40433,1.0,0.0,0.5,none,True,True
40434,1.0,0.0,0.5,none,True,True
40435,1.0,0.0,0.5,none,True,True
40436,1.0,0.0,0.5,none,True,True
40437,1.0,0.0,0.5,none,True,True
40438,1.0,0.0,0.5,none,True,True
40439,1.0,0.0,0.5,none,True,True
40440,1.0,0.0,0.5,none,True,True
40441,1.0,0.0,0.5,none,True,True
40442,1.0,0.0,0.5,none,True,True
40443,1.0,0.0,0.5,none,True,True
40444,1.0,0.0,0.5,none,True,True
40445,1.0,0.0,0.5,none,True,True
40446,1.0,0.0,0.5,none,True,True
40447,1.0,0.0,0.5,none,True,True
40448,1.0,0.0,0.5,none,True,True
40449,1.0,0.0,0.5,none,True,True
40450,1.0,0.0,0.5,none,True,True
40451,1.0,0.0,0.5,none,True,True
40452,1.0,0.0,0.5,none,True,True
40453,1.0,0.0,0.5,none,True,True
40454,1.0,0.0,0.5,none,True,True
40455,1.0,0.0,0.5,none,True,True
40456,1.0,0.0,0.5,none,True,True
40457,1.0,0.0,0.5,none,True,True
40458,1.0,0.0,0.5,none,True,True
40459,1.0,0.0,0.5,none,True,True
40460,1.0,0.0,0.5,none,True,True
40461,1.0,0.0,0.5,none,True,True
40462,1.0,0.0,0.5,none,True,True
40463,1.0,0.0,0.5,none,True,True
40464,1.0,0.0,0.5,none,True,True
40465,1.0,0.0,0.5,none,True,True
40466,1.0,0.0,0.5,none,True,True
40467,1.0,0.0,0.5,none,True,True
40468,1.0,0.0,0.5,none,True,True
40469,1.0,0.0,0.5,none,True,True
40470,1.0,0.0,0.5,none,True,True
40471,1.0,0.0,0.5,none,True,True
40472,1.0,0.0,0.5,none,True,True
40473,1.0,0.0,0.5,none,True,True
40474,1.0,0.0,0.5,none,True,True
40475,1.0,0.0,0.5,none,True,True
40476,1.0,0.0,0.5,none,True,True
40477,1.0,0.0,0.5,none,True,True
40478,1.0,0.0,0.5,none,True,True
40479,1.0,0.0,0.5,none,True,True
40480,1.0,0.0,0.5,none,True,True
40481,1.0,0.0,0.5,none,True,True
40482,1.0,0.0,0.5,none,True,True
40483,1.0,0.0,0.5,none,True,True
40484,1.0,0.0,0.5,none,True,True
40485,1.0,0.0,0.5,none,True,True
40486,1.0,0.0,0.5,none,True,True
40487,1.0,0.0,0.5,none,True,True
40488,1.0,0.0,0.5,none,True,True
40489,1.0,0.0,0.5,none,True,True
40490,1.0,0.0,0.5,none,True,True
40491,1.0,0.0,0.5,none,True,True
40492,1.0,0.0,0.5,none,True,True
40493,1.0,0.0,0.5,none,True,True
40494,1.0,0.0,0.5,none,True,True
40495,1.0,0.0,0.5,none,True,True
40496,1.0,0.0,0.5,none,True,True
40497,1.0,0.0,0.5,none,True,True
40498,1.0,0.0,0.5,none,True,True
40499,1.0,0.0,0.5,none,True,True
40500,1.0,0.0,0.5,none,True,True
40501,1.0,0.0,0.5,none,True,True
40502,1.0,0.0,0.5,none,True,True
40503,1.0,0.0,0.5,none,True,True
40504,1.0,0.0,0.5,none,True,True
40505,1.0,0.0,0.5,none,True,True
40506,1.0,0.0,0.5,none,True,True
40507,1.0,0.0,0.5,none,True,True
40508,1.0,0.0,0.5,none,True,True
40509,1.0,0.0,0.5,none,True,True
40510,1.0,0.0,0.5,none,True,True
40511,1.0,0.0,0.5,none,True,True
40512,1.0,0.0,0.5,none,True,True
40513,1.0,0.0,0.5,none,True,True
40514,1.0,0.0,0.5,none,True,True
40515,1.0,0.0,0.5,none,True,True
40516,1.0,0.0,0.5,none,True,True
40517,1.0,0.0,0.5,none,True,True
40518,1.0,0.0,0.5,none,True,True
40519,1.0,0.0,0.5,none,True,True
40520,1.0,0.0,0.5,none,True,True
40521,1.0,0.0,0.5,none,True,True
40522,1.0,0.0,0.5,none,True,True
40523,1.0,0.0,0.5,none,True,True
40524,1.0,0.0,0.5,none,True,True
40525,1.0,0.0,0.5,none,True,True
40526,1.0,0.0,0.5,none,True,True
40527,1.0,0.0,0.5,none,True,True
40528,1.0,0.0,0.5,none,True,True
40529,1.0,0.0,0.5,none,True,True
40530,1.0,0.0,0.5,none,True,True
40531,1.0,0.0,0.5,none,True,True
40532,1.0,0.0,0.5,none,True,True
40533,1.0,0.0,0.5,none,True,True
40534,1.0,0.0,0.5,none,True,True
40535,1.0,0.0,0.5,none,True,True
40536,1.0,0.0,0.5,none,True,True
40537,1.0,0.0,0.5,none,True,True
40538,1.0,0.0,0.5,none,True,True
40539,1.0,0.0,0.5,none,True,True
40540,1.0,0.0,0.5,none,True,True
40541,1.0,0.0,0.5,none,True,True
40542,1.0,0.0,0.5,none,True,True
40543,1.0,0.0,0.5,none,True,True
40544,1.0,0.0,0.5,none,True,True
40545,1.0,0.0,0.5,none,True,True
40546,1.0,0.0,0.5,none,True,True
40547,1.0,0.0,0.5,none,True,True
40548,1.0,0.0,0.5,none,True,True
40549,1.0,0.0,0.5,none,True,True
40550,1.0,0.0,0.5,none,True,True
40551,1.0,0.0,0.5,none,True,True
40552,1.0,0.0,0.5,none,True,True
40553,1.0,0.0,0.5,none,True,True
40554,1.0,0.0,0.5,none,True,True
40555,1.0,0.0,0.5,none,True,True
40556,1.0,0.0,0.5,none,True,True
40557,1.0,0.0,0.5,none,True,True
40558,1.0,0.0,0.5,none,True,True
40559,1.0,0.0,0.5,none,True,True
40560,1.0,0.0,0.5,none,True,True
40561,1.0,0.0,0.5,none,True,True
40562,1.0,0.0,0.5,none,True,True
40563,1.0,0.0,0.5,none,True,True
40564,1.0,0.0,0.5,none,True,True
40565,1.0,0.0,0.5,none,True,True
40566,1.0,0.0,0.5,none,True,True
40567,1.0,0.0,0.5,none,True,True
40568,1.0,0.0,0.5,none,True,True
40569,1.0,0.0,0.5,none,True,True
40570,1.0,0.0,0.5,none,True,True
40571,1.0,0.0,0.5,none,True,True
40572,1.0,0.0,0.5,none,True,True
40573,1.0,0.0,0.5,none,True,True
40574,1.0,0.0,0.5,none,True,True
40575,1.0,0.0,0.5,none,True,True
40576,1.0,0.0,0.5,none,True,True
40577,1.0,0.0,0.5,none,True,True
40578,1.0,0.0,0.5,none,True,True
40579,1.0,0.0,0.5,none,True,True
40580,1.0,0.0,0.5,none,True,True
40581,1.0,0.0,0.5,none,True,True
40582,1.0,0.0,0.5,none,True,True
40583,1.0,0.0,0.5,none,True,True
40584,1.0,0.0,0.5,none,True,True
40585,1.0,0.0,0.5,none,True,True
40586,1.0,0.0,0.5,none,True,True
40587,1.0,0.0,0.5,none,True,True
40588,1.0,0.0,0.5,none,True,True
40589,1.0,0.0,0.5,none,True,True
40590,1.0,0.0,0.5,none,True,True
40591,1.0,0.0,0.5,none,True,True
40592,1.0,0.0,0.5,none,True,True
40593,1.0,0.0,0.5,none,True,True
40594,1.0,0.0,0.5,none,True,True
40595,1.0,0.0,0.5,none,True,True
40596,1.0,0.0,0.5,none,True,True
40597,1.0,0.0,0.5,none,True,True
40598,1.0,0.0,0.5,none,True,True
40599,1.0,0.0,0.5,none,True,True
40600,1.0,0.0061,0.5,none,True,True
40601,1.0,0.0357,0.5,none,True,True
40602,1.0,0.0812,0.5,none,True,True
40603,1.0,0.1113,0.5,none,True,True
40604,1.0,0.1253,0.5,none,True,True
40605,1.0,0.1408,0.5,none,True,True
40606,1.0,0.0907,0.5,none,True,True
40607,1.0,0.1198,0.5,none,True,True
40608,1.0,0.0467,0.5,none,True,True
40609,1.0,0.0522,0.5,none,True,True
40610,1.0,0.0405,0.5,none,True,True
40611,1.0,0.0313,0.5,none,True,True
40612,1.0,0.0083,0.5,none,True,True
40613,1.0,0.0726,0.5,none,True,True
40614,1.0,0.0793,0.5,none,True,True
40615,1.0,0.0581,0.5,none,True,True
40616,1.0,0.0955,0.5,none,True,True
40617,1.0,0.0839,0.5,none,True,True
40618,1.0,0.0648,0.5,none,True,True
40619,1.0,0.0718,0.5,none,True,True
40620,1.0,0.0589,0.5,none,True,True
40621,1.0,0.0403,0.5,none,True,True
40622,1.0,0.0327,0.5,none,True,True
40623,1.0,0.0277,0.5,none,True,True
40624,1.0,0.017,0.5,none,True,True
40625,1.0,0.0102,0.5,none,True,True
40626,1.0,0.0099,0.5,none,True,True
40627,1.0,0.008,0.5,none,True,True
40628,1.0,0.005,0.5,none,True,True
40629,1.0,0.0063,0.5,none,True,True
40630,1.0,0.009,0.5,none,True,True
40631,1.0,0.0096,0.5,none,True,True
40632,1.0,0.0108,0.5,none,True,True
40633,1.0,0.014,0.5,none,True,True
40634,1.0,0.0161,0.5,none,True,True
40635,1.0,0.0167,0.5,none,True,True
40636,1.0,0.0182,0.5,none,True,True
40637,1.0,0.0196,0.5,none,True,True
40638,1.0,0.0197,0.5,none,True,True
40639,1.0,0.0193,0.5,none,True,True
40640,1.0,0.0193,0.5,none,True,True
40641,1.0,0.0187,0.5,none,True,True
40642,1.0,0.0174,0.5,none,True,True
40643,1.0,0.0163,0.5,none,True,True
40644,1.0,0.0152,0.5,none,True,True
40645,1.0,0.0138,0.5,none,True,True
40646,1.0,0.0123,0.5,none,True,True
40647,1.0,0.0111,0.5,none,True,True
40648,1.0,0.01,0.5,none,True,True
40649,1.0,0.0088,0.5,none,True,True
40650,1.0,0.0078,0.5,none,True,True
40651,1.0,0.0071,0.5,none,True,True
40652,1.0,0.0064,0.5,none,True,True
40653,1.0,0.0057,0.5,none,True,True
40654,1.0,0.0053,0.5,none,True,True
40655,1.0,0.005,0.5,none,True,True
40656,1.0,0.0047,0.5,none,True,True
40657,1.0,0.0045,0.5,none,True,True
40658,1.0,0.0044,0.5,none,True,True
40659,1.0,0.0043,0.5,none,True,True
40660,1.0,0.0042,0.5,none,True,True
40661,1.0,0.0041,0.5,none,True,True
40662,1.0,0.004,0.5,none,True,True
40663,1.0,0.0039,0.5,none,True,True
40664,1.0,0.0038,0.5,none,True,True
40665,1.0,0.0037,0.5,none,True,True
40666,1.0,0.0035,0.5,none,True,True
40667,1.0,0.0033,0.5,none,True,True
40668,1.0,0.0032,0.5,none,True,True
40669,1.0,0.003,0.5,none,True,True
40670,1.0,0.0028,0.5,none,True,True
40671,1.0,0.0026,0.5,none,True,True
40672,1.0,0.0024,0.5,none,True,True
40673,1.0,0.0023,0.5,none,True,True
40674,1.0,0.0021,0.5,none,True,True
40675,1.0,0.0019,0.5,none,True,True
40676,1.0,0.0018,0.5,none,True,True
40677,1.0,0.0017,0.5,none,True,True
40678,1.0,0.0015,0.5,none,True,True
40679,1.0,0.0014,0.5,none,True,True
40680,1.0,0.0013,0.5,none,True,True
40681,1.0,0.0013,0.5,none,True,True
40682,1.0,0.0012,0.5,none,True,True
40683,1.0,0.0011,0.5,none,True,True
40684,1.0,0.0011,0.5,none,True,True
40685,1.0,0.001,0.5,none,True,True
40686,1.0,0.001,0.5,none,True,True
40687,1.0,0.0009,0.5,none,True,True
40688,1.0,0.0009,0.5,none,True,True
40689,1.0,0.0008,0.5,none,True,True
40690,1.0,0.0008,0.5,none,True,True
40691,1.0,0.0008,0.5,none,True,True
40692,1.0,0.0007,0.5,none,True,True
40693,1.0,0.0007,0.5,none,True,True
40694,1.0,0.0006,0.5,none,True,True
40695,1.0,0.0006,0.5,none,True,True
40696,1.0,0.0006,0.5,none,True,True
40697,1.0,0.0005,0.5,none,True,True
40698,1.0,0.0005,0.5,none,True,True
40699,1.0,0.0005,0.5,none,True,True
40700,1.0,0.0004,0.5,none,True,True
40701,1.0,0.0004,0.5,none,True,True
40702,1.0,0.0004,0.5,none,True,True
40703,1.0,0.0004,0.5,none,True,True
40704,1.0,0.0003,0.5,none,True,True
40705,1.0,0.0003,0.5,none,True,True
40706,1.0,0.0003,0.5,none,True,True
40707,1.0,0.0003,0.5,none,True,True
40708,1.0,0.0003,0.5,none,True,True
40709,1.0,0.0003,0.5,none,True,True
40710,1.0,0.0002,0.5,none,True,True
40711,1.0,0.0002,0.5,none,True,True
40712,1.0,0.0002,0.5,none,True,True
40713,1.0,0.0002,0.5,none,True,True
40714,1.0,0.0002,0.5,none,True,True
40715,1.0,0.0002,0.5,none,True,True
40716,1.0,0.0002,0.5,none,True,True
40717,1.0,0.0002,0.5,none,True,True
40718,1.0,0.0002,0.5,none,True,True
40719,1.0,0.0001,0.5,none,True,True
40720,1.0,0.0001,0.5,none,True,True
40721,1.0,0.0001,0.5,none,True,True
40722,1.0,0.0001,0.5,none,True,True
40723,1.0,0.0001,0.5,none,True,True
40724,1.0,0.0001,0.5,none,True,True
40725,1.0,0.0001,0.5,none,True,True
40726,1.0,0.0001,0.5,none,True,True
40727,1.0,0.0001,0.5,none,True,True
40728,1.0,0.0001,0.5,none,True,True
40729,1.0,0.0001,0.5,none,True,True
40730,1.0,0.0001,0.5,none,True,True
40731,1.0,0.0001,0.5,none,True,True
40732,1.0,0.0001,0.5,none,True,True
40733,1.0,0.0001,0.5,none,True,True
40734,1.0,0.0001,0.5,none,True,True
40735,1.0,0.0001,0.5,none,True,True
40736,1.0,0.0001,0.5,none,True,True
40737,1.0,0.0,0.5,none,True,True
40738,1.0,0.0,0.5,none,True,True
40739,1.0,0.0,0.5,none,True,True
40740,1.0,0.0,0.5,none,True,True
40741,1.0,0.0,0.5,none,True,True
40742,1.0,0.0,0.5,none,True,True
40743,1.0,0.0,0.5,none,True,True
40744,1.0,0.0,0.5,none,True,True
40745,1.0,0.0,0.5,none,True,True
40746,1.0,0.0,0.5,none,True,True
40747,1.0,0.0,0.5,none,True,True
40748,1.0,0.0,0.5,none,True,True
40749,1.0,0.0,0.5,none,True,True
40750,1.0,0.0,0.5,none,True,True
40751,1.0,0.0,0.5,none,True,True
40752,1.0,0.0,0.5,none,True,True
40753,1.0,0.0,0.5,none,True,True
40754,1.0,0.0,0.5,none,True,True
40755,1.0,0.0,0.5,none,True,True
40756,1.0,0.0,0.5,none,True,True
40757,1.0,0.0,0.5,none,True,True
40758,1.0,0.0,0.5,none,True,True
40759,1.0,0.0,0.5,none,True,True
40760,1.0,0.0,0.5,none,True,True
40761,1.0,0.0,0.5,none,True,True
40762,1.0,0.0,0.5,none,True,True
40763,1.0,0.0,0.5,none,True,True
40764,1.0,0.0,0.5,none,True,True
40765,1.0,0.0,0.5,none,True,True
40766,1.0,0.0,0.5,none,True,True
40767,1.0,0.0,0.5,none,True,True
40768,1.0,0.0,0.5,none,True,True
40769,1.0,0.0,0.5,none,True,True
40770,1.0,0.0,0.5,none,True,True
40771,1.0,0.0,0.5,none,True,True
40772,1.0,0.0,0.5,none,True,True
40773,1.0,0.0,0.5,none,True,True
40774,1.0,0.0,0.5,none,True,True
40775,1.0,0.0,0.5,none,True,True
40776,1.0,0.0,0.5,none,True,True
40777,1.0,0.0,0.5,none,True,True
40778,1.0,0.0,0.5,none,True,True
40779,1.0,0.0,0.5,none,True,True
40780,1.0,0.0,0.5,none,True,True
40781,1.0,0.0,0.5,none,True,True
40782,1.0,0.0,0.5,none,True,True
40783,1.0,0.0,0.5,none,True,True
40784,1.0,0.0,0.5,none,True,True
40785,1.0,0.0,0.5,none,True,True
40786,1.0,0.0,0.5,none,True,True
40787,1.0,0.0,0.5,none,True,True
40788,1.0,0.0,0.5,none,True,True
40789,1.0,0.0,0.5,none,True,True
40790,1.0,0.0,0.5,none,True,True
40791,1.0,0.0,0.5,none,True,True
40792,1.0,0.0,0.5,none,True,True
40793,1.0,0.0,0.5,none,True,True
40794,1.0,0.0,0.5,none,True,True
40795,1.0,0.0,0.5,none,True,True
40796,1.0,0.0,0.5,none,True,True
40797,1.0,0.0,0.5,none,True,True
40798,1.0,0.0,0.5,none,True,True
40799,1.0,0.0,0.5,none,True,True
40800,1.0,0.0,0.5,none,True,True
40801,1.0,0.0,0.5,none,True,True
40802,1.0,0.0,0.5,none,True,True
40803,1.0,0.0,0.5,none,True,True
40804,1.0,0.0,0.5,none,True,True
40805,1.0,0.0,0.5,none,True,True
40806,1.0,0.0,0.5,none,True,True
40807,1.0,0.0,0.5,none,True,True
40808,1.0,0.0,0.5,none,True,True
40809,1.0,0.0,0.5,none,True,True
40810,1.0,0.0,0.5,none,True,True
40811,1.0,0.0,0.5,none,True,True
40812,1.0,0.0,0.5,none,True,True
40813,1.0,0.0,0.5,none,True,True
40814,1.0,0.0,0.5,none,True,True
40815,1.0,0.0,0.5,none,True,True
40816,1.0,0.0,0.5,none,True,True
40817,1.0,0.0,0.5,none,True,True
40818,1.0,0.0,0.5,none,True,True
40819,1.0,0.0,0.5,none,True,True
40820,1.0,0.0,0.5,none,True,True
40821,1.0,0.0,0.5,none,True,True
40822,1.0,0.0,0.5,none,True,True
40823,1.0,0.0,0.5,none,True,True
40824,1.0,0.0,0.5,none,True,True
40825,1.0,0.0,0.5,none,True,True
40826,1.0,0.0,0.5,none,True,True
40827,1.0,0.0,0.5,none,True,True
40828,1.0,0.0,0.5,none,True,True
40829,1.0,0.0,0.5,none,True,True
40830,1.0,0.0,0.5,none,True,True
40831,1.0,0.0,0.5,none,True,True
40832,1.0,0.0,0.5,none,True,True
40833,1.0,0.0,0.5,none,True,True
40834,1.0,0.0,0.5,none,True,True
40835,1.0,0.0,0.5,none,True,True
40836,1.0,0.0,0.5,none,True,True
40837,1.0,0.0,0.5,none,True,True
40838,1.0,0.0,0.5,none,True,True
40839,1.0,0.0,0.5,none,True,True
40840,1.0,0.0,0.5,none,True,True
40841,1.0,0.0,0.5,none,True,True
40842,1.0,0.0,0.5,none,True,True
40843,1.0,0.0,0.5,none,True,True
40844,1.0,0.0,0.5,none,True,True
40845,1.0,0.0,0.5,none,True,True
40846,1.0,0.0,0.5,none,True,True
40847,1.0,0.0,0.5,none,True,True
40848,1.0,0.0,0.5,none,True,True
40849,1.0,0.0,0.5,none,True,True
40850,1.0,0.0,0.5,none,True,True
40851,1.0,0.0,0.5,none,True,True
40852,1.0,0.0,0.5,none,True,True
40853,1.0,0.0,0.5,none,True,True
40854,1.0,0.0,0.5,none,True,True
40855,1.0,0.0,0.5,none,True,True
40856,1.0,0.0,0.5,none,True,True
40857,1.0,0.0,0.5,none,True,True
40858,1.0,0.0,0.5,none,True,True
40859,1.0,0.0,0.5,none,True,True
40860,1.0,0.0,0.5,none,True,True
40861,1.0,0.0,0.5,none,True,True
40862,1.0,0.0,0.5,none,True,True
40863,1.0,0.0,0.5,none,True,True
40864,1.0,0.0,0.5,none,True,True
40865,1.0,0.0,0.5,none,True,True
40866,1.0,0.0,0.5,none,True,True
40867,1.0,0.0,0.5,none,True,True
40868,1.0,0.0,0.5,none,True,True
40869,1.0,0.0,0.5,none,True,True
40870,1.0,0.0,0.5,none,True,True
40871,1.0,0.0,0.5,none,True,True
40872,1.0,0.0,0.5,none,True,True
40873,1.0,0.0,0.5,none,True,True
40874,1.0,0.0,0.5,none,True,True
40875,1.0,0.0,0.5,none,True,True
40876,1.0,0.0,0.5,none,True,True
40877,1.0,0.0,0.5,none,True,True
40878,1.0,0.0,0.5,none,True,True
40879,1.0,0.0,0.5,none,True,True
40880,1.0,0.0,0.5,none,True,True
40881,1.0,0.0,0.5,none,True,True
40882,1.0,0.0,0.5,none,True,True
40883,1.0,0.0,0.5,none,True,True
40884,1.0,0.0,0.5,none,True,True
40885,1.0,0.0,0.5,none,True,True
40886,1.0,0.0,0.5,none,True,True
40887,1.0,0.0,0.5,none,True,True
40888,1.0,0.0,0.5,none,True,True
40889,1.0,0.0,0.5,none,True,True
40890,1.0,0.0,0.5,none,True,True
40891,1.0,0.0,0.5,none,True,True
40892,1.0,0.0,0.5,none,True,True
40893,1.0,0.0,0.5,none,True,True
40894,1.0,0.0,0.5,none,True,True
40895,1.0,0.0,0.5,none,True,True
40896,1.0,0.0,0.5,none,True,True
40897,1.0,0.0,0.5,none,True,True
40898,1.0,0.0,0.5,none,True,True
40899,1.0,0.0,0.5,none,True,True
40900,1.0,0.0,0.5,none,True,True
40901,1.0,0.0,0.5,none,True,True
40902,1.0,0.0,0.5,none,True,True
40903,1.0,0.0,0.5,none,True,True
40904,1.0,0.0,0.5,none,True,True
40905,1.0,0.0,0.5,none,True,True
40906,1.0,0.0,0.5,none,True,True
40907,1.0,0.0,0.5,none,True,True
40908,1.0,0.0,0.5,none,True,True
40909,1.0,0.0,0.5,none,True,True
40910,1.0,0.0,0.5,none,True,True
40911,1.0,0.0,0.5,none,True,True
40912,1.0,0.0,0.5,none,True,True
40913,1.0,0.0,0.5,none,True,True
40914,1.0,0.0,0.5,none,True,True
40915,1.0,0.0,0.5,none,True,True
40916,1.0,0.0,0.5,none,True,True
40917,1.0,0.0,0.5,none,True,True
40918,1.0,0.0,0.5,none,True,True
40919,1.0,0.0,0.5,none,True,True
40920,1.0,0.0,0.5,none,True,True
40921,1.0,0.0,0.5,none,True,True
40922,1.0,0.0,0.5,none,True,True
40923,1.0,0.0,0.5,none,True,True
40924,1.0,0.0,0.5,none,True,True
40925,1.0,0.0,0.5,none,True,True
40926,1.0,0.0,0.5,none,True,True
40927,1.0,0.0,0.5,none,True,True
40928,1.0,0.0,0.5,none,True,True
40929,1.0,0.0,0.5,none,True,True
40930,1.0,0.0,0.5,none,True,True
40931,1.0,0.0,0.5,none,True,True
40932,1.0,0.0,0.5,none,True,True
40933,1.0,0.0,0.5,none,True,True
40934,1.0,0.0,0.5,none,True,True
40935,1.0,0.0,0.5,none,True,True
40936,1.0,0.0,0.5,none,True,True
40937,1.0,0.0,0.5,none,True,True
40938,1.0,0.0,0.5,none,True,True
40939,1.0,0.0,0.5,none,True,True
40940,1.0,0.0,0.5,none,True,True
40941,1.0,0.0,0.5,none,True,True
40942,1.0,0.0,0.5,none,True,True
40943,1.0,0.0,0.5,none,True,True
40944,1.0,0.0,0.5,none,True,True
40945,1.0,0.0,0.5,none,True,True
40946,1.0,0.0,0.5,none,True,True
40947,1.0,0.0,0.5,none,True,True
40948,1.0,0.0,0.5,none,True,True
40949,1.0,0.0,0.5,none,True,True
40950,1.0,0.0,0.5,none,True,True
40951,1.0,0.0,0.5,none,True,True
40952,1.0,0.0,0.5,none,True,True
40953,1.0,0.0,0.5,none,True,True
40954,1.0,0.0,0.5,none,True,True
40955,1.0,0.0,0.5,none,True,True
40956,1.0,0.0,0.5,none,True,True
40957,1.0,0.0,0.5,none,True,True
40958,1.0,0.0,0.5,none,True,True
40959,1.0,0.0,0.5,none,True,True
40960,1.0,0.0,0.5,none,True,True
40961,1.0,0.0,0.5,none,True,True
40962,1.0,0.0,0.5,none,True,True
40963,1.0,0.0,0.5,none,True,True
40964,1.0,0.0,0.5,none,True,True
40965,1.0,0.0,0.5,none,True,True
40966,1.0,0.0,0.5,none,True,True
40967,1.0,0.0,0.5,none,True,True
40968,1.0,0.0,0.5,none,True,True
40969,1.0,0.0,0.5,none,True,True
40970,1.0,0.0,0.5,none,True,True
40971,1.0,0.0,0.5,none,True,True
40972,1.0,0.0,0.5,none,True,True
40973,1.0,0.0,0.5,none,True,True
40974,1.0,0.0,0.5,none,True,True
40975,1.0,0.0,0.5,none,True,True
40976,1.0,0.0,0.5,none,True,True
40977,1.0,0.0,0.5,none,True,True
40978,1.0,0.0,0.5,none,True,True
40979,1.0,0.0,0.5,none,True,True
40980,1.0,0.0,0.5,none,True,True
40981,1.0,0.0,0.5,none,True,True
40982,1.0,0.0,0.5,none,True,True
40983,1.0,0.0,0.5,none,True,True
40984,1.0,0.0,0.5,none,True,True
40985,1.0,0.0,0.5,none,True,True
40986,1.0,0.0,0.5,none,True,True
40987,1.0,0.0,0.5,none,True,True
40988,1.0,0.0,0.5,none,True,True
40989,1.0,0.0,0.5,none,True,True
40990,1.0,0.0,0.5,none,True,True
40991,1.0,0.0,0.5,none,True,True
40992,1.0,0.0,0.5,none,True,True
40993,1.0,0.0,0.5,none,True,True
40994,1.0,0.0,0.5,none,True,True
40995,1.0,0.0,0.5,none,True,True
40996,1.0,0.0,0.5,none,True,True
40997,1.0,0.0,0.5,none,True,True
40998,1.0,0.0,0.5,none,True,True
40999,1.0,0.0,0.5,none,True,True
41000,1.0,0.0,0.5,none,True,True
41001,1.0,0.0,0.5,none,True,True
41002,1.0,0.0,0.5,none,True,True
41003,1.0,0.0,0.5,none,True,True
41004,1.0,0.0,0.5,none,True,True
41005,1.0,0.0,0.5,none,True,True
41006,1.0,0.0,0.5,none,True,True
41007,1.0,0.0,0.5,none,True,True
41008,1.0,0.0,0.5,none,True,True
41009,1.0,0.0,0.5,none,True,True
41010,1.0,0.0,0.5,none,True,True
41011,1.0,0.0,0.5,none,True,True
41012,1.0,0.0,0.5,none,True,True
41013,1.0,0.0,0.5,none,True,True
41014,1.0,0.0,0.5,none,True,True
41015,1.0,0.0,0.5,none,True,True
41016,1.0,0.0,0.5,none,True,True
41017,1.0,0.0,0.5,none,True,True
41018,1.0,0.0,0.5,none,True,True
41019,1.0,0.0,0.5,none,True,True
41020,1.0,0.0,0.5,none,True,True
41021,1.0,0.0,0.5,none,True,True
41022,1.0,0.0,0.5,none,True,True
41023,1.0,0.0,0.5,none,True,True
41024,1.0,0.0,0.5,none,True,True
41025,1.0,0.0,0.5,none,True,True
41026,1.0,0.0,0.5,none,True,True
41027,1.0,0.0,0.5,none,True,True
41028,1.0,0.0,0.5,none,True,True
41029,1.0,0.0,0.5,none,True,True
41030,1.0,0.0,0.5,none,True,True
41031,1.0,0.0,0.5,none,True,True
41032,1.0,0.0,0.5,none,True,True
41033,1.0,0.0,0.5,none,True,True
41034,1.0,0.0,0.5,none,True,True
41035,1.0,0.0,0.5,none,True,True
41036,1.0,0.0,0.5,none,True,True
41037,1.0,0.0,0.5,none,True,True
41038,1.0,0.0,0.5,none,True,True
41039,1.0,0.0,0.5,none,True,True
41040,1.0,0.0,0.5,none,True,True
41041,1.0,0.0,0.5,none,True,True
41042,1.0,0.0,0.5,none,True,True
41043,1.0,0.0,0.5,none,True,True
41044,1.0,0.0,0.5,none,True,True
41045,1.0,0.0,0.5,none,True,True
41046,1.0,0.0,0.5,none,True,True
41047,1.0,0.0,0.5,none,True,True
41048,1.0,0.0,0.5,none,True,True
41049,1.0,0.0,0.5,none,True,True
41050,1.0,0.0,0.5,none,True,True
41051,1.0,0.0,0.5,none,True,True
41052,1.0,0.0,0.5,none,True,True
41053,1.0,0.0,0.5,none,True,True
41054,1.0,0.0,0.5,none,True,True
41055,1.0,0.0,0.5,none,True,True
41056,1.0,0.0,0.5,none,True,True
41057,1.0,0.0,0.5,none,True,True
41058,1.0,0.0,0.5,none,True,True
41059,1.0,0.0,0.5,none,True,True
41060,1.0,0.0,0.5,none,True,True
41061,1.0,0.0,0.5,none,True,True
41062,1.0,0.0,0.5,none,True,True
41063,1.0,0.0,0.5,none,True,True
41064,1.0,0.0,0.5,none,True,True
41065,1.0,0.0,0.5,none,True,True
41066,1.0,0.0,0.5,none,True,True
41067,1.0,0.0,0.5,none,True,True
41068,1.0,0.0,0.5,none,True,True
41069,1.0,0.0,0.5,none,True,True
41070,1.0,0.0,0.5,none,True,True
41071,1.0,0.0,0.5,none,True,True
41072,1.0,0.0,0.5,none,True,True
41073,1.0,0.0,0.5,none,True,True
41074,1.0,0.0,0.5,none,True,True
41075,1.0,0.0,0.5,none,True,True
41076,1.0,0.0,0.5,none,True,True
41077,1.0,0.0,0.5,none,True,True
41078,1.0,0.0,0.5,none,True,True
41079,1.0,0.0,0.5,none,True,True
41080,1.0,0.0,0.5,none,True,True
41081,1.0,0.0,0.5,none,True,True
41082,1.0,0.0,0.5,none,True,True
41083,1.0,0.0,0.5,none,True,True
41084,1.0,0.0,0.5,none,True,True
41085,1.0,0.0,0.5,none,True,True
41086,1.0,0.0,0.5,none,True,True
41087,1.0,0.0,0.5,none,True,True
41088,1.0,0.0,0.5,none,True,True
41089,1.0,0.0,0.5,none,True,True
41090,1.0,0.0,0.5,none,True,True
41091,1.0,0.0,0.5,none,True,True
41092,1.0,0.0,0.5,none,True,True
41093,1.0,0.0,0.5,none,True,True
41094,1.0,0.0,0.5,none,True,True
41095,1.0,0.0,0.5,none,True,True
41096,1.0,0.0,0.5,none,True,True
41097,1.0,0.0,0.5,none,True,True
41098,1.0,0.0,0.5,none,True,True
41099,1.0,0.0,0.5,none,True,True
41100,1.0,0.0,0.5,none,True,True
41101,1.0,0.0,0.5,none,True,True
41102,1.0,0.0,0.5,none,True,True
41103,1.0,0.0,0.5,none,True,True
41104,1.0,0.0,0.5,none,True,True
41105,1.0,0.0,0.5,none,True,True
41106,1.0,0.0,0.5,none,True,True
41107,1.0,0.0,0.5,none,True,True
41108,1.0,0.0,0.5,none,True,True
41109,1.0,0.0,0.5,none,True,True
41110,1.0,0.0,0.5,none,True,True
41111,1.0,0.0,0.5,none,True,True
41112,1.0,0.0,0.5,none,True,True
41113,1.0,0.0,0.5,none,True,True
41114,1.0,0.0,0.5,none,True,True
41115,1.0,0.0,0.5,none,True,True
41116,1.0,0.0,0.5,none,True,True
41117,1.0,0.0,0.5,none,True,True
41118,1.0,0.0,0.5,none,True,True
41119,1.0,0.0,0.5,none,True,True
41120,1.0,0.0,0.5,none,True,True
41121,1.0,0.0,0.5,none,True,True
41122,1.0,0.0,0.5,none,True,True
41123,1.0,0.0,0.5,none,True,True
41124,1.0,0.0,0.5,none,True,True
41125,1.0,0.0,0.5,none,True,True
41126,1.0,0.0,0.5,none,True,True
41127,1.0,0.0,0.5,none,True,True
41128,1.0,0.0,0.5,none,True,True
41129,1.0,0.0,0.5,none,True,True
41130,1.0,0.0,0.5,none,True,True
41131,1.0,0.0,0.5,none,True,True
41132,1.0,0.0,0.5,none,True,True
41133,1.0,0.0,0.5,none,True,True
41134,1.0,0.0,0.5,none,True,True
41135,1.0,0.0,0.5,none,True,True
41136,1.0,0.0,0.5,none,True,True
41137,1.0,0.0,0.5,none,True,True
41138,1.0,0.0,0.5,none,True,True
41139,1.0,0.0,0.5,none,True,True
41140,1.0,0.0,0.5,none,True,True
41141,1.0,0.0,0.5,none,True,True
41142,1.0,0.0,0.5,none,True,True
41143,1.0,0.0,0.5,none,True,True
41144,1.0,0.0,0.5,none,True,True
41145,1.0,0.0,0.5,none,True,True
41146,1.0,0.0,0.5,none,True,True
41147,1.0,0.0,0.5,none,True,True
41148,1.0,0.0,0.5,none,True,True
41149,1.0,0.0,0.5,none,True,True
41150,1.0,0.0,0.5,none,True,True
41151,1.0,0.0,0.5,none,True,True
41152,1.0,0.0,0.5,none,True,True
41153,1.0,0.0,0.5,none,True,True
41154,1.0,0.0,0.5,none,True,True
41155,1.0,0.0,0.5,none,True,True
41156,1.0,0.0,0.5,none,True,True
41157,1.0,0.0,0.5,none,True,True
41158,1.0,0.0,0.5,none,True,True
41159,1.0,0.0,0.5,none,True,True
41160,1.0,0.0,0.5,none,True,True
41161,1.0,0.0,0.5,none,True,True
41162,1.0,0.0,0.5,none,True,True
41163,1.0,0.0,0.5,none,True,True
41164,1.0,0.0,0.5,none,True,True
41165,1.0,0.0,0.5,none,True,True
41166,1.0,0.0,0.5,none,True,True
41167,1.0,0.0,0.5,none,True,True
41168,1.0,0.0,0.5,none,True,True
41169,1.0,0.0,0.5,none,True,True
41170,1.0,0.0,0.5,none,True,True
41171,1.0,0.0,0.5,none,True,True
41172,1.0,0.0,0.5,none,True,True
41173,1.0,0.0,0.5,none,True,True
41174,1.0,0.0,0.5,none,True,True
41175,1.0,0.0,0.5,none,True,True
41176,1.0,0.0,0.5,none,True,True
41177,1.0,0.0,0.5,none,True,True
41178,1.0,0.0,0.5,none,True,True
41179,1.0,0.0,0.5,none,True,True
41180,1.0,0.0,0.5,none,True,True
41181,1.0,0.0,0.5,none,True,True
41182,1.0,0.0,0.5,none,True,True
41183,1.0,0.0,0.5,none,True,True
41184,1.0,0.0,0.5,none,True,True
41185,1.0,0.0,0.5,none,True,True
41186,1.0,0.0,0.5,none,True,True
41187,1.0,0.0,0.5,none,True,True
41188,1.0,0.0,0.5,none,True,True
41189,1.0,0.0,0.5,none,True,True
41190,1.0,0.0,0.5,none,True,True
41191,1.0,0.0,0.5,none,True,True
41192,1.0,0.0,0.5,none,True,True
41193,1.0,0.0,0.5,none,True,True
41194,1.0,0.0,0.5,none,True,True
41195,1.0,0.0,0.5,none,True,True
41196,1.0,0.0,0.5,none,True,True
41197,1.0,0.0,0.5,none,True,True
41198,1.0,0.0,0.5,none,True,True
41199,1.0,0.0,0.5,none,True,True
41200,1.0,0.0,0.5,none,True,True
41201,1.0,0.0,0.5,none,True,True
41202,1.0,0.0,0.5,none,True,True
41203,1.0,0.0,0.5,none,True,True
41204,1.0,0.0,0.5,none,True,True
41205,1.0,0.0,0.5,none,True,True
41206,1.0,0.0,0.5,none,True,True
41207,1.0,0.0,0.5,none,True,True
41208,1.0,0.0,0.5,none,True,True
41209,1.0,0.0,0.5,none,True,True
41210,1.0,0.0,0.5,none,True,True
41211,1.0,0.0,0.5,none,True,True
41212,1.0,0.0,0.5,none,True,True
41213,1.0,0.0,0.5,none,True,True
41214,1.0,0.0,0.5,none,True,True
41215,1.0,0.0,0.5,none,True,True
41216,1.0,0.0,0.5,none,True,True
41217,1.0,0.0,0.5,none,True,True
41218,1.0,0.0,0.5,none,True,True
41219,1.0,0.0,0.5,none,True,True
41220,1.0,0.0,0.5,none,True,True
41221,1.0,0.0,0.5,none,True,True
41222,1.0,0.0,0.5,none,True,True
41223,1.0,0.0,0.5,none,True,True
41224,1.0,0.0,0.5,none,True,True
41225,1.0,0.0,0.5,none,True,True
41226,1.0,0.0,0.5,none,True,True
41227,1.0,0.0,0.5,none,True,True
41228,1.0,0.0,0.5,none,True,True
41229,1.0,0.0,0.5,none,True,True
41230,1.0,0.0,0.5,none,True,True
41231,1.0,0.0,0.5,none,True,True
41232,1.0,0.0,0.5,none,True,True
41233,1.0,0.0,0.5,none,True,True
41234,1.0,0.0,0.5,none,True,True
41235,1.0,0.0,0.5,none,True,True
41236,1.0,0.0,0.5,none,True,True
41237,1.0,0.0,0.5,none,True,True
41238,1.0,0.0,0.5,none,True,True
41239,1.0,0.0,0.5,none,True,True
41240,1.0,0.0,0.5,none,True,True
41241,1.0,0.0,0.5,none,True,True
41242,1.0,0.0,0.5,none,True,True
41243,1.0,0.0,0.5,none,True,True
41244,1.0,0.0,0.5,none,True,True
41245,1.0,0.0,0.5,none,True,True
41246,1.0,0.0,0.5,none,True,True
41247,1.0,0.0,0.5,none,True,True
41248,1.0,0.0,0.5,none,True,True
41249,1.0,0.0,0.5,none,True,True
41250,1.0,0.0,0.5,none,True,True
41251,1.0,0.0,0.5,none,True,True
41252,1.0,0.0,0.5,none,True,True
41253,1.0,0.0,0.5,none,True,True
41254,1.0,0.0,0.5,none,True,True
41255,1.0,0.0,0.5,none,True,True
41256,1.0,0.0,0.5,none,True,True
41257,1.0,0.0,0.5,none,True,True
41258,1.0,0.0,0.5,none,True,True
41259,1.0,0.0,0.5,none,True,True
41260,1.0,0.0,0.5,none,True,True
41261,1.0,0.0,0.5,none,True,True
41262,1.0,0.0,0.5,none,True,True
41263,1.0,0.0,0.5,none,True,True
41264,1.0,0.0,0.5,none,True,True
41265,1.0,0.0,0.5,none,True,True
41266,1.0,0.0,0.5,none,True,True
41267,1.0,0.0,0.5,none,True,True
41268,1.0,0.0,0.5,none,True,True
41269,1.0,0.0,0.5,none,True,True
41270,1.0,0.0,0.5,none,True,True
41271,1.0,0.0,0.5,none,True,True
41272,1.0,0.0,0.5,none,True,True
41273,1.0,0.0,0.5,none,True,True
41274,1.0,0.0,0.5,none,True,True
41275,1.0,0.0,0.5,none,True,True
41276,1.0,0.0,0.5,none,True,True
41277,1.0,0.0,0.5,none,True,True
41278,1.0,0.0,0.5,none,True,True
41279,1.0,0.0,0.5,none,True,True
41280,1.0,0.0,0.5,none,True,True
41281,1.0,0.0,0.5,none,True,True
41282,1.0,0.0,0.5,none,True,True
41283,1.0,0.0,0.5,none,True,True
41284,1.0,0.0,0.5,none,True,True
41285,1.0,0.0,0.5,none,True,True
41286,1.0,0.0,0.5,none,True,True
41287,1.0,0.0,0.5,none,True,True
41288,1.0,0.0,0.5,none,True,True
41289,1.0,0.0,0.5,none,True,True
41290,1.0,0.0,0.5,none,True,True
41291,1.0,0.0,0.5,none,True,True
41292,1.0,0.0,0.5,none,True,True
41293,1.0,0.0,0.5,none,True,True
41294,1.0,0.0,0.5,none,True,True
41295,1.0,0.0,0.5,none,True,True
41296,1.0,0.0,0.5,none,True,True
41297,1.0,0.0,0.5,none,True,True
41298,1.0,0.0,0.5,none,True,True
41299,1.0,0.0,0.5,none,True,True
41300,1.0,0.0061,0.5,none,True,True
41301,1.0,0.0357,0.5,none,True,True
41302,1.0,0.0812,0.5,none,True,True
41303,1.0,0.1113,0.5,none,True,True
41304,1.0,0.1253,0.5,none,True,True
41305,1.0,0.1408,0.5,none,True,True
41306,1.0,0.0907,0.5,none,True,True
41307,1.0,0.1198,0.5,none,True,True
41308,1.0,0.0467,0.5,none,True,True
41309,1.0,0.0522,0.5,none,True,True
41310,1.0,0.0405,0.5,none,True,True
41311,1.0,0.0313,0.5,none,True,True
41312,1.0,0.0083,0.5,none,True,True
41313,1.0,0.0726,0.5,none,True,True
41314,1.0,0.0793,0.5,none,True,True
41315,1.0,0.0581,0.5,none,True,True
41316,1.0,0.0955,0.5,none,True,True
41317,1.0,0.0839,0.5,none,True,True
41318,1.0,0.0648,0.5,none,True,True
41319,1.0,0.0718,0.5,none,True,True
41320,1.0,0.0589,0.5,none,True,True
41321,1.0,0.0403,0.5,none,True,True
41322,1.0,0.0327,0.5,none,True,True
41323,1.0,0.0277,0.5,none,True,True
41324,1.0,0.017,0.5,none,True,True
41325,1.0,0.0102,0.5,none,True,True
41326,1.0,0.0099,0.5,none,True,True
41327,1.0,0.008,0.5,none,True,True
41328,1.0,0.005,0.5,none,True,True
41329,1.0,0.0063,0.5,none,True,True
41330,1.0,0.009,0.5,none,True,True
41331,1.0,0.0096,0.5,none,True,True
41332,1.0,0.0108,0.5,none,True,True
41333,1.0,0.014,0.5,none,True,True
41334,1.0,0.0161,0.5,none,True,True
41335,1.0,0.0167,0.5,none,True,True
41336,1.0,0.0182,0.5,none,True,True
41337,1.0,0.0196,0.5,none,True,True
41338,1.0,0.0197,0.5,none,True,True
41339,1.0,0.0193,0.5,none,True,True
41340,1.0,0.0193,0.5,none,True,True
41341,1.0,0.0187,0.5,none,True,True
41342,1.0,0.0174,0.5,none,True,True
41343,1.0,0.0163,0.5,none,True,True
41344,1.0,0.0152,0.5,none,True,True
41345,1.0,0.0138,0.5,none,True,True
41346,1.0,0.0123,0.5,none,True,True
41347,1.0,0.0111,0.5,none,True,True
41348,1.0,0.01,0.5,none,True,True
41349,1.0,0.0088,0.5,none,True,True
41350,1.0,0.0078,0.5,none,True,True
41351,1.0,0.0071,0.5,none,True,True
41352,1.0,0.0064,0.5,none,True,True
41353,1.0,0.0057,0.5,none,True,True
41354,1.0,0.0053,0.5,none,True,True
41355,1.0,0.005,0.5,none,True,True
41356,1.0,0.0047,0.5,none,True,True
41357,1.0,0.0045,0.5,none,True,True
41358,1.0,0.0044,0.5,none,True,True
41359,1.0,0.0043,0.5,none,True,True
41360,1.0,0.0042,0.5,none,True,True
41361,1.0,0.0041,0.5,none,True,True
41362,1.0,0.004,0.5,none,True,True
41363,1.0,0.0039,0.5,none,True,True
41364,1.0,0.0038,0.5,none,True,True
41365,1.0,0.0037,0.5,none,True,True
41366,1.0,0.0035,0.5,none,True,True
41367,1.0,0.0033,0.5,none,True,True
41368,1.0,0.0032,0.5,none,True,True
41369,1.0,0.003,0.5,none,True,True
41370,1.0,0.0028,0.5,none,True,True
41371,1.0,0.0026,0.5,none,True,True
41372,1.0,0.0024,0.5,none,True,True
41373,1.0,0.0023,0.5,none,True,True
41374,1.0,0.0021,0.5,none,True,True
41375,1.0,0.0019,0.5,none,True,True
41376,1.0,0.0018,0.5,none,True,True
41377,1.0,0.0017,0.5,none,True,True
41378,1.0,0.0015,0.5,none,True,True
41379,1.0,0.0014,0.5,none,True,True
41380,1.0,0.0013,0.5,none,True,True
41381,1.0,0.0013,0.5,none,True,True
41382,1.0,0.0012,0.5,none,True,True
41383,1.0,0.0011,0.5,none,True,True
41384,1.0,0.0011,0.5,none,True,True
41385,1.0,0.001,0.5,none,True,True
41386,1.0,0.001,0.5,none,True,True
41387,1.0,0.0009,0.5,none,True,True
41388,1.0,0.0009,0.5,none,True,True
41389,1.0,0.0008,0.5,none,True,True
41390,1.0,0.0008,0.5,none,True,True
41391,1.0,0.0008,0.5,none,True,True
41392,1.0,0.0007,0.5,none,True,True
41393,1.0,0.0007,0.5,none,True,True
41394,1.0,0.0006,0.5,none,True,True
41395,1.0,0.0006,0.5,none,True,True
41396,1.0,0.0006,0.5,none,True,True
41397,1.0,0.0005,0.5,none,True,True
41398,1.0,0.0005,0.5,none,True,True
41399,1.0,0.0005,0.5,none,True,True
41400,1.0,0.0004,0.5,none,True,True
41401,1.0,0.0004,0.5,none,True,True
41402,1.0,0.0004,0.5,none,True,True
41403,1.0,0.0004,0.5,none,True,True
41404,1.0,0.0003,0.5,none,True,True
41405,1.0,0.0003,0.5,none,True,True
41406,1.0,0.0003,0.5,none,True,True
41407,1.0,0.0003,0.5,none,True,True
41408,1.0,0.0003,0.5,none,True,True
41409,1.0,0.0003,0.5,none,True,True
41410,1.0,0.0002,0.5,none,True,True
41411,1.0,0.0002,0.5,none,True,True
41412,1.0,0.0002,0.5,none,True,True
41413,1.0,0.0002,0.5,none,True,True
41414,1.0,0.0002,0.5,none,True,True
41415,1.0,0.0002,0.5,none,True,True
41416,1.0,0.0002,0.5,none,True,True
41417,1.0,0.0002,0.5,none,True,True
41418,1.0,0.0002,0.5,none,True,True
41419,1.0,0.0001,0.5,none,True,True
41420,1.0,0.0001,0.5,none,True,True
41421,1.0,0.0001,0.5,none,True,True
41422,1.0,0.0001,0.5,none,True,True
41423,1.0,0.0001,0.5,none,True,True
41424,1.0,0.0001,0.5,none,True,True
41425,1.0,0.0001,0.5,none,True,True
41426,1.0,0.0001,0.5,none,True,True
41427,1.0,0.0001,0.5,none,True,True
41428,1.0,0.0001,0.5,none,True,True
41429,1.0,0.0001,0.5,none,True,True
41430,1.0,0.0001,0.5,none,True,True
41431,1.0,0.0001,0.5,none,True,True
41432,1.0,0.0001,0.5,none,True,True
41433,1.0,0.0001,0.5,none,True,True
41434,1.0,0.0001,0.5,none,True,True
41435,1.0,0.0001,0.5,none,True,True
41436,1.0,0.0001,0.5,none,True,True
41437,1.0,0.0,0.5,none,True,True
41438,1.0,0.0,0.5,none,True,True
41439,1.0,0.0,0.5,none,True,True
41440,1.0,0.0,0.5,none,True,True
41441,1.0,0.0,0.5,none,True,True
41442,1.0,0.0,0.5,none,True,True
41443,1.0,0.0,0.5,none,True,True
41444,1.0,0.0,0.5,none,True,True
41445,1.0,0.0,0.5,none,True,True
41446,1.0,0.0,0.5,none,True,True
41447,1.0,0.0,0.5,none,True,True
41448,1.0,0.0,0.5,none,True,True
41449,1.0,0.0,0.5,none,True,True
41450,1.0,0.0,0.5,none,True,True
41451,1.0,0.0,0.5,none,True,True
41452,1.0,0.0,0.5,none,True,True
41453,1.0,0.0,0.5,none,True,True
41454,1.0,0.0,0.5,none,True,True
41455,1.0,0.0,0.5,none,True,True
41456,1.0,0.0,0.5,none,True,True
41457,1.0,0.0,0.5,none,True,True
41458,1.0,0.0,0.5,none,True,True
41459,1.0,0.0,0.5,none,True,True
41460,1.0,0.0,0.5,none,True,True
41461,1.0,0.0,0.5,none,True,True
41462,1.0,0.0,0.5,none,True,True
41463,1.0,0.0,0.5,none,True,True
41464,1.0,0.0,0.5,none,True,True
41465,1.0,0.0,0.5,none,True,True
41466,1.0,0.0,0.5,none,True,True
41467,1.0,0.0,0.5,none,True,True
41468,1.0,0.0,0.5,none,True,True
41469,1.0,0.0,0.5,none,True,True
41470,1.0,0.0,0.5,none,True,True
41471,1.0,0.0,0.5,none,True,True
41472,1.0,0.0,0.5,none,True,True
41473,1.0,0.0,0.5,none,True,True
41474,1.0,0.0,0.5,none,True,True
41475,1.0,0.0,0.5,none,True,True
41476,1.0,0.0,0.5,none,True,True
41477,1.0,0.0,0.5,none,True,True
41478,1.0,0.0,0.5,none,True,True
41479,1.0,0.0,0.5,none,True,True
41480,1.0,0.0,0.5,none,True,True
41481,1.0,0.0,0.5,none,True,True
41482,1.0,0.0,0.5,none,True,True
41483,1.0,0.0,0.5,none,True,True
41484,1.0,0.0,0.5,none,True,True
41485,1.0,0.0,0.5,none,True,True
41486,1.0,0.0,0.5,none,True,True
41487,1.0,0.0,0.5,none,True,True
41488,1.0,0.0,0.5,none,True,True
41489,1.0,0.0,0.5,none,True,True
41490,1.0,0.0,0.5,none,True,True
41491,1.0,0.0,0.5,none,True,True
41492,1.0,0.0,0.5,none,True,True
41493,1.0,0.0,0.5,none,True,True
41494,1.0,0.0,0.5,none,True,True
41495,1.0,0.0,0.5,none,True,True
41496,1.0,0.0,0.5,none,True,True
41497,1.0,0.0,0.5,none,True,True
41498,1.0,0.0,0.5,none,True,True
41499,1.0,0.0,0.5,none,True,True
41500,1.0,0.0,0.5,none,True,True
41501,1.0,0.0,0.5,none,True,True
41502,1.0,0.0,0.5,none,True,True
41503,1.0,0.0,0.5,none,True,True
41504,1.0,0.0,0.5,none,True,True
41505,1.0,0.0,0.5,none,True,True
41506,1.0,0.0,0.5,none,True,True
41507,1.0,0.0,0.5,none,True,True
41508,1.0,0.0,0.5,none,True,True
41509,1.0,0.0,0.5,none,True,True
41510,1.0,0.0,0.5,none,True,True
41511,1.0,0.0,0.5,none,True,True
41512,1.0,0.0,0.5,none,True,True
41513,1.0,0.0,0.5,none,True,True
41514,1.0,0.0,0.5,none,True,True
41515,1.0,0.0,0.5,none,True,True
41516,1.0,0.0,0.5,none,True,True
41517,1.0,0.0,0.5,none,True,True
41518,1.0,0.0,0.5,none,True,True
41519,1.0,0.0,0.5,none,True,True
41520,1.0,0.0,0.5,none,True,True
41521,1.0,0.0,0.5,none,True,True
41522,1.0,0.0,0.5,none,True,True
41523,1.0,0.0,0.5,none,True,True
41524,1.0,0.0,0.5,none,True,True
41525,1.0,0.0,0.5,none,True,True
41526,1.0,0.0,0.5,none,True,True
41527,1.0,0.0,0.5,none,True,True
41528,1.0,0.0,0.5,none,True,True
41529,1.0,0.0,0.5,none,True,True
41530,1.0,0.0,0.5,none,True,True
41531,1.0,0.0,0.5,none,True,True
41532,1.0,0.0,0.5,none,True,True
41533,1.0,0.0,0.5,none,True,True
41534,1.0,0.0,0.5,none,True,True
41535,1.0,0.0,0.5,none,True,True
41536,1.0,0.0,0.5,none,True,True
41537,1.0,0.0,0.5,none,True,True
41538,1.0,0.0,0.5,none,True,True
41539,1.0,0.0,0.5,none,True,True
41540,1.0,0.0,0.5,none,True,True
41541,1.0,0.0,0.5,none,True,True
41542,1.0,0.0,0.5,none,True,True
41543,1.0,0.0,0.5,none,True,True
41544,1.0,0.0,0.5,none,True,True
41545,1.0,0.0,0.5,none,True,True
41546,1.0,0.0,0.5,none,True,True
41547,1.0,0.0,0.5,none,True,True
41548,1.0,0.0,0.5,none,True,True
41549,1.0,0.0,0.5,none,True,True
41550,1.0,0.0,0.5,none,True,True
41551,1.0,0.0,0.5,none,True,True
41552,1.0,0.0,0.5,none,True,True
41553,1.0,0.0,0.5,none,True,True
41554,1.0,0.0,0.5,none,True,True
41555,1.0,0.0,0.5,none,True,True
41556,1.0,0.0,0.5,none,True,True
41557,1.0,0.0,0.5,none,True,True
41558,1.0,0.0,0.5,none,True,True
41559,1.0,0.0,0.5,none,True,True
41560,1.0,0.0,0.5,none,True,True
41561,1.0,0.0,0.5,none,True,True
41562,1.0,0.0,0.5,none,True,True
41563,1.0,0.0,0.5,none,True,True
41564,1.0,0.0,0.5,none,True,True
41565,1.0,0.0,0.5,none,True,True
41566,1.0,0.0,0.5,none,True,True
41567,1.0,0.0,0.5,none,True,True
41568,1.0,0.0,0.5,none,True,True
41569,1.0,0.0,0.5,none,True,True
41570,1.0,0.0,0.5,none,True,True
41571,1.0,0.0,0.5,none,True,True
41572,1.0,0.0,0.5,none,True,True
41573,1.0,0.0,0.5,none,True,True
41574,1.0,0.0,0.5,none,True,True
41575,1.0,0.0,0.5,none,True,True
41576,1.0,0.0,0.5,none,True,True
41577,1.0,0.0,0.5,none,True,True
41578,1.0,0.0,0.5,none,True,True
41579,1.0,0.0,0.5,none,True,True
41580,1.0,0.0,0.5,none,True,True
41581,1.0,0.0,0.5,none,True,True
41582,1.0,0.0,0.5,none,True,True
41583,1.0,0.0,0.5,none,True,True
41584,1.0,0.0,0.5,none,True,True
41585,1.0,0.0,0.5,none,True,True
41586,1.0,0.0,0.5,none,True,True
41587,1.0,0.0,0.5,none,True,True
41588,1.0,0.0,0.5,none,True,True
41589,1.0,0.0,0.5,none,True,True
41590,1.0,0.0,0.5,none,True,True
41591,1.0,0.0,0.5,none,True,True
41592,1.0,0.0,0.5,none,True,True
41593,1.0,0.0,0.5,none,True,True
41594,1.0,0.0,0.5,none,True,True
41595,1.0,0.0,0.5,none,True,True
41596,1.0,0.0,0.5,none,True,True
41597,1.0,0.0,0.5,none,True,True
41598,1.0,0.0,0.5,none,True,True
41599,1.0,0.0,0.5,none,True,True
41600,1.0,0.0,0.5,none,True,True
41601,1.0,0.0,0.5,none,True,True
41602,1.0,0.0,0.5,none,True,True
41603,1.0,0.0,0.5,none,True,True
41604,1.0,0.0,0.5,none,True,True
41605,1.0,0.0,0.5,none,True,True
41606,1.0,0.0,0.5,none,True,True
41607,1.0,0.0,0.5,none,True,True
41608,1.0,0.0,0.5,none,True,True
41609,1.0,0.0,0.5,none,True,True
41610,1.0,0.0,0.5,none,True,True
41611,1.0,0.0,0.5,none,True,True
41612,1.0,0.0,0.5,none,True,True
41613,1.0,0.0,0.5,none,True,True
41614,1.0,0.0,0.5,none,True,True
41615,1.0,0.0,0.5,none,True,True
41616,1.0,0.0,0.5,none,True,True
41617,1.0,0.0,0.5,none,True,True
41618,1.0,0.0,0.5,none,True,True
41619,1.0,0.0,0.5,none,True,True
41620,1.0,0.0,0.5,none,True,True
41621,1.0,0.0,0.5,none,True,True
41622,1.0,0.0,0.5,none,True,True
41623,1.0,0.0,0.5,none,True,True
41624,1.0,0.0,0.5,none,True,True
41625,1.0,0.0,0.5,none,True,True
41626,1.0,0.0,0.5,none,True,True
41627,1.0,0.0,0.5,none,True,True
41628,1.0,0.0,0.5,none,True,True
41629,1.0,0.0,0.5,none,True,True
41630,1.0,0.0,0.5,none,True,True
41631,1.0,0.0,0.5,none,True,True
41632,1.0,0.0,0.5,none,True,True
41633,1.0,0.0,0.5,none,True,True
41634,1.0,0.0,0.5,none,True,True
41635,1.0,0.0,0.5,none,True,True
41636,1.0,0.0,0.5,none,True,True
41637,1.0,0.0,0.5,none,True,True
41638,1.0,0.0,0.5,none,True,True
41639,1.0,0.0,0.5,none,True,True
41640,1.0,0.0,0.5,none,True,True
41641,1.0,0.0,0.5,none,True,True
41642,1.0,0.0,0.5,none,True,True
41643,1.0,0.0,0.5,none,True,True
41644,1.0,0.0,0.5,none,True,True
41645,1.0,0.0,0.5,none,True,True
41646,1.0,0.0,0.5,none,True,True
41647,1.0,0.0,0.5,none,True,True
41648,1.0,0.0,0.5,none,True,True
41649,1.0,0.0,0.5,none,True,True
41650,1.0,0.0,0.5,none,True,True
41651,1.0,0.0,0.5,none,True,True
41652,1.0,0.0,0.5,none,True,True
41653,1.0,0.0,0.5,none,True,True
41654,1.0,0.0,0.5,none,True,True
41655,1.0,0.0,0.5,none,True,True
41656,1.0,0.0,0.5,none,True,True
41657,1.0,0.0,0.5,none,True,True
41658,1.0,0.0,0.5,none,True,True
41659,1.0,0.0,0.5,none,True,True
41660,1.0,0.0,0.5,none,True,True
41661,1.0,0.0,0.5,none,True,True
41662,1.0,0.0,0.5,none,True,True
41663,1.0,0.0,0.5,none,True,True
41664,1.0,0.0,0.5,none,True,True
41665,1.0,0.0,0.5,none,True,True
41666,1.0,0.0,0.5,none,True,True
41667,1.0,0.0,0.5,none,True,True
41668,1.0,0.0,0.5,none,True,True
41669,1.0,0.0,0.5,none,True,True
41670,1.0,0.0,0.5,none,True,True
41671,1.0,0.0,0.5,none,True,True
41672,1.0,0.0,0.5,none,True,True
41673,1.0,0.0,0.5,none,True,True
41674,1.0,0.0,0.5,none,True,True
41675,1.0,0.0,0.5,none,True,True
41676,1.0,0.0,0.5,none,True,True
41677,1.0,0.0,0.5,none,True,True
41678,1.0,0.0,0.5,none,True,True
41679,1.0,0.0,0.5,none,True,True
41680,1.0,0.0,0.5,none,True,True
41681,1.0,0.0,0.5,none,True,True
41682,1.0,0.0,0.5,none,True,True
41683,1.0,0.0,0.5,none,True,True
41684,1.0,0.0,0.5,none,True,True
41685,1.0,0.0,0.5,none,True,True
41686,1.0,0.0,0.5,none,True,True
41687,1.0,0.0,0.5,none,True,True
41688,1.0,0.0,0.5,none,True,True
41689,1.0,0.0,0.5,none,True,True
41690,1.0,0.0,0.5,none,True,True
41691,1.0,0.0,0.5,none,True,True
41692,1.0,0.0,0.5,none,True,True
41693,1.0,0.0,0.5,none,True,True
41694,1.0,0.0,0.5,none,True,True
41695,1.0,0.0,0.5,none,True,True
41696,1.0,0.0,0.5,none,True,True
41697,1.0,0.0,0.5,none,True,True
41698,1.0,0.0,0.5,none,True,True
41699,1.0,0.0,0.5,none,True,True
41700,1.0,0.0,0.5,none,True,True
41701,1.0,0.0,0.5,none,True,True
41702,1.0,0.0,0.5,none,True,True
41703,1.0,0.0,0.5,none,True,True
41704,1.0,0.0,0.5,none,True,True
41705,1.0,0.0,0.5,none,True,True
41706,1.0,0.0,0.5,none,True,True
41707,1.0,0.0,0.5,none,True,True
41708,1.0,0.0,0.5,none,True,True
41709,1.0,0.0,0.5,none,True,True
41710,1.0,0.0,0.5,none,True,True
41711,1.0,0.0,0.5,none,True,True
41712,1.0,0.0,0.5,none,True,True
41713,1.0,0.0,0.5,none,True,True
41714,1.0,0.0,0.5,none,True,True
41715,1.0,0.0,0.5,none,True,True
41716,1.0,0.0,0.5,none,True,True
41717,1.0,0.0,0.5,none,True,True
41718,1.0,0.0,0.5,none,True,True
41719,1.0,0.0,0.5,none,True,True
41720,1.0,0.0,0.5,none,True,True
41721,1.0,0.0,0.5,none,True,True
41722,1.0,0.0,0.5,none,True,True
41723,1.0,0.0,0.5,none,True,True
41724,1.0,0.0,0.5,none,True,True
41725,1.0,0.0,0.5,none,True,True
41726,1.0,0.0,0.5,none,True,True
41727,1.0,0.0,0.5,none,True,True
41728,1.0,0.0,0.5,none,True,True
41729,1.0,0.0,0.5,none,True,True
41730,1.0,0.0,0.5,none,True,True
41731,1.0,0.0,0.5,none,True,True
41732,1.0,0.0,0.5,none,True,True
41733,1.0,0.0,0.5,none,True,True
41734,1.0,0.0,0.5,none,True,True
41735,1.0,0.0,0.5,none,True,True
41736,1.0,0.0,0.5,none,True,True
41737,1.0,0.0,0.5,none,True,True
41738,1.0,0.0,0.5,none,True,True
41739,1.0,0.0,0.5,none,True,True
41740,1.0,0.0,0.5,none,True,True
41741,1.0,0.0,0.5,none,True,True
41742,1.0,0.0,0.5,none,True,True
41743,1.0,0.0,0.5,none,True,True
41744,1.0,0.0,0.5,none,True,True
41745,1.0,0.0,0.5,none,True,True
41746,1.0,0.0,0.5,none,True,True
41747,1.0,0.0,0.5,none,True,True
41748,1.0,0.0,0.5,none,True,True
41749,1.0,0.0,0.5,none,True,True
41750,1.0,0.0,0.5,none,True,True
41751,1.0,0.0,0.5,none,True,True
41752,1.0,0.0,0.5,none,True,True
41753,1.0,0.0,0.5,none,True,True
41754,1.0,0.0,0.5,none,True,True
41755,1.0,0.0,0.5,none,True,True
41756,1.0,0.0,0.5,none,True,True
41757,1.0,0.0,0.5,none,True,True
41758,1.0,0.0,0.5,none,True,True
41759,1.0,0.0,0.5,none,True,True
41760,1.0,0.0,0.5,none,True,True
41761,1.0,0.0,0.5,none,True,True
41762,1.0,0.0,0.5,none,True,True
41763,1.0,0.0,0.5,none,True,True
41764,1.0,0.0,0.5,none,True,True
41765,1.0,0.0,0.5,none,True,True
41766,1.0,0.0,0.5,none,True,True
41767,1.0,0.0,0.5,none,True,True
41768,1.0,0.0,0.5,none,True,True
41769,1.0,0.0,0.5,none,True,True
41770,1.0,0.0,0.5,none,True,True
41771,1.0,0.0,0.5,none,True,True
41772,1.0,0.0,0.5,none,True,True
41773,1.0,0.0,0.5,none,True,True
41774,1.0,0.0,0.5,none,True,True
41775,1.0,0.0,0.5,none,True,True
41776,1.0,0.0,0.5,none,True,True
41777,1.0,0.0,0.5,none,True,True
41778,1.0,0.0,0.5,none,True,True
41779,1.0,0.0,0.5,none,True,True
41780,1.0,0.0,0.5,none,True,True
41781,1.0,0.0,0.5,none,True,True
41782,1.0,0.0,0.5,none,True,True
41783,1.0,0.0,0.5,none,True,True
41784,1.0,0.0,0.5,none,True,True
41785,1.0,0.0,0.5,none,True,True
41786,1.0,0.0,0.5,none,True,True
41787,1.0,0.0,0.5,none,True,True
41788,1.0,0.0,0.5,none,True,True
41789,1.0,0.0,0.5,none,True,True
41790,1.0,0.0,0.5,none,True,True
41791,1.0,0.0,0.5,none,True,True
41792,1.0,0.0,0.5,none,True,True
41793,1.0,0.0,0.5,none,True,True
41794,1.0,0.0,0.5,none,True,True
41795,1.0,0.0,0.5,none,True,True
41796,1.0,0.0,0.5,none,True,True
41797,1.0,0.0,0.5,none,True,True
41798,1.0,0.0,0.5,none,True,True
41799,1.0,0.0,0.5,none,True,True
41800,1.0,0.0,0.5,none,True,True
41801,1.0,0.0,0.5,none,True,True
41802,1.0,0.0,0.5,none,True,True
41803,1.0,0.0,0.5,none,True,True
41804,1.0,0.0,0.5,none,True,True
41805,1.0,0.0,0.5,none,True,True
41806,1.0,0.0,0.5,none,True,True
41807,1.0,0.0,0.5,none,True,True
41808,1.0,0.0,0.5,none,True,True
41809,1.0,0.0,0.5,none,True,True
41810,1.0,0.0,0.5,none,True,True
41811,1.0,0.0,0.5,none,True,True
41812,1.0,0.0,0.5,none,True,True
41813,1.0,0.0,0.5,none,True,True
41814,1.0,0.0,0.5,none,True,True
41815,1.0,0.0,0.5,none,True,True
41816,1.0,0.0,0.5,none,True,True
41817,1.0,0.0,0.5,none,True,True
41818,1.0,0.0,0.5,none,True,True
41819,1.0,0.0,0.5,none,True,True
41820,1.0,0.0,0.5,none,True,True
41821,1.0,0.0,0.5,none,True,True
41822,1.0,0.0,0.5,none,True,True
41823,1.0,0.0,0.5,none,True,True
41824,1.0,0.0,0.5,none,True,True
41825,1.0,0.0,0.5,none,True,True
41826,1.0,0.0,0.5,none,True,True
41827,1.0,0.0,0.5,none,True,True
41828,1.0,0.0,0.5,none,True,True
41829,1.0,0.0,0.5,none,True,True
41830,1.0,0.0,0.5,none,True,True
41831,1.0,0.0,0.5,none,True,True
41832,1.0,0.0,0.5,none,True,True
41833,1.0,0.0,0.5,none,True,True
41834,1.0,0.0,0.5,none,True,True
41835,1.0,0.0,0.5,none,True,True
41836,1.0,0.0,0.5,none,True,True
41837,1.0,0.0,0.5,none,True,True
41838,1.0,0.0,0.5,none,True,True
41839,1.0,0.0,0.5,none,True,True
41840,1.0,0.0,0.5,none,True,True
41841,1.0,0.0,0.5,none,True,True
41842,1.0,0.0,0.5,none,True,True
41843,1.0,0.0,0.5,none,True,True
41844,1.0,0.0,0.5,none,True,True
41845,1.0,0.0,0.5,none,True,True
41846,1.0,0.0,0.5,none,True,True
41847,1.0,0.0,0.5,none,True,True
41848,1.0,0.0,0.5,none,True,True
41849,1.0,0.0,0.5,none,True,True
41850,1.0,0.0,0.5,none,True,True
41851,1.0,0.0,0.5,none,True,True
41852,1.0,0.0,0.5,none,True,True
41853,1.0,0.0,0.5,none,True,True
41854,1.0,0.0,0.5,none,True,True
41855,1.0,0.0,0.5,none,True,True
41856,1.0,0.0,0.5,none,True,True
41857,1.0,0.0,0.5,none,True,True
41858,1.0,0.0,0.5,none,True,True
41859,1.0,0.0,0.5,none,True,True
41860,1.0,0.0,0.5,none,True,True
41861,1.0,0.0,0.5,none,True,True
41862,1.0,0.0,0.5,none,True,True
41863,1.0,0.0,0.5,none,True,True
41864,1.0,0.0,0.5,none,True,True
41865,1.0,0.0,0.5,none,True,True
41866,1.0,0.0,0.5,none,True,True
41867,1.0,0.0,0.5,none,True,True
41868,1.0,0.0,0.5,none,True,True
41869,1.0,0.0,0.5,none,True,True
41870,1.0,0.0,0.5,none,True,True
41871,1.0,0.0,0.5,none,True,True
41872,1.0,0.0,0.5,none,True,True
41873,1.0,0.0,0.5,none,True,True
41874,1.0,0.0,0.5,none,True,True
41875,1.0,0.0,0.5,none,True,True
41876,1.0,0.0,0.5,none,True,True
41877,1.0,0.0,0.5,none,True,True
41878,1.0,0.0,0.5,none,True,True
41879,1.0,0.0,0.5,none,True,True
41880,1.0,0.0,0.5,none,True,True
41881,1.0,0.0,0.5,none,True,True
41882,1.0,0.0,0.5,none,True,True
41883,1.0,0.0,0.5,none,True,True
41884,1.0,0.0,0.5,none,True,True
41885,1.0,0.0,0.5,none,True,True
41886,1.0,0.0,0.5,none,True,True
41887,1.0,0.0,0.5,none,True,True
41888,1.0,0.0,0.5,none,True,True
41889,1.0,0.0,0.5,none,True,True
41890,1.0,0.0,0.5,none,True,True
41891,1.0,0.0,0.5,none,True,True
41892,1.0,0.0,0.5,none,True,True
41893,1.0,0.0,0.5,none,True,True
41894,1.0,0.0,0.5,none,True,True
41895,1.0,0.0,0.5,none,True,True
41896,1.0,0.0,0.5,none,True,True
41897,1.0,0.0,0.5,none,True,True
41898,1.0,0.0,0.5,none,True,True
41899,1.0,0.0,0.5,none,True,True
41900,1.0,0.0,0.5,none,True,True
41901,1.0,0.0,0.5,none,True,True
41902,1.0,0.0,0.5,none,True,True
41903,1.0,0.0,0.5,none,True,True
41904,1.0,0.0,0.5,none,True,True
41905,1.0,0.0,0.5,none,True,True
41906,1.0,0.0,0.5,none,True,True
41907,1.0,0.0,0.5,none,True,True
41908,1.0,0.0,0.5,none,True,True
41909,1.0,0.0,0.5,none,True,True
41910,1.0,0.0,0.5,none,True,True
41911,1.0,0.0,0.5,none,True,True
41912,1.0,0.0,0.5,none,True,True
41913,1.0,0.0,0.5,none,True,True
41914,1.0,0.0,0.5,none,True,True
41915,1.0,0.0,0.5,none,True,True
41916,1.0,0.0,0.5,none,True,True
41917,1.0,0.0,0.5,none,True,True
41918,1.0,0.0,0.5,none,True,True
41919,1.0,0.0,0.5,none,True,True
41920,1.0,0.0,0.5,none,True,True
41921,1.0,0.0,0.5,none,True,True
41922,1.0,0.0,0.5,none,True,True
41923,1.0,0.0,0.5,none,True,True
41924,1.0,0.0,0.5,none,True,True
41925,1.0,0.0,0.5,none,True,True
41926,1.0,0.0,0.5,none,True,True
41927,1.0,0.0,0.5,none,True,True
41928,1.0,0.0,0.5,none,True,True
41929,1.0,0.0,0.5,none,True,True
41930,1.0,0.0,0.5,none,True,True
41931,1.0,0.0,0.5,none,True,True
41932,1.0,0.0,0.5,none,True,True
41933,1.0,0.0,0.5,none,True,True
41934,1.0,0.0,0.5,none,True,True
41935,1.0,0.0,0.5,none,True,True
41936,1.0,0.0,0.5,none,True,True
41937,1.0,0.0,0.5,none,True,True
41938,1.0,0.0,0.5,none,True,True
41939,1.0,0.0,0.5,none,True,True
41940,1.0,0.0,0.5,none,True,True
41941,1.0,0.0,0.5,none,True,True
41942,1.0,0.0,0.5,none,True,True
41943,1.0,0.0,0.5,none,True,True
41944,1.0,0.0,0.5,none,True,True
41945,1.0,0.0,0.5,none,True,True
41946,1.0,0.0,0.5,none,True,True
41947,1.0,0.0,0.5,none,True,True
41948,1.0,0.0,0.5,none,True,True
41949,1.0,0.0,0.5,none,True,True
41950,1.0,0.0,0.5,none,True,True
41951,1.0,0.0,0.5,none,True,True
41952,1.0,0.0,0.5,none,True,True
41953,1.0,0.0,0.5,none,True,True
41954,1.0,0.0,0.5,none,True,True
41955,1.0,0.0,0.5,none,True,True
41956,1.0,0.0,0.5,none,True,True
41957,1.0,0.0,0.5,none,True,True
41958,1.0,0.0,0.5,none,True,True
41959,1.0,0.0,0.5,none,True,True
41960,1.0,0.0,0.5,none,True,True
41961,1.0,0.0,0.5,none,True,True
41962,1.0,0.0,0.5,none,True,True
41963,1.0,0.0,0.5,none,True,True
41964,1.0,0.0,0.5,none,True,True
41965,1.0,0.0,0.5,none,True,True
41966,1.0,0.0,0.5,none,True,True
41967,1.0,0.0,0.5,none,True,True
41968,1.0,0.0,0.5,none,True,True
41969,1.0,0.0,0.5,none,True,True
41970,1.0,0.0,0.5,none,True,True
41971,1.0,0.0,0.5,none,True,True
41972,1.0,0.0,0.5,none,True,True
41973,1.0,0.0,0.5,none,True,True
41974,1.0,0.0,0.5,none,True,True
41975,1.0,0.0,0.5,none,True,True
41976,1.0,0.0,0.5,none,True,True
41977,1.0,0.0,0.5,none,True,True
41978,1.0,0.0,0.5,none,True,True
41979,1.0,0.0,0.5,none,True,True
41980,1.0,0.0,0.5,none,True,True
41981,1.0,0.0,0.5,none,True,True
41982,1.0,0.0,0.5,none,True,True
41983,1.0,0.0,0.5,none,True,True
41984,1.0,0.0,0.5,none,True,True
41985,1.0,0.0,0.5,none,True,True
41986,1.0,0.0,0.5,none,True,True
41987,1.0,0.0,0.5,none,True,True
41988,1.0,0.0,0.5,none,True,True
41989,1.0,0.0,0.5,none,True,True
41990,1.0,0.0,0.5,none,True,True
41991,1.0,0.0,0.5,none,True,True
41992,1.0,0.0,0.5,none,True,True
41993,1.0,0.0,0.5,none,True,True
41994,1.0,0.0,0.5,none,True,True
41995,1.0,0.0,0.5,none,True,True
41996,1.0,0.0,0.5,none,True,True
41997,1.0,0.0,0.5,none,True,True
41998,1.0,0.0,0.5,none,True,True
41999,1.0,0.0,0.5,none,True,True
42000,1.0,0.0061,0.5,none,True,True
42001,1.0,0.0357,0.5,none,True,True
42002,1.0,0.0812,0.5,none,True,True
42003,1.0,0.1113,0.5,none,True,True
42004,1.0,0.1253,0.5,none,True,True
42005,1.0,0.1408,0.5,none,True,True
42006,1.0,0.0907,0.5,none,True,True
42007,1.0,0.1198,0.5,none,True,True
42008,1.0,0.0467,0.5,none,True,True
42009,1.0,0.0522,0.5,none,True,True
42010,1.0,0.0405,0.5,none,True,True
42011,1.0,0.0313,0.5,none,True,True
42012,1.0,0.0083,0.5,none,True,True
42013,1.0,0.0726,0.5,none,True,True
42014,1.0,0.0793,0.5,none,True,True
42015,1.0,0.0581,0.5,none,True,True
42016,1.0,0.0955,0.5,none,True,True
42017,1.0,0.0839,0.5,none,True,True
42018,1.0,0.0648,0.5,none,True,True
42019,1.0,0.0718,0.5,none,True,True
42020,1.0,0.0589,0.5,none,True,True
42021,1.0,0.0403,0.5,none,True,True
42022,1.0,0.0327,0.5,none,True,True
42023,1.0,0.0277,0.5,none,True,True
42024,1.0,0.017,0.5,none,True,True
42025,1.0,0.0102,0.5,none,True,True
42026,1.0,0.0099,0.5,none,True,True
42027,1.0,0.008,0.5,none,True,True
42028,1.0,0.005,0.5,none,True,True
42029,1.0,0.0063,0.5,none,True,True
42030,1.0,0.009,0.5,none,True,True
42031,1.0,0.0096,0.5,none,True,True
42032,1.0,0.0108,0.5,none,True,True
42033,1.0,0.014,0.5,none,True,True
42034,1.0,0.0161,0.5,none,True,True
42035,1.0,0.0167,0.5,none,True,True
42036,1.0,0.0182,0.5,none,True,True
42037,1.0,0.0196,0.5,none,True,True
42038,1.0,0.0197,0.5,none,True,True
42039,1.0,0.0193,0.5,none,True,True
42040,1.0,0.0193,0.5,none,True,True
42041,1.0,0.0187,0.5,none,True,True
42042,1.0,0.0174,0.5,none,True,True
42043,1.0,0.0163,0.5,none,True,True
42044,1.0,0.0152,0.5,none,True,True
42045,1.0,0.0138,0.5,none,True,True
42046,1.0,0.0123,0.5,none,True,True
42047,1.0,0.0111,0.5,none,True,True
42048,1.0,0.01,0.5,none,True,True
42049,1.0,0.0088,0.5,none,True,True
42050,1.0,0.0078,0.5,none,True,True
42051,1.0,0.0071,0.5,none,True,True
42052,1.0,0.0064,0.5,none,True,True
42053,1.0,0.0057,0.5,none,True,True
42054,1.0,0.0053,0.5,none,True,True
42055,1.0,0.005,0.5,none,True,True
42056,1.0,0.0047,0.5,none,True,True
42057,1.0,0.0045,0.5,none,True,True
42058,1.0,0.0044,0.5,none,True,True
42059,1.0,0.0043,0.5,none,True,True
42060,1.0,0.0042,0.5,none,True,True
42061,1.0,0.0041,0.5,none,True,True
42062,1.0,0.004,0.5,none,True,True
42063,1.0,0.0039,0.5,none,True,True
42064,1.0,0.0038,0.5,none,True,True
42065,1.0,0.0037,0.5,none,True,True
42066,1.0,0.0035,0.5,none,True,True
42067,1.0,0.0033,0.5,none,True,True
42068,1.0,0.0032,0.5,none,True,True
42069,1.0,0.003,0.5,none,True,True
42070,1.0,0.0028,0.5,none,True,True
42071,1.0,0.0026,0.5,none,True,True
42072,1.0,0.0024,0.5,none,True,True
42073,1.0,0.0023,0.5,none,True,True
42074,1.0,0.0021,0.5,none,True,True
42075,1.0,0.0019,0.5,none,True,True
42076,1.0,0.0018,0.5,none,True,True
42077,1.0,0.0017,0.5,none,True,True
42078,1.0,0.0015,0.5,none,True,True
42079,1.0,0.0014,0.5,none,True,True
42080,1.0,0.0013,0.5,none,True,True
42081,1.0,0.0013,0.5,none,True,True
42082,1.0,0.0012,0.5,none,True,True
42083,1.0,0.0011,0.5,none,True,True
42084,1.0,0.0011,0.5,none,True,True
42085,1.0,0.001,0.5,none,True,True
42086,1.0,0.001,0.5,none,True,True
42087,1.0,0.0009,0.5,none,True,True
42088,1.0,0.0009,0.5,none,True,True
42089,1.0,0.0008,0.5,none,True,True
42090,1.0,0.0008,0.5,none,True,True
42091,1.0,0.0008,0.5,none,True,True
42092,1.0,0.0007,0.5,none,True,True
42093,1.0,0.0007,0.5,none,True,True
42094,1.0,0.0006,0.5,none,True,True
42095,1.0,0.0006,0.5,none,True,True
42096,1.0,0.0006,0.5,none,True,True
42097,1.0,0.0005,0.5,none,True,True
42098,1.0,0.0005,0.5,none,True,True
42099,1.0,0.0005,0.5,none,True,True
42100,1.0,0.0004,0.5,none,True,True
42101,1.0,0.0004,0.5,none,True,True
42102,1.0,0.0004,0.5,none,True,True
42103,1.0,0.0004,0.5,none,True,True
42104,1.0,0.0003,0.5,none,True,True
42105,1.0,0.0003,0.5,none,True,True
42106,1.0,0.0003,0.5,none,True,True
42107,1.0,0.0003,0.5,none,True,True
42108,1.0,0.0003,0.5,none,True,True
42109,1.0,0.0003,0.5,none,True,True
42110,1.0,0.0002,0.5,none,True,True
42111,1.0,0.0002,0.5,none,True,True
42112,1.0,0.0002,0.5,none,True,True
42113,1.0,0.0002,0.5,none,True,True
42114,1.0,0.0002,0.5,none,True,True
42115,1.0,0.0002,0.5,none,True,True
42116,1.0,0.0002,0.5,none,True,True
42117,1.0,0.0002,0.5,none,True,True
42118,1.0,0.0002,0.5,none,True,True
42119,1.0,0.0001,0.5,none,True,True
42120,1.0,0.0001,0.5,none,True,True
42121,1.0,0.0001,0.5,none,True,True
42122,1.0,0.0001,0.5,none,True,True
42123,1.0,0.0001,0.5,none,True,True
42124,1.0,0.0001,0.5,none,True,True
42125,1.0,0.0001,0.5,none,True,True
42126,1.0,0.0001,0.5,none,True,True
42127,1.0,0.0001,0.5,none,True,True
42128,1.0,0.0001,0.5,none,True,True
42129,1.0,0.0001,0.5,none,True,True
42130,1.0,0.0001,0.5,none,True,True
42131,1.0,0.0001,0.5,none,True,True
42132,1.0,0.0001,0.5,none,True,True
42133,1.0,0.0001,0.5,none,True,True
42134,1.0,0.0001,0.5,none,True,True
42135,1.0,0.0001,0.5,none,True,True
42136,1.0,0.0001,0.5,none,True,True
42137,1.0,0.0,0.5,none,True,True
42138,1.0,0.0,0.5,none,True,True
42139,1.0,0.0,0.5,none,True,True
42140,1.0,0.0,0.5,none,True,True
42141,1.0,0.0,0.5,none,True,True
42142,1.0,0.0,0.5,none,True,True
42143,1.0,0.0,0.5,none,True,True
42144,1.0,0.0,0.5,none,True,True
42145,1.0,0.0,0.5,none,True,True
42146,1.0,0.0,0.5,none,True,True
42147,1.0,0.0,0.5,none,True,True
42148,1.0,0.0,0.5,none,True,True
42149,1.0,0.0,0.5,none,True,True
42150,1.0,0.0,0.5,none,True,True
42151,1.0,0.0,0.5,none,True,True
42152,1.0,0.0,0.5,none,True,True
42153,1.0,0.0,0.5,none,True,True
42154,1.0,0.0,0.5,none,True,True
42155,1.0,0.0,0.5,none,True,True
42156,1.0,0.0,0.5,none,True,True
42157,1.0,0.0,0.5,none,True,True
42158,1.0,0.0,0.5,none,True,True
42159,1.0,0.0,0.5,none,True,True
42160,1.0,0.0,0.5,none,True,True
42161,1.0,0.0,0.5,none,True,True
42162,1.0,0.0,0.5,none,True,True
42163,1.0,0.0,0.5,none,True,True
42164,1.0,0.0,0.5,none,True,True
42165,1.0,0.0,0.5,none,True,True
42166,1.0,0.0,0.5,none,True,True
42167,1.0,0.0,0.5,none,True,True
42168,1.0,0.0,0.5,none,True,True
42169,1.0,0.0,0.5,none,True,True
42170,1.0,0.0,0.5,none,True,True
42171,1.0,0.0,0.5,none,True,True
42172,1.0,0.0,0.5,none,True,True
42173,1.0,0.0,0.5,none,True,True
42174,1.0,0.0,0.5,none,True,True
42175,1.0,0.0,0.5,none,True,True
42176,1.0,0.0,0.5,none,True,True
42177,1.0,0.0,0.5,none,True,True
42178,1.0,0.0,0.5,none,True,True
42179,1.0,0.0,0.5,none,True,True
42180,1.0,0.0,0.5,none,True,True
42181,1.0,0.0,0.5,none,True,True
42182,1.0,0.0,0.5,none,True,True
42183,1.0,0.0,0.5,none,True,True
42184,1.0,0.0,0.5,none,True,True
42185,1.0,0.0,0.5,none,True,True
42186,1.0,0.0,0.5,none,True,True
42187,1.0,0.0,0.5,none,True,True
42188,1.0,0.0,0.5,none,True,True
42189,1.0,0.0,0.5,none,True,True
42190,1.0,0.0,0.5,none,True,True
42191,1.0,0.0,0.5,none,True,True
42192,1.0,0.0,0.5,none,True,True
42193,1.0,0.0,0.5,none,True,True
42194,1.0,0.0,0.5,none,True,True
42195,1.0,0.0,0.5,none,True,True
42196,1.0,0.0,0.5,none,True,True
42197,1.0,0.0,0.5,none,True,True
42198,1.0,0.0,0.5,none,True,True
42199,1.0,0.0,0.5,none,True,True
42200,1.0,0.0,0.5,none,True,True
42201,1.0,0.0,0.5,none,True,True
42202,1.0,0.0,0.5,none,True,True
42203,1.0,0.0,0.5,none,True,True
42204,1.0,0.0,0.5,none,True,True
42205,1.0,0.0,0.5,none,True,True
42206,1.0,0.0,0.5,none,True,True
42207,1.0,0.0,0.5,none,True,True
42208,1.0,0.0,0.5,none,True,True
42209,1.0,0.0,0.5,none,True,True
42210,1.0,0.0,0.5,none,True,True
42211,1.0,0.0,0.5,none,True,True
42212,1.0,0.0,0.5,none,True,True
42213,1.0,0.0,0.5,none,True,True
42214,1.0,0.0,0.5,none,True,True
42215,1.0,0.0,0.5,none,True,True
42216,1.0,0.0,0.5,none,True,True
42217,1.0,0.0,0.5,none,True,True
42218,1.0,0.0,0.5,none,True,True
42219,1.0,0.0,0.5,none,True,True
42220,1.0,0.0,0.5,none,True,True
42221,1.0,0.0,0.5,none,True,True
42222,1.0,0.0,0.5,none,True,True
42223,1.0,0.0,0.5,none,True,True
42224,1.0,0.0,0.5,none,True,True
42225,1.0,0.0,0.5,none,True,True
42226,1.0,0.0,0.5,none,True,True
42227,1.0,0.0,0.5,none,True,True
42228,1.0,0.0,0.5,none,True,True
42229,1.0,0.0,0.5,none,True,True
42230,1.0,0.0,0.5,none,True,True
42231,1.0,0.0,0.5,none,True,True
42232,1.0,0.0,0.5,none,True,True
42233,1.0,0.0,0.5,none,True,True
42234,1.0,0.0,0.5,none,True,True
42235,1.0,0.0,0.5,none,True,True
42236,1.0,0.0,0.5,none,True,True
42237,1.0,0.0,0.5,none,True,True
42238,1.0,0.0,0.5,none,True,True
42239,1.0,0.0,0.5,none,True,True
42240,1.0,0.0,0.5,none,True,True
42241,1.0,0.0,0.5,none,True,True
42242,1.0,0.0,0.5,none,True,True
42243,1.0,0.0,0.5,none,True,True
42244,1.0,0.0,0.5,none,True,True
42245,1.0,0.0,0.5,none,True,True
42246,1.0,0.0,0.5,none,True,True
42247,1.0,0.0,0.5,none,True,True
42248,1.0,0.0,0.5,none,True,True
42249,1.0,0.0,0.5,none,True,True
42250,1.0,0.0,0.5,none,True,True
42251,1.0,0.0,0.5,none,True,True
42252,1.0,0.0,0.5,none,True,True
42253,1.0,0.0,0.5,none,True,True
42254,1.0,0.0,0.5,none,True,True
42255,1.0,0.0,0.5,none,True,True
42256,1.0,0.0,0.5,none,True,True
42257,1.0,0.0,0.5,none,True,True
42258,1.0,0.0,0.5,none,True,True
42259,1.0,0.0,0.5,none,True,True
42260,1.0,0.0,0.5,none,True,True
42261,1.0,0.0,0.5,none,True,True
42262,1.0,0.0,0.5,none,True,True
42263,1.0,0.0,0.5,none,True,True
42264,1.0,0.0,0.5,none,True,True
42265,1.0,0.0,0.5,none,True,True
42266,1.0,0.0,0.5,none,True,True
42267,1.0,0.0,0.5,none,True,True
42268,1.0,0.0,0.5,none,True,True
42269,1.0,0.0,0.5,none,True,True
42270,1.0,0.0,0.5,none,True,True
42271,1.0,0.0,0.5,none,True,True
42272,1.0,0.0,0.5,none,True,True
42273,1.0,0.0,0.5,none,True,True
42274,1.0,0.0,0.5,none,True,True
42275,1.0,0.0,0.5,none,True,True
42276,1.0,0.0,0.5,none,True,True
42277,1.0,0.0,0.5,none,True,True
42278,1.0,0.0,0.5,none,True,True
42279,1.0,0.0,0.5,none,True,True
42280,1.0,0.0,0.5,none,True,True
42281,1.0,0.0,0.5,none,True,True
42282,1.0,0.0,0.5,none,True,True
42283,1.0,0.0,0.5,none,True,True
42284,1.0,0.0,0.5,none,True,True
42285,1.0,0.0,0.5,none,True,True
42286,1.0,0.0,0.5,none,True,True
42287,1.0,0.0,0.5,none,True,True
42288,1.0,0.0,0.5,none,True,True
42289,1.0,0.0,0.5,none,True,True
42290,1.0,0.0,0.5,none,True,True
42291,1.0,0.0,0.5,none,True,True
42292,1.0,0.0,0.5,none,True,True
42293,1.0,0.0,0.5,none,True,True
42294,1.0,0.0,0.5,none,True,True
42295,1.0,0.0,0.5,none,True,True
42296,1.0,0.0,0.5,none,True,True
42297,1.0,0.0,0.5,none,True,True
42298,1.0,0.0,0.5,none,True,True
42299,1.0,0.0,0.5,none,True,True
42300,1.0,0.0,0.5,none,True,True
42301,1.0,0.0,0.5,none,True,True
42302,1.0,0.0,0.5,none,True,True
42303,1.0,0.0,0.5,none,True,True
42304,1.0,0.0,0.5,none,True,True
42305,1.0,0.0,0.5,none,True,True
42306,1.0,0.0,0.5,none,True,True
42307,1.0,0.0,0.5,none,True,True
42308,1.0,0.0,0.5,none,True,True
42309,1.0,0.0,0.5,none,True,True
42310,1.0,0.0,0.5,none,True,True
42311,1.0,0.0,0.5,none,True,True
42312,1.0,0.0,0.5,none,True,True
42313,1.0,0.0,0.5,none,True,True
42314,1.0,0.0,0.5,none,True,True
42315,1.0,0.0,0.5,none,True,True
42316,1.0,0.0,0.5,none,True,True
42317,1.0,0.0,0.5,none,True,True
42318,1.0,0.0,0.5,none,True,True
42319,1.0,0.0,0.5,none,True,True
42320,1.0,0.0,0.5,none,True,True
42321,1.0,0.0,0.5,none,True,True
42322,1.0,0.0,0.5,none,True,True
42323,1.0,0.0,0.5,none,True,True
42324,1.0,0.0,0.5,none,True,True
42325,1.0,0.0,0.5,none,True,True
42326,1.0,0.0,0.5,none,True,True
42327,1.0,0.0,0.5,none,True,True
42328,1.0,0.0,0.5,none,True,True
42329,1.0,0.0,0.5,none,True,True
42330,1.0,0.0,0.5,none,True,True
42331,1.0,0.0,0.5,none,True,True
42332,1.0,0.0,0.5,none,True,True
42333,1.0,0.0,0.5,none,True,True
42334,1.0,0.0,0.5,none,True,True
42335,1.0,0.0,0.5,none,True,True
42336,1.0,0.0,0.5,none,True,True
42337,1.0,0.0,0.5,none,True,True
42338,1.0,0.0,0.5,none,True,True
42339,1.0,0.0,0.5,none,True,True
42340,1.0,0.0,0.5,none,True,True
42341,1.0,0.0,0.5,none,True,True
42342,1.0,0.0,0.5,none,True,True
42343,1.0,0.0,0.5,none,True,True
42344,1.0,0.0,0.5,none,True,True
42345,1.0,0.0,0.5,none,True,True
42346,1.0,0.0,0.5,none,True,True
42347,1.0,0.0,0.5,none,True,True
42348,1.0,0.0,0.5,none,True,True
42349,1.0,0.0,0.5,none,True,True
42350,1.0,0.0,0.5,none,True,True
42351,1.0,0.0,0.5,none,True,True
42352,1.0,0.0,0.5,none,True,True
42353,1.0,0.0,0.5,none,True,True
42354,1.0,0.0,0.5,none,True,True
42355,1.0,0.0,0.5,none,True,True
42356,1.0,0.0,0.5,none,True,True
42357,1.0,0.0,0.5,none,True,True
42358,1.0,0.0,0.5,none,True,True
42359,1.0,0.0,0.5,none,True,True
42360,1.0,0.0,0.5,none,True,True
42361,1.0,0.0,0.5,none,True,True
42362,1.0,0.0,0.5,none,True,True
42363,1.0,0.0,0.5,none,True,True
42364,1.0,0.0,0.5,none,True,True
42365,1.0,0.0,0.5,none,True,True
42366,1.0,0.0,0.5,none,True,True
42367,1.0,0.0,0.5,none,True,True
42368,1.0,0.0,0.5,none,True,True
42369,1.0,0.0,0.5,none,True,True
42370,1.0,0.0,0.5,none,True,True
42371,1.0,0.0,0.5,none,True,True
42372,1.0,0.0,0.5,none,True,True
42373,1.0,0.0,0.5,none,True,True
42374,1.0,0.0,0.5,none,True,True
42375,1.0,0.0,0.5,none,True,True
42376,1.0,0.0,0.5,none,True,True
42377,1.0,0.0,0.5,none,True,True
42378,1.0,0.0,0.5,none,True,True
42379,1.0,0.0,0.5,none,True,True
42380,1.0,0.0,0.5,none,True,True
42381,1.0,0.0,0.5,none,True,True
42382,1.0,0.0,0.5,none,True,True
42383,1.0,0.0,0.5,none,True,True
42384,1.0,0.0,0.5,none,True,True
42385,1.0,0.0,0.5,none,True,True
42386,1.0,0.0,0.5,none,True,True
42387,1.0,0.0,0.5,none,True,True
42388,1.0,0.0,0.5,none,True,True
42389,1.0,0.0,0.5,none,True,True
42390,1.0,0.0,0.5,none,True,True
42391,1.0,0.0,0.5,none,True,True
42392,1.0,0.0,0.5,none,True,True
42393,1.0,0.0,0.5,none,True,True
42394,1.0,0.0,0.5,none,True,True
42395,1.0,0.0,0.5,none,True,True
42396,1.0,0.0,0.5,none,True,True
42397,1.0,0.0,0.5,none,True,True
42398,1.0,0.0,0.5,none,True,True
42399,1.0,0.0,0.5,none,True,True
42400,1.0,0.0,0.5,none,True,True
42401,1.0,0.0,0.5,none,True,True
42402,1.0,0.0,0.5,none,True,True
42403,1.0,0.0,0.5,none,True,True
42404,1.0,0.0,0.5,none,True,True
42405,1.0,0.0,0.5,none,True,True
42406,1.0,0.0,0.5,none,True,True
42407,1.0,0.0,0.5,none,True,True
42408,1.0,0.0,0.5,none,True,True
42409,1.0,0.0,0.5,none,True,True
42410,1.0,0.0,0.5,none,True,True
42411,1.0,0.0,0.5,none,True,True
42412,1.0,0.0,0.5,none,True,True
42413,1.0,0.0,0.5,none,True,True
42414,1.0,0.0,0.5,none,True,True
42415,1.0,0.0,0.5,none,True,True
42416,1.0,0.0,0.5,none,True,True
42417,1.0,0.0,0.5,none,True,True
42418,1.0,0.0,0.5,none,True,True
42419,1.0,0.0,0.5,none,True,True
42420,1.0,0.0,0.5,none,True,True
42421,1.0,0.0,0.5,none,True,True
42422,1.0,0.0,0.5,none,True,True
42423,1.0,0.0,0.5,none,True,True
42424,1.0,0.0,0.5,none,True,True
42425,1.0,0.0,0.5,none,True,True
42426,1.0,0.0,0.5,none,True,True
42427,1.0,0.0,0.5,none,True,True
42428,1.0,0.0,0.5,none,True,True
42429,1.0,0.0,0.5,none,True,True
42430,1.0,0.0,0.5,none,True,True
42431,1.0,0.0,0.5,none,True,True
42432,1.0,0.0,0.5,none,True,True
42433,1.0,0.0,0.5,none,True,True
42434,1.0,0.0,0.5,none,True,True
42435,1.0,0.0,0.5,none,True,True
42436,1.0,0.0,0.5,none,True,True
42437,1.0,0.0,0.5,none,True,True
42438,1.0,0.0,0.5,none,True,True
42439,1.0,0.0,0.5,none,True,True
42440,1.0,0.0,0.5,none,True,True
42441,1.0,0.0,0.5,none,True,True
42442,1.0,0.0,0.5,none,True,True
42443,1.0,0.0,0.5,none,True,True
42444,1.0,0.0,0.5,none,True,True
42445,1.0,0.0,0.5,none,True,True
42446,1.0,0.0,0.5,none,True,True
42447,1.0,0.0,0.5,none,True,True
42448,1.0,0.0,0.5,none,True,True
42449,1.0,0.0,0.5,none,True,True
42450,1.0,0.0,0.5,none,True,True
42451,1.0,0.0,0.5,none,True,True
42452,1.0,0.0,0.5,none,True,True
42453,1.0,0.0,0.5,none,True,True
42454,1.0,0.0,0.5,none,True,True
42455,1.0,0.0,0.5,none,True,True
42456,1.0,0.0,0.5,none,True,True
42457,1.0,0.0,0.5,none,True,True
42458,1.0,0.0,0.5,none,True,True
42459,1.0,0.0,0.5,none,True,True
42460,1.0,0.0,0.5,none,True,True
42461,1.0,0.0,0.5,none,True,True
42462,1.0,0.0,0.5,none,True,True
42463,1.0,0.0,0.5,none,True,True
42464,1.0,0.0,0.5,none,True,True
42465,1.0,0.0,0.5,none,True,True
42466,1.0,0.0,0.5,none,True,True
42467,1.0,0.0,0.5,none,True,True
42468,1.0,0.0,0.5,none,True,True
42469,1.0,0.0,0.5,none,True,True
42470,1.0,0.0,0.5,none,True,True
42471,1.0,0.0,0.5,none,True,True
42472,1.0,0.0,0.5,none,True,True
42473,1.0,0.0,0.5,none,True,True
42474,1.0,0.0,0.5,none,True,True
42475,1.0,0.0,0.5,none,True,True
42476,1.0,0.0,0.5,none,True,True
42477,1.0,0.0,0.5,none,True,True
42478,1.0,0.0,0.5,none,True,True
42479,1.0,0.0,0.5,none,True,True
42480,1.0,0.0,0.5,none,True,True
42481,1.0,0.0,0.5,none,True,True
42482,1.0,0.0,0.5,none,True,True
42483,1.0,0.0,0.5,none,True,True
42484,1.0,0.0,0.5,none,True,True
42485,1.0,0.0,0.5,none,True,True
42486,1.0,0.0,0.5,none,True,True
42487,1.0,0.0,0.5,none,True,True
42488,1.0,0.0,0.5,none,True,True
42489,1.0,0.0,0.5,none,True,True
42490,1.0,0.0,0.5,none,True,True
42491,1.0,0.0,0.5,none,True,True
42492,1.0,0.0,0.5,none,True,True
42493,1.0,0.0,0.5,none,True,True
42494,1.0,0.0,0.5,none,True,True
42495,1.0,0.0,0.5,none,True,True
42496,1.0,0.0,0.5,none,True,True
42497,1.0,0.0,0.5,none,True,True
42498,1.0,0.0,0.5,none,True,True
42499,1.0,0.0,0.5,none,True,True
42500,1.0,0.0,0.5,none,True,True
42501,1.0,0.0,0.5,none,True,True
42502,1.0,0.0,0.5,none,True,True
42503,1.0,0.0,0.5,none,True,True
42504,1.0,0.0,0.5,none,True,True
42505,1.0,0.0,0.5,none,True,True
42506,1.0,0.0,0.5,none,True,True
42507,1.0,0.0,0.5,none,True,True
42508,1.0,0.0,0.5,none,True,True
42509,1.0,0.0,0.5,none,True,True
42510,1.0,0.0,0.5,none,True,True
42511,1.0,0.0,0.5,none,True,True
42512,1.0,0.0,0.5,none,True,True
42513,1.0,0.0,0.5,none,True,True
42514,1.0,0.0,0.5,none,True,True
42515,1.0,0.0,0.5,none,True,True
42516,1.0,0.0,0.5,none,True,True
42517,1.0,0.0,0.5,none,True,True
42518,1.0,0.0,0.5,none,True,True
42519,1.0,0.0,0.5,none,True,True
42520,1.0,0.0,0.5,none,True,True
42521,1.0,0.0,0.5,none,True,True
42522,1.0,0.0,0.5,none,True,True
42523,1.0,0.0,0.5,none,True,True
42524,1.0,0.0,0.5,none,True,True
42525,1.0,0.0,0.5,none,True,True
42526,1.0,0.0,0.5,none,True,True
42527,1.0,0.0,0.5,none,True,True
42528,1.0,0.0,0.5,none,True,True
42529,1.0,0.0,0.5,none,True,True
42530,1.0,0.0,0.5,none,True,True
42531,1.0,0.0,0.5,none,True,True
42532,1.0,0.0,0.5,none,True,True
42533,1.0,0.0,0.5,none,True,True
42534,1.0,0.0,0.5,none,True,True
42535,1.0,0.0,0.5,none,True,True
42536,1.0,0.0,0.5,none,True,True
42537,1.0,0.0,0.5,none,True,True
42538,1.0,0.0,0.5,none,True,True
42539,1.0,0.0,0.5,none,True,True
42540,1.0,0.0,0.5,none,True,True
42541,1.0,0.0,0.5,none,True,True
42542,1.0,0.0,0.5,none,True,True
42543,1.0,0.0,0.5,none,True,True
42544,1.0,0.0,0.5,none,True,True
42545,1.0,0.0,0.5,none,True,True
42546,1.0,0.0,0.5,none,True,True
42547,1.0,0.0,0.5,none,True,True
42548,1.0,0.0,0.5,none,True,True
42549,1.0,0.0,0.5,none,True,True
42550,1.0,0.0,0.5,none,True,True
42551,1.0,0.0,0.5,none,True,True
42552,1.0,0.0,0.5,none,True,True
42553,1.0,0.0,0.5,none,True,True
42554,1.0,0.0,0.5,none,True,True
42555,1.0,0.0,0.5,none,True,True
42556,1.0,0.0,0.5,none,True,True
42557,1.0,0.0,0.5,none,True,True
42558,1.0,0.0,0.5,none,True,True
42559,1.0,0.0,0.5,none,True,True
42560,1.0,0.0,0.5,none,True,True
42561,1.0,0.0,0.5,none,True,True
42562,1.0,0.0,0.5,none,True,True
42563,1.0,0.0,0.5,none,True,True
42564,1.0,0.0,0.5,none,True,True
42565,1.0,0.0,0.5,none,True,True
42566,1.0,0.0,0.5,none,True,True
42567,1.0,0.0,0.5,none,True,True
42568,1.0,0.0,0.5,none,True,True
42569,1.0,0.0,0.5,none,True,True
42570,1.0,0.0,0.5,none,True,True
42571,1.0,0.0,0.5,none,True,True
42572,1.0,0.0,0.5,none,True,True
42573,1.0,0.0,0.5,none,True,True
42574,1.0,0.0,0.5,none,True,True
42575,1.0,0.0,0.5,none,True,True
42576,1.0,0.0,0.5,none,True,True
42577,1.0,0.0,0.5,none,True,True
42578,1.0,0.0,0.5,none,True,True
42579,1.0,0.0,0.5,none,True,True
42580,1.0,0.0,0.5,none,True,True
42581,1.0,0.0,0.5,none,True,True
42582,1.0,0.0,0.5,none,True,True
42583,1.0,0.0,0.5,none,True,True
42584,1.0,0.0,0.5,none,True,True
42585,1.0,0.0,0.5,none,True,True
42586,1.0,0.0,0.5,none,True,True
42587,1.0,0.0,0.5,none,True,True
42588,1.0,0.0,0.5,none,True,True
42589,1.0,0.0,0.5,none,True,True
42590,1.0,0.0,0.5,none,True,True
42591,1.0,0.0,0.5,none,True,True
42592,1.0,0.0,0.5,none,True,True
42593,1.0,0.0,0.5,none,True,True
42594,1.0,0.0,0.5,none,True,True
42595,1.0,0.0,0.5,none,True,True
42596,1.0,0.0,0.5,none,True,True
42597,1.0,0.0,0.5,none,True,True
42598,1.0,0.0,0.5,none,True,True
42599,1.0,0.0,0.5,none,True,True
42600,1.0,0.0,0.5,none,True,True
42601,1.0,0.0,0.5,none,True,True
42602,1.0,0.0,0.5,none,True,True
42603,1.0,0.0,0.5,none,True,True
42604,1.0,0.0,0.5,none,True,True
42605,1.0,0.0,0.5,none,True,True
42606,1.0,0.0,0.5,none,True,True
42607,1.0,0.0,0.5,none,True,True
42608,1.0,0.0,0.5,none,True,True
42609,1.0,0.0,0.5,none,True,True
42610,1.0,0.0,0.5,none,True,True
42611,1.0,0.0,0.5,none,True,True
42612,1.0,0.0,0.5,none,True,True
42613,1.0,0.0,0.5,none,True,True
42614,1.0,0.0,0.5,none,True,True
42615,1.0,0.0,0.5,none,True,True
42616,1.0,0.0,0.5,none,True,True
42617,1.0,0.0,0.5,none,True,True
42618,1.0,0.0,0.5,none,True,True
42619,1.0,0.0,0.5,none,True,True
42620,1.0,0.0,0.5,none,True,True
42621,1.0,0.0,0.5,none,True,True
42622,1.0,0.0,0.5,none,True,True
42623,1.0,0.0,0.5,none,True,True
42624,1.0,0.0,0.5,none,True,True
42625,1.0,0.0,0.5,none,True,True
42626,1.0,0.0,0.5,none,True,True
42627,1.0,0.0,0.5,none,True,True
42628,1.0,0.0,0.5,none,True,True
42629,1.0,0.0,0.5,none,True,True
42630,1.0,0.0,0.5,none,True,True
42631,1.0,0.0,0.5,none,True,True
42632,1.0,0.0,0.5,none,True,True
42633,1.0,0.0,0.5,none,True,True
42634,1.0,0.0,0.5,none,True,True
42635,1.0,0.0,0.5,none,True,True
42636,1.0,0.0,0.5,none,True,True
42637,1.0,0.0,0.5,none,True,True
42638,1.0,0.0,0.5,none,True,True
42639,1.0,0.0,0.5,none,True,True
42640,1.0,0.0,0.5,none,True,True
42641,1.0,0.0,0.5,none,True,True
42642,1.0,0.0,0.5,none,True,True
42643,1.0,0.0,0.5,none,True,True
42644,1.0,0.0,0.5,none,True,True
42645,1.0,0.0,0.5,none,True,True
42646,1.0,0.0,0.5,none,True,True
42647,1.0,0.0,0.5,none,True,True
42648,1.0,0.0,0.5,none,True,True
42649,1.0,0.0,0.5,none,True,True
42650,1.0,0.0,0.5,none,True,True
42651,1.0,0.0,0.5,none,True,True
42652,1.0,0.0,0.5,none,True,True
42653,1.0,0.0,0.5,none,True,True
42654,1.0,0.0,0.5,none,True,True
42655,1.0,0.0,0.5,none,True,True
42656,1.0,0.0,0.5,none,True,True
42657,1.0,0.0,0.5,none,True,True
42658,1.0,0.0,0.5,none,True,True
42659,1.0,0.0,0.5,none,True,True
42660,1.0,0.0,0.5,none,True,True
42661,1.0,0.0,0.5,none,True,True
42662,1.0,0.0,0.5,none,True,True
42663,1.0,0.0,0.5,none,True,True
42664,1.0,0.0,0.5,none,True,True
42665,1.0,0.0,0.5,none,True,True
42666,1.0,0.0,0.5,none,True,True
42667,1.0,0.0,0.5,none,True,True
42668,1.0,0.0,0.5,none,True,True
42669,1.0,0.0,0.5,none,True,True
42670,1.0,0.0,0.5,none,True,True
42671,1.0,0.0,0.5,none,True,True
42672,1.0,0.0,0.5,none,True,True
42673,1.0,0.0,0.5,none,True,True
42674,1.0,0.0,0.5,none,True,True
42675,1.0,0.0,0.5,none,True,True
42676,1.0,0.0,0.5,none,True,True
42677,1.0,0.0,0.5,none,True,True
42678,1.0,0.0,0.5,none,True,True
42679,1.0,0.0,0.5,none,True,True
42680,1.0,0.0,0.5,none,True,True
42681,1.0,0.0,0.5,none,True,True
42682,1.0,0.0,0.5,none,True,True
42683,1.0,0.0,0.5,none,True,True
42684,1.0,0.0,0.5,none,True,True
42685,1.0,0.0,0.5,none,True,True
42686,1.0,0.0,0.5,none,True,True
42687,1.0,0.0,0.5,none,True,True
42688,1.0,0.0,0.5,none,True,True
42689,1.0,0.0,0.5,none,True,True
42690,1.0,0.0,0.5,none,True,True
42691,1.0,0.0,0.5,none,True,True
42692,1.0,0.0,0.5,none,True,True
42693,1.0,0.0,0.5,none,True,True
42694,1.0,0.0,0.5,none,True,True
42695,1.0,0.0,0.5,none,True,True
42696,1.0,0.0,0.5,none,True,True
42697,1.0,0.0,0.5,none,True,True
42698,1.0,0.0,0.5,none,True,True
42699,1.0,0.0,0.5,none,True,True
42700,1.0,0.0061,0.5,none,True,True
42701,1.0,0.0357,0.5,none,True,True
42702,1.0,0.0812,0.5,none,True,True
42703,1.0,0.1113,0.5,none,True,True
42704,1.0,0.1253,0.5,none,True,True
42705,1.0,0.1408,0.5,none,True,True
42706,1.0,0.0907,0.5,none,True,True
42707,1.0,0.1198,0.5,none,True,True
42708,1.0,0.0467,0.5,none,True,True
42709,1.0,0.0522,0.5,none,True,True
42710,1.0,0.0405,0.5,none,True,True
42711,1.0,0.0313,0.5,none,True,True
42712,1.0,0.0083,0.5,none,True,True
42713,1.0,0.0726,0.5,none,True,True
42714,1.0,0.0793,0.5,none,True,True
42715,1.0,0.0581,0.5,none,True,True
42716,1.0,0.0955,0.5,none,True,True
42717,1.0,0.0839,0.5,none,True,True
42718,1.0,0.0648,0.5,none,True,True
42719,1.0,0.0718,0.5,none,True,True
42720,1.0,0.0589,0.5,none,True,True
42721,1.0,0.0403,0.5,none,True,True
42722,1.0,0.0327,0.5,none,True,True
42723,1.0,0.0277,0.5,none,True,True
42724,1.0,0.017,0.5,none,True,True
42725,1.0,0.0102,0.5,none,True,True
42726,1.0,0.0099,0.5,none,True,True
42727,1.0,0.008,0.5,none,True,True
42728,1.0,0.005,0.5,none,True,True
42729,1.0,0.0063,0.5,none,True,True
42730,1.0,0.009,0.5,none,True,True
42731,1.0,0.0096,0.5,none,True,True
42732,1.0,0.0108,0.5,none,True,True
42733,1.0,0.014,0.5,none,True,True
42734,1.0,0.0161,0.5,none,True,True
42735,1.0,0.0167,0.5,none,True,True
42736,1.0,0.0182,0.5,none,True,True
42737,1.0,0.0196,0.5,none,True,True
42738,1.0,0.0197,0.5,none,True,True
42739,1.0,0.0193,0.5,none,True,True
42740,1.0,0.0193,0.5,none,True,True
42741,1.0,0.0187,0.5,none,True,True
42742,1.0,0.0174,0.5,none,True,True
42743,1.0,0.0163,0.5,none,True,True
42744,1.0,0.0152,0.5,none,True,True
42745,1.0,0.0138,0.5,none,True,True
42746,1.0,0.0123,0.5,none,True,True
42747,1.0,0.0111,0.5,none,True,True
42748,1.0,0.01,0.5,none,True,True
42749,1.0,0.0088,0.5,none,True,True
42750,1.0,0.0078,0.5,none,True,True
42751,1.0,0.0071,0.5,none,True,True
42752,1.0,0.0064,0.5,none,True,True
42753,1.0,0.0057,0.5,none,True,True
42754,1.0,0.0053,0.5,none,True,True
42755,1.0,0.005,0.5,none,True,True
42756,1.0,0.0047,0.5,none,True,True
42757,1.0,0.0045,0.5,none,True,True
42758,1.0,0.0044,0.5,none,True,True
42759,1.0,0.0043,0.5,none,True,True
42760,1.0,0.0042,0.5,none,True,True
42761,1.0,0.0041,0.5,none,True,True
42762,1.0,0.004,0.5,none,True,True
42763,1.0,0.0039,0.5,none,True,True
42764,1.0,0.0038,0.5,none,True,True
42765,1.0,0.0037,0.5,none,True,True
42766,1.0,0.0035,0.5,none,True,True
42767,1.0,0.0033,0.5,none,True,True
42768,1.0,0.0032,0.5,none,True,True
42769,1.0,0.003,0.5,none,True,True
42770,1.0,0.0028,0.5,none,True,True
42771,1.0,0.0026,0.5,none,True,True
42772,1.0,0.0024,0.5,none,True,True
42773,1.0,0.0023,0.5,none,True,True
42774,1.0,0.0021,0.5,none,True,True
42775,1.0,0.0019,0.5,none,True,True
42776,1.0,0.0018,0.5,none,True,True
42777,1.0,0.0017,0.5,none,True,True
42778,1.0,0.0015,0.5,none,True,True
42779,1.0,0.0014,0.5,none,True,True
42780,1.0,0.0013,0.5,none,True,True
42781,1.0,0.0013,0.5,none,True,True
42782,1.0,0.0012,0.5,none,True,True
42783,1.0,0.0011,0.5,none,True,True
42784,1.0,0.0011,0.5,none,True,True
42785,1.0,0.001,0.5,none,True,True
42786,1.0,0.001,0.5,none,True,True
42787,1.0,0.0009,0.5,none,True,True
42788,1.0,0.0009,0.5,none,True,True
42789,1.0,0.0008,0.5,none,True,True
42790,1.0,0.0008,0.5,none,True,True
42791,1.0,0.0008,0.5,none,True,True
42792,1.0,0.0007,0.5,none,True,True
42793,1.0,0.0007,0.5,none,True,True
42794,1.0,0.0006,0.5,none,True,True
42795,1.0,0.0006,0.5,none,True,True
42796,1.0,0.0006,0.5,none,True,True
42797,1.0,0.0005,0.5,none,True,True
42798,1.0,0.0005,0.5,none,True,True
42799,1.0,0.0005,0.5,none,True,True
42800,1.0,0.0004,0.5,none,True,True
42801,1.0,0.0004,0.5,none,True,True
42802,1.0,0.0004,0.5,none,True,True
42803,1.0,0.0004,0.5,none,True,True
42804,1.0,0.0003,0.5,none,True,True
42805,1.0,0.0003,0.5,none,True,True
42806,1.0,0.0003,0.5,none,True,True
42807,1.0,0.0003,0.5,none,True,True
42808,1.0,0.0003,0.5,none,True,True
42809,1.0,0.0003,0.5,none,True,True
42810,1.0,0.0002,0.5,none,True,True
42811,1.0,0.0002,0.5,none,True,True
42812,1.0,0.0002,0.5,none,True,True
42813,1.0,0.0002,0.5,none,True,True
42814,1.0,0.0002,0.5,none,True,True
42815,1.0,0.0002,0.5,none,True,True
42816,1.0,0.0002,0.5,none,True,True
42817,1.0,0.0002,0.5,none,True,True
42818,1.0,0.0002,0.5,none,True,True
42819,1.0,0.0001,0.5,none,True,True
42820,1.0,0.0001,0.5,none,True,True
42821,1.0,0.0001,0.5,none,True,True
42822,1.0,0.0001,0.5,none,True,True
42823,1.0,0.0001,0.5,none,True,True
42824,1.0,0.0001,0.5,none,True,True
42825,1.0,0.0001,0.5,none,True,True
42826,1.0,0.0001,0.5,none,True,True
42827,1.0,0.0001,0.5,none,True,True
42828,1.0,0.0001,0.5,none,True,True
42829,1.0,0.0001,0.5,none,True,True
42830,1.0,0.0001,0.5,none,True,True
42831,1.0,0.0001,0.5,none,True,True
42832,1.0,0.0001,0.5,none,True,True
42833,1.0,0.0001,0.5,none,True,True
42834,1.0,0.0001,0.5,none,True,True
42835,1.0,0.0001,0.5,none,True,True
42836,1.0,0.0001,0.5,none,True,True
42837,1.0,0.0,0.5,none,True,True
42838,1.0,0.0,0.5,none,True,True
42839,1.0,0.0,0.5,none,True,True
42840,1.0,0.0,0.5,none,True,True
42841,1.0,0.0,0.5,none,True,True
42842,1.0,0.0,0.5,none,True,True
42843,1.0,0.0,0.5,none,True,True
42844,1.0,0.0,0.5,none,True,True
42845,1.0,0.0,0.5,none,True,True
42846,1.0,0.0,0.5,none,True,True
42847,1.0,0.0,0.5,none,True,True
42848,1.0,0.0,0.5,none,True,True
42849,1.0,0.0,0.5,none,True,True
42850,1.0,0.0,0.5,none,True,True
42851,1.0,0.0,0.5,none,True,True
42852,1.0,0.0,0.5,none,True,True
42853,1.0,0.0,0.5,none,True,True
42854,1.0,0.0,0.5,none,True,True
42855,1.0,0.0,0.5,none,True,True
42856,1.0,0.0,0.5,none,True,True
42857,1.0,0.0,0.5,none,True,True
42858,1.0,0.0,0.5,none,True,True
42859,1.0,0.0,0.5,none,True,True
42860,1.0,0.0,0.5,none,True,True
42861,1.0,0.0,0.5,none,True,True
42862,1.0,0.0,0.5,none,True,True
42863,1.0,0.0,0.5,none,True,True
42864,1.0,0.0,0.5,none,True,True
42865,1.0,0.0,0.5,none,True,True
42866,1.0,0.0,0.5,none,True,True
42867,1.0,0.0,0.5,none,True,True
42868,1.0,0.0,0.5,none,True,True
42869,1.0,0.0,0.5,none,True,True
42870,1.0,0.0,0.5,none,True,True
42871,1.0,0.0,0.5,none,True,True
42872,1.0,0.0,0.5,none,True,True
42873,1.0,0.0,0.5,none,True,True
42874,1.0,0.0,0.5,none,True,True
42875,1.0,0.0,0.5,none,True,True
42876,1.0,0.0,0.5,none,True,True
42877,1.0,0.0,0.5,none,True,True
42878,1.0,0.0,0.5,none,True,True
42879,1.0,0.0,0.5,none,True,True
42880,1.0,0.0,0.5,none,True,True
42881,1.0,0.0,0.5,none,True,True
42882,1.0,0.0,0.5,none,True,True
42883,1.0,0.0,0.5,none,True,True
42884,1.0,0.0,0.5,none,True,True
42885,1.0,0.0,0.5,none,True,True
42886,1.0,0.0,0.5,none,True,True
42887,1.0,0.0,0.5,none,True,True
42888,1.0,0.0,0.5,none,True,True
42889,1.0,0.0,0.5,none,True,True
42890,1.0,0.0,0.5,none,True,True
42891,1.0,0.0,0.5,none,True,True
42892,1.0,0.0,0.5,none,True,True
42893,1.0,0.0,0.5,none,True,True
42894,1.0,0.0,0.5,none,True,True
42895,1.0,0.0,0.5,none,True,True
42896,1.0,0.0,0.5,none,True,True
42897,1.0,0.0,0.5,none,True,True
42898,1.0,0.0,0.5,none,True,True
42899,1.0,0.0,0.5,none,True,True
42900,1.0,0.0,0.5,none,True,True
42901,1.0,0.0,0.5,none,True,True
42902,1.0,0.0,0.5,none,True,True
42903,1.0,0.0,0.5,none,True,True
42904,1.0,0.0,0.5,none,True,True
42905,1.0,0.0,0.5,none,True,True
42906,1.0,0.0,0.5,none,True,True
42907,1.0,0.0,0.5,none,True,True
42908,1.0,0.0,0.5,none,True,True
42909,1.0,0.0,0.5,none,True,True
42910,1.0,0.0,0.5,none,True,True
42911,1.0,0.0,0.5,none,True,True
42912,1.0,0.0,0.5,none,True,True
42913,1.0,0.0,0.5,none,True,True
42914,1.0,0.0,0.5,none,True,True
42915,1.0,0.0,0.5,none,True,True
42916,1.0,0.0,0.5,none,True,True
42917,1.0,0.0,0.5,none,True,True
42918,1.0,0.0,0.5,none,True,True
42919,1.0,0.0,0.5,none,True,True
42920,1.0,0.0,0.5,none,True,True
42921,1.0,0.0,0.5,none,True,True
42922,1.0,0.0,0.5,none,True,True
42923,1.0,0.0,0.5,none,True,True
42924,1.0,0.0,0.5,none,True,True
42925,1.0,0.0,0.5,none,True,True
42926,1.0,0.0,0.5,none,True,True
42927,1.0,0.0,0.5,none,True,True
42928,1.0,0.0,0.5,none,True,True
42929,1.0,0.0,0.5,none,True,True
42930,1.0,0.0,0.5,none,True,True
42931,1.0,0.0,0.5,none,True,True
42932,1.0,0.0,0.5,none,True,True
42933,1.0,0.0,0.5,none,True,True
42934,1.0,0.0,0.5,none,True,True
42935,1.0,0.0,0.5,none,True,True
42936,1.0,0.0,0.5,none,True,True
42937,1.0,0.0,0.5,none,True,True
42938,1.0,0.0,0.5,none,True,True
42939,1.0,0.0,0.5,none,True,True
42940,1.0,0.0,0.5,none,True,True
42941,1.0,0.0,0.5,none,True,True
42942,1.0,0.0,0.5,none,True,True
42943,1.0,0.0,0.5,none,True,True
42944,1.0,0.0,0.5,none,True,True
42945,1.0,0.0,0.5,none,True,True
42946,1.0,0.0,0.5,none,True,True
42947,1.0,0.0,0.5,none,True,True
42948,1.0,0.0,0.5,none,True,True
42949,1.0,0.0,0.5,none,True,True
42950,1.0,0.0,0.5,none,True,True
42951,1.0,0.0,0.5,none,True,True
42952,1.0,0.0,0.5,none,True,True
42953,1.0,0.0,0.5,none,True,True
42954,1.0,0.0,0.5,none,True,True
42955,1.0,0.0,0.5,none,True,True
42956,1.0,0.0,0.5,none,True,True
42957,1.0,0.0,0.5,none,True,True
42958,1.0,0.0,0.5,none,True,True
42959,1.0,0.0,0.5,none,True,True
42960,1.0,0.0,0.5,none,True,True
42961,1.0,0.0,0.5,none,True,True
42962,1.0,0.0,0.5,none,True,True
42963,1.0,0.0,0.5,none,True,True
42964,1.0,0.0,0.5,none,True,True
42965,1.0,0.0,0.5,none,True,True
42966,1.0,0.0,0.5,none,True,True
42967,1.0,0.0,0.5,none,True,True
42968,1.0,0.0,0.5,none,True,True
42969,1.0,0.0,0.5,none,True,True
42970,1.0,0.0,0.5,none,True,True
42971,1.0,0.0,0.5,none,True,True
42972,1.0,0.0,0.5,none,True,True
42973,1.0,0.0,0.5,none,True,True
42974,1.0,0.0,0.5,none,True,True
42975,1.0,0.0,0.5,none,True,True
42976,1.0,0.0,0.5,none,True,True
42977,1.0,0.0,0.5,none,True,True
42978,1.0,0.0,0.5,none,True,True
42979,1.0,0.0,0.5,none,True,True
42980,1.0,0.0,0.5,none,True,True
42981,1.0,0.0,0.5,none,True,True
42982,1.0,0.0,0.5,none,True,True
42983,1.0,0.0,0.5,none,True,True
42984,1.0,0.0,0.5,none,True,True
42985,1.0,0.0,0.5,none,True,True
42986,1.0,0.0,0.5,none,True,True
42987,1.0,0.0,0.5,none,True,True
42988,1.0,0.0,0.5,none,True,True
42989,1.0,0.0,0.5,none,True,True
42990,1.0,0.0,0.5,none,True,True
42991,1.0,0.0,0.5,none,True,True
42992,1.0,0.0,0.5,none,True,True
42993,1.0,0.0,0.5,none,True,True
42994,1.0,0.0,0.5,none,True,True
42995,1.0,0.0,0.5,none,True,True
42996,1.0,0.0,0.5,none,True,True
42997,1.0,0.0,0.5,none,True,True
42998,1.0,0.0,0.5,none,True,True
42999,1.0,0.0,0.5,none,True,True
43000,1.0,0.0,0.5,none,True,True
43001,1.0,0.0,0.5,none,True,True
43002,1.0,0.0,0.5,none,True,True
43003,1.0,0.0,0.5,none,True,True
43004,1.0,0.0,0.5,none,True,True
43005,1.0,0.0,0.5,none,True,True
43006,1.0,0.0,0.5,none,True,True
43007,1.0,0.0,0.5,none,True,True
43008,1.0,0.0,0.5,none,True,True
43009,1.0,0.0,0.5,none,True,True
43010,1.0,0.0,0.5,none,True,True
43011,1.0,0.0,0.5,none,True,True
43012,1.0,0.0,0.5,none,True,True
43013,1.0,0.0,0.5,none,True,True
43014,1.0,0.0,0.5,none,True,True
43015,1.0,0.0,0.5,none,True,True
43016,1.0,0.0,0.5,none,True,True
43017,1.0,0.0,0.5,none,True,True
43018,1.0,0.0,0.5,none,True,True
43019,1.0,0.0,0.5,none,True,True
43020,1.0,0.0,0.5,none,True,True
43021,1.0,0.0,0.5,none,True,True
43022,1.0,0.0,0.5,none,True,True
43023,1.0,0.0,0.5,none,True,True
43024,1.0,0.0,0.5,none,True,True
43025,1.0,0.0,0.5,none,True,True
43026,1.0,0.0,0.5,none,True,True
43027,1.0,0.0,0.5,none,True,True
43028,1.0,0.0,0.5,none,True,True
43029,1.0,0.0,0.5,none,True,True
43030,1.0,0.0,0.5,none,True,True
43031,1.0,0.0,0.5,none,True,True
43032,1.0,0.0,0.5,none,True,True
43033,1.0,0.0,0.5,none,True,True
43034,1.0,0.0,0.5,none,True,True
43035,1.0,0.0,0.5,none,True,True
43036,1.0,0.0,0.5,none,True,True
43037,1.0,0.0,0.5,none,True,True
43038,1.0,0.0,0.5,none,True,True
43039,1.0,0.0,0.5,none,True,True
43040,1.0,0.0,0.5,none,True,True
43041,1.0,0.0,0.5,none,True,True
43042,1.0,0.0,0.5,none,True,True
43043,1.0,0.0,0.5,none,True,True
43044,1.0,0.0,0.5,none,True,True
43045,1.0,0.0,0.5,none,True,True
43046,1.0,0.0,0.5,none,True,True
43047,1.0,0.0,0.5,none,True,True
43048,1.0,0.0,0.5,none,True,True
43049,1.0,0.0,0.5,none,True,True
43050,1.0,0.0,0.5,none,True,True
43051,1.0,0.0,0.5,none,True,True
43052,1.0,0.0,0.5,none,True,True
43053,1.0,0.0,0.5,none,True,True
43054,1.0,0.0,0.5,none,True,True
43055,1.0,0.0,0.5,none,True,True
43056,1.0,0.0,0.5,none,True,True
43057,1.0,0.0,0.5,none,True,True
43058,1.0,0.0,0.5,none,True,True
43059,1.0,0.0,0.5,none,True,True
43060,1.0,0.0,0.5,none,True,True
43061,1.0,0.0,0.5,none,True,True
43062,1.0,0.0,0.5,none,True,True
43063,1.0,0.0,0.5,none,True,True
43064,1.0,0.0,0.5,none,True,True
43065,1.0,0.0,0.5,none,True,True
43066,1.0,0.0,0.5,none,True,True
43067,1.0,0.0,0.5,none,True,True
43068,1.0,0.0,0.5,none,True,True
43069,1.0,0.0,0.5,none,True,True
43070,1.0,0.0,0.5,none,True,True
43071,1.0,0.0,0.5,none,True,True
43072,1.0,0.0,0.5,none,True,True
43073,1.0,0.0,0.5,none,True,True
43074,1.0,0.0,0.5,none,True,True
43075,1.0,0.0,0.5,none,True,True
43076,1.0,0.0,0.5,none,True,True
43077,1.0,0.0,0.5,none,True,True
43078,1.0,0.0,0.5,none,True,True
43079,1.0,0.0,0.5,none,True,True
43080,1.0,0.0,0.5,none,True,True
43081,1.0,0.0,0.5,none,True,True
43082,1.0,0.0,0.5,none,True,True
43083,1.0,0.0,0.5,none,True,True
43084,1.0,0.0,0.5,none,True,True
43085,1.0,0.0,0.5,none,True,True
43086,1.0,0.0,0.5,none,True,True
43087,1.0,0.0,0.5,none,True,True
43088,1.0,0.0,0.5,none,True,True
43089,1.0,0.0,0.5,none,True,True
43090,1.0,0.0,0.5,none,True,True
43091,1.0,0.0,0.5,none,True,True
43092,1.0,0.0,0.5,none,True,True
43093,1.0,0.0,0.5,none,True,True
43094,1.0,0.0,0.5,none,True,True
43095,1.0,0.0,0.5,none,True,True
43096,1.0,0.0,0.5,none,True,True
43097,1.0,0.0,0.5,none,True,True
43098,1.0,0.0,0.5,none,True,True
43099,1.0,0.0,0.5,none,True,True
43100,1.0,0.0,0.5,none,True,True
43101,1.0,0.0,0.5,none,True,True
43102,1.0,0.0,0.5,none,True,True
43103,1.0,0.0,0.5,none,True,True
43104,1.0,0.0,0.5,none,True,True
43105,1.0,0.0,0.5,none,True,True
43106,1.0,0.0,0.5,none,True,True
43107,1.0,0.0,0.5,none,True,True
43108,1.0,0.0,0.5,none,True,True
43109,1.0,0.0,0.5,none,True,True
43110,1.0,0.0,0.5,none,True,True
43111,1.0,0.0,0.5,none,True,True
43112,1.0,0.0,0.5,none,True,True
43113,1.0,0.0,0.5,none,True,True
43114,1.0,0.0,0.5,none,True,True
43115,1.0,0.0,0.5,none,True,True
43116,1.0,0.0,0.5,none,True,True
43117,1.0,0.0,0.5,none,True,True
43118,1.0,0.0,0.5,none,True,True
43119,1.0,0.0,0.5,none,True,True
43120,1.0,0.0,0.5,none,True,True
43121,1.0,0.0,0.5,none,True,True
43122,1.0,0.0,0.5,none,True,True
43123,1.0,0.0,0.5,none,True,True
43124,1.0,0.0,0.5,none,True,True
43125,1.0,0.0,0.5,none,True,True
43126,1.0,0.0,0.5,none,True,True
43127,1.0,0.0,0.5,none,True,True
43128,1.0,0.0,0.5,none,True,True
43129,1.0,0.0,0.5,none,True,True
43130,1.0,0.0,0.5,none,True,True
43131,1.0,0.0,0.5,none,True,True
43132,1.0,0.0,0.5,none,True,True
43133,1.0,0.0,0.5,none,True,True
43134,1.0,0.0,0.5,none,True,True
43135,1.0,0.0,0.5,none,True,True
43136,1.0,0.0,0.5,none,True,True
43137,1.0,0.0,0.5,none,True,True
43138,1.0,0.0,0.5,none,True,True
43139,1.0,0.0,0.5,none,True,True
43140,1.0,0.0,0.5,none,True,True
43141,1.0,0.0,0.5,none,True,True
43142,1.0,0.0,0.5,none,True,True
43143,1.0,0.0,0.5,none,True,True
43144,1.0,0.0,0.5,none,True,True
43145,1.0,0.0,0.5,none,True,True
43146,1.0,0.0,0.5,none,True,True
43147,1.0,0.0,0.5,none,True,True
43148,1.0,0.0,0.5,none,True,True
43149,1.0,0.0,0.5,none,True,True
43150,1.0,0.0,0.5,none,True,True
43151,1.0,0.0,0.5,none,True,True
43152,1.0,0.0,0.5,none,True,True
43153,1.0,0.0,0.5,none,True,True
43154,1.0,0.0,0.5,none,True,True
43155,1.0,0.0,0.5,none,True,True
43156,1.0,0.0,0.5,none,True,True
43157,1.0,0.0,0.5,none,True,True
43158,1.0,0.0,0.5,none,True,True
43159,1.0,0.0,0.5,none,True,True
43160,1.0,0.0,0.5,none,True,True
43161,1.0,0.0,0.5,none,True,True
43162,1.0,0.0,0.5,none,True,True
43163,1.0,0.0,0.5,none,True,True
43164,1.0,0.0,0.5,none,True,True
43165,1.0,0.0,0.5,none,True,True
43166,1.0,0.0,0.5,none,True,True
43167,1.0,0.0,0.5,none,True,True
43168,1.0,0.0,0.5,none,True,True
43169,1.0,0.0,0.5,none,True,True
43170,1.0,0.0,0.5,none,True,True
43171,1.0,0.0,0.5,none,True,True
43172,1.0,0.0,0.5,none,True,True
43173,1.0,0.0,0.5,none,True,True
43174,1.0,0.0,0.5,none,True,True
43175,1.0,0.0,0.5,none,True,True
43176,1.0,0.0,0.5,none,True,True
43177,1.0,0.0,0.5,none,True,True
43178,1.0,0.0,0.5,none,True,True
43179,1.0,0.0,0.5,none,True,True
43180,1.0,0.0,0.5,none,True,True
43181,1.0,0.0,0.5,none,True,True
43182,1.0,0.0,0.5,none,True,True
43183,1.0,0.0,0.5,none,True,True
43184,1.0,0.0,0.5,none,True,True
43185,1.0,0.0,0.5,none,True,True
43186,1.0,0.0,0.5,none,True,True
43187,1.0,0.0,0.5,none,True,True
43188,1.0,0.0,0.5,none,True,True
43189,1.0,0.0,0.5,none,True,True
43190,1.0,0.0,0.5,none,True,True
43191,1.0,0.0,0.5,none,True,True
43192,1.0,0.0,0.5,none,True,True
43193,1.0,0.0,0.5,none,True,True
43194,1.0,0.0,0.5,none,True,True
43195,1.0,0.0,0.5,none,True,True
43196,1.0,0.0,0.5,none,True,True
43197,1.0,0.0,0.5,none,True,True
43198,1.0,0.0,0.5,none,True,True
43199,1.0,0.0,0.5,none,True,True
43200,1.0,0.0,0.5,none,True,True
43201,1.0,0.0,0.5,none,True,True
43202,1.0,0.0,0.5,none,True,True
43203,1.0,0.0,0.5,none,True,True
43204,1.0,0.0,0.5,none,True,True
43205,1.0,0.0,0.5,none,True,True
43206,1.0,0.0,0.5,none,True,True
43207,1.0,0.0,0.5,none,True,True
43208,1.0,0.0,0.5,none,True,True
43209,1.0,0.0,0.5,none,True,True
43210,1.0,0.0,0.5,none,True,True
43211,1.0,0.0,0.5,none,True,True
43212,1.0,0.0,0.5,none,True,True
43213,1.0,0.0,0.5,none,True,True
43214,1.0,0.0,0.5,none,True,True
43215,1.0,0.0,0.5,none,True,True
43216,1.0,0.0,0.5,none,True,True
43217,1.0,0.0,0.5,none,True,True
43218,1.0,0.0,0.5,none,True,True
43219,1.0,0.0,0.5,none,True,True
43220,1.0,0.0,0.5,none,True,True
43221,1.0,0.0,0.5,none,True,True
43222,1.0,0.0,0.5,none,True,True
43223,1.0,0.0,0.5,none,True,True
43224,1.0,0.0,0.5,none,True,True
43225,1.0,0.0,0.5,none,True,True
43226,1.0,0.0,0.5,none,True,True
43227,1.0,0.0,0.5,none,True,True
43228,1.0,0.0,0.5,none,True,True
43229,1.0,0.0,0.5,none,True,True
43230,1.0,0.0,0.5,none,True,True
43231,1.0,0.0,0.5,none,True,True
43232,1.0,0.0,0.5,none,True,True
43233,1.0,0.0,0.5,none,True,True
43234,1.0,0.0,0.5,none,True,True
43235,1.0,0.0,0.5,none,True,True
43236,1.0,0.0,0.5,none,True,True
43237,1.0,0.0,0.5,none,True,True
43238,1.0,0.0,0.5,none,True,True
43239,1.0,0.0,0.5,none,True,True
43240,1.0,0.0,0.5,none,True,True
43241,1.0,0.0,0.5,none,True,True
43242,1.0,0.0,0.5,none,True,True
43243,1.0,0.0,0.5,none,True,True
43244,1.0,0.0,0.5,none,True,True
43245,1.0,0.0,0.5,none,True,True
43246,1.0,0.0,0.5,none,True,True
43247,1.0,0.0,0.5,none,True,True
43248,1.0,0.0,0.5,none,True,True
43249,1.0,0.0,0.5,none,True,True
43250,1.0,0.0,0.5,none,True,True
43251,1.0,0.0,0.5,none,True,True
43252,1.0,0.0,0.5,none,True,True
43253,1.0,0.0,0.5,none,True,True
43254,1.0,0.0,0.5,none,True,True
43255,1.0,0.0,0.5,none,True,True
43256,1.0,0.0,0.5,none,True,True
43257,1.0,0.0,0.5,none,True,True
43258,1.0,0.0,0.5,none,True,True
43259,1.0,0.0,0.5,none,True,True
43260,1.0,0.0,0.5,none,True,True
43261,1.0,0.0,0.5,none,True,True
43262,1.0,0.0,0.5,none,True,True
43263,1.0,0.0,0.5,none,True,True
43264,1.0,0.0,0.5,none,True,True
43265,1.0,0.0,0.5,none,True,True
43266,1.0,0.0,0.5,none,True,True
43267,1.0,0.0,0.5,none,True,True
43268,1.0,0.0,0.5,none,True,True
43269,1.0,0.0,0.5,none,True,True
43270,1.0,0.0,0.5,none,True,True
43271,1.0,0.0,0.5,none,True,True
43272,1.0,0.0,0.5,none,True,True
43273,1.0,0.0,0.5,none,True,True
43274,1.0,0.0,0.5,none,True,True
43275,1.0,0.0,0.5,none,True,True
43276,1.0,0.0,0.5,none,True,True
43277,1.0,0.0,0.5,none,True,True
43278,1.0,0.0,0.5,none,True,True
43279,1.0,0.0,0.5,none,True,True
43280,1.0,0.0,0.5,none,True,True
43281,1.0,0.0,0.5,none,True,True
43282,1.0,0.0,0.5,none,True,True
43283,1.0,0.0,0.5,none,True,True
43284,1.0,0.0,0.5,none,True,True
43285,1.0,0.0,0.5,none,True,True
43286,1.0,0.0,0.5,none,True,True
43287,1.0,0.0,0.5,none,True,True
43288,1.0,0.0,0.5,none,True,True
43289,1.0,0.0,0.5,none,True,True
43290,1.0,0.0,0.5,none,True,True
43291,1.0,0.0,0.5,none,True,True
43292,1.0,0.0,0.5,none,True,True
43293,1.0,0.0,0.5,none,True,True
43294,1.0,0.0,0.5,none,True,True
43295,1.0,0.0,0.5,none,True,True
43296,1.0,0.0,0.5,none,True,True
43297,1.0,0.0,0.5,none,True,True
43298,1.0,0.0,0.5,none,True,True
43299,1.0,0.0,0.5,none,True,True
43300,1.0,0.0,0.5,none,True,True
43301,1.0,0.0,0.5,none,True,True
43302,1.0,0.0,0.5,none,True,True
43303,1.0,0.0,0.5,none,True,True
43304,1.0,0.0,0.5,none,True,True
43305,1.0,0.0,0.5,none,True,True
43306,1.0,0.0,0.5,none,True,True
43307,1.0,0.0,0.5,none,True,True
43308,1.0,0.0,0.5,none,True,True
43309,1.0,0.0,0.5,none,True,True
43310,1.0,0.0,0.5,none,True,True
43311,1.0,0.0,0.5,none,True,True
43312,1.0,0.0,0.5,none,True,True
43313,1.0,0.0,0.5,none,True,True
43314,1.0,0.0,0.5,none,True,True
43315,1.0,0.0,0.5,none,True,True
43316,1.0,0.0,0.5,none,True,True
43317,1.0,0.0,0.5,none,True,True
43318,1.0,0.0,0.5,none,True,True
43319,1.0,0.0,0.5,none,True,True
43320,1.0,0.0,0.5,none,True,True
43321,1.0,0.0,0.5,none,True,True
43322,1.0,0.0,0.5,none,True,True
43323,1.0,0.0,0.5,none,True,True
43324,1.0,0.0,0.5,none,True,True
43325,1.0,0.0,0.5,none,True,True
43326,1.0,0.0,0.5,none,True,True
43327,1.0,0.0,0.5,none,True,True
43328,1.0,0.0,0.5,none,True,True
43329,1.0,0.0,0.5,none,True,True
43330,1.0,0.0,0.5,none,True,True
43331,1.0,0.0,0.5,none,True,True
43332,1.0,0.0,0.5,none,True,True
43333,1.0,0.0,0.5,none,True,True
43334,1.0,0.0,0.5,none,True,True
43335,1.0,0.0,0.5,none,True,True
43336,1.0,0.0,0.5,none,True,True
43337,1.0,0.0,0.5,none,True,True
43338,1.0,0.0,0.5,none,True,True
43339,1.0,0.0,0.5,none,True,True
43340,1.0,0.0,0.5,none,True,True
43341,1.0,0.0,0.5,none,True,True
43342,1.0,0.0,0.5,none,True,True
43343,1.0,0.0,0.5,none,True,True
43344,1.0,0.0,0.5,none,True,True
43345,1.0,0.0,0.5,none,True,True
43346,1.0,0.0,0.5,none,True,True
43347,1.0,0.0,0.5,none,True,True
43348,1.0,0.0,0.5,none,True,True
43349,1.0,0.0,0.5,none,True,True
43350,1.0,0.0,0.5,none,True,True
43351,1.0,0.0,0.5,none,True,True
43352,1.0,0.0,0.5,none,True,True
43353,1.0,0.0,0.5,none,True,True
43354,1.0,0.0,0.5,none,True,True
43355,1.0,0.0,0.5,none,True,True
43356,1.0,0.0,0.5,none,True,True
43357,1.0,0.0,0.5,none,True,True
43358,1.0,0.0,0.5,none,True,True
43359,1.0,0.0,0.5,none,True,True
43360,1.0,0.0,0.5,none,True,True
43361,1.0,0.0,0.5,none,True,True
43362,1.0,0.0,0.5,none,True,True
43363,1.0,0.0,0.5,none,True,True
43364,1.0,0.0,0.5,none,True,True
43365,1.0,0.0,0.5,none,True,True
43366,1.0,0.0,0.5,none,True,True
43367,1.0,0.0,0.5,none,True,True
43368,1.0,0.0,0.5,none,True,True
43369,1.0,0.0,0.5,none,True,True
43370,1.0,0.0,0.5,none,True,True
43371,1.0,0.0,0.5,none,True,True
43372,1.0,0.0,0.5,none,True,True
43373,1.0,0.0,0.5,none,True,True
43374,1.0,0.0,0.5,none,True,True
43375,1.0,0.0,0.5,none,True,True
43376,1.0,0.0,0.5,none,True,True
43377,1.0,0.0,0.5,none,True,True
43378,1.0,0.0,0.5,none,True,True
43379,1.0,0.0,0.5,none,True,True
43380,1.0,0.0,0.5,none,True,True
43381,1.0,0.0,0.5,none,True,True
43382,1.0,0.0,0.5,none,True,True
43383,1.0,0.0,0.5,none,True,True
43384,1.0,0.0,0.5,none,True,True
43385,1.0,0.0,0.5,none,True,True
43386,1.0,0.0,0.5,none,True,True
43387,1.0,0.0,0.5,none,True,True
43388,1.0,0.0,0.5,none,True,True
43389,1.0,0.0,0.5,none,True,True
43390,1.0,0.0,0.5,none,True,True
43391,1.0,0.0,0.5,none,True,True
43392,1.0,0.0,0.5,none,True,True
43393,1.0,0.0,0.5,none,True,True
43394,1.0,0.0,0.5,none,True,True
43395,1.0,0.0,0.5,none,True,True
43396,1.0,0.0,0.5,none,True,True
43397,1.0,0.0,0.5,none,True,True
43398,1.0,0.0,0.5,none,True,True
43399,1.0,0.0,0.5,none,True,True
43400,1.0,0.0061,0.5,none,True,True
43401,1.0,0.0357,0.5,none,True,True
43402,1.0,0.0812,0.5,none,True,True
43403,1.0,0.1113,0.5,none,True,True
43404,1.0,0.1253,0.5,none,True,True
43405,1.0,0.1408,0.5,none,True,True
43406,1.0,0.0907,0.5,none,True,True
43407,1.0,0.1198,0.5,none,True,True
43408,1.0,0.0467,0.5,none,True,True
43409,1.0,0.0522,0.5,none,True,True
43410,1.0,0.0405,0.5,none,True,True
43411,1.0,0.0313,0.5,none,True,True
43412,1.0,0.0083,0.5,none,True,True
43413,1.0,0.0726,0.5,none,True,True
43414,1.0,0.0793,0.5,none,True,True
43415,1.0,0.0581,0.5,none,True,True
43416,1.0,0.0955,0.5,none,True,True
43417,1.0,0.0839,0.5,none,True,True
43418,1.0,0.0648,0.5,none,True,True
43419,1.0,0.0718,0.5,none,True,True
43420,1.0,0.0589,0.5,none,True,True
43421,1.0,0.0403,0.5,none,True,True
43422,1.0,0.0327,0.5,none,True,True
43423,1.0,0.0277,0.5,none,True,True
43424,1.0,0.017,0.5,none,True,True
43425,1.0,0.0102,0.5,none,True,True
43426,1.0,0.0099,0.5,none,True,True
43427,1.0,0.008,0.5,none,True,True
43428,1.0,0.005,0.5,none,True,True
43429,1.0,0.0063,0.5,none,True,True
43430,1.0,0.009,0.5,none,True,True
43431,1.0,0.0096,0.5,none,True,True
43432,1.0,0.0108,0.5,none,True,True
43433,1.0,0.014,0.5,none,True,True
43434,1.0,0.0161,0.5,none,True,True
43435,1.0,0.0167,0.5,none,True,True
43436,1.0,0.0182,0.5,none,True,True
43437,1.0,0.0196,0.5,none,True,True
43438,1.0,0.0197,0.5,none,True,True
43439,1.0,0.0193,0.5,none,True,True
43440,1.0,0.0193,0.5,none,True,True
43441,1.0,0.0187,0.5,none,True,True
43442,1.0,0.0174,0.5,none,True,True
43443,1.0,0.0163,0.5,none,True,True
43444,1.0,0.0152,0.5,none,True,True
43445,1.0,0.0138,0.5,none,True,True
43446,1.0,0.0123,0.5,none,True,True
43447,1.0,0.0111,0.5,none,True,True
43448,1.0,0.01,0.5,none,True,True
43449,1.0,0.0088,0.5,none,True,True
43450,1.0,0.0078,0.5,none,True,True
43451,1.0,0.0071,0.5,none,True,True
43452,1.0,0.0064,0.5,none,True,True
43453,1.0,0.0057,0.5,none,True,True
43454,1.0,0.0053,0.5,none,True,True
43455,1.0,0.005,0.5,none,True,True
43456,1.0,0.0047,0.5,none,True,True
43457,1.0,0.0045,0.5,none,True,True
43458,1.0,0.0044,0.5,none,True,True
43459,1.0,0.0043,0.5,none,True,True
43460,1.0,0.0042,0.5,none,True,True
43461,1.0,0.0041,0.5,none,True,True
43462,1.0,0.004,0.5,none,True,True
43463,1.0,0.0039,0.5,none,True,True
43464,1.0,0.0038,0.5,none,True,True
43465,1.0,0.0037,0.5,none,True,True
43466,1.0,0.0035,0.5,none,True,True
43467,1.0,0.0033,0.5,none,True,True
43468,1.0,0.0032,0.5,none,True,True
43469,1.0,0.003,0.5,none,True,True
43470,1.0,0.0028,0.5,none,True,True
43471,1.0,0.0026,0.5,none,True,True
43472,1.0,0.0024,0.5,none,True,True
43473,1.0,0.0023,0.5,none,True,True
43474,1.0,0.0021,0.5,none,True,True
43475,1.0,0.0019,0.5,none,True,True
43476,1.0,0.0018,0.5,none,True,True
43477,1.0,0.0017,0.5,none,True,True
43478,1.0,0.0015,0.5,none,True,True
43479,1.0,0.0014,0.5,none,True,True
43480,1.0,0.0013,0.5,none,True,True
43481,1.0,0.0013,0.5,none,True,True
43482,1.0,0.0012,0.5,none,True,True
43483,1.0,0.0011,0.5,none,True,True
43484,1.0,0.0011,0.5,none,True,True
43485,1.0,0.001,0.5,none,True,True
43486,1.0,0.001,0.5,none,True,True
43487,1.0,0.0009,0.5,none,True,True
43488,1.0,0.0009,0.5,none,True,True
43489,1.0,0.0008,0.5,none,True,True
43490,1.0,0.0008,0.5,none,True,True
43491,1.0,0.0008,0.5,none,True,True
43492,1.0,0.0007,0.5,none,True,True
43493,1.0,0.0007,0.5,none,True,True
43494,1.0,0.0006,0.5,none,True,True
43495,1.0,0.0006,0.5,none,True,True
43496,1.0,0.0006,0.5,none,True,True
43497,1.0,0.0005,0.5,none,True,True
43498,1.0,0.0005,0.5,none,True,True
43499,1.0,0.0005,0.5,none,True,True
43500,1.0,0.0004,0.5,none,True,True
43501,1.0,0.0004,0.5,none,True,True
43502,1.0,0.0004,0.5,none,True,True
43503,1.0,0.0004,0.5,none,True,True
43504,1.0,0.0003,0.5,none,True,True
43505,1.0,0.0003,0.5,none,True,True
43506,1.0,0.0003,0.5,none,True,True
43507,1.0,0.0003,0.5,none,True,True
43508,1.0,0.0003,0.5,none,True,True
43509,1.0,0.0003,0.5,none,True,True
43510,1.0,0.0002,0.5,none,True,True
43511,1.0,0.0002,0.5,none,True,True
43512,1.0,0.0002,0.5,none,True,True
43513,1.0,0.0002,0.5,none,True,True
43514,1.0,0.0002,0.5,none,True,True
43515,1.0,0.0002,0.5,none,True,True
43516,1.0,0.0002,0.5,none,True,True
43517,1.0,0.0002,0.5,none,True,True
43518,1.0,0.0002,0.5,none,True,True
43519,1.0,0.0001,0.5,none,True,True
43520,1.0,0.0001,0.5,none,True,True
43521,1.0,0.0001,0.5,none,True,True
43522,1.0,0.0001,0.5,none,True,True
43523,1.0,0.0001,0.5,none,True,True
43524,1.0,0.0001,0.5,none,True,True
43525,1.0,0.0001,0.5,none,True,True
43526,1.0,0.0001,0.5,none,True,True
43527,1.0,0.0001,0.5,none,True,True
43528,1.0,0.0001,0.5,none,True,True
43529,1.0,0.0001,0.5,none,True,True
43530,1.0,0.0001,0.5,none,True,True
43531,1.0,0.0001,0.5,none,True,True
43532,1.0,0.0001,0.5,none,True,True
43533,1.0,0.0001,0.5,none,True,True
43534,1.0,0.0001,0.5,none,True,True
43535,1.0,0.0001,0.5,none,True,True
43536,1.0,0.0001,0.5,none,True,True
43537,1.0,0.0,0.5,none,True,True
43538,1.0,0.0,0.5,none,True,True
43539,1.0,0.0,0.5,none,True,True
43540,1.0,0.0,0.5,none,True,True
43541,1.0,0.0,0.5,none,True,True
43542,1.0,0.0,0.5,none,True,True
43543,1.0,0.0,0.5,none,True,True
43544,1.0,0.0,0.5,none,True,True
43545,1.0,0.0,0.5,none,True,True
43546,1.0,0.0,0.5,none,True,True
43547,1.0,0.0,0.5,none,True,True
43548,1.0,0.0,0.5,none,True,True
43549,1.0,0.0,0.5,none,True,True
43550,1.0,0.0,0.5,none,True,True
43551,1.0,0.0,0.5,none,True,True
43552,1.0,0.0,0.5,none,True,True
43553,1.0,0.0,0.5,none,True,True
43554,1.0,0.0,0.5,none,True,True
43555,1.0,0.0,0.5,none,True,True
43556,1.0,0.0,0.5,none,True,True
43557,1.0,0.0,0.5,none,True,True
43558,1.0,0.0,0.5,none,True,True
43559,1.0,0.0,0.5,none,True,True
43560,1.0,0.0,0.5,none,True,True
43561,1.0,0.0,0.5,none,True,True
43562,1.0,0.0,0.5,none,True,True
43563,1.0,0.0,0.5,none,True,True
43564,1.0,0.0,0.5,none,True,True
43565,1.0,0.0,0.5,none,True,True
43566,1.0,0.0,0.5,none,True,True
43567,1.0,0.0,0.5,none,True,True
43568,1.0,0.0,0.5,none,True,True
43569,1.0,0.0,0.5,none,True,True
43570,1.0,0.0,0.5,none,True,True
43571,1.0,0.0,0.5,none,True,True
43572,1.0,0.0,0.5,none,True,True
43573,1.0,0.0,0.5,none,True,True
43574,1.0,0.0,0.5,none,True,True
43575,1.0,0.0,0.5,none,True,True
43576,1.0,0.0,0.5,none,True,True
43577,1.0,0.0,0.5,none,True,True
43578,1.0,0.0,0.5,none,True,True
43579,1.0,0.0,0.5,none,True,True
43580,1.0,0.0,0.5,none,True,True
43581,1.0,0.0,0.5,none,True,True
43582,1.0,0.0,0.5,none,True,True
43583,1.0,0.0,0.5,none,True,True
43584,1.0,0.0,0.5,none,True,True
43585,1.0,0.0,0.5,none,True,True
43586,1.0,0.0,0.5,none,True,True
43587,1.0,0.0,0.5,none,True,True
43588,1.0,0.0,0.5,none,True,True
43589,1.0,0.0,0.5,none,True,True
43590,1.0,0.0,0.5,none,True,True
43591,1.0,0.0,0.5,none,True,True
43592,1.0,0.0,0.5,none,True,True
43593,1.0,0.0,0.5,none,True,True
43594,1.0,0.0,0.5,none,True,True
43595,1.0,0.0,0.5,none,True,True
43596,1.0,0.0,0.5,none,True,True
43597,1.0,0.0,0.5,none,True,True
43598,1.0,0.0,0.5,none,True,True
43599,1.0,0.0,0.5,none,True,True
43600,1.0,0.0,0.5,none,True,True
43601,1.0,0.0,0.5,none,True,True
43602,1.0,0.0,0.5,none,True,True
43603,1.0,0.0,0.5,none,True,True
43604,1.0,0.0,0.5,none,True,True
43605,1.0,0.0,0.5,none,True,True
43606,1.0,0.0,0.5,none,True,True
43607,1.0,0.0,0.5,none,True,True
43608,1.0,0.0,0.5,none,True,True
43609,1.0,0.0,0.5,none,True,True
43610,1.0,0.0,0.5,none,True,True
43611,1.0,0.0,0.5,none,True,True
43612,1.0,0.0,0.5,none,True,True
43613,1.0,0.0,0.5,none,True,True
43614,1.0,0.0,0.5,none,True,True
43615,1.0,0.0,0.5,none,True,True
43616,1.0,0.0,0.5,none,True,True
43617,1.0,0.0,0.5,none,True,True
43618,1.0,0.0,0.5,none,True,True
43619,1.0,0.0,0.5,none,True,True
43620,1.0,0.0,0.5,none,True,True
43621,1.0,0.0,0.5,none,True,True
43622,1.0,0.0,0.5,none,True,True
43623,1.0,0.0,0.5,none,True,True
43624,1.0,0.0,0.5,none,True,True
43625,1.0,0.0,0.5,none,True,True
43626,1.0,0.0,0.5,none,True,True
43627,1.0,0.0,0.5,none,True,True
43628,1.0,0.0,0.5,none,True,True
43629,1.0,0.0,0.5,none,True,True
43630,1.0,0.0,0.5,none,True,True
43631,1.0,0.0,0.5,none,True,True
43632,1.0,0.0,0.5,none,True,True
43633,1.0,0.0,0.5,none,True,True
43634,1.0,0.0,0.5,none,True,True
43635,1.0,0.0,0.5,none,True,True
43636,1.0,0.0,0.5,none,True,True
43637,1.0,0.0,0.5,none,True,True
43638,1.0,0.0,0.5,none,True,True
43639,1.0,0.0,0.5,none,True,True
43640,1.0,0.0,0.5,none,True,True
43641,1.0,0.0,0.5,none,True,True
43642,1.0,0.0,0.5,none,True,True
43643,1.0,0.0,0.5,none,True,True
43644,1.0,0.0,0.5,none,True,True
43645,1.0,0.0,0.5,none,True,True
43646,1.0,0.0,0.5,none,True,True
43647,1.0,0.0,0.5,none,True,True
43648,1.0,0.0,0.5,none,True,True
43649,1.0,0.0,0.5,none,True,True
43650,1.0,0.0,0.5,none,True,True
43651,1.0,0.0,0.5,none,True,True
43652,1.0,0.0,0.5,none,True,True
43653,1.0,0.0,0.5,none,True,True
43654,1.0,0.0,0.5,none,True,True
43655,1.0,0.0,0.5,none,True,True
43656,1.0,0.0,0.5,none,True,True
43657,1.0,0.0,0.5,none,True,True
43658,1.0,0.0,0.5,none,True,True
43659,1.0,0.0,0.5,none,True,True
43660,1.0,0.0,0.5,none,True,True
43661,1.0,0.0,0.5,none,True,True
43662,1.0,0.0,0.5,none,True,True
43663,1.0,0.0,0.5,none,True,True
43664,1.0,0.0,0.5,none,True,True
43665,1.0,0.0,0.5,none,True,True
43666,1.0,0.0,0.5,none,True,True
43667,1.0,0.0,0.5,none,True,True
43668,1.0,0.0,0.5,none,True,True
43669,1.0,0.0,0.5,none,True,True
43670,1.0,0.0,0.5,none,True,True
43671,1.0,0.0,0.5,none,True,True
43672,1.0,0.0,0.5,none,True,True
43673,1.0,0.0,0.5,none,True,True
43674,1.0,0.0,0.5,none,True,True
43675,1.0,0.0,0.5,none,True,True
43676,1.0,0.0,0.5,none,True,True
43677,1.0,0.0,0.5,none,True,True
43678,1.0,0.0,0.5,none,True,True
43679,1.0,0.0,0.5,none,True,True
43680,1.0,0.0,0.5,none,True,True
43681,1.0,0.0,0.5,none,True,True
43682,1.0,0.0,0.5,none,True,True
43683,1.0,0.0,0.5,none,True,True
43684,1.0,0.0,0.5,none,True,True
43685,1.0,0.0,0.5,none,True,True
43686,1.0,0.0,0.5,none,True,True
43687,1.0,0.0,0.5,none,True,True
43688,1.0,0.0,0.5,none,True,True
43689,1.0,0.0,0.5,none,True,True
43690,1.0,0.0,0.5,none,True,True
43691,1.0,0.0,0.5,none,True,True
43692,1.0,0.0,0.5,none,True,True
43693,1.0,0.0,0.5,none,True,True
43694,1.0,0.0,0.5,none,True,True
43695,1.0,0.0,0.5,none,True,True
43696,1.0,0.0,0.5,none,True,True
43697,1.0,0.0,0.5,none,True,True
43698,1.0,0.0,0.5,none,True,True
43699,1.0,0.0,0.5,none,True,True
43700,1.0,0.0,0.5,none,True,True
43701,1.0,0.0,0.5,none,True,True
43702,1.0,0.0,0.5,none,True,True
43703,1.0,0.0,0.5,none,True,True
43704,1.0,0.0,0.5,none,True,True
43705,1.0,0.0,0.5,none,True,True
43706,1.0,0.0,0.5,none,True,True
43707,1.0,0.0,0.5,none,True,True
43708,1.0,0.0,0.5,none,True,True
43709,1.0,0.0,0.5,none,True,True
43710,1.0,0.0,0.5,none,True,True
43711,1.0,0.0,0.5,none,True,True
43712,1.0,0.0,0.5,none,True,True
43713,1.0,0.0,0.5,none,True,True
43714,1.0,0.0,0.5,none,True,True
43715,1.0,0.0,0.5,none,True,True
43716,1.0,0.0,0.5,none,True,True
43717,1.0,0.0,0.5,none,True,True
43718,1.0,0.0,0.5,none,True,True
43719,1.0,0.0,0.5,none,True,True
43720,1.0,0.0,0.5,none,True,True
43721,1.0,0.0,0.5,none,True,True
43722,1.0,0.0,0.5,none,True,True
43723,1.0,0.0,0.5,none,True,True
43724,1.0,0.0,0.5,none,True,True
43725,1.0,0.0,0.5,none,True,True
43726,1.0,0.0,0.5,none,True,True
43727,1.0,0.0,0.5,none,True,True
43728,1.0,0.0,0.5,none,True,True
43729,1.0,0.0,0.5,none,True,True
43730,1.0,0.0,0.5,none,True,True
43731,1.0,0.0,0.5,none,True,True
43732,1.0,0.0,0.5,none,True,True
43733,1.0,0.0,0.5,none,True,True
43734,1.0,0.0,0.5,none,True,True
43735,1.0,0.0,0.5,none,True,True
43736,1.0,0.0,0.5,none,True,True
43737,1.0,0.0,0.5,none,True,True
43738,1.0,0.0,0.5,none,True,True
43739,1.0,0.0,0.5,none,True,True
43740,1.0,0.0,0.5,none,True,True
43741,1.0,0.0,0.5,none,True,True
43742,1.0,0.0,0.5,none,True,True
43743,1.0,0.0,0.5,none,True,True
43744,1.0,0.0,0.5,none,True,True
43745,1.0,0.0,0.5,none,True,True
43746,1.0,0.0,0.5,none,True,True
43747,1.0,0.0,0.5,none,True,True
43748,1.0,0.0,0.5,none,True,True
43749,1.0,0.0,0.5,none,True,True
43750,1.0,0.0,0.5,none,True,True
43751,1.0,0.0,0.5,none,True,True
43752,1.0,0.0,0.5,none,True,True
43753,1.0,0.0,0.5,none,True,True
43754,1.0,0.0,0.5,none,True,True
43755,1.0,0.0,0.5,none,True,True
43756,1.0,0.0,0.5,none,True,True
43757,1.0,0.0,0.5,none,True,True
43758,1.0,0.0,0.5,none,True,True
43759,1.0,0.0,0.5,none,True,True
43760,1.0,0.0,0.5,none,True,True
43761,1.0,0.0,0.5,none,True,True
43762,1.0,0.0,0.5,none,True,True
43763,1.0,0.0,0.5,none,True,True
43764,1.0,0.0,0.5,none,True,True
43765,1.0,0.0,0.5,none,True,True
43766,1.0,0.0,0.5,none,True,True
43767,1.0,0.0,0.5,none,True,True
43768,1.0,0.0,0.5,none,True,True
43769,1.0,0.0,0.5,none,True,True
43770,1.0,0.0,0.5,none,True,True
43771,1.0,0.0,0.5,none,True,True
43772,1.0,0.0,0.5,none,True,True
43773,1.0,0.0,0.5,none,True,True
43774,1.0,0.0,0.5,none,True,True
43775,1.0,0.0,0.5,none,True,True
43776,1.0,0.0,0.5,none,True,True
43777,1.0,0.0,0.5,none,True,True
43778,1.0,0.0,0.5,none,True,True
43779,1.0,0.0,0.5,none,True,True
43780,1.0,0.0,0.5,none,True,True
43781,1.0,0.0,0.5,none,True,True
43782,1.0,0.0,0.5,none,True,True
43783,1.0,0.0,0.5,none,True,True
43784,1.0,0.0,0.5,none,True,True
43785,1.0,0.0,0.5,none,True,True
43786,1.0,0.0,0.5,none,True,True
43787,1.0,0.0,0.5,none,True,True
43788,1.0,0.0,0.5,none,True,True
43789,1.0,0.0,0.5,none,True,True
43790,1.0,0.0,0.5,none,True,True
43791,1.0,0.0,0.5,none,True,True
43792,1.0,0.0,0.5,none,True,True
43793,1.0,0.0,0.5,none,True,True
43794,1.0,0.0,0.5,none,True,True
43795,1.0,0.0,0.5,none,True,True
43796,1.0,0.0,0.5,none,True,True
43797,1.0,0.0,0.5,none,True,True
43798,1.0,0.0,0.5,none,True,True
43799,1.0,0.0,0.5,none,True,True
43800,1.0,0.0,0.5,none,True,True
43801,1.0,0.0,0.5,none,True,True
43802,1.0,0.0,0.5,none,True,True
43803,1.0,0.0,0.5,none,True,True
43804,1.0,0.0,0.5,none,True,True
43805,1.0,0.0,0.5,none,True,True
43806,1.0,0.0,0.5,none,True,True
43807,1.0,0.0,0.5,none,True,True
43808,1.0,0.0,0.5,none,True,True
43809,1.0,0.0,0.5,none,True,True
43810,1.0,0.0,0.5,none,True,True
43811,1.0,0.0,0.5,none,True,True
43812,1.0,0.0,0.5,none,True,True
43813,1.0,0.0,0.5,none,True,True
43814,1.0,0.0,0.5,none,True,True
43815,1.0,0.0,0.5,none,True,True
43816,1.0,0.0,0.5,none,True,True
43817,1.0,0.0,0.5,none,True,True
43818,1.0,0.0,0.5,none,True,True
43819,1.0,0.0,0.5,none,True,True
43820,1.0,0.0,0.5,none,True,True
43821,1.0,0.0,0.5,none,True,True
43822,1.0,0.0,0.5,none,True,True
43823,1.0,0.0,0.5,none,True,True
43824,1.0,0.0,0.5,none,True,True
43825,1.0,0.0,0.5,none,True,True
43826,1.0,0.0,0.5,none,True,True
43827,1.0,0.0,0.5,none,True,True
43828,1.0,0.0,0.5,none,True,True
43829,1.0,0.0,0.5,none,True,True
43830,1.0,0.0,0.5,none,True,True
43831,1.0,0.0,0.5,none,True,True
43832,1.0,0.0,0.5,none,True,True
43833,1.0,0.0,0.5,none,True,True
43834,1.0,0.0,0.5,none,True,True
43835,1.0,0.0,0.5,none,True,True
43836,1.0,0.0,0.5,none,True,True
43837,1.0,0.0,0.5,none,True,True
43838,1.0,0.0,0.5,none,True,True
43839,1.0,0.0,0.5,none,True,True
43840,1.0,0.0,0.5,none,True,True
43841,1.0,0.0,0.5,none,True,True
43842,1.0,0.0,0.5,none,True,True
43843,1.0,0.0,0.5,none,True,True
43844,1.0,0.0,0.5,none,True,True
43845,1.0,0.0,0.5,none,True,True
43846,1.0,0.0,0.5,none,True,True
43847,1.0,0.0,0.5,none,True,True
43848,1.0,0.0,0.5,none,True,True
43849,1.0,0.0,0.5,none,True,True
43850,1.0,0.0,0.5,none,True,True
43851,1.0,0.0,0.5,none,True,True
43852,1.0,0.0,0.5,none,True,True
43853,1.0,0.0,0.5,none,True,True
43854,1.0,0.0,0.5,none,True,True
43855,1.0,0.0,0.5,none,True,True
43856,1.0,0.0,0.5,none,True,True
43857,1.0,0.0,0.5,none,True,True
43858,1.0,0.0,0.5,none,True,True
43859,1.0,0.0,0.5,none,True,True
43860,1.0,0.0,0.5,none,True,True
43861,1.0,0.0,0.5,none,True,True
43862,1.0,0.0,0.5,none,True,True
43863,1.0,0.0,0.5,none,True,True
43864,1.0,0.0,0.5,none,True,True
43865,1.0,0.0,0.5,none,True,True
43866,1.0,0.0,0.5,none,True,True
43867,1.0,0.0,0.5,none,True,True
43868,1.0,0.0,0.5,none,True,True
43869,1.0,0.0,0.5,none,True,True
43870,1.0,0.0,0.5,none,True,True
43871,1.0,0.0,0.5,none,True,True
43872,1.0,0.0,0.5,none,True,True
43873,1.0,0.0,0.5,none,True,True
43874,1.0,0.0,0.5,none,True,True
43875,1.0,0.0,0.5,none,True,True
43876,1.0,0.0,0.5,none,True,True
43877,1.0,0.0,0.5,none,True,True
43878,1.0,0.0,0.5,none,True,True
43879,1.0,0.0,0.5,none,True,True
43880,1.0,0.0,0.5,none,True,True
43881,1.0,0.0,0.5,none,True,True
43882,1.0,0.0,0.5,none,True,True
43883,1.0,0.0,0.5,none,True,True
43884,1.0,0.0,0.5,none,True,True
43885,1.0,0.0,0.5,none,True,True
43886,1.0,0.0,0.5,none,True,True
43887,1.0,0.0,0.5,none,True,True
43888,1.0,0.0,0.5,none,True,True
43889,1.0,0.0,0.5,none,True,True
43890,1.0,0.0,0.5,none,True,True
43891,1.0,0.0,0.5,none,True,True
43892,1.0,0.0,0.5,none,True,True
43893,1.0,0.0,0.5,none,True,True
43894,1.0,0.0,0.5,none,True,True
43895,1.0,0.0,0.5,none,True,True
43896,1.0,0.0,0.5,none,True,True
43897,1.0,0.0,0.5,none,True,True
43898,1.0,0.0,0.5,none,True,True
43899,1.0,0.0,0.5,none,True,True
43900,1.0,0.0,0.5,none,True,True
43901,1.0,0.0,0.5,none,True,True
43902,1.0,0.0,0.5,none,True,True
43903,1.0,0.0,0.5,none,True,True
43904,1.0,0.0,0.5,none,True,True
43905,1.0,0.0,0.5,none,True,True
43906,1.0,0.0,0.5,none,True,True
43907,1.0,0.0,0.5,none,True,True
43908,1.0,0.0,0.5,none,True,True
43909,1.0,0.0,0.5,none,True,True
43910,1.0,0.0,0.5,none,True,True
43911,1.0,0.0,0.5,none,True,True
43912,1.0,0.0,0.5,none,True,True
43913,1.0,0.0,0.5,none,True,True
43914,1.0,0.0,0.5,none,True,True
43915,1.0,0.0,0.5,none,True,True
43916,1.0,0.0,0.5,none,True,True
43917,1.0,0.0,0.5,none,True,True
43918,1.0,0.0,0.5,none,True,True
43919,1.0,0.0,0.5,none,True,True
43920,1.0,0.0,0.5,none,True,True
43921,1.0,0.0,0.5,none,True,True
43922,1.0,0.0,0.5,none,True,True
43923,1.0,0.0,0.5,none,True,True
43924,1.0,0.0,0.5,none,True,True
43925,1.0,0.0,0.5,none,True,True
43926,1.0,0.0,0.5,none,True,True
43927,1.0,0.0,0.5,none,True,True
43928,1.0,0.0,0.5,none,True,True
43929,1.0,0.0,0.5,none,True,True
43930,1.0,0.0,0.5,none,True,True
43931,1.0,0.0,0.5,none,True,True
43932,1.0,0.0,0.5,none,True,True
43933,1.0,0.0,0.5,none,True,True
43934,1.0,0.0,0.5,none,True,True
43935,1.0,0.0,0.5,none,True,True
43936,1.0,0.0,0.5,none,True,True
43937,1.0,0.0,0.5,none,True,True
43938,1.0,0.0,0.5,none,True,True
43939,1.0,0.0,0.5,none,True,True
43940,1.0,0.0,0.5,none,True,True
43941,1.0,0.0,0.5,none,True,True
43942,1.0,0.0,0.5,none,True,True
43943,1.0,0.0,0.5,none,True,True
43944,1.0,0.0,0.5,none,True,True
43945,1.0,0.0,0.5,none,True,True
43946,1.0,0.0,0.5,none,True,True
43947,1.0,0.0,0.5,none,True,True
43948,1.0,0.0,0.5,none,True,True
43949,1.0,0.0,0.5,none,True,True
43950,1.0,0.0,0.5,none,True,True
43951,1.0,0.0,0.5,none,True,True
43952,1.0,0.0,0.5,none,True,True
43953,1.0,0.0,0.5,none,True,True
43954,1.0,0.0,0.5,none,True,True
43955,1.0,0.0,0.5,none,True,True
43956,1.0,0.0,0.5,none,True,True
43957,1.0,0.0,0.5,none,True,True
43958,1.0,0.0,0.5,none,True,True
43959,1.0,0.0,0.5,none,True,True
43960,1.0,0.0,0.5,none,True,True
43961,1.0,0.0,0.5,none,True,True
43962,1.0,0.0,0.5,none,True,True
43963,1.0,0.0,0.5,none,True,True
43964,1.0,0.0,0.5,none,True,True
43965,1.0,0.0,0.5,none,True,True
43966,1.0,0.0,0.5,none,True,True
43967,1.0,0.0,0.5,none,True,True
43968,1.0,0.0,0.5,none,True,True
43969,1.0,0.0,0.5,none,True,True
43970,1.0,0.0,0.5,none,True,True
43971,1.0,0.0,0.5,none,True,True
43972,1.0,0.0,0.5,none,True,True
43973,1.0,0.0,0.5,none,True,True
43974,1.0,0.0,0.5,none,True,True
43975,1.0,0.0,0.5,none,True,True
43976,1.0,0.0,0.5,none,True,True
43977,1.0,0.0,0.5,none,True,True
43978,1.0,0.0,0.5,none,True,True
43979,1.0,0.0,0.5,none,True,True
43980,1.0,0.0,0.5,none,True,True
43981,1.0,0.0,0.5,none,True,True
43982,1.0,0.0,0.5,none,True,True
43983,1.0,0.0,0.5,none,True,True
43984,1.0,0.0,0.5,none,True,True
43985,1.0,0.0,0.5,none,True,True
43986,1.0,0.0,0.5,none,True,True
43987,1.0,0.0,0.5,none,True,True
43988,1.0,0.0,0.5,none,True,True
43989,1.0,0.0,0.5,none,True,True
43990,1.0,0.0,0.5,none,True,True
43991,1.0,0.0,0.5,none,True,True
43992,1.0,0.0,0.5,none,True,True
43993,1.0,0.0,0.5,none,True,True
43994,1.0,0.0,0.5,none,True,True
43995,1.0,0.0,0.5,none,True,True
43996,1.0,0.0,0.5,none,True,True
43997,1.0,0.0,0.5,none,True,True
43998,1.0,0.0,0.5,none,True,True
43999,1.0,0.0,0.5,none,True,True
44000,1.0,0.0,0.5,none,True,True
44001,1.0,0.0,0.5,none,True,True
44002,1.0,0.0,0.5,none,True,True
44003,1.0,0.0,0.5,none,True,True
44004,1.0,0.0,0.5,none,True,True
44005,1.0,0.0,0.5,none,True,True
44006,1.0,0.0,0.5,none,True,True
44007,1.0,0.0,0.5,none,True,True
44008,1.0,0.0,0.5,none,True,True
44009,1.0,0.0,0.5,none,True,True
44010,1.0,0.0,0.5,none,True,True
44011,1.0,0.0,0.5,none,True,True
44012,1.0,0.0,0.5,none,True,True
44013,1.0,0.0,0.5,none,True,True
44014,1.0,0.0,0.5,none,True,True
44015,1.0,0.0,0.5,none,True,True
44016,1.0,0.0,0.5,none,True,True
44017,1.0,0.0,0.5,none,True,True
44018,1.0,0.0,0.5,none,True,True
44019,1.0,0.0,0.5,none,True,True
44020,1.0,0.0,0.5,none,True,True
44021,1.0,0.0,0.5,none,True,True
44022,1.0,0.0,0.5,none,True,True
44023,1.0,0.0,0.5,none,True,True
44024,1.0,0.0,0.5,none,True,True
44025,1.0,0.0,0.5,none,True,True
44026,1.0,0.0,0.5,none,True,True
44027,1.0,0.0,0.5,none,True,True
44028,1.0,0.0,0.5,none,True,True
44029,1.0,0.0,0.5,none,True,True
44030,1.0,0.0,0.5,none,True,True
44031,1.0,0.0,0.5,none,True,True
44032,1.0,0.0,0.5,none,True,True
44033,1.0,0.0,0.5,none,True,True
44034,1.0,0.0,0.5,none,True,True
44035,1.0,0.0,0.5,none,True,True
44036,1.0,0.0,0.5,none,True,True
44037,1.0,0.0,0.5,none,True,True
44038,1.0,0.0,0.5,none,True,True
44039,1.0,0.0,0.5,none,True,True
44040,1.0,0.0,0.5,none,True,True
44041,1.0,0.0,0.5,none,True,True
44042,1.0,0.0,0.5,none,True,True
44043,1.0,0.0,0.5,none,True,True
44044,1.0,0.0,0.5,none,True,True
44045,1.0,0.0,0.5,none,True,True
44046,1.0,0.0,0.5,none,True,True
44047,1.0,0.0,0.5,none,True,True
44048,1.0,0.0,0.5,none,True,True
44049,1.0,0.0,0.5,none,True,True
44050,1.0,0.0,0.5,none,True,True
44051,1.0,0.0,0.5,none,True,True
44052,1.0,0.0,0.5,none,True,True
44053,1.0,0.0,0.5,none,True,True
44054,1.0,0.0,0.5,none,True,True
44055,1.0,0.0,0.5,none,True,True
44056,1.0,0.0,0.5,none,True,True
44057,1.0,0.0,0.5,none,True,True
44058,1.0,0.0,0.5,none,True,True
44059,1.0,0.0,0.5,none,True,True
44060,1.0,0.0,0.5,none,True,True
44061,1.0,0.0,0.5,none,True,True
44062,1.0,0.0,0.5,none,True,True
44063,1.0,0.0,0.5,none,True,True
44064,1.0,0.0,0.5,none,True,True
44065,1.0,0.0,0.5,none,True,True
44066,1.0,0.0,0.5,none,True,True
44067,1.0,0.0,0.5,none,True,True
44068,1.0,0.0,0.5,none,True,True
44069,1.0,0.0,0.5,none,True,True
44070,1.0,0.0,0.5,none,True,True
44071,1.0,0.0,0.5,none,True,True
44072,1.0,0.0,0.5,none,True,True
44073,1.0,0.0,0.5,none,True,True
44074,1.0,0.0,0.5,none,True,True
44075,1.0,0.0,0.5,none,True,True
44076,1.0,0.0,0.5,none,True,True
44077,1.0,0.0,0.5,none,True,True
44078,1.0,0.0,0.5,none,True,True
44079,1.0,0.0,0.5,none,True,True
44080,1.0,0.0,0.5,none,True,True
44081,1.0,0.0,0.5,none,True,True
44082,1.0,0.0,0.5,none,True,True
44083,1.0,0.0,0.5,none,True,True
44084,1.0,0.0,0.5,none,True,True
44085,1.0,0.0,0.5,none,True,True
44086,1.0,0.0,0.5,none,True,True
44087,1.0,0.0,0.5,none,True,True
44088,1.0,0.0,0.5,none,True,True
44089,1.0,0.0,0.5,none,True,True
44090,1.0,0.0,0.5,none,True,True
44091,1.0,0.0,0.5,none,True,True
44092,1.0,0.0,0.5,none,True,True
44093,1.0,0.0,0.5,none,True,True
44094,1.0,0.0,0.5,none,True,True
44095,1.0,0.0,0.5,none,True,True
44096,1.0,0.0,0.5,none,True,True
44097,1.0,0.0,0.5,none,True,True
44098,1.0,0.0,0.5,none,True,True
44099,1.0,0.0,0.5,none,True,True
44100,1.0,0.0061,0.5,none,True,True
44101,1.0,0.0357,0.5,none,True,True
44102,1.0,0.0812,0.5,none,True,True
44103,1.0,0.1113,0.5,none,True,True
44104,1.0,0.1253,0.5,none,True,True
44105,1.0,0.1408,0.5,none,True,True
44106,1.0,0.0907,0.5,none,True,True
44107,1.0,0.1198,0.5,none,True,True
44108,1.0,0.0467,0.5,none,True,True
44109,1.0,0.0522,0.5,none,True,True
44110,1.0,0.0405,0.5,none,True,True
44111,1.0,0.0313,0.5,none,True,True
44112,1.0,0.0083,0.5,none,True,True
44113,1.0,0.0726,0.5,none,True,True
44114,1.0,0.0793,0.5,none,True,True
44115,1.0,0.0581,0.5,none,True,True
44116,1.0,0.0955,0.5,none,True,True
44117,1.0,0.0839,0.5,none,True,True
44118,1.0,0.0648,0.5,none,True,True
44119,1.0,0.0718,0.5,none,True,True
44120,1.0,0.0589,0.5,none,True,True
44121,1.0,0.0403,0.5,none,True,True
44122,1.0,0.0327,0.5,none,True,True
44123,1.0,0.0277,0.5,none,True,True
44124,1.0,0.017,0.5,none,True,True
44125,1.0,0.0102,0.5,none,True,True
44126,1.0,0.0099,0.5,none,True,True
44127,1.0,0.008,0.5,none,True,True
44128,1.0,0.005,0.5,none,True,True
44129,1.0,0.0063,0.5,none,True,True
44130,1.0,0.009,0.5,none,True,True
44131,1.0,0.0096,0.5,none,True,True
44132,1.0,0.0108,0.5,none,True,True
44133,1.0,0.014,0.5,none,True,True
44134,1.0,0.0161,0.5,none,True,True
44135,1.0,0.0167,0.5,none,True,True
44136,1.0,0.0182,0.5,none,True,True
44137,1.0,0.0196,0.5,none,True,True
44138,1.0,0.0197,0.5,none,True,True
44139,1.0,0.0193,0.5,none,True,True
44140,1.0,0.0193,0.5,none,True,True
44141,1.0,0.0187,0.5,none,True,True
44142,1.0,0.0174,0.5,none,True,True
44143,1.0,0.0163,0.5,none,True,True
44144,1.0,0.0152,0.5,none,True,True
44145,1.0,0.0138,0.5,none,True,True
44146,1.0,0.0123,0.5,none,True,True
44147,1.0,0.0111,0.5,none,True,True
44148,1.0,0.01,0.5,none,True,True
44149,1.0,0.0088,0.5,none,True,True
44150,1.0,0.0078,0.5,none,True,True
44151,1.0,0.0071,0.5,none,True,True
44152,1.0,0.0064,0.5,none,True,True
44153,1.0,0.0057,0.5,none,True,True
44154,1.0,0.0053,0.5,none,True,True
44155,1.0,0.005,0.5,none,True,True
44156,1.0,0.0047,0.5,none,True,True
44157,1.0,0.0045,0.5,none,True,True
44158,1.0,0.0044,0.5,none,True,True
44159,1.0,0.0043,0.5,none,True,True
44160,1.0,0.0042,0.5,none,True,True
44161,1.0,0.0041,0.5,none,True,True
44162,1.0,0.004,0.5,none,True,True
44163,1.0,0.0039,0.5,none,True,True
44164,1.0,0.0038,0.5,none,True,True
44165,1.0,0.0037,0.5,none,True,True
44166,1.0,0.0035,0.5,none,True,True
44167,1.0,0.0033,0.5,none,True,True
44168,1.0,0.0032,0.5,none,True,True
44169,1.0,0.003,0.5,none,True,True
44170,1.0,0.0028,0.5,none,True,True
44171,1.0,0.0026,0.5,none,True,True
44172,1.0,0.0024,0.5,none,True,True
44173,1.0,0.0023,0.5,none,True,True
44174,1.0,0.0021,0.5,none,True,True
44175,1.0,0.0019,0.5,none,True,True
44176,1.0,0.0018,0.5,none,True,True
44177,1.0,0.0017,0.5,none,True,True
44178,1.0,0.0015,0.5,none,True,True
44179,1.0,0.0014,0.5,none,True,True
44180,1.0,0.0013,0.5,none,True,True
44181,1.0,0.0013,0.5,none,True,True
44182,1.0,0.0012,0.5,none,True,True
44183,1.0,0.0011,0.5,none,True,True
44184,1.0,0.0011,0.5,none,True,True
44185,1.0,0.001,0.5,none,True,True
44186,1.0,0.001,0.5,none,True,True
44187,1.0,0.0009,0.5,none,True,True
44188,1.0,0.0009,0.5,none,True,True
44189,1.0,0.0008,0.5,none,True,True
44190,1.0,0.0008,0.5,none,True,True
44191,1.0,0.0008,0.5,none,True,True
44192,1.0,0.0007,0.5,none,True,True
44193,1.0,0.0007,0.5,none,True,True
44194,1.0,0.0006,0.5,none,True,True
44195,1.0,0.0006,0.5,none,True,True
44196,1.0,0.0006,0.5,none,True,True
44197,1.0,0.0005,0.5,none,True,True
44198,1.0,0.0005,0.5,none,True,True
44199,1.0,0.0005,0.5,none,True,True
44200,1.0,0.0004,0.5,none,True,True
44201,1.0,0.0004,0.5,none,True,True
44202,1.0,0.0004,0.5,none,True,True
44203,1.0,0.0004,0.5,none,True,True
44204,1.0,0.0003,0.5,none,True,True
44205,1.0,0.0003,0.5,none,True,True
44206,1.0,0.0003,0.5,none,True,True
44207,1.0,0.0003,0.5,none,True,True
44208,1.0,0.0003,0.5,none,True,True
44209,1.0,0.0003,0.5,none,True,True
44210,1.0,0.0002,0.5,none,True,True
44211,1.0,0.0002,0.5,none,True,True
44212,1.0,0.0002,0.5,none,True,True
44213,1.0,0.0002,0.5,none,True,True
44214,1.0,0.0002,0.5,none,True,True
44215,1.0,0.0002,0.5,none,True,True
44216,1.0,0.0002,0.5,none,True,True
44217,1.0,0.0002,0.5,none,True,True
44218,1.0,0.0002,0.5,none,True,True
44219,1.0,0.0001,0.5,none,True,True
44220,1.0,0.0001,0.5,none,True,True
44221,1.0,0.0001,0.5,none,True,True
44222,1.0,0.0001,0.5,none,True,True
44223,1.0,0.0001,0.5,none,True,True
44224,1.0,0.0001,0.5,none,True,True
44225,1.0,0.0001,0.5,none,True,True
44226,1.0,0.0001,0.5,none,True,True
44227,1.0,0.0001,0.5,none,True,True
44228,1.0,0.0001,0.5,none,True,True
44229,1.0,0.0001,0.5,none,True,True
44230,1.0,0.0001,0.5,none,True,True
44231,1.0,0.0001,0.5,none,True,True
44232,1.0,0.0001,0.5,none,True,True
44233,1.0,0.0001,0.5,none,True,True
44234,1.0,0.0001,0.5,none,True,True
44235,1.0,0.0001,0.5,none,True,True
44236,1.0,0.0001,0.5,none,True,True
44237,1.0,0.0,0.5,none,True,True
44238,1.0,0.0,0.5,none,True,True
44239,1.0,0.0,0.5,none,True,True
44240,1.0,0.0,0.5,none,True,True
44241,1.0,0.0,0.5,none,True,True
44242,1.0,0.0,0.5,none,True,True
44243,1.0,0.0,0.5,none,True,True
44244,1.0,0.0,0.5,none,True,True
44245,1.0,0.0,0.5,none,True,True
44246,1.0,0.0,0.5,none,True,True
44247,1.0,0.0,0.5,none,True,True
44248,1.0,0.0,0.5,none,True,True
44249,1.0,0.0,0.5,none,True,True
44250,1.0,0.0,0.5,none,True,True
44251,1.0,0.0,0.5,none,True,True
44252,1.0,0.0,0.5,none,True,True
44253,1.0,0.0,0.5,none,True,True
44254,1.0,0.0,0.5,none,True,True
44255,1.0,0.0,0.5,none,True,True
44256,1.0,0.0,0.5,none,True,True
44257,1.0,0.0,0.5,none,True,True
44258,1.0,0.0,0.5,none,True,True
44259,1.0,0.0,0.5,none,True,True
44260,1.0,0.0,0.5,none,True,True
44261,1.0,0.0,0.5,none,True,True
44262,1.0,0.0,0.5,none,True,True
44263,1.0,0.0,0.5,none,True,True
44264,1.0,0.0,0.5,none,True,True
44265,1.0,0.0,0.5,none,True,True
44266,1.0,0.0,0.5,none,True,True
44267,1.0,0.0,0.5,none,True,True
44268,1.0,0.0,0.5,none,True,True
44269,1.0,0.0,0.5,none,True,True
44270,1.0,0.0,0.5,none,True,True
44271,1.0,0.0,0.5,none,True,True
44272,1.0,0.0,0.5,none,True,True
44273,1.0,0.0,0.5,none,True,True
44274,1.0,0.0,0.5,none,True,True
44275,1.0,0.0,0.5,none,True,True
44276,1.0,0.0,0.5,none,True,True
44277,1.0,0.0,0.5,none,True,True
44278,1.0,0.0,0.5,none,True,True
44279,1.0,0.0,0.5,none,True,True
44280,1.0,0.0,0.5,none,True,True
44281,1.0,0.0,0.5,none,True,True
44282,1.0,0.0,0.5,none,True,True
44283,1.0,0.0,0.5,none,True,True
44284,1.0,0.0,0.5,none,True,True
44285,1.0,0.0,0.5,none,True,True
44286,1.0,0.0,0.5,none,True,True
44287,1.0,0.0,0.5,none,True,True
44288,1.0,0.0,0.5,none,True,True
44289,1.0,0.0,0.5,none,True,True
44290,1.0,0.0,0.5,none,True,True
44291,1.0,0.0,0.5,none,True,True
44292,1.0,0.0,0.5,none,True,True
44293,1.0,0.0,0.5,none,True,True
44294,1.0,0.0,0.5,none,True,True
44295,1.0,0.0,0.5,none,True,True
44296,1.0,0.0,0.5,none,True,True
44297,1.0,0.0,0.5,none,True,True
44298,1.0,0.0,0.5,none,True,True
44299,1.0,0.0,0.5,none,True,True
44300,1.0,0.0,0.5,none,True,True
44301,1.0,0.0,0.5,none,True,True
44302,1.0,0.0,0.5,none,True,True
44303,1.0,0.0,0.5,none,True,True
44304,1.0,0.0,0.5,none,True,True
44305,1.0,0.0,0.5,none,True,True
44306,1.0,0.0,0.5,none,True,True
44307,1.0,0.0,0.5,none,True,True
44308,1.0,0.0,0.5,none,True,True
44309,1.0,0.0,0.5,none,True,True
44310,1.0,0.0,0.5,none,True,True
44311,1.0,0.0,0.5,none,True,True
44312,1.0,0.0,0.5,none,True,True
44313,1.0,0.0,0.5,none,True,True
44314,1.0,0.0,0.5,none,True,True
44315,1.0,0.0,0.5,none,True,True
44316,1.0,0.0,0.5,none,True,True
44317,1.0,0.0,0.5,none,True,True
44318,1.0,0.0,0.5,none,True,True
44319,1.0,0.0,0.5,none,True,True
44320,1.0,0.0,0.5,none,True,True
44321,1.0,0.0,0.5,none,True,True
44322,1.0,0.0,0.5,none,True,True
44323,1.0,0.0,0.5,none,True,True
44324,1.0,0.0,0.5,none,True,True
44325,1.0,0.0,0.5,none,True,True
44326,1.0,0.0,0.5,none,True,True
44327,1.0,0.0,0.5,none,True,True
44328,1.0,0.0,0.5,none,True,True
44329,1.0,0.0,0.5,none,True,True
44330,1.0,0.0,0.5,none,True,True
44331,1.0,0.0,0.5,none,True,True
44332,1.0,0.0,0.5,none,True,True
44333,1.0,0.0,0.5,none,True,True
44334,1.0,0.0,0.5,none,True,True
44335,1.0,0.0,0.5,none,True,True
44336,1.0,0.0,0.5,none,True,True
44337,1.0,0.0,0.5,none,True,True
44338,1.0,0.0,0.5,none,True,True
44339,1.0,0.0,0.5,none,True,True
44340,1.0,0.0,0.5,none,True,True
44341,1.0,0.0,0.5,none,True,True
44342,1.0,0.0,0.5,none,True,True
44343,1.0,0.0,0.5,none,True,True
44344,1.0,0.0,0.5,none,True,True
44345,1.0,0.0,0.5,none,True,True
44346,1.0,0.0,0.5,none,True,True
44347,1.0,0.0,0.5,none,True,True
44348,1.0,0.0,0.5,none,True,True
44349,1.0,0.0,0.5,none,True,True
44350,1.0,0.0,0.5,none,True,True
44351,1.0,0.0,0.5,none,True,True
44352,1.0,0.0,0.5,none,True,True
44353,1.0,0.0,0.5,none,True,True
44354,1.0,0.0,0.5,none,True,True
44355,1.0,0.0,0.5,none,True,True
44356,1.0,0.0,0.5,none,True,True
44357,1.0,0.0,0.5,none,True,True
44358,1.0,0.0,0.5,none,True,True
44359,1.0,0.0,0.5,none,True,True
44360,1.0,0.0,0.5,none,True,True
44361,1.0,0.0,0.5,none,True,True
44362,1.0,0.0,0.5,none,True,True
44363,1.0,0.0,0.5,none,True,True
44364,1.0,0.0,0.5,none,True,True
44365,1.0,0.0,0.5,none,True,True
44366,1.0,0.0,0.5,none,True,True
44367,1.0,0.0,0.5,none,True,True
44368,1.0,0.0,0.5,none,True,True
44369,1.0,0.0,0.5,none,True,True
44370,1.0,0.0,0.5,none,True,True
44371,1.0,0.0,0.5,none,True,True
44372,1.0,0.0,0.5,none,True,True
44373,1.0,0.0,0.5,none,True,True
44374,1.0,0.0,0.5,none,True,True
44375,1.0,0.0,0.5,none,True,True
44376,1.0,0.0,0.5,none,True,True
44377,1.0,0.0,0.5,none,True,True
44378,1.0,0.0,0.5,none,True,True
44379,1.0,0.0,0.5,none,True,True
44380,1.0,0.0,0.5,none,True,True
44381,1.0,0.0,0.5,none,True,True
44382,1.0,0.0,0.5,none,True,True
44383,1.0,0.0,0.5,none,True,True
44384,1.0,0.0,0.5,none,True,True
44385,1.0,0.0,0.5,none,True,True
44386,1.0,0.0,0.5,none,True,True
44387,1.0,0.0,0.5,none,True,True
44388,1.0,0.0,0.5,none,True,True
44389,1.0,0.0,0.5,none,True,True
44390,1.0,0.0,0.5,none,True,True
44391,1.0,0.0,0.5,none,True,True
44392,1.0,0.0,0.5,none,True,True
44393,1.0,0.0,0.5,none,True,True
44394,1.0,0.0,0.5,none,True,True
44395,1.0,0.0,0.5,none,True,True
44396,1.0,0.0,0.5,none,True,True
44397,1.0,0.0,0.5,none,True,True
44398,1.0,0.0,0.5,none,True,True
44399,1.0,0.0,0.5,none,True,True
44400,1.0,0.0,0.5,none,True,True
44401,1.0,0.0,0.5,none,True,True
44402,1.0,0.0,0.5,none,True,True
44403,1.0,0.0,0.5,none,True,True
44404,1.0,0.0,0.5,none,True,True
44405,1.0,0.0,0.5,none,True,True
44406,1.0,0.0,0.5,none,True,True
44407,1.0,0.0,0.5,none,True,True
44408,1.0,0.0,0.5,none,True,True
44409,1.0,0.0,0.5,none,True,True
44410,1.0,0.0,0.5,none,True,True
44411,1.0,0.0,0.5,none,True,True
44412,1.0,0.0,0.5,none,True,True
44413,1.0,0.0,0.5,none,True,True
44414,1.0,0.0,0.5,none,True,True
44415,1.0,0.0,0.5,none,True,True
44416,1.0,0.0,0.5,none,True,True
44417,1.0,0.0,0.5,none,True,True
44418,1.0,0.0,0.5,none,True,True
44419,1.0,0.0,0.5,none,True,True
44420,1.0,0.0,0.5,none,True,True
44421,1.0,0.0,0.5,none,True,True
44422,1.0,0.0,0.5,none,True,True
44423,1.0,0.0,0.5,none,True,True
44424,1.0,0.0,0.5,none,True,True
44425,1.0,0.0,0.5,none,True,True
44426,1.0,0.0,0.5,none,True,True
44427,1.0,0.0,0.5,none,True,True
44428,1.0,0.0,0.5,none,True,True
44429,1.0,0.0,0.5,none,True,True
44430,1.0,0.0,0.5,none,True,True
44431,1.0,0.0,0.5,none,True,True
44432,1.0,0.0,0.5,none,True,True
44433,1.0,0.0,0.5,none,True,True
44434,1.0,0.0,0.5,none,True,True
44435,1.0,0.0,0.5,none,True,True
44436,1.0,0.0,0.5,none,True,True
44437,1.0,0.0,0.5,none,True,True
44438,1.0,0.0,0.5,none,True,True
44439,1.0,0.0,0.5,none,True,True
44440,1.0,0.0,0.5,none,True,True
44441,1.0,0.0,0.5,none,True,True
44442,1.0,0.0,0.5,none,True,True
44443,1.0,0.0,0.5,none,True,True
44444,1.0,0.0,0.5,none,True,True
44445,1.0,0.0,0.5,none,True,True
44446,1.0,0.0,0.5,none,True,True
44447,1.0,0.0,0.5,none,True,True
44448,1.0,0.0,0.5,none,True,True
44449,1.0,0.0,0.5,none,True,True
44450,1.0,0.0,0.5,none,True,True
44451,1.0,0.0,0.5,none,True,True
44452,1.0,0.0,0.5,none,True,True
44453,1.0,0.0,0.5,none,True,True
44454,1.0,0.0,0.5,none,True,True
44455,1.0,0.0,0.5,none,True,True
44456,1.0,0.0,0.5,none,True,True
44457,1.0,0.0,0.5,none,True,True
44458,1.0,0.0,0.5,none,True,True
44459,1.0,0.0,0.5,none,True,True
44460,1.0,0.0,0.5,none,True,True
44461,1.0,0.0,0.5,none,True,True
44462,1.0,0.0,0.5,none,True,True
44463,1.0,0.0,0.5,none,True,True
44464,1.0,0.0,0.5,none,True,True
44465,1.0,0.0,0.5,none,True,True
44466,1.0,0.0,0.5,none,True,True
44467,1.0,0.0,0.5,none,True,True
44468,1.0,0.0,0.5,none,True,True
44469,1.0,0.0,0.5,none,True,True
44470,1.0,0.0,0.5,none,True,True
44471,1.0,0.0,0.5,none,True,True
44472,1.0,0.0,0.5,none,True,True
44473,1.0,0.0,0.5,none,True,True
44474,1.0,0.0,0.5,none,True,True
44475,1.0,0.0,0.5,none,True,True
44476,1.0,0.0,0.5,none,True,True
44477,1.0,0.0,0.5,none,True,True
44478,1.0,0.0,0.5,none,True,True
44479,1.0,0.0,0.5,none,True,True
44480,1.0,0.0,0.5,none,True,True
44481,1.0,0.0,0.5,none,True,True
44482,1.0,0.0,0.5,none,True,True
44483,1.0,0.0,0.5,none,True,True
44484,1.0,0.0,0.5,none,True,True
44485,1.0,0.0,0.5,none,True,True
44486,1.0,0.0,0.5,none,True,True
44487,1.0,0.0,0.5,none,True,True
44488,1.0,0.0,0.5,none,True,True
44489,1.0,0.0,0.5,none,True,True
44490,1.0,0.0,0.5,none,True,True
44491,1.0,0.0,0.5,none,True,True
44492,1.0,0.0,0.5,none,True,True
44493,1.0,0.0,0.5,none,True,True
44494,1.0,0.0,0.5,none,True,True
44495,1.0,0.0,0.5,none,True,True
44496,1.0,0.0,0.5,none,True,True
44497,1.0,0.0,0.5,none,True,True
44498,1.0,0.0,0.5,none,True,True
44499,1.0,0.0,0.5,none,True,True
44500,1.0,0.0,0.5,none,True,True
44501,1.0,0.0,0.5,none,True,True
44502,1.0,0.0,0.5,none,True,True
44503,1.0,0.0,0.5,none,True,True
44504,1.0,0.0,0.5,none,True,True
44505,1.0,0.0,0.5,none,True,True
44506,1.0,0.0,0.5,none,True,True
44507,1.0,0.0,0.5,none,True,True
44508,1.0,0.0,0.5,none,True,True
44509,1.0,0.0,0.5,none,True,True
44510,1.0,0.0,0.5,none,True,True
44511,1.0,0.0,0.5,none,True,True
44512,1.0,0.0,0.5,none,True,True
44513,1.0,0.0,0.5,none,True,True
44514,1.0,0.0,0.5,none,True,True
44515,1.0,0.0,0.5,none,True,True
44516,1.0,0.0,0.5,none,True,True
44517,1.0,0.0,0.5,none,True,True
44518,1.0,0.0,0.5,none,True,True
44519,1.0,0.0,0.5,none,True,True
44520,1.0,0.0,0.5,none,True,True
44521,1.0,0.0,0.5,none,True,True
44522,1.0,0.0,0.5,none,True,True
44523,1.0,0.0,0.5,none,True,True
44524,1.0,0.0,0.5,none,True,True
44525,1.0,0.0,0.5,none,True,True
44526,1.0,0.0,0.5,none,True,True
44527,1.0,0.0,0.5,none,True,True
44528,1.0,0.0,0.5,none,True,True
44529,1.0,0.0,0.5,none,True,True
44530,1.0,0.0,0.5,none,True,True
44531,1.0,0.0,0.5,none,True,True
44532,1.0,0.0,0.5,none,True,True
44533,1.0,0.0,0.5,none,True,True
44534,1.0,0.0,0.5,none,True,True
44535,1.0,0.0,0.5,none,True,True
44536,1.0,0.0,0.5,none,True,True
44537,1.0,0.0,0.5,none,True,True
44538,1.0,0.0,0.5,none,True,True
44539,1.0,0.0,0.5,none,True,True
44540,1.0,0.0,0.5,none,True,True
44541,1.0,0.0,0.5,none,True,True
44542,1.0,0.0,0.5,none,True,True
44543,1.0,0.0,0.5,none,True,True
44544,1.0,0.0,0.5,none,True,True
44545,1.0,0.0,0.5,none,True,True
44546,1.0,0.0,0.5,none,True,True
44547,1.0,0.0,0.5,none,True,True
44548,1.0,0.0,0.5,none,True,True
44549,1.0,0.0,0.5,none,True,True
44550,1.0,0.0,0.5,none,True,True
44551,1.0,0.0,0.5,none,True,True
44552,1.0,0.0,0.5,none,True,True
44553,1.0,0.0,0.5,none,True,True
44554,1.0,0.0,0.5,none,True,True
44555,1.0,0.0,0.5,none,True,True
44556,1.0,0.0,0.5,none,True,True
44557,1.0,0.0,0.5,none,True,True
44558,1.0,0.0,0.5,none,True,True
44559,1.0,0.0,0.5,none,True,True
44560,1.0,0.0,0.5,none,True,True
44561,1.0,0.0,0.5,none,True,True
44562,1.0,0.0,0.5,none,True,True
44563,1.0,0.0,0.5,none,True,True
44564,1.0,0.0,0.5,none,True,True
44565,1.0,0.0,0.5,none,True,True
44566,1.0,0.0,0.5,none,True,True
44567,1.0,0.0,0.5,none,True,True
44568,1.0,0.0,0.5,none,True,True
44569,1.0,0.0,0.5,none,True,True
44570,1.0,0.0,0.5,none,True,True
44571,1.0,0.0,0.5,none,True,True
44572,1.0,0.0,0.5,none,True,True
44573,1.0,0.0,0.5,none,True,True
44574,1.0,0.0,0.5,none,True,True
44575,1.0,0.0,0.5,none,True,True
44576,1.0,0.0,0.5,none,True,True
44577,1.0,0.0,0.5,none,True,True
44578,1.0,0.0,0.5,none,True,True
44579,1.0,0.0,0.5,none,True,True
44580,1.0,0.0,0.5,none,True,True
44581,1.0,0.0,0.5,none,True,True
44582,1.0,0.0,0.5,none,True,True
44583,1.0,0.0,0.5,none,True,True
44584,1.0,0.0,0.5,none,True,True
44585,1.0,0.0,0.5,none,True,True
44586,1.0,0.0,0.5,none,True,True
44587,1.0,0.0,0.5,none,True,True
44588,1.0,0.0,0.5,none,True,True
44589,1.0,0.0,0.5,none,True,True
44590,1.0,0.0,0.5,none,True,True
44591,1.0,0.0,0.5,none,True,True
44592,1.0,0.0,0.5,none,True,True
44593,1.0,0.0,0.5,none,True,True
44594,1.0,0.0,0.5,none,True,True
44595,1.0,0.0,0.5,none,True,True
44596,1.0,0.0,0.5,none,True,True
44597,1.0,0.0,0.5,none,True,True
44598,1.0,0.0,0.5,none,True,True
44599,1.0,0.0,0.5,none,True,True
44600,1.0,0.0,0.5,none,True,True
44601,1.0,0.0,0.5,none,True,True
44602,1.0,0.0,0.5,none,True,True
44603,1.0,0.0,0.5,none,True,True
44604,1.0,0.0,0.5,none,True,True
44605,1.0,0.0,0.5,none,True,True
44606,1.0,0.0,0.5,none,True,True
44607,1.0,0.0,0.5,none,True,True
44608,1.0,0.0,0.5,none,True,True
44609,1.0,0.0,0.5,none,True,True
44610,1.0,0.0,0.5,none,True,True
44611,1.0,0.0,0.5,none,True,True
44612,1.0,0.0,0.5,none,True,True
44613,1.0,0.0,0.5,none,True,True
44614,1.0,0.0,0.5,none,True,True
44615,1.0,0.0,0.5,none,True,True
44616,1.0,0.0,0.5,none,True,True
44617,1.0,0.0,0.5,none,True,True
44618,1.0,0.0,0.5,none,True,True
44619,1.0,0.0,0.5,none,True,True
44620,1.0,0.0,0.5,none,True,True
44621,1.0,0.0,0.5,none,True,True
44622,1.0,0.0,0.5,none,True,True
44623,1.0,0.0,0.5,none,True,True
44624,1.0,0.0,0.5,none,True,True
44625,1.0,0.0,0.5,none,True,True
44626,1.0,0.0,0.5,none,True,True
44627,1.0,0.0,0.5,none,True,True
44628,1.0,0.0,0.5,none,True,True
44629,1.0,0.0,0.5,none,True,True
44630,1.0,0.0,0.5,none,True,True
44631,1.0,0.0,0.5,none,True,True
44632,1.0,0.0,0.5,none,True,True
44633,1.0,0.0,0.5,none,True,True
44634,1.0,0.0,0.5,none,True,True
44635,1.0,0.0,0.5,none,True,True
44636,1.0,0.0,0.5,none,True,True
44637,1.0,0.0,0.5,none,True,True
44638,1.0,0.0,0.5,none,True,True
44639,1.0,0.0,0.5,none,True,True
44640,1.0,0.0,0.5,none,True,True
44641,1.0,0.0,0.5,none,True,True
44642,1.0,0.0,0.5,none,True,True
44643,1.0,0.0,0.5,none,True,True
44644,1.0,0.0,0.5,none,True,True
44645,1.0,0.0,0.5,none,True,True
44646,1.0,0.0,0.5,none,True,True
44647,1.0,0.0,0.5,none,True,True
44648,1.0,0.0,0.5,none,True,True
44649,1.0,0.0,0.5,none,True,True
44650,1.0,0.0,0.5,none,True,True
44651,1.0,0.0,0.5,none,True,True
44652,1.0,0.0,0.5,none,True,True
44653,1.0,0.0,0.5,none,True,True
44654,1.0,0.0,0.5,none,True,True
44655,1.0,0.0,0.5,none,True,True
44656,1.0,0.0,0.5,none,True,True
44657,1.0,0.0,0.5,none,True,True
44658,1.0,0.0,0.5,none,True,True
44659,1.0,0.0,0.5,none,True,True
44660,1.0,0.0,0.5,none,True,True
44661,1.0,0.0,0.5,none,True,True
44662,1.0,0.0,0.5,none,True,True
44663,1.0,0.0,0.5,none,True,True
44664,1.0,0.0,0.5,none,True,True
44665,1.0,0.0,0.5,none,True,True
44666,1.0,0.0,0.5,none,True,True
44667,1.0,0.0,0.5,none,True,True
44668,1.0,0.0,0.5,none,True,True
44669,1.0,0.0,0.5,none,True,True
44670,1.0,0.0,0.5,none,True,True
44671,1.0,0.0,0.5,none,True,True
44672,1.0,0.0,0.5,none,True,True
44673,1.0,0.0,0.5,none,True,True
44674,1.0,0.0,0.5,none,True,True
44675,1.0,0.0,0.5,none,True,True
44676,1.0,0.0,0.5,none,True,True
44677,1.0,0.0,0.5,none,True,True
44678,1.0,0.0,0.5,none,True,True
44679,1.0,0.0,0.5,none,True,True
44680,1.0,0.0,0.5,none,True,True
44681,1.0,0.0,0.5,none,True,True
44682,1.0,0.0,0.5,none,True,True
44683,1.0,0.0,0.5,none,True,True
44684,1.0,0.0,0.5,none,True,True
44685,1.0,0.0,0.5,none,True,True
44686,1.0,0.0,0.5,none,True,True
44687,1.0,0.0,0.5,none,True,True
44688,1.0,0.0,0.5,none,True,True
44689,1.0,0.0,0.5,none,True,True
44690,1.0,0.0,0.5,none,True,True
44691,1.0,0.0,0.5,none,True,True
44692,1.0,0.0,0.5,none,True,True
44693,1.0,0.0,0.5,none,True,True
44694,1.0,0.0,0.5,none,True,True
44695,1.0,0.0,0.5,none,True,True
44696,1.0,0.0,0.5,none,True,True
44697,1.0,0.0,0.5,none,True,True
44698,1.0,0.0,0.5,none,True,True
44699,1.0,0.0,0.5,none,True,True
44700,1.0,0.0,0.5,none,True,True
44701,1.0,0.0,0.5,none,True,True
44702,1.0,0.0,0.5,none,True,True
44703,1.0,0.0,0.5,none,True,True
44704,1.0,0.0,0.5,none,True,True
44705,1.0,0.0,0.5,none,True,True
44706,1.0,0.0,0.5,none,True,True
44707,1.0,0.0,0.5,none,True,True
44708,1.0,0.0,0.5,none,True,True
44709,1.0,0.0,0.5,none,True,True
44710,1.0,0.0,0.5,none,True,True
44711,1.0,0.0,0.5,none,True,True
44712,1.0,0.0,0.5,none,True,True
44713,1.0,0.0,0.5,none,True,True
44714,1.0,0.0,0.5,none,True,True
44715,1.0,0.0,0.5,none,True,True
44716,1.0,0.0,0.5,none,True,True
44717,1.0,0.0,0.5,none,True,True
44718,1.0,0.0,0.5,none,True,True
44719,1.0,0.0,0.5,none,True,True
44720,1.0,0.0,0.5,none,True,True
44721,1.0,0.0,0.5,none,True,True
44722,1.0,0.0,0.5,none,True,True
44723,1.0,0.0,0.5,none,True,True
44724,1.0,0.0,0.5,none,True,True
44725,1.0,0.0,0.5,none,True,True
44726,1.0,0.0,0.5,none,True,True
44727,1.0,0.0,0.5,none,True,True
44728,1.0,0.0,0.5,none,True,True
44729,1.0,0.0,0.5,none,True,True
44730,1.0,0.0,0.5,none,True,True
44731,1.0,0.0,0.5,none,True,True
44732,1.0,0.0,0.5,none,True,True
44733,1.0,0.0,0.5,none,True,True
44734,1.0,0.0,0.5,none,True,True
44735,1.0,0.0,0.5,none,True,True
44736,1.0,0.0,0.5,none,True,True
44737,1.0,0.0,0.5,none,True,True
44738,1.0,0.0,0.5,none,True,True
44739,1.0,0.0,0.5,none,True,True
44740,1.0,0.0,0.5,none,True,True
44741,1.0,0.0,0.5,none,True,True
44742,1.0,0.0,0.5,none,True,True
44743,1.0,0.0,0.5,none,True,True
44744,1.0,0.0,0.5,none,True,True
44745,1.0,0.0,0.5,none,True,True
44746,1.0,0.0,0.5,none,True,True
44747,1.0,0.0,0.5,none,True,True
44748,1.0,0.0,0.5,none,True,True
44749,1.0,0.0,0.5,none,True,True
44750,1.0,0.0,0.5,none,True,True
44751,1.0,0.0,0.5,none,True,True
44752,1.0,0.0,0.5,none,True,True
44753,1.0,0.0,0.5,none,True,True
44754,1.0,0.0,0.5,none,True,True
44755,1.0,0.0,0.5,none,True,True
44756,1.0,0.0,0.5,none,True,True
44757,1.0,0.0,0.5,none,True,True
44758,1.0,0.0,0.5,none,True,True
44759,1.0,0.0,0.5,none,True,True
44760,1.0,0.0,0.5,none,True,True
44761,1.0,0.0,0.5,none,True,True
44762,1.0,0.0,0.5,none,True,True
44763,1.0,0.0,0.5,none,True,True
44764,1.0,0.0,0.5,none,True,True
44765,1.0,0.0,0.5,none,True,True
44766,1.0,0.0,0.5,none,True,True
44767,1.0,0.0,0.5,none,True,True
44768,1.0,0.0,0.5,none,True,True
44769,1.0,0.0,0.5,none,True,True
44770,1.0,0.0,0.5,none,True,True
44771,1.0,0.0,0.5,none,True,True
44772,1.0,0.0,0.5,none,True,True
44773,1.0,0.0,0.5,none,True,True
44774,1.0,0.0,0.5,none,True,True
44775,1.0,0.0,0.5,none,True,True
44776,1.0,0.0,0.5,none,True,True
44777,1.0,0.0,0.5,none,True,True
44778,1.0,0.0,0.5,none,True,True
44779,1.0,0.0,0.5,none,True,True
44780,1.0,0.0,0.5,none,True,True
44781,1.0,0.0,0.5,none,True,True
44782,1.0,0.0,0.5,none,True,True
44783,1.0,0.0,0.5,none,True,True
44784,1.0,0.0,0.5,none,True,True
44785,1.0,0.0,0.5,none,True,True
44786,1.0,0.0,0.5,none,True,True
44787,1.0,0.0,0.5,none,True,True
44788,1.0,0.0,0.5,none,True,True
44789,1.0,0.0,0.5,none,True,True
44790,1.0,0.0,0.5,none,True,True
44791,1.0,0.0,0.5,none,True,True
44792,1.0,0.0,0.5,none,True,True
44793,1.0,0.0,0.5,none,True,True
44794,1.0,0.0,0.5,none,True,True
44795,1.0,0.0,0.5,none,True,True
44796,1.0,0.0,0.5,none,True,True
44797,1.0,0.0,0.5,none,True,True
44798,1.0,0.0,0.5,none,True,True
44799,1.0,0.0,0.5,none,True,True
44800,1.0,0.0061,0.5,none,True,True
44801,1.0,0.0357,0.5,none,True,True
44802,1.0,0.0812,0.5,none,True,True
44803,1.0,0.1113,0.5,none,True,True
44804,1.0,0.1253,0.5,none,True,True
44805,1.0,0.1408,0.5,none,True,True
44806,1.0,0.0907,0.5,none,True,True
44807,1.0,0.1198,0.5,none,True,True
44808,1.0,0.0467,0.5,none,True,True
44809,1.0,0.0522,0.5,none,True,True
44810,1.0,0.0405,0.5,none,True,True
44811,1.0,0.0313,0.5,none,True,True
44812,1.0,0.0083,0.5,none,True,True
44813,1.0,0.0726,0.5,none,True,True
44814,1.0,0.0793,0.5,none,True,True
44815,1.0,0.0581,0.5,none,True,True
44816,1.0,0.0955,0.5,none,True,True
44817,1.0,0.0839,0.5,none,True,True
44818,1.0,0.0648,0.5,none,True,True
44819,1.0,0.0718,0.5,none,True,True
44820,1.0,0.0589,0.5,none,True,True
44821,1.0,0.0403,0.5,none,True,True
44822,1.0,0.0327,0.5,none,True,True
44823,1.0,0.0277,0.5,none,True,True
44824,1.0,0.017,0.5,none,True,True
44825,1.0,0.0102,0.5,none,True,True
44826,1.0,0.0099,0.5,none,True,True
44827,1.0,0.008,0.5,none,True,True
44828,1.0,0.005,0.5,none,True,True
44829,1.0,0.0063,0.5,none,True,True
44830,1.0,0.009,0.5,none,True,True
44831,1.0,0.0096,0.5,none,True,True
44832,1.0,0.0108,0.5,none,True,True
44833,1.0,0.014,0.5,none,True,True
44834,1.0,0.0161,0.5,none,True,True
44835,1.0,0.0167,0.5,none,True,True
44836,1.0,0.0182,0.5,none,True,True
44837,1.0,0.0196,0.5,none,True,True
44838,1.0,0.0197,0.5,none,True,True
44839,1.0,0.0193,0.5,none,True,True
44840,1.0,0.0193,0.5,none,True,True
44841,1.0,0.0187,0.5,none,True,True
44842,1.0,0.0174,0.5,none,True,True
44843,1.0,0.0163,0.5,none,True,True
44844,1.0,0.0152,0.5,none,True,True
44845,1.0,0.0138,0.5,none,True,True
44846,1.0,0.0123,0.5,none,True,True
44847,1.0,0.0111,0.5,none,True,True
44848,1.0,0.01,0.5,none,True,True
44849,1.0,0.0088,0.5,none,True,True
44850,1.0,0.0078,0.5,none,True,True
44851,1.0,0.0071,0.5,none,True,True
44852,1.0,0.0064,0.5,none,True,True
44853,1.0,0.0057,0.5,none,True,True
44854,1.0,0.0053,0.5,none,True,True
44855,1.0,0.005,0.5,none,True,True
44856,1.0,0.0047,0.5,none,True,True
44857,1.0,0.0045,0.5,none,True,True
44858,1.0,0.0044,0.5,none,True,True
44859,1.0,0.0043,0.5,none,True,True
44860,1.0,0.0042,0.5,none,True,True
44861,1.0,0.0041,0.5,none,True,True
44862,1.0,0.004,0.5,none,True,True
44863,1.0,0.0039,0.5,none,True,True
44864,1.0,0.0038,0.5,none,True,True
44865,1.0,0.0037,0.5,none,True,True
44866,1.0,0.0035,0.5,none,True,True
44867,1.0,0.0033,0.5,none,True,True
44868,1.0,0.0032,0.5,none,True,True
44869,1.0,0.003,0.5,none,True,True
44870,1.0,0.0028,0.5,none,True,True
44871,1.0,0.0026,0.5,none,True,True
44872,1.0,0.0024,0.5,none,True,True
44873,1.0,0.0023,0.5,none,True,True
44874,1.0,0.0021,0.5,none,True,True
44875,1.0,0.0019,0.5,none,True,True
44876,1.0,0.0018,0.5,none,True,True
44877,1.0,0.0017,0.5,none,True,True
44878,1.0,0.0015,0.5,none,True,True
44879,1.0,0.0014,0.5,none,True,True
44880,1.0,0.0013,0.5,none,True,True
44881,1.0,0.0013,0.5,none,True,True
44882,1.0,0.0012,0.5,none,True,True
44883,1.0,0.0011,0.5,none,True,True
44884,1.0,0.0011,0.5,none,True,True
44885,1.0,0.001,0.5,none,True,True
44886,1.0,0.001,0.5,none,True,True
44887,1.0,0.0009,0.5,none,True,True
44888,1.0,0.0009,0.5,none,True,True
44889,1.0,0.0008,0.5,none,True,True
44890,1.0,0.0008,0.5,none,True,True
44891,1.0,0.0008,0.5,none,True,True
44892,1.0,0.0007,0.5,none,True,True
44893,1.0,0.0007,0.5,none,True,True
44894,1.0,0.0006,0.5,none,True,True
44895,1.0,0.0006,0.5,none,True,True
44896,1.0,0.0006,0.5,none,True,True
44897,1.0,0.0005,0.5,none,True,True
44898,1.0,0.0005,0.5,none,True,True
44899,1.0,0.0005,0.5,none,True,True
44900,1.0,0.0004,0.5,none,True,True
44901,1.0,0.0004,0.5,none,True,True
44902,1.0,0.0004,0.5,none,True,True
44903,1.0,0.0004,0.5,none,True,True
44904,1.0,0.0003,0.5,none,True,True
44905,1.0,0.0003,0.5,none,True,True
44906,1.0,0.0003,0.5,none,True,True
44907,1.0,0.0003,0.5,none,True,True
44908,1.0,0.0003,0.5,none,True,True
44909,1.0,0.0003,0.5,none,True,True
44910,1.0,0.0002,0.5,none,True,True
44911,1.0,0.0002,0.5,none,True,True
44912,1.0,0.0002,0.5,none,True,True
44913,1.0,0.0002,0.5,none,True,True
44914,1.0,0.0002,0.5,none,True,True
44915,1.0,0.0002,0.5,none,True,True
44916,1.0,0.0002,0.5,none,True,True
44917,1.0,0.0002,0.5,none,True,True
44918,1.0,0.0002,0.5,none,True,True
44919,1.0,0.0001,0.5,none,True,True
44920,1.0,0.0001,0.5,none,True,True
44921,1.0,0.0001,0.5,none,True,True
44922,1.0,0.0001,0.5,none,True,True
44923,1.0,0.0001,0.5,none,True,True
44924,1.0,0.0001,0.5,none,True,True
44925,1.0,0.0001,0.5,none,True,True
44926,1.0,0.0001,0.5,none,True,True
44927,1.0,0.0001,0.5,none,True,True
44928,1.0,0.0001,0.5,none,True,True
44929,1.0,0.0001,0.5,none,True,True
44930,1.0,0.0001,0.5,none,True,True
44931,1.0,0.0001,0.5,none,True,True
44932,1.0,0.0001,0.5,none,True,True
44933,1.0,0.0001,0.5,none,True,True
44934,1.0,0.0001,0.5,none,True,True
44935,1.0,0.0001,0.5,none,True,True
44936,1.0,0.0001,0.5,none,True,True
44937,1.0,0.0,0.5,none,True,True
44938,1.0,0.0,0.5,none,True,True
44939,1.0,0.0,0.5,none,True,True
44940,1.0,0.0,0.5,none,True,True
44941,1.0,0.0,0.5,none,True,True
44942,1.0,0.0,0.5,none,True,True
44943,1.0,0.0,0.5,none,True,True
44944,1.0,0.0,0.5,none,True,True
44945,1.0,0.0,0.5,none,True,True
44946,1.0,0.0,0.5,none,True,True
44947,1.0,0.0,0.5,none,True,True
44948,1.0,0.0,0.5,none,True,True
44949,1.0,0.0,0.5,none,True,True
44950,1.0,0.0,0.5,none,True,True
44951,1.0,0.0,0.5,none,True,True
44952,1.0,0.0,0.5,none,True,True
44953,1.0,0.0,0.5,none,True,True
44954,1.0,0.0,0.5,none,True,True
44955,1.0,0.0,0.5,none,True,True
44956,1.0,0.0,0.5,none,True,True
44957,1.0,0.0,0.5,none,True,True
44958,1.0,0.0,0.5,none,True,True
44959,1.0,0.0,0.5,none,True,True
44960,1.0,0.0,0.5,none,True,True
44961,1.0,0.0,0.5,none,True,True
44962,1.0,0.0,0.5,none,True,True
44963,1.0,0.0,0.5,none,True,True
44964,1.0,0.0,0.5,none,True,True
44965,1.0,0.0,0.5,none,True,True
44966,1.0,0.0,0.5,none,True,True
44967,1.0,0.0,0.5,none,True,True
44968,1.0,0.0,0.5,none,True,True
44969,1.0,0.0,0.5,none,True,True
44970,1.0,0.0,0.5,none,True,True
44971,1.0,0.0,0.5,none,True,True
44972,1.0,0.0,0.5,none,True,True
44973,1.0,0.0,0.5,none,True,True
44974,1.0,0.0,0.5,none,True,True
44975,1.0,0.0,0.5,none,True,True
44976,1.0,0.0,0.5,none,True,True
44977,1.0,0.0,0.5,none,True,True
44978,1.0,0.0,0.5,none,True,True
44979,1.0,0.0,0.5,none,True,True
44980,1.0,0.0,0.5,none,True,True
44981,1.0,0.0,0.5,none,True,True
44982,1.0,0.0,0.5,none,True,True
44983,1.0,0.0,0.5,none,True,True
44984,1.0,0.0,0.5,none,True,True
44985,1.0,0.0,0.5,none,True,True
44986,1.0,0.0,0.5,none,True,True
44987,1.0,0.0,0.5,none,True,True
44988,1.0,0.0,0.5,none,True,True
44989,1.0,0.0,0.5,none,True,True
44990,1.0,0.0,0.5,none,True,True
44991,1.0,0.0,0.5,none,True,True
44992,1.0,0.0,0.5,none,True,True
44993,1.0,0.0,0.5,none,True,True
44994,1.0,0.0,0.5,none,True,True
44995,1.0,0.0,0.5,none,True,True
44996,1.0,0.0,0.5,none,True,True
44997,1.0,0.0,0.5,none,True,True
44998,1.0,0.0,0.5,none,True,True
44999,1.0,0.0,0.5,none,True,True
45000,1.0,0.0,0.5,none,True,True
45001,1.0,0.0,0.5,none,True,True
45002,1.0,0.0,0.5,none,True,True
45003,1.0,0.0,0.5,none,True,True
45004,1.0,0.0,0.5,none,True,True
45005,1.0,0.0,0.5,none,True,True
45006,1.0,0.0,0.5,none,True,True
45007,1.0,0.0,0.5,none,True,True
45008,1.0,0.0,0.5,none,True,True
45009,1.0,0.0,0.5,none,True,True
45010,1.0,0.0,0.5,none,True,True
45011,1.0,0.0,0.5,none,True,True
45012,1.0,0.0,0.5,none,True,True
45013,1.0,0.0,0.5,none,True,True
45014,1.0,0.0,0.5,none,True,True
45015,1.0,0.0,0.5,none,True,True
45016,1.0,0.0,0.5,none,True,True
45017,1.0,0.0,0.5,none,True,True
45018,1.0,0.0,0.5,none,True,True
45019,1.0,0.0,0.5,none,True,True
45020,1.0,0.0,0.5,none,True,True
45021,1.0,0.0,0.5,none,True,True
45022,1.0,0.0,0.5,none,True,True
45023,1.0,0.0,0.5,none,True,True
45024,1.0,0.0,0.5,none,True,True
45025,1.0,0.0,0.5,none,True,True
45026,1.0,0.0,0.5,none,True,True
45027,1.0,0.0,0.5,none,True,True
45028,1.0,0.0,0.5,none,True,True
45029,1.0,0.0,0.5,none,True,True
45030,1.0,0.0,0.5,none,True,True
45031,1.0,0.0,0.5,none,True,True
45032,1.0,0.0,0.5,none,True,True
45033,1.0,0.0,0.5,none,True,True
45034,1.0,0.0,0.5,none,True,True
45035,1.0,0.0,0.5,none,True,True
45036,1.0,0.0,0.5,none,True,True
45037,1.0,0.0,0.5,none,True,True
45038,1.0,0.0,0.5,none,True,True
45039,1.0,0.0,0.5,none,True,True
45040,1.0,0.0,0.5,none,True,True
45041,1.0,0.0,0.5,none,True,True
45042,1.0,0.0,0.5,none,True,True
45043,1.0,0.0,0.5,none,True,True
45044,1.0,0.0,0.5,none,True,True
45045,1.0,0.0,0.5,none,True,True
45046,1.0,0.0,0.5,none,True,True
45047,1.0,0.0,0.5,none,True,True
45048,1.0,0.0,0.5,none,True,True
45049,1.0,0.0,0.5,none,True,True
45050,1.0,0.0,0.5,none,True,True
45051,1.0,0.0,0.5,none,True,True
45052,1.0,0.0,0.5,none,True,True
45053,1.0,0.0,0.5,none,True,True
45054,1.0,0.0,0.5,none,True,True
45055,1.0,0.0,0.5,none,True,True
45056,1.0,0.0,0.5,none,True,True
45057,1.0,0.0,0.5,none,True,True
45058,1.0,0.0,0.5,none,True,True
45059,1.0,0.0,0.5,none,True,True
45060,1.0,0.0,0.5,none,True,True
45061,1.0,0.0,0.5,none,True,True
45062,1.0,0.0,0.5,none,True,True
45063,1.0,0.0,0.5,none,True,True
45064,1.0,0.0,0.5,none,True,True
45065,1.0,0.0,0.5,none,True,True
45066,1.0,0.0,0.5,none,True,True
45067,1.0,0.0,0.5,none,True,True
45068,1.0,0.0,0.5,none,True,True
45069,1.0,0.0,0.5,none,True,True
45070,1.0,0.0,0.5,none,True,True
45071,1.0,0.0,0.5,none,True,True
45072,1.0,0.0,0.5,none,True,True
45073,1.0,0.0,0.5,none,True,True
45074,1.0,0.0,0.5,none,True,True
45075,1.0,0.0,0.5,none,True,True
45076,1.0,0.0,0.5,none,True,True
45077,1.0,0.0,0.5,none,True,True
45078,1.0,0.0,0.5,none,True,True
45079,1.0,0.0,0.5,none,True,True
45080,1.0,0.0,0.5,none,True,True
45081,1.0,0.0,0.5,none,True,True
45082,1.0,0.0,0.5,none,True,True
45083,1.0,0.0,0.5,none,True,True
45084,1.0,0.0,0.5,none,True,True
45085,1.0,0.0,0.5,none,True,True
45086,1.0,0.0,0.5,none,True,True
45087,1.0,0.0,0.5,none,True,True
45088,1.0,0.0,0.5,none,True,True
45089,1.0,0.0,0.5,none,True,True
45090,1.0,0.0,0.5,none,True,True
45091,1.0,0.0,0.5,none,True,True
45092,1.0,0.0,0.5,none,True,True
45093,1.0,0.0,0.5,none,True,True
45094,1.0,0.0,0.5,none,True,True
45095,1.0,0.0,0.5,none,True,True
45096,1.0,0.0,0.5,none,True,True
45097,1.0,0.0,0.5,none,True,True
45098,1.0,0.0,0.5,none,True,True
45099,1.0,0.0,0.5,none,True,True
45100,1.0,0.0,0.5,none,True,True
45101,1.0,0.0,0.5,none,True,True
45102,1.0,0.0,0.5,none,True,True
45103,1.0,0.0,0.5,none,True,True
45104,1.0,0.0,0.5,none,True,True
45105,1.0,0.0,0.5,none,True,True
45106,1.0,0.0,0.5,none,True,True
45107,1.0,0.0,0.5,none,True,True
45108,1.0,0.0,0.5,none,True,True
45109,1.0,0.0,0.5,none,True,True
45110,1.0,0.0,0.5,none,True,True
45111,1.0,0.0,0.5,none,True,True
45112,1.0,0.0,0.5,none,True,True
45113,1.0,0.0,0.5,none,True,True
45114,1.0,0.0,0.5,none,True,True
45115,1.0,0.0,0.5,none,True,True
45116,1.0,0.0,0.5,none,True,True
45117,1.0,0.0,0.5,none,True,True
45118,1.0,0.0,0.5,none,True,True
45119,1.0,0.0,0.5,none,True,True
45120,1.0,0.0,0.5,none,True,True
45121,1.0,0.0,0.5,none,True,True
45122,1.0,0.0,0.5,none,True,True
45123,1.0,0.0,0.5,none,True,True
45124,1.0,0.0,0.5,none,True,True
45125,1.0,0.0,0.5,none,True,True
45126,1.0,0.0,0.5,none,True,True
45127,1.0,0.0,0.5,none,True,True
45128,1.0,0.0,0.5,none,True,True
45129,1.0,0.0,0.5,none,True,True
45130,1.0,0.0,0.5,none,True,True
45131,1.0,0.0,0.5,none,True,True
45132,1.0,0.0,0.5,none,True,True
45133,1.0,0.0,0.5,none,True,True
45134,1.0,0.0,0.5,none,True,True
45135,1.0,0.0,0.5,none,True,True
45136,1.0,0.0,0.5,none,True,True
45137,1.0,0.0,0.5,none,True,True
45138,1.0,0.0,0.5,none,True,True
45139,1.0,0.0,0.5,none,True,True
45140,1.0,0.0,0.5,none,True,True
45141,1.0,0.0,0.5,none,True,True
45142,1.0,0.0,0.5,none,True,True
45143,1.0,0.0,0.5,none,True,True
45144,1.0,0.0,0.5,none,True,True
45145,1.0,0.0,0.5,none,True,True
45146,1.0,0.0,0.5,none,True,True
45147,1.0,0.0,0.5,none,True,True
45148,1.0,0.0,0.5,none,True,True
45149,1.0,0.0,0.5,none,True,True
45150,1.0,0.0,0.5,none,True,True
45151,1.0,0.0,0.5,none,True,True
45152,1.0,0.0,0.5,none,True,True
45153,1.0,0.0,0.5,none,True,True
45154,1.0,0.0,0.5,none,True,True
45155,1.0,0.0,0.5,none,True,True
45156,1.0,0.0,0.5,none,True,True
45157,1.0,0.0,0.5,none,True,True
45158,1.0,0.0,0.5,none,True,True
45159,1.0,0.0,0.5,none,True,True
45160,1.0,0.0,0.5,none,True,True
45161,1.0,0.0,0.5,none,True,True
45162,1.0,0.0,0.5,none,True,True
45163,1.0,0.0,0.5,none,True,True
45164,1.0,0.0,0.5,none,True,True
45165,1.0,0.0,0.5,none,True,True
45166,1.0,0.0,0.5,none,True,True
45167,1.0,0.0,0.5,none,True,True
45168,1.0,0.0,0.5,none,True,True
45169,1.0,0.0,0.5,none,True,True
45170,1.0,0.0,0.5,none,True,True
45171,1.0,0.0,0.5,none,True,True
45172,1.0,0.0,0.5,none,True,True
45173,1.0,0.0,0.5,none,True,True
45174,1.0,0.0,0.5,none,True,True
45175,1.0,0.0,0.5,none,True,True
45176,1.0,0.0,0.5,none,True,True
45177,1.0,0.0,0.5,none,True,True
45178,1.0,0.0,0.5,none,True,True
45179,1.0,0.0,0.5,none,True,True
45180,1.0,0.0,0.5,none,True,True
45181,1.0,0.0,0.5,none,True,True
45182,1.0,0.0,0.5,none,True,True
45183,1.0,0.0,0.5,none,True,True
45184,1.0,0.0,0.5,none,True,True
45185,1.0,0.0,0.5,none,True,True
45186,1.0,0.0,0.5,none,True,True
45187,1.0,0.0,0.5,none,True,True
45188,1.0,0.0,0.5,none,True,True
45189,1.0,0.0,0.5,none,True,True
45190,1.0,0.0,0.5,none,True,True
45191,1.0,0.0,0.5,none,True,True
45192,1.0,0.0,0.5,none,True,True
45193,1.0,0.0,0.5,none,True,True
45194,1.0,0.0,0.5,none,True,True
45195,1.0,0.0,0.5,none,True,True
45196,1.0,0.0,0.5,none,True,True
45197,1.0,0.0,0.5,none,True,True
45198,1.0,0.0,0.5,none,True,True
45199,1.0,0.0,0.5,none,True,True
45200,1.0,0.0,0.5,none,True,True
45201,1.0,0.0,0.5,none,True,True
45202,1.0,0.0,0.5,none,True,True
45203,1.0,0.0,0.5,none,True,True
45204,1.0,0.0,0.5,none,True,True
45205,1.0,0.0,0.5,none,True,True
45206,1.0,0.0,0.5,none,True,True
45207,1.0,0.0,0.5,none,True,True
45208,1.0,0.0,0.5,none,True,True
45209,1.0,0.0,0.5,none,True,True
45210,1.0,0.0,0.5,none,True,True
45211,1.0,0.0,0.5,none,True,True
45212,1.0,0.0,0.5,none,True,True
45213,1.0,0.0,0.5,none,True,True
45214,1.0,0.0,0.5,none,True,True
45215,1.0,0.0,0.5,none,True,True
45216,1.0,0.0,0.5,none,True,True
45217,1.0,0.0,0.5,none,True,True
45218,1.0,0.0,0.5,none,True,True
45219,1.0,0.0,0.5,none,True,True
45220,1.0,0.0,0.5,none,True,True
45221,1.0,0.0,0.5,none,True,True
45222,1.0,0.0,0.5,none,True,True
45223,1.0,0.0,0.5,none,True,True
45224,1.0,0.0,0.5,none,True,True
45225,1.0,0.0,0.5,none,True,True
45226,1.0,0.0,0.5,none,True,True
45227,1.0,0.0,0.5,none,True,True
45228,1.0,0.0,0.5,none,True,True
45229,1.0,0.0,0.5,none,True,True
45230,1.0,0.0,0.5,none,True,True
45231,1.0,0.0,0.5,none,True,True
45232,1.0,0.0,0.5,none,True,True
45233,1.0,0.0,0.5,none,True,True
45234,1.0,0.0,0.5,none,True,True
45235,1.0,0.0,0.5,none,True,True
45236,1.0,0.0,0.5,none,True,True
45237,1.0,0.0,0.5,none,True,True
45238,1.0,0.0,0.5,none,True,True
45239,1.0,0.0,0.5,none,True,True
45240,1.0,0.0,0.5,none,True,True
45241,1.0,0.0,0.5,none,True,True
45242,1.0,0.0,0.5,none,True,True
45243,1.0,0.0,0.5,none,True,True
45244,1.0,0.0,0.5,none,True,True
45245,1.0,0.0,0.5,none,True,True
45246,1.0,0.0,0.5,none,True,True
45247,1.0,0.0,0.5,none,True,True
45248,1.0,0.0,0.5,none,True,True
45249,1.0,0.0,0.5,none,True,True
45250,1.0,0.0,0.5,none,True,True
45251,1.0,0.0,0.5,none,True,True
45252,1.0,0.0,0.5,none,True,True
45253,1.0,0.0,0.5,none,True,True
45254,1.0,0.0,0.5,none,True,True
45255,1.0,0.0,0.5,none,True,True
45256,1.0,0.0,0.5,none,True,True
45257,1.0,0.0,0.5,none,True,True
45258,1.0,0.0,0.5,none,True,True
45259,1.0,0.0,0.5,none,True,True
45260,1.0,0.0,0.5,none,True,True
45261,1.0,0.0,0.5,none,True,True
45262,1.0,0.0,0.5,none,True,True
45263,1.0,0.0,0.5,none,True,True
45264,1.0,0.0,0.5,none,True,True
45265,1.0,0.0,0.5,none,True,True
45266,1.0,0.0,0.5,none,True,True
45267,1.0,0.0,0.5,none,True,True
45268,1.0,0.0,0.5,none,True,True
45269,1.0,0.0,0.5,none,True,True
45270,1.0,0.0,0.5,none,True,True
45271,1.0,0.0,0.5,none,True,True
45272,1.0,0.0,0.5,none,True,True
45273,1.0,0.0,0.5,none,True,True
45274,1.0,0.0,0.5,none,True,True
45275,1.0,0.0,0.5,none,True,True
45276,1.0,0.0,0.5,none,True,True
45277,1.0,0.0,0.5,none,True,True
45278,1.0,0.0,0.5,none,True,True
45279,1.0,0.0,0.5,none,True,True
45280,1.0,0.0,0.5,none,True,True
45281,1.0,0.0,0.5,none,True,True
45282,1.0,0.0,0.5,none,True,True
45283,1.0,0.0,0.5,none,True,True
45284,1.0,0.0,0.5,none,True,True
45285,1.0,0.0,0.5,none,True,True
45286,1.0,0.0,0.5,none,True,True
45287,1.0,0.0,0.5,none,True,True
45288,1.0,0.0,0.5,none,True,True
45289,1.0,0.0,0.5,none,True,True
45290,1.0,0.0,0.5,none,True,True
45291,1.0,0.0,0.5,none,True,True
45292,1.0,0.0,0.5,none,True,True
45293,1.0,0.0,0.5,none,True,True
45294,1.0,0.0,0.5,none,True,True
45295,1.0,0.0,0.5,none,True,True
45296,1.0,0.0,0.5,none,True,True
45297,1.0,0.0,0.5,none,True,True
45298,1.0,0.0,0.5,none,True,True
45299,1.0,0.0,0.5,none,True,True
45300,1.0,0.0,0.5,none,True,True
45301,1.0,0.0,0.5,none,True,True
45302,1.0,0.0,0.5,none,True,True
45303,1.0,0.0,0.5,none,True,True
45304,1.0,0.0,0.5,none,True,True
45305,1.0,0.0,0.5,none,True,True
45306,1.0,0.0,0.5,none,True,True
45307,1.0,0.0,0.5,none,True,True
45308,1.0,0.0,0.5,none,True,True
45309,1.0,0.0,0.5,none,True,True
45310,1.0,0.0,0.5,none,True,True
45311,1.0,0.0,0.5,none,True,True
45312,1.0,0.0,0.5,none,True,True
45313,1.0,0.0,0.5,none,True,True
45314,1.0,0.0,0.5,none,True,True
45315,1.0,0.0,0.5,none,True,True
45316,1.0,0.0,0.5,none,True,True
45317,1.0,0.0,0.5,none,True,True
45318,1.0,0.0,0.5,none,True,True
45319,1.0,0.0,0.5,none,True,True
45320,1.0,0.0,0.5,none,True,True
45321,1.0,0.0,0.5,none,True,True
45322,1.0,0.0,0.5,none,True,True
45323,1.0,0.0,0.5,none,True,True
45324,1.0,0.0,0.5,none,True,True
45325,1.0,0.0,0.5,none,True,True
45326,1.0,0.0,0.5,none,True,True
45327,1.0,0.0,0.5,none,True,True
45328,1.0,0.0,0.5,none,True,True
45329,1.0,0.0,0.5,none,True,True
45330,1.0,0.0,0.5,none,True,True
45331,1.0,0.0,0.5,none,True,True
45332,1.0,0.0,0.5,none,True,True
45333,1.0,0.0,0.5,none,True,True
45334,1.0,0.0,0.5,none,True,True
45335,1.0,0.0,0.5,none,True,True
45336,1.0,0.0,0.5,none,True,True
45337,1.0,0.0,0.5,none,True,True
45338,1.0,0.0,0.5,none,True,True
45339,1.0,0.0,0.5,none,True,True
45340,1.0,0.0,0.5,none,True,True
45341,1.0,0.0,0.5,none,True,True
45342,1.0,0.0,0.5,none,True,True
45343,1.0,0.0,0.5,none,True,True
45344,1.0,0.0,0.5,none,True,True
45345,1.0,0.0,0.5,none,True,True
45346,1.0,0.0,0.5,none,True,True
45347,1.0,0.0,0.5,none,True,True
45348,1.0,0.0,0.5,none,True,True
45349,1.0,0.0,0.5,none,True,True
45350,1.0,0.0,0.5,none,True,True
45351,1.0,0.0,0.5,none,True,True
45352,1.0,0.0,0.5,none,True,True
45353,1.0,0.0,0.5,none,True,True
45354,1.0,0.0,0.5,none,True,True
45355,1.0,0.0,0.5,none,True,True
45356,1.0,0.0,0.5,none,True,True
45357,1.0,0.0,0.5,none,True,True
45358,1.0,0.0,0.5,none,True,True
45359,1.0,0.0,0.5,none,True,True
45360,1.0,0.0,0.5,none,True,True
45361,1.0,0.0,0.5,none,True,True
45362,1.0,0.0,0.5,none,True,True
45363,1.0,0.0,0.5,none,True,True
45364,1.0,0.0,0.5,none,True,True
45365,1.0,0.0,0.5,none,True,True
45366,1.0,0.0,0.5,none,True,True
45367,1.0,0.0,0.5,none,True,True
45368,1.0,0.0,0.5,none,True,True
45369,1.0,0.0,0.5,none,True,True
45370,1.0,0.0,0.5,none,True,True
45371,1.0,0.0,0.5,none,True,True
45372,1.0,0.0,0.5,none,True,True
45373,1.0,0.0,0.5,none,True,True
45374,1.0,0.0,0.5,none,True,True
45375,1.0,0.0,0.5,none,True,True
45376,1.0,0.0,0.5,none,True,True
45377,1.0,0.0,0.5,none,True,True
45378,1.0,0.0,0.5,none,True,True
45379,1.0,0.0,0.5,none,True,True
45380,1.0,0.0,0.5,none,True,True
45381,1.0,0.0,0.5,none,True,True
45382,1.0,0.0,0.5,none,True,True
45383,1.0,0.0,0.5,none,True,True
45384,1.0,0.0,0.5,none,True,True
45385,1.0,0.0,0.5,none,True,True
45386,1.0,0.0,0.5,none,True,True
45387,1.0,0.0,0.5,none,True,True
45388,1.0,0.0,0.5,none,True,True
45389,1.0,0.0,0.5,none,True,True
45390,1.0,0.0,0.5,none,True,True
45391,1.0,0.0,0.5,none,True,True
45392,1.0,0.0,0.5,none,True,True
45393,1.0,0.0,0.5,none,True,True
45394,1.0,0.0,0.5,none,True,True
45395,1.0,0.0,0.5,none,True,True
45396,1.0,0.0,0.5,none,True,True
45397,1.0,0.0,0.5,none,True,True
45398,1.0,0.0,0.5,none,True,True
45399,1.0,0.0,0.5,none,True,True
45400,1.0,0.0,0.5,none,True,True
45401,1.0,0.0,0.5,none,True,True
45402,1.0,0.0,0.5,none,True,True
45403,1.0,0.0,0.5,none,True,True
45404,1.0,0.0,0.5,none,True,True
45405,1.0,0.0,0.5,none,True,True
45406,1.0,0.0,0.5,none,True,True
45407,1.0,0.0,0.5,none,True,True
45408,1.0,0.0,0.5,none,True,True
45409,1.0,0.0,0.5,none,True,True
45410,1.0,0.0,0.5,none,True,True
45411,1.0,0.0,0.5,none,True,True
45412,1.0,0.0,0.5,none,True,True
45413,1.0,0.0,0.5,none,True,True
45414,1.0,0.0,0.5,none,True,True
45415,1.0,0.0,0.5,none,True,True
45416,1.0,0.0,0.5,none,True,True
45417,1.0,0.0,0.5,none,True,True
45418,1.0,0.0,0.5,none,True,True
45419,1.0,0.0,0.5,none,True,True
45420,1.0,0.0,0.5,none,True,True
45421,1.0,0.0,0.5,none,True,True
45422,1.0,0.0,0.5,none,True,True
45423,1.0,0.0,0.5,none,True,True
45424,1.0,0.0,0.5,none,True,True
45425,1.0,0.0,0.5,none,True,True
45426,1.0,0.0,0.5,none,True,True
45427,1.0,0.0,0.5,none,True,True
45428,1.0,0.0,0.5,none,True,True
45429,1.0,0.0,0.5,none,True,True
45430,1.0,0.0,0.5,none,True,True
45431,1.0,0.0,0.5,none,True,True
45432,1.0,0.0,0.5,none,True,True
45433,1.0,0.0,0.5,none,True,True
45434,1.0,0.0,0.5,none,True,True
45435,1.0,0.0,0.5,none,True,True
45436,1.0,0.0,0.5,none,True,True
45437,1.0,0.0,0.5,none,True,True
45438,1.0,0.0,0.5,none,True,True
45439,1.0,0.0,0.5,none,True,True
45440,1.0,0.0,0.5,none,True,True
45441,1.0,0.0,0.5,none,True,True
45442,1.0,0.0,0.5,none,True,True
45443,1.0,0.0,0.5,none,True,True
45444,1.0,0.0,0.5,none,True,True
45445,1.0,0.0,0.5,none,True,True
45446,1.0,0.0,0.5,none,True,True
45447,1.0,0.0,0.5,none,True,True
45448,1.0,0.0,0.5,none,True,True
45449,1.0,0.0,0.5,none,True,True
45450,1.0,0.0,0.5,none,True,True
45451,1.0,0.0,0.5,none,True,True
45452,1.0,0.0,0.5,none,True,True
45453,1.0,0.0,0.5,none,True,True
45454,1.0,0.0,0.5,none,True,True
45455,1.0,0.0,0.5,none,True,True
45456,1.0,0.0,0.5,none,True,True
45457,1.0,0.0,0.5,none,True,True
45458,1.0,0.0,0.5,none,True,True
45459,1.0,0.0,0.5,none,True,True
45460,1.0,0.0,0.5,none,True,True
45461,1.0,0.0,0.5,none,True,True
45462,1.0,0.0,0.5,none,True,True
45463,1.0,0.0,0.5,none,True,True
45464,1.0,0.0,0.5,none,True,True
45465,1.0,0.0,0.5,none,True,True
45466,1.0,0.0,0.5,none,True,True
45467,1.0,0.0,0.5,none,True,True
45468,1.0,0.0,0.5,none,True,True
45469,1.0,0.0,0.5,none,True,True
45470,1.0,0.0,0.5,none,True,True
45471,1.0,0.0,0.5,none,True,True
45472,1.0,0.0,0.5,none,True,True
45473,1.0,0.0,0.5,none,True,True
45474,1.0,0.0,0.5,none,True,True
45475,1.0,0.0,0.5,none,True,True
45476,1.0,0.0,0.5,none,True,True
45477,1.0,0.0,0.5,none,True,True
45478,1.0,0.0,0.5,none,True,True
45479,1.0,0.0,0.5,none,True,True
45480,1.0,0.0,0.5,none,True,True
45481,1.0,0.0,0.5,none,True,True
45482,1.0,0.0,0.5,none,True,True
45483,1.0,0.0,0.5,none,True,True
45484,1.0,0.0,0.5,none,True,True
45485,1.0,0.0,0.5,none,True,True
45486,1.0,0.0,0.5,none,True,True
45487,1.0,0.0,0.5,none,True,True
45488,1.0,0.0,0.5,none,True,True
45489,1.0,0.0,0.5,none,True,True
45490,1.0,0.0,0.5,none,True,True
45491,1.0,0.0,0.5,none,True,True
45492,1.0,0.0,0.5,none,True,True
45493,1.0,0.0,0.5,none,True,True
45494,1.0,0.0,0.5,none,True,True
45495,1.0,0.0,0.5,none,True,True
45496,1.0,0.0,0.5,none,True,True
45497,1.0,0.0,0.5,none,True,True
45498,1.0,0.0,0.5,none,True,True
45499,1.0,0.0,0.5,none,True,True
45500,1.0,0.0061,0.5,none,True,True
45501,1.0,0.0357,0.5,none,True,True
45502,1.0,0.0812,0.5,none,True,True
45503,1.0,0.1113,0.5,none,True,True
45504,1.0,0.1253,0.5,none,True,True
45505,1.0,0.1408,0.5,none,True,True
45506,1.0,0.0907,0.5,none,True,True
45507,1.0,0.1198,0.5,none,True,True
45508,1.0,0.0467,0.5,none,True,True
45509,1.0,0.0522,0.5,none,True,True
45510,1.0,0.0405,0.5,none,True,True
45511,1.0,0.0313,0.5,none,True,True
45512,1.0,0.0083,0.5,none,True,True
45513,1.0,0.0726,0.5,none,True,True
45514,1.0,0.0793,0.5,none,True,True
45515,1.0,0.0581,0.5,none,True,True
45516,1.0,0.0955,0.5,none,True,True
45517,1.0,0.0839,0.5,none,True,True
45518,1.0,0.0648,0.5,none,True,True
45519,1.0,0.0718,0.5,none,True,True
45520,1.0,0.0589,0.5,none,True,True
45521,1.0,0.0403,0.5,none,True,True
45522,1.0,0.0327,0.5,none,True,True
45523,1.0,0.0277,0.5,none,True,True
45524,1.0,0.017,0.5,none,True,True
45525,1.0,0.0102,0.5,none,True,True
45526,1.0,0.0099,0.5,none,True,True
45527,1.0,0.008,0.5,none,True,True
45528,1.0,0.005,0.5,none,True,True
45529,1.0,0.0063,0.5,none,True,True
45530,1.0,0.009,0.5,none,True,True
45531,1.0,0.0096,0.5,none,True,True
45532,1.0,0.0108,0.5,none,True,True
45533,1.0,0.014,0.5,none,True,True
45534,1.0,0.0161,0.5,none,True,True
45535,1.0,0.0167,0.5,none,True,True
45536,1.0,0.0182,0.5,none,True,True
45537,1.0,0.0196,0.5,none,True,True
45538,1.0,0.0197,0.5,none,True,True
45539,1.0,0.0193,0.5,none,True,True
45540,1.0,0.0193,0.5,none,True,True
45541,1.0,0.0187,0.5,none,True,True
45542,1.0,0.0174,0.5,none,True,True
45543,1.0,0.0163,0.5,none,True,True
45544,1.0,0.0152,0.5,none,True,True
45545,1.0,0.0138,0.5,none,True,True
45546,1.0,0.0123,0.5,none,True,True
45547,1.0,0.0111,0.5,none,True,True
45548,1.0,0.01,0.5,none,True,True
45549,1.0,0.0088,0.5,none,True,True
45550,1.0,0.0078,0.5,none,True,True
45551,1.0,0.0071,0.5,none,True,True
45552,1.0,0.0064,0.5,none,True,True
45553,1.0,0.0057,0.5,none,True,True
45554,1.0,0.0053,0.5,none,True,True
45555,1.0,0.005,0.5,none,True,True
45556,1.0,0.0047,0.5,none,True,True
45557,1.0,0.0045,0.5,none,True,True
45558,1.0,0.0044,0.5,none,True,True
45559,1.0,0.0043,0.5,none,True,True
45560,1.0,0.0042,0.5,none,True,True
45561,1.0,0.0041,0.5,none,True,True
45562,1.0,0.004,0.5,none,True,True
45563,1.0,0.0039,0.5,none,True,True
45564,1.0,0.0038,0.5,none,True,True
45565,1.0,0.0037,0.5,none,True,True
45566,1.0,0.0035,0.5,none,True,True
45567,1.0,0.0033,0.5,none,True,True
45568,1.0,0.0032,0.5,none,True,True
45569,1.0,0.003,0.5,none,True,True
45570,1.0,0.0028,0.5,none,True,True
45571,1.0,0.0026,0.5,none,True,True
45572,1.0,0.0024,0.5,none,True,True
45573,1.0,0.0023,0.5,none,True,True
45574,1.0,0.0021,0.5,none,True,True
45575,1.0,0.0019,0.5,none,True,True
45576,1.0,0.0018,0.5,none,True,True
45577,1.0,0.0017,0.5,none,True,True
45578,1.0,0.0015,0.5,none,True,True
45579,1.0,0.0014,0.5,none,True,True
45580,1.0,0.0013,0.5,none,True,True
45581,1.0,0.0013,0.5,none,True,True
45582,1.0,0.0012,0.5,none,True,True
45583,1.0,0.0011,0.5,none,True,True
45584,1.0,0.0011,0.5,none,True,True
45585,1.0,0.001,0.5,none,True,True
45586,1.0,0.001,0.5,none,True,True
45587,1.0,0.0009,0.5,none,True,True
45588,1.0,0.0009,0.5,none,True,True
45589,1.0,0.0008,0.5,none,True,True
45590,1.0,0.0008,0.5,none,True,True
45591,1.0,0.0008,0.5,none,True,True
45592,1.0,0.0007,0.5,none,True,True
45593,1.0,0.0007,0.5,none,True,True
45594,1.0,0.0006,0.5,none,True,True
45595,1.0,0.0006,0.5,none,True,True
45596,1.0,0.0006,0.5,none,True,True
45597,1.0,0.0005,0.5,none,True,True
45598,1.0,0.0005,0.5,none,True,True
45599,1.0,0.0005,0.5,none,True,True
45600,1.0,0.0004,0.5,none,True,True
45601,1.0,0.0004,0.5,none,True,True
45602,1.0,0.0004,0.5,none,True,True
45603,1.0,0.0004,0.5,none,True,True
45604,1.0,0.0003,0.5,none,True,True
45605,1.0,0.0003,0.5,none,True,True
45606,1.0,0.0003,0.5,none,True,True
45607,1.0,0.0003,0.5,none,True,True
45608,1.0,0.0003,0.5,none,True,True
45609,1.0,0.0003,0.5,none,True,True
45610,1.0,0.0002,0.5,none,True,True
45611,1.0,0.0002,0.5,none,True,True
45612,1.0,0.0002,0.5,none,True,True
45613,1.0,0.0002,0.5,none,True,True
45614,1.0,0.0002,0.5,none,True,True
45615,1.0,0.0002,0.5,none,True,True
45616,1.0,0.0002,0.5,none,True,True
45617,1.0,0.0002,0.5,none,True,True
45618,1.0,0.0002,0.5,none,True,True
45619,1.0,0.0001,0.5,none,True,True
45620,1.0,0.0001,0.5,none,True,True
45621,1.0,0.0001,0.5,none,True,True
45622,1.0,0.0001,0.5,none,True,True
45623,1.0,0.0001,0.5,none,True,True
45624,1.0,0.0001,0.5,none,True,True
45625,1.0,0.0001,0.5,none,True,True
45626,1.0,0.0001,0.5,none,True,True
45627,1.0,0.0001,0.5,none,True,True
45628,1.0,0.0001,0.5,none,True,True
45629,1.0,0.0001,0.5,none,True,True
45630,1.0,0.0001,0.5,none,True,True
45631,1.0,0.0001,0.5,none,True,True
45632,1.0,0.0001,0.5,none,True,True
45633,1.0,0.0001,0.5,none,True,True
45634,1.0,0.0001,0.5,none,True,True
45635,1.0,0.0001,0.5,none,True,True
45636,1.0,0.0001,0.5,none,True,True
45637,1.0,0.0,0.5,none,True,True
45638,1.0,0.0,0.5,none,True,True
45639,1.0,0.0,0.5,none,True,True
45640,1.0,0.0,0.5,none,True,True
45641,1.0,0.0,0.5,none,True,True
45642,1.0,0.0,0.5,none,True,True
45643,1.0,0.0,0.5,none,True,True
45644,1.0,0.0,0.5,none,True,True
45645,1.0,0.0,0.5,none,True,True
45646,1.0,0.0,0.5,none,True,True
45647,1.0,0.0,0.5,none,True,True
45648,1.0,0.0,0.5,none,True,True
45649,1.0,0.0,0.5,none,True,True
45650,1.0,0.0,0.5,none,True,True
45651,1.0,0.0,0.5,none,True,True
45652,1.0,0.0,0.5,none,True,True
45653,1.0,0.0,0.5,none,True,True
45654,1.0,0.0,0.5,none,True,True
45655,1.0,0.0,0.5,none,True,True
45656,1.0,0.0,0.5,none,True,True
45657,1.0,0.0,0.5,none,True,True
45658,1.0,0.0,0.5,none,True,True
45659,1.0,0.0,0.5,none,True,True
45660,1.0,0.0,0.5,none,True,True
45661,1.0,0.0,0.5,none,True,True
45662,1.0,0.0,0.5,none,True,True
45663,1.0,0.0,0.5,none,True,True
45664,1.0,0.0,0.5,none,True,True
45665,1.0,0.0,0.5,none,True,True
45666,1.0,0.0,0.5,none,True,True
45667,1.0,0.0,0.5,none,True,True
45668,1.0,0.0,0.5,none,True,True
45669,1.0,0.0,0.5,none,True,True
45670,1.0,0.0,0.5,none,True,True
45671,1.0,0.0,0.5,none,True,True
45672,1.0,0.0,0.5,none,True,True
45673,1.0,0.0,0.5,none,True,True
45674,1.0,0.0,0.5,none,True,True
45675,1.0,0.0,0.5,none,True,True
45676,1.0,0.0,0.5,none,True,True
45677,1.0,0.0,0.5,none,True,True
45678,1.0,0.0,0.5,none,True,True
45679,1.0,0.0,0.5,none,True,True
45680,1.0,0.0,0.5,none,True,True
45681,1.0,0.0,0.5,none,True,True
45682,1.0,0.0,0.5,none,True,True
45683,1.0,0.0,0.5,none,True,True
45684,1.0,0.0,0.5,none,True,True
45685,1.0,0.0,0.5,none,True,True
45686,1.0,0.0,0.5,none,True,True
45687,1.0,0.0,0.5,none,True,True
45688,1.0,0.0,0.5,none,True,True
45689,1.0,0.0,0.5,none,True,True
45690,1.0,0.0,0.5,none,True,True
45691,1.0,0.0,0.5,none,True,True
45692,1.0,0.0,0.5,none,True,True
45693,1.0,0.0,0.5,none,True,True
45694,1.0,0.0,0.5,none,True,True
45695,1.0,0.0,0.5,none,True,True
45696,1.0,0.0,0.5,none,True,True
45697,1.0,0.0,0.5,none,True,True
45698,1.0,0.0,0.5,none,True,True
45699,1.0,0.0,0.5,none,True,True
45700,1.0,0.0,0.5,none,True,True
45701,1.0,0.0,0.5,none,True,True
45702,1.0,0.0,0.5,none,True,True
45703,1.0,0.0,0.5,none,True,True
45704,1.0,0.0,0.5,none,True,True
45705,1.0,0.0,0.5,none,True,True
45706,1.0,0.0,0.5,none,True,True
45707,1.0,0.0,0.5,none,True,True
45708,1.0,0.0,0.5,none,True,True
45709,1.0,0.0,0.5,none,True,True
45710,1.0,0.0,0.5,none,True,True
45711,1.0,0.0,0.5,none,True,True
45712,1.0,0.0,0.5,none,True,True
45713,1.0,0.0,0.5,none,True,True
45714,1.0,0.0,0.5,none,True,True
45715,1.0,0.0,0.5,none,True,True
45716,1.0,0.0,0.5,none,True,True
45717,1.0,0.0,0.5,none,True,True
45718,1.0,0.0,0.5,none,True,True
45719,1.0,0.0,0.5,none,True,True
45720,1.0,0.0,0.5,none,True,True
45721,1.0,0.0,0.5,none,True,True
45722,1.0,0.0,0.5,none,True,True
45723,1.0,0.0,0.5,none,True,True
45724,1.0,0.0,0.5,none,True,True
45725,1.0,0.0,0.5,none,True,True
45726,1.0,0.0,0.5,none,True,True
45727,1.0,0.0,0.5,none,True,True
45728,1.0,0.0,0.5,none,True,True
45729,1.0,0.0,0.5,none,True,True
45730,1.0,0.0,0.5,none,True,True
45731,1.0,0.0,0.5,none,True,True
45732,1.0,0.0,0.5,none,True,True
45733,1.0,0.0,0.5,none,True,True
45734,1.0,0.0,0.5,none,True,True
45735,1.0,0.0,0.5,none,True,True
45736,1.0,0.0,0.5,none,True,True
45737,1.0,0.0,0.5,none,True,True
45738,1.0,0.0,0.5,none,True,True
45739,1.0,0.0,0.5,none,True,True
45740,1.0,0.0,0.5,none,True,True
45741,1.0,0.0,0.5,none,True,True
45742,1.0,0.0,0.5,none,True,True
45743,1.0,0.0,0.5,none,True,True
45744,1.0,0.0,0.5,none,True,True
45745,1.0,0.0,0.5,none,True,True
45746,1.0,0.0,0.5,none,True,True
45747,1.0,0.0,0.5,none,True,True
45748,1.0,0.0,0.5,none,True,True
45749,1.0,0.0,0.5,none,True,True
45750,1.0,0.0,0.5,none,True,True
45751,1.0,0.0,0.5,none,True,True
45752,1.0,0.0,0.5,none,True,True
45753,1.0,0.0,0.5,none,True,True
45754,1.0,0.0,0.5,none,True,True
45755,1.0,0.0,0.5,none,True,True
45756,1.0,0.0,0.5,none,True,True
45757,1.0,0.0,0.5,none,True,True
45758,1.0,0.0,0.5,none,True,True
45759,1.0,0.0,0.5,none,True,True
45760,1.0,0.0,0.5,none,True,True
45761,1.0,0.0,0.5,none,True,True
45762,1.0,0.0,0.5,none,True,True
45763,1.0,0.0,0.5,none,True,True
45764,1.0,0.0,0.5,none,True,True
45765,1.0,0.0,0.5,none,True,True
45766,1.0,0.0,0.5,none,True,True
45767,1.0,0.0,0.5,none,True,True
45768,1.0,0.0,0.5,none,True,True
45769,1.0,0.0,0.5,none,True,True
45770,1.0,0.0,0.5,none,True,True
45771,1.0,0.0,0.5,none,True,True
45772,1.0,0.0,0.5,none,True,True
45773,1.0,0.0,0.5,none,True,True
45774,1.0,0.0,0.5,none,True,True
45775,1.0,0.0,0.5,none,True,True
45776,1.0,0.0,0.5,none,True,True
45777,1.0,0.0,0.5,none,True,True
45778,1.0,0.0,0.5,none,True,True
45779,1.0,0.0,0.5,none,True,True
45780,1.0,0.0,0.5,none,True,True
45781,1.0,0.0,0.5,none,True,True
45782,1.0,0.0,0.5,none,True,True
45783,1.0,0.0,0.5,none,True,True
45784,1.0,0.0,0.5,none,True,True
45785,1.0,0.0,0.5,none,True,True
45786,1.0,0.0,0.5,none,True,True
45787,1.0,0.0,0.5,none,True,True
45788,1.0,0.0,0.5,none,True,True
45789,1.0,0.0,0.5,none,True,True
45790,1.0,0.0,0.5,none,True,True
45791,1.0,0.0,0.5,none,True,True
45792,1.0,0.0,0.5,none,True,True
45793,1.0,0.0,0.5,none,True,True
45794,1.0,0.0,0.5,none,True,True
45795,1.0,0.0,0.5,none,True,True
45796,1.0,0.0,0.5,none,True,True
45797,1.0,0.0,0.5,none,True,True
45798,1.0,0.0,0.5,none,True,True
45799,1.0,0.0,0.5,none,True,True
45800,1.0,0.0,0.5,none,True,True
45801,1.0,0.0,0.5,none,True,True
45802,1.0,0.0,0.5,none,True,True
45803,1.0,0.0,0.5,none,True,True
45804,1.0,0.0,0.5,none,True,True
45805,1.0,0.0,0.5,none,True,True
45806,1.0,0.0,0.5,none,True,True
45807,1.0,0.0,0.5,none,True,True
45808,1.0,0.0,0.5,none,True,True
45809,1.0,0.0,0.5,none,True,True
45810,1.0,0.0,0.5,none,True,True
45811,1.0,0.0,0.5,none,True,True
45812,1.0,0.0,0.5,none,True,True
45813,1.0,0.0,0.5,none,True,True
45814,1.0,0.0,0.5,none,True,True
45815,1.0,0.0,0.5,none,True,True
45816,1.0,0.0,0.5,none,True,True
45817,1.0,0.0,0.5,none,True,True
45818,1.0,0.0,0.5,none,True,True
45819,1.0,0.0,0.5,none,True,True
45820,1.0,0.0,0.5,none,True,True
45821,1.0,0.0,0.5,none,True,True
45822,1.0,0.0,0.5,none,True,True
45823,1.0,0.0,0.5,none,True,True
45824,1.0,0.0,0.5,none,True,True
45825,1.0,0.0,0.5,none,True,True
45826,1.0,0.0,0.5,none,True,True
45827,1.0,0.0,0.5,none,True,True
45828,1.0,0.0,0.5,none,True,True
45829,1.0,0.0,0.5,none,True,True
45830,1.0,0.0,0.5,none,True,True
45831,1.0,0.0,0.5,none,True,True
45832,1.0,0.0,0.5,none,True,True
45833,1.0,0.0,0.5,none,True,True
45834,1.0,0.0,0.5,none,True,True
45835,1.0,0.0,0.5,none,True,True
45836,1.0,0.0,0.5,none,True,True
45837,1.0,0.0,0.5,none,True,True
45838,1.0,0.0,0.5,none,True,True
45839,1.0,0.0,0.5,none,True,True
45840,1.0,0.0,0.5,none,True,True
45841,1.0,0.0,0.5,none,True,True
45842,1.0,0.0,0.5,none,True,True
45843,1.0,0.0,0.5,none,True,True
45844,1.0,0.0,0.5,none,True,True
45845,1.0,0.0,0.5,none,True,True
45846,1.0,0.0,0.5,none,True,True
45847,1.0,0.0,0.5,none,True,True
45848,1.0,0.0,0.5,none,True,True
45849,1.0,0.0,0.5,none,True,True
45850,1.0,0.0,0.5,none,True,True
45851,1.0,0.0,0.5,none,True,True
45852,1.0,0.0,0.5,none,True,True
45853,1.0,0.0,0.5,none,True,True
45854,1.0,0.0,0.5,none,True,True
45855,1.0,0.0,0.5,none,True,True
45856,1.0,0.0,0.5,none,True,True
45857,1.0,0.0,0.5,none,True,True
45858,1.0,0.0,0.5,none,True,True
45859,1.0,0.0,0.5,none,True,True
45860,1.0,0.0,0.5,none,True,True
45861,1.0,0.0,0.5,none,True,True
45862,1.0,0.0,0.5,none,True,True
45863,1.0,0.0,0.5,none,True,True
45864,1.0,0.0,0.5,none,True,True
45865,1.0,0.0,0.5,none,True,True
45866,1.0,0.0,0.5,none,True,True
45867,1.0,0.0,0.5,none,True,True
45868,1.0,0.0,0.5,none,True,True
45869,1.0,0.0,0.5,none,True,True
45870,1.0,0.0,0.5,none,True,True
45871,1.0,0.0,0.5,none,True,True
45872,1.0,0.0,0.5,none,True,True
45873,1.0,0.0,0.5,none,True,True
45874,1.0,0.0,0.5,none,True,True
45875,1.0,0.0,0.5,none,True,True
45876,1.0,0.0,0.5,none,True,True
45877,1.0,0.0,0.5,none,True,True
45878,1.0,0.0,0.5,none,True,True
45879,1.0,0.0,0.5,none,True,True
45880,1.0,0.0,0.5,none,True,True
45881,1.0,0.0,0.5,none,True,True
45882,1.0,0.0,0.5,none,True,True
45883,1.0,0.0,0.5,none,True,True
45884,1.0,0.0,0.5,none,True,True
45885,1.0,0.0,0.5,none,True,True
45886,1.0,0.0,0.5,none,True,True
45887,1.0,0.0,0.5,none,True,True
45888,1.0,0.0,0.5,none,True,True
45889,1.0,0.0,0.5,none,True,True
45890,1.0,0.0,0.5,none,True,True
45891,1.0,0.0,0.5,none,True,True
45892,1.0,0.0,0.5,none,True,True
45893,1.0,0.0,0.5,none,True,True
45894,1.0,0.0,0.5,none,True,True
45895,1.0,0.0,0.5,none,True,True
45896,1.0,0.0,0.5,none,True,True
45897,1.0,0.0,0.5,none,True,True
45898,1.0,0.0,0.5,none,True,True
45899,1.0,0.0,0.5,none,True,True
45900,1.0,0.0,0.5,none,True,True
45901,1.0,0.0,0.5,none,True,True
45902,1.0,0.0,0.5,none,True,True
45903,1.0,0.0,0.5,none,True,True
45904,1.0,0.0,0.5,none,True,True
45905,1.0,0.0,0.5,none,True,True
45906,1.0,0.0,0.5,none,True,True
45907,1.0,0.0,0.5,none,True,True
45908,1.0,0.0,0.5,none,True,True
45909,1.0,0.0,0.5,none,True,True
45910,1.0,0.0,0.5,none,True,True
45911,1.0,0.0,0.5,none,True,True
45912,1.0,0.0,0.5,none,True,True
45913,1.0,0.0,0.5,none,True,True
45914,1.0,0.0,0.5,none,True,True
45915,1.0,0.0,0.5,none,True,True
45916,1.0,0.0,0.5,none,True,True
45917,1.0,0.0,0.5,none,True,True
45918,1.0,0.0,0.5,none,True,True
45919,1.0,0.0,0.5,none,True,True
45920,1.0,0.0,0.5,none,True,True
45921,1.0,0.0,0.5,none,True,True
45922,1.0,0.0,0.5,none,True,True
45923,1.0,0.0,0.5,none,True,True
45924,1.0,0.0,0.5,none,True,True
45925,1.0,0.0,0.5,none,True,True
45926,1.0,0.0,0.5,none,True,True
45927,1.0,0.0,0.5,none,True,True
45928,1.0,0.0,0.5,none,True,True
45929,1.0,0.0,0.5,none,True,True
45930,1.0,0.0,0.5,none,True,True
45931,1.0,0.0,0.5,none,True,True
45932,1.0,0.0,0.5,none,True,True
45933,1.0,0.0,0.5,none,True,True
45934,1.0,0.0,0.5,none,True,True
45935,1.0,0.0,0.5,none,True,True
45936,1.0,0.0,0.5,none,True,True
45937,1.0,0.0,0.5,none,True,True
45938,1.0,0.0,0.5,none,True,True
45939,1.0,0.0,0.5,none,True,True
45940,1.0,0.0,0.5,none,True,True
45941,1.0,0.0,0.5,none,True,True
45942,1.0,0.0,0.5,none,True,True
45943,1.0,0.0,0.5,none,True,True
45944,1.0,0.0,0.5,none,True,True
45945,1.0,0.0,0.5,none,True,True
45946,1.0,0.0,0.5,none,True,True
45947,1.0,0.0,0.5,none,True,True
45948,1.0,0.0,0.5,none,True,True
45949,1.0,0.0,0.5,none,True,True
45950,1.0,0.0,0.5,none,True,True
45951,1.0,0.0,0.5,none,True,True
45952,1.0,0.0,0.5,none,True,True
45953,1.0,0.0,0.5,none,True,True
45954,1.0,0.0,0.5,none,True,True
45955,1.0,0.0,0.5,none,True,True
45956,1.0,0.0,0.5,none,True,True
45957,1.0,0.0,0.5,none,True,True
45958,1.0,0.0,0.5,none,True,True
45959,1.0,0.0,0.5,none,True,True
45960,1.0,0.0,0.5,none,True,True
45961,1.0,0.0,0.5,none,True,True
45962,1.0,0.0,0.5,none,True,True
45963,1.0,0.0,0.5,none,True,True
45964,1.0,0.0,0.5,none,True,True
45965,1.0,0.0,0.5,none,True,True
45966,1.0,0.0,0.5,none,True,True
45967,1.0,0.0,0.5,none,True,True
45968,1.0,0.0,0.5,none,True,True
45969,1.0,0.0,0.5,none,True,True
45970,1.0,0.0,0.5,none,True,True
45971,1.0,0.0,0.5,none,True,True
45972,1.0,0.0,0.5,none,True,True
45973,1.0,0.0,0.5,none,True,True
45974,1.0,0.0,0.5,none,True,True
45975,1.0,0.0,0.5,none,True,True
45976,1.0,0.0,0.5,none,True,True
45977,1.0,0.0,0.5,none,True,True
45978,1.0,0.0,0.5,none,True,True
45979,1.0,0.0,0.5,none,True,True
45980,1.0,0.0,0.5,none,True,True
45981,1.0,0.0,0.5,none,True,True
45982,1.0,0.0,0.5,none,True,True
45983,1.0,0.0,0.5,none,True,True
45984,1.0,0.0,0.5,none,True,True
45985,1.0,0.0,0.5,none,True,True
45986,1.0,0.0,0.5,none,True,True
45987,1.0,0.0,0.5,none,True,True
45988,1.0,0.0,0.5,none,True,True
45989,1.0,0.0,0.5,none,True,True
45990,1.0,0.0,0.5,none,True,True
45991,1.0,0.0,0.5,none,True,True
45992,1.0,0.0,0.5,none,True,True
45993,1.0,0.0,0.5,none,True,True
45994,1.0,0.0,0.5,none,True,True
45995,1.0,0.0,0.5,none,True,True
45996,1.0,0.0,0.5,none,True,True
45997,1.0,0.0,0.5,none,True,True
45998,1.0,0.0,0.5,none,True,True
45999,1.0,0.0,0.5,none,True,True
46000,1.0,0.0,0.5,none,True,True
46001,1.0,0.0,0.5,none,True,True
46002,1.0,0.0,0.5,none,True,True
46003,1.0,0.0,0.5,none,True,True
46004,1.0,0.0,0.5,none,True,True
46005,1.0,0.0,0.5,none,True,True
46006,1.0,0.0,0.5,none,True,True
46007,1.0,0.0,0.5,none,True,True
46008,1.0,0.0,0.5,none,True,True
46009,1.0,0.0,0.5,none,True,True
46010,1.0,0.0,0.5,none,True,True
46011,1.0,0.0,0.5,none,True,True
46012,1.0,0.0,0.5,none,True,True
46013,1.0,0.0,0.5,none,True,True
46014,1.0,0.0,0.5,none,True,True
46015,1.0,0.0,0.5,none,True,True
46016,1.0,0.0,0.5,none,True,True
46017,1.0,0.0,0.5,none,True,True
46018,1.0,0.0,0.5,none,True,True
46019,1.0,0.0,0.5,none,True,True
46020,1.0,0.0,0.5,none,True,True
46021,1.0,0.0,0.5,none,True,True
46022,1.0,0.0,0.5,none,True,True
46023,1.0,0.0,0.5,none,True,True
46024,1.0,0.0,0.5,none,True,True
46025,1.0,0.0,0.5,none,True,True
46026,1.0,0.0,0.5,none,True,True
46027,1.0,0.0,0.5,none,True,True
46028,1.0,0.0,0.5,none,True,True
46029,1.0,0.0,0.5,none,True,True
46030,1.0,0.0,0.5,none,True,True
46031,1.0,0.0,0.5,none,True,True
46032,1.0,0.0,0.5,none,True,True
46033,1.0,0.0,0.5,none,True,True
46034,1.0,0.0,0.5,none,True,True
46035,1.0,0.0,0.5,none,True,True
46036,1.0,0.0,0.5,none,True,True
46037,1.0,0.0,0.5,none,True,True
46038,1.0,0.0,0.5,none,True,True
46039,1.0,0.0,0.5,none,True,True
46040,1.0,0.0,0.5,none,True,True
46041,1.0,0.0,0.5,none,True,True
46042,1.0,0.0,0.5,none,True,True
46043,1.0,0.0,0.5,none,True,True
46044,1.0,0.0,0.5,none,True,True
46045,1.0,0.0,0.5,none,True,True
46046,1.0,0.0,0.5,none,True,True
46047,1.0,0.0,0.5,none,True,True
46048,1.0,0.0,0.5,none,True,True
46049,1.0,0.0,0.5,none,True,True
46050,1.0,0.0,0.5,none,True,True
46051,1.0,0.0,0.5,none,True,True
46052,1.0,0.0,0.5,none,True,True
46053,1.0,0.0,0.5,none,True,True
46054,1.0,0.0,0.5,none,True,True
46055,1.0,0.0,0.5,none,True,True
46056,1.0,0.0,0.5,none,True,True
46057,1.0,0.0,0.5,none,True,True
46058,1.0,0.0,0.5,none,True,True
46059,1.0,0.0,0.5,none,True,True
46060,1.0,0.0,0.5,none,True,True
46061,1.0,0.0,0.5,none,True,True
46062,1.0,0.0,0.5,none,True,True
46063,1.0,0.0,0.5,none,True,True
46064,1.0,0.0,0.5,none,True,True
46065,1.0,0.0,0.5,none,True,True
46066,1.0,0.0,0.5,none,True,True
46067,1.0,0.0,0.5,none,True,True
46068,1.0,0.0,0.5,none,True,True
46069,1.0,0.0,0.5,none,True,True
46070,1.0,0.0,0.5,none,True,True
46071,1.0,0.0,0.5,none,True,True
46072,1.0,0.0,0.5,none,True,True
46073,1.0,0.0,0.5,none,True,True
46074,1.0,0.0,0.5,none,True,True
46075,1.0,0.0,0.5,none,True,True
46076,1.0,0.0,0.5,none,True,True
46077,1.0,0.0,0.5,none,True,True
46078,1.0,0.0,0.5,none,True,True
46079,1.0,0.0,0.5,none,True,True
46080,1.0,0.0,0.5,none,True,True
46081,1.0,0.0,0.5,none,True,True
46082,1.0,0.0,0.5,none,True,True
46083,1.0,0.0,0.5,none,True,True
46084,1.0,0.0,0.5,none,True,True
46085,1.0,0.0,0.5,none,True,True
46086,1.0,0.0,0.5,none,True,True
46087,1.0,0.0,0.5,none,True,True
46088,1.0,0.0,0.5,none,True,True
46089,1.0,0.0,0.5,none,True,True
46090,1.0,0.0,0.5,none,True,True
46091,1.0,0.0,0.5,none,True,True
46092,1.0,0.0,0.5,none,True,True
46093,1.0,0.0,0.5,none,True,True
46094,1.0,0.0,0.5,none,True,True
46095,1.0,0.0,0.5,none,True,True
46096,1.0,0.0,0.5,none,True,True
46097,1.0,0.0,0.5,none,True,True
46098,1.0,0.0,0.5,none,True,True
46099,1.0,0.0,0.5,none,True,True
46100,1.0,0.0,0.5,none,True,True
46101,1.0,0.0,0.5,none,True,True
46102,1.0,0.0,0.5,none,True,True
46103,1.0,0.0,0.5,none,True,True
46104,1.0,0.0,0.5,none,True,True
46105,1.0,0.0,0.5,none,True,True
46106,1.0,0.0,0.5,none,True,True
46107,1.0,0.0,0.5,none,True,True
46108,1.0,0.0,0.5,none,True,True
46109,1.0,0.0,0.5,none,True,True
46110,1.0,0.0,0.5,none,True,True
46111,1.0,0.0,0.5,none,True,True
46112,1.0,0.0,0.5,none,True,True
46113,1.0,0.0,0.5,none,True,True
46114,1.0,0.0,0.5,none,True,True
46115,1.0,0.0,0.5,none,True,True
46116,1.0,0.0,0.5,none,True,True
46117,1.0,0.0,0.5,none,True,True
46118,1.0,0.0,0.5,none,True,True
46119,1.0,0.0,0.5,none,True,True
46120,1.0,0.0,0.5,none,True,True
46121,1.0,0.0,0.5,none,True,True
46122,1.0,0.0,0.5,none,True,True
46123,1.0,0.0,0.5,none,True,True
46124,1.0,0.0,0.5,none,True,True
46125,1.0,0.0,0.5,none,True,True
46126,1.0,0.0,0.5,none,True,True
46127,1.0,0.0,0.5,none,True,True
46128,1.0,0.0,0.5,none,True,True
46129,1.0,0.0,0.5,none,True,True
46130,1.0,0.0,0.5,none,True,True
46131,1.0,0.0,0.5,none,True,True
46132,1.0,0.0,0.5,none,True,True
46133,1.0,0.0,0.5,none,True,True
46134,1.0,0.0,0.5,none,True,True
46135,1.0,0.0,0.5,none,True,True
46136,1.0,0.0,0.5,none,True,True
46137,1.0,0.0,0.5,none,True,True
46138,1.0,0.0,0.5,none,True,True
46139,1.0,0.0,0.5,none,True,True
46140,1.0,0.0,0.5,none,True,True
46141,1.0,0.0,0.5,none,True,True
46142,1.0,0.0,0.5,none,True,True
46143,1.0,0.0,0.5,none,True,True
46144,1.0,0.0,0.5,none,True,True
46145,1.0,0.0,0.5,none,True,True
46146,1.0,0.0,0.5,none,True,True
46147,1.0,0.0,0.5,none,True,True
46148,1.0,0.0,0.5,none,True,True
46149,1.0,0.0,0.5,none,True,True
46150,1.0,0.0,0.5,none,True,True
46151,1.0,0.0,0.5,none,True,True
46152,1.0,0.0,0.5,none,True,True
46153,1.0,0.0,0.5,none,True,True
46154,1.0,0.0,0.5,none,True,True
46155,1.0,0.0,0.5,none,True,True
46156,1.0,0.0,0.5,none,True,True
46157,1.0,0.0,0.5,none,True,True
46158,1.0,0.0,0.5,none,True,True
46159,1.0,0.0,0.5,none,True,True
46160,1.0,0.0,0.5,none,True,True
46161,1.0,0.0,0.5,none,True,True
46162,1.0,0.0,0.5,none,True,True
46163,1.0,0.0,0.5,none,True,True
46164,1.0,0.0,0.5,none,True,True
46165,1.0,0.0,0.5,none,True,True
46166,1.0,0.0,0.5,none,True,True
46167,1.0,0.0,0.5,none,True,True
46168,1.0,0.0,0.5,none,True,True
46169,1.0,0.0,0.5,none,True,True
46170,1.0,0.0,0.5,none,True,True
46171,1.0,0.0,0.5,none,True,True
46172,1.0,0.0,0.5,none,True,True
46173,1.0,0.0,0.5,none,True,True
46174,1.0,0.0,0.5,none,True,True
46175,1.0,0.0,0.5,none,True,True
46176,1.0,0.0,0.5,none,True,True
46177,1.0,0.0,0.5,none,True,True
46178,1.0,0.0,0.5,none,True,True
46179,1.0,0.0,0.5,none,True,True
46180,1.0,0.0,0.5,none,True,True
46181,1.0,0.0,0.5,none,True,True
46182,1.0,0.0,0.5,none,True,True
46183,1.0,0.0,0.5,none,True,True
46184,1.0,0.0,0.5,none,True,True
46185,1.0,0.0,0.5,none,True,True
46186,1.0,0.0,0.5,none,True,True
46187,1.0,0.0,0.5,none,True,True
46188,1.0,0.0,0.5,none,True,True
46189,1.0,0.0,0.5,none,True,True
46190,1.0,0.0,0.5,none,True,True
46191,1.0,0.0,0.5,none,True,True
46192,1.0,0.0,0.5,none,True,True
46193,1.0,0.0,0.5,none,True,True
46194,1.0,0.0,0.5,none,True,True
46195,1.0,0.0,0.5,none,True,True
46196,1.0,0.0,0.5,none,True,True
46197,1.0,0.0,0.5,none,True,True
46198,1.0,0.0,0.5,none,True,True
46199,1.0,0.0,0.5,none,True,True
46200,1.0,0.0061,0.5,none,True,True
46201,1.0,0.0357,0.5,none,True,True
46202,1.0,0.0812,0.5,none,True,True
46203,1.0,0.1113,0.5,none,True,True
46204,1.0,0.1253,0.5,none,True,True
46205,1.0,0.1408,0.5,none,True,True
46206,1.0,0.0907,0.5,none,True,True
46207,1.0,0.1198,0.5,none,True,True
46208,1.0,0.0467,0.5,none,True,True
46209,1.0,0.0522,0.5,none,True,True
46210,1.0,0.0405,0.5,none,True,True
46211,1.0,0.0313,0.5,none,True,True
46212,1.0,0.0083,0.5,none,True,True
46213,1.0,0.0726,0.5,none,True,True
46214,1.0,0.0793,0.5,none,True,True
46215,1.0,0.0581,0.5,none,True,True
46216,1.0,0.0955,0.5,none,True,True
46217,1.0,0.0839,0.5,none,True,True
46218,1.0,0.0648,0.5,none,True,True
46219,1.0,0.0718,0.5,none,True,True
46220,1.0,0.0589,0.5,none,True,True
46221,1.0,0.0403,0.5,none,True,True
46222,1.0,0.0327,0.5,none,True,True
46223,1.0,0.0277,0.5,none,True,True
46224,1.0,0.017,0.5,none,True,True
46225,1.0,0.0102,0.5,none,True,True
46226,1.0,0.0099,0.5,none,True,True
46227,1.0,0.008,0.5,none,True,True
46228,1.0,0.005,0.5,none,True,True
46229,1.0,0.0063,0.5,none,True,True
46230,1.0,0.009,0.5,none,True,True
46231,1.0,0.0096,0.5,none,True,True
46232,1.0,0.0108,0.5,none,True,True
46233,1.0,0.014,0.5,none,True,True
46234,1.0,0.0161,0.5,none,True,True
46235,1.0,0.0167,0.5,none,True,True
46236,1.0,0.0182,0.5,none,True,True
46237,1.0,0.0196,0.5,none,True,True
46238,1.0,0.0197,0.5,none,True,True
46239,1.0,0.0193,0.5,none,True,True
46240,1.0,0.0193,0.5,none,True,True
46241,1.0,0.0187,0.5,none,True,True
46242,1.0,0.0174,0.5,none,True,True
46243,1.0,0.0163,0.5,none,True,True
46244,1.0,0.0152,0.5,none,True,True
46245,1.0,0.0138,0.5,none,True,True
46246,1.0,0.0123,0.5,none,True,True
46247,1.0,0.0111,0.5,none,True,True
46248,1.0,0.01,0.5,none,True,True
46249,1.0,0.0088,0.5,none,True,True
46250,1.0,0.0078,0.5,none,True,True
46251,1.0,0.0071,0.5,none,True,True
46252,1.0,0.0064,0.5,none,True,True
46253,1.0,0.0057,0.5,none,True,True
46254,1.0,0.0053,0.5,none,True,True
46255,1.0,0.005,0.5,none,True,True
46256,1.0,0.0047,0.5,none,True,True
46257,1.0,0.0045,0.5,none,True,True
46258,1.0,0.0044,0.5,none,True,True
46259,1.0,0.0043,0.5,none,True,True
46260,1.0,0.0042,0.5,none,True,True
46261,1.0,0.0041,0.5,none,True,True
46262,1.0,0.004,0.5,none,True,True
46263,1.0,0.0039,0.5,none,True,True
46264,1.0,0.0038,0.5,none,True,True
46265,1.0,0.0037,0.5,none,True,True
46266,1.0,0.0035,0.5,none,True,True
46267,1.0,0.0033,0.5,none,True,True
46268,1.0,0.0032,0.5,none,True,True
46269,1.0,0.003,0.5,none,True,True
46270,1.0,0.0028,0.5,none,True,True
46271,1.0,0.0026,0.5,none,True,True
46272,1.0,0.0024,0.5,none,True,True
46273,1.0,0.0023,0.5,none,True,True
46274,1.0,0.0021,0.5,none,True,True
46275,1.0,0.0019,0.5,none,True,True
46276,1.0,0.0018,0.5,none,True,True
46277,1.0,0.0017,0.5,none,True,True
46278,1.0,0.0015,0.5,none,True,True
46279,1.0,0.0014,0.5,none,True,True
46280,1.0,0.0013,0.5,none,True,True
46281,1.0,0.0013,0.5,none,True,True
46282,1.0,0.0012,0.5,none,True,True
46283,1.0,0.0011,0.5,none,True,True
46284,1.0,0.0011,0.5,none,True,True
46285,1.0,0.001,0.5,none,True,True
46286,1.0,0.001,0.5,none,True,True
46287,1.0,0.0009,0.5,none,True,True
46288,1.0,0.0009,0.5,none,True,True
46289,1.0,0.0008,0.5,none,True,True
46290,1.0,0.0008,0.5,none,True,True
46291,1.0,0.0008,0.5,none,True,True
46292,1.0,0.0007,0.5,none,True,True
46293,1.0,0.0007,0.5,none,True,True
46294,1.0,0.0006,0.5,none,True,True
46295,1.0,0.0006,0.5,none,True,True
46296,1.0,0.0006,0.5,none,True,True
46297,1.0,0.0005,0.5,none,True,True
46298,1.0,0.0005,0.5,none,True,True
46299,1.0,0.0005,0.5,none,True,True
46300,1.0,0.0004,0.5,none,True,True
46301,1.0,0.0004,0.5,none,True,True
46302,1.0,0.0004,0.5,none,True,True
46303,1.0,0.0004,0.5,none,True,True
46304,1.0,0.0003,0.5,none,True,True
46305,1.0,0.0003,0.5,none,True,True
46306,1.0,0.0003,0.5,none,True,True
46307,1.0,0.0003,0.5,none,True,True
46308,1.0,0.0003,0.5,none,True,True
46309,1.0,0.0003,0.5,none,True,True
46310,1.0,0.0002,0.5,none,True,True
46311,1.0,0.0002,0.5,none,True,True
46312,1.0,0.0002,0.5,none,True,True
46313,1.0,0.0002,0.5,none,True,True
46314,1.0,0.0002,0.5,none,True,True
46315,1.0,0.0002,0.5,none,True,True
46316,1.0,0.0002,0.5,none,True,True
46317,1.0,0.0002,0.5,none,True,True
46318,1.0,0.0002,0.5,none,True,True
46319,1.0,0.0001,0.5,none,True,True
46320,1.0,0.0001,0.5,none,True,True
46321,1.0,0.0001,0.5,none,True,True
46322,1.0,0.0001,0.5,none,True,True
46323,1.0,0.0001,0.5,none,True,True
46324,1.0,0.0001,0.5,none,True,True
46325,1.0,0.0001,0.5,none,True,True
46326,1.0,0.0001,0.5,none,True,True
46327,1.0,0.0001,0.5,none,True,True
46328,1.0,0.0001,0.5,none,True,True
46329,1.0,0.0001,0.5,none,True,True
46330,1.0,0.0001,0.5,none,True,True
46331,1.0,0.0001,0.5,none,True,True
46332,1.0,0.0001,0.5,none,True,True
46333,1.0,0.0001,0.5,none,True,True
46334,1.0,0.0001,0.5,none,True,True
46335,1.0,0.0001,0.5,none,True,True
46336,1.0,0.0001,0.5,none,True,True
46337,1.0,0.0,0.5,none,True,True
46338,1.0,0.0,0.5,none,True,True
46339,1.0,0.0,0.5,none,True,True
46340,1.0,0.0,0.5,none,True,True
46341,1.0,0.0,0.5,none,True,True
46342,1.0,0.0,0.5,none,True,True
46343,1.0,0.0,0.5,none,True,True
46344,1.0,0.0,0.5,none,True,True
46345,1.0,0.0,0.5,none,True,True
46346,1.0,0.0,0.5,none,True,True
46347,1.0,0.0,0.5,none,True,True
46348,1.0,0.0,0.5,none,True,True
46349,1.0,0.0,0.5,none,True,True
46350,1.0,0.0,0.5,none,True,True
46351,1.0,0.0,0.5,none,True,True
46352,1.0,0.0,0.5,none,True,True
46353,1.0,0.0,0.5,none,True,True
46354,1.0,0.0,0.5,none,True,True
46355,1.0,0.0,0.5,none,True,True
46356,1.0,0.0,0.5,none,True,True
46357,1.0,0.0,0.5,none,True,True
46358,1.0,0.0,0.5,none,True,True
46359,1.0,0.0,0.5,none,True,True
46360,1.0,0.0,0.5,none,True,True
46361,1.0,0.0,0.5,none,True,True
46362,1.0,0.0,0.5,none,True,True
46363,1.0,0.0,0.5,none,True,True
46364,1.0,0.0,0.5,none,True,True
46365,1.0,0.0,0.5,none,True,True
46366,1.0,0.0,0.5,none,True,True
46367,1.0,0.0,0.5,none,True,True
46368,1.0,0.0,0.5,none,True,True
46369,1.0,0.0,0.5,none,True,True
46370,1.0,0.0,0.5,none,True,True
46371,1.0,0.0,0.5,none,True,True
46372,1.0,0.0,0.5,none,True,True
46373,1.0,0.0,0.5,none,True,True
46374,1.0,0.0,0.5,none,True,True
46375,1.0,0.0,0.5,none,True,True
46376,1.0,0.0,0.5,none,True,True
46377,1.0,0.0,0.5,none,True,True
46378,1.0,0.0,0.5,none,True,True
46379,1.0,0.0,0.5,none,True,True
46380,1.0,0.0,0.5,none,True,True
46381,1.0,0.0,0.5,none,True,True
46382,1.0,0.0,0.5,none,True,True
46383,1.0,0.0,0.5,none,True,True
46384,1.0,0.0,0.5,none,True,True
46385,1.0,0.0,0.5,none,True,True
46386,1.0,0.0,0.5,none,True,True
46387,1.0,0.0,0.5,none,True,True
46388,1.0,0.0,0.5,none,True,True
46389,1.0,0.0,0.5,none,True,True
46390,1.0,0.0,0.5,none,True,True
46391,1.0,0.0,0.5,none,True,True
46392,1.0,0.0,0.5,none,True,True
46393,1.0,0.0,0.5,none,True,True
46394,1.0,0.0,0.5,none,True,True
46395,1.0,0.0,0.5,none,True,True
46396,1.0,0.0,0.5,none,True,True
46397,1.0,0.0,0.5,none,True,True
46398,1.0,0.0,0.5,none,True,True
46399,1.0,0.0,0.5,none,True,True
46400,1.0,0.0,0.5,none,True,True
46401,1.0,0.0,0.5,none,True,True
46402,1.0,0.0,0.5,none,True,True
46403,1.0,0.0,0.5,none,True,True
46404,1.0,0.0,0.5,none,True,True
46405,1.0,0.0,0.5,none,True,True
46406,1.0,0.0,0.5,none,True,True
46407,1.0,0.0,0.5,none,True,True
46408,1.0,0.0,0.5,none,True,True
46409,1.0,0.0,0.5,none,True,True
46410,1.0,0.0,0.5,none,True,True
46411,1.0,0.0,0.5,none,True,True
46412,1.0,0.0,0.5,none,True,True
46413,1.0,0.0,0.5,none,True,True
46414,1.0,0.0,0.5,none,True,True
46415,1.0,0.0,0.5,none,True,True
46416,1.0,0.0,0.5,none,True,True
46417,1.0,0.0,0.5,none,True,True
46418,1.0,0.0,0.5,none,True,True
46419,1.0,0.0,0.5,none,True,True
46420,1.0,0.0,0.5,none,True,True
46421,1.0,0.0,0.5,none,True,True
46422,1.0,0.0,0.5,none,True,True
46423,1.0,0.0,0.5,none,True,True
46424,1.0,0.0,0.5,none,True,True
46425,1.0,0.0,0.5,none,True,True
46426,1.0,0.0,0.5,none,True,True
46427,1.0,0.0,0.5,none,True,True
46428,1.0,0.0,0.5,none,True,True
46429,1.0,0.0,0.5,none,True,True
46430,1.0,0.0,0.5,none,True,True
46431,1.0,0.0,0.5,none,True,True
46432,1.0,0.0,0.5,none,True,True
46433,1.0,0.0,0.5,none,True,True
46434,1.0,0.0,0.5,none,True,True
46435,1.0,0.0,0.5,none,True,True
46436,1.0,0.0,0.5,none,True,True
46437,1.0,0.0,0.5,none,True,True
46438,1.0,0.0,0.5,none,True,True
46439,1.0,0.0,0.5,none,True,True
46440,1.0,0.0,0.5,none,True,True
46441,1.0,0.0,0.5,none,True,True
46442,1.0,0.0,0.5,none,True,True
46443,1.0,0.0,0.5,none,True,True
46444,1.0,0.0,0.5,none,True,True
46445,1.0,0.0,0.5,none,True,True
46446,1.0,0.0,0.5,none,True,True
46447,1.0,0.0,0.5,none,True,True
46448,1.0,0.0,0.5,none,True,True
46449,1.0,0.0,0.5,none,True,True
46450,1.0,0.0,0.5,none,True,True
46451,1.0,0.0,0.5,none,True,True
46452,1.0,0.0,0.5,none,True,True
46453,1.0,0.0,0.5,none,True,True
46454,1.0,0.0,0.5,none,True,True
46455,1.0,0.0,0.5,none,True,True
46456,1.0,0.0,0.5,none,True,True
46457,1.0,0.0,0.5,none,True,True
46458,1.0,0.0,0.5,none,True,True
46459,1.0,0.0,0.5,none,True,True
46460,1.0,0.0,0.5,none,True,True
46461,1.0,0.0,0.5,none,True,True
46462,1.0,0.0,0.5,none,True,True
46463,1.0,0.0,0.5,none,True,True
46464,1.0,0.0,0.5,none,True,True
46465,1.0,0.0,0.5,none,True,True
46466,1.0,0.0,0.5,none,True,True
46467,1.0,0.0,0.5,none,True,True
46468,1.0,0.0,0.5,none,True,True
46469,1.0,0.0,0.5,none,True,True
46470,1.0,0.0,0.5,none,True,True
46471,1.0,0.0,0.5,none,True,True
46472,1.0,0.0,0.5,none,True,True
46473,1.0,0.0,0.5,none,True,True
46474,1.0,0.0,0.5,none,True,True
46475,1.0,0.0,0.5,none,True,True
46476,1.0,0.0,0.5,none,True,True
46477,1.0,0.0,0.5,none,True,True
46478,1.0,0.0,0.5,none,True,True
46479,1.0,0.0,0.5,none,True,True
46480,1.0,0.0,0.5,none,True,True
46481,1.0,0.0,0.5,none,True,True
46482,1.0,0.0,0.5,none,True,True
46483,1.0,0.0,0.5,none,True,True
46484,1.0,0.0,0.5,none,True,True
46485,1.0,0.0,0.5,none,True,True
46486,1.0,0.0,0.5,none,True,True
46487,1.0,0.0,0.5,none,True,True
46488,1.0,0.0,0.5,none,True,True
46489,1.0,0.0,0.5,none,True,True
46490,1.0,0.0,0.5,none,True,True
46491,1.0,0.0,0.5,none,True,True
46492,1.0,0.0,0.5,none,True,True
46493,1.0,0.0,0.5,none,True,True
46494,1.0,0.0,0.5,none,True,True
46495,1.0,0.0,0.5,none,True,True
46496,1.0,0.0,0.5,none,True,True
46497,1.0,0.0,0.5,none,True,True
46498,1.0,0.0,0.5,none,True,True
46499,1.0,0.0,0.5,none,True,True
46500,1.0,0.0,0.5,none,True,True
46501,1.0,0.0,0.5,none,True,True
46502,1.0,0.0,0.5,none,True,True
46503,1.0,0.0,0.5,none,True,True
46504,1.0,0.0,0.5,none,True,True
46505,1.0,0.0,0.5,none,True,True
46506,1.0,0.0,0.5,none,True,True
46507,1.0,0.0,0.5,none,True,True
46508,1.0,0.0,0.5,none,True,True
46509,1.0,0.0,0.5,none,True,True
46510,1.0,0.0,0.5,none,True,True
46511,1.0,0.0,0.5,none,True,True
46512,1.0,0.0,0.5,none,True,True
46513,1.0,0.0,0.5,none,True,True
46514,1.0,0.0,0.5,none,True,True
46515,1.0,0.0,0.5,none,True,True
46516,1.0,0.0,0.5,none,True,True
46517,1.0,0.0,0.5,none,True,True
46518,1.0,0.0,0.5,none,True,True
46519,1.0,0.0,0.5,none,True,True
46520,1.0,0.0,0.5,none,True,True
46521,1.0,0.0,0.5,none,True,True
46522,1.0,0.0,0.5,none,True,True
46523,1.0,0.0,0.5,none,True,True
46524,1.0,0.0,0.5,none,True,True
46525,1.0,0.0,0.5,none,True,True
46526,1.0,0.0,0.5,none,True,True
46527,1.0,0.0,0.5,none,True,True
46528,1.0,0.0,0.5,none,True,True
46529,1.0,0.0,0.5,none,True,True
46530,1.0,0.0,0.5,none,True,True
46531,1.0,0.0,0.5,none,True,True
46532,1.0,0.0,0.5,none,True,True
46533,1.0,0.0,0.5,none,True,True
46534,1.0,0.0,0.5,none,True,True
46535,1.0,0.0,0.5,none,True,True
46536,1.0,0.0,0.5,none,True,True
46537,1.0,0.0,0.5,none,True,True
46538,1.0,0.0,0.5,none,True,True
46539,1.0,0.0,0.5,none,True,True
46540,1.0,0.0,0.5,none,True,True
46541,1.0,0.0,0.5,none,True,True
46542,1.0,0.0,0.5,none,True,True
46543,1.0,0.0,0.5,none,True,True
46544,1.0,0.0,0.5,none,True,True
46545,1.0,0.0,0.5,none,True,True
46546,1.0,0.0,0.5,none,True,True
46547,1.0,0.0,0.5,none,True,True
46548,1.0,0.0,0.5,none,True,True
46549,1.0,0.0,0.5,none,True,True
46550,1.0,0.0,0.5,none,True,True
46551,1.0,0.0,0.5,none,True,True
46552,1.0,0.0,0.5,none,True,True
46553,1.0,0.0,0.5,none,True,True
46554,1.0,0.0,0.5,none,True,True
46555,1.0,0.0,0.5,none,True,True
46556,1.0,0.0,0.5,none,True,True
46557,1.0,0.0,0.5,none,True,True
46558,1.0,0.0,0.5,none,True,True
46559,1.0,0.0,0.5,none,True,True
46560,1.0,0.0,0.5,none,True,True
46561,1.0,0.0,0.5,none,True,True
46562,1.0,0.0,0.5,none,True,True
46563,1.0,0.0,0.5,none,True,True
46564,1.0,0.0,0.5,none,True,True
46565,1.0,0.0,0.5,none,True,True
46566,1.0,0.0,0.5,none,True,True
46567,1.0,0.0,0.5,none,True,True
46568,1.0,0.0,0.5,none,True,True
46569,1.0,0.0,0.5,none,True,True
46570,1.0,0.0,0.5,none,True,True
46571,1.0,0.0,0.5,none,True,True
46572,1.0,0.0,0.5,none,True,True
46573,1.0,0.0,0.5,none,True,True
46574,1.0,0.0,0.5,none,True,True
46575,1.0,0.0,0.5,none,True,True
46576,1.0,0.0,0.5,none,True,True
46577,1.0,0.0,0.5,none,True,True
46578,1.0,0.0,0.5,none,True,True
46579,1.0,0.0,0.5,none,True,True
46580,1.0,0.0,0.5,none,True,True
46581,1.0,0.0,0.5,none,True,True
46582,1.0,0.0,0.5,none,True,True
46583,1.0,0.0,0.5,none,True,True
46584,1.0,0.0,0.5,none,True,True
46585,1.0,0.0,0.5,none,True,True
46586,1.0,0.0,0.5,none,True,True
46587,1.0,0.0,0.5,none,True,True
46588,1.0,0.0,0.5,none,True,True
46589,1.0,0.0,0.5,none,True,True
46590,1.0,0.0,0.5,none,True,True
46591,1.0,0.0,0.5,none,True,True
46592,1.0,0.0,0.5,none,True,True
46593,1.0,0.0,0.5,none,True,True
46594,1.0,0.0,0.5,none,True,True
46595,1.0,0.0,0.5,none,True,True
46596,1.0,0.0,0.5,none,True,True
46597,1.0,0.0,0.5,none,True,True
46598,1.0,0.0,0.5,none,True,True
46599,1.0,0.0,0.5,none,True,True
46600,1.0,0.0,0.5,none,True,True
46601,1.0,0.0,0.5,none,True,True
46602,1.0,0.0,0.5,none,True,True
46603,1.0,0.0,0.5,none,True,True
46604,1.0,0.0,0.5,none,True,True
46605,1.0,0.0,0.5,none,True,True
46606,1.0,0.0,0.5,none,True,True
46607,1.0,0.0,0.5,none,True,True
46608,1.0,0.0,0.5,none,True,True
46609,1.0,0.0,0.5,none,True,True
46610,1.0,0.0,0.5,none,True,True
46611,1.0,0.0,0.5,none,True,True
46612,1.0,0.0,0.5,none,True,True
46613,1.0,0.0,0.5,none,True,True
46614,1.0,0.0,0.5,none,True,True
46615,1.0,0.0,0.5,none,True,True
46616,1.0,0.0,0.5,none,True,True
46617,1.0,0.0,0.5,none,True,True
46618,1.0,0.0,0.5,none,True,True
46619,1.0,0.0,0.5,none,True,True
46620,1.0,0.0,0.5,none,True,True
46621,1.0,0.0,0.5,none,True,True
46622,1.0,0.0,0.5,none,True,True
46623,1.0,0.0,0.5,none,True,True
46624,1.0,0.0,0.5,none,True,True
46625,1.0,0.0,0.5,none,True,True
46626,1.0,0.0,0.5,none,True,True
46627,1.0,0.0,0.5,none,True,True
46628,1.0,0.0,0.5,none,True,True
46629,1.0,0.0,0.5,none,True,True
46630,1.0,0.0,0.5,none,True,True
46631,1.0,0.0,0.5,none,True,True
46632,1.0,0.0,0.5,none,True,True
46633,1.0,0.0,0.5,none,True,True
46634,1.0,0.0,0.5,none,True,True
46635,1.0,0.0,0.5,none,True,True
46636,1.0,0.0,0.5,none,True,True
46637,1.0,0.0,0.5,none,True,True
46638,1.0,0.0,0.5,none,True,True
46639,1.0,0.0,0.5,none,True,True
46640,1.0,0.0,0.5,none,True,True
46641,1.0,0.0,0.5,none,True,True
46642,1.0,0.0,0.5,none,True,True
46643,1.0,0.0,0.5,none,True,True
46644,1.0,0.0,0.5,none,True,True
46645,1.0,0.0,0.5,none,True,True
46646,1.0,0.0,0.5,none,True,True
46647,1.0,0.0,0.5,none,True,True
46648,1.0,0.0,0.5,none,True,True
46649,1.0,0.0,0.5,none,True,True
46650,1.0,0.0,0.5,none,True,True
46651,1.0,0.0,0.5,none,True,True
46652,1.0,0.0,0.5,none,True,True
46653,1.0,0.0,0.5,none,True,True
46654,1.0,0.0,0.5,none,True,True
46655,1.0,0.0,0.5,none,True,True
46656,1.0,0.0,0.5,none,True,True
46657,1.0,0.0,0.5,none,True,True
46658,1.0,0.0,0.5,none,True,True
46659,1.0,0.0,0.5,none,True,True
46660,1.0,0.0,0.5,none,True,True
46661,1.0,0.0,0.5,none,True,True
46662,1.0,0.0,0.5,none,True,True
46663,1.0,0.0,0.5,none,True,True
46664,1.0,0.0,0.5,none,True,True
46665,1.0,0.0,0.5,none,True,True
46666,1.0,0.0,0.5,none,True,True
46667,1.0,0.0,0.5,none,True,True
46668,1.0,0.0,0.5,none,True,True
46669,1.0,0.0,0.5,none,True,True
46670,1.0,0.0,0.5,none,True,True
46671,1.0,0.0,0.5,none,True,True
46672,1.0,0.0,0.5,none,True,True
46673,1.0,0.0,0.5,none,True,True
46674,1.0,0.0,0.5,none,True,True
46675,1.0,0.0,0.5,none,True,True
46676,1.0,0.0,0.5,none,True,True
46677,1.0,0.0,0.5,none,True,True
46678,1.0,0.0,0.5,none,True,True
46679,1.0,0.0,0.5,none,True,True
46680,1.0,0.0,0.5,none,True,True
46681,1.0,0.0,0.5,none,True,True
46682,1.0,0.0,0.5,none,True,True
46683,1.0,0.0,0.5,none,True,True
46684,1.0,0.0,0.5,none,True,True
46685,1.0,0.0,0.5,none,True,True
46686,1.0,0.0,0.5,none,True,True
46687,1.0,0.0,0.5,none,True,True
46688,1.0,0.0,0.5,none,True,True
46689,1.0,0.0,0.5,none,True,True
46690,1.0,0.0,0.5,none,True,True
46691,1.0,0.0,0.5,none,True,True
46692,1.0,0.0,0.5,none,True,True
46693,1.0,0.0,0.5,none,True,True
46694,1.0,0.0,0.5,none,True,True
46695,1.0,0.0,0.5,none,True,True
46696,1.0,0.0,0.5,none,True,True
46697,1.0,0.0,0.5,none,True,True
46698,1.0,0.0,0.5,none,True,True
46699,1.0,0.0,0.5,none,True,True
46700,1.0,0.0,0.5,none,True,True
46701,1.0,0.0,0.5,none,True,True
46702,1.0,0.0,0.5,none,True,True
46703,1.0,0.0,0.5,none,True,True
46704,1.0,0.0,0.5,none,True,True
46705,1.0,0.0,0.5,none,True,True
46706,1.0,0.0,0.5,none,True,True
46707,1.0,0.0,0.5,none,True,True
46708,1.0,0.0,0.5,none,True,True
46709,1.0,0.0,0.5,none,True,True
46710,1.0,0.0,0.5,none,True,True
46711,1.0,0.0,0.5,none,True,True
46712,1.0,0.0,0.5,none,True,True
46713,1.0,0.0,0.5,none,True,True
46714,1.0,0.0,0.5,none,True,True
46715,1.0,0.0,0.5,none,True,True
46716,1.0,0.0,0.5,none,True,True
46717,1.0,0.0,0.5,none,True,True
46718,1.0,0.0,0.5,none,True,True
46719,1.0,0.0,0.5,none,True,True
46720,1.0,0.0,0.5,none,True,True
46721,1.0,0.0,0.5,none,True,True
46722,1.0,0.0,0.5,none,True,True
46723,1.0,0.0,0.5,none,True,True
46724,1.0,0.0,0.5,none,True,True
46725,1.0,0.0,0.5,none,True,True
46726,1.0,0.0,0.5,none,True,True
46727,1.0,0.0,0.5,none,True,True
46728,1.0,0.0,0.5,none,True,True
46729,1.0,0.0,0.5,none,True,True
46730,1.0,0.0,0.5,none,True,True
46731,1.0,0.0,0.5,none,True,True
46732,1.0,0.0,0.5,none,True,True
46733,1.0,0.0,0.5,none,True,True
46734,1.0,0.0,0.5,none,True,True
46735,1.0,0.0,0.5,none,True,True
46736,1.0,0.0,0.5,none,True,True
46737,1.0,0.0,0.5,none,True,True
46738,1.0,0.0,0.5,none,True,True
46739,1.0,0.0,0.5,none,True,True
46740,1.0,0.0,0.5,none,True,True
46741,1.0,0.0,0.5,none,True,True
46742,1.0,0.0,0.5,none,True,True
46743,1.0,0.0,0.5,none,True,True
46744,1.0,0.0,0.5,none,True,True
46745,1.0,0.0,0.5,none,True,True
46746,1.0,0.0,0.5,none,True,True
46747,1.0,0.0,0.5,none,True,True
46748,1.0,0.0,0.5,none,True,True
46749,1.0,0.0,0.5,none,True,True
46750,1.0,0.0,0.5,none,True,True
46751,1.0,0.0,0.5,none,True,True
46752,1.0,0.0,0.5,none,True,True
46753,1.0,0.0,0.5,none,True,True
46754,1.0,0.0,0.5,none,True,True
46755,1.0,0.0,0.5,none,True,True
46756,1.0,0.0,0.5,none,True,True
46757,1.0,0.0,0.5,none,True,True
46758,1.0,0.0,0.5,none,True,True
46759,1.0,0.0,0.5,none,True,True
46760,1.0,0.0,0.5,none,True,True
46761,1.0,0.0,0.5,none,True,True
46762,1.0,0.0,0.5,none,True,True
46763,1.0,0.0,0.5,none,True,True
46764,1.0,0.0,0.5,none,True,True
46765,1.0,0.0,0.5,none,True,True
46766,1.0,0.0,0.5,none,True,True
46767,1.0,0.0,0.5,none,True,True
46768,1.0,0.0,0.5,none,True,True
46769,1.0,0.0,0.5,none,True,True
46770,1.0,0.0,0.5,none,True,True
46771,1.0,0.0,0.5,none,True,True
46772,1.0,0.0,0.5,none,True,True
46773,1.0,0.0,0.5,none,True,True
46774,1.0,0.0,0.5,none,True,True
46775,1.0,0.0,0.5,none,True,True
46776,1.0,0.0,0.5,none,True,True
46777,1.0,0.0,0.5,none,True,True
46778,1.0,0.0,0.5,none,True,True
46779,1.0,0.0,0.5,none,True,True
46780,1.0,0.0,0.5,none,True,True
46781,1.0,0.0,0.5,none,True,True
46782,1.0,0.0,0.5,none,True,True
46783,1.0,0.0,0.5,none,True,True
46784,1.0,0.0,0.5,none,True,True
46785,1.0,0.0,0.5,none,True,True
46786,1.0,0.0,0.5,none,True,True
46787,1.0,0.0,0.5,none,True,True
46788,1.0,0.0,0.5,none,True,True
46789,1.0,0.0,0.5,none,True,True
46790,1.0,0.0,0.5,none,True,True
46791,1.0,0.0,0.5,none,True,True
46792,1.0,0.0,0.5,none,True,True
46793,1.0,0.0,0.5,none,True,True
46794,1.0,0.0,0.5,none,True,True
46795,1.0,0.0,0.5,none,True,True
46796,1.0,0.0,0.5,none,True,True
46797,1.0,0.0,0.5,none,True,True
46798,1.0,0.0,0.5,none,True,True
46799,1.0,0.0,0.5,none,True,True
46800,1.0,0.0,0.5,none,True,True
46801,1.0,0.0,0.5,none,True,True
46802,1.0,0.0,0.5,none,True,True
46803,1.0,0.0,0.5,none,True,True
46804,1.0,0.0,0.5,none,True,True
46805,1.0,0.0,0.5,none,True,True
46806,1.0,0.0,0.5,none,True,True
46807,1.0,0.0,0.5,none,True,True
46808,1.0,0.0,0.5,none,True,True
46809,1.0,0.0,0.5,none,True,True
46810,1.0,0.0,0.5,none,True,True
46811,1.0,0.0,0.5,none,True,True
46812,1.0,0.0,0.5,none,True,True
46813,1.0,0.0,0.5,none,True,True
46814,1.0,0.0,0.5,none,True,True
46815,1.0,0.0,0.5,none,True,True
46816,1.0,0.0,0.5,none,True,True
46817,1.0,0.0,0.5,none,True,True
46818,1.0,0.0,0.5,none,True,True
46819,1.0,0.0,0.5,none,True,True
46820,1.0,0.0,0.5,none,True,True
46821,1.0,0.0,0.5,none,True,True
46822,1.0,0.0,0.5,none,True,True
46823,1.0,0.0,0.5,none,True,True
46824,1.0,0.0,0.5,none,True,True
46825,1.0,0.0,0.5,none,True,True
46826,1.0,0.0,0.5,none,True,True
46827,1.0,0.0,0.5,none,True,True
46828,1.0,0.0,0.5,none,True,True
46829,1.0,0.0,0.5,none,True,True
46830,1.0,0.0,0.5,none,True,True
46831,1.0,0.0,0.5,none,True,True
46832,1.0,0.0,0.5,none,True,True
46833,1.0,0.0,0.5,none,True,True
46834,1.0,0.0,0.5,none,True,True
46835,1.0,0.0,0.5,none,True,True
46836,1.0,0.0,0.5,none,True,True
46837,1.0,0.0,0.5,none,True,True
46838,1.0,0.0,0.5,none,True,True
46839,1.0,0.0,0.5,none,True,True
46840,1.0,0.0,0.5,none,True,True
46841,1.0,0.0,0.5,none,True,True
46842,1.0,0.0,0.5,none,True,True
46843,1.0,0.0,0.5,none,True,True
46844,1.0,0.0,0.5,none,True,True
46845,1.0,0.0,0.5,none,True,True
46846,1.0,0.0,0.5,none,True,True
46847,1.0,0.0,0.5,none,True,True
46848,1.0,0.0,0.5,none,True,True
46849,1.0,0.0,0.5,none,True,True
46850,1.0,0.0,0.5,none,True,True
46851,1.0,0.0,0.5,none,True,True
46852,1.0,0.0,0.5,none,True,True
46853,1.0,0.0,0.5,none,True,True
46854,1.0,0.0,0.5,none,True,True
46855,1.0,0.0,0.5,none,True,True
46856,1.0,0.0,0.5,none,True,True
46857,1.0,0.0,0.5,none,True,True
46858,1.0,0.0,0.5,none,True,True
46859,1.0,0.0,0.5,none,True,True
46860,1.0,0.0,0.5,none,True,True
46861,1.0,0.0,0.5,none,True,True
46862,1.0,0.0,0.5,none,True,True
46863,1.0,0.0,0.5,none,True,True
46864,1.0,0.0,0.5,none,True,True
46865,1.0,0.0,0.5,none,True,True
46866,1.0,0.0,0.5,none,True,True
46867,1.0,0.0,0.5,none,True,True
46868,1.0,0.0,0.5,none,True,True
46869,1.0,0.0,0.5,none,True,True
46870,1.0,0.0,0.5,none,True,True
46871,1.0,0.0,0.5,none,True,True
46872,1.0,0.0,0.5,none,True,True
46873,1.0,0.0,0.5,none,True,True
46874,1.0,0.0,0.5,none,True,True
46875,1.0,0.0,0.5,none,True,True
46876,1.0,0.0,0.5,none,True,True
46877,1.0,0.0,0.5,none,True,True
46878,1.0,0.0,0.5,none,True,True
46879,1.0,0.0,0.5,none,True,True
46880,1.0,0.0,0.5,none,True,True
46881,1.0,0.0,0.5,none,True,True
46882,1.0,0.0,0.5,none,True,True
46883,1.0,0.0,0.5,none,True,True
46884,1.0,0.0,0.5,none,True,True
46885,1.0,0.0,0.5,none,True,True
46886,1.0,0.0,0.5,none,True,True
46887,1.0,0.0,0.5,none,True,True
46888,1.0,0.0,0.5,none,True,True
46889,1.0,0.0,0.5,none,True,True
46890,1.0,0.0,0.5,none,True,True
46891,1.0,0.0,0.5,none,True,True
46892,1.0,0.0,0.5,none,True,True
46893,1.0,0.0,0.5,none,True,True
46894,1.0,0.0,0.5,none,True,True
46895,1.0,0.0,0.5,none,True,True
46896,1.0,0.0,0.5,none,True,True
46897,1.0,0.0,0.5,none,True,True
46898,1.0,0.0,0.5,none,True,True
46899,1.0,0.0,0.5,none,True,True
46900,1.0,0.0061,0.5,none,True,True
46901,1.0,0.0357,0.5,none,True,True
46902,1.0,0.0812,0.5,none,True,True
46903,1.0,0.1113,0.5,none,True,True
46904,1.0,0.1253,0.5,none,True,True
46905,1.0,0.1408,0.5,none,True,True
46906,1.0,0.0907,0.5,none,True,True
46907,1.0,0.1198,0.5,none,True,True
46908,1.0,0.0467,0.5,none,True,True
46909,1.0,0.0522,0.5,none,True,True
46910,1.0,0.0405,0.5,none,True,True
46911,1.0,0.0313,0.5,none,True,True
46912,1.0,0.0083,0.5,none,True,True
46913,1.0,0.0726,0.5,none,True,True
46914,1.0,0.0793,0.5,none,True,True
46915,1.0,0.0581,0.5,none,True,True
46916,1.0,0.0955,0.5,none,True,True
46917,1.0,0.0839,0.5,none,True,True
46918,1.0,0.0648,0.5,none,True,True
46919,1.0,0.0718,0.5,none,True,True
46920,1.0,0.0589,0.5,none,True,True
46921,1.0,0.0403,0.5,none,True,True
46922,1.0,0.0327,0.5,none,True,True
46923,1.0,0.0277,0.5,none,True,True
46924,1.0,0.017,0.5,none,True,True
46925,1.0,0.0102,0.5,none,True,True
46926,1.0,0.0099,0.5,none,True,True
46927,1.0,0.008,0.5,none,True,True
46928,1.0,0.005,0.5,none,True,True
46929,1.0,0.0063,0.5,none,True,True
46930,1.0,0.009,0.5,none,True,True
46931,1.0,0.0096,0.5,none,True,True
46932,1.0,0.0108,0.5,none,True,True
46933,1.0,0.014,0.5,none,True,True
46934,1.0,0.0161,0.5,none,True,True
46935,1.0,0.0167,0.5,none,True,True
46936,1.0,0.0182,0.5,none,True,True
46937,1.0,0.0196,0.5,none,True,True
46938,1.0,0.0197,0.5,none,True,True
46939,1.0,0.0193,0.5,none,True,True
46940,1.0,0.0193,0.5,none,True,True
46941,1.0,0.0187,0.5,none,True,True
46942,1.0,0.0174,0.5,none,True,True
46943,1.0,0.0163,0.5,none,True,True
46944,1.0,0.0152,0.5,none,True,True
46945,1.0,0.0138,0.5,none,True,True
46946,1.0,0.0123,0.5,none,True,True
46947,1.0,0.0111,0.5,none,True,True
46948,1.0,0.01,0.5,none,True,True
46949,1.0,0.0088,0.5,none,True,True
46950,1.0,0.0078,0.5,none,True,True
46951,1.0,0.0071,0.5,none,True,True
46952,1.0,0.0064,0.5,none,True,True
46953,1.0,0.0057,0.5,none,True,True
46954,1.0,0.0053,0.5,none,True,True
46955,1.0,0.005,0.5,none,True,True
46956,1.0,0.0047,0.5,none,True,True
46957,1.0,0.0045,0.5,none,True,True
46958,1.0,0.0044,0.5,none,True,True
46959,1.0,0.0043,0.5,none,True,True
46960,1.0,0.0042,0.5,none,True,True
46961,1.0,0.0041,0.5,none,True,True
46962,1.0,0.004,0.5,none,True,True
46963,1.0,0.0039,0.5,none,True,True
46964,1.0,0.0038,0.5,none,True,True
46965,1.0,0.0037,0.5,none,True,True
46966,1.0,0.0035,0.5,none,True,True
46967,1.0,0.0033,0.5,none,True,True
46968,1.0,0.0032,0.5,none,True,True
46969,1.0,0.003,0.5,none,True,True
46970,1.0,0.0028,0.5,none,True,True
46971,1.0,0.0026,0.5,none,True,True
46972,1.0,0.0024,0.5,none,True,True
46973,1.0,0.0023,0.5,none,True,True
46974,1.0,0.0021,0.5,none,True,True
46975,1.0,0.0019,0.5,none,True,True
46976,1.0,0.0018,0.5,none,True,True
46977,1.0,0.0017,0.5,none,True,True
46978,1.0,0.0015,0.5,none,True,True
46979,1.0,0.0014,0.5,none,True,True
46980,1.0,0.0013,0.5,none,True,True
46981,1.0,0.0013,0.5,none,True,True
46982,1.0,0.0012,0.5,none,True,True
46983,1.0,0.0011,0.5,none,True,True
46984,1.0,0.0011,0.5,none,True,True
46985,1.0,0.001,0.5,none,True,True
46986,1.0,0.001,0.5,none,True,True
46987,1.0,0.0009,0.5,none,True,True
46988,1.0,0.0009,0.5,none,True,True
46989,1.0,0.0008,0.5,none,True,True
46990,1.0,0.0008,0.5,none,True,True
46991,1.0,0.0008,0.5,none,True,True
46992,1.0,0.0007,0.5,none,True,True
46993,1.0,0.0007,0.5,none,True,True
46994,1.0,0.0006,0.5,none,True,True
46995,1.0,0.0006,0.5,none,True,True
46996,1.0,0.0006,0.5,none,True,True
46997,1.0,0.0005,0.5,none,True,True
46998,1.0,0.0005,0.5,none,True,True
46999,1.0,0.0005,0.5,none,True,True
47000,1.0,0.0004,0.5,none,True,True
47001,1.0,0.0004,0.5,none,True,True
47002,1.0,0.0004,0.5,none,True,True
47003,1.0,0.0004,0.5,none,True,True
47004,1.0,0.0003,0.5,none,True,True
47005,1.0,0.0003,0.5,none,True,True
47006,1.0,0.0003,0.5,none,True,True
47007,1.0,0.0003,0.5,none,True,True
47008,1.0,0.0003,0.5,none,True,True
47009,1.0,0.0003,0.5,none,True,True
47010,1.0,0.0002,0.5,none,True,True
47011,1.0,0.0002,0.5,none,True,True
47012,1.0,0.0002,0.5,none,True,True
47013,1.0,0.0002,0.5,none,True,True
47014,1.0,0.0002,0.5,none,True,True
47015,1.0,0.0002,0.5,none,True,True
47016,1.0,0.0002,0.5,none,True,True
47017,1.0,0.0002,0.5,none,True,True
47018,1.0,0.0002,0.5,none,True,True
47019,1.0,0.0001,0.5,none,True,True
47020,1.0,0.0001,0.5,none,True,True
47021,1.0,0.0001,0.5,none,True,True
47022,1.0,0.0001,0.5,none,True,True
47023,1.0,0.0001,0.5,none,True,True
47024,1.0,0.0001,0.5,none,True,True
47025,1.0,0.0001,0.5,none,True,True
47026,1.0,0.0001,0.5,none,True,True
47027,1.0,0.0001,0.5,none,True,True
47028,1.0,0.0001,0.5,none,True,True
47029,1.0,0.0001,0.5,none,True,True
47030,1.0,0.0001,0.5,none,True,True
47031,1.0,0.0001,0.5,none,True,True
47032,1.0,0.0001,0.5,none,True,True
47033,1.0,0.0001,0.5,none,True,True
47034,1.0,0.0001,0.5,none,True,True
47035,1.0,0.0001,0.5,none,True,True
47036,1.0,0.0001,0.5,none,True,True
47037,1.0,0.0,0.5,none,True,True
47038,1.0,0.0,0.5,none,True,True
47039,1.0,0.0,0.5,none,True,True
47040,1.0,0.0,0.5,none,True,True
47041,1.0,0.0,0.5,none,True,True
47042,1.0,0.0,0.5,none,True,True
47043,1.0,0.0,0.5,none,True,True
47044,1.0,0.0,0.5,none,True,True
47045,1.0,0.0,0.5,none,True,True
47046,1.0,0.0,0.5,none,True,True
47047,1.0,0.0,0.5,none,True,True
47048,1.0,0.0,0.5,none,True,True
47049,1.0,0.0,0.5,none,True,True
47050,1.0,0.0,0.5,none,True,True
47051,1.0,0.0,0.5,none,True,True
47052,1.0,0.0,0.5,none,True,True
47053,1.0,0.0,0.5,none,True,True
47054,1.0,0.0,0.5,none,True,True
47055,1.0,0.0,0.5,none,True,True
47056,1.0,0.0,0.5,none,True,True
47057,1.0,0.0,0.5,none,True,True
47058,1.0,0.0,0.5,none,True,True
47059,1.0,0.0,0.5,none,True,True
47060,1.0,0.0,0.5,none,True,True
47061,1.0,0.0,0.5,none,True,True
47062,1.0,0.0,0.5,none,True,True
47063,1.0,0.0,0.5,none,True,True
47064,1.0,0.0,0.5,none,True,True
47065,1.0,0.0,0.5,none,True,True
47066,1.0,0.0,0.5,none,True,True
47067,1.0,0.0,0.5,none,True,True
47068,1.0,0.0,0.5,none,True,True
47069,1.0,0.0,0.5,none,True,True
47070,1.0,0.0,0.5,none,True,True
47071,1.0,0.0,0.5,none,True,True
47072,1.0,0.0,0.5,none,True,True
47073,1.0,0.0,0.5,none,True,True
47074,1.0,0.0,0.5,none,True,True
47075,1.0,0.0,0.5,none,True,True
47076,1.0,0.0,0.5,none,True,True
47077,1.0,0.0,0.5,none,True,True
47078,1.0,0.0,0.5,none,True,True
47079,1.0,0.0,0.5,none,True,True
47080,1.0,0.0,0.5,none,True,True
47081,1.0,0.0,0.5,none,True,True
47082,1.0,0.0,0.5,none,True,True
47083,1.0,0.0,0.5,none,True,True
47084,1.0,0.0,0.5,none,True,True
47085,1.0,0.0,0.5,none,True,True
47086,1.0,0.0,0.5,none,True,True
47087,1.0,0.0,0.5,none,True,True
47088,1.0,0.0,0.5,none,True,True
47089,1.0,0.0,0.5,none,True,True
47090,1.0,0.0,0.5,none,True,True
47091,1.0,0.0,0.5,none,True,True
47092,1.0,0.0,0.5,none,True,True
47093,1.0,0.0,0.5,none,True,True
47094,1.0,0.0,0.5,none,True,True
47095,1.0,0.0,0.5,none,True,True
47096,1.0,0.0,0.5,none,True,True
47097,1.0,0.0,0.5,none,True,True
47098,1.0,0.0,0.5,none,True,True
47099,1.0,0.0,0.5,none,True,True
47100,1.0,0.0,0.5,none,True,True
47101,1.0,0.0,0.5,none,True,True
47102,1.0,0.0,0.5,none,True,True
47103,1.0,0.0,0.5,none,True,True
47104,1.0,0.0,0.5,none,True,True
47105,1.0,0.0,0.5,none,True,True
47106,1.0,0.0,0.5,none,True,True
47107,1.0,0.0,0.5,none,True,True
47108,1.0,0.0,0.5,none,True,True
47109,1.0,0.0,0.5,none,True,True
47110,1.0,0.0,0.5,none,True,True
47111,1.0,0.0,0.5,none,True,True
47112,1.0,0.0,0.5,none,True,True
47113,1.0,0.0,0.5,none,True,True
47114,1.0,0.0,0.5,none,True,True
47115,1.0,0.0,0.5,none,True,True
47116,1.0,0.0,0.5,none,True,True
47117,1.0,0.0,0.5,none,True,True
47118,1.0,0.0,0.5,none,True,True
47119,1.0,0.0,0.5,none,True,True
47120,1.0,0.0,0.5,none,True,True
47121,1.0,0.0,0.5,none,True,True
47122,1.0,0.0,0.5,none,True,True
47123,1.0,0.0,0.5,none,True,True
47124,1.0,0.0,0.5,none,True,True
47125,1.0,0.0,0.5,none,True,True
47126,1.0,0.0,0.5,none,True,True
47127,1.0,0.0,0.5,none,True,True
47128,1.0,0.0,0.5,none,True,True
47129,1.0,0.0,0.5,none,True,True
47130,1.0,0.0,0.5,none,True,True
47131,1.0,0.0,0.5,none,True,True
47132,1.0,0.0,0.5,none,True,True
47133,1.0,0.0,0.5,none,True,True
47134,1.0,0.0,0.5,none,True,True
47135,1.0,0.0,0.5,none,True,True
47136,1.0,0.0,0.5,none,True,True
47137,1.0,0.0,0.5,none,True,True
47138,1.0,0.0,0.5,none,True,True
47139,1.0,0.0,0.5,none,True,True
47140,1.0,0.0,0.5,none,True,True
47141,1.0,0.0,0.5,none,True,True
47142,1.0,0.0,0.5,none,True,True
47143,1.0,0.0,0.5,none,True,True
47144,1.0,0.0,0.5,none,True,True
47145,1.0,0.0,0.5,none,True,True
47146,1.0,0.0,0.5,none,True,True
47147,1.0,0.0,0.5,none,True,True
47148,1.0,0.0,0.5,none,True,True
47149,1.0,0.0,0.5,none,True,True
47150,1.0,0.0,0.5,none,True,True
47151,1.0,0.0,0.5,none,True,True
47152,1.0,0.0,0.5,none,True,True
47153,1.0,0.0,0.5,none,True,True
47154,1.0,0.0,0.5,none,True,True
47155,1.0,0.0,0.5,none,True,True
47156,1.0,0.0,0.5,none,True,True
47157,1.0,0.0,0.5,none,True,True
47158,1.0,0.0,0.5,none,True,True
47159,1.0,0.0,0.5,none,True,True
47160,1.0,0.0,0.5,none,True,True
47161,1.0,0.0,0.5,none,True,True
47162,1.0,0.0,0.5,none,True,True
47163,1.0,0.0,0.5,none,True,True
47164,1.0,0.0,0.5,none,True,True
47165,1.0,0.0,0.5,none,True,True
47166,1.0,0.0,0.5,none,True,True
47167,1.0,0.0,0.5,none,True,True
47168,1.0,0.0,0.5,none,True,True
47169,1.0,0.0,0.5,none,True,True
47170,1.0,0.0,0.5,none,True,True
47171,1.0,0.0,0.5,none,True,True
47172,1.0,0.0,0.5,none,True,True
47173,1.0,0.0,0.5,none,True,True
47174,1.0,0.0,0.5,none,True,True
47175,1.0,0.0,0.5,none,True,True
47176,1.0,0.0,0.5,none,True,True
47177,1.0,0.0,0.5,none,True,True
47178,1.0,0.0,0.5,none,True,True
47179,1.0,0.0,0.5,none,True,True
47180,1.0,0.0,0.5,none,True,True
47181,1.0,0.0,0.5,none,True,True
47182,1.0,0.0,0.5,none,True,True
47183,1.0,0.0,0.5,none,True,True
47184,1.0,0.0,0.5,none,True,True
47185,1.0,0.0,0.5,none,True,True
47186,1.0,0.0,0.5,none,True,True
47187,1.0,0.0,0.5,none,True,True
47188,1.0,0.0,0.5,none,True,True
47189,1.0,0.0,0.5,none,True,True
47190,1.0,0.0,0.5,none,True,True
47191,1.0,0.0,0.5,none,True,True
47192,1.0,0.0,0.5,none,True,True
47193,1.0,0.0,0.5,none,True,True
47194,1.0,0.0,0.5,none,True,True
47195,1.0,0.0,0.5,none,True,True
47196,1.0,0.0,0.5,none,True,True
47197,1.0,0.0,0.5,none,True,True
47198,1.0,0.0,0.5,none,True,True
47199,1.0,0.0,0.5,none,True,True
47200,1.0,0.0,0.5,none,True,True
47201,1.0,0.0,0.5,none,True,True
47202,1.0,0.0,0.5,none,True,True
47203,1.0,0.0,0.5,none,True,True
47204,1.0,0.0,0.5,none,True,True
47205,1.0,0.0,0.5,none,True,True
47206,1.0,0.0,0.5,none,True,True
47207,1.0,0.0,0.5,none,True,True
47208,1.0,0.0,0.5,none,True,True
47209,1.0,0.0,0.5,none,True,True
47210,1.0,0.0,0.5,none,True,True
47211,1.0,0.0,0.5,none,True,True
47212,1.0,0.0,0.5,none,True,True
47213,1.0,0.0,0.5,none,True,True
47214,1.0,0.0,0.5,none,True,True
47215,1.0,0.0,0.5,none,True,True
47216,1.0,0.0,0.5,none,True,True
47217,1.0,0.0,0.5,none,True,True
47218,1.0,0.0,0.5,none,True,True
47219,1.0,0.0,0.5,none,True,True
47220,1.0,0.0,0.5,none,True,True
47221,1.0,0.0,0.5,none,True,True
47222,1.0,0.0,0.5,none,True,True
47223,1.0,0.0,0.5,none,True,True
47224,1.0,0.0,0.5,none,True,True
47225,1.0,0.0,0.5,none,True,True
47226,1.0,0.0,0.5,none,True,True
47227,1.0,0.0,0.5,none,True,True
47228,1.0,0.0,0.5,none,True,True
47229,1.0,0.0,0.5,none,True,True
47230,1.0,0.0,0.5,none,True,True
47231,1.0,0.0,0.5,none,True,True
47232,1.0,0.0,0.5,none,True,True
47233,1.0,0.0,0.5,none,True,True
47234,1.0,0.0,0.5,none,True,True
47235,1.0,0.0,0.5,none,True,True
47236,1.0,0.0,0.5,none,True,True
47237,1.0,0.0,0.5,none,True,True
47238,1.0,0.0,0.5,none,True,True
47239,1.0,0.0,0.5,none,True,True
47240,1.0,0.0,0.5,none,True,True
47241,1.0,0.0,0.5,none,True,True
47242,1.0,0.0,0.5,none,True,True
47243,1.0,0.0,0.5,none,True,True
47244,1.0,0.0,0.5,none,True,True
47245,1.0,0.0,0.5,none,True,True
47246,1.0,0.0,0.5,none,True,True
47247,1.0,0.0,0.5,none,True,True
47248,1.0,0.0,0.5,none,True,True
47249,1.0,0.0,0.5,none,True,True
47250,1.0,0.0,0.5,none,True,True
47251,1.0,0.0,0.5,none,True,True
47252,1.0,0.0,0.5,none,True,True
47253,1.0,0.0,0.5,none,True,True
47254,1.0,0.0,0.5,none,True,True
47255,1.0,0.0,0.5,none,True,True
47256,1.0,0.0,0.5,none,True,True
47257,1.0,0.0,0.5,none,True,True
47258,1.0,0.0,0.5,none,True,True
47259,1.0,0.0,0.5,none,True,True
47260,1.0,0.0,0.5,none,True,True
47261,1.0,0.0,0.5,none,True,True
47262,1.0,0.0,0.5,none,True,True
47263,1.0,0.0,0.5,none,True,True
47264,1.0,0.0,0.5,none,True,True
47265,1.0,0.0,0.5,none,True,True
47266,1.0,0.0,0.5,none,True,True
47267,1.0,0.0,0.5,none,True,True
47268,1.0,0.0,0.5,none,True,True
47269,1.0,0.0,0.5,none,True,True
47270,1.0,0.0,0.5,none,True,True
47271,1.0,0.0,0.5,none,True,True
47272,1.0,0.0,0.5,none,True,True
47273,1.0,0.0,0.5,none,True,True
47274,1.0,0.0,0.5,none,True,True
47275,1.0,0.0,0.5,none,True,True
47276,1.0,0.0,0.5,none,True,True
47277,1.0,0.0,0.5,none,True,True
47278,1.0,0.0,0.5,none,True,True
47279,1.0,0.0,0.5,none,True,True
47280,1.0,0.0,0.5,none,True,True
47281,1.0,0.0,0.5,none,True,True
47282,1.0,0.0,0.5,none,True,True
47283,1.0,0.0,0.5,none,True,True
47284,1.0,0.0,0.5,none,True,True
47285,1.0,0.0,0.5,none,True,True
47286,1.0,0.0,0.5,none,True,True
47287,1.0,0.0,0.5,none,True,True
47288,1.0,0.0,0.5,none,True,True
47289,1.0,0.0,0.5,none,True,True
47290,1.0,0.0,0.5,none,True,True
47291,1.0,0.0,0.5,none,True,True
47292,1.0,0.0,0.5,none,True,True
47293,1.0,0.0,0.5,none,True,True
47294,1.0,0.0,0.5,none,True,True
47295,1.0,0.0,0.5,none,True,True
47296,1.0,0.0,0.5,none,True,True
47297,1.0,0.0,0.5,none,True,True
47298,1.0,0.0,0.5,none,True,True
47299,1.0,0.0,0.5,none,True,True
47300,1.0,0.0,0.5,none,True,True
47301,1.0,0.0,0.5,none,True,True
47302,1.0,0.0,0.5,none,True,True
47303,1.0,0.0,0.5,none,True,True
47304,1.0,0.0,0.5,none,True,True
47305,1.0,0.0,0.5,none,True,True
47306,1.0,0.0,0.5,none,True,True
47307,1.0,0.0,0.5,none,True,True
47308,1.0,0.0,0.5,none,True,True
47309,1.0,0.0,0.5,none,True,True
47310,1.0,0.0,0.5,none,True,True
47311,1.0,0.0,0.5,none,True,True
47312,1.0,0.0,0.5,none,True,True
47313,1.0,0.0,0.5,none,True,True
47314,1.0,0.0,0.5,none,True,True
47315,1.0,0.0,0.5,none,True,True
47316,1.0,0.0,0.5,none,True,True
47317,1.0,0.0,0.5,none,True,True
47318,1.0,0.0,0.5,none,True,True
47319,1.0,0.0,0.5,none,True,True
47320,1.0,0.0,0.5,none,True,True
47321,1.0,0.0,0.5,none,True,True
47322,1.0,0.0,0.5,none,True,True
47323,1.0,0.0,0.5,none,True,True
47324,1.0,0.0,0.5,none,True,True
47325,1.0,0.0,0.5,none,True,True
47326,1.0,0.0,0.5,none,True,True
47327,1.0,0.0,0.5,none,True,True
47328,1.0,0.0,0.5,none,True,True
47329,1.0,0.0,0.5,none,True,True
47330,1.0,0.0,0.5,none,True,True
47331,1.0,0.0,0.5,none,True,True
47332,1.0,0.0,0.5,none,True,True
47333,1.0,0.0,0.5,none,True,True
47334,1.0,0.0,0.5,none,True,True
47335,1.0,0.0,0.5,none,True,True
47336,1.0,0.0,0.5,none,True,True
47337,1.0,0.0,0.5,none,True,True
47338,1.0,0.0,0.5,none,True,True
47339,1.0,0.0,0.5,none,True,True
47340,1.0,0.0,0.5,none,True,True
47341,1.0,0.0,0.5,none,True,True
47342,1.0,0.0,0.5,none,True,True
47343,1.0,0.0,0.5,none,True,True
47344,1.0,0.0,0.5,none,True,True
47345,1.0,0.0,0.5,none,True,True
47346,1.0,0.0,0.5,none,True,True
47347,1.0,0.0,0.5,none,True,True
47348,1.0,0.0,0.5,none,True,True
47349,1.0,0.0,0.5,none,True,True
47350,1.0,0.0,0.5,none,True,True
47351,1.0,0.0,0.5,none,True,True
47352,1.0,0.0,0.5,none,True,True
47353,1.0,0.0,0.5,none,True,True
47354,1.0,0.0,0.5,none,True,True
47355,1.0,0.0,0.5,none,True,True
47356,1.0,0.0,0.5,none,True,True
47357,1.0,0.0,0.5,none,True,True
47358,1.0,0.0,0.5,none,True,True
47359,1.0,0.0,0.5,none,True,True
47360,1.0,0.0,0.5,none,True,True
47361,1.0,0.0,0.5,none,True,True
47362,1.0,0.0,0.5,none,True,True
47363,1.0,0.0,0.5,none,True,True
47364,1.0,0.0,0.5,none,True,True
47365,1.0,0.0,0.5,none,True,True
47366,1.0,0.0,0.5,none,True,True
47367,1.0,0.0,0.5,none,True,True
47368,1.0,0.0,0.5,none,True,True
47369,1.0,0.0,0.5,none,True,True
47370,1.0,0.0,0.5,none,True,True
47371,1.0,0.0,0.5,none,True,True
47372,1.0,0.0,0.5,none,True,True
47373,1.0,0.0,0.5,none,True,True
47374,1.0,0.0,0.5,none,True,True
47375,1.0,0.0,0.5,none,True,True
47376,1.0,0.0,0.5,none,True,True
47377,1.0,0.0,0.5,none,True,True
47378,1.0,0.0,0.5,none,True,True
47379,1.0,0.0,0.5,none,True,True
47380,1.0,0.0,0.5,none,True,True
47381,1.0,0.0,0.5,none,True,True
47382,1.0,0.0,0.5,none,True,True
47383,1.0,0.0,0.5,none,True,True
47384,1.0,0.0,0.5,none,True,True
47385,1.0,0.0,0.5,none,True,True
47386,1.0,0.0,0.5,none,True,True
47387,1.0,0.0,0.5,none,True,True
47388,1.0,0.0,0.5,none,True,True
47389,1.0,0.0,0.5,none,True,True
47390,1.0,0.0,0.5,none,True,True
47391,1.0,0.0,0.5,none,True,True
47392,1.0,0.0,0.5,none,True,True
47393,1.0,0.0,0.5,none,True,True
47394,1.0,0.0,0.5,none,True,True
47395,1.0,0.0,0.5,none,True,True
47396,1.0,0.0,0.5,none,True,True
47397,1.0,0.0,0.5,none,True,True
47398,1.0,0.0,0.5,none,True,True
47399,1.0,0.0,0.5,none,True,True
47400,1.0,0.0,0.5,none,True,True
47401,1.0,0.0,0.5,none,True,True
47402,1.0,0.0,0.5,none,True,True
47403,1.0,0.0,0.5,none,True,True
47404,1.0,0.0,0.5,none,True,True
47405,1.0,0.0,0.5,none,True,True
47406,1.0,0.0,0.5,none,True,True
47407,1.0,0.0,0.5,none,True,True
47408,1.0,0.0,0.5,none,True,True
47409,1.0,0.0,0.5,none,True,True
47410,1.0,0.0,0.5,none,True,True
47411,1.0,0.0,0.5,none,True,True
47412,1.0,0.0,0.5,none,True,True
47413,1.0,0.0,0.5,none,True,True
47414,1.0,0.0,0.5,none,True,True
47415,1.0,0.0,0.5,none,True,True
47416,1.0,0.0,0.5,none,True,True
47417,1.0,0.0,0.5,none,True,True
47418,1.0,0.0,0.5,none,True,True
47419,1.0,0.0,0.5,none,True,True
47420,1.0,0.0,0.5,none,True,True
47421,1.0,0.0,0.5,none,True,True
47422,1.0,0.0,0.5,none,True,True
47423,1.0,0.0,0.5,none,True,True
47424,1.0,0.0,0.5,none,True,True
47425,1.0,0.0,0.5,none,True,True
47426,1.0,0.0,0.5,none,True,True
47427,1.0,0.0,0.5,none,True,True
47428,1.0,0.0,0.5,none,True,True
47429,1.0,0.0,0.5,none,True,True
47430,1.0,0.0,0.5,none,True,True
47431,1.0,0.0,0.5,none,True,True
47432,1.0,0.0,0.5,none,True,True
47433,1.0,0.0,0.5,none,True,True
47434,1.0,0.0,0.5,none,True,True
47435,1.0,0.0,0.5,none,True,True
47436,1.0,0.0,0.5,none,True,True
47437,1.0,0.0,0.5,none,True,True
47438,1.0,0.0,0.5,none,True,True
47439,1.0,0.0,0.5,none,True,True
47440,1.0,0.0,0.5,none,True,True
47441,1.0,0.0,0.5,none,True,True
47442,1.0,0.0,0.5,none,True,True
47443,1.0,0.0,0.5,none,True,True
47444,1.0,0.0,0.5,none,True,True
47445,1.0,0.0,0.5,none,True,True
47446,1.0,0.0,0.5,none,True,True
47447,1.0,0.0,0.5,none,True,True
47448,1.0,0.0,0.5,none,True,True
47449,1.0,0.0,0.5,none,True,True
47450,1.0,0.0,0.5,none,True,True
47451,1.0,0.0,0.5,none,True,True
47452,1.0,0.0,0.5,none,True,True
47453,1.0,0.0,0.5,none,True,True
47454,1.0,0.0,0.5,none,True,True
47455,1.0,0.0,0.5,none,True,True
47456,1.0,0.0,0.5,none,True,True
47457,1.0,0.0,0.5,none,True,True
47458,1.0,0.0,0.5,none,True,True
47459,1.0,0.0,0.5,none,True,True
47460,1.0,0.0,0.5,none,True,True
47461,1.0,0.0,0.5,none,True,True
47462,1.0,0.0,0.5,none,True,True
47463,1.0,0.0,0.5,none,True,True
47464,1.0,0.0,0.5,none,True,True
47465,1.0,0.0,0.5,none,True,True
47466,1.0,0.0,0.5,none,True,True
47467,1.0,0.0,0.5,none,True,True
47468,1.0,0.0,0.5,none,True,True
47469,1.0,0.0,0.5,none,True,True
47470,1.0,0.0,0.5,none,True,True
47471,1.0,0.0,0.5,none,True,True
47472,1.0,0.0,0.5,none,True,True
47473,1.0,0.0,0.5,none,True,True
47474,1.0,0.0,0.5,none,True,True
47475,1.0,0.0,0.5,none,True,True
47476,1.0,0.0,0.5,none,True,True
47477,1.0,0.0,0.5,none,True,True
47478,1.0,0.0,0.5,none,True,True
47479,1.0,0.0,0.5,none,True,True
47480,1.0,0.0,0.5,none,True,True
47481,1.0,0.0,0.5,none,True,True
47482,1.0,0.0,0.5,none,True,True
47483,1.0,0.0,0.5,none,True,True
47484,1.0,0.0,0.5,none,True,True
47485,1.0,0.0,0.5,none,True,True
47486,1.0,0.0,0.5,none,True,True
47487,1.0,0.0,0.5,none,True,True
47488,1.0,0.0,0.5,none,True,True
47489,1.0,0.0,0.5,none,True,True
47490,1.0,0.0,0.5,none,True,True
47491,1.0,0.0,0.5,none,True,True
47492,1.0,0.0,0.5,none,True,True
47493,1.0,0.0,0.5,none,True,True
47494,1.0,0.0,0.5,none,True,True
47495,1.0,0.0,0.5,none,True,True
47496,1.0,0.0,0.5,none,True,True
47497,1.0,0.0,0.5,none,True,True
47498,1.0,0.0,0.5,none,True,True
47499,1.0,0.0,0.5,none,True,True
47500,1.0,0.0,0.5,none,True,True
47501,1.0,0.0,0.5,none,True,True
47502,1.0,0.0,0.5,none,True,True
47503,1.0,0.0,0.5,none,True,True
47504,1.0,0.0,0.5,none,True,True
47505,1.0,0.0,0.5,none,True,True
47506,1.0,0.0,0.5,none,True,True
47507,1.0,0.0,0.5,none,True,True
47508,1.0,0.0,0.5,none,True,True
47509,1.0,0.0,0.5,none,True,True
47510,1.0,0.0,0.5,none,True,True
47511,1.0,0.0,0.5,none,True,True
47512,1.0,0.0,0.5,none,True,True
47513,1.0,0.0,0.5,none,True,True
47514,1.0,0.0,0.5,none,True,True
47515,1.0,0.0,0.5,none,True,True
47516,1.0,0.0,0.5,none,True,True
47517,1.0,0.0,0.5,none,True,True
47518,1.0,0.0,0.5,none,True,True
47519,1.0,0.0,0.5,none,True,True
47520,1.0,0.0,0.5,none,True,True
47521,1.0,0.0,0.5,none,True,True
47522,1.0,0.0,0.5,none,True,True
47523,1.0,0.0,0.5,none,True,True
47524,1.0,0.0,0.5,none,True,True
47525,1.0,0.0,0.5,none,True,True
47526,1.0,0.0,0.5,none,True,True
47527,1.0,0.0,0.5,none,True,True
47528,1.0,0.0,0.5,none,True,True
47529,1.0,0.0,0.5,none,True,True
47530,1.0,0.0,0.5,none,True,True
47531,1.0,0.0,0.5,none,True,True
47532,1.0,0.0,0.5,none,True,True
47533,1.0,0.0,0.5,none,True,True
47534,1.0,0.0,0.5,none,True,True
47535,1.0,0.0,0.5,none,True,True
47536,1.0,0.0,0.5,none,True,True
47537,1.0,0.0,0.5,none,True,True
47538,1.0,0.0,0.5,none,True,True
47539,1.0,0.0,0.5,none,True,True
47540,1.0,0.0,0.5,none,True,True
47541,1.0,0.0,0.5,none,True,True
47542,1.0,0.0,0.5,none,True,True
47543,1.0,0.0,0.5,none,True,True
47544,1.0,0.0,0.5,none,True,True
47545,1.0,0.0,0.5,none,True,True
47546,1.0,0.0,0.5,none,True,True
47547,1.0,0.0,0.5,none,True,True
47548,1.0,0.0,0.5,none,True,True
47549,1.0,0.0,0.5,none,True,True
47550,1.0,0.0,0.5,none,True,True
47551,1.0,0.0,0.5,none,True,True
47552,1.0,0.0,0.5,none,True,True
47553,1.0,0.0,0.5,none,True,True
47554,1.0,0.0,0.5,none,True,True
47555,1.0,0.0,0.5,none,True,True
47556,1.0,0.0,0.5,none,True,True
47557,1.0,0.0,0.5,none,True,True
47558,1.0,0.0,0.5,none,True,True
47559,1.0,0.0,0.5,none,True,True
47560,1.0,0.0,0.5,none,True,True
47561,1.0,0.0,0.5,none,True,True
47562,1.0,0.0,0.5,none,True,True
47563,1.0,0.0,0.5,none,True,True
47564,1.0,0.0,0.5,none,True,True
47565,1.0,0.0,0.5,none,True,True
47566,1.0,0.0,0.5,none,True,True
47567,1.0,0.0,0.5,none,True,True
47568,1.0,0.0,0.5,none,True,True
47569,1.0,0.0,0.5,none,True,True
47570,1.0,0.0,0.5,none,True,True
47571,1.0,0.0,0.5,none,True,True
47572,1.0,0.0,0.5,none,True,True
47573,1.0,0.0,0.5,none,True,True
47574,1.0,0.0,0.5,none,True,True
47575,1.0,0.0,0.5,none,True,True
47576,1.0,0.0,0.5,none,True,True
47577,1.0,0.0,0.5,none,True,True
47578,1.0,0.0,0.5,none,True,True
47579,1.0,0.0,0.5,none,True,True
47580,1.0,0.0,0.5,none,True,True
47581,1.0,0.0,0.5,none,True,True
47582,1.0,0.0,0.5,none,True,True
47583,1.0,0.0,0.5,none,True,True
47584,1.0,0.0,0.5,none,True,True
47585,1.0,0.0,0.5,none,True,True
47586,1.0,0.0,0.5,none,True,True
47587,1.0,0.0,0.5,none,True,True
47588,1.0,0.0,0.5,none,True,True
47589,1.0,0.0,0.5,none,True,True
47590,1.0,0.0,0.5,none,True,True
47591,1.0,0.0,0.5,none,True,True
47592,1.0,0.0,0.5,none,True,True
47593,1.0,0.0,0.5,none,True,True
47594,1.0,0.0,0.5,none,True,True
47595,1.0,0.0,0.5,none,True,True
47596,1.0,0.0,0.5,none,True,True
47597,1.0,0.0,0.5,none,True,True
47598,1.0,0.0,0.5,none,True,True
47599,1.0,0.0,0.5,none,True,True
47600,1.0,0.0061,0.5,none,True,True
47601,1.0,0.0357,0.5,none,True,True
47602,1.0,0.0812,0.5,none,True,True
47603,1.0,0.1113,0.5,none,True,True
47604,1.0,0.1253,0.5,none,True,True
47605,1.0,0.1408,0.5,none,True,True
47606,1.0,0.0907,0.5,none,True,True
47607,1.0,0.1198,0.5,none,True,True
47608,1.0,0.0467,0.5,none,True,True
47609,1.0,0.0522,0.5,none,True,True
47610,1.0,0.0405,0.5,none,True,True
47611,1.0,0.0313,0.5,none,True,True
47612,1.0,0.0083,0.5,none,True,True
47613,1.0,0.0726,0.5,none,True,True
47614,1.0,0.0793,0.5,none,True,True
47615,1.0,0.0581,0.5,none,True,True
47616,1.0,0.0955,0.5,none,True,True
47617,1.0,0.0839,0.5,none,True,True
47618,1.0,0.0648,0.5,none,True,True
47619,1.0,0.0718,0.5,none,True,True
47620,1.0,0.0589,0.5,none,True,True
47621,1.0,0.0403,0.5,none,True,True
47622,1.0,0.0327,0.5,none,True,True
47623,1.0,0.0277,0.5,none,True,True
47624,1.0,0.017,0.5,none,True,True
47625,1.0,0.0102,0.5,none,True,True
47626,1.0,0.0099,0.5,none,True,True
47627,1.0,0.008,0.5,none,True,True
47628,1.0,0.005,0.5,none,True,True
47629,1.0,0.0063,0.5,none,True,True
47630,1.0,0.009,0.5,none,True,True
47631,1.0,0.0096,0.5,none,True,True
47632,1.0,0.0108,0.5,none,True,True
47633,1.0,0.014,0.5,none,True,True
47634,1.0,0.0161,0.5,none,True,True
47635,1.0,0.0167,0.5,none,True,True
47636,1.0,0.0182,0.5,none,True,True
47637,1.0,0.0196,0.5,none,True,True
47638,1.0,0.0197,0.5,none,True,True
47639,1.0,0.0193,0.5,none,True,True
47640,1.0,0.0193,0.5,none,True,True
47641,1.0,0.0187,0.5,none,True,True
47642,1.0,0.0174,0.5,none,True,True
47643,1.0,0.0163,0.5,none,True,True
47644,1.0,0.0152,0.5,none,True,True
47645,1.0,0.0138,0.5,none,True,True
47646,1.0,0.0123,0.5,none,True,True
47647,1.0,0.0111,0.5,none,True,True
47648,1.0,0.01,0.5,none,True,True
47649,1.0,0.0088,0.5,none,True,True
47650,1.0,0.0078,0.5,none,True,True
47651,1.0,0.0071,0.5,none,True,True
47652,1.0,0.0064,0.5,none,True,True
47653,1.0,0.0057,0.5,none,True,True
47654,1.0,0.0053,0.5,none,True,True
47655,1.0,0.005,0.5,none,True,True
47656,1.0,0.0047,0.5,none,True,True
47657,1.0,0.0045,0.5,none,True,True
47658,1.0,0.0044,0.5,none,True,True
47659,1.0,0.0043,0.5,none,True,True
47660,1.0,0.0042,0.5,none,True,True
47661,1.0,0.0041,0.5,none,True,True
47662,1.0,0.004,0.5,none,True,True
47663,1.0,0.0039,0.5,none,True,True
47664,1.0,0.0038,0.5,none,True,True
47665,1.0,0.0037,0.5,none,True,True
47666,1.0,0.0035,0.5,none,True,True
47667,1.0,0.0033,0.5,none,True,True
47668,1.0,0.0032,0.5,none,True,True
47669,1.0,0.003,0.5,none,True,True
47670,1.0,0.0028,0.5,none,True,True
47671,1.0,0.0026,0.5,none,True,True
47672,1.0,0.0024,0.5,none,True,True
47673,1.0,0.0023,0.5,none,True,True
47674,1.0,0.0021,0.5,none,True,True
47675,1.0,0.0019,0.5,none,True,True
47676,1.0,0.0018,0.5,none,True,True
47677,1.0,0.0017,0.5,none,True,True
47678,1.0,0.0015,0.5,none,True,True
47679,1.0,0.0014,0.5,none,True,True
47680,1.0,0.0013,0.5,none,True,True
47681,1.0,0.0013,0.5,none,True,True
47682,1.0,0.0012,0.5,none,True,True
47683,1.0,0.0011,0.5,none,True,True
47684,1.0,0.0011,0.5,none,True,True
47685,1.0,0.001,0.5,none,True,True
47686,1.0,0.001,0.5,none,True,True
47687,1.0,0.0009,0.5,none,True,True
47688,1.0,0.0009,0.5,none,True,True
47689,1.0,0.0008,0.5,none,True,True
47690,1.0,0.0008,0.5,none,True,True
47691,1.0,0.0008,0.5,none,True,True
47692,1.0,0.0007,0.5,none,True,True
47693,1.0,0.0007,0.5,none,True,True
47694,1.0,0.0006,0.5,none,True,True
47695,1.0,0.0006,0.5,none,True,True
47696,1.0,0.0006,0.5,none,True,True
47697,1.0,0.0005,0.5,none,True,True
47698,1.0,0.0005,0.5,none,True,True
47699,1.0,0.0005,0.5,none,True,True
47700,1.0,0.0004,0.5,none,True,True
47701,1.0,0.0004,0.5,none,True,True
47702,1.0,0.0004,0.5,none,True,True
47703,1.0,0.0004,0.5,none,True,True
47704,1.0,0.0003,0.5,none,True,True
47705,1.0,0.0003,0.5,none,True,True
47706,1.0,0.0003,0.5,none,True,True
47707,1.0,0.0003,0.5,none,True,True
47708,1.0,0.0003,0.5,none,True,True
47709,1.0,0.0003,0.5,none,True,True
47710,1.0,0.0002,0.5,none,True,True
47711,1.0,0.0002,0.5,none,True,True
47712,1.0,0.0002,0.5,none,True,True
47713,1.0,0.0002,0.5,none,True,True
47714,1.0,0.0002,0.5,none,True,True
47715,1.0,0.0002,0.5,none,True,True
47716,1.0,0.0002,0.5,none,True,True
47717,1.0,0.0002,0.5,none,True,True
47718,1.0,0.0002,0.5,none,True,True
47719,1.0,0.0001,0.5,none,True,True
47720,1.0,0.0001,0.5,none,True,True
47721,1.0,0.0001,0.5,none,True,True
47722,1.0,0.0001,0.5,none,True,True
47723,1.0,0.0001,0.5,none,True,True
47724,1.0,0.0001,0.5,none,True,True
47725,1.0,0.0001,0.5,none,True,True
47726,1.0,0.0001,0.5,none,True,True
47727,1.0,0.0001,0.5,none,True,True
47728,1.0,0.0001,0.5,none,True,True
47729,1.0,0.0001,0.5,none,True,True
47730,1.0,0.0001,0.5,none,True,True
47731,1.0,0.0001,0.5,none,True,True
47732,1.0,0.0001,0.5,none,True,True
47733,1.0,0.0001,0.5,none,True,True
47734,1.0,0.0001,0.5,none,True,True
47735,1.0,0.0001,0.5,none,True,True
47736,1.0,0.0001,0.5,none,True,True
47737,1.0,0.0,0.5,none,True,True
47738,1.0,0.0,0.5,none,True,True
47739,1.0,0.0,0.5,none,True,True
47740,1.0,0.0,0.5,none,True,True
47741,1.0,0.0,0.5,none,True,True
47742,1.0,0.0,0.5,none,True,True
47743,1.0,0.0,0.5,none,True,True
47744,1.0,0.0,0.5,none,True,True
47745,1.0,0.0,0.5,none,True,True
47746,1.0,0.0,0.5,none,True,True
47747,1.0,0.0,0.5,none,True,True
47748,1.0,0.0,0.5,none,True,True
47749,1.0,0.0,0.5,none,True,True
47750,1.0,0.0,0.5,none,True,True
47751,1.0,0.0,0.5,none,True,True
47752,1.0,0.0,0.5,none,True,True
47753,1.0,0.0,0.5,none,True,True
47754,1.0,0.0,0.5,none,True,True
47755,1.0,0.0,0.5,none,True,True
47756,1.0,0.0,0.5,none,True,True
47757,1.0,0.0,0.5,none,True,True
47758,1.0,0.0,0.5,none,True,True
47759,1.0,0.0,0.5,none,True,True
47760,1.0,0.0,0.5,none,True,True
47761,1.0,0.0,0.5,none,True,True
47762,1.0,0.0,0.5,none,True,True
47763,1.0,0.0,0.5,none,True,True
47764,1.0,0.0,0.5,none,True,True
47765,1.0,0.0,0.5,none,True,True
47766,1.0,0.0,0.5,none,True,True
47767,1.0,0.0,0.5,none,True,True
47768,1.0,0.0,0.5,none,True,True
47769,1.0,0.0,0.5,none,True,True
47770,1.0,0.0,0.5,none,True,True
47771,1.0,0.0,0.5,none,True,True
47772,1.0,0.0,0.5,none,True,True
47773,1.0,0.0,0.5,none,True,True
47774,1.0,0.0,0.5,none,True,True
47775,1.0,0.0,0.5,none,True,True
47776,1.0,0.0,0.5,none,True,True
47777,1.0,0.0,0.5,none,True,True
47778,1.0,0.0,0.5,none,True,True
47779,1.0,0.0,0.5,none,True,True
47780,1.0,0.0,0.5,none,True,True
47781,1.0,0.0,0.5,none,True,True
47782,1.0,0.0,0.5,none,True,True
47783,1.0,0.0,0.5,none,True,True
47784,1.0,0.0,0.5,none,True,True
47785,1.0,0.0,0.5,none,True,True
47786,1.0,0.0,0.5,none,True,True
47787,1.0,0.0,0.5,none,True,True
47788,1.0,0.0,0.5,none,True,True
47789,1.0,0.0,0.5,none,True,True
47790,1.0,0.0,0.5,none,True,True
47791,1.0,0.0,0.5,none,True,True
47792,1.0,0.0,0.5,none,True,True
47793,1.0,0.0,0.5,none,True,True
47794,1.0,0.0,0.5,none,True,True
47795,1.0,0.0,0.5,none,True,True
47796,1.0,0.0,0.5,none,True,True
47797,1.0,0.0,0.5,none,True,True
47798,1.0,0.0,0.5,none,True,True
47799,1.0,0.0,0.5,none,True,True
47800,1.0,0.0,0.5,none,True,True
47801,1.0,0.0,0.5,none,True,True
47802,1.0,0.0,0.5,none,True,True
47803,1.0,0.0,0.5,none,True,True
47804,1.0,0.0,0.5,none,True,True
47805,1.0,0.0,0.5,none,True,True
47806,1.0,0.0,0.5,none,True,True
47807,1.0,0.0,0.5,none,True,True
47808,1.0,0.0,0.5,none,True,True
47809,1.0,0.0,0.5,none,True,True
47810,1.0,0.0,0.5,none,True,True
47811,1.0,0.0,0.5,none,True,True
47812,1.0,0.0,0.5,none,True,True
47813,1.0,0.0,0.5,none,True,True
47814,1.0,0.0,0.5,none,True,True
47815,1.0,0.0,0.5,none,True,True
47816,1.0,0.0,0.5,none,True,True
47817,1.0,0.0,0.5,none,True,True
47818,1.0,0.0,0.5,none,True,True
47819,1.0,0.0,0.5,none,True,True
47820,1.0,0.0,0.5,none,True,True
47821,1.0,0.0,0.5,none,True,True
47822,1.0,0.0,0.5,none,True,True
47823,1.0,0.0,0.5,none,True,True
47824,1.0,0.0,0.5,none,True,True
47825,1.0,0.0,0.5,none,True,True
47826,1.0,0.0,0.5,none,True,True
47827,1.0,0.0,0.5,none,True,True
47828,1.0,0.0,0.5,none,True,True
47829,1.0,0.0,0.5,none,True,True
47830,1.0,0.0,0.5,none,True,True
47831,1.0,0.0,0.5,none,True,True
47832,1.0,0.0,0.5,none,True,True
47833,1.0,0.0,0.5,none,True,True
47834,1.0,0.0,0.5,none,True,True
47835,1.0,0.0,0.5,none,True,True
47836,1.0,0.0,0.5,none,True,True
47837,1.0,0.0,0.5,none,True,True
47838,1.0,0.0,0.5,none,True,True
47839,1.0,0.0,0.5,none,True,True
47840,1.0,0.0,0.5,none,True,True
47841,1.0,0.0,0.5,none,True,True
47842,1.0,0.0,0.5,none,True,True
47843,1.0,0.0,0.5,none,True,True
47844,1.0,0.0,0.5,none,True,True
47845,1.0,0.0,0.5,none,True,True
47846,1.0,0.0,0.5,none,True,True
47847,1.0,0.0,0.5,none,True,True
47848,1.0,0.0,0.5,none,True,True
47849,1.0,0.0,0.5,none,True,True
47850,1.0,0.0,0.5,none,True,True
47851,1.0,0.0,0.5,none,True,True
47852,1.0,0.0,0.5,none,True,True
47853,1.0,0.0,0.5,none,True,True
47854,1.0,0.0,0.5,none,True,True
47855,1.0,0.0,0.5,none,True,True
47856,1.0,0.0,0.5,none,True,True
47857,1.0,0.0,0.5,none,True,True
47858,1.0,0.0,0.5,none,True,True
47859,1.0,0.0,0.5,none,True,True
47860,1.0,0.0,0.5,none,True,True
47861,1.0,0.0,0.5,none,True,True
47862,1.0,0.0,0.5,none,True,True
47863,1.0,0.0,0.5,none,True,True
47864,1.0,0.0,0.5,none,True,True
47865,1.0,0.0,0.5,none,True,True
47866,1.0,0.0,0.5,none,True,True
47867,1.0,0.0,0.5,none,True,True
47868,1.0,0.0,0.5,none,True,True
47869,1.0,0.0,0.5,none,True,True
47870,1.0,0.0,0.5,none,True,True
47871,1.0,0.0,0.5,none,True,True
47872,1.0,0.0,0.5,none,True,True
47873,1.0,0.0,0.5,none,True,True
47874,1.0,0.0,0.5,none,True,True
47875,1.0,0.0,0.5,none,True,True
47876,1.0,0.0,0.5,none,True,True
47877,1.0,0.0,0.5,none,True,True
47878,1.0,0.0,0.5,none,True,True
47879,1.0,0.0,0.5,none,True,True
47880,1.0,0.0,0.5,none,True,True
47881,1.0,0.0,0.5,none,True,True
47882,1.0,0.0,0.5,none,True,True
47883,1.0,0.0,0.5,none,True,True
47884,1.0,0.0,0.5,none,True,True
47885,1.0,0.0,0.5,none,True,True
47886,1.0,0.0,0.5,none,True,True
47887,1.0,0.0,0.5,none,True,True
47888,1.0,0.0,0.5,none,True,True
47889,1.0,0.0,0.5,none,True,True
47890,1.0,0.0,0.5,none,True,True
47891,1.0,0.0,0.5,none,True,True
47892,1.0,0.0,0.5,none,True,True
47893,1.0,0.0,0.5,none,True,True
47894,1.0,0.0,0.5,none,True,True
47895,1.0,0.0,0.5,none,True,True
47896,1.0,0.0,0.5,none,True,True
47897,1.0,0.0,0.5,none,True,True
47898,1.0,0.0,0.5,none,True,True
47899,1.0,0.0,0.5,none,True,True
47900,1.0,0.0,0.5,none,True,True
47901,1.0,0.0,0.5,none,True,True
47902,1.0,0.0,0.5,none,True,True
47903,1.0,0.0,0.5,none,True,True
47904,1.0,0.0,0.5,none,True,True
47905,1.0,0.0,0.5,none,True,True
47906,1.0,0.0,0.5,none,True,True
47907,1.0,0.0,0.5,none,True,True
47908,1.0,0.0,0.5,none,True,True
47909,1.0,0.0,0.5,none,True,True
47910,1.0,0.0,0.5,none,True,True
47911,1.0,0.0,0.5,none,True,True
47912,1.0,0.0,0.5,none,True,True
47913,1.0,0.0,0.5,none,True,True
47914,1.0,0.0,0.5,none,True,True
47915,1.0,0.0,0.5,none,True,True
47916,1.0,0.0,0.5,none,True,True
47917,1.0,0.0,0.5,none,True,True
47918,1.0,0.0,0.5,none,True,True
47919,1.0,0.0,0.5,none,True,True
47920,1.0,0.0,0.5,none,True,True
47921,1.0,0.0,0.5,none,True,True
47922,1.0,0.0,0.5,none,True,True
47923,1.0,0.0,0.5,none,True,True
47924,1.0,0.0,0.5,none,True,True
47925,1.0,0.0,0.5,none,True,True
47926,1.0,0.0,0.5,none,True,True
47927,1.0,0.0,0.5,none,True,True
47928,1.0,0.0,0.5,none,True,True
47929,1.0,0.0,0.5,none,True,True
47930,1.0,0.0,0.5,none,True,True
47931,1.0,0.0,0.5,none,True,True
47932,1.0,0.0,0.5,none,True,True
47933,1.0,0.0,0.5,none,True,True
47934,1.0,0.0,0.5,none,True,True
47935,1.0,0.0,0.5,none,True,True
47936,1.0,0.0,0.5,none,True,True
47937,1.0,0.0,0.5,none,True,True
47938,1.0,0.0,0.5,none,True,True
47939,1.0,0.0,0.5,none,True,True
47940,1.0,0.0,0.5,none,True,True
47941,1.0,0.0,0.5,none,True,True
47942,1.0,0.0,0.5,none,True,True
47943,1.0,0.0,0.5,none,True,True
47944,1.0,0.0,0.5,none,True,True
47945,1.0,0.0,0.5,none,True,True
47946,1.0,0.0,0.5,none,True,True
47947,1.0,0.0,0.5,none,True,True
47948,1.0,0.0,0.5,none,True,True
47949,1.0,0.0,0.5,none,True,True
47950,1.0,0.0,0.5,none,True,True
47951,1.0,0.0,0.5,none,True,True
47952,1.0,0.0,0.5,none,True,True
47953,1.0,0.0,0.5,none,True,True
47954,1.0,0.0,0.5,none,True,True
47955,1.0,0.0,0.5,none,True,True
47956,1.0,0.0,0.5,none,True,True
47957,1.0,0.0,0.5,none,True,True
47958,1.0,0.0,0.5,none,True,True
47959,1.0,0.0,0.5,none,True,True
47960,1.0,0.0,0.5,none,True,True
47961,1.0,0.0,0.5,none,True,True
47962,1.0,0.0,0.5,none,True,True
47963,1.0,0.0,0.5,none,True,True
47964,1.0,0.0,0.5,none,True,True
47965,1.0,0.0,0.5,none,True,True
47966,1.0,0.0,0.5,none,True,True
47967,1.0,0.0,0.5,none,True,True
47968,1.0,0.0,0.5,none,True,True
47969,1.0,0.0,0.5,none,True,True
47970,1.0,0.0,0.5,none,True,True
47971,1.0,0.0,0.5,none,True,True
47972,1.0,0.0,0.5,none,True,True
47973,1.0,0.0,0.5,none,True,True
47974,1.0,0.0,0.5,none,True,True
47975,1.0,0.0,0.5,none,True,True
47976,1.0,0.0,0.5,none,True,True
47977,1.0,0.0,0.5,none,True,True
47978,1.0,0.0,0.5,none,True,True
47979,1.0,0.0,0.5,none,True,True
47980,1.0,0.0,0.5,none,True,True
47981,1.0,0.0,0.5,none,True,True
47982,1.0,0.0,0.5,none,True,True
47983,1.0,0.0,0.5,none,True,True
47984,1.0,0.0,0.5,none,True,True
47985,1.0,0.0,0.5,none,True,True
47986,1.0,0.0,0.5,none,True,True
47987,1.0,0.0,0.5,none,True,True
47988,1.0,0.0,0.5,none,True,True
47989,1.0,0.0,0.5,none,True,True
47990,1.0,0.0,0.5,none,True,True
47991,1.0,0.0,0.5,none,True,True
47992,1.0,0.0,0.5,none,True,True
47993,1.0,0.0,0.5,none,True,True
47994,1.0,0.0,0.5,none,True,True
47995,1.0,0.0,0.5,none,True,True
47996,1.0,0.0,0.5,none,True,True
47997,1.0,0.0,0.5,none,True,True
47998,1.0,0.0,0.5,none,True,True
47999,1.0,0.0,0.5,none,True,True
48000,1.0,0.0,0.5,none,True,True
48001,1.0,0.0,0.5,none,True,True
48002,1.0,0.0,0.5,none,True,True
48003,1.0,0.0,0.5,none,True,True
48004,1.0,0.0,0.5,none,True,True
48005,1.0,0.0,0.5,none,True,True
48006,1.0,0.0,0.5,none,True,True
48007,1.0,0.0,0.5,none,True,True
48008,1.0,0.0,0.5,none,True,True
48009,1.0,0.0,0.5,none,True,True
48010,1.0,0.0,0.5,none,True,True
48011,1.0,0.0,0.5,none,True,True
48012,1.0,0.0,0.5,none,True,True
48013,1.0,0.0,0.5,none,True,True
48014,1.0,0.0,0.5,none,True,True
48015,1.0,0.0,0.5,none,True,True
48016,1.0,0.0,0.5,none,True,True
48017,1.0,0.0,0.5,none,True,True
48018,1.0,0.0,0.5,none,True,True
48019,1.0,0.0,0.5,none,True,True
48020,1.0,0.0,0.5,none,True,True
48021,1.0,0.0,0.5,none,True,True
48022,1.0,0.0,0.5,none,True,True
48023,1.0,0.0,0.5,none,True,True
48024,1.0,0.0,0.5,none,True,True
48025,1.0,0.0,0.5,none,True,True
48026,1.0,0.0,0.5,none,True,True
48027,1.0,0.0,0.5,none,True,True
48028,1.0,0.0,0.5,none,True,True
48029,1.0,0.0,0.5,none,True,True
48030,1.0,0.0,0.5,none,True,True
48031,1.0,0.0,0.5,none,True,True
48032,1.0,0.0,0.5,none,True,True
48033,1.0,0.0,0.5,none,True,True
48034,1.0,0.0,0.5,none,True,True
48035,1.0,0.0,0.5,none,True,True
48036,1.0,0.0,0.5,none,True,True
48037,1.0,0.0,0.5,none,True,True
48038,1.0,0.0,0.5,none,True,True
48039,1.0,0.0,0.5,none,True,True
48040,1.0,0.0,0.5,none,True,True
48041,1.0,0.0,0.5,none,True,True
48042,1.0,0.0,0.5,none,True,True
48043,1.0,0.0,0.5,none,True,True
48044,1.0,0.0,0.5,none,True,True
48045,1.0,0.0,0.5,none,True,True
48046,1.0,0.0,0.5,none,True,True
48047,1.0,0.0,0.5,none,True,True
48048,1.0,0.0,0.5,none,True,True
48049,1.0,0.0,0.5,none,True,True
48050,1.0,0.0,0.5,none,True,True
48051,1.0,0.0,0.5,none,True,True
48052,1.0,0.0,0.5,none,True,True
48053,1.0,0.0,0.5,none,True,True
48054,1.0,0.0,0.5,none,True,True
48055,1.0,0.0,0.5,none,True,True
48056,1.0,0.0,0.5,none,True,True
48057,1.0,0.0,0.5,none,True,True
48058,1.0,0.0,0.5,none,True,True
48059,1.0,0.0,0.5,none,True,True
48060,1.0,0.0,0.5,none,True,True
48061,1.0,0.0,0.5,none,True,True
48062,1.0,0.0,0.5,none,True,True
48063,1.0,0.0,0.5,none,True,True
48064,1.0,0.0,0.5,none,True,True
48065,1.0,0.0,0.5,none,True,True
48066,1.0,0.0,0.5,none,True,True
48067,1.0,0.0,0.5,none,True,True
48068,1.0,0.0,0.5,none,True,True
48069,1.0,0.0,0.5,none,True,True
48070,1.0,0.0,0.5,none,True,True
48071,1.0,0.0,0.5,none,True,True
48072,1.0,0.0,0.5,none,True,True
48073,1.0,0.0,0.5,none,True,True
48074,1.0,0.0,0.5,none,True,True
48075,1.0,0.0,0.5,none,True,True
48076,1.0,0.0,0.5,none,True,True
48077,1.0,0.0,0.5,none,True,True
48078,1.0,0.0,0.5,none,True,True
48079,1.0,0.0,0.5,none,True,True
48080,1.0,0.0,0.5,none,True,True
48081,1.0,0.0,0.5,none,True,True
48082,1.0,0.0,0.5,none,True,True
48083,1.0,0.0,0.5,none,True,True
48084,1.0,0.0,0.5,none,True,True
48085,1.0,0.0,0.5,none,True,True
48086,1.0,0.0,0.5,none,True,True
48087,1.0,0.0,0.5,none,True,True
48088,1.0,0.0,0.5,none,True,True
48089,1.0,0.0,0.5,none,True,True
48090,1.0,0.0,0.5,none,True,True
48091,1.0,0.0,0.5,none,True,True
48092,1.0,0.0,0.5,none,True,True
48093,1.0,0.0,0.5,none,True,True
48094,1.0,0.0,0.5,none,True,True
48095,1.0,0.0,0.5,none,True,True
48096,1.0,0.0,0.5,none,True,True
48097,1.0,0.0,0.5,none,True,True
48098,1.0,0.0,0.5,none,True,True
48099,1.0,0.0,0.5,none,True,True
48100,1.0,0.0,0.5,none,True,True
48101,1.0,0.0,0.5,none,True,True
48102,1.0,0.0,0.5,none,True,True
48103,1.0,0.0,0.5,none,True,True
48104,1.0,0.0,0.5,none,True,True
48105,1.0,0.0,0.5,none,True,True
48106,1.0,0.0,0.5,none,True,True
48107,1.0,0.0,0.5,none,True,True
48108,1.0,0.0,0.5,none,True,True
48109,1.0,0.0,0.5,none,True,True
48110,1.0,0.0,0.5,none,True,True
48111,1.0,0.0,0.5,none,True,True
48112,1.0,0.0,0.5,none,True,True
48113,1.0,0.0,0.5,none,True,True
48114,1.0,0.0,0.5,none,True,True
48115,1.0,0.0,0.5,none,True,True
48116,1.0,0.0,0.5,none,True,True
48117,1.0,0.0,0.5,none,True,True
48118,1.0,0.0,0.5,none,True,True
48119,1.0,0.0,0.5,none,True,True
48120,1.0,0.0,0.5,none,True,True
48121,1.0,0.0,0.5,none,True,True
48122,1.0,0.0,0.5,none,True,True
48123,1.0,0.0,0.5,none,True,True
48124,1.0,0.0,0.5,none,True,True
48125,1.0,0.0,0.5,none,True,True
48126,1.0,0.0,0.5,none,True,True
48127,1.0,0.0,0.5,none,True,True
48128,1.0,0.0,0.5,none,True,True
48129,1.0,0.0,0.5,none,True,True
48130,1.0,0.0,0.5,none,True,True
48131,1.0,0.0,0.5,none,True,True
48132,1.0,0.0,0.5,none,True,True
48133,1.0,0.0,0.5,none,True,True
48134,1.0,0.0,0.5,none,True,True
48135,1.0,0.0,0.5,none,True,True
48136,1.0,0.0,0.5,none,True,True
48137,1.0,0.0,0.5,none,True,True
48138,1.0,0.0,0.5,none,True,True
48139,1.0,0.0,0.5,none,True,True
48140,1.0,0.0,0.5,none,True,True
48141,1.0,0.0,0.5,none,True,True
48142,1.0,0.0,0.5,none,True,True
48143,1.0,0.0,0.5,none,True,True
48144,1.0,0.0,0.5,none,True,True
48145,1.0,0.0,0.5,none,True,True
48146,1.0,0.0,0.5,none,True,True
48147,1.0,0.0,0.5,none,True,True
48148,1.0,0.0,0.5,none,True,True
48149,1.0,0.0,0.5,none,True,True
48150,1.0,0.0,0.5,none,True,True
48151,1.0,0.0,0.5,none,True,True
48152,1.0,0.0,0.5,none,True,True
48153,1.0,0.0,0.5,none,True,True
48154,1.0,0.0,0.5,none,True,True
48155,1.0,0.0,0.5,none,True,True
48156,1.0,0.0,0.5,none,True,True
48157,1.0,0.0,0.5,none,True,True
48158,1.0,0.0,0.5,none,True,True
48159,1.0,0.0,0.5,none,True,True
48160,1.0,0.0,0.5,none,True,True
48161,1.0,0.0,0.5,none,True,True
48162,1.0,0.0,0.5,none,True,True
48163,1.0,0.0,0.5,none,True,True
48164,1.0,0.0,0.5,none,True,True
48165,1.0,0.0,0.5,none,True,True
48166,1.0,0.0,0.5,none,True,True
48167,1.0,0.0,0.5,none,True,True
48168,1.0,0.0,0.5,none,True,True
48169,1.0,0.0,0.5,none,True,True
48170,1.0,0.0,0.5,none,True,True
48171,1.0,0.0,0.5,none,True,True
48172,1.0,0.0,0.5,none,True,True
48173,1.0,0.0,0.5,none,True,True
48174,1.0,0.0,0.5,none,True,True
48175,1.0,0.0,0.5,none,True,True
48176,1.0,0.0,0.5,none,True,True
48177,1.0,0.0,0.5,none,True,True
48178,1.0,0.0,0.5,none,True,True
48179,1.0,0.0,0.5,none,True,True
48180,1.0,0.0,0.5,none,True,True
48181,1.0,0.0,0.5,none,True,True
48182,1.0,0.0,0.5,none,True,True
48183,1.0,0.0,0.5,none,True,True
48184,1.0,0.0,0.5,none,True,True
48185,1.0,0.0,0.5,none,True,True
48186,1.0,0.0,0.5,none,True,True
48187,1.0,0.0,0.5,none,True,True
48188,1.0,0.0,0.5,none,True,True
48189,1.0,0.0,0.5,none,True,True
48190,1.0,0.0,0.5,none,True,True
48191,1.0,0.0,0.5,none,True,True
48192,1.0,0.0,0.5,none,True,True
48193,1.0,0.0,0.5,none,True,True
48194,1.0,0.0,0.5,none,True,True
48195,1.0,0.0,0.5,none,True,True
48196,1.0,0.0,0.5,none,True,True
48197,1.0,0.0,0.5,none,True,True
48198,1.0,0.0,0.5,none,True,True
48199,1.0,0.0,0.5,none,True,True
48200,1.0,0.0,0.5,none,True,True
48201,1.0,0.0,0.5,none,True,True
48202,1.0,0.0,0.5,none,True,True
48203,1.0,0.0,0.5,none,True,True
48204,1.0,0.0,0.5,none,True,True
48205,1.0,0.0,0.5,none,True,True
48206,1.0,0.0,0.5,none,True,True
48207,1.0,0.0,0.5,none,True,True
48208,1.0,0.0,0.5,none,True,True
48209,1.0,0.0,0.5,none,True,True
48210,1.0,0.0,0.5,none,True,True
48211,1.0,0.0,0.5,none,True,True
48212,1.0,0.0,0.5,none,True,True
48213,1.0,0.0,0.5,none,True,True
48214,1.0,0.0,0.5,none,True,True
48215,1.0,0.0,0.5,none,True,True
48216,1.0,0.0,0.5,none,True,True
48217,1.0,0.0,0.5,none,True,True
48218,1.0,0.0,0.5,none,True,True
48219,1.0,0.0,0.5,none,True,True
48220,1.0,0.0,0.5,none,True,True
48221,1.0,0.0,0.5,none,True,True
48222,1.0,0.0,0.5,none,True,True
48223,1.0,0.0,0.5,none,True,True
48224,1.0,0.0,0.5,none,True,True
48225,1.0,0.0,0.5,none,True,True
48226,1.0,0.0,0.5,none,True,True
48227,1.0,0.0,0.5,none,True,True
48228,1.0,0.0,0.5,none,True,True
48229,1.0,0.0,0.5,none,True,True
48230,1.0,0.0,0.5,none,True,True
48231,1.0,0.0,0.5,none,True,True
48232,1.0,0.0,0.5,none,True,True
48233,1.0,0.0,0.5,none,True,True
48234,1.0,0.0,0.5,none,True,True
48235,1.0,0.0,0.5,none,True,True
48236,1.0,0.0,0.5,none,True,True
48237,1.0,0.0,0.5,none,True,True
48238,1.0,0.0,0.5,none,True,True
48239,1.0,0.0,0.5,none,True,True
48240,1.0,0.0,0.5,none,True,True
48241,1.0,0.0,0.5,none,True,True
48242,1.0,0.0,0.5,none,True,True
48243,1.0,0.0,0.5,none,True,True
48244,1.0,0.0,0.5,none,True,True
48245,1.0,0.0,0.5,none,True,True
48246,1.0,0.0,0.5,none,True,True
48247,1.0,0.0,0.5,none,True,True
48248,1.0,0.0,0.5,none,True,True
48249,1.0,0.0,0.5,none,True,True
48250,1.0,0.0,0.5,none,True,True
48251,1.0,0.0,0.5,none,True,True
48252,1.0,0.0,0.5,none,True,True
48253,1.0,0.0,0.5,none,True,True
48254,1.0,0.0,0.5,none,True,True
48255,1.0,0.0,0.5,none,True,True
48256,1.0,0.0,0.5,none,True,True
48257,1.0,0.0,0.5,none,True,True
48258,1.0,0.0,0.5,none,True,True
48259,1.0,0.0,0.5,none,True,True
48260,1.0,0.0,0.5,none,True,True
48261,1.0,0.0,0.5,none,True,True
48262,1.0,0.0,0.5,none,True,True
48263,1.0,0.0,0.5,none,True,True
48264,1.0,0.0,0.5,none,True,True
48265,1.0,0.0,0.5,none,True,True
48266,1.0,0.0,0.5,none,True,True
48267,1.0,0.0,0.5,none,True,True
48268,1.0,0.0,0.5,none,True,True
48269,1.0,0.0,0.5,none,True,True
48270,1.0,0.0,0.5,none,True,True
48271,1.0,0.0,0.5,none,True,True
48272,1.0,0.0,0.5,none,True,True
48273,1.0,0.0,0.5,none,True,True
48274,1.0,0.0,0.5,none,True,True
48275,1.0,0.0,0.5,none,True,True
48276,1.0,0.0,0.5,none,True,True
48277,1.0,0.0,0.5,none,True,True
48278,1.0,0.0,0.5,none,True,True
48279,1.0,0.0,0.5,none,True,True
48280,1.0,0.0,0.5,none,True,True
48281,1.0,0.0,0.5,none,True,True
48282,1.0,0.0,0.5,none,True,True
48283,1.0,0.0,0.5,none,True,True
48284,1.0,0.0,0.5,none,True,True
48285,1.0,0.0,0.5,none,True,True
48286,1.0,0.0,0.5,none,True,True
48287,1.0,0.0,0.5,none,True,True
48288,1.0,0.0,0.5,none,True,True
48289,1.0,0.0,0.5,none,True,True
48290,1.0,0.0,0.5,none,True,True
48291,1.0,0.0,0.5,none,True,True
48292,1.0,0.0,0.5,none,True,True
48293,1.0,0.0,0.5,none,True,True
48294,1.0,0.0,0.5,none,True,True
48295,1.0,0.0,0.5,none,True,True
48296,1.0,0.0,0.5,none,True,True
48297,1.0,0.0,0.5,none,True,True
48298,1.0,0.0,0.5,none,True,True
48299,1.0,0.0,0.5,none,True,True
48300,1.0,0.0061,0.5,none,True,True
48301,1.0,0.0357,0.5,none,True,True
48302,1.0,0.0812,0.5,none,True,True
48303,1.0,0.1113,0.5,none,True,True
48304,1.0,0.1253,0.5,none,True,True
48305,1.0,0.1408,0.5,none,True,True
48306,1.0,0.0907,0.5,none,True,True
48307,1.0,0.1198,0.5,none,True,True
48308,1.0,0.0467,0.5,none,True,True
48309,1.0,0.0522,0.5,none,True,True
48310,1.0,0.0405,0.5,none,True,True
48311,1.0,0.0313,0.5,none,True,True
48312,1.0,0.0083,0.5,none,True,True
48313,1.0,0.0726,0.5,none,True,True
48314,1.0,0.0793,0.5,none,True,True
48315,1.0,0.0581,0.5,none,True,True
48316,1.0,0.0955,0.5,none,True,True
48317,1.0,0.0839,0.5,none,True,True
48318,1.0,0.0648,0.5,none,True,True
48319,1.0,0.0718,0.5,none,True,True
48320,1.0,0.0589,0.5,none,True,True
48321,1.0,0.0403,0.5,none,True,True
48322,1.0,0.0327,0.5,none,True,True
48323,1.0,0.0277,0.5,none,True,True
48324,1.0,0.017,0.5,none,True,True
48325,1.0,0.0102,0.5,none,True,True
48326,1.0,0.0099,0.5,none,True,True
48327,1.0,0.008,0.5,none,True,True
48328,1.0,0.005,0.5,none,True,True
48329,1.0,0.0063,0.5,none,True,True
48330,1.0,0.009,0.5,none,True,True
48331,1.0,0.0096,0.5,none,True,True
48332,1.0,0.0108,0.5,none,True,True
48333,1.0,0.014,0.5,none,True,True
48334,1.0,0.0161,0.5,none,True,True
48335,1.0,0.0167,0.5,none,True,True
48336,1.0,0.0182,0.5,none,True,True
48337,1.0,0.0196,0.5,none,True,True
48338,1.0,0.0197,0.5,none,True,True
48339,1.0,0.0193,0.5,none,True,True
48340,1.0,0.0193,0.5,none,True,True
48341,1.0,0.0187,0.5,none,True,True
48342,1.0,0.0174,0.5,none,True,True
48343,1.0,0.0163,0.5,none,True,True
48344,1.0,0.0152,0.5,none,True,True
48345,1.0,0.0138,0.5,none,True,True
48346,1.0,0.0123,0.5,none,True,True
48347,1.0,0.0111,0.5,none,True,True
48348,1.0,0.01,0.5,none,True,True
48349,1.0,0.0088,0.5,none,True,True
48350,1.0,0.0078,0.5,none,True,True
48351,1.0,0.0071,0.5,none,True,True
48352,1.0,0.0064,0.5,none,True,True
48353,1.0,0.0057,0.5,none,True,True
48354,1.0,0.0053,0.5,none,True,True
48355,1.0,0.005,0.5,none,True,True
48356,1.0,0.0047,0.5,none,True,True
48357,1.0,0.0045,0.5,none,True,True
48358,1.0,0.0044,0.5,none,True,True
48359,1.0,0.0043,0.5,none,True,True
48360,1.0,0.0042,0.5,none,True,True
48361,1.0,0.0041,0.5,none,True,True
48362,1.0,0.004,0.5,none,True,True
48363,1.0,0.0039,0.5,none,True,True
48364,1.0,0.0038,0.5,none,True,True
48365,1.0,0.0037,0.5,none,True,True
48366,1.0,0.0035,0.5,none,True,True
48367,1.0,0.0033,0.5,none,True,True
48368,1.0,0.0032,0.5,none,True,True
48369,1.0,0.003,0.5,none,True,True
48370,1.0,0.0028,0.5,none,True,True
48371,1.0,0.0026,0.5,none,True,True
48372,1.0,0.0024,0.5,none,True,True
48373,1.0,0.0023,0.5,none,True,True
48374,1.0,0.0021,0.5,none,True,True
48375,1.0,0.0019,0.5,none,True,True
48376,1.0,0.0018,0.5,none,True,True
48377,1.0,0.0017,0.5,none,True,True
48378,1.0,0.0015,0.5,none,True,True
48379,1.0,0.0014,0.5,none,True,True
48380,1.0,0.0013,0.5,none,True,True
48381,1.0,0.0013,0.5,none,True,True
48382,1.0,0.0012,0.5,none,True,True
48383,1.0,0.0011,0.5,none,True,True
48384,1.0,0.0011,0.5,none,True,True
48385,1.0,0.001,0.5,none,True,True
48386,1.0,0.001,0.5,none,True,True
48387,1.0,0.0009,0.5,none,True,True
48388,1.0,0.0009,0.5,none,True,True
48389,1.0,0.0008,0.5,none,True,True
48390,1.0,0.0008,0.5,none,True,True
48391,1.0,0.0008,0.5,none,True,True
48392,1.0,0.0007,0.5,none,True,True
48393,1.0,0.0007,0.5,none,True,True
48394,1.0,0.0006,0.5,none,True,True
48395,1.0,0.0006,0.5,none,True,True
48396,1.0,0.0006,0.5,none,True,True
48397,1.0,0.0005,0.5,none,True,True
48398,1.0,0.0005,0.5,none,True,True
48399,1.0,0.0005,0.5,none,True,True
48400,1.0,0.0004,0.5,none,True,True
48401,1.0,0.0004,0.5,none,True,True
48402,1.0,0.0004,0.5,none,True,True
48403,1.0,0.0004,0.5,none,True,True
48404,1.0,0.0003,0.5,none,True,True
48405,1.0,0.0003,0.5,none,True,True
48406,1.0,0.0003,0.5,none,True,True
48407,1.0,0.0003,0.5,none,True,True
48408,1.0,0.0003,0.5,none,True,True
48409,1.0,0.0003,0.5,none,True,True
48410,1.0,0.0002,0.5,none,True,True
48411,1.0,0.0002,0.5,none,True,True
48412,1.0,0.0002,0.5,none,True,True
48413,1.0,0.0002,0.5,none,True,True
48414,1.0,0.0002,0.5,none,True,True
48415,1.0,0.0002,0.5,none,True,True
48416,1.0,0.0002,0.5,none,True,True
48417,1.0,0.0002,0.5,none,True,True
48418,1.0,0.0002,0.5,none,True,True
48419,1.0,0.0001,0.5,none,True,True
48420,1.0,0.0001,0.5,none,True,True
48421,1.0,0.0001,0.5,none,True,True
48422,1.0,0.0001,0.5,none,True,True
48423,1.0,0.0001,0.5,none,True,True
48424,1.0,0.0001,0.5,none,True,True
48425,1.0,0.0001,0.5,none,True,True
48426,1.0,0.0001,0.5,none,True,True
48427,1.0,0.0001,0.5,none,True,True
48428,1.0,0.0001,0.5,none,True,True
48429,1.0,0.0001,0.5,none,True,True
48430,1.0,0.0001,0.5,none,True,True
48431,1.0,0.0001,0.5,none,True,True
48432,1.0,0.0001,0.5,none,True,True
48433,1.0,0.0001,0.5,none,True,True
48434,1.0,0.0001,0.5,none,True,True
48435,1.0,0.0001,0.5,none,True,True
48436,1.0,0.0001,0.5,none,True,True
48437,1.0,0.0,0.5,none,True,True
48438,1.0,0.0,0.5,none,True,True
48439,1.0,0.0,0.5,none,True,True
48440,1.0,0.0,0.5,none,True,True
48441,1.0,0.0,0.5,none,True,True
48442,1.0,0.0,0.5,none,True,True
48443,1.0,0.0,0.5,none,True,True
48444,1.0,0.0,0.5,none,True,True
48445,1.0,0.0,0.5,none,True,True
48446,1.0,0.0,0.5,none,True,True
48447,1.0,0.0,0.5,none,True,True
48448,1.0,0.0,0.5,none,True,True
48449,1.0,0.0,0.5,none,True,True
48450,1.0,0.0,0.5,none,True,True
48451,1.0,0.0,0.5,none,True,True
48452,1.0,0.0,0.5,none,True,True
48453,1.0,0.0,0.5,none,True,True
48454,1.0,0.0,0.5,none,True,True
48455,1.0,0.0,0.5,none,True,True
48456,1.0,0.0,0.5,none,True,True
48457,1.0,0.0,0.5,none,True,True
48458,1.0,0.0,0.5,none,True,True
48459,1.0,0.0,0.5,none,True,True
48460,1.0,0.0,0.5,none,True,True
48461,1.0,0.0,0.5,none,True,True
48462,1.0,0.0,0.5,none,True,True
48463,1.0,0.0,0.5,none,True,True
48464,1.0,0.0,0.5,none,True,True
48465,1.0,0.0,0.5,none,True,True
48466,1.0,0.0,0.5,none,True,True
48467,1.0,0.0,0.5,none,True,True
48468,1.0,0.0,0.5,none,True,True
48469,1.0,0.0,0.5,none,True,True
48470,1.0,0.0,0.5,none,True,True
48471,1.0,0.0,0.5,none,True,True
48472,1.0,0.0,0.5,none,True,True
48473,1.0,0.0,0.5,none,True,True
48474,1.0,0.0,0.5,none,True,True
48475,1.0,0.0,0.5,none,True,True
48476,1.0,0.0,0.5,none,True,True
48477,1.0,0.0,0.5,none,True,True
48478,1.0,0.0,0.5,none,True,True
48479,1.0,0.0,0.5,none,True,True
48480,1.0,0.0,0.5,none,True,True
48481,1.0,0.0,0.5,none,True,True
48482,1.0,0.0,0.5,none,True,True
48483,1.0,0.0,0.5,none,True,True
48484,1.0,0.0,0.5,none,True,True
48485,1.0,0.0,0.5,none,True,True
48486,1.0,0.0,0.5,none,True,True
48487,1.0,0.0,0.5,none,True,True
48488,1.0,0.0,0.5,none,True,True
48489,1.0,0.0,0.5,none,True,True
48490,1.0,0.0,0.5,none,True,True
48491,1.0,0.0,0.5,none,True,True
48492,1.0,0.0,0.5,none,True,True
48493,1.0,0.0,0.5,none,True,True
48494,1.0,0.0,0.5,none,True,True
48495,1.0,0.0,0.5,none,True,True
48496,1.0,0.0,0.5,none,True,True
48497,1.0,0.0,0.5,none,True,True
48498,1.0,0.0,0.5,none,True,True
48499,1.0,0.0,0.5,none,True,True
48500,1.0,0.0,0.5,none,True,True
48501,1.0,0.0,0.5,none,True,True
48502,1.0,0.0,0.5,none,True,True
48503,1.0,0.0,0.5,none,True,True
48504,1.0,0.0,0.5,none,True,True
48505,1.0,0.0,0.5,none,True,True
48506,1.0,0.0,0.5,none,True,True
48507,1.0,0.0,0.5,none,True,True
48508,1.0,0.0,0.5,none,True,True
48509,1.0,0.0,0.5,none,True,True
48510,1.0,0.0,0.5,none,True,True
48511,1.0,0.0,0.5,none,True,True
48512,1.0,0.0,0.5,none,True,True
48513,1.0,0.0,0.5,none,True,True
48514,1.0,0.0,0.5,none,True,True
48515,1.0,0.0,0.5,none,True,True
48516,1.0,0.0,0.5,none,True,True
48517,1.0,0.0,0.5,none,True,True
48518,1.0,0.0,0.5,none,True,True
48519,1.0,0.0,0.5,none,True,True
48520,1.0,0.0,0.5,none,True,True
48521,1.0,0.0,0.5,none,True,True
48522,1.0,0.0,0.5,none,True,True
48523,1.0,0.0,0.5,none,True,True
48524,1.0,0.0,0.5,none,True,True
48525,1.0,0.0,0.5,none,True,True
48526,1.0,0.0,0.5,none,True,True
48527,1.0,0.0,0.5,none,True,True
48528,1.0,0.0,0.5,none,True,True
48529,1.0,0.0,0.5,none,True,True
48530,1.0,0.0,0.5,none,True,True
48531,1.0,0.0,0.5,none,True,True
48532,1.0,0.0,0.5,none,True,True
48533,1.0,0.0,0.5,none,True,True
48534,1.0,0.0,0.5,none,True,True
48535,1.0,0.0,0.5,none,True,True
48536,1.0,0.0,0.5,none,True,True
48537,1.0,0.0,0.5,none,True,True
48538,1.0,0.0,0.5,none,True,True
48539,1.0,0.0,0.5,none,True,True
48540,1.0,0.0,0.5,none,True,True
48541,1.0,0.0,0.5,none,True,True
48542,1.0,0.0,0.5,none,True,True
48543,1.0,0.0,0.5,none,True,True
48544,1.0,0.0,0.5,none,True,True
48545,1.0,0.0,0.5,none,True,True
48546,1.0,0.0,0.5,none,True,True
48547,1.0,0.0,0.5,none,True,True
48548,1.0,0.0,0.5,none,True,True
48549,1.0,0.0,0.5,none,True,True
48550,1.0,0.0,0.5,none,True,True
48551,1.0,0.0,0.5,none,True,True
48552,1.0,0.0,0.5,none,True,True
48553,1.0,0.0,0.5,none,True,True
48554,1.0,0.0,0.5,none,True,True
48555,1.0,0.0,0.5,none,True,True
48556,1.0,0.0,0.5,none,True,True
48557,1.0,0.0,0.5,none,True,True
48558,1.0,0.0,0.5,none,True,True
48559,1.0,0.0,0.5,none,True,True
48560,1.0,0.0,0.5,none,True,True
48561,1.0,0.0,0.5,none,True,True
48562,1.0,0.0,0.5,none,True,True
48563,1.0,0.0,0.5,none,True,True
48564,1.0,0.0,0.5,none,True,True
48565,1.0,0.0,0.5,none,True,True
48566,1.0,0.0,0.5,none,True,True
48567,1.0,0.0,0.5,none,True,True
48568,1.0,0.0,0.5,none,True,True
48569,1.0,0.0,0.5,none,True,True
48570,1.0,0.0,0.5,none,True,True
48571,1.0,0.0,0.5,none,True,True
48572,1.0,0.0,0.5,none,True,True
48573,1.0,0.0,0.5,none,True,True
48574,1.0,0.0,0.5,none,True,True
48575,1.0,0.0,0.5,none,True,True
48576,1.0,0.0,0.5,none,True,True
48577,1.0,0.0,0.5,none,True,True
48578,1.0,0.0,0.5,none,True,True
48579,1.0,0.0,0.5,none,True,True
48580,1.0,0.0,0.5,none,True,True
48581,1.0,0.0,0.5,none,True,True
48582,1.0,0.0,0.5,none,True,True
48583,1.0,0.0,0.5,none,True,True
48584,1.0,0.0,0.5,none,True,True
48585,1.0,0.0,0.5,none,True,True
48586,1.0,0.0,0.5,none,True,True
48587,1.0,0.0,0.5,none,True,True
48588,1.0,0.0,0.5,none,True,True
48589,1.0,0.0,0.5,none,True,True
48590,1.0,0.0,0.5,none,True,True
48591,1.0,0.0,0.5,none,True,True
48592,1.0,0.0,0.5,none,True,True
48593,1.0,0.0,0.5,none,True,True
48594,1.0,0.0,0.5,none,True,True
48595,1.0,0.0,0.5,none,True,True
48596,1.0,0.0,0.5,none,True,True
48597,1.0,0.0,0.5,none,True,True
48598,1.0,0.0,0.5,none,True,True
48599,1.0,0.0,0.5,none,True,True
48600,1.0,0.0,0.5,none,True,True
48601,1.0,0.0,0.5,none,True,True
48602,1.0,0.0,0.5,none,True,True
48603,1.0,0.0,0.5,none,True,True
48604,1.0,0.0,0.5,none,True,True
48605,1.0,0.0,0.5,none,True,True
48606,1.0,0.0,0.5,none,True,True
48607,1.0,0.0,0.5,none,True,True
48608,1.0,0.0,0.5,none,True,True
48609,1.0,0.0,0.5,none,True,True
48610,1.0,0.0,0.5,none,True,True
48611,1.0,0.0,0.5,none,True,True
48612,1.0,0.0,0.5,none,True,True
48613,1.0,0.0,0.5,none,True,True
48614,1.0,0.0,0.5,none,True,True
48615,1.0,0.0,0.5,none,True,True
48616,1.0,0.0,0.5,none,True,True
48617,1.0,0.0,0.5,none,True,True
48618,1.0,0.0,0.5,none,True,True
48619,1.0,0.0,0.5,none,True,True
48620,1.0,0.0,0.5,none,True,True
48621,1.0,0.0,0.5,none,True,True
48622,1.0,0.0,0.5,none,True,True
48623,1.0,0.0,0.5,none,True,True
48624,1.0,0.0,0.5,none,True,True
48625,1.0,0.0,0.5,none,True,True
48626,1.0,0.0,0.5,none,True,True
48627,1.0,0.0,0.5,none,True,True
48628,1.0,0.0,0.5,none,True,True
48629,1.0,0.0,0.5,none,True,True
48630,1.0,0.0,0.5,none,True,True
48631,1.0,0.0,0.5,none,True,True
48632,1.0,0.0,0.5,none,True,True
48633,1.0,0.0,0.5,none,True,True
48634,1.0,0.0,0.5,none,True,True
48635,1.0,0.0,0.5,none,True,True
48636,1.0,0.0,0.5,none,True,True
48637,1.0,0.0,0.5,none,True,True
48638,1.0,0.0,0.5,none,True,True
48639,1.0,0.0,0.5,none,True,True
48640,1.0,0.0,0.5,none,True,True
48641,1.0,0.0,0.5,none,True,True
48642,1.0,0.0,0.5,none,True,True
48643,1.0,0.0,0.5,none,True,True
48644,1.0,0.0,0.5,none,True,True
48645,1.0,0.0,0.5,none,True,True
48646,1.0,0.0,0.5,none,True,True
48647,1.0,0.0,0.5,none,True,True
48648,1.0,0.0,0.5,none,True,True
48649,1.0,0.0,0.5,none,True,True
48650,1.0,0.0,0.5,none,True,True
48651,1.0,0.0,0.5,none,True,True
48652,1.0,0.0,0.5,none,True,True
48653,1.0,0.0,0.5,none,True,True
48654,1.0,0.0,0.5,none,True,True
48655,1.0,0.0,0.5,none,True,True
48656,1.0,0.0,0.5,none,True,True
48657,1.0,0.0,0.5,none,True,True
48658,1.0,0.0,0.5,none,True,True
48659,1.0,0.0,0.5,none,True,True
48660,1.0,0.0,0.5,none,True,True
48661,1.0,0.0,0.5,none,True,True
48662,1.0,0.0,0.5,none,True,True
48663,1.0,0.0,0.5,none,True,True
48664,1.0,0.0,0.5,none,True,True
48665,1.0,0.0,0.5,none,True,True
48666,1.0,0.0,0.5,none,True,True
48667,1.0,0.0,0.5,none,True,True
48668,1.0,0.0,0.5,none,True,True
48669,1.0,0.0,0.5,none,True,True
48670,1.0,0.0,0.5,none,True,True
48671,1.0,0.0,0.5,none,True,True
48672,1.0,0.0,0.5,none,True,True
48673,1.0,0.0,0.5,none,True,True
48674,1.0,0.0,0.5,none,True,True
48675,1.0,0.0,0.5,none,True,True
48676,1.0,0.0,0.5,none,True,True
48677,1.0,0.0,0.5,none,True,True
48678,1.0,0.0,0.5,none,True,True
48679,1.0,0.0,0.5,none,True,True
48680,1.0,0.0,0.5,none,True,True
48681,1.0,0.0,0.5,none,True,True
48682,1.0,0.0,0.5,none,True,True
48683,1.0,0.0,0.5,none,True,True
48684,1.0,0.0,0.5,none,True,True
48685,1.0,0.0,0.5,none,True,True
48686,1.0,0.0,0.5,none,True,True
48687,1.0,0.0,0.5,none,True,True
48688,1.0,0.0,0.5,none,True,True
48689,1.0,0.0,0.5,none,True,True
48690,1.0,0.0,0.5,none,True,True
48691,1.0,0.0,0.5,none,True,True
48692,1.0,0.0,0.5,none,True,True
48693,1.0,0.0,0.5,none,True,True
48694,1.0,0.0,0.5,none,True,True
48695,1.0,0.0,0.5,none,True,True
48696,1.0,0.0,0.5,none,True,True
48697,1.0,0.0,0.5,none,True,True
48698,1.0,0.0,0.5,none,True,True
48699,1.0,0.0,0.5,none,True,True
48700,1.0,0.0,0.5,none,True,True
48701,1.0,0.0,0.5,none,True,True
48702,1.0,0.0,0.5,none,True,True
48703,1.0,0.0,0.5,none,True,True
48704,1.0,0.0,0.5,none,True,True
48705,1.0,0.0,0.5,none,True,True
48706,1.0,0.0,0.5,none,True,True
48707,1.0,0.0,0.5,none,True,True
48708,1.0,0.0,0.5,none,True,True
48709,1.0,0.0,0.5,none,True,True
48710,1.0,0.0,0.5,none,True,True
48711,1.0,0.0,0.5,none,True,True
48712,1.0,0.0,0.5,none,True,True
48713,1.0,0.0,0.5,none,True,True
48714,1.0,0.0,0.5,none,True,True
48715,1.0,0.0,0.5,none,True,True
48716,1.0,0.0,0.5,none,True,True
48717,1.0,0.0,0.5,none,True,True
48718,1.0,0.0,0.5,none,True,True
48719,1.0,0.0,0.5,none,True,True
48720,1.0,0.0,0.5,none,True,True
48721,1.0,0.0,0.5,none,True,True
48722,1.0,0.0,0.5,none,True,True
48723,1.0,0.0,0.5,none,True,True
48724,1.0,0.0,0.5,none,True,True
48725,1.0,0.0,0.5,none,True,True
48726,1.0,0.0,0.5,none,True,True
48727,1.0,0.0,0.5,none,True,True
48728,1.0,0.0,0.5,none,True,True
48729,1.0,0.0,0.5,none,True,True
48730,1.0,0.0,0.5,none,True,True
48731,1.0,0.0,0.5,none,True,True
48732,1.0,0.0,0.5,none,True,True
48733,1.0,0.0,0.5,none,True,True
48734,1.0,0.0,0.5,none,True,True
48735,1.0,0.0,0.5,none,True,True
48736,1.0,0.0,0.5,none,True,True
48737,1.0,0.0,0.5,none,True,True
48738,1.0,0.0,0.5,none,True,True
48739,1.0,0.0,0.5,none,True,True
48740,1.0,0.0,0.5,none,True,True
48741,1.0,0.0,0.5,none,True,True
48742,1.0,0.0,0.5,none,True,True
48743,1.0,0.0,0.5,none,True,True
48744,1.0,0.0,0.5,none,True,True
48745,1.0,0.0,0.5,none,True,True
48746,1.0,0.0,0.5,none,True,True
48747,1.0,0.0,0.5,none,True,True
48748,1.0,0.0,0.5,none,True,True
48749,1.0,0.0,0.5,none,True,True
48750,1.0,0.0,0.5,none,True,True
48751,1.0,0.0,0.5,none,True,True
48752,1.0,0.0,0.5,none,True,True
48753,1.0,0.0,0.5,none,True,True
48754,1.0,0.0,0.5,none,True,True
48755,1.0,0.0,0.5,none,True,True
48756,1.0,0.0,0.5,none,True,True
48757,1.0,0.0,0.5,none,True,True
48758,1.0,0.0,0.5,none,True,True
48759,1.0,0.0,0.5,none,True,True
48760,1.0,0.0,0.5,none,True,True
48761,1.0,0.0,0.5,none,True,True
48762,1.0,0.0,0.5,none,True,True
48763,1.0,0.0,0.5,none,True,True
48764,1.0,0.0,0.5,none,True,True
48765,1.0,0.0,0.5,none,True,True
48766,1.0,0.0,0.5,none,True,True
48767,1.0,0.0,0.5,none,True,True
48768,1.0,0.0,0.5,none,True,True
48769,1.0,0.0,0.5,none,True,True
48770,1.0,0.0,0.5,none,True,True
48771,1.0,0.0,0.5,none,True,True
48772,1.0,0.0,0.5,none,True,True
48773,1.0,0.0,0.5,none,True,True
48774,1.0,0.0,0.5,none,True,True
48775,1.0,0.0,0.5,none,True,True
48776,1.0,0.0,0.5,none,True,True
48777,1.0,0.0,0.5,none,True,True
48778,1.0,0.0,0.5,none,True,True
48779,1.0,0.0,0.5,none,True,True
48780,1.0,0.0,0.5,none,True,True
48781,1.0,0.0,0.5,none,True,True
48782,1.0,0.0,0.5,none,True,True
48783,1.0,0.0,0.5,none,True,True
48784,1.0,0.0,0.5,none,True,True
48785,1.0,0.0,0.5,none,True,True
48786,1.0,0.0,0.5,none,True,True
48787,1.0,0.0,0.5,none,True,True
48788,1.0,0.0,0.5,none,True,True
48789,1.0,0.0,0.5,none,True,True
48790,1.0,0.0,0.5,none,True,True
48791,1.0,0.0,0.5,none,True,True
48792,1.0,0.0,0.5,none,True,True
48793,1.0,0.0,0.5,none,True,True
48794,1.0,0.0,0.5,none,True,True
48795,1.0,0.0,0.5,none,True,True
48796,1.0,0.0,0.5,none,True,True
48797,1.0,0.0,0.5,none,True,True
48798,1.0,0.0,0.5,none,True,True
48799,1.0,0.0,0.5,none,True,True
48800,1.0,0.0,0.5,none,True,True
48801,1.0,0.0,0.5,none,True,True
48802,1.0,0.0,0.5,none,True,True
48803,1.0,0.0,0.5,none,True,True
48804,1.0,0.0,0.5,none,True,True
48805,1.0,0.0,0.5,none,True,True
48806,1.0,0.0,0.5,none,True,True
48807,1.0,0.0,0.5,none,True,True
48808,1.0,0.0,0.5,none,True,True
48809,1.0,0.0,0.5,none,True,True
48810,1.0,0.0,0.5,none,True,True
48811,1.0,0.0,0.5,none,True,True
48812,1.0,0.0,0.5,none,True,True
48813,1.0,0.0,0.5,none,True,True
48814,1.0,0.0,0.5,none,True,True
48815,1.0,0.0,0.5,none,True,True
48816,1.0,0.0,0.5,none,True,True
48817,1.0,0.0,0.5,none,True,True
48818,1.0,0.0,0.5,none,True,True
48819,1.0,0.0,0.5,none,True,True
48820,1.0,0.0,0.5,none,True,True
48821,1.0,0.0,0.5,none,True,True
48822,1.0,0.0,0.5,none,True,True
48823,1.0,0.0,0.5,none,True,True
48824,1.0,0.0,0.5,none,True,True
48825,1.0,0.0,0.5,none,True,True
48826,1.0,0.0,0.5,none,True,True
48827,1.0,0.0,0.5,none,True,True
48828,1.0,0.0,0.5,none,True,True
48829,1.0,0.0,0.5,none,True,True
48830,1.0,0.0,0.5,none,True,True
48831,1.0,0.0,0.5,none,True,True
48832,1.0,0.0,0.5,none,True,True
48833,1.0,0.0,0.5,none,True,True
48834,1.0,0.0,0.5,none,True,True
48835,1.0,0.0,0.5,none,True,True
48836,1.0,0.0,0.5,none,True,True
48837,1.0,0.0,0.5,none,True,True
48838,1.0,0.0,0.5,none,True,True
48839,1.0,0.0,0.5,none,True,True
48840,1.0,0.0,0.5,none,True,True
48841,1.0,0.0,0.5,none,True,True
48842,1.0,0.0,0.5,none,True,True
48843,1.0,0.0,0.5,none,True,True
48844,1.0,0.0,0.5,none,True,True
48845,1.0,0.0,0.5,none,True,True
48846,1.0,0.0,0.5,none,True,True
48847,1.0,0.0,0.5,none,True,True
48848,1.0,0.0,0.5,none,True,True
48849,1.0,0.0,0.5,none,True,True
48850,1.0,0.0,0.5,none,True,True
48851,1.0,0.0,0.5,none,True,True
48852,1.0,0.0,0.5,none,True,True
48853,1.0,0.0,0.5,none,True,True
48854,1.0,0.0,0.5,none,True,True
48855,1.0,0.0,0.5,none,True,True
48856,1.0,0.0,0.5,none,True,True
48857,1.0,0.0,0.5,none,True,True
48858,1.0,0.0,0.5,none,True,True
48859,1.0,0.0,0.5,none,True,True
48860,1.0,0.0,0.5,none,True,True
48861,1.0,0.0,0.5,none,True,True
48862,1.0,0.0,0.5,none,True,True
48863,1.0,0.0,0.5,none,True,True
48864,1.0,0.0,0.5,none,True,True
48865,1.0,0.0,0.5,none,True,True
48866,1.0,0.0,0.5,none,True,True
48867,1.0,0.0,0.5,none,True,True
48868,1.0,0.0,0.5,none,True,True
48869,1.0,0.0,0.5,none,True,True
48870,1.0,0.0,0.5,none,True,True
48871,1.0,0.0,0.5,none,True,True
48872,1.0,0.0,0.5,none,True,True
48873,1.0,0.0,0.5,none,True,True
48874,1.0,0.0,0.5,none,True,True
48875,1.0,0.0,0.5,none,True,True
48876,1.0,0.0,0.5,none,True,True
48877,1.0,0.0,0.5,none,True,True
48878,1.0,0.0,0.5,none,True,True
48879,1.0,0.0,0.5,none,True,True
48880,1.0,0.0,0.5,none,True,True
48881,1.0,0.0,0.5,none,True,True
48882,1.0,0.0,0.5,none,True,True
48883,1.0,0.0,0.5,none,True,True
48884,1.0,0.0,0.5,none,True,True
48885,1.0,0.0,0.5,none,True,True
48886,1.0,0.0,0.5,none,True,True
48887,1.0,0.0,0.5,none,True,True
48888,1.0,0.0,0.5,none,True,True
48889,1.0,0.0,0.5,none,True,True
48890,1.0,0.0,0.5,none,True,True
48891,1.0,0.0,0.5,none,True,True
48892,1.0,0.0,0.5,none,True,True
48893,1.0,0.0,0.5,none,True,True
48894,1.0,0.0,0.5,none,True,True
48895,1.0,0.0,0.5,none,True,True
48896,1.0,0.0,0.5,none,True,True
48897,1.0,0.0,0.5,none,True,True
48898,1.0,0.0,0.5,none,True,True
48899,1.0,0.0,0.5,none,True,True
48900,1.0,0.0,0.5,none,True,True
48901,1.0,0.0,0.5,none,True,True
48902,1.0,0.0,0.5,none,True,True
48903,1.0,0.0,0.5,none,True,True
48904,1.0,0.0,0.5,none,True,True
48905,1.0,0.0,0.5,none,True,True
48906,1.0,0.0,0.5,none,True,True
48907,1.0,0.0,0.5,none,True,True
48908,1.0,0.0,0.5,none,True,True
48909,1.0,0.0,0.5,none,True,True
48910,1.0,0.0,0.5,none,True,True
48911,1.0,0.0,0.5,none,True,True
48912,1.0,0.0,0.5,none,True,True
48913,1.0,0.0,0.5,none,True,True
48914,1.0,0.0,0.5,none,True,True
48915,1.0,0.0,0.5,none,True,True
48916,1.0,0.0,0.5,none,True,True
48917,1.0,0.0,0.5,none,True,True
48918,1.0,0.0,0.5,none,True,True
48919,1.0,0.0,0.5,none,True,True
48920,1.0,0.0,0.5,none,True,True
48921,1.0,0.0,0.5,none,True,True
48922,1.0,0.0,0.5,none,True,True
48923,1.0,0.0,0.5,none,True,True
48924,1.0,0.0,0.5,none,True,True
48925,1.0,0.0,0.5,none,True,True
48926,1.0,0.0,0.5,none,True,True
48927,1.0,0.0,0.5,none,True,True
48928,1.0,0.0,0.5,none,True,True
48929,1.0,0.0,0.5,none,True,True
48930,1.0,0.0,0.5,none,True,True
48931,1.0,0.0,0.5,none,True,True
48932,1.0,0.0,0.5,none,True,True
48933,1.0,0.0,0.5,none,True,True
48934,1.0,0.0,0.5,none,True,True
48935,1.0,0.0,0.5,none,True,True
48936,1.0,0.0,0.5,none,True,True
48937,1.0,0.0,0.5,none,True,True
48938,1.0,0.0,0.5,none,True,True
48939,1.0,0.0,0.5,none,True,True
48940,1.0,0.0,0.5,none,True,True
48941,1.0,0.0,0.5,none,True,True
48942,1.0,0.0,0.5,none,True,True
48943,1.0,0.0,0.5,none,True,True
48944,1.0,0.0,0.5,none,True,True
48945,1.0,0.0,0.5,none,True,True
48946,1.0,0.0,0.5,none,True,True
48947,1.0,0.0,0.5,none,True,True
48948,1.0,0.0,0.5,none,True,True
48949,1.0,0.0,0.5,none,True,True
48950,1.0,0.0,0.5,none,True,True
48951,1.0,0.0,0.5,none,True,True
48952,1.0,0.0,0.5,none,True,True
48953,1.0,0.0,0.5,none,True,True
48954,1.0,0.0,0.5,none,True,True
48955,1.0,0.0,0.5,none,True,True
48956,1.0,0.0,0.5,none,True,True
48957,1.0,0.0,0.5,none,True,True
48958,1.0,0.0,0.5,none,True,True
48959,1.0,0.0,0.5,none,True,True
48960,1.0,0.0,0.5,none,True,True
48961,1.0,0.0,0.5,none,True,True
48962,1.0,0.0,0.5,none,True,True
48963,1.0,0.0,0.5,none,True,True
48964,1.0,0.0,0.5,none,True,True
48965,1.0,0.0,0.5,none,True,True
48966,1.0,0.0,0.5,none,True,True
48967,1.0,0.0,0.5,none,True,True
48968,1.0,0.0,0.5,none,True,True
48969,1.0,0.0,0.5,none,True,True
48970,1.0,0.0,0.5,none,True,True
48971,1.0,0.0,0.5,none,True,True
48972,1.0,0.0,0.5,none,True,True
48973,1.0,0.0,0.5,none,True,True
48974,1.0,0.0,0.5,none,True,True
48975,1.0,0.0,0.5,none,True,True
48976,1.0,0.0,0.5,none,True,True
48977,1.0,0.0,0.5,none,True,True
48978,1.0,0.0,0.5,none,True,True
48979,1.0,0.0,0.5,none,True,True
48980,1.0,0.0,0.5,none,True,True
48981,1.0,0.0,0.5,none,True,True
48982,1.0,0.0,0.5,none,True,True
48983,1.0,0.0,0.5,none,True,True
48984,1.0,0.0,0.5,none,True,True
48985,1.0,0.0,0.5,none,True,True
48986,1.0,0.0,0.5,none,True,True
48987,1.0,0.0,0.5,none,True,True
48988,1.0,0.0,0.5,none,True,True
48989,1.0,0.0,0.5,none,True,True
48990,1.0,0.0,0.5,none,True,True
48991,1.0,0.0,0.5,none,True,True
48992,1.0,0.0,0.5,none,True,True
48993,1.0,0.0,0.5,none,True,True
48994,1.0,0.0,0.5,none,True,True
48995,1.0,0.0,0.5,none,True,True
48996,1.0,0.0,0.5,none,True,True
48997,1.0,0.0,0.5,none,True,True
48998,1.0,0.0,0.5,none,True,True
48999,1.0,0.0,0.5,none,True,True
49000,1.0,0.0061,0.5,none,True,True
49001,1.0,0.0357,0.5,none,True,True
49002,1.0,0.0812,0.5,none,True,True
49003,1.0,0.1113,0.5,none,True,True
49004,1.0,0.1253,0.5,none,True,True
49005,1.0,0.1408,0.5,none,True,True
49006,1.0,0.0907,0.5,none,True,True
49007,1.0,0.1198,0.5,none,True,True
49008,1.0,0.0467,0.5,none,True,True
49009,1.0,0.0522,0.5,none,True,True
49010,1.0,0.0405,0.5,none,True,True
49011,1.0,0.0313,0.5,none,True,True
49012,1.0,0.0083,0.5,none,True,True
49013,1.0,0.0726,0.5,none,True,True
49014,1.0,0.0793,0.5,none,True,True
49015,1.0,0.0581,0.5,none,True,True
49016,1.0,0.0955,0.5,none,True,True
49017,1.0,0.0839,0.5,none,True,True
49018,1.0,0.0648,0.5,none,True,True
49019,1.0,0.0718,0.5,none,True,True
49020,1.0,0.0589,0.5,none,True,True
49021,1.0,0.0403,0.5,none,True,True
49022,1.0,0.0327,0.5,none,True,True
49023,1.0,0.0277,0.5,none,True,True
49024,1.0,0.017,0.5,none,True,True
49025,1.0,0.0102,0.5,none,True,True
49026,1.0,0.0099,0.5,none,True,True
49027,1.0,0.008,0.5,none,True,True
49028,1.0,0.005,0.5,none,True,True
49029,1.0,0.0063,0.5,none,True,True
49030,1.0,0.009,0.5,none,True,True
49031,1.0,0.0096,0.5,none,True,True
49032,1.0,0.0108,0.5,none,True,True
49033,1.0,0.014,0.5,none,True,True
49034,1.0,0.0161,0.5,none,True,True
49035,1.0,0.0167,0.5,none,True,True
49036,1.0,0.0182,0.5,none,True,True
49037,1.0,0.0196,0.5,none,True,True
49038,1.0,0.0197,0.5,none,True,True
49039,1.0,0.0193,0.5,none,True,True
49040,1.0,0.0193,0.5,none,True,True
49041,1.0,0.0187,0.5,none,True,True
49042,1.0,0.0174,0.5,none,True,True
49043,1.0,0.0163,0.5,none,True,True
49044,1.0,0.0152,0.5,none,True,True
49045,1.0,0.0138,0.5,none,True,True
49046,1.0,0.0123,0.5,none,True,True
49047,1.0,0.0111,0.5,none,True,True
49048,1.0,0.01,0.5,none,True,True
49049,1.0,0.0088,0.5,none,True,True
49050,1.0,0.0078,0.5,none,True,True
49051,1.0,0.0071,0.5,none,True,True
49052,1.0,0.0064,0.5,none,True,True
49053,1.0,0.0057,0.5,none,True,True
49054,1.0,0.0053,0.5,none,True,True
49055,1.0,0.005,0.5,none,True,True
49056,1.0,0.0047,0.5,none,True,True
49057,1.0,0.0045,0.5,none,True,True
49058,1.0,0.0044,0.5,none,True,True
49059,1.0,0.0043,0.5,none,True,True
49060,1.0,0.0042,0.5,none,True,True
49061,1.0,0.0041,0.5,none,True,True
49062,1.0,0.004,0.5,none,True,True
49063,1.0,0.0039,0.5,none,True,True
49064,1.0,0.0038,0.5,none,True,True
49065,1.0,0.0037,0.5,none,True,True
49066,1.0,0.0035,0.5,none,True,True
49067,1.0,0.0033,0.5,none,True,True
49068,1.0,0.0032,0.5,none,True,True
49069,1.0,0.003,0.5,none,True,True
49070,1.0,0.0028,0.5,none,True,True
49071,1.0,0.0026,0.5,none,True,True
49072,1.0,0.0024,0.5,none,True,True
49073,1.0,0.0023,0.5,none,True,True
49074,1.0,0.0021,0.5,none,True,True
49075,1.0,0.0019,0.5,none,True,True
49076,1.0,0.0018,0.5,none,True,True
49077,1.0,0.0017,0.5,none,True,True
49078,1.0,0.0015,0.5,none,True,True
49079,1.0,0.0014,0.5,none,True,True
49080,1.0,0.0013,0.5,none,True,True
49081,1.0,0.0013,0.5,none,True,True
49082,1.0,0.0012,0.5,none,True,True
49083,1.0,0.0011,0.5,none,True,True
49084,1.0,0.0011,0.5,none,True,True
49085,1.0,0.001,0.5,none,True,True
49086,1.0,0.001,0.5,none,True,True
49087,1.0,0.0009,0.5,none,True,True
49088,1.0,0.0009,0.5,none,True,True
49089,1.0,0.0008,0.5,none,True,True
49090,1.0,0.0008,0.5,none,True,True
49091,1.0,0.0008,0.5,none,True,True
49092,1.0,0.0007,0.5,none,True,True
49093,1.0,0.0007,0.5,none,True,True
49094,1.0,0.0006,0.5,none,True,True
49095,1.0,0.0006,0.5,none,True,True
49096,1.0,0.0006,0.5,none,True,True
49097,1.0,0.0005,0.5,none,True,True
49098,1.0,0.0005,0.5,none,True,True
49099,1.0,0.0005,0.5,none,True,True
49100,1.0,0.0004,0.5,none,True,True
49101,1.0,0.0004,0.5,none,True,True
49102,1.0,0.0004,0.5,none,True,True
49103,1.0,0.0004,0.5,none,True,True
49104,1.0,0.0003,0.5,none,True,True
49105,1.0,0.0003,0.5,none,True,True
49106,1.0,0.0003,0.5,none,True,True
49107,1.0,0.0003,0.5,none,True,True
49108,1.0,0.0003,0.5,none,True,True
49109,1.0,0.0003,0.5,none,True,True
49110,1.0,0.0002,0.5,none,True,True
49111,1.0,0.0002,0.5,none,True,True
49112,1.0,0.0002,0.5,none,True,True
49113,1.0,0.0002,0.5,none,True,True
49114,1.0,0.0002,0.5,none,True,True
49115,1.0,0.0002,0.5,none,True,True
49116,1.0,0.0002,0.5,none,True,True
49117,1.0,0.0002,0.5,none,True,True
49118,1.0,0.0002,0.5,none,True,True
49119,1.0,0.0001,0.5,none,True,True
49120,1.0,0.0001,0.5,none,True,True
49121,1.0,0.0001,0.5,none,True,True
49122,1.0,0.0001,0.5,none,True,True
49123,1.0,0.0001,0.5,none,True,True
49124,1.0,0.0001,0.5,none,True,True
49125,1.0,0.0001,0.5,none,True,True
49126,1.0,0.0001,0.5,none,True,True
49127,1.0,0.0001,0.5,none,True,True
49128,1.0,0.0001,0.5,none,True,True
49129,1.0,0.0001,0.5,none,True,True
49130,1.0,0.0001,0.5,none,True,True
49131,1.0,0.0001,0.5,none,True,True
49132,1.0,0.0001,0.5,none,True,True
49133,1.0,0.0001,0.5,none,True,True
49134,1.0,0.0001,0.5,none,True,True
49135,1.0,0.0001,0.5,none,True,True
49136,1.0,0.0001,0.5,none,True,True
49137,1.0,0.0,0.5,none,True,True
49138,1.0,0.0,0.5,none,True,True
49139,1.0,0.0,0.5,none,True,True
49140,1.0,0.0,0.5,none,True,True
49141,1.0,0.0,0.5,none,True,True
49142,1.0,0.0,0.5,none,True,True
49143,1.0,0.0,0.5,none,True,True
49144,1.0,0.0,0.5,none,True,True
49145,1.0,0.0,0.5,none,True,True
49146,1.0,0.0,0.5,none,True,True
49147,1.0,0.0,0.5,none,True,True
49148,1.0,0.0,0.5,none,True,True
49149,1.0,0.0,0.5,none,True,True
49150,1.0,0.0,0.5,none,True,True
49151,1.0,0.0,0.5,none,True,True
49152,1.0,0.0,0.5,none,True,True
49153,1.0,0.0,0.5,none,True,True
49154,1.0,0.0,0.5,none,True,True
49155,1.0,0.0,0.5,none,True,True
49156,1.0,0.0,0.5,none,True,True
49157,1.0,0.0,0.5,none,True,True
49158,1.0,0.0,0.5,none,True,True
49159,1.0,0.0,0.5,none,True,True
49160,1.0,0.0,0.5,none,True,True
49161,1.0,0.0,0.5,none,True,True
49162,1.0,0.0,0.5,none,True,True
49163,1.0,0.0,0.5,none,True,True
49164,1.0,0.0,0.5,none,True,True
49165,1.0,0.0,0.5,none,True,True
49166,1.0,0.0,0.5,none,True,True
49167,1.0,0.0,0.5,none,True,True
49168,1.0,0.0,0.5,none,True,True
49169,1.0,0.0,0.5,none,True,True
49170,1.0,0.0,0.5,none,True,True
49171,1.0,0.0,0.5,none,True,True
49172,1.0,0.0,0.5,none,True,True
49173,1.0,0.0,0.5,none,True,True
49174,1.0,0.0,0.5,none,True,True
49175,1.0,0.0,0.5,none,True,True
49176,1.0,0.0,0.5,none,True,True
49177,1.0,0.0,0.5,none,True,True
49178,1.0,0.0,0.5,none,True,True
49179,1.0,0.0,0.5,none,True,True
49180,1.0,0.0,0.5,none,True,True
49181,1.0,0.0,0.5,none,True,True
49182,1.0,0.0,0.5,none,True,True
49183,1.0,0.0,0.5,none,True,True
49184,1.0,0.0,0.5,none,True,True
49185,1.0,0.0,0.5,none,True,True
49186,1.0,0.0,0.5,none,True,True
49187,1.0,0.0,0.5,none,True,True
49188,1.0,0.0,0.5,none,True,True
49189,1.0,0.0,0.5,none,True,True
49190,1.0,0.0,0.5,none,True,True
49191,1.0,0.0,0.5,none,True,True
49192,1.0,0.0,0.5,none,True,True
49193,1.0,0.0,0.5,none,True,True
49194,1.0,0.0,0.5,none,True,True
49195,1.0,0.0,0.5,none,True,True
49196,1.0,0.0,0.5,none,True,True
49197,1.0,0.0,0.5,none,True,True
49198,1.0,0.0,0.5,none,True,True
49199,1.0,0.0,0.5,none,True,True
49200,1.0,0.0,0.5,none,True,True
49201,1.0,0.0,0.5,none,True,True
49202,1.0,0.0,0.5,none,True,True
49203,1.0,0.0,0.5,none,True,True
49204,1.0,0.0,0.5,none,True,True
49205,1.0,0.0,0.5,none,True,True
49206,1.0,0.0,0.5,none,True,True
49207,1.0,0.0,0.5,none,True,True
49208,1.0,0.0,0.5,none,True,True
49209,1.0,0.0,0.5,none,True,True
49210,1.0,0.0,0.5,none,True,True
49211,1.0,0.0,0.5,none,True,True
49212,1.0,0.0,0.5,none,True,True
49213,1.0,0.0,0.5,none,True,True
49214,1.0,0.0,0.5,none,True,True
49215,1.0,0.0,0.5,none,True,True
49216,1.0,0.0,0.5,none,True,True
49217,1.0,0.0,0.5,none,True,True
49218,1.0,0.0,0.5,none,True,True
49219,1.0,0.0,0.5,none,True,True
49220,1.0,0.0,0.5,none,True,True
49221,1.0,0.0,0.5,none,True,True
49222,1.0,0.0,0.5,none,True,True
49223,1.0,0.0,0.5,none,True,True
49224,1.0,0.0,0.5,none,True,True
49225,1.0,0.0,0.5,none,True,True
49226,1.0,0.0,0.5,none,True,True
49227,1.0,0.0,0.5,none,True,True
49228,1.0,0.0,0.5,none,True,True
49229,1.0,0.0,0.5,none,True,True
49230,1.0,0.0,0.5,none,True,True
49231,1.0,0.0,0.5,none,True,True
49232,1.0,0.0,0.5,none,True,True
49233,1.0,0.0,0.5,none,True,True
49234,1.0,0.0,0.5,none,True,True
49235,1.0,0.0,0.5,none,True,True
49236,1.0,0.0,0.5,none,True,True
49237,1.0,0.0,0.5,none,True,True
49238,1.0,0.0,0.5,none,True,True
49239,1.0,0.0,0.5,none,True,True
49240,1.0,0.0,0.5,none,True,True
49241,1.0,0.0,0.5,none,True,True
49242,1.0,0.0,0.5,none,True,True
49243,1.0,0.0,0.5,none,True,True
49244,1.0,0.0,0.5,none,True,True
49245,1.0,0.0,0.5,none,True,True
49246,1.0,0.0,0.5,none,True,True
49247,1.0,0.0,0.5,none,True,True
49248,1.0,0.0,0.5,none,True,True
49249,1.0,0.0,0.5,none,True,True
49250,1.0,0.0,0.5,none,True,True
49251,1.0,0.0,0.5,none,True,True
49252,1.0,0.0,0.5,none,True,True
49253,1.0,0.0,0.5,none,True,True
49254,1.0,0.0,0.5,none,True,True
49255,1.0,0.0,0.5,none,True,True
49256,1.0,0.0,0.5,none,True,True
49257,1.0,0.0,0.5,none,True,True
49258,1.0,0.0,0.5,none,True,True
49259,1.0,0.0,0.5,none,True,True
49260,1.0,0.0,0.5,none,True,True
49261,1.0,0.0,0.5,none,True,True
49262,1.0,0.0,0.5,none,True,True
49263,1.0,0.0,0.5,none,True,True
49264,1.0,0.0,0.5,none,True,True
49265,1.0,0.0,0.5,none,True,True
49266,1.0,0.0,0.5,none,True,True
49267,1.0,0.0,0.5,none,True,True
49268,1.0,0.0,0.5,none,True,True
49269,1.0,0.0,0.5,none,True,True
49270,1.0,0.0,0.5,none,True,True
49271,1.0,0.0,0.5,none,True,True
49272,1.0,0.0,0.5,none,True,True
49273,1.0,0.0,0.5,none,True,True
49274,1.0,0.0,0.5,none,True,True
49275,1.0,0.0,0.5,none,True,True
49276,1.0,0.0,0.5,none,True,True
49277,1.0,0.0,0.5,none,True,True
49278,1.0,0.0,0.5,none,True,True
49279,1.0,0.0,0.5,none,True,True
49280,1.0,0.0,0.5,none,True,True
49281,1.0,0.0,0.5,none,True,True
49282,1.0,0.0,0.5,none,True,True
49283,1.0,0.0,0.5,none,True,True
49284,1.0,0.0,0.5,none,True,True
49285,1.0,0.0,0.5,none,True,True
49286,1.0,0.0,0.5,none,True,True
49287,1.0,0.0,0.5,none,True,True
49288,1.0,0.0,0.5,none,True,True
49289,1.0,0.0,0.5,none,True,True
49290,1.0,0.0,0.5,none,True,True
49291,1.0,0.0,0.5,none,True,True
49292,1.0,0.0,0.5,none,True,True
49293,1.0,0.0,0.5,none,True,True
49294,1.0,0.0,0.5,none,True,True
49295,1.0,0.0,0.5,none,True,True
49296,1.0,0.0,0.5,none,True,True
49297,1.0,0.0,0.5,none,True,True
49298,1.0,0.0,0.5,none,True,True
49299,1.0,0.0,0.5,none,True,True
49300,1.0,0.0,0.5,none,True,True
49301,1.0,0.0,0.5,none,True,True
49302,1.0,0.0,0.5,none,True,True
49303,1.0,0.0,0.5,none,True,True
49304,1.0,0.0,0.5,none,True,True
49305,1.0,0.0,0.5,none,True,True
49306,1.0,0.0,0.5,none,True,True
49307,1.0,0.0,0.5,none,True,True
49308,1.0,0.0,0.5,none,True,True
49309,1.0,0.0,0.5,none,True,True
49310,1.0,0.0,0.5,none,True,True
49311,1.0,0.0,0.5,none,True,True
49312,1.0,0.0,0.5,none,True,True
49313,1.0,0.0,0.5,none,True,True
49314,1.0,0.0,0.5,none,True,True
49315,1.0,0.0,0.5,none,True,True
49316,1.0,0.0,0.5,none,True,True
49317,1.0,0.0,0.5,none,True,True
49318,1.0,0.0,0.5,none,True,True
49319,1.0,0.0,0.5,none,True,True
49320,1.0,0.0,0.5,none,True,True
49321,1.0,0.0,0.5,none,True,True
49322,1.0,0.0,0.5,none,True,True
49323,1.0,0.0,0.5,none,True,True
49324,1.0,0.0,0.5,none,True,True
49325,1.0,0.0,0.5,none,True,True
49326,1.0,0.0,0.5,none,True,True
49327,1.0,0.0,0.5,none,True,True
49328,1.0,0.0,0.5,none,True,True
49329,1.0,0.0,0.5,none,True,True
49330,1.0,0.0,0.5,none,True,True
49331,1.0,0.0,0.5,none,True,True
49332,1.0,0.0,0.5,none,True,True
49333,1.0,0.0,0.5,none,True,True
49334,1.0,0.0,0.5,none,True,True
49335,1.0,0.0,0.5,none,True,True
49336,1.0,0.0,0.5,none,True,True
49337,1.0,0.0,0.5,none,True,True
49338,1.0,0.0,0.5,none,True,True
49339,1.0,0.0,0.5,none,True,True
49340,1.0,0.0,0.5,none,True,True
49341,1.0,0.0,0.5,none,True,True
49342,1.0,0.0,0.5,none,True,True
49343,1.0,0.0,0.5,none,True,True
49344,1.0,0.0,0.5,none,True,True
49345,1.0,0.0,0.5,none,True,True
49346,1.0,0.0,0.5,none,True,True
49347,1.0,0.0,0.5,none,True,True
49348,1.0,0.0,0.5,none,True,True
49349,1.0,0.0,0.5,none,True,True
49350,1.0,0.0,0.5,none,True,True
49351,1.0,0.0,0.5,none,True,True
49352,1.0,0.0,0.5,none,True,True
49353,1.0,0.0,0.5,none,True,True
49354,1.0,0.0,0.5,none,True,True
49355,1.0,0.0,0.5,none,True,True
49356,1.0,0.0,0.5,none,True,True
49357,1.0,0.0,0.5,none,True,True
49358,1.0,0.0,0.5,none,True,True
49359,1.0,0.0,0.5,none,True,True
49360,1.0,0.0,0.5,none,True,True
49361,1.0,0.0,0.5,none,True,True
49362,1.0,0.0,0.5,none,True,True
49363,1.0,0.0,0.5,none,True,True
49364,1.0,0.0,0.5,none,True,True
49365,1.0,0.0,0.5,none,True,True
49366,1.0,0.0,0.5,none,True,True
49367,1.0,0.0,0.5,none,True,True
49368,1.0,0.0,0.5,none,True,True
49369,1.0,0.0,0.5,none,True,True
49370,1.0,0.0,0.5,none,True,True
49371,1.0,0.0,0.5,none,True,True
49372,1.0,0.0,0.5,none,True,True
49373,1.0,0.0,0.5,none,True,True
49374,1.0,0.0,0.5,none,True,True
49375,1.0,0.0,0.5,none,True,True
49376,1.0,0.0,0.5,none,True,True
49377,1.0,0.0,0.5,none,True,True
49378,1.0,0.0,0.5,none,True,True
49379,1.0,0.0,0.5,none,True,True
49380,1.0,0.0,0.5,none,True,True
49381,1.0,0.0,0.5,none,True,True
49382,1.0,0.0,0.5,none,True,True
49383,1.0,0.0,0.5,none,True,True
49384,1.0,0.0,0.5,none,True,True
49385,1.0,0.0,0.5,none,True,True
49386,1.0,0.0,0.5,none,True,True
49387,1.0,0.0,0.5,none,True,True
49388,1.0,0.0,0.5,none,True,True
49389,1.0,0.0,0.5,none,True,True
49390,1.0,0.0,0.5,none,True,True
49391,1.0,0.0,0.5,none,True,True
49392,1.0,0.0,0.5,none,True,True
49393,1.0,0.0,0.5,none,True,True
49394,1.0,0.0,0.5,none,True,True
49395,1.0,0.0,0.5,none,True,True
49396,1.0,0.0,0.5,none,True,True
49397,1.0,0.0,0.5,none,True,True
49398,1.0,0.0,0.5,none,True,True
49399,1.0,0.0,0.5,none,True,True
49400,1.0,0.0,0.5,none,True,True
49401,1.0,0.0,0.5,none,True,True
49402,1.0,0.0,0.5,none,True,True
49403,1.0,0.0,0.5,none,True,True
49404,1.0,0.0,0.5,none,True,True
49405,1.0,0.0,0.5,none,True,True
49406,1.0,0.0,0.5,none,True,True
49407,1.0,0.0,0.5,none,True,True
49408,1.0,0.0,0.5,none,True,True
49409,1.0,0.0,0.5,none,True,True
49410,1.0,0.0,0.5,none,True,True
49411,1.0,0.0,0.5,none,True,True
49412,1.0,0.0,0.5,none,True,True
49413,1.0,0.0,0.5,none,True,True
49414,1.0,0.0,0.5,none,True,True
49415,1.0,0.0,0.5,none,True,True
49416,1.0,0.0,0.5,none,True,True
49417,1.0,0.0,0.5,none,True,True
49418,1.0,0.0,0.5,none,True,True
49419,1.0,0.0,0.5,none,True,True
49420,1.0,0.0,0.5,none,True,True
49421,1.0,0.0,0.5,none,True,True
49422,1.0,0.0,0.5,none,True,True
49423,1.0,0.0,0.5,none,True,True
49424,1.0,0.0,0.5,none,True,True
49425,1.0,0.0,0.5,none,True,True
49426,1.0,0.0,0.5,none,True,True
49427,1.0,0.0,0.5,none,True,True
49428,1.0,0.0,0.5,none,True,True
49429,1.0,0.0,0.5,none,True,True
49430,1.0,0.0,0.5,none,True,True
49431,1.0,0.0,0.5,none,True,True
49432,1.0,0.0,0.5,none,True,True
49433,1.0,0.0,0.5,none,True,True
49434,1.0,0.0,0.5,none,True,True
49435,1.0,0.0,0.5,none,True,True
49436,1.0,0.0,0.5,none,True,True
49437,1.0,0.0,0.5,none,True,True
49438,1.0,0.0,0.5,none,True,True
49439,1.0,0.0,0.5,none,True,True
49440,1.0,0.0,0.5,none,True,True
49441,1.0,0.0,0.5,none,True,True
49442,1.0,0.0,0.5,none,True,True
49443,1.0,0.0,0.5,none,True,True
49444,1.0,0.0,0.5,none,True,True
49445,1.0,0.0,0.5,none,True,True
49446,1.0,0.0,0.5,none,True,True
49447,1.0,0.0,0.5,none,True,True
49448,1.0,0.0,0.5,none,True,True
49449,1.0,0.0,0.5,none,True,True
49450,1.0,0.0,0.5,none,True,True
49451,1.0,0.0,0.5,none,True,True
49452,1.0,0.0,0.5,none,True,True
49453,1.0,0.0,0.5,none,True,True
49454,1.0,0.0,0.5,none,True,True
49455,1.0,0.0,0.5,none,True,True
49456,1.0,0.0,0.5,none,True,True
49457,1.0,0.0,0.5,none,True,True
49458,1.0,0.0,0.5,none,True,True
49459,1.0,0.0,0.5,none,True,True
49460,1.0,0.0,0.5,none,True,True
49461,1.0,0.0,0.5,none,True,True
49462,1.0,0.0,0.5,none,True,True
49463,1.0,0.0,0.5,none,True,True
49464,1.0,0.0,0.5,none,True,True
49465,1.0,0.0,0.5,none,True,True
49466,1.0,0.0,0.5,none,True,True
49467,1.0,0.0,0.5,none,True,True
49468,1.0,0.0,0.5,none,True,True
49469,1.0,0.0,0.5,none,True,True
49470,1.0,0.0,0.5,none,True,True
49471,1.0,0.0,0.5,none,True,True
49472,1.0,0.0,0.5,none,True,True
49473,1.0,0.0,0.5,none,True,True
49474,1.0,0.0,0.5,none,True,True
49475,1.0,0.0,0.5,none,True,True
49476,1.0,0.0,0.5,none,True,True
49477,1.0,0.0,0.5,none,True,True
49478,1.0,0.0,0.5,none,True,True
49479,1.0,0.0,0.5,none,True,True
49480,1.0,0.0,0.5,none,True,True
49481,1.0,0.0,0.5,none,True,True
49482,1.0,0.0,0.5,none,True,True
49483,1.0,0.0,0.5,none,True,True
49484,1.0,0.0,0.5,none,True,True
49485,1.0,0.0,0.5,none,True,True
49486,1.0,0.0,0.5,none,True,True
49487,1.0,0.0,0.5,none,True,True
49488,1.0,0.0,0.5,none,True,True
49489,1.0,0.0,0.5,none,True,True
49490,1.0,0.0,0.5,none,True,True
49491,1.0,0.0,0.5,none,True,True
49492,1.0,0.0,0.5,none,True,True
49493,1.0,0.0,0.5,none,True,True
49494,1.0,0.0,0.5,none,True,True
49495,1.0,0.0,0.5,none,True,True
49496,1.0,0.0,0.5,none,True,True
49497,1.0,0.0,0.5,none,True,True
49498,1.0,0.0,0.5,none,True,True
49499,1.0,0.0,0.5,none,True,True
49500,1.0,0.0,0.5,none,True,True
49501,1.0,0.0,0.5,none,True,True
49502,1.0,0.0,0.5,none,True,True
49503,1.0,0.0,0.5,none,True,True
49504,1.0,0.0,0.5,none,True,True
49505,1.0,0.0,0.5,none,True,True
49506,1.0,0.0,0.5,none,True,True
49507,1.0,0.0,0.5,none,True,True
49508,1.0,0.0,0.5,none,True,True
49509,1.0,0.0,0.5,none,True,True
49510,1.0,0.0,0.5,none,True,True
49511,1.0,0.0,0.5,none,True,True
49512,1.0,0.0,0.5,none,True,True
49513,1.0,0.0,0.5,none,True,True
49514,1.0,0.0,0.5,none,True,True
49515,1.0,0.0,0.5,none,True,True
49516,1.0,0.0,0.5,none,True,True
49517,1.0,0.0,0.5,none,True,True
49518,1.0,0.0,0.5,none,True,True
49519,1.0,0.0,0.5,none,True,True
49520,1.0,0.0,0.5,none,True,True
49521,1.0,0.0,0.5,none,True,True
49522,1.0,0.0,0.5,none,True,True
49523,1.0,0.0,0.5,none,True,True
49524,1.0,0.0,0.5,none,True,True
49525,1.0,0.0,0.5,none,True,True
49526,1.0,0.0,0.5,none,True,True
49527,1.0,0.0,0.5,none,True,True
49528,1.0,0.0,0.5,none,True,True
49529,1.0,0.0,0.5,none,True,True
49530,1.0,0.0,0.5,none,True,True
49531,1.0,0.0,0.5,none,True,True
49532,1.0,0.0,0.5,none,True,True
49533,1.0,0.0,0.5,none,True,True
49534,1.0,0.0,0.5,none,True,True
49535,1.0,0.0,0.5,none,True,True
49536,1.0,0.0,0.5,none,True,True
49537,1.0,0.0,0.5,none,True,True
49538,1.0,0.0,0.5,none,True,True
49539,1.0,0.0,0.5,none,True,True
49540,1.0,0.0,0.5,none,True,True
49541,1.0,0.0,0.5,none,True,True
49542,1.0,0.0,0.5,none,True,True
49543,1.0,0.0,0.5,none,True,True
49544,1.0,0.0,0.5,none,True,True
49545,1.0,0.0,0.5,none,True,True
49546,1.0,0.0,0.5,none,True,True
49547,1.0,0.0,0.5,none,True,True
49548,1.0,0.0,0.5,none,True,True
49549,1.0,0.0,0.5,none,True,True
49550,1.0,0.0,0.5,none,True,True
49551,1.0,0.0,0.5,none,True,True
49552,1.0,0.0,0.5,none,True,True
49553,1.0,0.0,0.5,none,True,True
49554,1.0,0.0,0.5,none,True,True
49555,1.0,0.0,0.5,none,True,True
49556,1.0,0.0,0.5,none,True,True
49557,1.0,0.0,0.5,none,True,True
49558,1.0,0.0,0.5,none,True,True
49559,1.0,0.0,0.5,none,True,True
49560,1.0,0.0,0.5,none,True,True
49561,1.0,0.0,0.5,none,True,True
49562,1.0,0.0,0.5,none,True,True
49563,1.0,0.0,0.5,none,True,True
49564,1.0,0.0,0.5,none,True,True
49565,1.0,0.0,0.5,none,True,True
49566,1.0,0.0,0.5,none,True,True
49567,1.0,0.0,0.5,none,True,True
49568,1.0,0.0,0.5,none,True,True
49569,1.0,0.0,0.5,none,True,True
49570,1.0,0.0,0.5,none,True,True
49571,1.0,0.0,0.5,none,True,True
49572,1.0,0.0,0.5,none,True,True
49573,1.0,0.0,0.5,none,True,True
49574,1.0,0.0,0.5,none,True,True
49575,1.0,0.0,0.5,none,True,True
49576,1.0,0.0,0.5,none,True,True
49577,1.0,0.0,0.5,none,True,True
49578,1.0,0.0,0.5,none,True,True
49579,1.0,0.0,0.5,none,True,True
49580,1.0,0.0,0.5,none,True,True
49581,1.0,0.0,0.5,none,True,True
49582,1.0,0.0,0.5,none,True,True
49583,1.0,0.0,0.5,none,True,True
49584,1.0,0.0,0.5,none,True,True
49585,1.0,0.0,0.5,none,True,True
49586,1.0,0.0,0.5,none,True,True
49587,1.0,0.0,0.5,none,True,True
49588,1.0,0.0,0.5,none,True,True
49589,1.0,0.0,0.5,none,True,True
49590,1.0,0.0,0.5,none,True,True
49591,1.0,0.0,0.5,none,True,True
49592,1.0,0.0,0.5,none,True,True
49593,1.0,0.0,0.5,none,True,True
49594,1.0,0.0,0.5,none,True,True
49595,1.0,0.0,0.5,none,True,True
49596,1.0,0.0,0.5,none,True,True
49597,1.0,0.0,0.5,none,True,True
49598,1.0,0.0,0.5,none,True,True
49599,1.0,0.0,0.5,none,True,True
49600,1.0,0.0,0.5,none,True,True
49601,1.0,0.0,0.5,none,True,True
49602,1.0,0.0,0.5,none,True,True
49603,1.0,0.0,0.5,none,True,True
49604,1.0,0.0,0.5,none,True,True
49605,1.0,0.0,0.5,none,True,True
49606,1.0,0.0,0.5,none,True,True
49607,1.0,0.0,0.5,none,True,True
49608,1.0,0.0,0.5,none,True,True
49609,1.0,0.0,0.5,none,True,True
49610,1.0,0.0,0.5,none,True,True
49611,1.0,0.0,0.5,none,True,True
49612,1.0,0.0,0.5,none,True,True
49613,1.0,0.0,0.5,none,True,True
49614,1.0,0.0,0.5,none,True,True
49615,1.0,0.0,0.5,none,True,True
49616,1.0,0.0,0.5,none,True,True
49617,1.0,0.0,0.5,none,True,True
49618,1.0,0.0,0.5,none,True,True
49619,1.0,0.0,0.5,none,True,True
49620,1.0,0.0,0.5,none,True,True
49621,1.0,0.0,0.5,none,True,True
49622,1.0,0.0,0.5,none,True,True
49623,1.0,0.0,0.5,none,True,True
49624,1.0,0.0,0.5,none,True,True
49625,1.0,0.0,0.5,none,True,True
49626,1.0,0.0,0.5,none,True,True
49627,1.0,0.0,0.5,none,True,True
49628,1.0,0.0,0.5,none,True,True
49629,1.0,0.0,0.5,none,True,True
49630,1.0,0.0,0.5,none,True,True
49631,1.0,0.0,0.5,none,True,True
49632,1.0,0.0,0.5,none,True,True
49633,1.0,0.0,0.5,none,True,True
49634,1.0,0.0,0.5,none,True,True
49635,1.0,0.0,0.5,none,True,True
49636,1.0,0.0,0.5,none,True,True
49637,1.0,0.0,0.5,none,True,True
49638,1.0,0.0,0.5,none,True,True
49639,1.0,0.0,0.5,none,True,True
49640,1.0,0.0,0.5,none,True,True
49641,1.0,0.0,0.5,none,True,True
49642,1.0,0.0,0.5,none,True,True
49643,1.0,0.0,0.5,none,True,True
49644,1.0,0.0,0.5,none,True,True
49645,1.0,0.0,0.5,none,True,True
49646,1.0,0.0,0.5,none,True,True
49647,1.0,0.0,0.5,none,True,True
49648,1.0,0.0,0.5,none,True,True
49649,1.0,0.0,0.5,none,True,True
49650,1.0,0.0,0.5,none,True,True
49651,1.0,0.0,0.5,none,True,True
49652,1.0,0.0,0.5,none,True,True
49653,1.0,0.0,0.5,none,True,True
49654,1.0,0.0,0.5,none,True,True
49655,1.0,0.0,0.5,none,True,True
49656,1.0,0.0,0.5,none,True,True
49657,1.0,0.0,0.5,none,True,True
49658,1.0,0.0,0.5,none,True,True
49659,1.0,0.0,0.5,none,True,True
49660,1.0,0.0,0.5,none,True,True
49661,1.0,0.0,0.5,none,True,True
49662,1.0,0.0,0.5,none,True,True
49663,1.0,0.0,0.5,none,True,True
49664,1.0,0.0,0.5,none,True,True
49665,1.0,0.0,0.5,none,True,True
49666,1.0,0.0,0.5,none,True,True
49667,1.0,0.0,0.5,none,True,True
49668,1.0,0.0,0.5,none,True,True
49669,1.0,0.0,0.5,none,True,True
49670,1.0,0.0,0.5,none,True,True
49671,1.0,0.0,0.5,none,True,True
49672,1.0,0.0,0.5,none,True,True
49673,1.0,0.0,0.5,none,True,True
49674,1.0,0.0,0.5,none,True,True
49675,1.0,0.0,0.5,none,True,True
49676,1.0,0.0,0.5,none,True,True
49677,1.0,0.0,0.5,none,True,True
49678,1.0,0.0,0.5,none,True,True
49679,1.0,0.0,0.5,none,True,True
49680,1.0,0.0,0.5,none,True,True
49681,1.0,0.0,0.5,none,True,True
49682,1.0,0.0,0.5,none,True,True
49683,1.0,0.0,0.5,none,True,True
49684,1.0,0.0,0.5,none,True,True
49685,1.0,0.0,0.5,none,True,True
49686,1.0,0.0,0.5,none,True,True
49687,1.0,0.0,0.5,none,True,True
49688,1.0,0.0,0.5,none,True,True
49689,1.0,0.0,0.5,none,True,True
49690,1.0,0.0,0.5,none,True,True
49691,1.0,0.0,0.5,none,True,True
49692,1.0,0.0,0.5,none,True,True
49693,1.0,0.0,0.5,none,True,True
49694,1.0,0.0,0.5,none,True,True
49695,1.0,0.0,0.5,none,True,True
49696,1.0,0.0,0.5,none,True,True
49697,1.0,0.0,0.5,none,True,True
49698,1.0,0.0,0.5,none,True,True
49699,1.0,0.0,0.5,none,True,True
49700,1.0,0.0061,0.5,none,True,True
49701,1.0,0.0357,0.5,none,True,True
49702,1.0,0.0812,0.5,none,True,True
49703,1.0,0.1113,0.5,none,True,True
49704,1.0,0.1253,0.5,none,True,True
49705,1.0,0.1408,0.5,none,True,True
49706,1.0,0.0907,0.5,none,True,True
49707,1.0,0.1198,0.5,none,True,True
49708,1.0,0.0467,0.5,none,True,True
49709,1.0,0.0522,0.5,none,True,True
49710,1.0,0.0405,0.5,none,True,True
49711,1.0,0.0313,0.5,none,True,True
49712,1.0,0.0083,0.5,none,True,True
49713,1.0,0.0726,0.5,none,True,True
49714,1.0,0.0793,0.5,none,True,True
49715,1.0,0.0581,0.5,none,True,True
49716,1.0,0.0955,0.5,none,True,True
49717,1.0,0.0839,0.5,none,True,True
49718,1.0,0.0648,0.5,none,True,True
49719,1.0,0.0718,0.5,none,True,True
49720,1.0,0.0589,0.5,none,True,True
49721,1.0,0.0403,0.5,none,True,True
49722,1.0,0.0327,0.5,none,True,True
49723,1.0,0.0277,0.5,none,True,True
49724,1.0,0.017,0.5,none,True,True
49725,1.0,0.0102,0.5,none,True,True
49726,1.0,0.0099,0.5,none,True,True
49727,1.0,0.008,0.5,none,True,True
49728,1.0,0.005,0.5,none,True,True
49729,1.0,0.0063,0.5,none,True,True
49730,1.0,0.009,0.5,none,True,True
49731,1.0,0.0096,0.5,none,True,True
49732,1.0,0.0108,0.5,none,True,True
49733,1.0,0.014,0.5,none,True,True
49734,1.0,0.0161,0.5,none,True,True
49735,1.0,0.0167,0.5,none,True,True
49736,1.0,0.0182,0.5,none,True,True
49737,1.0,0.0196,0.5,none,True,True
49738,1.0,0.0197,0.5,none,True,True
49739,1.0,0.0193,0.5,none,True,True
49740,1.0,0.0193,0.5,none,True,True
49741,1.0,0.0187,0.5,none,True,True
49742,1.0,0.0174,0.5,none,True,True
49743,1.0,0.0163,0.5,none,True,True
49744,1.0,0.0152,0.5,none,True,True
49745,1.0,0.0138,0.5,none,True,True
49746,1.0,0.0123,0.5,none,True,True
49747,1.0,0.0111,0.5,none,True,True
49748,1.0,0.01,0.5,none,True,True
49749,1.0,0.0088,0.5,none,True,True
49750,1.0,0.0078,0.5,none,True,True
49751,1.0,0.0071,0.5,none,True,True
49752,1.0,0.0064,0.5,none,True,True
49753,1.0,0.0057,0.5,none,True,True
49754,1.0,0.0053,0.5,none,True,True
49755,1.0,0.005,0.5,none,True,True
49756,1.0,0.0047,0.5,none,True,True
49757,1.0,0.0045,0.5,none,True,True
49758,1.0,0.0044,0.5,none,True,True
49759,1.0,0.0043,0.5,none,True,True
49760,1.0,0.0042,0.5,none,True,True
49761,1.0,0.0041,0.5,none,True,True
49762,1.0,0.004,0.5,none,True,True
49763,1.0,0.0039,0.5,none,True,True
49764,1.0,0.0038,0.5,none,True,True
49765,1.0,0.0037,0.5,none,True,True
49766,1.0,0.0035,0.5,none,True,True
49767,1.0,0.0033,0.5,none,True,True
49768,1.0,0.0032,0.5,none,True,True
49769,1.0,0.003,0.5,none,True,True
49770,1.0,0.0028,0.5,none,True,True
49771,1.0,0.0026,0.5,none,True,True
49772,1.0,0.0024,0.5,none,True,True
49773,1.0,0.0023,0.5,none,True,True
49774,1.0,0.0021,0.5,none,True,True
49775,1.0,0.0019,0.5,none,True,True
49776,1.0,0.0018,0.5,none,True,True
49777,1.0,0.0017,0.5,none,True,True
49778,1.0,0.0015,0.5,none,True,True
49779,1.0,0.0014,0.5,none,True,True
49780,1.0,0.0013,0.5,none,True,True
49781,1.0,0.0013,0.5,none,True,True
49782,1.0,0.0012,0.5,none,True,True
49783,1.0,0.0011,0.5,none,True,True
49784,1.0,0.0011,0.5,none,True,True
49785,1.0,0.001,0.5,none,True,True
49786,1.0,0.001,0.5,none,True,True
49787,1.0,0.0009,0.5,none,True,True
49788,1.0,0.0009,0.5,none,True,True
49789,1.0,0.0008,0.5,none,True,True
49790,1.0,0.0008,0.5,none,True,True
49791,1.0,0.0008,0.5,none,True,True
49792,1.0,0.0007,0.5,none,True,True
49793,1.0,0.0007,0.5,none,True,True
49794,1.0,0.0006,0.5,none,True,True
49795,1.0,0.0006,0.5,none,True,True
49796,1.0,0.0006,0.5,none,True,True
49797,1.0,0.0005,0.5,none,True,True
49798,1.0,0.0005,0.5,none,True,True
49799,1.0,0.0005,0.5,none,True,True
49800,1.0,0.0004,0.5,none,True,True
49801,1.0,0.0004,0.5,none,True,True
49802,1.0,0.0004,0.5,none,True,True
49803,1.0,0.0004,0.5,none,True,True
49804,1.0,0.0003,0.5,none,True,True
49805,1.0,0.0003,0.5,none,True,True
49806,1.0,0.0003,0.5,none,True,True
49807,1.0,0.0003,0.5,none,True,True
49808,1.0,0.0003,0.5,none,True,True
49809,1.0,0.0003,0.5,none,True,True
49810,1.0,0.0002,0.5,none,True,True
49811,1.0,0.0002,0.5,none,True,True
49812,1.0,0.0002,0.5,none,True,True
49813,1.0,0.0002,0.5,none,True,True
49814,1.0,0.0002,0.5,none,True,True
49815,1.0,0.0002,0.5,none,True,True
49816,1.0,0.0002,0.5,none,True,True
49817,1.0,0.0002,0.5,none,True,True
49818,1.0,0.0002,0.5,none,True,True
49819,1.0,0.0001,0.5,none,True,True
49820,1.0,0.0001,0.5,none,True,True
49821,1.0,0.0001,0.5,none,True,True
49822,1.0,0.0001,0.5,none,True,True
49823,1.0,0.0001,0.5,none,True,True
49824,1.0,0.0001,0.5,none,True,True
49825,1.0,0.0001,0.5,none,True,True
49826,1.0,0.0001,0.5,none,True,True
49827,1.0,0.0001,0.5,none,True,True
49828,1.0,0.0001,0.5,none,True,True
49829,1.0,0.0001,0.5,none,True,True
49830,1.0,0.0001,0.5,none,True,True
49831,1.0,0.0001,0.5,none,True,True
49832,1.0,0.0001,0.5,none,True,True
49833,1.0,0.0001,0.5,none,True,True
49834,1.0,0.0001,0.5,none,True,True
49835,1.0,0.0001,0.5,none,True,True
49836,1.0,0.0001,0.5,none,True,True
49837,1.0,0.0,0.5,none,True,True
49838,1.0,0.0,0.5,none,True,True
49839,1.0,0.0,0.5,none,True,True
49840,1.0,0.0,0.5,none,True,True
49841,1.0,0.0,0.5,none,True,True
49842,1.0,0.0,0.5,none,True,True
49843,1.0,0.0,0.5,none,True,True
49844,1.0,0.0,0.5,none,True,True
49845,1.0,0.0,0.5,none,True,True
49846,1.0,0.0,0.5,none,True,True
49847,1.0,0.0,0.5,none,True,True
49848,1.0,0.0,0.5,none,True,True
49849,1.0,0.0,0.5,none,True,True
49850,1.0,0.0,0.5,none,True,True
49851,1.0,0.0,0.5,none,True,True
49852,1.0,0.0,0.5,none,True,True
49853,1.0,0.0,0.5,none,True,True
49854,1.0,0.0,0.5,none,True,True
49855,1.0,0.0,0.5,none,True,True
49856,1.0,0.0,0.5,none,True,True
49857,1.0,0.0,0.5,none,True,True
49858,1.0,0.0,0.5,none,True,True
49859,1.0,0.0,0.5,none,True,True
49860,1.0,0.0,0.5,none,True,True
49861,1.0,0.0,0.5,none,True,True
49862,1.0,0.0,0.5,none,True,True
49863,1.0,0.0,0.5,none,True,True
49864,1.0,0.0,0.5,none,True,True
49865,1.0,0.0,0.5,none,True,True
49866,1.0,0.0,0.5,none,True,True
49867,1.0,0.0,0.5,none,True,True
49868,1.0,0.0,0.5,none,True,True
49869,1.0,0.0,0.5,none,True,True
49870,1.0,0.0,0.5,none,True,True
49871,1.0,0.0,0.5,none,True,True
49872,1.0,0.0,0.5,none,True,True
49873,1.0,0.0,0.5,none,True,True
49874,1.0,0.0,0.5,none,True,True
49875,1.0,0.0,0.5,none,True,True
49876,1.0,0.0,0.5,none,True,True
49877,1.0,0.0,0.5,none,True,True
49878,1.0,0.0,0.5,none,True,True
49879,1.0,0.0,0.5,none,True,True
49880,1.0,0.0,0.5,none,True,True
49881,1.0,0.0,0.5,none,True,True
49882,1.0,0.0,0.5,none,True,True
49883,1.0,0.0,0.5,none,True,True
49884,1.0,0.0,0.5,none,True,True
49885,1.0,0.0,0.5,none,True,True
49886,1.0,0.0,0.5,none,True,True
49887,1.0,0.0,0.5,none,True,True
49888,1.0,0.0,0.5,none,True,True
49889,1.0,0.0,0.5,none,True,True
49890,1.0,0.0,0.5,none,True,True
49891,1.0,0.0,0.5,none,True,True
49892,1.0,0.0,0.5,none,True,True
49893,1.0,0.0,0.5,none,True,True
49894,1.0,0.0,0.5,none,True,True
49895,1.0,0.0,0.5,none,True,True
49896,1.0,0.0,0.5,none,True,True
49897,1.0,0.0,0.5,none,True,True
49898,1.0,0.0,0.5,none,True,True
49899,1.0,0.0,0.5,none,True,True
49900,1.0,0.0,0.5,none,True,True
49901,1.0,0.0,0.5,none,True,True
49902,1.0,0.0,0.5,none,True,True
49903,1.0,0.0,0.5,none,True,True
49904,1.0,0.0,0.5,none,True,True
49905,1.0,0.0,0.5,none,True,True
49906,1.0,0.0,0.5,none,True,True
49907,1.0,0.0,0.5,none,True,True
49908,1.0,0.0,0.5,none,True,True
49909,1.0,0.0,0.5,none,True,True
49910,1.0,0.0,0.5,none,True,True
49911,1.0,0.0,0.5,none,True,True
49912,1.0,0.0,0.5,none,True,True
49913,1.0,0.0,0.5,none,True,True
49914,1.0,0.0,0.5,none,True,True
49915,1.0,0.0,0.5,none,True,True
49916,1.0,0.0,0.5,none,True,True
49917,1.0,0.0,0.5,none,True,True
49918,1.0,0.0,0.5,none,True,True
49919,1.0,0.0,0.5,none,True,True
49920,1.0,0.0,0.5,none,True,True
49921,1.0,0.0,0.5,none,True,True
49922,1.0,0.0,0.5,none,True,True
49923,1.0,0.0,0.5,none,True,True
49924,1.0,0.0,0.5,none,True,True
49925,1.0,0.0,0.5,none,True,True
49926,1.0,0.0,0.5,none,True,True
49927,1.0,0.0,0.5,none,True,True
49928,1.0,0.0,0.5,none,True,True
49929,1.0,0.0,0.5,none,True,True
49930,1.0,0.0,0.5,none,True,True
49931,1.0,0.0,0.5,none,True,True
49932,1.0,0.0,0.5,none,True,True
49933,1.0,0.0,0.5,none,True,True
49934,1.0,0.0,0.5,none,True,True
49935,1.0,0.0,0.5,none,True,True
49936,1.0,0.0,0.5,none,True,True
49937,1.0,0.0,0.5,none,True,True
49938,1.0,0.0,0.5,none,True,True
49939,1.0,0.0,0.5,none,True,True
49940,1.0,0.0,0.5,none,True,True
49941,1.0,0.0,0.5,none,True,True
49942,1.0,0.0,0.5,none,True,True
49943,1.0,0.0,0.5,none,True,True
49944,1.0,0.0,0.5,none,True,True
49945,1.0,0.0,0.5,none,True,True
49946,1.0,0.0,0.5,none,True,True
49947,1.0,0.0,0.5,none,True,True
49948,1.0,0.0,0.5,none,True,True
49949,1.0,0.0,0.5,none,True,True
49950,1.0,0.0,0.5,none,True,True
49951,1.0,0.0,0.5,none,True,True
49952,1.0,0.0,0.5,none,True,True
49953,1.0,0.0,0.5,none,True,True
49954,1.0,0.0,0.5,none,True,True
49955,1.0,0.0,0.5,none,True,True
49956,1.0,0.0,0.5,none,True,True
49957,1.0,0.0,0.5,none,True,True
49958,1.0,0.0,0.5,none,True,True
49959,1.0,0.0,0.5,none,True,True
49960,1.0,0.0,0.5,none,True,True
49961,1.0,0.0,0.5,none,True,True
49962,1.0,0.0,0.5,none,True,True
49963,1.0,0.0,0.5,none,True,True
49964,1.0,0.0,0.5,none,True,True
49965,1.0,0.0,0.5,none,True,True
49966,1.0,0.0,0.5,none,True,True
49967,1.0,0.0,0.5,none,True,True
49968,1.0,0.0,0.5,none,True,True
49969,1.0,0.0,0.5,none,True,True
49970,1.0,0.0,0.5,none,True,True
49971,1.0,0.0,0.5,none,True,True
49972,1.0,0.0,0.5,none,True,True
49973,1.0,0.0,0.5,none,True,True
49974,1.0,0.0,0.5,none,True,True
49975,1.0,0.0,0.5,none,True,True
49976,1.0,0.0,0.5,none,True,True
49977,1.0,0.0,0.5,none,True,True
49978,1.0,0.0,0.5,none,True,True
49979,1.0,0.0,0.5,none,True,True
49980,1.0,0.0,0.5,none,True,True
49981,1.0,0.0,0.5,none,True,True
49982,1.0,0.0,0.5,none,True,True
49983,1.0,0.0,0.5,none,True,True
49984,1.0,0.0,0.5,none,True,True
49985,1.0,0.0,0.5,none,True,True
49986,1.0,0.0,0.5,none,True,True
49987,1.0,0.0,0.5,none,True,True
49988,1.0,0.0,0.5,none,True,True
49989,1.0,0.0,0.5,none,True,True
49990,1.0,0.0,0.5,none,True,True
49991,1.0,0.0,0.5,none,True,True
49992,1.0,0.0,0.5,none,True,True
49993,1.0,0.0,0.5,none,True,True
49994,1.0,0.0,0.5,none,True,True
49995,1.0,0.0,0.5,none,True,True
49996,1.0,0.0,0.5,none,True,True
49997,1.0,0.0,0.5,none,True,True
49998,1.0,0.0,0.5,none,True,True
49999,1.0,0.0,0.5,none,True,True
50000,1.0,0.0,0.5,none,True,True
50001,1.0,0.0,0.5,none,True,True
50002,1.0,0.0,0.5,none,True,True
50003,1.0,0.0,0.5,none,True,True
50004,1.0,0.0,0.5,none,True,True
50005,1.0,0.0,0.5,none,True,True
50006,1.0,0.0,0.5,none,True,True
50007,1.0,0.0,0.5,none,True,True
50008,1.0,0.0,0.5,none,True,True
50009,1.0,0.0,0.5,none,True,True
50010,1.0,0.0,0.5,none,True,True
50011,1.0,0.0,0.5,none,True,True
50012,1.0,0.0,0.5,none,True,True
50013,1.0,0.0,0.5,none,True,True
50014,1.0,0.0,0.5,none,True,True
50015,1.0,0.0,0.5,none,True,True
50016,1.0,0.0,0.5,none,True,True
50017,1.0,0.0,0.5,none,True,True
50018,1.0,0.0,0.5,none,True,True
50019,1.0,0.0,0.5,none,True,True
50020,1.0,0.0,0.5,none,True,True
50021,1.0,0.0,0.5,none,True,True
50022,1.0,0.0,0.5,none,True,True
50023,1.0,0.0,0.5,none,True,True
50024,1.0,0.0,0.5,none,True,True
50025,1.0,0.0,0.5,none,True,True
50026,1.0,0.0,0.5,none,True,True
50027,1.0,0.0,0.5,none,True,True
50028,1.0,0.0,0.5,none,True,True
50029,1.0,0.0,0.5,none,True,True
50030,1.0,0.0,0.5,none,True,True
50031,1.0,0.0,0.5,none,True,True
50032,1.0,0.0,0.5,none,True,True
50033,1.0,0.0,0.5,none,True,True
50034,1.0,0.0,0.5,none,True,True
50035,1.0,0.0,0.5,none,True,True
50036,1.0,0.0,0.5,none,True,True
50037,1.0,0.0,0.5,none,True,True
50038,1.0,0.0,0.5,none,True,True
50039,1.0,0.0,0.5,none,True,True
50040,1.0,0.0,0.5,none,True,True
50041,1.0,0.0,0.5,none,True,True
50042,1.0,0.0,0.5,none,True,True
50043,1.0,0.0,0.5,none,True,True
50044,1.0,0.0,0.5,none,True,True
50045,1.0,0.0,0.5,none,True,True
50046,1.0,0.0,0.5,none,True,True
50047,1.0,0.0,0.5,none,True,True
50048,1.0,0.0,0.5,none,True,True
50049,1.0,0.0,0.5,none,True,True
50050,1.0,0.0,0.5,none,True,True
50051,1.0,0.0,0.5,none,True,True
50052,1.0,0.0,0.5,none,True,True
50053,1.0,0.0,0.5,none,True,True
50054,1.0,0.0,0.5,none,True,True
50055,1.0,0.0,0.5,none,True,True
50056,1.0,0.0,0.5,none,True,True
50057,1.0,0.0,0.5,none,True,True
50058,1.0,0.0,0.5,none,True,True
50059,1.0,0.0,0.5,none,True,True
50060,1.0,0.0,0.5,none,True,True
50061,1.0,0.0,0.5,none,True,True
50062,1.0,0.0,0.5,none,True,True
50063,1.0,0.0,0.5,none,True,True
50064,1.0,0.0,0.5,none,True,True
50065,1.0,0.0,0.5,none,True,True
50066,1.0,0.0,0.5,none,True,True
50067,1.0,0.0,0.5,none,True,True
50068,1.0,0.0,0.5,none,True,True
50069,1.0,0.0,0.5,none,True,True
50070,1.0,0.0,0.5,none,True,True
50071,1.0,0.0,0.5,none,True,True
50072,1.0,0.0,0.5,none,True,True
50073,1.0,0.0,0.5,none,True,True
50074,1.0,0.0,0.5,none,True,True
50075,1.0,0.0,0.5,none,True,True
50076,1.0,0.0,0.5,none,True,True
50077,1.0,0.0,0.5,none,True,True
50078,1.0,0.0,0.5,none,True,True
50079,1.0,0.0,0.5,none,True,True
50080,1.0,0.0,0.5,none,True,True
50081,1.0,0.0,0.5,none,True,True
50082,1.0,0.0,0.5,none,True,True
50083,1.0,0.0,0.5,none,True,True
50084,1.0,0.0,0.5,none,True,True
50085,1.0,0.0,0.5,none,True,True
50086,1.0,0.0,0.5,none,True,True
50087,1.0,0.0,0.5,none,True,True
50088,1.0,0.0,0.5,none,True,True
50089,1.0,0.0,0.5,none,True,True
50090,1.0,0.0,0.5,none,True,True
50091,1.0,0.0,0.5,none,True,True
50092,1.0,0.0,0.5,none,True,True
50093,1.0,0.0,0.5,none,True,True
50094,1.0,0.0,0.5,none,True,True
50095,1.0,0.0,0.5,none,True,True
50096,1.0,0.0,0.5,none,True,True
50097,1.0,0.0,0.5,none,True,True
50098,1.0,0.0,0.5,none,True,True
50099,1.0,0.0,0.5,none,True,True
50100,1.0,0.0,0.5,none,True,True
50101,1.0,0.0,0.5,none,True,True
50102,1.0,0.0,0.5,none,True,True
50103,1.0,0.0,0.5,none,True,True
50104,1.0,0.0,0.5,none,True,True
50105,1.0,0.0,0.5,none,True,True
50106,1.0,0.0,0.5,none,True,True
50107,1.0,0.0,0.5,none,True,True
50108,1.0,0.0,0.5,none,True,True
50109,1.0,0.0,0.5,none,True,True
50110,1.0,0.0,0.5,none,True,True
50111,1.0,0.0,0.5,none,True,True
50112,1.0,0.0,0.5,none,True,True
50113,1.0,0.0,0.5,none,True,True
50114,1.0,0.0,0.5,none,True,True
50115,1.0,0.0,0.5,none,True,True
50116,1.0,0.0,0.5,none,True,True
50117,1.0,0.0,0.5,none,True,True
50118,1.0,0.0,0.5,none,True,True
50119,1.0,0.0,0.5,none,True,True
50120,1.0,0.0,0.5,none,True,True
50121,1.0,0.0,0.5,none,True,True
50122,1.0,0.0,0.5,none,True,True
50123,1.0,0.0,0.5,none,True,True
50124,1.0,0.0,0.5,none,True,True
50125,1.0,0.0,0.5,none,True,True
50126,1.0,0.0,0.5,none,True,True
50127,1.0,0.0,0.5,none,True,True
50128,1.0,0.0,0.5,none,True,True
50129,1.0,0.0,0.5,none,True,True
50130,1.0,0.0,0.5,none,True,True
50131,1.0,0.0,0.5,none,True,True
50132,1.0,0.0,0.5,none,True,True
50133,1.0,0.0,0.5,none,True,True
50134,1.0,0.0,0.5,none,True,True
50135,1.0,0.0,0.5,none,True,True
50136,1.0,0.0,0.5,none,True,True
50137,1.0,0.0,0.5,none,True,True
50138,1.0,0.0,0.5,none,True,True
50139,1.0,0.0,0.5,none,True,True
50140,1.0,0.0,0.5,none,True,True
50141,1.0,0.0,0.5,none,True,True
50142,1.0,0.0,0.5,none,True,True
50143,1.0,0.0,0.5,none,True,True
50144,1.0,0.0,0.5,none,True,True
50145,1.0,0.0,0.5,none,True,True
50146,1.0,0.0,0.5,none,True,True
50147,1.0,0.0,0.5,none,True,True
50148,1.0,0.0,0.5,none,True,True
50149,1.0,0.0,0.5,none,True,True
50150,1.0,0.0,0.5,none,True,True
50151,1.0,0.0,0.5,none,True,True
50152,1.0,0.0,0.5,none,True,True
50153,1.0,0.0,0.5,none,True,True
50154,1.0,0.0,0.5,none,True,True
50155,1.0,0.0,0.5,none,True,True
50156,1.0,0.0,0.5,none,True,True
50157,1.0,0.0,0.5,none,True,True
50158,1.0,0.0,0.5,none,True,True
50159,1.0,0.0,0.5,none,True,True
50160,1.0,0.0,0.5,none,True,True
50161,1.0,0.0,0.5,none,True,True
50162,1.0,0.0,0.5,none,True,True
50163,1.0,0.0,0.5,none,True,True
50164,1.0,0.0,0.5,none,True,True
50165,1.0,0.0,0.5,none,True,True
50166,1.0,0.0,0.5,none,True,True
50167,1.0,0.0,0.5,none,True,True
50168,1.0,0.0,0.5,none,True,True
50169,1.0,0.0,0.5,none,True,True
50170,1.0,0.0,0.5,none,True,True
50171,1.0,0.0,0.5,none,True,True
50172,1.0,0.0,0.5,none,True,True
50173,1.0,0.0,0.5,none,True,True
50174,1.0,0.0,0.5,none,True,True
50175,1.0,0.0,0.5,none,True,True
50176,1.0,0.0,0.5,none,True,True
50177,1.0,0.0,0.5,none,True,True
50178,1.0,0.0,0.5,none,True,True
50179,1.0,0.0,0.5,none,True,True
50180,1.0,0.0,0.5,none,True,True
50181,1.0,0.0,0.5,none,True,True
50182,1.0,0.0,0.5,none,True,True
50183,1.0,0.0,0.5,none,True,True
50184,1.0,0.0,0.5,none,True,True
50185,1.0,0.0,0.5,none,True,True
50186,1.0,0.0,0.5,none,True,True
50187,1.0,0.0,0.5,none,True,True
50188,1.0,0.0,0.5,none,True,True
50189,1.0,0.0,0.5,none,True,True
50190,1.0,0.0,0.5,none,True,True
50191,1.0,0.0,0.5,none,True,True
50192,1.0,0.0,0.5,none,True,True
50193,1.0,0.0,0.5,none,True,True
50194,1.0,0.0,0.5,none,True,True
50195,1.0,0.0,0.5,none,True,True
50196,1.0,0.0,0.5,none,True,True
50197,1.0,0.0,0.5,none,True,True
50198,1.0,0.0,0.5,none,True,True
50199,1.0,0.0,0.5,none,True,True
50200,1.0,0.0,0.5,none,True,True
50201,1.0,0.0,0.5,none,True,True
50202,1.0,0.0,0.5,none,True,True
50203,1.0,0.0,0.5,none,True,True
50204,1.0,0.0,0.5,none,True,True
50205,1.0,0.0,0.5,none,True,True
50206,1.0,0.0,0.5,none,True,True
50207,1.0,0.0,0.5,none,True,True
50208,1.0,0.0,0.5,none,True,True
50209,1.0,0.0,0.5,none,True,True
50210,1.0,0.0,0.5,none,True,True
50211,1.0,0.0,0.5,none,True,True
50212,1.0,0.0,0.5,none,True,True
50213,1.0,0.0,0.5,none,True,True
50214,1.0,0.0,0.5,none,True,True
50215,1.0,0.0,0.5,none,True,True
50216,1.0,0.0,0.5,none,True,True
50217,1.0,0.0,0.5,none,True,True
50218,1.0,0.0,0.5,none,True,True
50219,1.0,0.0,0.5,none,True,True
50220,1.0,0.0,0.5,none,True,True
50221,1.0,0.0,0.5,none,True,True
50222,1.0,0.0,0.5,none,True,True
50223,1.0,0.0,0.5,none,True,True
50224,1.0,0.0,0.5,none,True,True
50225,1.0,0.0,0.5,none,True,True
50226,1.0,0.0,0.5,none,True,True
50227,1.0,0.0,0.5,none,True,True
50228,1.0,0.0,0.5,none,True,True
50229,1.0,0.0,0.5,none,True,True
50230,1.0,0.0,0.5,none,True,True
50231,1.0,0.0,0.5,none,True,True
50232,1.0,0.0,0.5,none,True,True
50233,1.0,0.0,0.5,none,True,True
50234,1.0,0.0,0.5,none,True,True
50235,1.0,0.0,0.5,none,True,True
50236,1.0,0.0,0.5,none,True,True
50237,1.0,0.0,0.5,none,True,True
50238,1.0,0.0,0.5,none,True,True
50239,1.0,0.0,0.5,none,True,True
50240,1.0,0.0,0.5,none,True,True
50241,1.0,0.0,0.5,none,True,True
50242,1.0,0.0,0.5,none,True,True
50243,1.0,0.0,0.5,none,True,True
50244,1.0,0.0,0.5,none,True,True
50245,1.0,0.0,0.5,none,True,True
50246,1.0,0.0,0.5,none,True,True
50247,1.0,0.0,0.5,none,True,True
50248,1.0,0.0,0.5,none,True,True
50249,1.0,0.0,0.5,none,True,True
50250,1.0,0.0,0.5,none,True,True
50251,1.0,0.0,0.5,none,True,True
50252,1.0,0.0,0.5,none,True,True
50253,1.0,0.0,0.5,none,True,True
50254,1.0,0.0,0.5,none,True,True
50255,1.0,0.0,0.5,none,True,True
50256,1.0,0.0,0.5,none,True,True
50257,1.0,0.0,0.5,none,True,True
50258,1.0,0.0,0.5,none,True,True
50259,1.0,0.0,0.5,none,True,True
50260,1.0,0.0,0.5,none,True,True
50261,1.0,0.0,0.5,none,True,True
50262,1.0,0.0,0.5,none,True,True
50263,1.0,0.0,0.5,none,True,True
50264,1.0,0.0,0.5,none,True,True
50265,1.0,0.0,0.5,none,True,True
50266,1.0,0.0,0.5,none,True,True
50267,1.0,0.0,0.5,none,True,True
50268,1.0,0.0,0.5,none,True,True
50269,1.0,0.0,0.5,none,True,True
50270,1.0,0.0,0.5,none,True,True
50271,1.0,0.0,0.5,none,True,True
50272,1.0,0.0,0.5,none,True,True
50273,1.0,0.0,0.5,none,True,True
50274,1.0,0.0,0.5,none,True,True
50275,1.0,0.0,0.5,none,True,True
50276,1.0,0.0,0.5,none,True,True
50277,1.0,0.0,0.5,none,True,True
50278,1.0,0.0,0.5,none,True,True
50279,1.0,0.0,0.5,none,True,True
50280,1.0,0.0,0.5,none,True,True
50281,1.0,0.0,0.5,none,True,True
50282,1.0,0.0,0.5,none,True,True
50283,1.0,0.0,0.5,none,True,True
50284,1.0,0.0,0.5,none,True,True
50285,1.0,0.0,0.5,none,True,True
50286,1.0,0.0,0.5,none,True,True
50287,1.0,0.0,0.5,none,True,True
50288,1.0,0.0,0.5,none,True,True
50289,1.0,0.0,0.5,none,True,True
50290,1.0,0.0,0.5,none,True,True
50291,1.0,0.0,0.5,none,True,True
50292,1.0,0.0,0.5,none,True,True
50293,1.0,0.0,0.5,none,True,True
50294,1.0,0.0,0.5,none,True,True
50295,1.0,0.0,0.5,none,True,True
50296,1.0,0.0,0.5,none,True,True
50297,1.0,0.0,0.5,none,True,True
50298,1.0,0.0,0.5,none,True,True
50299,1.0,0.0,0.5,none,True,True
50300,1.0,0.0,0.5,none,True,True
50301,1.0,0.0,0.5,none,True,True
50302,1.0,0.0,0.5,none,True,True
50303,1.0,0.0,0.5,none,True,True
50304,1.0,0.0,0.5,none,True,True
50305,1.0,0.0,0.5,none,True,True
50306,1.0,0.0,0.5,none,True,True
50307,1.0,0.0,0.5,none,True,True
50308,1.0,0.0,0.5,none,True,True
50309,1.0,0.0,0.5,none,True,True
50310,1.0,0.0,0.5,none,True,True
50311,1.0,0.0,0.5,none,True,True
50312,1.0,0.0,0.5,none,True,True
50313,1.0,0.0,0.5,none,True,True
50314,1.0,0.0,0.5,none,True,True
50315,1.0,0.0,0.5,none,True,True
50316,1.0,0.0,0.5,none,True,True
50317,1.0,0.0,0.5,none,True,True
50318,1.0,0.0,0.5,none,True,True
50319,1.0,0.0,0.5,none,True,True
50320,1.0,0.0,0.5,none,True,True
50321,1.0,0.0,0.5,none,True,True
50322,1.0,0.0,0.5,none,True,True
50323,1.0,0.0,0.5,none,True,True
50324,1.0,0.0,0.5,none,True,True
50325,1.0,0.0,0.5,none,True,True
50326,1.0,0.0,0.5,none,True,True
50327,1.0,0.0,0.5,none,True,True
50328,1.0,0.0,0.5,none,True,True
50329,1.0,0.0,0.5,none,True,True
50330,1.0,0.0,0.5,none,True,True
50331,1.0,0.0,0.5,none,True,True
50332,1.0,0.0,0.5,none,True,True
50333,1.0,0.0,0.5,none,True,True
50334,1.0,0.0,0.5,none,True,True
50335,1.0,0.0,0.5,none,True,True
50336,1.0,0.0,0.5,none,True,True
50337,1.0,0.0,0.5,none,True,True
50338,1.0,0.0,0.5,none,True,True
50339,1.0,0.0,0.5,none,True,True
50340,1.0,0.0,0.5,none,True,True
50341,1.0,0.0,0.5,none,True,True
50342,1.0,0.0,0.5,none,True,True
50343,1.0,0.0,0.5,none,True,True
50344,1.0,0.0,0.5,none,True,True
50345,1.0,0.0,0.5,none,True,True
50346,1.0,0.0,0.5,none,True,True
50347,1.0,0.0,0.5,none,True,True
50348,1.0,0.0,0.5,none,True,True
50349,1.0,0.0,0.5,none,True,True
50350,1.0,0.0,0.5,none,True,True
50351,1.0,0.0,0.5,none,True,True
50352,1.0,0.0,0.5,none,True,True
50353,1.0,0.0,0.5,none,True,True
50354,1.0,0.0,0.5,none,True,True
50355,1.0,0.0,0.5,none,True,True
50356,1.0,0.0,0.5,none,True,True
50357,1.0,0.0,0.5,none,True,True
50358,1.0,0.0,0.5,none,True,True
50359,1.0,0.0,0.5,none,True,True
50360,1.0,0.0,0.5,none,True,True
50361,1.0,0.0,0.5,none,True,True
50362,1.0,0.0,0.5,none,True,True
50363,1.0,0.0,0.5,none,True,True
50364,1.0,0.0,0.5,none,True,True
50365,1.0,0.0,0.5,none,True,True
50366,1.0,0.0,0.5,none,True,True
50367,1.0,0.0,0.5,none,True,True
50368,1.0,0.0,0.5,none,True,True
50369,1.0,0.0,0.5,none,True,True
50370,1.0,0.0,0.5,none,True,True
50371,1.0,0.0,0.5,none,True,True
50372,1.0,0.0,0.5,none,True,True
50373,1.0,0.0,0.5,none,True,True
50374,1.0,0.0,0.5,none,True,True
50375,1.0,0.0,0.5,none,True,True
50376,1.0,0.0,0.5,none,True,True
50377,1.0,0.0,0.5,none,True,True
50378,1.0,0.0,0.5,none,True,True
50379,1.0,0.0,0.5,none,True,True
50380,1.0,0.0,0.5,none,True,True
50381,1.0,0.0,0.5,none,True,True
50382,1.0,0.0,0.5,none,True,True
50383,1.0,0.0,0.5,none,True,True
50384,1.0,0.0,0.5,none,True,True
50385,1.0,0.0,0.5,none,True,True
50386,1.0,0.0,0.5,none,True,True
50387,1.0,0.0,0.5,none,True,True
50388,1.0,0.0,0.5,none,True,True
50389,1.0,0.0,0.5,none,True,True
50390,1.0,0.0,0.5,none,True,True
50391,1.0,0.0,0.5,none,True,True
50392,1.0,0.0,0.5,none,True,True
50393,1.0,0.0,0.5,none,True,True
50394,1.0,0.0,0.5,none,True,True
50395,1.0,0.0,0.5,none,True,True
50396,1.0,0.0,0.5,none,True,True
50397,1.0,0.0,0.5,none,True,True
50398,1.0,0.0,0.5,none,True,True
50399,1.0,0.0,0.5,none,True,True
50400,1.0,0.0061,0.5,none,True,True
50401,1.0,0.0357,0.5,none,True,True
50402,1.0,0.0812,0.5,none,True,True
50403,1.0,0.1113,0.5,none,True,True
50404,1.0,0.1253,0.5,none,True,True
50405,1.0,0.1408,0.5,none,True,True
50406,1.0,0.0907,0.5,none,True,True
50407,1.0,0.1198,0.5,none,True,True
50408,1.0,0.0467,0.5,none,True,True
50409,1.0,0.0522,0.5,none,True,True
50410,1.0,0.0405,0.5,none,True,True
50411,1.0,0.0313,0.5,none,True,True
50412,1.0,0.0083,0.5,none,True,True
50413,1.0,0.0726,0.5,none,True,True
50414,1.0,0.0793,0.5,none,True,True
50415,1.0,0.0581,0.5,none,True,True
50416,1.0,0.0955,0.5,none,True,True
50417,1.0,0.0839,0.5,none,True,True
50418,1.0,0.0648,0.5,none,True,True
50419,1.0,0.0718,0.5,none,True,True
50420,1.0,0.0589,0.5,none,True,True
50421,1.0,0.0403,0.5,none,True,True
50422,1.0,0.0327,0.5,none,True,True
50423,1.0,0.0277,0.5,none,True,True
50424,1.0,0.017,0.5,none,True,True
50425,1.0,0.0102,0.5,none,True,True
50426,1.0,0.0099,0.5,none,True,True
50427,1.0,0.008,0.5,none,True,True
50428,1.0,0.005,0.5,none,True,True
50429,1.0,0.0063,0.5,none,True,True
50430,1.0,0.009,0.5,none,True,True
50431,1.0,0.0096,0.5,none,True,True
50432,1.0,0.0108,0.5,none,True,True
50433,1.0,0.014,0.5,none,True,True
50434,1.0,0.0161,0.5,none,True,True
50435,1.0,0.0167,0.5,none,True,True
50436,1.0,0.0182,0.5,none,True,True
50437,1.0,0.0196,0.5,none,True,True
50438,1.0,0.0197,0.5,none,True,True
50439,1.0,0.0193,0.5,none,True,True
50440,1.0,0.0193,0.5,none,True,True
50441,1.0,0.0187,0.5,none,True,True
50442,1.0,0.0174,0.5,none,True,True
50443,1.0,0.0163,0.5,none,True,True
50444,1.0,0.0152,0.5,none,True,True
50445,1.0,0.0138,0.5,none,True,True
50446,1.0,0.0123,0.5,none,True,True
50447,1.0,0.0111,0.5,none,True,True
50448,1.0,0.01,0.5,none,True,True
50449,1.0,0.0088,0.5,none,True,True
50450,1.0,0.0078,0.5,none,True,True
50451,1.0,0.0071,0.5,none,True,True
50452,1.0,0.0064,0.5,none,True,True
50453,1.0,0.0057,0.5,none,True,True
50454,1.0,0.0053,0.5,none,True,True
50455,1.0,0.005,0.5,none,True,True
50456,1.0,0.0047,0.5,none,True,True
50457,1.0,0.0045,0.5,none,True,True
50458,1.0,0.0044,0.5,none,True,True
50459,1.0,0.0043,0.5,none,True,True
50460,1.0,0.0042,0.5,none,True,True
50461,1.0,0.0041,0.5,none,True,True
50462,1.0,0.004,0.5,none,True,True
50463,1.0,0.0039,0.5,none,True,True
50464,1.0,0.0038,0.5,none,True,True
50465,1.0,0.0037,0.5,none,True,True
50466,1.0,0.0035,0.5,none,True,True
50467,1.0,0.0033,0.5,none,True,True
50468,1.0,0.0032,0.5,none,True,True
50469,1.0,0.003,0.5,none,True,True
50470,1.0,0.0028,0.5,none,True,True
50471,1.0,0.0026,0.5,none,True,True
50472,1.0,0.0024,0.5,none,True,True
50473,1.0,0.0023,0.5,none,True,True
50474,1.0,0.0021,0.5,none,True,True
50475,1.0,0.0019,0.5,none,True,True
50476,1.0,0.0018,0.5,none,True,True
50477,1.0,0.0017,0.5,none,True,True
50478,1.0,0.0015,0.5,none,True,True
50479,1.0,0.0014,0.5,none,True,True
50480,1.0,0.0013,0.5,none,True,True
50481,1.0,0.0013,0.5,none,True,True
50482,1.0,0.0012,0.5,none,True,True
50483,1.0,0.0011,0.5,none,True,True
50484,1.0,0.0011,0.5,none,True,True
50485,1.0,0.001,0.5,none,True,True
50486,1.0,0.001,0.5,none,True,True
50487,1.0,0.0009,0.5,none,True,True
50488,1.0,0.0009,0.5,none,True,True
50489,1.0,0.0008,0.5,none,True,True
50490,1.0,0.0008,0.5,none,True,True
50491,1.0,0.0008,0.5,none,True,True
50492,1.0,0.0007,0.5,none,True,True
50493,1.0,0.0007,0.5,none,True,True
50494,1.0,0.0006,0.5,none,True,True
50495,1.0,0.0006,0.5,none,True,True
50496,1.0,0.0006,0.5,none,True,True
50497,1.0,0.0005,0.5,none,True,True
50498,1.0,0.0005,0.5,none,True,True
50499,1.0,0.0005,0.5,none,True,True
50500,1.0,0.0004,0.5,none,True,True
50501,1.0,0.0004,0.5,none,True,True
50502,1.0,0.0004,0.5,none,True,True
50503,1.0,0.0004,0.5,none,True,True
50504,1.0,0.0003,0.5,none,True,True
50505,1.0,0.0003,0.5,none,True,True
50506,1.0,0.0003,0.5,none,True,True
50507,1.0,0.0003,0.5,none,True,True
50508,1.0,0.0003,0.5,none,True,True
50509,1.0,0.0003,0.5,none,True,True
50510,1.0,0.0002,0.5,none,True,True
50511,1.0,0.0002,0.5,none,True,True
50512,1.0,0.0002,0.5,none,True,True
50513,1.0,0.0002,0.5,none,True,True
50514,1.0,0.0002,0.5,none,True,True
50515,1.0,0.0002,0.5,none,True,True
50516,1.0,0.0002,0.5,none,True,True
50517,1.0,0.0002,0.5,none,True,True
50518,1.0,0.0002,0.5,none,True,True
50519,1.0,0.0001,0.5,none,True,True
50520,1.0,0.0001,0.5,none,True,True
50521,1.0,0.0001,0.5,none,True,True
50522,1.0,0.0001,0.5,none,True,True
50523,1.0,0.0001,0.5,none,True,True
50524,1.0,0.0001,0.5,none,True,True
50525,1.0,0.0001,0.5,none,True,True
50526,1.0,0.0001,0.5,none,True,True
50527,1.0,0.0001,0.5,none,True,True
50528,1.0,0.0001,0.5,none,True,True
50529,1.0,0.0001,0.5,none,True,True
50530,1.0,0.0001,0.5,none,True,True
50531,1.0,0.0001,0.5,none,True,True
50532,1.0,0.0001,0.5,none,True,True
50533,1.0,0.0001,0.5,none,True,True
50534,1.0,0.0001,0.5,none,True,True
50535,1.0,0.0001,0.5,none,True,True
50536,1.0,0.0001,0.5,none,True,True
50537,1.0,0.0,0.5,none,True,True
50538,1.0,0.0,0.5,none,True,True
50539,1.0,0.0,0.5,none,True,True
50540,1.0,0.0,0.5,none,True,True
50541,1.0,0.0,0.5,none,True,True
50542,1.0,0.0,0.5,none,True,True
50543,1.0,0.0,0.5,none,True,True
50544,1.0,0.0,0.5,none,True,True
50545,1.0,0.0,0.5,none,True,True
50546,1.0,0.0,0.5,none,True,True
50547,1.0,0.0,0.5,none,True,True
50548,1.0,0.0,0.5,none,True,True
50549,1.0,0.0,0.5,none,True,True
50550,1.0,0.0,0.5,none,True,True
50551,1.0,0.0,0.5,none,True,True
50552,1.0,0.0,0.5,none,True,True
50553,1.0,0.0,0.5,none,True,True
50554,1.0,0.0,0.5,none,True,True
50555,1.0,0.0,0.5,none,True,True
50556,1.0,0.0,0.5,none,True,True
50557,1.0,0.0,0.5,none,True,True
50558,1.0,0.0,0.5,none,True,True
50559,1.0,0.0,0.5,none,True,True
50560,1.0,0.0,0.5,none,True,True
50561,1.0,0.0,0.5,none,True,True
50562,1.0,0.0,0.5,none,True,True
50563,1.0,0.0,0.5,none,True,True
50564,1.0,0.0,0.5,none,True,True
50565,1.0,0.0,0.5,none,True,True
50566,1.0,0.0,0.5,none,True,True
50567,1.0,0.0,0.5,none,True,True
50568,1.0,0.0,0.5,none,True,True
50569,1.0,0.0,0.5,none,True,True
50570,1.0,0.0,0.5,none,True,True
50571,1.0,0.0,0.5,none,True,True
50572,1.0,0.0,0.5,none,True,True
50573,1.0,0.0,0.5,none,True,True
50574,1.0,0.0,0.5,none,True,True
50575,1.0,0.0,0.5,none,True,True
50576,1.0,0.0,0.5,none,True,True
50577,1.0,0.0,0.5,none,True,True
50578,1.0,0.0,0.5,none,True,True
50579,1.0,0.0,0.5,none,True,True
50580,1.0,0.0,0.5,none,True,True
50581,1.0,0.0,0.5,none,True,True
50582,1.0,0.0,0.5,none,True,True
50583,1.0,0.0,0.5,none,True,True
50584,1.0,0.0,0.5,none,True,True
50585,1.0,0.0,0.5,none,True,True
50586,1.0,0.0,0.5,none,True,True
50587,1.0,0.0,0.5,none,True,True
50588,1.0,0.0,0.5,none,True,True
50589,1.0,0.0,0.5,none,True,True
50590,1.0,0.0,0.5,none,True,True
50591,1.0,0.0,0.5,none,True,True
50592,1.0,0.0,0.5,none,True,True
50593,1.0,0.0,0.5,none,True,True
50594,1.0,0.0,0.5,none,True,True
50595,1.0,0.0,0.5,none,True,True
50596,1.0,0.0,0.5,none,True,True
50597,1.0,0.0,0.5,none,True,True
50598,1.0,0.0,0.5,none,True,True
50599,1.0,0.0,0.5,none,True,True
50600,1.0,0.0,0.5,none,True,True
50601,1.0,0.0,0.5,none,True,True
50602,1.0,0.0,0.5,none,True,True
50603,1.0,0.0,0.5,none,True,True
50604,1.0,0.0,0.5,none,True,True
50605,1.0,0.0,0.5,none,True,True
50606,1.0,0.0,0.5,none,True,True
50607,1.0,0.0,0.5,none,True,True
50608,1.0,0.0,0.5,none,True,True
50609,1.0,0.0,0.5,none,True,True
50610,1.0,0.0,0.5,none,True,True
50611,1.0,0.0,0.5,none,True,True
50612,1.0,0.0,0.5,none,True,True
50613,1.0,0.0,0.5,none,True,True
50614,1.0,0.0,0.5,none,True,True
50615,1.0,0.0,0.5,none,True,True
50616,1.0,0.0,0.5,none,True,True
50617,1.0,0.0,0.5,none,True,True
50618,1.0,0.0,0.5,none,True,True
50619,1.0,0.0,0.5,none,True,True
50620,1.0,0.0,0.5,none,True,True
50621,1.0,0.0,0.5,none,True,True
50622,1.0,0.0,0.5,none,True,True
50623,1.0,0.0,0.5,none,True,True
50624,1.0,0.0,0.5,none,True,True
50625,1.0,0.0,0.5,none,True,True
50626,1.0,0.0,0.5,none,True,True
50627,1.0,0.0,0.5,none,True,True
50628,1.0,0.0,0.5,none,True,True
50629,1.0,0.0,0.5,none,True,True
50630,1.0,0.0,0.5,none,True,True
50631,1.0,0.0,0.5,none,True,True
50632,1.0,0.0,0.5,none,True,True
50633,1.0,0.0,0.5,none,True,True
50634,1.0,0.0,0.5,none,True,True
50635,1.0,0.0,0.5,none,True,True
50636,1.0,0.0,0.5,none,True,True
50637,1.0,0.0,0.5,none,True,True
50638,1.0,0.0,0.5,none,True,True
50639,1.0,0.0,0.5,none,True,True
50640,1.0,0.0,0.5,none,True,True
50641,1.0,0.0,0.5,none,True,True
50642,1.0,0.0,0.5,none,True,True
50643,1.0,0.0,0.5,none,True,True
50644,1.0,0.0,0.5,none,True,True
50645,1.0,0.0,0.5,none,True,True
50646,1.0,0.0,0.5,none,True,True
50647,1.0,0.0,0.5,none,True,True
50648,1.0,0.0,0.5,none,True,True
50649,1.0,0.0,0.5,none,True,True
50650,1.0,0.0,0.5,none,True,True
50651,1.0,0.0,0.5,none,True,True
50652,1.0,0.0,0.5,none,True,True
50653,1.0,0.0,0.5,none,True,True
50654,1.0,0.0,0.5,none,True,True
50655,1.0,0.0,0.5,none,True,True
50656,1.0,0.0,0.5,none,True,True
50657,1.0,0.0,0.5,none,True,True
50658,1.0,0.0,0.5,none,True,True
50659,1.0,0.0,0.5,none,True,True
50660,1.0,0.0,0.5,none,True,True
50661,1.0,0.0,0.5,none,True,True
50662,1.0,0.0,0.5,none,True,True
50663,1.0,0.0,0.5,none,True,True
50664,1.0,0.0,0.5,none,True,True
50665,1.0,0.0,0.5,none,True,True
50666,1.0,0.0,0.5,none,True,True
50667,1.0,0.0,0.5,none,True,True
50668,1.0,0.0,0.5,none,True,True
50669,1.0,0.0,0.5,none,True,True
50670,1.0,0.0,0.5,none,True,True
50671,1.0,0.0,0.5,none,True,True
50672,1.0,0.0,0.5,none,True,True
50673,1.0,0.0,0.5,none,True,True
50674,1.0,0.0,0.5,none,True,True
50675,1.0,0.0,0.5,none,True,True
50676,1.0,0.0,0.5,none,True,True
50677,1.0,0.0,0.5,none,True,True
50678,1.0,0.0,0.5,none,True,True
50679,1.0,0.0,0.5,none,True,True
50680,1.0,0.0,0.5,none,True,True
50681,1.0,0.0,0.5,none,True,True
50682,1.0,0.0,0.5,none,True,True
50683,1.0,0.0,0.5,none,True,True
50684,1.0,0.0,0.5,none,True,True
50685,1.0,0.0,0.5,none,True,True
50686,1.0,0.0,0.5,none,True,True
50687,1.0,0.0,0.5,none,True,True
50688,1.0,0.0,0.5,none,True,True
50689,1.0,0.0,0.5,none,True,True
50690,1.0,0.0,0.5,none,True,True
50691,1.0,0.0,0.5,none,True,True
50692,1.0,0.0,0.5,none,True,True
50693,1.0,0.0,0.5,none,True,True
50694,1.0,0.0,0.5,none,True,True
50695,1.0,0.0,0.5,none,True,True
50696,1.0,0.0,0.5,none,True,True
50697,1.0,0.0,0.5,none,True,True
50698,1.0,0.0,0.5,none,True,True
50699,1.0,0.0,0.5,none,True,True
50700,1.0,0.0,0.5,none,True,True
50701,1.0,0.0,0.5,none,True,True
50702,1.0,0.0,0.5,none,True,True
50703,1.0,0.0,0.5,none,True,True
50704,1.0,0.0,0.5,none,True,True
50705,1.0,0.0,0.5,none,True,True
50706,1.0,0.0,0.5,none,True,True
50707,1.0,0.0,0.5,none,True,True
50708,1.0,0.0,0.5,none,True,True
50709,1.0,0.0,0.5,none,True,True
50710,1.0,0.0,0.5,none,True,True
50711,1.0,0.0,0.5,none,True,True
50712,1.0,0.0,0.5,none,True,True
50713,1.0,0.0,0.5,none,True,True
50714,1.0,0.0,0.5,none,True,True
50715,1.0,0.0,0.5,none,True,True
50716,1.0,0.0,0.5,none,True,True
50717,1.0,0.0,0.5,none,True,True
50718,1.0,0.0,0.5,none,True,True
50719,1.0,0.0,0.5,none,True,True
50720,1.0,0.0,0.5,none,True,True
50721,1.0,0.0,0.5,none,True,True
50722,1.0,0.0,0.5,none,True,True
50723,1.0,0.0,0.5,none,True,True
50724,1.0,0.0,0.5,none,True,True
50725,1.0,0.0,0.5,none,True,True
50726,1.0,0.0,0.5,none,True,True
50727,1.0,0.0,0.5,none,True,True
50728,1.0,0.0,0.5,none,True,True
50729,1.0,0.0,0.5,none,True,True
50730,1.0,0.0,0.5,none,True,True
50731,1.0,0.0,0.5,none,True,True
50732,1.0,0.0,0.5,none,True,True
50733,1.0,0.0,0.5,none,True,True
50734,1.0,0.0,0.5,none,True,True
50735,1.0,0.0,0.5,none,True,True
50736,1.0,0.0,0.5,none,True,True
50737,1.0,0.0,0.5,none,True,True
50738,1.0,0.0,0.5,none,True,True
50739,1.0,0.0,0.5,none,True,True
50740,1.0,0.0,0.5,none,True,True
50741,1.0,0.0,0.5,none,True,True
50742,1.0,0.0,0.5,none,True,True
50743,1.0,0.0,0.5,none,True,True
50744,1.0,0.0,0.5,none,True,True
50745,1.0,0.0,0.5,none,True,True
50746,1.0,0.0,0.5,none,True,True
50747,1.0,0.0,0.5,none,True,True
50748,1.0,0.0,0.5,none,True,True
50749,1.0,0.0,0.5,none,True,True
50750,1.0,0.0,0.5,none,True,True
50751,1.0,0.0,0.5,none,True,True
50752,1.0,0.0,0.5,none,True,True
50753,1.0,0.0,0.5,none,True,True
50754,1.0,0.0,0.5,none,True,True
50755,1.0,0.0,0.5,none,True,True
50756,1.0,0.0,0.5,none,True,True
50757,1.0,0.0,0.5,none,True,True
50758,1.0,0.0,0.5,none,True,True
50759,1.0,0.0,0.5,none,True,True
50760,1.0,0.0,0.5,none,True,True
50761,1.0,0.0,0.5,none,True,True
50762,1.0,0.0,0.5,none,True,True
50763,1.0,0.0,0.5,none,True,True
50764,1.0,0.0,0.5,none,True,True
50765,1.0,0.0,0.5,none,True,True
50766,1.0,0.0,0.5,none,True,True
50767,1.0,0.0,0.5,none,True,True
50768,1.0,0.0,0.5,none,True,True
50769,1.0,0.0,0.5,none,True,True
50770,1.0,0.0,0.5,none,True,True
50771,1.0,0.0,0.5,none,True,True
50772,1.0,0.0,0.5,none,True,True
50773,1.0,0.0,0.5,none,True,True
50774,1.0,0.0,0.5,none,True,True
50775,1.0,0.0,0.5,none,True,True
50776,1.0,0.0,0.5,none,True,True
50777,1.0,0.0,0.5,none,True,True
50778,1.0,0.0,0.5,none,True,True
50779,1.0,0.0,0.5,none,True,True
50780,1.0,0.0,0.5,none,True,True
50781,1.0,0.0,0.5,none,True,True
50782,1.0,0.0,0.5,none,True,True
50783,1.0,0.0,0.5,none,True,True
50784,1.0,0.0,0.5,none,True,True
50785,1.0,0.0,0.5,none,True,True
50786,1.0,0.0,0.5,none,True,True
50787,1.0,0.0,0.5,none,True,True
50788,1.0,0.0,0.5,none,True,True
50789,1.0,0.0,0.5,none,True,True
50790,1.0,0.0,0.5,none,True,True
50791,1.0,0.0,0.5,none,True,True
50792,1.0,0.0,0.5,none,True,True
50793,1.0,0.0,0.5,none,True,True
50794,1.0,0.0,0.5,none,True,True
50795,1.0,0.0,0.5,none,True,True
50796,1.0,0.0,0.5,none,True,True
50797,1.0,0.0,0.5,none,True,True
50798,1.0,0.0,0.5,none,True,True
50799,1.0,0.0,0.5,none,True,True
50800,1.0,0.0,0.5,none,True,True
50801,1.0,0.0,0.5,none,True,True
50802,1.0,0.0,0.5,none,True,True
50803,1.0,0.0,0.5,none,True,True
50804,1.0,0.0,0.5,none,True,True
50805,1.0,0.0,0.5,none,True,True
50806,1.0,0.0,0.5,none,True,True
50807,1.0,0.0,0.5,none,True,True
50808,1.0,0.0,0.5,none,True,True
50809,1.0,0.0,0.5,none,True,True
50810,1.0,0.0,0.5,none,True,True
50811,1.0,0.0,0.5,none,True,True
50812,1.0,0.0,0.5,none,True,True
50813,1.0,0.0,0.5,none,True,True
50814,1.0,0.0,0.5,none,True,True
50815,1.0,0.0,0.5,none,True,True
50816,1.0,0.0,0.5,none,True,True
50817,1.0,0.0,0.5,none,True,True
50818,1.0,0.0,0.5,none,True,True
50819,1.0,0.0,0.5,none,True,True
50820,1.0,0.0,0.5,none,True,True
50821,1.0,0.0,0.5,none,True,True
50822,1.0,0.0,0.5,none,True,True
50823,1.0,0.0,0.5,none,True,True
50824,1.0,0.0,0.5,none,True,True
50825,1.0,0.0,0.5,none,True,True
50826,1.0,0.0,0.5,none,True,True
50827,1.0,0.0,0.5,none,True,True
50828,1.0,0.0,0.5,none,True,True
50829,1.0,0.0,0.5,none,True,True
50830,1.0,0.0,0.5,none,True,True
50831,1.0,0.0,0.5,none,True,True
50832,1.0,0.0,0.5,none,True,True
50833,1.0,0.0,0.5,none,True,True
50834,1.0,0.0,0.5,none,True,True
50835,1.0,0.0,0.5,none,True,True
50836,1.0,0.0,0.5,none,True,True
50837,1.0,0.0,0.5,none,True,True
50838,1.0,0.0,0.5,none,True,True
50839,1.0,0.0,0.5,none,True,True
50840,1.0,0.0,0.5,none,True,True
50841,1.0,0.0,0.5,none,True,True
50842,1.0,0.0,0.5,none,True,True
50843,1.0,0.0,0.5,none,True,True
50844,1.0,0.0,0.5,none,True,True
50845,1.0,0.0,0.5,none,True,True
50846,1.0,0.0,0.5,none,True,True
50847,1.0,0.0,0.5,none,True,True
50848,1.0,0.0,0.5,none,True,True
50849,1.0,0.0,0.5,none,True,True
50850,1.0,0.0,0.5,none,True,True
50851,1.0,0.0,0.5,none,True,True
50852,1.0,0.0,0.5,none,True,True
50853,1.0,0.0,0.5,none,True,True
50854,1.0,0.0,0.5,none,True,True
50855,1.0,0.0,0.5,none,True,True
50856,1.0,0.0,0.5,none,True,True
50857,1.0,0.0,0.5,none,True,True
50858,1.0,0.0,0.5,none,True,True
50859,1.0,0.0,0.5,none,True,True
50860,1.0,0.0,0.5,none,True,True
50861,1.0,0.0,0.5,none,True,True
50862,1.0,0.0,0.5,none,True,True
50863,1.0,0.0,0.5,none,True,True
50864,1.0,0.0,0.5,none,True,True
50865,1.0,0.0,0.5,none,True,True
50866,1.0,0.0,0.5,none,True,True
50867,1.0,0.0,0.5,none,True,True
50868,1.0,0.0,0.5,none,True,True
50869,1.0,0.0,0.5,none,True,True
50870,1.0,0.0,0.5,none,True,True
50871,1.0,0.0,0.5,none,True,True
50872,1.0,0.0,0.5,none,True,True
50873,1.0,0.0,0.5,none,True,True
50874,1.0,0.0,0.5,none,True,True
50875,1.0,0.0,0.5,none,True,True
50876,1.0,0.0,0.5,none,True,True
50877,1.0,0.0,0.5,none,True,True
50878,1.0,0.0,0.5,none,True,True
50879,1.0,0.0,0.5,none,True,True
50880,1.0,0.0,0.5,none,True,True
50881,1.0,0.0,0.5,none,True,True
50882,1.0,0.0,0.5,none,True,True
50883,1.0,0.0,0.5,none,True,True
50884,1.0,0.0,0.5,none,True,True
50885,1.0,0.0,0.5,none,True,True
50886,1.0,0.0,0.5,none,True,True
50887,1.0,0.0,0.5,none,True,True
50888,1.0,0.0,0.5,none,True,True
50889,1.0,0.0,0.5,none,True,True
50890,1.0,0.0,0.5,none,True,True
50891,1.0,0.0,0.5,none,True,True
50892,1.0,0.0,0.5,none,True,True
50893,1.0,0.0,0.5,none,True,True
50894,1.0,0.0,0.5,none,True,True
50895,1.0,0.0,0.5,none,True,True
50896,1.0,0.0,0.5,none,True,True
50897,1.0,0.0,0.5,none,True,True
50898,1.0,0.0,0.5,none,True,True
50899,1.0,0.0,0.5,none,True,True
50900,1.0,0.0,0.5,none,True,True
50901,1.0,0.0,0.5,none,True,True
50902,1.0,0.0,0.5,none,True,True
50903,1.0,0.0,0.5,none,True,True
50904,1.0,0.0,0.5,none,True,True
50905,1.0,0.0,0.5,none,True,True
50906,1.0,0.0,0.5,none,True,True
50907,1.0,0.0,0.5,none,True,True
50908,1.0,0.0,0.5,none,True,True
50909,1.0,0.0,0.5,none,True,True
50910,1.0,0.0,0.5,none,True,True
50911,1.0,0.0,0.5,none,True,True
50912,1.0,0.0,0.5,none,True,True
50913,1.0,0.0,0.5,none,True,True
50914,1.0,0.0,0.5,none,True,True
50915,1.0,0.0,0.5,none,True,True
50916,1.0,0.0,0.5,none,True,True
50917,1.0,0.0,0.5,none,True,True
50918,1.0,0.0,0.5,none,True,True
50919,1.0,0.0,0.5,none,True,True
50920,1.0,0.0,0.5,none,True,True
50921,1.0,0.0,0.5,none,True,True
50922,1.0,0.0,0.5,none,True,True
50923,1.0,0.0,0.5,none,True,True
50924,1.0,0.0,0.5,none,True,True
50925,1.0,0.0,0.5,none,True,True
50926,1.0,0.0,0.5,none,True,True
50927,1.0,0.0,0.5,none,True,True
50928,1.0,0.0,0.5,none,True,True
50929,1.0,0.0,0.5,none,True,True
50930,1.0,0.0,0.5,none,True,True
50931,1.0,0.0,0.5,none,True,True
50932,1.0,0.0,0.5,none,True,True
50933,1.0,0.0,0.5,none,True,True
50934,1.0,0.0,0.5,none,True,True
50935,1.0,0.0,0.5,none,True,True
50936,1.0,0.0,0.5,none,True,True
50937,1.0,0.0,0.5,none,True,True
50938,1.0,0.0,0.5,none,True,True
50939,1.0,0.0,0.5,none,True,True
50940,1.0,0.0,0.5,none,True,True
50941,1.0,0.0,0.5,none,True,True
50942,1.0,0.0,0.5,none,True,True
50943,1.0,0.0,0.5,none,True,True
50944,1.0,0.0,0.5,none,True,True
50945,1.0,0.0,0.5,none,True,True
50946,1.0,0.0,0.5,none,True,True
50947,1.0,0.0,0.5,none,True,True
50948,1.0,0.0,0.5,none,True,True
50949,1.0,0.0,0.5,none,True,True
50950,1.0,0.0,0.5,none,True,True
50951,1.0,0.0,0.5,none,True,True
50952,1.0,0.0,0.5,none,True,True
50953,1.0,0.0,0.5,none,True,True
50954,1.0,0.0,0.5,none,True,True
50955,1.0,0.0,0.5,none,True,True
50956,1.0,0.0,0.5,none,True,True
50957,1.0,0.0,0.5,none,True,True
50958,1.0,0.0,0.5,none,True,True
50959,1.0,0.0,0.5,none,True,True
50960,1.0,0.0,0.5,none,True,True
50961,1.0,0.0,0.5,none,True,True
50962,1.0,0.0,0.5,none,True,True
50963,1.0,0.0,0.5,none,True,True
50964,1.0,0.0,0.5,none,True,True
50965,1.0,0.0,0.5,none,True,True
50966,1.0,0.0,0.5,none,True,True
50967,1.0,0.0,0.5,none,True,True
50968,1.0,0.0,0.5,none,True,True
50969,1.0,0.0,0.5,none,True,True
50970,1.0,0.0,0.5,none,True,True
50971,1.0,0.0,0.5,none,True,True
50972,1.0,0.0,0.5,none,True,True
50973,1.0,0.0,0.5,none,True,True
50974,1.0,0.0,0.5,none,True,True
50975,1.0,0.0,0.5,none,True,True
50976,1.0,0.0,0.5,none,True,True
50977,1.0,0.0,0.5,none,True,True
50978,1.0,0.0,0.5,none,True,True
50979,1.0,0.0,0.5,none,True,True
50980,1.0,0.0,0.5,none,True,True
50981,1.0,0.0,0.5,none,True,True
50982,1.0,0.0,0.5,none,True,True
50983,1.0,0.0,0.5,none,True,True
50984,1.0,0.0,0.5,none,True,True
50985,1.0,0.0,0.5,none,True,True
50986,1.0,0.0,0.5,none,True,True
50987,1.0,0.0,0.5,none,True,True
50988,1.0,0.0,0.5,none,True,True
50989,1.0,0.0,0.5,none,True,True
50990,1.0,0.0,0.5,none,True,True
50991,1.0,0.0,0.5,none,True,True
50992,1.0,0.0,0.5,none,True,True
50993,1.0,0.0,0.5,none,True,True
50994,1.0,0.0,0.5,none,True,True
50995,1.0,0.0,0.5,none,True,True
50996,1.0,0.0,0.5,none,True,True
50997,1.0,0.0,0.5,none,True,True
50998,1.0,0.0,0.5,none,True,True
50999,1.0,0.0,0.5,none,True,True
51000,1.0,0.0,0.5,none,True,True
51001,1.0,0.0,0.5,none,True,True
51002,1.0,0.0,0.5,none,True,True
51003,1.0,0.0,0.5,none,True,True
51004,1.0,0.0,0.5,none,True,True
51005,1.0,0.0,0.5,none,True,True
51006,1.0,0.0,0.5,none,True,True
51007,1.0,0.0,0.5,none,True,True
51008,1.0,0.0,0.5,none,True,True
51009,1.0,0.0,0.5,none,True,True
51010,1.0,0.0,0.5,none,True,True
51011,1.0,0.0,0.5,none,True,True
51012,1.0,0.0,0.5,none,True,True
51013,1.0,0.0,0.5,none,True,True
51014,1.0,0.0,0.5,none,True,True
51015,1.0,0.0,0.5,none,True,True
51016,1.0,0.0,0.5,none,True,True
51017,1.0,0.0,0.5,none,True,True
51018,1.0,0.0,0.5,none,True,True
51019,1.0,0.0,0.5,none,True,True
51020,1.0,0.0,0.5,none,True,True
51021,1.0,0.0,0.5,none,True,True
51022,1.0,0.0,0.5,none,True,True
51023,1.0,0.0,0.5,none,True,True
51024,1.0,0.0,0.5,none,True,True
51025,1.0,0.0,0.5,none,True,True
51026,1.0,0.0,0.5,none,True,True
51027,1.0,0.0,0.5,none,True,True
51028,1.0,0.0,0.5,none,True,True
51029,1.0,0.0,0.5,none,True,True
51030,1.0,0.0,0.5,none,True,True
51031,1.0,0.0,0.5,none,True,True
51032,1.0,0.0,0.5,none,True,True
51033,1.0,0.0,0.5,none,True,True
51034,1.0,0.0,0.5,none,True,True
51035,1.0,0.0,0.5,none,True,True
51036,1.0,0.0,0.5,none,True,True
51037,1.0,0.0,0.5,none,True,True
51038,1.0,0.0,0.5,none,True,True
51039,1.0,0.0,0.5,none,True,True
51040,1.0,0.0,0.5,none,True,True
51041,1.0,0.0,0.5,none,True,True
51042,1.0,0.0,0.5,none,True,True
51043,1.0,0.0,0.5,none,True,True
51044,1.0,0.0,0.5,none,True,True
51045,1.0,0.0,0.5,none,True,True
51046,1.0,0.0,0.5,none,True,True
51047,1.0,0.0,0.5,none,True,True
51048,1.0,0.0,0.5,none,True,True
51049,1.0,0.0,0.5,none,True,True
51050,1.0,0.0,0.5,none,True,True
51051,1.0,0.0,0.5,none,True,True
51052,1.0,0.0,0.5,none,True,True
51053,1.0,0.0,0.5,none,True,True
51054,1.0,0.0,0.5,none,True,True
51055,1.0,0.0,0.5,none,True,True
51056,1.0,0.0,0.5,none,True,True
51057,1.0,0.0,0.5,none,True,True
51058,1.0,0.0,0.5,none,True,True
51059,1.0,0.0,0.5,none,True,True
51060,1.0,0.0,0.5,none,True,True
51061,1.0,0.0,0.5,none,True,True
51062,1.0,0.0,0.5,none,True,True
51063,1.0,0.0,0.5,none,True,True
51064,1.0,0.0,0.5,none,True,True
51065,1.0,0.0,0.5,none,True,True
51066,1.0,0.0,0.5,none,True,True
51067,1.0,0.0,0.5,none,True,True
51068,1.0,0.0,0.5,none,True,True
51069,1.0,0.0,0.5,none,True,True
51070,1.0,0.0,0.5,none,True,True
51071,1.0,0.0,0.5,none,True,True
51072,1.0,0.0,0.5,none,True,True
51073,1.0,0.0,0.5,none,True,True
51074,1.0,0.0,0.5,none,True,True
51075,1.0,0.0,0.5,none,True,True
51076,1.0,0.0,0.5,none,True,True
51077,1.0,0.0,0.5,none,True,True
51078,1.0,0.0,0.5,none,True,True
51079,1.0,0.0,0.5,none,True,True
51080,1.0,0.0,0.5,none,True,True
51081,1.0,0.0,0.5,none,True,True
51082,1.0,0.0,0.5,none,True,True
51083,1.0,0.0,0.5,none,True,True
51084,1.0,0.0,0.5,none,True,True
51085,1.0,0.0,0.5,none,True,True
51086,1.0,0.0,0.5,none,True,True
51087,1.0,0.0,0.5,none,True,True
51088,1.0,0.0,0.5,none,True,True
51089,1.0,0.0,0.5,none,True,True
51090,1.0,0.0,0.5,none,True,True
51091,1.0,0.0,0.5,none,True,True
51092,1.0,0.0,0.5,none,True,True
51093,1.0,0.0,0.5,none,True,True
51094,1.0,0.0,0.5,none,True,True
51095,1.0,0.0,0.5,none,True,True
51096,1.0,0.0,0.5,none,True,True
51097,1.0,0.0,0.5,none,True,True
51098,1.0,0.0,0.5,none,True,True
51099,1.0,0.0,0.5,none,True,True
51100,1.0,0.0061,0.5,none,True,True
51101,1.0,0.0357,0.5,none,True,True
51102,1.0,0.0812,0.5,none,True,True
51103,1.0,0.1113,0.5,none,True,True
51104,1.0,0.1253,0.5,none,True,True
51105,1.0,0.1408,0.5,none,True,True
51106,1.0,0.0907,0.5,none,True,True
51107,1.0,0.1198,0.5,none,True,True
51108,1.0,0.0467,0.5,none,True,True
51109,1.0,0.0522,0.5,none,True,True
51110,1.0,0.0405,0.5,none,True,True
51111,1.0,0.0313,0.5,none,True,True
51112,1.0,0.0083,0.5,none,True,True
51113,1.0,0.0726,0.5,none,True,True
51114,1.0,0.0793,0.5,none,True,True
51115,1.0,0.0581,0.5,none,True,True
51116,1.0,0.0955,0.5,none,True,True
51117,1.0,0.0839,0.5,none,True,True
51118,1.0,0.0648,0.5,none,True,True
51119,1.0,0.0718,0.5,none,True,True
51120,1.0,0.0589,0.5,none,True,True
51121,1.0,0.0403,0.5,none,True,True
51122,1.0,0.0327,0.5,none,True,True
51123,1.0,0.0277,0.5,none,True,True
51124,1.0,0.017,0.5,none,True,True
51125,1.0,0.0102,0.5,none,True,True
51126,1.0,0.0099,0.5,none,True,True
51127,1.0,0.008,0.5,none,True,True
51128,1.0,0.005,0.5,none,True,True
51129,1.0,0.0063,0.5,none,True,True
51130,1.0,0.009,0.5,none,True,True
51131,1.0,0.0096,0.5,none,True,True
51132,1.0,0.0108,0.5,none,True,True
51133,1.0,0.014,0.5,none,True,True
51134,1.0,0.0161,0.5,none,True,True
51135,1.0,0.0167,0.5,none,True,True
51136,1.0,0.0182,0.5,none,True,True
51137,1.0,0.0196,0.5,none,True,True
51138,1.0,0.0197,0.5,none,True,True
51139,1.0,0.0193,0.5,none,True,True
51140,1.0,0.0193,0.5,none,True,True
51141,1.0,0.0187,0.5,none,True,True
51142,1.0,0.0174,0.5,none,True,True
51143,1.0,0.0163,0.5,none,True,True
51144,1.0,0.0152,0.5,none,True,True
51145,1.0,0.0138,0.5,none,True,True
51146,1.0,0.0123,0.5,none,True,True
51147,1.0,0.0111,0.5,none,True,True
51148,1.0,0.01,0.5,none,True,True
51149,1.0,0.0088,0.5,none,True,True
51150,1.0,0.0078,0.5,none,True,True
51151,1.0,0.0071,0.5,none,True,True
51152,1.0,0.0064,0.5,none,True,True
51153,1.0,0.0057,0.5,none,True,True
51154,1.0,0.0053,0.5,none,True,True
51155,1.0,0.005,0.5,none,True,True
51156,1.0,0.0047,0.5,none,True,True
51157,1.0,0.0045,0.5,none,True,True
51158,1.0,0.0044,0.5,none,True,True
51159,1.0,0.0043,0.5,none,True,True
51160,1.0,0.0042,0.5,none,True,True
51161,1.0,0.0041,0.5,none,True,True
51162,1.0,0.004,0.5,none,True,True
51163,1.0,0.0039,0.5,none,True,True
51164,1.0,0.0038,0.5,none,True,True
51165,1.0,0.0037,0.5,none,True,True
51166,1.0,0.0035,0.5,none,True,True
51167,1.0,0.0033,0.5,none,True,True
51168,1.0,0.0032,0.5,none,True,True
51169,1.0,0.003,0.5,none,True,True
51170,1.0,0.0028,0.5,none,True,True
51171,1.0,0.0026,0.5,none,True,True
51172,1.0,0.0024,0.5,none,True,True
51173,1.0,0.0023,0.5,none,True,True
51174,1.0,0.0021,0.5,none,True,True
51175,1.0,0.0019,0.5,none,True,True
51176,1.0,0.0018,0.5,none,True,True
51177,1.0,0.0017,0.5,none,True,True
51178,1.0,0.0015,0.5,none,True,True
51179,1.0,0.0014,0.5,none,True,True
51180,1.0,0.0013,0.5,none,True,True
51181,1.0,0.0013,0.5,none,True,True
51182,1.0,0.0012,0.5,none,True,True
51183,1.0,0.0011,0.5,none,True,True
51184,1.0,0.0011,0.5,none,True,True
51185,1.0,0.001,0.5,none,True,True
51186,1.0,0.001,0.5,none,True,True
51187,1.0,0.0009,0.5,none,True,True
51188,1.0,0.0009,0.5,none,True,True
51189,1.0,0.0008,0.5,none,True,True
51190,1.0,0.0008,0.5,none,True,True
51191,1.0,0.0008,0.5,none,True,True
51192,1.0,0.0007,0.5,none,True,True
51193,1.0,0.0007,0.5,none,True,True
51194,1.0,0.0006,0.5,none,True,True
51195,1.0,0.0006,0.5,none,True,True
51196,1.0,0.0006,0.5,none,True,True
51197,1.0,0.0005,0.5,none,True,True
51198,1.0,0.0005,0.5,none,True,True
51199,1.0,0.0005,0.5,none,True,True
51200,1.0,0.0004,0.5,none,True,True
51201,1.0,0.0004,0.5,none,True,True
51202,1.0,0.0004,0.5,none,True,True
51203,1.0,0.0004,0.5,none,True,True
51204,1.0,0.0003,0.5,none,True,True
51205,1.0,0.0003,0.5,none,True,True
51206,1.0,0.0003,0.5,none,True,True
51207,1.0,0.0003,0.5,none,True,True
51208,1.0,0.0003,0.5,none,True,True
51209,1.0,0.0003,0.5,none,True,True
51210,1.0,0.0002,0.5,none,True,True
51211,1.0,0.0002,0.5,none,True,True
51212,1.0,0.0002,0.5,none,True,True
51213,1.0,0.0002,0.5,none,True,True
51214,1.0,0.0002,0.5,none,True,True
51215,1.0,0.0002,0.5,none,True,True
51216,1.0,0.0002,0.5,none,True,True
51217,1.0,0.0002,0.5,none,True,True
51218,1.0,0.0002,0.5,none,True,True
51219,1.0,0.0001,0.5,none,True,True
51220,1.0,0.0001,0.5,none,True,True
51221,1.0,0.0001,0.5,none,True,True
51222,1.0,0.0001,0.5,none,True,True
51223,1.0,0.0001,0.5,none,True,True
51224,1.0,0.0001,0.5,none,True,True
51225,1.0,0.0001,0.5,none,True,True
51226,1.0,0.0001,0.5,none,True,True
51227,1.0,0.0001,0.5,none,True,True
51228,1.0,0.0001,0.5,none,True,True
51229,1.0,0.0001,0.5,none,True,True
51230,1.0,0.0001,0.5,none,True,True
51231,1.0,0.0001,0.5,none,True,True
51232,1.0,0.0001,0.5,none,True,True
51233,1.0,0.0001,0.5,none,True,True
51234,1.0,0.0001,0.5,none,True,True
51235,1.0,0.0001,0.5,none,True,True
51236,1.0,0.0001,0.5,none,True,True
51237,1.0,0.0,0.5,none,True,True
51238,1.0,0.0,0.5,none,True,True
51239,1.0,0.0,0.5,none,True,True
51240,1.0,0.0,0.5,none,True,True
51241,1.0,0.0,0.5,none,True,True
51242,1.0,0.0,0.5,none,True,True
51243,1.0,0.0,0.5,none,True,True
51244,1.0,0.0,0.5,none,True,True
51245,1.0,0.0,0.5,none,True,True
51246,1.0,0.0,0.5,none,True,True
51247,1.0,0.0,0.5,none,True,True
51248,1.0,0.0,0.5,none,True,True
51249,1.0,0.0,0.5,none,True,True
51250,1.0,0.0,0.5,none,True,True
51251,1.0,0.0,0.5,none,True,True
51252,1.0,0.0,0.5,none,True,True
51253,1.0,0.0,0.5,none,True,True
51254,1.0,0.0,0.5,none,True,True
51255,1.0,0.0,0.5,none,True,True
51256,1.0,0.0,0.5,none,True,True
51257,1.0,0.0,0.5,none,True,True
51258,1.0,0.0,0.5,none,True,True
51259,1.0,0.0,0.5,none,True,True
51260,1.0,0.0,0.5,none,True,True
51261,1.0,0.0,0.5,none,True,True
51262,1.0,0.0,0.5,none,True,True
51263,1.0,0.0,0.5,none,True,True
51264,1.0,0.0,0.5,none,True,True
51265,1.0,0.0,0.5,none,True,True
51266,1.0,0.0,0.5,none,True,True
51267,1.0,0.0,0.5,none,True,True
51268,1.0,0.0,0.5,none,True,True
51269,1.0,0.0,0.5,none,True,True
51270,1.0,0.0,0.5,none,True,True
51271,1.0,0.0,0.5,none,True,True
51272,1.0,0.0,0.5,none,True,True
51273,1.0,0.0,0.5,none,True,True
51274,1.0,0.0,0.5,none,True,True
51275,1.0,0.0,0.5,none,True,True
51276,1.0,0.0,0.5,none,True,True
51277,1.0,0.0,0.5,none,True,True
51278,1.0,0.0,0.5,none,True,True
51279,1.0,0.0,0.5,none,True,True
51280,1.0,0.0,0.5,none,True,True
51281,1.0,0.0,0.5,none,True,True
51282,1.0,0.0,0.5,none,True,True
51283,1.0,0.0,0.5,none,True,True
51284,1.0,0.0,0.5,none,True,True
51285,1.0,0.0,0.5,none,True,True
51286,1.0,0.0,0.5,none,True,True
51287,1.0,0.0,0.5,none,True,True
51288,1.0,0.0,0.5,none,True,True
51289,1.0,0.0,0.5,none,True,True
51290,1.0,0.0,0.5,none,True,True
51291,1.0,0.0,0.5,none,True,True
51292,1.0,0.0,0.5,none,True,True
51293,1.0,0.0,0.5,none,True,True
51294,1.0,0.0,0.5,none,True,True
51295,1.0,0.0,0.5,none,True,True
51296,1.0,0.0,0.5,none,True,True
51297,1.0,0.0,0.5,none,True,True
51298,1.0,0.0,0.5,none,True,True
51299,1.0,0.0,0.5,none,True,True
51300,1.0,0.0,0.5,none,True,True
51301,1.0,0.0,0.5,none,True,True
51302,1.0,0.0,0.5,none,True,True
51303,1.0,0.0,0.5,none,True,True
51304,1.0,0.0,0.5,none,True,True
51305,1.0,0.0,0.5,none,True,True
51306,1.0,0.0,0.5,none,True,True
51307,1.0,0.0,0.5,none,True,True
51308,1.0,0.0,0.5,none,True,True
51309,1.0,0.0,0.5,none,True,True
51310,1.0,0.0,0.5,none,True,True
51311,1.0,0.0,0.5,none,True,True
51312,1.0,0.0,0.5,none,True,True
51313,1.0,0.0,0.5,none,True,True
51314,1.0,0.0,0.5,none,True,True
51315,1.0,0.0,0.5,none,True,True
51316,1.0,0.0,0.5,none,True,True
51317,1.0,0.0,0.5,none,True,True
51318,1.0,0.0,0.5,none,True,True
51319,1.0,0.0,0.5,none,True,True
51320,1.0,0.0,0.5,none,True,True
51321,1.0,0.0,0.5,none,True,True
51322,1.0,0.0,0.5,none,True,True
51323,1.0,0.0,0.5,none,True,True
51324,1.0,0.0,0.5,none,True,True
51325,1.0,0.0,0.5,none,True,True
51326,1.0,0.0,0.5,none,True,True
51327,1.0,0.0,0.5,none,True,True
51328,1.0,0.0,0.5,none,True,True
51329,1.0,0.0,0.5,none,True,True
51330,1.0,0.0,0.5,none,True,True
51331,1.0,0.0,0.5,none,True,True
51332,1.0,0.0,0.5,none,True,True
51333,1.0,0.0,0.5,none,True,True
51334,1.0,0.0,0.5,none,True,True
51335,1.0,0.0,0.5,none,True,True
51336,1.0,0.0,0.5,none,True,True
51337,1.0,0.0,0.5,none,True,True
51338,1.0,0.0,0.5,none,True,True
51339,1.0,0.0,0.5,none,True,True
51340,1.0,0.0,0.5,none,True,True
51341,1.0,0.0,0.5,none,True,True
51342,1.0,0.0,0.5,none,True,True
51343,1.0,0.0,0.5,none,True,True
51344,1.0,0.0,0.5,none,True,True
51345,1.0,0.0,0.5,none,True,True
51346,1.0,0.0,0.5,none,True,True
51347,1.0,0.0,0.5,none,True,True
51348,1.0,0.0,0.5,none,True,True
51349,1.0,0.0,0.5,none,True,True
51350,1.0,0.0,0.5,none,True,True
51351,1.0,0.0,0.5,none,True,True
51352,1.0,0.0,0.5,none,True,True
51353,1.0,0.0,0.5,none,True,True
51354,1.0,0.0,0.5,none,True,True
51355,1.0,0.0,0.5,none,True,True
51356,1.0,0.0,0.5,none,True,True
51357,1.0,0.0,0.5,none,True,True
51358,1.0,0.0,0.5,none,True,True
51359,1.0,0.0,0.5,none,True,True
51360,1.0,0.0,0.5,none,True,True
51361,1.0,0.0,0.5,none,True,True
51362,1.0,0.0,0.5,none,True,True
51363,1.0,0.0,0.5,none,True,True
51364,1.0,0.0,0.5,none,True,True
51365,1.0,0.0,0.5,none,True,True
51366,1.0,0.0,0.5,none,True,True
51367,1.0,0.0,0.5,none,True,True
51368,1.0,0.0,0.5,none,True,True
51369,1.0,0.0,0.5,none,True,True
51370,1.0,0.0,0.5,none,True,True
51371,1.0,0.0,0.5,none,True,True
51372,1.0,0.0,0.5,none,True,True
51373,1.0,0.0,0.5,none,True,True
51374,1.0,0.0,0.5,none,True,True
51375,1.0,0.0,0.5,none,True,True
51376,1.0,0.0,0.5,none,True,True
51377,1.0,0.0,0.5,none,True,True
51378,1.0,0.0,0.5,none,True,True
51379,1.0,0.0,0.5,none,True,True
51380,1.0,0.0,0.5,none,True,True
51381,1.0,0.0,0.5,none,True,True
51382,1.0,0.0,0.5,none,True,True
51383,1.0,0.0,0.5,none,True,True
51384,1.0,0.0,0.5,none,True,True
51385,1.0,0.0,0.5,none,True,True
51386,1.0,0.0,0.5,none,True,True
51387,1.0,0.0,0.5,none,True,True
51388,1.0,0.0,0.5,none,True,True
51389,1.0,0.0,0.5,none,True,True
51390,1.0,0.0,0.5,none,True,True
51391,1.0,0.0,0.5,none,True,True
51392,1.0,0.0,0.5,none,True,True
51393,1.0,0.0,0.5,none,True,True
51394,1.0,0.0,0.5,none,True,True
51395,1.0,0.0,0.5,none,True,True
51396,1.0,0.0,0.5,none,True,True
51397,1.0,0.0,0.5,none,True,True
51398,1.0,0.0,0.5,none,True,True
51399,1.0,0.0,0.5,none,True,True
51400,1.0,0.0,0.5,none,True,True
51401,1.0,0.0,0.5,none,True,True
51402,1.0,0.0,0.5,none,True,True
51403,1.0,0.0,0.5,none,True,True
51404,1.0,0.0,0.5,none,True,True
51405,1.0,0.0,0.5,none,True,True
51406,1.0,0.0,0.5,none,True,True
51407,1.0,0.0,0.5,none,True,True
51408,1.0,0.0,0.5,none,True,True
51409,1.0,0.0,0.5,none,True,True
51410,1.0,0.0,0.5,none,True,True
51411,1.0,0.0,0.5,none,True,True
51412,1.0,0.0,0.5,none,True,True
51413,1.0,0.0,0.5,none,True,True
51414,1.0,0.0,0.5,none,True,True
51415,1.0,0.0,0.5,none,True,True
51416,1.0,0.0,0.5,none,True,True
51417,1.0,0.0,0.5,none,True,True
51418,1.0,0.0,0.5,none,True,True
51419,1.0,0.0,0.5,none,True,True
51420,1.0,0.0,0.5,none,True,True
51421,1.0,0.0,0.5,none,True,True
51422,1.0,0.0,0.5,none,True,True
51423,1.0,0.0,0.5,none,True,True
51424,1.0,0.0,0.5,none,True,True
51425,1.0,0.0,0.5,none,True,True
51426,1.0,0.0,0.5,none,True,True
51427,1.0,0.0,0.5,none,True,True
51428,1.0,0.0,0.5,none,True,True
51429,1.0,0.0,0.5,none,True,True
51430,1.0,0.0,0.5,none,True,True
51431,1.0,0.0,0.5,none,True,True
51432,1.0,0.0,0.5,none,True,True
51433,1.0,0.0,0.5,none,True,True
51434,1.0,0.0,0.5,none,True,True
51435,1.0,0.0,0.5,none,True,True
51436,1.0,0.0,0.5,none,True,True
51437,1.0,0.0,0.5,none,True,True
51438,1.0,0.0,0.5,none,True,True
51439,1.0,0.0,0.5,none,True,True
51440,1.0,0.0,0.5,none,True,True
51441,1.0,0.0,0.5,none,True,True
51442,1.0,0.0,0.5,none,True,True
51443,1.0,0.0,0.5,none,True,True
51444,1.0,0.0,0.5,none,True,True
51445,1.0,0.0,0.5,none,True,True
51446,1.0,0.0,0.5,none,True,True
51447,1.0,0.0,0.5,none,True,True
51448,1.0,0.0,0.5,none,True,True
51449,1.0,0.0,0.5,none,True,True
51450,1.0,0.0,0.5,none,True,True
51451,1.0,0.0,0.5,none,True,True
51452,1.0,0.0,0.5,none,True,True
51453,1.0,0.0,0.5,none,True,True
51454,1.0,0.0,0.5,none,True,True
51455,1.0,0.0,0.5,none,True,True
51456,1.0,0.0,0.5,none,True,True
51457,1.0,0.0,0.5,none,True,True
51458,1.0,0.0,0.5,none,True,True
51459,1.0,0.0,0.5,none,True,True
51460,1.0,0.0,0.5,none,True,True
51461,1.0,0.0,0.5,none,True,True
51462,1.0,0.0,0.5,none,True,True
51463,1.0,0.0,0.5,none,True,True
51464,1.0,0.0,0.5,none,True,True
51465,1.0,0.0,0.5,none,True,True
51466,1.0,0.0,0.5,none,True,True
51467,1.0,0.0,0.5,none,True,True
51468,1.0,0.0,0.5,none,True,True
51469,1.0,0.0,0.5,none,True,True
51470,1.0,0.0,0.5,none,True,True
51471,1.0,0.0,0.5,none,True,True
51472,1.0,0.0,0.5,none,True,True
51473,1.0,0.0,0.5,none,True,True
51474,1.0,0.0,0.5,none,True,True
51475,1.0,0.0,0.5,none,True,True
51476,1.0,0.0,0.5,none,True,True
51477,1.0,0.0,0.5,none,True,True
51478,1.0,0.0,0.5,none,True,True
51479,1.0,0.0,0.5,none,True,True
51480,1.0,0.0,0.5,none,True,True
51481,1.0,0.0,0.5,none,True,True
51482,1.0,0.0,0.5,none,True,True
51483,1.0,0.0,0.5,none,True,True
51484,1.0,0.0,0.5,none,True,True
51485,1.0,0.0,0.5,none,True,True
51486,1.0,0.0,0.5,none,True,True
51487,1.0,0.0,0.5,none,True,True
51488,1.0,0.0,0.5,none,True,True
51489,1.0,0.0,0.5,none,True,True
51490,1.0,0.0,0.5,none,True,True
51491,1.0,0.0,0.5,none,True,True
51492,1.0,0.0,0.5,none,True,True
51493,1.0,0.0,0.5,none,True,True
51494,1.0,0.0,0.5,none,True,True
51495,1.0,0.0,0.5,none,True,True
51496,1.0,0.0,0.5,none,True,True
51497,1.0,0.0,0.5,none,True,True
51498,1.0,0.0,0.5,none,True,True
51499,1.0,0.0,0.5,none,True,True
51500,1.0,0.0,0.5,none,True,True
51501,1.0,0.0,0.5,none,True,True
51502,1.0,0.0,0.5,none,True,True
51503,1.0,0.0,0.5,none,True,True
51504,1.0,0.0,0.5,none,True,True
51505,1.0,0.0,0.5,none,True,True
51506,1.0,0.0,0.5,none,True,True
51507,1.0,0.0,0.5,none,True,True
51508,1.0,0.0,0.5,none,True,True
51509,1.0,0.0,0.5,none,True,True
51510,1.0,0.0,0.5,none,True,True
51511,1.0,0.0,0.5,none,True,True
51512,1.0,0.0,0.5,none,True,True
51513,1.0,0.0,0.5,none,True,True
51514,1.0,0.0,0.5,none,True,True
51515,1.0,0.0,0.5,none,True,True
51516,1.0,0.0,0.5,none,True,True
51517,1.0,0.0,0.5,none,True,True
51518,1.0,0.0,0.5,none,True,True
51519,1.0,0.0,0.5,none,True,True
51520,1.0,0.0,0.5,none,True,True
51521,1.0,0.0,0.5,none,True,True
51522,1.0,0.0,0.5,none,True,True
51523,1.0,0.0,0.5,none,True,True
51524,1.0,0.0,0.5,none,True,True
51525,1.0,0.0,0.5,none,True,True
51526,1.0,0.0,0.5,none,True,True
51527,1.0,0.0,0.5,none,True,True
51528,1.0,0.0,0.5,none,True,True
51529,1.0,0.0,0.5,none,True,True
51530,1.0,0.0,0.5,none,True,True
51531,1.0,0.0,0.5,none,True,True
51532,1.0,0.0,0.5,none,True,True
51533,1.0,0.0,0.5,none,True,True
51534,1.0,0.0,0.5,none,True,True
51535,1.0,0.0,0.5,none,True,True
51536,1.0,0.0,0.5,none,True,True
51537,1.0,0.0,0.5,none,True,True
51538,1.0,0.0,0.5,none,True,True
51539,1.0,0.0,0.5,none,True,True
51540,1.0,0.0,0.5,none,True,True
51541,1.0,0.0,0.5,none,True,True
51542,1.0,0.0,0.5,none,True,True
51543,1.0,0.0,0.5,none,True,True
51544,1.0,0.0,0.5,none,True,True
51545,1.0,0.0,0.5,none,True,True
51546,1.0,0.0,0.5,none,True,True
51547,1.0,0.0,0.5,none,True,True
51548,1.0,0.0,0.5,none,True,True
51549,1.0,0.0,0.5,none,True,True
51550,1.0,0.0,0.5,none,True,True
51551,1.0,0.0,0.5,none,True,True
51552,1.0,0.0,0.5,none,True,True
51553,1.0,0.0,0.5,none,True,True
51554,1.0,0.0,0.5,none,True,True
51555,1.0,0.0,0.5,none,True,True
51556,1.0,0.0,0.5,none,True,True
51557,1.0,0.0,0.5,none,True,True
51558,1.0,0.0,0.5,none,True,True
51559,1.0,0.0,0.5,none,True,True
51560,1.0,0.0,0.5,none,True,True
51561,1.0,0.0,0.5,none,True,True
51562,1.0,0.0,0.5,none,True,True
51563,1.0,0.0,0.5,none,True,True
51564,1.0,0.0,0.5,none,True,True
51565,1.0,0.0,0.5,none,True,True
51566,1.0,0.0,0.5,none,True,True
51567,1.0,0.0,0.5,none,True,True
51568,1.0,0.0,0.5,none,True,True
51569,1.0,0.0,0.5,none,True,True
51570,1.0,0.0,0.5,none,True,True
51571,1.0,0.0,0.5,none,True,True
51572,1.0,0.0,0.5,none,True,True
51573,1.0,0.0,0.5,none,True,True
51574,1.0,0.0,0.5,none,True,True
51575,1.0,0.0,0.5,none,True,True
51576,1.0,0.0,0.5,none,True,True
51577,1.0,0.0,0.5,none,True,True
51578,1.0,0.0,0.5,none,True,True
51579,1.0,0.0,0.5,none,True,True
51580,1.0,0.0,0.5,none,True,True
51581,1.0,0.0,0.5,none,True,True
51582,1.0,0.0,0.5,none,True,True
51583,1.0,0.0,0.5,none,True,True
51584,1.0,0.0,0.5,none,True,True
51585,1.0,0.0,0.5,none,True,True
51586,1.0,0.0,0.5,none,True,True
51587,1.0,0.0,0.5,none,True,True
51588,1.0,0.0,0.5,none,True,True
51589,1.0,0.0,0.5,none,True,True
51590,1.0,0.0,0.5,none,True,True
51591,1.0,0.0,0.5,none,True,True
51592,1.0,0.0,0.5,none,True,True
51593,1.0,0.0,0.5,none,True,True
51594,1.0,0.0,0.5,none,True,True
51595,1.0,0.0,0.5,none,True,True
51596,1.0,0.0,0.5,none,True,True
51597,1.0,0.0,0.5,none,True,True
51598,1.0,0.0,0.5,none,True,True
51599,1.0,0.0,0.5,none,True,True
51600,1.0,0.0,0.5,none,True,True
51601,1.0,0.0,0.5,none,True,True
51602,1.0,0.0,0.5,none,True,True
51603,1.0,0.0,0.5,none,True,True
51604,1.0,0.0,0.5,none,True,True
51605,1.0,0.0,0.5,none,True,True
51606,1.0,0.0,0.5,none,True,True
51607,1.0,0.0,0.5,none,True,True
51608,1.0,0.0,0.5,none,True,True
51609,1.0,0.0,0.5,none,True,True
51610,1.0,0.0,0.5,none,True,True
51611,1.0,0.0,0.5,none,True,True
51612,1.0,0.0,0.5,none,True,True
51613,1.0,0.0,0.5,none,True,True
51614,1.0,0.0,0.5,none,True,True
51615,1.0,0.0,0.5,none,True,True
51616,1.0,0.0,0.5,none,True,True
51617,1.0,0.0,0.5,none,True,True
51618,1.0,0.0,0.5,none,True,True
51619,1.0,0.0,0.5,none,True,True
51620,1.0,0.0,0.5,none,True,True
51621,1.0,0.0,0.5,none,True,True
51622,1.0,0.0,0.5,none,True,True
51623,1.0,0.0,0.5,none,True,True
51624,1.0,0.0,0.5,none,True,True
51625,1.0,0.0,0.5,none,True,True
51626,1.0,0.0,0.5,none,True,True
51627,1.0,0.0,0.5,none,True,True
51628,1.0,0.0,0.5,none,True,True
51629,1.0,0.0,0.5,none,True,True
51630,1.0,0.0,0.5,none,True,True
51631,1.0,0.0,0.5,none,True,True
51632,1.0,0.0,0.5,none,True,True
51633,1.0,0.0,0.5,none,True,True
51634,1.0,0.0,0.5,none,True,True
51635,1.0,0.0,0.5,none,True,True
51636,1.0,0.0,0.5,none,True,True
51637,1.0,0.0,0.5,none,True,True
51638,1.0,0.0,0.5,none,True,True
51639,1.0,0.0,0.5,none,True,True
51640,1.0,0.0,0.5,none,True,True
51641,1.0,0.0,0.5,none,True,True
51642,1.0,0.0,0.5,none,True,True
51643,1.0,0.0,0.5,none,True,True
51644,1.0,0.0,0.5,none,True,True
51645,1.0,0.0,0.5,none,True,True
51646,1.0,0.0,0.5,none,True,True
51647,1.0,0.0,0.5,none,True,True
51648,1.0,0.0,0.5,none,True,True
51649,1.0,0.0,0.5,none,True,True
51650,1.0,0.0,0.5,none,True,True
51651,1.0,0.0,0.5,none,True,True
51652,1.0,0.0,0.5,none,True,True
51653,1.0,0.0,0.5,none,True,True
51654,1.0,0.0,0.5,none,True,True
51655,1.0,0.0,0.5,none,True,True
51656,1.0,0.0,0.5,none,True,True
51657,1.0,0.0,0.5,none,True,True
51658,1.0,0.0,0.5,none,True,True
51659,1.0,0.0,0.5,none,True,True
51660,1.0,0.0,0.5,none,True,True
51661,1.0,0.0,0.5,none,True,True
51662,1.0,0.0,0.5,none,True,True
51663,1.0,0.0,0.5,none,True,True
51664,1.0,0.0,0.5,none,True,True
51665,1.0,0.0,0.5,none,True,True
51666,1.0,0.0,0.5,none,True,True
51667,1.0,0.0,0.5,none,True,True
51668,1.0,0.0,0.5,none,True,True
51669,1.0,0.0,0.5,none,True,True
51670,1.0,0.0,0.5,none,True,True
51671,1.0,0.0,0.5,none,True,True
51672,1.0,0.0,0.5,none,True,True
51673,1.0,0.0,0.5,none,True,True
51674,1.0,0.0,0.5,none,True,True
51675,1.0,0.0,0.5,none,True,True
51676,1.0,0.0,0.5,none,True,True
51677,1.0,0.0,0.5,none,True,True
51678,1.0,0.0,0.5,none,True,True
51679,1.0,0.0,0.5,none,True,True
51680,1.0,0.0,0.5,none,True,True
51681,1.0,0.0,0.5,none,True,True
51682,1.0,0.0,0.5,none,True,True
51683,1.0,0.0,0.5,none,True,True
51684,1.0,0.0,0.5,none,True,True
51685,1.0,0.0,0.5,none,True,True
51686,1.0,0.0,0.5,none,True,True
51687,1.0,0.0,0.5,none,True,True
51688,1.0,0.0,0.5,none,True,True
51689,1.0,0.0,0.5,none,True,True
51690,1.0,0.0,0.5,none,True,True
51691,1.0,0.0,0.5,none,True,True
51692,1.0,0.0,0.5,none,True,True
51693,1.0,0.0,0.5,none,True,True
51694,1.0,0.0,0.5,none,True,True
51695,1.0,0.0,0.5,none,True,True
51696,1.0,0.0,0.5,none,True,True
51697,1.0,0.0,0.5,none,True,True
51698,1.0,0.0,0.5,none,True,True
51699,1.0,0.0,0.5,none,True,True
51700,1.0,0.0,0.5,none,True,True
51701,1.0,0.0,0.5,none,True,True
51702,1.0,0.0,0.5,none,True,True
51703,1.0,0.0,0.5,none,True,True
51704,1.0,0.0,0.5,none,True,True
51705,1.0,0.0,0.5,none,True,True
51706,1.0,0.0,0.5,none,True,True
51707,1.0,0.0,0.5,none,True,True
51708,1.0,0.0,0.5,none,True,True
51709,1.0,0.0,0.5,none,True,True
51710,1.0,0.0,0.5,none,True,True
51711,1.0,0.0,0.5,none,True,True
51712,1.0,0.0,0.5,none,True,True
51713,1.0,0.0,0.5,none,True,True
51714,1.0,0.0,0.5,none,True,True
51715,1.0,0.0,0.5,none,True,True
51716,1.0,0.0,0.5,none,True,True
51717,1.0,0.0,0.5,none,True,True
51718,1.0,0.0,0.5,none,True,True
51719,1.0,0.0,0.5,none,True,True
51720,1.0,0.0,0.5,none,True,True
51721,1.0,0.0,0.5,none,True,True
51722,1.0,0.0,0.5,none,True,True
51723,1.0,0.0,0.5,none,True,True
51724,1.0,0.0,0.5,none,True,True
51725,1.0,0.0,0.5,none,True,True
51726,1.0,0.0,0.5,none,True,True
51727,1.0,0.0,0.5,none,True,True
51728,1.0,0.0,0.5,none,True,True
51729,1.0,0.0,0.5,none,True,True
51730,1.0,0.0,0.5,none,True,True
51731,1.0,0.0,0.5,none,True,True
51732,1.0,0.0,0.5,none,True,True
51733,1.0,0.0,0.5,none,True,True
51734,1.0,0.0,0.5,none,True,True
51735,1.0,0.0,0.5,none,True,True
51736,1.0,0.0,0.5,none,True,True
51737,1.0,0.0,0.5,none,True,True
51738,1.0,0.0,0.5,none,True,True
51739,1.0,0.0,0.5,none,True,True
51740,1.0,0.0,0.5,none,True,True
51741,1.0,0.0,0.5,none,True,True
51742,1.0,0.0,0.5,none,True,True
51743,1.0,0.0,0.5,none,True,True
51744,1.0,0.0,0.5,none,True,True
51745,1.0,0.0,0.5,none,True,True
51746,1.0,0.0,0.5,none,True,True
51747,1.0,0.0,0.5,none,True,True
51748,1.0,0.0,0.5,none,True,True
51749,1.0,0.0,0.5,none,True,True
51750,1.0,0.0,0.5,none,True,True
51751,1.0,0.0,0.5,none,True,True
51752,1.0,0.0,0.5,none,True,True
51753,1.0,0.0,0.5,none,True,True
51754,1.0,0.0,0.5,none,True,True
51755,1.0,0.0,0.5,none,True,True
51756,1.0,0.0,0.5,none,True,True
51757,1.0,0.0,0.5,none,True,True
51758,1.0,0.0,0.5,none,True,True
51759,1.0,0.0,0.5,none,True,True
51760,1.0,0.0,0.5,none,True,True
51761,1.0,0.0,0.5,none,True,True
51762,1.0,0.0,0.5,none,True,True
51763,1.0,0.0,0.5,none,True,True
51764,1.0,0.0,0.5,none,True,True
51765,1.0,0.0,0.5,none,True,True
51766,1.0,0.0,0.5,none,True,True
51767,1.0,0.0,0.5,none,True,True
51768,1.0,0.0,0.5,none,True,True
51769,1.0,0.0,0.5,none,True,True
51770,1.0,0.0,0.5,none,True,True
51771,1.0,0.0,0.5,none,True,True
51772,1.0,0.0,0.5,none,True,True
51773,1.0,0.0,0.5,none,True,True
51774,1.0,0.0,0.5,none,True,True
51775,1.0,0.0,0.5,none,True,True
51776,1.0,0.0,0.5,none,True,True
51777,1.0,0.0,0.5,none,True,True
51778,1.0,0.0,0.5,none,True,True
51779,1.0,0.0,0.5,none,True,True
51780,1.0,0.0,0.5,none,True,True
51781,1.0,0.0,0.5,none,True,True
51782,1.0,0.0,0.5,none,True,True
51783,1.0,0.0,0.5,none,True,True
51784,1.0,0.0,0.5,none,True,True
51785,1.0,0.0,0.5,none,True,True
51786,1.0,0.0,0.5,none,True,True
51787,1.0,0.0,0.5,none,True,True
51788,1.0,0.0,0.5,none,True,True
51789,1.0,0.0,0.5,none,True,True
51790,1.0,0.0,0.5,none,True,True
51791,1.0,0.0,0.5,none,True,True
51792,1.0,0.0,0.5,none,True,True
51793,1.0,0.0,0.5,none,True,True
51794,1.0,0.0,0.5,none,True,True
51795,1.0,0.0,0.5,none,True,True
51796,1.0,0.0,0.5,none,True,True
51797,1.0,0.0,0.5,none,True,True
51798,1.0,0.0,0.5,none,True,True
51799,1.0,0.0,0.5,none,True,True
51800,1.0,0.0061,0.5,none,True,True
51801,1.0,0.0357,0.5,none,True,True
51802,1.0,0.0812,0.5,none,True,True
51803,1.0,0.1113,0.5,none,True,True
51804,1.0,0.1253,0.5,none,True,True
51805,1.0,0.1408,0.5,none,True,True
51806,1.0,0.0907,0.5,none,True,True
51807,1.0,0.1198,0.5,none,True,True
51808,1.0,0.0467,0.5,none,True,True
51809,1.0,0.0522,0.5,none,True,True
51810,1.0,0.0405,0.5,none,True,True
51811,1.0,0.0313,0.5,none,True,True
51812,1.0,0.0083,0.5,none,True,True
51813,1.0,0.0726,0.5,none,True,True
51814,1.0,0.0793,0.5,none,True,True
51815,1.0,0.0581,0.5,none,True,True
51816,1.0,0.0955,0.5,none,True,True
51817,1.0,0.0839,0.5,none,True,True
51818,1.0,0.0648,0.5,none,True,True
51819,1.0,0.0718,0.5,none,True,True
51820,1.0,0.0589,0.5,none,True,True
51821,1.0,0.0403,0.5,none,True,True
51822,1.0,0.0327,0.5,none,True,True
51823,1.0,0.0277,0.5,none,True,True
51824,1.0,0.017,0.5,none,True,True
51825,1.0,0.0102,0.5,none,True,True
51826,1.0,0.0099,0.5,none,True,True
51827,1.0,0.008,0.5,none,True,True
51828,1.0,0.005,0.5,none,True,True
51829,1.0,0.0063,0.5,none,True,True
51830,1.0,0.009,0.5,none,True,True
51831,1.0,0.0096,0.5,none,True,True
51832,1.0,0.0108,0.5,none,True,True
51833,1.0,0.014,0.5,none,True,True
51834,1.0,0.0161,0.5,none,True,True
51835,1.0,0.0167,0.5,none,True,True
51836,1.0,0.0182,0.5,none,True,True
51837,1.0,0.0196,0.5,none,True,True
51838,1.0,0.0197,0.5,none,True,True
51839,1.0,0.0193,0.5,none,True,True
51840,1.0,0.0193,0.5,none,True,True
51841,1.0,0.0187,0.5,none,True,True
51842,1.0,0.0174,0.5,none,True,True
51843,1.0,0.0163,0.5,none,True,True
51844,1.0,0.0152,0.5,none,True,True
51845,1.0,0.0138,0.5,none,True,True
51846,1.0,0.0123,0.5,none,True,True
51847,1.0,0.0111,0.5,none,True,True
51848,1.0,0.01,0.5,none,True,True
51849,1.0,0.0088,0.5,none,True,True
51850,1.0,0.0078,0.5,none,True,True
51851,1.0,0.0071,0.5,none,True,True
51852,1.0,0.0064,0.5,none,True,True
51853,1.0,0.0057,0.5,none,True,True
51854,1.0,0.0053,0.5,none,True,True
51855,1.0,0.005,0.5,none,True,True
51856,1.0,0.0047,0.5,none,True,True
51857,1.0,0.0045,0.5,none,True,True
51858,1.0,0.0044,0.5,none,True,True
51859,1.0,0.0043,0.5,none,True,True
51860,1.0,0.0042,0.5,none,True,True
51861,1.0,0.0041,0.5,none,True,True
51862,1.0,0.004,0.5,none,True,True
51863,1.0,0.0039,0.5,none,True,True
51864,1.0,0.0038,0.5,none,True,True
51865,1.0,0.0037,0.5,none,True,True
51866,1.0,0.0035,0.5,none,True,True
51867,1.0,0.0033,0.5,none,True,True
51868,1.0,0.0032,0.5,none,True,True
51869,1.0,0.003,0.5,none,True,True
51870,1.0,0.0028,0.5,none,True,True
51871,1.0,0.0026,0.5,none,True,True
51872,1.0,0.0024,0.5,none,True,True
51873,1.0,0.0023,0.5,none,True,True
51874,1.0,0.0021,0.5,none,True,True
51875,1.0,0.0019,0.5,none,True,True
51876,1.0,0.0018,0.5,none,True,True
51877,1.0,0.0017,0.5,none,True,True
51878,1.0,0.0015,0.5,none,True,True
51879,1.0,0.0014,0.5,none,True,True
51880,1.0,0.0013,0.5,none,True,True
51881,1.0,0.0013,0.5,none,True,True
51882,1.0,0.0012,0.5,none,True,True
51883,1.0,0.0011,0.5,none,True,True
51884,1.0,0.0011,0.5,none,True,True
51885,1.0,0.001,0.5,none,True,True
51886,1.0,0.001,0.5,none,True,True
51887,1.0,0.0009,0.5,none,True,True
51888,1.0,0.0009,0.5,none,True,True
51889,1.0,0.0008,0.5,none,True,True
51890,1.0,0.0008,0.5,none,True,True
51891,1.0,0.0008,0.5,none,True,True
51892,1.0,0.0007,0.5,none,True,True
51893,1.0,0.0007,0.5,none,True,True
51894,1.0,0.0006,0.5,none,True,True
51895,1.0,0.0006,0.5,none,True,True
51896,1.0,0.0006,0.5,none,True,True
51897,1.0,0.0005,0.5,none,True,True
51898,1.0,0.0005,0.5,none,True,True
51899,1.0,0.0005,0.5,none,True,True
51900,1.0,0.0004,0.5,none,True,True
51901,1.0,0.0004,0.5,none,True,True
51902,1.0,0.0004,0.5,none,True,True
51903,1.0,0.0004,0.5,none,True,True
51904,1.0,0.0003,0.5,none,True,True
51905,1.0,0.0003,0.5,none,True,True
51906,1.0,0.0003,0.5,none,True,True
51907,1.0,0.0003,0.5,none,True,True
51908,1.0,0.0003,0.5,none,True,True
51909,1.0,0.0003,0.5,none,True,True
51910,1.0,0.0002,0.5,none,True,True
51911,1.0,0.0002,0.5,none,True,True
51912,1.0,0.0002,0.5,none,True,True
51913,1.0,0.0002,0.5,none,True,True
51914,1.0,0.0002,0.5,none,True,True
51915,1.0,0.0002,0.5,none,True,True
51916,1.0,0.0002,0.5,none,True,True
51917,1.0,0.0002,0.5,none,True,True
51918,1.0,0.0002,0.5,none,True,True
51919,1.0,0.0001,0.5,none,True,True
51920,1.0,0.0001,0.5,none,True,True
51921,1.0,0.0001,0.5,none,True,True
51922,1.0,0.0001,0.5,none,True,True
51923,1.0,0.0001,0.5,none,True,True
51924,1.0,0.0001,0.5,none,True,True
51925,1.0,0.0001,0.5,none,True,True
51926,1.0,0.0001,0.5,none,True,True
51927,1.0,0.0001,0.5,none,True,True
51928,1.0,0.0001,0.5,none,True,True
51929,1.0,0.0001,0.5,none,True,True
51930,1.0,0.0001,0.5,none,True,True
51931,1.0,0.0001,0.5,none,True,True
51932,1.0,0.0001,0.5,none,True,True
51933,1.0,0.0001,0.5,none,True,True
51934,1.0,0.0001,0.5,none,True,True
51935,1.0,0.0001,0.5,none,True,True
51936,1.0,0.0001,0.5,none,True,True
51937,1.0,0.0,0.5,none,True,True
51938,1.0,0.0,0.5,none,True,True
51939,1.0,0.0,0.5,none,True,True
51940,1.0,0.0,0.5,none,True,True
51941,1.0,0.0,0.5,none,True,True
51942,1.0,0.0,0.5,none,True,True
51943,1.0,0.0,0.5,none,True,True
51944,1.0,0.0,0.5,none,True,True
51945,1.0,0.0,0.5,none,True,True
51946,1.0,0.0,0.5,none,True,True
51947,1.0,0.0,0.5,none,True,True
51948,1.0,0.0,0.5,none,True,True
51949,1.0,0.0,0.5,none,True,True
51950,1.0,0.0,0.5,none,True,True
51951,1.0,0.0,0.5,none,True,True
51952,1.0,0.0,0.5,none,True,True
51953,1.0,0.0,0.5,none,True,True
51954,1.0,0.0,0.5,none,True,True
51955,1.0,0.0,0.5,none,True,True
51956,1.0,0.0,0.5,none,True,True
51957,1.0,0.0,0.5,none,True,True
51958,1.0,0.0,0.5,none,True,True
51959,1.0,0.0,0.5,none,True,True
51960,1.0,0.0,0.5,none,True,True
51961,1.0,0.0,0.5,none,True,True
51962,1.0,0.0,0.5,none,True,True
51963,1.0,0.0,0.5,none,True,True
51964,1.0,0.0,0.5,none,True,True
51965,1.0,0.0,0.5,none,True,True
51966,1.0,0.0,0.5,none,True,True
51967,1.0,0.0,0.5,none,True,True
51968,1.0,0.0,0.5,none,True,True
51969,1.0,0.0,0.5,none,True,True
51970,1.0,0.0,0.5,none,True,True
51971,1.0,0.0,0.5,none,True,True
51972,1.0,0.0,0.5,none,True,True
51973,1.0,0.0,0.5,none,True,True
51974,1.0,0.0,0.5,none,True,True
51975,1.0,0.0,0.5,none,True,True
51976,1.0,0.0,0.5,none,True,True
51977,1.0,0.0,0.5,none,True,True
51978,1.0,0.0,0.5,none,True,True
51979,1.0,0.0,0.5,none,True,True
51980,1.0,0.0,0.5,none,True,True
51981,1.0,0.0,0.5,none,True,True
51982,1.0,0.0,0.5,none,True,True
51983,1.0,0.0,0.5,none,True,True
51984,1.0,0.0,0.5,none,True,True
51985,1.0,0.0,0.5,none,True,True
51986,1.0,0.0,0.5,none,True,True
51987,1.0,0.0,0.5,none,True,True
51988,1.0,0.0,0.5,none,True,True
51989,1.0,0.0,0.5,none,True,True
51990,1.0,0.0,0.5,none,True,True
51991,1.0,0.0,0.5,none,True,True
51992,1.0,0.0,0.5,none,True,True
51993,1.0,0.0,0.5,none,True,True
51994,1.0,0.0,0.5,none,True,True
51995,1.0,0.0,0.5,none,True,True
51996,1.0,0.0,0.5,none,True,True
51997,1.0,0.0,0.5,none,True,True
51998,1.0,0.0,0.5,none,True,True
51999,1.0,0.0,0.5,none,True,True
52000,1.0,0.0,0.5,none,True,True
52001,1.0,0.0,0.5,none,True,True
52002,1.0,0.0,0.5,none,True,True
52003,1.0,0.0,0.5,none,True,True
52004,1.0,0.0,0.5,none,True,True
52005,1.0,0.0,0.5,none,True,True
52006,1.0,0.0,0.5,none,True,True
52007,1.0,0.0,0.5,none,True,True
52008,1.0,0.0,0.5,none,True,True
52009,1.0,0.0,0.5,none,True,True
52010,1.0,0.0,0.5,none,True,True
52011,1.0,0.0,0.5,none,True,True
52012,1.0,0.0,0.5,none,True,True
52013,1.0,0.0,0.5,none,True,True
52014,1.0,0.0,0.5,none,True,True
52015,1.0,0.0,0.5,none,True,True
52016,1.0,0.0,0.5,none,True,True
52017,1.0,0.0,0.5,none,True,True
52018,1.0,0.0,0.5,none,True,True
52019,1.0,0.0,0.5,none,True,True
52020,1.0,0.0,0.5,none,True,True
52021,1.0,0.0,0.5,none,True,True
52022,1.0,0.0,0.5,none,True,True
52023,1.0,0.0,0.5,none,True,True
52024,1.0,0.0,0.5,none,True,True
52025,1.0,0.0,0.5,none,True,True
52026,1.0,0.0,0.5,none,True,True
52027,1.0,0.0,0.5,none,True,True
52028,1.0,0.0,0.5,none,True,True
52029,1.0,0.0,0.5,none,True,True
52030,1.0,0.0,0.5,none,True,True
52031,1.0,0.0,0.5,none,True,True
52032,1.0,0.0,0.5,none,True,True
52033,1.0,0.0,0.5,none,True,True
52034,1.0,0.0,0.5,none,True,True
52035,1.0,0.0,0.5,none,True,True
52036,1.0,0.0,0.5,none,True,True
52037,1.0,0.0,0.5,none,True,True
52038,1.0,0.0,0.5,none,True,True
52039,1.0,0.0,0.5,none,True,True
52040,1.0,0.0,0.5,none,True,True
52041,1.0,0.0,0.5,none,True,True
52042,1.0,0.0,0.5,none,True,True
52043,1.0,0.0,0.5,none,True,True
52044,1.0,0.0,0.5,none,True,True
52045,1.0,0.0,0.5,none,True,True
52046,1.0,0.0,0.5,none,True,True
52047,1.0,0.0,0.5,none,True,True
52048,1.0,0.0,0.5,none,True,True
52049,1.0,0.0,0.5,none,True,True
52050,1.0,0.0,0.5,none,True,True
52051,1.0,0.0,0.5,none,True,True
52052,1.0,0.0,0.5,none,True,True
52053,1.0,0.0,0.5,none,True,True
52054,1.0,0.0,0.5,none,True,True
52055,1.0,0.0,0.5,none,True,True
52056,1.0,0.0,0.5,none,True,True
52057,1.0,0.0,0.5,none,True,True
52058,1.0,0.0,0.5,none,True,True
52059,1.0,0.0,0.5,none,True,True
52060,1.0,0.0,0.5,none,True,True
52061,1.0,0.0,0.5,none,True,True
52062,1.0,0.0,0.5,none,True,True
52063,1.0,0.0,0.5,none,True,True
52064,1.0,0.0,0.5,none,True,True
52065,1.0,0.0,0.5,none,True,True
52066,1.0,0.0,0.5,none,True,True
52067,1.0,0.0,0.5,none,True,True
52068,1.0,0.0,0.5,none,True,True
52069,1.0,0.0,0.5,none,True,True
52070,1.0,0.0,0.5,none,True,True
52071,1.0,0.0,0.5,none,True,True
52072,1.0,0.0,0.5,none,True,True
52073,1.0,0.0,0.5,none,True,True
52074,1.0,0.0,0.5,none,True,True
52075,1.0,0.0,0.5,none,True,True
52076,1.0,0.0,0.5,none,True,True
52077,1.0,0.0,0.5,none,True,True
52078,1.0,0.0,0.5,none,True,True
52079,1.0,0.0,0.5,none,True,True
52080,1.0,0.0,0.5,none,True,True
52081,1.0,0.0,0.5,none,True,True
52082,1.0,0.0,0.5,none,True,True
52083,1.0,0.0,0.5,none,True,True
52084,1.0,0.0,0.5,none,True,True
52085,1.0,0.0,0.5,none,True,True
52086,1.0,0.0,0.5,none,True,True
52087,1.0,0.0,0.5,none,True,True
52088,1.0,0.0,0.5,none,True,True
52089,1.0,0.0,0.5,none,True,True
52090,1.0,0.0,0.5,none,True,True
52091,1.0,0.0,0.5,none,True,True
52092,1.0,0.0,0.5,none,True,True
52093,1.0,0.0,0.5,none,True,True
52094,1.0,0.0,0.5,none,True,True
52095,1.0,0.0,0.5,none,True,True
52096,1.0,0.0,0.5,none,True,True
52097,1.0,0.0,0.5,none,True,True
52098,1.0,0.0,0.5,none,True,True
52099,1.0,0.0,0.5,none,True,True
52100,1.0,0.0,0.5,none,True,True
52101,1.0,0.0,0.5,none,True,True
52102,1.0,0.0,0.5,none,True,True
52103,1.0,0.0,0.5,none,True,True
52104,1.0,0.0,0.5,none,True,True
52105,1.0,0.0,0.5,none,True,True
52106,1.0,0.0,0.5,none,True,True
52107,1.0,0.0,0.5,none,True,True
52108,1.0,0.0,0.5,none,True,True
52109,1.0,0.0,0.5,none,True,True
52110,1.0,0.0,0.5,none,True,True
52111,1.0,0.0,0.5,none,True,True
52112,1.0,0.0,0.5,none,True,True
52113,1.0,0.0,0.5,none,True,True
52114,1.0,0.0,0.5,none,True,True
52115,1.0,0.0,0.5,none,True,True
52116,1.0,0.0,0.5,none,True,True
52117,1.0,0.0,0.5,none,True,True
52118,1.0,0.0,0.5,none,True,True
52119,1.0,0.0,0.5,none,True,True
52120,1.0,0.0,0.5,none,True,True
52121,1.0,0.0,0.5,none,True,True
52122,1.0,0.0,0.5,none,True,True
52123,1.0,0.0,0.5,none,True,True
52124,1.0,0.0,0.5,none,True,True
52125,1.0,0.0,0.5,none,True,True
52126,1.0,0.0,0.5,none,True,True
52127,1.0,0.0,0.5,none,True,True
52128,1.0,0.0,0.5,none,True,True
52129,1.0,0.0,0.5,none,True,True
52130,1.0,0.0,0.5,none,True,True
52131,1.0,0.0,0.5,none,True,True
52132,1.0,0.0,0.5,none,True,True
52133,1.0,0.0,0.5,none,True,True
52134,1.0,0.0,0.5,none,True,True
52135,1.0,0.0,0.5,none,True,True
52136,1.0,0.0,0.5,none,True,True
52137,1.0,0.0,0.5,none,True,True
52138,1.0,0.0,0.5,none,True,True
52139,1.0,0.0,0.5,none,True,True
52140,1.0,0.0,0.5,none,True,True
52141,1.0,0.0,0.5,none,True,True
52142,1.0,0.0,0.5,none,True,True
52143,1.0,0.0,0.5,none,True,True
52144,1.0,0.0,0.5,none,True,True
52145,1.0,0.0,0.5,none,True,True
52146,1.0,0.0,0.5,none,True,True
52147,1.0,0.0,0.5,none,True,True
52148,1.0,0.0,0.5,none,True,True
52149,1.0,0.0,0.5,none,True,True
52150,1.0,0.0,0.5,none,True,True
52151,1.0,0.0,0.5,none,True,True
52152,1.0,0.0,0.5,none,True,True
52153,1.0,0.0,0.5,none,True,True
52154,1.0,0.0,0.5,none,True,True
52155,1.0,0.0,0.5,none,True,True
52156,1.0,0.0,0.5,none,True,True
52157,1.0,0.0,0.5,none,True,True
52158,1.0,0.0,0.5,none,True,True
52159,1.0,0.0,0.5,none,True,True
52160,1.0,0.0,0.5,none,True,True
52161,1.0,0.0,0.5,none,True,True
52162,1.0,0.0,0.5,none,True,True
52163,1.0,0.0,0.5,none,True,True
52164,1.0,0.0,0.5,none,True,True
52165,1.0,0.0,0.5,none,True,True
52166,1.0,0.0,0.5,none,True,True
52167,1.0,0.0,0.5,none,True,True
52168,1.0,0.0,0.5,none,True,True
52169,1.0,0.0,0.5,none,True,True
52170,1.0,0.0,0.5,none,True,True
52171,1.0,0.0,0.5,none,True,True
52172,1.0,0.0,0.5,none,True,True
52173,1.0,0.0,0.5,none,True,True
52174,1.0,0.0,0.5,none,True,True
52175,1.0,0.0,0.5,none,True,True
52176,1.0,0.0,0.5,none,True,True
52177,1.0,0.0,0.5,none,True,True
52178,1.0,0.0,0.5,none,True,True
52179,1.0,0.0,0.5,none,True,True
52180,1.0,0.0,0.5,none,True,True
52181,1.0,0.0,0.5,none,True,True
52182,1.0,0.0,0.5,none,True,True
52183,1.0,0.0,0.5,none,True,True
52184,1.0,0.0,0.5,none,True,True
52185,1.0,0.0,0.5,none,True,True
52186,1.0,0.0,0.5,none,True,True
52187,1.0,0.0,0.5,none,True,True
52188,1.0,0.0,0.5,none,True,True
52189,1.0,0.0,0.5,none,True,True
52190,1.0,0.0,0.5,none,True,True
52191,1.0,0.0,0.5,none,True,True
52192,1.0,0.0,0.5,none,True,True
52193,1.0,0.0,0.5,none,True,True
52194,1.0,0.0,0.5,none,True,True
52195,1.0,0.0,0.5,none,True,True
52196,1.0,0.0,0.5,none,True,True
52197,1.0,0.0,0.5,none,True,True
52198,1.0,0.0,0.5,none,True,True
52199,1.0,0.0,0.5,none,True,True
52200,1.0,0.0,0.5,none,True,True
52201,1.0,0.0,0.5,none,True,True
52202,1.0,0.0,0.5,none,True,True
52203,1.0,0.0,0.5,none,True,True
52204,1.0,0.0,0.5,none,True,True
52205,1.0,0.0,0.5,none,True,True
52206,1.0,0.0,0.5,none,True,True
52207,1.0,0.0,0.5,none,True,True
52208,1.0,0.0,0.5,none,True,True
52209,1.0,0.0,0.5,none,True,True
52210,1.0,0.0,0.5,none,True,True
52211,1.0,0.0,0.5,none,True,True
52212,1.0,0.0,0.5,none,True,True
52213,1.0,0.0,0.5,none,True,True
52214,1.0,0.0,0.5,none,True,True
52215,1.0,0.0,0.5,none,True,True
52216,1.0,0.0,0.5,none,True,True
52217,1.0,0.0,0.5,none,True,True
52218,1.0,0.0,0.5,none,True,True
52219,1.0,0.0,0.5,none,True,True
52220,1.0,0.0,0.5,none,True,True
52221,1.0,0.0,0.5,none,True,True
52222,1.0,0.0,0.5,none,True,True
52223,1.0,0.0,0.5,none,True,True
52224,1.0,0.0,0.5,none,True,True
52225,1.0,0.0,0.5,none,True,True
52226,1.0,0.0,0.5,none,True,True
52227,1.0,0.0,0.5,none,True,True
52228,1.0,0.0,0.5,none,True,True
52229,1.0,0.0,0.5,none,True,True
52230,1.0,0.0,0.5,none,True,True
52231,1.0,0.0,0.5,none,True,True
52232,1.0,0.0,0.5,none,True,True
52233,1.0,0.0,0.5,none,True,True
52234,1.0,0.0,0.5,none,True,True
52235,1.0,0.0,0.5,none,True,True
52236,1.0,0.0,0.5,none,True,True
52237,1.0,0.0,0.5,none,True,True
52238,1.0,0.0,0.5,none,True,True
52239,1.0,0.0,0.5,none,True,True
52240,1.0,0.0,0.5,none,True,True
52241,1.0,0.0,0.5,none,True,True
52242,1.0,0.0,0.5,none,True,True
52243,1.0,0.0,0.5,none,True,True
52244,1.0,0.0,0.5,none,True,True
52245,1.0,0.0,0.5,none,True,True
52246,1.0,0.0,0.5,none,True,True
52247,1.0,0.0,0.5,none,True,True
52248,1.0,0.0,0.5,none,True,True
52249,1.0,0.0,0.5,none,True,True
52250,1.0,0.0,0.5,none,True,True
52251,1.0,0.0,0.5,none,True,True
52252,1.0,0.0,0.5,none,True,True
52253,1.0,0.0,0.5,none,True,True
52254,1.0,0.0,0.5,none,True,True
52255,1.0,0.0,0.5,none,True,True
52256,1.0,0.0,0.5,none,True,True
52257,1.0,0.0,0.5,none,True,True
52258,1.0,0.0,0.5,none,True,True
52259,1.0,0.0,0.5,none,True,True
52260,1.0,0.0,0.5,none,True,True
52261,1.0,0.0,0.5,none,True,True
52262,1.0,0.0,0.5,none,True,True
52263,1.0,0.0,0.5,none,True,True
52264,1.0,0.0,0.5,none,True,True
52265,1.0,0.0,0.5,none,True,True
52266,1.0,0.0,0.5,none,True,True
52267,1.0,0.0,0.5,none,True,True
52268,1.0,0.0,0.5,none,True,True
52269,1.0,0.0,0.5,none,True,True
52270,1.0,0.0,0.5,none,True,True
52271,1.0,0.0,0.5,none,True,True
52272,1.0,0.0,0.5,none,True,True
52273,1.0,0.0,0.5,none,True,True
52274,1.0,0.0,0.5,none,True,True
52275,1.0,0.0,0.5,none,True,True
52276,1.0,0.0,0.5,none,True,True
52277,1.0,0.0,0.5,none,True,True
52278,1.0,0.0,0.5,none,True,True
52279,1.0,0.0,0.5,none,True,True
52280,1.0,0.0,0.5,none,True,True
52281,1.0,0.0,0.5,none,True,True
52282,1.0,0.0,0.5,none,True,True
52283,1.0,0.0,0.5,none,True,True
52284,1.0,0.0,0.5,none,True,True
52285,1.0,0.0,0.5,none,True,True
52286,1.0,0.0,0.5,none,True,True
52287,1.0,0.0,0.5,none,True,True
52288,1.0,0.0,0.5,none,True,True
52289,1.0,0.0,0.5,none,True,True
52290,1.0,0.0,0.5,none,True,True
52291,1.0,0.0,0.5,none,True,True
52292,1.0,0.0,0.5,none,True,True
52293,1.0,0.0,0.5,none,True,True
52294,1.0,0.0,0.5,none,True,True
52295,1.0,0.0,0.5,none,True,True
52296,1.0,0.0,0.5,none,True,True
52297,1.0,0.0,0.5,none,True,True
52298,1.0,0.0,0.5,none,True,True
52299,1.0,0.0,0.5,none,True,True
52300,1.0,0.0,0.5,none,True,True
52301,1.0,0.0,0.5,none,True,True
52302,1.0,0.0,0.5,none,True,True
52303,1.0,0.0,0.5,none,True,True
52304,1.0,0.0,0.5,none,True,True
52305,1.0,0.0,0.5,none,True,True
52306,1.0,0.0,0.5,none,True,True
52307,1.0,0.0,0.5,none,True,True
52308,1.0,0.0,0.5,none,True,True
52309,1.0,0.0,0.5,none,True,True
52310,1.0,0.0,0.5,none,True,True
52311,1.0,0.0,0.5,none,True,True
52312,1.0,0.0,0.5,none,True,True
52313,1.0,0.0,0.5,none,True,True
52314,1.0,0.0,0.5,none,True,True
52315,1.0,0.0,0.5,none,True,True
52316,1.0,0.0,0.5,none,True,True
52317,1.0,0.0,0.5,none,True,True
52318,1.0,0.0,0.5,none,True,True
52319,1.0,0.0,0.5,none,True,True
52320,1.0,0.0,0.5,none,True,True
52321,1.0,0.0,0.5,none,True,True
52322,1.0,0.0,0.5,none,True,True
52323,1.0,0.0,0.5,none,True,True
52324,1.0,0.0,0.5,none,True,True
52325,1.0,0.0,0.5,none,True,True
52326,1.0,0.0,0.5,none,True,True
52327,1.0,0.0,0.5,none,True,True
52328,1.0,0.0,0.5,none,True,True
52329,1.0,0.0,0.5,none,True,True
52330,1.0,0.0,0.5,none,True,True
52331,1.0,0.0,0.5,none,True,True
52332,1.0,0.0,0.5,none,True,True
52333,1.0,0.0,0.5,none,True,True
52334,1.0,0.0,0.5,none,True,True
52335,1.0,0.0,0.5,none,True,True
52336,1.0,0.0,0.5,none,True,True
52337,1.0,0.0,0.5,none,True,True
52338,1.0,0.0,0.5,none,True,True
52339,1.0,0.0,0.5,none,True,True
52340,1.0,0.0,0.5,none,True,True
52341,1.0,0.0,0.5,none,True,True
52342,1.0,0.0,0.5,none,True,True
52343,1.0,0.0,0.5,none,True,True
52344,1.0,0.0,0.5,none,True,True
52345,1.0,0.0,0.5,none,True,True
52346,1.0,0.0,0.5,none,True,True
52347,1.0,0.0,0.5,none,True,True
52348,1.0,0.0,0.5,none,True,True
52349,1.0,0.0,0.5,none,True,True
52350,1.0,0.0,0.5,none,True,True
52351,1.0,0.0,0.5,none,True,True
52352,1.0,0.0,0.5,none,True,True
52353,1.0,0.0,0.5,none,True,True
52354,1.0,0.0,0.5,none,True,True
52355,1.0,0.0,0.5,none,True,True
52356,1.0,0.0,0.5,none,True,True
52357,1.0,0.0,0.5,none,True,True
52358,1.0,0.0,0.5,none,True,True
52359,1.0,0.0,0.5,none,True,True
52360,1.0,0.0,0.5,none,True,True
52361,1.0,0.0,0.5,none,True,True
52362,1.0,0.0,0.5,none,True,True
52363,1.0,0.0,0.5,none,True,True
52364,1.0,0.0,0.5,none,True,True
52365,1.0,0.0,0.5,none,True,True
52366,1.0,0.0,0.5,none,True,True
52367,1.0,0.0,0.5,none,True,True
52368,1.0,0.0,0.5,none,True,True
52369,1.0,0.0,0.5,none,True,True
52370,1.0,0.0,0.5,none,True,True
52371,1.0,0.0,0.5,none,True,True
52372,1.0,0.0,0.5,none,True,True
52373,1.0,0.0,0.5,none,True,True
52374,1.0,0.0,0.5,none,True,True
52375,1.0,0.0,0.5,none,True,True
52376,1.0,0.0,0.5,none,True,True
52377,1.0,0.0,0.5,none,True,True
52378,1.0,0.0,0.5,none,True,True
52379,1.0,0.0,0.5,none,True,True
52380,1.0,0.0,0.5,none,True,True
52381,1.0,0.0,0.5,none,True,True
52382,1.0,0.0,0.5,none,True,True
52383,1.0,0.0,0.5,none,True,True
52384,1.0,0.0,0.5,none,True,True
52385,1.0,0.0,0.5,none,True,True
52386,1.0,0.0,0.5,none,True,True
52387,1.0,0.0,0.5,none,True,True
52388,1.0,0.0,0.5,none,True,True
52389,1.0,0.0,0.5,none,True,True
52390,1.0,0.0,0.5,none,True,True
52391,1.0,0.0,0.5,none,True,True
52392,1.0,0.0,0.5,none,True,True
52393,1.0,0.0,0.5,none,True,True
52394,1.0,0.0,0.5,none,True,True
52395,1.0,0.0,0.5,none,True,True
52396,1.0,0.0,0.5,none,True,True
52397,1.0,0.0,0.5,none,True,True
52398,1.0,0.0,0.5,none,True,True
52399,1.0,0.0,0.5,none,True,True
52400,1.0,0.0,0.5,none,True,True
52401,1.0,0.0,0.5,none,True,True
52402,1.0,0.0,0.5,none,True,True
52403,1.0,0.0,0.5,none,True,True
52404,1.0,0.0,0.5,none,True,True
52405,1.0,0.0,0.5,none,True,True
52406,1.0,0.0,0.5,none,True,True
52407,1.0,0.0,0.5,none,True,True
52408,1.0,0.0,0.5,none,True,True
52409,1.0,0.0,0.5,none,True,True
52410,1.0,0.0,0.5,none,True,True
52411,1.0,0.0,0.5,none,True,True
52412,1.0,0.0,0.5,none,True,True
52413,1.0,0.0,0.5,none,True,True
52414,1.0,0.0,0.5,none,True,True
52415,1.0,0.0,0.5,none,True,True
52416,1.0,0.0,0.5,none,True,True
52417,1.0,0.0,0.5,none,True,True
52418,1.0,0.0,0.5,none,True,True
52419,1.0,0.0,0.5,none,True,True
52420,1.0,0.0,0.5,none,True,True
52421,1.0,0.0,0.5,none,True,True
52422,1.0,0.0,0.5,none,True,True
52423,1.0,0.0,0.5,none,True,True
52424,1.0,0.0,0.5,none,True,True
52425,1.0,0.0,0.5,none,True,True
52426,1.0,0.0,0.5,none,True,True
52427,1.0,0.0,0.5,none,True,True
52428,1.0,0.0,0.5,none,True,True
52429,1.0,0.0,0.5,none,True,True
52430,1.0,0.0,0.5,none,True,True
52431,1.0,0.0,0.5,none,True,True
52432,1.0,0.0,0.5,none,True,True
52433,1.0,0.0,0.5,none,True,True
52434,1.0,0.0,0.5,none,True,True
52435,1.0,0.0,0.5,none,True,True
52436,1.0,0.0,0.5,none,True,True
52437,1.0,0.0,0.5,none,True,True
52438,1.0,0.0,0.5,none,True,True
52439,1.0,0.0,0.5,none,True,True
52440,1.0,0.0,0.5,none,True,True
52441,1.0,0.0,0.5,none,True,True
52442,1.0,0.0,0.5,none,True,True
52443,1.0,0.0,0.5,none,True,True
52444,1.0,0.0,0.5,none,True,True
52445,1.0,0.0,0.5,none,True,True
52446,1.0,0.0,0.5,none,True,True
52447,1.0,0.0,0.5,none,True,True
52448,1.0,0.0,0.5,none,True,True
52449,1.0,0.0,0.5,none,True,True
52450,1.0,0.0,0.5,none,True,True
52451,1.0,0.0,0.5,none,True,True
52452,1.0,0.0,0.5,none,True,True
52453,1.0,0.0,0.5,none,True,True
52454,1.0,0.0,0.5,none,True,True
52455,1.0,0.0,0.5,none,True,True
52456,1.0,0.0,0.5,none,True,True
52457,1.0,0.0,0.5,none,True,True
52458,1.0,0.0,0.5,none,True,True
52459,1.0,0.0,0.5,none,True,True
52460,1.0,0.0,0.5,none,True,True
52461,1.0,0.0,0.5,none,True,True
52462,1.0,0.0,0.5,none,True,True
52463,1.0,0.0,0.5,none,True,True
52464,1.0,0.0,0.5,none,True,True
52465,1.0,0.0,0.5,none,True,True
52466,1.0,0.0,0.5,none,True,True
52467,1.0,0.0,0.5,none,True,True
52468,1.0,0.0,0.5,none,True,True
52469,1.0,0.0,0.5,none,True,True
52470,1.0,0.0,0.5,none,True,True
52471,1.0,0.0,0.5,none,True,True
52472,1.0,0.0,0.5,none,True,True
52473,1.0,0.0,0.5,none,True,True
52474,1.0,0.0,0.5,none,True,True
52475,1.0,0.0,0.5,none,True,True
52476,1.0,0.0,0.5,none,True,True
52477,1.0,0.0,0.5,none,True,True
52478,1.0,0.0,0.5,none,True,True
52479,1.0,0.0,0.5,none,True,True
52480,1.0,0.0,0.5,none,True,True
52481,1.0,0.0,0.5,none,True,True
52482,1.0,0.0,0.5,none,True,True
52483,1.0,0.0,0.5,none,True,True
52484,1.0,0.0,0.5,none,True,True
52485,1.0,0.0,0.5,none,True,True
52486,1.0,0.0,0.5,none,True,True
52487,1.0,0.0,0.5,none,True,True
52488,1.0,0.0,0.5,none,True,True
52489,1.0,0.0,0.5,none,True,True
52490,1.0,0.0,0.5,none,True,True
52491,1.0,0.0,0.5,none,True,True
52492,1.0,0.0,0.5,none,True,True
52493,1.0,0.0,0.5,none,True,True
52494,1.0,0.0,0.5,none,True,True
52495,1.0,0.0,0.5,none,True,True
52496,1.0,0.0,0.5,none,True,True
52497,1.0,0.0,0.5,none,True,True
52498,1.0,0.0,0.5,none,True,True
52499,1.0,0.0,0.5,none,True,True
52500,1.0,0.0061,0.5,none,True,True
52501,1.0,0.0357,0.5,none,True,True
52502,1.0,0.0812,0.5,none,True,True
52503,1.0,0.1113,0.5,none,True,True
52504,1.0,0.1253,0.5,none,True,True
52505,1.0,0.1408,0.5,none,True,True
52506,1.0,0.0907,0.5,none,True,True
52507,1.0,0.1198,0.5,none,True,True
52508,1.0,0.0467,0.5,none,True,True
52509,1.0,0.0522,0.5,none,True,True
52510,1.0,0.0405,0.5,none,True,True
52511,1.0,0.0313,0.5,none,True,True
52512,1.0,0.0083,0.5,none,True,True
52513,1.0,0.0726,0.5,none,True,True
52514,1.0,0.0793,0.5,none,True,True
52515,1.0,0.0581,0.5,none,True,True
52516,1.0,0.0955,0.5,none,True,True
52517,1.0,0.0839,0.5,none,True,True
52518,1.0,0.0648,0.5,none,True,True
52519,1.0,0.0718,0.5,none,True,True
52520,1.0,0.0589,0.5,none,True,True
52521,1.0,0.0403,0.5,none,True,True
52522,1.0,0.0327,0.5,none,True,True
52523,1.0,0.0277,0.5,none,True,True
52524,1.0,0.017,0.5,none,True,True
52525,1.0,0.0102,0.5,none,True,True
52526,1.0,0.0099,0.5,none,True,True
52527,1.0,0.008,0.5,none,True,True
52528,1.0,0.005,0.5,none,True,True
52529,1.0,0.0063,0.5,none,True,True
52530,1.0,0.009,0.5,none,True,True
52531,1.0,0.0096,0.5,none,True,True
52532,1.0,0.0108,0.5,none,True,True
52533,1.0,0.014,0.5,none,True,True
52534,1.0,0.0161,0.5,none,True,True
52535,1.0,0.0167,0.5,none,True,True
52536,1.0,0.0182,0.5,none,True,True
52537,1.0,0.0196,0.5,none,True,True
52538,1.0,0.0197,0.5,none,True,True
52539,1.0,0.0193,0.5,none,True,True
52540,1.0,0.0193,0.5,none,True,True
52541,1.0,0.0187,0.5,none,True,True
52542,1.0,0.0174,0.5,none,True,True
52543,1.0,0.0163,0.5,none,True,True
52544,1.0,0.0152,0.5,none,True,True
52545,1.0,0.0138,0.5,none,True,True
52546,1.0,0.0123,0.5,none,True,True
52547,1.0,0.0111,0.5,none,True,True
52548,1.0,0.01,0.5,none,True,True
52549,1.0,0.0088,0.5,none,True,True
52550,1.0,0.0078,0.5,none,True,True
52551,1.0,0.0071,0.5,none,True,True
52552,1.0,0.0064,0.5,none,True,True
52553,1.0,0.0057,0.5,none,True,True
52554,1.0,0.0053,0.5,none,True,True
52555,1.0,0.005,0.5,none,True,True
52556,1.0,0.0047,0.5,none,True,True
52557,1.0,0.0045,0.5,none,True,True
52558,1.0,0.0044,0.5,none,True,True
52559,1.0,0.0043,0.5,none,True,True
52560,1.0,0.0042,0.5,none,True,True
52561,1.0,0.0041,0.5,none,True,True
52562,1.0,0.004,0.5,none,True,True
52563,1.0,0.0039,0.5,none,True,True
52564,1.0,0.0038,0.5,none,True,True
52565,1.0,0.0037,0.5,none,True,True
52566,1.0,0.0035,0.5,none,True,True
52567,1.0,0.0033,0.5,none,True,True
52568,1.0,0.0032,0.5,none,True,True
52569,1.0,0.003,0.5,none,True,True
52570,1.0,0.0028,0.5,none,True,True
52571,1.0,0.0026,0.5,none,True,True
52572,1.0,0.0024,0.5,none,True,True
52573,1.0,0.0023,0.5,none,True,True
52574,1.0,0.0021,0.5,none,True,True
52575,1.0,0.0019,0.5,none,True,True
52576,1.0,0.0018,0.5,none,True,True
52577,1.0,0.0017,0.5,none,True,True
52578,1.0,0.0015,0.5,none,True,True
52579,1.0,0.0014,0.5,none,True,True
52580,1.0,0.0013,0.5,none,True,True
52581,1.0,0.0013,0.5,none,True,True
52582,1.0,0.0012,0.5,none,True,True
52583,1.0,0.0011,0.5,none,True,True
52584,1.0,0.0011,0.5,none,True,True
52585,1.0,0.001,0.5,none,True,True
52586,1.0,0.001,0.5,none,True,True
52587,1.0,0.0009,0.5,none,True,True
52588,1.0,0.0009,0.5,none,True,True
52589,1.0,0.0008,0.5,none,True,True
52590,1.0,0.0008,0.5,none,True,True
52591,1.0,0.0008,0.5,none,True,True
52592,1.0,0.0007,0.5,none,True,True
52593,1.0,0.0007,0.5,none,True,True
52594,1.0,0.0006,0.5,none,True,True
52595,1.0,0.0006,0.5,none,True,True
52596,1.0,0.0006,0.5,none,True,True
52597,1.0,0.0005,0.5,none,True,True
52598,1.0,0.0005,0.5,none,True,True
52599,1.0,0.0005,0.5,none,True,True
52600,1.0,0.0004,0.5,none,True,True
52601,1.0,0.0004,0.5,none,True,True
52602,1.0,0.0004,0.5,none,True,True
52603,1.0,0.0004,0.5,none,True,True
52604,1.0,0.0003,0.5,none,True,True
52605,1.0,0.0003,0.5,none,True,True
52606,1.0,0.0003,0.5,none,True,True
52607,1.0,0.0003,0.5,none,True,True
52608,1.0,0.0003,0.5,none,True,True
52609,1.0,0.0003,0.5,none,True,True
52610,1.0,0.0002,0.5,none,True,True
52611,1.0,0.0002,0.5,none,True,True
52612,1.0,0.0002,0.5,none,True,True
52613,1.0,0.0002,0.5,none,True,True
52614,1.0,0.0002,0.5,none,True,True
52615,1.0,0.0002,0.5,none,True,True
52616,1.0,0.0002,0.5,none,True,True
52617,1.0,0.0002,0.5,none,True,True
52618,1.0,0.0002,0.5,none,True,True
52619,1.0,0.0001,0.5,none,True,True
52620,1.0,0.0001,0.5,none,True,True
52621,1.0,0.0001,0.5,none,True,True
52622,1.0,0.0001,0.5,none,True,True
52623,1.0,0.0001,0.5,none,True,True
52624,1.0,0.0001,0.5,none,True,True
52625,1.0,0.0001,0.5,none,True,True
52626,1.0,0.0001,0.5,none,True,True
52627,1.0,0.0001,0.5,none,True,True
52628,1.0,0.0001,0.5,none,True,True
52629,1.0,0.0001,0.5,none,True,True
52630,1.0,0.0001,0.5,none,True,True
52631,1.0,0.0001,0.5,none,True,True
52632,1.0,0.0001,0.5,none,True,True
52633,1.0,0.0001,0.5,none,True,True
52634,1.0,0.0001,0.5,none,True,True
52635,1.0,0.0001,0.5,none,True,True
52636,1.0,0.0001,0.5,none,True,True
52637,1.0,0.0,0.5,none,True,True
52638,1.0,0.0,0.5,none,True,True
52639,1.0,0.0,0.5,none,True,True
52640,1.0,0.0,0.5,none,True,True
52641,1.0,0.0,0.5,none,True,True
52642,1.0,0.0,0.5,none,True,True
52643,1.0,0.0,0.5,none,True,True
52644,1.0,0.0,0.5,none,True,True
52645,1.0,0.0,0.5,none,True,True
52646,1.0,0.0,0.5,none,True,True
52647,1.0,0.0,0.5,none,True,True
52648,1.0,0.0,0.5,none,True,True
52649,1.0,0.0,0.5,none,True,True
52650,1.0,0.0,0.5,none,True,True
52651,1.0,0.0,0.5,none,True,True
52652,1.0,0.0,0.5,none,True,True
52653,1.0,0.0,0.5,none,True,True
52654,1.0,0.0,0.5,none,True,True
52655,1.0,0.0,0.5,none,True,True
52656,1.0,0.0,0.5,none,True,True
52657,1.0,0.0,0.5,none,True,True
52658,1.0,0.0,0.5,none,True,True
52659,1.0,0.0,0.5,none,True,True
52660,1.0,0.0,0.5,none,True,True
52661,1.0,0.0,0.5,none,True,True
52662,1.0,0.0,0.5,none,True,True
52663,1.0,0.0,0.5,none,True,True
52664,1.0,0.0,0.5,none,True,True
52665,1.0,0.0,0.5,none,True,True
52666,1.0,0.0,0.5,none,True,True
52667,1.0,0.0,0.5,none,True,True
52668,1.0,0.0,0.5,none,True,True
52669,1.0,0.0,0.5,none,True,True
52670,1.0,0.0,0.5,none,True,True
52671,1.0,0.0,0.5,none,True,True
52672,1.0,0.0,0.5,none,True,True
52673,1.0,0.0,0.5,none,True,True
52674,1.0,0.0,0.5,none,True,True
52675,1.0,0.0,0.5,none,True,True
52676,1.0,0.0,0.5,none,True,True
52677,1.0,0.0,0.5,none,True,True
52678,1.0,0.0,0.5,none,True,True
52679,1.0,0.0,0.5,none,True,True
52680,1.0,0.0,0.5,none,True,True
52681,1.0,0.0,0.5,none,True,True
52682,1.0,0.0,0.5,none,True,True
52683,1.0,0.0,0.5,none,True,True
52684,1.0,0.0,0.5,none,True,True
52685,1.0,0.0,0.5,none,True,True
52686,1.0,0.0,0.5,none,True,True
52687,1.0,0.0,0.5,none,True,True
52688,1.0,0.0,0.5,none,True,True
52689,1.0,0.0,0.5,none,True,True
52690,1.0,0.0,0.5,none,True,True
52691,1.0,0.0,0.5,none,True,True
52692,1.0,0.0,0.5,none,True,True
52693,1.0,0.0,0.5,none,True,True
52694,1.0,0.0,0.5,none,True,True
52695,1.0,0.0,0.5,none,True,True
52696,1.0,0.0,0.5,none,True,True
52697,1.0,0.0,0.5,none,True,True
52698,1.0,0.0,0.5,none,True,True
52699,1.0,0.0,0.5,none,True,True
52700,1.0,0.0,0.5,none,True,True
52701,1.0,0.0,0.5,none,True,True
52702,1.0,0.0,0.5,none,True,True
52703,1.0,0.0,0.5,none,True,True
52704,1.0,0.0,0.5,none,True,True
52705,1.0,0.0,0.5,none,True,True
52706,1.0,0.0,0.5,none,True,True
52707,1.0,0.0,0.5,none,True,True
52708,1.0,0.0,0.5,none,True,True
52709,1.0,0.0,0.5,none,True,True
52710,1.0,0.0,0.5,none,True,True
52711,1.0,0.0,0.5,none,True,True
52712,1.0,0.0,0.5,none,True,True
52713,1.0,0.0,0.5,none,True,True
52714,1.0,0.0,0.5,none,True,True
52715,1.0,0.0,0.5,none,True,True
52716,1.0,0.0,0.5,none,True,True
52717,1.0,0.0,0.5,none,True,True
52718,1.0,0.0,0.5,none,True,True
52719,1.0,0.0,0.5,none,True,True
52720,1.0,0.0,0.5,none,True,True
52721,1.0,0.0,0.5,none,True,True
52722,1.0,0.0,0.5,none,True,True
52723,1.0,0.0,0.5,none,True,True
52724,1.0,0.0,0.5,none,True,True
52725,1.0,0.0,0.5,none,True,True
52726,1.0,0.0,0.5,none,True,True
52727,1.0,0.0,0.5,none,True,True
52728,1.0,0.0,0.5,none,True,True
52729,1.0,0.0,0.5,none,True,True
52730,1.0,0.0,0.5,none,True,True
52731,1.0,0.0,0.5,none,True,True
52732,1.0,0.0,0.5,none,True,True
52733,1.0,0.0,0.5,none,True,True
52734,1.0,0.0,0.5,none,True,True
52735,1.0,0.0,0.5,none,True,True
52736,1.0,0.0,0.5,none,True,True
52737,1.0,0.0,0.5,none,True,True
52738,1.0,0.0,0.5,none,True,True
52739,1.0,0.0,0.5,none,True,True
52740,1.0,0.0,0.5,none,True,True
52741,1.0,0.0,0.5,none,True,True
52742,1.0,0.0,0.5,none,True,True
52743,1.0,0.0,0.5,none,True,True
52744,1.0,0.0,0.5,none,True,True
52745,1.0,0.0,0.5,none,True,True
52746,1.0,0.0,0.5,none,True,True
52747,1.0,0.0,0.5,none,True,True
52748,1.0,0.0,0.5,none,True,True
52749,1.0,0.0,0.5,none,True,True
52750,1.0,0.0,0.5,none,True,True
52751,1.0,0.0,0.5,none,True,True
52752,1.0,0.0,0.5,none,True,True
52753,1.0,0.0,0.5,none,True,True
52754,1.0,0.0,0.5,none,True,True
52755,1.0,0.0,0.5,none,True,True
52756,1.0,0.0,0.5,none,True,True
52757,1.0,0.0,0.5,none,True,True
52758,1.0,0.0,0.5,none,True,True
52759,1.0,0.0,0.5,none,True,True
52760,1.0,0.0,0.5,none,True,True
52761,1.0,0.0,0.5,none,True,True
52762,1.0,0.0,0.5,none,True,True
52763,1.0,0.0,0.5,none,True,True
52764,1.0,0.0,0.5,none,True,True
52765,1.0,0.0,0.5,none,True,True
52766,1.0,0.0,0.5,none,True,True
52767,1.0,0.0,0.5,none,True,True
52768,1.0,0.0,0.5,none,True,True
52769,1.0,0.0,0.5,none,True,True
52770,1.0,0.0,0.5,none,True,True
52771,1.0,0.0,0.5,none,True,True
52772,1.0,0.0,0.5,none,True,True
52773,1.0,0.0,0.5,none,True,True
52774,1.0,0.0,0.5,none,True,True
52775,1.0,0.0,0.5,none,True,True
52776,1.0,0.0,0.5,none,True,True
52777,1.0,0.0,0.5,none,True,True
52778,1.0,0.0,0.5,none,True,True
52779,1.0,0.0,0.5,none,True,True
52780,1.0,0.0,0.5,none,True,True
52781,1.0,0.0,0.5,none,True,True
52782,1.0,0.0,0.5,none,True,True
52783,1.0,0.0,0.5,none,True,True
52784,1.0,0.0,0.5,none,True,True
52785,1.0,0.0,0.5,none,True,True
52786,1.0,0.0,0.5,none,True,True
52787,1.0,0.0,0.5,none,True,True
52788,1.0,0.0,0.5,none,True,True
52789,1.0,0.0,0.5,none,True,True
52790,1.0,0.0,0.5,none,True,True
52791,1.0,0.0,0.5,none,True,True
52792,1.0,0.0,0.5,none,True,True
52793,1.0,0.0,0.5,none,True,True
52794,1.0,0.0,0.5,none,True,True
52795,1.0,0.0,0.5,none,True,True
52796,1.0,0.0,0.5,none,True,True
52797,1.0,0.0,0.5,none,True,True
52798,1.0,0.0,0.5,none,True,True
52799,1.0,0.0,0.5,none,True,True
52800,1.0,0.0,0.5,none,True,True
52801,1.0,0.0,0.5,none,True,True
52802,1.0,0.0,0.5,none,True,True
52803,1.0,0.0,0.5,none,True,True
52804,1.0,0.0,0.5,none,True,True
52805,1.0,0.0,0.5,none,True,True
52806,1.0,0.0,0.5,none,True,True
52807,1.0,0.0,0.5,none,True,True
52808,1.0,0.0,0.5,none,True,True
52809,1.0,0.0,0.5,none,True,True
52810,1.0,0.0,0.5,none,True,True
52811,1.0,0.0,0.5,none,True,True
52812,1.0,0.0,0.5,none,True,True
52813,1.0,0.0,0.5,none,True,True
52814,1.0,0.0,0.5,none,True,True
52815,1.0,0.0,0.5,none,True,True
52816,1.0,0.0,0.5,none,True,True
52817,1.0,0.0,0.5,none,True,True
52818,1.0,0.0,0.5,none,True,True
52819,1.0,0.0,0.5,none,True,True
52820,1.0,0.0,0.5,none,True,True
52821,1.0,0.0,0.5,none,True,True
52822,1.0,0.0,0.5,none,True,True
52823,1.0,0.0,0.5,none,True,True
52824,1.0,0.0,0.5,none,True,True
52825,1.0,0.0,0.5,none,True,True
52826,1.0,0.0,0.5,none,True,True
52827,1.0,0.0,0.5,none,True,True
52828,1.0,0.0,0.5,none,True,True
52829,1.0,0.0,0.5,none,True,True
52830,1.0,0.0,0.5,none,True,True
52831,1.0,0.0,0.5,none,True,True
52832,1.0,0.0,0.5,none,True,True
52833,1.0,0.0,0.5,none,True,True
52834,1.0,0.0,0.5,none,True,True
52835,1.0,0.0,0.5,none,True,True
52836,1.0,0.0,0.5,none,True,True
52837,1.0,0.0,0.5,none,True,True
52838,1.0,0.0,0.5,none,True,True
52839,1.0,0.0,0.5,none,True,True
52840,1.0,0.0,0.5,none,True,True
52841,1.0,0.0,0.5,none,True,True
52842,1.0,0.0,0.5,none,True,True
52843,1.0,0.0,0.5,none,True,True
52844,1.0,0.0,0.5,none,True,True
52845,1.0,0.0,0.5,none,True,True
52846,1.0,0.0,0.5,none,True,True
52847,1.0,0.0,0.5,none,True,True
52848,1.0,0.0,0.5,none,True,True
52849,1.0,0.0,0.5,none,True,True
52850,1.0,0.0,0.5,none,True,True
52851,1.0,0.0,0.5,none,True,True
52852,1.0,0.0,0.5,none,True,True
52853,1.0,0.0,0.5,none,True,True
52854,1.0,0.0,0.5,none,True,True
52855,1.0,0.0,0.5,none,True,True
52856,1.0,0.0,0.5,none,True,True
52857,1.0,0.0,0.5,none,True,True
52858,1.0,0.0,0.5,none,True,True
52859,1.0,0.0,0.5,none,True,True
52860,1.0,0.0,0.5,none,True,True
52861,1.0,0.0,0.5,none,True,True
52862,1.0,0.0,0.5,none,True,True
52863,1.0,0.0,0.5,none,True,True
52864,1.0,0.0,0.5,none,True,True
52865,1.0,0.0,0.5,none,True,True
52866,1.0,0.0,0.5,none,True,True
52867,1.0,0.0,0.5,none,True,True
52868,1.0,0.0,0.5,none,True,True
52869,1.0,0.0,0.5,none,True,True
52870,1.0,0.0,0.5,none,True,True
52871,1.0,0.0,0.5,none,True,True
52872,1.0,0.0,0.5,none,True,True
52873,1.0,0.0,0.5,none,True,True
52874,1.0,0.0,0.5,none,True,True
52875,1.0,0.0,0.5,none,True,True
52876,1.0,0.0,0.5,none,True,True
52877,1.0,0.0,0.5,none,True,True
52878,1.0,0.0,0.5,none,True,True
52879,1.0,0.0,0.5,none,True,True
52880,1.0,0.0,0.5,none,True,True
52881,1.0,0.0,0.5,none,True,True
52882,1.0,0.0,0.5,none,True,True
52883,1.0,0.0,0.5,none,True,True
52884,1.0,0.0,0.5,none,True,True
52885,1.0,0.0,0.5,none,True,True
52886,1.0,0.0,0.5,none,True,True
52887,1.0,0.0,0.5,none,True,True
52888,1.0,0.0,0.5,none,True,True
52889,1.0,0.0,0.5,none,True,True
52890,1.0,0.0,0.5,none,True,True
52891,1.0,0.0,0.5,none,True,True
52892,1.0,0.0,0.5,none,True,True
52893,1.0,0.0,0.5,none,True,True
52894,1.0,0.0,0.5,none,True,True
52895,1.0,0.0,0.5,none,True,True
52896,1.0,0.0,0.5,none,True,True
52897,1.0,0.0,0.5,none,True,True
52898,1.0,0.0,0.5,none,True,True
52899,1.0,0.0,0.5,none,True,True
52900,1.0,0.0,0.5,none,True,True
52901,1.0,0.0,0.5,none,True,True
52902,1.0,0.0,0.5,none,True,True
52903,1.0,0.0,0.5,none,True,True
52904,1.0,0.0,0.5,none,True,True
52905,1.0,0.0,0.5,none,True,True
52906,1.0,0.0,0.5,none,True,True
52907,1.0,0.0,0.5,none,True,True
52908,1.0,0.0,0.5,none,True,True
52909,1.0,0.0,0.5,none,True,True
52910,1.0,0.0,0.5,none,True,True
52911,1.0,0.0,0.5,none,True,True
52912,1.0,0.0,0.5,none,True,True
52913,1.0,0.0,0.5,none,True,True
52914,1.0,0.0,0.5,none,True,True
52915,1.0,0.0,0.5,none,True,True
52916,1.0,0.0,0.5,none,True,True
52917,1.0,0.0,0.5,none,True,True
52918,1.0,0.0,0.5,none,True,True
52919,1.0,0.0,0.5,none,True,True
52920,1.0,0.0,0.5,none,True,True
52921,1.0,0.0,0.5,none,True,True
52922,1.0,0.0,0.5,none,True,True
52923,1.0,0.0,0.5,none,True,True
52924,1.0,0.0,0.5,none,True,True
52925,1.0,0.0,0.5,none,True,True
52926,1.0,0.0,0.5,none,True,True
52927,1.0,0.0,0.5,none,True,True
52928,1.0,0.0,0.5,none,True,True
52929,1.0,0.0,0.5,none,True,True
52930,1.0,0.0,0.5,none,True,True
52931,1.0,0.0,0.5,none,True,True
52932,1.0,0.0,0.5,none,True,True
52933,1.0,0.0,0.5,none,True,True
52934,1.0,0.0,0.5,none,True,True
52935,1.0,0.0,0.5,none,True,True
52936,1.0,0.0,0.5,none,True,True
52937,1.0,0.0,0.5,none,True,True
52938,1.0,0.0,0.5,none,True,True
52939,1.0,0.0,0.5,none,True,True
52940,1.0,0.0,0.5,none,True,True
52941,1.0,0.0,0.5,none,True,True
52942,1.0,0.0,0.5,none,True,True
52943,1.0,0.0,0.5,none,True,True
52944,1.0,0.0,0.5,none,True,True
52945,1.0,0.0,0.5,none,True,True
52946,1.0,0.0,0.5,none,True,True
52947,1.0,0.0,0.5,none,True,True
52948,1.0,0.0,0.5,none,True,True
52949,1.0,0.0,0.5,none,True,True
52950,1.0,0.0,0.5,none,True,True
52951,1.0,0.0,0.5,none,True,True
52952,1.0,0.0,0.5,none,True,True
52953,1.0,0.0,0.5,none,True,True
52954,1.0,0.0,0.5,none,True,True
52955,1.0,0.0,0.5,none,True,True
52956,1.0,0.0,0.5,none,True,True
52957,1.0,0.0,0.5,none,True,True
52958,1.0,0.0,0.5,none,True,True
52959,1.0,0.0,0.5,none,True,True
52960,1.0,0.0,0.5,none,True,True
52961,1.0,0.0,0.5,none,True,True
52962,1.0,0.0,0.5,none,True,True
52963,1.0,0.0,0.5,none,True,True
52964,1.0,0.0,0.5,none,True,True
52965,1.0,0.0,0.5,none,True,True
52966,1.0,0.0,0.5,none,True,True
52967,1.0,0.0,0.5,none,True,True
52968,1.0,0.0,0.5,none,True,True
52969,1.0,0.0,0.5,none,True,True
52970,1.0,0.0,0.5,none,True,True
52971,1.0,0.0,0.5,none,True,True
52972,1.0,0.0,0.5,none,True,True
52973,1.0,0.0,0.5,none,True,True
52974,1.0,0.0,0.5,none,True,True
52975,1.0,0.0,0.5,none,True,True
52976,1.0,0.0,0.5,none,True,True
52977,1.0,0.0,0.5,none,True,True
52978,1.0,0.0,0.5,none,True,True
52979,1.0,0.0,0.5,none,True,True
52980,1.0,0.0,0.5,none,True,True
52981,1.0,0.0,0.5,none,True,True
52982,1.0,0.0,0.5,none,True,True
52983,1.0,0.0,0.5,none,True,True
52984,1.0,0.0,0.5,none,True,True
52985,1.0,0.0,0.5,none,True,True
52986,1.0,0.0,0.5,none,True,True
52987,1.0,0.0,0.5,none,True,True
52988,1.0,0.0,0.5,none,True,True
52989,1.0,0.0,0.5,none,True,True
52990,1.0,0.0,0.5,none,True,True
52991,1.0,0.0,0.5,none,True,True
52992,1.0,0.0,0.5,none,True,True
52993,1.0,0.0,0.5,none,True,True
52994,1.0,0.0,0.5,none,True,True
52995,1.0,0.0,0.5,none,True,True
52996,1.0,0.0,0.5,none,True,True
52997,1.0,0.0,0.5,none,True,True
52998,1.0,0.0,0.5,none,True,True
52999,1.0,0.0,0.5,none,True,True
53000,1.0,0.0,0.5,none,True,True
53001,1.0,0.0,0.5,none,True,True
53002,1.0,0.0,0.5,none,True,True
53003,1.0,0.0,0.5,none,True,True
53004,1.0,0.0,0.5,none,True,True
53005,1.0,0.0,0.5,none,True,True
53006,1.0,0.0,0.5,none,True,True
53007,1.0,0.0,0.5,none,True,True
53008,1.0,0.0,0.5,none,True,True
53009,1.0,0.0,0.5,none,True,True
53010,1.0,0.0,0.5,none,True,True
53011,1.0,0.0,0.5,none,True,True
53012,1.0,0.0,0.5,none,True,True
53013,1.0,0.0,0.5,none,True,True
53014,1.0,0.0,0.5,none,True,True
53015,1.0,0.0,0.5,none,True,True
53016,1.0,0.0,0.5,none,True,True
53017,1.0,0.0,0.5,none,True,True
53018,1.0,0.0,0.5,none,True,True
53019,1.0,0.0,0.5,none,True,True
53020,1.0,0.0,0.5,none,True,True
53021,1.0,0.0,0.5,none,True,True
53022,1.0,0.0,0.5,none,True,True
53023,1.0,0.0,0.5,none,True,True
53024,1.0,0.0,0.5,none,True,True
53025,1.0,0.0,0.5,none,True,True
53026,1.0,0.0,0.5,none,True,True
53027,1.0,0.0,0.5,none,True,True
53028,1.0,0.0,0.5,none,True,True
53029,1.0,0.0,0.5,none,True,True
53030,1.0,0.0,0.5,none,True,True
53031,1.0,0.0,0.5,none,True,True
53032,1.0,0.0,0.5,none,True,True
53033,1.0,0.0,0.5,none,True,True
53034,1.0,0.0,0.5,none,True,True
53035,1.0,0.0,0.5,none,True,True
53036,1.0,0.0,0.5,none,True,True
53037,1.0,0.0,0.5,none,True,True
53038,1.0,0.0,0.5,none,True,True
53039,1.0,0.0,0.5,none,True,True
53040,1.0,0.0,0.5,none,True,True
53041,1.0,0.0,0.5,none,True,True
53042,1.0,0.0,0.5,none,True,True
53043,1.0,0.0,0.5,none,True,True
53044,1.0,0.0,0.5,none,True,True
53045,1.0,0.0,0.5,none,True,True
53046,1.0,0.0,0.5,none,True,True
53047,1.0,0.0,0.5,none,True,True
53048,1.0,0.0,0.5,none,True,True
53049,1.0,0.0,0.5,none,True,True
53050,1.0,0.0,0.5,none,True,True
53051,1.0,0.0,0.5,none,True,True
53052,1.0,0.0,0.5,none,True,True
53053,1.0,0.0,0.5,none,True,True
53054,1.0,0.0,0.5,none,True,True
53055,1.0,0.0,0.5,none,True,True
53056,1.0,0.0,0.5,none,True,True
53057,1.0,0.0,0.5,none,True,True
53058,1.0,0.0,0.5,none,True,True
53059,1.0,0.0,0.5,none,True,True
53060,1.0,0.0,0.5,none,True,True
53061,1.0,0.0,0.5,none,True,True
53062,1.0,0.0,0.5,none,True,True
53063,1.0,0.0,0.5,none,True,True
53064,1.0,0.0,0.5,none,True,True
53065,1.0,0.0,0.5,none,True,True
53066,1.0,0.0,0.5,none,True,True
53067,1.0,0.0,0.5,none,True,True
53068,1.0,0.0,0.5,none,True,True
53069,1.0,0.0,0.5,none,True,True
53070,1.0,0.0,0.5,none,True,True
53071,1.0,0.0,0.5,none,True,True
53072,1.0,0.0,0.5,none,True,True
53073,1.0,0.0,0.5,none,True,True
53074,1.0,0.0,0.5,none,True,True
53075,1.0,0.0,0.5,none,True,True
53076,1.0,0.0,0.5,none,True,True
53077,1.0,0.0,0.5,none,True,True
53078,1.0,0.0,0.5,none,True,True
53079,1.0,0.0,0.5,none,True,True
53080,1.0,0.0,0.5,none,True,True
53081,1.0,0.0,0.5,none,True,True
53082,1.0,0.0,0.5,none,True,True
53083,1.0,0.0,0.5,none,True,True
53084,1.0,0.0,0.5,none,True,True
53085,1.0,0.0,0.5,none,True,True
53086,1.0,0.0,0.5,none,True,True
53087,1.0,0.0,0.5,none,True,True
53088,1.0,0.0,0.5,none,True,True
53089,1.0,0.0,0.5,none,True,True
53090,1.0,0.0,0.5,none,True,True
53091,1.0,0.0,0.5,none,True,True
53092,1.0,0.0,0.5,none,True,True
53093,1.0,0.0,0.5,none,True,True
53094,1.0,0.0,0.5,none,True,True
53095,1.0,0.0,0.5,none,True,True
53096,1.0,0.0,0.5,none,True,True
53097,1.0,0.0,0.5,none,True,True
53098,1.0,0.0,0.5,none,True,True
53099,1.0,0.0,0.5,none,True,True
53100,1.0,0.0,0.5,none,True,True
53101,1.0,0.0,0.5,none,True,True
53102,1.0,0.0,0.5,none,True,True
53103,1.0,0.0,0.5,none,True,True
53104,1.0,0.0,0.5,none,True,True
53105,1.0,0.0,0.5,none,True,True
53106,1.0,0.0,0.5,none,True,True
53107,1.0,0.0,0.5,none,True,True
53108,1.0,0.0,0.5,none,True,True
53109,1.0,0.0,0.5,none,True,True
53110,1.0,0.0,0.5,none,True,True
53111,1.0,0.0,0.5,none,True,True
53112,1.0,0.0,0.5,none,True,True
53113,1.0,0.0,0.5,none,True,True
53114,1.0,0.0,0.5,none,True,True
53115,1.0,0.0,0.5,none,True,True
53116,1.0,0.0,0.5,none,True,True
53117,1.0,0.0,0.5,none,True,True
53118,1.0,0.0,0.5,none,True,True
53119,1.0,0.0,0.5,none,True,True
53120,1.0,0.0,0.5,none,True,True
53121,1.0,0.0,0.5,none,True,True
53122,1.0,0.0,0.5,none,True,True
53123,1.0,0.0,0.5,none,True,True
53124,1.0,0.0,0.5,none,True,True
53125,1.0,0.0,0.5,none,True,True
53126,1.0,0.0,0.5,none,True,True
53127,1.0,0.0,0.5,none,True,True
53128,1.0,0.0,0.5,none,True,True
53129,1.0,0.0,0.5,none,True,True
53130,1.0,0.0,0.5,none,True,True
53131,1.0,0.0,0.5,none,True,True
53132,1.0,0.0,0.5,none,True,True
53133,1.0,0.0,0.5,none,True,True
53134,1.0,0.0,0.5,none,True,True
53135,1.0,0.0,0.5,none,True,True
53136,1.0,0.0,0.5,none,True,True
53137,1.0,0.0,0.5,none,True,True
53138,1.0,0.0,0.5,none,True,True
53139,1.0,0.0,0.5,none,True,True
53140,1.0,0.0,0.5,none,True,True
53141,1.0,0.0,0.5,none,True,True
53142,1.0,0.0,0.5,none,True,True
53143,1.0,0.0,0.5,none,True,True
53144,1.0,0.0,0.5,none,True,True
53145,1.0,0.0,0.5,none,True,True
53146,1.0,0.0,0.5,none,True,True
53147,1.0,0.0,0.5,none,True,True
53148,1.0,0.0,0.5,none,True,True
53149,1.0,0.0,0.5,none,True,True
53150,1.0,0.0,0.5,none,True,True
53151,1.0,0.0,0.5,none,True,True
53152,1.0,0.0,0.5,none,True,True
53153,1.0,0.0,0.5,none,True,True
53154,1.0,0.0,0.5,none,True,True
53155,1.0,0.0,0.5,none,True,True
53156,1.0,0.0,0.5,none,True,True
53157,1.0,0.0,0.5,none,True,True
53158,1.0,0.0,0.5,none,True,True
53159,1.0,0.0,0.5,none,True,True
53160,1.0,0.0,0.5,none,True,True
53161,1.0,0.0,0.5,none,True,True
53162,1.0,0.0,0.5,none,True,True
53163,1.0,0.0,0.5,none,True,True
53164,1.0,0.0,0.5,none,True,True
53165,1.0,0.0,0.5,none,True,True
53166,1.0,0.0,0.5,none,True,True
53167,1.0,0.0,0.5,none,True,True
53168,1.0,0.0,0.5,none,True,True
53169,1.0,0.0,0.5,none,True,True
53170,1.0,0.0,0.5,none,True,True
53171,1.0,0.0,0.5,none,True,True
53172,1.0,0.0,0.5,none,True,True
53173,1.0,0.0,0.5,none,True,True
53174,1.0,0.0,0.5,none,True,True
53175,1.0,0.0,0.5,none,True,True
53176,1.0,0.0,0.5,none,True,True
53177,1.0,0.0,0.5,none,True,True
53178,1.0,0.0,0.5,none,True,True
53179,1.0,0.0,0.5,none,True,True
53180,1.0,0.0,0.5,none,True,True
53181,1.0,0.0,0.5,none,True,True
53182,1.0,0.0,0.5,none,True,True
53183,1.0,0.0,0.5,none,True,True
53184,1.0,0.0,0.5,none,True,True
53185,1.0,0.0,0.5,none,True,True
53186,1.0,0.0,0.5,none,True,True
53187,1.0,0.0,0.5,none,True,True
53188,1.0,0.0,0.5,none,True,True
53189,1.0,0.0,0.5,none,True,True
53190,1.0,0.0,0.5,none,True,True
53191,1.0,0.0,0.5,none,True,True
53192,1.0,0.0,0.5,none,True,True
53193,1.0,0.0,0.5,none,True,True
53194,1.0,0.0,0.5,none,True,True
53195,1.0,0.0,0.5,none,True,True
53196,1.0,0.0,0.5,none,True,True
53197,1.0,0.0,0.5,none,True,True
53198,1.0,0.0,0.5,none,True,True
53199,1.0,0.0,0.5,none,True,True
53200,1.0,0.0061,0.5,none,True,True
53201,1.0,0.0357,0.5,none,True,True
53202,1.0,0.0812,0.5,none,True,True
53203,1.0,0.1113,0.5,none,True,True
53204,1.0,0.1253,0.5,none,True,True
53205,1.0,0.1408,0.5,none,True,True
53206,1.0,0.0907,0.5,none,True,True
53207,1.0,0.1198,0.5,none,True,True
53208,1.0,0.0467,0.5,none,True,True
53209,1.0,0.0522,0.5,none,True,True
53210,1.0,0.0405,0.5,none,True,True
53211,1.0,0.0313,0.5,none,True,True
53212,1.0,0.0083,0.5,none,True,True
53213,1.0,0.0726,0.5,none,True,True
53214,1.0,0.0793,0.5,none,True,True
53215,1.0,0.0581,0.5,none,True,True
53216,1.0,0.0955,0.5,none,True,True
53217,1.0,0.0839,0.5,none,True,True
53218,1.0,0.0648,0.5,none,True,True
53219,1.0,0.0718,0.5,none,True,True
53220,1.0,0.0589,0.5,none,True,True
53221,1.0,0.0403,0.5,none,True,True
53222,1.0,0.0327,0.5,none,True,True
53223,1.0,0.0277,0.5,none,True,True
53224,1.0,0.017,0.5,none,True,True
53225,1.0,0.0102,0.5,none,True,True
53226,1.0,0.0099,0.5,none,True,True
53227,1.0,0.008,0.5,none,True,True
53228,1.0,0.005,0.5,none,True,True
53229,1.0,0.0063,0.5,none,True,True
53230,1.0,0.009,0.5,none,True,True
53231,1.0,0.0096,0.5,none,True,True
53232,1.0,0.0108,0.5,none,True,True
53233,1.0,0.014,0.5,none,True,True
53234,1.0,0.0161,0.5,none,True,True
53235,1.0,0.0167,0.5,none,True,True
53236,1.0,0.0182,0.5,none,True,True
53237,1.0,0.0196,0.5,none,True,True
53238,1.0,0.0197,0.5,none,True,True
53239,1.0,0.0193,0.5,none,True,True
53240,1.0,0.0193,0.5,none,True,True
53241,1.0,0.0187,0.5,none,True,True
53242,1.0,0.0174,0.5,none,True,True
53243,1.0,0.0163,0.5,none,True,True
53244,1.0,0.0152,0.5,none,True,True
53245,1.0,0.0138,0.5,none,True,True
53246,1.0,0.0123,0.5,none,True,True
53247,1.0,0.0111,0.5,none,True,True
53248,1.0,0.01,0.5,none,True,True
53249,1.0,0.0088,0.5,none,True,True
53250,1.0,0.0078,0.5,none,True,True
53251,1.0,0.0071,0.5,none,True,True
53252,1.0,0.0064,0.5,none,True,True
53253,1.0,0.0057,0.5,none,True,True
53254,1.0,0.0053,0.5,none,True,True
53255,1.0,0.005,0.5,none,True,True
53256,1.0,0.0047,0.5,none,True,True
53257,1.0,0.0045,0.5,none,True,True
53258,1.0,0.0044,0.5,none,True,True
53259,1.0,0.0043,0.5,none,True,True
53260,1.0,0.0042,0.5,none,True,True
53261,1.0,0.0041,0.5,none,True,True
53262,1.0,0.004,0.5,none,True,True
53263,1.0,0.0039,0.5,none,True,True
53264,1.0,0.0038,0.5,none,True,True
53265,1.0,0.0037,0.5,none,True,True
53266,1.0,0.0035,0.5,none,True,True
53267,1.0,0.0033,0.5,none,True,True
53268,1.0,0.0032,0.5,none,True,True
53269,1.0,0.003,0.5,none,True,True
53270,1.0,0.0028,0.5,none,True,True
53271,1.0,0.0026,0.5,none,True,True
53272,1.0,0.0024,0.5,none,True,True
53273,1.0,0.0023,0.5,none,True,True
53274,1.0,0.0021,0.5,none,True,True
53275,1.0,0.0019,0.5,none,True,True
53276,1.0,0.0018,0.5,none,True,True
53277,1.0,0.0017,0.5,none,True,True
53278,1.0,0.0015,0.5,none,True,True
53279,1.0,0.0014,0.5,none,True,True
53280,1.0,0.0013,0.5,none,True,True
53281,1.0,0.0013,0.5,none,True,True
53282,1.0,0.0012,0.5,none,True,True
53283,1.0,0.0011,0.5,none,True,True
53284,1.0,0.0011,0.5,none,True,True
53285,1.0,0.001,0.5,none,True,True
53286,1.0,0.001,0.5,none,True,True
53287,1.0,0.0009,0.5,none,True,True
53288,1.0,0.0009,0.5,none,True,True
53289,1.0,0.0008,0.5,none,True,True
53290,1.0,0.0008,0.5,none,True,True
53291,1.0,0.0008,0.5,none,True,True
53292,1.0,0.0007,0.5,none,True,True
53293,1.0,0.0007,0.5,none,True,True
53294,1.0,0.0006,0.5,none,True,True
53295,1.0,0.0006,0.5,none,True,True
53296,1.0,0.0006,0.5,none,True,True
53297,1.0,0.0005,0.5,none,True,True
53298,1.0,0.0005,0.5,none,True,True
53299,1.0,0.0005,0.5,none,True,True
53300,1.0,0.0004,0.5,none,True,True
53301,1.0,0.0004,0.5,none,True,True
53302,1.0,0.0004,0.5,none,True,True
53303,1.0,0.0004,0.5,none,True,True
53304,1.0,0.0003,0.5,none,True,True
53305,1.0,0.0003,0.5,none,True,True
53306,1.0,0.0003,0.5,none,True,True
53307,1.0,0.0003,0.5,none,True,True
53308,1.0,0.0003,0.5,none,True,True
53309,1.0,0.0003,0.5,none,True,True
53310,1.0,0.0002,0.5,none,True,True
53311,1.0,0.0002,0.5,none,True,True
53312,1.0,0.0002,0.5,none,True,True
53313,1.0,0.0002,0.5,none,True,True
53314,1.0,0.0002,0.5,none,True,True
53315,1.0,0.0002,0.5,none,True,True
53316,1.0,0.0002,0.5,none,True,True
53317,1.0,0.0002,0.5,none,True,True
53318,1.0,0.0002,0.5,none,True,True
53319,1.0,0.0001,0.5,none,True,True
53320,1.0,0.0001,0.5,none,True,True
53321,1.0,0.0001,0.5,none,True,True
53322,1.0,0.0001,0.5,none,True,True
53323,1.0,0.0001,0.5,none,True,True
53324,1.0,0.0001,0.5,none,True,True
53325,1.0,0.0001,0.5,none,True,True
53326,1.0,0.0001,0.5,none,True,True
53327,1.0,0.0001,0.5,none,True,True
53328,1.0,0.0001,0.5,none,True,True
53329,1.0,0.0001,0.5,none,True,True
53330,1.0,0.0001,0.5,none,True,True
53331,1.0,0.0001,0.5,none,True,True
53332,1.0,0.0001,0.5,none,True,True
53333,1.0,0.0001,0.5,none,True,True
53334,1.0,0.0001,0.5,none,True,True
53335,1.0,0.0001,0.5,none,True,True
53336,1.0,0.0001,0.5,none,True,True
53337,1.0,0.0,0.5,none,True,True
53338,1.0,0.0,0.5,none,True,True
53339,1.0,0.0,0.5,none,True,True
53340,1.0,0.0,0.5,none,True,True
53341,1.0,0.0,0.5,none,True,True
53342,1.0,0.0,0.5,none,True,True
53343,1.0,0.0,0.5,none,True,True
53344,1.0,0.0,0.5,none,True,True
53345,1.0,0.0,0.5,none,True,True
53346,1.0,0.0,0.5,none,True,True
53347,1.0,0.0,0.5,none,True,True
53348,1.0,0.0,0.5,none,True,True
53349,1.0,0.0,0.5,none,True,True
53350,1.0,0.0,0.5,none,True,True
53351,1.0,0.0,0.5,none,True,True
53352,1.0,0.0,0.5,none,True,True
53353,1.0,0.0,0.5,none,True,True
53354,1.0,0.0,0.5,none,True,True
53355,1.0,0.0,0.5,none,True,True
53356,1.0,0.0,0.5,none,True,True
53357,1.0,0.0,0.5,none,True,True
53358,1.0,0.0,0.5,none,True,True
53359,1.0,0.0,0.5,none,True,True
53360,1.0,0.0,0.5,none,True,True
53361,1.0,0.0,0.5,none,True,True
53362,1.0,0.0,0.5,none,True,True
53363,1.0,0.0,0.5,none,True,True
53364,1.0,0.0,0.5,none,True,True
53365,1.0,0.0,0.5,none,True,True
53366,1.0,0.0,0.5,none,True,True
53367,1.0,0.0,0.5,none,True,True
53368,1.0,0.0,0.5,none,True,True
53369,1.0,0.0,0.5,none,True,True
53370,1.0,0.0,0.5,none,True,True
53371,1.0,0.0,0.5,none,True,True
53372,1.0,0.0,0.5,none,True,True
53373,1.0,0.0,0.5,none,True,True
53374,1.0,0.0,0.5,none,True,True
53375,1.0,0.0,0.5,none,True,True
53376,1.0,0.0,0.5,none,True,True
53377,1.0,0.0,0.5,none,True,True
53378,1.0,0.0,0.5,none,True,True
53379,1.0,0.0,0.5,none,True,True
53380,1.0,0.0,0.5,none,True,True
53381,1.0,0.0,0.5,none,True,True
53382,1.0,0.0,0.5,none,True,True
53383,1.0,0.0,0.5,none,True,True
53384,1.0,0.0,0.5,none,True,True
53385,1.0,0.0,0.5,none,True,True
53386,1.0,0.0,0.5,none,True,True
53387,1.0,0.0,0.5,none,True,True
53388,1.0,0.0,0.5,none,True,True
53389,1.0,0.0,0.5,none,True,True
53390,1.0,0.0,0.5,none,True,True
53391,1.0,0.0,0.5,none,True,True
53392,1.0,0.0,0.5,none,True,True
53393,1.0,0.0,0.5,none,True,True
53394,1.0,0.0,0.5,none,True,True
53395,1.0,0.0,0.5,none,True,True
53396,1.0,0.0,0.5,none,True,True
53397,1.0,0.0,0.5,none,True,True
53398,1.0,0.0,0.5,none,True,True
53399,1.0,0.0,0.5,none,True,True
53400,1.0,0.0,0.5,none,True,True
53401,1.0,0.0,0.5,none,True,True
53402,1.0,0.0,0.5,none,True,True
53403,1.0,0.0,0.5,none,True,True
53404,1.0,0.0,0.5,none,True,True
53405,1.0,0.0,0.5,none,True,True
53406,1.0,0.0,0.5,none,True,True
53407,1.0,0.0,0.5,none,True,True
53408,1.0,0.0,0.5,none,True,True
53409,1.0,0.0,0.5,none,True,True
53410,1.0,0.0,0.5,none,True,True
53411,1.0,0.0,0.5,none,True,True
53412,1.0,0.0,0.5,none,True,True
53413,1.0,0.0,0.5,none,True,True
53414,1.0,0.0,0.5,none,True,True
53415,1.0,0.0,0.5,none,True,True
53416,1.0,0.0,0.5,none,True,True
53417,1.0,0.0,0.5,none,True,True
53418,1.0,0.0,0.5,none,True,True
53419,1.0,0.0,0.5,none,True,True
53420,1.0,0.0,0.5,none,True,True
53421,1.0,0.0,0.5,none,True,True
53422,1.0,0.0,0.5,none,True,True
53423,1.0,0.0,0.5,none,True,True
53424,1.0,0.0,0.5,none,True,True
53425,1.0,0.0,0.5,none,True,True
53426,1.0,0.0,0.5,none,True,True
53427,1.0,0.0,0.5,none,True,True
53428,1.0,0.0,0.5,none,True,True
53429,1.0,0.0,0.5,none,True,True
53430,1.0,0.0,0.5,none,True,True
53431,1.0,0.0,0.5,none,True,True
53432,1.0,0.0,0.5,none,True,True
53433,1.0,0.0,0.5,none,True,True
53434,1.0,0.0,0.5,none,True,True
53435,1.0,0.0,0.5,none,True,True
53436,1.0,0.0,0.5,none,True,True
53437,1.0,0.0,0.5,none,True,True
53438,1.0,0.0,0.5,none,True,True
53439,1.0,0.0,0.5,none,True,True
53440,1.0,0.0,0.5,none,True,True
53441,1.0,0.0,0.5,none,True,True
53442,1.0,0.0,0.5,none,True,True
53443,1.0,0.0,0.5,none,True,True
53444,1.0,0.0,0.5,none,True,True
53445,1.0,0.0,0.5,none,True,True
53446,1.0,0.0,0.5,none,True,True
53447,1.0,0.0,0.5,none,True,True
53448,1.0,0.0,0.5,none,True,True
53449,1.0,0.0,0.5,none,True,True
53450,1.0,0.0,0.5,none,True,True
53451,1.0,0.0,0.5,none,True,True
53452,1.0,0.0,0.5,none,True,True
53453,1.0,0.0,0.5,none,True,True
53454,1.0,0.0,0.5,none,True,True
53455,1.0,0.0,0.5,none,True,True
53456,1.0,0.0,0.5,none,True,True
53457,1.0,0.0,0.5,none,True,True
53458,1.0,0.0,0.5,none,True,True
53459,1.0,0.0,0.5,none,True,True
53460,1.0,0.0,0.5,none,True,True
53461,1.0,0.0,0.5,none,True,True
53462,1.0,0.0,0.5,none,True,True
53463,1.0,0.0,0.5,none,True,True
53464,1.0,0.0,0.5,none,True,True
53465,1.0,0.0,0.5,none,True,True
53466,1.0,0.0,0.5,none,True,True
53467,1.0,0.0,0.5,none,True,True
53468,1.0,0.0,0.5,none,True,True
53469,1.0,0.0,0.5,none,True,True
53470,1.0,0.0,0.5,none,True,True
53471,1.0,0.0,0.5,none,True,True
53472,1.0,0.0,0.5,none,True,True
53473,1.0,0.0,0.5,none,True,True
53474,1.0,0.0,0.5,none,True,True
53475,1.0,0.0,0.5,none,True,True
53476,1.0,0.0,0.5,none,True,True
53477,1.0,0.0,0.5,none,True,True
53478,1.0,0.0,0.5,none,True,True
53479,1.0,0.0,0.5,none,True,True
53480,1.0,0.0,0.5,none,True,True
53481,1.0,0.0,0.5,none,True,True
53482,1.0,0.0,0.5,none,True,True
53483,1.0,0.0,0.5,none,True,True
53484,1.0,0.0,0.5,none,True,True
53485,1.0,0.0,0.5,none,True,True
53486,1.0,0.0,0.5,none,True,True
53487,1.0,0.0,0.5,none,True,True
53488,1.0,0.0,0.5,none,True,True
53489,1.0,0.0,0.5,none,True,True
53490,1.0,0.0,0.5,none,True,True
53491,1.0,0.0,0.5,none,True,True
53492,1.0,0.0,0.5,none,True,True
53493,1.0,0.0,0.5,none,True,True
53494,1.0,0.0,0.5,none,True,True
53495,1.0,0.0,0.5,none,True,True
53496,1.0,0.0,0.5,none,True,True
53497,1.0,0.0,0.5,none,True,True
53498,1.0,0.0,0.5,none,True,True
53499,1.0,0.0,0.5,none,True,True
53500,1.0,0.0,0.5,none,True,True
53501,1.0,0.0,0.5,none,True,True
53502,1.0,0.0,0.5,none,True,True
53503,1.0,0.0,0.5,none,True,True
53504,1.0,0.0,0.5,none,True,True
53505,1.0,0.0,0.5,none,True,True
53506,1.0,0.0,0.5,none,True,True
53507,1.0,0.0,0.5,none,True,True
53508,1.0,0.0,0.5,none,True,True
53509,1.0,0.0,0.5,none,True,True
53510,1.0,0.0,0.5,none,True,True
53511,1.0,0.0,0.5,none,True,True
53512,1.0,0.0,0.5,none,True,True
53513,1.0,0.0,0.5,none,True,True
53514,1.0,0.0,0.5,none,True,True
53515,1.0,0.0,0.5,none,True,True
53516,1.0,0.0,0.5,none,True,True
53517,1.0,0.0,0.5,none,True,True
53518,1.0,0.0,0.5,none,True,True
53519,1.0,0.0,0.5,none,True,True
53520,1.0,0.0,0.5,none,True,True
53521,1.0,0.0,0.5,none,True,True
53522,1.0,0.0,0.5,none,True,True
53523,1.0,0.0,0.5,none,True,True
53524,1.0,0.0,0.5,none,True,True
53525,1.0,0.0,0.5,none,True,True
53526,1.0,0.0,0.5,none,True,True
53527,1.0,0.0,0.5,none,True,True
53528,1.0,0.0,0.5,none,True,True
53529,1.0,0.0,0.5,none,True,True
53530,1.0,0.0,0.5,none,True,True
53531,1.0,0.0,0.5,none,True,True
53532,1.0,0.0,0.5,none,True,True
53533,1.0,0.0,0.5,none,True,True
53534,1.0,0.0,0.5,none,True,True
53535,1.0,0.0,0.5,none,True,True
53536,1.0,0.0,0.5,none,True,True
53537,1.0,0.0,0.5,none,True,True
53538,1.0,0.0,0.5,none,True,True
53539,1.0,0.0,0.5,none,True,True
53540,1.0,0.0,0.5,none,True,True
53541,1.0,0.0,0.5,none,True,True
53542,1.0,0.0,0.5,none,True,True
53543,1.0,0.0,0.5,none,True,True
53544,1.0,0.0,0.5,none,True,True
53545,1.0,0.0,0.5,none,True,True
53546,1.0,0.0,0.5,none,True,True
53547,1.0,0.0,0.5,none,True,True
53548,1.0,0.0,0.5,none,True,True
53549,1.0,0.0,0.5,none,True,True
53550,1.0,0.0,0.5,none,True,True
53551,1.0,0.0,0.5,none,True,True
53552,1.0,0.0,0.5,none,True,True
53553,1.0,0.0,0.5,none,True,True
53554,1.0,0.0,0.5,none,True,True
53555,1.0,0.0,0.5,none,True,True
53556,1.0,0.0,0.5,none,True,True
53557,1.0,0.0,0.5,none,True,True
53558,1.0,0.0,0.5,none,True,True
53559,1.0,0.0,0.5,none,True,True
53560,1.0,0.0,0.5,none,True,True
53561,1.0,0.0,0.5,none,True,True
53562,1.0,0.0,0.5,none,True,True
53563,1.0,0.0,0.5,none,True,True
53564,1.0,0.0,0.5,none,True,True
53565,1.0,0.0,0.5,none,True,True
53566,1.0,0.0,0.5,none,True,True
53567,1.0,0.0,0.5,none,True,True
53568,1.0,0.0,0.5,none,True,True
53569,1.0,0.0,0.5,none,True,True
53570,1.0,0.0,0.5,none,True,True
53571,1.0,0.0,0.5,none,True,True
53572,1.0,0.0,0.5,none,True,True
53573,1.0,0.0,0.5,none,True,True
53574,1.0,0.0,0.5,none,True,True
53575,1.0,0.0,0.5,none,True,True
53576,1.0,0.0,0.5,none,True,True
53577,1.0,0.0,0.5,none,True,True
53578,1.0,0.0,0.5,none,True,True
53579,1.0,0.0,0.5,none,True,True
53580,1.0,0.0,0.5,none,True,True
53581,1.0,0.0,0.5,none,True,True
53582,1.0,0.0,0.5,none,True,True
53583,1.0,0.0,0.5,none,True,True
53584,1.0,0.0,0.5,none,True,True
53585,1.0,0.0,0.5,none,True,True
53586,1.0,0.0,0.5,none,True,True
53587,1.0,0.0,0.5,none,True,True
53588,1.0,0.0,0.5,none,True,True
53589,1.0,0.0,0.5,none,True,True
53590,1.0,0.0,0.5,none,True,True
53591,1.0,0.0,0.5,none,True,True
53592,1.0,0.0,0.5,none,True,True
53593,1.0,0.0,0.5,none,True,True
53594,1.0,0.0,0.5,none,True,True
53595,1.0,0.0,0.5,none,True,True
53596,1.0,0.0,0.5,none,True,True
53597,1.0,0.0,0.5,none,True,True
53598,1.0,0.0,0.5,none,True,True
53599,1.0,0.0,0.5,none,True,True
53600,1.0,0.0,0.5,none,True,True
53601,1.0,0.0,0.5,none,True,True
53602,1.0,0.0,0.5,none,True,True
53603,1.0,0.0,0.5,none,True,True
53604,1.0,0.0,0.5,none,True,True
53605,1.0,0.0,0.5,none,True,True
53606,1.0,0.0,0.5,none,True,True
53607,1.0,0.0,0.5,none,True,True
53608,1.0,0.0,0.5,none,True,True
53609,1.0,0.0,0.5,none,True,True
53610,1.0,0.0,0.5,none,True,True
53611,1.0,0.0,0.5,none,True,True
53612,1.0,0.0,0.5,none,True,True
53613,1.0,0.0,0.5,none,True,True
53614,1.0,0.0,0.5,none,True,True
53615,1.0,0.0,0.5,none,True,True
53616,1.0,0.0,0.5,none,True,True
53617,1.0,0.0,0.5,none,True,True
53618,1.0,0.0,0.5,none,True,True
53619,1.0,0.0,0.5,none,True,True
53620,1.0,0.0,0.5,none,True,True
53621,1.0,0.0,0.5,none,True,True
53622,1.0,0.0,0.5,none,True,True
53623,1.0,0.0,0.5,none,True,True
53624,1.0,0.0,0.5,none,True,True
53625,1.0,0.0,0.5,none,True,True
53626,1.0,0.0,0.5,none,True,True
53627,1.0,0.0,0.5,none,True,True
53628,1.0,0.0,0.5,none,True,True
53629,1.0,0.0,0.5,none,True,True
53630,1.0,0.0,0.5,none,True,True
53631,1.0,0.0,0.5,none,True,True
53632,1.0,0.0,0.5,none,True,True
53633,1.0,0.0,0.5,none,True,True
53634,1.0,0.0,0.5,none,True,True
53635,1.0,0.0,0.5,none,True,True
53636,1.0,0.0,0.5,none,True,True
53637,1.0,0.0,0.5,none,True,True
53638,1.0,0.0,0.5,none,True,True
53639,1.0,0.0,0.5,none,True,True
53640,1.0,0.0,0.5,none,True,True
53641,1.0,0.0,0.5,none,True,True
53642,1.0,0.0,0.5,none,True,True
53643,1.0,0.0,0.5,none,True,True
53644,1.0,0.0,0.5,none,True,True
53645,1.0,0.0,0.5,none,True,True
53646,1.0,0.0,0.5,none,True,True
53647,1.0,0.0,0.5,none,True,True
53648,1.0,0.0,0.5,none,True,True
53649,1.0,0.0,0.5,none,True,True
53650,1.0,0.0,0.5,none,True,True
53651,1.0,0.0,0.5,none,True,True
53652,1.0,0.0,0.5,none,True,True
53653,1.0,0.0,0.5,none,True,True
53654,1.0,0.0,0.5,none,True,True
53655,1.0,0.0,0.5,none,True,True
53656,1.0,0.0,0.5,none,True,True
53657,1.0,0.0,0.5,none,True,True
53658,1.0,0.0,0.5,none,True,True
53659,1.0,0.0,0.5,none,True,True
53660,1.0,0.0,0.5,none,True,True
53661,1.0,0.0,0.5,none,True,True
53662,1.0,0.0,0.5,none,True,True
53663,1.0,0.0,0.5,none,True,True
53664,1.0,0.0,0.5,none,True,True
53665,1.0,0.0,0.5,none,True,True
53666,1.0,0.0,0.5,none,True,True
53667,1.0,0.0,0.5,none,True,True
53668,1.0,0.0,0.5,none,True,True
53669,1.0,0.0,0.5,none,True,True
53670,1.0,0.0,0.5,none,True,True
53671,1.0,0.0,0.5,none,True,True
53672,1.0,0.0,0.5,none,True,True
53673,1.0,0.0,0.5,none,True,True
53674,1.0,0.0,0.5,none,True,True
53675,1.0,0.0,0.5,none,True,True
53676,1.0,0.0,0.5,none,True,True
53677,1.0,0.0,0.5,none,True,True
53678,1.0,0.0,0.5,none,True,True
53679,1.0,0.0,0.5,none,True,True
53680,1.0,0.0,0.5,none,True,True
53681,1.0,0.0,0.5,none,True,True
53682,1.0,0.0,0.5,none,True,True
53683,1.0,0.0,0.5,none,True,True
53684,1.0,0.0,0.5,none,True,True
53685,1.0,0.0,0.5,none,True,True
53686,1.0,0.0,0.5,none,True,True
53687,1.0,0.0,0.5,none,True,True
53688,1.0,0.0,0.5,none,True,True
53689,1.0,0.0,0.5,none,True,True
53690,1.0,0.0,0.5,none,True,True
53691,1.0,0.0,0.5,none,True,True
53692,1.0,0.0,0.5,none,True,True
53693,1.0,0.0,0.5,none,True,True
53694,1.0,0.0,0.5,none,True,True
53695,1.0,0.0,0.5,none,True,True
53696,1.0,0.0,0.5,none,True,True
53697,1.0,0.0,0.5,none,True,True
53698,1.0,0.0,0.5,none,True,True
53699,1.0,0.0,0.5,none,True,True
53700,1.0,0.0,0.5,none,True,True
53701,1.0,0.0,0.5,none,True,True
53702,1.0,0.0,0.5,none,True,True
53703,1.0,0.0,0.5,none,True,True
53704,1.0,0.0,0.5,none,True,True
53705,1.0,0.0,0.5,none,True,True
53706,1.0,0.0,0.5,none,True,True
53707,1.0,0.0,0.5,none,True,True
53708,1.0,0.0,0.5,none,True,True
53709,1.0,0.0,0.5,none,True,True
53710,1.0,0.0,0.5,none,True,True
53711,1.0,0.0,0.5,none,True,True
53712,1.0,0.0,0.5,none,True,True
53713,1.0,0.0,0.5,none,True,True
53714,1.0,0.0,0.5,none,True,True
53715,1.0,0.0,0.5,none,True,True
53716,1.0,0.0,0.5,none,True,True
53717,1.0,0.0,0.5,none,True,True
53718,1.0,0.0,0.5,none,True,True
53719,1.0,0.0,0.5,none,True,True
53720,1.0,0.0,0.5,none,True,True
53721,1.0,0.0,0.5,none,True,True
53722,1.0,0.0,0.5,none,True,True
53723,1.0,0.0,0.5,none,True,True
53724,1.0,0.0,0.5,none,True,True
53725,1.0,0.0,0.5,none,True,True
53726,1.0,0.0,0.5,none,True,True
53727,1.0,0.0,0.5,none,True,True
53728,1.0,0.0,0.5,none,True,True
53729,1.0,0.0,0.5,none,True,True
53730,1.0,0.0,0.5,none,True,True
53731,1.0,0.0,0.5,none,True,True
53732,1.0,0.0,0.5,none,True,True
53733,1.0,0.0,0.5,none,True,True
53734,1.0,0.0,0.5,none,True,True
53735,1.0,0.0,0.5,none,True,True
53736,1.0,0.0,0.5,none,True,True
53737,1.0,0.0,0.5,none,True,True
53738,1.0,0.0,0.5,none,True,True
53739,1.0,0.0,0.5,none,True,True
53740,1.0,0.0,0.5,none,True,True
53741,1.0,0.0,0.5,none,True,True
53742,1.0,0.0,0.5,none,True,True
53743,1.0,0.0,0.5,none,True,True
53744,1.0,0.0,0.5,none,True,True
53745,1.0,0.0,0.5,none,True,True
53746,1.0,0.0,0.5,none,True,True
53747,1.0,0.0,0.5,none,True,True
53748,1.0,0.0,0.5,none,True,True
53749,1.0,0.0,0.5,none,True,True
53750,1.0,0.0,0.5,none,True,True
53751,1.0,0.0,0.5,none,True,True
53752,1.0,0.0,0.5,none,True,True
53753,1.0,0.0,0.5,none,True,True
53754,1.0,0.0,0.5,none,True,True
53755,1.0,0.0,0.5,none,True,True
53756,1.0,0.0,0.5,none,True,True
53757,1.0,0.0,0.5,none,True,True
53758,1.0,0.0,0.5,none,True,True
53759,1.0,0.0,0.5,none,True,True
53760,1.0,0.0,0.5,none,True,True
53761,1.0,0.0,0.5,none,True,True
53762,1.0,0.0,0.5,none,True,True
53763,1.0,0.0,0.5,none,True,True
53764,1.0,0.0,0.5,none,True,True
53765,1.0,0.0,0.5,none,True,True
53766,1.0,0.0,0.5,none,True,True
53767,1.0,0.0,0.5,none,True,True
53768,1.0,0.0,0.5,none,True,True
53769,1.0,0.0,0.5,none,True,True
53770,1.0,0.0,0.5,none,True,True
53771,1.0,0.0,0.5,none,True,True
53772,1.0,0.0,0.5,none,True,True
53773,1.0,0.0,0.5,none,True,True
53774,1.0,0.0,0.5,none,True,True
53775,1.0,0.0,0.5,none,True,True
53776,1.0,0.0,0.5,none,True,True
53777,1.0,0.0,0.5,none,True,True
53778,1.0,0.0,0.5,none,True,True
53779,1.0,0.0,0.5,none,True,True
53780,1.0,0.0,0.5,none,True,True
53781,1.0,0.0,0.5,none,True,True
53782,1.0,0.0,0.5,none,True,True
53783,1.0,0.0,0.5,none,True,True
53784,1.0,0.0,0.5,none,True,True
53785,1.0,0.0,0.5,none,True,True
53786,1.0,0.0,0.5,none,True,True
53787,1.0,0.0,0.5,none,True,True
53788,1.0,0.0,0.5,none,True,True
53789,1.0,0.0,0.5,none,True,True
53790,1.0,0.0,0.5,none,True,True
53791,1.0,0.0,0.5,none,True,True
53792,1.0,0.0,0.5,none,True,True
53793,1.0,0.0,0.5,none,True,True
53794,1.0,0.0,0.5,none,True,True
53795,1.0,0.0,0.5,none,True,True
53796,1.0,0.0,0.5,none,True,True
53797,1.0,0.0,0.5,none,True,True
53798,1.0,0.0,0.5,none,True,True
53799,1.0,0.0,0.5,none,True,True
53800,1.0,0.0,0.5,none,True,True
53801,1.0,0.0,0.5,none,True,True
53802,1.0,0.0,0.5,none,True,True
53803,1.0,0.0,0.5,none,True,True
53804,1.0,0.0,0.5,none,True,True
53805,1.0,0.0,0.5,none,True,True
53806,1.0,0.0,0.5,none,True,True
53807,1.0,0.0,0.5,none,True,True
53808,1.0,0.0,0.5,none,True,True
53809,1.0,0.0,0.5,none,True,True
53810,1.0,0.0,0.5,none,True,True
53811,1.0,0.0,0.5,none,True,True
53812,1.0,0.0,0.5,none,True,True
53813,1.0,0.0,0.5,none,True,True
53814,1.0,0.0,0.5,none,True,True
53815,1.0,0.0,0.5,none,True,True
53816,1.0,0.0,0.5,none,True,True
53817,1.0,0.0,0.5,none,True,True
53818,1.0,0.0,0.5,none,True,True
53819,1.0,0.0,0.5,none,True,True
53820,1.0,0.0,0.5,none,True,True
53821,1.0,0.0,0.5,none,True,True
53822,1.0,0.0,0.5,none,True,True
53823,1.0,0.0,0.5,none,True,True
53824,1.0,0.0,0.5,none,True,True
53825,1.0,0.0,0.5,none,True,True
53826,1.0,0.0,0.5,none,True,True
53827,1.0,0.0,0.5,none,True,True
53828,1.0,0.0,0.5,none,True,True
53829,1.0,0.0,0.5,none,True,True
53830,1.0,0.0,0.5,none,True,True
53831,1.0,0.0,0.5,none,True,True
53832,1.0,0.0,0.5,none,True,True
53833,1.0,0.0,0.5,none,True,True
53834,1.0,0.0,0.5,none,True,True
53835,1.0,0.0,0.5,none,True,True
53836,1.0,0.0,0.5,none,True,True
53837,1.0,0.0,0.5,none,True,True
53838,1.0,0.0,0.5,none,True,True
53839,1.0,0.0,0.5,none,True,True
53840,1.0,0.0,0.5,none,True,True
53841,1.0,0.0,0.5,none,True,True
53842,1.0,0.0,0.5,none,True,True
53843,1.0,0.0,0.5,none,True,True
53844,1.0,0.0,0.5,none,True,True
53845,1.0,0.0,0.5,none,True,True
53846,1.0,0.0,0.5,none,True,True
53847,1.0,0.0,0.5,none,True,True
53848,1.0,0.0,0.5,none,True,True
53849,1.0,0.0,0.5,none,True,True
53850,1.0,0.0,0.5,none,True,True
53851,1.0,0.0,0.5,none,True,True
53852,1.0,0.0,0.5,none,True,True
53853,1.0,0.0,0.5,none,True,True
53854,1.0,0.0,0.5,none,True,True
53855,1.0,0.0,0.5,none,True,True
53856,1.0,0.0,0.5,none,True,True
53857,1.0,0.0,0.5,none,True,True
53858,1.0,0.0,0.5,none,True,True
53859,1.0,0.0,0.5,none,True,True
53860,1.0,0.0,0.5,none,True,True
53861,1.0,0.0,0.5,none,True,True
53862,1.0,0.0,0.5,none,True,True
53863,1.0,0.0,0.5,none,True,True
53864,1.0,0.0,0.5,none,True,True
53865,1.0,0.0,0.5,none,True,True
53866,1.0,0.0,0.5,none,True,True
53867,1.0,0.0,0.5,none,True,True
53868,1.0,0.0,0.5,none,True,True
53869,1.0,0.0,0.5,none,True,True
53870,1.0,0.0,0.5,none,True,True
53871,1.0,0.0,0.5,none,True,True
53872,1.0,0.0,0.5,none,True,True
53873,1.0,0.0,0.5,none,True,True
53874,1.0,0.0,0.5,none,True,True
53875,1.0,0.0,0.5,none,True,True
53876,1.0,0.0,0.5,none,True,True
53877,1.0,0.0,0.5,none,True,True
53878,1.0,0.0,0.5,none,True,True
53879,1.0,0.0,0.5,none,True,True
53880,1.0,0.0,0.5,none,True,True
53881,1.0,0.0,0.5,none,True,True
53882,1.0,0.0,0.5,none,True,True
53883,1.0,0.0,0.5,none,True,True
53884,1.0,0.0,0.5,none,True,True
53885,1.0,0.0,0.5,none,True,True
53886,1.0,0.0,0.5,none,True,True
53887,1.0,0.0,0.5,none,True,True
53888,1.0,0.0,0.5,none,True,True
53889,1.0,0.0,0.5,none,True,True
53890,1.0,0.0,0.5,none,True,True
53891,1.0,0.0,0.5,none,True,True
53892,1.0,0.0,0.5,none,True,True
53893,1.0,0.0,0.5,none,True,True
53894,1.0,0.0,0.5,none,True,True
53895,1.0,0.0,0.5,none,True,True
53896,1.0,0.0,0.5,none,True,True
53897,1.0,0.0,0.5,none,True,True
53898,1.0,0.0,0.5,none,True,True
53899,1.0,0.0,0.5,none,True,True
53900,1.0,0.0061,0.5,none,True,True
53901,1.0,0.0357,0.5,none,True,True
53902,1.0,0.0812,0.5,none,True,True
53903,1.0,0.1113,0.5,none,True,True
53904,1.0,0.1253,0.5,none,True,True
53905,1.0,0.1408,0.5,none,True,True
53906,1.0,0.0907,0.5,none,True,True
53907,1.0,0.1198,0.5,none,True,True
53908,1.0,0.0467,0.5,none,True,True
53909,1.0,0.0522,0.5,none,True,True
53910,1.0,0.0405,0.5,none,True,True
53911,1.0,0.0313,0.5,none,True,True
53912,1.0,0.0083,0.5,none,True,True
53913,1.0,0.0726,0.5,none,True,True
53914,1.0,0.0793,0.5,none,True,True
53915,1.0,0.0581,0.5,none,True,True
53916,1.0,0.0955,0.5,none,True,True
53917,1.0,0.0839,0.5,none,True,True
53918,1.0,0.0648,0.5,none,True,True
53919,1.0,0.0718,0.5,none,True,True
53920,1.0,0.0589,0.5,none,True,True
53921,1.0,0.0403,0.5,none,True,True
53922,1.0,0.0327,0.5,none,True,True
53923,1.0,0.0277,0.5,none,True,True
53924,1.0,0.017,0.5,none,True,True
53925,1.0,0.0102,0.5,none,True,True
53926,1.0,0.0099,0.5,none,True,True
53927,1.0,0.008,0.5,none,True,True
53928,1.0,0.005,0.5,none,True,True
53929,1.0,0.0063,0.5,none,True,True
53930,1.0,0.009,0.5,none,True,True
53931,1.0,0.0096,0.5,none,True,True
53932,1.0,0.0108,0.5,none,True,True
53933,1.0,0.014,0.5,none,True,True
53934,1.0,0.0161,0.5,none,True,True
53935,1.0,0.0167,0.5,none,True,True
53936,1.0,0.0182,0.5,none,True,True
53937,1.0,0.0196,0.5,none,True,True
53938,1.0,0.0197,0.5,none,True,True
53939,1.0,0.0193,0.5,none,True,True
53940,1.0,0.0193,0.5,none,True,True
53941,1.0,0.0187,0.5,none,True,True
53942,1.0,0.0174,0.5,none,True,True
53943,1.0,0.0163,0.5,none,True,True
53944,1.0,0.0152,0.5,none,True,True
53945,1.0,0.0138,0.5,none,True,True
53946,1.0,0.0123,0.5,none,True,True
53947,1.0,0.0111,0.5,none,True,True
53948,1.0,0.01,0.5,none,True,True
53949,1.0,0.0088,0.5,none,True,True
53950,1.0,0.0078,0.5,none,True,True
53951,1.0,0.0071,0.5,none,True,True
53952,1.0,0.0064,0.5,none,True,True
53953,1.0,0.0057,0.5,none,True,True
53954,1.0,0.0053,0.5,none,True,True
53955,1.0,0.005,0.5,none,True,True
53956,1.0,0.0047,0.5,none,True,True
53957,1.0,0.0045,0.5,none,True,True
53958,1.0,0.0044,0.5,none,True,True
53959,1.0,0.0043,0.5,none,True,True
53960,1.0,0.0042,0.5,none,True,True
53961,1.0,0.0041,0.5,none,True,True
53962,1.0,0.004,0.5,none,True,True
53963,1.0,0.0039,0.5,none,True,True
53964,1.0,0.0038,0.5,none,True,True
53965,1.0,0.0037,0.5,none,True,True
53966,1.0,0.0035,0.5,none,True,True
53967,1.0,0.0033,0.5,none,True,True
53968,1.0,0.0032,0.5,none,True,True
53969,1.0,0.003,0.5,none,True,True
53970,1.0,0.0028,0.5,none,True,True
53971,1.0,0.0026,0.5,none,True,True
53972,1.0,0.0024,0.5,none,True,True
53973,1.0,0.0023,0.5,none,True,True
53974,1.0,0.0021,0.5,none,True,True
53975,1.0,0.0019,0.5,none,True,True
53976,1.0,0.0018,0.5,none,True,True
53977,1.0,0.0017,0.5,none,True,True
53978,1.0,0.0015,0.5,none,True,True
53979,1.0,0.0014,0.5,none,True,True
53980,1.0,0.0013,0.5,none,True,True
53981,1.0,0.0013,0.5,none,True,True
53982,1.0,0.0012,0.5,none,True,True
53983,1.0,0.0011,0.5,none,True,True
53984,1.0,0.0011,0.5,none,True,True
53985,1.0,0.001,0.5,none,True,True
53986,1.0,0.001,0.5,none,True,True
53987,1.0,0.0009,0.5,none,True,True
53988,1.0,0.0009,0.5,none,True,True
53989,1.0,0.0008,0.5,none,True,True
53990,1.0,0.0008,0.5,none,True,True
53991,1.0,0.0008,0.5,none,True,True
53992,1.0,0.0007,0.5,none,True,True
53993,1.0,0.0007,0.5,none,True,True
53994,1.0,0.0006,0.5,none,True,True
53995,1.0,0.0006,0.5,none,True,True
53996,1.0,0.0006,0.5,none,True,True
53997,1.0,0.0005,0.5,none,True,True
53998,1.0,0.0005,0.5,none,True,True
53999,1.0,0.0005,0.5,none,True,True
54000,1.0,0.0004,0.5,none,True,True
54001,1.0,0.0004,0.5,none,True,True
54002,1.0,0.0004,0.5,none,True,True
54003,1.0,0.0004,0.5,none,True,True
54004,1.0,0.0003,0.5,none,True,True
54005,1.0,0.0003,0.5,none,True,True
54006,1.0,0.0003,0.5,none,True,True
54007,1.0,0.0003,0.5,none,True,True
54008,1.0,0.0003,0.5,none,True,True
54009,1.0,0.0003,0.5,none,True,True
54010,1.0,0.0002,0.5,none,True,True
54011,1.0,0.0002,0.5,none,True,True
54012,1.0,0.0002,0.5,none,True,True
54013,1.0,0.0002,0.5,none,True,True
54014,1.0,0.0002,0.5,none,True,True
54015,1.0,0.0002,0.5,none,True,True
54016,1.0,0.0002,0.5,none,True,True
54017,1.0,0.0002,0.5,none,True,True
54018,1.0,0.0002,0.5,none,True,True
54019,1.0,0.0001,0.5,none,True,True
54020,1.0,0.0001,0.5,none,True,True
54021,1.0,0.0001,0.5,none,True,True
54022,1.0,0.0001,0.5,none,True,True
54023,1.0,0.0001,0.5,none,True,True
54024,1.0,0.0001,0.5,none,True,True
54025,1.0,0.0001,0.5,none,True,True
54026,1.0,0.0001,0.5,none,True,True
54027,1.0,0.0001,0.5,none,True,True
54028,1.0,0.0001,0.5,none,True,True
54029,1.0,0.0001,0.5,none,True,True
54030,1.0,0.0001,0.5,none,True,True
54031,1.0,0.0001,0.5,none,True,True
54032,1.0,0.0001,0.5,none,True,True
54033,1.0,0.0001,0.5,none,True,True
54034,1.0,0.0001,0.5,none,True,True
54035,1.0,0.0001,0.5,none,True,True
54036,1.0,0.0001,0.5,none,True,True
54037,1.0,0.0,0.5,none,True,True
54038,1.0,0.0,0.5,none,True,True
54039,1.0,0.0,0.5,none,True,True
54040,1.0,0.0,0.5,none,True,True
54041,1.0,0.0,0.5,none,True,True
54042,1.0,0.0,0.5,none,True,True
54043,1.0,0.0,0.5,none,True,True
54044,1.0,0.0,0.5,none,True,True
54045,1.0,0.0,0.5,none,True,True
54046,1.0,0.0,0.5,none,True,True
54047,1.0,0.0,0.5,none,True,True
54048,1.0,0.0,0.5,none,True,True
54049,1.0,0.0,0.5,none,True,True
54050,1.0,0.0,0.5,none,True,True
54051,1.0,0.0,0.5,none,True,True
54052,1.0,0.0,0.5,none,True,True
54053,1.0,0.0,0.5,none,True,True
54054,1.0,0.0,0.5,none,True,True
54055,1.0,0.0,0.5,none,True,True
54056,1.0,0.0,0.5,none,True,True
54057,1.0,0.0,0.5,none,True,True
54058,1.0,0.0,0.5,none,True,True
54059,1.0,0.0,0.5,none,True,True
54060,1.0,0.0,0.5,none,True,True
54061,1.0,0.0,0.5,none,True,True
54062,1.0,0.0,0.5,none,True,True
54063,1.0,0.0,0.5,none,True,True
54064,1.0,0.0,0.5,none,True,True
54065,1.0,0.0,0.5,none,True,True
54066,1.0,0.0,0.5,none,True,True
54067,1.0,0.0,0.5,none,True,True
54068,1.0,0.0,0.5,none,True,True
54069,1.0,0.0,0.5,none,True,True
54070,1.0,0.0,0.5,none,True,True
54071,1.0,0.0,0.5,none,True,True
54072,1.0,0.0,0.5,none,True,True
54073,1.0,0.0,0.5,none,True,True
54074,1.0,0.0,0.5,none,True,True
54075,1.0,0.0,0.5,none,True,True
54076,1.0,0.0,0.5,none,True,True
54077,1.0,0.0,0.5,none,True,True
54078,1.0,0.0,0.5,none,True,True
54079,1.0,0.0,0.5,none,True,True
54080,1.0,0.0,0.5,none,True,True
54081,1.0,0.0,0.5,none,True,True
54082,1.0,0.0,0.5,none,True,True
54083,1.0,0.0,0.5,none,True,True
54084,1.0,0.0,0.5,none,True,True
54085,1.0,0.0,0.5,none,True,True
54086,1.0,0.0,0.5,none,True,True
54087,1.0,0.0,0.5,none,True,True
54088,1.0,0.0,0.5,none,True,True
54089,1.0,0.0,0.5,none,True,True
54090,1.0,0.0,0.5,none,True,True
54091,1.0,0.0,0.5,none,True,True
54092,1.0,0.0,0.5,none,True,True
54093,1.0,0.0,0.5,none,True,True
54094,1.0,0.0,0.5,none,True,True
54095,1.0,0.0,0.5,none,True,True
54096,1.0,0.0,0.5,none,True,True
54097,1.0,0.0,0.5,none,True,True
54098,1.0,0.0,0.5,none,True,True
54099,1.0,0.0,0.5,none,True,True
54100,1.0,0.0,0.5,none,True,True
54101,1.0,0.0,0.5,none,True,True
54102,1.0,0.0,0.5,none,True,True
54103,1.0,0.0,0.5,none,True,True
54104,1.0,0.0,0.5,none,True,True
54105,1.0,0.0,0.5,none,True,True
54106,1.0,0.0,0.5,none,True,True
54107,1.0,0.0,0.5,none,True,True
54108,1.0,0.0,0.5,none,True,True
54109,1.0,0.0,0.5,none,True,True
54110,1.0,0.0,0.5,none,True,True
54111,1.0,0.0,0.5,none,True,True
54112,1.0,0.0,0.5,none,True,True
54113,1.0,0.0,0.5,none,True,True
54114,1.0,0.0,0.5,none,True,True
54115,1.0,0.0,0.5,none,True,True
54116,1.0,0.0,0.5,none,True,True
54117,1.0,0.0,0.5,none,True,True
54118,1.0,0.0,0.5,none,True,True
54119,1.0,0.0,0.5,none,True,True
54120,1.0,0.0,0.5,none,True,True
54121,1.0,0.0,0.5,none,True,True
54122,1.0,0.0,0.5,none,True,True
54123,1.0,0.0,0.5,none,True,True
54124,1.0,0.0,0.5,none,True,True
54125,1.0,0.0,0.5,none,True,True
54126,1.0,0.0,0.5,none,True,True
54127,1.0,0.0,0.5,none,True,True
54128,1.0,0.0,0.5,none,True,True
54129,1.0,0.0,0.5,none,True,True
54130,1.0,0.0,0.5,none,True,True
54131,1.0,0.0,0.5,none,True,True
54132,1.0,0.0,0.5,none,True,True
54133,1.0,0.0,0.5,none,True,True
54134,1.0,0.0,0.5,none,True,True
54135,1.0,0.0,0.5,none,True,True
54136,1.0,0.0,0.5,none,True,True
54137,1.0,0.0,0.5,none,True,True
54138,1.0,0.0,0.5,none,True,True
54139,1.0,0.0,0.5,none,True,True
54140,1.0,0.0,0.5,none,True,True
54141,1.0,0.0,0.5,none,True,True
54142,1.0,0.0,0.5,none,True,True
54143,1.0,0.0,0.5,none,True,True
54144,1.0,0.0,0.5,none,True,True
54145,1.0,0.0,0.5,none,True,True
54146,1.0,0.0,0.5,none,True,True
54147,1.0,0.0,0.5,none,True,True
54148,1.0,0.0,0.5,none,True,True
54149,1.0,0.0,0.5,none,True,True
54150,1.0,0.0,0.5,none,True,True
54151,1.0,0.0,0.5,none,True,True
54152,1.0,0.0,0.5,none,True,True
54153,1.0,0.0,0.5,none,True,True
54154,1.0,0.0,0.5,none,True,True
54155,1.0,0.0,0.5,none,True,True
54156,1.0,0.0,0.5,none,True,True
54157,1.0,0.0,0.5,none,True,True
54158,1.0,0.0,0.5,none,True,True
54159,1.0,0.0,0.5,none,True,True
54160,1.0,0.0,0.5,none,True,True
54161,1.0,0.0,0.5,none,True,True
54162,1.0,0.0,0.5,none,True,True
54163,1.0,0.0,0.5,none,True,True
54164,1.0,0.0,0.5,none,True,True
54165,1.0,0.0,0.5,none,True,True
54166,1.0,0.0,0.5,none,True,True
54167,1.0,0.0,0.5,none,True,True
54168,1.0,0.0,0.5,none,True,True
54169,1.0,0.0,0.5,none,True,True
54170,1.0,0.0,0.5,none,True,True
54171,1.0,0.0,0.5,none,True,True
54172,1.0,0.0,0.5,none,True,True
54173,1.0,0.0,0.5,none,True,True
54174,1.0,0.0,0.5,none,True,True
54175,1.0,0.0,0.5,none,True,True
54176,1.0,0.0,0.5,none,True,True
54177,1.0,0.0,0.5,none,True,True
54178,1.0,0.0,0.5,none,True,True
54179,1.0,0.0,0.5,none,True,True
54180,1.0,0.0,0.5,none,True,True
54181,1.0,0.0,0.5,none,True,True
54182,1.0,0.0,0.5,none,True,True
54183,1.0,0.0,0.5,none,True,True
54184,1.0,0.0,0.5,none,True,True
54185,1.0,0.0,0.5,none,True,True
54186,1.0,0.0,0.5,none,True,True
54187,1.0,0.0,0.5,none,True,True
54188,1.0,0.0,0.5,none,True,True
54189,1.0,0.0,0.5,none,True,True
54190,1.0,0.0,0.5,none,True,True
54191,1.0,0.0,0.5,none,True,True
54192,1.0,0.0,0.5,none,True,True
54193,1.0,0.0,0.5,none,True,True
54194,1.0,0.0,0.5,none,True,True
54195,1.0,0.0,0.5,none,True,True
54196,1.0,0.0,0.5,none,True,True
54197,1.0,0.0,0.5,none,True,True
54198,1.0,0.0,0.5,none,True,True
54199,1.0,0.0,0.5,none,True,True
54200,1.0,0.0,0.5,none,True,True
54201,1.0,0.0,0.5,none,True,True
54202,1.0,0.0,0.5,none,True,True
54203,1.0,0.0,0.5,none,True,True
54204,1.0,0.0,0.5,none,True,True
54205,1.0,0.0,0.5,none,True,True
54206,1.0,0.0,0.5,none,True,True
54207,1.0,0.0,0.5,none,True,True
54208,1.0,0.0,0.5,none,True,True
54209,1.0,0.0,0.5,none,True,True
54210,1.0,0.0,0.5,none,True,True
54211,1.0,0.0,0.5,none,True,True
54212,1.0,0.0,0.5,none,True,True
54213,1.0,0.0,0.5,none,True,True
54214,1.0,0.0,0.5,none,True,True
54215,1.0,0.0,0.5,none,True,True
54216,1.0,0.0,0.5,none,True,True
54217,1.0,0.0,0.5,none,True,True
54218,1.0,0.0,0.5,none,True,True
54219,1.0,0.0,0.5,none,True,True
54220,1.0,0.0,0.5,none,True,True
54221,1.0,0.0,0.5,none,True,True
54222,1.0,0.0,0.5,none,True,True
54223,1.0,0.0,0.5,none,True,True
54224,1.0,0.0,0.5,none,True,True
54225,1.0,0.0,0.5,none,True,True
54226,1.0,0.0,0.5,none,True,True
54227,1.0,0.0,0.5,none,True,True
54228,1.0,0.0,0.5,none,True,True
54229,1.0,0.0,0.5,none,True,True
54230,1.0,0.0,0.5,none,True,True
54231,1.0,0.0,0.5,none,True,True
54232,1.0,0.0,0.5,none,True,True
54233,1.0,0.0,0.5,none,True,True
54234,1.0,0.0,0.5,none,True,True
54235,1.0,0.0,0.5,none,True,True
54236,1.0,0.0,0.5,none,True,True
54237,1.0,0.0,0.5,none,True,True
54238,1.0,0.0,0.5,none,True,True
54239,1.0,0.0,0.5,none,True,True
54240,1.0,0.0,0.5,none,True,True
54241,1.0,0.0,0.5,none,True,True
54242,1.0,0.0,0.5,none,True,True
54243,1.0,0.0,0.5,none,True,True
54244,1.0,0.0,0.5,none,True,True
54245,1.0,0.0,0.5,none,True,True
54246,1.0,0.0,0.5,none,True,True
54247,1.0,0.0,0.5,none,True,True
54248,1.0,0.0,0.5,none,True,True
54249,1.0,0.0,0.5,none,True,True
54250,1.0,0.0,0.5,none,True,True
54251,1.0,0.0,0.5,none,True,True
54252,1.0,0.0,0.5,none,True,True
54253,1.0,0.0,0.5,none,True,True
54254,1.0,0.0,0.5,none,True,True
54255,1.0,0.0,0.5,none,True,True
54256,1.0,0.0,0.5,none,True,True
54257,1.0,0.0,0.5,none,True,True
54258,1.0,0.0,0.5,none,True,True
54259,1.0,0.0,0.5,none,True,True
54260,1.0,0.0,0.5,none,True,True
54261,1.0,0.0,0.5,none,True,True
54262,1.0,0.0,0.5,none,True,True
54263,1.0,0.0,0.5,none,True,True
54264,1.0,0.0,0.5,none,True,True
54265,1.0,0.0,0.5,none,True,True
54266,1.0,0.0,0.5,none,True,True
54267,1.0,0.0,0.5,none,True,True
54268,1.0,0.0,0.5,none,True,True
54269,1.0,0.0,0.5,none,True,True
54270,1.0,0.0,0.5,none,True,True
54271,1.0,0.0,0.5,none,True,True
54272,1.0,0.0,0.5,none,True,True
54273,1.0,0.0,0.5,none,True,True
54274,1.0,0.0,0.5,none,True,True
54275,1.0,0.0,0.5,none,True,True
54276,1.0,0.0,0.5,none,True,True
54277,1.0,0.0,0.5,none,True,True
54278,1.0,0.0,0.5,none,True,True
54279,1.0,0.0,0.5,none,True,True
54280,1.0,0.0,0.5,none,True,True
54281,1.0,0.0,0.5,none,True,True
54282,1.0,0.0,0.5,none,True,True
54283,1.0,0.0,0.5,none,True,True
54284,1.0,0.0,0.5,none,True,True
54285,1.0,0.0,0.5,none,True,True
54286,1.0,0.0,0.5,none,True,True
54287,1.0,0.0,0.5,none,True,True
54288,1.0,0.0,0.5,none,True,True
54289,1.0,0.0,0.5,none,True,True
54290,1.0,0.0,0.5,none,True,True
54291,1.0,0.0,0.5,none,True,True
54292,1.0,0.0,0.5,none,True,True
54293,1.0,0.0,0.5,none,True,True
54294,1.0,0.0,0.5,none,True,True
54295,1.0,0.0,0.5,none,True,True
54296,1.0,0.0,0.5,none,True,True
54297,1.0,0.0,0.5,none,True,True
54298,1.0,0.0,0.5,none,True,True
54299,1.0,0.0,0.5,none,True,True
54300,1.0,0.0,0.5,none,True,True
54301,1.0,0.0,0.5,none,True,True
54302,1.0,0.0,0.5,none,True,True
54303,1.0,0.0,0.5,none,True,True
54304,1.0,0.0,0.5,none,True,True
54305,1.0,0.0,0.5,none,True,True
54306,1.0,0.0,0.5,none,True,True
54307,1.0,0.0,0.5,none,True,True
54308,1.0,0.0,0.5,none,True,True
54309,1.0,0.0,0.5,none,True,True
54310,1.0,0.0,0.5,none,True,True
54311,1.0,0.0,0.5,none,True,True
54312,1.0,0.0,0.5,none,True,True
54313,1.0,0.0,0.5,none,True,True
54314,1.0,0.0,0.5,none,True,True
54315,1.0,0.0,0.5,none,True,True
54316,1.0,0.0,0.5,none,True,True
54317,1.0,0.0,0.5,none,True,True
54318,1.0,0.0,0.5,none,True,True
54319,1.0,0.0,0.5,none,True,True
54320,1.0,0.0,0.5,none,True,True
54321,1.0,0.0,0.5,none,True,True
54322,1.0,0.0,0.5,none,True,True
54323,1.0,0.0,0.5,none,True,True
54324,1.0,0.0,0.5,none,True,True
54325,1.0,0.0,0.5,none,True,True
54326,1.0,0.0,0.5,none,True,True
54327,1.0,0.0,0.5,none,True,True
54328,1.0,0.0,0.5,none,True,True
54329,1.0,0.0,0.5,none,True,True
54330,1.0,0.0,0.5,none,True,True
54331,1.0,0.0,0.5,none,True,True
54332,1.0,0.0,0.5,none,True,True
54333,1.0,0.0,0.5,none,True,True
54334,1.0,0.0,0.5,none,True,True
54335,1.0,0.0,0.5,none,True,True
54336,1.0,0.0,0.5,none,True,True
54337,1.0,0.0,0.5,none,True,True
54338,1.0,0.0,0.5,none,True,True
54339,1.0,0.0,0.5,none,True,True
54340,1.0,0.0,0.5,none,True,True
54341,1.0,0.0,0.5,none,True,True
54342,1.0,0.0,0.5,none,True,True
54343,1.0,0.0,0.5,none,True,True
54344,1.0,0.0,0.5,none,True,True
54345,1.0,0.0,0.5,none,True,True
54346,1.0,0.0,0.5,none,True,True
54347,1.0,0.0,0.5,none,True,True
54348,1.0,0.0,0.5,none,True,True
54349,1.0,0.0,0.5,none,True,True
54350,1.0,0.0,0.5,none,True,True
54351,1.0,0.0,0.5,none,True,True
54352,1.0,0.0,0.5,none,True,True
54353,1.0,0.0,0.5,none,True,True
54354,1.0,0.0,0.5,none,True,True
54355,1.0,0.0,0.5,none,True,True
54356,1.0,0.0,0.5,none,True,True
54357,1.0,0.0,0.5,none,True,True
54358,1.0,0.0,0.5,none,True,True
54359,1.0,0.0,0.5,none,True,True
54360,1.0,0.0,0.5,none,True,True
54361,1.0,0.0,0.5,none,True,True
54362,1.0,0.0,0.5,none,True,True
54363,1.0,0.0,0.5,none,True,True
54364,1.0,0.0,0.5,none,True,True
54365,1.0,0.0,0.5,none,True,True
54366,1.0,0.0,0.5,none,True,True
54367,1.0,0.0,0.5,none,True,True
54368,1.0,0.0,0.5,none,True,True
54369,1.0,0.0,0.5,none,True,True
54370,1.0,0.0,0.5,none,True,True
54371,1.0,0.0,0.5,none,True,True
54372,1.0,0.0,0.5,none,True,True
54373,1.0,0.0,0.5,none,True,True
54374,1.0,0.0,0.5,none,True,True
54375,1.0,0.0,0.5,none,True,True
54376,1.0,0.0,0.5,none,True,True
54377,1.0,0.0,0.5,none,True,True
54378,1.0,0.0,0.5,none,True,True
54379,1.0,0.0,0.5,none,True,True
54380,1.0,0.0,0.5,none,True,True
54381,1.0,0.0,0.5,none,True,True
54382,1.0,0.0,0.5,none,True,True
54383,1.0,0.0,0.5,none,True,True
54384,1.0,0.0,0.5,none,True,True
54385,1.0,0.0,0.5,none,True,True
54386,1.0,0.0,0.5,none,True,True
54387,1.0,0.0,0.5,none,True,True
54388,1.0,0.0,0.5,none,True,True
54389,1.0,0.0,0.5,none,True,True
54390,1.0,0.0,0.5,none,True,True
54391,1.0,0.0,0.5,none,True,True
54392,1.0,0.0,0.5,none,True,True
54393,1.0,0.0,0.5,none,True,True
54394,1.0,0.0,0.5,none,True,True
54395,1.0,0.0,0.5,none,True,True
54396,1.0,0.0,0.5,none,True,True
54397,1.0,0.0,0.5,none,True,True
54398,1.0,0.0,0.5,none,True,True
54399,1.0,0.0,0.5,none,True,True
54400,1.0,0.0,0.5,none,True,True
54401,1.0,0.0,0.5,none,True,True
54402,1.0,0.0,0.5,none,True,True
54403,1.0,0.0,0.5,none,True,True
54404,1.0,0.0,0.5,none,True,True
54405,1.0,0.0,0.5,none,True,True
54406,1.0,0.0,0.5,none,True,True
54407,1.0,0.0,0.5,none,True,True
54408,1.0,0.0,0.5,none,True,True
54409,1.0,0.0,0.5,none,True,True
54410,1.0,0.0,0.5,none,True,True
54411,1.0,0.0,0.5,none,True,True
54412,1.0,0.0,0.5,none,True,True
54413,1.0,0.0,0.5,none,True,True
54414,1.0,0.0,0.5,none,True,True
54415,1.0,0.0,0.5,none,True,True
54416,1.0,0.0,0.5,none,True,True
54417,1.0,0.0,0.5,none,True,True
54418,1.0,0.0,0.5,none,True,True
54419,1.0,0.0,0.5,none,True,True
54420,1.0,0.0,0.5,none,True,True
54421,1.0,0.0,0.5,none,True,True
54422,1.0,0.0,0.5,none,True,True
54423,1.0,0.0,0.5,none,True,True
54424,1.0,0.0,0.5,none,True,True
54425,1.0,0.0,0.5,none,True,True
54426,1.0,0.0,0.5,none,True,True
54427,1.0,0.0,0.5,none,True,True
54428,1.0,0.0,0.5,none,True,True
54429,1.0,0.0,0.5,none,True,True
54430,1.0,0.0,0.5,none,True,True
54431,1.0,0.0,0.5,none,True,True
54432,1.0,0.0,0.5,none,True,True
54433,1.0,0.0,0.5,none,True,True
54434,1.0,0.0,0.5,none,True,True
54435,1.0,0.0,0.5,none,True,True
54436,1.0,0.0,0.5,none,True,True
54437,1.0,0.0,0.5,none,True,True
54438,1.0,0.0,0.5,none,True,True
54439,1.0,0.0,0.5,none,True,True
54440,1.0,0.0,0.5,none,True,True
54441,1.0,0.0,0.5,none,True,True
54442,1.0,0.0,0.5,none,True,True
54443,1.0,0.0,0.5,none,True,True
54444,1.0,0.0,0.5,none,True,True
54445,1.0,0.0,0.5,none,True,True
54446,1.0,0.0,0.5,none,True,True
54447,1.0,0.0,0.5,none,True,True
54448,1.0,0.0,0.5,none,True,True
54449,1.0,0.0,0.5,none,True,True
54450,1.0,0.0,0.5,none,True,True
54451,1.0,0.0,0.5,none,True,True
54452,1.0,0.0,0.5,none,True,True
54453,1.0,0.0,0.5,none,True,True
54454,1.0,0.0,0.5,none,True,True
54455,1.0,0.0,0.5,none,True,True
54456,1.0,0.0,0.5,none,True,True
54457,1.0,0.0,0.5,none,True,True
54458,1.0,0.0,0.5,none,True,True
54459,1.0,0.0,0.5,none,True,True
54460,1.0,0.0,0.5,none,True,True
54461,1.0,0.0,0.5,none,True,True
54462,1.0,0.0,0.5,none,True,True
54463,1.0,0.0,0.5,none,True,True
54464,1.0,0.0,0.5,none,True,True
54465,1.0,0.0,0.5,none,True,True
54466,1.0,0.0,0.5,none,True,True
54467,1.0,0.0,0.5,none,True,True
54468,1.0,0.0,0.5,none,True,True
54469,1.0,0.0,0.5,none,True,True
54470,1.0,0.0,0.5,none,True,True
54471,1.0,0.0,0.5,none,True,True
54472,1.0,0.0,0.5,none,True,True
54473,1.0,0.0,0.5,none,True,True
54474,1.0,0.0,0.5,none,True,True
54475,1.0,0.0,0.5,none,True,True
54476,1.0,0.0,0.5,none,True,True
54477,1.0,0.0,0.5,none,True,True
54478,1.0,0.0,0.5,none,True,True
54479,1.0,0.0,0.5,none,True,True
54480,1.0,0.0,0.5,none,True,True
54481,1.0,0.0,0.5,none,True,True
54482,1.0,0.0,0.5,none,True,True
54483,1.0,0.0,0.5,none,True,True
54484,1.0,0.0,0.5,none,True,True
54485,1.0,0.0,0.5,none,True,True
54486,1.0,0.0,0.5,none,True,True
54487,1.0,0.0,0.5,none,True,True
54488,1.0,0.0,0.5,none,True,True
54489,1.0,0.0,0.5,none,True,True
54490,1.0,0.0,0.5,none,True,True
54491,1.0,0.0,0.5,none,True,True
54492,1.0,0.0,0.5,none,True,True
54493,1.0,0.0,0.5,none,True,True
54494,1.0,0.0,0.5,none,True,True
54495,1.0,0.0,0.5,none,True,True
54496,1.0,0.0,0.5,none,True,True
54497,1.0,0.0,0.5,none,True,True
54498,1.0,0.0,0.5,none,True,True
54499,1.0,0.0,0.5,none,True,True
54500,1.0,0.0,0.5,none,True,True
54501,1.0,0.0,0.5,none,True,True
54502,1.0,0.0,0.5,none,True,True
54503,1.0,0.0,0.5,none,True,True
54504,1.0,0.0,0.5,none,True,True
54505,1.0,0.0,0.5,none,True,True
54506,1.0,0.0,0.5,none,True,True
54507,1.0,0.0,0.5,none,True,True
54508,1.0,0.0,0.5,none,True,True
54509,1.0,0.0,0.5,none,True,True
54510,1.0,0.0,0.5,none,True,True
54511,1.0,0.0,0.5,none,True,True
54512,1.0,0.0,0.5,none,True,True
54513,1.0,0.0,0.5,none,True,True
54514,1.0,0.0,0.5,none,True,True
54515,1.0,0.0,0.5,none,True,True
54516,1.0,0.0,0.5,none,True,True
54517,1.0,0.0,0.5,none,True,True
54518,1.0,0.0,0.5,none,True,True
54519,1.0,0.0,0.5,none,True,True
54520,1.0,0.0,0.5,none,True,True
54521,1.0,0.0,0.5,none,True,True
54522,1.0,0.0,0.5,none,True,True
54523,1.0,0.0,0.5,none,True,True
54524,1.0,0.0,0.5,none,True,True
54525,1.0,0.0,0.5,none,True,True
54526,1.0,0.0,0.5,none,True,True
54527,1.0,0.0,0.5,none,True,True
54528,1.0,0.0,0.5,none,True,True
54529,1.0,0.0,0.5,none,True,True
54530,1.0,0.0,0.5,none,True,True
54531,1.0,0.0,0.5,none,True,True
54532,1.0,0.0,0.5,none,True,True
54533,1.0,0.0,0.5,none,True,True
54534,1.0,0.0,0.5,none,True,True
54535,1.0,0.0,0.5,none,True,True
54536,1.0,0.0,0.5,none,True,True
54537,1.0,0.0,0.5,none,True,True
54538,1.0,0.0,0.5,none,True,True
54539,1.0,0.0,0.5,none,True,True
54540,1.0,0.0,0.5,none,True,True
54541,1.0,0.0,0.5,none,True,True
54542,1.0,0.0,0.5,none,True,True
54543,1.0,0.0,0.5,none,True,True
54544,1.0,0.0,0.5,none,True,True
54545,1.0,0.0,0.5,none,True,True
54546,1.0,0.0,0.5,none,True,True
54547,1.0,0.0,0.5,none,True,True
54548,1.0,0.0,0.5,none,True,True
54549,1.0,0.0,0.5,none,True,True
54550,1.0,0.0,0.5,none,True,True
54551,1.0,0.0,0.5,none,True,True
54552,1.0,0.0,0.5,none,True,True
54553,1.0,0.0,0.5,none,True,True
54554,1.0,0.0,0.5,none,True,True
54555,1.0,0.0,0.5,none,True,True
54556,1.0,0.0,0.5,none,True,True
54557,1.0,0.0,0.5,none,True,True
54558,1.0,0.0,0.5,none,True,True
54559,1.0,0.0,0.5,none,True,True
54560,1.0,0.0,0.5,none,True,True
54561,1.0,0.0,0.5,none,True,True
54562,1.0,0.0,0.5,none,True,True
54563,1.0,0.0,0.5,none,True,True
54564,1.0,0.0,0.5,none,True,True
54565,1.0,0.0,0.5,none,True,True
54566,1.0,0.0,0.5,none,True,True
54567,1.0,0.0,0.5,none,True,True
54568,1.0,0.0,0.5,none,True,True
54569,1.0,0.0,0.5,none,True,True
54570,1.0,0.0,0.5,none,True,True
54571,1.0,0.0,0.5,none,True,True
54572,1.0,0.0,0.5,none,True,True
54573,1.0,0.0,0.5,none,True,True
54574,1.0,0.0,0.5,none,True,True
54575,1.0,0.0,0.5,none,True,True
54576,1.0,0.0,0.5,none,True,True
54577,1.0,0.0,0.5,none,True,True
54578,1.0,0.0,0.5,none,True,True
54579,1.0,0.0,0.5,none,True,True
54580,1.0,0.0,0.5,none,True,True
54581,1.0,0.0,0.5,none,True,True
54582,1.0,0.0,0.5,none,True,True
54583,1.0,0.0,0.5,none,True,True
54584,1.0,0.0,0.5,none,True,True
54585,1.0,0.0,0.5,none,True,True
54586,1.0,0.0,0.5,none,True,True
54587,1.0,0.0,0.5,none,True,True
54588,1.0,0.0,0.5,none,True,True
54589,1.0,0.0,0.5,none,True,True
54590,1.0,0.0,0.5,none,True,True
54591,1.0,0.0,0.5,none,True,True
54592,1.0,0.0,0.5,none,True,True
54593,1.0,0.0,0.5,none,True,True
54594,1.0,0.0,0.5,none,True,True
54595,1.0,0.0,0.5,none,True,True
54596,1.0,0.0,0.5,none,True,True
54597,1.0,0.0,0.5,none,True,True
54598,1.0,0.0,0.5,none,True,True
54599,1.0,0.0,0.5,none,True,True
54600,1.0,0.0061,0.5,none,True,True
54601,1.0,0.0357,0.5,none,True,True
54602,1.0,0.0812,0.5,none,True,True
54603,1.0,0.1113,0.5,none,True,True
54604,1.0,0.1253,0.5,none,True,True
54605,1.0,0.1408,0.5,none,True,True
54606,1.0,0.0907,0.5,none,True,True
54607,1.0,0.1198,0.5,none,True,True
54608,1.0,0.0467,0.5,none,True,True
54609,1.0,0.0522,0.5,none,True,True
54610,1.0,0.0405,0.5,none,True,True
54611,1.0,0.0313,0.5,none,True,True
54612,1.0,0.0083,0.5,none,True,True
54613,1.0,0.0726,0.5,none,True,True
54614,1.0,0.0793,0.5,none,True,True
54615,1.0,0.0581,0.5,none,True,True
54616,1.0,0.0955,0.5,none,True,True
54617,1.0,0.0839,0.5,none,True,True
54618,1.0,0.0648,0.5,none,True,True
54619,1.0,0.0718,0.5,none,True,True
54620,1.0,0.0589,0.5,none,True,True
54621,1.0,0.0403,0.5,none,True,True
54622,1.0,0.0327,0.5,none,True,True
54623,1.0,0.0277,0.5,none,True,True
54624,1.0,0.017,0.5,none,True,True
54625,1.0,0.0102,0.5,none,True,True
54626,1.0,0.0099,0.5,none,True,True
54627,1.0,0.008,0.5,none,True,True
54628,1.0,0.005,0.5,none,True,True
54629,1.0,0.0063,0.5,none,True,True
54630,1.0,0.009,0.5,none,True,True
54631,1.0,0.0096,0.5,none,True,True
54632,1.0,0.0108,0.5,none,True,True
54633,1.0,0.014,0.5,none,True,True
54634,1.0,0.0161,0.5,none,True,True
54635,1.0,0.0167,0.5,none,True,True
54636,1.0,0.0182,0.5,none,True,True
54637,1.0,0.0196,0.5,none,True,True
54638,1.0,0.0197,0.5,none,True,True
54639,1.0,0.0193,0.5,none,True,True
54640,1.0,0.0193,0.5,none,True,True
54641,1.0,0.0187,0.5,none,True,True
54642,1.0,0.0174,0.5,none,True,True
54643,1.0,0.0163,0.5,none,True,True
54644,1.0,0.0152,0.5,none,True,True
54645,1.0,0.0138,0.5,none,True,True
54646,1.0,0.0123,0.5,none,True,True
54647,1.0,0.0111,0.5,none,True,True
54648,1.0,0.01,0.5,none,True,True
54649,1.0,0.0088,0.5,none,True,True
54650,1.0,0.0078,0.5,none,True,True
54651,1.0,0.0071,0.5,none,True,True
54652,1.0,0.0064,0.5,none,True,True
54653,1.0,0.0057,0.5,none,True,True
54654,1.0,0.0053,0.5,none,True,True
54655,1.0,0.005,0.5,none,True,True
54656,1.0,0.0047,0.5,none,True,True
54657,1.0,0.0045,0.5,none,True,True
54658,1.0,0.0044,0.5,none,True,True
54659,1.0,0.0043,0.5,none,True,True
54660,1.0,0.0042,0.5,none,True,True
54661,1.0,0.0041,0.5,none,True,True
54662,1.0,0.004,0.5,none,True,True
54663,1.0,0.0039,0.5,none,True,True
54664,1.0,0.0038,0.5,none,True,True
54665,1.0,0.0037,0.5,none,True,True
54666,1.0,0.0035,0.5,none,True,True
54667,1.0,0.0033,0.5,none,True,True
54668,1.0,0.0032,0.5,none,True,True
54669,1.0,0.003,0.5,none,True,True
54670,1.0,0.0028,0.5,none,True,True
54671,1.0,0.0026,0.5,none,True,True
54672,1.0,0.0024,0.5,none,True,True
54673,1.0,0.0023,0.5,none,True,True
54674,1.0,0.0021,0.5,none,True,True
54675,1.0,0.0019,0.5,none,True,True
54676,1.0,0.0018,0.5,none,True,True
54677,1.0,0.0017,0.5,none,True,True
54678,1.0,0.0015,0.5,none,True,True
54679,1.0,0.0014,0.5,none,True,True
54680,1.0,0.0013,0.5,none,True,True
54681,1.0,0.0013,0.5,none,True,True
54682,1.0,0.0012,0.5,none,True,True
54683,1.0,0.0011,0.5,none,True,True
54684,1.0,0.0011,0.5,none,True,True
54685,1.0,0.001,0.5,none,True,True
54686,1.0,0.001,0.5,none,True,True
54687,1.0,0.0009,0.5,none,True,True
54688,1.0,0.0009,0.5,none,True,True
54689,1.0,0.0008,0.5,none,True,True
54690,1.0,0.0008,0.5,none,True,True
54691,1.0,0.0008,0.5,none,True,True
54692,1.0,0.0007,0.5,none,True,True
54693,1.0,0.0007,0.5,none,True,True
54694,1.0,0.0006,0.5,none,True,True
54695,1.0,0.0006,0.5,none,True,True
54696,1.0,0.0006,0.5,none,True,True
54697,1.0,0.0005,0.5,none,True,True
54698,1.0,0.0005,0.5,none,True,True
54699,1.0,0.0005,0.5,none,True,True
54700,1.0,0.0004,0.5,none,True,True
54701,1.0,0.0004,0.5,none,True,True
54702,1.0,0.0004,0.5,none,True,True
54703,1.0,0.0004,0.5,none,True,True
54704,1.0,0.0003,0.5,none,True,True
54705,1.0,0.0003,0.5,none,True,True
54706,1.0,0.0003,0.5,none,True,True
54707,1.0,0.0003,0.5,none,True,True
54708,1.0,0.0003,0.5,none,True,True
54709,1.0,0.0003,0.5,none,True,True
54710,1.0,0.0002,0.5,none,True,True
54711,1.0,0.0002,0.5,none,True,True
54712,1.0,0.0002,0.5,none,True,True
54713,1.0,0.0002,0.5,none,True,True
54714,1.0,0.0002,0.5,none,True,True
54715,1.0,0.0002,0.5,none,True,True
54716,1.0,0.0002,0.5,none,True,True
54717,1.0,0.0002,0.5,none,True,True
54718,1.0,0.0002,0.5,none,True,True
54719,1.0,0.0001,0.5,none,True,True
54720,1.0,0.0001,0.5,none,True,True
54721,1.0,0.0001,0.5,none,True,True
54722,1.0,0.0001,0.5,none,True,True
54723,1.0,0.0001,0.5,none,True,True
54724,1.0,0.0001,0.5,none,True,True
54725,1.0,0.0001,0.5,none,True,True
54726,1.0,0.0001,0.5,none,True,True
54727,1.0,0.0001,0.5,none,True,True
54728,1.0,0.0001,0.5,none,True,True
54729,1.0,0.0001,0.5,none,True,True
54730,1.0,0.0001,0.5,none,True,True
54731,1.0,0.0001,0.5,none,True,True
54732,1.0,0.0001,0.5,none,True,True
54733,1.0,0.0001,0.5,none,True,True
54734,1.0,0.0001,0.5,none,True,True
54735,1.0,0.0001,0.5,none,True,True
54736,1.0,0.0001,0.5,none,True,True
54737,1.0,0.0,0.5,none,True,True
54738,1.0,0.0,0.5,none,True,True
54739,1.0,0.0,0.5,none,True,True
54740,1.0,0.0,0.5,none,True,True
54741,1.0,0.0,0.5,none,True,True
54742,1.0,0.0,0.5,none,True,True
54743,1.0,0.0,0.5,none,True,True
54744,1.0,0.0,0.5,none,True,True
54745,1.0,0.0,0.5,none,True,True
54746,1.0,0.0,0.5,none,True,True
54747,1.0,0.0,0.5,none,True,True
54748,1.0,0.0,0.5,none,True,True
54749,1.0,0.0,0.5,none,True,True
54750,1.0,0.0,0.5,none,True,True
54751,1.0,0.0,0.5,none,True,True
54752,1.0,0.0,0.5,none,True,True
54753,1.0,0.0,0.5,none,True,True
54754,1.0,0.0,0.5,none,True,True
54755,1.0,0.0,0.5,none,True,True
54756,1.0,0.0,0.5,none,True,True
54757,1.0,0.0,0.5,none,True,True
54758,1.0,0.0,0.5,none,True,True
54759,1.0,0.0,0.5,none,True,True
54760,1.0,0.0,0.5,none,True,True
54761,1.0,0.0,0.5,none,True,True
54762,1.0,0.0,0.5,none,True,True
54763,1.0,0.0,0.5,none,True,True
54764,1.0,0.0,0.5,none,True,True
54765,1.0,0.0,0.5,none,True,True
54766,1.0,0.0,0.5,none,True,True
54767,1.0,0.0,0.5,none,True,True
54768,1.0,0.0,0.5,none,True,True
54769,1.0,0.0,0.5,none,True,True
54770,1.0,0.0,0.5,none,True,True
54771,1.0,0.0,0.5,none,True,True
54772,1.0,0.0,0.5,none,True,True
54773,1.0,0.0,0.5,none,True,True
54774,1.0,0.0,0.5,none,True,True
54775,1.0,0.0,0.5,none,True,True
54776,1.0,0.0,0.5,none,True,True
54777,1.0,0.0,0.5,none,True,True
54778,1.0,0.0,0.5,none,True,True
54779,1.0,0.0,0.5,none,True,True
54780,1.0,0.0,0.5,none,True,True
54781,1.0,0.0,0.5,none,True,True
54782,1.0,0.0,0.5,none,True,True
54783,1.0,0.0,0.5,none,True,True
54784,1.0,0.0,0.5,none,True,True
54785,1.0,0.0,0.5,none,True,True
54786,1.0,0.0,0.5,none,True,True
54787,1.0,0.0,0.5,none,True,True
54788,1.0,0.0,0.5,none,True,True
54789,1.0,0.0,0.5,none,True,True
54790,1.0,0.0,0.5,none,True,True
54791,1.0,0.0,0.5,none,True,True
54792,1.0,0.0,0.5,none,True,True
54793,1.0,0.0,0.5,none,True,True
54794,1.0,0.0,0.5,none,True,True
54795,1.0,0.0,0.5,none,True,True
54796,1.0,0.0,0.5,none,True,True
54797,1.0,0.0,0.5,none,True,True
54798,1.0,0.0,0.5,none,True,True
54799,1.0,0.0,0.5,none,True,True
54800,1.0,0.0,0.5,none,True,True
54801,1.0,0.0,0.5,none,True,True
54802,1.0,0.0,0.5,none,True,True
54803,1.0,0.0,0.5,none,True,True
54804,1.0,0.0,0.5,none,True,True
54805,1.0,0.0,0.5,none,True,True
54806,1.0,0.0,0.5,none,True,True
54807,1.0,0.0,0.5,none,True,True
54808,1.0,0.0,0.5,none,True,True
54809,1.0,0.0,0.5,none,True,True
54810,1.0,0.0,0.5,none,True,True
54811,1.0,0.0,0.5,none,True,True
54812,1.0,0.0,0.5,none,True,True
54813,1.0,0.0,0.5,none,True,True
54814,1.0,0.0,0.5,none,True,True
54815,1.0,0.0,0.5,none,True,True
54816,1.0,0.0,0.5,none,True,True
54817,1.0,0.0,0.5,none,True,True
54818,1.0,0.0,0.5,none,True,True
54819,1.0,0.0,0.5,none,True,True
54820,1.0,0.0,0.5,none,True,True
54821,1.0,0.0,0.5,none,True,True
54822,1.0,0.0,0.5,none,True,True
54823,1.0,0.0,0.5,none,True,True
54824,1.0,0.0,0.5,none,True,True
54825,1.0,0.0,0.5,none,True,True
54826,1.0,0.0,0.5,none,True,True
54827,1.0,0.0,0.5,none,True,True
54828,1.0,0.0,0.5,none,True,True
54829,1.0,0.0,0.5,none,True,True
54830,1.0,0.0,0.5,none,True,True
54831,1.0,0.0,0.5,none,True,True
54832,1.0,0.0,0.5,none,True,True
54833,1.0,0.0,0.5,none,True,True
54834,1.0,0.0,0.5,none,True,True
54835,1.0,0.0,0.5,none,True,True
54836,1.0,0.0,0.5,none,True,True
54837,1.0,0.0,0.5,none,True,True
54838,1.0,0.0,0.5,none,True,True
54839,1.0,0.0,0.5,none,True,True
54840,1.0,0.0,0.5,none,True,True
54841,1.0,0.0,0.5,none,True,True
54842,1.0,0.0,0.5,none,True,True
54843,1.0,0.0,0.5,none,True,True
54844,1.0,0.0,0.5,none,True,True
54845,1.0,0.0,0.5,none,True,True
54846,1.0,0.0,0.5,none,True,True
54847,1.0,0.0,0.5,none,True,True
54848,1.0,0.0,0.5,none,True,True
54849,1.0,0.0,0.5,none,True,True
54850,1.0,0.0,0.5,none,True,True
54851,1.0,0.0,0.5,none,True,True
54852,1.0,0.0,0.5,none,True,True
54853,1.0,0.0,0.5,none,True,True
54854,1.0,0.0,0.5,none,True,True
54855,1.0,0.0,0.5,none,True,True
54856,1.0,0.0,0.5,none,True,True
54857,1.0,0.0,0.5,none,True,True
54858,1.0,0.0,0.5,none,True,True
54859,1.0,0.0,0.5,none,True,True
54860,1.0,0.0,0.5,none,True,True
54861,1.0,0.0,0.5,none,True,True
54862,1.0,0.0,0.5,none,True,True
54863,1.0,0.0,0.5,none,True,True
54864,1.0,0.0,0.5,none,True,True
54865,1.0,0.0,0.5,none,True,True
54866,1.0,0.0,0.5,none,True,True
54867,1.0,0.0,0.5,none,True,True
54868,1.0,0.0,0.5,none,True,True
54869,1.0,0.0,0.5,none,True,True
54870,1.0,0.0,0.5,none,True,True
54871,1.0,0.0,0.5,none,True,True
54872,1.0,0.0,0.5,none,True,True
54873,1.0,0.0,0.5,none,True,True
54874,1.0,0.0,0.5,none,True,True
54875,1.0,0.0,0.5,none,True,True
54876,1.0,0.0,0.5,none,True,True
54877,1.0,0.0,0.5,none,True,True
54878,1.0,0.0,0.5,none,True,True
54879,1.0,0.0,0.5,none,True,True
54880,1.0,0.0,0.5,none,True,True
54881,1.0,0.0,0.5,none,True,True
54882,1.0,0.0,0.5,none,True,True
54883,1.0,0.0,0.5,none,True,True
54884,1.0,0.0,0.5,none,True,True
54885,1.0,0.0,0.5,none,True,True
54886,1.0,0.0,0.5,none,True,True
54887,1.0,0.0,0.5,none,True,True
54888,1.0,0.0,0.5,none,True,True
54889,1.0,0.0,0.5,none,True,True
54890,1.0,0.0,0.5,none,True,True
54891,1.0,0.0,0.5,none,True,True
54892,1.0,0.0,0.5,none,True,True
54893,1.0,0.0,0.5,none,True,True
54894,1.0,0.0,0.5,none,True,True
54895,1.0,0.0,0.5,none,True,True
54896,1.0,0.0,0.5,none,True,True
54897,1.0,0.0,0.5,none,True,True
54898,1.0,0.0,0.5,none,True,True
54899,1.0,0.0,0.5,none,True,True
54900,1.0,0.0,0.5,none,True,True
54901,1.0,0.0,0.5,none,True,True
54902,1.0,0.0,0.5,none,True,True
54903,1.0,0.0,0.5,none,True,True
54904,1.0,0.0,0.5,none,True,True
54905,1.0,0.0,0.5,none,True,True
54906,1.0,0.0,0.5,none,True,True
54907,1.0,0.0,0.5,none,True,True
54908,1.0,0.0,0.5,none,True,True
54909,1.0,0.0,0.5,none,True,True
54910,1.0,0.0,0.5,none,True,True
54911,1.0,0.0,0.5,none,True,True
54912,1.0,0.0,0.5,none,True,True
54913,1.0,0.0,0.5,none,True,True
54914,1.0,0.0,0.5,none,True,True
54915,1.0,0.0,0.5,none,True,True
54916,1.0,0.0,0.5,none,True,True
54917,1.0,0.0,0.5,none,True,True
54918,1.0,0.0,0.5,none,True,True
54919,1.0,0.0,0.5,none,True,True
54920,1.0,0.0,0.5,none,True,True
54921,1.0,0.0,0.5,none,True,True
54922,1.0,0.0,0.5,none,True,True
54923,1.0,0.0,0.5,none,True,True
54924,1.0,0.0,0.5,none,True,True
54925,1.0,0.0,0.5,none,True,True
54926,1.0,0.0,0.5,none,True,True
54927,1.0,0.0,0.5,none,True,True
54928,1.0,0.0,0.5,none,True,True
54929,1.0,0.0,0.5,none,True,True
54930,1.0,0.0,0.5,none,True,True
54931,1.0,0.0,0.5,none,True,True
54932,1.0,0.0,0.5,none,True,True
54933,1.0,0.0,0.5,none,True,True
54934,1.0,0.0,0.5,none,True,True
54935,1.0,0.0,0.5,none,True,True
54936,1.0,0.0,0.5,none,True,True
54937,1.0,0.0,0.5,none,True,True
54938,1.0,0.0,0.5,none,True,True
54939,1.0,0.0,0.5,none,True,True
54940,1.0,0.0,0.5,none,True,True
54941,1.0,0.0,0.5,none,True,True
54942,1.0,0.0,0.5,none,True,True
54943,1.0,0.0,0.5,none,True,True
54944,1.0,0.0,0.5,none,True,True
54945,1.0,0.0,0.5,none,True,True
54946,1.0,0.0,0.5,none,True,True
54947,1.0,0.0,0.5,none,True,True
54948,1.0,0.0,0.5,none,True,True
54949,1.0,0.0,0.5,none,True,True
54950,1.0,0.0,0.5,none,True,True
54951,1.0,0.0,0.5,none,True,True
54952,1.0,0.0,0.5,none,True,True
54953,1.0,0.0,0.5,none,True,True
54954,1.0,0.0,0.5,none,True,True
54955,1.0,0.0,0.5,none,True,True
54956,1.0,0.0,0.5,none,True,True
54957,1.0,0.0,0.5,none,True,True
54958,1.0,0.0,0.5,none,True,True
54959,1.0,0.0,0.5,none,True,True
54960,1.0,0.0,0.5,none,True,True
54961,1.0,0.0,0.5,none,True,True
54962,1.0,0.0,0.5,none,True,True
54963,1.0,0.0,0.5,none,True,True
54964,1.0,0.0,0.5,none,True,True
54965,1.0,0.0,0.5,none,True,True
54966,1.0,0.0,0.5,none,True,True
54967,1.0,0.0,0.5,none,True,True
54968,1.0,0.0,0.5,none,True,True
54969,1.0,0.0,0.5,none,True,True
54970,1.0,0.0,0.5,none,True,True
54971,1.0,0.0,0.5,none,True,True
54972,1.0,0.0,0.5,none,True,True
54973,1.0,0.0,0.5,none,True,True
54974,1.0,0.0,0.5,none,True,True
54975,1.0,0.0,0.5,none,True,True
54976,1.0,0.0,0.5,none,True,True
54977,1.0,0.0,0.5,none,True,True
54978,1.0,0.0,0.5,none,True,True
54979,1.0,0.0,0.5,none,True,True
54980,1.0,0.0,0.5,none,True,True
54981,1.0,0.0,0.5,none,True,True
54982,1.0,0.0,0.5,none,True,True
54983,1.0,0.0,0.5,none,True,True
54984,1.0,0.0,0.5,none,True,True
54985,1.0,0.0,0.5,none,True,True
54986,1.0,0.0,0.5,none,True,True
54987,1.0,0.0,0.5,none,True,True
54988,1.0,0.0,0.5,none,True,True
54989,1.0,0.0,0.5,none,True,True
54990,1.0,0.0,0.5,none,True,True
54991,1.0,0.0,0.5,none,True,True
54992,1.0,0.0,0.5,none,True,True
54993,1.0,0.0,0.5,none,True,True
54994,1.0,0.0,0.5,none,True,True
54995,1.0,0.0,0.5,none,True,True
54996,1.0,0.0,0.5,none,True,True
54997,1.0,0.0,0.5,none,True,True
54998,1.0,0.0,0.5,none,True,True
54999,1.0,0.0,0.5,none,True,True
55000,1.0,0.0,0.5,none,True,True
55001,1.0,0.0,0.5,none,True,True
55002,1.0,0.0,0.5,none,True,True
55003,1.0,0.0,0.5,none,True,True
55004,1.0,0.0,0.5,none,True,True
55005,1.0,0.0,0.5,none,True,True
55006,1.0,0.0,0.5,none,True,True
55007,1.0,0.0,0.5,none,True,True
55008,1.0,0.0,0.5,none,True,True
55009,1.0,0.0,0.5,none,True,True
55010,1.0,0.0,0.5,none,True,True
55011,1.0,0.0,0.5,none,True,True
55012,1.0,0.0,0.5,none,True,True
55013,1.0,0.0,0.5,none,True,True
55014,1.0,0.0,0.5,none,True,True
55015,1.0,0.0,0.5,none,True,True
55016,1.0,0.0,0.5,none,True,True
55017,1.0,0.0,0.5,none,True,True
55018,1.0,0.0,0.5,none,True,True
55019,1.0,0.0,0.5,none,True,True
55020,1.0,0.0,0.5,none,True,True
55021,1.0,0.0,0.5,none,True,True
55022,1.0,0.0,0.5,none,True,True
55023,1.0,0.0,0.5,none,True,True
55024,1.0,0.0,0.5,none,True,True
55025,1.0,0.0,0.5,none,True,True
55026,1.0,0.0,0.5,none,True,True
55027,1.0,0.0,0.5,none,True,True
55028,1.0,0.0,0.5,none,True,True
55029,1.0,0.0,0.5,none,True,True
55030,1.0,0.0,0.5,none,True,True
55031,1.0,0.0,0.5,none,True,True
55032,1.0,0.0,0.5,none,True,True
55033,1.0,0.0,0.5,none,True,True
55034,1.0,0.0,0.5,none,True,True
55035,1.0,0.0,0.5,none,True,True
55036,1.0,0.0,0.5,none,True,True
55037,1.0,0.0,0.5,none,True,True
55038,1.0,0.0,0.5,none,True,True
55039,1.0,0.0,0.5,none,True,True
55040,1.0,0.0,0.5,none,True,True
55041,1.0,0.0,0.5,none,True,True
55042,1.0,0.0,0.5,none,True,True
55043,1.0,0.0,0.5,none,True,True
55044,1.0,0.0,0.5,none,True,True
55045,1.0,0.0,0.5,none,True,True
55046,1.0,0.0,0.5,none,True,True
55047,1.0,0.0,0.5,none,True,True
55048,1.0,0.0,0.5,none,True,True
55049,1.0,0.0,0.5,none,True,True
55050,1.0,0.0,0.5,none,True,True
55051,1.0,0.0,0.5,none,True,True
55052,1.0,0.0,0.5,none,True,True
55053,1.0,0.0,0.5,none,True,True
55054,1.0,0.0,0.5,none,True,True
55055,1.0,0.0,0.5,none,True,True
55056,1.0,0.0,0.5,none,True,True
55057,1.0,0.0,0.5,none,True,True
55058,1.0,0.0,0.5,none,True,True
55059,1.0,0.0,0.5,none,True,True
55060,1.0,0.0,0.5,none,True,True
55061,1.0,0.0,0.5,none,True,True
55062,1.0,0.0,0.5,none,True,True
55063,1.0,0.0,0.5,none,True,True
55064,1.0,0.0,0.5,none,True,True
55065,1.0,0.0,0.5,none,True,True
55066,1.0,0.0,0.5,none,True,True
55067,1.0,0.0,0.5,none,True,True
55068,1.0,0.0,0.5,none,True,True
55069,1.0,0.0,0.5,none,True,True
55070,1.0,0.0,0.5,none,True,True
55071,1.0,0.0,0.5,none,True,True
55072,1.0,0.0,0.5,none,True,True
55073,1.0,0.0,0.5,none,True,True
55074,1.0,0.0,0.5,none,True,True
55075,1.0,0.0,0.5,none,True,True
55076,1.0,0.0,0.5,none,True,True
55077,1.0,0.0,0.5,none,True,True
55078,1.0,0.0,0.5,none,True,True
55079,1.0,0.0,0.5,none,True,True
55080,1.0,0.0,0.5,none,True,True
55081,1.0,0.0,0.5,none,True,True
55082,1.0,0.0,0.5,none,True,True
55083,1.0,0.0,0.5,none,True,True
55084,1.0,0.0,0.5,none,True,True
55085,1.0,0.0,0.5,none,True,True
55086,1.0,0.0,0.5,none,True,True
55087,1.0,0.0,0.5,none,True,True
55088,1.0,0.0,0.5,none,True,True
55089,1.0,0.0,0.5,none,True,True
55090,1.0,0.0,0.5,none,True,True
55091,1.0,0.0,0.5,none,True,True
55092,1.0,0.0,0.5,none,True,True
55093,1.0,0.0,0.5,none,True,True
55094,1.0,0.0,0.5,none,True,True
55095,1.0,0.0,0.5,none,True,True
55096,1.0,0.0,0.5,none,True,True
55097,1.0,0.0,0.5,none,True,True
55098,1.0,0.0,0.5,none,True,True
55099,1.0,0.0,0.5,none,True,True
55100,1.0,0.0,0.5,none,True,True
55101,1.0,0.0,0.5,none,True,True
55102,1.0,0.0,0.5,none,True,True
55103,1.0,0.0,0.5,none,True,True
55104,1.0,0.0,0.5,none,True,True
55105,1.0,0.0,0.5,none,True,True
55106,1.0,0.0,0.5,none,True,True
55107,1.0,0.0,0.5,none,True,True
55108,1.0,0.0,0.5,none,True,True
55109,1.0,0.0,0.5,none,True,True
55110,1.0,0.0,0.5,none,True,True
55111,1.0,0.0,0.5,none,True,True
55112,1.0,0.0,0.5,none,True,True
55113,1.0,0.0,0.5,none,True,True
55114,1.0,0.0,0.5,none,True,True
55115,1.0,0.0,0.5,none,True,True
55116,1.0,0.0,0.5,none,True,True
55117,1.0,0.0,0.5,none,True,True
55118,1.0,0.0,0.5,none,True,True
55119,1.0,0.0,0.5,none,True,True
55120,1.0,0.0,0.5,none,True,True
55121,1.0,0.0,0.5,none,True,True
55122,1.0,0.0,0.5,none,True,True
55123,1.0,0.0,0.5,none,True,True
55124,1.0,0.0,0.5,none,True,True
55125,1.0,0.0,0.5,none,True,True
55126,1.0,0.0,0.5,none,True,True
55127,1.0,0.0,0.5,none,True,True
55128,1.0,0.0,0.5,none,True,True
55129,1.0,0.0,0.5,none,True,True
55130,1.0,0.0,0.5,none,True,True
55131,1.0,0.0,0.5,none,True,True
55132,1.0,0.0,0.5,none,True,True
55133,1.0,0.0,0.5,none,True,True
55134,1.0,0.0,0.5,none,True,True
55135,1.0,0.0,0.5,none,True,True
55136,1.0,0.0,0.5,none,True,True
55137,1.0,0.0,0.5,none,True,True
55138,1.0,0.0,0.5,none,True,True
55139,1.0,0.0,0.5,none,True,True
55140,1.0,0.0,0.5,none,True,True
55141,1.0,0.0,0.5,none,True,True
55142,1.0,0.0,0.5,none,True,True
55143,1.0,0.0,0.5,none,True,True
55144,1.0,0.0,0.5,none,True,True
55145,1.0,0.0,0.5,none,True,True
55146,1.0,0.0,0.5,none,True,True
55147,1.0,0.0,0.5,none,True,True
55148,1.0,0.0,0.5,none,True,True
55149,1.0,0.0,0.5,none,True,True
55150,1.0,0.0,0.5,none,True,True
55151,1.0,0.0,0.5,none,True,True
55152,1.0,0.0,0.5,none,True,True
55153,1.0,0.0,0.5,none,True,True
55154,1.0,0.0,0.5,none,True,True
55155,1.0,0.0,0.5,none,True,True
55156,1.0,0.0,0.5,none,True,True
55157,1.0,0.0,0.5,none,True,True
55158,1.0,0.0,0.5,none,True,True
55159,1.0,0.0,0.5,none,True,True
55160,1.0,0.0,0.5,none,True,True
55161,1.0,0.0,0.5,none,True,True
55162,1.0,0.0,0.5,none,True,True
55163,1.0,0.0,0.5,none,True,True
55164,1.0,0.0,0.5,none,True,True
55165,1.0,0.0,0.5,none,True,True
55166,1.0,0.0,0.5,none,True,True
55167,1.0,0.0,0.5,none,True,True
55168,1.0,0.0,0.5,none,True,True
55169,1.0,0.0,0.5,none,True,True
55170,1.0,0.0,0.5,none,True,True
55171,1.0,0.0,0.5,none,True,True
55172,1.0,0.0,0.5,none,True,True
55173,1.0,0.0,0.5,none,True,True
55174,1.0,0.0,0.5,none,True,True
55175,1.0,0.0,0.5,none,True,True
55176,1.0,0.0,0.5,none,True,True
55177,1.0,0.0,0.5,none,True,True
55178,1.0,0.0,0.5,none,True,True
55179,1.0,0.0,0.5,none,True,True
55180,1.0,0.0,0.5,none,True,True
55181,1.0,0.0,0.5,none,True,True
55182,1.0,0.0,0.5,none,True,True
55183,1.0,0.0,0.5,none,True,True
55184,1.0,0.0,0.5,none,True,True
55185,1.0,0.0,0.5,none,True,True
55186,1.0,0.0,0.5,none,True,True
55187,1.0,0.0,0.5,none,True,True
55188,1.0,0.0,0.5,none,True,True
55189,1.0,0.0,0.5,none,True,True
55190,1.0,0.0,0.5,none,True,True
55191,1.0,0.0,0.5,none,True,True
55192,1.0,0.0,0.5,none,True,True
55193,1.0,0.0,0.5,none,True,True
55194,1.0,0.0,0.5,none,True,True
55195,1.0,0.0,0.5,none,True,True
55196,1.0,0.0,0.5,none,True,True
55197,1.0,0.0,0.5,none,True,True
55198,1.0,0.0,0.5,none,True,True
55199,1.0,0.0,0.5,none,True,True
55200,1.0,0.0,0.5,none,True,True
55201,1.0,0.0,0.5,none,True,True
55202,1.0,0.0,0.5,none,True,True
55203,1.0,0.0,0.5,none,True,True
55204,1.0,0.0,0.5,none,True,True
55205,1.0,0.0,0.5,none,True,True
55206,1.0,0.0,0.5,none,True,True
55207,1.0,0.0,0.5,none,True,True
55208,1.0,0.0,0.5,none,True,True
55209,1.0,0.0,0.5,none,True,True
55210,1.0,0.0,0.5,none,True,True
55211,1.0,0.0,0.5,none,True,True
55212,1.0,0.0,0.5,none,True,True
55213,1.0,0.0,0.5,none,True,True
55214,1.0,0.0,0.5,none,True,True
55215,1.0,0.0,0.5,none,True,True
55216,1.0,0.0,0.5,none,True,True
55217,1.0,0.0,0.5,none,True,True
55218,1.0,0.0,0.5,none,True,True
55219,1.0,0.0,0.5,none,True,True
55220,1.0,0.0,0.5,none,True,True
55221,1.0,0.0,0.5,none,True,True
55222,1.0,0.0,0.5,none,True,True
55223,1.0,0.0,0.5,none,True,True
55224,1.0,0.0,0.5,none,True,True
55225,1.0,0.0,0.5,none,True,True
55226,1.0,0.0,0.5,none,True,True
55227,1.0,0.0,0.5,none,True,True
55228,1.0,0.0,0.5,none,True,True
55229,1.0,0.0,0.5,none,True,True
55230,1.0,0.0,0.5,none,True,True
55231,1.0,0.0,0.5,none,True,True
55232,1.0,0.0,0.5,none,True,True
55233,1.0,0.0,0.5,none,True,True
55234,1.0,0.0,0.5,none,True,True
55235,1.0,0.0,0.5,none,True,True
55236,1.0,0.0,0.5,none,True,True
55237,1.0,0.0,0.5,none,True,True
55238,1.0,0.0,0.5,none,True,True
55239,1.0,0.0,0.5,none,True,True
55240,1.0,0.0,0.5,none,True,True
55241,1.0,0.0,0.5,none,True,True
55242,1.0,0.0,0.5,none,True,True
55243,1.0,0.0,0.5,none,True,True
55244,1.0,0.0,0.5,none,True,True
55245,1.0,0.0,0.5,none,True,True
55246,1.0,0.0,0.5,none,True,True
55247,1.0,0.0,0.5,none,True,True
55248,1.0,0.0,0.5,none,True,True
55249,1.0,0.0,0.5,none,True,True
55250,1.0,0.0,0.5,none,True,True
55251,1.0,0.0,0.5,none,True,True
55252,1.0,0.0,0.5,none,True,True
55253,1.0,0.0,0.5,none,True,True
55254,1.0,0.0,0.5,none,True,True
55255,1.0,0.0,0.5,none,True,True
55256,1.0,0.0,0.5,none,True,True
55257,1.0,0.0,0.5,none,True,True
55258,1.0,0.0,0.5,none,True,True
55259,1.0,0.0,0.5,none,True,True
55260,1.0,0.0,0.5,none,True,True
55261,1.0,0.0,0.5,none,True,True
55262,1.0,0.0,0.5,none,True,True
55263,1.0,0.0,0.5,none,True,True
55264,1.0,0.0,0.5,none,True,True
55265,1.0,0.0,0.5,none,True,True
55266,1.0,0.0,0.5,none,True,True
55267,1.0,0.0,0.5,none,True,True
55268,1.0,0.0,0.5,none,True,True
55269,1.0,0.0,0.5,none,True,True
55270,1.0,0.0,0.5,none,True,True
55271,1.0,0.0,0.5,none,True,True
55272,1.0,0.0,0.5,none,True,True
55273,1.0,0.0,0.5,none,True,True
55274,1.0,0.0,0.5,none,True,True
55275,1.0,0.0,0.5,none,True,True
55276,1.0,0.0,0.5,none,True,True
55277,1.0,0.0,0.5,none,True,True
55278,1.0,0.0,0.5,none,True,True
55279,1.0,0.0,0.5,none,True,True
55280,1.0,0.0,0.5,none,True,True
55281,1.0,0.0,0.5,none,True,True
55282,1.0,0.0,0.5,none,True,True
55283,1.0,0.0,0.5,none,True,True
55284,1.0,0.0,0.5,none,True,True
55285,1.0,0.0,0.5,none,True,True
55286,1.0,0.0,0.5,none,True,True
55287,1.0,0.0,0.5,none,True,True
55288,1.0,0.0,0.5,none,True,True
55289,1.0,0.0,0.5,none,True,True
55290,1.0,0.0,0.5,none,True,True
55291,1.0,0.0,0.5,none,True,True
55292,1.0,0.0,0.5,none,True,True
55293,1.0,0.0,0.5,none,True,True
55294,1.0,0.0,0.5,none,True,True
55295,1.0,0.0,0.5,none,True,True
55296,1.0,0.0,0.5,none,True,True
55297,1.0,0.0,0.5,none,True,True
55298,1.0,0.0,0.5,none,True,True
55299,1.0,0.0,0.5,none,True,True
55300,1.0,0.0061,0.5,none,True,True
55301,1.0,0.0357,0.5,none,True,True
55302,1.0,0.0812,0.5,none,True,True
55303,1.0,0.1113,0.5,none,True,True
55304,1.0,0.1253,0.5,none,True,True
55305,1.0,0.1408,0.5,none,True,True
55306,1.0,0.0907,0.5,none,True,True
55307,1.0,0.1198,0.5,none,True,True
55308,1.0,0.0467,0.5,none,True,True
55309,1.0,0.0522,0.5,none,True,True
55310,1.0,0.0405,0.5,none,True,True
55311,1.0,0.0313,0.5,none,True,True
55312,1.0,0.0083,0.5,none,True,True
55313,1.0,0.0726,0.5,none,True,True
55314,1.0,0.0793,0.5,none,True,True
55315,1.0,0.0581,0.5,none,True,True
55316,1.0,0.0955,0.5,none,True,True
55317,1.0,0.0839,0.5,none,True,True
55318,1.0,0.0648,0.5,none,True,True
55319,1.0,0.0718,0.5,none,True,True
55320,1.0,0.0589,0.5,none,True,True
55321,1.0,0.0403,0.5,none,True,True
55322,1.0,0.0327,0.5,none,True,True
55323,1.0,0.0277,0.5,none,True,True
55324,1.0,0.017,0.5,none,True,True
55325,1.0,0.0102,0.5,none,True,True
55326,1.0,0.0099,0.5,none,True,True
55327,1.0,0.008,0.5,none,True,True
55328,1.0,0.005,0.5,none,True,True
55329,1.0,0.0063,0.5,none,True,True
55330,1.0,0.009,0.5,none,True,True
55331,1.0,0.0096,0.5,none,True,True
55332,1.0,0.0108,0.5,none,True,True
55333,1.0,0.014,0.5,none,True,True
55334,1.0,0.0161,0.5,none,True,True
55335,1.0,0.0167,0.5,none,True,True
55336,1.0,0.0182,0.5,none,True,True
55337,1.0,0.0196,0.5,none,True,True
55338,1.0,0.0197,0.5,none,True,True
55339,1.0,0.0193,0.5,none,True,True
55340,1.0,0.0193,0.5,none,True,True
55341,1.0,0.0187,0.5,none,True,True
55342,1.0,0.0174,0.5,none,True,True
55343,1.0,0.0163,0.5,none,True,True
55344,1.0,0.0152,0.5,none,True,True
55345,1.0,0.0138,0.5,none,True,True
55346,1.0,0.0123,0.5,none,True,True
55347,1.0,0.0111,0.5,none,True,True
55348,1.0,0.01,0.5,none,True,True
55349,1.0,0.0088,0.5,none,True,True
55350,1.0,0.0078,0.5,none,True,True
55351,1.0,0.0071,0.5,none,True,True
55352,1.0,0.0064,0.5,none,True,True
55353,1.0,0.0057,0.5,none,True,True
55354,1.0,0.0053,0.5,none,True,True
55355,1.0,0.005,0.5,none,True,True
55356,1.0,0.0047,0.5,none,True,True
55357,1.0,0.0045,0.5,none,True,True
55358,1.0,0.0044,0.5,none,True,True
55359,1.0,0.0043,0.5,none,True,True
55360,1.0,0.0042,0.5,none,True,True
55361,1.0,0.0041,0.5,none,True,True
55362,1.0,0.004,0.5,none,True,True
55363,1.0,0.0039,0.5,none,True,True
55364,1.0,0.0038,0.5,none,True,True
55365,1.0,0.0037,0.5,none,True,True
55366,1.0,0.0035,0.5,none,True,True
55367,1.0,0.0033,0.5,none,True,True
55368,1.0,0.0032,0.5,none,True,True
55369,1.0,0.003,0.5,none,True,True
55370,1.0,0.0028,0.5,none,True,True
55371,1.0,0.0026,0.5,none,True,True
55372,1.0,0.0024,0.5,none,True,True
55373,1.0,0.0023,0.5,none,True,True
55374,1.0,0.0021,0.5,none,True,True
55375,1.0,0.0019,0.5,none,True,True
55376,1.0,0.0018,0.5,none,True,True
55377,1.0,0.0017,0.5,none,True,True
55378,1.0,0.0015,0.5,none,True,True
55379,1.0,0.0014,0.5,none,True,True
55380,1.0,0.0013,0.5,none,True,True
55381,1.0,0.0013,0.5,none,True,True
55382,1.0,0.0012,0.5,none,True,True
55383,1.0,0.0011,0.5,none,True,True
55384,1.0,0.0011,0.5,none,True,True
55385,1.0,0.001,0.5,none,True,True
55386,1.0,0.001,0.5,none,True,True
55387,1.0,0.0009,0.5,none,True,True
55388,1.0,0.0009,0.5,none,True,True
55389,1.0,0.0008,0.5,none,True,True
55390,1.0,0.0008,0.5,none,True,True
55391,1.0,0.0008,0.5,none,True,True
55392,1.0,0.0007,0.5,none,True,True
55393,1.0,0.0007,0.5,none,True,True
55394,1.0,0.0006,0.5,none,True,True
55395,1.0,0.0006,0.5,none,True,True
55396,1.0,0.0006,0.5,none,True,True
55397,1.0,0.0005,0.5,none,True,True
55398,1.0,0.0005,0.5,none,True,True
55399,1.0,0.0005,0.5,none,True,True
55400,1.0,0.0004,0.5,none,True,True
55401,1.0,0.0004,0.5,none,True,True
55402,1.0,0.0004,0.5,none,True,True
55403,1.0,0.0004,0.5,none,True,True
55404,1.0,0.0003,0.5,none,True,True
55405,1.0,0.0003,0.5,none,True,True
55406,1.0,0.0003,0.5,none,True,True
55407,1.0,0.0003,0.5,none,True,True
55408,1.0,0.0003,0.5,none,True,True
55409,1.0,0.0003,0.5,none,True,True
55410,1.0,0.0002,0.5,none,True,True
55411,1.0,0.0002,0.5,none,True,True
55412,1.0,0.0002,0.5,none,True,True
55413,1.0,0.0002,0.5,none,True,True
55414,1.0,0.0002,0.5,none,True,True
55415,1.0,0.0002,0.5,none,True,True
55416,1.0,0.0002,0.5,none,True,True
55417,1.0,0.0002,0.5,none,True,True
55418,1.0,0.0002,0.5,none,True,True
55419,1.0,0.0001,0.5,none,True,True
55420,1.0,0.0001,0.5,none,True,True
55421,1.0,0.0001,0.5,none,True,True
55422,1.0,0.0001,0.5,none,True,True
55423,1.0,0.0001,0.5,none,True,True
55424,1.0,0.0001,0.5,none,True,True
55425,1.0,0.0001,0.5,none,True,True
55426,1.0,0.0001,0.5,none,True,True
55427,1.0,0.0001,0.5,none,True,True
55428,1.0,0.0001,0.5,none,True,True
55429,1.0,0.0001,0.5,none,True,True
55430,1.0,0.0001,0.5,none,True,True
55431,1.0,0.0001,0.5,none,True,True
55432,1.0,0.0001,0.5,none,True,True
55433,1.0,0.0001,0.5,none,True,True
55434,1.0,0.0001,0.5,none,True,True
55435,1.0,0.0001,0.5,none,True,True
55436,1.0,0.0001,0.5,none,True,True
55437,1.0,0.0,0.5,none,True,True
55438,1.0,0.0,0.5,none,True,True
55439,1.0,0.0,0.5,none,True,True
55440,1.0,0.0,0.5,none,True,True
55441,1.0,0.0,0.5,none,True,True
55442,1.0,0.0,0.5,none,True,True
55443,1.0,0.0,0.5,none,True,True
55444,1.0,0.0,0.5,none,True,True
55445,1.0,0.0,0.5,none,True,True
55446,1.0,0.0,0.5,none,True,True
55447,1.0,0.0,0.5,none,True,True
55448,1.0,0.0,0.5,none,True,True
55449,1.0,0.0,0.5,none,True,True
55450,1.0,0.0,0.5,none,True,True
55451,1.0,0.0,0.5,none,True,True
55452,1.0,0.0,0.5,none,True,True
55453,1.0,0.0,0.5,none,True,True
55454,1.0,0.0,0.5,none,True,True
55455,1.0,0.0,0.5,none,True,True
55456,1.0,0.0,0.5,none,True,True
55457,1.0,0.0,0.5,none,True,True
55458,1.0,0.0,0.5,none,True,True
55459,1.0,0.0,0.5,none,True,True
55460,1.0,0.0,0.5,none,True,True
55461,1.0,0.0,0.5,none,True,True
55462,1.0,0.0,0.5,none,True,True
55463,1.0,0.0,0.5,none,True,True
55464,1.0,0.0,0.5,none,True,True
55465,1.0,0.0,0.5,none,True,True
55466,1.0,0.0,0.5,none,True,True
55467,1.0,0.0,0.5,none,True,True
55468,1.0,0.0,0.5,none,True,True
55469,1.0,0.0,0.5,none,True,True
55470,1.0,0.0,0.5,none,True,True
55471,1.0,0.0,0.5,none,True,True
55472,1.0,0.0,0.5,none,True,True
55473,1.0,0.0,0.5,none,True,True
55474,1.0,0.0,0.5,none,True,True
55475,1.0,0.0,0.5,none,True,True
55476,1.0,0.0,0.5,none,True,True
55477,1.0,0.0,0.5,none,True,True
55478,1.0,0.0,0.5,none,True,True
55479,1.0,0.0,0.5,none,True,True
55480,1.0,0.0,0.5,none,True,True
55481,1.0,0.0,0.5,none,True,True
55482,1.0,0.0,0.5,none,True,True
55483,1.0,0.0,0.5,none,True,True
55484,1.0,0.0,0.5,none,True,True
55485,1.0,0.0,0.5,none,True,True
55486,1.0,0.0,0.5,none,True,True
55487,1.0,0.0,0.5,none,True,True
55488,1.0,0.0,0.5,none,True,True
55489,1.0,0.0,0.5,none,True,True
55490,1.0,0.0,0.5,none,True,True
55491,1.0,0.0,0.5,none,True,True
55492,1.0,0.0,0.5,none,True,True
55493,1.0,0.0,0.5,none,True,True
55494,1.0,0.0,0.5,none,True,True
55495,1.0,0.0,0.5,none,True,True
55496,1.0,0.0,0.5,none,True,True
55497,1.0,0.0,0.5,none,True,True
55498,1.0,0.0,0.5,none,True,True
55499,1.0,0.0,0.5,none,True,True
55500,1.0,0.0,0.5,none,True,True
55501,1.0,0.0,0.5,none,True,True
55502,1.0,0.0,0.5,none,True,True
55503,1.0,0.0,0.5,none,True,True
55504,1.0,0.0,0.5,none,True,True
55505,1.0,0.0,0.5,none,True,True
55506,1.0,0.0,0.5,none,True,True
55507,1.0,0.0,0.5,none,True,True
55508,1.0,0.0,0.5,none,True,True
55509,1.0,0.0,0.5,none,True,True
55510,1.0,0.0,0.5,none,True,True
55511,1.0,0.0,0.5,none,True,True
55512,1.0,0.0,0.5,none,True,True
55513,1.0,0.0,0.5,none,True,True
55514,1.0,0.0,0.5,none,True,True
55515,1.0,0.0,0.5,none,True,True
55516,1.0,0.0,0.5,none,True,True
55517,1.0,0.0,0.5,none,True,True
55518,1.0,0.0,0.5,none,True,True
55519,1.0,0.0,0.5,none,True,True
55520,1.0,0.0,0.5,none,True,True
55521,1.0,0.0,0.5,none,True,True
55522,1.0,0.0,0.5,none,True,True
55523,1.0,0.0,0.5,none,True,True
55524,1.0,0.0,0.5,none,True,True
55525,1.0,0.0,0.5,none,True,True
55526,1.0,0.0,0.5,none,True,True
55527,1.0,0.0,0.5,none,True,True
55528,1.0,0.0,0.5,none,True,True
55529,1.0,0.0,0.5,none,True,True
55530,1.0,0.0,0.5,none,True,True
55531,1.0,0.0,0.5,none,True,True
55532,1.0,0.0,0.5,none,True,True
55533,1.0,0.0,0.5,none,True,True
55534,1.0,0.0,0.5,none,True,True
55535,1.0,0.0,0.5,none,True,True
55536,1.0,0.0,0.5,none,True,True
55537,1.0,0.0,0.5,none,True,True
55538,1.0,0.0,0.5,none,True,True
55539,1.0,0.0,0.5,none,True,True
55540,1.0,0.0,0.5,none,True,True
55541,1.0,0.0,0.5,none,True,True
55542,1.0,0.0,0.5,none,True,True
55543,1.0,0.0,0.5,none,True,True
55544,1.0,0.0,0.5,none,True,True
55545,1.0,0.0,0.5,none,True,True
55546,1.0,0.0,0.5,none,True,True
55547,1.0,0.0,0.5,none,True,True
55548,1.0,0.0,0.5,none,True,True
55549,1.0,0.0,0.5,none,True,True
55550,1.0,0.0,0.5,none,True,True
55551,1.0,0.0,0.5,none,True,True
55552,1.0,0.0,0.5,none,True,True
55553,1.0,0.0,0.5,none,True,True
55554,1.0,0.0,0.5,none,True,True
55555,1.0,0.0,0.5,none,True,True
55556,1.0,0.0,0.5,none,True,True
55557,1.0,0.0,0.5,none,True,True
55558,1.0,0.0,0.5,none,True,True
55559,1.0,0.0,0.5,none,True,True
55560,1.0,0.0,0.5,none,True,True
55561,1.0,0.0,0.5,none,True,True
55562,1.0,0.0,0.5,none,True,True
55563,1.0,0.0,0.5,none,True,True
55564,1.0,0.0,0.5,none,True,True
55565,1.0,0.0,0.5,none,True,True
55566,1.0,0.0,0.5,none,True,True
55567,1.0,0.0,0.5,none,True,True
55568,1.0,0.0,0.5,none,True,True
55569,1.0,0.0,0.5,none,True,True
55570,1.0,0.0,0.5,none,True,True
55571,1.0,0.0,0.5,none,True,True
55572,1.0,0.0,0.5,none,True,True
55573,1.0,0.0,0.5,none,True,True
55574,1.0,0.0,0.5,none,True,True
55575,1.0,0.0,0.5,none,True,True
55576,1.0,0.0,0.5,none,True,True
55577,1.0,0.0,0.5,none,True,True
55578,1.0,0.0,0.5,none,True,True
55579,1.0,0.0,0.5,none,True,True
55580,1.0,0.0,0.5,none,True,True
55581,1.0,0.0,0.5,none,True,True
55582,1.0,0.0,0.5,none,True,True
55583,1.0,0.0,0.5,none,True,True
55584,1.0,0.0,0.5,none,True,True
55585,1.0,0.0,0.5,none,True,True
55586,1.0,0.0,0.5,none,True,True
55587,1.0,0.0,0.5,none,True,True
55588,1.0,0.0,0.5,none,True,True
55589,1.0,0.0,0.5,none,True,True
55590,1.0,0.0,0.5,none,True,True
55591,1.0,0.0,0.5,none,True,True
55592,1.0,0.0,0.5,none,True,True
55593,1.0,0.0,0.5,none,True,True
55594,1.0,0.0,0.5,none,True,True
55595,1.0,0.0,0.5,none,True,True
55596,1.0,0.0,0.5,none,True,True
55597,1.0,0.0,0.5,none,True,True
55598,1.0,0.0,0.5,none,True,True
55599,1.0,0.0,0.5,none,True,True
55600,1.0,0.0,0.5,none,True,True
55601,1.0,0.0,0.5,none,True,True
55602,1.0,0.0,0.5,none,True,True
55603,1.0,0.0,0.5,none,True,True
55604,1.0,0.0,0.5,none,True,True
55605,1.0,0.0,0.5,none,True,True
55606,1.0,0.0,0.5,none,True,True
55607,1.0,0.0,0.5,none,True,True
55608,1.0,0.0,0.5,none,True,True
55609,1.0,0.0,0.5,none,True,True
55610,1.0,0.0,0.5,none,True,True
55611,1.0,0.0,0.5,none,True,True
55612,1.0,0.0,0.5,none,True,True
55613,1.0,0.0,0.5,none,True,True
55614,1.0,0.0,0.5,none,True,True
55615,1.0,0.0,0.5,none,True,True
55616,1.0,0.0,0.5,none,True,True
55617,1.0,0.0,0.5,none,True,True
55618,1.0,0.0,0.5,none,True,True
55619,1.0,0.0,0.5,none,True,True
55620,1.0,0.0,0.5,none,True,True
55621,1.0,0.0,0.5,none,True,True
55622,1.0,0.0,0.5,none,True,True
55623,1.0,0.0,0.5,none,True,True
55624,1.0,0.0,0.5,none,True,True
55625,1.0,0.0,0.5,none,True,True
55626,1.0,0.0,0.5,none,True,True
55627,1.0,0.0,0.5,none,True,True
55628,1.0,0.0,0.5,none,True,True
55629,1.0,0.0,0.5,none,True,True
55630,1.0,0.0,0.5,none,True,True
55631,1.0,0.0,0.5,none,True,True
55632,1.0,0.0,0.5,none,True,True
55633,1.0,0.0,0.5,none,True,True
55634,1.0,0.0,0.5,none,True,True
55635,1.0,0.0,0.5,none,True,True
55636,1.0,0.0,0.5,none,True,True
55637,1.0,0.0,0.5,none,True,True
55638,1.0,0.0,0.5,none,True,True
55639,1.0,0.0,0.5,none,True,True
55640,1.0,0.0,0.5,none,True,True
55641,1.0,0.0,0.5,none,True,True
55642,1.0,0.0,0.5,none,True,True
55643,1.0,0.0,0.5,none,True,True
55644,1.0,0.0,0.5,none,True,True
55645,1.0,0.0,0.5,none,True,True
55646,1.0,0.0,0.5,none,True,True
55647,1.0,0.0,0.5,none,True,True
55648,1.0,0.0,0.5,none,True,True
55649,1.0,0.0,0.5,none,True,True
55650,1.0,0.0,0.5,none,True,True
55651,1.0,0.0,0.5,none,True,True
55652,1.0,0.0,0.5,none,True,True
55653,1.0,0.0,0.5,none,True,True
55654,1.0,0.0,0.5,none,True,True
55655,1.0,0.0,0.5,none,True,True
55656,1.0,0.0,0.5,none,True,True
55657,1.0,0.0,0.5,none,True,True
55658,1.0,0.0,0.5,none,True,True
55659,1.0,0.0,0.5,none,True,True
55660,1.0,0.0,0.5,none,True,True
55661,1.0,0.0,0.5,none,True,True
55662,1.0,0.0,0.5,none,True,True
55663,1.0,0.0,0.5,none,True,True
55664,1.0,0.0,0.5,none,True,True
55665,1.0,0.0,0.5,none,True,True
55666,1.0,0.0,0.5,none,True,True
55667,1.0,0.0,0.5,none,True,True
55668,1.0,0.0,0.5,none,True,True
55669,1.0,0.0,0.5,none,True,True
55670,1.0,0.0,0.5,none,True,True
55671,1.0,0.0,0.5,none,True,True
55672,1.0,0.0,0.5,none,True,True
55673,1.0,0.0,0.5,none,True,True
55674,1.0,0.0,0.5,none,True,True
55675,1.0,0.0,0.5,none,True,True
55676,1.0,0.0,0.5,none,True,True
55677,1.0,0.0,0.5,none,True,True
55678,1.0,0.0,0.5,none,True,True
55679,1.0,0.0,0.5,none,True,True
55680,1.0,0.0,0.5,none,True,True
55681,1.0,0.0,0.5,none,True,True
55682,1.0,0.0,0.5,none,True,True
55683,1.0,0.0,0.5,none,True,True
55684,1.0,0.0,0.5,none,True,True
55685,1.0,0.0,0.5,none,True,True
55686,1.0,0.0,0.5,none,True,True
55687,1.0,0.0,0.5,none,True,True
55688,1.0,0.0,0.5,none,True,True
55689,1.0,0.0,0.5,none,True,True
55690,1.0,0.0,0.5,none,True,True
55691,1.0,0.0,0.5,none,True,True
55692,1.0,0.0,0.5,none,True,True
55693,1.0,0.0,0.5,none,True,True
55694,1.0,0.0,0.5,none,True,True
55695,1.0,0.0,0.5,none,True,True
55696,1.0,0.0,0.5,none,True,True
55697,1.0,0.0,0.5,none,True,True
55698,1.0,0.0,0.5,none,True,True
55699,1.0,0.0,0.5,none,True,True
55700,1.0,0.0,0.5,none,True,True
55701,1.0,0.0,0.5,none,True,True
55702,1.0,0.0,0.5,none,True,True
55703,1.0,0.0,0.5,none,True,True
55704,1.0,0.0,0.5,none,True,True
55705,1.0,0.0,0.5,none,True,True
55706,1.0,0.0,0.5,none,True,True
55707,1.0,0.0,0.5,none,True,True
55708,1.0,0.0,0.5,none,True,True
55709,1.0,0.0,0.5,none,True,True
55710,1.0,0.0,0.5,none,True,True
55711,1.0,0.0,0.5,none,True,True
55712,1.0,0.0,0.5,none,True,True
55713,1.0,0.0,0.5,none,True,True
55714,1.0,0.0,0.5,none,True,True
55715,1.0,0.0,0.5,none,True,True
55716,1.0,0.0,0.5,none,True,True
55717,1.0,0.0,0.5,none,True,True
55718,1.0,0.0,0.5,none,True,True
55719,1.0,0.0,0.5,none,True,True
55720,1.0,0.0,0.5,none,True,True
55721,1.0,0.0,0.5,none,True,True
55722,1.0,0.0,0.5,none,True,True
55723,1.0,0.0,0.5,none,True,True
55724,1.0,0.0,0.5,none,True,True
55725,1.0,0.0,0.5,none,True,True
55726,1.0,0.0,0.5,none,True,True
55727,1.0,0.0,0.5,none,True,True
55728,1.0,0.0,0.5,none,True,True
55729,1.0,0.0,0.5,none,True,True
55730,1.0,0.0,0.5,none,True,True
55731,1.0,0.0,0.5,none,True,True
55732,1.0,0.0,0.5,none,True,True
55733,1.0,0.0,0.5,none,True,True
55734,1.0,0.0,0.5,none,True,True
55735,1.0,0.0,0.5,none,True,True
55736,1.0,0.0,0.5,none,True,True
55737,1.0,0.0,0.5,none,True,True
55738,1.0,0.0,0.5,none,True,True
55739,1.0,0.0,0.5,none,True,True
55740,1.0,0.0,0.5,none,True,True
55741,1.0,0.0,0.5,none,True,True
55742,1.0,0.0,0.5,none,True,True
55743,1.0,0.0,0.5,none,True,True
55744,1.0,0.0,0.5,none,True,True
55745,1.0,0.0,0.5,none,True,True
55746,1.0,0.0,0.5,none,True,True
55747,1.0,0.0,0.5,none,True,True
55748,1.0,0.0,0.5,none,True,True
55749,1.0,0.0,0.5,none,True,True
55750,1.0,0.0,0.5,none,True,True
55751,1.0,0.0,0.5,none,True,True
55752,1.0,0.0,0.5,none,True,True
55753,1.0,0.0,0.5,none,True,True
55754,1.0,0.0,0.5,none,True,True
55755,1.0,0.0,0.5,none,True,True
55756,1.0,0.0,0.5,none,True,True
55757,1.0,0.0,0.5,none,True,True
55758,1.0,0.0,0.5,none,True,True
55759,1.0,0.0,0.5,none,True,True
55760,1.0,0.0,0.5,none,True,True
55761,1.0,0.0,0.5,none,True,True
55762,1.0,0.0,0.5,none,True,True
55763,1.0,0.0,0.5,none,True,True
55764,1.0,0.0,0.5,none,True,True
55765,1.0,0.0,0.5,none,True,True
55766,1.0,0.0,0.5,none,True,True
55767,1.0,0.0,0.5,none,True,True
55768,1.0,0.0,0.5,none,True,True
55769,1.0,0.0,0.5,none,True,True
55770,1.0,0.0,0.5,none,True,True
55771,1.0,0.0,0.5,none,True,True
55772,1.0,0.0,0.5,none,True,True
55773,1.0,0.0,0.5,none,True,True
55774,1.0,0.0,0.5,none,True,True
55775,1.0,0.0,0.5,none,True,True
55776,1.0,0.0,0.5,none,True,True
55777,1.0,0.0,0.5,none,True,True
55778,1.0,0.0,0.5,none,True,True
55779,1.0,0.0,0.5,none,True,True
55780,1.0,0.0,0.5,none,True,True
55781,1.0,0.0,0.5,none,True,True
55782,1.0,0.0,0.5,none,True,True
55783,1.0,0.0,0.5,none,True,True
55784,1.0,0.0,0.5,none,True,True
55785,1.0,0.0,0.5,none,True,True
55786,1.0,0.0,0.5,none,True,True
55787,1.0,0.0,0.5,none,True,True
55788,1.0,0.0,0.5,none,True,True
55789,1.0,0.0,0.5,none,True,True
55790,1.0,0.0,0.5,none,True,True
55791,1.0,0.0,0.5,none,True,True
55792,1.0,0.0,0.5,none,True,True
55793,1.0,0.0,0.5,none,True,True
55794,1.0,0.0,0.5,none,True,True
55795,1.0,0.0,0.5,none,True,True
55796,1.0,0.0,0.5,none,True,True
55797,1.0,0.0,0.5,none,True,True
55798,1.0,0.0,0.5,none,True,True
55799,1.0,0.0,0.5,none,True,True
55800,1.0,0.0,0.5,none,True,True
55801,1.0,0.0,0.5,none,True,True
55802,1.0,0.0,0.5,none,True,True
55803,1.0,0.0,0.5,none,True,True
55804,1.0,0.0,0.5,none,True,True
55805,1.0,0.0,0.5,none,True,True
55806,1.0,0.0,0.5,none,True,True
55807,1.0,0.0,0.5,none,True,True
55808,1.0,0.0,0.5,none,True,True
55809,1.0,0.0,0.5,none,True,True
55810,1.0,0.0,0.5,none,True,True
55811,1.0,0.0,0.5,none,True,True
55812,1.0,0.0,0.5,none,True,True
55813,1.0,0.0,0.5,none,True,True
55814,1.0,0.0,0.5,none,True,True
55815,1.0,0.0,0.5,none,True,True
55816,1.0,0.0,0.5,none,True,True
55817,1.0,0.0,0.5,none,True,True
55818,1.0,0.0,0.5,none,True,True
55819,1.0,0.0,0.5,none,True,True
55820,1.0,0.0,0.5,none,True,True
55821,1.0,0.0,0.5,none,True,True
55822,1.0,0.0,0.5,none,True,True
55823,1.0,0.0,0.5,none,True,True
55824,1.0,0.0,0.5,none,True,True
55825,1.0,0.0,0.5,none,True,True
55826,1.0,0.0,0.5,none,True,True
55827,1.0,0.0,0.5,none,True,True
55828,1.0,0.0,0.5,none,True,True
55829,1.0,0.0,0.5,none,True,True
55830,1.0,0.0,0.5,none,True,True
55831,1.0,0.0,0.5,none,True,True
55832,1.0,0.0,0.5,none,True,True
55833,1.0,0.0,0.5,none,True,True
55834,1.0,0.0,0.5,none,True,True
55835,1.0,0.0,0.5,none,True,True
55836,1.0,0.0,0.5,none,True,True
55837,1.0,0.0,0.5,none,True,True
55838,1.0,0.0,0.5,none,True,True
55839,1.0,0.0,0.5,none,True,True
55840,1.0,0.0,0.5,none,True,True
55841,1.0,0.0,0.5,none,True,True
55842,1.0,0.0,0.5,none,True,True
55843,1.0,0.0,0.5,none,True,True
55844,1.0,0.0,0.5,none,True,True
55845,1.0,0.0,0.5,none,True,True
55846,1.0,0.0,0.5,none,True,True
55847,1.0,0.0,0.5,none,True,True
55848,1.0,0.0,0.5,none,True,True
55849,1.0,0.0,0.5,none,True,True
55850,1.0,0.0,0.5,none,True,True
55851,1.0,0.0,0.5,none,True,True
55852,1.0,0.0,0.5,none,True,True
55853,1.0,0.0,0.5,none,True,True
55854,1.0,0.0,0.5,none,True,True
55855,1.0,0.0,0.5,none,True,True
55856,1.0,0.0,0.5,none,True,True
55857,1.0,0.0,0.5,none,True,True
55858,1.0,0.0,0.5,none,True,True
55859,1.0,0.0,0.5,none,True,True
55860,1.0,0.0,0.5,none,True,True
55861,1.0,0.0,0.5,none,True,True
55862,1.0,0.0,0.5,none,True,True
55863,1.0,0.0,0.5,none,True,True
55864,1.0,0.0,0.5,none,True,True
55865,1.0,0.0,0.5,none,True,True
55866,1.0,0.0,0.5,none,True,True
55867,1.0,0.0,0.5,none,True,True
55868,1.0,0.0,0.5,none,True,True
55869,1.0,0.0,0.5,none,True,True
55870,1.0,0.0,0.5,none,True,True
55871,1.0,0.0,0.5,none,True,True
55872,1.0,0.0,0.5,none,True,True
55873,1.0,0.0,0.5,none,True,True
55874,1.0,0.0,0.5,none,True,True
55875,1.0,0.0,0.5,none,True,True
55876,1.0,0.0,0.5,none,True,True
55877,1.0,0.0,0.5,none,True,True
55878,1.0,0.0,0.5,none,True,True
55879,1.0,0.0,0.5,none,True,True
55880,1.0,0.0,0.5,none,True,True
55881,1.0,0.0,0.5,none,True,True
55882,1.0,0.0,0.5,none,True,True
55883,1.0,0.0,0.5,none,True,True
55884,1.0,0.0,0.5,none,True,True
55885,1.0,0.0,0.5,none,True,True
55886,1.0,0.0,0.5,none,True,True
55887,1.0,0.0,0.5,none,True,True
55888,1.0,0.0,0.5,none,True,True
55889,1.0,0.0,0.5,none,True,True
55890,1.0,0.0,0.5,none,True,True
55891,1.0,0.0,0.5,none,True,True
55892,1.0,0.0,0.5,none,True,True
55893,1.0,0.0,0.5,none,True,True
55894,1.0,0.0,0.5,none,True,True
55895,1.0,0.0,0.5,none,True,True
55896,1.0,0.0,0.5,none,True,True
55897,1.0,0.0,0.5,none,True,True
55898,1.0,0.0,0.5,none,True,True
55899,1.0,0.0,0.5,none,True,True
55900,1.0,0.0,0.5,none,True,True
55901,1.0,0.0,0.5,none,True,True
55902,1.0,0.0,0.5,none,True,True
55903,1.0,0.0,0.5,none,True,True
55904,1.0,0.0,0.5,none,True,True
55905,1.0,0.0,0.5,none,True,True
55906,1.0,0.0,0.5,none,True,True
55907,1.0,0.0,0.5,none,True,True
55908,1.0,0.0,0.5,none,True,True
55909,1.0,0.0,0.5,none,True,True
55910,1.0,0.0,0.5,none,True,True
55911,1.0,0.0,0.5,none,True,True
55912,1.0,0.0,0.5,none,True,True
55913,1.0,0.0,0.5,none,True,True
55914,1.0,0.0,0.5,none,True,True
55915,1.0,0.0,0.5,none,True,True
55916,1.0,0.0,0.5,none,True,True
55917,1.0,0.0,0.5,none,True,True
55918,1.0,0.0,0.5,none,True,True
55919,1.0,0.0,0.5,none,True,True
55920,1.0,0.0,0.5,none,True,True
55921,1.0,0.0,0.5,none,True,True
55922,1.0,0.0,0.5,none,True,True
55923,1.0,0.0,0.5,none,True,True
55924,1.0,0.0,0.5,none,True,True
55925,1.0,0.0,0.5,none,True,True
55926,1.0,0.0,0.5,none,True,True
55927,1.0,0.0,0.5,none,True,True
55928,1.0,0.0,0.5,none,True,True
55929,1.0,0.0,0.5,none,True,True
55930,1.0,0.0,0.5,none,True,True
55931,1.0,0.0,0.5,none,True,True
55932,1.0,0.0,0.5,none,True,True
55933,1.0,0.0,0.5,none,True,True
55934,1.0,0.0,0.5,none,True,True
55935,1.0,0.0,0.5,none,True,True
55936,1.0,0.0,0.5,none,True,True
55937,1.0,0.0,0.5,none,True,True
55938,1.0,0.0,0.5,none,True,True
55939,1.0,0.0,0.5,none,True,True
55940,1.0,0.0,0.5,none,True,True
55941,1.0,0.0,0.5,none,True,True
55942,1.0,0.0,0.5,none,True,True
55943,1.0,0.0,0.5,none,True,True
55944,1.0,0.0,0.5,none,True,True
55945,1.0,0.0,0.5,none,True,True
55946,1.0,0.0,0.5,none,True,True
55947,1.0,0.0,0.5,none,True,True
55948,1.0,0.0,0.5,none,True,True
55949,1.0,0.0,0.5,none,True,True
55950,1.0,0.0,0.5,none,True,True
55951,1.0,0.0,0.5,none,True,True
55952,1.0,0.0,0.5,none,True,True
55953,1.0,0.0,0.5,none,True,True
55954,1.0,0.0,0.5,none,True,True
55955,1.0,0.0,0.5,none,True,True
55956,1.0,0.0,0.5,none,True,True
55957,1.0,0.0,0.5,none,True,True
55958,1.0,0.0,0.5,none,True,True
55959,1.0,0.0,0.5,none,True,True
55960,1.0,0.0,0.5,none,True,True
55961,1.0,0.0,0.5,none,True,True
55962,1.0,0.0,0.5,none,True,True
55963,1.0,0.0,0.5,none,True,True
55964,1.0,0.0,0.5,none,True,True
55965,1.0,0.0,0.5,none,True,True
55966,1.0,0.0,0.5,none,True,True
55967,1.0,0.0,0.5,none,True,True
55968,1.0,0.0,0.5,none,True,True
55969,1.0,0.0,0.5,none,True,True
55970,1.0,0.0,0.5,none,True,True
55971,1.0,0.0,0.5,none,True,True
55972,1.0,0.0,0.5,none,True,True
55973,1.0,0.0,0.5,none,True,True
55974,1.0,0.0,0.5,none,True,True
55975,1.0,0.0,0.5,none,True,True
55976,1.0,0.0,0.5,none,True,True
55977,1.0,0.0,0.5,none,True,True
55978,1.0,0.0,0.5,none,True,True
55979,1.0,0.0,0.5,none,True,True
55980,1.0,0.0,0.5,none,True,True
55981,1.0,0.0,0.5,none,True,True
55982,1.0,0.0,0.5,none,True,True
55983,1.0,0.0,0.5,none,True,True
55984,1.0,0.0,0.5,none,True,True
55985,1.0,0.0,0.5,none,True,True
55986,1.0,0.0,0.5,none,True,True
55987,1.0,0.0,0.5,none,True,True
55988,1.0,0.0,0.5,none,True,True
55989,1.0,0.0,0.5,none,True,True
55990,1.0,0.0,0.5,none,True,True
55991,1.0,0.0,0.5,none,True,True
55992,1.0,0.0,0.5,none,True,True
55993,1.0,0.0,0.5,none,True,True
55994,1.0,0.0,0.5,none,True,True
55995,1.0,0.0,0.5,none,True,True
55996,1.0,0.0,0.5,none,True,True
55997,1.0,0.0,0.5,none,True,True
55998,1.0,0.0,0.5,none,True,True
55999,1.0,0.0,0.5,none,True,True
56000,1.0,0.0061,0.5,none,True,True
56001,1.0,0.0357,0.5,none,True,True
56002,1.0,0.0812,0.5,none,True,True
56003,1.0,0.1113,0.5,none,True,True
56004,1.0,0.1253,0.5,none,True,True
56005,1.0,0.1408,0.5,none,True,True
56006,1.0,0.0907,0.5,none,True,True
56007,1.0,0.1198,0.5,none,True,True
56008,1.0,0.0467,0.5,none,True,True
56009,1.0,0.0522,0.5,none,True,True
56010,1.0,0.0405,0.5,none,True,True
56011,1.0,0.0313,0.5,none,True,True
56012,1.0,0.0083,0.5,none,True,True
56013,1.0,0.0726,0.5,none,True,True
56014,1.0,0.0793,0.5,none,True,True
56015,1.0,0.0581,0.5,none,True,True
56016,1.0,0.0955,0.5,none,True,True
56017,1.0,0.0839,0.5,none,True,True
56018,1.0,0.0648,0.5,none,True,True
56019,1.0,0.0718,0.5,none,True,True
56020,1.0,0.0589,0.5,none,True,True
56021,1.0,0.0403,0.5,none,True,True
56022,1.0,0.0327,0.5,none,True,True
56023,1.0,0.0277,0.5,none,True,True
56024,1.0,0.017,0.5,none,True,True
56025,1.0,0.0102,0.5,none,True,True
56026,1.0,0.0099,0.5,none,True,True
56027,1.0,0.008,0.5,none,True,True
56028,1.0,0.005,0.5,none,True,True
56029,1.0,0.0063,0.5,none,True,True
56030,1.0,0.009,0.5,none,True,True
56031,1.0,0.0096,0.5,none,True,True
56032,1.0,0.0108,0.5,none,True,True
56033,1.0,0.014,0.5,none,True,True
56034,1.0,0.0161,0.5,none,True,True
56035,1.0,0.0167,0.5,none,True,True
56036,1.0,0.0182,0.5,none,True,True
56037,1.0,0.0196,0.5,none,True,True
56038,1.0,0.0197,0.5,none,True,True
56039,1.0,0.0193,0.5,none,True,True
56040,1.0,0.0193,0.5,none,True,True
56041,1.0,0.0187,0.5,none,True,True
56042,1.0,0.0174,0.5,none,True,True
56043,1.0,0.0163,0.5,none,True,True
56044,1.0,0.0152,0.5,none,True,True
56045,1.0,0.0138,0.5,none,True,True
56046,1.0,0.0123,0.5,none,True,True
56047,1.0,0.0111,0.5,none,True,True
56048,1.0,0.01,0.5,none,True,True
56049,1.0,0.0088,0.5,none,True,True
56050,1.0,0.0078,0.5,none,True,True
56051,1.0,0.0071,0.5,none,True,True
56052,1.0,0.0064,0.5,none,True,True
56053,1.0,0.0057,0.5,none,True,True
56054,1.0,0.0053,0.5,none,True,True
56055,1.0,0.005,0.5,none,True,True
56056,1.0,0.0047,0.5,none,True,True
56057,1.0,0.0045,0.5,none,True,True
56058,1.0,0.0044,0.5,none,True,True
56059,1.0,0.0043,0.5,none,True,True
56060,1.0,0.0042,0.5,none,True,True
56061,1.0,0.0041,0.5,none,True,True
56062,1.0,0.004,0.5,none,True,True
56063,1.0,0.0039,0.5,none,True,True
56064,1.0,0.0038,0.5,none,True,True
56065,1.0,0.0037,0.5,none,True,True
56066,1.0,0.0035,0.5,none,True,True
56067,1.0,0.0033,0.5,none,True,True
56068,1.0,0.0032,0.5,none,True,True
56069,1.0,0.003,0.5,none,True,True
56070,1.0,0.0028,0.5,none,True,True
56071,1.0,0.0026,0.5,none,True,True
56072,1.0,0.0024,0.5,none,True,True
56073,1.0,0.0023,0.5,none,True,True
56074,1.0,0.0021,0.5,none,True,True
56075,1.0,0.0019,0.5,none,True,True
56076,1.0,0.0018,0.5,none,True,True
56077,1.0,0.0017,0.5,none,True,True
56078,1.0,0.0015,0.5,none,True,True
56079,1.0,0.0014,0.5,none,True,True
56080,1.0,0.0013,0.5,none,True,True
56081,1.0,0.0013,0.5,none,True,True
56082,1.0,0.0012,0.5,none,True,True
56083,1.0,0.0011,0.5,none,True,True
56084,1.0,0.0011,0.5,none,True,True
56085,1.0,0.001,0.5,none,True,True
56086,1.0,0.001,0.5,none,True,True
56087,1.0,0.0009,0.5,none,True,True
56088,1.0,0.0009,0.5,none,True,True
56089,1.0,0.0008,0.5,none,True,True
56090,1.0,0.0008,0.5,none,True,True
56091,1.0,0.0008,0.5,none,True,True
56092,1.0,0.0007,0.5,none,True,True
56093,1.0,0.0007,0.5,none,True,True
56094,1.0,0.0006,0.5,none,True,True
56095,1.0,0.0006,0.5,none,True,True
56096,1.0,0.0006,0.5,none,True,True
56097,1.0,0.0005,0.5,none,True,True
56098,1.0,0.0005,0.5,none,True,True
56099,1.0,0.0005,0.5,none,True,True
56100,1.0,0.0004,0.5,none,True,True
56101,1.0,0.0004,0.5,none,True,True
56102,1.0,0.0004,0.5,none,True,True
56103,1.0,0.0004,0.5,none,True,True
56104,1.0,0.0003,0.5,none,True,True
56105,1.0,0.0003,0.5,none,True,True
56106,1.0,0.0003,0.5,none,True,True
56107,1.0,0.0003,0.5,none,True,True
56108,1.0,0.0003,0.5,none,True,True
56109,1.0,0.0003,0.5,none,True,True
56110,1.0,0.0002,0.5,none,True,True
56111,1.0,0.0002,0.5,none,True,True
56112,1.0,0.0002,0.5,none,True,True
56113,1.0,0.0002,0.5,none,True,True
56114,1.0,0.0002,0.5,none,True,True
56115,1.0,0.0002,0.5,none,True,True
56116,1.0,0.0002,0.5,none,True,True
56117,1.0,0.0002,0.5,none,True,True
56118,1.0,0.0002,0.5,none,True,True
56119,1.0,0.0001,0.5,none,True,True
56120,1.0,0.0001,0.5,none,True,True
56121,1.0,0.0001,0.5,none,True,True
56122,1.0,0.0001,0.5,none,True,True
56123,1.0,0.0001,0.5,none,True,True
56124,1.0,0.0001,0.5,none,True,True
56125,1.0,0.0001,0.5,none,True,True
56126,1.0,0.0001,0.5,none,True,True
56127,1.0,0.0001,0.5,none,True,True
56128,1.0,0.0001,0.5,none,True,True
56129,1.0,0.0001,0.5,none,True,True
56130,1.0,0.0001,0.5,none,True,True
56131,1.0,0.0001,0.5,none,True,True
56132,1.0,0.0001,0.5,none,True,True
56133,1.0,0.0001,0.5,none,True,True
56134,1.0,0.0001,0.5,none,True,True
56135,1.0,0.0001,0.5,none,True,True
56136,1.0,0.0001,0.5,none,True,True
56137,1.0,0.0,0.5,none,True,True
56138,1.0,0.0,0.5,none,True,True
56139,1.0,0.0,0.5,none,True,True
56140,1.0,0.0,0.5,none,True,True
56141,1.0,0.0,0.5,none,True,True
56142,1.0,0.0,0.5,none,True,True
56143,1.0,0.0,0.5,none,True,True
56144,1.0,0.0,0.5,none,True,True
56145,1.0,0.0,0.5,none,True,True
56146,1.0,0.0,0.5,none,True,True
56147,1.0,0.0,0.5,none,True,True
56148,1.0,0.0,0.5,none,True,True
56149,1.0,0.0,0.5,none,True,True
56150,1.0,0.0,0.5,none,True,True
56151,1.0,0.0,0.5,none,True,True
56152,1.0,0.0,0.5,none,True,True
56153,1.0,0.0,0.5,none,True,True
56154,1.0,0.0,0.5,none,True,True
56155,1.0,0.0,0.5,none,True,True
56156,1.0,0.0,0.5,none,True,True
56157,1.0,0.0,0.5,none,True,True
56158,1.0,0.0,0.5,none,True,True
56159,1.0,0.0,0.5,none,True,True
56160,1.0,0.0,0.5,none,True,True
56161,1.0,0.0,0.5,none,True,True
56162,1.0,0.0,0.5,none,True,True
56163,1.0,0.0,0.5,none,True,True
56164,1.0,0.0,0.5,none,True,True
56165,1.0,0.0,0.5,none,True,True
56166,1.0,0.0,0.5,none,True,True
56167,1.0,0.0,0.5,none,True,True
56168,1.0,0.0,0.5,none,True,True
56169,1.0,0.0,0.5,none,True,True
56170,1.0,0.0,0.5,none,True,True
56171,1.0,0.0,0.5,none,True,True
56172,1.0,0.0,0.5,none,True,True
56173,1.0,0.0,0.5,none,True,True
56174,1.0,0.0,0.5,none,True,True
56175,1.0,0.0,0.5,none,True,True
56176,1.0,0.0,0.5,none,True,True
56177,1.0,0.0,0.5,none,True,True
56178,1.0,0.0,0.5,none,True,True
56179,1.0,0.0,0.5,none,True,True
56180,1.0,0.0,0.5,none,True,True
56181,1.0,0.0,0.5,none,True,True
56182,1.0,0.0,0.5,none,True,True
56183,1.0,0.0,0.5,none,True,True
56184,1.0,0.0,0.5,none,True,True
56185,1.0,0.0,0.5,none,True,True
56186,1.0,0.0,0.5,none,True,True
56187,1.0,0.0,0.5,none,True,True
56188,1.0,0.0,0.5,none,True,True
56189,1.0,0.0,0.5,none,True,True
56190,1.0,0.0,0.5,none,True,True
56191,1.0,0.0,0.5,none,True,True
56192,1.0,0.0,0.5,none,True,True
56193,1.0,0.0,0.5,none,True,True
56194,1.0,0.0,0.5,none,True,True
56195,1.0,0.0,0.5,none,True,True
56196,1.0,0.0,0.5,none,True,True
56197,1.0,0.0,0.5,none,True,True
56198,1.0,0.0,0.5,none,True,True
56199,1.0,0.0,0.5,none,True,True
56200,1.0,0.0,0.5,none,True,True
56201,1.0,0.0,0.5,none,True,True
56202,1.0,0.0,0.5,none,True,True
56203,1.0,0.0,0.5,none,True,True
56204,1.0,0.0,0.5,none,True,True
56205,1.0,0.0,0.5,none,True,True
56206,1.0,0.0,0.5,none,True,True
56207,1.0,0.0,0.5,none,True,True
56208,1.0,0.0,0.5,none,True,True
56209,1.0,0.0,0.5,none,True,True
56210,1.0,0.0,0.5,none,True,True
56211,1.0,0.0,0.5,none,True,True
56212,1.0,0.0,0.5,none,True,True
56213,1.0,0.0,0.5,none,True,True
56214,1.0,0.0,0.5,none,True,True
56215,1.0,0.0,0.5,none,True,True
56216,1.0,0.0,0.5,none,True,True
56217,1.0,0.0,0.5,none,True,True
56218,1.0,0.0,0.5,none,True,True
56219,1.0,0.0,0.5,none,True,True
56220,1.0,0.0,0.5,none,True,True
56221,1.0,0.0,0.5,none,True,True
56222,1.0,0.0,0.5,none,True,True
56223,1.0,0.0,0.5,none,True,True
56224,1.0,0.0,0.5,none,True,True
56225,1.0,0.0,0.5,none,True,True
56226,1.0,0.0,0.5,none,True,True
56227,1.0,0.0,0.5,none,True,True
56228,1.0,0.0,0.5,none,True,True
56229,1.0,0.0,0.5,none,True,True
56230,1.0,0.0,0.5,none,True,True
56231,1.0,0.0,0.5,none,True,True
56232,1.0,0.0,0.5,none,True,True
56233,1.0,0.0,0.5,none,True,True
56234,1.0,0.0,0.5,none,True,True
56235,1.0,0.0,0.5,none,True,True
56236,1.0,0.0,0.5,none,True,True
56237,1.0,0.0,0.5,none,True,True
56238,1.0,0.0,0.5,none,True,True
56239,1.0,0.0,0.5,none,True,True
56240,1.0,0.0,0.5,none,True,True
56241,1.0,0.0,0.5,none,True,True
56242,1.0,0.0,0.5,none,True,True
56243,1.0,0.0,0.5,none,True,True
56244,1.0,0.0,0.5,none,True,True
56245,1.0,0.0,0.5,none,True,True
56246,1.0,0.0,0.5,none,True,True
56247,1.0,0.0,0.5,none,True,True
56248,1.0,0.0,0.5,none,True,True
56249,1.0,0.0,0.5,none,True,True
56250,1.0,0.0,0.5,none,True,True
56251,1.0,0.0,0.5,none,True,True
56252,1.0,0.0,0.5,none,True,True
56253,1.0,0.0,0.5,none,True,True
56254,1.0,0.0,0.5,none,True,True
56255,1.0,0.0,0.5,none,True,True
56256,1.0,0.0,0.5,none,True,True
56257,1.0,0.0,0.5,none,True,True
56258,1.0,0.0,0.5,none,True,True
56259,1.0,0.0,0.5,none,True,True
56260,1.0,0.0,0.5,none,True,True
56261,1.0,0.0,0.5,none,True,True
56262,1.0,0.0,0.5,none,True,True
56263,1.0,0.0,0.5,none,True,True
56264,1.0,0.0,0.5,none,True,True
56265,1.0,0.0,0.5,none,True,True
56266,1.0,0.0,0.5,none,True,True
56267,1.0,0.0,0.5,none,True,True
56268,1.0,0.0,0.5,none,True,True
56269,1.0,0.0,0.5,none,True,True
56270,1.0,0.0,0.5,none,True,True
56271,1.0,0.0,0.5,none,True,True
56272,1.0,0.0,0.5,none,True,True
56273,1.0,0.0,0.5,none,True,True
56274,1.0,0.0,0.5,none,True,True
56275,1.0,0.0,0.5,none,True,True
56276,1.0,0.0,0.5,none,True,True
56277,1.0,0.0,0.5,none,True,True
56278,1.0,0.0,0.5,none,True,True
56279,1.0,0.0,0.5,none,True,True
56280,1.0,0.0,0.5,none,True,True
56281,1.0,0.0,0.5,none,True,True
56282,1.0,0.0,0.5,none,True,True
56283,1.0,0.0,0.5,none,True,True
56284,1.0,0.0,0.5,none,True,True
56285,1.0,0.0,0.5,none,True,True
56286,1.0,0.0,0.5,none,True,True
56287,1.0,0.0,0.5,none,True,True
56288,1.0,0.0,0.5,none,True,True
56289,1.0,0.0,0.5,none,True,True
56290,1.0,0.0,0.5,none,True,True
56291,1.0,0.0,0.5,none,True,True
56292,1.0,0.0,0.5,none,True,True
56293,1.0,0.0,0.5,none,True,True
56294,1.0,0.0,0.5,none,True,True
56295,1.0,0.0,0.5,none,True,True
56296,1.0,0.0,0.5,none,True,True
56297,1.0,0.0,0.5,none,True,True
56298,1.0,0.0,0.5,none,True,True
56299,1.0,0.0,0.5,none,True,True
56300,1.0,0.0,0.5,none,True,True
56301,1.0,0.0,0.5,none,True,True
56302,1.0,0.0,0.5,none,True,True
56303,1.0,0.0,0.5,none,True,True
56304,1.0,0.0,0.5,none,True,True
56305,1.0,0.0,0.5,none,True,True
56306,1.0,0.0,0.5,none,True,True
56307,1.0,0.0,0.5,none,True,True
56308,1.0,0.0,0.5,none,True,True
56309,1.0,0.0,0.5,none,True,True
56310,1.0,0.0,0.5,none,True,True
56311,1.0,0.0,0.5,none,True,True
56312,1.0,0.0,0.5,none,True,True
56313,1.0,0.0,0.5,none,True,True
56314,1.0,0.0,0.5,none,True,True
56315,1.0,0.0,0.5,none,True,True
56316,1.0,0.0,0.5,none,True,True
56317,1.0,0.0,0.5,none,True,True
56318,1.0,0.0,0.5,none,True,True
56319,1.0,0.0,0.5,none,True,True
56320,1.0,0.0,0.5,none,True,True
56321,1.0,0.0,0.5,none,True,True
56322,1.0,0.0,0.5,none,True,True
56323,1.0,0.0,0.5,none,True,True
56324,1.0,0.0,0.5,none,True,True
56325,1.0,0.0,0.5,none,True,True
56326,1.0,0.0,0.5,none,True,True
56327,1.0,0.0,0.5,none,True,True
56328,1.0,0.0,0.5,none,True,True
56329,1.0,0.0,0.5,none,True,True
56330,1.0,0.0,0.5,none,True,True
56331,1.0,0.0,0.5,none,True,True
56332,1.0,0.0,0.5,none,True,True
56333,1.0,0.0,0.5,none,True,True
56334,1.0,0.0,0.5,none,True,True
56335,1.0,0.0,0.5,none,True,True
56336,1.0,0.0,0.5,none,True,True
56337,1.0,0.0,0.5,none,True,True
56338,1.0,0.0,0.5,none,True,True
56339,1.0,0.0,0.5,none,True,True
56340,1.0,0.0,0.5,none,True,True
56341,1.0,0.0,0.5,none,True,True
56342,1.0,0.0,0.5,none,True,True
56343,1.0,0.0,0.5,none,True,True
56344,1.0,0.0,0.5,none,True,True
56345,1.0,0.0,0.5,none,True,True
56346,1.0,0.0,0.5,none,True,True
56347,1.0,0.0,0.5,none,True,True
56348,1.0,0.0,0.5,none,True,True
56349,1.0,0.0,0.5,none,True,True
56350,1.0,0.0,0.5,none,True,True
56351,1.0,0.0,0.5,none,True,True
56352,1.0,0.0,0.5,none,True,True
56353,1.0,0.0,0.5,none,True,True
56354,1.0,0.0,0.5,none,True,True
56355,1.0,0.0,0.5,none,True,True
56356,1.0,0.0,0.5,none,True,True
56357,1.0,0.0,0.5,none,True,True
56358,1.0,0.0,0.5,none,True,True
56359,1.0,0.0,0.5,none,True,True
56360,1.0,0.0,0.5,none,True,True
56361,1.0,0.0,0.5,none,True,True
56362,1.0,0.0,0.5,none,True,True
56363,1.0,0.0,0.5,none,True,True
56364,1.0,0.0,0.5,none,True,True
56365,1.0,0.0,0.5,none,True,True
56366,1.0,0.0,0.5,none,True,True
56367,1.0,0.0,0.5,none,True,True
56368,1.0,0.0,0.5,none,True,True
56369,1.0,0.0,0.5,none,True,True
56370,1.0,0.0,0.5,none,True,True
56371,1.0,0.0,0.5,none,True,True
56372,1.0,0.0,0.5,none,True,True
56373,1.0,0.0,0.5,none,True,True
56374,1.0,0.0,0.5,none,True,True
56375,1.0,0.0,0.5,none,True,True
56376,1.0,0.0,0.5,none,True,True
56377,1.0,0.0,0.5,none,True,True
56378,1.0,0.0,0.5,none,True,True
56379,1.0,0.0,0.5,none,True,True
56380,1.0,0.0,0.5,none,True,True
56381,1.0,0.0,0.5,none,True,True
56382,1.0,0.0,0.5,none,True,True
56383,1.0,0.0,0.5,none,True,True
56384,1.0,0.0,0.5,none,True,True
56385,1.0,0.0,0.5,none,True,True
56386,1.0,0.0,0.5,none,True,True
56387,1.0,0.0,0.5,none,True,True
56388,1.0,0.0,0.5,none,True,True
56389,1.0,0.0,0.5,none,True,True
56390,1.0,0.0,0.5,none,True,True
56391,1.0,0.0,0.5,none,True,True
56392,1.0,0.0,0.5,none,True,True
56393,1.0,0.0,0.5,none,True,True
56394,1.0,0.0,0.5,none,True,True
56395,1.0,0.0,0.5,none,True,True
56396,1.0,0.0,0.5,none,True,True
56397,1.0,0.0,0.5,none,True,True
56398,1.0,0.0,0.5,none,True,True
56399,1.0,0.0,0.5,none,True,True
56400,1.0,0.0,0.5,none,True,True
56401,1.0,0.0,0.5,none,True,True
56402,1.0,0.0,0.5,none,True,True
56403,1.0,0.0,0.5,none,True,True
56404,1.0,0.0,0.5,none,True,True
56405,1.0,0.0,0.5,none,True,True
56406,1.0,0.0,0.5,none,True,True
56407,1.0,0.0,0.5,none,True,True
56408,1.0,0.0,0.5,none,True,True
56409,1.0,0.0,0.5,none,True,True
56410,1.0,0.0,0.5,none,True,True
56411,1.0,0.0,0.5,none,True,True
56412,1.0,0.0,0.5,none,True,True
56413,1.0,0.0,0.5,none,True,True
56414,1.0,0.0,0.5,none,True,True
56415,1.0,0.0,0.5,none,True,True
56416,1.0,0.0,0.5,none,True,True
56417,1.0,0.0,0.5,none,True,True
56418,1.0,0.0,0.5,none,True,True
56419,1.0,0.0,0.5,none,True,True
56420,1.0,0.0,0.5,none,True,True
56421,1.0,0.0,0.5,none,True,True
56422,1.0,0.0,0.5,none,True,True
56423,1.0,0.0,0.5,none,True,True
56424,1.0,0.0,0.5,none,True,True
56425,1.0,0.0,0.5,none,True,True
56426,1.0,0.0,0.5,none,True,True
56427,1.0,0.0,0.5,none,True,True
56428,1.0,0.0,0.5,none,True,True
56429,1.0,0.0,0.5,none,True,True
56430,1.0,0.0,0.5,none,True,True
56431,1.0,0.0,0.5,none,True,True
56432,1.0,0.0,0.5,none,True,True
56433,1.0,0.0,0.5,none,True,True
56434,1.0,0.0,0.5,none,True,True
56435,1.0,0.0,0.5,none,True,True
56436,1.0,0.0,0.5,none,True,True
56437,1.0,0.0,0.5,none,True,True
56438,1.0,0.0,0.5,none,True,True
56439,1.0,0.0,0.5,none,True,True
56440,1.0,0.0,0.5,none,True,True
56441,1.0,0.0,0.5,none,True,True
56442,1.0,0.0,0.5,none,True,True
56443,1.0,0.0,0.5,none,True,True
56444,1.0,0.0,0.5,none,True,True
56445,1.0,0.0,0.5,none,True,True
56446,1.0,0.0,0.5,none,True,True
56447,1.0,0.0,0.5,none,True,True
56448,1.0,0.0,0.5,none,True,True
56449,1.0,0.0,0.5,none,True,True
56450,1.0,0.0,0.5,none,True,True
56451,1.0,0.0,0.5,none,True,True
56452,1.0,0.0,0.5,none,True,True
56453,1.0,0.0,0.5,none,True,True
56454,1.0,0.0,0.5,none,True,True
56455,1.0,0.0,0.5,none,True,True
56456,1.0,0.0,0.5,none,True,True
56457,1.0,0.0,0.5,none,True,True
56458,1.0,0.0,0.5,none,True,True
56459,1.0,0.0,0.5,none,True,True
56460,1.0,0.0,0.5,none,True,True
56461,1.0,0.0,0.5,none,True,True
56462,1.0,0.0,0.5,none,True,True
56463,1.0,0.0,0.5,none,True,True
56464,1.0,0.0,0.5,none,True,True
56465,1.0,0.0,0.5,none,True,True
56466,1.0,0.0,0.5,none,True,True
56467,1.0,0.0,0.5,none,True,True
56468,1.0,0.0,0.5,none,True,True
56469,1.0,0.0,0.5,none,True,True
56470,1.0,0.0,0.5,none,True,True
56471,1.0,0.0,0.5,none,True,True
56472,1.0,0.0,0.5,none,True,True
56473,1.0,0.0,0.5,none,True,True
56474,1.0,0.0,0.5,none,True,True
56475,1.0,0.0,0.5,none,True,True
56476,1.0,0.0,0.5,none,True,True
56477,1.0,0.0,0.5,none,True,True
56478,1.0,0.0,0.5,none,True,True
56479,1.0,0.0,0.5,none,True,True
56480,1.0,0.0,0.5,none,True,True
56481,1.0,0.0,0.5,none,True,True
56482,1.0,0.0,0.5,none,True,True
56483,1.0,0.0,0.5,none,True,True
56484,1.0,0.0,0.5,none,True,True
56485,1.0,0.0,0.5,none,True,True
56486,1.0,0.0,0.5,none,True,True
56487,1.0,0.0,0.5,none,True,True
56488,1.0,0.0,0.5,none,True,True
56489,1.0,0.0,0.5,none,True,True
56490,1.0,0.0,0.5,none,True,True
56491,1.0,0.0,0.5,none,True,True
56492,1.0,0.0,0.5,none,True,True
56493,1.0,0.0,0.5,none,True,True
56494,1.0,0.0,0.5,none,True,True
56495,1.0,0.0,0.5,none,True,True
56496,1.0,0.0,0.5,none,True,True
56497,1.0,0.0,0.5,none,True,True
56498,1.0,0.0,0.5,none,True,True
56499,1.0,0.0,0.5,none,True,True
56500,1.0,0.0,0.5,none,True,True
56501,1.0,0.0,0.5,none,True,True
56502,1.0,0.0,0.5,none,True,True
56503,1.0,0.0,0.5,none,True,True
56504,1.0,0.0,0.5,none,True,True
56505,1.0,0.0,0.5,none,True,True
56506,1.0,0.0,0.5,none,True,True
56507,1.0,0.0,0.5,none,True,True
56508,1.0,0.0,0.5,none,True,True
56509,1.0,0.0,0.5,none,True,True
56510,1.0,0.0,0.5,none,True,True
56511,1.0,0.0,0.5,none,True,True
56512,1.0,0.0,0.5,none,True,True
56513,1.0,0.0,0.5,none,True,True
56514,1.0,0.0,0.5,none,True,True
56515,1.0,0.0,0.5,none,True,True
56516,1.0,0.0,0.5,none,True,True
56517,1.0,0.0,0.5,none,True,True
56518,1.0,0.0,0.5,none,True,True
56519,1.0,0.0,0.5,none,True,True
56520,1.0,0.0,0.5,none,True,True
56521,1.0,0.0,0.5,none,True,True
56522,1.0,0.0,0.5,none,True,True
56523,1.0,0.0,0.5,none,True,True
56524,1.0,0.0,0.5,none,True,True
56525,1.0,0.0,0.5,none,True,True
56526,1.0,0.0,0.5,none,True,True
56527,1.0,0.0,0.5,none,True,True
56528,1.0,0.0,0.5,none,True,True
56529,1.0,0.0,0.5,none,True,True
56530,1.0,0.0,0.5,none,True,True
56531,1.0,0.0,0.5,none,True,True
56532,1.0,0.0,0.5,none,True,True
56533,1.0,0.0,0.5,none,True,True
56534,1.0,0.0,0.5,none,True,True
56535,1.0,0.0,0.5,none,True,True
56536,1.0,0.0,0.5,none,True,True
56537,1.0,0.0,0.5,none,True,True
56538,1.0,0.0,0.5,none,True,True
56539,1.0,0.0,0.5,none,True,True
56540,1.0,0.0,0.5,none,True,True
56541,1.0,0.0,0.5,none,True,True
56542,1.0,0.0,0.5,none,True,True
56543,1.0,0.0,0.5,none,True,True
56544,1.0,0.0,0.5,none,True,True
56545,1.0,0.0,0.5,none,True,True
56546,1.0,0.0,0.5,none,True,True
56547,1.0,0.0,0.5,none,True,True
56548,1.0,0.0,0.5,none,True,True
56549,1.0,0.0,0.5,none,True,True
56550,1.0,0.0,0.5,none,True,True
56551,1.0,0.0,0.5,none,True,True
56552,1.0,0.0,0.5,none,True,True
56553,1.0,0.0,0.5,none,True,True
56554,1.0,0.0,0.5,none,True,True
56555,1.0,0.0,0.5,none,True,True
56556,1.0,0.0,0.5,none,True,True
56557,1.0,0.0,0.5,none,True,True
56558,1.0,0.0,0.5,none,True,True
56559,1.0,0.0,0.5,none,True,True
56560,1.0,0.0,0.5,none,True,True
56561,1.0,0.0,0.5,none,True,True
56562,1.0,0.0,0.5,none,True,True
56563,1.0,0.0,0.5,none,True,True
56564,1.0,0.0,0.5,none,True,True
56565,1.0,0.0,0.5,none,True,True
56566,1.0,0.0,0.5,none,True,True
56567,1.0,0.0,0.5,none,True,True
56568,1.0,0.0,0.5,none,True,True
56569,1.0,0.0,0.5,none,True,True
56570,1.0,0.0,0.5,none,True,True
56571,1.0,0.0,0.5,none,True,True
56572,1.0,0.0,0.5,none,True,True
56573,1.0,0.0,0.5,none,True,True
56574,1.0,0.0,0.5,none,True,True
56575,1.0,0.0,0.5,none,True,True
56576,1.0,0.0,0.5,none,True,True
56577,1.0,0.0,0.5,none,True,True
56578,1.0,0.0,0.5,none,True,True
56579,1.0,0.0,0.5,none,True,True
56580,1.0,0.0,0.5,none,True,True
56581,1.0,0.0,0.5,none,True,True
56582,1.0,0.0,0.5,none,True,True
56583,1.0,0.0,0.5,none,True,True
56584,1.0,0.0,0.5,none,True,True
56585,1.0,0.0,0.5,none,True,True
56586,1.0,0.0,0.5,none,True,True
56587,1.0,0.0,0.5,none,True,True
56588,1.0,0.0,0.5,none,True,True
56589,1.0,0.0,0.5,none,True,True
56590,1.0,0.0,0.5,none,True,True
56591,1.0,0.0,0.5,none,True,True
56592,1.0,0.0,0.5,none,True,True
56593,1.0,0.0,0.5,none,True,True
56594,1.0,0.0,0.5,none,True,True
56595,1.0,0.0,0.5,none,True,True
56596,1.0,0.0,0.5,none,True,True
56597,1.0,0.0,0.5,none,True,True
56598,1.0,0.0,0.5,none,True,True
56599,1.0,0.0,0.5,none,True,True
56600,1.0,0.0,0.5,none,True,True
56601,1.0,0.0,0.5,none,True,True
56602,1.0,0.0,0.5,none,True,True
56603,1.0,0.0,0.5,none,True,True
56604,1.0,0.0,0.5,none,True,True
56605,1.0,0.0,0.5,none,True,True
56606,1.0,0.0,0.5,none,True,True
56607,1.0,0.0,0.5,none,True,True
56608,1.0,0.0,0.5,none,True,True
56609,1.0,0.0,0.5,none,True,True
56610,1.0,0.0,0.5,none,True,True
56611,1.0,0.0,0.5,none,True,True
56612,1.0,0.0,0.5,none,True,True
56613,1.0,0.0,0.5,none,True,True
56614,1.0,0.0,0.5,none,True,True
56615,1.0,0.0,0.5,none,True,True
56616,1.0,0.0,0.5,none,True,True
56617,1.0,0.0,0.5,none,True,True
56618,1.0,0.0,0.5,none,True,True
56619,1.0,0.0,0.5,none,True,True
56620,1.0,0.0,0.5,none,True,True
56621,1.0,0.0,0.5,none,True,True
56622,1.0,0.0,0.5,none,True,True
56623,1.0,0.0,0.5,none,True,True
56624,1.0,0.0,0.5,none,True,True
56625,1.0,0.0,0.5,none,True,True
56626,1.0,0.0,0.5,none,True,True
56627,1.0,0.0,0.5,none,True,True
56628,1.0,0.0,0.5,none,True,True
56629,1.0,0.0,0.5,none,True,True
56630,1.0,0.0,0.5,none,True,True
56631,1.0,0.0,0.5,none,True,True
56632,1.0,0.0,0.5,none,True,True
56633,1.0,0.0,0.5,none,True,True
56634,1.0,0.0,0.5,none,True,True
56635,1.0,0.0,0.5,none,True,True
56636,1.0,0.0,0.5,none,True,True
56637,1.0,0.0,0.5,none,True,True
56638,1.0,0.0,0.5,none,True,True
56639,1.0,0.0,0.5,none,True,True
56640,1.0,0.0,0.5,none,True,True
56641,1.0,0.0,0.5,none,True,True
56642,1.0,0.0,0.5,none,True,True
56643,1.0,0.0,0.5,none,True,True
56644,1.0,0.0,0.5,none,True,True
56645,1.0,0.0,0.5,none,True,True
56646,1.0,0.0,0.5,none,True,True
56647,1.0,0.0,0.5,none,True,True
56648,1.0,0.0,0.5,none,True,True
56649,1.0,0.0,0.5,none,True,True
56650,1.0,0.0,0.5,none,True,True
56651,1.0,0.0,0.5,none,True,True
56652,1.0,0.0,0.5,none,True,True
56653,1.0,0.0,0.5,none,True,True
56654,1.0,0.0,0.5,none,True,True
56655,1.0,0.0,0.5,none,True,True
56656,1.0,0.0,0.5,none,True,True
56657,1.0,0.0,0.5,none,True,True
56658,1.0,0.0,0.5,none,True,True
56659,1.0,0.0,0.5,none,True,True
56660,1.0,0.0,0.5,none,True,True
56661,1.0,0.0,0.5,none,True,True
56662,1.0,0.0,0.5,none,True,True
56663,1.0,0.0,0.5,none,True,True
56664,1.0,0.0,0.5,none,True,True
56665,1.0,0.0,0.5,none,True,True
56666,1.0,0.0,0.5,none,True,True
56667,1.0,0.0,0.5,none,True,True
56668,1.0,0.0,0.5,none,True,True
56669,1.0,0.0,0.5,none,True,True
56670,1.0,0.0,0.5,none,True,True
56671,1.0,0.0,0.5,none,True,True
56672,1.0,0.0,0.5,none,True,True
56673,1.0,0.0,0.5,none,True,True
56674,1.0,0.0,0.5,none,True,True
56675,1.0,0.0,0.5,none,True,True
56676,1.0,0.0,0.5,none,True,True
56677,1.0,0.0,0.5,none,True,True
56678,1.0,0.0,0.5,none,True,True
56679,1.0,0.0,0.5,none,True,True
56680,1.0,0.0,0.5,none,True,True
56681,1.0,0.0,0.5,none,True,True
56682,1.0,0.0,0.5,none,True,True
56683,1.0,0.0,0.5,none,True,True
56684,1.0,0.0,0.5,none,True,True
56685,1.0,0.0,0.5,none,True,True
56686,1.0,0.0,0.5,none,True,True
56687,1.0,0.0,0.5,none,True,True
56688,1.0,0.0,0.5,none,True,True
56689,1.0,0.0,0.5,none,True,True
56690,1.0,0.0,0.5,none,True,True
56691,1.0,0.0,0.5,none,True,True
56692,1.0,0.0,0.5,none,True,True
56693,1.0,0.0,0.5,none,True,True
56694,1.0,0.0,0.5,none,True,True
56695,1.0,0.0,0.5,none,True,True
56696,1.0,0.0,0.5,none,True,True
56697,1.0,0.0,0.5,none,True,True
56698,1.0,0.0,0.5,none,True,True
56699,1.0,0.0,0.5,none,True,True
56700,1.0,0.0061,0.5,none,True,True
56701,1.0,0.0357,0.5,none,True,True
56702,1.0,0.0812,0.5,none,True,True
56703,1.0,0.1113,0.5,none,True,True
56704,1.0,0.1253,0.5,none,True,True
56705,1.0,0.1408,0.5,none,True,True
56706,1.0,0.0907,0.5,none,True,True
56707,1.0,0.1198,0.5,none,True,True
56708,1.0,0.0467,0.5,none,True,True
56709,1.0,0.0522,0.5,none,True,True
56710,1.0,0.0405,0.5,none,True,True
56711,1.0,0.0313,0.5,none,True,True
56712,1.0,0.0083,0.5,none,True,True
56713,1.0,0.0726,0.5,none,True,True
56714,1.0,0.0793,0.5,none,True,True
56715,1.0,0.0581,0.5,none,True,True
56716,1.0,0.0955,0.5,none,True,True
56717,1.0,0.0839,0.5,none,True,True
56718,1.0,0.0648,0.5,none,True,True
56719,1.0,0.0718,0.5,none,True,True
56720,1.0,0.0589,0.5,none,True,True
56721,1.0,0.0403,0.5,none,True,True
56722,1.0,0.0327,0.5,none,True,True
56723,1.0,0.0277,0.5,none,True,True
56724,1.0,0.017,0.5,none,True,True
56725,1.0,0.0102,0.5,none,True,True
56726,1.0,0.0099,0.5,none,True,True
56727,1.0,0.008,0.5,none,True,True
56728,1.0,0.005,0.5,none,True,True
56729,1.0,0.0063,0.5,none,True,True
56730,1.0,0.009,0.5,none,True,True
56731,1.0,0.0096,0.5,none,True,True
56732,1.0,0.0108,0.5,none,True,True
56733,1.0,0.014,0.5,none,True,True
56734,1.0,0.0161,0.5,none,True,True
56735,1.0,0.0167,0.5,none,True,True
56736,1.0,0.0182,0.5,none,True,True
56737,1.0,0.0196,0.5,none,True,True
56738,1.0,0.0197,0.5,none,True,True
56739,1.0,0.0193,0.5,none,True,True
56740,1.0,0.0193,0.5,none,True,True
56741,1.0,0.0187,0.5,none,True,True
56742,1.0,0.0174,0.5,none,True,True
56743,1.0,0.0163,0.5,none,True,True
56744,1.0,0.0152,0.5,none,True,True
56745,1.0,0.0138,0.5,none,True,True
56746,1.0,0.0123,0.5,none,True,True
56747,1.0,0.0111,0.5,none,True,True
56748,1.0,0.01,0.5,none,True,True
56749,1.0,0.0088,0.5,none,True,True
56750,1.0,0.0078,0.5,none,True,True
56751,1.0,0.0071,0.5,none,True,True
56752,1.0,0.0064,0.5,none,True,True
56753,1.0,0.0057,0.5,none,True,True
56754,1.0,0.0053,0.5,none,True,True
56755,1.0,0.005,0.5,none,True,True
56756,1.0,0.0047,0.5,none,True,True
56757,1.0,0.0045,0.5,none,True,True
56758,1.0,0.0044,0.5,none,True,True
56759,1.0,0.0043,0.5,none,True,True
56760,1.0,0.0042,0.5,none,True,True
56761,1.0,0.0041,0.5,none,True,True
56762,1.0,0.004,0.5,none,True,True
56763,1.0,0.0039,0.5,none,True,True
56764,1.0,0.0038,0.5,none,True,True
56765,1.0,0.0037,0.5,none,True,True
56766,1.0,0.0035,0.5,none,True,True
56767,1.0,0.0033,0.5,none,True,True
56768,1.0,0.0032,0.5,none,True,True
56769,1.0,0.003,0.5,none,True,True
56770,1.0,0.0028,0.5,none,True,True
56771,1.0,0.0026,0.5,none,True,True
56772,1.0,0.0024,0.5,none,True,True
56773,1.0,0.0023,0.5,none,True,True
56774,1.0,0.0021,0.5,none,True,True
56775,1.0,0.0019,0.5,none,True,True
56776,1.0,0.0018,0.5,none,True,True
56777,1.0,0.0017,0.5,none,True,True
56778,1.0,0.0015,0.5,none,True,True
56779,1.0,0.0014,0.5,none,True,True
56780,1.0,0.0013,0.5,none,True,True
56781,1.0,0.0013,0.5,none,True,True
56782,1.0,0.0012,0.5,none,True,True
56783,1.0,0.0011,0.5,none,True,True
56784,1.0,0.0011,0.5,none,True,True
56785,1.0,0.001,0.5,none,True,True
56786,1.0,0.001,0.5,none,True,True
56787,1.0,0.0009,0.5,none,True,True
56788,1.0,0.0009,0.5,none,True,True
56789,1.0,0.0008,0.5,none,True,True
56790,1.0,0.0008,0.5,none,True,True
56791,1.0,0.0008,0.5,none,True,True
56792,1.0,0.0007,0.5,none,True,True
56793,1.0,0.0007,0.5,none,True,True
56794,1.0,0.0006,0.5,none,True,True
56795,1.0,0.0006,0.5,none,True,True
56796,1.0,0.0006,0.5,none,True,True
56797,1.0,0.0005,0.5,none,True,True
56798,1.0,0.0005,0.5,none,True,True
56799,1.0,0.0005,0.5,none,True,True
56800,1.0,0.0004,0.5,none,True,True
56801,1.0,0.0004,0.5,none,True,True
56802,1.0,0.0004,0.5,none,True,True
56803,1.0,0.0004,0.5,none,True,True
56804,1.0,0.0003,0.5,none,True,True
56805,1.0,0.0003,0.5,none,True,True
56806,1.0,0.0003,0.5,none,True,True
56807,1.0,0.0003,0.5,none,True,True
56808,1.0,0.0003,0.5,none,True,True
56809,1.0,0.0003,0.5,none,True,True
56810,1.0,0.0002,0.5,none,True,True
56811,1.0,0.0002,0.5,none,True,True
56812,1.0,0.0002,0.5,none,True,True
56813,1.0,0.0002,0.5,none,True,True
56814,1.0,0.0002,0.5,none,True,True
56815,1.0,0.0002,0.5,none,True,True
56816,1.0,0.0002,0.5,none,True,True
56817,1.0,0.0002,0.5,none,True,True
56818,1.0,0.0002,0.5,none,True,True
56819,1.0,0.0001,0.5,none,True,True
56820,1.0,0.0001,0.5,none,True,True
56821,1.0,0.0001,0.5,none,True,True
56822,1.0,0.0001,0.5,none,True,True
56823,1.0,0.0001,0.5,none,True,True
56824,1.0,0.0001,0.5,none,True,True
56825,1.0,0.0001,0.5,none,True,True
56826,1.0,0.0001,0.5,none,True,True
56827,1.0,0.0001,0.5,none,True,True
56828,1.0,0.0001,0.5,none,True,True
56829,1.0,0.0001,0.5,none,True,True
56830,1.0,0.0001,0.5,none,True,True
56831,1.0,0.0001,0.5,none,True,True
56832,1.0,0.0001,0.5,none,True,True
56833,1.0,0.0001,0.5,none,True,True
56834,1.0,0.0001,0.5,none,True,True
56835,1.0,0.0001,0.5,none,True,True
56836,1.0,0.0001,0.5,none,True,True
56837,1.0,0.0,0.5,none,True,True
56838,1.0,0.0,0.5,none,True,True
56839,1.0,0.0,0.5,none,True,True
56840,1.0,0.0,0.5,none,True,True
56841,1.0,0.0,0.5,none,True,True
56842,1.0,0.0,0.5,none,True,True
56843,1.0,0.0,0.5,none,True,True
56844,1.0,0.0,0.5,none,True,True
56845,1.0,0.0,0.5,none,True,True
56846,1.0,0.0,0.5,none,True,True
56847,1.0,0.0,0.5,none,True,True
56848,1.0,0.0,0.5,none,True,True
56849,1.0,0.0,0.5,none,True,True
56850,1.0,0.0,0.5,none,True,True
56851,1.0,0.0,0.5,none,True,True
56852,1.0,0.0,0.5,none,True,True
56853,1.0,0.0,0.5,none,True,True
56854,1.0,0.0,0.5,none,True,True
56855,1.0,0.0,0.5,none,True,True
56856,1.0,0.0,0.5,none,True,True
56857,1.0,0.0,0.5,none,True,True
56858,1.0,0.0,0.5,none,True,True
56859,1.0,0.0,0.5,none,True,True
56860,1.0,0.0,0.5,none,True,True
56861,1.0,0.0,0.5,none,True,True
56862,1.0,0.0,0.5,none,True,True
56863,1.0,0.0,0.5,none,True,True
56864,1.0,0.0,0.5,none,True,True
56865,1.0,0.0,0.5,none,True,True
56866,1.0,0.0,0.5,none,True,True
56867,1.0,0.0,0.5,none,True,True
56868,1.0,0.0,0.5,none,True,True
56869,1.0,0.0,0.5,none,True,True
56870,1.0,0.0,0.5,none,True,True
56871,1.0,0.0,0.5,none,True,True
56872,1.0,0.0,0.5,none,True,True
56873,1.0,0.0,0.5,none,True,True
56874,1.0,0.0,0.5,none,True,True
56875,1.0,0.0,0.5,none,True,True
56876,1.0,0.0,0.5,none,True,True
56877,1.0,0.0,0.5,none,True,True
56878,1.0,0.0,0.5,none,True,True
56879,1.0,0.0,0.5,none,True,True
56880,1.0,0.0,0.5,none,True,True
56881,1.0,0.0,0.5,none,True,True
56882,1.0,0.0,0.5,none,True,True
56883,1.0,0.0,0.5,none,True,True
56884,1.0,0.0,0.5,none,True,True
56885,1.0,0.0,0.5,none,True,True
56886,1.0,0.0,0.5,none,True,True
56887,1.0,0.0,0.5,none,True,True
56888,1.0,0.0,0.5,none,True,True
56889,1.0,0.0,0.5,none,True,True
56890,1.0,0.0,0.5,none,True,True
56891,1.0,0.0,0.5,none,True,True
56892,1.0,0.0,0.5,none,True,True
56893,1.0,0.0,0.5,none,True,True
56894,1.0,0.0,0.5,none,True,True
56895,1.0,0.0,0.5,none,True,True
56896,1.0,0.0,0.5,none,True,True
56897,1.0,0.0,0.5,none,True,True
56898,1.0,0.0,0.5,none,True,True
56899,1.0,0.0,0.5,none,True,True
56900,1.0,0.0,0.5,none,True,True
56901,1.0,0.0,0.5,none,True,True
56902,1.0,0.0,0.5,none,True,True
56903,1.0,0.0,0.5,none,True,True
56904,1.0,0.0,0.5,none,True,True
56905,1.0,0.0,0.5,none,True,True
56906,1.0,0.0,0.5,none,True,True
56907,1.0,0.0,0.5,none,True,True
56908,1.0,0.0,0.5,none,True,True
56909,1.0,0.0,0.5,none,True,True
56910,1.0,0.0,0.5,none,True,True
56911,1.0,0.0,0.5,none,True,True
56912,1.0,0.0,0.5,none,True,True
56913,1.0,0.0,0.5,none,True,True
56914,1.0,0.0,0.5,none,True,True
56915,1.0,0.0,0.5,none,True,True
56916,1.0,0.0,0.5,none,True,True
56917,1.0,0.0,0.5,none,True,True
56918,1.0,0.0,0.5,none,True,True
56919,1.0,0.0,0.5,none,True,True
56920,1.0,0.0,0.5,none,True,True
56921,1.0,0.0,0.5,none,True,True
56922,1.0,0.0,0.5,none,True,True
56923,1.0,0.0,0.5,none,True,True
56924,1.0,0.0,0.5,none,True,True
56925,1.0,0.0,0.5,none,True,True
56926,1.0,0.0,0.5,none,True,True
56927,1.0,0.0,0.5,none,True,True
56928,1.0,0.0,0.5,none,True,True
56929,1.0,0.0,0.5,none,True,True
56930,1.0,0.0,0.5,none,True,True
56931,1.0,0.0,0.5,none,True,True
56932,1.0,0.0,0.5,none,True,True
56933,1.0,0.0,0.5,none,True,True
56934,1.0,0.0,0.5,none,True,True
56935,1.0,0.0,0.5,none,True,True
56936,1.0,0.0,0.5,none,True,True
56937,1.0,0.0,0.5,none,True,True
56938,1.0,0.0,0.5,none,True,True
56939,1.0,0.0,0.5,none,True,True
56940,1.0,0.0,0.5,none,True,True
56941,1.0,0.0,0.5,none,True,True
56942,1.0,0.0,0.5,none,True,True
56943,1.0,0.0,0.5,none,True,True
56944,1.0,0.0,0.5,none,True,True
56945,1.0,0.0,0.5,none,True,True
56946,1.0,0.0,0.5,none,True,True
56947,1.0,0.0,0.5,none,True,True
56948,1.0,0.0,0.5,none,True,True
56949,1.0,0.0,0.5,none,True,True
56950,1.0,0.0,0.5,none,True,True
56951,1.0,0.0,0.5,none,True,True
56952,1.0,0.0,0.5,none,True,True
56953,1.0,0.0,0.5,none,True,True
56954,1.0,0.0,0.5,none,True,True
56955,1.0,0.0,0.5,none,True,True
56956,1.0,0.0,0.5,none,True,True
56957,1.0,0.0,0.5,none,True,True
56958,1.0,0.0,0.5,none,True,True
56959,1.0,0.0,0.5,none,True,True
56960,1.0,0.0,0.5,none,True,True
56961,1.0,0.0,0.5,none,True,True
56962,1.0,0.0,0.5,none,True,True
56963,1.0,0.0,0.5,none,True,True
56964,1.0,0.0,0.5,none,True,True
56965,1.0,0.0,0.5,none,True,True
56966,1.0,0.0,0.5,none,True,True
56967,1.0,0.0,0.5,none,True,True
56968,1.0,0.0,0.5,none,True,True
56969,1.0,0.0,0.5,none,True,True
56970,1.0,0.0,0.5,none,True,True
56971,1.0,0.0,0.5,none,True,True
56972,1.0,0.0,0.5,none,True,True
56973,1.0,0.0,0.5,none,True,True
56974,1.0,0.0,0.5,none,True,True
56975,1.0,0.0,0.5,none,True,True
56976,1.0,0.0,0.5,none,True,True
56977,1.0,0.0,0.5,none,True,True
56978,1.0,0.0,0.5,none,True,True
56979,1.0,0.0,0.5,none,True,True
56980,1.0,0.0,0.5,none,True,True
56981,1.0,0.0,0.5,none,True,True
56982,1.0,0.0,0.5,none,True,True
56983,1.0,0.0,0.5,none,True,True
56984,1.0,0.0,0.5,none,True,True
56985,1.0,0.0,0.5,none,True,True
56986,1.0,0.0,0.5,none,True,True
56987,1.0,0.0,0.5,none,True,True
56988,1.0,0.0,0.5,none,True,True
56989,1.0,0.0,0.5,none,True,True
56990,1.0,0.0,0.5,none,True,True
56991,1.0,0.0,0.5,none,True,True
56992,1.0,0.0,0.5,none,True,True
56993,1.0,0.0,0.5,none,True,True
56994,1.0,0.0,0.5,none,True,True
56995,1.0,0.0,0.5,none,True,True
56996,1.0,0.0,0.5,none,True,True
56997,1.0,0.0,0.5,none,True,True
56998,1.0,0.0,0.5,none,True,True
56999,1.0,0.0,0.5,none,True,True
57000,1.0,0.0,0.5,none,True,True
57001,1.0,0.0,0.5,none,True,True
57002,1.0,0.0,0.5,none,True,True
57003,1.0,0.0,0.5,none,True,True
57004,1.0,0.0,0.5,none,True,True
57005,1.0,0.0,0.5,none,True,True
57006,1.0,0.0,0.5,none,True,True
57007,1.0,0.0,0.5,none,True,True
57008,1.0,0.0,0.5,none,True,True
57009,1.0,0.0,0.5,none,True,True
57010,1.0,0.0,0.5,none,True,True
57011,1.0,0.0,0.5,none,True,True
57012,1.0,0.0,0.5,none,True,True
57013,1.0,0.0,0.5,none,True,True
57014,1.0,0.0,0.5,none,True,True
57015,1.0,0.0,0.5,none,True,True
57016,1.0,0.0,0.5,none,True,True
57017,1.0,0.0,0.5,none,True,True
57018,1.0,0.0,0.5,none,True,True
57019,1.0,0.0,0.5,none,True,True
57020,1.0,0.0,0.5,none,True,True
57021,1.0,0.0,0.5,none,True,True
57022,1.0,0.0,0.5,none,True,True
57023,1.0,0.0,0.5,none,True,True
57024,1.0,0.0,0.5,none,True,True
57025,1.0,0.0,0.5,none,True,True
57026,1.0,0.0,0.5,none,True,True
57027,1.0,0.0,0.5,none,True,True
57028,1.0,0.0,0.5,none,True,True
57029,1.0,0.0,0.5,none,True,True
57030,1.0,0.0,0.5,none,True,True
57031,1.0,0.0,0.5,none,True,True
57032,1.0,0.0,0.5,none,True,True
57033,1.0,0.0,0.5,none,True,True
57034,1.0,0.0,0.5,none,True,True
57035,1.0,0.0,0.5,none,True,True
57036,1.0,0.0,0.5,none,True,True
57037,1.0,0.0,0.5,none,True,True
57038,1.0,0.0,0.5,none,True,True
57039,1.0,0.0,0.5,none,True,True
57040,1.0,0.0,0.5,none,True,True
57041,1.0,0.0,0.5,none,True,True
57042,1.0,0.0,0.5,none,True,True
57043,1.0,0.0,0.5,none,True,True
57044,1.0,0.0,0.5,none,True,True
57045,1.0,0.0,0.5,none,True,True
57046,1.0,0.0,0.5,none,True,True
57047,1.0,0.0,0.5,none,True,True
57048,1.0,0.0,0.5,none,True,True
57049,1.0,0.0,0.5,none,True,True
57050,1.0,0.0,0.5,none,True,True
57051,1.0,0.0,0.5,none,True,True
57052,1.0,0.0,0.5,none,True,True
57053,1.0,0.0,0.5,none,True,True
57054,1.0,0.0,0.5,none,True,True
57055,1.0,0.0,0.5,none,True,True
57056,1.0,0.0,0.5,none,True,True
57057,1.0,0.0,0.5,none,True,True
57058,1.0,0.0,0.5,none,True,True
57059,1.0,0.0,0.5,none,True,True
57060,1.0,0.0,0.5,none,True,True
57061,1.0,0.0,0.5,none,True,True
57062,1.0,0.0,0.5,none,True,True
57063,1.0,0.0,0.5,none,True,True
57064,1.0,0.0,0.5,none,True,True
57065,1.0,0.0,0.5,none,True,True
57066,1.0,0.0,0.5,none,True,True
57067,1.0,0.0,0.5,none,True,True
57068,1.0,0.0,0.5,none,True,True
57069,1.0,0.0,0.5,none,True,True
57070,1.0,0.0,0.5,none,True,True
57071,1.0,0.0,0.5,none,True,True
57072,1.0,0.0,0.5,none,True,True
57073,1.0,0.0,0.5,none,True,True
57074,1.0,0.0,0.5,none,True,True
57075,1.0,0.0,0.5,none,True,True
57076,1.0,0.0,0.5,none,True,True
57077,1.0,0.0,0.5,none,True,True
57078,1.0,0.0,0.5,none,True,True
57079,1.0,0.0,0.5,none,True,True
57080,1.0,0.0,0.5,none,True,True
57081,1.0,0.0,0.5,none,True,True
57082,1.0,0.0,0.5,none,True,True
57083,1.0,0.0,0.5,none,True,True
57084,1.0,0.0,0.5,none,True,True
57085,1.0,0.0,0.5,none,True,True
57086,1.0,0.0,0.5,none,True,True
57087,1.0,0.0,0.5,none,True,True
57088,1.0,0.0,0.5,none,True,True
57089,1.0,0.0,0.5,none,True,True
57090,1.0,0.0,0.5,none,True,True
57091,1.0,0.0,0.5,none,True,True
57092,1.0,0.0,0.5,none,True,True
57093,1.0,0.0,0.5,none,True,True
57094,1.0,0.0,0.5,none,True,True
57095,1.0,0.0,0.5,none,True,True
57096,1.0,0.0,0.5,none,True,True
57097,1.0,0.0,0.5,none,True,True
57098,1.0,0.0,0.5,none,True,True
57099,1.0,0.0,0.5,none,True,True
57100,1.0,0.0,0.5,none,True,True
57101,1.0,0.0,0.5,none,True,True
57102,1.0,0.0,0.5,none,True,True
57103,1.0,0.0,0.5,none,True,True
57104,1.0,0.0,0.5,none,True,True
57105,1.0,0.0,0.5,none,True,True
57106,1.0,0.0,0.5,none,True,True
57107,1.0,0.0,0.5,none,True,True
57108,1.0,0.0,0.5,none,True,True
57109,1.0,0.0,0.5,none,True,True
57110,1.0,0.0,0.5,none,True,True
57111,1.0,0.0,0.5,none,True,True
57112,1.0,0.0,0.5,none,True,True
57113,1.0,0.0,0.5,none,True,True
57114,1.0,0.0,0.5,none,True,True
57115,1.0,0.0,0.5,none,True,True
57116,1.0,0.0,0.5,none,True,True
57117,1.0,0.0,0.5,none,True,True
57118,1.0,0.0,0.5,none,True,True
57119,1.0,0.0,0.5,none,True,True
57120,1.0,0.0,0.5,none,True,True
57121,1.0,0.0,0.5,none,True,True
57122,1.0,0.0,0.5,none,True,True
57123,1.0,0.0,0.5,none,True,True
57124,1.0,0.0,0.5,none,True,True
57125,1.0,0.0,0.5,none,True,True
57126,1.0,0.0,0.5,none,True,True
57127,1.0,0.0,0.5,none,True,True
57128,1.0,0.0,0.5,none,True,True
57129,1.0,0.0,0.5,none,True,True
57130,1.0,0.0,0.5,none,True,True
57131,1.0,0.0,0.5,none,True,True
57132,1.0,0.0,0.5,none,True,True
57133,1.0,0.0,0.5,none,True,True
57134,1.0,0.0,0.5,none,True,True
57135,1.0,0.0,0.5,none,True,True
57136,1.0,0.0,0.5,none,True,True
57137,1.0,0.0,0.5,none,True,True
57138,1.0,0.0,0.5,none,True,True
57139,1.0,0.0,0.5,none,True,True
57140,1.0,0.0,0.5,none,True,True
57141,1.0,0.0,0.5,none,True,True
57142,1.0,0.0,0.5,none,True,True
57143,1.0,0.0,0.5,none,True,True
57144,1.0,0.0,0.5,none,True,True
57145,1.0,0.0,0.5,none,True,True
57146,1.0,0.0,0.5,none,True,True
57147,1.0,0.0,0.5,none,True,True
57148,1.0,0.0,0.5,none,True,True
57149,1.0,0.0,0.5,none,True,True
57150,1.0,0.0,0.5,none,True,True
57151,1.0,0.0,0.5,none,True,True
57152,1.0,0.0,0.5,none,True,True
57153,1.0,0.0,0.5,none,True,True
57154,1.0,0.0,0.5,none,True,True
57155,1.0,0.0,0.5,none,True,True
57156,1.0,0.0,0.5,none,True,True
57157,1.0,0.0,0.5,none,True,True
57158,1.0,0.0,0.5,none,True,True
57159,1.0,0.0,0.5,none,True,True
57160,1.0,0.0,0.5,none,True,True
57161,1.0,0.0,0.5,none,True,True
57162,1.0,0.0,0.5,none,True,True
57163,1.0,0.0,0.5,none,True,True
57164,1.0,0.0,0.5,none,True,True
57165,1.0,0.0,0.5,none,True,True
57166,1.0,0.0,0.5,none,True,True
57167,1.0,0.0,0.5,none,True,True
57168,1.0,0.0,0.5,none,True,True
57169,1.0,0.0,0.5,none,True,True
57170,1.0,0.0,0.5,none,True,True
57171,1.0,0.0,0.5,none,True,True
57172,1.0,0.0,0.5,none,True,True
57173,1.0,0.0,0.5,none,True,True
57174,1.0,0.0,0.5,none,True,True
57175,1.0,0.0,0.5,none,True,True
57176,1.0,0.0,0.5,none,True,True
57177,1.0,0.0,0.5,none,True,True
57178,1.0,0.0,0.5,none,True,True
57179,1.0,0.0,0.5,none,True,True
57180,1.0,0.0,0.5,none,True,True
57181,1.0,0.0,0.5,none,True,True
57182,1.0,0.0,0.5,none,True,True
57183,1.0,0.0,0.5,none,True,True
57184,1.0,0.0,0.5,none,True,True
57185,1.0,0.0,0.5,none,True,True
57186,1.0,0.0,0.5,none,True,True
57187,1.0,0.0,0.5,none,True,True
57188,1.0,0.0,0.5,none,True,True
57189,1.0,0.0,0.5,none,True,True
57190,1.0,0.0,0.5,none,True,True
57191,1.0,0.0,0.5,none,True,True
57192,1.0,0.0,0.5,none,True,True
57193,1.0,0.0,0.5,none,True,True
57194,1.0,0.0,0.5,none,True,True
57195,1.0,0.0,0.5,none,True,True
57196,1.0,0.0,0.5,none,True,True
57197,1.0,0.0,0.5,none,True,True
57198,1.0,0.0,0.5,none,True,True
57199,1.0,0.0,0.5,none,True,True
57200,1.0,0.0,0.5,none,True,True
57201,1.0,0.0,0.5,none,True,True
57202,1.0,0.0,0.5,none,True,True
57203,1.0,0.0,0.5,none,True,True
57204,1.0,0.0,0.5,none,True,True
57205,1.0,0.0,0.5,none,True,True
57206,1.0,0.0,0.5,none,True,True
57207,1.0,0.0,0.5,none,True,True
57208,1.0,0.0,0.5,none,True,True
57209,1.0,0.0,0.5,none,True,True
57210,1.0,0.0,0.5,none,True,True
57211,1.0,0.0,0.5,none,True,True
57212,1.0,0.0,0.5,none,True,True
57213,1.0,0.0,0.5,none,True,True
57214,1.0,0.0,0.5,none,True,True
57215,1.0,0.0,0.5,none,True,True
57216,1.0,0.0,0.5,none,True,True
57217,1.0,0.0,0.5,none,True,True
57218,1.0,0.0,0.5,none,True,True
57219,1.0,0.0,0.5,none,True,True
57220,1.0,0.0,0.5,none,True,True
57221,1.0,0.0,0.5,none,True,True
57222,1.0,0.0,0.5,none,True,True
57223,1.0,0.0,0.5,none,True,True
57224,1.0,0.0,0.5,none,True,True
57225,1.0,0.0,0.5,none,True,True
57226,1.0,0.0,0.5,none,True,True
57227,1.0,0.0,0.5,none,True,True
57228,1.0,0.0,0.5,none,True,True
57229,1.0,0.0,0.5,none,True,True
57230,1.0,0.0,0.5,none,True,True
57231,1.0,0.0,0.5,none,True,True
57232,1.0,0.0,0.5,none,True,True
57233,1.0,0.0,0.5,none,True,True
57234,1.0,0.0,0.5,none,True,True
57235,1.0,0.0,0.5,none,True,True
57236,1.0,0.0,0.5,none,True,True
57237,1.0,0.0,0.5,none,True,True
57238,1.0,0.0,0.5,none,True,True
57239,1.0,0.0,0.5,none,True,True
57240,1.0,0.0,0.5,none,True,True
57241,1.0,0.0,0.5,none,True,True
57242,1.0,0.0,0.5,none,True,True
57243,1.0,0.0,0.5,none,True,True
57244,1.0,0.0,0.5,none,True,True
57245,1.0,0.0,0.5,none,True,True
57246,1.0,0.0,0.5,none,True,True
57247,1.0,0.0,0.5,none,True,True
57248,1.0,0.0,0.5,none,True,True
57249,1.0,0.0,0.5,none,True,True
57250,1.0,0.0,0.5,none,True,True
57251,1.0,0.0,0.5,none,True,True
57252,1.0,0.0,0.5,none,True,True
57253,1.0,0.0,0.5,none,True,True
57254,1.0,0.0,0.5,none,True,True
57255,1.0,0.0,0.5,none,True,True
57256,1.0,0.0,0.5,none,True,True
57257,1.0,0.0,0.5,none,True,True
57258,1.0,0.0,0.5,none,True,True
57259,1.0,0.0,0.5,none,True,True
57260,1.0,0.0,0.5,none,True,True
57261,1.0,0.0,0.5,none,True,True
57262,1.0,0.0,0.5,none,True,True
57263,1.0,0.0,0.5,none,True,True
57264,1.0,0.0,0.5,none,True,True
57265,1.0,0.0,0.5,none,True,True
57266,1.0,0.0,0.5,none,True,True
57267,1.0,0.0,0.5,none,True,True
57268,1.0,0.0,0.5,none,True,True
57269,1.0,0.0,0.5,none,True,True
57270,1.0,0.0,0.5,none,True,True
57271,1.0,0.0,0.5,none,True,True
57272,1.0,0.0,0.5,none,True,True
57273,1.0,0.0,0.5,none,True,True
57274,1.0,0.0,0.5,none,True,True
57275,1.0,0.0,0.5,none,True,True
57276,1.0,0.0,0.5,none,True,True
57277,1.0,0.0,0.5,none,True,True
57278,1.0,0.0,0.5,none,True,True
57279,1.0,0.0,0.5,none,True,True
57280,1.0,0.0,0.5,none,True,True
57281,1.0,0.0,0.5,none,True,True
57282,1.0,0.0,0.5,none,True,True
57283,1.0,0.0,0.5,none,True,True
57284,1.0,0.0,0.5,none,True,True
57285,1.0,0.0,0.5,none,True,True
57286,1.0,0.0,0.5,none,True,True
57287,1.0,0.0,0.5,none,True,True
57288,1.0,0.0,0.5,none,True,True
57289,1.0,0.0,0.5,none,True,True
57290,1.0,0.0,0.5,none,True,True
57291,1.0,0.0,0.5,none,True,True
57292,1.0,0.0,0.5,none,True,True
57293,1.0,0.0,0.5,none,True,True
57294,1.0,0.0,0.5,none,True,True
57295,1.0,0.0,0.5,none,True,True
57296,1.0,0.0,0.5,none,True,True
57297,1.0,0.0,0.5,none,True,True
57298,1.0,0.0,0.5,none,True,True
57299,1.0,0.0,0.5,none,True,True
57300,1.0,0.0,0.5,none,True,True
57301,1.0,0.0,0.5,none,True,True
57302,1.0,0.0,0.5,none,True,True
57303,1.0,0.0,0.5,none,True,True
57304,1.0,0.0,0.5,none,True,True
57305,1.0,0.0,0.5,none,True,True
57306,1.0,0.0,0.5,none,True,True
57307,1.0,0.0,0.5,none,True,True
57308,1.0,0.0,0.5,none,True,True
57309,1.0,0.0,0.5,none,True,True
57310,1.0,0.0,0.5,none,True,True
57311,1.0,0.0,0.5,none,True,True
57312,1.0,0.0,0.5,none,True,True
57313,1.0,0.0,0.5,none,True,True
57314,1.0,0.0,0.5,none,True,True
57315,1.0,0.0,0.5,none,True,True
57316,1.0,0.0,0.5,none,True,True
57317,1.0,0.0,0.5,none,True,True
57318,1.0,0.0,0.5,none,True,True
57319,1.0,0.0,0.5,none,True,True
57320,1.0,0.0,0.5,none,True,True
57321,1.0,0.0,0.5,none,True,True
57322,1.0,0.0,0.5,none,True,True
57323,1.0,0.0,0.5,none,True,True
57324,1.0,0.0,0.5,none,True,True
57325,1.0,0.0,0.5,none,True,True
57326,1.0,0.0,0.5,none,True,True
57327,1.0,0.0,0.5,none,True,True
57328,1.0,0.0,0.5,none,True,True
57329,1.0,0.0,0.5,none,True,True
57330,1.0,0.0,0.5,none,True,True
57331,1.0,0.0,0.5,none,True,True
57332,1.0,0.0,0.5,none,True,True
57333,1.0,0.0,0.5,none,True,True
57334,1.0,0.0,0.5,none,True,True
57335,1.0,0.0,0.5,none,True,True
57336,1.0,0.0,0.5,none,True,True
57337,1.0,0.0,0.5,none,True,True
57338,1.0,0.0,0.5,none,True,True
57339,1.0,0.0,0.5,none,True,True
57340,1.0,0.0,0.5,none,True,True
57341,1.0,0.0,0.5,none,True,True
57342,1.0,0.0,0.5,none,True,True
57343,1.0,0.0,0.5,none,True,True
57344,1.0,0.0,0.5,none,True,True
57345,1.0,0.0,0.5,none,True,True
57346,1.0,0.0,0.5,none,True,True
57347,1.0,0.0,0.5,none,True,True
57348,1.0,0.0,0.5,none,True,True
57349,1.0,0.0,0.5,none,True,True
57350,1.0,0.0,0.5,none,True,True
57351,1.0,0.0,0.5,none,True,True
57352,1.0,0.0,0.5,none,True,True
57353,1.0,0.0,0.5,none,True,True
57354,1.0,0.0,0.5,none,True,True
57355,1.0,0.0,0.5,none,True,True
57356,1.0,0.0,0.5,none,True,True
57357,1.0,0.0,0.5,none,True,True
57358,1.0,0.0,0.5,none,True,True
57359,1.0,0.0,0.5,none,True,True
57360,1.0,0.0,0.5,none,True,True
57361,1.0,0.0,0.5,none,True,True
57362,1.0,0.0,0.5,none,True,True
57363,1.0,0.0,0.5,none,True,True
57364,1.0,0.0,0.5,none,True,True
57365,1.0,0.0,0.5,none,True,True
57366,1.0,0.0,0.5,none,True,True
57367,1.0,0.0,0.5,none,True,True
57368,1.0,0.0,0.5,none,True,True
57369,1.0,0.0,0.5,none,True,True
57370,1.0,0.0,0.5,none,True,True
57371,1.0,0.0,0.5,none,True,True
57372,1.0,0.0,0.5,none,True,True
57373,1.0,0.0,0.5,none,True,True
57374,1.0,0.0,0.5,none,True,True
57375,1.0,0.0,0.5,none,True,True
57376,1.0,0.0,0.5,none,True,True
57377,1.0,0.0,0.5,none,True,True
57378,1.0,0.0,0.5,none,True,True
57379,1.0,0.0,0.5,none,True,True
57380,1.0,0.0,0.5,none,True,True
57381,1.0,0.0,0.5,none,True,True
57382,1.0,0.0,0.5,none,True,True
57383,1.0,0.0,0.5,none,True,True
57384,1.0,0.0,0.5,none,True,True
57385,1.0,0.0,0.5,none,True,True
57386,1.0,0.0,0.5,none,True,True
57387,1.0,0.0,0.5,none,True,True
57388,1.0,0.0,0.5,none,True,True
57389,1.0,0.0,0.5,none,True,True
57390,1.0,0.0,0.5,none,True,True
57391,1.0,0.0,0.5,none,True,True
57392,1.0,0.0,0.5,none,True,True
57393,1.0,0.0,0.5,none,True,True
57394,1.0,0.0,0.5,none,True,True
57395,1.0,0.0,0.5,none,True,True
57396,1.0,0.0,0.5,none,True,True
57397,1.0,0.0,0.5,none,True,True
57398,1.0,0.0,0.5,none,True,True
57399,1.0,0.0,0.5,none,True,True
57400,1.0,0.0061,0.5,none,True,True
57401,1.0,0.0357,0.5,none,True,True
57402,1.0,0.0812,0.5,none,True,True
57403,1.0,0.1113,0.5,none,True,True
57404,1.0,0.1253,0.5,none,True,True
57405,1.0,0.1408,0.5,none,True,True
57406,1.0,0.0907,0.5,none,True,True
57407,1.0,0.1198,0.5,none,True,True
57408,1.0,0.0467,0.5,none,True,True
57409,1.0,0.0522,0.5,none,True,True
57410,1.0,0.0405,0.5,none,True,True
57411,1.0,0.0313,0.5,none,True,True
57412,1.0,0.0083,0.5,none,True,True
57413,1.0,0.0726,0.5,none,True,True
57414,1.0,0.0793,0.5,none,True,True
57415,1.0,0.0581,0.5,none,True,True
57416,1.0,0.0955,0.5,none,True,True
57417,1.0,0.0839,0.5,none,True,True
57418,1.0,0.0648,0.5,none,True,True
57419,1.0,0.0718,0.5,none,True,True
57420,1.0,0.0589,0.5,none,True,True
57421,1.0,0.0403,0.5,none,True,True
57422,1.0,0.0327,0.5,none,True,True
57423,1.0,0.0277,0.5,none,True,True
57424,1.0,0.017,0.5,none,True,True
57425,1.0,0.0102,0.5,none,True,True
57426,1.0,0.0099,0.5,none,True,True
57427,1.0,0.008,0.5,none,True,True
57428,1.0,0.005,0.5,none,True,True
57429,1.0,0.0063,0.5,none,True,True
57430,1.0,0.009,0.5,none,True,True
57431,1.0,0.0096,0.5,none,True,True
57432,1.0,0.0108,0.5,none,True,True
57433,1.0,0.014,0.5,none,True,True
57434,1.0,0.0161,0.5,none,True,True
57435,1.0,0.0167,0.5,none,True,True
57436,1.0,0.0182,0.5,none,True,True
57437,1.0,0.0196,0.5,none,True,True
57438,1.0,0.0197,0.5,none,True,True
57439,1.0,0.0193,0.5,none,True,True
57440,1.0,0.0193,0.5,none,True,True
57441,1.0,0.0187,0.5,none,True,True
57442,1.0,0.0174,0.5,none,True,True
57443,1.0,0.0163,0.5,none,True,True
57444,1.0,0.0152,0.5,none,True,True
57445,1.0,0.0138,0.5,none,True,True
57446,1.0,0.0123,0.5,none,True,True
57447,1.0,0.0111,0.5,none,True,True
57448,1.0,0.01,0.5,none,True,True
57449,1.0,0.0088,0.5,none,True,True
57450,1.0,0.0078,0.5,none,True,True
57451,1.0,0.0071,0.5,none,True,True
57452,1.0,0.0064,0.5,none,True,True
57453,1.0,0.0057,0.5,none,True,True
57454,1.0,0.0053,0.5,none,True,True
57455,1.0,0.005,0.5,none,True,True
57456,1.0,0.0047,0.5,none,True,True
57457,1.0,0.0045,0.5,none,True,True
57458,1.0,0.0044,0.5,none,True,True
57459,1.0,0.0043,0.5,none,True,True
57460,1.0,0.0042,0.5,none,True,True
57461,1.0,0.0041,0.5,none,True,True
57462,1.0,0.004,0.5,none,True,True
57463,1.0,0.0039,0.5,none,True,True
57464,1.0,0.0038,0.5,none,True,True
57465,1.0,0.0037,0.5,none,True,True
57466,1.0,0.0035,0.5,none,True,True
57467,1.0,0.0033,0.5,none,True,True
57468,1.0,0.0032,0.5,none,True,True
57469,1.0,0.003,0.5,none,True,True
57470,1.0,0.0028,0.5,none,True,True
57471,1.0,0.0026,0.5,none,True,True
57472,1.0,0.0024,0.5,none,True,True
57473,1.0,0.0023,0.5,none,True,True
57474,1.0,0.0021,0.5,none,True,True
57475,1.0,0.0019,0.5,none,True,True
57476,1.0,0.0018,0.5,none,True,True
57477,1.0,0.0017,0.5,none,True,True
57478,1.0,0.0015,0.5,none,True,True
57479,1.0,0.0014,0.5,none,True,True
57480,1.0,0.0013,0.5,none,True,True
57481,1.0,0.0013,0.5,none,True,True
57482,1.0,0.0012,0.5,none,True,True
57483,1.0,0.0011,0.5,none,True,True
57484,1.0,0.0011,0.5,none,True,True
57485,1.0,0.001,0.5,none,True,True
57486,1.0,0.001,0.5,none,True,True
57487,1.0,0.0009,0.5,none,True,True
57488,1.0,0.0009,0.5,none,True,True
57489,1.0,0.0008,0.5,none,True,True
57490,1.0,0.0008,0.5,none,True,True
57491,1.0,0.0008,0.5,none,True,True
57492,1.0,0.0007,0.5,none,True,True
57493,1.0,0.0007,0.5,none,True,True
57494,1.0,0.0006,0.5,none,True,True
57495,1.0,0.0006,0.5,none,True,True
57496,1.0,0.0006,0.5,none,True,True
57497,1.0,0.0005,0.5,none,True,True
57498,1.0,0.0005,0.5,none,True,True
57499,1.0,0.0005,0.5,none,True,True
57500,1.0,0.0004,0.5,none,True,True
57501,1.0,0.0004,0.5,none,True,True
57502,1.0,0.0004,0.5,none,True,True
57503,1.0,0.0004,0.5,none,True,True
57504,1.0,0.0003,0.5,none,True,True
57505,1.0,0.0003,0.5,none,True,True
57506,1.0,0.0003,0.5,none,True,True
57507,1.0,0.0003,0.5,none,True,True
57508,1.0,0.0003,0.5,none,True,True
57509,1.0,0.0003,0.5,none,True,True
57510,1.0,0.0002,0.5,none,True,True
57511,1.0,0.0002,0.5,none,True,True
57512,1.0,0.0002,0.5,none,True,True
57513,1.0,0.0002,0.5,none,True,True
57514,1.0,0.0002,0.5,none,True,True
57515,1.0,0.0002,0.5,none,True,True
57516,1.0,0.0002,0.5,none,True,True
57517,1.0,0.0002,0.5,none,True,True
57518,1.0,0.0002,0.5,none,True,True
57519,1.0,0.0001,0.5,none,True,True
57520,1.0,0.0001,0.5,none,True,True
57521,1.0,0.0001,0.5,none,True,True
57522,1.0,0.0001,0.5,none,True,True
57523,1.0,0.0001,0.5,none,True,True
57524,1.0,0.0001,0.5,none,True,True
57525,1.0,0.0001,0.5,none,True,True
57526,1.0,0.0001,0.5,none,True,True
57527,1.0,0.0001,0.5,none,True,True
57528,1.0,0.0001,0.5,none,True,True
57529,1.0,0.0001,0.5,none,True,True
57530,1.0,0.0001,0.5,none,True,True
57531,1.0,0.0001,0.5,none,True,True
57532,1.0,0.0001,0.5,none,True,True
57533,1.0,0.0001,0.5,none,True,True
57534,1.0,0.0001,0.5,none,True,True
57535,1.0,0.0001,0.5,none,True,True
57536,1.0,0.0001,0.5,none,True,True
57537,1.0,0.0,0.5,none,True,True
57538,1.0,0.0,0.5,none,True,True
57539,1.0,0.0,0.5,none,True,True
57540,1.0,0.0,0.5,none,True,True
57541,1.0,0.0,0.5,none,True,True
57542,1.0,0.0,0.5,none,True,True
57543,1.0,0.0,0.5,none,True,True
57544,1.0,0.0,0.5,none,True,True
57545,1.0,0.0,0.5,none,True,True
57546,1.0,0.0,0.5,none,True,True
57547,1.0,0.0,0.5,none,True,True
57548,1.0,0.0,0.5,none,True,True
57549,1.0,0.0,0.5,none,True,True
57550,1.0,0.0,0.5,none,True,True
57551,1.0,0.0,0.5,none,True,True
57552,1.0,0.0,0.5,none,True,True
57553,1.0,0.0,0.5,none,True,True
57554,1.0,0.0,0.5,none,True,True
57555,1.0,0.0,0.5,none,True,True
57556,1.0,0.0,0.5,none,True,True
57557,1.0,0.0,0.5,none,True,True
57558,1.0,0.0,0.5,none,True,True
57559,1.0,0.0,0.5,none,True,True
57560,1.0,0.0,0.5,none,True,True
57561,1.0,0.0,0.5,none,True,True
57562,1.0,0.0,0.5,none,True,True
57563,1.0,0.0,0.5,none,True,True
57564,1.0,0.0,0.5,none,True,True
57565,1.0,0.0,0.5,none,True,True
57566,1.0,0.0,0.5,none,True,True
57567,1.0,0.0,0.5,none,True,True
57568,1.0,0.0,0.5,none,True,True
57569,1.0,0.0,0.5,none,True,True
57570,1.0,0.0,0.5,none,True,True
57571,1.0,0.0,0.5,none,True,True
57572,1.0,0.0,0.5,none,True,True
57573,1.0,0.0,0.5,none,True,True
57574,1.0,0.0,0.5,none,True,True
57575,1.0,0.0,0.5,none,True,True
57576,1.0,0.0,0.5,none,True,True
57577,1.0,0.0,0.5,none,True,True
57578,1.0,0.0,0.5,none,True,True
57579,1.0,0.0,0.5,none,True,True
57580,1.0,0.0,0.5,none,True,True
57581,1.0,0.0,0.5,none,True,True
57582,1.0,0.0,0.5,none,True,True
57583,1.0,0.0,0.5,none,True,True
57584,1.0,0.0,0.5,none,True,True
57585,1.0,0.0,0.5,none,True,True
57586,1.0,0.0,0.5,none,True,True
57587,1.0,0.0,0.5,none,True,True
57588,1.0,0.0,0.5,none,True,True
57589,1.0,0.0,0.5,none,True,True
57590,1.0,0.0,0.5,none,True,True
57591,1.0,0.0,0.5,none,True,True
57592,1.0,0.0,0.5,none,True,True
57593,1.0,0.0,0.5,none,True,True
57594,1.0,0.0,0.5,none,True,True
57595,1.0,0.0,0.5,none,True,True
57596,1.0,0.0,0.5,none,True,True
57597,1.0,0.0,0.5,none,True,True
57598,1.0,0.0,0.5,none,True,True
57599,1.0,0.0,0.5,none,True,True
57600,1.0,0.0,0.5,none,True,True
57601,1.0,0.0,0.5,none,True,True
57602,1.0,0.0,0.5,none,True,True
57603,1.0,0.0,0.5,none,True,True
57604,1.0,0.0,0.5,none,True,True
57605,1.0,0.0,0.5,none,True,True
57606,1.0,0.0,0.5,none,True,True
57607,1.0,0.0,0.5,none,True,True
57608,1.0,0.0,0.5,none,True,True
57609,1.0,0.0,0.5,none,True,True
57610,1.0,0.0,0.5,none,True,True
57611,1.0,0.0,0.5,none,True,True
57612,1.0,0.0,0.5,none,True,True
57613,1.0,0.0,0.5,none,True,True
57614,1.0,0.0,0.5,none,True,True
57615,1.0,0.0,0.5,none,True,True
57616,1.0,0.0,0.5,none,True,True
57617,1.0,0.0,0.5,none,True,True
57618,1.0,0.0,0.5,none,True,True
57619,1.0,0.0,0.5,none,True,True
57620,1.0,0.0,0.5,none,True,True
57621,1.0,0.0,0.5,none,True,True
57622,1.0,0.0,0.5,none,True,True
57623,1.0,0.0,0.5,none,True,True
57624,1.0,0.0,0.5,none,True,True
57625,1.0,0.0,0.5,none,True,True
57626,1.0,0.0,0.5,none,True,True
57627,1.0,0.0,0.5,none,True,True
57628,1.0,0.0,0.5,none,True,True
57629,1.0,0.0,0.5,none,True,True
57630,1.0,0.0,0.5,none,True,True
57631,1.0,0.0,0.5,none,True,True
57632,1.0,0.0,0.5,none,True,True
57633,1.0,0.0,0.5,none,True,True
57634,1.0,0.0,0.5,none,True,True
57635,1.0,0.0,0.5,none,True,True
57636,1.0,0.0,0.5,none,True,True
57637,1.0,0.0,0.5,none,True,True
57638,1.0,0.0,0.5,none,True,True
57639,1.0,0.0,0.5,none,True,True
57640,1.0,0.0,0.5,none,True,True
57641,1.0,0.0,0.5,none,True,True
57642,1.0,0.0,0.5,none,True,True
57643,1.0,0.0,0.5,none,True,True
57644,1.0,0.0,0.5,none,True,True
57645,1.0,0.0,0.5,none,True,True
57646,1.0,0.0,0.5,none,True,True
57647,1.0,0.0,0.5,none,True,True
57648,1.0,0.0,0.5,none,True,True
57649,1.0,0.0,0.5,none,True,True
57650,1.0,0.0,0.5,none,True,True
57651,1.0,0.0,0.5,none,True,True
57652,1.0,0.0,0.5,none,True,True
57653,1.0,0.0,0.5,none,True,True
57654,1.0,0.0,0.5,none,True,True
57655,1.0,0.0,0.5,none,True,True
57656,1.0,0.0,0.5,none,True,True
57657,1.0,0.0,0.5,none,True,True
57658,1.0,0.0,0.5,none,True,True
57659,1.0,0.0,0.5,none,True,True
57660,1.0,0.0,0.5,none,True,True
57661,1.0,0.0,0.5,none,True,True
57662,1.0,0.0,0.5,none,True,True
57663,1.0,0.0,0.5,none,True,True
57664,1.0,0.0,0.5,none,True,True
57665,1.0,0.0,0.5,none,True,True
57666,1.0,0.0,0.5,none,True,True
57667,1.0,0.0,0.5,none,True,True
57668,1.0,0.0,0.5,none,True,True
57669,1.0,0.0,0.5,none,True,True
57670,1.0,0.0,0.5,none,True,True
57671,1.0,0.0,0.5,none,True,True
57672,1.0,0.0,0.5,none,True,True
57673,1.0,0.0,0.5,none,True,True
57674,1.0,0.0,0.5,none,True,True
57675,1.0,0.0,0.5,none,True,True
57676,1.0,0.0,0.5,none,True,True
57677,1.0,0.0,0.5,none,True,True
57678,1.0,0.0,0.5,none,True,True
57679,1.0,0.0,0.5,none,True,True
57680,1.0,0.0,0.5,none,True,True
57681,1.0,0.0,0.5,none,True,True
57682,1.0,0.0,0.5,none,True,True
57683,1.0,0.0,0.5,none,True,True
57684,1.0,0.0,0.5,none,True,True
57685,1.0,0.0,0.5,none,True,True
57686,1.0,0.0,0.5,none,True,True
57687,1.0,0.0,0.5,none,True,True
57688,1.0,0.0,0.5,none,True,True
57689,1.0,0.0,0.5,none,True,True
57690,1.0,0.0,0.5,none,True,True
57691,1.0,0.0,0.5,none,True,True
57692,1.0,0.0,0.5,none,True,True
57693,1.0,0.0,0.5,none,True,True
57694,1.0,0.0,0.5,none,True,True
57695,1.0,0.0,0.5,none,True,True
57696,1.0,0.0,0.5,none,True,True
57697,1.0,0.0,0.5,none,True,True
57698,1.0,0.0,0.5,none,True,True
57699,1.0,0.0,0.5,none,True,True
57700,1.0,0.0,0.5,none,True,True
57701,1.0,0.0,0.5,none,True,True
57702,1.0,0.0,0.5,none,True,True
57703,1.0,0.0,0.5,none,True,True
57704,1.0,0.0,0.5,none,True,True
57705,1.0,0.0,0.5,none,True,True
57706,1.0,0.0,0.5,none,True,True
57707,1.0,0.0,0.5,none,True,True
57708,1.0,0.0,0.5,none,True,True
57709,1.0,0.0,0.5,none,True,True
57710,1.0,0.0,0.5,none,True,True
57711,1.0,0.0,0.5,none,True,True
57712,1.0,0.0,0.5,none,True,True
57713,1.0,0.0,0.5,none,True,True
57714,1.0,0.0,0.5,none,True,True
57715,1.0,0.0,0.5,none,True,True
57716,1.0,0.0,0.5,none,True,True
57717,1.0,0.0,0.5,none,True,True
57718,1.0,0.0,0.5,none,True,True
57719,1.0,0.0,0.5,none,True,True
57720,1.0,0.0,0.5,none,True,True
57721,1.0,0.0,0.5,none,True,True
57722,1.0,0.0,0.5,none,True,True
57723,1.0,0.0,0.5,none,True,True
57724,1.0,0.0,0.5,none,True,True
57725,1.0,0.0,0.5,none,True,True
57726,1.0,0.0,0.5,none,True,True
57727,1.0,0.0,0.5,none,True,True
57728,1.0,0.0,0.5,none,True,True
57729,1.0,0.0,0.5,none,True,True
57730,1.0,0.0,0.5,none,True,True
57731,1.0,0.0,0.5,none,True,True
57732,1.0,0.0,0.5,none,True,True
57733,1.0,0.0,0.5,none,True,True
57734,1.0,0.0,0.5,none,True,True
57735,1.0,0.0,0.5,none,True,True
57736,1.0,0.0,0.5,none,True,True
57737,1.0,0.0,0.5,none,True,True
57738,1.0,0.0,0.5,none,True,True
57739,1.0,0.0,0.5,none,True,True
57740,1.0,0.0,0.5,none,True,True
57741,1.0,0.0,0.5,none,True,True
57742,1.0,0.0,0.5,none,True,True
57743,1.0,0.0,0.5,none,True,True
57744,1.0,0.0,0.5,none,True,True
57745,1.0,0.0,0.5,none,True,True
57746,1.0,0.0,0.5,none,True,True
57747,1.0,0.0,0.5,none,True,True
57748,1.0,0.0,0.5,none,True,True
57749,1.0,0.0,0.5,none,True,True
57750,1.0,0.0,0.5,none,True,True
57751,1.0,0.0,0.5,none,True,True
57752,1.0,0.0,0.5,none,True,True
57753,1.0,0.0,0.5,none,True,True
57754,1.0,0.0,0.5,none,True,True
57755,1.0,0.0,0.5,none,True,True
57756,1.0,0.0,0.5,none,True,True
57757,1.0,0.0,0.5,none,True,True
57758,1.0,0.0,0.5,none,True,True
57759,1.0,0.0,0.5,none,True,True
57760,1.0,0.0,0.5,none,True,True
57761,1.0,0.0,0.5,none,True,True
57762,1.0,0.0,0.5,none,True,True
57763,1.0,0.0,0.5,none,True,True
57764,1.0,0.0,0.5,none,True,True
57765,1.0,0.0,0.5,none,True,True
57766,1.0,0.0,0.5,none,True,True
57767,1.0,0.0,0.5,none,True,True
57768,1.0,0.0,0.5,none,True,True
57769,1.0,0.0,0.5,none,True,True
57770,1.0,0.0,0.5,none,True,True
57771,1.0,0.0,0.5,none,True,True
57772,1.0,0.0,0.5,none,True,True
57773,1.0,0.0,0.5,none,True,True
57774,1.0,0.0,0.5,none,True,True
57775,1.0,0.0,0.5,none,True,True
57776,1.0,0.0,0.5,none,True,True
57777,1.0,0.0,0.5,none,True,True
57778,1.0,0.0,0.5,none,True,True
57779,1.0,0.0,0.5,none,True,True
57780,1.0,0.0,0.5,none,True,True
57781,1.0,0.0,0.5,none,True,True
57782,1.0,0.0,0.5,none,True,True
57783,1.0,0.0,0.5,none,True,True
57784,1.0,0.0,0.5,none,True,True
57785,1.0,0.0,0.5,none,True,True
57786,1.0,0.0,0.5,none,True,True
57787,1.0,0.0,0.5,none,True,True
57788,1.0,0.0,0.5,none,True,True
57789,1.0,0.0,0.5,none,True,True
57790,1.0,0.0,0.5,none,True,True
57791,1.0,0.0,0.5,none,True,True
57792,1.0,0.0,0.5,none,True,True
57793,1.0,0.0,0.5,none,True,True
57794,1.0,0.0,0.5,none,True,True
57795,1.0,0.0,0.5,none,True,True
57796,1.0,0.0,0.5,none,True,True
57797,1.0,0.0,0.5,none,True,True
57798,1.0,0.0,0.5,none,True,True
57799,1.0,0.0,0.5,none,True,True
57800,1.0,0.0,0.5,none,True,True
57801,1.0,0.0,0.5,none,True,True
57802,1.0,0.0,0.5,none,True,True
57803,1.0,0.0,0.5,none,True,True
57804,1.0,0.0,0.5,none,True,True
57805,1.0,0.0,0.5,none,True,True
57806,1.0,0.0,0.5,none,True,True
57807,1.0,0.0,0.5,none,True,True
57808,1.0,0.0,0.5,none,True,True
57809,1.0,0.0,0.5,none,True,True
57810,1.0,0.0,0.5,none,True,True
57811,1.0,0.0,0.5,none,True,True
57812,1.0,0.0,0.5,none,True,True
57813,1.0,0.0,0.5,none,True,True
57814,1.0,0.0,0.5,none,True,True
57815,1.0,0.0,0.5,none,True,True
57816,1.0,0.0,0.5,none,True,True
57817,1.0,0.0,0.5,none,True,True
57818,1.0,0.0,0.5,none,True,True
57819,1.0,0.0,0.5,none,True,True
57820,1.0,0.0,0.5,none,True,True
57821,1.0,0.0,0.5,none,True,True
57822,1.0,0.0,0.5,none,True,True
57823,1.0,0.0,0.5,none,True,True
57824,1.0,0.0,0.5,none,True,True
57825,1.0,0.0,0.5,none,True,True
57826,1.0,0.0,0.5,none,True,True
57827,1.0,0.0,0.5,none,True,True
57828,1.0,0.0,0.5,none,True,True
57829,1.0,0.0,0.5,none,True,True
57830,1.0,0.0,0.5,none,True,True
57831,1.0,0.0,0.5,none,True,True
57832,1.0,0.0,0.5,none,True,True
57833,1.0,0.0,0.5,none,True,True
57834,1.0,0.0,0.5,none,True,True
57835,1.0,0.0,0.5,none,True,True
57836,1.0,0.0,0.5,none,True,True
57837,1.0,0.0,0.5,none,True,True
57838,1.0,0.0,0.5,none,True,True
57839,1.0,0.0,0.5,none,True,True
57840,1.0,0.0,0.5,none,True,True
57841,1.0,0.0,0.5,none,True,True
57842,1.0,0.0,0.5,none,True,True
57843,1.0,0.0,0.5,none,True,True
57844,1.0,0.0,0.5,none,True,True
57845,1.0,0.0,0.5,none,True,True
57846,1.0,0.0,0.5,none,True,True
57847,1.0,0.0,0.5,none,True,True
57848,1.0,0.0,0.5,none,True,True
57849,1.0,0.0,0.5,none,True,True
57850,1.0,0.0,0.5,none,True,True
57851,1.0,0.0,0.5,none,True,True
57852,1.0,0.0,0.5,none,True,True
57853,1.0,0.0,0.5,none,True,True
57854,1.0,0.0,0.5,none,True,True
57855,1.0,0.0,0.5,none,True,True
57856,1.0,0.0,0.5,none,True,True
57857,1.0,0.0,0.5,none,True,True
57858,1.0,0.0,0.5,none,True,True
57859,1.0,0.0,0.5,none,True,True
57860,1.0,0.0,0.5,none,True,True
57861,1.0,0.0,0.5,none,True,True
57862,1.0,0.0,0.5,none,True,True
57863,1.0,0.0,0.5,none,True,True
57864,1.0,0.0,0.5,none,True,True
57865,1.0,0.0,0.5,none,True,True
57866,1.0,0.0,0.5,none,True,True
57867,1.0,0.0,0.5,none,True,True
57868,1.0,0.0,0.5,none,True,True
57869,1.0,0.0,0.5,none,True,True
57870,1.0,0.0,0.5,none,True,True
57871,1.0,0.0,0.5,none,True,True
57872,1.0,0.0,0.5,none,True,True
57873,1.0,0.0,0.5,none,True,True
57874,1.0,0.0,0.5,none,True,True
57875,1.0,0.0,0.5,none,True,True
57876,1.0,0.0,0.5,none,True,True
57877,1.0,0.0,0.5,none,True,True
57878,1.0,0.0,0.5,none,True,True
57879,1.0,0.0,0.5,none,True,True
57880,1.0,0.0,0.5,none,True,True
57881,1.0,0.0,0.5,none,True,True
57882,1.0,0.0,0.5,none,True,True
57883,1.0,0.0,0.5,none,True,True
57884,1.0,0.0,0.5,none,True,True
57885,1.0,0.0,0.5,none,True,True
57886,1.0,0.0,0.5,none,True,True
57887,1.0,0.0,0.5,none,True,True
57888,1.0,0.0,0.5,none,True,True
57889,1.0,0.0,0.5,none,True,True
57890,1.0,0.0,0.5,none,True,True
57891,1.0,0.0,0.5,none,True,True
57892,1.0,0.0,0.5,none,True,True
57893,1.0,0.0,0.5,none,True,True
57894,1.0,0.0,0.5,none,True,True
57895,1.0,0.0,0.5,none,True,True
57896,1.0,0.0,0.5,none,True,True
57897,1.0,0.0,0.5,none,True,True
57898,1.0,0.0,0.5,none,True,True
57899,1.0,0.0,0.5,none,True,True
57900,1.0,0.0,0.5,none,True,True
57901,1.0,0.0,0.5,none,True,True
57902,1.0,0.0,0.5,none,True,True
57903,1.0,0.0,0.5,none,True,True
57904,1.0,0.0,0.5,none,True,True
57905,1.0,0.0,0.5,none,True,True
57906,1.0,0.0,0.5,none,True,True
57907,1.0,0.0,0.5,none,True,True
57908,1.0,0.0,0.5,none,True,True
57909,1.0,0.0,0.5,none,True,True
57910,1.0,0.0,0.5,none,True,True
57911,1.0,0.0,0.5,none,True,True
57912,1.0,0.0,0.5,none,True,True
57913,1.0,0.0,0.5,none,True,True
57914,1.0,0.0,0.5,none,True,True
57915,1.0,0.0,0.5,none,True,True
57916,1.0,0.0,0.5,none,True,True
57917,1.0,0.0,0.5,none,True,True
57918,1.0,0.0,0.5,none,True,True
57919,1.0,0.0,0.5,none,True,True
57920,1.0,0.0,0.5,none,True,True
57921,1.0,0.0,0.5,none,True,True
57922,1.0,0.0,0.5,none,True,True
57923,1.0,0.0,0.5,none,True,True
57924,1.0,0.0,0.5,none,True,True
57925,1.0,0.0,0.5,none,True,True
57926,1.0,0.0,0.5,none,True,True
57927,1.0,0.0,0.5,none,True,True
57928,1.0,0.0,0.5,none,True,True
57929,1.0,0.0,0.5,none,True,True
57930,1.0,0.0,0.5,none,True,True
57931,1.0,0.0,0.5,none,True,True
57932,1.0,0.0,0.5,none,True,True
57933,1.0,0.0,0.5,none,True,True
57934,1.0,0.0,0.5,none,True,True
57935,1.0,0.0,0.5,none,True,True
57936,1.0,0.0,0.5,none,True,True
57937,1.0,0.0,0.5,none,True,True
57938,1.0,0.0,0.5,none,True,True
57939,1.0,0.0,0.5,none,True,True
57940,1.0,0.0,0.5,none,True,True
57941,1.0,0.0,0.5,none,True,True
57942,1.0,0.0,0.5,none,True,True
57943,1.0,0.0,0.5,none,True,True
57944,1.0,0.0,0.5,none,True,True
57945,1.0,0.0,0.5,none,True,True
57946,1.0,0.0,0.5,none,True,True
57947,1.0,0.0,0.5,none,True,True
57948,1.0,0.0,0.5,none,True,True
57949,1.0,0.0,0.5,none,True,True
57950,1.0,0.0,0.5,none,True,True
57951,1.0,0.0,0.5,none,True,True
57952,1.0,0.0,0.5,none,True,True
57953,1.0,0.0,0.5,none,True,True
57954,1.0,0.0,0.5,none,True,True
57955,1.0,0.0,0.5,none,True,True
57956,1.0,0.0,0.5,none,True,True
57957,1.0,0.0,0.5,none,True,True
57958,1.0,0.0,0.5,none,True,True
57959,1.0,0.0,0.5,none,True,True
57960,1.0,0.0,0.5,none,True,True
57961,1.0,0.0,0.5,none,True,True
57962,1.0,0.0,0.5,none,True,True
57963,1.0,0.0,0.5,none,True,True
57964,1.0,0.0,0.5,none,True,True
57965,1.0,0.0,0.5,none,True,True
57966,1.0,0.0,0.5,none,True,True
57967,1.0,0.0,0.5,none,True,True
57968,1.0,0.0,0.5,none,True,True
57969,1.0,0.0,0.5,none,True,True
57970,1.0,0.0,0.5,none,True,True
57971,1.0,0.0,0.5,none,True,True
57972,1.0,0.0,0.5,none,True,True
57973,1.0,0.0,0.5,none,True,True
57974,1.0,0.0,0.5,none,True,True
57975,1.0,0.0,0.5,none,True,True
57976,1.0,0.0,0.5,none,True,True
57977,1.0,0.0,0.5,none,True,True
57978,1.0,0.0,0.5,none,True,True
57979,1.0,0.0,0.5,none,True,True
57980,1.0,0.0,0.5,none,True,True
57981,1.0,0.0,0.5,none,True,True
57982,1.0,0.0,0.5,none,True,True
57983,1.0,0.0,0.5,none,True,True
57984,1.0,0.0,0.5,none,True,True
57985,1.0,0.0,0.5,none,True,True
57986,1.0,0.0,0.5,none,True,True
57987,1.0,0.0,0.5,none,True,True
57988,1.0,0.0,0.5,none,True,True
57989,1.0,0.0,0.5,none,True,True
57990,1.0,0.0,0.5,none,True,True
57991,1.0,0.0,0.5,none,True,True
57992,1.0,0.0,0.5,none,True,True
57993,1.0,0.0,0.5,none,True,True
57994,1.0,0.0,0.5,none,True,True
57995,1.0,0.0,0.5,none,True,True
57996,1.0,0.0,0.5,none,True,True
57997,1.0,0.0,0.5,none,True,True
57998,1.0,0.0,0.5,none,True,True
57999,1.0,0.0,0.5,none,True,True
58000,1.0,0.0,0.5,none,True,True
58001,1.0,0.0,0.5,none,True,True
58002,1.0,0.0,0.5,none,True,True
58003,1.0,0.0,0.5,none,True,True
58004,1.0,0.0,0.5,none,True,True
58005,1.0,0.0,0.5,none,True,True
58006,1.0,0.0,0.5,none,True,True
58007,1.0,0.0,0.5,none,True,True
58008,1.0,0.0,0.5,none,True,True
58009,1.0,0.0,0.5,none,True,True
58010,1.0,0.0,0.5,none,True,True
58011,1.0,0.0,0.5,none,True,True
58012,1.0,0.0,0.5,none,True,True
58013,1.0,0.0,0.5,none,True,True
58014,1.0,0.0,0.5,none,True,True
58015,1.0,0.0,0.5,none,True,True
58016,1.0,0.0,0.5,none,True,True
58017,1.0,0.0,0.5,none,True,True
58018,1.0,0.0,0.5,none,True,True
58019,1.0,0.0,0.5,none,True,True
58020,1.0,0.0,0.5,none,True,True
58021,1.0,0.0,0.5,none,True,True
58022,1.0,0.0,0.5,none,True,True
58023,1.0,0.0,0.5,none,True,True
58024,1.0,0.0,0.5,none,True,True
58025,1.0,0.0,0.5,none,True,True
58026,1.0,0.0,0.5,none,True,True
58027,1.0,0.0,0.5,none,True,True
58028,1.0,0.0,0.5,none,True,True
58029,1.0,0.0,0.5,none,True,True
58030,1.0,0.0,0.5,none,True,True
58031,1.0,0.0,0.5,none,True,True
58032,1.0,0.0,0.5,none,True,True
58033,1.0,0.0,0.5,none,True,True
58034,1.0,0.0,0.5,none,True,True
58035,1.0,0.0,0.5,none,True,True
58036,1.0,0.0,0.5,none,True,True
58037,1.0,0.0,0.5,none,True,True
58038,1.0,0.0,0.5,none,True,True
58039,1.0,0.0,0.5,none,True,True
58040,1.0,0.0,0.5,none,True,True
58041,1.0,0.0,0.5,none,True,True
58042,1.0,0.0,0.5,none,True,True
58043,1.0,0.0,0.5,none,True,True
58044,1.0,0.0,0.5,none,True,True
58045,1.0,0.0,0.5,none,True,True
58046,1.0,0.0,0.5,none,True,True
58047,1.0,0.0,0.5,none,True,True
58048,1.0,0.0,0.5,none,True,True
58049,1.0,0.0,0.5,none,True,True
58050,1.0,0.0,0.5,none,True,True
58051,1.0,0.0,0.5,none,True,True
58052,1.0,0.0,0.5,none,True,True
58053,1.0,0.0,0.5,none,True,True
58054,1.0,0.0,0.5,none,True,True
58055,1.0,0.0,0.5,none,True,True
58056,1.0,0.0,0.5,none,True,True
58057,1.0,0.0,0.5,none,True,True
58058,1.0,0.0,0.5,none,True,True
58059,1.0,0.0,0.5,none,True,True
58060,1.0,0.0,0.5,none,True,True
58061,1.0,0.0,0.5,none,True,True
58062,1.0,0.0,0.5,none,True,True
58063,1.0,0.0,0.5,none,True,True
58064,1.0,0.0,0.5,none,True,True
58065,1.0,0.0,0.5,none,True,True
58066,1.0,0.0,0.5,none,True,True
58067,1.0,0.0,0.5,none,True,True
58068,1.0,0.0,0.5,none,True,True
58069,1.0,0.0,0.5,none,True,True
58070,1.0,0.0,0.5,none,True,True
58071,1.0,0.0,0.5,none,True,True
58072,1.0,0.0,0.5,none,True,True
58073,1.0,0.0,0.5,none,True,True
58074,1.0,0.0,0.5,none,True,True
58075,1.0,0.0,0.5,none,True,True
58076,1.0,0.0,0.5,none,True,True
58077,1.0,0.0,0.5,none,True,True
58078,1.0,0.0,0.5,none,True,True
58079,1.0,0.0,0.5,none,True,True
58080,1.0,0.0,0.5,none,True,True
58081,1.0,0.0,0.5,none,True,True
58082,1.0,0.0,0.5,none,True,True
58083,1.0,0.0,0.5,none,True,True
58084,1.0,0.0,0.5,none,True,True
58085,1.0,0.0,0.5,none,True,True
58086,1.0,0.0,0.5,none,True,True
58087,1.0,0.0,0.5,none,True,True
58088,1.0,0.0,0.5,none,True,True
58089,1.0,0.0,0.5,none,True,True
58090,1.0,0.0,0.5,none,True,True
58091,1.0,0.0,0.5,none,True,True
58092,1.0,0.0,0.5,none,True,True
58093,1.0,0.0,0.5,none,True,True
58094,1.0,0.0,0.5,none,True,True
58095,1.0,0.0,0.5,none,True,True
58096,1.0,0.0,0.5,none,True,True
58097,1.0,0.0,0.5,none,True,True
58098,1.0,0.0,0.5,none,True,True
58099,1.0,0.0,0.5,none,True,True
58100,1.0,0.0061,0.5,none,True,True
58101,1.0,0.0357,0.5,none,True,True
58102,1.0,0.0812,0.5,none,True,True
58103,1.0,0.1113,0.5,none,True,True
58104,1.0,0.1253,0.5,none,True,True
58105,1.0,0.1408,0.5,none,True,True
58106,1.0,0.0907,0.5,none,True,True
58107,1.0,0.1198,0.5,none,True,True
58108,1.0,0.0467,0.5,none,True,True
58109,1.0,0.0522,0.5,none,True,True
58110,1.0,0.0405,0.5,none,True,True
58111,1.0,0.0313,0.5,none,True,True
58112,1.0,0.0083,0.5,none,True,True
58113,1.0,0.0726,0.5,none,True,True
58114,1.0,0.0793,0.5,none,True,True
58115,1.0,0.0581,0.5,none,True,True
58116,1.0,0.0955,0.5,none,True,True
58117,1.0,0.0839,0.5,none,True,True
58118,1.0,0.0648,0.5,none,True,True
58119,1.0,0.0718,0.5,none,True,True
58120,1.0,0.0589,0.5,none,True,True
58121,1.0,0.0403,0.5,none,True,True
58122,1.0,0.0327,0.5,none,True,True
58123,1.0,0.0277,0.5,none,True,True
58124,1.0,0.017,0.5,none,True,True
58125,1.0,0.0102,0.5,none,True,True
58126,1.0,0.0099,0.5,none,True,True
58127,1.0,0.008,0.5,none,True,True
58128,1.0,0.005,0.5,none,True,True
58129,1.0,0.0063,0.5,none,True,True
58130,1.0,0.009,0.5,none,True,True
58131,1.0,0.0096,0.5,none,True,True
58132,1.0,0.0108,0.5,none,True,True
58133,1.0,0.014,0.5,none,True,True
58134,1.0,0.0161,0.5,none,True,True
58135,1.0,0.0167,0.5,none,True,True
58136,1.0,0.0182,0.5,none,True,True
58137,1.0,0.0196,0.5,none,True,True
58138,1.0,0.0197,0.5,none,True,True
58139,1.0,0.0193,0.5,none,True,True
58140,1.0,0.0193,0.5,none,True,True
58141,1.0,0.0187,0.5,none,True,True
58142,1.0,0.0174,0.5,none,True,True
58143,1.0,0.0163,0.5,none,True,True
58144,1.0,0.0152,0.5,none,True,True
58145,1.0,0.0138,0.5,none,True,True
58146,1.0,0.0123,0.5,none,True,True
58147,1.0,0.0111,0.5,none,True,True
58148,1.0,0.01,0.5,none,True,True
58149,1.0,0.0088,0.5,none,True,True
58150,1.0,0.0078,0.5,none,True,True
58151,1.0,0.0071,0.5,none,True,True
58152,1.0,0.0064,0.5,none,True,True
58153,1.0,0.0057,0.5,none,True,True
58154,1.0,0.0053,0.5,none,True,True
58155,1.0,0.005,0.5,none,True,True
58156,1.0,0.0047,0.5,none,True,True
58157,1.0,0.0045,0.5,none,True,True
58158,1.0,0.0044,0.5,none,True,True
58159,1.0,0.0043,0.5,none,True,True
58160,1.0,0.0042,0.5,none,True,True
58161,1.0,0.0041,0.5,none,True,True
58162,1.0,0.004,0.5,none,True,True
58163,1.0,0.0039,0.5,none,True,True
58164,1.0,0.0038,0.5,none,True,True
58165,1.0,0.0037,0.5,none,True,True
58166,1.0,0.0035,0.5,none,True,True
58167,1.0,0.0033,0.5,none,True,True
58168,1.0,0.0032,0.5,none,True,True
58169,1.0,0.003,0.5,none,True,True
58170,1.0,0.0028,0.5,none,True,True
58171,1.0,0.0026,0.5,none,True,True
58172,1.0,0.0024,0.5,none,True,True
58173,1.0,0.0023,0.5,none,True,True
58174,1.0,0.0021,0.5,none,True,True
58175,1.0,0.0019,0.5,none,True,True
58176,1.0,0.0018,0.5,none,True,True
58177,1.0,0.0017,0.5,none,True,True
58178,1.0,0.0015,0.5,none,True,True
58179,1.0,0.0014,0.5,none,True,True
58180,1.0,0.0013,0.5,none,True,True
58181,1.0,0.0013,0.5,none,True,True
58182,1.0,0.0012,0.5,none,True,True
58183,1.0,0.0011,0.5,none,True,True
58184,1.0,0.0011,0.5,none,True,True
58185,1.0,0.001,0.5,none,True,True
58186,1.0,0.001,0.5,none,True,True
58187,1.0,0.0009,0.5,none,True,True
58188,1.0,0.0009,0.5,none,True,True
58189,1.0,0.0008,0.5,none,True,True
58190,1.0,0.0008,0.5,none,True,True
58191,1.0,0.0008,0.5,none,True,True
58192,1.0,0.0007,0.5,none,True,True
58193,1.0,0.0007,0.5,none,True,True
58194,1.0,0.0006,0.5,none,True,True
58195,1.0,0.0006,0.5,none,True,True
58196,1.0,0.0006,0.5,none,True,True
58197,1.0,0.0005,0.5,none,True,True
58198,1.0,0.0005,0.5,none,True,True
58199,1.0,0.0005,0.5,none,True,True
58200,1.0,0.0004,0.5,none,True,True
58201,1.0,0.0004,0.5,none,True,True
58202,1.0,0.0004,0.5,none,True,True
58203,1.0,0.0004,0.5,none,True,True
58204,1.0,0.0003,0.5,none,True,True
58205,1.0,0.0003,0.5,none,True,True
58206,1.0,0.0003,0.5,none,True,True
58207,1.0,0.0003,0.5,none,True,True
58208,1.0,0.0003,0.5,none,True,True
58209,1.0,0.0003,0.5,none,True,True
58210,1.0,0.0002,0.5,none,True,True
58211,1.0,0.0002,0.5,none,True,True
58212,1.0,0.0002,0.5,none,True,True
58213,1.0,0.0002,0.5,none,True,True
58214,1.0,0.0002,0.5,none,True,True
58215,1.0,0.0002,0.5,none,True,True
58216,1.0,0.0002,0.5,none,True,True
58217,1.0,0.0002,0.5,none,True,True
58218,1.0,0.0002,0.5,none,True,True
58219,1.0,0.0001,0.5,none,True,True
58220,1.0,0.0001,0.5,none,True,True
58221,1.0,0.0001,0.5,none,True,True
58222,1.0,0.0001,0.5,none,True,True
58223,1.0,0.0001,0.5,none,True,True
58224,1.0,0.0001,0.5,none,True,True
58225,1.0,0.0001,0.5,none,True,True
58226,1.0,0.0001,0.5,none,True,True
58227,1.0,0.0001,0.5,none,True,True
58228,1.0,0.0001,0.5,none,True,True
58229,1.0,0.0001,0.5,none,True,True
58230,1.0,0.0001,0.5,none,True,True
58231,1.0,0.0001,0.5,none,True,True
58232,1.0,0.0001,0.5,none,True,True
58233,1.0,0.0001,0.5,none,True,True
58234,1.0,0.0001,0.5,none,True,True
58235,1.0,0.0001,0.5,none,True,True
58236,1.0,0.0001,0.5,none,True,True
58237,1.0,0.0,0.5,none,True,True
58238,1.0,0.0,0.5,none,True,True
58239,1.0,0.0,0.5,none,True,True
58240,1.0,0.0,0.5,none,True,True
58241,1.0,0.0,0.5,none,True,True
58242,1.0,0.0,0.5,none,True,True
58243,1.0,0.0,0.5,none,True,True
58244,1.0,0.0,0.5,none,True,True
58245,1.0,0.0,0.5,none,True,True
58246,1.0,0.0,0.5,none,True,True
58247,1.0,0.0,0.5,none,True,True
58248,1.0,0.0,0.5,none,True,True
58249,1.0,0.0,0.5,none,True,True
58250,1.0,0.0,0.5,none,True,True
58251,1.0,0.0,0.5,none,True,True
58252,1.0,0.0,0.5,none,True,True
58253,1.0,0.0,0.5,none,True,True
58254,1.0,0.0,0.5,none,True,True
58255,1.0,0.0,0.5,none,True,True
58256,1.0,0.0,0.5,none,True,True
58257,1.0,0.0,0.5,none,True,True
58258,1.0,0.0,0.5,none,True,True
58259,1.0,0.0,0.5,none,True,True
58260,1.0,0.0,0.5,none,True,True
58261,1.0,0.0,0.5,none,True,True
58262,1.0,0.0,0.5,none,True,True
58263,1.0,0.0,0.5,none,True,True
58264,1.0,0.0,0.5,none,True,True
58265,1.0,0.0,0.5,none,True,True
58266,1.0,0.0,0.5,none,True,True
58267,1.0,0.0,0.5,none,True,True
58268,1.0,0.0,0.5,none,True,True
58269,1.0,0.0,0.5,none,True,True
58270,1.0,0.0,0.5,none,True,True
58271,1.0,0.0,0.5,none,True,True
58272,1.0,0.0,0.5,none,True,True
58273,1.0,0.0,0.5,none,True,True
58274,1.0,0.0,0.5,none,True,True
58275,1.0,0.0,0.5,none,True,True
58276,1.0,0.0,0.5,none,True,True
58277,1.0,0.0,0.5,none,True,True
58278,1.0,0.0,0.5,none,True,True
58279,1.0,0.0,0.5,none,True,True
58280,1.0,0.0,0.5,none,True,True
58281,1.0,0.0,0.5,none,True,True
58282,1.0,0.0,0.5,none,True,True
58283,1.0,0.0,0.5,none,True,True
58284,1.0,0.0,0.5,none,True,True
58285,1.0,0.0,0.5,none,True,True
58286,1.0,0.0,0.5,none,True,True
58287,1.0,0.0,0.5,none,True,True
58288,1.0,0.0,0.5,none,True,True
58289,1.0,0.0,0.5,none,True,True
58290,1.0,0.0,0.5,none,True,True
58291,1.0,0.0,0.5,none,True,True
58292,1.0,0.0,0.5,none,True,True
58293,1.0,0.0,0.5,none,True,True
58294,1.0,0.0,0.5,none,True,True
58295,1.0,0.0,0.5,none,True,True
58296,1.0,0.0,0.5,none,True,True
58297,1.0,0.0,0.5,none,True,True
58298,1.0,0.0,0.5,none,True,True
58299,1.0,0.0,0.5,none,True,True
58300,1.0,0.0,0.5,none,True,True
58301,1.0,0.0,0.5,none,True,True
58302,1.0,0.0,0.5,none,True,True
58303,1.0,0.0,0.5,none,True,True
58304,1.0,0.0,0.5,none,True,True
58305,1.0,0.0,0.5,none,True,True
58306,1.0,0.0,0.5,none,True,True
58307,1.0,0.0,0.5,none,True,True
58308,1.0,0.0,0.5,none,True,True
58309,1.0,0.0,0.5,none,True,True
58310,1.0,0.0,0.5,none,True,True
58311,1.0,0.0,0.5,none,True,True
58312,1.0,0.0,0.5,none,True,True
58313,1.0,0.0,0.5,none,True,True
58314,1.0,0.0,0.5,none,True,True
58315,1.0,0.0,0.5,none,True,True
58316,1.0,0.0,0.5,none,True,True
58317,1.0,0.0,0.5,none,True,True
58318,1.0,0.0,0.5,none,True,True
58319,1.0,0.0,0.5,none,True,True
58320,1.0,0.0,0.5,none,True,True
58321,1.0,0.0,0.5,none,True,True
58322,1.0,0.0,0.5,none,True,True
58323,1.0,0.0,0.5,none,True,True
58324,1.0,0.0,0.5,none,True,True
58325,1.0,0.0,0.5,none,True,True
58326,1.0,0.0,0.5,none,True,True
58327,1.0,0.0,0.5,none,True,True
58328,1.0,0.0,0.5,none,True,True
58329,1.0,0.0,0.5,none,True,True
58330,1.0,0.0,0.5,none,True,True
58331,1.0,0.0,0.5,none,True,True
58332,1.0,0.0,0.5,none,True,True
58333,1.0,0.0,0.5,none,True,True
58334,1.0,0.0,0.5,none,True,True
58335,1.0,0.0,0.5,none,True,True
58336,1.0,0.0,0.5,none,True,True
58337,1.0,0.0,0.5,none,True,True
58338,1.0,0.0,0.5,none,True,True
58339,1.0,0.0,0.5,none,True,True
58340,1.0,0.0,0.5,none,True,True
58341,1.0,0.0,0.5,none,True,True
58342,1.0,0.0,0.5,none,True,True
58343,1.0,0.0,0.5,none,True,True
58344,1.0,0.0,0.5,none,True,True
58345,1.0,0.0,0.5,none,True,True
58346,1.0,0.0,0.5,none,True,True
58347,1.0,0.0,0.5,none,True,True
58348,1.0,0.0,0.5,none,True,True
58349,1.0,0.0,0.5,none,True,True
58350,1.0,0.0,0.5,none,True,True
58351,1.0,0.0,0.5,none,True,True
58352,1.0,0.0,0.5,none,True,True
58353,1.0,0.0,0.5,none,True,True
58354,1.0,0.0,0.5,none,True,True
58355,1.0,0.0,0.5,none,True,True
58356,1.0,0.0,0.5,none,True,True
58357,1.0,0.0,0.5,none,True,True
58358,1.0,0.0,0.5,none,True,True
58359,1.0,0.0,0.5,none,True,True
58360,1.0,0.0,0.5,none,True,True
58361,1.0,0.0,0.5,none,True,True
58362,1.0,0.0,0.5,none,True,True
58363,1.0,0.0,0.5,none,True,True
58364,1.0,0.0,0.5,none,True,True
58365,1.0,0.0,0.5,none,True,True
58366,1.0,0.0,0.5,none,True,True
58367,1.0,0.0,0.5,none,True,True
58368,1.0,0.0,0.5,none,True,True
58369,1.0,0.0,0.5,none,True,True
58370,1.0,0.0,0.5,none,True,True
58371,1.0,0.0,0.5,none,True,True
58372,1.0,0.0,0.5,none,True,True
58373,1.0,0.0,0.5,none,True,True
58374,1.0,0.0,0.5,none,True,True
58375,1.0,0.0,0.5,none,True,True
58376,1.0,0.0,0.5,none,True,True
58377,1.0,0.0,0.5,none,True,True
58378,1.0,0.0,0.5,none,True,True
58379,1.0,0.0,0.5,none,True,True
58380,1.0,0.0,0.5,none,True,True
58381,1.0,0.0,0.5,none,True,True
58382,1.0,0.0,0.5,none,True,True
58383,1.0,0.0,0.5,none,True,True
58384,1.0,0.0,0.5,none,True,True
58385,1.0,0.0,0.5,none,True,True
58386,1.0,0.0,0.5,none,True,True
58387,1.0,0.0,0.5,none,True,True
58388,1.0,0.0,0.5,none,True,True
58389,1.0,0.0,0.5,none,True,True
58390,1.0,0.0,0.5,none,True,True
58391,1.0,0.0,0.5,none,True,True
58392,1.0,0.0,0.5,none,True,True
58393,1.0,0.0,0.5,none,True,True
58394,1.0,0.0,0.5,none,True,True
58395,1.0,0.0,0.5,none,True,True
58396,1.0,0.0,0.5,none,True,True
58397,1.0,0.0,0.5,none,True,True
58398,1.0,0.0,0.5,none,True,True
58399,1.0,0.0,0.5,none,True,True
58400,1.0,0.0,0.5,none,True,True
58401,1.0,0.0,0.5,none,True,True
58402,1.0,0.0,0.5,none,True,True
58403,1.0,0.0,0.5,none,True,True
58404,1.0,0.0,0.5,none,True,True
58405,1.0,0.0,0.5,none,True,True
58406,1.0,0.0,0.5,none,True,True
58407,1.0,0.0,0.5,none,True,True
58408,1.0,0.0,0.5,none,True,True
58409,1.0,0.0,0.5,none,True,True
58410,1.0,0.0,0.5,none,True,True
58411,1.0,0.0,0.5,none,True,True
58412,1.0,0.0,0.5,none,True,True
58413,1.0,0.0,0.5,none,True,True
58414,1.0,0.0,0.5,none,True,True
58415,1.0,0.0,0.5,none,True,True
58416,1.0,0.0,0.5,none,True,True
58417,1.0,0.0,0.5,none,True,True
58418,1.0,0.0,0.5,none,True,True
58419,1.0,0.0,0.5,none,True,True
58420,1.0,0.0,0.5,none,True,True
58421,1.0,0.0,0.5,none,True,True
58422,1.0,0.0,0.5,none,True,True
58423,1.0,0.0,0.5,none,True,True
58424,1.0,0.0,0.5,none,True,True
58425,1.0,0.0,0.5,none,True,True
58426,1.0,0.0,0.5,none,True,True
58427,1.0,0.0,0.5,none,True,True
58428,1.0,0.0,0.5,none,True,True
58429,1.0,0.0,0.5,none,True,True
58430,1.0,0.0,0.5,none,True,True
58431,1.0,0.0,0.5,none,True,True
58432,1.0,0.0,0.5,none,True,True
58433,1.0,0.0,0.5,none,True,True
58434,1.0,0.0,0.5,none,True,True
58435,1.0,0.0,0.5,none,True,True
58436,1.0,0.0,0.5,none,True,True
58437,1.0,0.0,0.5,none,True,True
58438,1.0,0.0,0.5,none,True,True
58439,1.0,0.0,0.5,none,True,True
58440,1.0,0.0,0.5,none,True,True
58441,1.0,0.0,0.5,none,True,True
58442,1.0,0.0,0.5,none,True,True
58443,1.0,0.0,0.5,none,True,True
58444,1.0,0.0,0.5,none,True,True
58445,1.0,0.0,0.5,none,True,True
58446,1.0,0.0,0.5,none,True,True
58447,1.0,0.0,0.5,none,True,True
58448,1.0,0.0,0.5,none,True,True
58449,1.0,0.0,0.5,none,True,True
58450,1.0,0.0,0.5,none,True,True
58451,1.0,0.0,0.5,none,True,True
58452,1.0,0.0,0.5,none,True,True
58453,1.0,0.0,0.5,none,True,True
58454,1.0,0.0,0.5,none,True,True
58455,1.0,0.0,0.5,none,True,True
58456,1.0,0.0,0.5,none,True,True
58457,1.0,0.0,0.5,none,True,True
58458,1.0,0.0,0.5,none,True,True
58459,1.0,0.0,0.5,none,True,True
58460,1.0,0.0,0.5,none,True,True
58461,1.0,0.0,0.5,none,True,True
58462,1.0,0.0,0.5,none,True,True
58463,1.0,0.0,0.5,none,True,True
58464,1.0,0.0,0.5,none,True,True
58465,1.0,0.0,0.5,none,True,True
58466,1.0,0.0,0.5,none,True,True
58467,1.0,0.0,0.5,none,True,True
58468,1.0,0.0,0.5,none,True,True
58469,1.0,0.0,0.5,none,True,True
58470,1.0,0.0,0.5,none,True,True
58471,1.0,0.0,0.5,none,True,True
58472,1.0,0.0,0.5,none,True,True
58473,1.0,0.0,0.5,none,True,True
58474,1.0,0.0,0.5,none,True,True
58475,1.0,0.0,0.5,none,True,True
58476,1.0,0.0,0.5,none,True,True
58477,1.0,0.0,0.5,none,True,True
58478,1.0,0.0,0.5,none,True,True
58479,1.0,0.0,0.5,none,True,True
58480,1.0,0.0,0.5,none,True,True
58481,1.0,0.0,0.5,none,True,True
58482,1.0,0.0,0.5,none,True,True
58483,1.0,0.0,0.5,none,True,True
58484,1.0,0.0,0.5,none,True,True
58485,1.0,0.0,0.5,none,True,True
58486,1.0,0.0,0.5,none,True,True
58487,1.0,0.0,0.5,none,True,True
58488,1.0,0.0,0.5,none,True,True
58489,1.0,0.0,0.5,none,True,True
58490,1.0,0.0,0.5,none,True,True
58491,1.0,0.0,0.5,none,True,True
58492,1.0,0.0,0.5,none,True,True
58493,1.0,0.0,0.5,none,True,True
58494,1.0,0.0,0.5,none,True,True
58495,1.0,0.0,0.5,none,True,True
58496,1.0,0.0,0.5,none,True,True
58497,1.0,0.0,0.5,none,True,True
58498,1.0,0.0,0.5,none,True,True
58499,1.0,0.0,0.5,none,True,True
58500,1.0,0.0,0.5,none,True,True
58501,1.0,0.0,0.5,none,True,True
58502,1.0,0.0,0.5,none,True,True
58503,1.0,0.0,0.5,none,True,True
58504,1.0,0.0,0.5,none,True,True
58505,1.0,0.0,0.5,none,True,True
58506,1.0,0.0,0.5,none,True,True
58507,1.0,0.0,0.5,none,True,True
58508,1.0,0.0,0.5,none,True,True
58509,1.0,0.0,0.5,none,True,True
58510,1.0,0.0,0.5,none,True,True
58511,1.0,0.0,0.5,none,True,True
58512,1.0,0.0,0.5,none,True,True
58513,1.0,0.0,0.5,none,True,True
58514,1.0,0.0,0.5,none,True,True
58515,1.0,0.0,0.5,none,True,True
58516,1.0,0.0,0.5,none,True,True
58517,1.0,0.0,0.5,none,True,True
58518,1.0,0.0,0.5,none,True,True
58519,1.0,0.0,0.5,none,True,True
58520,1.0,0.0,0.5,none,True,True
58521,1.0,0.0,0.5,none,True,True
58522,1.0,0.0,0.5,none,True,True
58523,1.0,0.0,0.5,none,True,True
58524,1.0,0.0,0.5,none,True,True
58525,1.0,0.0,0.5,none,True,True
58526,1.0,0.0,0.5,none,True,True
58527,1.0,0.0,0.5,none,True,True
58528,1.0,0.0,0.5,none,True,True
58529,1.0,0.0,0.5,none,True,True
58530,1.0,0.0,0.5,none,True,True
58531,1.0,0.0,0.5,none,True,True
58532,1.0,0.0,0.5,none,True,True
58533,1.0,0.0,0.5,none,True,True
58534,1.0,0.0,0.5,none,True,True
58535,1.0,0.0,0.5,none,True,True
58536,1.0,0.0,0.5,none,True,True
58537,1.0,0.0,0.5,none,True,True
58538,1.0,0.0,0.5,none,True,True
58539,1.0,0.0,0.5,none,True,True
58540,1.0,0.0,0.5,none,True,True
58541,1.0,0.0,0.5,none,True,True
58542,1.0,0.0,0.5,none,True,True
58543,1.0,0.0,0.5,none,True,True
58544,1.0,0.0,0.5,none,True,True
58545,1.0,0.0,0.5,none,True,True
58546,1.0,0.0,0.5,none,True,True
58547,1.0,0.0,0.5,none,True,True
58548,1.0,0.0,0.5,none,True,True
58549,1.0,0.0,0.5,none,True,True
58550,1.0,0.0,0.5,none,True,True
58551,1.0,0.0,0.5,none,True,True
58552,1.0,0.0,0.5,none,True,True
58553,1.0,0.0,0.5,none,True,True
58554,1.0,0.0,0.5,none,True,True
58555,1.0,0.0,0.5,none,True,True
58556,1.0,0.0,0.5,none,True,True
58557,1.0,0.0,0.5,none,True,True
58558,1.0,0.0,0.5,none,True,True
58559,1.0,0.0,0.5,none,True,True
58560,1.0,0.0,0.5,none,True,True
58561,1.0,0.0,0.5,none,True,True
58562,1.0,0.0,0.5,none,True,True
58563,1.0,0.0,0.5,none,True,True
58564,1.0,0.0,0.5,none,True,True
58565,1.0,0.0,0.5,none,True,True
58566,1.0,0.0,0.5,none,True,True
58567,1.0,0.0,0.5,none,True,True
58568,1.0,0.0,0.5,none,True,True
58569,1.0,0.0,0.5,none,True,True
58570,1.0,0.0,0.5,none,True,True
58571,1.0,0.0,0.5,none,True,True
58572,1.0,0.0,0.5,none,True,True
58573,1.0,0.0,0.5,none,True,True
58574,1.0,0.0,0.5,none,True,True
58575,1.0,0.0,0.5,none,True,True
58576,1.0,0.0,0.5,none,True,True
58577,1.0,0.0,0.5,none,True,True
58578,1.0,0.0,0.5,none,True,True
58579,1.0,0.0,0.5,none,True,True
58580,1.0,0.0,0.5,none,True,True
58581,1.0,0.0,0.5,none,True,True
58582,1.0,0.0,0.5,none,True,True
58583,1.0,0.0,0.5,none,True,True
58584,1.0,0.0,0.5,none,True,True
58585,1.0,0.0,0.5,none,True,True
58586,1.0,0.0,0.5,none,True,True
58587,1.0,0.0,0.5,none,True,True
58588,1.0,0.0,0.5,none,True,True
58589,1.0,0.0,0.5,none,True,True
58590,1.0,0.0,0.5,none,True,True
58591,1.0,0.0,0.5,none,True,True
58592,1.0,0.0,0.5,none,True,True
58593,1.0,0.0,0.5,none,True,True
58594,1.0,0.0,0.5,none,True,True
58595,1.0,0.0,0.5,none,True,True
58596,1.0,0.0,0.5,none,True,True
58597,1.0,0.0,0.5,none,True,True
58598,1.0,0.0,0.5,none,True,True
58599,1.0,0.0,0.5,none,True,True
58600,1.0,0.0,0.5,none,True,True
58601,1.0,0.0,0.5,none,True,True
58602,1.0,0.0,0.5,none,True,True
58603,1.0,0.0,0.5,none,True,True
58604,1.0,0.0,0.5,none,True,True
58605,1.0,0.0,0.5,none,True,True
58606,1.0,0.0,0.5,none,True,True
58607,1.0,0.0,0.5,none,True,True
58608,1.0,0.0,0.5,none,True,True
58609,1.0,0.0,0.5,none,True,True
58610,1.0,0.0,0.5,none,True,True
58611,1.0,0.0,0.5,none,True,True
58612,1.0,0.0,0.5,none,True,True
58613,1.0,0.0,0.5,none,True,True
58614,1.0,0.0,0.5,none,True,True
58615,1.0,0.0,0.5,none,True,True
58616,1.0,0.0,0.5,none,True,True
58617,1.0,0.0,0.5,none,True,True
58618,1.0,0.0,0.5,none,True,True
58619,1.0,0.0,0.5,none,True,True
58620,1.0,0.0,0.5,none,True,True
58621,1.0,0.0,0.5,none,True,True
58622,1.0,0.0,0.5,none,True,True
58623,1.0,0.0,0.5,none,True,True
58624,1.0,0.0,0.5,none,True,True
58625,1.0,0.0,0.5,none,True,True
58626,1.0,0.0,0.5,none,True,True
58627,1.0,0.0,0.5,none,True,True
58628,1.0,0.0,0.5,none,True,True
58629,1.0,0.0,0.5,none,True,True
58630,1.0,0.0,0.5,none,True,True
58631,1.0,0.0,0.5,none,True,True
58632,1.0,0.0,0.5,none,True,True
58633,1.0,0.0,0.5,none,True,True
58634,1.0,0.0,0.5,none,True,True
58635,1.0,0.0,0.5,none,True,True
58636,1.0,0.0,0.5,none,True,True
58637,1.0,0.0,0.5,none,True,True
58638,1.0,0.0,0.5,none,True,True
58639,1.0,0.0,0.5,none,True,True
58640,1.0,0.0,0.5,none,True,True
58641,1.0,0.0,0.5,none,True,True
58642,1.0,0.0,0.5,none,True,True
58643,1.0,0.0,0.5,none,True,True
58644,1.0,0.0,0.5,none,True,True
58645,1.0,0.0,0.5,none,True,True
58646,1.0,0.0,0.5,none,True,True
58647,1.0,0.0,0.5,none,True,True
58648,1.0,0.0,0.5,none,True,True
58649,1.0,0.0,0.5,none,True,True
58650,1.0,0.0,0.5,none,True,True
58651,1.0,0.0,0.5,none,True,True
58652,1.0,0.0,0.5,none,True,True
58653,1.0,0.0,0.5,none,True,True
58654,1.0,0.0,0.5,none,True,True
58655,1.0,0.0,0.5,none,True,True
58656,1.0,0.0,0.5,none,True,True
58657,1.0,0.0,0.5,none,True,True
58658,1.0,0.0,0.5,none,True,True
58659,1.0,0.0,0.5,none,True,True
58660,1.0,0.0,0.5,none,True,True
58661,1.0,0.0,0.5,none,True,True
58662,1.0,0.0,0.5,none,True,True
58663,1.0,0.0,0.5,none,True,True
58664,1.0,0.0,0.5,none,True,True
58665,1.0,0.0,0.5,none,True,True
58666,1.0,0.0,0.5,none,True,True
58667,1.0,0.0,0.5,none,True,True
58668,1.0,0.0,0.5,none,True,True
58669,1.0,0.0,0.5,none,True,True
58670,1.0,0.0,0.5,none,True,True
58671,1.0,0.0,0.5,none,True,True
58672,1.0,0.0,0.5,none,True,True
58673,1.0,0.0,0.5,none,True,True
58674,1.0,0.0,0.5,none,True,True
58675,1.0,0.0,0.5,none,True,True
58676,1.0,0.0,0.5,none,True,True
58677,1.0,0.0,0.5,none,True,True
58678,1.0,0.0,0.5,none,True,True
58679,1.0,0.0,0.5,none,True,True
58680,1.0,0.0,0.5,none,True,True
58681,1.0,0.0,0.5,none,True,True
58682,1.0,0.0,0.5,none,True,True
58683,1.0,0.0,0.5,none,True,True
58684,1.0,0.0,0.5,none,True,True
58685,1.0,0.0,0.5,none,True,True
58686,1.0,0.0,0.5,none,True,True
58687,1.0,0.0,0.5,none,True,True
58688,1.0,0.0,0.5,none,True,True
58689,1.0,0.0,0.5,none,True,True
58690,1.0,0.0,0.5,none,True,True
58691,1.0,0.0,0.5,none,True,True
58692,1.0,0.0,0.5,none,True,True
58693,1.0,0.0,0.5,none,True,True
58694,1.0,0.0,0.5,none,True,True
58695,1.0,0.0,0.5,none,True,True
58696,1.0,0.0,0.5,none,True,True
58697,1.0,0.0,0.5,none,True,True
58698,1.0,0.0,0.5,none,True,True
58699,1.0,0.0,0.5,none,True,True
58700,1.0,0.0,0.5,none,True,True
58701,1.0,0.0,0.5,none,True,True
58702,1.0,0.0,0.5,none,True,True
58703,1.0,0.0,0.5,none,True,True
58704,1.0,0.0,0.5,none,True,True
58705,1.0,0.0,0.5,none,True,True
58706,1.0,0.0,0.5,none,True,True
58707,1.0,0.0,0.5,none,True,True
58708,1.0,0.0,0.5,none,True,True
58709,1.0,0.0,0.5,none,True,True
58710,1.0,0.0,0.5,none,True,True
58711,1.0,0.0,0.5,none,True,True
58712,1.0,0.0,0.5,none,True,True
58713,1.0,0.0,0.5,none,True,True
58714,1.0,0.0,0.5,none,True,True
58715,1.0,0.0,0.5,none,True,True
58716,1.0,0.0,0.5,none,True,True
58717,1.0,0.0,0.5,none,True,True
58718,1.0,0.0,0.5,none,True,True
58719,1.0,0.0,0.5,none,True,True
58720,1.0,0.0,0.5,none,True,True
58721,1.0,0.0,0.5,none,True,True
58722,1.0,0.0,0.5,none,True,True
58723,1.0,0.0,0.5,none,True,True
58724,1.0,0.0,0.5,none,True,True
58725,1.0,0.0,0.5,none,True,True
58726,1.0,0.0,0.5,none,True,True
58727,1.0,0.0,0.5,none,True,True
58728,1.0,0.0,0.5,none,True,True
58729,1.0,0.0,0.5,none,True,True
58730,1.0,0.0,0.5,none,True,True
58731,1.0,0.0,0.5,none,True,True
58732,1.0,0.0,0.5,none,True,True
58733,1.0,0.0,0.5,none,True,True
58734,1.0,0.0,0.5,none,True,True
58735,1.0,0.0,0.5,none,True,True
58736,1.0,0.0,0.5,none,True,True
58737,1.0,0.0,0.5,none,True,True
58738,1.0,0.0,0.5,none,True,True
58739,1.0,0.0,0.5,none,True,True
58740,1.0,0.0,0.5,none,True,True
58741,1.0,0.0,0.5,none,True,True
58742,1.0,0.0,0.5,none,True,True
58743,1.0,0.0,0.5,none,True,True
58744,1.0,0.0,0.5,none,True,True
58745,1.0,0.0,0.5,none,True,True
58746,1.0,0.0,0.5,none,True,True
58747,1.0,0.0,0.5,none,True,True
58748,1.0,0.0,0.5,none,True,True
58749,1.0,0.0,0.5,none,True,True
58750,1.0,0.0,0.5,none,True,True
58751,1.0,0.0,0.5,none,True,True
58752,1.0,0.0,0.5,none,True,True
58753,1.0,0.0,0.5,none,True,True
58754,1.0,0.0,0.5,none,True,True
58755,1.0,0.0,0.5,none,True,True
58756,1.0,0.0,0.5,none,True,True
58757,1.0,0.0,0.5,none,True,True
58758,1.0,0.0,0.5,none,True,True
58759,1.0,0.0,0.5,none,True,True
58760,1.0,0.0,0.5,none,True,True
58761,1.0,0.0,0.5,none,True,True
58762,1.0,0.0,0.5,none,True,True
58763,1.0,0.0,0.5,none,True,True
58764,1.0,0.0,0.5,none,True,True
58765,1.0,0.0,0.5,none,True,True
58766,1.0,0.0,0.5,none,True,True
58767,1.0,0.0,0.5,none,True,True
58768,1.0,0.0,0.5,none,True,True
58769,1.0,0.0,0.5,none,True,True
58770,1.0,0.0,0.5,none,True,True
58771,1.0,0.0,0.5,none,True,True
58772,1.0,0.0,0.5,none,True,True
58773,1.0,0.0,0.5,none,True,True
58774,1.0,0.0,0.5,none,True,True
58775,1.0,0.0,0.5,none,True,True
58776,1.0,0.0,0.5,none,True,True
58777,1.0,0.0,0.5,none,True,True
58778,1.0,0.0,0.5,none,True,True
58779,1.0,0.0,0.5,none,True,True
58780,1.0,0.0,0.5,none,True,True
58781,1.0,0.0,0.5,none,True,True
58782,1.0,0.0,0.5,none,True,True
58783,1.0,0.0,0.5,none,True,True
58784,1.0,0.0,0.5,none,True,True
58785,1.0,0.0,0.5,none,True,True
58786,1.0,0.0,0.5,none,True,True
58787,1.0,0.0,0.5,none,True,True
58788,1.0,0.0,0.5,none,True,True
58789,1.0,0.0,0.5,none,True,True
58790,1.0,0.0,0.5,none,True,True
58791,1.0,0.0,0.5,none,True,True
58792,1.0,0.0,0.5,none,True,True
58793,1.0,0.0,0.5,none,True,True
58794,1.0,0.0,0.5,none,True,True
58795,1.0,0.0,0.5,none,True,True
58796,1.0,0.0,0.5,none,True,True
58797,1.0,0.0,0.5,none,True,True
58798,1.0,0.0,0.5,none,True,True
58799,1.0,0.0,0.5,none,True,True
58800,1.0,0.0061,0.5,none,True,True
58801,1.0,0.0357,0.5,none,True,True
58802,1.0,0.0812,0.5,none,True,True
58803,1.0,0.1113,0.5,none,True,True
58804,1.0,0.1253,0.5,none,True,True
58805,1.0,0.1408,0.5,none,True,True
58806,1.0,0.0907,0.5,none,True,True
58807,1.0,0.1198,0.5,none,True,True
58808,1.0,0.0467,0.5,none,True,True
58809,1.0,0.0522,0.5,none,True,True
58810,1.0,0.0405,0.5,none,True,True
58811,1.0,0.0313,0.5,none,True,True
58812,1.0,0.0083,0.5,none,True,True
58813,1.0,0.0726,0.5,none,True,True
58814,1.0,0.0793,0.5,none,True,True
58815,1.0,0.0581,0.5,none,True,True
58816,1.0,0.0955,0.5,none,True,True
58817,1.0,0.0839,0.5,none,True,True
58818,1.0,0.0648,0.5,none,True,True
58819,1.0,0.0718,0.5,none,True,True
58820,1.0,0.0589,0.5,none,True,True
58821,1.0,0.0403,0.5,none,True,True
58822,1.0,0.0327,0.5,none,True,True
58823,1.0,0.0277,0.5,none,True,True
58824,1.0,0.017,0.5,none,True,True
58825,1.0,0.0102,0.5,none,True,True
58826,1.0,0.0099,0.5,none,True,True
58827,1.0,0.008,0.5,none,True,True
58828,1.0,0.005,0.5,none,True,True
58829,1.0,0.0063,0.5,none,True,True
58830,1.0,0.009,0.5,none,True,True
58831,1.0,0.0096,0.5,none,True,True
58832,1.0,0.0108,0.5,none,True,True
58833,1.0,0.014,0.5,none,True,True
58834,1.0,0.0161,0.5,none,True,True
58835,1.0,0.0167,0.5,none,True,True
58836,1.0,0.0182,0.5,none,True,True
58837,1.0,0.0196,0.5,none,True,True
58838,1.0,0.0197,0.5,none,True,True
58839,1.0,0.0193,0.5,none,True,True
58840,1.0,0.0193,0.5,none,True,True
58841,1.0,0.0187,0.5,none,True,True
58842,1.0,0.0174,0.5,none,True,True
58843,1.0,0.0163,0.5,none,True,True
58844,1.0,0.0152,0.5,none,True,True
58845,1.0,0.0138,0.5,none,True,True
58846,1.0,0.0123,0.5,none,True,True
58847,1.0,0.0111,0.5,none,True,True
58848,1.0,0.01,0.5,none,True,True
58849,1.0,0.0088,0.5,none,True,True
58850,1.0,0.0078,0.5,none,True,True
58851,1.0,0.0071,0.5,none,True,True
58852,1.0,0.0064,0.5,none,True,True
58853,1.0,0.0057,0.5,none,True,True
58854,1.0,0.0053,0.5,none,True,True
58855,1.0,0.005,0.5,none,True,True
58856,1.0,0.0047,0.5,none,True,True
58857,1.0,0.0045,0.5,none,True,True
58858,1.0,0.0044,0.5,none,True,True
58859,1.0,0.0043,0.5,none,True,True
58860,1.0,0.0042,0.5,none,True,True
58861,1.0,0.0041,0.5,none,True,True
58862,1.0,0.004,0.5,none,True,True
58863,1.0,0.0039,0.5,none,True,True
58864,1.0,0.0038,0.5,none,True,True
58865,1.0,0.0037,0.5,none,True,True
58866,1.0,0.0035,0.5,none,True,True
58867,1.0,0.0033,0.5,none,True,True
58868,1.0,0.0032,0.5,none,True,True
58869,1.0,0.003,0.5,none,True,True
58870,1.0,0.0028,0.5,none,True,True
58871,1.0,0.0026,0.5,none,True,True
58872,1.0,0.0024,0.5,none,True,True
58873,1.0,0.0023,0.5,none,True,True
58874,1.0,0.0021,0.5,none,True,True
58875,1.0,0.0019,0.5,none,True,True
58876,1.0,0.0018,0.5,none,True,True
58877,1.0,0.0017,0.5,none,True,True
58878,1.0,0.0015,0.5,none,True,True
58879,1.0,0.0014,0.5,none,True,True
58880,1.0,0.0013,0.5,none,True,True
58881,1.0,0.0013,0.5,none,True,True
58882,1.0,0.0012,0.5,none,True,True
58883,1.0,0.0011,0.5,none,True,True
58884,1.0,0.0011,0.5,none,True,True
58885,1.0,0.001,0.5,none,True,True
58886,1.0,0.001,0.5,none,True,True
58887,1.0,0.0009,0.5,none,True,True
58888,1.0,0.0009,0.5,none,True,True
58889,1.0,0.0008,0.5,none,True,True
58890,1.0,0.0008,0.5,none,True,True
58891,1.0,0.0008,0.5,none,True,True
58892,1.0,0.0007,0.5,none,True,True
58893,1.0,0.0007,0.5,none,True,True
58894,1.0,0.0006,0.5,none,True,True
58895,1.0,0.0006,0.5,none,True,True
58896,1.0,0.0006,0.5,none,True,True
58897,1.0,0.0005,0.5,none,True,True
58898,1.0,0.0005,0.5,none,True,True
58899,1.0,0.0005,0.5,none,True,True
58900,1.0,0.0004,0.5,none,True,True
58901,1.0,0.0004,0.5,none,True,True
58902,1.0,0.0004,0.5,none,True,True
58903,1.0,0.0004,0.5,none,True,True
58904,1.0,0.0003,0.5,none,True,True
58905,1.0,0.0003,0.5,none,True,True
58906,1.0,0.0003,0.5,none,True,True
58907,1.0,0.0003,0.5,none,True,True
58908,1.0,0.0003,0.5,none,True,True
58909,1.0,0.0003,0.5,none,True,True
58910,1.0,0.0002,0.5,none,True,True
58911,1.0,0.0002,0.5,none,True,True
58912,1.0,0.0002,0.5,none,True,True
58913,1.0,0.0002,0.5,none,True,True
58914,1.0,0.0002,0.5,none,True,True
58915,1.0,0.0002,0.5,none,True,True
58916,1.0,0.0002,0.5,none,True,True
58917,1.0,0.0002,0.5,none,True,True
58918,1.0,0.0002,0.5,none,True,True
58919,1.0,0.0001,0.5,none,True,True
58920,1.0,0.0001,0.5,none,True,True
58921,1.0,0.0001,0.5,none,True,True
58922,1.0,0.0001,0.5,none,True,True
58923,1.0,0.0001,0.5,none,True,True
58924,1.0,0.0001,0.5,none,True,True
58925,1.0,0.0001,0.5,none,True,True
58926,1.0,0.0001,0.5,none,True,True
58927,1.0,0.0001,0.5,none,True,True
58928,1.0,0.0001,0.5,none,True,True
58929,1.0,0.0001,0.5,none,True,True
58930,1.0,0.0001,0.5,none,True,True
58931,1.0,0.0001,0.5,none,True,True
58932,1.0,0.0001,0.5,none,True,True
58933,1.0,0.0001,0.5,none,True,True
58934,1.0,0.0001,0.5,none,True,True
58935,1.0,0.0001,0.5,none,True,True
58936,1.0,0.0001,0.5,none,True,True
58937,1.0,0.0,0.5,none,True,True
58938,1.0,0.0,0.5,none,True,True
58939,1.0,0.0,0.5,none,True,True
58940,1.0,0.0,0.5,none,True,True
58941,1.0,0.0,0.5,none,True,True
58942,1.0,0.0,0.5,none,True,True
58943,1.0,0.0,0.5,none,True,True
58944,1.0,0.0,0.5,none,True,True
58945,1.0,0.0,0.5,none,True,True
58946,1.0,0.0,0.5,none,True,True
58947,1.0,0.0,0.5,none,True,True
58948,1.0,0.0,0.5,none,True,True
58949,1.0,0.0,0.5,none,True,True
58950,1.0,0.0,0.5,none,True,True
58951,1.0,0.0,0.5,none,True,True
58952,1.0,0.0,0.5,none,True,True
58953,1.0,0.0,0.5,none,True,True
58954,1.0,0.0,0.5,none,True,True
58955,1.0,0.0,0.5,none,True,True
58956,1.0,0.0,0.5,none,True,True
58957,1.0,0.0,0.5,none,True,True
58958,1.0,0.0,0.5,none,True,True
58959,1.0,0.0,0.5,none,True,True
58960,1.0,0.0,0.5,none,True,True
58961,1.0,0.0,0.5,none,True,True
58962,1.0,0.0,0.5,none,True,True
58963,1.0,0.0,0.5,none,True,True
58964,1.0,0.0,0.5,none,True,True
58965,1.0,0.0,0.5,none,True,True
58966,1.0,0.0,0.5,none,True,True
58967,1.0,0.0,0.5,none,True,True
58968,1.0,0.0,0.5,none,True,True
58969,1.0,0.0,0.5,none,True,True
58970,1.0,0.0,0.5,none,True,True
58971,1.0,0.0,0.5,none,True,True
58972,1.0,0.0,0.5,none,True,True
58973,1.0,0.0,0.5,none,True,True
58974,1.0,0.0,0.5,none,True,True
58975,1.0,0.0,0.5,none,True,True
58976,1.0,0.0,0.5,none,True,True
58977,1.0,0.0,0.5,none,True,True
58978,1.0,0.0,0.5,none,True,True
58979,1.0,0.0,0.5,none,True,True
58980,1.0,0.0,0.5,none,True,True
58981,1.0,0.0,0.5,none,True,True
58982,1.0,0.0,0.5,none,True,True
58983,1.0,0.0,0.5,none,True,True
58984,1.0,0.0,0.5,none,True,True
58985,1.0,0.0,0.5,none,True,True
58986,1.0,0.0,0.5,none,True,True
58987,1.0,0.0,0.5,none,True,True
58988,1.0,0.0,0.5,none,True,True
58989,1.0,0.0,0.5,none,True,True
58990,1.0,0.0,0.5,none,True,True
58991,1.0,0.0,0.5,none,True,True
58992,1.0,0.0,0.5,none,True,True
58993,1.0,0.0,0.5,none,True,True
58994,1.0,0.0,0.5,none,True,True
58995,1.0,0.0,0.5,none,True,True
58996,1.0,0.0,0.5,none,True,True
58997,1.0,0.0,0.5,none,True,True
58998,1.0,0.0,0.5,none,True,True
58999,1.0,0.0,0.5,none,True,True
59000,1.0,0.0,0.5,none,True,True
59001,1.0,0.0,0.5,none,True,True
59002,1.0,0.0,0.5,none,True,True
59003,1.0,0.0,0.5,none,True,True
59004,1.0,0.0,0.5,none,True,True
59005,1.0,0.0,0.5,none,True,True
59006,1.0,0.0,0.5,none,True,True
59007,1.0,0.0,0.5,none,True,True
59008,1.0,0.0,0.5,none,True,True
59009,1.0,0.0,0.5,none,True,True
59010,1.0,0.0,0.5,none,True,True
59011,1.0,0.0,0.5,none,True,True
59012,1.0,0.0,0.5,none,True,True
59013,1.0,0.0,0.5,none,True,True
59014,1.0,0.0,0.5,none,True,True
59015,1.0,0.0,0.5,none,True,True
59016,1.0,0.0,0.5,none,True,True
59017,1.0,0.0,0.5,none,True,True
59018,1.0,0.0,0.5,none,True,True
59019,1.0,0.0,0.5,none,True,True
59020,1.0,0.0,0.5,none,True,True
59021,1.0,0.0,0.5,none,True,True
59022,1.0,0.0,0.5,none,True,True
59023,1.0,0.0,0.5,none,True,True
59024,1.0,0.0,0.5,none,True,True
59025,1.0,0.0,0.5,none,True,True
59026,1.0,0.0,0.5,none,True,True
59027,1.0,0.0,0.5,none,True,True
59028,1.0,0.0,0.5,none,True,True
59029,1.0,0.0,0.5,none,True,True
59030,1.0,0.0,0.5,none,True,True
59031,1.0,0.0,0.5,none,True,True
59032,1.0,0.0,0.5,none,True,True
59033,1.0,0.0,0.5,none,True,True
59034,1.0,0.0,0.5,none,True,True
59035,1.0,0.0,0.5,none,True,True
59036,1.0,0.0,0.5,none,True,True
59037,1.0,0.0,0.5,none,True,True
59038,1.0,0.0,0.5,none,True,True
59039,1.0,0.0,0.5,none,True,True
59040,1.0,0.0,0.5,none,True,True
59041,1.0,0.0,0.5,none,True,True
59042,1.0,0.0,0.5,none,True,True
59043,1.0,0.0,0.5,none,True,True
59044,1.0,0.0,0.5,none,True,True
59045,1.0,0.0,0.5,none,True,True
59046,1.0,0.0,0.5,none,True,True
59047,1.0,0.0,0.5,none,True,True
59048,1.0,0.0,0.5,none,True,True
59049,1.0,0.0,0.5,none,True,True
59050,1.0,0.0,0.5,none,True,True
59051,1.0,0.0,0.5,none,True,True
59052,1.0,0.0,0.5,none,True,True
59053,1.0,0.0,0.5,none,True,True
59054,1.0,0.0,0.5,none,True,True
59055,1.0,0.0,0.5,none,True,True
59056,1.0,0.0,0.5,none,True,True
59057,1.0,0.0,0.5,none,True,True
59058,1.0,0.0,0.5,none,True,True
59059,1.0,0.0,0.5,none,True,True
59060,1.0,0.0,0.5,none,True,True
59061,1.0,0.0,0.5,none,True,True
59062,1.0,0.0,0.5,none,True,True
59063,1.0,0.0,0.5,none,True,True
59064,1.0,0.0,0.5,none,True,True
59065,1.0,0.0,0.5,none,True,True
59066,1.0,0.0,0.5,none,True,True
59067,1.0,0.0,0.5,none,True,True
59068,1.0,0.0,0.5,none,True,True
59069,1.0,0.0,0.5,none,True,True
59070,1.0,0.0,0.5,none,True,True
59071,1.0,0.0,0.5,none,True,True
59072,1.0,0.0,0.5,none,True,True
59073,1.0,0.0,0.5,none,True,True
59074,1.0,0.0,0.5,none,True,True
59075,1.0,0.0,0.5,none,True,True
59076,1.0,0.0,0.5,none,True,True
59077,1.0,0.0,0.5,none,True,True
59078,1.0,0.0,0.5,none,True,True
59079,1.0,0.0,0.5,none,True,True
59080,1.0,0.0,0.5,none,True,True
59081,1.0,0.0,0.5,none,True,True
59082,1.0,0.0,0.5,none,True,True
59083,1.0,0.0,0.5,none,True,True
59084,1.0,0.0,0.5,none,True,True
59085,1.0,0.0,0.5,none,True,True
59086,1.0,0.0,0.5,none,True,True
59087,1.0,0.0,0.5,none,True,True
59088,1.0,0.0,0.5,none,True,True
59089,1.0,0.0,0.5,none,True,True
59090,1.0,0.0,0.5,none,True,True
59091,1.0,0.0,0.5,none,True,True
59092,1.0,0.0,0.5,none,True,True
59093,1.0,0.0,0.5,none,True,True
59094,1.0,0.0,0.5,none,True,True
59095,1.0,0.0,0.5,none,True,True
59096,1.0,0.0,0.5,none,True,True
59097,1.0,0.0,0.5,none,True,True
59098,1.0,0.0,0.5,none,True,True
59099,1.0,0.0,0.5,none,True,True
59100,1.0,0.0,0.5,none,True,True
59101,1.0,0.0,0.5,none,True,True
59102,1.0,0.0,0.5,none,True,True
59103,1.0,0.0,0.5,none,True,True
59104,1.0,0.0,0.5,none,True,True
59105,1.0,0.0,0.5,none,True,True
59106,1.0,0.0,0.5,none,True,True
59107,1.0,0.0,0.5,none,True,True
59108,1.0,0.0,0.5,none,True,True
59109,1.0,0.0,0.5,none,True,True
59110,1.0,0.0,0.5,none,True,True
59111,1.0,0.0,0.5,none,True,True
59112,1.0,0.0,0.5,none,True,True
59113,1.0,0.0,0.5,none,True,True
59114,1.0,0.0,0.5,none,True,True
59115,1.0,0.0,0.5,none,True,True
59116,1.0,0.0,0.5,none,True,True
59117,1.0,0.0,0.5,none,True,True
59118,1.0,0.0,0.5,none,True,True
59119,1.0,0.0,0.5,none,True,True
59120,1.0,0.0,0.5,none,True,True
59121,1.0,0.0,0.5,none,True,True
59122,1.0,0.0,0.5,none,True,True
59123,1.0,0.0,0.5,none,True,True
59124,1.0,0.0,0.5,none,True,True
59125,1.0,0.0,0.5,none,True,True
59126,1.0,0.0,0.5,none,True,True
59127,1.0,0.0,0.5,none,True,True
59128,1.0,0.0,0.5,none,True,True
59129,1.0,0.0,0.5,none,True,True
59130,1.0,0.0,0.5,none,True,True
59131,1.0,0.0,0.5,none,True,True
59132,1.0,0.0,0.5,none,True,True
59133,1.0,0.0,0.5,none,True,True
59134,1.0,0.0,0.5,none,True,True
59135,1.0,0.0,0.5,none,True,True
59136,1.0,0.0,0.5,none,True,True
59137,1.0,0.0,0.5,none,True,True
59138,1.0,0.0,0.5,none,True,True
59139,1.0,0.0,0.5,none,True,True
59140,1.0,0.0,0.5,none,True,True
59141,1.0,0.0,0.5,none,True,True
59142,1.0,0.0,0.5,none,True,True
59143,1.0,0.0,0.5,none,True,True
59144,1.0,0.0,0.5,none,True,True
59145,1.0,0.0,0.5,none,True,True
59146,1.0,0.0,0.5,none,True,True
59147,1.0,0.0,0.5,none,True,True
59148,1.0,0.0,0.5,none,True,True
59149,1.0,0.0,0.5,none,True,True
59150,1.0,0.0,0.5,none,True,True
59151,1.0,0.0,0.5,none,True,True
59152,1.0,0.0,0.5,none,True,True
59153,1.0,0.0,0.5,none,True,True
59154,1.0,0.0,0.5,none,True,True
59155,1.0,0.0,0.5,none,True,True
59156,1.0,0.0,0.5,none,True,True
59157,1.0,0.0,0.5,none,True,True
59158,1.0,0.0,0.5,none,True,True
59159,1.0,0.0,0.5,none,True,True
59160,1.0,0.0,0.5,none,True,True
59161,1.0,0.0,0.5,none,True,True
59162,1.0,0.0,0.5,none,True,True
59163,1.0,0.0,0.5,none,True,True
59164,1.0,0.0,0.5,none,True,True
59165,1.0,0.0,0.5,none,True,True
59166,1.0,0.0,0.5,none,True,True
59167,1.0,0.0,0.5,none,True,True
59168,1.0,0.0,0.5,none,True,True
59169,1.0,0.0,0.5,none,True,True
59170,1.0,0.0,0.5,none,True,True
59171,1.0,0.0,0.5,none,True,True
59172,1.0,0.0,0.5,none,True,True
59173,1.0,0.0,0.5,none,True,True
59174,1.0,0.0,0.5,none,True,True
59175,1.0,0.0,0.5,none,True,True
59176,1.0,0.0,0.5,none,True,True
59177,1.0,0.0,0.5,none,True,True
59178,1.0,0.0,0.5,none,True,True
59179,1.0,0.0,0.5,none,True,True
59180,1.0,0.0,0.5,none,True,True
59181,1.0,0.0,0.5,none,True,True
59182,1.0,0.0,0.5,none,True,True
59183,1.0,0.0,0.5,none,True,True
59184,1.0,0.0,0.5,none,True,True
59185,1.0,0.0,0.5,none,True,True
59186,1.0,0.0,0.5,none,True,True
59187,1.0,0.0,0.5,none,True,True
59188,1.0,0.0,0.5,none,True,True
59189,1.0,0.0,0.5,none,True,True
59190,1.0,0.0,0.5,none,True,True
59191,1.0,0.0,0.5,none,True,True
59192,1.0,0.0,0.5,none,True,True
59193,1.0,0.0,0.5,none,True,True
59194,1.0,0.0,0.5,none,True,True
59195,1.0,0.0,0.5,none,True,True
59196,1.0,0.0,0.5,none,True,True
59197,1.0,0.0,0.5,none,True,True
59198,1.0,0.0,0.5,none,True,True
59199,1.0,0.0,0.5,none,True,True
59200,1.0,0.0,0.5,none,True,True
59201,1.0,0.0,0.5,none,True,True
59202,1.0,0.0,0.5,none,True,True
59203,1.0,0.0,0.5,none,True,True
59204,1.0,0.0,0.5,none,True,True
59205,1.0,0.0,0.5,none,True,True
59206,1.0,0.0,0.5,none,True,True
59207,1.0,0.0,0.5,none,True,True
59208,1.0,0.0,0.5,none,True,True
59209,1.0,0.0,0.5,none,True,True
59210,1.0,0.0,0.5,none,True,True
59211,1.0,0.0,0.5,none,True,True
59212,1.0,0.0,0.5,none,True,True
59213,1.0,0.0,0.5,none,True,True
59214,1.0,0.0,0.5,none,True,True
59215,1.0,0.0,0.5,none,True,True
59216,1.0,0.0,0.5,none,True,True
59217,1.0,0.0,0.5,none,True,True
59218,1.0,0.0,0.5,none,True,True
59219,1.0,0.0,0.5,none,True,True
59220,1.0,0.0,0.5,none,True,True
59221,1.0,0.0,0.5,none,True,True
59222,1.0,0.0,0.5,none,True,True
59223,1.0,0.0,0.5,none,True,True
59224,1.0,0.0,0.5,none,True,True
59225,1.0,0.0,0.5,none,True,True
59226,1.0,0.0,0.5,none,True,True
59227,1.0,0.0,0.5,none,True,True
59228,1.0,0.0,0.5,none,True,True
59229,1.0,0.0,0.5,none,True,True
59230,1.0,0.0,0.5,none,True,True
59231,1.0,0.0,0.5,none,True,True
59232,1.0,0.0,0.5,none,True,True
59233,1.0,0.0,0.5,none,True,True
59234,1.0,0.0,0.5,none,True,True
59235,1.0,0.0,0.5,none,True,True
59236,1.0,0.0,0.5,none,True,True
59237,1.0,0.0,0.5,none,True,True
59238,1.0,0.0,0.5,none,True,True
59239,1.0,0.0,0.5,none,True,True
59240,1.0,0.0,0.5,none,True,True
59241,1.0,0.0,0.5,none,True,True
59242,1.0,0.0,0.5,none,True,True
59243,1.0,0.0,0.5,none,True,True
59244,1.0,0.0,0.5,none,True,True
59245,1.0,0.0,0.5,none,True,True
59246,1.0,0.0,0.5,none,True,True
59247,1.0,0.0,0.5,none,True,True
59248,1.0,0.0,0.5,none,True,True
59249,1.0,0.0,0.5,none,True,True
59250,1.0,0.0,0.5,none,True,True
59251,1.0,0.0,0.5,none,True,True
59252,1.0,0.0,0.5,none,True,True
59253,1.0,0.0,0.5,none,True,True
59254,1.0,0.0,0.5,none,True,True
59255,1.0,0.0,0.5,none,True,True
59256,1.0,0.0,0.5,none,True,True
59257,1.0,0.0,0.5,none,True,True
59258,1.0,0.0,0.5,none,True,True
59259,1.0,0.0,0.5,none,True,True
59260,1.0,0.0,0.5,none,True,True
59261,1.0,0.0,0.5,none,True,True
59262,1.0,0.0,0.5,none,True,True
59263,1.0,0.0,0.5,none,True,True
59264,1.0,0.0,0.5,none,True,True
59265,1.0,0.0,0.5,none,True,True
59266,1.0,0.0,0.5,none,True,True
59267,1.0,0.0,0.5,none,True,True
59268,1.0,0.0,0.5,none,True,True
59269,1.0,0.0,0.5,none,True,True
59270,1.0,0.0,0.5,none,True,True
59271,1.0,0.0,0.5,none,True,True
59272,1.0,0.0,0.5,none,True,True
59273,1.0,0.0,0.5,none,True,True
59274,1.0,0.0,0.5,none,True,True
59275,1.0,0.0,0.5,none,True,True
59276,1.0,0.0,0.5,none,True,True
59277,1.0,0.0,0.5,none,True,True
59278,1.0,0.0,0.5,none,True,True
59279,1.0,0.0,0.5,none,True,True
59280,1.0,0.0,0.5,none,True,True
59281,1.0,0.0,0.5,none,True,True
59282,1.0,0.0,0.5,none,True,True
59283,1.0,0.0,0.5,none,True,True
59284,1.0,0.0,0.5,none,True,True
59285,1.0,0.0,0.5,none,True,True
59286,1.0,0.0,0.5,none,True,True
59287,1.0,0.0,0.5,none,True,True
59288,1.0,0.0,0.5,none,True,True
59289,1.0,0.0,0.5,none,True,True
59290,1.0,0.0,0.5,none,True,True
59291,1.0,0.0,0.5,none,True,True
59292,1.0,0.0,0.5,none,True,True
59293,1.0,0.0,0.5,none,True,True
59294,1.0,0.0,0.5,none,True,True
59295,1.0,0.0,0.5,none,True,True
59296,1.0,0.0,0.5,none,True,True
59297,1.0,0.0,0.5,none,True,True
59298,1.0,0.0,0.5,none,True,True
59299,1.0,0.0,0.5,none,True,True
59300,1.0,0.0,0.5,none,True,True
59301,1.0,0.0,0.5,none,True,True
59302,1.0,0.0,0.5,none,True,True
59303,1.0,0.0,0.5,none,True,True
59304,1.0,0.0,0.5,none,True,True
59305,1.0,0.0,0.5,none,True,True
59306,1.0,0.0,0.5,none,True,True
59307,1.0,0.0,0.5,none,True,True
59308,1.0,0.0,0.5,none,True,True
59309,1.0,0.0,0.5,none,True,True
59310,1.0,0.0,0.5,none,True,True
59311,1.0,0.0,0.5,none,True,True
59312,1.0,0.0,0.5,none,True,True
59313,1.0,0.0,0.5,none,True,True
59314,1.0,0.0,0.5,none,True,True
59315,1.0,0.0,0.5,none,True,True
59316,1.0,0.0,0.5,none,True,True
59317,1.0,0.0,0.5,none,True,True
59318,1.0,0.0,0.5,none,True,True
59319,1.0,0.0,0.5,none,True,True
59320,1.0,0.0,0.5,none,True,True
59321,1.0,0.0,0.5,none,True,True
59322,1.0,0.0,0.5,none,True,True
59323,1.0,0.0,0.5,none,True,True
59324,1.0,0.0,0.5,none,True,True
59325,1.0,0.0,0.5,none,True,True
59326,1.0,0.0,0.5,none,True,True
59327,1.0,0.0,0.5,none,True,True
59328,1.0,0.0,0.5,none,True,True
59329,1.0,0.0,0.5,none,True,True
59330,1.0,0.0,0.5,none,True,True
59331,1.0,0.0,0.5,none,True,True
59332,1.0,0.0,0.5,none,True,True
59333,1.0,0.0,0.5,none,True,True
59334,1.0,0.0,0.5,none,True,True
59335,1.0,0.0,0.5,none,True,True
59336,1.0,0.0,0.5,none,True,True
59337,1.0,0.0,0.5,none,True,True
59338,1.0,0.0,0.5,none,True,True
59339,1.0,0.0,0.5,none,True,True
59340,1.0,0.0,0.5,none,True,True
59341,1.0,0.0,0.5,none,True,True
59342,1.0,0.0,0.5,none,True,True
59343,1.0,0.0,0.5,none,True,True
59344,1.0,0.0,0.5,none,True,True
59345,1.0,0.0,0.5,none,True,True
59346,1.0,0.0,0.5,none,True,True
59347,1.0,0.0,0.5,none,True,True
59348,1.0,0.0,0.5,none,True,True
59349,1.0,0.0,0.5,none,True,True
59350,1.0,0.0,0.5,none,True,True
59351,1.0,0.0,0.5,none,True,True
59352,1.0,0.0,0.5,none,True,True
59353,1.0,0.0,0.5,none,True,True
59354,1.0,0.0,0.5,none,True,True
59355,1.0,0.0,0.5,none,True,True
59356,1.0,0.0,0.5,none,True,True
59357,1.0,0.0,0.5,none,True,True
59358,1.0,0.0,0.5,none,True,True
59359,1.0,0.0,0.5,none,True,True
59360,1.0,0.0,0.5,none,True,True
59361,1.0,0.0,0.5,none,True,True
59362,1.0,0.0,0.5,none,True,True
59363,1.0,0.0,0.5,none,True,True
59364,1.0,0.0,0.5,none,True,True
59365,1.0,0.0,0.5,none,True,True
59366,1.0,0.0,0.5,none,True,True
59367,1.0,0.0,0.5,none,True,True
59368,1.0,0.0,0.5,none,True,True
59369,1.0,0.0,0.5,none,True,True
59370,1.0,0.0,0.5,none,True,True
59371,1.0,0.0,0.5,none,True,True
59372,1.0,0.0,0.5,none,True,True
59373,1.0,0.0,0.5,none,True,True
59374,1.0,0.0,0.5,none,True,True
59375,1.0,0.0,0.5,none,True,True
59376,1.0,0.0,0.5,none,True,True
59377,1.0,0.0,0.5,none,True,True
59378,1.0,0.0,0.5,none,True,True
59379,1.0,0.0,0.5,none,True,True
59380,1.0,0.0,0.5,none,True,True
59381,1.0,0.0,0.5,none,True,True
59382,1.0,0.0,0.5,none,True,True
59383,1.0,0.0,0.5,none,True,True
59384,1.0,0.0,0.5,none,True,True
59385,1.0,0.0,0.5,none,True,True
59386,1.0,0.0,0.5,none,True,True
59387,1.0,0.0,0.5,none,True,True
59388,1.0,0.0,0.5,none,True,True
59389,1.0,0.0,0.5,none,True,True
59390,1.0,0.0,0.5,none,True,True
59391,1.0,0.0,0.5,none,True,True
59392,1.0,0.0,0.5,none,True,True
59393,1.0,0.0,0.5,none,True,True
59394,1.0,0.0,0.5,none,True,True
59395,1.0,0.0,0.5,none,True,True
59396,1.0,0.0,0.5,none,True,True
59397,1.0,0.0,0.5,none,True,True
59398,1.0,0.0,0.5,none,True,True
59399,1.0,0.0,0.5,none,True,True
59400,1.0,0.0,0.5,none,True,True
59401,1.0,0.0,0.5,none,True,True
59402,1.0,0.0,0.5,none,True,True
59403,1.0,0.0,0.5,none,True,True
59404,1.0,0.0,0.5,none,True,True
59405,1.0,0.0,0.5,none,True,True
59406,1.0,0.0,0.5,none,True,True
59407,1.0,0.0,0.5,none,True,True
59408,1.0,0.0,0.5,none,True,True
59409,1.0,0.0,0.5,none,True,True
59410,1.0,0.0,0.5,none,True,True
59411,1.0,0.0,0.5,none,True,True
59412,1.0,0.0,0.5,none,True,True
59413,1.0,0.0,0.5,none,True,True
59414,1.0,0.0,0.5,none,True,True
59415,1.0,0.0,0.5,none,True,True
59416,1.0,0.0,0.5,none,True,True
59417,1.0,0.0,0.5,none,True,True
59418,1.0,0.0,0.5,none,True,True
59419,1.0,0.0,0.5,none,True,True
59420,1.0,0.0,0.5,none,True,True
59421,1.0,0.0,0.5,none,True,True
59422,1.0,0.0,0.5,none,True,True
59423,1.0,0.0,0.5,none,True,True
59424,1.0,0.0,0.5,none,True,True
59425,1.0,0.0,0.5,none,True,True
59426,1.0,0.0,0.5,none,True,True
59427,1.0,0.0,0.5,none,True,True
59428,1.0,0.0,0.5,none,True,True
59429,1.0,0.0,0.5,none,True,True
59430,1.0,0.0,0.5,none,True,True
59431,1.0,0.0,0.5,none,True,True
59432,1.0,0.0,0.5,none,True,True
59433,1.0,0.0,0.5,none,True,True
59434,1.0,0.0,0.5,none,True,True
59435,1.0,0.0,0.5,none,True,True
59436,1.0,0.0,0.5,none,True,True
59437,1.0,0.0,0.5,none,True,True
59438,1.0,0.0,0.5,none,True,True
59439,1.0,0.0,0.5,none,True,True
59440,1.0,0.0,0.5,none,True,True
59441,1.0,0.0,0.5,none,True,True
59442,1.0,0.0,0.5,none,True,True
59443,1.0,0.0,0.5,none,True,True
59444,1.0,0.0,0.5,none,True,True
59445,1.0,0.0,0.5,none,True,True
59446,1.0,0.0,0.5,none,True,True
59447,1.0,0.0,0.5,none,True,True
59448,1.0,0.0,0.5,none,True,True
59449,1.0,0.0,0.5,none,True,True
59450,1.0,0.0,0.5,none,True,True
59451,1.0,0.0,0.5,none,True,True
59452,1.0,0.0,0.5,none,True,True
59453,1.0,0.0,0.5,none,True,True
59454,1.0,0.0,0.5,none,True,True
59455,1.0,0.0,0.5,none,True,True
59456,1.0,0.0,0.5,none,True,True
59457,1.0,0.0,0.5,none,True,True
59458,1.0,0.0,0.5,none,True,True
59459,1.0,0.0,0.5,none,True,True
59460,1.0,0.0,0.5,none,True,True
59461,1.0,0.0,0.5,none,True,True
59462,1.0,0.0,0.5,none,True,True
59463,1.0,0.0,0.5,none,True,True
59464,1.0,0.0,0.5,none,True,True
59465,1.0,0.0,0.5,none,True,True
59466,1.0,0.0,0.5,none,True,True
59467,1.0,0.0,0.5,none,True,True
59468,1.0,0.0,0.5,none,True,True
59469,1.0,0.0,0.5,none,True,True
59470,1.0,0.0,0.5,none,True,True
59471,1.0,0.0,0.5,none,True,True
59472,1.0,0.0,0.5,none,True,True
59473,1.0,0.0,0.5,none,True,True
59474,1.0,0.0,0.5,none,True,True
59475,1.0,0.0,0.5,none,True,True
59476,1.0,0.0,0.5,none,True,True
59477,1.0,0.0,0.5,none,True,True
59478,1.0,0.0,0.5,none,True,True
59479,1.0,0.0,0.5,none,True,True
59480,1.0,0.0,0.5,none,True,True
59481,1.0,0.0,0.5,none,True,True
59482,1.0,0.0,0.5,none,True,True
59483,1.0,0.0,0.5,none,True,True
59484,1.0,0.0,0.5,none,True,True
59485,1.0,0.0,0.5,none,True,True
59486,1.0,0.0,0.5,none,True,True
59487,1.0,0.0,0.5,none,True,True
59488,1.0,0.0,0.5,none,True,True
59489,1.0,0.0,0.5,none,True,True
59490,1.0,0.0,0.5,none,True,True
59491,1.0,0.0,0.5,none,True,True
59492,1.0,0.0,0.5,none,True,True
59493,1.0,0.0,0.5,none,True,True
59494,1.0,0.0,0.5,none,True,True
59495,1.0,0.0,0.5,none,True,True
59496,1.0,0.0,0.5,none,True,True
59497,1.0,0.0,0.5,none,True,True
59498,1.0,0.0,0.5,none,True,True
59499,1.0,0.0,0.5,none,True,True
59500,1.0,0.0061,0.5,none,True,True
59501,1.0,0.0357,0.5,none,True,True
59502,1.0,0.0812,0.5,none,True,True
59503,1.0,0.1113,0.5,none,True,True
59504,1.0,0.1253,0.5,none,True,True
59505,1.0,0.1408,0.5,none,True,True
59506,1.0,0.0907,0.5,none,True,True
59507,1.0,0.1198,0.5,none,True,True
59508,1.0,0.0467,0.5,none,True,True
59509,1.0,0.0522,0.5,none,True,True
59510,1.0,0.0405,0.5,none,True,True
59511,1.0,0.0313,0.5,none,True,True
59512,1.0,0.0083,0.5,none,True,True
59513,1.0,0.0726,0.5,none,True,True
59514,1.0,0.0793,0.5,none,True,True
59515,1.0,0.0581,0.5,none,True,True
59516,1.0,0.0955,0.5,none,True,True
59517,1.0,0.0839,0.5,none,True,True
59518,1.0,0.0648,0.5,none,True,True
59519,1.0,0.0718,0.5,none,True,True
59520,1.0,0.0589,0.5,none,True,True
59521,1.0,0.0403,0.5,none,True,True
59522,1.0,0.0327,0.5,none,True,True
59523,1.0,0.0277,0.5,none,True,True
59524,1.0,0.017,0.5,none,True,True
59525,1.0,0.0102,0.5,none,True,True
59526,1.0,0.0099,0.5,none,True,True
59527,1.0,0.008,0.5,none,True,True
59528,1.0,0.005,0.5,none,True,True
59529,1.0,0.0063,0.5,none,True,True
59530,1.0,0.009,0.5,none,True,True
59531,1.0,0.0096,0.5,none,True,True
59532,1.0,0.0108,0.5,none,True,True
59533,1.0,0.014,0.5,none,True,True
59534,1.0,0.0161,0.5,none,True,True
59535,1.0,0.0167,0.5,none,True,True
59536,1.0,0.0182,0.5,none,True,True
59537,1.0,0.0196,0.5,none,True,True
59538,1.0,0.0197,0.5,none,True,True
59539,1.0,0.0193,0.5,none,True,True
59540,1.0,0.0193,0.5,none,True,True
59541,1.0,0.0187,0.5,none,True,True
59542,1.0,0.0174,0.5,none,True,True
59543,1.0,0.0163,0.5,none,True,True
59544,1.0,0.0152,0.5,none,True,True
59545,1.0,0.0138,0.5,none,True,True
59546,1.0,0.0123,0.5,none,True,True
59547,1.0,0.0111,0.5,none,True,True
59548,1.0,0.01,0.5,none,True,True
59549,1.0,0.0088,0.5,none,True,True
59550,1.0,0.0078,0.5,none,True,True
59551,1.0,0.0071,0.5,none,True,True
59552,1.0,0.0064,0.5,none,True,True
59553,1.0,0.0057,0.5,none,True,True
59554,1.0,0.0053,0.5,none,True,True
59555,1.0,0.005,0.5,none,True,True
59556,1.0,0.0047,0.5,none,True,True
59557,1.0,0.0045,0.5,none,True,True
59558,1.0,0.0044,0.5,none,True,True
59559,1.0,0.0043,0.5,none,True,True
59560,1.0,0.0042,0.5,none,True,True
59561,1.0,0.0041,0.5,none,True,True
59562,1.0,0.004,0.5,none,True,True
59563,1.0,0.0039,0.5,none,True,True
59564,1.0,0.0038,0.5,none,True,True
59565,1.0,0.0037,0.5,none,True,True
59566,1.0,0.0035,0.5,none,True,True
59567,1.0,0.0033,0.5,none,True,True
59568,1.0,0.0032,0.5,none,True,True
59569,1.0,0.003,0.5,none,True,True
59570,1.0,0.0028,0.5,none,True,True
59571,1.0,0.0026,0.5,none,True,True
59572,1.0,0.0024,0.5,none,True,True
59573,1.0,0.0023,0.5,none,True,True
59574,1.0,0.0021,0.5,none,True,True
59575,1.0,0.0019,0.5,none,True,True
59576,1.0,0.0018,0.5,none,True,True
59577,1.0,0.0017,0.5,none,True,True
59578,1.0,0.0015,0.5,none,True,True
59579,1.0,0.0014,0.5,none,True,True
59580,1.0,0.0013,0.5,none,True,True
59581,1.0,0.0013,0.5,none,True,True
59582,1.0,0.0012,0.5,none,True,True
59583,1.0,0.0011,0.5,none,True,True
59584,1.0,0.0011,0.5,none,True,True
59585,1.0,0.001,0.5,none,True,True
59586,1.0,0.001,0.5,none,True,True
59587,1.0,0.0009,0.5,none,True,True
59588,1.0,0.0009,0.5,none,True,True
59589,1.0,0.0008,0.5,none,True,True
59590,1.0,0.0008,0.5,none,True,True
59591,1.0,0.0008,0.5,none,True,True
59592,1.0,0.0007,0.5,none,True,True
59593,1.0,0.0007,0.5,none,True,True
59594,1.0,0.0006,0.5,none,True,True
59595,1.0,0.0006,0.5,none,True,True
59596,1.0,0.0006,0.5,none,True,True
59597,1.0,0.0005,0.5,none,True,True
59598,1.0,0.0005,0.5,none,True,True
59599,1.0,0.0005,0.5,none,True,True
59600,1.0,0.0004,0.5,none,True,True
59601,1.0,0.0004,0.5,none,True,True
59602,1.0,0.0004,0.5,none,True,True
59603,1.0,0.0004,0.5,none,True,True
59604,1.0,0.0003,0.5,none,True,True
59605,1.0,0.0003,0.5,none,True,True
59606,1.0,0.0003,0.5,none,True,True
59607,1.0,0.0003,0.5,none,True,True
59608,1.0,0.0003,0.5,none,True,True
59609,1.0,0.0003,0.5,none,True,True
59610,1.0,0.0002,0.5,none,True,True
59611,1.0,0.0002,0.5,none,True,True
59612,1.0,0.0002,0.5,none,True,True
59613,1.0,0.0002,0.5,none,True,True
59614,1.0,0.0002,0.5,none,True,True
59615,1.0,0.0002,0.5,none,True,True
59616,1.0,0.0002,0.5,none,True,True
59617,1.0,0.0002,0.5,none,True,True
59618,1.0,0.0002,0.5,none,True,True
59619,1.0,0.0001,0.5,none,True,True
59620,1.0,0.0001,0.5,none,True,True
59621,1.0,0.0001,0.5,none,True,True
59622,1.0,0.0001,0.5,none,True,True
59623,1.0,0.0001,0.5,none,True,True
59624,1.0,0.0001,0.5,none,True,True
59625,1.0,0.0001,0.5,none,True,True
59626,1.0,0.0001,0.5,none,True,True
59627,1.0,0.0001,0.5,none,True,True
59628,1.0,0.0001,0.5,none,True,True
59629,1.0,0.0001,0.5,none,True,True
59630,1.0,0.0001,0.5,none,True,True
59631,1.0,0.0001,0.5,none,True,True
59632,1.0,0.0001,0.5,none,True,True
59633,1.0,0.0001,0.5,none,True,True
59634,1.0,0.0001,0.5,none,True,True
59635,1.0,0.0001,0.5,none,True,True
59636,1.0,0.0001,0.5,none,True,True
59637,1.0,0.0,0.5,none,True,True
59638,1.0,0.0,0.5,none,True,True
59639,1.0,0.0,0.5,none,True,True
59640,1.0,0.0,0.5,none,True,True
59641,1.0,0.0,0.5,none,True,True
59642,1.0,0.0,0.5,none,True,True
59643,1.0,0.0,0.5,none,True,True
59644,1.0,0.0,0.5,none,True,True
59645,1.0,0.0,0.5,none,True,True
59646,1.0,0.0,0.5,none,True,True
59647,1.0,0.0,0.5,none,True,True
59648,1.0,0.0,0.5,none,True,True
59649,1.0,0.0,0.5,none,True,True
59650,1.0,0.0,0.5,none,True,True
59651,1.0,0.0,0.5,none,True,True
59652,1.0,0.0,0.5,none,True,True
59653,1.0,0.0,0.5,none,True,True
59654,1.0,0.0,0.5,none,True,True
59655,1.0,0.0,0.5,none,True,True
59656,1.0,0.0,0.5,none,True,True
59657,1.0,0.0,0.5,none,True,True
59658,1.0,0.0,0.5,none,True,True
59659,1.0,0.0,0.5,none,True,True
59660,1.0,0.0,0.5,none,True,True
59661,1.0,0.0,0.5,none,True,True
59662,1.0,0.0,0.5,none,True,True
59663,1.0,0.0,0.5,none,True,True
59664,1.0,0.0,0.5,none,True,True
59665,1.0,0.0,0.5,none,True,True
59666,1.0,0.0,0.5,none,True,True
59667,1.0,0.0,0.5,none,True,True
59668,1.0,0.0,0.5,none,True,True
59669,1.0,0.0,0.5,none,True,True
59670,1.0,0.0,0.5,none,True,True
59671,1.0,0.0,0.5,none,True,True
59672,1.0,0.0,0.5,none,True,True
59673,1.0,0.0,0.5,none,True,True
59674,1.0,0.0,0.5,none,True,True
59675,1.0,0.0,0.5,none,True,True
59676,1.0,0.0,0.5,none,True,True
59677,1.0,0.0,0.5,none,True,True
59678,1.0,0.0,0.5,none,True,True
59679,1.0,0.0,0.5,none,True,True
59680,1.0,0.0,0.5,none,True,True
59681,1.0,0.0,0.5,none,True,True
59682,1.0,0.0,0.5,none,True,True
59683,1.0,0.0,0.5,none,True,True
59684,1.0,0.0,0.5,none,True,True
59685,1.0,0.0,0.5,none,True,True
59686,1.0,0.0,0.5,none,True,True
59687,1.0,0.0,0.5,none,True,True
59688,1.0,0.0,0.5,none,True,True
59689,1.0,0.0,0.5,none,True,True
59690,1.0,0.0,0.5,none,True,True
59691,1.0,0.0,0.5,none,True,True
59692,1.0,0.0,0.5,none,True,True
59693,1.0,0.0,0.5,none,True,True
59694,1.0,0.0,0.5,none,True,True
59695,1.0,0.0,0.5,none,True,True
59696,1.0,0.0,0.5,none,True,True
59697,1.0,0.0,0.5,none,True,True
59698,1.0,0.0,0.5,none,True,True
59699,1.0,0.0,0.5,none,True,True
59700,1.0,0.0,0.5,none,True,True
59701,1.0,0.0,0.5,none,True,True
59702,1.0,0.0,0.5,none,True,True
59703,1.0,0.0,0.5,none,True,True
59704,1.0,0.0,0.5,none,True,True
59705,1.0,0.0,0.5,none,True,True
59706,1.0,0.0,0.5,none,True,True
59707,1.0,0.0,0.5,none,True,True
59708,1.0,0.0,0.5,none,True,True
59709,1.0,0.0,0.5,none,True,True
59710,1.0,0.0,0.5,none,True,True
59711,1.0,0.0,0.5,none,True,True
59712,1.0,0.0,0.5,none,True,True
59713,1.0,0.0,0.5,none,True,True
59714,1.0,0.0,0.5,none,True,True
59715,1.0,0.0,0.5,none,True,True
59716,1.0,0.0,0.5,none,True,True
59717,1.0,0.0,0.5,none,True,True
59718,1.0,0.0,0.5,none,True,True
59719,1.0,0.0,0.5,none,True,True
59720,1.0,0.0,0.5,none,True,True
59721,1.0,0.0,0.5,none,True,True
59722,1.0,0.0,0.5,none,True,True
59723,1.0,0.0,0.5,none,True,True
59724,1.0,0.0,0.5,none,True,True
59725,1.0,0.0,0.5,none,True,True
59726,1.0,0.0,0.5,none,True,True
59727,1.0,0.0,0.5,none,True,True
59728,1.0,0.0,0.5,none,True,True
59729,1.0,0.0,0.5,none,True,True
59730,1.0,0.0,0.5,none,True,True
59731,1.0,0.0,0.5,none,True,True
59732,1.0,0.0,0.5,none,True,True
59733,1.0,0.0,0.5,none,True,True
59734,1.0,0.0,0.5,none,True,True
59735,1.0,0.0,0.5,none,True,True
59736,1.0,0.0,0.5,none,True,True
59737,1.0,0.0,0.5,none,True,True
59738,1.0,0.0,0.5,none,True,True
59739,1.0,0.0,0.5,none,True,True
59740,1.0,0.0,0.5,none,True,True
59741,1.0,0.0,0.5,none,True,True
59742,1.0,0.0,0.5,none,True,True
59743,1.0,0.0,0.5,none,True,True
59744,1.0,0.0,0.5,none,True,True
59745,1.0,0.0,0.5,none,True,True
59746,1.0,0.0,0.5,none,True,True
59747,1.0,0.0,0.5,none,True,True
59748,1.0,0.0,0.5,none,True,True
59749,1.0,0.0,0.5,none,True,True
59750,1.0,0.0,0.5,none,True,True
59751,1.0,0.0,0.5,none,True,True
59752,1.0,0.0,0.5,none,True,True
59753,1.0,0.0,0.5,none,True,True
59754,1.0,0.0,0.5,none,True,True
59755,1.0,0.0,0.5,none,True,True
59756,1.0,0.0,0.5,none,True,True
59757,1.0,0.0,0.5,none,True,True
59758,1.0,0.0,0.5,none,True,True
59759,1.0,0.0,0.5,none,True,True
59760,1.0,0.0,0.5,none,True,True
59761,1.0,0.0,0.5,none,True,True
59762,1.0,0.0,0.5,none,True,True
59763,1.0,0.0,0.5,none,True,True
59764,1.0,0.0,0.5,none,True,True
59765,1.0,0.0,0.5,none,True,True
59766,1.0,0.0,0.5,none,True,True
59767,1.0,0.0,0.5,none,True,True
59768,1.0,0.0,0.5,none,True,True
59769,1.0,0.0,0.5,none,True,True
59770,1.0,0.0,0.5,none,True,True
59771,1.0,0.0,0.5,none,True,True
59772,1.0,0.0,0.5,none,True,True
59773,1.0,0.0,0.5,none,True,True
59774,1.0,0.0,0.5,none,True,True
59775,1.0,0.0,0.5,none,True,True
59776,1.0,0.0,0.5,none,True,True
59777,1.0,0.0,0.5,none,True,True
59778,1.0,0.0,0.5,none,True,True
59779,1.0,0.0,0.5,none,True,True
59780,1.0,0.0,0.5,none,True,True
59781,1.0,0.0,0.5,none,True,True
59782,1.0,0.0,0.5,none,True,True
59783,1.0,0.0,0.5,none,True,True
59784,1.0,0.0,0.5,none,True,True
59785,1.0,0.0,0.5,none,True,True
59786,1.0,0.0,0.5,none,True,True
59787,1.0,0.0,0.5,none,True,True
59788,1.0,0.0,0.5,none,True,True
59789,1.0,0.0,0.5,none,True,True
59790,1.0,0.0,0.5,none,True,True
59791,1.0,0.0,0.5,none,True,True
59792,1.0,0.0,0.5,none,True,True
59793,1.0,0.0,0.5,none,True,True
59794,1.0,0.0,0.5,none,True,True
59795,1.0,0.0,0.5,none,True,True
59796,1.0,0.0,0.5,none,True,True
59797,1.0,0.0,0.5,none,True,True
59798,1.0,0.0,0.5,none,True,True
59799,1.0,0.0,0.5,none,True,True
59800,1.0,0.0,0.5,none,True,True
59801,1.0,0.0,0.5,none,True,True
59802,1.0,0.0,0.5,none,True,True
59803,1.0,0.0,0.5,none,True,True
59804,1.0,0.0,0.5,none,True,True
59805,1.0,0.0,0.5,none,True,True
59806,1.0,0.0,0.5,none,True,True
59807,1.0,0.0,0.5,none,True,True
59808,1.0,0.0,0.5,none,True,True
59809,1.0,0.0,0.5,none,True,True
59810,1.0,0.0,0.5,none,True,True
59811,1.0,0.0,0.5,none,True,True
59812,1.0,0.0,0.5,none,True,True
59813,1.0,0.0,0.5,none,True,True
59814,1.0,0.0,0.5,none,True,True
59815,1.0,0.0,0.5,none,True,True
59816,1.0,0.0,0.5,none,True,True
59817,1.0,0.0,0.5,none,True,True
59818,1.0,0.0,0.5,none,True,True
59819,1.0,0.0,0.5,none,True,True
59820,1.0,0.0,0.5,none,True,True
59821,1.0,0.0,0.5,none,True,True
59822,1.0,0.0,0.5,none,True,True
59823,1.0,0.0,0.5,none,True,True
59824,1.0,0.0,0.5,none,True,True
59825,1.0,0.0,0.5,none,True,True
59826,1.0,0.0,0.5,none,True,True
59827,1.0,0.0,0.5,none,True,True
59828,1.0,0.0,0.5,none,True,True
59829,1.0,0.0,0.5,none,True,True
59830,1.0,0.0,0.5,none,True,True
59831,1.0,0.0,0.5,none,True,True
59832,1.0,0.0,0.5,none,True,True
59833,1.0,0.0,0.5,none,True,True
59834,1.0,0.0,0.5,none,True,True
59835,1.0,0.0,0.5,none,True,True
59836,1.0,0.0,0.5,none,True,True
59837,1.0,0.0,0.5,none,True,True
59838,1.0,0.0,0.5,none,True,True
59839,1.0,0.0,0.5,none,True,True
59840,1.0,0.0,0.5,none,True,True
59841,1.0,0.0,0.5,none,True,True
59842,1.0,0.0,0.5,none,True,True
59843,1.0,0.0,0.5,none,True,True
59844,1.0,0.0,0.5,none,True,True
59845,1.0,0.0,0.5,none,True,True
59846,1.0,0.0,0.5,none,True,True
59847,1.0,0.0,0.5,none,True,True
59848,1.0,0.0,0.5,none,True,True
59849,1.0,0.0,0.5,none,True,True
59850,1.0,0.0,0.5,none,True,True
59851,1.0,0.0,0.5,none,True,True
59852,1.0,0.0,0.5,none,True,True
59853,1.0,0.0,0.5,none,True,True
59854,1.0,0.0,0.5,none,True,True
59855,1.0,0.0,0.5,none,True,True
59856,1.0,0.0,0.5,none,True,True
59857,1.0,0.0,0.5,none,True,True
59858,1.0,0.0,0.5,none,True,True
59859,1.0,0.0,0.5,none,True,True
59860,1.0,0.0,0.5,none,True,True
59861,1.0,0.0,0.5,none,True,True
59862,1.0,0.0,0.5,none,True,True
59863,1.0,0.0,0.5,none,True,True
59864,1.0,0.0,0.5,none,True,True
59865,1.0,0.0,0.5,none,True,True
59866,1.0,0.0,0.5,none,True,True
59867,1.0,0.0,0.5,none,True,True
59868,1.0,0.0,0.5,none,True,True
59869,1.0,0.0,0.5,none,True,True
59870,1.0,0.0,0.5,none,True,True
59871,1.0,0.0,0.5,none,True,True
59872,1.0,0.0,0.5,none,True,True
59873,1.0,0.0,0.5,none,True,True
59874,1.0,0.0,0.5,none,True,True
59875,1.0,0.0,0.5,none,True,True
59876,1.0,0.0,0.5,none,True,True
59877,1.0,0.0,0.5,none,True,True
59878,1.0,0.0,0.5,none,True,True
59879,1.0,0.0,0.5,none,True,True
59880,1.0,0.0,0.5,none,True,True
59881,1.0,0.0,0.5,none,True,True
59882,1.0,0.0,0.5,none,True,True
59883,1.0,0.0,0.5,none,True,True
59884,1.0,0.0,0.5,none,True,True
59885,1.0,0.0,0.5,none,True,True
59886,1.0,0.0,0.5,none,True,True
59887,1.0,0.0,0.5,none,True,True
59888,1.0,0.0,0.5,none,True,True
59889,1.0,0.0,0.5,none,True,True
59890,1.0,0.0,0.5,none,True,True
59891,1.0,0.0,0.5,none,True,True
59892,1.0,0.0,0.5,none,True,True
59893,1.0,0.0,0.5,none,True,True
59894,1.0,0.0,0.5,none,True,True
59895,1.0,0.0,0.5,none,True,True
59896,1.0,0.0,0.5,none,True,True
59897,1.0,0.0,0.5,none,True,True
59898,1.0,0.0,0.5,none,True,True
59899,1.0,0.0,0.5,none,True,True
59900,1.0,0.0,0.5,none,True,True
59901,1.0,0.0,0.5,none,True,True
59902,1.0,0.0,0.5,none,True,True
59903,1.0,0.0,0.5,none,True,True
59904,1.0,0.0,0.5,none,True,True
59905,1.0,0.0,0.5,none,True,True
59906,1.0,0.0,0.5,none,True,True
59907,1.0,0.0,0.5,none,True,True
59908,1.0,0.0,0.5,none,True,True
59909,1.0,0.0,0.5,none,True,True
59910,1.0,0.0,0.5,none,True,True
59911,1.0,0.0,0.5,none,True,True
59912,1.0,0.0,0.5,none,True,True
59913,1.0,0.0,0.5,none,True,True
59914,1.0,0.0,0.5,none,True,True
59915,1.0,0.0,0.5,none,True,True
59916,1.0,0.0,0.5,none,True,True
59917,1.0,0.0,0.5,none,True,True
59918,1.0,0.0,0.5,none,True,True
59919,1.0,0.0,0.5,none,True,True
59920,1.0,0.0,0.5,none,True,True
59921,1.0,0.0,0.5,none,True,True
59922,1.0,0.0,0.5,none,True,True
59923,1.0,0.0,0.5,none,True,True
59924,1.0,0.0,0.5,none,True,True
59925,1.0,0.0,0.5,none,True,True
59926,1.0,0.0,0.5,none,True,True
59927,1.0,0.0,0.5,none,True,True
59928,1.0,0.0,0.5,none,True,True
59929,1.0,0.0,0.5,none,True,True
59930,1.0,0.0,0.5,none,True,True
59931,1.0,0.0,0.5,none,True,True
59932,1.0,0.0,0.5,none,True,True
59933,1.0,0.0,0.5,none,True,True
59934,1.0,0.0,0.5,none,True,True
59935,1.0,0.0,0.5,none,True,True
59936,1.0,0.0,0.5,none,True,True
59937,1.0,0.0,0.5,none,True,True
59938,1.0,0.0,0.5,none,True,True
59939,1.0,0.0,0.5,none,True,True
59940,1.0,0.0,0.5,none,True,True
59941,1.0,0.0,0.5,none,True,True
59942,1.0,0.0,0.5,none,True,True
59943,1.0,0.0,0.5,none,True,True
59944,1.0,0.0,0.5,none,True,True
59945,1.0,0.0,0.5,none,True,True
59946,1.0,0.0,0.5,none,True,True
59947,1.0,0.0,0.5,none,True,True
59948,1.0,0.0,0.5,none,True,True
59949,1.0,0.0,0.5,none,True,True
59950,1.0,0.0,0.5,none,True,True
59951,1.0,0.0,0.5,none,True,True
59952,1.0,0.0,0.5,none,True,True
59953,1.0,0.0,0.5,none,True,True
59954,1.0,0.0,0.5,none,True,True
59955,1.0,0.0,0.5,none,True,True
59956,1.0,0.0,0.5,none,True,True
59957,1.0,0.0,0.5,none,True,True
59958,1.0,0.0,0.5,none,True,True
59959,1.0,0.0,0.5,none,True,True
59960,1.0,0.0,0.5,none,True,True
59961,1.0,0.0,0.5,none,True,True
59962,1.0,0.0,0.5,none,True,True
59963,1.0,0.0,0.5,none,True,True
59964,1.0,0.0,0.5,none,True,True
59965,1.0,0.0,0.5,none,True,True
59966,1.0,0.0,0.5,none,True,True
59967,1.0,0.0,0.5,none,True,True
59968,1.0,0.0,0.5,none,True,True
59969,1.0,0.0,0.5,none,True,True
59970,1.0,0.0,0.5,none,True,True
59971,1.0,0.0,0.5,none,True,True
59972,1.0,0.0,0.5,none,True,True
59973,1.0,0.0,0.5,none,True,True
59974,1.0,0.0,0.5,none,True,True
59975,1.0,0.0,0.5,none,True,True
59976,1.0,0.0,0.5,none,True,True
59977,1.0,0.0,0.5,none,True,True
59978,1.0,0.0,0.5,none,True,True
59979,1.0,0.0,0.5,none,True,True
59980,1.0,0.0,0.5,none,True,True
59981,1.0,0.0,0.5,none,True,True
59982,1.0,0.0,0.5,none,True,True
59983,1.0,0.0,0.5,none,True,True
59984,1.0,0.0,0.5,none,True,True
59985,1.0,0.0,0.5,none,True,True
59986,1.0,0.0,0.5,none,True,True
59987,1.0,0.0,0.5,none,True,True
59988,1.0,0.0,0.5,none,True,True
59989,1.0,0.0,0.5,none,True,True
59990,1.0,0.0,0.5,none,True,True
59991,1.0,0.0,0.5,none,True,True
59992,1.0,0.0,0.5,none,True,True
59993,1.0,0.0,0.5,none,True,True
59994,1.0,0.0,0.5,none,True,True
59995,1.0,0.0,0.5,none,True,True
59996,1.0,0.0,0.5,none,True,True
59997,1.0,0.0,0.5,none,True,True
59998,1.0,0.0,0.5,none,True,True
59999,1.0,0.0,0.5,none,True,True
60000,1.0,0.0,0.5,none,True,True
60001,1.0,0.0,0.5,none,True,True
60002,1.0,0.0,0.5,none,True,True
60003,1.0,0.0,0.5,none,True,True
60004,1.0,0.0,0.5,none,True,True
60005,1.0,0.0,0.5,none,True,True
60006,1.0,0.0,0.5,none,True,True
60007,1.0,0.0,0.5,none,True,True
60008,1.0,0.0,0.5,none,True,True
60009,1.0,0.0,0.5,none,True,True
60010,1.0,0.0,0.5,none,True,True
60011,1.0,0.0,0.5,none,True,True
60012,1.0,0.0,0.5,none,True,True
60013,1.0,0.0,0.5,none,True,True
60014,1.0,0.0,0.5,none,True,True
60015,1.0,0.0,0.5,none,True,True
60016,1.0,0.0,0.5,none,True,True
60017,1.0,0.0,0.5,none,True,True
60018,1.0,0.0,0.5,none,True,True
60019,1.0,0.0,0.5,none,True,True
60020,1.0,0.0,0.5,none,True,True
60021,1.0,0.0,0.5,none,True,True
60022,1.0,0.0,0.5,none,True,True
60023,1.0,0.0,0.5,none,True,True
60024,1.0,0.0,0.5,none,True,True
60025,1.0,0.0,0.5,none,True,True
60026,1.0,0.0,0.5,none,True,True
60027,1.0,0.0,0.5,none,True,True
60028,1.0,0.0,0.5,none,True,True
60029,1.0,0.0,0.5,none,True,True
60030,1.0,0.0,0.5,none,True,True
60031,1.0,0.0,0.5,none,True,True
60032,1.0,0.0,0.5,none,True,True
60033,1.0,0.0,0.5,none,True,True
60034,1.0,0.0,0.5,none,True,True
60035,1.0,0.0,0.5,none,True,True
60036,1.0,0.0,0.5,none,True,True
60037,1.0,0.0,0.5,none,True,True
60038,1.0,0.0,0.5,none,True,True
60039,1.0,0.0,0.5,none,True,True
60040,1.0,0.0,0.5,none,True,True
60041,1.0,0.0,0.5,none,True,True
60042,1.0,0.0,0.5,none,True,True
60043,1.0,0.0,0.5,none,True,True
60044,1.0,0.0,0.5,none,True,True
60045,1.0,0.0,0.5,none,True,True
60046,1.0,0.0,0.5,none,True,True
60047,1.0,0.0,0.5,none,True,True
60048,1.0,0.0,0.5,none,True,True
60049,1.0,0.0,0.5,none,True,True
60050,1.0,0.0,0.5,none,True,True
60051,1.0,0.0,0.5,none,True,True
60052,1.0,0.0,0.5,none,True,True
60053,1.0,0.0,0.5,none,True,True
60054,1.0,0.0,0.5,none,True,True
60055,1.0,0.0,0.5,none,True,True
60056,1.0,0.0,0.5,none,True,True
60057,1.0,0.0,0.5,none,True,True
60058,1.0,0.0,0.5,none,True,True
60059,1.0,0.0,0.5,none,True,True
60060,1.0,0.0,0.5,none,True,True
60061,1.0,0.0,0.5,none,True,True
60062,1.0,0.0,0.5,none,True,True
60063,1.0,0.0,0.5,none,True,True
60064,1.0,0.0,0.5,none,True,True
60065,1.0,0.0,0.5,none,True,True
60066,1.0,0.0,0.5,none,True,True
60067,1.0,0.0,0.5,none,True,True
60068,1.0,0.0,0.5,none,True,True
60069,1.0,0.0,0.5,none,True,True
60070,1.0,0.0,0.5,none,True,True
60071,1.0,0.0,0.5,none,True,True
60072,1.0,0.0,0.5,none,True,True
60073,1.0,0.0,0.5,none,True,True
60074,1.0,0.0,0.5,none,True,True
60075,1.0,0.0,0.5,none,True,True
60076,1.0,0.0,0.5,none,True,True
60077,1.0,0.0,0.5,none,True,True
60078,1.0,0.0,0.5,none,True,True
60079,1.0,0.0,0.5,none,True,True
60080,1.0,0.0,0.5,none,True,True
60081,1.0,0.0,0.5,none,True,True
60082,1.0,0.0,0.5,none,True,True
60083,1.0,0.0,0.5,none,True,True
60084,1.0,0.0,0.5,none,True,True
60085,1.0,0.0,0.5,none,True,True
60086,1.0,0.0,0.5,none,True,True
60087,1.0,0.0,0.5,none,True,True
60088,1.0,0.0,0.5,none,True,True
60089,1.0,0.0,0.5,none,True,True
60090,1.0,0.0,0.5,none,True,True
60091,1.0,0.0,0.5,none,True,True
60092,1.0,0.0,0.5,none,True,True
60093,1.0,0.0,0.5,none,True,True
60094,1.0,0.0,0.5,none,True,True
60095,1.0,0.0,0.5,none,True,True
60096,1.0,0.0,0.5,none,True,True
60097,1.0,0.0,0.5,none,True,True
60098,1.0,0.0,0.5,none,True,True
60099,1.0,0.0,0.5,none,True,True
60100,1.0,0.0,0.5,none,True,True
60101,1.0,0.0,0.5,none,True,True
60102,1.0,0.0,0.5,none,True,True
60103,1.0,0.0,0.5,none,True,True
60104,1.0,0.0,0.5,none,True,True
60105,1.0,0.0,0.5,none,True,True
60106,1.0,0.0,0.5,none,True,True
60107,1.0,0.0,0.5,none,True,True
60108,1.0,0.0,0.5,none,True,True
60109,1.0,0.0,0.5,none,True,True
60110,1.0,0.0,0.5,none,True,True
60111,1.0,0.0,0.5,none,True,True
60112,1.0,0.0,0.5,none,True,True
60113,1.0,0.0,0.5,none,True,True
60114,1.0,0.0,0.5,none,True,True
60115,1.0,0.0,0.5,none,True,True
60116,1.0,0.0,0.5,none,True,True
60117,1.0,0.0,0.5,none,True,True
60118,1.0,0.0,0.5,none,True,True
60119,1.0,0.0,0.5,none,True,True
60120,1.0,0.0,0.5,none,True,True
60121,1.0,0.0,0.5,none,True,True
60122,1.0,0.0,0.5,none,True,True
60123,1.0,0.0,0.5,none,True,True
60124,1.0,0.0,0.5,none,True,True
60125,1.0,0.0,0.5,none,True,True
60126,1.0,0.0,0.5,none,True,True
60127,1.0,0.0,0.5,none,True,True
60128,1.0,0.0,0.5,none,True,True
60129,1.0,0.0,0.5,none,True,True
60130,1.0,0.0,0.5,none,True,True
60131,1.0,0.0,0.5,none,True,True
60132,1.0,0.0,0.5,none,True,True
60133,1.0,0.0,0.5,none,True,True
60134,1.0,0.0,0.5,none,True,True
60135,1.0,0.0,0.5,none,True,True
60136,1.0,0.0,0.5,none,True,True
60137,1.0,0.0,0.5,none,True,True
60138,1.0,0.0,0.5,none,True,True
60139,1.0,0.0,0.5,none,True,True
60140,1.0,0.0,0.5,none,True,True
60141,1.0,0.0,0.5,none,True,True
60142,1.0,0.0,0.5,none,True,True
60143,1.0,0.0,0.5,none,True,True
60144,1.0,0.0,0.5,none,True,True
60145,1.0,0.0,0.5,none,True,True
60146,1.0,0.0,0.5,none,True,True
60147,1.0,0.0,0.5,none,True,True
60148,1.0,0.0,0.5,none,True,True
60149,1.0,0.0,0.5,none,True,True
60150,1.0,0.0,0.5,none,True,True
60151,1.0,0.0,0.5,none,True,True
60152,1.0,0.0,0.5,none,True,True
60153,1.0,0.0,0.5,none,True,True
60154,1.0,0.0,0.5,none,True,True
60155,1.0,0.0,0.5,none,True,True
60156,1.0,0.0,0.5,none,True,True
60157,1.0,0.0,0.5,none,True,True
60158,1.0,0.0,0.5,none,True,True
60159,1.0,0.0,0.5,none,True,True
60160,1.0,0.0,0.5,none,True,True
60161,1.0,0.0,0.5,none,True,True
60162,1.0,0.0,0.5,none,True,True
60163,1.0,0.0,0.5,none,True,True
60164,1.0,0.0,0.5,none,True,True
60165,1.0,0.0,0.5,none,True,True
60166,1.0,0.0,0.5,none,True,True
60167,1.0,0.0,0.5,none,True,True
60168,1.0,0.0,0.5,none,True,True
60169,1.0,0.0,0.5,none,True,True
60170,1.0,0.0,0.5,none,True,True
60171,1.0,0.0,0.5,none,True,True
60172,1.0,0.0,0.5,none,True,True
60173,1.0,0.0,0.5,none,True,True
60174,1.0,0.0,0.5,none,True,True
60175,1.0,0.0,0.5,none,True,True
60176,1.0,0.0,0.5,none,True,True
60177,1.0,0.0,0.5,none,True,True
60178,1.0,0.0,0.5,none,True,True
60179,1.0,0.0,0.5,none,True,True
60180,1.0,0.0,0.5,none,True,True
60181,1.0,0.0,0.5,none,True,True
60182,1.0,0.0,0.5,none,True,True
60183,1.0,0.0,0.5,none,True,True
60184,1.0,0.0,0.5,none,True,True
60185,1.0,0.0,0.5,none,True,True
60186,1.0,0.0,0.5,none,True,True
60187,1.0,0.0,0.5,none,True,True
60188,1.0,0.0,0.5,none,True,True
60189,1.0,0.0,0.5,none,True,True
60190,1.0,0.0,0.5,none,True,True
60191,1.0,0.0,0.5,none,True,True
60192,1.0,0.0,0.5,none,True,True
60193,1.0,0.0,0.5,none,True,True
60194,1.0,0.0,0.5,none,True,True
60195,1.0,0.0,0.5,none,True,True
60196,1.0,0.0,0.5,none,True,True
60197,1.0,0.0,0.5,none,True,True
60198,1.0,0.0,0.5,none,True,True
60199,1.0,0.0,0.5,none,True,True
60200,1.0,0.0061,0.5,none,True,True
60201,1.0,0.0357,0.5,none,True,True
60202,1.0,0.0812,0.5,none,True,True
60203,1.0,0.1113,0.5,none,True,True
60204,1.0,0.1253,0.5,none,True,True
60205,1.0,0.1408,0.5,none,True,True
60206,1.0,0.0907,0.5,none,True,True
60207,1.0,0.1198,0.5,none,True,True
60208,1.0,0.0467,0.5,none,True,True
60209,1.0,0.0522,0.5,none,True,True
60210,1.0,0.0405,0.5,none,True,True
60211,1.0,0.0313,0.5,none,True,True
60212,1.0,0.0083,0.5,none,True,True
60213,1.0,0.0726,0.5,none,True,True
60214,1.0,0.0793,0.5,none,True,True
60215,1.0,0.0581,0.5,none,True,True
60216,1.0,0.0955,0.5,none,True,True
60217,1.0,0.0839,0.5,none,True,True
60218,1.0,0.0648,0.5,none,True,True
60219,1.0,0.0718,0.5,none,True,True
60220,1.0,0.0589,0.5,none,True,True
60221,1.0,0.0403,0.5,none,True,True
60222,1.0,0.0327,0.5,none,True,True
60223,1.0,0.0277,0.5,none,True,True
60224,1.0,0.017,0.5,none,True,True
60225,1.0,0.0102,0.5,none,True,True
60226,1.0,0.0099,0.5,none,True,True
60227,1.0,0.008,0.5,none,True,True
60228,1.0,0.005,0.5,none,True,True
60229,1.0,0.0063,0.5,none,True,True
60230,1.0,0.009,0.5,none,True,True
60231,1.0,0.0096,0.5,none,True,True
60232,1.0,0.0108,0.5,none,True,True
60233,1.0,0.014,0.5,none,True,True
60234,1.0,0.0161,0.5,none,True,True
60235,1.0,0.0167,0.5,none,True,True
60236,1.0,0.0182,0.5,none,True,True
60237,1.0,0.0196,0.5,none,True,True
60238,1.0,0.0197,0.5,none,True,True
60239,1.0,0.0193,0.5,none,True,True
60240,1.0,0.0193,0.5,none,True,True
60241,1.0,0.0187,0.5,none,True,True
60242,1.0,0.0174,0.5,none,True,True
60243,1.0,0.0163,0.5,none,True,True
60244,1.0,0.0152,0.5,none,True,True
60245,1.0,0.0138,0.5,none,True,True
60246,1.0,0.0123,0.5,none,True,True
60247,1.0,0.0111,0.5,none,True,True
60248,1.0,0.01,0.5,none,True,True
60249,1.0,0.0088,0.5,none,True,True
60250,1.0,0.0078,0.5,none,True,True
60251,1.0,0.0071,0.5,none,True,True
60252,1.0,0.0064,0.5,none,True,True
60253,1.0,0.0057,0.5,none,True,True
60254,1.0,0.0053,0.5,none,True,True
60255,1.0,0.005,0.5,none,True,True
60256,1.0,0.0047,0.5,none,True,True
60257,1.0,0.0045,0.5,none,True,True
60258,1.0,0.0044,0.5,none,True,True
60259,1.0,0.0043,0.5,none,True,True
60260,1.0,0.0042,0.5,none,True,True
60261,1.0,0.0041,0.5,none,True,True
60262,1.0,0.004,0.5,none,True,True
60263,1.0,0.0039,0.5,none,True,True
60264,1.0,0.0038,0.5,none,True,True
60265,1.0,0.0037,0.5,none,True,True
60266,1.0,0.0035,0.5,none,True,True
60267,1.0,0.0033,0.5,none,True,True
60268,1.0,0.0032,0.5,none,True,True
60269,1.0,0.003,0.5,none,True,True
60270,1.0,0.0028,0.5,none,True,True
60271,1.0,0.0026,0.5,none,True,True
60272,1.0,0.0024,0.5,none,True,True
60273,1.0,0.0023,0.5,none,True,True
60274,1.0,0.0021,0.5,none,True,True
60275,1.0,0.0019,0.5,none,True,True
60276,1.0,0.0018,0.5,none,True,True
60277,1.0,0.0017,0.5,none,True,True
60278,1.0,0.0015,0.5,none,True,True
60279,1.0,0.0014,0.5,none,True,True
60280,1.0,0.0013,0.5,none,True,True
60281,1.0,0.0013,0.5,none,True,True
60282,1.0,0.0012,0.5,none,True,True
60283,1.0,0.0011,0.5,none,True,True
60284,1.0,0.0011,0.5,none,True,True
60285,1.0,0.001,0.5,none,True,True
60286,1.0,0.001,0.5,none,True,True
60287,1.0,0.0009,0.5,none,True,True
60288,1.0,0.0009,0.5,none,True,True
60289,1.0,0.0008,0.5,none,True,True
60290,1.0,0.0008,0.5,none,True,True
60291,1.0,0.0008,0.5,none,True,True
60292,1.0,0.0007,0.5,none,True,True
60293,1.0,0.0007,0.5,none,True,True
60294,1.0,0.0006,0.5,none,True,True
60295,1.0,0.0006,0.5,none,True,True
60296,1.0,0.0006,0.5,none,True,True
60297,1.0,0.0005,0.5,none,True,True
60298,1.0,0.0005,0.5,none,True,True
60299,1.0,0.0005,0.5,none,True,True
60300,1.0,0.0004,0.5,none,True,True
60301,1.0,0.0004,0.5,none,True,True
60302,1.0,0.0004,0.5,none,True,True
60303,1.0,0.0004,0.5,none,True,True
60304,1.0,0.0003,0.5,none,True,True
60305,1.0,0.0003,0.5,none,True,True
60306,1.0,0.0003,0.5,none,True,True
60307,1.0,0.0003,0.5,none,True,True
60308,1.0,0.0003,0.5,none,True,True
60309,1.0,0.0003,0.5,none,True,True
60310,1.0,0.0002,0.5,none,True,True
60311,1.0,0.0002,0.5,none,True,True
60312,1.0,0.0002,0.5,none,True,True
60313,1.0,0.0002,0.5,none,True,True
60314,1.0,0.0002,0.5,none,True,True
60315,1.0,0.0002,0.5,none,True,True
60316,1.0,0.0002,0.5,none,True,True
60317,1.0,0.0002,0.5,none,True,True
60318,1.0,0.0002,0.5,none,True,True
60319,1.0,0.0001,0.5,none,True,True
60320,1.0,0.0001,0.5,none,True,True
60321,1.0,0.0001,0.5,none,True,True
60322,1.0,0.0001,0.5,none,True,True
60323,1.0,0.0001,0.5,none,True,True
60324,1.0,0.0001,0.5,none,True,True
60325,1.0,0.0001,0.5,none,True,True
60326,1.0,0.0001,0.5,none,True,True
60327,1.0,0.0001,0.5,none,True,True
60328,1.0,0.0001,0.5,none,True,True
60329,1.0,0.0001,0.5,none,True,True
60330,1.0,0.0001,0.5,none,True,True
60331,1.0,0.0001,0.5,none,True,True
60332,1.0,0.0001,0.5,none,True,True
60333,1.0,0.0001,0.5,none,True,True
60334,1.0,0.0001,0.5,none,True,True
60335,1.0,0.0001,0.5,none,True,True
60336,1.0,0.0001,0.5,none,True,True
60337,1.0,0.0,0.5,none,True,True
60338,1.0,0.0,0.5,none,True,True
60339,1.0,0.0,0.5,none,True,True
60340,1.0,0.0,0.5,none,True,True
60341,1.0,0.0,0.5,none,True,True
60342,1.0,0.0,0.5,none,True,True
60343,1.0,0.0,0.5,none,True,True
60344,1.0,0.0,0.5,none,True,True
60345,1.0,0.0,0.5,none,True,True
60346,1.0,0.0,0.5,none,True,True
60347,1.0,0.0,0.5,none,True,True
60348,1.0,0.0,0.5,none,True,True
60349,1.0,0.0,0.5,none,True,True
60350,1.0,0.0,0.5,none,True,True
60351,1.0,0.0,0.5,none,True,True
60352,1.0,0.0,0.5,none,True,True
60353,1.0,0.0,0.5,none,True,True
60354,1.0,0.0,0.5,none,True,True
60355,1.0,0.0,0.5,none,True,True
60356,1.0,0.0,0.5,none,True,True
60357,1.0,0.0,0.5,none,True,True
60358,1.0,0.0,0.5,none,True,True
60359,1.0,0.0,0.5,none,True,True
60360,1.0,0.0,0.5,none,True,True
60361,1.0,0.0,0.5,none,True,True
60362,1.0,0.0,0.5,none,True,True
60363,1.0,0.0,0.5,none,True,True
60364,1.0,0.0,0.5,none,True,True
60365,1.0,0.0,0.5,none,True,True
60366,1.0,0.0,0.5,none,True,True
60367,1.0,0.0,0.5,none,True,True
60368,1.0,0.0,0.5,none,True,True
60369,1.0,0.0,0.5,none,True,True
60370,1.0,0.0,0.5,none,True,True
60371,1.0,0.0,0.5,none,True,True
60372,1.0,0.0,0.5,none,True,True
60373,1.0,0.0,0.5,none,True,True
60374,1.0,0.0,0.5,none,True,True
60375,1.0,0.0,0.5,none,True,True
60376,1.0,0.0,0.5,none,True,True
60377,1.0,0.0,0.5,none,True,True
60378,1.0,0.0,0.5,none,True,True
60379,1.0,0.0,0.5,none,True,True
60380,1.0,0.0,0.5,none,True,True
60381,1.0,0.0,0.5,none,True,True
60382,1.0,0.0,0.5,none,True,True
60383,1.0,0.0,0.5,none,True,True
60384,1.0,0.0,0.5,none,True,True
60385,1.0,0.0,0.5,none,True,True
60386,1.0,0.0,0.5,none,True,True
60387,1.0,0.0,0.5,none,True,True
60388,1.0,0.0,0.5,none,True,True
60389,1.0,0.0,0.5,none,True,True
60390,1.0,0.0,0.5,none,True,True
60391,1.0,0.0,0.5,none,True,True
60392,1.0,0.0,0.5,none,True,True
60393,1.0,0.0,0.5,none,True,True
60394,1.0,0.0,0.5,none,True,True
60395,1.0,0.0,0.5,none,True,True
60396,1.0,0.0,0.5,none,True,True
60397,1.0,0.0,0.5,none,True,True
60398,1.0,0.0,0.5,none,True,True
60399,1.0,0.0,0.5,none,True,True
60400,1.0,0.0,0.5,none,True,True
60401,1.0,0.0,0.5,none,True,True
60402,1.0,0.0,0.5,none,True,True
60403,1.0,0.0,0.5,none,True,True
60404,1.0,0.0,0.5,none,True,True
60405,1.0,0.0,0.5,none,True,True
60406,1.0,0.0,0.5,none,True,True
60407,1.0,0.0,0.5,none,True,True
60408,1.0,0.0,0.5,none,True,True
60409,1.0,0.0,0.5,none,True,True
60410,1.0,0.0,0.5,none,True,True
60411,1.0,0.0,0.5,none,True,True
60412,1.0,0.0,0.5,none,True,True
60413,1.0,0.0,0.5,none,True,True
60414,1.0,0.0,0.5,none,True,True
60415,1.0,0.0,0.5,none,True,True
60416,1.0,0.0,0.5,none,True,True
60417,1.0,0.0,0.5,none,True,True
60418,1.0,0.0,0.5,none,True,True
60419,1.0,0.0,0.5,none,True,True
60420,1.0,0.0,0.5,none,True,True
60421,1.0,0.0,0.5,none,True,True
60422,1.0,0.0,0.5,none,True,True
60423,1.0,0.0,0.5,none,True,True
60424,1.0,0.0,0.5,none,True,True
60425,1.0,0.0,0.5,none,True,True
60426,1.0,0.0,0.5,none,True,True
60427,1.0,0.0,0.5,none,True,True
60428,1.0,0.0,0.5,none,True,True
60429,1.0,0.0,0.5,none,True,True
60430,1.0,0.0,0.5,none,True,True
60431,1.0,0.0,0.5,none,True,True
60432,1.0,0.0,0.5,none,True,True
60433,1.0,0.0,0.5,none,True,True
60434,1.0,0.0,0.5,none,True,True
60435,1.0,0.0,0.5,none,True,True
60436,1.0,0.0,0.5,none,True,True
60437,1.0,0.0,0.5,none,True,True
60438,1.0,0.0,0.5,none,True,True
60439,1.0,0.0,0.5,none,True,True
60440,1.0,0.0,0.5,none,True,True
60441,1.0,0.0,0.5,none,True,True
60442,1.0,0.0,0.5,none,True,True
60443,1.0,0.0,0.5,none,True,True
60444,1.0,0.0,0.5,none,True,True
60445,1.0,0.0,0.5,none,True,True
60446,1.0,0.0,0.5,none,True,True
60447,1.0,0.0,0.5,none,True,True
60448,1.0,0.0,0.5,none,True,True
60449,1.0,0.0,0.5,none,True,True
60450,1.0,0.0,0.5,none,True,True
60451,1.0,0.0,0.5,none,True,True
60452,1.0,0.0,0.5,none,True,True
60453,1.0,0.0,0.5,none,True,True
60454,1.0,0.0,0.5,none,True,True
60455,1.0,0.0,0.5,none,True,True
60456,1.0,0.0,0.5,none,True,True
60457,1.0,0.0,0.5,none,True,True
60458,1.0,0.0,0.5,none,True,True
60459,1.0,0.0,0.5,none,True,True
60460,1.0,0.0,0.5,none,True,True
60461,1.0,0.0,0.5,none,True,True
60462,1.0,0.0,0.5,none,True,True
60463,1.0,0.0,0.5,none,True,True
60464,1.0,0.0,0.5,none,True,True
60465,1.0,0.0,0.5,none,True,True
60466,1.0,0.0,0.5,none,True,True
60467,1.0,0.0,0.5,none,True,True
60468,1.0,0.0,0.5,none,True,True
60469,1.0,0.0,0.5,none,True,True
60470,1.0,0.0,0.5,none,True,True
60471,1.0,0.0,0.5,none,True,True
60472,1.0,0.0,0.5,none,True,True
60473,1.0,0.0,0.5,none,True,True
60474,1.0,0.0,0.5,none,True,True
60475,1.0,0.0,0.5,none,True,True
60476,1.0,0.0,0.5,none,True,True
60477,1.0,0.0,0.5,none,True,True
60478,1.0,0.0,0.5,none,True,True
60479,1.0,0.0,0.5,none,True,True
60480,1.0,0.0,0.5,none,True,True
60481,1.0,0.0,0.5,none,True,True
60482,1.0,0.0,0.5,none,True,True
60483,1.0,0.0,0.5,none,True,True
60484,1.0,0.0,0.5,none,True,True
60485,1.0,0.0,0.5,none,True,True
60486,1.0,0.0,0.5,none,True,True
60487,1.0,0.0,0.5,none,True,True
60488,1.0,0.0,0.5,none,True,True
60489,1.0,0.0,0.5,none,True,True
60490,1.0,0.0,0.5,none,True,True
60491,1.0,0.0,0.5,none,True,True
60492,1.0,0.0,0.5,none,True,True
60493,1.0,0.0,0.5,none,True,True
60494,1.0,0.0,0.5,none,True,True
60495,1.0,0.0,0.5,none,True,True
60496,1.0,0.0,0.5,none,True,True
60497,1.0,0.0,0.5,none,True,True
60498,1.0,0.0,0.5,none,True,True
60499,1.0,0.0,0.5,none,True,True
60500,1.0,0.0,0.5,none,True,True
60501,1.0,0.0,0.5,none,True,True
60502,1.0,0.0,0.5,none,True,True
60503,1.0,0.0,0.5,none,True,True
60504,1.0,0.0,0.5,none,True,True
60505,1.0,0.0,0.5,none,True,True
60506,1.0,0.0,0.5,none,True,True
60507,1.0,0.0,0.5,none,True,True
60508,1.0,0.0,0.5,none,True,True
60509,1.0,0.0,0.5,none,True,True
60510,1.0,0.0,0.5,none,True,True
60511,1.0,0.0,0.5,none,True,True
60512,1.0,0.0,0.5,none,True,True
60513,1.0,0.0,0.5,none,True,True
60514,1.0,0.0,0.5,none,True,True
60515,1.0,0.0,0.5,none,True,True
60516,1.0,0.0,0.5,none,True,True
60517,1.0,0.0,0.5,none,True,True
60518,1.0,0.0,0.5,none,True,True
60519,1.0,0.0,0.5,none,True,True
60520,1.0,0.0,0.5,none,True,True
60521,1.0,0.0,0.5,none,True,True
60522,1.0,0.0,0.5,none,True,True
60523,1.0,0.0,0.5,none,True,True
60524,1.0,0.0,0.5,none,True,True
60525,1.0,0.0,0.5,none,True,True
60526,1.0,0.0,0.5,none,True,True
60527,1.0,0.0,0.5,none,True,True
60528,1.0,0.0,0.5,none,True,True
60529,1.0,0.0,0.5,none,True,True
60530,1.0,0.0,0.5,none,True,True
60531,1.0,0.0,0.5,none,True,True
60532,1.0,0.0,0.5,none,True,True
60533,1.0,0.0,0.5,none,True,True
60534,1.0,0.0,0.5,none,True,True
60535,1.0,0.0,0.5,none,True,True
60536,1.0,0.0,0.5,none,True,True
60537,1.0,0.0,0.5,none,True,True
60538,1.0,0.0,0.5,none,True,True
60539,1.0,0.0,0.5,none,True,True
60540,1.0,0.0,0.5,none,True,True
60541,1.0,0.0,0.5,none,True,True
60542,1.0,0.0,0.5,none,True,True
60543,1.0,0.0,0.5,none,True,True
60544,1.0,0.0,0.5,none,True,True
60545,1.0,0.0,0.5,none,True,True
60546,1.0,0.0,0.5,none,True,True
60547,1.0,0.0,0.5,none,True,True
60548,1.0,0.0,0.5,none,True,True
60549,1.0,0.0,0.5,none,True,True
60550,1.0,0.0,0.5,none,True,True
60551,1.0,0.0,0.5,none,True,True
60552,1.0,0.0,0.5,none,True,True
60553,1.0,0.0,0.5,none,True,True
60554,1.0,0.0,0.5,none,True,True
60555,1.0,0.0,0.5,none,True,True
60556,1.0,0.0,0.5,none,True,True
60557,1.0,0.0,0.5,none,True,True
60558,1.0,0.0,0.5,none,True,True
60559,1.0,0.0,0.5,none,True,True
60560,1.0,0.0,0.5,none,True,True
60561,1.0,0.0,0.5,none,True,True
60562,1.0,0.0,0.5,none,True,True
60563,1.0,0.0,0.5,none,True,True
60564,1.0,0.0,0.5,none,True,True
60565,1.0,0.0,0.5,none,True,True
60566,1.0,0.0,0.5,none,True,True
60567,1.0,0.0,0.5,none,True,True
60568,1.0,0.0,0.5,none,True,True
60569,1.0,0.0,0.5,none,True,True
60570,1.0,0.0,0.5,none,True,True
60571,1.0,0.0,0.5,none,True,True
60572,1.0,0.0,0.5,none,True,True
60573,1.0,0.0,0.5,none,True,True
60574,1.0,0.0,0.5,none,True,True
60575,1.0,0.0,0.5,none,True,True
60576,1.0,0.0,0.5,none,True,True
60577,1.0,0.0,0.5,none,True,True
60578,1.0,0.0,0.5,none,True,True
60579,1.0,0.0,0.5,none,True,True
60580,1.0,0.0,0.5,none,True,True
60581,1.0,0.0,0.5,none,True,True
60582,1.0,0.0,0.5,none,True,True
60583,1.0,0.0,0.5,none,True,True
60584,1.0,0.0,0.5,none,True,True
60585,1.0,0.0,0.5,none,True,True
60586,1.0,0.0,0.5,none,True,True
60587,1.0,0.0,0.5,none,True,True
60588,1.0,0.0,0.5,none,True,True
60589,1.0,0.0,0.5,none,True,True
60590,1.0,0.0,0.5,none,True,True
60591,1.0,0.0,0.5,none,True,True
60592,1.0,0.0,0.5,none,True,True
60593,1.0,0.0,0.5,none,True,True
60594,1.0,0.0,0.5,none,True,True
60595,1.0,0.0,0.5,none,True,True
60596,1.0,0.0,0.5,none,True,True
60597,1.0,0.0,0.5,none,True,True
60598,1.0,0.0,0.5,none,True,True
60599,1.0,0.0,0.5,none,True,True
60600,1.0,0.0,0.5,none,True,True
60601,1.0,0.0,0.5,none,True,True
60602,1.0,0.0,0.5,none,True,True
60603,1.0,0.0,0.5,none,True,True
60604,1.0,0.0,0.5,none,True,True
60605,1.0,0.0,0.5,none,True,True
60606,1.0,0.0,0.5,none,True,True
60607,1.0,0.0,0.5,none,True,True
60608,1.0,0.0,0.5,none,True,True
60609,1.0,0.0,0.5,none,True,True
60610,1.0,0.0,0.5,none,True,True
60611,1.0,0.0,0.5,none,True,True
60612,1.0,0.0,0.5,none,True,True
60613,1.0,0.0,0.5,none,True,True
60614,1.0,0.0,0.5,none,True,True
60615,1.0,0.0,0.5,none,True,True
60616,1.0,0.0,0.5,none,True,True
60617,1.0,0.0,0.5,none,True,True
60618,1.0,0.0,0.5,none,True,True
60619,1.0,0.0,0.5,none,True,True
60620,1.0,0.0,0.5,none,True,True
60621,1.0,0.0,0.5,none,True,True
60622,1.0,0.0,0.5,none,True,True
60623,1.0,0.0,0.5,none,True,True
60624,1.0,0.0,0.5,none,True,True
60625,1.0,0.0,0.5,none,True,True
60626,1.0,0.0,0.5,none,True,True
60627,1.0,0.0,0.5,none,True,True
60628,1.0,0.0,0.5,none,True,True
60629,1.0,0.0,0.5,none,True,True
60630,1.0,0.0,0.5,none,True,True
60631,1.0,0.0,0.5,none,True,True
60632,1.0,0.0,0.5,none,True,True
60633,1.0,0.0,0.5,none,True,True
60634,1.0,0.0,0.5,none,True,True
60635,1.0,0.0,0.5,none,True,True
60636,1.0,0.0,0.5,none,True,True
60637,1.0,0.0,0.5,none,True,True
60638,1.0,0.0,0.5,none,True,True
60639,1.0,0.0,0.5,none,True,True
60640,1.0,0.0,0.5,none,True,True
60641,1.0,0.0,0.5,none,True,True
60642,1.0,0.0,0.5,none,True,True
60643,1.0,0.0,0.5,none,True,True
60644,1.0,0.0,0.5,none,True,True
60645,1.0,0.0,0.5,none,True,True
60646,1.0,0.0,0.5,none,True,True
60647,1.0,0.0,0.5,none,True,True
60648,1.0,0.0,0.5,none,True,True
60649,1.0,0.0,0.5,none,True,True
60650,1.0,0.0,0.5,none,True,True
60651,1.0,0.0,0.5,none,True,True
60652,1.0,0.0,0.5,none,True,True
60653,1.0,0.0,0.5,none,True,True
60654,1.0,0.0,0.5,none,True,True
60655,1.0,0.0,0.5,none,True,True
60656,1.0,0.0,0.5,none,True,True
60657,1.0,0.0,0.5,none,True,True
60658,1.0,0.0,0.5,none,True,True
60659,1.0,0.0,0.5,none,True,True
60660,1.0,0.0,0.5,none,True,True
60661,1.0,0.0,0.5,none,True,True
60662,1.0,0.0,0.5,none,True,True
60663,1.0,0.0,0.5,none,True,True
60664,1.0,0.0,0.5,none,True,True
60665,1.0,0.0,0.5,none,True,True
60666,1.0,0.0,0.5,none,True,True
60667,1.0,0.0,0.5,none,True,True
60668,1.0,0.0,0.5,none,True,True
60669,1.0,0.0,0.5,none,True,True
60670,1.0,0.0,0.5,none,True,True
60671,1.0,0.0,0.5,none,True,True
60672,1.0,0.0,0.5,none,True,True
60673,1.0,0.0,0.5,none,True,True
60674,1.0,0.0,0.5,none,True,True
60675,1.0,0.0,0.5,none,True,True
60676,1.0,0.0,0.5,none,True,True
60677,1.0,0.0,0.5,none,True,True
60678,1.0,0.0,0.5,none,True,True
60679,1.0,0.0,0.5,none,True,True
60680,1.0,0.0,0.5,none,True,True
60681,1.0,0.0,0.5,none,True,True
60682,1.0,0.0,0.5,none,True,True
60683,1.0,0.0,0.5,none,True,True
60684,1.0,0.0,0.5,none,True,True
60685,1.0,0.0,0.5,none,True,True
60686,1.0,0.0,0.5,none,True,True
60687,1.0,0.0,0.5,none,True,True
60688,1.0,0.0,0.5,none,True,True
60689,1.0,0.0,0.5,none,True,True
60690,1.0,0.0,0.5,none,True,True
60691,1.0,0.0,0.5,none,True,True
60692,1.0,0.0,0.5,none,True,True
60693,1.0,0.0,0.5,none,True,True
60694,1.0,0.0,0.5,none,True,True
60695,1.0,0.0,0.5,none,True,True
60696,1.0,0.0,0.5,none,True,True
60697,1.0,0.0,0.5,none,True,True
60698,1.0,0.0,0.5,none,True,True
60699,1.0,0.0,0.5,none,True,True
60700,1.0,0.0,0.5,none,True,True
60701,1.0,0.0,0.5,none,True,True
60702,1.0,0.0,0.5,none,True,True
60703,1.0,0.0,0.5,none,True,True
60704,1.0,0.0,0.5,none,True,True
60705,1.0,0.0,0.5,none,True,True
60706,1.0,0.0,0.5,none,True,True
60707,1.0,0.0,0.5,none,True,True
60708,1.0,0.0,0.5,none,True,True
60709,1.0,0.0,0.5,none,True,True
60710,1.0,0.0,0.5,none,True,True
60711,1.0,0.0,0.5,none,True,True
60712,1.0,0.0,0.5,none,True,True
60713,1.0,0.0,0.5,none,True,True
60714,1.0,0.0,0.5,none,True,True
60715,1.0,0.0,0.5,none,True,True
60716,1.0,0.0,0.5,none,True,True
60717,1.0,0.0,0.5,none,True,True
60718,1.0,0.0,0.5,none,True,True
60719,1.0,0.0,0.5,none,True,True
60720,1.0,0.0,0.5,none,True,True
60721,1.0,0.0,0.5,none,True,True
60722,1.0,0.0,0.5,none,True,True
60723,1.0,0.0,0.5,none,True,True
60724,1.0,0.0,0.5,none,True,True
60725,1.0,0.0,0.5,none,True,True
60726,1.0,0.0,0.5,none,True,True
60727,1.0,0.0,0.5,none,True,True
60728,1.0,0.0,0.5,none,True,True
60729,1.0,0.0,0.5,none,True,True
60730,1.0,0.0,0.5,none,True,True
60731,1.0,0.0,0.5,none,True,True
60732,1.0,0.0,0.5,none,True,True
60733,1.0,0.0,0.5,none,True,True
60734,1.0,0.0,0.5,none,True,True
60735,1.0,0.0,0.5,none,True,True
60736,1.0,0.0,0.5,none,True,True
60737,1.0,0.0,0.5,none,True,True
60738,1.0,0.0,0.5,none,True,True
60739,1.0,0.0,0.5,none,True,True
60740,1.0,0.0,0.5,none,True,True
60741,1.0,0.0,0.5,none,True,True
60742,1.0,0.0,0.5,none,True,True
60743,1.0,0.0,0.5,none,True,True
60744,1.0,0.0,0.5,none,True,True
60745,1.0,0.0,0.5,none,True,True
60746,1.0,0.0,0.5,none,True,True
60747,1.0,0.0,0.5,none,True,True
60748,1.0,0.0,0.5,none,True,True
60749,1.0,0.0,0.5,none,True,True
60750,1.0,0.0,0.5,none,True,True
60751,1.0,0.0,0.5,none,True,True
60752,1.0,0.0,0.5,none,True,True
60753,1.0,0.0,0.5,none,True,True
60754,1.0,0.0,0.5,none,True,True
60755,1.0,0.0,0.5,none,True,True
60756,1.0,0.0,0.5,none,True,True
60757,1.0,0.0,0.5,none,True,True
60758,1.0,0.0,0.5,none,True,True
60759,1.0,0.0,0.5,none,True,True
60760,1.0,0.0,0.5,none,True,True
60761,1.0,0.0,0.5,none,True,True
60762,1.0,0.0,0.5,none,True,True
60763,1.0,0.0,0.5,none,True,True
60764,1.0,0.0,0.5,none,True,True
60765,1.0,0.0,0.5,none,True,True
60766,1.0,0.0,0.5,none,True,True
60767,1.0,0.0,0.5,none,True,True
60768,1.0,0.0,0.5,none,True,True
60769,1.0,0.0,0.5,none,True,True
60770,1.0,0.0,0.5,none,True,True
60771,1.0,0.0,0.5,none,True,True
60772,1.0,0.0,0.5,none,True,True
60773,1.0,0.0,0.5,none,True,True
60774,1.0,0.0,0.5,none,True,True
60775,1.0,0.0,0.5,none,True,True
60776,1.0,0.0,0.5,none,True,True
60777,1.0,0.0,0.5,none,True,True
60778,1.0,0.0,0.5,none,True,True
60779,1.0,0.0,0.5,none,True,True
60780,1.0,0.0,0.5,none,True,True
60781,1.0,0.0,0.5,none,True,True
60782,1.0,0.0,0.5,none,True,True
60783,1.0,0.0,0.5,none,True,True
60784,1.0,0.0,0.5,none,True,True
60785,1.0,0.0,0.5,none,True,True
60786,1.0,0.0,0.5,none,True,True
60787,1.0,0.0,0.5,none,True,True
60788,1.0,0.0,0.5,none,True,True
60789,1.0,0.0,0.5,none,True,True
60790,1.0,0.0,0.5,none,True,True
60791,1.0,0.0,0.5,none,True,True
60792,1.0,0.0,0.5,none,True,True
60793,1.0,0.0,0.5,none,True,True
60794,1.0,0.0,0.5,none,True,True
60795,1.0,0.0,0.5,none,True,True
60796,1.0,0.0,0.5,none,True,True
60797,1.0,0.0,0.5,none,True,True
60798,1.0,0.0,0.5,none,True,True
60799,1.0,0.0,0.5,none,True,True
60800,1.0,0.0,0.5,none,True,True
60801,1.0,0.0,0.5,none,True,True
60802,1.0,0.0,0.5,none,True,True
60803,1.0,0.0,0.5,none,True,True
60804,1.0,0.0,0.5,none,True,True
60805,1.0,0.0,0.5,none,True,True
60806,1.0,0.0,0.5,none,True,True
60807,1.0,0.0,0.5,none,True,True
60808,1.0,0.0,0.5,none,True,True
60809,1.0,0.0,0.5,none,True,True
60810,1.0,0.0,0.5,none,True,True
60811,1.0,0.0,0.5,none,True,True
60812,1.0,0.0,0.5,none,True,True
60813,1.0,0.0,0.5,none,True,True
60814,1.0,0.0,0.5,none,True,True
60815,1.0,0.0,0.5,none,True,True
60816,1.0,0.0,0.5,none,True,True
60817,1.0,0.0,0.5,none,True,True
60818,1.0,0.0,0.5,none,True,True
60819,1.0,0.0,0.5,none,True,True
60820,1.0,0.0,0.5,none,True,True
60821,1.0,0.0,0.5,none,True,True
60822,1.0,0.0,0.5,none,True,True
60823,1.0,0.0,0.5,none,True,True
60824,1.0,0.0,0.5,none,True,True
60825,1.0,0.0,0.5,none,True,True
60826,1.0,0.0,0.5,none,True,True
60827,1.0,0.0,0.5,none,True,True
60828,1.0,0.0,0.5,none,True,True
60829,1.0,0.0,0.5,none,True,True
60830,1.0,0.0,0.5,none,True,True
60831,1.0,0.0,0.5,none,True,True
60832,1.0,0.0,0.5,none,True,True
60833,1.0,0.0,0.5,none,True,True
60834,1.0,0.0,0.5,none,True,True
60835,1.0,0.0,0.5,none,True,True
60836,1.0,0.0,0.5,none,True,True
60837,1.0,0.0,0.5,none,True,True
60838,1.0,0.0,0.5,none,True,True
60839,1.0,0.0,0.5,none,True,True
60840,1.0,0.0,0.5,none,True,True
60841,1.0,0.0,0.5,none,True,True
60842,1.0,0.0,0.5,none,True,True
60843,1.0,0.0,0.5,none,True,True
60844,1.0,0.0,0.5,none,True,True
60845,1.0,0.0,0.5,none,True,True
60846,1.0,0.0,0.5,none,True,True
60847,1.0,0.0,0.5,none,True,True
60848,1.0,0.0,0.5,none,True,True
60849,1.0,0.0,0.5,none,True,True
60850,1.0,0.0,0.5,none,True,True
60851,1.0,0.0,0.5,none,True,True
60852,1.0,0.0,0.5,none,True,True
60853,1.0,0.0,0.5,none,True,True
60854,1.0,0.0,0.5,none,True,True
60855,1.0,0.0,0.5,none,True,True
60856,1.0,0.0,0.5,none,True,True
60857,1.0,0.0,0.5,none,True,True
60858,1.0,0.0,0.5,none,True,True
60859,1.0,0.0,0.5,none,True,True
60860,1.0,0.0,0.5,none,True,True
60861,1.0,0.0,0.5,none,True,True
60862,1.0,0.0,0.5,none,True,True
60863,1.0,0.0,0.5,none,True,True
60864,1.0,0.0,0.5,none,True,True
60865,1.0,0.0,0.5,none,True,True
60866,1.0,0.0,0.5,none,True,True
60867,1.0,0.0,0.5,none,True,True
60868,1.0,0.0,0.5,none,True,True
60869,1.0,0.0,0.5,none,True,True
60870,1.0,0.0,0.5,none,True,True
60871,1.0,0.0,0.5,none,True,True
60872,1.0,0.0,0.5,none,True,True
60873,1.0,0.0,0.5,none,True,True
60874,1.0,0.0,0.5,none,True,True
60875,1.0,0.0,0.5,none,True,True
60876,1.0,0.0,0.5,none,True,True
60877,1.0,0.0,0.5,none,True,True
60878,1.0,0.0,0.5,none,True,True
60879,1.0,0.0,0.5,none,True,True
60880,1.0,0.0,0.5,none,True,True
60881,1.0,0.0,0.5,none,True,True
60882,1.0,0.0,0.5,none,True,True
60883,1.0,0.0,0.5,none,True,True
60884,1.0,0.0,0.5,none,True,True
60885,1.0,0.0,0.5,none,True,True
60886,1.0,0.0,0.5,none,True,True
60887,1.0,0.0,0.5,none,True,True
60888,1.0,0.0,0.5,none,True,True
60889,1.0,0.0,0.5,none,True,True
60890,1.0,0.0,0.5,none,True,True
60891,1.0,0.0,0.5,none,True,True
60892,1.0,0.0,0.5,none,True,True
60893,1.0,0.0,0.5,none,True,True
60894,1.0,0.0,0.5,none,True,True
60895,1.0,0.0,0.5,none,True,True
60896,1.0,0.0,0.5,none,True,True
60897,1.0,0.0,0.5,none,True,True
60898,1.0,0.0,0.5,none,True,True
60899,1.0,0.0,0.5,none,True,True
60900,1.0,0.0061,0.5,none,True,True
60901,1.0,0.0357,0.5,none,True,True
60902,1.0,0.0812,0.5,none,True,True
60903,1.0,0.1113,0.5,none,True,True
60904,1.0,0.1253,0.5,none,True,True
60905,1.0,0.1408,0.5,none,True,True
60906,1.0,0.0907,0.5,none,True,True
60907,1.0,0.1198,0.5,none,True,True
60908,1.0,0.0467,0.5,none,True,True
60909,1.0,0.0522,0.5,none,True,True
60910,1.0,0.0405,0.5,none,True,True
60911,1.0,0.0313,0.5,none,True,True
60912,1.0,0.0083,0.5,none,True,True
60913,1.0,0.0726,0.5,none,True,True
60914,1.0,0.0793,0.5,none,True,True
60915,1.0,0.0581,0.5,none,True,True
60916,1.0,0.0955,0.5,none,True,True
60917,1.0,0.0839,0.5,none,True,True
60918,1.0,0.0648,0.5,none,True,True
60919,1.0,0.0718,0.5,none,True,True
60920,1.0,0.0589,0.5,none,True,True
60921,1.0,0.0403,0.5,none,True,True
60922,1.0,0.0327,0.5,none,True,True
60923,1.0,0.0277,0.5,none,True,True
60924,1.0,0.017,0.5,none,True,True
60925,1.0,0.0102,0.5,none,True,True
60926,1.0,0.0099,0.5,none,True,True
60927,1.0,0.008,0.5,none,True,True
60928,1.0,0.005,0.5,none,True,True
60929,1.0,0.0063,0.5,none,True,True
60930,1.0,0.009,0.5,none,True,True
60931,1.0,0.0096,0.5,none,True,True
60932,1.0,0.0108,0.5,none,True,True
60933,1.0,0.014,0.5,none,True,True
60934,1.0,0.0161,0.5,none,True,True
60935,1.0,0.0167,0.5,none,True,True
60936,1.0,0.0182,0.5,none,True,True
60937,1.0,0.0196,0.5,none,True,True
60938,1.0,0.0197,0.5,none,True,True
60939,1.0,0.0193,0.5,none,True,True
60940,1.0,0.0193,0.5,none,True,True
60941,1.0,0.0187,0.5,none,True,True
60942,1.0,0.0174,0.5,none,True,True
60943,1.0,0.0163,0.5,none,True,True
60944,1.0,0.0152,0.5,none,True,True
60945,1.0,0.0138,0.5,none,True,True
60946,1.0,0.0123,0.5,none,True,True
60947,1.0,0.0111,0.5,none,True,True
60948,1.0,0.01,0.5,none,True,True
60949,1.0,0.0088,0.5,none,True,True
60950,1.0,0.0078,0.5,none,True,True
60951,1.0,0.0071,0.5,none,True,True
60952,1.0,0.0064,0.5,none,True,True
60953,1.0,0.0057,0.5,none,True,True
60954,1.0,0.0053,0.5,none,True,True
60955,1.0,0.005,0.5,none,True,True
60956,1.0,0.0047,0.5,none,True,True
60957,1.0,0.0045,0.5,none,True,True
60958,1.0,0.0044,0.5,none,True,True
60959,1.0,0.0043,0.5,none,True,True
60960,1.0,0.0042,0.5,none,True,True
60961,1.0,0.0041,0.5,none,True,True
60962,1.0,0.004,0.5,none,True,True
60963,1.0,0.0039,0.5,none,True,True
60964,1.0,0.0038,0.5,none,True,True
60965,1.0,0.0037,0.5,none,True,True
60966,1.0,0.0035,0.5,none,True,True
60967,1.0,0.0033,0.5,none,True,True
60968,1.0,0.0032,0.5,none,True,True
60969,1.0,0.003,0.5,none,True,True
60970,1.0,0.0028,0.5,none,True,True
60971,1.0,0.0026,0.5,none,True,True
60972,1.0,0.0024,0.5,none,True,True
60973,1.0,0.0023,0.5,none,True,True
60974,1.0,0.0021,0.5,none,True,True
60975,1.0,0.0019,0.5,none,True,True
60976,1.0,0.0018,0.5,none,True,True
60977,1.0,0.0017,0.5,none,True,True
60978,1.0,0.0015,0.5,none,True,True
60979,1.0,0.0014,0.5,none,True,True
60980,1.0,0.0013,0.5,none,True,True
60981,1.0,0.0013,0.5,none,True,True
60982,1.0,0.0012,0.5,none,True,True
60983,1.0,0.0011,0.5,none,True,True
60984,1.0,0.0011,0.5,none,True,True
60985,1.0,0.001,0.5,none,True,True
60986,1.0,0.001,0.5,none,True,True
60987,1.0,0.0009,0.5,none,True,True
60988,1.0,0.0009,0.5,none,True,True
60989,1.0,0.0008,0.5,none,True,True
60990,1.0,0.0008,0.5,none,True,True
60991,1.0,0.0008,0.5,none,True,True
60992,1.0,0.0007,0.5,none,True,True
60993,1.0,0.0007,0.5,none,True,True
60994,1.0,0.0006,0.5,none,True,True
60995,1.0,0.0006,0.5,none,True,True
60996,1.0,0.0006,0.5,none,True,True
60997,1.0,0.0005,0.5,none,True,True
60998,1.0,0.0005,0.5,none,True,True
60999,1.0,0.0005,0.5,none,True,True
61000,1.0,0.0004,0.5,none,True,True
61001,1.0,0.0004,0.5,none,True,True
61002,1.0,0.0004,0.5,none,True,True
61003,1.0,0.0004,0.5,none,True,True
61004,1.0,0.0003,0.5,none,True,True
61005,1.0,0.0003,0.5,none,True,True
61006,1.0,0.0003,0.5,none,True,True
61007,1.0,0.0003,0.5,none,True,True
61008,1.0,0.0003,0.5,none,True,True
61009,1.0,0.0003,0.5,none,True,True
61010,1.0,0.0002,0.5,none,True,True
61011,1.0,0.0002,0.5,none,True,True
61012,1.0,0.0002,0.5,none,True,True
61013,1.0,0.0002,0.5,none,True,True
61014,1.0,0.0002,0.5,none,True,True
61015,1.0,0.0002,0.5,none,True,True
61016,1.0,0.0002,0.5,none,True,True
61017,1.0,0.0002,0.5,none,True,True
61018,1.0,0.0002,0.5,none,True,True
61019,1.0,0.0001,0.5,none,True,True
61020,1.0,0.0001,0.5,none,True,True
61021,1.0,0.0001,0.5,none,True,True
61022,1.0,0.0001,0.5,none,True,True
61023,1.0,0.0001,0.5,none,True,True
61024,1.0,0.0001,0.5,none,True,True
61025,1.0,0.0001,0.5,none,True,True
61026,1.0,0.0001,0.5,none,True,True
61027,1.0,0.0001,0.5,none,True,True
61028,1.0,0.0001,0.5,none,True,True
61029,1.0,0.0001,0.5,none,True,True
61030,1.0,0.0001,0.5,none,True,True
61031,1.0,0.0001,0.5,none,True,True
61032,1.0,0.0001,0.5,none,True,True
61033,1.0,0.0001,0.5,none,True,True
61034,1.0,0.0001,0.5,none,True,True
61035,1.0,0.0001,0.5,none,True,True
61036,1.0,0.0001,0.5,none,True,True
61037,1.0,0.0,0.5,none,True,True
61038,1.0,0.0,0.5,none,True,True
61039,1.0,0.0,0.5,none,True,True
61040,1.0,0.0,0.5,none,True,True
61041,1.0,0.0,0.5,none,True,True
61042,1.0,0.0,0.5,none,True,True
61043,1.0,0.0,0.5,none,True,True
61044,1.0,0.0,0.5,none,True,True
61045,1.0,0.0,0.5,none,True,True
61046,1.0,0.0,0.5,none,True,True
61047,1.0,0.0,0.5,none,True,True
61048,1.0,0.0,0.5,none,True,True
61049,1.0,0.0,0.5,none,True,True
61050,1.0,0.0,0.5,none,True,True
61051,1.0,0.0,0.5,none,True,True
61052,1.0,0.0,0.5,none,True,True
61053,1.0,0.0,0.5,none,True,True
61054,1.0,0.0,0.5,none,True,True
61055,1.0,0.0,0.5,none,True,True
61056,1.0,0.0,0.5,none,True,True
61057,1.0,0.0,0.5,none,True,True
61058,1.0,0.0,0.5,none,True,True
61059,1.0,0.0,0.5,none,True,True
61060,1.0,0.0,0.5,none,True,True
61061,1.0,0.0,0.5,none,True,True
61062,1.0,0.0,0.5,none,True,True
61063,1.0,0.0,0.5,none,True,True
61064,1.0,0.0,0.5,none,True,True
61065,1.0,0.0,0.5,none,True,True
61066,1.0,0.0,0.5,none,True,True
61067,1.0,0.0,0.5,none,True,True
61068,1.0,0.0,0.5,none,True,True
61069,1.0,0.0,0.5,none,True,True
61070,1.0,0.0,0.5,none,True,True
61071,1.0,0.0,0.5,none,True,True
61072,1.0,0.0,0.5,none,True,True
61073,1.0,0.0,0.5,none,True,True
61074,1.0,0.0,0.5,none,True,True
61075,1.0,0.0,0.5,none,True,True
61076,1.0,0.0,0.5,none,True,True
61077,1.0,0.0,0.5,none,True,True
61078,1.0,0.0,0.5,none,True,True
61079,1.0,0.0,0.5,none,True,True
61080,1.0,0.0,0.5,none,True,True
61081,1.0,0.0,0.5,none,True,True
61082,1.0,0.0,0.5,none,True,True
61083,1.0,0.0,0.5,none,True,True
61084,1.0,0.0,0.5,none,True,True
61085,1.0,0.0,0.5,none,True,True
61086,1.0,0.0,0.5,none,True,True
61087,1.0,0.0,0.5,none,True,True
61088,1.0,0.0,0.5,none,True,True
61089,1.0,0.0,0.5,none,True,True
61090,1.0,0.0,0.5,none,True,True
61091,1.0,0.0,0.5,none,True,True
61092,1.0,0.0,0.5,none,True,True
61093,1.0,0.0,0.5,none,True,True
61094,1.0,0.0,0.5,none,True,True
61095,1.0,0.0,0.5,none,True,True
61096,1.0,0.0,0.5,none,True,True
61097,1.0,0.0,0.5,none,True,True
61098,1.0,0.0,0.5,none,True,True
61099,1.0,0.0,0.5,none,True,True
61100,1.0,0.0,0.5,none,True,True
61101,1.0,0.0,0.5,none,True,True
61102,1.0,0.0,0.5,none,True,True
61103,1.0,0.0,0.5,none,True,True
61104,1.0,0.0,0.5,none,True,True
61105,1.0,0.0,0.5,none,True,True
61106,1.0,0.0,0.5,none,True,True
61107,1.0,0.0,0.5,none,True,True
61108,1.0,0.0,0.5,none,True,True
61109,1.0,0.0,0.5,none,True,True
61110,1.0,0.0,0.5,none,True,True
61111,1.0,0.0,0.5,none,True,True
61112,1.0,0.0,0.5,none,True,True
61113,1.0,0.0,0.5,none,True,True
61114,1.0,0.0,0.5,none,True,True
61115,1.0,0.0,0.5,none,True,True
61116,1.0,0.0,0.5,none,True,True
61117,1.0,0.0,0.5,none,True,True
61118,1.0,0.0,0.5,none,True,True
61119,1.0,0.0,0.5,none,True,True
61120,1.0,0.0,0.5,none,True,True
61121,1.0,0.0,0.5,none,True,True
61122,1.0,0.0,0.5,none,True,True
61123,1.0,0.0,0.5,none,True,True
61124,1.0,0.0,0.5,none,True,True
61125,1.0,0.0,0.5,none,True,True
61126,1.0,0.0,0.5,none,True,True
61127,1.0,0.0,0.5,none,True,True
61128,1.0,0.0,0.5,none,True,True
61129,1.0,0.0,0.5,none,True,True
61130,1.0,0.0,0.5,none,True,True
61131,1.0,0.0,0.5,none,True,True
61132,1.0,0.0,0.5,none,True,True
61133,1.0,0.0,0.5,none,True,True
61134,1.0,0.0,0.5,none,True,True
61135,1.0,0.0,0.5,none,True,True
61136,1.0,0.0,0.5,none,True,True
61137,1.0,0.0,0.5,none,True,True
61138,1.0,0.0,0.5,none,True,True
61139,1.0,0.0,0.5,none,True,True
61140,1.0,0.0,0.5,none,True,True
61141,1.0,0.0,0.5,none,True,True
61142,1.0,0.0,0.5,none,True,True
61143,1.0,0.0,0.5,none,True,True
61144,1.0,0.0,0.5,none,True,True
61145,1.0,0.0,0.5,none,True,True
61146,1.0,0.0,0.5,none,True,True
61147,1.0,0.0,0.5,none,True,True
61148,1.0,0.0,0.5,none,True,True
61149,1.0,0.0,0.5,none,True,True
61150,1.0,0.0,0.5,none,True,True
61151,1.0,0.0,0.5,none,True,True
61152,1.0,0.0,0.5,none,True,True
61153,1.0,0.0,0.5,none,True,True
61154,1.0,0.0,0.5,none,True,True
61155,1.0,0.0,0.5,none,True,True
61156,1.0,0.0,0.5,none,True,True
61157,1.0,0.0,0.5,none,True,True
61158,1.0,0.0,0.5,none,True,True
61159,1.0,0.0,0.5,none,True,True
61160,1.0,0.0,0.5,none,True,True
61161,1.0,0.0,0.5,none,True,True
61162,1.0,0.0,0.5,none,True,True
61163,1.0,0.0,0.5,none,True,True
61164,1.0,0.0,0.5,none,True,True
61165,1.0,0.0,0.5,none,True,True
61166,1.0,0.0,0.5,none,True,True
61167,1.0,0.0,0.5,none,True,True
61168,1.0,0.0,0.5,none,True,True
61169,1.0,0.0,0.5,none,True,True
61170,1.0,0.0,0.5,none,True,True
61171,1.0,0.0,0.5,none,True,True
61172,1.0,0.0,0.5,none,True,True
61173,1.0,0.0,0.5,none,True,True
61174,1.0,0.0,0.5,none,True,True
61175,1.0,0.0,0.5,none,True,True
61176,1.0,0.0,0.5,none,True,True
61177,1.0,0.0,0.5,none,True,True
61178,1.0,0.0,0.5,none,True,True
61179,1.0,0.0,0.5,none,True,True
61180,1.0,0.0,0.5,none,True,True
61181,1.0,0.0,0.5,none,True,True
61182,1.0,0.0,0.5,none,True,True
61183,1.0,0.0,0.5,none,True,True
61184,1.0,0.0,0.5,none,True,True
61185,1.0,0.0,0.5,none,True,True
61186,1.0,0.0,0.5,none,True,True
61187,1.0,0.0,0.5,none,True,True
61188,1.0,0.0,0.5,none,True,True
61189,1.0,0.0,0.5,none,True,True
61190,1.0,0.0,0.5,none,True,True
61191,1.0,0.0,0.5,none,True,True
61192,1.0,0.0,0.5,none,True,True
61193,1.0,0.0,0.5,none,True,True
61194,1.0,0.0,0.5,none,True,True
61195,1.0,0.0,0.5,none,True,True
61196,1.0,0.0,0.5,none,True,True
61197,1.0,0.0,0.5,none,True,True
61198,1.0,0.0,0.5,none,True,True
61199,1.0,0.0,0.5,none,True,True
61200,1.0,0.0,0.5,none,True,True
61201,1.0,0.0,0.5,none,True,True
61202,1.0,0.0,0.5,none,True,True
61203,1.0,0.0,0.5,none,True,True
61204,1.0,0.0,0.5,none,True,True
61205,1.0,0.0,0.5,none,True,True
61206,1.0,0.0,0.5,none,True,True
61207,1.0,0.0,0.5,none,True,True
61208,1.0,0.0,0.5,none,True,True
61209,1.0,0.0,0.5,none,True,True
61210,1.0,0.0,0.5,none,True,True
61211,1.0,0.0,0.5,none,True,True
61212,1.0,0.0,0.5,none,True,True
61213,1.0,0.0,0.5,none,True,True
61214,1.0,0.0,0.5,none,True,True
61215,1.0,0.0,0.5,none,True,True
61216,1.0,0.0,0.5,none,True,True
61217,1.0,0.0,0.5,none,True,True
61218,1.0,0.0,0.5,none,True,True
61219,1.0,0.0,0.5,none,True,True
61220,1.0,0.0,0.5,none,True,True
61221,1.0,0.0,0.5,none,True,True
61222,1.0,0.0,0.5,none,True,True
61223,1.0,0.0,0.5,none,True,True
61224,1.0,0.0,0.5,none,True,True
61225,1.0,0.0,0.5,none,True,True
61226,1.0,0.0,0.5,none,True,True
61227,1.0,0.0,0.5,none,True,True
61228,1.0,0.0,0.5,none,True,True
61229,1.0,0.0,0.5,none,True,True
61230,1.0,0.0,0.5,none,True,True
61231,1.0,0.0,0.5,none,True,True
61232,1.0,0.0,0.5,none,True,True
61233,1.0,0.0,0.5,none,True,True
61234,1.0,0.0,0.5,none,True,True
61235,1.0,0.0,0.5,none,True,True
61236,1.0,0.0,0.5,none,True,True
61237,1.0,0.0,0.5,none,True,True
61238,1.0,0.0,0.5,none,True,True
61239,1.0,0.0,0.5,none,True,True
61240,1.0,0.0,0.5,none,True,True
61241,1.0,0.0,0.5,none,True,True
61242,1.0,0.0,0.5,none,True,True
61243,1.0,0.0,0.5,none,True,True
61244,1.0,0.0,0.5,none,True,True
61245,1.0,0.0,0.5,none,True,True
61246,1.0,0.0,0.5,none,True,True
61247,1.0,0.0,0.5,none,True,True
61248,1.0,0.0,0.5,none,True,True
61249,1.0,0.0,0.5,none,True,True
61250,1.0,0.0,0.5,none,True,True
61251,1.0,0.0,0.5,none,True,True
61252,1.0,0.0,0.5,none,True,True
61253,1.0,0.0,0.5,none,True,True
61254,1.0,0.0,0.5,none,True,True
61255,1.0,0.0,0.5,none,True,True
61256,1.0,0.0,0.5,none,True,True
61257,1.0,0.0,0.5,none,True,True
61258,1.0,0.0,0.5,none,True,True
61259,1.0,0.0,0.5,none,True,True
61260,1.0,0.0,0.5,none,True,True
61261,1.0,0.0,0.5,none,True,True
61262,1.0,0.0,0.5,none,True,True
61263,1.0,0.0,0.5,none,True,True
61264,1.0,0.0,0.5,none,True,True
61265,1.0,0.0,0.5,none,True,True
61266,1.0,0.0,0.5,none,True,True
61267,1.0,0.0,0.5,none,True,True
61268,1.0,0.0,0.5,none,True,True
61269,1.0,0.0,0.5,none,True,True
61270,1.0,0.0,0.5,none,True,True
61271,1.0,0.0,0.5,none,True,True
61272,1.0,0.0,0.5,none,True,True
61273,1.0,0.0,0.5,none,True,True
61274,1.0,0.0,0.5,none,True,True
61275,1.0,0.0,0.5,none,True,True
61276,1.0,0.0,0.5,none,True,True
61277,1.0,0.0,0.5,none,True,True
61278,1.0,0.0,0.5,none,True,True
61279,1.0,0.0,0.5,none,True,True
61280,1.0,0.0,0.5,none,True,True
61281,1.0,0.0,0.5,none,True,True
61282,1.0,0.0,0.5,none,True,True
61283,1.0,0.0,0.5,none,True,True
61284,1.0,0.0,0.5,none,True,True
61285,1.0,0.0,0.5,none,True,True
61286,1.0,0.0,0.5,none,True,True
61287,1.0,0.0,0.5,none,True,True
61288,1.0,0.0,0.5,none,True,True
61289,1.0,0.0,0.5,none,True,True
61290,1.0,0.0,0.5,none,True,True
61291,1.0,0.0,0.5,none,True,True
61292,1.0,0.0,0.5,none,True,True
61293,1.0,0.0,0.5,none,True,True
61294,1.0,0.0,0.5,none,True,True
61295,1.0,0.0,0.5,none,True,True
61296,1.0,0.0,0.5,none,True,True
61297,1.0,0.0,0.5,none,True,True
61298,1.0,0.0,0.5,none,True,True
61299,1.0,0.0,0.5,none,True,True
61300,1.0,0.0,0.5,none,True,True
61301,1.0,0.0,0.5,none,True,True
61302,1.0,0.0,0.5,none,True,True
61303,1.0,0.0,0.5,none,True,True
61304,1.0,0.0,0.5,none,True,True
61305,1.0,0.0,0.5,none,True,True
61306,1.0,0.0,0.5,none,True,True
61307,1.0,0.0,0.5,none,True,True
61308,1.0,0.0,0.5,none,True,True
61309,1.0,0.0,0.5,none,True,True
61310,1.0,0.0,0.5,none,True,True
61311,1.0,0.0,0.5,none,True,True
61312,1.0,0.0,0.5,none,True,True
61313,1.0,0.0,0.5,none,True,True
61314,1.0,0.0,0.5,none,True,True
61315,1.0,0.0,0.5,none,True,True
61316,1.0,0.0,0.5,none,True,True
61317,1.0,0.0,0.5,none,True,True
61318,1.0,0.0,0.5,none,True,True
61319,1.0,0.0,0.5,none,True,True
61320,1.0,0.0,0.5,none,True,True
61321,1.0,0.0,0.5,none,True,True
61322,1.0,0.0,0.5,none,True,True
61323,1.0,0.0,0.5,none,True,True
61324,1.0,0.0,0.5,none,True,True
61325,1.0,0.0,0.5,none,True,True
61326,1.0,0.0,0.5,none,True,True
61327,1.0,0.0,0.5,none,True,True
61328,1.0,0.0,0.5,none,True,True
61329,1.0,0.0,0.5,none,True,True
61330,1.0,0.0,0.5,none,True,True
61331,1.0,0.0,0.5,none,True,True
61332,1.0,0.0,0.5,none,True,True
61333,1.0,0.0,0.5,none,True,True
61334,1.0,0.0,0.5,none,True,True
61335,1.0,0.0,0.5,none,True,True
61336,1.0,0.0,0.5,none,True,True
61337,1.0,0.0,0.5,none,True,True
61338,1.0,0.0,0.5,none,True,True
61339,1.0,0.0,0.5,none,True,True
61340,1.0,0.0,0.5,none,True,True
61341,1.0,0.0,0.5,none,True,True
61342,1.0,0.0,0.5,none,True,True
61343,1.0,0.0,0.5,none,True,True
61344,1.0,0.0,0.5,none,True,True
61345,1.0,0.0,0.5,none,True,True
61346,1.0,0.0,0.5,none,True,True
61347,1.0,0.0,0.5,none,True,True
61348,1.0,0.0,0.5,none,True,True
61349,1.0,0.0,0.5,none,True,True
61350,1.0,0.0,0.5,none,True,True
61351,1.0,0.0,0.5,none,True,True
61352,1.0,0.0,0.5,none,True,True
61353,1.0,0.0,0.5,none,True,True
61354,1.0,0.0,0.5,none,True,True
61355,1.0,0.0,0.5,none,True,True
61356,1.0,0.0,0.5,none,True,True
61357,1.0,0.0,0.5,none,True,True
61358,1.0,0.0,0.5,none,True,True
61359,1.0,0.0,0.5,none,True,True
61360,1.0,0.0,0.5,none,True,True
61361,1.0,0.0,0.5,none,True,True
61362,1.0,0.0,0.5,none,True,True
61363,1.0,0.0,0.5,none,True,True
61364,1.0,0.0,0.5,none,True,True
61365,1.0,0.0,0.5,none,True,True
61366,1.0,0.0,0.5,none,True,True
61367,1.0,0.0,0.5,none,True,True
61368,1.0,0.0,0.5,none,True,True
61369,1.0,0.0,0.5,none,True,True
61370,1.0,0.0,0.5,none,True,True
61371,1.0,0.0,0.5,none,True,True
61372,1.0,0.0,0.5,none,True,True
61373,1.0,0.0,0.5,none,True,True
61374,1.0,0.0,0.5,none,True,True
61375,1.0,0.0,0.5,none,True,True
61376,1.0,0.0,0.5,none,True,True
61377,1.0,0.0,0.5,none,True,True
61378,1.0,0.0,0.5,none,True,True
61379,1.0,0.0,0.5,none,True,True
61380,1.0,0.0,0.5,none,True,True
61381,1.0,0.0,0.5,none,True,True
61382,1.0,0.0,0.5,none,True,True
61383,1.0,0.0,0.5,none,True,True
61384,1.0,0.0,0.5,none,True,True
61385,1.0,0.0,0.5,none,True,True
61386,1.0,0.0,0.5,none,True,True
61387,1.0,0.0,0.5,none,True,True
61388,1.0,0.0,0.5,none,True,True
61389,1.0,0.0,0.5,none,True,True
61390,1.0,0.0,0.5,none,True,True
61391,1.0,0.0,0.5,none,True,True
61392,1.0,0.0,0.5,none,True,True
61393,1.0,0.0,0.5,none,True,True
61394,1.0,0.0,0.5,none,True,True
61395,1.0,0.0,0.5,none,True,True
61396,1.0,0.0,0.5,none,True,True
61397,1.0,0.0,0.5,none,True,True
61398,1.0,0.0,0.5,none,True,True
61399,1.0,0.0,0.5,none,True,True
61400,1.0,0.0,0.5,none,True,True
61401,1.0,0.0,0.5,none,True,True
61402,1.0,0.0,0.5,none,True,True
61403,1.0,0.0,0.5,none,True,True
61404,1.0,0.0,0.5,none,True,True
61405,1.0,0.0,0.5,none,True,True
61406,1.0,0.0,0.5,none,True,True
61407,1.0,0.0,0.5,none,True,True
61408,1.0,0.0,0.5,none,True,True
61409,1.0,0.0,0.5,none,True,True
61410,1.0,0.0,0.5,none,True,True
61411,1.0,0.0,0.5,none,True,True
61412,1.0,0.0,0.5,none,True,True
61413,1.0,0.0,0.5,none,True,True
61414,1.0,0.0,0.5,none,True,True
61415,1.0,0.0,0.5,none,True,True
61416,1.0,0.0,0.5,none,True,True
61417,1.0,0.0,0.5,none,True,True
61418,1.0,0.0,0.5,none,True,True
61419,1.0,0.0,0.5,none,True,True
61420,1.0,0.0,0.5,none,True,True
61421,1.0,0.0,0.5,none,True,True
61422,1.0,0.0,0.5,none,True,True
61423,1.0,0.0,0.5,none,True,True
61424,1.0,0.0,0.5,none,True,True
61425,1.0,0.0,0.5,none,True,True
61426,1.0,0.0,0.5,none,True,True
61427,1.0,0.0,0.5,none,True,True
61428,1.0,0.0,0.5,none,True,True
61429,1.0,0.0,0.5,none,True,True
61430,1.0,0.0,0.5,none,True,True
61431,1.0,0.0,0.5,none,True,True
61432,1.0,0.0,0.5,none,True,True
61433,1.0,0.0,0.5,none,True,True
61434,1.0,0.0,0.5,none,True,True
61435,1.0,0.0,0.5,none,True,True
61436,1.0,0.0,0.5,none,True,True
61437,1.0,0.0,0.5,none,True,True
61438,1.0,0.0,0.5,none,True,True
61439,1.0,0.0,0.5,none,True,True
61440,1.0,0.0,0.5,none,True,True
61441,1.0,0.0,0.5,none,True,True
61442,1.0,0.0,0.5,none,True,True
61443,1.0,0.0,0.5,none,True,True
61444,1.0,0.0,0.5,none,True,True
61445,1.0,0.0,0.5,none,True,True
61446,1.0,0.0,0.5,none,True,True
61447,1.0,0.0,0.5,none,True,True
61448,1.0,0.0,0.5,none,True,True
61449,1.0,0.0,0.5,none,True,True
61450,1.0,0.0,0.5,none,True,True
61451,1.0,0.0,0.5,none,True,True
61452,1.0,0.0,0.5,none,True,True
61453,1.0,0.0,0.5,none,True,True
61454,1.0,0.0,0.5,none,True,True
61455,1.0,0.0,0.5,none,True,True
61456,1.0,0.0,0.5,none,True,True
61457,1.0,0.0,0.5,none,True,True
61458,1.0,0.0,0.5,none,True,True
61459,1.0,0.0,0.5,none,True,True
61460,1.0,0.0,0.5,none,True,True
61461,1.0,0.0,0.5,none,True,True
61462,1.0,0.0,0.5,none,True,True
61463,1.0,0.0,0.5,none,True,True
61464,1.0,0.0,0.5,none,True,True
61465,1.0,0.0,0.5,none,True,True
61466,1.0,0.0,0.5,none,True,True
61467,1.0,0.0,0.5,none,True,True
61468,1.0,0.0,0.5,none,True,True
61469,1.0,0.0,0.5,none,True,True
61470,1.0,0.0,0.5,none,True,True
61471,1.0,0.0,0.5,none,True,True
61472,1.0,0.0,0.5,none,True,True
61473,1.0,0.0,0.5,none,True,True
61474,1.0,0.0,0.5,none,True,True
61475,1.0,0.0,0.5,none,True,True
61476,1.0,0.0,0.5,none,True,True
61477,1.0,0.0,0.5,none,True,True
61478,1.0,0.0,0.5,none,True,True
61479,1.0,0.0,0.5,none,True,True
61480,1.0,0.0,0.5,none,True,True
61481,1.0,0.0,0.5,none,True,True
61482,1.0,0.0,0.5,none,True,True
61483,1.0,0.0,0.5,none,True,True
61484,1.0,0.0,0.5,none,True,True
61485,1.0,0.0,0.5,none,True,True
61486,1.0,0.0,0.5,none,True,True
61487,1.0,0.0,0.5,none,True,True
61488,1.0,0.0,0.5,none,True,True
61489,1.0,0.0,0.5,none,True,True
61490,1.0,0.0,0.5,none,True,True
61491,1.0,0.0,0.5,none,True,True
61492,1.0,0.0,0.5,none,True,True
61493,1.0,0.0,0.5,none,True,True
61494,1.0,0.0,0.5,none,True,True
61495,1.0,0.0,0.5,none,True,True
61496,1.0,0.0,0.5,none,True,True
61497,1.0,0.0,0.5,none,True,True
61498,1.0,0.0,0.5,none,True,True
61499,1.0,0.0,0.5,none,True,True
61500,1.0,0.0,0.5,none,True,True
61501,1.0,0.0,0.5,none,True,True
61502,1.0,0.0,0.5,none,True,True
61503,1.0,0.0,0.5,none,True,True
61504,1.0,0.0,0.5,none,True,True
61505,1.0,0.0,0.5,none,True,True
61506,1.0,0.0,0.5,none,True,True
61507,1.0,0.0,0.5,none,True,True
61508,1.0,0.0,0.5,none,True,True
61509,1.0,0.0,0.5,none,True,True
61510,1.0,0.0,0.5,none,True,True
61511,1.0,0.0,0.5,none,True,True
61512,1.0,0.0,0.5,none,True,True
61513,1.0,0.0,0.5,none,True,True
61514,1.0,0.0,0.5,none,True,True
61515,1.0,0.0,0.5,none,True,True
61516,1.0,0.0,0.5,none,True,True
61517,1.0,0.0,0.5,none,True,True
61518,1.0,0.0,0.5,none,True,True
61519,1.0,0.0,0.5,none,True,True
61520,1.0,0.0,0.5,none,True,True
61521,1.0,0.0,0.5,none,True,True
61522,1.0,0.0,0.5,none,True,True
61523,1.0,0.0,0.5,none,True,True
61524,1.0,0.0,0.5,none,True,True
61525,1.0,0.0,0.5,none,True,True
61526,1.0,0.0,0.5,none,True,True
61527,1.0,0.0,0.5,none,True,True
61528,1.0,0.0,0.5,none,True,True
61529,1.0,0.0,0.5,none,True,True
61530,1.0,0.0,0.5,none,True,True
61531,1.0,0.0,0.5,none,True,True
61532,1.0,0.0,0.5,none,True,True
61533,1.0,0.0,0.5,none,True,True
61534,1.0,0.0,0.5,none,True,True
61535,1.0,0.0,0.5,none,True,True
61536,1.0,0.0,0.5,none,True,True
61537,1.0,0.0,0.5,none,True,True
61538,1.0,0.0,0.5,none,True,True
61539,1.0,0.0,0.5,none,True,True
61540,1.0,0.0,0.5,none,True,True
61541,1.0,0.0,0.5,none,True,True
61542,1.0,0.0,0.5,none,True,True
61543,1.0,0.0,0.5,none,True,True
61544,1.0,0.0,0.5,none,True,True
61545,1.0,0.0,0.5,none,True,True
61546,1.0,0.0,0.5,none,True,True
61547,1.0,0.0,0.5,none,True,True
61548,1.0,0.0,0.5,none,True,True
61549,1.0,0.0,0.5,none,True,True
61550,1.0,0.0,0.5,none,True,True
61551,1.0,0.0,0.5,none,True,True
61552,1.0,0.0,0.5,none,True,True
61553,1.0,0.0,0.5,none,True,True
61554,1.0,0.0,0.5,none,True,True
61555,1.0,0.0,0.5,none,True,True
61556,1.0,0.0,0.5,none,True,True
61557,1.0,0.0,0.5,none,True,True
61558,1.0,0.0,0.5,none,True,True
61559,1.0,0.0,0.5,none,True,True
61560,1.0,0.0,0.5,none,True,True
61561,1.0,0.0,0.5,none,True,True
61562,1.0,0.0,0.5,none,True,True
61563,1.0,0.0,0.5,none,True,True
61564,1.0,0.0,0.5,none,True,True
61565,1.0,0.0,0.5,none,True,True
61566,1.0,0.0,0.5,none,True,True
61567,1.0,0.0,0.5,none,True,True
61568,1.0,0.0,0.5,none,True,True
61569,1.0,0.0,0.5,none,True,True
61570,1.0,0.0,0.5,none,True,True
61571,1.0,0.0,0.5,none,True,True
61572,1.0,0.0,0.5,none,True,True
61573,1.0,0.0,0.5,none,True,True
61574,1.0,0.0,0.5,none,True,True
61575,1.0,0.0,0.5,none,True,True
61576,1.0,0.0,0.5,none,True,True
61577,1.0,0.0,0.5,none,True,True
61578,1.0,0.0,0.5,none,True,True
61579,1.0,0.0,0.5,none,True,True
61580,1.0,0.0,0.5,none,True,True
61581,1.0,0.0,0.5,none,True,True
61582,1.0,0.0,0.5,none,True,True
61583,1.0,0.0,0.5,none,True,True
61584,1.0,0.0,0.5,none,True,True
61585,1.0,0.0,0.5,none,True,True
61586,1.0,0.0,0.5,none,True,True
61587,1.0,0.0,0.5,none,True,True
61588,1.0,0.0,0.5,none,True,True
61589,1.0,0.0,0.5,none,True,True
61590,1.0,0.0,0.5,none,True,True
61591,1.0,0.0,0.5,none,True,True
61592,1.0,0.0,0.5,none,True,True
61593,1.0,0.0,0.5,none,True,True
61594,1.0,0.0,0.5,none,True,True
61595,1.0,0.0,0.5,none,True,True
61596,1.0,0.0,0.5,none,True,True
61597,1.0,0.0,0.5,none,True,True
61598,1.0,0.0,0.5,none,True,True
61599,1.0,0.0,0.5,none,True,True
61600,1.0,0.0061,0.5,none,True,True
61601,1.0,0.0357,0.5,none,True,True
61602,1.0,0.0812,0.5,none,True,True
61603,1.0,0.1113,0.5,none,True,True
61604,1.0,0.1253,0.5,none,True,True
61605,1.0,0.1408,0.5,none,True,True
61606,1.0,0.0907,0.5,none,True,True
61607,1.0,0.1198,0.5,none,True,True
61608,1.0,0.0467,0.5,none,True,True
61609,1.0,0.0522,0.5,none,True,True
61610,1.0,0.0405,0.5,none,True,True
61611,1.0,0.0313,0.5,none,True,True
61612,1.0,0.0083,0.5,none,True,True
61613,1.0,0.0726,0.5,none,True,True
61614,1.0,0.0793,0.5,none,True,True
61615,1.0,0.0581,0.5,none,True,True
61616,1.0,0.0955,0.5,none,True,True
61617,1.0,0.0839,0.5,none,True,True
61618,1.0,0.0648,0.5,none,True,True
61619,1.0,0.0718,0.5,none,True,True
61620,1.0,0.0589,0.5,none,True,True
61621,1.0,0.0403,0.5,none,True,True
61622,1.0,0.0327,0.5,none,True,True
61623,1.0,0.0277,0.5,none,True,True
61624,1.0,0.017,0.5,none,True,True
61625,1.0,0.0102,0.5,none,True,True
61626,1.0,0.0099,0.5,none,True,True
61627,1.0,0.008,0.5,none,True,True
61628,1.0,0.005,0.5,none,True,True
61629,1.0,0.0063,0.5,none,True,True
61630,1.0,0.009,0.5,none,True,True
61631,1.0,0.0096,0.5,none,True,True
61632,1.0,0.0108,0.5,none,True,True
61633,1.0,0.014,0.5,none,True,True
61634,1.0,0.0161,0.5,none,True,True
61635,1.0,0.0167,0.5,none,True,True
61636,1.0,0.0182,0.5,none,True,True
61637,1.0,0.0196,0.5,none,True,True
61638,1.0,0.0197,0.5,none,True,True
61639,1.0,0.0193,0.5,none,True,True
61640,1.0,0.0193,0.5,none,True,True
61641,1.0,0.0187,0.5,none,True,True
61642,1.0,0.0174,0.5,none,True,True
61643,1.0,0.0163,0.5,none,True,True
61644,1.0,0.0152,0.5,none,True,True
61645,1.0,0.0138,0.5,none,True,True
61646,1.0,0.0123,0.5,none,True,True
61647,1.0,0.0111,0.5,none,True,True
61648,1.0,0.01,0.5,none,True,True
61649,1.0,0.0088,0.5,none,True,True
61650,1.0,0.0078,0.5,none,True,True
61651,1.0,0.0071,0.5,none,True,True
61652,1.0,0.0064,0.5,none,True,True
61653,1.0,0.0057,0.5,none,True,True
61654,1.0,0.0053,0.5,none,True,True
61655,1.0,0.005,0.5,none,True,True
61656,1.0,0.0047,0.5,none,True,True
61657,1.0,0.0045,0.5,none,True,True
61658,1.0,0.0044,0.5,none,True,True
61659,1.0,0.0043,0.5,none,True,True
61660,1.0,0.0042,0.5,none,True,True
61661,1.0,0.0041,0.5,none,True,True
61662,1.0,0.004,0.5,none,True,True
61663,1.0,0.0039,0.5,none,True,True
61664,1.0,0.0038,0.5,none,True,True
61665,1.0,0.0037,0.5,none,True,True
61666,1.0,0.0035,0.5,none,True,True
61667,1.0,0.0033,0.5,none,True,True
61668,1.0,0.0032,0.5,none,True,True
61669,1.0,0.003,0.5,none,True,True
61670,1.0,0.0028,0.5,none,True,True
61671,1.0,0.0026,0.5,none,True,True
61672,1.0,0.0024,0.5,none,True,True
61673,1.0,0.0023,0.5,none,True,True
61674,1.0,0.0021,0.5,none,True,True
61675,1.0,0.0019,0.5,none,True,True
61676,1.0,0.0018,0.5,none,True,True
61677,1.0,0.0017,0.5,none,True,True
61678,1.0,0.0015,0.5,none,True,True
61679,1.0,0.0014,0.5,none,True,True
61680,1.0,0.0013,0.5,none,True,True
61681,1.0,0.0013,0.5,none,True,True
61682,1.0,0.0012,0.5,none,True,True
61683,1.0,0.0011,0.5,none,True,True
61684,1.0,0.0011,0.5,none,True,True
61685,1.0,0.001,0.5,none,True,True
61686,1.0,0.001,0.5,none,True,True
61687,1.0,0.0009,0.5,none,True,True
61688,1.0,0.0009,0.5,none,True,True
61689,1.0,0.0008,0.5,none,True,True
61690,1.0,0.0008,0.5,none,True,True
61691,1.0,0.0008,0.5,none,True,True
61692,1.0,0.0007,0.5,none,True,True
61693,1.0,0.0007,0.5,none,True,True
61694,1.0,0.0006,0.5,none,True,True
61695,1.0,0.0006,0.5,none,True,True
61696,1.0,0.0006,0.5,none,True,True
61697,1.0,0.0005,0.5,none,True,True
61698,1.0,0.0005,0.5,none,True,True
61699,1.0,0.0005,0.5,none,True,True
61700,1.0,0.0004,0.5,none,True,True
61701,1.0,0.0004,0.5,none,True,True
61702,1.0,0.0004,0.5,none,True,True
61703,1.0,0.0004,0.5,none,True,True
61704,1.0,0.0003,0.5,none,True,True
61705,1.0,0.0003,0.5,none,True,True
61706,1.0,0.0003,0.5,none,True,True
61707,1.0,0.0003,0.5,none,True,True
61708,1.0,0.0003,0.5,none,True,True
61709,1.0,0.0003,0.5,none,True,True
61710,1.0,0.0002,0.5,none,True,True
61711,1.0,0.0002,0.5,none,True,True
61712,1.0,0.0002,0.5,none,True,True
61713,1.0,0.0002,0.5,none,True,True
61714,1.0,0.0002,0.5,none,True,True
61715,1.0,0.0002,0.5,none,True,True
61716,1.0,0.0002,0.5,none,True,True
61717,1.0,0.0002,0.5,none,True,True
61718,1.0,0.0002,0.5,none,True,True
61719,1.0,0.0001,0.5,none,True,True
61720,1.0,0.0001,0.5,none,True,True
61721,1.0,0.0001,0.5,none,True,True
61722,1.0,0.0001,0.5,none,True,True
61723,1.0,0.0001,0.5,none,True,True
61724,1.0,0.0001,0.5,none,True,True
61725,1.0,0.0001,0.5,none,True,True
61726,1.0,0.0001,0.5,none,True,True
61727,1.0,0.0001,0.5,none,True,True
61728,1.0,0.0001,0.5,none,True,True
61729,1.0,0.0001,0.5,none,True,True
61730,1.0,0.0001,0.5,none,True,True
61731,1.0,0.0001,0.5,none,True,True
61732,1.0,0.0001,0.5,none,True,True
61733,1.0,0.0001,0.5,none,True,True
61734,1.0,0.0001,0.5,none,True,True
61735,1.0,0.0001,0.5,none,True,True
61736,1.0,0.0001,0.5,none,True,True
61737,1.0,0.0,0.5,none,True,True
61738,1.0,0.0,0.5,none,True,True
61739,1.0,0.0,0.5,none,True,True
61740,1.0,0.0,0.5,none,True,True
61741,1.0,0.0,0.5,none,True,True
61742,1.0,0.0,0.5,none,True,True
61743,1.0,0.0,0.5,none,True,True
61744,1.0,0.0,0.5,none,True,True
61745,1.0,0.0,0.5,none,True,True
61746,1.0,0.0,0.5,none,True,True
61747,1.0,0.0,0.5,none,True,True
61748,1.0,0.0,0.5,none,True,True
61749,1.0,0.0,0.5,none,True,True
61750,1.0,0.0,0.5,none,True,True
61751,1.0,0.0,0.5,none,True,True
61752,1.0,0.0,0.5,none,True,True
61753,1.0,0.0,0.5,none,True,True
61754,1.0,0.0,0.5,none,True,True
61755,1.0,0.0,0.5,none,True,True
61756,1.0,0.0,0.5,none,True,True
61757,1.0,0.0,0.5,none,True,True
61758,1.0,0.0,0.5,none,True,True
61759,1.0,0.0,0.5,none,True,True
61760,1.0,0.0,0.5,none,True,True
61761,1.0,0.0,0.5,none,True,True
61762,1.0,0.0,0.5,none,True,True
61763,1.0,0.0,0.5,none,True,True
61764,1.0,0.0,0.5,none,True,True
61765,1.0,0.0,0.5,none,True,True
61766,1.0,0.0,0.5,none,True,True
61767,1.0,0.0,0.5,none,True,True
61768,1.0,0.0,0.5,none,True,True
61769,1.0,0.0,0.5,none,True,True
61770,1.0,0.0,0.5,none,True,True
61771,1.0,0.0,0.5,none,True,True
61772,1.0,0.0,0.5,none,True,True
61773,1.0,0.0,0.5,none,True,True
61774,1.0,0.0,0.5,none,True,True
61775,1.0,0.0,0.5,none,True,True
61776,1.0,0.0,0.5,none,True,True
61777,1.0,0.0,0.5,none,True,True
61778,1.0,0.0,0.5,none,True,True
61779,1.0,0.0,0.5,none,True,True
61780,1.0,0.0,0.5,none,True,True
61781,1.0,0.0,0.5,none,True,True
61782,1.0,0.0,0.5,none,True,True
61783,1.0,0.0,0.5,none,True,True
61784,1.0,0.0,0.5,none,True,True
61785,1.0,0.0,0.5,none,True,True
61786,1.0,0.0,0.5,none,True,True
61787,1.0,0.0,0.5,none,True,True
61788,1.0,0.0,0.5,none,True,True
61789,1.0,0.0,0.5,none,True,True
61790,1.0,0.0,0.5,none,True,True
61791,1.0,0.0,0.5,none,True,True
61792,1.0,0.0,0.5,none,True,True
61793,1.0,0.0,0.5,none,True,True
61794,1.0,0.0,0.5,none,True,True
61795,1.0,0.0,0.5,none,True,True
61796,1.0,0.0,0.5,none,True,True
61797,1.0,0.0,0.5,none,True,True
61798,1.0,0.0,0.5,none,True,True
61799,1.0,0.0,0.5,none,True,True
61800,1.0,0.0,0.5,none,True,True
61801,1.0,0.0,0.5,none,True,True
61802,1.0,0.0,0.5,none,True,True
61803,1.0,0.0,0.5,none,True,True
61804,1.0,0.0,0.5,none,True,True
61805,1.0,0.0,0.5,none,True,True
61806,1.0,0.0,0.5,none,True,True
61807,1.0,0.0,0.5,none,True,True
61808,1.0,0.0,0.5,none,True,True
61809,1.0,0.0,0.5,none,True,True
61810,1.0,0.0,0.5,none,True,True
61811,1.0,0.0,0.5,none,True,True
61812,1.0,0.0,0.5,none,True,True
61813,1.0,0.0,0.5,none,True,True
61814,1.0,0.0,0.5,none,True,True
61815,1.0,0.0,0.5,none,True,True
61816,1.0,0.0,0.5,none,True,True
61817,1.0,0.0,0.5,none,True,True
61818,1.0,0.0,0.5,none,True,True
61819,1.0,0.0,0.5,none,True,True
61820,1.0,0.0,0.5,none,True,True
61821,1.0,0.0,0.5,none,True,True
61822,1.0,0.0,0.5,none,True,True
61823,1.0,0.0,0.5,none,True,True
61824,1.0,0.0,0.5,none,True,True
61825,1.0,0.0,0.5,none,True,True
61826,1.0,0.0,0.5,none,True,True
61827,1.0,0.0,0.5,none,True,True
61828,1.0,0.0,0.5,none,True,True
61829,1.0,0.0,0.5,none,True,True
61830,1.0,0.0,0.5,none,True,True
61831,1.0,0.0,0.5,none,True,True
61832,1.0,0.0,0.5,none,True,True
61833,1.0,0.0,0.5,none,True,True
61834,1.0,0.0,0.5,none,True,True
61835,1.0,0.0,0.5,none,True,True
61836,1.0,0.0,0.5,none,True,True
61837,1.0,0.0,0.5,none,True,True
61838,1.0,0.0,0.5,none,True,True
61839,1.0,0.0,0.5,none,True,True
61840,1.0,0.0,0.5,none,True,True
61841,1.0,0.0,0.5,none,True,True
61842,1.0,0.0,0.5,none,True,True
61843,1.0,0.0,0.5,none,True,True
61844,1.0,0.0,0.5,none,True,True
61845,1.0,0.0,0.5,none,True,True
61846,1.0,0.0,0.5,none,True,True
61847,1.0,0.0,0.5,none,True,True
61848,1.0,0.0,0.5,none,True,True
61849,1.0,0.0,0.5,none,True,True
61850,1.0,0.0,0.5,none,True,True
61851,1.0,0.0,0.5,none,True,True
61852,1.0,0.0,0.5,none,True,True
61853,1.0,0.0,0.5,none,True,True
61854,1.0,0.0,0.5,none,True,True
61855,1.0,0.0,0.5,none,True,True
61856,1.0,0.0,0.5,none,True,True
61857,1.0,0.0,0.5,none,True,True
61858,1.0,0.0,0.5,none,True,True
61859,1.0,0.0,0.5,none,True,True
61860,1.0,0.0,0.5,none,True,True
61861,1.0,0.0,0.5,none,True,True
61862,1.0,0.0,0.5,none,True,True
61863,1.0,0.0,0.5,none,True,True
61864,1.0,0.0,0.5,none,True,True
61865,1.0,0.0,0.5,none,True,True
61866,1.0,0.0,0.5,none,True,True
61867,1.0,0.0,0.5,none,True,True
61868,1.0,0.0,0.5,none,True,True
61869,1.0,0.0,0.5,none,True,True
61870,1.0,0.0,0.5,none,True,True
61871,1.0,0.0,0.5,none,True,True
61872,1.0,0.0,0.5,none,True,True
61873,1.0,0.0,0.5,none,True,True
61874,1.0,0.0,0.5,none,True,True
61875,1.0,0.0,0.5,none,True,True
61876,1.0,0.0,0.5,none,True,True
61877,1.0,0.0,0.5,none,True,True
61878,1.0,0.0,0.5,none,True,True
61879,1.0,0.0,0.5,none,True,True
61880,1.0,0.0,0.5,none,True,True
61881,1.0,0.0,0.5,none,True,True
61882,1.0,0.0,0.5,none,True,True
61883,1.0,0.0,0.5,none,True,True
61884,1.0,0.0,0.5,none,True,True
61885,1.0,0.0,0.5,none,True,True
61886,1.0,0.0,0.5,none,True,True
61887,1.0,0.0,0.5,none,True,True
61888,1.0,0.0,0.5,none,True,True
61889,1.0,0.0,0.5,none,True,True
61890,1.0,0.0,0.5,none,True,True
61891,1.0,0.0,0.5,none,True,True
61892,1.0,0.0,0.5,none,True,True
61893,1.0,0.0,0.5,none,True,True
61894,1.0,0.0,0.5,none,True,True
61895,1.0,0.0,0.5,none,True,True
61896,1.0,0.0,0.5,none,True,True
61897,1.0,0.0,0.5,none,True,True
61898,1.0,0.0,0.5,none,True,True
61899,1.0,0.0,0.5,none,True,True
61900,1.0,0.0,0.5,none,True,True
61901,1.0,0.0,0.5,none,True,True
61902,1.0,0.0,0.5,none,True,True
61903,1.0,0.0,0.5,none,True,True
61904,1.0,0.0,0.5,none,True,True
61905,1.0,0.0,0.5,none,True,True
61906,1.0,0.0,0.5,none,True,True
61907,1.0,0.0,0.5,none,True,True
61908,1.0,0.0,0.5,none,True,True
61909,1.0,0.0,0.5,none,True,True
61910,1.0,0.0,0.5,none,True,True
61911,1.0,0.0,0.5,none,True,True
61912,1.0,0.0,0.5,none,True,True
61913,1.0,0.0,0.5,none,True,True
61914,1.0,0.0,0.5,none,True,True
61915,1.0,0.0,0.5,none,True,True
61916,1.0,0.0,0.5,none,True,True
61917,1.0,0.0,0.5,none,True,True
61918,1.0,0.0,0.5,none,True,True
61919,1.0,0.0,0.5,none,True,True
61920,1.0,0.0,0.5,none,True,True
61921,1.0,0.0,0.5,none,True,True
61922,1.0,0.0,0.5,none,True,True
61923,1.0,0.0,0.5,none,True,True
61924,1.0,0.0,0.5,none,True,True
61925,1.0,0.0,0.5,none,True,True
61926,1.0,0.0,0.5,none,True,True
61927,1.0,0.0,0.5,none,True,True
61928,1.0,0.0,0.5,none,True,True
61929,1.0,0.0,0.5,none,True,True
61930,1.0,0.0,0.5,none,True,True
61931,1.0,0.0,0.5,none,True,True
61932,1.0,0.0,0.5,none,True,True
61933,1.0,0.0,0.5,none,True,True
61934,1.0,0.0,0.5,none,True,True
61935,1.0,0.0,0.5,none,True,True
61936,1.0,0.0,0.5,none,True,True
61937,1.0,0.0,0.5,none,True,True
61938,1.0,0.0,0.5,none,True,True
61939,1.0,0.0,0.5,none,True,True
61940,1.0,0.0,0.5,none,True,True
61941,1.0,0.0,0.5,none,True,True
61942,1.0,0.0,0.5,none,True,True
61943,1.0,0.0,0.5,none,True,True
61944,1.0,0.0,0.5,none,True,True
61945,1.0,0.0,0.5,none,True,True
61946,1.0,0.0,0.5,none,True,True
61947,1.0,0.0,0.5,none,True,True
61948,1.0,0.0,0.5,none,True,True
61949,1.0,0.0,0.5,none,True,True
61950,1.0,0.0,0.5,none,True,True
61951,1.0,0.0,0.5,none,True,True
61952,1.0,0.0,0.5,none,True,True
61953,1.0,0.0,0.5,none,True,True
61954,1.0,0.0,0.5,none,True,True
61955,1.0,0.0,0.5,none,True,True
61956,1.0,0.0,0.5,none,True,True
61957,1.0,0.0,0.5,none,True,True
61958,1.0,0.0,0.5,none,True,True
61959,1.0,0.0,0.5,none,True,True
61960,1.0,0.0,0.5,none,True,True
61961,1.0,0.0,0.5,none,True,True
61962,1.0,0.0,0.5,none,True,True
61963,1.0,0.0,0.5,none,True,True
61964,1.0,0.0,0.5,none,True,True
61965,1.0,0.0,0.5,none,True,True
61966,1.0,0.0,0.5,none,True,True
61967,1.0,0.0,0.5,none,True,True
61968,1.0,0.0,0.5,none,True,True
61969,1.0,0.0,0.5,none,True,True
61970,1.0,0.0,0.5,none,True,True
61971,1.0,0.0,0.5,none,True,True
61972,1.0,0.0,0.5,none,True,True
61973,1.0,0.0,0.5,none,True,True
61974,1.0,0.0,0.5,none,True,True
61975,1.0,0.0,0.5,none,True,True
61976,1.0,0.0,0.5,none,True,True
61977,1.0,0.0,0.5,none,True,True
61978,1.0,0.0,0.5,none,True,True
61979,1.0,0.0,0.5,none,True,True
61980,1.0,0.0,0.5,none,True,True
61981,1.0,0.0,0.5,none,True,True
61982,1.0,0.0,0.5,none,True,True
61983,1.0,0.0,0.5,none,True,True
61984,1.0,0.0,0.5,none,True,True
61985,1.0,0.0,0.5,none,True,True
61986,1.0,0.0,0.5,none,True,True
61987,1.0,0.0,0.5,none,True,True
61988,1.0,0.0,0.5,none,True,True
61989,1.0,0.0,0.5,none,True,True
61990,1.0,0.0,0.5,none,True,True
61991,1.0,0.0,0.5,none,True,True
61992,1.0,0.0,0.5,none,True,True
61993,1.0,0.0,0.5,none,True,True
61994,1.0,0.0,0.5,none,True,True
61995,1.0,0.0,0.5,none,True,True
61996,1.0,0.0,0.5,none,True,True
61997,1.0,0.0,0.5,none,True,True
61998,1.0,0.0,0.5,none,True,True
61999,1.0,0.0,0.5,none,True,True
62000,1.0,0.0,0.5,none,True,True
62001,1.0,0.0,0.5,none,True,True
62002,1.0,0.0,0.5,none,True,True
62003,1.0,0.0,0.5,none,True,True
62004,1.0,0.0,0.5,none,True,True
62005,1.0,0.0,0.5,none,True,True
62006,1.0,0.0,0.5,none,True,True
62007,1.0,0.0,0.5,none,True,True
62008,1.0,0.0,0.5,none,True,True
62009,1.0,0.0,0.5,none,True,True
62010,1.0,0.0,0.5,none,True,True
62011,1.0,0.0,0.5,none,True,True
62012,1.0,0.0,0.5,none,True,True
62013,1.0,0.0,0.5,none,True,True
62014,1.0,0.0,0.5,none,True,True
62015,1.0,0.0,0.5,none,True,True
62016,1.0,0.0,0.5,none,True,True
62017,1.0,0.0,0.5,none,True,True
62018,1.0,0.0,0.5,none,True,True
62019,1.0,0.0,0.5,none,True,True
62020,1.0,0.0,0.5,none,True,True
62021,1.0,0.0,0.5,none,True,True
62022,1.0,0.0,0.5,none,True,True
62023,1.0,0.0,0.5,none,True,True
62024,1.0,0.0,0.5,none,True,True
62025,1.0,0.0,0.5,none,True,True
62026,1.0,0.0,0.5,none,True,True
62027,1.0,0.0,0.5,none,True,True
62028,1.0,0.0,0.5,none,True,True
62029,1.0,0.0,0.5,none,True,True
62030,1.0,0.0,0.5,none,True,True
62031,1.0,0.0,0.5,none,True,True
62032,1.0,0.0,0.5,none,True,True
62033,1.0,0.0,0.5,none,True,True
62034,1.0,0.0,0.5,none,True,True
62035,1.0,0.0,0.5,none,True,True
62036,1.0,0.0,0.5,none,True,True
62037,1.0,0.0,0.5,none,True,True
62038,1.0,0.0,0.5,none,True,True
62039,1.0,0.0,0.5,none,True,True
62040,1.0,0.0,0.5,none,True,True
62041,1.0,0.0,0.5,none,True,True
62042,1.0,0.0,0.5,none,True,True
62043,1.0,0.0,0.5,none,True,True
62044,1.0,0.0,0.5,none,True,True
62045,1.0,0.0,0.5,none,True,True
62046,1.0,0.0,0.5,none,True,True
62047,1.0,0.0,0.5,none,True,True
62048,1.0,0.0,0.5,none,True,True
62049,1.0,0.0,0.5,none,True,True
62050,1.0,0.0,0.5,none,True,True
62051,1.0,0.0,0.5,none,True,True
62052,1.0,0.0,0.5,none,True,True
62053,1.0,0.0,0.5,none,True,True
62054,1.0,0.0,0.5,none,True,True
62055,1.0,0.0,0.5,none,True,True
62056,1.0,0.0,0.5,none,True,True
62057,1.0,0.0,0.5,none,True,True
62058,1.0,0.0,0.5,none,True,True
62059,1.0,0.0,0.5,none,True,True
62060,1.0,0.0,0.5,none,True,True
62061,1.0,0.0,0.5,none,True,True
62062,1.0,0.0,0.5,none,True,True
62063,1.0,0.0,0.5,none,True,True
62064,1.0,0.0,0.5,none,True,True
62065,1.0,0.0,0.5,none,True,True
62066,1.0,0.0,0.5,none,True,True
62067,1.0,0.0,0.5,none,True,True
62068,1.0,0.0,0.5,none,True,True
62069,1.0,0.0,0.5,none,True,True
62070,1.0,0.0,0.5,none,True,True
62071,1.0,0.0,0.5,none,True,True
62072,1.0,0.0,0.5,none,True,True
62073,1.0,0.0,0.5,none,True,True
62074,1.0,0.0,0.5,none,True,True
62075,1.0,0.0,0.5,none,True,True
62076,1.0,0.0,0.5,none,True,True
62077,1.0,0.0,0.5,none,True,True
62078,1.0,0.0,0.5,none,True,True
62079,1.0,0.0,0.5,none,True,True
62080,1.0,0.0,0.5,none,True,True
62081,1.0,0.0,0.5,none,True,True
62082,1.0,0.0,0.5,none,True,True
62083,1.0,0.0,0.5,none,True,True
62084,1.0,0.0,0.5,none,True,True
62085,1.0,0.0,0.5,none,True,True
62086,1.0,0.0,0.5,none,True,True
62087,1.0,0.0,0.5,none,True,True
62088,1.0,0.0,0.5,none,True,True
62089,1.0,0.0,0.5,none,True,True
62090,1.0,0.0,0.5,none,True,True
62091,1.0,0.0,0.5,none,True,True
62092,1.0,0.0,0.5,none,True,True
62093,1.0,0.0,0.5,none,True,True
62094,1.0,0.0,0.5,none,True,True
62095,1.0,0.0,0.5,none,True,True
62096,1.0,0.0,0.5,none,True,True
62097,1.0,0.0,0.5,none,True,True
62098,1.0,0.0,0.5,none,True,True
62099,1.0,0.0,0.5,none,True,True
62100,1.0,0.0,0.5,none,True,True
62101,1.0,0.0,0.5,none,True,True
62102,1.0,0.0,0.5,none,True,True
62103,1.0,0.0,0.5,none,True,True
62104,1.0,0.0,0.5,none,True,True
62105,1.0,0.0,0.5,none,True,True
62106,1.0,0.0,0.5,none,True,True
62107,1.0,0.0,0.5,none,True,True
62108,1.0,0.0,0.5,none,True,True
62109,1.0,0.0,0.5,none,True,True
62110,1.0,0.0,0.5,none,True,True
62111,1.0,0.0,0.5,none,True,True
62112,1.0,0.0,0.5,none,True,True
62113,1.0,0.0,0.5,none,True,True
62114,1.0,0.0,0.5,none,True,True
62115,1.0,0.0,0.5,none,True,True
62116,1.0,0.0,0.5,none,True,True
62117,1.0,0.0,0.5,none,True,True
62118,1.0,0.0,0.5,none,True,True
62119,1.0,0.0,0.5,none,True,True
62120,1.0,0.0,0.5,none,True,True
62121,1.0,0.0,0.5,none,True,True
62122,1.0,0.0,0.5,none,True,True
62123,1.0,0.0,0.5,none,True,True
62124,1.0,0.0,0.5,none,True,True
62125,1.0,0.0,0.5,none,True,True
62126,1.0,0.0,0.5,none,True,True
62127,1.0,0.0,0.5,none,True,True
62128,1.0,0.0,0.5,none,True,True
62129,1.0,0.0,0.5,none,True,True
62130,1.0,0.0,0.5,none,True,True
62131,1.0,0.0,0.5,none,True,True
62132,1.0,0.0,0.5,none,True,True
62133,1.0,0.0,0.5,none,True,True
62134,1.0,0.0,0.5,none,True,True
62135,1.0,0.0,0.5,none,True,True
62136,1.0,0.0,0.5,none,True,True
62137,1.0,0.0,0.5,none,True,True
62138,1.0,0.0,0.5,none,True,True
62139,1.0,0.0,0.5,none,True,True
62140,1.0,0.0,0.5,none,True,True
62141,1.0,0.0,0.5,none,True,True
62142,1.0,0.0,0.5,none,True,True
62143,1.0,0.0,0.5,none,True,True
62144,1.0,0.0,0.5,none,True,True
62145,1.0,0.0,0.5,none,True,True
62146,1.0,0.0,0.5,none,True,True
62147,1.0,0.0,0.5,none,True,True
62148,1.0,0.0,0.5,none,True,True
62149,1.0,0.0,0.5,none,True,True
62150,1.0,0.0,0.5,none,True,True
62151,1.0,0.0,0.5,none,True,True
62152,1.0,0.0,0.5,none,True,True
62153,1.0,0.0,0.5,none,True,True
62154,1.0,0.0,0.5,none,True,True
62155,1.0,0.0,0.5,none,True,True
62156,1.0,0.0,0.5,none,True,True
62157,1.0,0.0,0.5,none,True,True
62158,1.0,0.0,0.5,none,True,True
62159,1.0,0.0,0.5,none,True,True
62160,1.0,0.0,0.5,none,True,True
62161,1.0,0.0,0.5,none,True,True
62162,1.0,0.0,0.5,none,True,True
62163,1.0,0.0,0.5,none,True,True
62164,1.0,0.0,0.5,none,True,True
62165,1.0,0.0,0.5,none,True,True
62166,1.0,0.0,0.5,none,True,True
62167,1.0,0.0,0.5,none,True,True
62168,1.0,0.0,0.5,none,True,True
62169,1.0,0.0,0.5,none,True,True
62170,1.0,0.0,0.5,none,True,True
62171,1.0,0.0,0.5,none,True,True
62172,1.0,0.0,0.5,none,True,True
62173,1.0,0.0,0.5,none,True,True
62174,1.0,0.0,0.5,none,True,True
62175,1.0,0.0,0.5,none,True,True
62176,1.0,0.0,0.5,none,True,True
62177,1.0,0.0,0.5,none,True,True
62178,1.0,0.0,0.5,none,True,True
62179,1.0,0.0,0.5,none,True,True
62180,1.0,0.0,0.5,none,True,True
62181,1.0,0.0,0.5,none,True,True
62182,1.0,0.0,0.5,none,True,True
62183,1.0,0.0,0.5,none,True,True
62184,1.0,0.0,0.5,none,True,True
62185,1.0,0.0,0.5,none,True,True
62186,1.0,0.0,0.5,none,True,True
62187,1.0,0.0,0.5,none,True,True
62188,1.0,0.0,0.5,none,True,True
62189,1.0,0.0,0.5,none,True,True
62190,1.0,0.0,0.5,none,True,True
62191,1.0,0.0,0.5,none,True,True
62192,1.0,0.0,0.5,none,True,True
62193,1.0,0.0,0.5,none,True,True
62194,1.0,0.0,0.5,none,True,True
62195,1.0,0.0,0.5,none,True,True
62196,1.0,0.0,0.5,none,True,True
62197,1.0,0.0,0.5,none,True,True
62198,1.0,0.0,0.5,none,True,True
62199,1.0,0.0,0.5,none,True,True
62200,1.0,0.0,0.5,none,True,True
62201,1.0,0.0,0.5,none,True,True
62202,1.0,0.0,0.5,none,True,True
62203,1.0,0.0,0.5,none,True,True
62204,1.0,0.0,0.5,none,True,True
62205,1.0,0.0,0.5,none,True,True
62206,1.0,0.0,0.5,none,True,True
62207,1.0,0.0,0.5,none,True,True
62208,1.0,0.0,0.5,none,True,True
62209,1.0,0.0,0.5,none,True,True
62210,1.0,0.0,0.5,none,True,True
62211,1.0,0.0,0.5,none,True,True
62212,1.0,0.0,0.5,none,True,True
62213,1.0,0.0,0.5,none,True,True
62214,1.0,0.0,0.5,none,True,True
62215,1.0,0.0,0.5,none,True,True
62216,1.0,0.0,0.5,none,True,True
62217,1.0,0.0,0.5,none,True,True
62218,1.0,0.0,0.5,none,True,True
62219,1.0,0.0,0.5,none,True,True
62220,1.0,0.0,0.5,none,True,True
62221,1.0,0.0,0.5,none,True,True
62222,1.0,0.0,0.5,none,True,True
62223,1.0,0.0,0.5,none,True,True
62224,1.0,0.0,0.5,none,True,True
62225,1.0,0.0,0.5,none,True,True
62226,1.0,0.0,0.5,none,True,True
62227,1.0,0.0,0.5,none,True,True
62228,1.0,0.0,0.5,none,True,True
62229,1.0,0.0,0.5,none,True,True
62230,1.0,0.0,0.5,none,True,True
62231,1.0,0.0,0.5,none,True,True
62232,1.0,0.0,0.5,none,True,True
62233,1.0,0.0,0.5,none,True,True
62234,1.0,0.0,0.5,none,True,True
62235,1.0,0.0,0.5,none,True,True
62236,1.0,0.0,0.5,none,True,True
62237,1.0,0.0,0.5,none,True,True
62238,1.0,0.0,0.5,none,True,True
62239,1.0,0.0,0.5,none,True,True
62240,1.0,0.0,0.5,none,True,True
62241,1.0,0.0,0.5,none,True,True
62242,1.0,0.0,0.5,none,True,True
62243,1.0,0.0,0.5,none,True,True
62244,1.0,0.0,0.5,none,True,True
62245,1.0,0.0,0.5,none,True,True
62246,1.0,0.0,0.5,none,True,True
62247,1.0,0.0,0.5,none,True,True
62248,1.0,0.0,0.5,none,True,True
62249,1.0,0.0,0.5,none,True,True
62250,1.0,0.0,0.5,none,True,True
62251,1.0,0.0,0.5,none,True,True
62252,1.0,0.0,0.5,none,True,True
62253,1.0,0.0,0.5,none,True,True
62254,1.0,0.0,0.5,none,True,True
62255,1.0,0.0,0.5,none,True,True
62256,1.0,0.0,0.5,none,True,True
62257,1.0,0.0,0.5,none,True,True
62258,1.0,0.0,0.5,none,True,True
62259,1.0,0.0,0.5,none,True,True
62260,1.0,0.0,0.5,none,True,True
62261,1.0,0.0,0.5,none,True,True
62262,1.0,0.0,0.5,none,True,True
62263,1.0,0.0,0.5,none,True,True
62264,1.0,0.0,0.5,none,True,True
62265,1.0,0.0,0.5,none,True,True
62266,1.0,0.0,0.5,none,True,True
62267,1.0,0.0,0.5,none,True,True
62268,1.0,0.0,0.5,none,True,True
62269,1.0,0.0,0.5,none,True,True
62270,1.0,0.0,0.5,none,True,True
62271,1.0,0.0,0.5,none,True,True
62272,1.0,0.0,0.5,none,True,True
62273,1.0,0.0,0.5,none,True,True
62274,1.0,0.0,0.5,none,True,True
62275,1.0,0.0,0.5,none,True,True
62276,1.0,0.0,0.5,none,True,True
62277,1.0,0.0,0.5,none,True,True
62278,1.0,0.0,0.5,none,True,True
62279,1.0,0.0,0.5,none,True,True
62280,1.0,0.0,0.5,none,True,True
62281,1.0,0.0,0.5,none,True,True
62282,1.0,0.0,0.5,none,True,True
62283,1.0,0.0,0.5,none,True,True
62284,1.0,0.0,0.5,none,True,True
62285,1.0,0.0,0.5,none,True,True
62286,1.0,0.0,0.5,none,True,True
62287,1.0,0.0,0.5,none,True,True
62288,1.0,0.0,0.5,none,True,True
62289,1.0,0.0,0.5,none,True,True
62290,1.0,0.0,0.5,none,True,True
62291,1.0,0.0,0.5,none,True,True
62292,1.0,0.0,0.5,none,True,True
62293,1.0,0.0,0.5,none,True,True
62294,1.0,0.0,0.5,none,True,True
62295,1.0,0.0,0.5,none,True,True
62296,1.0,0.0,0.5,none,True,True
62297,1.0,0.0,0.5,none,True,True
62298,1.0,0.0,0.5,none,True,True
62299,1.0,0.0,0.5,none,True,True
62300,1.0,0.0061,0.5,none,True,True
62301,1.0,0.0357,0.5,none,True,True
62302,1.0,0.0812,0.5,none,True,True
62303,1.0,0.1113,0.5,none,True,True
62304,1.0,0.1253,0.5,none,True,True
62305,1.0,0.1408,0.5,none,True,True
62306,1.0,0.0907,0.5,none,True,True
62307,1.0,0.1198,0.5,none,True,True
62308,1.0,0.0467,0.5,none,True,True
62309,1.0,0.0522,0.5,none,True,True
62310,1.0,0.0405,0.5,none,True,True
62311,1.0,0.0313,0.5,none,True,True
62312,1.0,0.0083,0.5,none,True,True
62313,1.0,0.0726,0.5,none,True,True
62314,1.0,0.0793,0.5,none,True,True
62315,1.0,0.0581,0.5,none,True,True
62316,1.0,0.0955,0.5,none,True,True
62317,1.0,0.0839,0.5,none,True,True
62318,1.0,0.0648,0.5,none,True,True
62319,1.0,0.0718,0.5,none,True,True
62320,1.0,0.0589,0.5,none,True,True
62321,1.0,0.0403,0.5,none,True,True
62322,1.0,0.0327,0.5,none,True,True
62323,1.0,0.0277,0.5,none,True,True
62324,1.0,0.017,0.5,none,True,True
62325,1.0,0.0102,0.5,none,True,True
62326,1.0,0.0099,0.5,none,True,True
62327,1.0,0.008,0.5,none,True,True
62328,1.0,0.005,0.5,none,True,True
62329,1.0,0.0063,0.5,none,True,True
62330,1.0,0.009,0.5,none,True,True
62331,1.0,0.0096,0.5,none,True,True
62332,1.0,0.0108,0.5,none,True,True
62333,1.0,0.014,0.5,none,True,True
62334,1.0,0.0161,0.5,none,True,True
62335,1.0,0.0167,0.5,none,True,True
62336,1.0,0.0182,0.5,none,True,True
62337,1.0,0.0196,0.5,none,True,True
62338,1.0,0.0197,0.5,none,True,True
62339,1.0,0.0193,0.5,none,True,True
62340,1.0,0.0193,0.5,none,True,True
62341,1.0,0.0187,0.5,none,True,True
62342,1.0,0.0174,0.5,none,True,True
62343,1.0,0.0163,0.5,none,True,True
62344,1.0,0.0152,0.5,none,True,True
62345,1.0,0.0138,0.5,none,True,True
62346,1.0,0.0123,0.5,none,True,True
62347,1.0,0.0111,0.5,none,True,True
62348,1.0,0.01,0.5,none,True,True
62349,1.0,0.0088,0.5,none,True,True
62350,1.0,0.0078,0.5,none,True,True
62351,1.0,0.0071,0.5,none,True,True
62352,1.0,0.0064,0.5,none,True,True
62353,1.0,0.0057,0.5,none,True,True
62354,1.0,0.0053,0.5,none,True,True
62355,1.0,0.005,0.5,none,True,True
62356,1.0,0.0047,0.5,none,True,True
62357,1.0,0.0045,0.5,none,True,True
62358,1.0,0.0044,0.5,none,True,True
62359,1.0,0.0043,0.5,none,True,True
62360,1.0,0.0042,0.5,none,True,True
62361,1.0,0.0041,0.5,none,True,True
62362,1.0,0.004,0.5,none,True,True
62363,1.0,0.0039,0.5,none,True,True
62364,1.0,0.0038,0.5,none,True,True
62365,1.0,0.0037,0.5,none,True,True
62366,1.0,0.0035,0.5,none,True,True
62367,1.0,0.0033,0.5,none,True,True
62368,1.0,0.0032,0.5,none,True,True
62369,1.0,0.003,0.5,none,True,True
62370,1.0,0.0028,0.5,none,True,True
62371,1.0,0.0026,0.5,none,True,True
62372,1.0,0.0024,0.5,none,True,True
62373,1.0,0.0023,0.5,none,True,True
62374,1.0,0.0021,0.5,none,True,True
62375,1.0,0.0019,0.5,none,True,True
62376,1.0,0.0018,0.5,none,True,True
62377,1.0,0.0017,0.5,none,True,True
62378,1.0,0.0015,0.5,none,True,True
62379,1.0,0.0014,0.5,none,True,True
62380,1.0,0.0013,0.5,none,True,True
62381,1.0,0.0013,0.5,none,True,True
62382,1.0,0.0012,0.5,none,True,True
62383,1.0,0.0011,0.5,none,True,True
62384,1.0,0.0011,0.5,none,True,True
62385,1.0,0.001,0.5,none,True,True
62386,1.0,0.001,0.5,none,True,True
62387,1.0,0.0009,0.5,none,True,True
62388,1.0,0.0009,0.5,none,True,True
62389,1.0,0.0008,0.5,none,True,True
62390,1.0,0.0008,0.5,none,True,True
62391,1.0,0.0008,0.5,none,True,True
62392,1.0,0.0007,0.5,none,True,True
62393,1.0,0.0007,0.5,none,True,True
62394,1.0,0.0006,0.5,none,True,True
62395,1.0,0.0006,0.5,none,True,True
62396,1.0,0.0006,0.5,none,True,True
62397,1.0,0.0005,0.5,none,True,True
62398,1.0,0.0005,0.5,none,True,True
62399,1.0,0.0005,0.5,none,True,True
62400,1.0,0.0004,0.5,none,True,True
62401,1.0,0.0004,0.5,none,True,True
62402,1.0,0.0004,0.5,none,True,True
62403,1.0,0.0004,0.5,none,True,True
62404,1.0,0.0003,0.5,none,True,True
62405,1.0,0.0003,0.5,none,True,True
62406,1.0,0.0003,0.5,none,True,True
62407,1.0,0.0003,0.5,none,True,True
62408,1.0,0.0003,0.5,none,True,True
62409,1.0,0.0003,0.5,none,True,True
62410,1.0,0.0002,0.5,none,True,True
62411,1.0,0.0002,0.5,none,True,True
62412,1.0,0.0002,0.5,none,True,True
62413,1.0,0.0002,0.5,none,True,True
62414,1.0,0.0002,0.5,none,True,True
62415,1.0,0.0002,0.5,none,True,True
62416,1.0,0.0002,0.5,none,True,True
62417,1.0,0.0002,0.5,none,True,True
62418,1.0,0.0002,0.5,none,True,True
62419,1.0,0.0001,0.5,none,True,True
62420,1.0,0.0001,0.5,none,True,True
62421,1.0,0.0001,0.5,none,True,True
62422,1.0,0.0001,0.5,none,True,True
62423,1.0,0.0001,0.5,none,True,True
62424,1.0,0.0001,0.5,none,True,True
62425,1.0,0.0001,0.5,none,True,True
62426,1.0,0.0001,0.5,none,True,True
62427,1.0,0.0001,0.5,none,True,True
62428,1.0,0.0001,0.5,none,True,True
62429,1.0,0.0001,0.5,none,True,True
62430,1.0,0.0001,0.5,none,True,True
62431,1.0,0.0001,0.5,none,True,True
62432,1.0,0.0001,0.5,none,True,True
62433,1.0,0.0001,0.5,none,True,True
62434,1.0,0.0001,0.5,none,True,True
62435,1.0,0.0001,0.5,none,True,True
62436,1.0,0.0001,0.5,none,True,True
62437,1.0,0.0,0.5,none,True,True
62438,1.0,0.0,0.5,none,True,True
62439,1.0,0.0,0.5,none,True,True
62440,1.0,0.0,0.5,none,True,True
62441,1.0,0.0,0.5,none,True,True
62442,1.0,0.0,0.5,none,True,True
62443,1.0,0.0,0.5,none,True,True
62444,1.0,0.0,0.5,none,True,True
62445,1.0,0.0,0.5,none,True,True
62446,1.0,0.0,0.5,none,True,True
62447,1.0,0.0,0.5,none,True,True
62448,1.0,0.0,0.5,none,True,True
62449,1.0,0.0,0.5,none,True,True
62450,1.0,0.0,0.5,none,True,True
62451,1.0,0.0,0.5,none,True,True
62452,1.0,0.0,0.5,none,True,True
62453,1.0,0.0,0.5,none,True,True
62454,1.0,0.0,0.5,none,True,True
62455,1.0,0.0,0.5,none,True,True
62456,1.0,0.0,0.5,none,True,True
62457,1.0,0.0,0.5,none,True,True
62458,1.0,0.0,0.5,none,True,True
62459,1.0,0.0,0.5,none,True,True
62460,1.0,0.0,0.5,none,True,True
62461,1.0,0.0,0.5,none,True,True
62462,1.0,0.0,0.5,none,True,True
62463,1.0,0.0,0.5,none,True,True
62464,1.0,0.0,0.5,none,True,True
62465,1.0,0.0,0.5,none,True,True
62466,1.0,0.0,0.5,none,True,True
62467,1.0,0.0,0.5,none,True,True
62468,1.0,0.0,0.5,none,True,True
62469,1.0,0.0,0.5,none,True,True
62470,1.0,0.0,0.5,none,True,True
62471,1.0,0.0,0.5,none,True,True
62472,1.0,0.0,0.5,none,True,True
62473,1.0,0.0,0.5,none,True,True
62474,1.0,0.0,0.5,none,True,True
62475,1.0,0.0,0.5,none,True,True
62476,1.0,0.0,0.5,none,True,True
62477,1.0,0.0,0.5,none,True,True
62478,1.0,0.0,0.5,none,True,True
62479,1.0,0.0,0.5,none,True,True
62480,1.0,0.0,0.5,none,True,True
62481,1.0,0.0,0.5,none,True,True
62482,1.0,0.0,0.5,none,True,True
62483,1.0,0.0,0.5,none,True,True
62484,1.0,0.0,0.5,none,True,True
62485,1.0,0.0,0.5,none,True,True
62486,1.0,0.0,0.5,none,True,True
62487,1.0,0.0,0.5,none,True,True
62488,1.0,0.0,0.5,none,True,True
62489,1.0,0.0,0.5,none,True,True
62490,1.0,0.0,0.5,none,True,True
62491,1.0,0.0,0.5,none,True,True
62492,1.0,0.0,0.5,none,True,True
62493,1.0,0.0,0.5,none,True,True
62494,1.0,0.0,0.5,none,True,True
62495,1.0,0.0,0.5,none,True,True
62496,1.0,0.0,0.5,none,True,True
62497,1.0,0.0,0.5,none,True,True
62498,1.0,0.0,0.5,none,True,True
62499,1.0,0.0,0.5,none,True,True
62500,1.0,0.0,0.5,none,True,True
62501,1.0,0.0,0.5,none,True,True
62502,1.0,0.0,0.5,none,True,True
62503,1.0,0.0,0.5,none,True,True
62504,1.0,0.0,0.5,none,True,True
62505,1.0,0.0,0.5,none,True,True
62506,1.0,0.0,0.5,none,True,True
62507,1.0,0.0,0.5,none,True,True
62508,1.0,0.0,0.5,none,True,True
62509,1.0,0.0,0.5,none,True,True
62510,1.0,0.0,0.5,none,True,True
62511,1.0,0.0,0.5,none,True,True
62512,1.0,0.0,0.5,none,True,True
62513,1.0,0.0,0.5,none,True,True
62514,1.0,0.0,0.5,none,True,True
62515,1.0,0.0,0.5,none,True,True
62516,1.0,0.0,0.5,none,True,True
62517,1.0,0.0,0.5,none,True,True
62518,1.0,0.0,0.5,none,True,True
62519,1.0,0.0,0.5,none,True,True
62520,1.0,0.0,0.5,none,True,True
62521,1.0,0.0,0.5,none,True,True
62522,1.0,0.0,0.5,none,True,True
62523,1.0,0.0,0.5,none,True,True
62524,1.0,0.0,0.5,none,True,True
62525,1.0,0.0,0.5,none,True,True
62526,1.0,0.0,0.5,none,True,True
62527,1.0,0.0,0.5,none,True,True
62528,1.0,0.0,0.5,none,True,True
62529,1.0,0.0,0.5,none,True,True
62530,1.0,0.0,0.5,none,True,True
62531,1.0,0.0,0.5,none,True,True
62532,1.0,0.0,0.5,none,True,True
62533,1.0,0.0,0.5,none,True,True
62534,1.0,0.0,0.5,none,True,True
62535,1.0,0.0,0.5,none,True,True
62536,1.0,0.0,0.5,none,True,True
62537,1.0,0.0,0.5,none,True,True
62538,1.0,0.0,0.5,none,True,True
62539,1.0,0.0,0.5,none,True,True
62540,1.0,0.0,0.5,none,True,True
62541,1.0,0.0,0.5,none,True,True
62542,1.0,0.0,0.5,none,True,True
62543,1.0,0.0,0.5,none,True,True
62544,1.0,0.0,0.5,none,True,True
62545,1.0,0.0,0.5,none,True,True
62546,1.0,0.0,0.5,none,True,True
62547,1.0,0.0,0.5,none,True,True
62548,1.0,0.0,0.5,none,True,True
62549,1.0,0.0,0.5,none,True,True
62550,1.0,0.0,0.5,none,True,True
62551,1.0,0.0,0.5,none,True,True
62552,1.0,0.0,0.5,none,True,True
62553,1.0,0.0,0.5,none,True,True
62554,1.0,0.0,0.5,none,True,True
62555,1.0,0.0,0.5,none,True,True
62556,1.0,0.0,0.5,none,True,True
62557,1.0,0.0,0.5,none,True,True
62558,1.0,0.0,0.5,none,True,True
62559,1.0,0.0,0.5,none,True,True
62560,1.0,0.0,0.5,none,True,True
62561,1.0,0.0,0.5,none,True,True
62562,1.0,0.0,0.5,none,True,True
62563,1.0,0.0,0.5,none,True,True
62564,1.0,0.0,0.5,none,True,True
62565,1.0,0.0,0.5,none,True,True
62566,1.0,0.0,0.5,none,True,True
62567,1.0,0.0,0.5,none,True,True
62568,1.0,0.0,0.5,none,True,True
62569,1.0,0.0,0.5,none,True,True
62570,1.0,0.0,0.5,none,True,True
62571,1.0,0.0,0.5,none,True,True
62572,1.0,0.0,0.5,none,True,True
62573,1.0,0.0,0.5,none,True,True
62574,1.0,0.0,0.5,none,True,True
62575,1.0,0.0,0.5,none,True,True
62576,1.0,0.0,0.5,none,True,True
62577,1.0,0.0,0.5,none,True,True
62578,1.0,0.0,0.5,none,True,True
62579,1.0,0.0,0.5,none,True,True
62580,1.0,0.0,0.5,none,True,True
62581,1.0,0.0,0.5,none,True,True
62582,1.0,0.0,0.5,none,True,True
62583,1.0,0.0,0.5,none,True,True
62584,1.0,0.0,0.5,none,True,True
62585,1.0,0.0,0.5,none,True,True
62586,1.0,0.0,0.5,none,True,True
62587,1.0,0.0,0.5,none,True,True
62588,1.0,0.0,0.5,none,True,True
62589,1.0,0.0,0.5,none,True,True
62590,1.0,0.0,0.5,none,True,True
62591,1.0,0.0,0.5,none,True,True
62592,1.0,0.0,0.5,none,True,True
62593,1.0,0.0,0.5,none,True,True
62594,1.0,0.0,0.5,none,True,True
62595,1.0,0.0,0.5,none,True,True
62596,1.0,0.0,0.5,none,True,True
62597,1.0,0.0,0.5,none,True,True
62598,1.0,0.0,0.5,none,True,True
62599,1.0,0.0,0.5,none,True,True
62600,1.0,0.0,0.5,none,True,True
62601,1.0,0.0,0.5,none,True,True
62602,1.0,0.0,0.5,none,True,True
62603,1.0,0.0,0.5,none,True,True
62604,1.0,0.0,0.5,none,True,True
62605,1.0,0.0,0.5,none,True,True
62606,1.0,0.0,0.5,none,True,True
62607,1.0,0.0,0.5,none,True,True
62608,1.0,0.0,0.5,none,True,True
62609,1.0,0.0,0.5,none,True,True
62610,1.0,0.0,0.5,none,True,True
62611,1.0,0.0,0.5,none,True,True
62612,1.0,0.0,0.5,none,True,True
62613,1.0,0.0,0.5,none,True,True
62614,1.0,0.0,0.5,none,True,True
62615,1.0,0.0,0.5,none,True,True
62616,1.0,0.0,0.5,none,True,True
62617,1.0,0.0,0.5,none,True,True
62618,1.0,0.0,0.5,none,True,True
62619,1.0,0.0,0.5,none,True,True
62620,1.0,0.0,0.5,none,True,True
62621,1.0,0.0,0.5,none,True,True
62622,1.0,0.0,0.5,none,True,True
62623,1.0,0.0,0.5,none,True,True
62624,1.0,0.0,0.5,none,True,True
62625,1.0,0.0,0.5,none,True,True
62626,1.0,0.0,0.5,none,True,True
62627,1.0,0.0,0.5,none,True,True
62628,1.0,0.0,0.5,none,True,True
62629,1.0,0.0,0.5,none,True,True
62630,1.0,0.0,0.5,none,True,True
62631,1.0,0.0,0.5,none,True,True
62632,1.0,0.0,0.5,none,True,True
62633,1.0,0.0,0.5,none,True,True
62634,1.0,0.0,0.5,none,True,True
62635,1.0,0.0,0.5,none,True,True
62636,1.0,0.0,0.5,none,True,True
62637,1.0,0.0,0.5,none,True,True
62638,1.0,0.0,0.5,none,True,True
62639,1.0,0.0,0.5,none,True,True
62640,1.0,0.0,0.5,none,True,True
62641,1.0,0.0,0.5,none,True,True
62642,1.0,0.0,0.5,none,True,True
62643,1.0,0.0,0.5,none,True,True
62644,1.0,0.0,0.5,none,True,True
62645,1.0,0.0,0.5,none,True,True
62646,1.0,0.0,0.5,none,True,True
62647,1.0,0.0,0.5,none,True,True
62648,1.0,0.0,0.5,none,True,True
62649,1.0,0.0,0.5,none,True,True
62650,1.0,0.0,0.5,none,True,True
62651,1.0,0.0,0.5,none,True,True
62652,1.0,0.0,0.5,none,True,True
62653,1.0,0.0,0.5,none,True,True
62654,1.0,0.0,0.5,none,True,True
62655,1.0,0.0,0.5,none,True,True
62656,1.0,0.0,0.5,none,True,True
62657,1.0,0.0,0.5,none,True,True
62658,1.0,0.0,0.5,none,True,True
62659,1.0,0.0,0.5,none,True,True
62660,1.0,0.0,0.5,none,True,True
62661,1.0,0.0,0.5,none,True,True
62662,1.0,0.0,0.5,none,True,True
62663,1.0,0.0,0.5,none,True,True
62664,1.0,0.0,0.5,none,True,True
62665,1.0,0.0,0.5,none,True,True
62666,1.0,0.0,0.5,none,True,True
62667,1.0,0.0,0.5,none,True,True
62668,1.0,0.0,0.5,none,True,True
62669,1.0,0.0,0.5,none,True,True
62670,1.0,0.0,0.5,none,True,True
62671,1.0,0.0,0.5,none,True,True
62672,1.0,0.0,0.5,none,True,True
62673,1.0,0.0,0.5,none,True,True
62674,1.0,0.0,0.5,none,True,True
62675,1.0,0.0,0.5,none,True,True
62676,1.0,0.0,0.5,none,True,True
62677,1.0,0.0,0.5,none,True,True
62678,1.0,0.0,0.5,none,True,True
62679,1.0,0.0,0.5,none,True,True
62680,1.0,0.0,0.5,none,True,True
62681,1.0,0.0,0.5,none,True,True
62682,1.0,0.0,0.5,none,True,True
62683,1.0,0.0,0.5,none,True,True
62684,1.0,0.0,0.5,none,True,True
62685,1.0,0.0,0.5,none,True,True
62686,1.0,0.0,0.5,none,True,True
62687,1.0,0.0,0.5,none,True,True
62688,1.0,0.0,0.5,none,True,True
62689,1.0,0.0,0.5,none,True,True
62690,1.0,0.0,0.5,none,True,True
62691,1.0,0.0,0.5,none,True,True
62692,1.0,0.0,0.5,none,True,True
62693,1.0,0.0,0.5,none,True,True
62694,1.0,0.0,0.5,none,True,True
62695,1.0,0.0,0.5,none,True,True
62696,1.0,0.0,0.5,none,True,True
62697,1.0,0.0,0.5,none,True,True
62698,1.0,0.0,0.5,none,True,True
62699,1.0,0.0,0.5,none,True,True
62700,1.0,0.0,0.5,none,True,True
62701,1.0,0.0,0.5,none,True,True
62702,1.0,0.0,0.5,none,True,True
62703,1.0,0.0,0.5,none,True,True
62704,1.0,0.0,0.5,none,True,True
62705,1.0,0.0,0.5,none,True,True
62706,1.0,0.0,0.5,none,True,True
62707,1.0,0.0,0.5,none,True,True
62708,1.0,0.0,0.5,none,True,True
62709,1.0,0.0,0.5,none,True,True
62710,1.0,0.0,0.5,none,True,True
62711,1.0,0.0,0.5,none,True,True
62712,1.0,0.0,0.5,none,True,True
62713,1.0,0.0,0.5,none,True,True
62714,1.0,0.0,0.5,none,True,True
62715,1.0,0.0,0.5,none,True,True
62716,1.0,0.0,0.5,none,True,True
62717,1.0,0.0,0.5,none,True,True
62718,1.0,0.0,0.5,none,True,True
62719,1.0,0.0,0.5,none,True,True
62720,1.0,0.0,0.5,none,True,True
62721,1.0,0.0,0.5,none,True,True
62722,1.0,0.0,0.5,none,True,True
62723,1.0,0.0,0.5,none,True,True
62724,1.0,0.0,0.5,none,True,True
62725,1.0,0.0,0.5,none,True,True
62726,1.0,0.0,0.5,none,True,True
62727,1.0,0.0,0.5,none,True,True
62728,1.0,0.0,0.5,none,True,True
62729,1.0,0.0,0.5,none,True,True
62730,1.0,0.0,0.5,none,True,True
62731,1.0,0.0,0.5,none,True,True
62732,1.0,0.0,0.5,none,True,True
62733,1.0,0.0,0.5,none,True,True
62734,1.0,0.0,0.5,none,True,True
62735,1.0,0.0,0.5,none,True,True
62736,1.0,0.0,0.5,none,True,True
62737,1.0,0.0,0.5,none,True,True
62738,1.0,0.0,0.5,none,True,True
62739,1.0,0.0,0.5,none,True,True
62740,1.0,0.0,0.5,none,True,True
62741,1.0,0.0,0.5,none,True,True
62742,1.0,0.0,0.5,none,True,True
62743,1.0,0.0,0.5,none,True,True
62744,1.0,0.0,0.5,none,True,True
62745,1.0,0.0,0.5,none,True,True
62746,1.0,0.0,0.5,none,True,True
62747,1.0,0.0,0.5,none,True,True
62748,1.0,0.0,0.5,none,True,True
62749,1.0,0.0,0.5,none,True,True
62750,1.0,0.0,0.5,none,True,True
62751,1.0,0.0,0.5,none,True,True
62752,1.0,0.0,0.5,none,True,True
62753,1.0,0.0,0.5,none,True,True
62754,1.0,0.0,0.5,none,True,True
62755,1.0,0.0,0.5,none,True,True
62756,1.0,0.0,0.5,none,True,True
62757,1.0,0.0,0.5,none,True,True
62758,1.0,0.0,0.5,none,True,True
62759,1.0,0.0,0.5,none,True,True
62760,1.0,0.0,0.5,none,True,True
62761,1.0,0.0,0.5,none,True,True
62762,1.0,0.0,0.5,none,True,True
62763,1.0,0.0,0.5,none,True,True
62764,1.0,0.0,0.5,none,True,True
62765,1.0,0.0,0.5,none,True,True
62766,1.0,0.0,0.5,none,True,True
62767,1.0,0.0,0.5,none,True,True
62768,1.0,0.0,0.5,none,True,True
62769,1.0,0.0,0.5,none,True,True
62770,1.0,0.0,0.5,none,True,True
62771,1.0,0.0,0.5,none,True,True
62772,1.0,0.0,0.5,none,True,True
62773,1.0,0.0,0.5,none,True,True
62774,1.0,0.0,0.5,none,True,True
62775,1.0,0.0,0.5,none,True,True
62776,1.0,0.0,0.5,none,True,True
62777,1.0,0.0,0.5,none,True,True
62778,1.0,0.0,0.5,none,True,True
62779,1.0,0.0,0.5,none,True,True
62780,1.0,0.0,0.5,none,True,True
62781,1.0,0.0,0.5,none,True,True
62782,1.0,0.0,0.5,none,True,True
62783,1.0,0.0,0.5,none,True,True
62784,1.0,0.0,0.5,none,True,True
62785,1.0,0.0,0.5,none,True,True
62786,1.0,0.0,0.5,none,True,True
62787,1.0,0.0,0.5,none,True,True
62788,1.0,0.0,0.5,none,True,True
62789,1.0,0.0,0.5,none,True,True
62790,1.0,0.0,0.5,none,True,True
62791,1.0,0.0,0.5,none,True,True
62792,1.0,0.0,0.5,none,True,True
62793,1.0,0.0,0.5,none,True,True
62794,1.0,0.0,0.5,none,True,True
62795,1.0,0.0,0.5,none,True,True
62796,1.0,0.0,0.5,none,True,True
62797,1.0,0.0,0.5,none,True,True
62798,1.0,0.0,0.5,none,True,True
62799,1.0,0.0,0.5,none,True,True
62800,1.0,0.0,0.5,none,True,True
62801,1.0,0.0,0.5,none,True,True
62802,1.0,0.0,0.5,none,True,True
62803,1.0,0.0,0.5,none,True,True
62804,1.0,0.0,0.5,none,True,True
62805,1.0,0.0,0.5,none,True,True
62806,1.0,0.0,0.5,none,True,True
62807,1.0,0.0,0.5,none,True,True
62808,1.0,0.0,0.5,none,True,True
62809,1.0,0.0,0.5,none,True,True
62810,1.0,0.0,0.5,none,True,True
62811,1.0,0.0,0.5,none,True,True
62812,1.0,0.0,0.5,none,True,True
62813,1.0,0.0,0.5,none,True,True
62814,1.0,0.0,0.5,none,True,True
62815,1.0,0.0,0.5,none,True,True
62816,1.0,0.0,0.5,none,True,True
62817,1.0,0.0,0.5,none,True,True
62818,1.0,0.0,0.5,none,True,True
62819,1.0,0.0,0.5,none,True,True
62820,1.0,0.0,0.5,none,True,True
62821,1.0,0.0,0.5,none,True,True
62822,1.0,0.0,0.5,none,True,True
62823,1.0,0.0,0.5,none,True,True
62824,1.0,0.0,0.5,none,True,True
62825,1.0,0.0,0.5,none,True,True
62826,1.0,0.0,0.5,none,True,True
62827,1.0,0.0,0.5,none,True,True
62828,1.0,0.0,0.5,none,True,True
62829,1.0,0.0,0.5,none,True,True
62830,1.0,0.0,0.5,none,True,True
62831,1.0,0.0,0.5,none,True,True
62832,1.0,0.0,0.5,none,True,True
62833,1.0,0.0,0.5,none,True,True
62834,1.0,0.0,0.5,none,True,True
62835,1.0,0.0,0.5,none,True,True
62836,1.0,0.0,0.5,none,True,True
62837,1.0,0.0,0.5,none,True,True
62838,1.0,0.0,0.5,none,True,True
62839,1.0,0.0,0.5,none,True,True
62840,1.0,0.0,0.5,none,True,True
62841,1.0,0.0,0.5,none,True,True
62842,1.0,0.0,0.5,none,True,True
62843,1.0,0.0,0.5,none,True,True
62844,1.0,0.0,0.5,none,True,True
62845,1.0,0.0,0.5,none,True,True
62846,1.0,0.0,0.5,none,True,True
62847,1.0,0.0,0.5,none,True,True
62848,1.0,0.0,0.5,none,True,True
62849,1.0,0.0,0.5,none,True,True
62850,1.0,0.0,0.5,none,True,True
62851,1.0,0.0,0.5,none,True,True
62852,1.0,0.0,0.5,none,True,True
62853,1.0,0.0,0.5,none,True,True
62854,1.0,0.0,0.5,none,True,True
62855,1.0,0.0,0.5,none,True,True
62856,1.0,0.0,0.5,none,True,True
62857,1.0,0.0,0.5,none,True,True
62858,1.0,0.0,0.5,none,True,True
62859,1.0,0.0,0.5,none,True,True
62860,1.0,0.0,0.5,none,True,True
62861,1.0,0.0,0.5,none,True,True
62862,1.0,0.0,0.5,none,True,True
62863,1.0,0.0,0.5,none,True,True
62864,1.0,0.0,0.5,none,True,True
62865,1.0,0.0,0.5,none,True,True
62866,1.0,0.0,0.5,none,True,True
62867,1.0,0.0,0.5,none,True,True
62868,1.0,0.0,0.5,none,True,True
62869,1.0,0.0,0.5,none,True,True
62870,1.0,0.0,0.5,none,True,True
62871,1.0,0.0,0.5,none,True,True
62872,1.0,0.0,0.5,none,True,True
62873,1.0,0.0,0.5,none,True,True
62874,1.0,0.0,0.5,none,True,True
62875,1.0,0.0,0.5,none,True,True
62876,1.0,0.0,0.5,none,True,True
62877,1.0,0.0,0.5,none,True,True
62878,1.0,0.0,0.5,none,True,True
62879,1.0,0.0,0.5,none,True,True
62880,1.0,0.0,0.5,none,True,True
62881,1.0,0.0,0.5,none,True,True
62882,1.0,0.0,0.5,none,True,True
62883,1.0,0.0,0.5,none,True,True
62884,1.0,0.0,0.5,none,True,True
62885,1.0,0.0,0.5,none,True,True
62886,1.0,0.0,0.5,none,True,True
62887,1.0,0.0,0.5,none,True,True
62888,1.0,0.0,0.5,none,True,True
62889,1.0,0.0,0.5,none,True,True
62890,1.0,0.0,0.5,none,True,True
62891,1.0,0.0,0.5,none,True,True
62892,1.0,0.0,0.5,none,True,True
62893,1.0,0.0,0.5,none,True,True
62894,1.0,0.0,0.5,none,True,True
62895,1.0,0.0,0.5,none,True,True
62896,1.0,0.0,0.5,none,True,True
62897,1.0,0.0,0.5,none,True,True
62898,1.0,0.0,0.5,none,True,True
62899,1.0,0.0,0.5,none,True,True
62900,1.0,0.0,0.5,none,True,True
62901,1.0,0.0,0.5,none,True,True
62902,1.0,0.0,0.5,none,True,True
62903,1.0,0.0,0.5,none,True,True
62904,1.0,0.0,0.5,none,True,True
62905,1.0,0.0,0.5,none,True,True
62906,1.0,0.0,0.5,none,True,True
62907,1.0,0.0,0.5,none,True,True
62908,1.0,0.0,0.5,none,True,True
62909,1.0,0.0,0.5,none,True,True
62910,1.0,0.0,0.5,none,True,True
62911,1.0,0.0,0.5,none,True,True
62912,1.0,0.0,0.5,none,True,True
62913,1.0,0.0,0.5,none,True,True
62914,1.0,0.0,0.5,none,True,True
62915,1.0,0.0,0.5,none,True,True
62916,1.0,0.0,0.5,none,True,True
62917,1.0,0.0,0.5,none,True,True
62918,1.0,0.0,0.5,none,True,True
62919,1.0,0.0,0.5,none,True,True
62920,1.0,0.0,0.5,none,True,True
62921,1.0,0.0,0.5,none,True,True
62922,1.0,0.0,0.5,none,True,True
62923,1.0,0.0,0.5,none,True,True
62924,1.0,0.0,0.5,none,True,True
62925,1.0,0.0,0.5,none,True,True
62926,1.0,0.0,0.5,none,True,True
62927,1.0,0.0,0.5,none,True,True
62928,1.0,0.0,0.5,none,True,True
62929,1.0,0.0,0.5,none,True,True
62930,1.0,0.0,0.5,none,True,True
62931,1.0,0.0,0.5,none,True,True
62932,1.0,0.0,0.5,none,True,True
62933,1.0,0.0,0.5,none,True,True
62934,1.0,0.0,0.5,none,True,True
62935,1.0,0.0,0.5,none,True,True
62936,1.0,0.0,0.5,none,True,True
62937,1.0,0.0,0.5,none,True,True
62938,1.0,0.0,0.5,none,True,True
62939,1.0,0.0,0.5,none,True,True
62940,1.0,0.0,0.5,none,True,True
62941,1.0,0.0,0.5,none,True,True
62942,1.0,0.0,0.5,none,True,True
62943,1.0,0.0,0.5,none,True,True
62944,1.0,0.0,0.5,none,True,True
62945,1.0,0.0,0.5,none,True,True
62946,1.0,0.0,0.5,none,True,True
62947,1.0,0.0,0.5,none,True,True
62948,1.0,0.0,0.5,none,True,True
62949,1.0,0.0,0.5,none,True,True
62950,1.0,0.0,0.5,none,True,True
62951,1.0,0.0,0.5,none,True,True
62952,1.0,0.0,0.5,none,True,True
62953,1.0,0.0,0.5,none,True,True
62954,1.0,0.0,0.5,none,True,True
62955,1.0,0.0,0.5,none,True,True
62956,1.0,0.0,0.5,none,True,True
62957,1.0,0.0,0.5,none,True,True
62958,1.0,0.0,0.5,none,True,True
62959,1.0,0.0,0.5,none,True,True
62960,1.0,0.0,0.5,none,True,True
62961,1.0,0.0,0.5,none,True,True
62962,1.0,0.0,0.5,none,True,True
62963,1.0,0.0,0.5,none,True,True
62964,1.0,0.0,0.5,none,True,True
62965,1.0,0.0,0.5,none,True,True
62966,1.0,0.0,0.5,none,True,True
62967,1.0,0.0,0.5,none,True,True
62968,1.0,0.0,0.5,none,True,True
62969,1.0,0.0,0.5,none,True,True
62970,1.0,0.0,0.5,none,True,True
62971,1.0,0.0,0.5,none,True,True
62972,1.0,0.0,0.5,none,True,True
62973,1.0,0.0,0.5,none,True,True
62974,1.0,0.0,0.5,none,True,True
62975,1.0,0.0,0.5,none,True,True
62976,1.0,0.0,0.5,none,True,True
62977,1.0,0.0,0.5,none,True,True
62978,1.0,0.0,0.5,none,True,True
62979,1.0,0.0,0.5,none,True,True
62980,1.0,0.0,0.5,none,True,True
62981,1.0,0.0,0.5,none,True,True
62982,1.0,0.0,0.5,none,True,True
62983,1.0,0.0,0.5,none,True,True
62984,1.0,0.0,0.5,none,True,True
62985,1.0,0.0,0.5,none,True,True
62986,1.0,0.0,0.5,none,True,True
62987,1.0,0.0,0.5,none,True,True
62988,1.0,0.0,0.5,none,True,True
62989,1.0,0.0,0.5,none,True,True
62990,1.0,0.0,0.5,none,True,True
62991,1.0,0.0,0.5,none,True,True
62992,1.0,0.0,0.5,none,True,True
62993,1.0,0.0,0.5,none,True,True
62994,1.0,0.0,0.5,none,True,True
62995,1.0,0.0,0.5,none,True,True
62996,1.0,0.0,0.5,none,True,True
62997,1.0,0.0,0.5,none,True,True
62998,1.0,0.0,0.5,none,True,True
62999,1.0,0.0,0.5,none,True,True
63000,1.0,0.0061,0.5,none,True,True
63001,1.0,0.0357,0.5,none,True,True
63002,1.0,0.0812,0.5,none,True,True
63003,1.0,0.1113,0.5,none,True,True
63004,1.0,0.1253,0.5,none,True,True
63005,1.0,0.1408,0.5,none,True,True
63006,1.0,0.0907,0.5,none,True,True
63007,1.0,0.1198,0.5,none,True,True
63008,1.0,0.0467,0.5,none,True,True
63009,1.0,0.0522,0.5,none,True,True
63010,1.0,0.0405,0.5,none,True,True
63011,1.0,0.0313,0.5,none,True,True
63012,1.0,0.0083,0.5,none,True,True
63013,1.0,0.0726,0.5,none,True,True
63014,1.0,0.0793,0.5,none,True,True
63015,1.0,0.0581,0.5,none,True,True
63016,1.0,0.0955,0.5,none,True,True
63017,1.0,0.0839,0.5,none,True,True
63018,1.0,0.0648,0.5,none,True,True
63019,1.0,0.0718,0.5,none,True,True
63020,1.0,0.0589,0.5,none,True,True
63021,1.0,0.0403,0.5,none,True,True
63022,1.0,0.0327,0.5,none,True,True
63023,1.0,0.0277,0.5,none,True,True
63024,1.0,0.017,0.5,none,True,True
63025,1.0,0.0102,0.5,none,True,True
63026,1.0,0.0099,0.5,none,True,True
63027,1.0,0.008,0.5,none,True,True
63028,1.0,0.005,0.5,none,True,True
63029,1.0,0.0063,0.5,none,True,True
63030,1.0,0.009,0.5,none,True,True
63031,1.0,0.0096,0.5,none,True,True
63032,1.0,0.0108,0.5,none,True,True
63033,1.0,0.014,0.5,none,True,True
63034,1.0,0.0161,0.5,none,True,True
63035,1.0,0.0167,0.5,none,True,True
63036,1.0,0.0182,0.5,none,True,True
63037,1.0,0.0196,0.5,none,True,True
63038,1.0,0.0197,0.5,none,True,True
63039,1.0,0.0193,0.5,none,True,True
63040,1.0,0.0193,0.5,none,True,True
63041,1.0,0.0187,0.5,none,True,True
63042,1.0,0.0174,0.5,none,True,True
63043,1.0,0.0163,0.5,none,True,True
63044,1.0,0.0152,0.5,none,True,True
63045,1.0,0.0138,0.5,none,True,True
63046,1.0,0.0123,0.5,none,True,True
63047,1.0,0.0111,0.5,none,True,True
63048,1.0,0.01,0.5,none,True,True
63049,1.0,0.0088,0.5,none,True,True
63050,1.0,0.0078,0.5,none,True,True
63051,1.0,0.0071,0.5,none,True,True
63052,1.0,0.0064,0.5,none,True,True
63053,1.0,0.0057,0.5,none,True,True
63054,1.0,0.0053,0.5,none,True,True
63055,1.0,0.005,0.5,none,True,True
63056,1.0,0.0047,0.5,none,True,True
63057,1.0,0.0045,0.5,none,True,True
63058,1.0,0.0044,0.5,none,True,True
63059,1.0,0.0043,0.5,none,True,True
63060,1.0,0.0042,0.5,none,True,True
63061,1.0,0.0041,0.5,none,True,True
63062,1.0,0.004,0.5,none,True,True
63063,1.0,0.0039,0.5,none,True,True
63064,1.0,0.0038,0.5,none,True,True
63065,1.0,0.0037,0.5,none,True,True
63066,1.0,0.0035,0.5,none,True,True
63067,1.0,0.0033,0.5,none,True,True
63068,1.0,0.0032,0.5,none,True,True
63069,1.0,0.003,0.5,none,True,True
63070,1.0,0.0028,0.5,none,True,True
63071,1.0,0.0026,0.5,none,True,True
63072,1.0,0.0024,0.5,none,True,True
63073,1.0,0.0023,0.5,none,True,True
63074,1.0,0.0021,0.5,none,True,True
63075,1.0,0.0019,0.5,none,True,True
63076,1.0,0.0018,0.5,none,True,True
63077,1.0,0.0017,0.5,none,True,True
63078,1.0,0.0015,0.5,none,True,True
63079,1.0,0.0014,0.5,none,True,True
63080,1.0,0.0013,0.5,none,True,True
63081,1.0,0.0013,0.5,none,True,True
63082,1.0,0.0012,0.5,none,True,True
63083,1.0,0.0011,0.5,none,True,True
63084,1.0,0.0011,0.5,none,True,True
63085,1.0,0.001,0.5,none,True,True
63086,1.0,0.001,0.5,none,True,True
63087,1.0,0.0009,0.5,none,True,True
63088,1.0,0.0009,0.5,none,True,True
63089,1.0,0.0008,0.5,none,True,True
63090,1.0,0.0008,0.5,none,True,True
63091,1.0,0.0008,0.5,none,True,True
63092,1.0,0.0007,0.5,none,True,True
63093,1.0,0.0007,0.5,none,True,True
63094,1.0,0.0006,0.5,none,True,True
63095,1.0,0.0006,0.5,none,True,True
63096,1.0,0.0006,0.5,none,True,True
63097,1.0,0.0005,0.5,none,True,True
63098,1.0,0.0005,0.5,none,True,True
63099,1.0,0.0005,0.5,none,True,True
63100,1.0,0.0004,0.5,none,True,True
63101,1.0,0.0004,0.5,none,True,True
63102,1.0,0.0004,0.5,none,True,True
63103,1.0,0.0004,0.5,none,True,True
63104,1.0,0.0003,0.5,none,True,True
63105,1.0,0.0003,0.5,none,True,True
63106,1.0,0.0003,0.5,none,True,True
63107,1.0,0.0003,0.5,none,True,True
63108,1.0,0.0003,0.5,none,True,True
63109,1.0,0.0003,0.5,none,True,True
63110,1.0,0.0002,0.5,none,True,True
63111,1.0,0.0002,0.5,none,True,True
63112,1.0,0.0002,0.5,none,True,True
63113,1.0,0.0002,0.5,none,True,True
63114,1.0,0.0002,0.5,none,True,True
63115,1.0,0.0002,0.5,none,True,True
63116,1.0,0.0002,0.5,none,True,True
63117,1.0,0.0002,0.5,none,True,True
63118,1.0,0.0002,0.5,none,True,True
63119,1.0,0.0001,0.5,none,True,True
63120,1.0,0.0001,0.5,none,True,True
63121,1.0,0.0001,0.5,none,True,True
63122,1.0,0.0001,0.5,none,True,True
63123,1.0,0.0001,0.5,none,True,True
63124,1.0,0.0001,0.5,none,True,True
63125,1.0,0.0001,0.5,none,True,True
63126,1.0,0.0001,0.5,none,True,True
63127,1.0,0.0001,0.5,none,True,True
63128,1.0,0.0001,0.5,none,True,True
63129,1.0,0.0001,0.5,none,True,True
63130,1.0,0.0001,0.5,none,True,True
63131,1.0,0.0001,0.5,none,True,True
63132,1.0,0.0001,0.5,none,True,True
63133,1.0,0.0001,0.5,none,True,True
63134,1.0,0.0001,0.5,none,True,True
63135,1.0,0.0001,0.5,none,True,True
63136,1.0,0.0001,0.5,none,True,True
63137,1.0,0.0,0.5,none,True,True
63138,1.0,0.0,0.5,none,True,True
63139,1.0,0.0,0.5,none,True,True
63140,1.0,0.0,0.5,none,True,True
63141,1.0,0.0,0.5,none,True,True
63142,1.0,0.0,0.5,none,True,True
63143,1.0,0.0,0.5,none,True,True
63144,1.0,0.0,0.5,none,True,True
63145,1.0,0.0,0.5,none,True,True
63146,1.0,0.0,0.5,none,True,True
63147,1.0,0.0,0.5,none,True,True
63148,1.0,0.0,0.5,none,True,True
63149,1.0,0.0,0.5,none,True,True
63150,1.0,0.0,0.5,none,True,True
63151,1.0,0.0,0.5,none,True,True
63152,1.0,0.0,0.5,none,True,True
63153,1.0,0.0,0.5,none,True,True
63154,1.0,0.0,0.5,none,True,True
63155,1.0,0.0,0.5,none,True,True
63156,1.0,0.0,0.5,none,True,True
63157,1.0,0.0,0.5,none,True,True
63158,1.0,0.0,0.5,none,True,True
63159,1.0,0.0,0.5,none,True,True
63160,1.0,0.0,0.5,none,True,True
63161,1.0,0.0,0.5,none,True,True
63162,1.0,0.0,0.5,none,True,True
63163,1.0,0.0,0.5,none,True,True
63164,1.0,0.0,0.5,none,True,True
63165,1.0,0.0,0.5,none,True,True
63166,1.0,0.0,0.5,none,True,True
63167,1.0,0.0,0.5,none,True,True
63168,1.0,0.0,0.5,none,True,True
63169,1.0,0.0,0.5,none,True,True
63170,1.0,0.0,0.5,none,True,True
63171,1.0,0.0,0.5,none,True,True
63172,1.0,0.0,0.5,none,True,True
63173,1.0,0.0,0.5,none,True,True
63174,1.0,0.0,0.5,none,True,True
63175,1.0,0.0,0.5,none,True,True
63176,1.0,0.0,0.5,none,True,True
63177,1.0,0.0,0.5,none,True,True
63178,1.0,0.0,0.5,none,True,True
63179,1.0,0.0,0.5,none,True,True
63180,1.0,0.0,0.5,none,True,True
63181,1.0,0.0,0.5,none,True,True
63182,1.0,0.0,0.5,none,True,True
63183,1.0,0.0,0.5,none,True,True
63184,1.0,0.0,0.5,none,True,True
63185,1.0,0.0,0.5,none,True,True
63186,1.0,0.0,0.5,none,True,True
63187,1.0,0.0,0.5,none,True,True
63188,1.0,0.0,0.5,none,True,True
63189,1.0,0.0,0.5,none,True,True
63190,1.0,0.0,0.5,none,True,True
63191,1.0,0.0,0.5,none,True,True
63192,1.0,0.0,0.5,none,True,True
63193,1.0,0.0,0.5,none,True,True
63194,1.0,0.0,0.5,none,True,True
63195,1.0,0.0,0.5,none,True,True
63196,1.0,0.0,0.5,none,True,True
63197,1.0,0.0,0.5,none,True,True
63198,1.0,0.0,0.5,none,True,True
63199,1.0,0.0,0.5,none,True,True
63200,1.0,0.0,0.5,none,True,True
63201,1.0,0.0,0.5,none,True,True
63202,1.0,0.0,0.5,none,True,True
63203,1.0,0.0,0.5,none,True,True
63204,1.0,0.0,0.5,none,True,True
63205,1.0,0.0,0.5,none,True,True
63206,1.0,0.0,0.5,none,True,True
63207,1.0,0.0,0.5,none,True,True
63208,1.0,0.0,0.5,none,True,True
63209,1.0,0.0,0.5,none,True,True
63210,1.0,0.0,0.5,none,True,True
63211,1.0,0.0,0.5,none,True,True
63212,1.0,0.0,0.5,none,True,True
63213,1.0,0.0,0.5,none,True,True
63214,1.0,0.0,0.5,none,True,True
63215,1.0,0.0,0.5,none,True,True
63216,1.0,0.0,0.5,none,True,True
63217,1.0,0.0,0.5,none,True,True
63218,1.0,0.0,0.5,none,True,True
63219,1.0,0.0,0.5,none,True,True
63220,1.0,0.0,0.5,none,True,True
63221,1.0,0.0,0.5,none,True,True
63222,1.0,0.0,0.5,none,True,True
63223,1.0,0.0,0.5,none,True,True
63224,1.0,0.0,0.5,none,True,True
63225,1.0,0.0,0.5,none,True,True
63226,1.0,0.0,0.5,none,True,True
63227,1.0,0.0,0.5,none,True,True
63228,1.0,0.0,0.5,none,True,True
63229,1.0,0.0,0.5,none,True,True
63230,1.0,0.0,0.5,none,True,True
63231,1.0,0.0,0.5,none,True,True
63232,1.0,0.0,0.5,none,True,True
63233,1.0,0.0,0.5,none,True,True
63234,1.0,0.0,0.5,none,True,True
63235,1.0,0.0,0.5,none,True,True
63236,1.0,0.0,0.5,none,True,True
63237,1.0,0.0,0.5,none,True,True
63238,1.0,0.0,0.5,none,True,True
63239,1.0,0.0,0.5,none,True,True
63240,1.0,0.0,0.5,none,True,True
63241,1.0,0.0,0.5,none,True,True
63242,1.0,0.0,0.5,none,True,True
63243,1.0,0.0,0.5,none,True,True
63244,1.0,0.0,0.5,none,True,True
63245,1.0,0.0,0.5,none,True,True
63246,1.0,0.0,0.5,none,True,True
63247,1.0,0.0,0.5,none,True,True
63248,1.0,0.0,0.5,none,True,True
63249,1.0,0.0,0.5,none,True,True
63250,1.0,0.0,0.5,none,True,True
63251,1.0,0.0,0.5,none,True,True
63252,1.0,0.0,0.5,none,True,True
63253,1.0,0.0,0.5,none,True,True
63254,1.0,0.0,0.5,none,True,True
63255,1.0,0.0,0.5,none,True,True
63256,1.0,0.0,0.5,none,True,True
63257,1.0,0.0,0.5,none,True,True
63258,1.0,0.0,0.5,none,True,True
63259,1.0,0.0,0.5,none,True,True
63260,1.0,0.0,0.5,none,True,True
63261,1.0,0.0,0.5,none,True,True
63262,1.0,0.0,0.5,none,True,True
63263,1.0,0.0,0.5,none,True,True
63264,1.0,0.0,0.5,none,True,True
63265,1.0,0.0,0.5,none,True,True
63266,1.0,0.0,0.5,none,True,True
63267,1.0,0.0,0.5,none,True,True
63268,1.0,0.0,0.5,none,True,True
63269,1.0,0.0,0.5,none,True,True
63270,1.0,0.0,0.5,none,True,True
63271,1.0,0.0,0.5,none,True,True
63272,1.0,0.0,0.5,none,True,True
63273,1.0,0.0,0.5,none,True,True
63274,1.0,0.0,0.5,none,True,True
63275,1.0,0.0,0.5,none,True,True
63276,1.0,0.0,0.5,none,True,True
63277,1.0,0.0,0.5,none,True,True
63278,1.0,0.0,0.5,none,True,True
63279,1.0,0.0,0.5,none,True,True
63280,1.0,0.0,0.5,none,True,True
63281,1.0,0.0,0.5,none,True,True
63282,1.0,0.0,0.5,none,True,True
63283,1.0,0.0,0.5,none,True,True
63284,1.0,0.0,0.5,none,True,True
63285,1.0,0.0,0.5,none,True,True
63286,1.0,0.0,0.5,none,True,True
63287,1.0,0.0,0.5,none,True,True
63288,1.0,0.0,0.5,none,True,True
63289,1.0,0.0,0.5,none,True,True
63290,1.0,0.0,0.5,none,True,True
63291,1.0,0.0,0.5,none,True,True
63292,1.0,0.0,0.5,none,True,True
63293,1.0,0.0,0.5,none,True,True
63294,1.0,0.0,0.5,none,True,True
63295,1.0,0.0,0.5,none,True,True
63296,1.0,0.0,0.5,none,True,True
63297,1.0,0.0,0.5,none,True,True
63298,1.0,0.0,0.5,none,True,True
63299,1.0,0.0,0.5,none,True,True
63300,1.0,0.0,0.5,none,True,True
63301,1.0,0.0,0.5,none,True,True
63302,1.0,0.0,0.5,none,True,True
63303,1.0,0.0,0.5,none,True,True
63304,1.0,0.0,0.5,none,True,True
63305,1.0,0.0,0.5,none,True,True
63306,1.0,0.0,0.5,none,True,True
63307,1.0,0.0,0.5,none,True,True
63308,1.0,0.0,0.5,none,True,True
63309,1.0,0.0,0.5,none,True,True
63310,1.0,0.0,0.5,none,True,True
63311,1.0,0.0,0.5,none,True,True
63312,1.0,0.0,0.5,none,True,True
63313,1.0,0.0,0.5,none,True,True
63314,1.0,0.0,0.5,none,True,True
63315,1.0,0.0,0.5,none,True,True
63316,1.0,0.0,0.5,none,True,True
63317,1.0,0.0,0.5,none,True,True
63318,1.0,0.0,0.5,none,True,True
63319,1.0,0.0,0.5,none,True,True
63320,1.0,0.0,0.5,none,True,True
63321,1.0,0.0,0.5,none,True,True
63322,1.0,0.0,0.5,none,True,True
63323,1.0,0.0,0.5,none,True,True
63324,1.0,0.0,0.5,none,True,True
63325,1.0,0.0,0.5,none,True,True
63326,1.0,0.0,0.5,none,True,True
63327,1.0,0.0,0.5,none,True,True
63328,1.0,0.0,0.5,none,True,True
63329,1.0,0.0,0.5,none,True,True
63330,1.0,0.0,0.5,none,True,True
63331,1.0,0.0,0.5,none,True,True
63332,1.0,0.0,0.5,none,True,True
63333,1.0,0.0,0.5,none,True,True
63334,1.0,0.0,0.5,none,True,True
63335,1.0,0.0,0.5,none,True,True
63336,1.0,0.0,0.5,none,True,True
63337,1.0,0.0,0.5,none,True,True
63338,1.0,0.0,0.5,none,True,True
63339,1.0,0.0,0.5,none,True,True
63340,1.0,0.0,0.5,none,True,True
63341,1.0,0.0,0.5,none,True,True
63342,1.0,0.0,0.5,none,True,True
63343,1.0,0.0,0.5,none,True,True
63344,1.0,0.0,0.5,none,True,True
63345,1.0,0.0,0.5,none,True,True
63346,1.0,0.0,0.5,none,True,True
63347,1.0,0.0,0.5,none,True,True
63348,1.0,0.0,0.5,none,True,True
63349,1.0,0.0,0.5,none,True,True
63350,1.0,0.0,0.5,none,True,True
63351,1.0,0.0,0.5,none,True,True
63352,1.0,0.0,0.5,none,True,True
63353,1.0,0.0,0.5,none,True,True
63354,1.0,0.0,0.5,none,True,True
63355,1.0,0.0,0.5,none,True,True
63356,1.0,0.0,0.5,none,True,True
63357,1.0,0.0,0.5,none,True,True
63358,1.0,0.0,0.5,none,True,True
63359,1.0,0.0,0.5,none,True,True
63360,1.0,0.0,0.5,none,True,True
63361,1.0,0.0,0.5,none,True,True
63362,1.0,0.0,0.5,none,True,True
63363,1.0,0.0,0.5,none,True,True
63364,1.0,0.0,0.5,none,True,True
63365,1.0,0.0,0.5,none,True,True
63366,1.0,0.0,0.5,none,True,True
63367,1.0,0.0,0.5,none,True,True
63368,1.0,0.0,0.5,none,True,True
63369,1.0,0.0,0.5,none,True,True
63370,1.0,0.0,0.5,none,True,True
63371,1.0,0.0,0.5,none,True,True
63372,1.0,0.0,0.5,none,True,True
63373,1.0,0.0,0.5,none,True,True
63374,1.0,0.0,0.5,none,True,True
63375,1.0,0.0,0.5,none,True,True
63376,1.0,0.0,0.5,none,True,True
63377,1.0,0.0,0.5,none,True,True
63378,1.0,0.0,0.5,none,True,True
63379,1.0,0.0,0.5,none,True,True
63380,1.0,0.0,0.5,none,True,True
63381,1.0,0.0,0.5,none,True,True
63382,1.0,0.0,0.5,none,True,True
63383,1.0,0.0,0.5,none,True,True
63384,1.0,0.0,0.5,none,True,True
63385,1.0,0.0,0.5,none,True,True
63386,1.0,0.0,0.5,none,True,True
63387,1.0,0.0,0.5,none,True,True
63388,1.0,0.0,0.5,none,True,True
63389,1.0,0.0,0.5,none,True,True
63390,1.0,0.0,0.5,none,True,True
63391,1.0,0.0,0.5,none,True,True
63392,1.0,0.0,0.5,none,True,True
63393,1.0,0.0,0.5,none,True,True
63394,1.0,0.0,0.5,none,True,True
63395,1.0,0.0,0.5,none,True,True
63396,1.0,0.0,0.5,none,True,True
63397,1.0,0.0,0.5,none,True,True
63398,1.0,0.0,0.5,none,True,True
63399,1.0,0.0,0.5,none,True,True
63400,1.0,0.0,0.5,none,True,True
63401,1.0,0.0,0.5,none,True,True
63402,1.0,0.0,0.5,none,True,True
63403,1.0,0.0,0.5,none,True,True
63404,1.0,0.0,0.5,none,True,True
63405,1.0,0.0,0.5,none,True,True
63406,1.0,0.0,0.5,none,True,True
63407,1.0,0.0,0.5,none,True,True
63408,1.0,0.0,0.5,none,True,True
63409,1.0,0.0,0.5,none,True,True
63410,1.0,0.0,0.5,none,True,True
63411,1.0,0.0,0.5,none,True,True
63412,1.0,0.0,0.5,none,True,True
63413,1.0,0.0,0.5,none,True,True
63414,1.0,0.0,0.5,none,True,True
63415,1.0,0.0,0.5,none,True,True
63416,1.0,0.0,0.5,none,True,True
63417,1.0,0.0,0.5,none,True,True
63418,1.0,0.0,0.5,none,True,True
63419,1.0,0.0,0.5,none,True,True
63420,1.0,0.0,0.5,none,True,True
63421,1.0,0.0,0.5,none,True,True
63422,1.0,0.0,0.5,none,True,True
63423,1.0,0.0,0.5,none,True,True
63424,1.0,0.0,0.5,none,True,True
63425,1.0,0.0,0.5,none,True,True
63426,1.0,0.0,0.5,none,True,True
63427,1.0,0.0,0.5,none,True,True
63428,1.0,0.0,0.5,none,True,True
63429,1.0,0.0,0.5,none,True,True
63430,1.0,0.0,0.5,none,True,True
63431,1.0,0.0,0.5,none,True,True
63432,1.0,0.0,0.5,none,True,True
63433,1.0,0.0,0.5,none,True,True
63434,1.0,0.0,0.5,none,True,True
63435,1.0,0.0,0.5,none,True,True
63436,1.0,0.0,0.5,none,True,True
63437,1.0,0.0,0.5,none,True,True
63438,1.0,0.0,0.5,none,True,True
63439,1.0,0.0,0.5,none,True,True
63440,1.0,0.0,0.5,none,True,True
63441,1.0,0.0,0.5,none,True,True
63442,1.0,0.0,0.5,none,True,True
63443,1.0,0.0,0.5,none,True,True
63444,1.0,0.0,0.5,none,True,True
63445,1.0,0.0,0.5,none,True,True
63446,1.0,0.0,0.5,none,True,True
63447,1.0,0.0,0.5,none,True,True
63448,1.0,0.0,0.5,none,True,True
63449,1.0,0.0,0.5,none,True,True
63450,1.0,0.0,0.5,none,True,True
63451,1.0,0.0,0.5,none,True,True
63452,1.0,0.0,0.5,none,True,True
63453,1.0,0.0,0.5,none,True,True
63454,1.0,0.0,0.5,none,True,True
63455,1.0,0.0,0.5,none,True,True
63456,1.0,0.0,0.5,none,True,True
63457,1.0,0.0,0.5,none,True,True
63458,1.0,0.0,0.5,none,True,True
63459,1.0,0.0,0.5,none,True,True
63460,1.0,0.0,0.5,none,True,True
63461,1.0,0.0,0.5,none,True,True
63462,1.0,0.0,0.5,none,True,True
63463,1.0,0.0,0.5,none,True,True
63464,1.0,0.0,0.5,none,True,True
63465,1.0,0.0,0.5,none,True,True
63466,1.0,0.0,0.5,none,True,True
63467,1.0,0.0,0.5,none,True,True
63468,1.0,0.0,0.5,none,True,True
63469,1.0,0.0,0.5,none,True,True
63470,1.0,0.0,0.5,none,True,True
63471,1.0,0.0,0.5,none,True,True
63472,1.0,0.0,0.5,none,True,True
63473,1.0,0.0,0.5,none,True,True
63474,1.0,0.0,0.5,none,True,True
63475,1.0,0.0,0.5,none,True,True
63476,1.0,0.0,0.5,none,True,True
63477,1.0,0.0,0.5,none,True,True
63478,1.0,0.0,0.5,none,True,True
63479,1.0,0.0,0.5,none,True,True
63480,1.0,0.0,0.5,none,True,True
63481,1.0,0.0,0.5,none,True,True
63482,1.0,0.0,0.5,none,True,True
63483,1.0,0.0,0.5,none,True,True
63484,1.0,0.0,0.5,none,True,True
63485,1.0,0.0,0.5,none,True,True
63486,1.0,0.0,0.5,none,True,True
63487,1.0,0.0,0.5,none,True,True
63488,1.0,0.0,0.5,none,True,True
63489,1.0,0.0,0.5,none,True,True
63490,1.0,0.0,0.5,none,True,True
63491,1.0,0.0,0.5,none,True,True
63492,1.0,0.0,0.5,none,True,True
63493,1.0,0.0,0.5,none,True,True
63494,1.0,0.0,0.5,none,True,True
63495,1.0,0.0,0.5,none,True,True
63496,1.0,0.0,0.5,none,True,True
63497,1.0,0.0,0.5,none,True,True
63498,1.0,0.0,0.5,none,True,True
63499,1.0,0.0,0.5,none,True,True
63500,1.0,0.0,0.5,none,True,True
63501,1.0,0.0,0.5,none,True,True
63502,1.0,0.0,0.5,none,True,True
63503,1.0,0.0,0.5,none,True,True
63504,1.0,0.0,0.5,none,True,True
63505,1.0,0.0,0.5,none,True,True
63506,1.0,0.0,0.5,none,True,True
63507,1.0,0.0,0.5,none,True,True
63508,1.0,0.0,0.5,none,True,True
63509,1.0,0.0,0.5,none,True,True
63510,1.0,0.0,0.5,none,True,True
63511,1.0,0.0,0.5,none,True,True
63512,1.0,0.0,0.5,none,True,True
63513,1.0,0.0,0.5,none,True,True
63514,1.0,0.0,0.5,none,True,True
63515,1.0,0.0,0.5,none,True,True
63516,1.0,0.0,0.5,none,True,True
63517,1.0,0.0,0.5,none,True,True
63518,1.0,0.0,0.5,none,True,True
63519,1.0,0.0,0.5,none,True,True
63520,1.0,0.0,0.5,none,True,True
63521,1.0,0.0,0.5,none,True,True
63522,1.0,0.0,0.5,none,True,True
63523,1.0,0.0,0.5,none,True,True
63524,1.0,0.0,0.5,none,True,True
63525,1.0,0.0,0.5,none,True,True
63526,1.0,0.0,0.5,none,True,True
63527,1.0,0.0,0.5,none,True,True
63528,1.0,0.0,0.5,none,True,True
63529,1.0,0.0,0.5,none,True,True
63530,1.0,0.0,0.5,none,True,True
63531,1.0,0.0,0.5,none,True,True
63532,1.0,0.0,0.5,none,True,True
63533,1.0,0.0,0.5,none,True,True
63534,1.0,0.0,0.5,none,True,True
63535,1.0,0.0,0.5,none,True,True
63536,1.0,0.0,0.5,none,True,True
63537,1.0,0.0,0.5,none,True,True
63538,1.0,0.0,0.5,none,True,True
63539,1.0,0.0,0.5,none,True,True
63540,1.0,0.0,0.5,none,True,True
63541,1.0,0.0,0.5,none,True,True
63542,1.0,0.0,0.5,none,True,True
63543,1.0,0.0,0.5,none,True,True
63544,1.0,0.0,0.5,none,True,True
63545,1.0,0.0,0.5,none,True,True
63546,1.0,0.0,0.5,none,True,True
63547,1.0,0.0,0.5,none,True,True
63548,1.0,0.0,0.5,none,True,True
63549,1.0,0.0,0.5,none,True,True
63550,1.0,0.0,0.5,none,True,True
63551,1.0,0.0,0.5,none,True,True
63552,1.0,0.0,0.5,none,True,True
63553,1.0,0.0,0.5,none,True,True
63554,1.0,0.0,0.5,none,True,True
63555,1.0,0.0,0.5,none,True,True
63556,1.0,0.0,0.5,none,True,True
63557,1.0,0.0,0.5,none,True,True
63558,1.0,0.0,0.5,none,True,True
63559,1.0,0.0,0.5,none,True,True
63560,1.0,0.0,0.5,none,True,True
63561,1.0,0.0,0.5,none,True,True
63562,1.0,0.0,0.5,none,True,True
63563,1.0,0.0,0.5,none,True,True
63564,1.0,0.0,0.5,none,True,True
63565,1.0,0.0,0.5,none,True,True
63566,1.0,0.0,0.5,none,True,True
63567,1.0,0.0,0.5,none,True,True
63568,1.0,0.0,0.5,none,True,True
63569,1.0,0.0,0.5,none,True,True
63570,1.0,0.0,0.5,none,True,True
63571,1.0,0.0,0.5,none,True,True
63572,1.0,0.0,0.5,none,True,True
63573,1.0,0.0,0.5,none,True,True
63574,1.0,0.0,0.5,none,True,True
63575,1.0,0.0,0.5,none,True,True
63576,1.0,0.0,0.5,none,True,True
63577,1.0,0.0,0.5,none,True,True
63578,1.0,0.0,0.5,none,True,True
63579,1.0,0.0,0.5,none,True,True
63580,1.0,0.0,0.5,none,True,True
63581,1.0,0.0,0.5,none,True,True
63582,1.0,0.0,0.5,none,True,True
63583,1.0,0.0,0.5,none,True,True
63584,1.0,0.0,0.5,none,True,True
63585,1.0,0.0,0.5,none,True,True
63586,1.0,0.0,0.5,none,True,True
63587,1.0,0.0,0.5,none,True,True
63588,1.0,0.0,0.5,none,True,True
63589,1.0,0.0,0.5,none,True,True
63590,1.0,0.0,0.5,none,True,True
63591,1.0,0.0,0.5,none,True,True
63592,1.0,0.0,0.5,none,True,True
63593,1.0,0.0,0.5,none,True,True
63594,1.0,0.0,0.5,none,True,True
63595,1.0,0.0,0.5,none,True,True
63596,1.0,0.0,0.5,none,True,True
63597,1.0,0.0,0.5,none,True,True
63598,1.0,0.0,0.5,none,True,True
63599,1.0,0.0,0.5,none,True,True
63600,1.0,0.0,0.5,none,True,True
63601,1.0,0.0,0.5,none,True,True
63602,1.0,0.0,0.5,none,True,True
63603,1.0,0.0,0.5,none,True,True
63604,1.0,0.0,0.5,none,True,True
63605,1.0,0.0,0.5,none,True,True
63606,1.0,0.0,0.5,none,True,True
63607,1.0,0.0,0.5,none,True,True
63608,1.0,0.0,0.5,none,True,True
63609,1.0,0.0,0.5,none,True,True
63610,1.0,0.0,0.5,none,True,True
63611,1.0,0.0,0.5,none,True,True
63612,1.0,0.0,0.5,none,True,True
63613,1.0,0.0,0.5,none,True,True
63614,1.0,0.0,0.5,none,True,True
63615,1.0,0.0,0.5,none,True,True
63616,1.0,0.0,0.5,none,True,True
63617,1.0,0.0,0.5,none,True,True
63618,1.0,0.0,0.5,none,True,True
63619,1.0,0.0,0.5,none,True,True
63620,1.0,0.0,0.5,none,True,True
63621,1.0,0.0,0.5,none,True,True
63622,1.0,0.0,0.5,none,True,True
63623,1.0,0.0,0.5,none,True,True
63624,1.0,0.0,0.5,none,True,True
63625,1.0,0.0,0.5,none,True,True
63626,1.0,0.0,0.5,none,True,True
63627,1.0,0.0,0.5,none,True,True
63628,1.0,0.0,0.5,none,True,True
63629,1.0,0.0,0.5,none,True,True
63630,1.0,0.0,0.5,none,True,True
63631,1.0,0.0,0.5,none,True,True
63632,1.0,0.0,0.5,none,True,True
63633,1.0,0.0,0.5,none,True,True
63634,1.0,0.0,0.5,none,True,True
63635,1.0,0.0,0.5,none,True,True
63636,1.0,0.0,0.5,none,True,True
63637,1.0,0.0,0.5,none,True,True
63638,1.0,0.0,0.5,none,True,True
63639,1.0,0.0,0.5,none,True,True
63640,1.0,0.0,0.5,none,True,True
63641,1.0,0.0,0.5,none,True,True
63642,1.0,0.0,0.5,none,True,True
63643,1.0,0.0,0.5,none,True,True
63644,1.0,0.0,0.5,none,True,True
63645,1.0,0.0,0.5,none,True,True
63646,1.0,0.0,0.5,none,True,True
63647,1.0,0.0,0.5,none,True,True
63648,1.0,0.0,0.5,none,True,True
63649,1.0,0.0,0.5,none,True,True
63650,1.0,0.0,0.5,none,True,True
63651,1.0,0.0,0.5,none,True,True
63652,1.0,0.0,0.5,none,True,True
63653,1.0,0.0,0.5,none,True,True
63654,1.0,0.0,0.5,none,True,True
63655,1.0,0.0,0.5,none,True,True
63656,1.0,0.0,0.5,none,True,True
63657,1.0,0.0,0.5,none,True,True
63658,1.0,0.0,0.5,none,True,True
63659,1.0,0.0,0.5,none,True,True
63660,1.0,0.0,0.5,none,True,True
63661,1.0,0.0,0.5,none,True,True
63662,1.0,0.0,0.5,none,True,True
63663,1.0,0.0,0.5,none,True,True
63664,1.0,0.0,0.5,none,True,True
63665,1.0,0.0,0.5,none,True,True
63666,1.0,0.0,0.5,none,True,True
63667,1.0,0.0,0.5,none,True,True
63668,1.0,0.0,0.5,none,True,True
63669,1.0,0.0,0.5,none,True,True
63670,1.0,0.0,0.5,none,True,True
63671,1.0,0.0,0.5,none,True,True
63672,1.0,0.0,0.5,none,True,True
63673,1.0,0.0,0.5,none,True,True
63674,1.0,0.0,0.5,none,True,True
63675,1.0,0.0,0.5,none,True,True
63676,1.0,0.0,0.5,none,True,True
63677,1.0,0.0,0.5,none,True,True
63678,1.0,0.0,0.5,none,True,True
63679,1.0,0.0,0.5,none,True,True
63680,1.0,0.0,0.5,none,True,True
63681,1.0,0.0,0.5,none,True,True
63682,1.0,0.0,0.5,none,True,True
63683,1.0,0.0,0.5,none,True,True
63684,1.0,0.0,0.5,none,True,True
63685,1.0,0.0,0.5,none,True,True
63686,1.0,0.0,0.5,none,True,True
63687,1.0,0.0,0.5,none,True,True
63688,1.0,0.0,0.5,none,True,True
63689,1.0,0.0,0.5,none,True,True
63690,1.0,0.0,0.5,none,True,True
63691,1.0,0.0,0.5,none,True,True
63692,1.0,0.0,0.5,none,True,True
63693,1.0,0.0,0.5,none,True,True
63694,1.0,0.0,0.5,none,True,True
63695,1.0,0.0,0.5,none,True,True
63696,1.0,0.0,0.5,none,True,True
63697,1.0,0.0,0.5,none,True,True
63698,1.0,0.0,0.5,none,True,True
63699,1.0,0.0,0.5,none,True,True
63700,1.0,0.0061,0.5,none,True,True
63701,1.0,0.0357,0.5,none,True,True
63702,1.0,0.0812,0.5,none,True,True
63703,1.0,0.1113,0.5,none,True,True
63704,1.0,0.1253,0.5,none,True,True
63705,1.0,0.1408,0.5,none,True,True
63706,1.0,0.0907,0.5,none,True,True
63707,1.0,0.1198,0.5,none,True,True
63708,1.0,0.0467,0.5,none,True,True
63709,1.0,0.0522,0.5,none,True,True
63710,1.0,0.0405,0.5,none,True,True
63711,1.0,0.0313,0.5,none,True,True
63712,1.0,0.0083,0.5,none,True,True
63713,1.0,0.0726,0.5,none,True,True
63714,1.0,0.0793,0.5,none,True,True
63715,1.0,0.0581,0.5,none,True,True
63716,1.0,0.0955,0.5,none,True,True
63717,1.0,0.0839,0.5,none,True,True
63718,1.0,0.0648,0.5,none,True,True
63719,1.0,0.0718,0.5,none,True,True
63720,1.0,0.0589,0.5,none,True,True
63721,1.0,0.0403,0.5,none,True,True
63722,1.0,0.0327,0.5,none,True,True
63723,1.0,0.0277,0.5,none,True,True
63724,1.0,0.017,0.5,none,True,True
63725,1.0,0.0102,0.5,none,True,True
63726,1.0,0.0099,0.5,none,True,True
63727,1.0,0.008,0.5,none,True,True
63728,1.0,0.005,0.5,none,True,True
63729,1.0,0.0063,0.5,none,True,True
63730,1.0,0.009,0.5,none,True,True
63731,1.0,0.0096,0.5,none,True,True
63732,1.0,0.0108,0.5,none,True,True
63733,1.0,0.014,0.5,none,True,True
63734,1.0,0.0161,0.5,none,True,True
63735,1.0,0.0167,0.5,none,True,True
63736,1.0,0.0182,0.5,none,True,True
63737,1.0,0.0196,0.5,none,True,True
63738,1.0,0.0197,0.5,none,True,True
63739,1.0,0.0193,0.5,none,True,True
63740,1.0,0.0193,0.5,none,True,True
63741,1.0,0.0187,0.5,none,True,True
63742,1.0,0.0174,0.5,none,True,True
63743,1.0,0.0163,0.5,none,True,True
63744,1.0,0.0152,0.5,none,True,True
63745,1.0,0.0138,0.5,none,True,True
63746,1.0,0.0123,0.5,none,True,True
63747,1.0,0.0111,0.5,none,True,True
63748,1.0,0.01,0.5,none,True,True
63749,1.0,0.0088,0.5,none,True,True
63750,1.0,0.0078,0.5,none,True,True
63751,1.0,0.0071,0.5,none,True,True
63752,1.0,0.0064,0.5,none,True,True
63753,1.0,0.0057,0.5,none,True,True
63754,1.0,0.0053,0.5,none,True,True
63755,1.0,0.005,0.5,none,True,True
63756,1.0,0.0047,0.5,none,True,True
63757,1.0,0.0045,0.5,none,True,True
63758,1.0,0.0044,0.5,none,True,True
63759,1.0,0.0043,0.5,none,True,True
63760,1.0,0.0042,0.5,none,True,True
63761,1.0,0.0041,0.5,none,True,True
63762,1.0,0.004,0.5,none,True,True
63763,1.0,0.0039,0.5,none,True,True
63764,1.0,0.0038,0.5,none,True,True
63765,1.0,0.0037,0.5,none,True,True
63766,1.0,0.0035,0.5,none,True,True
63767,1.0,0.0033,0.5,none,True,True
63768,1.0,0.0032,0.5,none,True,True
63769,1.0,0.003,0.5,none,True,True
63770,1.0,0.0028,0.5,none,True,True
63771,1.0,0.0026,0.5,none,True,True
63772,1.0,0.0024,0.5,none,True,True
63773,1.0,0.0023,0.5,none,True,True
63774,1.0,0.0021,0.5,none,True,True
63775,1.0,0.0019,0.5,none,True,True
63776,1.0,0.0018,0.5,none,True,True
63777,1.0,0.0017,0.5,none,True,True
63778,1.0,0.0015,0.5,none,True,True
63779,1.0,0.0014,0.5,none,True,True
63780,1.0,0.0013,0.5,none,True,True
63781,1.0,0.0013,0.5,none,True,True
63782,1.0,0.0012,0.5,none,True,True
63783,1.0,0.0011,0.5,none,True,True
63784,1.0,0.0011,0.5,none,True,True
63785,1.0,0.001,0.5,none,True,True
63786,1.0,0.001,0.5,none,True,True
63787,1.0,0.0009,0.5,none,True,True
63788,1.0,0.0009,0.5,none,True,True
63789,1.0,0.0008,0.5,none,True,True
63790,1.0,0.0008,0.5,none,True,True
63791,1.0,0.0008,0.5,none,True,True
63792,1.0,0.0007,0.5,none,True,True
63793,1.0,0.0007,0.5,none,True,True
63794,1.0,0.0006,0.5,none,True,True
63795,1.0,0.0006,0.5,none,True,True
63796,1.0,0.0006,0.5,none,True,True
63797,1.0,0.0005,0.5,none,True,True
63798,1.0,0.0005,0.5,none,True,True
63799,1.0,0.0005,0.5,none,True,True
63800,1.0,0.0004,0.5,none,True,True
63801,1.0,0.0004,0.5,none,True,True
63802,1.0,0.0004,0.5,none,True,True
63803,1.0,0.0004,0.5,none,True,True
63804,1.0,0.0003,0.5,none,True,True
63805,1.0,0.0003,0.5,none,True,True
63806,1.0,0.0003,0.5,none,True,True
63807,1.0,0.0003,0.5,none,True,True
63808,1.0,0.0003,0.5,none,True,True
63809,1.0,0.0003,0.5,none,True,True
63810,1.0,0.0002,0.5,none,True,True
63811,1.0,0.0002,0.5,none,True,True
63812,1.0,0.0002,0.5,none,True,True
63813,1.0,0.0002,0.5,none,True,True
63814,1.0,0.0002,0.5,none,True,True
63815,1.0,0.0002,0.5,none,True,True
63816,1.0,0.0002,0.5,none,True,True
63817,1.0,0.0002,0.5,none,True,True
63818,1.0,0.0002,0.5,none,True,True
63819,1.0,0.0001,0.5,none,True,True
63820,1.0,0.0001,0.5,none,True,True
63821,1.0,0.0001,0.5,none,True,True
63822,1.0,0.0001,0.5,none,True,True
63823,1.0,0.0001,0.5,none,True,True
63824,1.0,0.0001,0.5,none,True,True
63825,1.0,0.0001,0.5,none,True,True
63826,1.0,0.0001,0.5,none,True,True
63827,1.0,0.0001,0.5,none,True,True
63828,1.0,0.0001,0.5,none,True,True
63829,1.0,0.0001,0.5,none,True,True
63830,1.0,0.0001,0.5,none,True,True
63831,1.0,0.0001,0.5,none,True,True
63832,1.0,0.0001,0.5,none,True,True
63833,1.0,0.0001,0.5,none,True,True
63834,1.0,0.0001,0.5,none,True,True
63835,1.0,0.0001,0.5,none,True,True
63836,1.0,0.0001,0.5,none,True,True
63837,1.0,0.0,0.5,none,True,True
63838,1.0,0.0,0.5,none,True,True
63839,1.0,0.0,0.5,none,True,True
63840,1.0,0.0,0.5,none,True,True
63841,1.0,0.0,0.5,none,True,True
63842,1.0,0.0,0.5,none,True,True
63843,1.0,0.0,0.5,none,True,True
63844,1.0,0.0,0.5,none,True,True
63845,1.0,0.0,0.5,none,True,True
63846,1.0,0.0,0.5,none,True,True
63847,1.0,0.0,0.5,none,True,True
63848,1.0,0.0,0.5,none,True,True
63849,1.0,0.0,0.5,none,True,True
63850,1.0,0.0,0.5,none,True,True
63851,1.0,0.0,0.5,none,True,True
63852,1.0,0.0,0.5,none,True,True
63853,1.0,0.0,0.5,none,True,True
63854,1.0,0.0,0.5,none,True,True
63855,1.0,0.0,0.5,none,True,True
63856,1.0,0.0,0.5,none,True,True
63857,1.0,0.0,0.5,none,True,True
63858,1.0,0.0,0.5,none,True,True
63859,1.0,0.0,0.5,none,True,True
63860,1.0,0.0,0.5,none,True,True
63861,1.0,0.0,0.5,none,True,True
63862,1.0,0.0,0.5,none,True,True
63863,1.0,0.0,0.5,none,True,True
63864,1.0,0.0,0.5,none,True,True
63865,1.0,0.0,0.5,none,True,True
63866,1.0,0.0,0.5,none,True,True
63867,1.0,0.0,0.5,none,True,True
63868,1.0,0.0,0.5,none,True,True
63869,1.0,0.0,0.5,none,True,True
63870,1.0,0.0,0.5,none,True,True
63871,1.0,0.0,0.5,none,True,True
63872,1.0,0.0,0.5,none,True,True
63873,1.0,0.0,0.5,none,True,True
63874,1.0,0.0,0.5,none,True,True
63875,1.0,0.0,0.5,none,True,True
63876,1.0,0.0,0.5,none,True,True
63877,1.0,0.0,0.5,none,True,True
63878,1.0,0.0,0.5,none,True,True
63879,1.0,0.0,0.5,none,True,True
63880,1.0,0.0,0.5,none,True,True
63881,1.0,0.0,0.5,none,True,True
63882,1.0,0.0,0.5,none,True,True
63883,1.0,0.0,0.5,none,True,True
63884,1.0,0.0,0.5,none,True,True
63885,1.0,0.0,0.5,none,True,True
63886,1.0,0.0,0.5,none,True,True
63887,1.0,0.0,0.5,none,True,True
63888,1.0,0.0,0.5,none,True,True
63889,1.0,0.0,0.5,none,True,True
63890,1.0,0.0,0.5,none,True,True
63891,1.0,0.0,0.5,none,True,True
63892,1.0,0.0,0.5,none,True,True
63893,1.0,0.0,0.5,none,True,True
63894,1.0,0.0,0.5,none,True,True
63895,1.0,0.0,0.5,none,True,True
63896,1.0,0.0,0.5,none,True,True
63897,1.0,0.0,0.5,none,True,True
63898,1.0,0.0,0.5,none,True,True
63899,1.0,0.0,0.5,none,True,True
63900,1.0,0.0,0.5,none,True,True
63901,1.0,0.0,0.5,none,True,True
63902,1.0,0.0,0.5,none,True,True
63903,1.0,0.0,0.5,none,True,True
63904,1.0,0.0,0.5,none,True,True
63905,1.0,0.0,0.5,none,True,True
63906,1.0,0.0,0.5,none,True,True
63907,1.0,0.0,0.5,none,True,True
63908,1.0,0.0,0.5,none,True,True
63909,1.0,0.0,0.5,none,True,True
63910,1.0,0.0,0.5,none,True,True
63911,1.0,0.0,0.5,none,True,True
63912,1.0,0.0,0.5,none,True,True
63913,1.0,0.0,0.5,none,True,True
63914,1.0,0.0,0.5,none,True,True
63915,1.0,0.0,0.5,none,True,True
63916,1.0,0.0,0.5,none,True,True
63917,1.0,0.0,0.5,none,True,True
63918,1.0,0.0,0.5,none,True,True
63919,1.0,0.0,0.5,none,True,True
63920,1.0,0.0,0.5,none,True,True
63921,1.0,0.0,0.5,none,True,True
63922,1.0,0.0,0.5,none,True,True
63923,1.0,0.0,0.5,none,True,True
63924,1.0,0.0,0.5,none,True,True
63925,1.0,0.0,0.5,none,True,True
63926,1.0,0.0,0.5,none,True,True
63927,1.0,0.0,0.5,none,True,True
63928,1.0,0.0,0.5,none,True,True
63929,1.0,0.0,0.5,none,True,True
63930,1.0,0.0,0.5,none,True,True
63931,1.0,0.0,0.5,none,True,True
63932,1.0,0.0,0.5,none,True,True
63933,1.0,0.0,0.5,none,True,True
63934,1.0,0.0,0.5,none,True,True
63935,1.0,0.0,0.5,none,True,True
63936,1.0,0.0,0.5,none,True,True
63937,1.0,0.0,0.5,none,True,True
63938,1.0,0.0,0.5,none,True,True
63939,1.0,0.0,0.5,none,True,True
63940,1.0,0.0,0.5,none,True,True
63941,1.0,0.0,0.5,none,True,True
63942,1.0,0.0,0.5,none,True,True
63943,1.0,0.0,0.5,none,True,True
63944,1.0,0.0,0.5,none,True,True
63945,1.0,0.0,0.5,none,True,True
63946,1.0,0.0,0.5,none,True,True
63947,1.0,0.0,0.5,none,True,True
63948,1.0,0.0,0.5,none,True,True
63949,1.0,0.0,0.5,none,True,True
63950,1.0,0.0,0.5,none,True,True
63951,1.0,0.0,0.5,none,True,True
63952,1.0,0.0,0.5,none,True,True
63953,1.0,0.0,0.5,none,True,True
63954,1.0,0.0,0.5,none,True,True
63955,1.0,0.0,0.5,none,True,True
63956,1.0,0.0,0.5,none,True,True
63957,1.0,0.0,0.5,none,True,True
63958,1.0,0.0,0.5,none,True,True
63959,1.0,0.0,0.5,none,True,True
63960,1.0,0.0,0.5,none,True,True
63961,1.0,0.0,0.5,none,True,True
63962,1.0,0.0,0.5,none,True,True
63963,1.0,0.0,0.5,none,True,True
63964,1.0,0.0,0.5,none,True,True
63965,1.0,0.0,0.5,none,True,True
63966,1.0,0.0,0.5,none,True,True
63967,1.0,0.0,0.5,none,True,True
63968,1.0,0.0,0.5,none,True,True
63969,1.0,0.0,0.5,none,True,True
63970,1.0,0.0,0.5,none,True,True
63971,1.0,0.0,0.5,none,True,True
63972,1.0,0.0,0.5,none,True,True
63973,1.0,0.0,0.5,none,True,True
63974,1.0,0.0,0.5,none,True,True
63975,1.0,0.0,0.5,none,True,True
63976,1.0,0.0,0.5,none,True,True
63977,1.0,0.0,0.5,none,True,True
63978,1.0,0.0,0.5,none,True,True
63979,1.0,0.0,0.5,none,True,True
63980,1.0,0.0,0.5,none,True,True
63981,1.0,0.0,0.5,none,True,True
63982,1.0,0.0,0.5,none,True,True
63983,1.0,0.0,0.5,none,True,True
63984,1.0,0.0,0.5,none,True,True
63985,1.0,0.0,0.5,none,True,True
63986,1.0,0.0,0.5,none,True,True
63987,1.0,0.0,0.5,none,True,True
63988,1.0,0.0,0.5,none,True,True
63989,1.0,0.0,0.5,none,True,True
63990,1.0,0.0,0.5,none,True,True
63991,1.0,0.0,0.5,none,True,True
63992,1.0,0.0,0.5,none,True,True
63993,1.0,0.0,0.5,none,True,True
63994,1.0,0.0,0.5,none,True,True
63995,1.0,0.0,0.5,none,True,True
63996,1.0,0.0,0.5,none,True,True
63997,1.0,0.0,0.5,none,True,True
63998,1.0,0.0,0.5,none,True,True
63999,1.0,0.0,0.5,none,True,True
64000,1.0,0.0,0.5,none,True,True
64001,1.0,0.0,0.5,none,True,True
64002,1.0,0.0,0.5,none,True,True
64003,1.0,0.0,0.5,none,True,True
64004,1.0,0.0,0.5,none,True,True
64005,1.0,0.0,0.5,none,True,True
64006,1.0,0.0,0.5,none,True,True
64007,1.0,0.0,0.5,none,True,True
64008,1.0,0.0,0.5,none,True,True
64009,1.0,0.0,0.5,none,True,True
64010,1.0,0.0,0.5,none,True,True
64011,1.0,0.0,0.5,none,True,True
64012,1.0,0.0,0.5,none,True,True
64013,1.0,0.0,0.5,none,True,True
64014,1.0,0.0,0.5,none,True,True
64015,1.0,0.0,0.5,none,True,True
64016,1.0,0.0,0.5,none,True,True
64017,1.0,0.0,0.5,none,True,True
64018,1.0,0.0,0.5,none,True,True
64019,1.0,0.0,0.5,none,True,True
64020,1.0,0.0,0.5,none,True,True
64021,1.0,0.0,0.5,none,True,True
64022,1.0,0.0,0.5,none,True,True
64023,1.0,0.0,0.5,none,True,True
64024,1.0,0.0,0.5,none,True,True
64025,1.0,0.0,0.5,none,True,True
64026,1.0,0.0,0.5,none,True,True
64027,1.0,0.0,0.5,none,True,True
64028,1.0,0.0,0.5,none,True,True
64029,1.0,0.0,0.5,none,True,True
64030,1.0,0.0,0.5,none,True,True
64031,1.0,0.0,0.5,none,True,True
64032,1.0,0.0,0.5,none,True,True
64033,1.0,0.0,0.5,none,True,True
64034,1.0,0.0,0.5,none,True,True
64035,1.0,0.0,0.5,none,True,True
64036,1.0,0.0,0.5,none,True,True
64037,1.0,0.0,0.5,none,True,True
64038,1.0,0.0,0.5,none,True,True
64039,1.0,0.0,0.5,none,True,True
64040,1.0,0.0,0.5,none,True,True
64041,1.0,0.0,0.5,none,True,True
64042,1.0,0.0,0.5,none,True,True
64043,1.0,0.0,0.5,none,True,True
64044,1.0,0.0,0.5,none,True,True
64045,1.0,0.0,0.5,none,True,True
64046,1.0,0.0,0.5,none,True,True
64047,1.0,0.0,0.5,none,True,True
64048,1.0,0.0,0.5,none,True,True
64049,1.0,0.0,0.5,none,True,True
64050,1.0,0.0,0.5,none,True,True
64051,1.0,0.0,0.5,none,True,True
64052,1.0,0.0,0.5,none,True,True
64053,1.0,0.0,0.5,none,True,True
64054,1.0,0.0,0.5,none,True,True
64055,1.0,0.0,0.5,none,True,True
64056,1.0,0.0,0.5,none,True,True
64057,1.0,0.0,0.5,none,True,True
64058,1.0,0.0,0.5,none,True,True
64059,1.0,0.0,0.5,none,True,True
64060,1.0,0.0,0.5,none,True,True
64061,1.0,0.0,0.5,none,True,True
64062,1.0,0.0,0.5,none,True,True
64063,1.0,0.0,0.5,none,True,True
64064,1.0,0.0,0.5,none,True,True
64065,1.0,0.0,0.5,none,True,True
64066,1.0,0.0,0.5,none,True,True
64067,1.0,0.0,0.5,none,True,True
64068,1.0,0.0,0.5,none,True,True
64069,1.0,0.0,0.5,none,True,True
64070,1.0,0.0,0.5,none,True,True
64071,1.0,0.0,0.5,none,True,True
64072,1.0,0.0,0.5,none,True,True
64073,1.0,0.0,0.5,none,True,True
64074,1.0,0.0,0.5,none,True,True
64075,1.0,0.0,0.5,none,True,True
64076,1.0,0.0,0.5,none,True,True
64077,1.0,0.0,0.5,none,True,True
64078,1.0,0.0,0.5,none,True,True
64079,1.0,0.0,0.5,none,True,True
64080,1.0,0.0,0.5,none,True,True
64081,1.0,0.0,0.5,none,True,True
64082,1.0,0.0,0.5,none,True,True
64083,1.0,0.0,0.5,none,True,True
64084,1.0,0.0,0.5,none,True,True
64085,1.0,0.0,0.5,none,True,True
64086,1.0,0.0,0.5,none,True,True
64087,1.0,0.0,0.5,none,True,True
64088,1.0,0.0,0.5,none,True,True
64089,1.0,0.0,0.5,none,True,True
64090,1.0,0.0,0.5,none,True,True
64091,1.0,0.0,0.5,none,True,True
64092,1.0,0.0,0.5,none,True,True
64093,1.0,0.0,0.5,none,True,True
64094,1.0,0.0,0.5,none,True,True
64095,1.0,0.0,0.5,none,True,True
64096,1.0,0.0,0.5,none,True,True
64097,1.0,0.0,0.5,none,True,True
64098,1.0,0.0,0.5,none,True,True
64099,1.0,0.0,0.5,none,True,True
64100,1.0,0.0,0.5,none,True,True
64101,1.0,0.0,0.5,none,True,True
64102,1.0,0.0,0.5,none,True,True
64103,1.0,0.0,0.5,none,True,True
64104,1.0,0.0,0.5,none,True,True
64105,1.0,0.0,0.5,none,True,True
64106,1.0,0.0,0.5,none,True,True
64107,1.0,0.0,0.5,none,True,True
64108,1.0,0.0,0.5,none,True,True
64109,1.0,0.0,0.5,none,True,True
64110,1.0,0.0,0.5,none,True,True
64111,1.0,0.0,0.5,none,True,True
64112,1.0,0.0,0.5,none,True,True
64113,1.0,0.0,0.5,none,True,True
64114,1.0,0.0,0.5,none,True,True
64115,1.0,0.0,0.5,none,True,True
64116,1.0,0.0,0.5,none,True,True
64117,1.0,0.0,0.5,none,True,True
64118,1.0,0.0,0.5,none,True,True
64119,1.0,0.0,0.5,none,True,True
64120,1.0,0.0,0.5,none,True,True
64121,1.0,0.0,0.5,none,True,True
64122,1.0,0.0,0.5,none,True,True
64123,1.0,0.0,0.5,none,True,True
64124,1.0,0.0,0.5,none,True,True
64125,1.0,0.0,0.5,none,True,True
64126,1.0,0.0,0.5,none,True,True
64127,1.0,0.0,0.5,none,True,True
64128,1.0,0.0,0.5,none,True,True
64129,1.0,0.0,0.5,none,True,True
64130,1.0,0.0,0.5,none,True,True
64131,1.0,0.0,0.5,none,True,True
64132,1.0,0.0,0.5,none,True,True
64133,1.0,0.0,0.5,none,True,True
64134,1.0,0.0,0.5,none,True,True
64135,1.0,0.0,0.5,none,True,True
64136,1.0,0.0,0.5,none,True,True
64137,1.0,0.0,0.5,none,True,True
64138,1.0,0.0,0.5,none,True,True
64139,1.0,0.0,0.5,none,True,True
64140,1.0,0.0,0.5,none,True,True
64141,1.0,0.0,0.5,none,True,True
64142,1.0,0.0,0.5,none,True,True
64143,1.0,0.0,0.5,none,True,True
64144,1.0,0.0,0.5,none,True,True
64145,1.0,0.0,0.5,none,True,True
64146,1.0,0.0,0.5,none,True,True
64147,1.0,0.0,0.5,none,True,True
64148,1.0,0.0,0.5,none,True,True
64149,1.0,0.0,0.5,none,True,True
64150,1.0,0.0,0.5,none,True,True
64151,1.0,0.0,0.5,none,True,True
64152,1.0,0.0,0.5,none,True,True
64153,1.0,0.0,0.5,none,True,True
64154,1.0,0.0,0.5,none,True,True
64155,1.0,0.0,0.5,none,True,True
64156,1.0,0.0,0.5,none,True,True
64157,1.0,0.0,0.5,none,True,True
64158,1.0,0.0,0.5,none,True,True
64159,1.0,0.0,0.5,none,True,True
64160,1.0,0.0,0.5,none,True,True
64161,1.0,0.0,0.5,none,True,True
64162,1.0,0.0,0.5,none,True,True
64163,1.0,0.0,0.5,none,True,True
64164,1.0,0.0,0.5,none,True,True
64165,1.0,0.0,0.5,none,True,True
64166,1.0,0.0,0.5,none,True,True
64167,1.0,0.0,0.5,none,True,True
64168,1.0,0.0,0.5,none,True,True
64169,1.0,0.0,0.5,none,True,True
64170,1.0,0.0,0.5,none,True,True
64171,1.0,0.0,0.5,none,True,True
64172,1.0,0.0,0.5,none,True,True
64173,1.0,0.0,0.5,none,True,True
64174,1.0,0.0,0.5,none,True,True
64175,1.0,0.0,0.5,none,True,True
64176,1.0,0.0,0.5,none,True,True
64177,1.0,0.0,0.5,none,True,True
64178,1.0,0.0,0.5,none,True,True
64179,1.0,0.0,0.5,none,True,True
64180,1.0,0.0,0.5,none,True,True
64181,1.0,0.0,0.5,none,True,True
64182,1.0,0.0,0.5,none,True,True
64183,1.0,0.0,0.5,none,True,True
64184,1.0,0.0,0.5,none,True,True
64185,1.0,0.0,0.5,none,True,True
64186,1.0,0.0,0.5,none,True,True
64187,1.0,0.0,0.5,none,True,True
64188,1.0,0.0,0.5,none,True,True
64189,1.0,0.0,0.5,none,True,True
64190,1.0,0.0,0.5,none,True,True
64191,1.0,0.0,0.5,none,True,True
64192,1.0,0.0,0.5,none,True,True
64193,1.0,0.0,0.5,none,True,True
64194,1.0,0.0,0.5,none,True,True
64195,1.0,0.0,0.5,none,True,True
64196,1.0,0.0,0.5,none,True,True
64197,1.0,0.0,0.5,none,True,True
64198,1.0,0.0,0.5,none,True,True
64199,1.0,0.0,0.5,none,True,True
64200,1.0,0.0,0.5,none,True,True
64201,1.0,0.0,0.5,none,True,True
64202,1.0,0.0,0.5,none,True,True
64203,1.0,0.0,0.5,none,True,True
64204,1.0,0.0,0.5,none,True,True
64205,1.0,0.0,0.5,none,True,True
64206,1.0,0.0,0.5,none,True,True
64207,1.0,0.0,0.5,none,True,True
64208,1.0,0.0,0.5,none,True,True
64209,1.0,0.0,0.5,none,True,True
64210,1.0,0.0,0.5,none,True,True
64211,1.0,0.0,0.5,none,True,True
64212,1.0,0.0,0.5,none,True,True
64213,1.0,0.0,0.5,none,True,True
64214,1.0,0.0,0.5,none,True,True
64215,1.0,0.0,0.5,none,True,True
64216,1.0,0.0,0.5,none,True,True
64217,1.0,0.0,0.5,none,True,True
64218,1.0,0.0,0.5,none,True,True
64219,1.0,0.0,0.5,none,True,True
64220,1.0,0.0,0.5,none,True,True
64221,1.0,0.0,0.5,none,True,True
64222,1.0,0.0,0.5,none,True,True
64223,1.0,0.0,0.5,none,True,True
64224,1.0,0.0,0.5,none,True,True
64225,1.0,0.0,0.5,none,True,True
64226,1.0,0.0,0.5,none,True,True
64227,1.0,0.0,0.5,none,True,True
64228,1.0,0.0,0.5,none,True,True
64229,1.0,0.0,0.5,none,True,True
64230,1.0,0.0,0.5,none,True,True
64231,1.0,0.0,0.5,none,True,True
64232,1.0,0.0,0.5,none,True,True
64233,1.0,0.0,0.5,none,True,True
64234,1.0,0.0,0.5,none,True,True
64235,1.0,0.0,0.5,none,True,True
64236,1.0,0.0,0.5,none,True,True
64237,1.0,0.0,0.5,none,True,True
64238,1.0,0.0,0.5,none,True,True
64239,1.0,0.0,0.5,none,True,True
64240,1.0,0.0,0.5,none,True,True
64241,1.0,0.0,0.5,none,True,True
64242,1.0,0.0,0.5,none,True,True
64243,1.0,0.0,0.5,none,True,True
64244,1.0,0.0,0.5,none,True,True
64245,1.0,0.0,0.5,none,True,True
64246,1.0,0.0,0.5,none,True,True
64247,1.0,0.0,0.5,none,True,True
64248,1.0,0.0,0.5,none,True,True
64249,1.0,0.0,0.5,none,True,True
64250,1.0,0.0,0.5,none,True,True
64251,1.0,0.0,0.5,none,True,True
64252,1.0,0.0,0.5,none,True,True
64253,1.0,0.0,0.5,none,True,True
64254,1.0,0.0,0.5,none,True,True
64255,1.0,0.0,0.5,none,True,True
64256,1.0,0.0,0.5,none,True,True
64257,1.0,0.0,0.5,none,True,True
64258,1.0,0.0,0.5,none,True,True
64259,1.0,0.0,0.5,none,True,True
64260,1.0,0.0,0.5,none,True,True
64261,1.0,0.0,0.5,none,True,True
64262,1.0,0.0,0.5,none,True,True
64263,1.0,0.0,0.5,none,True,True
64264,1.0,0.0,0.5,none,True,True
64265,1.0,0.0,0.5,none,True,True
64266,1.0,0.0,0.5,none,True,True
64267,1.0,0.0,0.5,none,True,True
64268,1.0,0.0,0.5,none,True,True
64269,1.0,0.0,0.5,none,True,True
64270,1.0,0.0,0.5,none,True,True
64271,1.0,0.0,0.5,none,True,True
64272,1.0,0.0,0.5,none,True,True
64273,1.0,0.0,0.5,none,True,True
64274,1.0,0.0,0.5,none,True,True
64275,1.0,0.0,0.5,none,True,True
64276,1.0,0.0,0.5,none,True,True
64277,1.0,0.0,0.5,none,True,True
64278,1.0,0.0,0.5,none,True,True
64279,1.0,0.0,0.5,none,True,True
64280,1.0,0.0,0.5,none,True,True
64281,1.0,0.0,0.5,none,True,True
64282,1.0,0.0,0.5,none,True,True
64283,1.0,0.0,0.5,none,True,True
64284,1.0,0.0,0.5,none,True,True
64285,1.0,0.0,0.5,none,True,True
64286,1.0,0.0,0.5,none,True,True
64287,1.0,0.0,0.5,none,True,True
64288,1.0,0.0,0.5,none,True,True
64289,1.0,0.0,0.5,none,True,True
64290,1.0,0.0,0.5,none,True,True
64291,1.0,0.0,0.5,none,True,True
64292,1.0,0.0,0.5,none,True,True
64293,1.0,0.0,0.5,none,True,True
64294,1.0,0.0,0.5,none,True,True
64295,1.0,0.0,0.5,none,True,True
64296,1.0,0.0,0.5,none,True,True
64297,1.0,0.0,0.5,none,True,True
64298,1.0,0.0,0.5,none,True,True
64299,1.0,0.0,0.5,none,True,True
64300,1.0,0.0,0.5,none,True,True
64301,1.0,0.0,0.5,none,True,True
64302,1.0,0.0,0.5,none,True,True
64303,1.0,0.0,0.5,none,True,True
64304,1.0,0.0,0.5,none,True,True
64305,1.0,0.0,0.5,none,True,True
64306,1.0,0.0,0.5,none,True,True
64307,1.0,0.0,0.5,none,True,True
64308,1.0,0.0,0.5,none,True,True
64309,1.0,0.0,0.5,none,True,True
64310,1.0,0.0,0.5,none,True,True
64311,1.0,0.0,0.5,none,True,True
64312,1.0,0.0,0.5,none,True,True
64313,1.0,0.0,0.5,none,True,True
64314,1.0,0.0,0.5,none,True,True
64315,1.0,0.0,0.5,none,True,True
64316,1.0,0.0,0.5,none,True,True
64317,1.0,0.0,0.5,none,True,True
64318,1.0,0.0,0.5,none,True,True
64319,1.0,0.0,0.5,none,True,True
64320,1.0,0.0,0.5,none,True,True
64321,1.0,0.0,0.5,none,True,True
64322,1.0,0.0,0.5,none,True,True
64323,1.0,0.0,0.5,none,True,True
64324,1.0,0.0,0.5,none,True,True
64325,1.0,0.0,0.5,none,True,True
64326,1.0,0.0,0.5,none,True,True
64327,1.0,0.0,0.5,none,True,True
64328,1.0,0.0,0.5,none,True,True
64329,1.0,0.0,0.5,none,True,True
64330,1.0,0.0,0.5,none,True,True
64331,1.0,0.0,0.5,none,True,True
64332,1.0,0.0,0.5,none,True,True
64333,1.0,0.0,0.5,none,True,True
64334,1.0,0.0,0.5,none,True,True
64335,1.0,0.0,0.5,none,True,True
64336,1.0,0.0,0.5,none,True,True
64337,1.0,0.0,0.5,none,True,True
64338,1.0,0.0,0.5,none,True,True
64339,1.0,0.0,0.5,none,True,True
64340,1.0,0.0,0.5,none,True,True
64341,1.0,0.0,0.5,none,True,True
64342,1.0,0.0,0.5,none,True,True
64343,1.0,0.0,0.5,none,True,True
64344,1.0,0.0,0.5,none,True,True
64345,1.0,0.0,0.5,none,True,True
64346,1.0,0.0,0.5,none,True,True
64347,1.0,0.0,0.5,none,True,True
64348,1.0,0.0,0.5,none,True,True
64349,1.0,0.0,0.5,none,True,True
64350,1.0,0.0,0.5,none,True,True
64351,1.0,0.0,0.5,none,True,True
64352,1.0,0.0,0.5,none,True,True
64353,1.0,0.0,0.5,none,True,True
64354,1.0,0.0,0.5,none,True,True
64355,1.0,0.0,0.5,none,True,True
64356,1.0,0.0,0.5,none,True,True
64357,1.0,0.0,0.5,none,True,True
64358,1.0,0.0,0.5,none,True,True
64359,1.0,0.0,0.5,none,True,True
64360,1.0,0.0,0.5,none,True,True
64361,1.0,0.0,0.5,none,True,True
64362,1.0,0.0,0.5,none,True,True
64363,1.0,0.0,0.5,none,True,True
64364,1.0,0.0,0.5,none,True,True
64365,1.0,0.0,0.5,none,True,True
64366,1.0,0.0,0.5,none,True,True
64367,1.0,0.0,0.5,none,True,True
64368,1.0,0.0,0.5,none,True,True
64369,1.0,0.0,0.5,none,True,True
64370,1.0,0.0,0.5,none,True,True
64371,1.0,0.0,0.5,none,True,True
64372,1.0,0.0,0.5,none,True,True
64373,1.0,0.0,0.5,none,True,True
64374,1.0,0.0,0.5,none,True,True
64375,1.0,0.0,0.5,none,True,True
64376,1.0,0.0,0.5,none,True,True
64377,1.0,0.0,0.5,none,True,True
64378,1.0,0.0,0.5,none,True,True
64379,1.0,0.0,0.5,none,True,True
64380,1.0,0.0,0.5,none,True,True
64381,1.0,0.0,0.5,none,True,True
64382,1.0,0.0,0.5,none,True,True
64383,1.0,0.0,0.5,none,True,True
64384,1.0,0.0,0.5,none,True,True
64385,1.0,0.0,0.5,none,True,True
64386,1.0,0.0,0.5,none,True,True
64387,1.0,0.0,0.5,none,True,True
64388,1.0,0.0,0.5,none,True,True
64389,1.0,0.0,0.5,none,True,True
64390,1.0,0.0,0.5,none,True,True
64391,1.0,0.0,0.5,none,True,True
64392,1.0,0.0,0.5,none,True,True
64393,1.0,0.0,0.5,none,True,True
64394,1.0,0.0,0.5,none,True,True
64395,1.0,0.0,0.5,none,True,True
64396,1.0,0.0,0.5,none,True,True
64397,1.0,0.0,0.5,none,True,True
64398,1.0,0.0,0.5,none,True,True
64399,1.0,0.0,0.5,none,True,True
64400,1.0,0.0061,0.5,none,True,True
64401,1.0,0.0357,0.5,none,True,True
64402,1.0,0.0812,0.5,none,True,True
64403,1.0,0.1113,0.5,none,True,True
64404,1.0,0.1253,0.5,none,True,True
64405,1.0,0.1408,0.5,none,True,True
64406,1.0,0.0907,0.5,none,True,True
64407,1.0,0.1198,0.5,none,True,True
64408,1.0,0.0467,0.5,none,True,True
64409,1.0,0.0522,0.5,none,True,True
64410,1.0,0.0405,0.5,none,True,True
64411,1.0,0.0313,0.5,none,True,True
64412,1.0,0.0083,0.5,none,True,True
64413,1.0,0.0726,0.5,none,True,True
64414,1.0,0.0793,0.5,none,True,True
64415,1.0,0.0581,0.5,none,True,True
64416,1.0,0.0955,0.5,none,True,True
64417,1.0,0.0839,0.5,none,True,True
64418,1.0,0.0648,0.5,none,True,True
64419,1.0,0.0718,0.5,none,True,True
64420,1.0,0.0589,0.5,none,True,True
64421,1.0,0.0403,0.5,none,True,True
64422,1.0,0.0327,0.5,none,True,True
64423,1.0,0.0277,0.5,none,True,True
64424,1.0,0.017,0.5,none,True,True
64425,1.0,0.0102,0.5,none,True,True
64426,1.0,0.0099,0.5,none,True,True
64427,1.0,0.008,0.5,none,True,True
64428,1.0,0.005,0.5,none,True,True
64429,1.0,0.0063,0.5,none,True,True
64430,1.0,0.009,0.5,none,True,True
64431,1.0,0.0096,0.5,none,True,True
64432,1.0,0.0108,0.5,none,True,True
64433,1.0,0.014,0.5,none,True,True
64434,1.0,0.0161,0.5,none,True,True
64435,1.0,0.0167,0.5,none,True,True
64436,1.0,0.0182,0.5,none,True,True
64437,1.0,0.0196,0.5,none,True,True
64438,1.0,0.0197,0.5,none,True,True
64439,1.0,0.0193,0.5,none,True,True
64440,1.0,0.0193,0.5,none,True,True
64441,1.0,0.0187,0.5,none,True,True
64442,1.0,0.0174,0.5,none,True,True
64443,1.0,0.0163,0.5,none,True,True
64444,1.0,0.0152,0.5,none,True,True
64445,1.0,0.0138,0.5,none,True,True
64446,1.0,0.0123,0.5,none,True,True
64447,1.0,0.0111,0.5,none,True,True
64448,1.0,0.01,0.5,none,True,True
64449,1.0,0.0088,0.5,none,True,True
64450,1.0,0.0078,0.5,none,True,True
64451,1.0,0.0071,0.5,none,True,True
64452,1.0,0.0064,0.5,none,True,True
64453,1.0,0.0057,0.5,none,True,True
64454,1.0,0.0053,0.5,none,True,True
64455,1.0,0.005,0.5,none,True,True
64456,1.0,0.0047,0.5,none,True,True
64457,1.0,0.0045,0.5,none,True,True
64458,1.0,0.0044,0.5,none,True,True
64459,1.0,0.0043,0.5,none,True,True
64460,1.0,0.0042,0.5,none,True,True
64461,1.0,0.0041,0.5,none,True,True
64462,1.0,0.004,0.5,none,True,True
64463,1.0,0.0039,0.5,none,True,True
64464,1.0,0.0038,0.5,none,True,True
64465,1.0,0.0037,0.5,none,True,True
64466,1.0,0.0035,0.5,none,True,True
64467,1.0,0.0033,0.5,none,True,True
64468,1.0,0.0032,0.5,none,True,True
64469,1.0,0.003,0.5,none,True,True
64470,1.0,0.0028,0.5,none,True,True
64471,1.0,0.0026,0.5,none,True,True
64472,1.0,0.0024,0.5,none,True,True
64473,1.0,0.0023,0.5,none,True,True
64474,1.0,0.0021,0.5,none,True,True
64475,1.0,0.0019,0.5,none,True,True
64476,1.0,0.0018,0.5,none,True,True
64477,1.0,0.0017,0.5,none,True,True
64478,1.0,0.0015,0.5,none,True,True
64479,1.0,0.0014,0.5,none,True,True
64480,1.0,0.0013,0.5,none,True,True
64481,1.0,0.0013,0.5,none,True,True
64482,1.0,0.0012,0.5,none,True,True
64483,1.0,0.0011,0.5,none,True,True
64484,1.0,0.0011,0.5,none,True,True
64485,1.0,0.001,0.5,none,True,True
64486,1.0,0.001,0.5,none,True,True
64487,1.0,0.0009,0.5,none,True,True
64488,1.0,0.0009,0.5,none,True,True
64489,1.0,0.0008,0.5,none,True,True
64490,1.0,0.0008,0.5,none,True,True
64491,1.0,0.0008,0.5,none,True,True
64492,1.0,0.0007,0.5,none,True,True
64493,1.0,0.0007,0.5,none,True,True
64494,1.0,0.0006,0.5,none,True,True
64495,1.0,0.0006,0.5,none,True,True
64496,1.0,0.0006,0.5,none,True,True
64497,1.0,0.0005,0.5,none,True,True
64498,1.0,0.0005,0.5,none,True,True
64499,1.0,0.0005,0.5,none,True,True
64500,1.0,0.0004,0.5,none,True,True
64501,1.0,0.0004,0.5,none,True,True
64502,1.0,0.0004,0.5,none,True,True
64503,1.0,0.0004,0.5,none,True,True
64504,1.0,0.0003,0.5,none,True,True
64505,1.0,0.0003,0.5,none,True,True
64506,1.0,0.0003,0.5,none,True,True
64507,1.0,0.0003,0.5,none,True,True
64508,1.0,0.0003,0.5,none,True,True
64509,1.0,0.0003,0.5,none,True,True
64510,1.0,0.0002,0.5,none,True,True
64511,1.0,0.0002,0.5,none,True,True
64512,1.0,0.0002,0.5,none,True,True
64513,1.0,0.0002,0.5,none,True,True
64514,1.0,0.0002,0.5,none,True,True
64515,1.0,0.0002,0.5,none,True,True
64516,1.0,0.0002,0.5,none,True,True
64517,1.0,0.0002,0.5,none,True,True
64518,1.0,0.0002,0.5,none,True,True
64519,1.0,0.0001,0.5,none,True,True
64520,1.0,0.0001,0.5,none,True,True
64521,1.0,0.0001,0.5,none,True,True
64522,1.0,0.0001,0.5,none,True,True
64523,1.0,0.0001,0.5,none,True,True
64524,1.0,0.0001,0.5,none,True,True
64525,1.0,0.0001,0.5,none,True,True
64526,1.0,0.0001,0.5,none,True,True
64527,1.0,0.0001,0.5,none,True,True
64528,1.0,0.0001,0.5,none,True,True
64529,1.0,0.0001,0.5,none,True,True
64530,1.0,0.0001,0.5,none,True,True
64531,1.0,0.0001,0.5,none,True,True
64532,1.0,0.0001,0.5,none,True,True
64533,1.0,0.0001,0.5,none,True,True
64534,1.0,0.0001,0.5,none,True,True
64535,1.0,0.0001,0.5,none,True,True
64536,1.0,0.0001,0.5,none,True,True
64537,1.0,0.0,0.5,none,True,True
64538,1.0,0.0,0.5,none,True,True
64539,1.0,0.0,0.5,none,True,True
64540,1.0,0.0,0.5,none,True,True
64541,1.0,0.0,0.5,none,True,True
64542,1.0,0.0,0.5,none,True,True
64543,1.0,0.0,0.5,none,True,True
64544,1.0,0.0,0.5,none,True,True
64545,1.0,0.0,0.5,none,True,True
64546,1.0,0.0,0.5,none,True,True
64547,1.0,0.0,0.5,none,True,True
64548,1.0,0.0,0.5,none,True,True
64549,1.0,0.0,0.5,none,True,True
64550,1.0,0.0,0.5,none,True,True
64551,1.0,0.0,0.5,none,True,True
64552,1.0,0.0,0.5,none,True,True
64553,1.0,0.0,0.5,none,True,True
64554,1.0,0.0,0.5,none,True,True
64555,1.0,0.0,0.5,none,True,True
64556,1.0,0.0,0.5,none,True,True
64557,1.0,0.0,0.5,none,True,True
64558,1.0,0.0,0.5,none,True,True
64559,1.0,0.0,0.5,none,True,True
64560,1.0,0.0,0.5,none,True,True
64561,1.0,0.0,0.5,none,True,True
64562,1.0,0.0,0.5,none,True,True
64563,1.0,0.0,0.5,none,True,True
64564,1.0,0.0,0.5,none,True,True
64565,1.0,0.0,0.5,none,True,True
64566,1.0,0.0,0.5,none,True,True
64567,1.0,0.0,0.5,none,True,True
64568,1.0,0.0,0.5,none,True,True
64569,1.0,0.0,0.5,none,True,True
64570,1.0,0.0,0.5,none,True,True
64571,1.0,0.0,0.5,none,True,True
64572,1.0,0.0,0.5,none,True,True
64573,1.0,0.0,0.5,none,True,True
64574,1.0,0.0,0.5,none,True,True
64575,1.0,0.0,0.5,none,True,True
64576,1.0,0.0,0.5,none,True,True
64577,1.0,0.0,0.5,none,True,True
64578,1.0,0.0,0.5,none,True,True
64579,1.0,0.0,0.5,none,True,True
64580,1.0,0.0,0.5,none,True,True
64581,1.0,0.0,0.5,none,True,True
64582,1.0,0.0,0.5,none,True,True
64583,1.0,0.0,0.5,none,True,True
64584,1.0,0.0,0.5,none,True,True
64585,1.0,0.0,0.5,none,True,True
64586,1.0,0.0,0.5,none,True,True
64587,1.0,0.0,0.5,none,True,True
64588,1.0,0.0,0.5,none,True,True
64589,1.0,0.0,0.5,none,True,True
64590,1.0,0.0,0.5,none,True,True
64591,1.0,0.0,0.5,none,True,True
64592,1.0,0.0,0.5,none,True,True
64593,1.0,0.0,0.5,none,True,True
64594,1.0,0.0,0.5,none,True,True
64595,1.0,0.0,0.5,none,True,True
64596,1.0,0.0,0.5,none,True,True
64597,1.0,0.0,0.5,none,True,True
64598,1.0,0.0,0.5,none,True,True
64599,1.0,0.0,0.5,none,True,True
64600,1.0,0.0,0.5,none,True,True
64601,1.0,0.0,0.5,none,True,True
64602,1.0,0.0,0.5,none,True,True
64603,1.0,0.0,0.5,none,True,True
64604,1.0,0.0,0.5,none,True,True
64605,1.0,0.0,0.5,none,True,True
64606,1.0,0.0,0.5,none,True,True
64607,1.0,0.0,0.5,none,True,True
64608,1.0,0.0,0.5,none,True,True
64609,1.0,0.0,0.5,none,True,True
64610,1.0,0.0,0.5,none,True,True
64611,1.0,0.0,0.5,none,True,True
64612,1.0,0.0,0.5,none,True,True
64613,1.0,0.0,0.5,none,True,True
64614,1.0,0.0,0.5,none,True,True
64615,1.0,0.0,0.5,none,True,True
64616,1.0,0.0,0.5,none,True,True
64617,1.0,0.0,0.5,none,True,True
64618,1.0,0.0,0.5,none,True,True
64619,1.0,0.0,0.5,none,True,True
64620,1.0,0.0,0.5,none,True,True
64621,1.0,0.0,0.5,none,True,True
64622,1.0,0.0,0.5,none,True,True
64623,1.0,0.0,0.5,none,True,True
64624,1.0,0.0,0.5,none,True,True
64625,1.0,0.0,0.5,none,True,True
64626,1.0,0.0,0.5,none,True,True
64627,1.0,0.0,0.5,none,True,True
64628,1.0,0.0,0.5,none,True,True
64629,1.0,0.0,0.5,none,True,True
64630,1.0,0.0,0.5,none,True,True
64631,1.0,0.0,0.5,none,True,True
64632,1.0,0.0,0.5,none,True,True
64633,1.0,0.0,0.5,none,True,True
64634,1.0,0.0,0.5,none,True,True
64635,1.0,0.0,0.5,none,True,True
64636,1.0,0.0,0.5,none,True,True
64637,1.0,0.0,0.5,none,True,True
64638,1.0,0.0,0.5,none,True,True
64639,1.0,0.0,0.5,none,True,True
64640,1.0,0.0,0.5,none,True,True
64641,1.0,0.0,0.5,none,True,True
64642,1.0,0.0,0.5,none,True,True
64643,1.0,0.0,0.5,none,True,True
64644,1.0,0.0,0.5,none,True,True
64645,1.0,0.0,0.5,none,True,True
64646,1.0,0.0,0.5,none,True,True
64647,1.0,0.0,0.5,none,True,True
64648,1.0,0.0,0.5,none,True,True
64649,1.0,0.0,0.5,none,True,True
64650,1.0,0.0,0.5,none,True,True
64651,1.0,0.0,0.5,none,True,True
64652,1.0,0.0,0.5,none,True,True
64653,1.0,0.0,0.5,none,True,True
64654,1.0,0.0,0.5,none,True,True
64655,1.0,0.0,0.5,none,True,True
64656,1.0,0.0,0.5,none,True,True
64657,1.0,0.0,0.5,none,True,True
64658,1.0,0.0,0.5,none,True,True
64659,1.0,0.0,0.5,none,True,True
64660,1.0,0.0,0.5,none,True,True
64661,1.0,0.0,0.5,none,True,True
64662,1.0,0.0,0.5,none,True,True
64663,1.0,0.0,0.5,none,True,True
64664,1.0,0.0,0.5,none,True,True
64665,1.0,0.0,0.5,none,True,True
64666,1.0,0.0,0.5,none,True,True
64667,1.0,0.0,0.5,none,True,True
64668,1.0,0.0,0.5,none,True,True
64669,1.0,0.0,0.5,none,True,True
64670,1.0,0.0,0.5,none,True,True
64671,1.0,0.0,0.5,none,True,True
64672,1.0,0.0,0.5,none,True,True
64673,1.0,0.0,0.5,none,True,True
64674,1.0,0.0,0.5,none,True,True
64675,1.0,0.0,0.5,none,True,True
64676,1.0,0.0,0.5,none,True,True
64677,1.0,0.0,0.5,none,True,True
64678,1.0,0.0,0.5,none,True,True
64679,1.0,0.0,0.5,none,True,True
64680,1.0,0.0,0.5,none,True,True
64681,1.0,0.0,0.5,none,True,True
64682,1.0,0.0,0.5,none,True,True
64683,1.0,0.0,0.5,none,True,True
64684,1.0,0.0,0.5,none,True,True
64685,1.0,0.0,0.5,none,True,True
64686,1.0,0.0,0.5,none,True,True
64687,1.0,0.0,0.5,none,True,True
64688,1.0,0.0,0.5,none,True,True
64689,1.0,0.0,0.5,none,True,True
64690,1.0,0.0,0.5,none,True,True
64691,1.0,0.0,0.5,none,True,True
64692,1.0,0.0,0.5,none,True,True
64693,1.0,0.0,0.5,none,True,True
64694,1.0,0.0,0.5,none,True,True
64695,1.0,0.0,0.5,none,True,True
64696,1.0,0.0,0.5,none,True,True
64697,1.0,0.0,0.5,none,True,True
64698,1.0,0.0,0.5,none,True,True
64699,1.0,0.0,0.5,none,True,True
64700,1.0,0.0,0.5,none,True,True
64701,1.0,0.0,0.5,none,True,True
64702,1.0,0.0,0.5,none,True,True
64703,1.0,0.0,0.5,none,True,True
64704,1.0,0.0,0.5,none,True,True
64705,1.0,0.0,0.5,none,True,True
64706,1.0,0.0,0.5,none,True,True
64707,1.0,0.0,0.5,none,True,True
64708,1.0,0.0,0.5,none,True,True
64709,1.0,0.0,0.5,none,True,True
64710,1.0,0.0,0.5,none,True,True
64711,1.0,0.0,0.5,none,True,True
64712,1.0,0.0,0.5,none,True,True
64713,1.0,0.0,0.5,none,True,True
64714,1.0,0.0,0.5,none,True,True
64715,1.0,0.0,0.5,none,True,True
64716,1.0,0.0,0.5,none,True,True
64717,1.0,0.0,0.5,none,True,True
64718,1.0,0.0,0.5,none,True,True
64719,1.0,0.0,0.5,none,True,True
64720,1.0,0.0,0.5,none,True,True
64721,1.0,0.0,0.5,none,True,True
64722,1.0,0.0,0.5,none,True,True
64723,1.0,0.0,0.5,none,True,True
64724,1.0,0.0,0.5,none,True,True
64725,1.0,0.0,0.5,none,True,True
64726,1.0,0.0,0.5,none,True,True
64727,1.0,0.0,0.5,none,True,True
64728,1.0,0.0,0.5,none,True,True
64729,1.0,0.0,0.5,none,True,True
64730,1.0,0.0,0.5,none,True,True
64731,1.0,0.0,0.5,none,True,True
64732,1.0,0.0,0.5,none,True,True
64733,1.0,0.0,0.5,none,True,True
64734,1.0,0.0,0.5,none,True,True
64735,1.0,0.0,0.5,none,True,True
64736,1.0,0.0,0.5,none,True,True
64737,1.0,0.0,0.5,none,True,True
64738,1.0,0.0,0.5,none,True,True
64739,1.0,0.0,0.5,none,True,True
64740,1.0,0.0,0.5,none,True,True
64741,1.0,0.0,0.5,none,True,True
64742,1.0,0.0,0.5,none,True,True
64743,1.0,0.0,0.5,none,True,True
64744,1.0,0.0,0.5,none,True,True
64745,1.0,0.0,0.5,none,True,True
64746,1.0,0.0,0.5,none,True,True
64747,1.0,0.0,0.5,none,True,True
64748,1.0,0.0,0.5,none,True,True
64749,1.0,0.0,0.5,none,True,True
64750,1.0,0.0,0.5,none,True,True
64751,1.0,0.0,0.5,none,True,True
64752,1.0,0.0,0.5,none,True,True
64753,1.0,0.0,0.5,none,True,True
64754,1.0,0.0,0.5,none,True,True
64755,1.0,0.0,0.5,none,True,True
64756,1.0,0.0,0.5,none,True,True
64757,1.0,0.0,0.5,none,True,True
64758,1.0,0.0,0.5,none,True,True
64759,1.0,0.0,0.5,none,True,True
64760,1.0,0.0,0.5,none,True,True
64761,1.0,0.0,0.5,none,True,True
64762,1.0,0.0,0.5,none,True,True
64763,1.0,0.0,0.5,none,True,True
64764,1.0,0.0,0.5,none,True,True
64765,1.0,0.0,0.5,none,True,True
64766,1.0,0.0,0.5,none,True,True
64767,1.0,0.0,0.5,none,True,True
64768,1.0,0.0,0.5,none,True,True
64769,1.0,0.0,0.5,none,True,True
64770,1.0,0.0,0.5,none,True,True
64771,1.0,0.0,0.5,none,True,True
64772,1.0,0.0,0.5,none,True,True
64773,1.0,0.0,0.5,none,True,True
64774,1.0,0.0,0.5,none,True,True
64775,1.0,0.0,0.5,none,True,True
64776,1.0,0.0,0.5,none,True,True
64777,1.0,0.0,0.5,none,True,True
64778,1.0,0.0,0.5,none,True,True
64779,1.0,0.0,0.5,none,True,True
64780,1.0,0.0,0.5,none,True,True
64781,1.0,0.0,0.5,none,True,True
64782,1.0,0.0,0.5,none,True,True
64783,1.0,0.0,0.5,none,True,True
64784,1.0,0.0,0.5,none,True,True
64785,1.0,0.0,0.5,none,True,True
64786,1.0,0.0,0.5,none,True,True
64787,1.0,0.0,0.5,none,True,True
64788,1.0,0.0,0.5,none,True,True
64789,1.0,0.0,0.5,none,True,True
64790,1.0,0.0,0.5,none,True,True
64791,1.0,0.0,0.5,none,True,True
64792,1.0,0.0,0.5,none,True,True
64793,1.0,0.0,0.5,none,True,True
64794,1.0,0.0,0.5,none,True,True
64795,1.0,0.0,0.5,none,True,True
64796,1.0,0.0,0.5,none,True,True
64797,1.0,0.0,0.5,none,True,True
64798,1.0,0.0,0.5,none,True,True
64799,1.0,0.0,0.5,none,True,True
64800,1.0,0.0,0.5,none,True,True
64801,1.0,0.0,0.5,none,True,True
64802,1.0,0.0,0.5,none,True,True
64803,1.0,0.0,0.5,none,True,True
64804,1.0,0.0,0.5,none,True,True
64805,1.0,0.0,0.5,none,True,True
64806,1.0,0.0,0.5,none,True,True
64807,1.0,0.0,0.5,none,True,True
64808,1.0,0.0,0.5,none,True,True
64809,1.0,0.0,0.5,none,True,True
64810,1.0,0.0,0.5,none,True,True
64811,1.0,0.0,0.5,none,True,True
64812,1.0,0.0,0.5,none,True,True
64813,1.0,0.0,0.5,none,True,True
64814,1.0,0.0,0.5,none,True,True
64815,1.0,0.0,0.5,none,True,True
64816,1.0,0.0,0.5,none,True,True
64817,1.0,0.0,0.5,none,True,True
64818,1.0,0.0,0.5,none,True,True
64819,1.0,0.0,0.5,none,True,True
64820,1.0,0.0,0.5,none,True,True
64821,1.0,0.0,0.5,none,True,True
64822,1.0,0.0,0.5,none,True,True
64823,1.0,0.0,0.5,none,True,True
64824,1.0,0.0,0.5,none,True,True
64825,1.0,0.0,0.5,none,True,True
64826,1.0,0.0,0.5,none,True,True
64827,1.0,0.0,0.5,none,True,True
64828,1.0,0.0,0.5,none,True,True
64829,1.0,0.0,0.5,none,True,True
64830,1.0,0.0,0.5,none,True,True
64831,1.0,0.0,0.5,none,True,True
64832,1.0,0.0,0.5,none,True,True
64833,1.0,0.0,0.5,none,True,True
64834,1.0,0.0,0.5,none,True,True
64835,1.0,0.0,0.5,none,True,True
64836,1.0,0.0,0.5,none,True,True
64837,1.0,0.0,0.5,none,True,True
64838,1.0,0.0,0.5,none,True,True
64839,1.0,0.0,0.5,none,True,True
64840,1.0,0.0,0.5,none,True,True
64841,1.0,0.0,0.5,none,True,True
64842,1.0,0.0,0.5,none,True,True
64843,1.0,0.0,0.5,none,True,True
64844,1.0,0.0,0.5,none,True,True
64845,1.0,0.0,0.5,none,True,True
64846,1.0,0.0,0.5,none,True,True
64847,1.0,0.0,0.5,none,True,True
64848,1.0,0.0,0.5,none,True,True
64849,1.0,0.0,0.5,none,True,True
64850,1.0,0.0,0.5,none,True,True
64851,1.0,0.0,0.5,none,True,True
64852,1.0,0.0,0.5,none,True,True
64853,1.0,0.0,0.5,none,True,True
64854,1.0,0.0,0.5,none,True,True
64855,1.0,0.0,0.5,none,True,True
64856,1.0,0.0,0.5,none,True,True
64857,1.0,0.0,0.5,none,True,True
64858,1.0,0.0,0.5,none,True,True
64859,1.0,0.0,0.5,none,True,True
64860,1.0,0.0,0.5,none,True,True
64861,1.0,0.0,0.5,none,True,True
64862,1.0,0.0,0.5,none,True,True
64863,1.0,0.0,0.5,none,True,True
64864,1.0,0.0,0.5,none,True,True
64865,1.0,0.0,0.5,none,True,True
64866,1.0,0.0,0.5,none,True,True
64867,1.0,0.0,0.5,none,True,True
64868,1.0,0.0,0.5,none,True,True
64869,1.0,0.0,0.5,none,True,True
64870,1.0,0.0,0.5,none,True,True
64871,1.0,0.0,0.5,none,True,True
64872,1.0,0.0,0.5,none,True,True
64873,1.0,0.0,0.5,none,True,True
64874,1.0,0.0,0.5,none,True,True
64875,1.0,0.0,0.5,none,True,True
64876,1.0,0.0,0.5,none,True,True
64877,1.0,0.0,0.5,none,True,True
64878,1.0,0.0,0.5,none,True,True
64879,1.0,0.0,0.5,none,True,True
64880,1.0,0.0,0.5,none,True,True
64881,1.0,0.0,0.5,none,True,True
64882,1.0,0.0,0.5,none,True,True
64883,1.0,0.0,0.5,none,True,True
64884,1.0,0.0,0.5,none,True,True
64885,1.0,0.0,0.5,none,True,True
64886,1.0,0.0,0.5,none,True,True
64887,1.0,0.0,0.5,none,True,True
64888,1.0,0.0,0.5,none,True,True
64889,1.0,0.0,0.5,none,True,True
64890,1.0,0.0,0.5,none,True,True
64891,1.0,0.0,0.5,none,True,True
64892,1.0,0.0,0.5,none,True,True
64893,1.0,0.0,0.5,none,True,True
64894,1.0,0.0,0.5,none,True,True
64895,1.0,0.0,0.5,none,True,True
64896,1.0,0.0,0.5,none,True,True
64897,1.0,0.0,0.5,none,True,True
64898,1.0,0.0,0.5,none,True,True
64899,1.0,0.0,0.5,none,True,True
64900,1.0,0.0,0.5,none,True,True
64901,1.0,0.0,0.5,none,True,True
64902,1.0,0.0,0.5,none,True,True
64903,1.0,0.0,0.5,none,True,True
64904,1.0,0.0,0.5,none,True,True
64905,1.0,0.0,0.5,none,True,True
64906,1.0,0.0,0.5,none,True,True
64907,1.0,0.0,0.5,none,True,True
64908,1.0,0.0,0.5,none,True,True
64909,1.0,0.0,0.5,none,True,True
64910,1.0,0.0,0.5,none,True,True
64911,1.0,0.0,0.5,none,True,True
64912,1.0,0.0,0.5,none,True,True
64913,1.0,0.0,0.5,none,True,True
64914,1.0,0.0,0.5,none,True,True
64915,1.0,0.0,0.5,none,True,True
64916,1.0,0.0,0.5,none,True,True
64917,1.0,0.0,0.5,none,True,True
64918,1.0,0.0,0.5,none,True,True
64919,1.0,0.0,0.5,none,True,True
64920,1.0,0.0,0.5,none,True,True
64921,1.0,0.0,0.5,none,True,True
64922,1.0,0.0,0.5,none,True,True
64923,1.0,0.0,0.5,none,True,True
64924,1.0,0.0,0.5,none,True,True
64925,1.0,0.0,0.5,none,True,True
64926,1.0,0.0,0.5,none,True,True
64927,1.0,0.0,0.5,none,True,True
64928,1.0,0.0,0.5,none,True,True
64929,1.0,0.0,0.5,none,True,True
64930,1.0,0.0,0.5,none,True,True
64931,1.0,0.0,0.5,none,True,True
64932,1.0,0.0,0.5,none,True,True
64933,1.0,0.0,0.5,none,True,True
64934,1.0,0.0,0.5,none,True,True
64935,1.0,0.0,0.5,none,True,True
64936,1.0,0.0,0.5,none,True,True
64937,1.0,0.0,0.5,none,True,True
64938,1.0,0.0,0.5,none,True,True
64939,1.0,0.0,0.5,none,True,True
64940,1.0,0.0,0.5,none,True,True
64941,1.0,0.0,0.5,none,True,True
64942,1.0,0.0,0.5,none,True,True
64943,1.0,0.0,0.5,none,True,True
64944,1.0,0.0,0.5,none,True,True
64945,1.0,0.0,0.5,none,True,True
64946,1.0,0.0,0.5,none,True,True
64947,1.0,0.0,0.5,none,True,True
64948,1.0,0.0,0.5,none,True,True
64949,1.0,0.0,0.5,none,True,True
64950,1.0,0.0,0.5,none,True,True
64951,1.0,0.0,0.5,none,True,True
64952,1.0,0.0,0.5,none,True,True
64953,1.0,0.0,0.5,none,True,True
64954,1.0,0.0,0.5,none,True,True
64955,1.0,0.0,0.5,none,True,True
64956,1.0,0.0,0.5,none,True,True
64957,1.0,0.0,0.5,none,True,True
64958,1.0,0.0,0.5,none,True,True
64959,1.0,0.0,0.5,none,True,True
64960,1.0,0.0,0.5,none,True,True
64961,1.0,0.0,0.5,none,True,True
64962,1.0,0.0,0.5,none,True,True
64963,1.0,0.0,0.5,none,True,True
64964,1.0,0.0,0.5,none,True,True
64965,1.0,0.0,0.5,none,True,True
64966,1.0,0.0,0.5,none,True,True
64967,1.0,0.0,0.5,none,True,True
64968,1.0,0.0,0.5,none,True,True
64969,1.0,0.0,0.5,none,True,True
64970,1.0,0.0,0.5,none,True,True
64971,1.0,0.0,0.5,none,True,True
64972,1.0,0.0,0.5,none,True,True
64973,1.0,0.0,0.5,none,True,True
64974,1.0,0.0,0.5,none,True,True
64975,1.0,0.0,0.5,none,True,True
64976,1.0,0.0,0.5,none,True,True
64977,1.0,0.0,0.5,none,True,True
64978,1.0,0.0,0.5,none,True,True
64979,1.0,0.0,0.5,none,True,True
64980,1.0,0.0,0.5,none,True,True
64981,1.0,0.0,0.5,none,True,True
64982,1.0,0.0,0.5,none,True,True
64983,1.0,0.0,0.5,none,True,True
64984,1.0,0.0,0.5,none,True,True
64985,1.0,0.0,0.5,none,True,True
64986,1.0,0.0,0.5,none,True,True
64987,1.0,0.0,0.5,none,True,True
64988,1.0,0.0,0.5,none,True,True
64989,1.0,0.0,0.5,none,True,True
64990,1.0,0.0,0.5,none,True,True
64991,1.0,0.0,0.5,none,True,True
64992,1.0,0.0,0.5,none,True,True
64993,1.0,0.0,0.5,none,True,True
64994,1.0,0.0,0.5,none,True,True
64995,1.0,0.0,0.5,none,True,True
64996,1.0,0.0,0.5,none,True,True
64997,1.0,0.0,0.5,none,True,True
64998,1.0,0.0,0.5,none,True,True
64999,1.0,0.0,0.5,none,True,True
65000,1.0,0.0,0.5,none,True,True
65001,1.0,0.0,0.5,none,True,True
65002,1.0,0.0,0.5,none,True,True
65003,1.0,0.0,0.5,none,True,True
65004,1.0,0.0,0.5,none,True,True
65005,1.0,0.0,0.5,none,True,True
65006,1.0,0.0,0.5,none,True,True
65007,1.0,0.0,0.5,none,True,True
65008,1.0,0.0,0.5,none,True,True
65009,1.0,0.0,0.5,none,True,True
65010,1.0,0.0,0.5,none,True,True
65011,1.0,0.0,0.5,none,True,True
65012,1.0,0.0,0.5,none,True,True
65013,1.0,0.0,0.5,none,True,True
65014,1.0,0.0,0.5,none,True,True
65015,1.0,0.0,0.5,none,True,True
65016,1.0,0.0,0.5,none,True,True
65017,1.0,0.0,0.5,none,True,True
65018,1.0,0.0,0.5,none,True,True
65019,1.0,0.0,0.5,none,True,True
65020,1.0,0.0,0.5,none,True,True
65021,1.0,0.0,0.5,none,True,True
65022,1.0,0.0,0.5,none,True,True
65023,1.0,0.0,0.5,none,True,True
65024,1.0,0.0,0.5,none,True,True
65025,1.0,0.0,0.5,none,True,True
65026,1.0,0.0,0.5,none,True,True
65027,1.0,0.0,0.5,none,True,True
65028,1.0,0.0,0.5,none,True,True
65029,1.0,0.0,0.5,none,True,True
65030,1.0,0.0,0.5,none,True,True
65031,1.0,0.0,0.5,none,True,True
65032,1.0,0.0,0.5,none,True,True
65033,1.0,0.0,0.5,none,True,True
65034,1.0,0.0,0.5,none,True,True
65035,1.0,0.0,0.5,none,True,True
65036,1.0,0.0,0.5,none,True,True
65037,1.0,0.0,0.5,none,True,True
65038,1.0,0.0,0.5,none,True,True
65039,1.0,0.0,0.5,none,True,True
65040,1.0,0.0,0.5,none,True,True
65041,1.0,0.0,0.5,none,True,True
65042,1.0,0.0,0.5,none,True,True
65043,1.0,0.0,0.5,none,True,True
65044,1.0,0.0,0.5,none,True,True
65045,1.0,0.0,0.5,none,True,True
65046,1.0,0.0,0.5,none,True,True
65047,1.0,0.0,0.5,none,True,True
65048,1.0,0.0,0.5,none,True,True
65049,1.0,0.0,0.5,none,True,True
65050,1.0,0.0,0.5,none,True,True
65051,1.0,0.0,0.5,none,True,True
65052,1.0,0.0,0.5,none,True,True
65053,1.0,0.0,0.5,none,True,True
65054,1.0,0.0,0.5,none,True,True
65055,1.0,0.0,0.5,none,True,True
65056,1.0,0.0,0.5,none,True,True
65057,1.0,0.0,0.5,none,True,True
65058,1.0,0.0,0.5,none,True,True
65059,1.0,0.0,0.5,none,True,True
65060,1.0,0.0,0.5,none,True,True
65061,1.0,0.0,0.5,none,True,True
65062,1.0,0.0,0.5,none,True,True
65063,1.0,0.0,0.5,none,True,True
65064,1.0,0.0,0.5,none,True,True
65065,1.0,0.0,0.5,none,True,True
65066,1.0,0.0,0.5,none,True,True
65067,1.0,0.0,0.5,none,True,True
65068,1.0,0.0,0.5,none,True,True
65069,1.0,0.0,0.5,none,True,True
65070,1.0,0.0,0.5,none,True,True
65071,1.0,0.0,0.5,none,True,True
65072,1.0,0.0,0.5,none,True,True
65073,1.0,0.0,0.5,none,True,True
65074,1.0,0.0,0.5,none,True,True
65075,1.0,0.0,0.5,none,True,True
65076,1.0,0.0,0.5,none,True,True
65077,1.0,0.0,0.5,none,True,True
65078,1.0,0.0,0.5,none,True,True
65079,1.0,0.0,0.5,none,True,True
65080,1.0,0.0,0.5,none,True,True
65081,1.0,0.0,0.5,none,True,True
65082,1.0,0.0,0.5,none,True,True
65083,1.0,0.0,0.5,none,True,True
65084,1.0,0.0,0.5,none,True,True
65085,1.0,0.0,0.5,none,True,True
65086,1.0,0.0,0.5,none,True,True
65087,1.0,0.0,0.5,none,True,True
65088,1.0,0.0,0.5,none,True,True
65089,1.0,0.0,0.5,none,True,True
65090,1.0,0.0,0.5,none,True,True
65091,1.0,0.0,0.5,none,True,True
65092,1.0,0.0,0.5,none,True,True
65093,1.0,0.0,0.5,none,True,True
65094,1.0,0.0,0.5,none,True,True
65095,1.0,0.0,0.5,none,True,True
65096,1.0,0.0,0.5,none,True,True
65097,1.0,0.0,0.5,none,True,True
65098,1.0,0.0,0.5,none,True,True
65099,1.0,0.0,0.5,none,True,True
65100,1.0,0.0061,0.5,none,True,True
65101,1.0,0.0357,0.5,none,True,True
65102,1.0,0.0812,0.5,none,True,True
65103,1.0,0.1113,0.5,none,True,True
65104,1.0,0.1253,0.5,none,True,True
65105,1.0,0.1408,0.5,none,True,True
65106,1.0,0.0907,0.5,none,True,True
65107,1.0,0.1198,0.5,none,True,True
65108,1.0,0.0467,0.5,none,True,True
65109,1.0,0.0522,0.5,none,True,True
65110,1.0,0.0405,0.5,none,True,True
65111,1.0,0.0313,0.5,none,True,True
65112,1.0,0.0083,0.5,none,True,True
65113,1.0,0.0726,0.5,none,True,True
65114,1.0,0.0793,0.5,none,True,True
65115,1.0,0.0581,0.5,none,True,True
65116,1.0,0.0955,0.5,none,True,True
65117,1.0,0.0839,0.5,none,True,True
65118,1.0,0.0648,0.5,none,True,True
65119,1.0,0.0718,0.5,none,True,True
65120,1.0,0.0589,0.5,none,True,True
65121,1.0,0.0403,0.5,none,True,True
65122,1.0,0.0327,0.5,none,True,True
65123,1.0,0.0277,0.5,none,True,True
65124,1.0,0.017,0.5,none,True,True
65125,1.0,0.0102,0.5,none,True,True
65126,1.0,0.0099,0.5,none,True,True
65127,1.0,0.008,0.5,none,True,True
65128,1.0,0.005,0.5,none,True,True
65129,1.0,0.0063,0.5,none,True,True
65130,1.0,0.009,0.5,none,True,True
65131,1.0,0.0096,0.5,none,True,True
65132,1.0,0.0108,0.5,none,True,True
65133,1.0,0.014,0.5,none,True,True
65134,1.0,0.0161,0.5,none,True,True
65135,1.0,0.0167,0.5,none,True,True
65136,1.0,0.0182,0.5,none,True,True
65137,1.0,0.0196,0.5,none,True,True
65138,1.0,0.0197,0.5,none,True,True
65139,1.0,0.0193,0.5,none,True,True
65140,1.0,0.0193,0.5,none,True,True
65141,1.0,0.0187,0.5,none,True,True
65142,1.0,0.0174,0.5,none,True,True
65143,1.0,0.0163,0.5,none,True,True
65144,1.0,0.0152,0.5,none,True,True
65145,1.0,0.0138,0.5,none,True,True
65146,1.0,0.0123,0.5,none,True,True
65147,1.0,0.0111,0.5,none,True,True
65148,1.0,0.01,0.5,none,True,True
65149,1.0,0.0088,0.5,none,True,True
65150,1.0,0.0078,0.5,none,True,True
65151,1.0,0.0071,0.5,none,True,True
65152,1.0,0.0064,0.5,none,True,True
65153,1.0,0.0057,0.5,none,True,True
65154,1.0,0.0053,0.5,none,True,True
65155,1.0,0.005,0.5,none,True,True
65156,1.0,0.0047,0.5,none,True,True
65157,1.0,0.0045,0.5,none,True,True
65158,1.0,0.0044,0.5,none,True,True
65159,1.0,0.0043,0.5,none,True,True
65160,1.0,0.0042,0.5,none,True,True
65161,1.0,0.0041,0.5,none,True,True
65162,1.0,0.004,0.5,none,True,True
65163,1.0,0.0039,0.5,none,True,True
65164,1.0,0.0038,0.5,none,True,True
65165,1.0,0.0037,0.5,none,True,True
65166,1.0,0.0035,0.5,none,True,True
65167,1.0,0.0033,0.5,none,True,True
65168,1.0,0.0032,0.5,none,True,True
65169,1.0,0.003,0.5,none,True,True
65170,1.0,0.0028,0.5,none,True,True
65171,1.0,0.0026,0.5,none,True,True
65172,1.0,0.0024,0.5,none,True,True
65173,1.0,0.0023,0.5,none,True,True
65174,1.0,0.0021,0.5,none,True,True
65175,1.0,0.0019,0.5,none,True,True
65176,1.0,0.0018,0.5,none,True,True
65177,1.0,0.0017,0.5,none,True,True
65178,1.0,0.0015,0.5,none,True,True
65179,1.0,0.0014,0.5,none,True,True
65180,1.0,0.0013,0.5,none,True,True
65181,1.0,0.0013,0.5,none,True,True
65182,1.0,0.0012,0.5,none,True,True
65183,1.0,0.0011,0.5,none,True,True
65184,1.0,0.0011,0.5,none,True,True
65185,1.0,0.001,0.5,none,True,True
65186,1.0,0.001,0.5,none,True,True
65187,1.0,0.0009,0.5,none,True,True
65188,1.0,0.0009,0.5,none,True,True
65189,1.0,0.0008,0.5,none,True,True
65190,1.0,0.0008,0.5,none,True,True
65191,1.0,0.0008,0.5,none,True,True
65192,1.0,0.0007,0.5,none,True,True
65193,1.0,0.0007,0.5,none,True,True
65194,1.0,0.0006,0.5,none,True,True
65195,1.0,0.0006,0.5,none,True,True
65196,1.0,0.0006,0.5,none,True,True
65197,1.0,0.0005,0.5,none,True,True
65198,1.0,0.0005,0.5,none,True,True
65199,1.0,0.0005,0.5,none,True,True
65200,1.0,0.0004,0.5,none,True,True
65201,1.0,0.0004,0.5,none,True,True
65202,1.0,0.0004,0.5,none,True,True
65203,1.0,0.0004,0.5,none,True,True
65204,1.0,0.0003,0.5,none,True,True
65205,1.0,0.0003,0.5,none,True,True
65206,1.0,0.0003,0.5,none,True,True
65207,1.0,0.0003,0.5,none,True,True
65208,1.0,0.0003,0.5,none,True,True
65209,1.0,0.0003,0.5,none,True,True
65210,1.0,0.0002,0.5,none,True,True
65211,1.0,0.0002,0.5,none,True,True
65212,1.0,0.0002,0.5,none,True,True
65213,1.0,0.0002,0.5,none,True,True
65214,1.0,0.0002,0.5,none,True,True
65215,1.0,0.0002,0.5,none,True,True
65216,1.0,0.0002,0.5,none,True,True
65217,1.0,0.0002,0.5,none,True,True
65218,1.0,0.0002,0.5,none,True,True
65219,1.0,0.0001,0.5,none,True,True
65220,1.0,0.0001,0.5,none,True,True
65221,1.0,0.0001,0.5,none,True,True
65222,1.0,0.0001,0.5,none,True,True
65223,1.0,0.0001,0.5,none,True,True
65224,1.0,0.0001,0.5,none,True,True
65225,1.0,0.0001,0.5,none,True,True
65226,1.0,0.0001,0.5,none,True,True
65227,1.0,0.0001,0.5,none,True,True
65228,1.0,0.0001,0.5,none,True,True
65229,1.0,0.0001,0.5,none,True,True
65230,1.0,0.0001,0.5,none,True,True
65231,1.0,0.0001,0.5,none,True,True
65232,1.0,0.0001,0.5,none,True,True
65233,1.0,0.0001,0.5,none,True,True
65234,1.0,0.0001,0.5,none,True,True
65235,1.0,0.0001,0.5,none,True,True
65236,1.0,0.0001,0.5,none,True,True
65237,1.0,0.0,0.5,none,True,True
65238,1.0,0.0,0.5,none,True,True
65239,1.0,0.0,0.5,none,True,True
65240,1.0,0.0,0.5,none,True,True
65241,1.0,0.0,0.5,none,True,True
65242,1.0,0.0,0.5,none,True,True
65243,1.0,0.0,0.5,none,True,True
65244,1.0,0.0,0.5,none,True,True
65245,1.0,0.0,0.5,none,True,True
65246,1.0,0.0,0.5,none,True,True
65247,1.0,0.0,0.5,none,True,True
65248,1.0,0.0,0.5,none,True,True
65249,1.0,0.0,0.5,none,True,True
65250,1.0,0.0,0.5,none,True,True
65251,1.0,0.0,0.5,none,True,True
65252,1.0,0.0,0.5,none,True,True
65253,1.0,0.0,0.5,none,True,True
65254,1.0,0.0,0.5,none,True,True
65255,1.0,0.0,0.5,none,True,True
65256,1.0,0.0,0.5,none,True,True
65257,1.0,0.0,0.5,none,True,True
65258,1.0,0.0,0.5,none,True,True
65259,1.0,0.0,0.5,none,True,True
65260,1.0,0.0,0.5,none,True,True
65261,1.0,0.0,0.5,none,True,True
65262,1.0,0.0,0.5,none,True,True
65263,1.0,0.0,0.5,none,True,True
65264,1.0,0.0,0.5,none,True,True
65265,1.0,0.0,0.5,none,True,True
65266,1.0,0.0,0.5,none,True,True
65267,1.0,0.0,0.5,none,True,True
65268,1.0,0.0,0.5,none,True,True
65269,1.0,0.0,0.5,none,True,True
65270,1.0,0.0,0.5,none,True,True
65271,1.0,0.0,0.5,none,True,True
65272,1.0,0.0,0.5,none,True,True
65273,1.0,0.0,0.5,none,True,True
65274,1.0,0.0,0.5,none,True,True
65275,1.0,0.0,0.5,none,True,True
65276,1.0,0.0,0.5,none,True,True
65277,1.0,0.0,0.5,none,True,True
65278,1.0,0.0,0.5,none,True,True
65279,1.0,0.0,0.5,none,True,True
65280,1.0,0.0,0.5,none,True,True
65281,1.0,0.0,0.5,none,True,True
65282,1.0,0.0,0.5,none,True,True
65283,1.0,0.0,0.5,none,True,True
65284,1.0,0.0,0.5,none,True,True
65285,1.0,0.0,0.5,none,True,True
65286,1.0,0.0,0.5,none,True,True
65287,1.0,0.0,0.5,none,True,True
65288,1.0,0.0,0.5,none,True,True
65289,1.0,0.0,0.5,none,True,True
65290,1.0,0.0,0.5,none,True,True
65291,1.0,0.0,0.5,none,True,True
65292,1.0,0.0,0.5,none,True,True
65293,1.0,0.0,0.5,none,True,True
65294,1.0,0.0,0.5,none,True,True
65295,1.0,0.0,0.5,none,True,True
65296,1.0,0.0,0.5,none,True,True
65297,1.0,0.0,0.5,none,True,True
65298,1.0,0.0,0.5,none,True,True
65299,1.0,0.0,0.5,none,True,True
65300,1.0,0.0,0.5,none,True,True
65301,1.0,0.0,0.5,none,True,True
65302,1.0,0.0,0.5,none,True,True
65303,1.0,0.0,0.5,none,True,True
65304,1.0,0.0,0.5,none,True,True
65305,1.0,0.0,0.5,none,True,True
65306,1.0,0.0,0.5,none,True,True
65307,1.0,0.0,0.5,none,True,True
65308,1.0,0.0,0.5,none,True,True
65309,1.0,0.0,0.5,none,True,True
65310,1.0,0.0,0.5,none,True,True
65311,1.0,0.0,0.5,none,True,True
65312,1.0,0.0,0.5,none,True,True
65313,1.0,0.0,0.5,none,True,True
65314,1.0,0.0,0.5,none,True,True
65315,1.0,0.0,0.5,none,True,True
65316,1.0,0.0,0.5,none,True,True
65317,1.0,0.0,0.5,none,True,True
65318,1.0,0.0,0.5,none,True,True
65319,1.0,0.0,0.5,none,True,True
65320,1.0,0.0,0.5,none,True,True
65321,1.0,0.0,0.5,none,True,True
65322,1.0,0.0,0.5,none,True,True
65323,1.0,0.0,0.5,none,True,True
65324,1.0,0.0,0.5,none,True,True
65325,1.0,0.0,0.5,none,True,True
65326,1.0,0.0,0.5,none,True,True
65327,1.0,0.0,0.5,none,True,True
65328,1.0,0.0,0.5,none,True,True
65329,1.0,0.0,0.5,none,True,True
65330,1.0,0.0,0.5,none,True,True
65331,1.0,0.0,0.5,none,True,True
65332,1.0,0.0,0.5,none,True,True
65333,1.0,0.0,0.5,none,True,True
65334,1.0,0.0,0.5,none,True,True
65335,1.0,0.0,0.5,none,True,True
65336,1.0,0.0,0.5,none,True,True
65337,1.0,0.0,0.5,none,True,True
65338,1.0,0.0,0.5,none,True,True
65339,1.0,0.0,0.5,none,True,True
65340,1.0,0.0,0.5,none,True,True
65341,1.0,0.0,0.5,none,True,True
65342,1.0,0.0,0.5,none,True,True
65343,1.0,0.0,0.5,none,True,True
65344,1.0,0.0,0.5,none,True,True
65345,1.0,0.0,0.5,none,True,True
65346,1.0,0.0,0.5,none,True,True
65347,1.0,0.0,0.5,none,True,True
65348,1.0,0.0,0.5,none,True,True
65349,1.0,0.0,0.5,none,True,True
65350,1.0,0.0,0.5,none,True,True
65351,1.0,0.0,0.5,none,True,True
65352,1.0,0.0,0.5,none,True,True
65353,1.0,0.0,0.5,none,True,True
65354,1.0,0.0,0.5,none,True,True
65355,1.0,0.0,0.5,none,True,True
65356,1.0,0.0,0.5,none,True,True
65357,1.0,0.0,0.5,none,True,True
65358,1.0,0.0,0.5,none,True,True
65359,1.0,0.0,0.5,none,True,True
65360,1.0,0.0,0.5,none,True,True
65361,1.0,0.0,0.5,none,True,True
65362,1.0,0.0,0.5,none,True,True
65363,1.0,0.0,0.5,none,True,True
65364,1.0,0.0,0.5,none,True,True
65365,1.0,0.0,0.5,none,True,True
65366,1.0,0.0,0.5,none,True,True
65367,1.0,0.0,0.5,none,True,True
65368,1.0,0.0,0.5,none,True,True
65369,1.0,0.0,0.5,none,True,True
65370,1.0,0.0,0.5,none,True,True
65371,1.0,0.0,0.5,none,True,True
65372,1.0,0.0,0.5,none,True,True
65373,1.0,0.0,0.5,none,True,True
65374,1.0,0.0,0.5,none,True,True
65375,1.0,0.0,0.5,none,True,True
65376,1.0,0.0,0.5,none,True,True
65377,1.0,0.0,0.5,none,True,True
65378,1.0,0.0,0.5,none,True,True
65379,1.0,0.0,0.5,none,True,True
65380,1.0,0.0,0.5,none,True,True
65381,1.0,0.0,0.5,none,True,True
65382,1.0,0.0,0.5,none,True,True
65383,1.0,0.0,0.5,none,True,True
65384,1.0,0.0,0.5,none,True,True
65385,1.0,0.0,0.5,none,True,True
65386,1.0,0.0,0.5,none,True,True
65387,1.0,0.0,0.5,none,True,True
65388,1.0,0.0,0.5,none,True,True
65389,1.0,0.0,0.5,none,True,True
65390,1.0,0.0,0.5,none,True,True
65391,1.0,0.0,0.5,none,True,True
65392,1.0,0.0,0.5,none,True,True
65393,1.0,0.0,0.5,none,True,True
65394,1.0,0.0,0.5,none,True,True
65395,1.0,0.0,0.5,none,True,True
65396,1.0,0.0,0.5,none,True,True
65397,1.0,0.0,0.5,none,True,True
65398,1.0,0.0,0.5,none,True,True
65399,1.0,0.0,0.5,none,True,True
65400,1.0,0.0,0.5,none,True,True
65401,1.0,0.0,0.5,none,True,True
65402,1.0,0.0,0.5,none,True,True
65403,1.0,0.0,0.5,none,True,True
65404,1.0,0.0,0.5,none,True,True
65405,1.0,0.0,0.5,none,True,True
65406,1.0,0.0,0.5,none,True,True
65407,1.0,0.0,0.5,none,True,True
65408,1.0,0.0,0.5,none,True,True
65409,1.0,0.0,0.5,none,True,True
65410,1.0,0.0,0.5,none,True,True
65411,1.0,0.0,0.5,none,True,True
65412,1.0,0.0,0.5,none,True,True
65413,1.0,0.0,0.5,none,True,True
65414,1.0,0.0,0.5,none,True,True
65415,1.0,0.0,0.5,none,True,True
65416,1.0,0.0,0.5,none,True,True
65417,1.0,0.0,0.5,none,True,True
65418,1.0,0.0,0.5,none,True,True
65419,1.0,0.0,0.5,none,True,True
65420,1.0,0.0,0.5,none,True,True
65421,1.0,0.0,0.5,none,True,True
65422,1.0,0.0,0.5,none,True,True
65423,1.0,0.0,0.5,none,True,True
65424,1.0,0.0,0.5,none,True,True
65425,1.0,0.0,0.5,none,True,True
65426,1.0,0.0,0.5,none,True,True
65427,1.0,0.0,0.5,none,True,True
65428,1.0,0.0,0.5,none,True,True
65429,1.0,0.0,0.5,none,True,True
65430,1.0,0.0,0.5,none,True,True
65431,1.0,0.0,0.5,none,True,True
65432,1.0,0.0,0.5,none,True,True
65433,1.0,0.0,0.5,none,True,True
65434,1.0,0.0,0.5,none,True,True
65435,1.0,0.0,0.5,none,True,True
65436,1.0,0.0,0.5,none,True,True
65437,1.0,0.0,0.5,none,True,True
65438,1.0,0.0,0.5,none,True,True
65439,1.0,0.0,0.5,none,True,True
65440,1.0,0.0,0.5,none,True,True
65441,1.0,0.0,0.5,none,True,True
65442,1.0,0.0,0.5,none,True,True
65443,1.0,0.0,0.5,none,True,True
65444,1.0,0.0,0.5,none,True,True
65445,1.0,0.0,0.5,none,True,True
65446,1.0,0.0,0.5,none,True,True
65447,1.0,0.0,0.5,none,True,True
65448,1.0,0.0,0.5,none,True,True
65449,1.0,0.0,0.5,none,True,True
65450,1.0,0.0,0.5,none,True,True
65451,1.0,0.0,0.5,none,True,True
65452,1.0,0.0,0.5,none,True,True
65453,1.0,0.0,0.5,none,True,True
65454,1.0,0.0,0.5,none,True,True
65455,1.0,0.0,0.5,none,True,True
65456,1.0,0.0,0.5,none,True,True
65457,1.0,0.0,0.5,none,True,True
65458,1.0,0.0,0.5,none,True,True
65459,1.0,0.0,0.5,none,True,True
65460,1.0,0.0,0.5,none,True,True
65461,1.0,0.0,0.5,none,True,True
65462,1.0,0.0,0.5,none,True,True
65463,1.0,0.0,0.5,none,True,True
65464,1.0,0.0,0.5,none,True,True
65465,1.0,0.0,0.5,none,True,True
65466,1.0,0.0,0.5,none,True,True
65467,1.0,0.0,0.5,none,True,True
65468,1.0,0.0,0.5,none,True,True
65469,1.0,0.0,0.5,none,True,True
65470,1.0,0.0,0.5,none,True,True
65471,1.0,0.0,0.5,none,True,True
65472,1.0,0.0,0.5,none,True,True
65473,1.0,0.0,0.5,none,True,True
65474,1.0,0.0,0.5,none,True,True
65475,1.0,0.0,0.5,none,True,True
65476,1.0,0.0,0.5,none,True,True
65477,1.0,0.0,0.5,none,True,True
65478,1.0,0.0,0.5,none,True,True
65479,1.0,0.0,0.5,none,True,True
65480,1.0,0.0,0.5,none,True,True
65481,1.0,0.0,0.5,none,True,True
65482,1.0,0.0,0.5,none,True,True
65483,1.0,0.0,0.5,none,True,True
65484,1.0,0.0,0.5,none,True,True
65485,1.0,0.0,0.5,none,True,True
65486,1.0,0.0,0.5,none,True,True
65487,1.0,0.0,0.5,none,True,True
65488,1.0,0.0,0.5,none,True,True
65489,1.0,0.0,0.5,none,True,True
65490,1.0,0.0,0.5,none,True,True
65491,1.0,0.0,0.5,none,True,True
65492,1.0,0.0,0.5,none,True,True
65493,1.0,0.0,0.5,none,True,True
65494,1.0,0.0,0.5,none,True,True
65495,1.0,0.0,0.5,none,True,True
65496,1.0,0.0,0.5,none,True,True
65497,1.0,0.0,0.5,none,True,True
65498,1.0,0.0,0.5,none,True,True
65499,1.0,0.0,0.5,none,True,True
65500,1.0,0.0,0.5,none,True,True
65501,1.0,0.0,0.5,none,True,True
65502,1.0,0.0,0.5,none,True,True
65503,1.0,0.0,0.5,none,True,True
65504,1.0,0.0,0.5,none,True,True
65505,1.0,0.0,0.5,none,True,True
65506,1.0,0.0,0.5,none,True,True
65507,1.0,0.0,0.5,none,True,True
65508,1.0,0.0,0.5,none,True,True
65509,1.0,0.0,0.5,none,True,True
65510,1.0,0.0,0.5,none,True,True
65511,1.0,0.0,0.5,none,True,True
65512,1.0,0.0,0.5,none,True,True
65513,1.0,0.0,0.5,none,True,True
65514,1.0,0.0,0.5,none,True,True
65515,1.0,0.0,0.5,none,True,True
65516,1.0,0.0,0.5,none,True,True
65517,1.0,0.0,0.5,none,True,True
65518,1.0,0.0,0.5,none,True,True
65519,1.0,0.0,0.5,none,True,True
65520,1.0,0.0,0.5,none,True,True
65521,1.0,0.0,0.5,none,True,True
65522,1.0,0.0,0.5,none,True,True
65523,1.0,0.0,0.5,none,True,True
65524,1.0,0.0,0.5,none,True,True
65525,1.0,0.0,0.5,none,True,True
65526,1.0,0.0,0.5,none,True,True
65527,1.0,0.0,0.5,none,True,True
65528,1.0,0.0,0.5,none,True,True
65529,1.0,0.0,0.5,none,True,True
65530,1.0,0.0,0.5,none,True,True
65531,1.0,0.0,0.5,none,True,True
65532,1.0,0.0,0.5,none,True,True
65533,1.0,0.0,0.5,none,True,True
65534,1.0,0.0,0.5,none,True,True
65535,1.0,0.0,0.5,none,True,True
65536,1.0,0.0,0.5,none,True,True
65537,1.0,0.0,0.5,none,True,True
65538,1.0,0.0,0.5,none,True,True
65539,1.0,0.0,0.5,none,True,True
65540,1.0,0.0,0.5,none,True,True
65541,1.0,0.0,0.5,none,True,True
65542,1.0,0.0,0.5,none,True,True
65543,1.0,0.0,0.5,none,True,True
65544,1.0,0.0,0.5,none,True,True
65545,1.0,0.0,0.5,none,True,True
65546,1.0,0.0,0.5,none,True,True
65547,1.0,0.0,0.5,none,True,True
65548,1.0,0.0,0.5,none,True,True
65549,1.0,0.0,0.5,none,True,True
65550,1.0,0.0,0.5,none,True,True
65551,1.0,0.0,0.5,none,True,True
65552,1.0,0.0,0.5,none,True,True
65553,1.0,0.0,0.5,none,True,True
65554,1.0,0.0,0.5,none,True,True
65555,1.0,0.0,0.5,none,True,True
65556,1.0,0.0,0.5,none,True,True
65557,1.0,0.0,0.5,none,True,True
65558,1.0,0.0,0.5,none,True,True
65559,1.0,0.0,0.5,none,True,True
65560,1.0,0.0,0.5,none,True,True
65561,1.0,0.0,0.5,none,True,True
65562,1.0,0.0,0.5,none,True,True
65563,1.0,0.0,0.5,none,True,True
65564,1.0,0.0,0.5,none,True,True
65565,1.0,0.0,0.5,none,True,True
65566,1.0,0.0,0.5,none,True,True
65567,1.0,0.0,0.5,none,True,True
65568,1.0,0.0,0.5,none,True,True
65569,1.0,0.0,0.5,none,True,True
65570,1.0,0.0,0.5,none,True,True
65571,1.0,0.0,0.5,none,True,True
65572,1.0,0.0,0.5,none,True,True
65573,1.0,0.0,0.5,none,True,True
65574,1.0,0.0,0.5,none,True,True
65575,1.0,0.0,0.5,none,True,True
65576,1.0,0.0,0.5,none,True,True
65577,1.0,0.0,0.5,none,True,True
65578,1.0,0.0,0.5,none,True,True
65579,1.0,0.0,0.5,none,True,True
65580,1.0,0.0,0.5,none,True,True
65581,1.0,0.0,0.5,none,True,True
65582,1.0,0.0,0.5,none,True,True
65583,1.0,0.0,0.5,none,True,True
65584,1.0,0.0,0.5,none,True,True
65585,1.0,0.0,0.5,none,True,True
65586,1.0,0.0,0.5,none,True,True
65587,1.0,0.0,0.5,none,True,True
65588,1.0,0.0,0.5,none,True,True
65589,1.0,0.0,0.5,none,True,True
65590,1.0,0.0,0.5,none,True,True
65591,1.0,0.0,0.5,none,True,True
65592,1.0,0.0,0.5,none,True,True
65593,1.0,0.0,0.5,none,True,True
65594,1.0,0.0,0.5,none,True,True
65595,1.0,0.0,0.5,none,True,True
65596,1.0,0.0,0.5,none,True,True
65597,1.0,0.0,0.5,none,True,True
65598,1.0,0.0,0.5,none,True,True
65599,1.0,0.0,0.5,none,True,True
65600,1.0,0.0,0.5,none,True,True
65601,1.0,0.0,0.5,none,True,True
65602,1.0,0.0,0.5,none,True,True
65603,1.0,0.0,0.5,none,True,True
65604,1.0,0.0,0.5,none,True,True
65605,1.0,0.0,0.5,none,True,True
65606,1.0,0.0,0.5,none,True,True
65607,1.0,0.0,0.5,none,True,True
65608,1.0,0.0,0.5,none,True,True
65609,1.0,0.0,0.5,none,True,True
65610,1.0,0.0,0.5,none,True,True
65611,1.0,0.0,0.5,none,True,True
65612,1.0,0.0,0.5,none,True,True
65613,1.0,0.0,0.5,none,True,True
65614,1.0,0.0,0.5,none,True,True
65615,1.0,0.0,0.5,none,True,True
65616,1.0,0.0,0.5,none,True,True
65617,1.0,0.0,0.5,none,True,True
65618,1.0,0.0,0.5,none,True,True
65619,1.0,0.0,0.5,none,True,True
65620,1.0,0.0,0.5,none,True,True
65621,1.0,0.0,0.5,none,True,True
65622,1.0,0.0,0.5,none,True,True
65623,1.0,0.0,0.5,none,True,True
65624,1.0,0.0,0.5,none,True,True
65625,1.0,0.0,0.5,none,True,True
65626,1.0,0.0,0.5,none,True,True
65627,1.0,0.0,0.5,none,True,True
65628,1.0,0.0,0.5,none,True,True
65629,1.0,0.0,0.5,none,True,True
65630,1.0,0.0,0.5,none,True,True
65631,1.0,0.0,0.5,none,True,True
65632,1.0,0.0,0.5,none,True,True
65633,1.0,0.0,0.5,none,True,True
65634,1.0,0.0,0.5,none,True,True
65635,1.0,0.0,0.5,none,True,True
65636,1.0,0.0,0.5,none,True,True
65637,1.0,0.0,0.5,none,True,True
65638,1.0,0.0,0.5,none,True,True
65639,1.0,0.0,0.5,none,True,True
65640,1.0,0.0,0.5,none,True,True
65641,1.0,0.0,0.5,none,True,True
65642,1.0,0.0,0.5,none,True,True
65643,1.0,0.0,0.5,none,True,True
65644,1.0,0.0,0.5,none,True,True
65645,1.0,0.0,0.5,none,True,True
65646,1.0,0.0,0.5,none,True,True
65647,1.0,0.0,0.5,none,True,True
65648,1.0,0.0,0.5,none,True,True
65649,1.0,0.0,0.5,none,True,True
65650,1.0,0.0,0.5,none,True,True
65651,1.0,0.0,0.5,none,True,True
65652,1.0,0.0,0.5,none,True,True
65653,1.0,0.0,0.5,none,True,True
65654,1.0,0.0,0.5,none,True,True
65655,1.0,0.0,0.5,none,True,True
65656,1.0,0.0,0.5,none,True,True
65657,1.0,0.0,0.5,none,True,True
65658,1.0,0.0,0.5,none,True,True
65659,1.0,0.0,0.5,none,True,True
65660,1.0,0.0,0.5,none,True,True
65661,1.0,0.0,0.5,none,True,True
65662,1.0,0.0,0.5,none,True,True
65663,1.0,0.0,0.5,none,True,True
65664,1.0,0.0,0.5,none,True,True
65665,1.0,0.0,0.5,none,True,True
65666,1.0,0.0,0.5,none,True,True
65667,1.0,0.0,0.5,none,True,True
65668,1.0,0.0,0.5,none,True,True
65669,1.0,0.0,0.5,none,True,True
65670,1.0,0.0,0.5,none,True,True
65671,1.0,0.0,0.5,none,True,True
65672,1.0,0.0,0.5,none,True,True
65673,1.0,0.0,0.5,none,True,True
65674,1.0,0.0,0.5,none,True,True
65675,1.0,0.0,0.5,none,True,True
65676,1.0,0.0,0.5,none,True,True
65677,1.0,0.0,0.5,none,True,True
65678,1.0,0.0,0.5,none,True,True
65679,1.0,0.0,0.5,none,True,True
65680,1.0,0.0,0.5,none,True,True
65681,1.0,0.0,0.5,none,True,True
65682,1.0,0.0,0.5,none,True,True
65683,1.0,0.0,0.5,none,True,True
65684,1.0,0.0,0.5,none,True,True
65685,1.0,0.0,0.5,none,True,True
65686,1.0,0.0,0.5,none,True,True
65687,1.0,0.0,0.5,none,True,True
65688,1.0,0.0,0.5,none,True,True
65689,1.0,0.0,0.5,none,True,True
65690,1.0,0.0,0.5,none,True,True
65691,1.0,0.0,0.5,none,True,True
65692,1.0,0.0,0.5,none,True,True
65693,1.0,0.0,0.5,none,True,True
65694,1.0,0.0,0.5,none,True,True
65695,1.0,0.0,0.5,none,True,True
65696,1.0,0.0,0.5,none,True,True
65697,1.0,0.0,0.5,none,True,True
65698,1.0,0.0,0.5,none,True,True
65699,1.0,0.0,0.5,none,True,True
65700,1.0,0.0,0.5,none,True,True
65701,1.0,0.0,0.5,none,True,True
65702,1.0,0.0,0.5,none,True,True
65703,1.0,0.0,0.5,none,True,True
65704,1.0,0.0,0.5,none,True,True
65705,1.0,0.0,0.5,none,True,True
65706,1.0,0.0,0.5,none,True,True
65707,1.0,0.0,0.5,none,True,True
65708,1.0,0.0,0.5,none,True,True
65709,1.0,0.0,0.5,none,True,True
65710,1.0,0.0,0.5,none,True,True
65711,1.0,0.0,0.5,none,True,True
65712,1.0,0.0,0.5,none,True,True
65713,1.0,0.0,0.5,none,True,True
65714,1.0,0.0,0.5,none,True,True
65715,1.0,0.0,0.5,none,True,True
65716,1.0,0.0,0.5,none,True,True
65717,1.0,0.0,0.5,none,True,True
65718,1.0,0.0,0.5,none,True,True
65719,1.0,0.0,0.5,none,True,True
65720,1.0,0.0,0.5,none,True,True
65721,1.0,0.0,0.5,none,True,True
65722,1.0,0.0,0.5,none,True,True
65723,1.0,0.0,0.5,none,True,True
65724,1.0,0.0,0.5,none,True,True
65725,1.0,0.0,0.5,none,True,True
65726,1.0,0.0,0.5,none,True,True
65727,1.0,0.0,0.5,none,True,True
65728,1.0,0.0,0.5,none,True,True
65729,1.0,0.0,0.5,none,True,True
65730,1.0,0.0,0.5,none,True,True
65731,1.0,0.0,0.5,none,True,True
65732,1.0,0.0,0.5,none,True,True
65733,1.0,0.0,0.5,none,True,True
65734,1.0,0.0,0.5,none,True,True
65735,1.0,0.0,0.5,none,True,True
65736,1.0,0.0,0.5,none,True,True
65737,1.0,0.0,0.5,none,True,True
65738,1.0,0.0,0.5,none,True,True
65739,1.0,0.0,0.5,none,True,True
65740,1.0,0.0,0.5,none,True,True
65741,1.0,0.0,0.5,none,True,True
65742,1.0,0.0,0.5,none,True,True
65743,1.0,0.0,0.5,none,True,True
65744,1.0,0.0,0.5,none,True,True
65745,1.0,0.0,0.5,none,True,True
65746,1.0,0.0,0.5,none,True,True
65747,1.0,0.0,0.5,none,True,True
65748,1.0,0.0,0.5,none,True,True
65749,1.0,0.0,0.5,none,True,True
65750,1.0,0.0,0.5,none,True,True
65751,1.0,0.0,0.5,none,True,True
65752,1.0,0.0,0.5,none,True,True
65753,1.0,0.0,0.5,none,True,True
65754,1.0,0.0,0.5,none,True,True
65755,1.0,0.0,0.5,none,True,True
65756,1.0,0.0,0.5,none,True,True
65757,1.0,0.0,0.5,none,True,True
65758,1.0,0.0,0.5,none,True,True
65759,1.0,0.0,0.5,none,True,True
65760,1.0,0.0,0.5,none,True,True
65761,1.0,0.0,0.5,none,True,True
65762,1.0,0.0,0.5,none,True,True
65763,1.0,0.0,0.5,none,True,True
65764,1.0,0.0,0.5,none,True,True
65765,1.0,0.0,0.5,none,True,True
65766,1.0,0.0,0.5,none,True,True
65767,1.0,0.0,0.5,none,True,True
65768,1.0,0.0,0.5,none,True,True
65769,1.0,0.0,0.5,none,True,True
65770,1.0,0.0,0.5,none,True,True
65771,1.0,0.0,0.5,none,True,True
65772,1.0,0.0,0.5,none,True,True
65773,1.0,0.0,0.5,none,True,True
65774,1.0,0.0,0.5,none,True,True
65775,1.0,0.0,0.5,none,True,True
65776,1.0,0.0,0.5,none,True,True
65777,1.0,0.0,0.5,none,True,True
65778,1.0,0.0,0.5,none,True,True
65779,1.0,0.0,0.5,none,True,True
65780,1.0,0.0,0.5,none,True,True
65781,1.0,0.0,0.5,none,True,True
65782,1.0,0.0,0.5,none,True,True
65783,1.0,0.0,0.5,none,True,True
65784,1.0,0.0,0.5,none,True,True
65785,1.0,0.0,0.5,none,True,True
65786,1.0,0.0,0.5,none,True,True
65787,1.0,0.0,0.5,none,True,True
65788,1.0,0.0,0.5,none,True,True
65789,1.0,0.0,0.5,none,True,True
65790,1.0,0.0,0.5,none,True,True
65791,1.0,0.0,0.5,none,True,True
65792,1.0,0.0,0.5,none,True,True
65793,1.0,0.0,0.5,none,True,True
65794,1.0,0.0,0.5,none,True,True
65795,1.0,0.0,0.5,none,True,True
65796,1.0,0.0,0.5,none,True,True
65797,1.0,0.0,0.5,none,True,True
65798,1.0,0.0,0.5,none,True,True
65799,1.0,0.0,0.5,none,True,True
65800,1.0,0.0061,0.5,none,True,True
65801,1.0,0.0357,0.5,none,True,True
65802,1.0,0.0812,0.5,none,True,True
65803,1.0,0.1113,0.5,none,True,True
65804,1.0,0.1253,0.5,none,True,True
65805,1.0,0.1408,0.5,none,True,True
65806,1.0,0.0907,0.5,none,True,True
65807,1.0,0.1198,0.5,none,True,True
65808,1.0,0.0467,0.5,none,True,True
65809,1.0,0.0522,0.5,none,True,True
65810,1.0,0.0405,0.5,none,True,True
65811,1.0,0.0313,0.5,none,True,True
65812,1.0,0.0083,0.5,none,True,True
65813,1.0,0.0726,0.5,none,True,True
65814,1.0,0.0793,0.5,none,True,True
65815,1.0,0.0581,0.5,none,True,True
65816,1.0,0.0955,0.5,none,True,True
65817,1.0,0.0839,0.5,none,True,True
65818,1.0,0.0648,0.5,none,True,True
65819,1.0,0.0718,0.5,none,True,True
65820,1.0,0.0589,0.5,none,True,True
65821,1.0,0.0403,0.5,none,True,True
65822,1.0,0.0327,0.5,none,True,True
65823,1.0,0.0277,0.5,none,True,True
65824,1.0,0.017,0.5,none,True,True
65825,1.0,0.0102,0.5,none,True,True
65826,1.0,0.0099,0.5,none,True,True
65827,1.0,0.008,0.5,none,True,True
65828,1.0,0.005,0.5,none,True,True
65829,1.0,0.0063,0.5,none,True,True
65830,1.0,0.009,0.5,none,True,True
65831,1.0,0.0096,0.5,none,True,True
65832,1.0,0.0108,0.5,none,True,True
65833,1.0,0.014,0.5,none,True,True
65834,1.0,0.0161,0.5,none,True,True
65835,1.0,0.0167,0.5,none,True,True
65836,1.0,0.0182,0.5,none,True,True
65837,1.0,0.0196,0.5,none,True,True
65838,1.0,0.0197,0.5,none,True,True
65839,1.0,0.0193,0.5,none,True,True
65840,1.0,0.0193,0.5,none,True,True
65841,1.0,0.0187,0.5,none,True,True
65842,1.0,0.0174,0.5,none,True,True
65843,1.0,0.0163,0.5,none,True,True
65844,1.0,0.0152,0.5,none,True,True
65845,1.0,0.0138,0.5,none,True,True
65846,1.0,0.0123,0.5,none,True,True
65847,1.0,0.0111,0.5,none,True,True
65848,1.0,0.01,0.5,none,True,True
65849,1.0,0.0088,0.5,none,True,True
65850,1.0,0.0078,0.5,none,True,True
65851,1.0,0.0071,0.5,none,True,True
65852,1.0,0.0064,0.5,none,True,True
65853,1.0,0.0057,0.5,none,True,True
65854,1.0,0.0053,0.5,none,True,True
65855,1.0,0.005,0.5,none,True,True
65856,1.0,0.0047,0.5,none,True,True
65857,1.0,0.0045,0.5,none,True,True
65858,1.0,0.0044,0.5,none,True,True
65859,1.0,0.0043,0.5,none,True,True
65860,1.0,0.0042,0.5,none,True,True
65861,1.0,0.0041,0.5,none,True,True
65862,1.0,0.004,0.5,none,True,True
65863,1.0,0.0039,0.5,none,True,True
65864,1.0,0.0038,0.5,none,True,True
65865,1.0,0.0037,0.5,none,True,True
65866,1.0,0.0035,0.5,none,True,True
65867,1.0,0.0033,0.5,none,True,True
65868,1.0,0.0032,0.5,none,True,True
65869,1.0,0.003,0.5,none,True,True
65870,1.0,0.0028,0.5,none,True,True
65871,1.0,0.0026,0.5,none,True,True
65872,1.0,0.0024,0.5,none,True,True
65873,1.0,0.0023,0.5,none,True,True
65874,1.0,0.0021,0.5,none,True,True
65875,1.0,0.0019,0.5,none,True,True
65876,1.0,0.0018,0.5,none,True,True
65877,1.0,0.0017,0.5,none,True,True
65878,1.0,0.0015,0.5,none,True,True
65879,1.0,0.0014,0.5,none,True,True
65880,1.0,0.0013,0.5,none,True,True
65881,1.0,0.0013,0.5,none,True,True
65882,1.0,0.0012,0.5,none,True,True
65883,1.0,0.0011,0.5,none,True,True
65884,1.0,0.0011,0.5,none,True,True
65885,1.0,0.001,0.5,none,True,True
65886,1.0,0.001,0.5,none,True,True
65887,1.0,0.0009,0.5,none,True,True
65888,1.0,0.0009,0.5,none,True,True
65889,1.0,0.0008,0.5,none,True,True
65890,1.0,0.0008,0.5,none,True,True
65891,1.0,0.0008,0.5,none,True,True
65892,1.0,0.0007,0.5,none,True,True
65893,1.0,0.0007,0.5,none,True,True
65894,1.0,0.0006,0.5,none,True,True
65895,1.0,0.0006,0.5,none,True,True
65896,1.0,0.0006,0.5,none,True,True
65897,1.0,0.0005,0.5,none,True,True
65898,1.0,0.0005,0.5,none,True,True
65899,1.0,0.0005,0.5,none,True,True
65900,1.0,0.0004,0.5,none,True,True
65901,1.0,0.0004,0.5,none,True,True
65902,1.0,0.0004,0.5,none,True,True
65903,1.0,0.0004,0.5,none,True,True
65904,1.0,0.0003,0.5,none,True,True
65905,1.0,0.0003,0.5,none,True,True
65906,1.0,0.0003,0.5,none,True,True
65907,1.0,0.0003,0.5,none,True,True
65908,1.0,0.0003,0.5,none,True,True
65909,1.0,0.0003,0.5,none,True,True
65910,1.0,0.0002,0.5,none,True,True
65911,1.0,0.0002,0.5,none,True,True
65912,1.0,0.0002,0.5,none,True,True
65913,1.0,0.0002,0.5,none,True,True
65914,1.0,0.0002,0.5,none,True,True
65915,1.0,0.0002,0.5,none,True,True
65916,1.0,0.0002,0.5,none,True,True
65917,1.0,0.0002,0.5,none,True,True
65918,1.0,0.0002,0.5,none,True,True
65919,1.0,0.0001,0.5,none,True,True
65920,1.0,0.0001,0.5,none,True,True
65921,1.0,0.0001,0.5,none,True,True
65922,1.0,0.0001,0.5,none,True,True
65923,1.0,0.0001,0.5,none,True,True
65924,1.0,0.0001,0.5,none,True,True
65925,1.0,0.0001,0.5,none,True,True
65926,1.0,0.0001,0.5,none,True,True
65927,1.0,0.0001,0.5,none,True,True
65928,1.0,0.0001,0.5,none,True,True
65929,1.0,0.0001,0.5,none,True,True
65930,1.0,0.0001,0.5,none,True,True
65931,1.0,0.0001,0.5,none,True,True
65932,1.0,0.0001,0.5,none,True,True
65933,1.0,0.0001,0.5,none,True,True
65934,1.0,0.0001,0.5,none,True,True
65935,1.0,0.0001,0.5,none,True,True
65936,1.0,0.0001,0.5,none,True,True
65937,1.0,0.0,0.5,none,True,True
65938,1.0,0.0,0.5,none,True,True
65939,1.0,0.0,0.5,none,True,True
65940,1.0,0.0,0.5,none,True,True
65941,1.0,0.0,0.5,none,True,True
65942,1.0,0.0,0.5,none,True,True
65943,1.0,0.0,0.5,none,True,True
65944,1.0,0.0,0.5,none,True,True
65945,1.0,0.0,0.5,none,True,True
65946,1.0,0.0,0.5,none,True,True
65947,1.0,0.0,0.5,none,True,True
65948,1.0,0.0,0.5,none,True,True
65949,1.0,0.0,0.5,none,True,True
65950,1.0,0.0,0.5,none,True,True
65951,1.0,0.0,0.5,none,True,True
65952,1.0,0.0,0.5,none,True,True
65953,1.0,0.0,0.5,none,True,True
65954,1.0,0.0,0.5,none,True,True
65955,1.0,0.0,0.5,none,True,True
65956,1.0,0.0,0.5,none,True,True
65957,1.0,0.0,0.5,none,True,True
65958,1.0,0.0,0.5,none,True,True
65959,1.0,0.0,0.5,none,True,True
65960,1.0,0.0,0.5,none,True,True
65961,1.0,0.0,0.5,none,True,True
65962,1.0,0.0,0.5,none,True,True
65963,1.0,0.0,0.5,none,True,True
65964,1.0,0.0,0.5,none,True,True
65965,1.0,0.0,0.5,none,True,True
65966,1.0,0.0,0.5,none,True,True
65967,1.0,0.0,0.5,none,True,True
65968,1.0,0.0,0.5,none,True,True
65969,1.0,0.0,0.5,none,True,True
65970,1.0,0.0,0.5,none,True,True
65971,1.0,0.0,0.5,none,True,True
65972,1.0,0.0,0.5,none,True,True
65973,1.0,0.0,0.5,none,True,True
65974,1.0,0.0,0.5,none,True,True
65975,1.0,0.0,0.5,none,True,True
65976,1.0,0.0,0.5,none,True,True
65977,1.0,0.0,0.5,none,True,True
65978,1.0,0.0,0.5,none,True,True
65979,1.0,0.0,0.5,none,True,True
65980,1.0,0.0,0.5,none,True,True
65981,1.0,0.0,0.5,none,True,True
65982,1.0,0.0,0.5,none,True,True
65983,1.0,0.0,0.5,none,True,True
65984,1.0,0.0,0.5,none,True,True
65985,1.0,0.0,0.5,none,True,True
65986,1.0,0.0,0.5,none,True,True
65987,1.0,0.0,0.5,none,True,True
65988,1.0,0.0,0.5,none,True,True
65989,1.0,0.0,0.5,none,True,True
65990,1.0,0.0,0.5,none,True,True
65991,1.0,0.0,0.5,none,True,True
65992,1.0,0.0,0.5,none,True,True
65993,1.0,0.0,0.5,none,True,True
65994,1.0,0.0,0.5,none,True,True
65995,1.0,0.0,0.5,none,True,True
65996,1.0,0.0,0.5,none,True,True
65997,1.0,0.0,0.5,none,True,True
65998,1.0,0.0,0.5,none,True,True
65999,1.0,0.0,0.5,none,True,True
66000,1.0,0.0,0.5,none,True,True
66001,1.0,0.0,0.5,none,True,True
66002,1.0,0.0,0.5,none,True,True
66003,1.0,0.0,0.5,none,True,True
66004,1.0,0.0,0.5,none,True,True
66005,1.0,0.0,0.5,none,True,True
66006,1.0,0.0,0.5,none,True,True
66007,1.0,0.0,0.5,none,True,True
66008,1.0,0.0,0.5,none,True,True
66009,1.0,0.0,0.5,none,True,True
66010,1.0,0.0,0.5,none,True,True
66011,1.0,0.0,0.5,none,True,True
66012,1.0,0.0,0.5,none,True,True
66013,1.0,0.0,0.5,none,True,True
66014,1.0,0.0,0.5,none,True,True
66015,1.0,0.0,0.5,none,True,True
66016,1.0,0.0,0.5,none,True,True
66017,1.0,0.0,0.5,none,True,True
66018,1.0,0.0,0.5,none,True,True
66019,1.0,0.0,0.5,none,True,True
66020,1.0,0.0,0.5,none,True,True
66021,1.0,0.0,0.5,none,True,True
66022,1.0,0.0,0.5,none,True,True
66023,1.0,0.0,0.5,none,True,True
66024,1.0,0.0,0.5,none,True,True
66025,1.0,0.0,0.5,none,True,True
66026,1.0,0.0,0.5,none,True,True
66027,1.0,0.0,0.5,none,True,True
66028,1.0,0.0,0.5,none,True,True
66029,1.0,0.0,0.5,none,True,True
66030,1.0,0.0,0.5,none,True,True
66031,1.0,0.0,0.5,none,True,True
66032,1.0,0.0,0.5,none,True,True
66033,1.0,0.0,0.5,none,True,True
66034,1.0,0.0,0.5,none,True,True
66035,1.0,0.0,0.5,none,True,True
66036,1.0,0.0,0.5,none,True,True
66037,1.0,0.0,0.5,none,True,True
66038,1.0,0.0,0.5,none,True,True
66039,1.0,0.0,0.5,none,True,True
66040,1.0,0.0,0.5,none,True,True
66041,1.0,0.0,0.5,none,True,True
66042,1.0,0.0,0.5,none,True,True
66043,1.0,0.0,0.5,none,True,True
66044,1.0,0.0,0.5,none,True,True
66045,1.0,0.0,0.5,none,True,True
66046,1.0,0.0,0.5,none,True,True
66047,1.0,0.0,0.5,none,True,True
66048,1.0,0.0,0.5,none,True,True
66049,1.0,0.0,0.5,none,True,True
66050,1.0,0.0,0.5,none,True,True
66051,1.0,0.0,0.5,none,True,True
66052,1.0,0.0,0.5,none,True,True
66053,1.0,0.0,0.5,none,True,True
66054,1.0,0.0,0.5,none,True,True
66055,1.0,0.0,0.5,none,True,True
66056,1.0,0.0,0.5,none,True,True
66057,1.0,0.0,0.5,none,True,True
66058,1.0,0.0,0.5,none,True,True
66059,1.0,0.0,0.5,none,True,True
66060,1.0,0.0,0.5,none,True,True
66061,1.0,0.0,0.5,none,True,True
66062,1.0,0.0,0.5,none,True,True
66063,1.0,0.0,0.5,none,True,True
66064,1.0,0.0,0.5,none,True,True
66065,1.0,0.0,0.5,none,True,True
66066,1.0,0.0,0.5,none,True,True
66067,1.0,0.0,0.5,none,True,True
66068,1.0,0.0,0.5,none,True,True
66069,1.0,0.0,0.5,none,True,True
66070,1.0,0.0,0.5,none,True,True
66071,1.0,0.0,0.5,none,True,True
66072,1.0,0.0,0.5,none,True,True
66073,1.0,0.0,0.5,none,True,True
66074,1.0,0.0,0.5,none,True,True
66075,1.0,0.0,0.5,none,True,True
66076,1.0,0.0,0.5,none,True,True
66077,1.0,0.0,0.5,none,True,True
66078,1.0,0.0,0.5,none,True,True
66079,1.0,0.0,0.5,none,True,True
66080,1.0,0.0,0.5,none,True,True
66081,1.0,0.0,0.5,none,True,True
66082,1.0,0.0,0.5,none,True,True
66083,1.0,0.0,0.5,none,True,True
66084,1.0,0.0,0.5,none,True,True
66085,1.0,0.0,0.5,none,True,True
66086,1.0,0.0,0.5,none,True,True
66087,1.0,0.0,0.5,none,True,True
66088,1.0,0.0,0.5,none,True,True
66089,1.0,0.0,0.5,none,True,True
66090,1.0,0.0,0.5,none,True,True
66091,1.0,0.0,0.5,none,True,True
66092,1.0,0.0,0.5,none,True,True
66093,1.0,0.0,0.5,none,True,True
66094,1.0,0.0,0.5,none,True,True
66095,1.0,0.0,0.5,none,True,True
66096,1.0,0.0,0.5,none,True,True
66097,1.0,0.0,0.5,none,True,True
66098,1.0,0.0,0.5,none,True,True
66099,1.0,0.0,0.5,none,True,True
66100,1.0,0.0,0.5,none,True,True
66101,1.0,0.0,0.5,none,True,True
66102,1.0,0.0,0.5,none,True,True
66103,1.0,0.0,0.5,none,True,True
66104,1.0,0.0,0.5,none,True,True
66105,1.0,0.0,0.5,none,True,True
66106,1.0,0.0,0.5,none,True,True
66107,1.0,0.0,0.5,none,True,True
66108,1.0,0.0,0.5,none,True,True
66109,1.0,0.0,0.5,none,True,True
66110,1.0,0.0,0.5,none,True,True
66111,1.0,0.0,0.5,none,True,True
66112,1.0,0.0,0.5,none,True,True
66113,1.0,0.0,0.5,none,True,True
66114,1.0,0.0,0.5,none,True,True
66115,1.0,0.0,0.5,none,True,True
66116,1.0,0.0,0.5,none,True,True
66117,1.0,0.0,0.5,none,True,True
66118,1.0,0.0,0.5,none,True,True
66119,1.0,0.0,0.5,none,True,True
66120,1.0,0.0,0.5,none,True,True
66121,1.0,0.0,0.5,none,True,True
66122,1.0,0.0,0.5,none,True,True
66123,1.0,0.0,0.5,none,True,True
66124,1.0,0.0,0.5,none,True,True
66125,1.0,0.0,0.5,none,True,True
66126,1.0,0.0,0.5,none,True,True
66127,1.0,0.0,0.5,none,True,True
66128,1.0,0.0,0.5,none,True,True
66129,1.0,0.0,0.5,none,True,True
66130,1.0,0.0,0.5,none,True,True
66131,1.0,0.0,0.5,none,True,True
66132,1.0,0.0,0.5,none,True,True
66133,1.0,0.0,0.5,none,True,True
66134,1.0,0.0,0.5,none,True,True
66135,1.0,0.0,0.5,none,True,True
66136,1.0,0.0,0.5,none,True,True
66137,1.0,0.0,0.5,none,True,True
66138,1.0,0.0,0.5,none,True,True
66139,1.0,0.0,0.5,none,True,True
66140,1.0,0.0,0.5,none,True,True
66141,1.0,0.0,0.5,none,True,True
66142,1.0,0.0,0.5,none,True,True
66143,1.0,0.0,0.5,none,True,True
66144,1.0,0.0,0.5,none,True,True
66145,1.0,0.0,0.5,none,True,True
66146,1.0,0.0,0.5,none,True,True
66147,1.0,0.0,0.5,none,True,True
66148,1.0,0.0,0.5,none,True,True
66149,1.0,0.0,0.5,none,True,True
66150,1.0,0.0,0.5,none,True,True
66151,1.0,0.0,0.5,none,True,True
66152,1.0,0.0,0.5,none,True,True
66153,1.0,0.0,0.5,none,True,True
66154,1.0,0.0,0.5,none,True,True
66155,1.0,0.0,0.5,none,True,True
66156,1.0,0.0,0.5,none,True,True
66157,1.0,0.0,0.5,none,True,True
66158,1.0,0.0,0.5,none,True,True
66159,1.0,0.0,0.5,none,True,True
66160,1.0,0.0,0.5,none,True,True
66161,1.0,0.0,0.5,none,True,True
66162,1.0,0.0,0.5,none,True,True
66163,1.0,0.0,0.5,none,True,True
66164,1.0,0.0,0.5,none,True,True
66165,1.0,0.0,0.5,none,True,True
66166,1.0,0.0,0.5,none,True,True
66167,1.0,0.0,0.5,none,True,True
66168,1.0,0.0,0.5,none,True,True
66169,1.0,0.0,0.5,none,True,True
66170,1.0,0.0,0.5,none,True,True
66171,1.0,0.0,0.5,none,True,True
66172,1.0,0.0,0.5,none,True,True
66173,1.0,0.0,0.5,none,True,True
66174,1.0,0.0,0.5,none,True,True
66175,1.0,0.0,0.5,none,True,True
66176,1.0,0.0,0.5,none,True,True
66177,1.0,0.0,0.5,none,True,True
66178,1.0,0.0,0.5,none,True,True
66179,1.0,0.0,0.5,none,True,True
66180,1.0,0.0,0.5,none,True,True
66181,1.0,0.0,0.5,none,True,True
66182,1.0,0.0,0.5,none,True,True
66183,1.0,0.0,0.5,none,True,True
66184,1.0,0.0,0.5,none,True,True
66185,1.0,0.0,0.5,none,True,True
66186,1.0,0.0,0.5,none,True,True
66187,1.0,0.0,0.5,none,True,True
66188,1.0,0.0,0.5,none,True,True
66189,1.0,0.0,0.5,none,True,True
66190,1.0,0.0,0.5,none,True,True
66191,1.0,0.0,0.5,none,True,True
66192,1.0,0.0,0.5,none,True,True
66193,1.0,0.0,0.5,none,True,True
66194,1.0,0.0,0.5,none,True,True
66195,1.0,0.0,0.5,none,True,True
66196,1.0,0.0,0.5,none,True,True
66197,1.0,0.0,0.5,none,True,True
66198,1.0,0.0,0.5,none,True,True
66199,1.0,0.0,0.5,none,True,True
66200,1.0,0.0,0.5,none,True,True
66201,1.0,0.0,0.5,none,True,True
66202,1.0,0.0,0.5,none,True,True
66203,1.0,0.0,0.5,none,True,True
66204,1.0,0.0,0.5,none,True,True
66205,1.0,0.0,0.5,none,True,True
66206,1.0,0.0,0.5,none,True,True
66207,1.0,0.0,0.5,none,True,True
66208,1.0,0.0,0.5,none,True,True
66209,1.0,0.0,0.5,none,True,True
66210,1.0,0.0,0.5,none,True,True
66211,1.0,0.0,0.5,none,True,True
66212,1.0,0.0,0.5,none,True,True
66213,1.0,0.0,0.5,none,True,True
66214,1.0,0.0,0.5,none,True,True
66215,1.0,0.0,0.5,none,True,True
66216,1.0,0.0,0.5,none,True,True
66217,1.0,0.0,0.5,none,True,True
66218,1.0,0.0,0.5,none,True,True
66219,1.0,0.0,0.5,none,True,True
66220,1.0,0.0,0.5,none,True,True
66221,1.0,0.0,0.5,none,True,True
66222,1.0,0.0,0.5,none,True,True
66223,1.0,0.0,0.5,none,True,True
66224,1.0,0.0,0.5,none,True,True
66225,1.0,0.0,0.5,none,True,True
66226,1.0,0.0,0.5,none,True,True
66227,1.0,0.0,0.5,none,True,True
66228,1.0,0.0,0.5,none,True,True
66229,1.0,0.0,0.5,none,True,True
66230,1.0,0.0,0.5,none,True,True
66231,1.0,0.0,0.5,none,True,True
66232,1.0,0.0,0.5,none,True,True
66233,1.0,0.0,0.5,none,True,True
66234,1.0,0.0,0.5,none,True,True
66235,1.0,0.0,0.5,none,True,True
66236,1.0,0.0,0.5,none,True,True
66237,1.0,0.0,0.5,none,True,True
66238,1.0,0.0,0.5,none,True,True
66239,1.0,0.0,0.5,none,True,True
66240,1.0,0.0,0.5,none,True,True
66241,1.0,0.0,0.5,none,True,True
66242,1.0,0.0,0.5,none,True,True
66243,1.0,0.0,0.5,none,True,True
66244,1.0,0.0,0.5,none,True,True
66245,1.0,0.0,0.5,none,True,True
66246,1.0,0.0,0.5,none,True,True
66247,1.0,0.0,0.5,none,True,True
66248,1.0,0.0,0.5,none,True,True
66249,1.0,0.0,0.5,none,True,True
66250,1.0,0.0,0.5,none,True,True
66251,1.0,0.0,0.5,none,True,True
66252,1.0,0.0,0.5,none,True,True
66253,1.0,0.0,0.5,none,True,True
66254,1.0,0.0,0.5,none,True,True
66255,1.0,0.0,0.5,none,True,True
66256,1.0,0.0,0.5,none,True,True
66257,1.0,0.0,0.5,none,True,True
66258,1.0,0.0,0.5,none,True,True
66259,1.0,0.0,0.5,none,True,True
66260,1.0,0.0,0.5,none,True,True
66261,1.0,0.0,0.5,none,True,True
66262,1.0,0.0,0.5,none,True,True
66263,1.0,0.0,0.5,none,True,True
66264,1.0,0.0,0.5,none,True,True
66265,1.0,0.0,0.5,none,True,True
66266,1.0,0.0,0.5,none,True,True
66267,1.0,0.0,0.5,none,True,True
66268,1.0,0.0,0.5,none,True,True
66269,1.0,0.0,0.5,none,True,True
66270,1.0,0.0,0.5,none,True,True
66271,1.0,0.0,0.5,none,True,True
66272,1.0,0.0,0.5,none,True,True
66273,1.0,0.0,0.5,none,True,True
66274,1.0,0.0,0.5,none,True,True
66275,1.0,0.0,0.5,none,True,True
66276,1.0,0.0,0.5,none,True,True
66277,1.0,0.0,0.5,none,True,True
66278,1.0,0.0,0.5,none,True,True
66279,1.0,0.0,0.5,none,True,True
66280,1.0,0.0,0.5,none,True,True
66281,1.0,0.0,0.5,none,True,True
66282,1.0,0.0,0.5,none,True,True
66283,1.0,0.0,0.5,none,True,True
66284,1.0,0.0,0.5,none,True,True
66285,1.0,0.0,0.5,none,True,True
66286,1.0,0.0,0.5,none,True,True
66287,1.0,0.0,0.5,none,True,True
66288,1.0,0.0,0.5,none,True,True
66289,1.0,0.0,0.5,none,True,True
66290,1.0,0.0,0.5,none,True,True
66291,1.0,0.0,0.5,none,True,True
66292,1.0,0.0,0.5,none,True,True
66293,1.0,0.0,0.5,none,True,True
66294,1.0,0.0,0.5,none,True,True
66295,1.0,0.0,0.5,none,True,True
66296,1.0,0.0,0.5,none,True,True
66297,1.0,0.0,0.5,none,True,True
66298,1.0,0.0,0.5,none,True,True
66299,1.0,0.0,0.5,none,True,True
66300,1.0,0.0,0.5,none,True,True
66301,1.0,0.0,0.5,none,True,True
66302,1.0,0.0,0.5,none,True,True
66303,1.0,0.0,0.5,none,True,True
66304,1.0,0.0,0.5,none,True,True
66305,1.0,0.0,0.5,none,True,True
66306,1.0,0.0,0.5,none,True,True
66307,1.0,0.0,0.5,none,True,True
66308,1.0,0.0,0.5,none,True,True
66309,1.0,0.0,0.5,none,True,True
66310,1.0,0.0,0.5,none,True,True
66311,1.0,0.0,0.5,none,True,True
66312,1.0,0.0,0.5,none,True,True
66313,1.0,0.0,0.5,none,True,True
66314,1.0,0.0,0.5,none,True,True
66315,1.0,0.0,0.5,none,True,True
66316,1.0,0.0,0.5,none,True,True
66317,1.0,0.0,0.5,none,True,True
66318,1.0,0.0,0.5,none,True,True
66319,1.0,0.0,0.5,none,True,True
66320,1.0,0.0,0.5,none,True,True
66321,1.0,0.0,0.5,none,True,True
66322,1.0,0.0,0.5,none,True,True
66323,1.0,0.0,0.5,none,True,True
66324,1.0,0.0,0.5,none,True,True
66325,1.0,0.0,0.5,none,True,True
66326,1.0,0.0,0.5,none,True,True
66327,1.0,0.0,0.5,none,True,True
66328,1.0,0.0,0.5,none,True,True
66329,1.0,0.0,0.5,none,True,True
66330,1.0,0.0,0.5,none,True,True
66331,1.0,0.0,0.5,none,True,True
66332,1.0,0.0,0.5,none,True,True
66333,1.0,0.0,0.5,none,True,True
66334,1.0,0.0,0.5,none,True,True
66335,1.0,0.0,0.5,none,True,True
66336,1.0,0.0,0.5,none,True,True
66337,1.0,0.0,0.5,none,True,True
66338,1.0,0.0,0.5,none,True,True
66339,1.0,0.0,0.5,none,True,True
66340,1.0,0.0,0.5,none,True,True
66341,1.0,0.0,0.5,none,True,True
66342,1.0,0.0,0.5,none,True,True
66343,1.0,0.0,0.5,none,True,True
66344,1.0,0.0,0.5,none,True,True
66345,1.0,0.0,0.5,none,True,True
66346,1.0,0.0,0.5,none,True,True
66347,1.0,0.0,0.5,none,True,True
66348,1.0,0.0,0.5,none,True,True
66349,1.0,0.0,0.5,none,True,True
66350,1.0,0.0,0.5,none,True,True
66351,1.0,0.0,0.5,none,True,True
66352,1.0,0.0,0.5,none,True,True
66353,1.0,0.0,0.5,none,True,True
66354,1.0,0.0,0.5,none,True,True
66355,1.0,0.0,0.5,none,True,True
66356,1.0,0.0,0.5,none,True,True
66357,1.0,0.0,0.5,none,True,True
66358,1.0,0.0,0.5,none,True,True
66359,1.0,0.0,0.5,none,True,True
66360,1.0,0.0,0.5,none,True,True
66361,1.0,0.0,0.5,none,True,True
66362,1.0,0.0,0.5,none,True,True
66363,1.0,0.0,0.5,none,True,True
66364,1.0,0.0,0.5,none,True,True
66365,1.0,0.0,0.5,none,True,True
66366,1.0,0.0,0.5,none,True,True
66367,1.0,0.0,0.5,none,True,True
66368,1.0,0.0,0.5,none,True,True
66369,1.0,0.0,0.5,none,True,True
66370,1.0,0.0,0.5,none,True,True
66371,1.0,0.0,0.5,none,True,True
66372,1.0,0.0,0.5,none,True,True
66373,1.0,0.0,0.5,none,True,True
66374,1.0,0.0,0.5,none,True,True
66375,1.0,0.0,0.5,none,True,True
66376,1.0,0.0,0.5,none,True,True
66377,1.0,0.0,0.5,none,True,True
66378,1.0,0.0,0.5,none,True,True
66379,1.0,0.0,0.5,none,True,True
66380,1.0,0.0,0.5,none,True,True
66381,1.0,0.0,0.5,none,True,True
66382,1.0,0.0,0.5,none,True,True
66383,1.0,0.0,0.5,none,True,True
66384,1.0,0.0,0.5,none,True,True
66385,1.0,0.0,0.5,none,True,True
66386,1.0,0.0,0.5,none,True,True
66387,1.0,0.0,0.5,none,True,True
66388,1.0,0.0,0.5,none,True,True
66389,1.0,0.0,0.5,none,True,True
66390,1.0,0.0,0.5,none,True,True
66391,1.0,0.0,0.5,none,True,True
66392,1.0,0.0,0.5,none,True,True
66393,1.0,0.0,0.5,none,True,True
66394,1.0,0.0,0.5,none,True,True
66395,1.0,0.0,0.5,none,True,True
66396,1.0,0.0,0.5,none,True,True
66397,1.0,0.0,0.5,none,True,True
66398,1.0,0.0,0.5,none,True,True
66399,1.0,0.0,0.5,none,True,True
66400,1.0,0.0,0.5,none,True,True
66401,1.0,0.0,0.5,none,True,True
66402,1.0,0.0,0.5,none,True,True
66403,1.0,0.0,0.5,none,True,True
66404,1.0,0.0,0.5,none,True,True
66405,1.0,0.0,0.5,none,True,True
66406,1.0,0.0,0.5,none,True,True
66407,1.0,0.0,0.5,none,True,True
66408,1.0,0.0,0.5,none,True,True
66409,1.0,0.0,0.5,none,True,True
66410,1.0,0.0,0.5,none,True,True
66411,1.0,0.0,0.5,none,True,True
66412,1.0,0.0,0.5,none,True,True
66413,1.0,0.0,0.5,none,True,True
66414,1.0,0.0,0.5,none,True,True
66415,1.0,0.0,0.5,none,True,True
66416,1.0,0.0,0.5,none,True,True
66417,1.0,0.0,0.5,none,True,True
66418,1.0,0.0,0.5,none,True,True
66419,1.0,0.0,0.5,none,True,True
66420,1.0,0.0,0.5,none,True,True
66421,1.0,0.0,0.5,none,True,True
66422,1.0,0.0,0.5,none,True,True
66423,1.0,0.0,0.5,none,True,True
66424,1.0,0.0,0.5,none,True,True
66425,1.0,0.0,0.5,none,True,True
66426,1.0,0.0,0.5,none,True,True
66427,1.0,0.0,0.5,none,True,True
66428,1.0,0.0,0.5,none,True,True
66429,1.0,0.0,0.5,none,True,True
66430,1.0,0.0,0.5,none,True,True
66431,1.0,0.0,0.5,none,True,True
66432,1.0,0.0,0.5,none,True,True
66433,1.0,0.0,0.5,none,True,True
66434,1.0,0.0,0.5,none,True,True
66435,1.0,0.0,0.5,none,True,True
66436,1.0,0.0,0.5,none,True,True
66437,1.0,0.0,0.5,none,True,True
66438,1.0,0.0,0.5,none,True,True
66439,1.0,0.0,0.5,none,True,True
66440,1.0,0.0,0.5,none,True,True
66441,1.0,0.0,0.5,none,True,True
66442,1.0,0.0,0.5,none,True,True
66443,1.0,0.0,0.5,none,True,True
66444,1.0,0.0,0.5,none,True,True
66445,1.0,0.0,0.5,none,True,True
66446,1.0,0.0,0.5,none,True,True
66447,1.0,0.0,0.5,none,True,True
66448,1.0,0.0,0.5,none,True,True
66449,1.0,0.0,0.5,none,True,True
66450,1.0,0.0,0.5,none,True,True
66451,1.0,0.0,0.5,none,True,True
66452,1.0,0.0,0.5,none,True,True
66453,1.0,0.0,0.5,none,True,True
66454,1.0,0.0,0.5,none,True,True
66455,1.0,0.0,0.5,none,True,True
66456,1.0,0.0,0.5,none,True,True
66457,1.0,0.0,0.5,none,True,True
66458,1.0,0.0,0.5,none,True,True
66459,1.0,0.0,0.5,none,True,True
66460,1.0,0.0,0.5,none,True,True
66461,1.0,0.0,0.5,none,True,True
66462,1.0,0.0,0.5,none,True,True
66463,1.0,0.0,0.5,none,True,True
66464,1.0,0.0,0.5,none,True,True
66465,1.0,0.0,0.5,none,True,True
66466,1.0,0.0,0.5,none,True,True
66467,1.0,0.0,0.5,none,True,True
66468,1.0,0.0,0.5,none,True,True
66469,1.0,0.0,0.5,none,True,True
66470,1.0,0.0,0.5,none,True,True
66471,1.0,0.0,0.5,none,True,True
66472,1.0,0.0,0.5,none,True,True
66473,1.0,0.0,0.5,none,True,True
66474,1.0,0.0,0.5,none,True,True
66475,1.0,0.0,0.5,none,True,True
66476,1.0,0.0,0.5,none,True,True
66477,1.0,0.0,0.5,none,True,True
66478,1.0,0.0,0.5,none,True,True
66479,1.0,0.0,0.5,none,True,True
66480,1.0,0.0,0.5,none,True,True
66481,1.0,0.0,0.5,none,True,True
66482,1.0,0.0,0.5,none,True,True
66483,1.0,0.0,0.5,none,True,True
66484,1.0,0.0,0.5,none,True,True
66485,1.0,0.0,0.5,none,True,True
66486,1.0,0.0,0.5,none,True,True
66487,1.0,0.0,0.5,none,True,True
66488,1.0,0.0,0.5,none,True,True
66489,1.0,0.0,0.5,none,True,True
66490,1.0,0.0,0.5,none,True,True
66491,1.0,0.0,0.5,none,True,True
66492,1.0,0.0,0.5,none,True,True
66493,1.0,0.0,0.5,none,True,True
66494,1.0,0.0,0.5,none,True,True
66495,1.0,0.0,0.5,none,True,True
66496,1.0,0.0,0.5,none,True,True
66497,1.0,0.0,0.5,none,True,True
66498,1.0,0.0,0.5,none,True,True
66499,1.0,0.0,0.5,none,True,True
66500,1.0,0.0061,0.5,none,True,True
66501,1.0,0.0357,0.5,none,True,True
66502,1.0,0.0812,0.5,none,True,True
66503,1.0,0.1113,0.5,none,True,True
66504,1.0,0.1253,0.5,none,True,True
66505,1.0,0.1408,0.5,none,True,True
66506,1.0,0.0907,0.5,none,True,True
66507,1.0,0.1198,0.5,none,True,True
66508,1.0,0.0467,0.5,none,True,True
66509,1.0,0.0522,0.5,none,True,True
66510,1.0,0.0405,0.5,none,True,True
66511,1.0,0.0313,0.5,none,True,True
66512,1.0,0.0083,0.5,none,True,True
66513,1.0,0.0726,0.5,none,True,True
66514,1.0,0.0793,0.5,none,True,True
66515,1.0,0.0581,0.5,none,True,True
66516,1.0,0.0955,0.5,none,True,True
66517,1.0,0.0839,0.5,none,True,True
66518,1.0,0.0648,0.5,none,True,True
66519,1.0,0.0718,0.5,none,True,True
66520,1.0,0.0589,0.5,none,True,True
66521,1.0,0.0403,0.5,none,True,True
66522,1.0,0.0327,0.5,none,True,True
66523,1.0,0.0277,0.5,none,True,True
66524,1.0,0.017,0.5,none,True,True
66525,1.0,0.0102,0.5,none,True,True
66526,1.0,0.0099,0.5,none,True,True
66527,1.0,0.008,0.5,none,True,True
66528,1.0,0.005,0.5,none,True,True
66529,1.0,0.0063,0.5,none,True,True
66530,1.0,0.009,0.5,none,True,True
66531,1.0,0.0096,0.5,none,True,True
66532,1.0,0.0108,0.5,none,True,True
66533,1.0,0.014,0.5,none,True,True
66534,1.0,0.0161,0.5,none,True,True
66535,1.0,0.0167,0.5,none,True,True
66536,1.0,0.0182,0.5,none,True,True
66537,1.0,0.0196,0.5,none,True,True
66538,1.0,0.0197,0.5,none,True,True
66539,1.0,0.0193,0.5,none,True,True
66540,1.0,0.0193,0.5,none,True,True
66541,1.0,0.0187,0.5,none,True,True
66542,1.0,0.0174,0.5,none,True,True
66543,1.0,0.0163,0.5,none,True,True
66544,1.0,0.0152,0.5,none,True,True
66545,1.0,0.0138,0.5,none,True,True
66546,1.0,0.0123,0.5,none,True,True
66547,1.0,0.0111,0.5,none,True,True
66548,1.0,0.01,0.5,none,True,True
66549,1.0,0.0088,0.5,none,True,True
66550,1.0,0.0078,0.5,none,True,True
66551,1.0,0.0071,0.5,none,True,True
66552,1.0,0.0064,0.5,none,True,True
66553,1.0,0.0057,0.5,none,True,True
66554,1.0,0.0053,0.5,none,True,True
66555,1.0,0.005,0.5,none,True,True
66556,1.0,0.0047,0.5,none,True,True
66557,1.0,0.0045,0.5,none,True,True
66558,1.0,0.0044,0.5,none,True,True
66559,1.0,0.0043,0.5,none,True,True
66560,1.0,0.0042,0.5,none,True,True
66561,1.0,0.0041,0.5,none,True,True
66562,1.0,0.004,0.5,none,True,True
66563,1.0,0.0039,0.5,none,True,True
66564,1.0,0.0038,0.5,none,True,True
66565,1.0,0.0037,0.5,none,True,True
66566,1.0,0.0035,0.5,none,True,True
66567,1.0,0.0033,0.5,none,True,True
66568,1.0,0.0032,0.5,none,True,True
66569,1.0,0.003,0.5,none,True,True
66570,1.0,0.0028,0.5,none,True,True
66571,1.0,0.0026,0.5,none,True,True
66572,1.0,0.0024,0.5,none,True,True
66573,1.0,0.0023,0.5,none,True,True
66574,1.0,0.0021,0.5,none,True,True
66575,1.0,0.0019,0.5,none,True,True
66576,1.0,0.0018,0.5,none,True,True
66577,1.0,0.0017,0.5,none,True,True
66578,1.0,0.0015,0.5,none,True,True
66579,1.0,0.0014,0.5,none,True,True
66580,1.0,0.0013,0.5,none,True,True
66581,1.0,0.0013,0.5,none,True,True
66582,1.0,0.0012,0.5,none,True,True
66583,1.0,0.0011,0.5,none,True,True
66584,1.0,0.0011,0.5,none,True,True
66585,1.0,0.001,0.5,none,True,True
66586,1.0,0.001,0.5,none,True,True
66587,1.0,0.0009,0.5,none,True,True
66588,1.0,0.0009,0.5,none,True,True
66589,1.0,0.0008,0.5,none,True,True
66590,1.0,0.0008,0.5,none,True,True
66591,1.0,0.0008,0.5,none,True,True
66592,1.0,0.0007,0.5,none,True,True
66593,1.0,0.0007,0.5,none,True,True
66594,1.0,0.0006,0.5,none,True,True
66595,1.0,0.0006,0.5,none,True,True
66596,1.0,0.0006,0.5,none,True,True
66597,1.0,0.0005,0.5,none,True,True
66598,1.0,0.0005,0.5,none,True,True
66599,1.0,0.0005,0.5,none,True,True
66600,1.0,0.0004,0.5,none,True,True
66601,1.0,0.0004,0.5,none,True,True
66602,1.0,0.0004,0.5,none,True,True
66603,1.0,0.0004,0.5,none,True,True
66604,1.0,0.0003,0.5,none,True,True
66605,1.0,0.0003,0.5,none,True,True
66606,1.0,0.0003,0.5,none,True,True
66607,1.0,0.0003,0.5,none,True,True
66608,1.0,0.0003,0.5,none,True,True
66609,1.0,0.0003,0.5,none,True,True
66610,1.0,0.0002,0.5,none,True,True
66611,1.0,0.0002,0.5,none,True,True
66612,1.0,0.0002,0.5,none,True,True
66613,1.0,0.0002,0.5,none,True,True
66614,1.0,0.0002,0.5,none,True,True
66615,1.0,0.0002,0.5,none,True,True
66616,1.0,0.0002,0.5,none,True,True
66617,1.0,0.0002,0.5,none,True,True
66618,1.0,0.0002,0.5,none,True,True
66619,1.0,0.0001,0.5,none,True,True
66620,1.0,0.0001,0.5,none,True,True
66621,1.0,0.0001,0.5,none,True,True
66622,1.0,0.0001,0.5,none,True,True
66623,1.0,0.0001,0.5,none,True,True
66624,1.0,0.0001,0.5,none,True,True
66625,1.0,0.0001,0.5,none,True,True
66626,1.0,0.0001,0.5,none,True,True
66627,1.0,0.0001,0.5,none,True,True
66628,1.0,0.0001,0.5,none,True,True
66629,1.0,0.0001,0.5,none,True,True
66630,1.0,0.0001,0.5,none,True,True
66631,1.0,0.0001,0.5,none,True,True
66632,1.0,0.0001,0.5,none,True,True
66633,1.0,0.0001,0.5,none,True,True
66634,1.0,0.0001,0.5,none,True,True
66635,1.0,0.0001,0.5,none,True,True
66636,1.0,0.0001,0.5,none,True,True
66637,1.0,0.0,0.5,none,True,True
66638,1.0,0.0,0.5,none,True,True
66639,1.0,0.0,0.5,none,True,True
66640,1.0,0.0,0.5,none,True,True
66641,1.0,0.0,0.5,none,True,True
66642,1.0,0.0,0.5,none,True,True
66643,1.0,0.0,0.5,none,True,True
66644,1.0,0.0,0.5,none,True,True
66645,1.0,0.0,0.5,none,True,True
66646,1.0,0.0,0.5,none,True,True
66647,1.0,0.0,0.5,none,True,True
66648,1.0,0.0,0.5,none,True,True
66649,1.0,0.0,0.5,none,True,True
66650,1.0,0.0,0.5,none,True,True
66651,1.0,0.0,0.5,none,True,True
66652,1.0,0.0,0.5,none,True,True
66653,1.0,0.0,0.5,none,True,True
66654,1.0,0.0,0.5,none,True,True
66655,1.0,0.0,0.5,none,True,True
66656,1.0,0.0,0.5,none,True,True
66657,1.0,0.0,0.5,none,True,True
66658,1.0,0.0,0.5,none,True,True
66659,1.0,0.0,0.5,none,True,True
66660,1.0,0.0,0.5,none,True,True
66661,1.0,0.0,0.5,none,True,True
66662,1.0,0.0,0.5,none,True,True
66663,1.0,0.0,0.5,none,True,True
66664,1.0,0.0,0.5,none,True,True
66665,1.0,0.0,0.5,none,True,True
66666,1.0,0.0,0.5,none,True,True
66667,1.0,0.0,0.5,none,True,True
66668,1.0,0.0,0.5,none,True,True
66669,1.0,0.0,0.5,none,True,True
66670,1.0,0.0,0.5,none,True,True
66671,1.0,0.0,0.5,none,True,True
66672,1.0,0.0,0.5,none,True,True
66673,1.0,0.0,0.5,none,True,True
66674,1.0,0.0,0.5,none,True,True
66675,1.0,0.0,0.5,none,True,True
66676,1.0,0.0,0.5,none,True,True
66677,1.0,0.0,0.5,none,True,True
66678,1.0,0.0,0.5,none,True,True
66679,1.0,0.0,0.5,none,True,True
66680,1.0,0.0,0.5,none,True,True
66681,1.0,0.0,0.5,none,True,True
66682,1.0,0.0,0.5,none,True,True
66683,1.0,0.0,0.5,none,True,True
66684,1.0,0.0,0.5,none,True,True
66685,1.0,0.0,0.5,none,True,True
66686,1.0,0.0,0.5,none,True,True
66687,1.0,0.0,0.5,none,True,True
66688,1.0,0.0,0.5,none,True,True
66689,1.0,0.0,0.5,none,True,True
66690,1.0,0.0,0.5,none,True,True
66691,1.0,0.0,0.5,none,True,True
66692,1.0,0.0,0.5,none,True,True
66693,1.0,0.0,0.5,none,True,True
66694,1.0,0.0,0.5,none,True,True
66695,1.0,0.0,0.5,none,True,True
66696,1.0,0.0,0.5,none,True,True
66697,1.0,0.0,0.5,none,True,True
66698,1.0,0.0,0.5,none,True,True
66699,1.0,0.0,0.5,none,True,True
66700,1.0,0.0,0.5,none,True,True
66701,1.0,0.0,0.5,none,True,True
66702,1.0,0.0,0.5,none,True,True
66703,1.0,0.0,0.5,none,True,True
66704,1.0,0.0,0.5,none,True,True
66705,1.0,0.0,0.5,none,True,True
66706,1.0,0.0,0.5,none,True,True
66707,1.0,0.0,0.5,none,True,True
66708,1.0,0.0,0.5,none,True,True
66709,1.0,0.0,0.5,none,True,True
66710,1.0,0.0,0.5,none,True,True
66711,1.0,0.0,0.5,none,True,True
66712,1.0,0.0,0.5,none,True,True
66713,1.0,0.0,0.5,none,True,True
66714,1.0,0.0,0.5,none,True,True
66715,1.0,0.0,0.5,none,True,True
66716,1.0,0.0,0.5,none,True,True
66717,1.0,0.0,0.5,none,True,True
66718,1.0,0.0,0.5,none,True,True
66719,1.0,0.0,0.5,none,True,True
66720,1.0,0.0,0.5,none,True,True
66721,1.0,0.0,0.5,none,True,True
66722,1.0,0.0,0.5,none,True,True
66723,1.0,0.0,0.5,none,True,True
66724,1.0,0.0,0.5,none,True,True
66725,1.0,0.0,0.5,none,True,True
66726,1.0,0.0,0.5,none,True,True
66727,1.0,0.0,0.5,none,True,True
66728,1.0,0.0,0.5,none,True,True
66729,1.0,0.0,0.5,none,True,True
66730,1.0,0.0,0.5,none,True,True
66731,1.0,0.0,0.5,none,True,True
66732,1.0,0.0,0.5,none,True,True
66733,1.0,0.0,0.5,none,True,True
66734,1.0,0.0,0.5,none,True,True
66735,1.0,0.0,0.5,none,True,True
66736,1.0,0.0,0.5,none,True,True
66737,1.0,0.0,0.5,none,True,True
66738,1.0,0.0,0.5,none,True,True
66739,1.0,0.0,0.5,none,True,True
66740,1.0,0.0,0.5,none,True,True
66741,1.0,0.0,0.5,none,True,True
66742,1.0,0.0,0.5,none,True,True
66743,1.0,0.0,0.5,none,True,True
66744,1.0,0.0,0.5,none,True,True
66745,1.0,0.0,0.5,none,True,True
66746,1.0,0.0,0.5,none,True,True
66747,1.0,0.0,0.5,none,True,True
66748,1.0,0.0,0.5,none,True,True
66749,1.0,0.0,0.5,none,True,True
66750,1.0,0.0,0.5,none,True,True
66751,1.0,0.0,0.5,none,True,True
66752,1.0,0.0,0.5,none,True,True
66753,1.0,0.0,0.5,none,True,True
66754,1.0,0.0,0.5,none,True,True
66755,1.0,0.0,0.5,none,True,True
66756,1.0,0.0,0.5,none,True,True
66757,1.0,0.0,0.5,none,True,True
66758,1.0,0.0,0.5,none,True,True
66759,1.0,0.0,0.5,none,True,True
66760,1.0,0.0,0.5,none,True,True
66761,1.0,0.0,0.5,none,True,True
66762,1.0,0.0,0.5,none,True,True
66763,1.0,0.0,0.5,none,True,True
66764,1.0,0.0,0.5,none,True,True
66765,1.0,0.0,0.5,none,True,True
66766,1.0,0.0,0.5,none,True,True
66767,1.0,0.0,0.5,none,True,True
66768,1.0,0.0,0.5,none,True,True
66769,1.0,0.0,0.5,none,True,True
66770,1.0,0.0,0.5,none,True,True
66771,1.0,0.0,0.5,none,True,True
66772,1.0,0.0,0.5,none,True,True
66773,1.0,0.0,0.5,none,True,True
66774,1.0,0.0,0.5,none,True,True
66775,1.0,0.0,0.5,none,True,True
66776,1.0,0.0,0.5,none,True,True
66777,1.0,0.0,0.5,none,True,True
66778,1.0,0.0,0.5,none,True,True
66779,1.0,0.0,0.5,none,True,True
66780,1.0,0.0,0.5,none,True,True
66781,1.0,0.0,0.5,none,True,True
66782,1.0,0.0,0.5,none,True,True
66783,1.0,0.0,0.5,none,True,True
66784,1.0,0.0,0.5,none,True,True
66785,1.0,0.0,0.5,none,True,True
66786,1.0,0.0,0.5,none,True,True
66787,1.0,0.0,0.5,none,True,True
66788,1.0,0.0,0.5,none,True,True
66789,1.0,0.0,0.5,none,True,True
66790,1.0,0.0,0.5,none,True,True
66791,1.0,0.0,0.5,none,True,True
66792,1.0,0.0,0.5,none,True,True
66793,1.0,0.0,0.5,none,True,True
66794,1.0,0.0,0.5,none,True,True
66795,1.0,0.0,0.5,none,True,True
66796,1.0,0.0,0.5,none,True,True
66797,1.0,0.0,0.5,none,True,True
66798,1.0,0.0,0.5,none,True,True
66799,1.0,0.0,0.5,none,True,True
66800,1.0,0.0,0.5,none,True,True
66801,1.0,0.0,0.5,none,True,True
66802,1.0,0.0,0.5,none,True,True
66803,1.0,0.0,0.5,none,True,True
66804,1.0,0.0,0.5,none,True,True
66805,1.0,0.0,0.5,none,True,True
66806,1.0,0.0,0.5,none,True,True
66807,1.0,0.0,0.5,none,True,True
66808,1.0,0.0,0.5,none,True,True
66809,1.0,0.0,0.5,none,True,True
66810,1.0,0.0,0.5,none,True,True
66811,1.0,0.0,0.5,none,True,True
66812,1.0,0.0,0.5,none,True,True
66813,1.0,0.0,0.5,none,True,True
66814,1.0,0.0,0.5,none,True,True
66815,1.0,0.0,0.5,none,True,True
66816,1.0,0.0,0.5,none,True,True
66817,1.0,0.0,0.5,none,True,True
66818,1.0,0.0,0.5,none,True,True
66819,1.0,0.0,0.5,none,True,True
66820,1.0,0.0,0.5,none,True,True
66821,1.0,0.0,0.5,none,True,True
66822,1.0,0.0,0.5,none,True,True
66823,1.0,0.0,0.5,none,True,True
66824,1.0,0.0,0.5,none,True,True
66825,1.0,0.0,0.5,none,True,True
66826,1.0,0.0,0.5,none,True,True
66827,1.0,0.0,0.5,none,True,True
66828,1.0,0.0,0.5,none,True,True
66829,1.0,0.0,0.5,none,True,True
66830,1.0,0.0,0.5,none,True,True
66831,1.0,0.0,0.5,none,True,True
66832,1.0,0.0,0.5,none,True,True
66833,1.0,0.0,0.5,none,True,True
66834,1.0,0.0,0.5,none,True,True
66835,1.0,0.0,0.5,none,True,True
66836,1.0,0.0,0.5,none,True,True
66837,1.0,0.0,0.5,none,True,True
66838,1.0,0.0,0.5,none,True,True
66839,1.0,0.0,0.5,none,True,True
66840,1.0,0.0,0.5,none,True,True
66841,1.0,0.0,0.5,none,True,True
66842,1.0,0.0,0.5,none,True,True
66843,1.0,0.0,0.5,none,True,True
66844,1.0,0.0,0.5,none,True,True
66845,1.0,0.0,0.5,none,True,True
66846,1.0,0.0,0.5,none,True,True
66847,1.0,0.0,0.5,none,True,True
66848,1.0,0.0,0.5,none,True,True
66849,1.0,0.0,0.5,none,True,True
66850,1.0,0.0,0.5,none,True,True
66851,1.0,0.0,0.5,none,True,True
66852,1.0,0.0,0.5,none,True,True
66853,1.0,0.0,0.5,none,True,True
66854,1.0,0.0,0.5,none,True,True
66855,1.0,0.0,0.5,none,True,True
66856,1.0,0.0,0.5,none,True,True
66857,1.0,0.0,0.5,none,True,True
66858,1.0,0.0,0.5,none,True,True
66859,1.0,0.0,0.5,none,True,True
66860,1.0,0.0,0.5,none,True,True
66861,1.0,0.0,0.5,none,True,True
66862,1.0,0.0,0.5,none,True,True
66863,1.0,0.0,0.5,none,True,True
66864,1.0,0.0,0.5,none,True,True
66865,1.0,0.0,0.5,none,True,True
66866,1.0,0.0,0.5,none,True,True
66867,1.0,0.0,0.5,none,True,True
66868,1.0,0.0,0.5,none,True,True
66869,1.0,0.0,0.5,none,True,True
66870,1.0,0.0,0.5,none,True,True
66871,1.0,0.0,0.5,none,True,True
66872,1.0,0.0,0.5,none,True,True
66873,1.0,0.0,0.5,none,True,True
66874,1.0,0.0,0.5,none,True,True
66875,1.0,0.0,0.5,none,True,True
66876,1.0,0.0,0.5,none,True,True
66877,1.0,0.0,0.5,none,True,True
66878,1.0,0.0,0.5,none,True,True
66879,1.0,0.0,0.5,none,True,True
66880,1.0,0.0,0.5,none,True,True
66881,1.0,0.0,0.5,none,True,True
66882,1.0,0.0,0.5,none,True,True
66883,1.0,0.0,0.5,none,True,True
66884,1.0,0.0,0.5,none,True,True
66885,1.0,0.0,0.5,none,True,True
66886,1.0,0.0,0.5,none,True,True
66887,1.0,0.0,0.5,none,True,True
66888,1.0,0.0,0.5,none,True,True
66889,1.0,0.0,0.5,none,True,True
66890,1.0,0.0,0.5,none,True,True
66891,1.0,0.0,0.5,none,True,True
66892,1.0,0.0,0.5,none,True,True
66893,1.0,0.0,0.5,none,True,True
66894,1.0,0.0,0.5,none,True,True
66895,1.0,0.0,0.5,none,True,True
66896,1.0,0.0,0.5,none,True,True
66897,1.0,0.0,0.5,none,True,True
66898,1.0,0.0,0.5,none,True,True
66899,1.0,0.0,0.5,none,True,True
66900,1.0,0.0,0.5,none,True,True
66901,1.0,0.0,0.5,none,True,True
66902,1.0,0.0,0.5,none,True,True
66903,1.0,0.0,0.5,none,True,True
66904,1.0,0.0,0.5,none,True,True
66905,1.0,0.0,0.5,none,True,True
66906,1.0,0.0,0.5,none,True,True
66907,1.0,0.0,0.5,none,True,True
66908,1.0,0.0,0.5,none,True,True
66909,1.0,0.0,0.5,none,True,True
66910,1.0,0.0,0.5,none,True,True
66911,1.0,0.0,0.5,none,True,True
66912,1.0,0.0,0.5,none,True,True
66913,1.0,0.0,0.5,none,True,True
66914,1.0,0.0,0.5,none,True,True
66915,1.0,0.0,0.5,none,True,True
66916,1.0,0.0,0.5,none,True,True
66917,1.0,0.0,0.5,none,True,True
66918,1.0,0.0,0.5,none,True,True
66919,1.0,0.0,0.5,none,True,True
66920,1.0,0.0,0.5,none,True,True
66921,1.0,0.0,0.5,none,True,True
66922,1.0,0.0,0.5,none,True,True
66923,1.0,0.0,0.5,none,True,True
66924,1.0,0.0,0.5,none,True,True
66925,1.0,0.0,0.5,none,True,True
66926,1.0,0.0,0.5,none,True,True
66927,1.0,0.0,0.5,none,True,True
66928,1.0,0.0,0.5,none,True,True
66929,1.0,0.0,0.5,none,True,True
66930,1.0,0.0,0.5,none,True,True
66931,1.0,0.0,0.5,none,True,True
66932,1.0,0.0,0.5,none,True,True
66933,1.0,0.0,0.5,none,True,True
66934,1.0,0.0,0.5,none,True,True
66935,1.0,0.0,0.5,none,True,True
66936,1.0,0.0,0.5,none,True,True
66937,1.0,0.0,0.5,none,True,True
66938,1.0,0.0,0.5,none,True,True
66939,1.0,0.0,0.5,none,True,True
66940,1.0,0.0,0.5,none,True,True
66941,1.0,0.0,0.5,none,True,True
66942,1.0,0.0,0.5,none,True,True
66943,1.0,0.0,0.5,none,True,True
66944,1.0,0.0,0.5,none,True,True
66945,1.0,0.0,0.5,none,True,True
66946,1.0,0.0,0.5,none,True,True
66947,1.0,0.0,0.5,none,True,True
66948,1.0,0.0,0.5,none,True,True
66949,1.0,0.0,0.5,none,True,True
66950,1.0,0.0,0.5,none,True,True
66951,1.0,0.0,0.5,none,True,True
66952,1.0,0.0,0.5,none,True,True
66953,1.0,0.0,0.5,none,True,True
66954,1.0,0.0,0.5,none,True,True
66955,1.0,0.0,0.5,none,True,True
66956,1.0,0.0,0.5,none,True,True
66957,1.0,0.0,0.5,none,True,True
66958,1.0,0.0,0.5,none,True,True
66959,1.0,0.0,0.5,none,True,True
66960,1.0,0.0,0.5,none,True,True
66961,1.0,0.0,0.5,none,True,True
66962,1.0,0.0,0.5,none,True,True
66963,1.0,0.0,0.5,none,True,True
66964,1.0,0.0,0.5,none,True,True
66965,1.0,0.0,0.5,none,True,True
66966,1.0,0.0,0.5,none,True,True
66967,1.0,0.0,0.5,none,True,True
66968,1.0,0.0,0.5,none,True,True
66969,1.0,0.0,0.5,none,True,True
66970,1.0,0.0,0.5,none,True,True
66971,1.0,0.0,0.5,none,True,True
66972,1.0,0.0,0.5,none,True,True
66973,1.0,0.0,0.5,none,True,True
66974,1.0,0.0,0.5,none,True,True
66975,1.0,0.0,0.5,none,True,True
66976,1.0,0.0,0.5,none,True,True
66977,1.0,0.0,0.5,none,True,True
66978,1.0,0.0,0.5,none,True,True
66979,1.0,0.0,0.5,none,True,True
66980,1.0,0.0,0.5,none,True,True
66981,1.0,0.0,0.5,none,True,True
66982,1.0,0.0,0.5,none,True,True
66983,1.0,0.0,0.5,none,True,True
66984,1.0,0.0,0.5,none,True,True
66985,1.0,0.0,0.5,none,True,True
66986,1.0,0.0,0.5,none,True,True
66987,1.0,0.0,0.5,none,True,True
66988,1.0,0.0,0.5,none,True,True
66989,1.0,0.0,0.5,none,True,True
66990,1.0,0.0,0.5,none,True,True
66991,1.0,0.0,0.5,none,True,True
66992,1.0,0.0,0.5,none,True,True
66993,1.0,0.0,0.5,none,True,True
66994,1.0,0.0,0.5,none,True,True
66995,1.0,0.0,0.5,none,True,True
66996,1.0,0.0,0.5,none,True,True
66997,1.0,0.0,0.5,none,True,True
66998,1.0,0.0,0.5,none,True,True
66999,1.0,0.0,0.5,none,True,True
67000,1.0,0.0,0.5,none,True,True
67001,1.0,0.0,0.5,none,True,True
67002,1.0,0.0,0.5,none,True,True
67003,1.0,0.0,0.5,none,True,True
67004,1.0,0.0,0.5,none,True,True
67005,1.0,0.0,0.5,none,True,True
67006,1.0,0.0,0.5,none,True,True
67007,1.0,0.0,0.5,none,True,True
67008,1.0,0.0,0.5,none,True,True
67009,1.0,0.0,0.5,none,True,True
67010,1.0,0.0,0.5,none,True,True
67011,1.0,0.0,0.5,none,True,True
67012,1.0,0.0,0.5,none,True,True
67013,1.0,0.0,0.5,none,True,True
67014,1.0,0.0,0.5,none,True,True
67015,1.0,0.0,0.5,none,True,True
67016,1.0,0.0,0.5,none,True,True
67017,1.0,0.0,0.5,none,True,True
67018,1.0,0.0,0.5,none,True,True
67019,1.0,0.0,0.5,none,True,True
67020,1.0,0.0,0.5,none,True,True
67021,1.0,0.0,0.5,none,True,True
67022,1.0,0.0,0.5,none,True,True
67023,1.0,0.0,0.5,none,True,True
67024,1.0,0.0,0.5,none,True,True
67025,1.0,0.0,0.5,none,True,True
67026,1.0,0.0,0.5,none,True,True
67027,1.0,0.0,0.5,none,True,True
67028,1.0,0.0,0.5,none,True,True
67029,1.0,0.0,0.5,none,True,True
67030,1.0,0.0,0.5,none,True,True
67031,1.0,0.0,0.5,none,True,True
67032,1.0,0.0,0.5,none,True,True
67033,1.0,0.0,0.5,none,True,True
67034,1.0,0.0,0.5,none,True,True
67035,1.0,0.0,0.5,none,True,True
67036,1.0,0.0,0.5,none,True,True
67037,1.0,0.0,0.5,none,True,True
67038,1.0,0.0,0.5,none,True,True
67039,1.0,0.0,0.5,none,True,True
67040,1.0,0.0,0.5,none,True,True
67041,1.0,0.0,0.5,none,True,True
67042,1.0,0.0,0.5,none,True,True
67043,1.0,0.0,0.5,none,True,True
67044,1.0,0.0,0.5,none,True,True
67045,1.0,0.0,0.5,none,True,True
67046,1.0,0.0,0.5,none,True,True
67047,1.0,0.0,0.5,none,True,True
67048,1.0,0.0,0.5,none,True,True
67049,1.0,0.0,0.5,none,True,True
67050,1.0,0.0,0.5,none,True,True
67051,1.0,0.0,0.5,none,True,True
67052,1.0,0.0,0.5,none,True,True
67053,1.0,0.0,0.5,none,True,True
67054,1.0,0.0,0.5,none,True,True
67055,1.0,0.0,0.5,none,True,True
67056,1.0,0.0,0.5,none,True,True
67057,1.0,0.0,0.5,none,True,True
67058,1.0,0.0,0.5,none,True,True
67059,1.0,0.0,0.5,none,True,True
67060,1.0,0.0,0.5,none,True,True
67061,1.0,0.0,0.5,none,True,True
67062,1.0,0.0,0.5,none,True,True
67063,1.0,0.0,0.5,none,True,True
67064,1.0,0.0,0.5,none,True,True
67065,1.0,0.0,0.5,none,True,True
67066,1.0,0.0,0.5,none,True,True
67067,1.0,0.0,0.5,none,True,True
67068,1.0,0.0,0.5,none,True,True
67069,1.0,0.0,0.5,none,True,True
67070,1.0,0.0,0.5,none,True,True
67071,1.0,0.0,0.5,none,True,True
67072,1.0,0.0,0.5,none,True,True
67073,1.0,0.0,0.5,none,True,True
67074,1.0,0.0,0.5,none,True,True
67075,1.0,0.0,0.5,none,True,True
67076,1.0,0.0,0.5,none,True,True
67077,1.0,0.0,0.5,none,True,True
67078,1.0,0.0,0.5,none,True,True
67079,1.0,0.0,0.5,none,True,True
67080,1.0,0.0,0.5,none,True,True
67081,1.0,0.0,0.5,none,True,True
67082,1.0,0.0,0.5,none,True,True
67083,1.0,0.0,0.5,none,True,True
67084,1.0,0.0,0.5,none,True,True
67085,1.0,0.0,0.5,none,True,True
67086,1.0,0.0,0.5,none,True,True
67087,1.0,0.0,0.5,none,True,True
67088,1.0,0.0,0.5,none,True,True
67089,1.0,0.0,0.5,none,True,True
67090,1.0,0.0,0.5,none,True,True
67091,1.0,0.0,0.5,none,True,True
67092,1.0,0.0,0.5,none,True,True
67093,1.0,0.0,0.5,none,True,True
67094,1.0,0.0,0.5,none,True,True
67095,1.0,0.0,0.5,none,True,True
67096,1.0,0.0,0.5,none,True,True
67097,1.0,0.0,0.5,none,True,True
67098,1.0,0.0,0.5,none,True,True
67099,1.0,0.0,0.5,none,True,True
67100,1.0,0.0,0.5,none,True,True
67101,1.0,0.0,0.5,none,True,True
67102,1.0,0.0,0.5,none,True,True
67103,1.0,0.0,0.5,none,True,True
67104,1.0,0.0,0.5,none,True,True
67105,1.0,0.0,0.5,none,True,True
67106,1.0,0.0,0.5,none,True,True
67107,1.0,0.0,0.5,none,True,True
67108,1.0,0.0,0.5,none,True,True
67109,1.0,0.0,0.5,none,True,True
67110,1.0,0.0,0.5,none,True,True
67111,1.0,0.0,0.5,none,True,True
67112,1.0,0.0,0.5,none,True,True
67113,1.0,0.0,0.5,none,True,True
67114,1.0,0.0,0.5,none,True,True
67115,1.0,0.0,0.5,none,True,True
67116,1.0,0.0,0.5,none,True,True
67117,1.0,0.0,0.5,none,True,True
67118,1.0,0.0,0.5,none,True,True
67119,1.0,0.0,0.5,none,True,True
67120,1.0,0.0,0.5,none,True,True
67121,1.0,0.0,0.5,none,True,True
67122,1.0,0.0,0.5,none,True,True
67123,1.0,0.0,0.5,none,True,True
67124,1.0,0.0,0.5,none,True,True
67125,1.0,0.0,0.5,none,True,True
67126,1.0,0.0,0.5,none,True,True
67127,1.0,0.0,0.5,none,True,True
67128,1.0,0.0,0.5,none,True,True
67129,1.0,0.0,0.5,none,True,True
67130,1.0,0.0,0.5,none,True,True
67131,1.0,0.0,0.5,none,True,True
67132,1.0,0.0,0.5,none,True,True
67133,1.0,0.0,0.5,none,True,True
67134,1.0,0.0,0.5,none,True,True
67135,1.0,0.0,0.5,none,True,True
67136,1.0,0.0,0.5,none,True,True
67137,1.0,0.0,0.5,none,True,True
67138,1.0,0.0,0.5,none,True,True
67139,1.0,0.0,0.5,none,True,True
67140,1.0,0.0,0.5,none,True,True
67141,1.0,0.0,0.5,none,True,True
67142,1.0,0.0,0.5,none,True,True
67143,1.0,0.0,0.5,none,True,True
67144,1.0,0.0,0.5,none,True,True
67145,1.0,0.0,0.5,none,True,True
67146,1.0,0.0,0.5,none,True,True
67147,1.0,0.0,0.5,none,True,True
67148,1.0,0.0,0.5,none,True,True
67149,1.0,0.0,0.5,none,True,True
67150,1.0,0.0,0.5,none,True,True
67151,1.0,0.0,0.5,none,True,True
67152,1.0,0.0,0.5,none,True,True
67153,1.0,0.0,0.5,none,True,True
67154,1.0,0.0,0.5,none,True,True
67155,1.0,0.0,0.5,none,True,True
67156,1.0,0.0,0.5,none,True,True
67157,1.0,0.0,0.5,none,True,True
67158,1.0,0.0,0.5,none,True,True
67159,1.0,0.0,0.5,none,True,True
67160,1.0,0.0,0.5,none,True,True
67161,1.0,0.0,0.5,none,True,True
67162,1.0,0.0,0.5,none,True,True
67163,1.0,0.0,0.5,none,True,True
67164,1.0,0.0,0.5,none,True,True
67165,1.0,0.0,0.5,none,True,True
67166,1.0,0.0,0.5,none,True,True
67167,1.0,0.0,0.5,none,True,True
67168,1.0,0.0,0.5,none,True,True
67169,1.0,0.0,0.5,none,True,True
67170,1.0,0.0,0.5,none,True,True
67171,1.0,0.0,0.5,none,True,True
67172,1.0,0.0,0.5,none,True,True
67173,1.0,0.0,0.5,none,True,True
67174,1.0,0.0,0.5,none,True,True
67175,1.0,0.0,0.5,none,True,True
67176,1.0,0.0,0.5,none,True,True
67177,1.0,0.0,0.5,none,True,True
67178,1.0,0.0,0.5,none,True,True
67179,1.0,0.0,0.5,none,True,True
67180,1.0,0.0,0.5,none,True,True
67181,1.0,0.0,0.5,none,True,True
67182,1.0,0.0,0.5,none,True,True
67183,1.0,0.0,0.5,none,True,True
67184,1.0,0.0,0.5,none,True,True
67185,1.0,0.0,0.5,none,True,True
67186,1.0,0.0,0.5,none,True,True
67187,1.0,0.0,0.5,none,True,True
67188,1.0,0.0,0.5,none,True,True
67189,1.0,0.0,0.5,none,True,True
67190,1.0,0.0,0.5,none,True,True
67191,1.0,0.0,0.5,none,True,True
67192,1.0,0.0,0.5,none,True,True
67193,1.0,0.0,0.5,none,True,True
67194,1.0,0.0,0.5,none,True,True
67195,1.0,0.0,0.5,none,True,True
67196,1.0,0.0,0.5,none,True,True
67197,1.0,0.0,0.5,none,True,True
67198,1.0,0.0,0.5,none,True,True
67199,1.0,0.0,0.5,none,True,True
67200,1.0,0.0061,0.5,none,True,True
67201,1.0,0.0357,0.5,none,True,True
67202,1.0,0.0812,0.5,none,True,True
67203,1.0,0.1113,0.5,none,True,True
67204,1.0,0.1253,0.5,none,True,True
67205,1.0,0.1408,0.5,none,True,True
67206,1.0,0.0907,0.5,none,True,True
67207,1.0,0.1198,0.5,none,True,True
67208,1.0,0.0467,0.5,none,True,True
67209,1.0,0.0522,0.5,none,True,True
67210,1.0,0.0405,0.5,none,True,True
67211,1.0,0.0313,0.5,none,True,True
67212,1.0,0.0083,0.5,none,True,True
67213,1.0,0.0726,0.5,none,True,True
67214,1.0,0.0793,0.5,none,True,True
67215,1.0,0.0581,0.5,none,True,True
67216,1.0,0.0955,0.5,none,True,True
67217,1.0,0.0839,0.5,none,True,True
67218,1.0,0.0648,0.5,none,True,True
67219,1.0,0.0718,0.5,none,True,True
67220,1.0,0.0589,0.5,none,True,True
67221,1.0,0.0403,0.5,none,True,True
67222,1.0,0.0327,0.5,none,True,True
67223,1.0,0.0277,0.5,none,True,True
67224,1.0,0.017,0.5,none,True,True
67225,1.0,0.0102,0.5,none,True,True
67226,1.0,0.0099,0.5,none,True,True
67227,1.0,0.008,0.5,none,True,True
67228,1.0,0.005,0.5,none,True,True
67229,1.0,0.0063,0.5,none,True,True
67230,1.0,0.009,0.5,none,True,True
67231,1.0,0.0096,0.5,none,True,True
67232,1.0,0.0108,0.5,none,True,True
67233,1.0,0.014,0.5,none,True,True
67234,1.0,0.0161,0.5,none,True,True
67235,1.0,0.0167,0.5,none,True,True
67236,1.0,0.0182,0.5,none,True,True
67237,1.0,0.0196,0.5,none,True,True
67238,1.0,0.0197,0.5,none,True,True
67239,1.0,0.0193,0.5,none,True,True
67240,1.0,0.0193,0.5,none,True,True
67241,1.0,0.0187,0.5,none,True,True
67242,1.0,0.0174,0.5,none,True,True
67243,1.0,0.0163,0.5,none,True,True
67244,1.0,0.0152,0.5,none,True,True
67245,1.0,0.0138,0.5,none,True,True
67246,1.0,0.0123,0.5,none,True,True
67247,1.0,0.0111,0.5,none,True,True
67248,1.0,0.01,0.5,none,True,True
67249,1.0,0.0088,0.5,none,True,True
67250,1.0,0.0078,0.5,none,True,True
67251,1.0,0.0071,0.5,none,True,True
67252,1.0,0.0064,0.5,none,True,True
67253,1.0,0.0057,0.5,none,True,True
67254,1.0,0.0053,0.5,none,True,True
67255,1.0,0.005,0.5,none,True,True
67256,1.0,0.0047,0.5,none,True,True
67257,1.0,0.0045,0.5,none,True,True
67258,1.0,0.0044,0.5,none,True,True
67259,1.0,0.0043,0.5,none,True,True
67260,1.0,0.0042,0.5,none,True,True
67261,1.0,0.0041,0.5,none,True,True
67262,1.0,0.004,0.5,none,True,True
67263,1.0,0.0039,0.5,none,True,True
67264,1.0,0.0038,0.5,none,True,True
67265,1.0,0.0037,0.5,none,True,True
67266,1.0,0.0035,0.5,none,True,True
67267,1.0,0.0033,0.5,none,True,True
67268,1.0,0.0032,0.5,none,True,True
67269,1.0,0.003,0.5,none,True,True
67270,1.0,0.0028,0.5,none,True,True
67271,1.0,0.0026,0.5,none,True,True
67272,1.0,0.0024,0.5,none,True,True
67273,1.0,0.0023,0.5,none,True,True
67274,1.0,0.0021,0.5,none,True,True
67275,1.0,0.0019,0.5,none,True,True
67276,1.0,0.0018,0.5,none,True,True
67277,1.0,0.0017,0.5,none,True,True
67278,1.0,0.0015,0.5,none,True,True
67279,1.0,0.0014,0.5,none,True,True
67280,1.0,0.0013,0.5,none,True,True
67281,1.0,0.0013,0.5,none,True,True
67282,1.0,0.0012,0.5,none,True,True
67283,1.0,0.0011,0.5,none,True,True
67284,1.0,0.0011,0.5,none,True,True
67285,1.0,0.001,0.5,none,True,True
67286,1.0,0.001,0.5,none,True,True
67287,1.0,0.0009,0.5,none,True,True
67288,1.0,0.0009,0.5,none,True,True
67289,1.0,0.0008,0.5,none,True,True
67290,1.0,0.0008,0.5,none,True,True
67291,1.0,0.0008,0.5,none,True,True
67292,1.0,0.0007,0.5,none,True,True
67293,1.0,0.0007,0.5,none,True,True
67294,1.0,0.0006,0.5,none,True,True
67295,1.0,0.0006,0.5,none,True,True
67296,1.0,0.0006,0.5,none,True,True
67297,1.0,0.0005,0.5,none,True,True
67298,1.0,0.0005,0.5,none,True,True
67299,1.0,0.0005,0.5,none,True,True
67300,1.0,0.0004,0.5,none,True,True
67301,1.0,0.0004,0.5,none,True,True
67302,1.0,0.0004,0.5,none,True,True
67303,1.0,0.0004,0.5,none,True,True
67304,1.0,0.0003,0.5,none,True,True
67305,1.0,0.0003,0.5,none,True,True
67306,1.0,0.0003,0.5,none,True,True
67307,1.0,0.0003,0.5,none,True,True
67308,1.0,0.0003,0.5,none,True,True
67309,1.0,0.0003,0.5,none,True,True
67310,1.0,0.0002,0.5,none,True,True
67311,1.0,0.0002,0.5,none,True,True
67312,1.0,0.0002,0.5,none,True,True
67313,1.0,0.0002,0.5,none,True,True
67314,1.0,0.0002,0.5,none,True,True
67315,1.0,0.0002,0.5,none,True,True
67316,1.0,0.0002,0.5,none,True,True
67317,1.0,0.0002,0.5,none,True,True
67318,1.0,0.0002,0.5,none,True,True
67319,1.0,0.0001,0.5,none,True,True
67320,1.0,0.0001,0.5,none,True,True
67321,1.0,0.0001,0.5,none,True,True
67322,1.0,0.0001,0.5,none,True,True
67323,1.0,0.0001,0.5,none,True,True
67324,1.0,0.0001,0.5,none,True,True
67325,1.0,0.0001,0.5,none,True,True
67326,1.0,0.0001,0.5,none,True,True
67327,1.0,0.0001,0.5,none,True,True
67328,1.0,0.0001,0.5,none,True,True
67329,1.0,0.0001,0.5,none,True,True
67330,1.0,0.0001,0.5,none,True,True
67331,1.0,0.0001,0.5,none,True,True
67332,1.0,0.0001,0.5,none,True,True
67333,1.0,0.0001,0.5,none,True,True
67334,1.0,0.0001,0.5,none,True,True
67335,1.0,0.0001,0.5,none,True,True
67336,1.0,0.0001,0.5,none,True,True
67337,1.0,0.0,0.5,none,True,True
67338,1.0,0.0,0.5,none,True,True
67339,1.0,0.0,0.5,none,True,True
67340,1.0,0.0,0.5,none,True,True
67341,1.0,0.0,0.5,none,True,True
67342,1.0,0.0,0.5,none,True,True
67343,1.0,0.0,0.5,none,True,True
67344,1.0,0.0,0.5,none,True,True
67345,1.0,0.0,0.5,none,True,True
67346,1.0,0.0,0.5,none,True,True
67347,1.0,0.0,0.5,none,True,True
67348,1.0,0.0,0.5,none,True,True
67349,1.0,0.0,0.5,none,True,True
67350,1.0,0.0,0.5,none,True,True
67351,1.0,0.0,0.5,none,True,True
67352,1.0,0.0,0.5,none,True,True
67353,1.0,0.0,0.5,none,True,True
67354,1.0,0.0,0.5,none,True,True
67355,1.0,0.0,0.5,none,True,True
67356,1.0,0.0,0.5,none,True,True
67357,1.0,0.0,0.5,none,True,True
67358,1.0,0.0,0.5,none,True,True
67359,1.0,0.0,0.5,none,True,True
67360,1.0,0.0,0.5,none,True,True
67361,1.0,0.0,0.5,none,True,True
67362,1.0,0.0,0.5,none,True,True
67363,1.0,0.0,0.5,none,True,True
67364,1.0,0.0,0.5,none,True,True
67365,1.0,0.0,0.5,none,True,True
67366,1.0,0.0,0.5,none,True,True
67367,1.0,0.0,0.5,none,True,True
67368,1.0,0.0,0.5,none,True,True
67369,1.0,0.0,0.5,none,True,True
67370,1.0,0.0,0.5,none,True,True
67371,1.0,0.0,0.5,none,True,True
67372,1.0,0.0,0.5,none,True,True
67373,1.0,0.0,0.5,none,True,True
67374,1.0,0.0,0.5,none,True,True
67375,1.0,0.0,0.5,none,True,True
67376,1.0,0.0,0.5,none,True,True
67377,1.0,0.0,0.5,none,True,True
67378,1.0,0.0,0.5,none,True,True
67379,1.0,0.0,0.5,none,True,True
67380,1.0,0.0,0.5,none,True,True
67381,1.0,0.0,0.5,none,True,True
67382,1.0,0.0,0.5,none,True,True
67383,1.0,0.0,0.5,none,True,True
67384,1.0,0.0,0.5,none,True,True
67385,1.0,0.0,0.5,none,True,True
67386,1.0,0.0,0.5,none,True,True
67387,1.0,0.0,0.5,none,True,True
67388,1.0,0.0,0.5,none,True,True
67389,1.0,0.0,0.5,none,True,True
67390,1.0,0.0,0.5,none,True,True
67391,1.0,0.0,0.5,none,True,True
67392,1.0,0.0,0.5,none,True,True
67393,1.0,0.0,0.5,none,True,True
67394,1.0,0.0,0.5,none,True,True
67395,1.0,0.0,0.5,none,True,True
67396,1.0,0.0,0.5,none,True,True
67397,1.0,0.0,0.5,none,True,True
67398,1.0,0.0,0.5,none,True,True
67399,1.0,0.0,0.5,none,True,True
67400,1.0,0.0,0.5,none,True,True
67401,1.0,0.0,0.5,none,True,True
67402,1.0,0.0,0.5,none,True,True
67403,1.0,0.0,0.5,none,True,True
67404,1.0,0.0,0.5,none,True,True
67405,1.0,0.0,0.5,none,True,True
67406,1.0,0.0,0.5,none,True,True
67407,1.0,0.0,0.5,none,True,True
67408,1.0,0.0,0.5,none,True,True
67409,1.0,0.0,0.5,none,True,True
67410,1.0,0.0,0.5,none,True,True
67411,1.0,0.0,0.5,none,True,True
67412,1.0,0.0,0.5,none,True,True
67413,1.0,0.0,0.5,none,True,True
67414,1.0,0.0,0.5,none,True,True
67415,1.0,0.0,0.5,none,True,True
67416,1.0,0.0,0.5,none,True,True
67417,1.0,0.0,0.5,none,True,True
67418,1.0,0.0,0.5,none,True,True
67419,1.0,0.0,0.5,none,True,True
67420,1.0,0.0,0.5,none,True,True
67421,1.0,0.0,0.5,none,True,True
67422,1.0,0.0,0.5,none,True,True
67423,1.0,0.0,0.5,none,True,True
67424,1.0,0.0,0.5,none,True,True
67425,1.0,0.0,0.5,none,True,True
67426,1.0,0.0,0.5,none,True,True
67427,1.0,0.0,0.5,none,True,True
67428,1.0,0.0,0.5,none,True,True
67429,1.0,0.0,0.5,none,True,True
67430,1.0,0.0,0.5,none,True,True
67431,1.0,0.0,0.5,none,True,True
67432,1.0,0.0,0.5,none,True,True
67433,1.0,0.0,0.5,none,True,True
67434,1.0,0.0,0.5,none,True,True
67435,1.0,0.0,0.5,none,True,True
67436,1.0,0.0,0.5,none,True,True
67437,1.0,0.0,0.5,none,True,True
67438,1.0,0.0,0.5,none,True,True
67439,1.0,0.0,0.5,none,True,True
67440,1.0,0.0,0.5,none,True,True
67441,1.0,0.0,0.5,none,True,True
67442,1.0,0.0,0.5,none,True,True
67443,1.0,0.0,0.5,none,True,True
67444,1.0,0.0,0.5,none,True,True
67445,1.0,0.0,0.5,none,True,True
67446,1.0,0.0,0.5,none,True,True
67447,1.0,0.0,0.5,none,True,True
67448,1.0,0.0,0.5,none,True,True
67449,1.0,0.0,0.5,none,True,True
67450,1.0,0.0,0.5,none,True,True
67451,1.0,0.0,0.5,none,True,True
67452,1.0,0.0,0.5,none,True,True
67453,1.0,0.0,0.5,none,True,True
67454,1.0,0.0,0.5,none,True,True
67455,1.0,0.0,0.5,none,True,True
67456,1.0,0.0,0.5,none,True,True
67457,1.0,0.0,0.5,none,True,True
67458,1.0,0.0,0.5,none,True,True
67459,1.0,0.0,0.5,none,True,True
67460,1.0,0.0,0.5,none,True,True
67461,1.0,0.0,0.5,none,True,True
67462,1.0,0.0,0.5,none,True,True
67463,1.0,0.0,0.5,none,True,True
67464,1.0,0.0,0.5,none,True,True
67465,1.0,0.0,0.5,none,True,True
67466,1.0,0.0,0.5,none,True,True
67467,1.0,0.0,0.5,none,True,True
67468,1.0,0.0,0.5,none,True,True
67469,1.0,0.0,0.5,none,True,True
67470,1.0,0.0,0.5,none,True,True
67471,1.0,0.0,0.5,none,True,True
67472,1.0,0.0,0.5,none,True,True
67473,1.0,0.0,0.5,none,True,True
67474,1.0,0.0,0.5,none,True,True
67475,1.0,0.0,0.5,none,True,True
67476,1.0,0.0,0.5,none,True,True
67477,1.0,0.0,0.5,none,True,True
67478,1.0,0.0,0.5,none,True,True
67479,1.0,0.0,0.5,none,True,True
67480,1.0,0.0,0.5,none,True,True
67481,1.0,0.0,0.5,none,True,True
67482,1.0,0.0,0.5,none,True,True
67483,1.0,0.0,0.5,none,True,True
67484,1.0,0.0,0.5,none,True,True
67485,1.0,0.0,0.5,none,True,True
67486,1.0,0.0,0.5,none,True,True
67487,1.0,0.0,0.5,none,True,True
67488,1.0,0.0,0.5,none,True,True
67489,1.0,0.0,0.5,none,True,True
67490,1.0,0.0,0.5,none,True,True
67491,1.0,0.0,0.5,none,True,True
67492,1.0,0.0,0.5,none,True,True
67493,1.0,0.0,0.5,none,True,True
67494,1.0,0.0,0.5,none,True,True
67495,1.0,0.0,0.5,none,True,True
67496,1.0,0.0,0.5,none,True,True
67497,1.0,0.0,0.5,none,True,True
67498,1.0,0.0,0.5,none,True,True
67499,1.0,0.0,0.5,none,True,True
67500,1.0,0.0,0.5,none,True,True
67501,1.0,0.0,0.5,none,True,True
67502,1.0,0.0,0.5,none,True,True
67503,1.0,0.0,0.5,none,True,True
67504,1.0,0.0,0.5,none,True,True
67505,1.0,0.0,0.5,none,True,True
67506,1.0,0.0,0.5,none,True,True
67507,1.0,0.0,0.5,none,True,True
67508,1.0,0.0,0.5,none,True,True
67509,1.0,0.0,0.5,none,True,True
67510,1.0,0.0,0.5,none,True,True
67511,1.0,0.0,0.5,none,True,True
67512,1.0,0.0,0.5,none,True,True
67513,1.0,0.0,0.5,none,True,True
67514,1.0,0.0,0.5,none,True,True
67515,1.0,0.0,0.5,none,True,True
67516,1.0,0.0,0.5,none,True,True
67517,1.0,0.0,0.5,none,True,True
67518,1.0,0.0,0.5,none,True,True
67519,1.0,0.0,0.5,none,True,True
67520,1.0,0.0,0.5,none,True,True
67521,1.0,0.0,0.5,none,True,True
67522,1.0,0.0,0.5,none,True,True
67523,1.0,0.0,0.5,none,True,True
67524,1.0,0.0,0.5,none,True,True
67525,1.0,0.0,0.5,none,True,True
67526,1.0,0.0,0.5,none,True,True
67527,1.0,0.0,0.5,none,True,True
67528,1.0,0.0,0.5,none,True,True
67529,1.0,0.0,0.5,none,True,True
67530,1.0,0.0,0.5,none,True,True
67531,1.0,0.0,0.5,none,True,True
67532,1.0,0.0,0.5,none,True,True
67533,1.0,0.0,0.5,none,True,True
67534,1.0,0.0,0.5,none,True,True
67535,1.0,0.0,0.5,none,True,True
67536,1.0,0.0,0.5,none,True,True
67537,1.0,0.0,0.5,none,True,True
67538,1.0,0.0,0.5,none,True,True
67539,1.0,0.0,0.5,none,True,True
67540,1.0,0.0,0.5,none,True,True
67541,1.0,0.0,0.5,none,True,True
67542,1.0,0.0,0.5,none,True,True
67543,1.0,0.0,0.5,none,True,True
67544,1.0,0.0,0.5,none,True,True
67545,1.0,0.0,0.5,none,True,True
67546,1.0,0.0,0.5,none,True,True
67547,1.0,0.0,0.5,none,True,True
67548,1.0,0.0,0.5,none,True,True
67549,1.0,0.0,0.5,none,True,True
67550,1.0,0.0,0.5,none,True,True
67551,1.0,0.0,0.5,none,True,True
67552,1.0,0.0,0.5,none,True,True
67553,1.0,0.0,0.5,none,True,True
67554,1.0,0.0,0.5,none,True,True
67555,1.0,0.0,0.5,none,True,True
67556,1.0,0.0,0.5,none,True,True
67557,1.0,0.0,0.5,none,True,True
67558,1.0,0.0,0.5,none,True,True
67559,1.0,0.0,0.5,none,True,True
67560,1.0,0.0,0.5,none,True,True
67561,1.0,0.0,0.5,none,True,True
67562,1.0,0.0,0.5,none,True,True
67563,1.0,0.0,0.5,none,True,True
67564,1.0,0.0,0.5,none,True,True
67565,1.0,0.0,0.5,none,True,True
67566,1.0,0.0,0.5,none,True,True
67567,1.0,0.0,0.5,none,True,True
67568,1.0,0.0,0.5,none,True,True
67569,1.0,0.0,0.5,none,True,True
67570,1.0,0.0,0.5,none,True,True
67571,1.0,0.0,0.5,none,True,True
67572,1.0,0.0,0.5,none,True,True
67573,1.0,0.0,0.5,none,True,True
67574,1.0,0.0,0.5,none,True,True
67575,1.0,0.0,0.5,none,True,True
67576,1.0,0.0,0.5,none,True,True
67577,1.0,0.0,0.5,none,True,True
67578,1.0,0.0,0.5,none,True,True
67579,1.0,0.0,0.5,none,True,True
67580,1.0,0.0,0.5,none,True,True
67581,1.0,0.0,0.5,none,True,True
67582,1.0,0.0,0.5,none,True,True
67583,1.0,0.0,0.5,none,True,True
67584,1.0,0.0,0.5,none,True,True
67585,1.0,0.0,0.5,none,True,True
67586,1.0,0.0,0.5,none,True,True
67587,1.0,0.0,0.5,none,True,True
67588,1.0,0.0,0.5,none,True,True
67589,1.0,0.0,0.5,none,True,True
67590,1.0,0.0,0.5,none,True,True
67591,1.0,0.0,0.5,none,True,True
67592,1.0,0.0,0.5,none,True,True
67593,1.0,0.0,0.5,none,True,True
67594,1.0,0.0,0.5,none,True,True
67595,1.0,0.0,0.5,none,True,True
67596,1.0,0.0,0.5,none,True,True
67597,1.0,0.0,0.5,none,True,True
67598,1.0,0.0,0.5,none,True,True
67599,1.0,0.0,0.5,none,True,True
67600,1.0,0.0,0.5,none,True,True
67601,1.0,0.0,0.5,none,True,True
67602,1.0,0.0,0.5,none,True,True
67603,1.0,0.0,0.5,none,True,True
67604,1.0,0.0,0.5,none,True,True
67605,1.0,0.0,0.5,none,True,True
67606,1.0,0.0,0.5,none,True,True
67607,1.0,0.0,0.5,none,True,True
67608,1.0,0.0,0.5,none,True,True
67609,1.0,0.0,0.5,none,True,True
67610,1.0,0.0,0.5,none,True,True
67611,1.0,0.0,0.5,none,True,True
67612,1.0,0.0,0.5,none,True,True
67613,1.0,0.0,0.5,none,True,True
67614,1.0,0.0,0.5,none,True,True
67615,1.0,0.0,0.5,none,True,True
67616,1.0,0.0,0.5,none,True,True
67617,1.0,0.0,0.5,none,True,True
67618,1.0,0.0,0.5,none,True,True
67619,1.0,0.0,0.5,none,True,True
67620,1.0,0.0,0.5,none,True,True
67621,1.0,0.0,0.5,none,True,True
67622,1.0,0.0,0.5,none,True,True
67623,1.0,0.0,0.5,none,True,True
67624,1.0,0.0,0.5,none,True,True
67625,1.0,0.0,0.5,none,True,True
67626,1.0,0.0,0.5,none,True,True
67627,1.0,0.0,0.5,none,True,True
67628,1.0,0.0,0.5,none,True,True
67629,1.0,0.0,0.5,none,True,True
67630,1.0,0.0,0.5,none,True,True
67631,1.0,0.0,0.5,none,True,True
67632,1.0,0.0,0.5,none,True,True
67633,1.0,0.0,0.5,none,True,True
67634,1.0,0.0,0.5,none,True,True
67635,1.0,0.0,0.5,none,True,True
67636,1.0,0.0,0.5,none,True,True
67637,1.0,0.0,0.5,none,True,True
67638,1.0,0.0,0.5,none,True,True
67639,1.0,0.0,0.5,none,True,True
67640,1.0,0.0,0.5,none,True,True
67641,1.0,0.0,0.5,none,True,True
67642,1.0,0.0,0.5,none,True,True
67643,1.0,0.0,0.5,none,True,True
67644,1.0,0.0,0.5,none,True,True
67645,1.0,0.0,0.5,none,True,True
67646,1.0,0.0,0.5,none,True,True
67647,1.0,0.0,0.5,none,True,True
67648,1.0,0.0,0.5,none,True,True
67649,1.0,0.0,0.5,none,True,True
67650,1.0,0.0,0.5,none,True,True
67651,1.0,0.0,0.5,none,True,True
67652,1.0,0.0,0.5,none,True,True
67653,1.0,0.0,0.5,none,True,True
67654,1.0,0.0,0.5,none,True,True
67655,1.0,0.0,0.5,none,True,True
67656,1.0,0.0,0.5,none,True,True
67657,1.0,0.0,0.5,none,True,True
67658,1.0,0.0,0.5,none,True,True
67659,1.0,0.0,0.5,none,True,True
67660,1.0,0.0,0.5,none,True,True
67661,1.0,0.0,0.5,none,True,True
67662,1.0,0.0,0.5,none,True,True
67663,1.0,0.0,0.5,none,True,True
67664,1.0,0.0,0.5,none,True,True
67665,1.0,0.0,0.5,none,True,True
67666,1.0,0.0,0.5,none,True,True
67667,1.0,0.0,0.5,none,True,True
67668,1.0,0.0,0.5,none,True,True
67669,1.0,0.0,0.5,none,True,True
67670,1.0,0.0,0.5,none,True,True
67671,1.0,0.0,0.5,none,True,True
67672,1.0,0.0,0.5,none,True,True
67673,1.0,0.0,0.5,none,True,True
67674,1.0,0.0,0.5,none,True,True
67675,1.0,0.0,0.5,none,True,True
67676,1.0,0.0,0.5,none,True,True
67677,1.0,0.0,0.5,none,True,True
67678,1.0,0.0,0.5,none,True,True
67679,1.0,0.0,0.5,none,True,True
67680,1.0,0.0,0.5,none,True,True
67681,1.0,0.0,0.5,none,True,True
67682,1.0,0.0,0.5,none,True,True
67683,1.0,0.0,0.5,none,True,True
67684,1.0,0.0,0.5,none,True,True
67685,1.0,0.0,0.5,none,True,True
67686,1.0,0.0,0.5,none,True,True
67687,1.0,0.0,0.5,none,True,True
67688,1.0,0.0,0.5,none,True,True
67689,1.0,0.0,0.5,none,True,True
67690,1.0,0.0,0.5,none,True,True
67691,1.0,0.0,0.5,none,True,True
67692,1.0,0.0,0.5,none,True,True
67693,1.0,0.0,0.5,none,True,True
67694,1.0,0.0,0.5,none,True,True
67695,1.0,0.0,0.5,none,True,True
67696,1.0,0.0,0.5,none,True,True
67697,1.0,0.0,0.5,none,True,True
67698,1.0,0.0,0.5,none,True,True
67699,1.0,0.0,0.5,none,True,True
67700,1.0,0.0,0.5,none,True,True
67701,1.0,0.0,0.5,none,True,True
67702,1.0,0.0,0.5,none,True,True
67703,1.0,0.0,0.5,none,True,True
67704,1.0,0.0,0.5,none,True,True
67705,1.0,0.0,0.5,none,True,True
67706,1.0,0.0,0.5,none,True,True
67707,1.0,0.0,0.5,none,True,True
67708,1.0,0.0,0.5,none,True,True
67709,1.0,0.0,0.5,none,True,True
67710,1.0,0.0,0.5,none,True,True
67711,1.0,0.0,0.5,none,True,True
67712,1.0,0.0,0.5,none,True,True
67713,1.0,0.0,0.5,none,True,True
67714,1.0,0.0,0.5,none,True,True
67715,1.0,0.0,0.5,none,True,True
67716,1.0,0.0,0.5,none,True,True
67717,1.0,0.0,0.5,none,True,True
67718,1.0,0.0,0.5,none,True,True
67719,1.0,0.0,0.5,none,True,True
67720,1.0,0.0,0.5,none,True,True
67721,1.0,0.0,0.5,none,True,True
67722,1.0,0.0,0.5,none,True,True
67723,1.0,0.0,0.5,none,True,True
67724,1.0,0.0,0.5,none,True,True
67725,1.0,0.0,0.5,none,True,True
67726,1.0,0.0,0.5,none,True,True
67727,1.0,0.0,0.5,none,True,True
67728,1.0,0.0,0.5,none,True,True
67729,1.0,0.0,0.5,none,True,True
67730,1.0,0.0,0.5,none,True,True
67731,1.0,0.0,0.5,none,True,True
67732,1.0,0.0,0.5,none,True,True
67733,1.0,0.0,0.5,none,True,True
67734,1.0,0.0,0.5,none,True,True
67735,1.0,0.0,0.5,none,True,True
67736,1.0,0.0,0.5,none,True,True
67737,1.0,0.0,0.5,none,True,True
67738,1.0,0.0,0.5,none,True,True
67739,1.0,0.0,0.5,none,True,True
67740,1.0,0.0,0.5,none,True,True
67741,1.0,0.0,0.5,none,True,True
67742,1.0,0.0,0.5,none,True,True
67743,1.0,0.0,0.5,none,True,True
67744,1.0,0.0,0.5,none,True,True
67745,1.0,0.0,0.5,none,True,True
67746,1.0,0.0,0.5,none,True,True
67747,1.0,0.0,0.5,none,True,True
67748,1.0,0.0,0.5,none,True,True
67749,1.0,0.0,0.5,none,True,True
67750,1.0,0.0,0.5,none,True,True
67751,1.0,0.0,0.5,none,True,True
67752,1.0,0.0,0.5,none,True,True
67753,1.0,0.0,0.5,none,True,True
67754,1.0,0.0,0.5,none,True,True
67755,1.0,0.0,0.5,none,True,True
67756,1.0,0.0,0.5,none,True,True
67757,1.0,0.0,0.5,none,True,True
67758,1.0,0.0,0.5,none,True,True
67759,1.0,0.0,0.5,none,True,True
67760,1.0,0.0,0.5,none,True,True
67761,1.0,0.0,0.5,none,True,True
67762,1.0,0.0,0.5,none,True,True
67763,1.0,0.0,0.5,none,True,True
67764,1.0,0.0,0.5,none,True,True
67765,1.0,0.0,0.5,none,True,True
67766,1.0,0.0,0.5,none,True,True
67767,1.0,0.0,0.5,none,True,True
67768,1.0,0.0,0.5,none,True,True
67769,1.0,0.0,0.5,none,True,True
67770,1.0,0.0,0.5,none,True,True
67771,1.0,0.0,0.5,none,True,True
67772,1.0,0.0,0.5,none,True,True
67773,1.0,0.0,0.5,none,True,True
67774,1.0,0.0,0.5,none,True,True
67775,1.0,0.0,0.5,none,True,True
67776,1.0,0.0,0.5,none,True,True
67777,1.0,0.0,0.5,none,True,True
67778,1.0,0.0,0.5,none,True,True
67779,1.0,0.0,0.5,none,True,True
67780,1.0,0.0,0.5,none,True,True
67781,1.0,0.0,0.5,none,True,True
67782,1.0,0.0,0.5,none,True,True
67783,1.0,0.0,0.5,none,True,True
67784,1.0,0.0,0.5,none,True,True
67785,1.0,0.0,0.5,none,True,True
67786,1.0,0.0,0.5,none,True,True
67787,1.0,0.0,0.5,none,True,True
67788,1.0,0.0,0.5,none,True,True
67789,1.0,0.0,0.5,none,True,True
67790,1.0,0.0,0.5,none,True,True
67791,1.0,0.0,0.5,none,True,True
67792,1.0,0.0,0.5,none,True,True
67793,1.0,0.0,0.5,none,True,True
67794,1.0,0.0,0.5,none,True,True
67795,1.0,0.0,0.5,none,True,True
67796,1.0,0.0,0.5,none,True,True
67797,1.0,0.0,0.5,none,True,True
67798,1.0,0.0,0.5,none,True,True
67799,1.0,0.0,0.5,none,True,True
67800,1.0,0.0,0.5,none,True,True
67801,1.0,0.0,0.5,none,True,True
67802,1.0,0.0,0.5,none,True,True
67803,1.0,0.0,0.5,none,True,True
67804,1.0,0.0,0.5,none,True,True
67805,1.0,0.0,0.5,none,True,True
67806,1.0,0.0,0.5,none,True,True
67807,1.0,0.0,0.5,none,True,True
67808,1.0,0.0,0.5,none,True,True
67809,1.0,0.0,0.5,none,True,True
67810,1.0,0.0,0.5,none,True,True
67811,1.0,0.0,0.5,none,True,True
67812,1.0,0.0,0.5,none,True,True
67813,1.0,0.0,0.5,none,True,True
67814,1.0,0.0,0.5,none,True,True
67815,1.0,0.0,0.5,none,True,True
67816,1.0,0.0,0.5,none,True,True
67817,1.0,0.0,0.5,none,True,True
67818,1.0,0.0,0.5,none,True,True
67819,1.0,0.0,0.5,none,True,True
67820,1.0,0.0,0.5,none,True,True
67821,1.0,0.0,0.5,none,True,True
67822,1.0,0.0,0.5,none,True,True
67823,1.0,0.0,0.5,none,True,True
67824,1.0,0.0,0.5,none,True,True
67825,1.0,0.0,0.5,none,True,True
67826,1.0,0.0,0.5,none,True,True
67827,1.0,0.0,0.5,none,True,True
67828,1.0,0.0,0.5,none,True,True
67829,1.0,0.0,0.5,none,True,True
67830,1.0,0.0,0.5,none,True,True
67831,1.0,0.0,0.5,none,True,True
67832,1.0,0.0,0.5,none,True,True
67833,1.0,0.0,0.5,none,True,True
67834,1.0,0.0,0.5,none,True,True
67835,1.0,0.0,0.5,none,True,True
67836,1.0,0.0,0.5,none,True,True
67837,1.0,0.0,0.5,none,True,True
67838,1.0,0.0,0.5,none,True,True
67839,1.0,0.0,0.5,none,True,True
67840,1.0,0.0,0.5,none,True,True
67841,1.0,0.0,0.5,none,True,True
67842,1.0,0.0,0.5,none,True,True
67843,1.0,0.0,0.5,none,True,True
67844,1.0,0.0,0.5,none,True,True
67845,1.0,0.0,0.5,none,True,True
67846,1.0,0.0,0.5,none,True,True
67847,1.0,0.0,0.5,none,True,True
67848,1.0,0.0,0.5,none,True,True
67849,1.0,0.0,0.5,none,True,True
67850,1.0,0.0,0.5,none,True,True
67851,1.0,0.0,0.5,none,True,True
67852,1.0,0.0,0.5,none,True,True
67853,1.0,0.0,0.5,none,True,True
67854,1.0,0.0,0.5,none,True,True
67855,1.0,0.0,0.5,none,True,True
67856,1.0,0.0,0.5,none,True,True
67857,1.0,0.0,0.5,none,True,True
67858,1.0,0.0,0.5,none,True,True
67859,1.0,0.0,0.5,none,True,True
67860,1.0,0.0,0.5,none,True,True
67861,1.0,0.0,0.5,none,True,True
67862,1.0,0.0,0.5,none,True,True
67863,1.0,0.0,0.5,none,True,True
67864,1.0,0.0,0.5,none,True,True
67865,1.0,0.0,0.5,none,True,True
67866,1.0,0.0,0.5,none,True,True
67867,1.0,0.0,0.5,none,True,True
67868,1.0,0.0,0.5,none,True,True
67869,1.0,0.0,0.5,none,True,True
67870,1.0,0.0,0.5,none,True,True
67871,1.0,0.0,0.5,none,True,True
67872,1.0,0.0,0.5,none,True,True
67873,1.0,0.0,0.5,none,True,True
67874,1.0,0.0,0.5,none,True,True
67875,1.0,0.0,0.5,none,True,True
67876,1.0,0.0,0.5,none,True,True
67877,1.0,0.0,0.5,none,True,True
67878,1.0,0.0,0.5,none,True,True
67879,1.0,0.0,0.5,none,True,True
67880,1.0,0.0,0.5,none,True,True
67881,1.0,0.0,0.5,none,True,True
67882,1.0,0.0,0.5,none,True,True
67883,1.0,0.0,0.5,none,True,True
67884,1.0,0.0,0.5,none,True,True
67885,1.0,0.0,0.5,none,True,True
67886,1.0,0.0,0.5,none,True,True
67887,1.0,0.0,0.5,none,True,True
67888,1.0,0.0,0.5,none,True,True
67889,1.0,0.0,0.5,none,True,True
67890,1.0,0.0,0.5,none,True,True
67891,1.0,0.0,0.5,none,True,True
67892,1.0,0.0,0.5,none,True,True
67893,1.0,0.0,0.5,none,True,True
67894,1.0,0.0,0.5,none,True,True
67895,1.0,0.0,0.5,none,True,True
67896,1.0,0.0,0.5,none,True,True
67897,1.0,0.0,0.5,none,True,True
67898,1.0,0.0,0.5,none,True,True
67899,1.0,0.0,0.5,none,True,True
67900,1.0,0.0061,0.5,none,True,True
67901,1.0,0.0357,0.5,none,True,True
67902,1.0,0.0812,0.5,none,True,True
67903,1.0,0.1113,0.5,none,True,True
67904,1.0,0.1253,0.5,none,True,True
67905,1.0,0.1408,0.5,none,True,True
67906,1.0,0.0907,0.5,none,True,True
67907,1.0,0.1198,0.5,none,True,True
67908,1.0,0.0467,0.5,none,True,True
67909,1.0,0.0522,0.5,none,True,True
67910,1.0,0.0405,0.5,none,True,True
67911,1.0,0.0313,0.5,none,True,True
67912,1.0,0.0083,0.5,none,True,True
67913,1.0,0.0726,0.5,none,True,True
67914,1.0,0.0793,0.5,none,True,True
67915,1.0,0.0581,0.5,none,True,True
67916,1.0,0.0955,0.5,none,True,True
67917,1.0,0.0839,0.5,none,True,True
67918,1.0,0.0648,0.5,none,True,True
67919,1.0,0.0718,0.5,none,True,True
67920,1.0,0.0589,0.5,none,True,True
67921,1.0,0.0403,0.5,none,True,True
67922,1.0,0.0327,0.5,none,True,True
67923,1.0,0.0277,0.5,none,True,True
67924,1.0,0.017,0.5,none,True,True
67925,1.0,0.0102,0.5,none,True,True
67926,1.0,0.0099,0.5,none,True,True
67927,1.0,0.008,0.5,none,True,True
67928,1.0,0.005,0.5,none,True,True
67929,1.0,0.0063,0.5,none,True,True
67930,1.0,0.009,0.5,none,True,True
67931,1.0,0.0096,0.5,none,True,True
67932,1.0,0.0108,0.5,none,True,True
67933,1.0,0.014,0.5,none,True,True
67934,1.0,0.0161,0.5,none,True,True
67935,1.0,0.0167,0.5,none,True,True
67936,1.0,0.0182,0.5,none,True,True
67937,1.0,0.0196,0.5,none,True,True
67938,1.0,0.0197,0.5,none,True,True
67939,1.0,0.0193,0.5,none,True,True
67940,1.0,0.0193,0.5,none,True,True
67941,1.0,0.0187,0.5,none,True,True
67942,1.0,0.0174,0.5,none,True,True
67943,1.0,0.0163,0.5,none,True,True
67944,1.0,0.0152,0.5,none,True,True
67945,1.0,0.0138,0.5,none,True,True
67946,1.0,0.0123,0.5,none,True,True
67947,1.0,0.0111,0.5,none,True,True
67948,1.0,0.01,0.5,none,True,True
67949,1.0,0.0088,0.5,none,True,True
67950,1.0,0.0078,0.5,none,True,True
67951,1.0,0.0071,0.5,none,True,True
67952,1.0,0.0064,0.5,none,True,True
67953,1.0,0.0057,0.5,none,True,True
67954,1.0,0.0053,0.5,none,True,True
67955,1.0,0.005,0.5,none,True,True
67956,1.0,0.0047,0.5,none,True,True
67957,1.0,0.0045,0.5,none,True,True
67958,1.0,0.0044,0.5,none,True,True
67959,1.0,0.0043,0.5,none,True,True
67960,1.0,0.0042,0.5,none,True,True
67961,1.0,0.0041,0.5,none,True,True
67962,1.0,0.004,0.5,none,True,True
67963,1.0,0.0039,0.5,none,True,True
67964,1.0,0.0038,0.5,none,True,True
67965,1.0,0.0037,0.5,none,True,True
67966,1.0,0.0035,0.5,none,True,True
67967,1.0,0.0033,0.5,none,True,True
67968,1.0,0.0032,0.5,none,True,True
67969,1.0,0.003,0.5,none,True,True
67970,1.0,0.0028,0.5,none,True,True
67971,1.0,0.0026,0.5,none,True,True
67972,1.0,0.0024,0.5,none,True,True
67973,1.0,0.0023,0.5,none,True,True
67974,1.0,0.0021,0.5,none,True,True
67975,1.0,0.0019,0.5,none,True,True
67976,1.0,0.0018,0.5,none,True,True
67977,1.0,0.0017,0.5,none,True,True
67978,1.0,0.0015,0.5,none,True,True
67979,1.0,0.0014,0.5,none,True,True
67980,1.0,0.0013,0.5,none,True,True
67981,1.0,0.0013,0.5,none,True,True
67982,1.0,0.0012,0.5,none,True,True
67983,1.0,0.0011,0.5,none,True,True
67984,1.0,0.0011,0.5,none,True,True
67985,1.0,0.001,0.5,none,True,True
67986,1.0,0.001,0.5,none,True,True
67987,1.0,0.0009,0.5,none,True,True
67988,1.0,0.0009,0.5,none,True,True
67989,1.0,0.0008,0.5,none,True,True
67990,1.0,0.0008,0.5,none,True,True
67991,1.0,0.0008,0.5,none,True,True
67992,1.0,0.0007,0.5,none,True,True
67993,1.0,0.0007,0.5,none,True,True
67994,1.0,0.0006,0.5,none,True,True
67995,1.0,0.0006,0.5,none,True,True
67996,1.0,0.0006,0.5,none,True,True
67997,1.0,0.0005,0.5,none,True,True
67998,1.0,0.0005,0.5,none,True,True
67999,1.0,0.0005,0.5,none,True,True
68000,1.0,0.0004,0.5,none,True,True
68001,1.0,0.0004,0.5,none,True,True
68002,1.0,0.0004,0.5,none,True,True
68003,1.0,0.0004,0.5,none,True,True
68004,1.0,0.0003,0.5,none,True,True
68005,1.0,0.0003,0.5,none,True,True
68006,1.0,0.0003,0.5,none,True,True
68007,1.0,0.0003,0.5,none,True,True
68008,1.0,0.0003,0.5,none,True,True
68009,1.0,0.0003,0.5,none,True,True
68010,1.0,0.0002,0.5,none,True,True
68011,1.0,0.0002,0.5,none,True,True
68012,1.0,0.0002,0.5,none,True,True
68013,1.0,0.0002,0.5,none,True,True
68014,1.0,0.0002,0.5,none,True,True
68015,1.0,0.0002,0.5,none,True,True
68016,1.0,0.0002,0.5,none,True,True
68017,1.0,0.0002,0.5,none,True,True
68018,1.0,0.0002,0.5,none,True,True
68019,1.0,0.0001,0.5,none,True,True
68020,1.0,0.0001,0.5,none,True,True
68021,1.0,0.0001,0.5,none,True,True
68022,1.0,0.0001,0.5,none,True,True
68023,1.0,0.0001,0.5,none,True,True
68024,1.0,0.0001,0.5,none,True,True
68025,1.0,0.0001,0.5,none,True,True
68026,1.0,0.0001,0.5,none,True,True
68027,1.0,0.0001,0.5,none,True,True
68028,1.0,0.0001,0.5,none,True,True
68029,1.0,0.0001,0.5,none,True,True
68030,1.0,0.0001,0.5,none,True,True
68031,1.0,0.0001,0.5,none,True,True
68032,1.0,0.0001,0.5,none,True,True
68033,1.0,0.0001,0.5,none,True,True
68034,1.0,0.0001,0.5,none,True,True
68035,1.0,0.0001,0.5,none,True,True
68036,1.0,0.0001,0.5,none,True,True
68037,1.0,0.0,0.5,none,True,True
68038,1.0,0.0,0.5,none,True,True
68039,1.0,0.0,0.5,none,True,True
68040,1.0,0.0,0.5,none,True,True
68041,1.0,0.0,0.5,none,True,True
68042,1.0,0.0,0.5,none,True,True
68043,1.0,0.0,0.5,none,True,True
68044,1.0,0.0,0.5,none,True,True
68045,1.0,0.0,0.5,none,True,True
68046,1.0,0.0,0.5,none,True,True
68047,1.0,0.0,0.5,none,True,True
68048,1.0,0.0,0.5,none,True,True
68049,1.0,0.0,0.5,none,True,True
68050,1.0,0.0,0.5,none,True,True
68051,1.0,0.0,0.5,none,True,True
68052,1.0,0.0,0.5,none,True,True
68053,1.0,0.0,0.5,none,True,True
68054,1.0,0.0,0.5,none,True,True
68055,1.0,0.0,0.5,none,True,True
68056,1.0,0.0,0.5,none,True,True
68057,1.0,0.0,0.5,none,True,True
68058,1.0,0.0,0.5,none,True,True
68059,1.0,0.0,0.5,none,True,True
68060,1.0,0.0,0.5,none,True,True
68061,1.0,0.0,0.5,none,True,True
68062,1.0,0.0,0.5,none,True,True
68063,1.0,0.0,0.5,none,True,True
68064,1.0,0.0,0.5,none,True,True
68065,1.0,0.0,0.5,none,True,True
68066,1.0,0.0,0.5,none,True,True
68067,1.0,0.0,0.5,none,True,True
68068,1.0,0.0,0.5,none,True,True
68069,1.0,0.0,0.5,none,True,True
68070,1.0,0.0,0.5,none,True,True
68071,1.0,0.0,0.5,none,True,True
68072,1.0,0.0,0.5,none,True,True
68073,1.0,0.0,0.5,none,True,True
68074,1.0,0.0,0.5,none,True,True
68075,1.0,0.0,0.5,none,True,True
68076,1.0,0.0,0.5,none,True,True
68077,1.0,0.0,0.5,none,True,True
68078,1.0,0.0,0.5,none,True,True
68079,1.0,0.0,0.5,none,True,True
68080,1.0,0.0,0.5,none,True,True
68081,1.0,0.0,0.5,none,True,True
68082,1.0,0.0,0.5,none,True,True
68083,1.0,0.0,0.5,none,True,True
68084,1.0,0.0,0.5,none,True,True
68085,1.0,0.0,0.5,none,True,True
68086,1.0,0.0,0.5,none,True,True
68087,1.0,0.0,0.5,none,True,True
68088,1.0,0.0,0.5,none,True,True
68089,1.0,0.0,0.5,none,True,True
68090,1.0,0.0,0.5,none,True,True
68091,1.0,0.0,0.5,none,True,True
68092,1.0,0.0,0.5,none,True,True
68093,1.0,0.0,0.5,none,True,True
68094,1.0,0.0,0.5,none,True,True
68095,1.0,0.0,0.5,none,True,True
68096,1.0,0.0,0.5,none,True,True
68097,1.0,0.0,0.5,none,True,True
68098,1.0,0.0,0.5,none,True,True
68099,1.0,0.0,0.5,none,True,True
68100,1.0,0.0,0.5,none,True,True
68101,1.0,0.0,0.5,none,True,True
68102,1.0,0.0,0.5,none,True,True
68103,1.0,0.0,0.5,none,True,True
68104,1.0,0.0,0.5,none,True,True
68105,1.0,0.0,0.5,none,True,True
68106,1.0,0.0,0.5,none,True,True
68107,1.0,0.0,0.5,none,True,True
68108,1.0,0.0,0.5,none,True,True
68109,1.0,0.0,0.5,none,True,True
68110,1.0,0.0,0.5,none,True,True
68111,1.0,0.0,0.5,none,True,True
68112,1.0,0.0,0.5,none,True,True
68113,1.0,0.0,0.5,none,True,True
68114,1.0,0.0,0.5,none,True,True
68115,1.0,0.0,0.5,none,True,True
68116,1.0,0.0,0.5,none,True,True
68117,1.0,0.0,0.5,none,True,True
68118,1.0,0.0,0.5,none,True,True
68119,1.0,0.0,0.5,none,True,True
68120,1.0,0.0,0.5,none,True,True
68121,1.0,0.0,0.5,none,True,True
68122,1.0,0.0,0.5,none,True,True
68123,1.0,0.0,0.5,none,True,True
68124,1.0,0.0,0.5,none,True,True
68125,1.0,0.0,0.5,none,True,True
68126,1.0,0.0,0.5,none,True,True
68127,1.0,0.0,0.5,none,True,True
68128,1.0,0.0,0.5,none,True,True
68129,1.0,0.0,0.5,none,True,True
68130,1.0,0.0,0.5,none,True,True
68131,1.0,0.0,0.5,none,True,True
68132,1.0,0.0,0.5,none,True,True
68133,1.0,0.0,0.5,none,True,True
68134,1.0,0.0,0.5,none,True,True
68135,1.0,0.0,0.5,none,True,True
68136,1.0,0.0,0.5,none,True,True
68137,1.0,0.0,0.5,none,True,True
68138,1.0,0.0,0.5,none,True,True
68139,1.0,0.0,0.5,none,True,True
68140,1.0,0.0,0.5,none,True,True
68141,1.0,0.0,0.5,none,True,True
68142,1.0,0.0,0.5,none,True,True
68143,1.0,0.0,0.5,none,True,True
68144,1.0,0.0,0.5,none,True,True
68145,1.0,0.0,0.5,none,True,True
68146,1.0,0.0,0.5,none,True,True
68147,1.0,0.0,0.5,none,True,True
68148,1.0,0.0,0.5,none,True,True
68149,1.0,0.0,0.5,none,True,True
68150,1.0,0.0,0.5,none,True,True
68151,1.0,0.0,0.5,none,True,True
68152,1.0,0.0,0.5,none,True,True
68153,1.0,0.0,0.5,none,True,True
68154,1.0,0.0,0.5,none,True,True
68155,1.0,0.0,0.5,none,True,True
68156,1.0,0.0,0.5,none,True,True
68157,1.0,0.0,0.5,none,True,True
68158,1.0,0.0,0.5,none,True,True
68159,1.0,0.0,0.5,none,True,True
68160,1.0,0.0,0.5,none,True,True
68161,1.0,0.0,0.5,none,True,True
68162,1.0,0.0,0.5,none,True,True
68163,1.0,0.0,0.5,none,True,True
68164,1.0,0.0,0.5,none,True,True
68165,1.0,0.0,0.5,none,True,True
68166,1.0,0.0,0.5,none,True,True
68167,1.0,0.0,0.5,none,True,True
68168,1.0,0.0,0.5,none,True,True
68169,1.0,0.0,0.5,none,True,True
68170,1.0,0.0,0.5,none,True,True
68171,1.0,0.0,0.5,none,True,True
68172,1.0,0.0,0.5,none,True,True
68173,1.0,0.0,0.5,none,True,True
68174,1.0,0.0,0.5,none,True,True
68175,1.0,0.0,0.5,none,True,True
68176,1.0,0.0,0.5,none,True,True
68177,1.0,0.0,0.5,none,True,True
68178,1.0,0.0,0.5,none,True,True
68179,1.0,0.0,0.5,none,True,True
68180,1.0,0.0,0.5,none,True,True
68181,1.0,0.0,0.5,none,True,True
68182,1.0,0.0,0.5,none,True,True
68183,1.0,0.0,0.5,none,True,True
68184,1.0,0.0,0.5,none,True,True
68185,1.0,0.0,0.5,none,True,True
68186,1.0,0.0,0.5,none,True,True
68187,1.0,0.0,0.5,none,True,True
68188,1.0,0.0,0.5,none,True,True
68189,1.0,0.0,0.5,none,True,True
68190,1.0,0.0,0.5,none,True,True
68191,1.0,0.0,0.5,none,True,True
68192,1.0,0.0,0.5,none,True,True
68193,1.0,0.0,0.5,none,True,True
68194,1.0,0.0,0.5,none,True,True
68195,1.0,0.0,0.5,none,True,True
68196,1.0,0.0,0.5,none,True,True
68197,1.0,0.0,0.5,none,True,True
68198,1.0,0.0,0.5,none,True,True
68199,1.0,0.0,0.5,none,True,True
68200,1.0,0.0,0.5,none,True,True
68201,1.0,0.0,0.5,none,True,True
68202,1.0,0.0,0.5,none,True,True
68203,1.0,0.0,0.5,none,True,True
68204,1.0,0.0,0.5,none,True,True
68205,1.0,0.0,0.5,none,True,True
68206,1.0,0.0,0.5,none,True,True
68207,1.0,0.0,0.5,none,True,True
68208,1.0,0.0,0.5,none,True,True
68209,1.0,0.0,0.5,none,True,True
68210,1.0,0.0,0.5,none,True,True
68211,1.0,0.0,0.5,none,True,True
68212,1.0,0.0,0.5,none,True,True
68213,1.0,0.0,0.5,none,True,True
68214,1.0,0.0,0.5,none,True,True
68215,1.0,0.0,0.5,none,True,True
68216,1.0,0.0,0.5,none,True,True
68217,1.0,0.0,0.5,none,True,True
68218,1.0,0.0,0.5,none,True,True
68219,1.0,0.0,0.5,none,True,True
68220,1.0,0.0,0.5,none,True,True
68221,1.0,0.0,0.5,none,True,True
68222,1.0,0.0,0.5,none,True,True
68223,1.0,0.0,0.5,none,True,True
68224,1.0,0.0,0.5,none,True,True
68225,1.0,0.0,0.5,none,True,True
68226,1.0,0.0,0.5,none,True,True
68227,1.0,0.0,0.5,none,True,True
68228,1.0,0.0,0.5,none,True,True
68229,1.0,0.0,0.5,none,True,True
68230,1.0,0.0,0.5,none,True,True
68231,1.0,0.0,0.5,none,True,True
68232,1.0,0.0,0.5,none,True,True
68233,1.0,0.0,0.5,none,True,True
68234,1.0,0.0,0.5,none,True,True
68235,1.0,0.0,0.5,none,True,True
68236,1.0,0.0,0.5,none,True,True
68237,1.0,0.0,0.5,none,True,True
68238,1.0,0.0,0.5,none,True,True
68239,1.0,0.0,0.5,none,True,True
68240,1.0,0.0,0.5,none,True,True
68241,1.0,0.0,0.5,none,True,True
68242,1.0,0.0,0.5,none,True,True
68243,1.0,0.0,0.5,none,True,True
68244,1.0,0.0,0.5,none,True,True
68245,1.0,0.0,0.5,none,True,True
68246,1.0,0.0,0.5,none,True,True
68247,1.0,0.0,0.5,none,True,True
68248,1.0,0.0,0.5,none,True,True
68249,1.0,0.0,0.5,none,True,True
68250,1.0,0.0,0.5,none,True,True
68251,1.0,0.0,0.5,none,True,True
68252,1.0,0.0,0.5,none,True,True
68253,1.0,0.0,0.5,none,True,True
68254,1.0,0.0,0.5,none,True,True
68255,1.0,0.0,0.5,none,True,True
68256,1.0,0.0,0.5,none,True,True
68257,1.0,0.0,0.5,none,True,True
68258,1.0,0.0,0.5,none,True,True
68259,1.0,0.0,0.5,none,True,True
68260,1.0,0.0,0.5,none,True,True
68261,1.0,0.0,0.5,none,True,True
68262,1.0,0.0,0.5,none,True,True
68263,1.0,0.0,0.5,none,True,True
68264,1.0,0.0,0.5,none,True,True
68265,1.0,0.0,0.5,none,True,True
68266,1.0,0.0,0.5,none,True,True
68267,1.0,0.0,0.5,none,True,True
68268,1.0,0.0,0.5,none,True,True
68269,1.0,0.0,0.5,none,True,True
68270,1.0,0.0,0.5,none,True,True
68271,1.0,0.0,0.5,none,True,True
68272,1.0,0.0,0.5,none,True,True
68273,1.0,0.0,0.5,none,True,True
68274,1.0,0.0,0.5,none,True,True
68275,1.0,0.0,0.5,none,True,True
68276,1.0,0.0,0.5,none,True,True
68277,1.0,0.0,0.5,none,True,True
68278,1.0,0.0,0.5,none,True,True
68279,1.0,0.0,0.5,none,True,True
68280,1.0,0.0,0.5,none,True,True
68281,1.0,0.0,0.5,none,True,True
68282,1.0,0.0,0.5,none,True,True
68283,1.0,0.0,0.5,none,True,True
68284,1.0,0.0,0.5,none,True,True
68285,1.0,0.0,0.5,none,True,True
68286,1.0,0.0,0.5,none,True,True
68287,1.0,0.0,0.5,none,True,True
68288,1.0,0.0,0.5,none,True,True
68289,1.0,0.0,0.5,none,True,True
68290,1.0,0.0,0.5,none,True,True
68291,1.0,0.0,0.5,none,True,True
68292,1.0,0.0,0.5,none,True,True
68293,1.0,0.0,0.5,none,True,True
68294,1.0,0.0,0.5,none,True,True
68295,1.0,0.0,0.5,none,True,True
68296,1.0,0.0,0.5,none,True,True
68297,1.0,0.0,0.5,none,True,True
68298,1.0,0.0,0.5,none,True,True
68299,1.0,0.0,0.5,none,True,True
68300,1.0,0.0,0.5,none,True,True
68301,1.0,0.0,0.5,none,True,True
68302,1.0,0.0,0.5,none,True,True
68303,1.0,0.0,0.5,none,True,True
68304,1.0,0.0,0.5,none,True,True
68305,1.0,0.0,0.5,none,True,True
68306,1.0,0.0,0.5,none,True,True
68307,1.0,0.0,0.5,none,True,True
68308,1.0,0.0,0.5,none,True,True
68309,1.0,0.0,0.5,none,True,True
68310,1.0,0.0,0.5,none,True,True
68311,1.0,0.0,0.5,none,True,True
68312,1.0,0.0,0.5,none,True,True
68313,1.0,0.0,0.5,none,True,True
68314,1.0,0.0,0.5,none,True,True
68315,1.0,0.0,0.5,none,True,True
68316,1.0,0.0,0.5,none,True,True
68317,1.0,0.0,0.5,none,True,True
68318,1.0,0.0,0.5,none,True,True
68319,1.0,0.0,0.5,none,True,True
68320,1.0,0.0,0.5,none,True,True
68321,1.0,0.0,0.5,none,True,True
68322,1.0,0.0,0.5,none,True,True
68323,1.0,0.0,0.5,none,True,True
68324,1.0,0.0,0.5,none,True,True
68325,1.0,0.0,0.5,none,True,True
68326,1.0,0.0,0.5,none,True,True
68327,1.0,0.0,0.5,none,True,True
68328,1.0,0.0,0.5,none,True,True
68329,1.0,0.0,0.5,none,True,True
68330,1.0,0.0,0.5,none,True,True
68331,1.0,0.0,0.5,none,True,True
68332,1.0,0.0,0.5,none,True,True
68333,1.0,0.0,0.5,none,True,True
68334,1.0,0.0,0.5,none,True,True
68335,1.0,0.0,0.5,none,True,True
68336,1.0,0.0,0.5,none,True,True
68337,1.0,0.0,0.5,none,True,True
68338,1.0,0.0,0.5,none,True,True
68339,1.0,0.0,0.5,none,True,True
68340,1.0,0.0,0.5,none,True,True
68341,1.0,0.0,0.5,none,True,True
68342,1.0,0.0,0.5,none,True,True
68343,1.0,0.0,0.5,none,True,True
68344,1.0,0.0,0.5,none,True,True
68345,1.0,0.0,0.5,none,True,True
68346,1.0,0.0,0.5,none,True,True
68347,1.0,0.0,0.5,none,True,True
68348,1.0,0.0,0.5,none,True,True
68349,1.0,0.0,0.5,none,True,True
68350,1.0,0.0,0.5,none,True,True
68351,1.0,0.0,0.5,none,True,True
68352,1.0,0.0,0.5,none,True,True
68353,1.0,0.0,0.5,none,True,True
68354,1.0,0.0,0.5,none,True,True
68355,1.0,0.0,0.5,none,True,True
68356,1.0,0.0,0.5,none,True,True
68357,1.0,0.0,0.5,none,True,True
68358,1.0,0.0,0.5,none,True,True
68359,1.0,0.0,0.5,none,True,True
68360,1.0,0.0,0.5,none,True,True
68361,1.0,0.0,0.5,none,True,True
68362,1.0,0.0,0.5,none,True,True
68363,1.0,0.0,0.5,none,True,True
68364,1.0,0.0,0.5,none,True,True
68365,1.0,0.0,0.5,none,True,True
68366,1.0,0.0,0.5,none,True,True
68367,1.0,0.0,0.5,none,True,True
68368,1.0,0.0,0.5,none,True,True
68369,1.0,0.0,0.5,none,True,True
68370,1.0,0.0,0.5,none,True,True
68371,1.0,0.0,0.5,none,True,True
68372,1.0,0.0,0.5,none,True,True
68373,1.0,0.0,0.5,none,True,True
68374,1.0,0.0,0.5,none,True,True
68375,1.0,0.0,0.5,none,True,True
68376,1.0,0.0,0.5,none,True,True
68377,1.0,0.0,0.5,none,True,True
68378,1.0,0.0,0.5,none,True,True
68379,1.0,0.0,0.5,none,True,True
68380,1.0,0.0,0.5,none,True,True
68381,1.0,0.0,0.5,none,True,True
68382,1.0,0.0,0.5,none,True,True
68383,1.0,0.0,0.5,none,True,True
68384,1.0,0.0,0.5,none,True,True
68385,1.0,0.0,0.5,none,True,True
68386,1.0,0.0,0.5,none,True,True
68387,1.0,0.0,0.5,none,True,True
68388,1.0,0.0,0.5,none,True,True
68389,1.0,0.0,0.5,none,True,True
68390,1.0,0.0,0.5,none,True,True
68391,1.0,0.0,0.5,none,True,True
68392,1.0,0.0,0.5,none,True,True
68393,1.0,0.0,0.5,none,True,True
68394,1.0,0.0,0.5,none,True,True
68395,1.0,0.0,0.5,none,True,True
68396,1.0,0.0,0.5,none,True,True
68397,1.0,0.0,0.5,none,True,True
68398,1.0,0.0,0.5,none,True,True
68399,1.0,0.0,0.5,none,True,True
68400,1.0,0.0,0.5,none,True,True
68401,1.0,0.0,0.5,none,True,True
68402,1.0,0.0,0.5,none,True,True
68403,1.0,0.0,0.5,none,True,True
68404,1.0,0.0,0.5,none,True,True
68405,1.0,0.0,0.5,none,True,True
68406,1.0,0.0,0.5,none,True,True
68407,1.0,0.0,0.5,none,True,True
68408,1.0,0.0,0.5,none,True,True
68409,1.0,0.0,0.5,none,True,True
68410,1.0,0.0,0.5,none,True,True
68411,1.0,0.0,0.5,none,True,True
68412,1.0,0.0,0.5,none,True,True
68413,1.0,0.0,0.5,none,True,True
68414,1.0,0.0,0.5,none,True,True
68415,1.0,0.0,0.5,none,True,True
68416,1.0,0.0,0.5,none,True,True
68417,1.0,0.0,0.5,none,True,True
68418,1.0,0.0,0.5,none,True,True
68419,1.0,0.0,0.5,none,True,True
68420,1.0,0.0,0.5,none,True,True
68421,1.0,0.0,0.5,none,True,True
68422,1.0,0.0,0.5,none,True,True
68423,1.0,0.0,0.5,none,True,True
68424,1.0,0.0,0.5,none,True,True
68425,1.0,0.0,0.5,none,True,True
68426,1.0,0.0,0.5,none,True,True
68427,1.0,0.0,0.5,none,True,True
68428,1.0,0.0,0.5,none,True,True
68429,1.0,0.0,0.5,none,True,True
68430,1.0,0.0,0.5,none,True,True
68431,1.0,0.0,0.5,none,True,True
68432,1.0,0.0,0.5,none,True,True
68433,1.0,0.0,0.5,none,True,True
68434,1.0,0.0,0.5,none,True,True
68435,1.0,0.0,0.5,none,True,True
68436,1.0,0.0,0.5,none,True,True
68437,1.0,0.0,0.5,none,True,True
68438,1.0,0.0,0.5,none,True,True
68439,1.0,0.0,0.5,none,True,True
68440,1.0,0.0,0.5,none,True,True
68441,1.0,0.0,0.5,none,True,True
68442,1.0,0.0,0.5,none,True,True
68443,1.0,0.0,0.5,none,True,True
68444,1.0,0.0,0.5,none,True,True
68445,1.0,0.0,0.5,none,True,True
68446,1.0,0.0,0.5,none,True,True
68447,1.0,0.0,0.5,none,True,True
68448,1.0,0.0,0.5,none,True,True
68449,1.0,0.0,0.5,none,True,True
68450,1.0,0.0,0.5,none,True,True
68451,1.0,0.0,0.5,none,True,True
68452,1.0,0.0,0.5,none,True,True
68453,1.0,0.0,0.5,none,True,True
68454,1.0,0.0,0.5,none,True,True
68455,1.0,0.0,0.5,none,True,True
68456,1.0,0.0,0.5,none,True,True
68457,1.0,0.0,0.5,none,True,True
68458,1.0,0.0,0.5,none,True,True
68459,1.0,0.0,0.5,none,True,True
68460,1.0,0.0,0.5,none,True,True
68461,1.0,0.0,0.5,none,True,True
68462,1.0,0.0,0.5,none,True,True
68463,1.0,0.0,0.5,none,True,True
68464,1.0,0.0,0.5,none,True,True
68465,1.0,0.0,0.5,none,True,True
68466,1.0,0.0,0.5,none,True,True
68467,1.0,0.0,0.5,none,True,True
68468,1.0,0.0,0.5,none,True,True
68469,1.0,0.0,0.5,none,True,True
68470,1.0,0.0,0.5,none,True,True
68471,1.0,0.0,0.5,none,True,True
68472,1.0,0.0,0.5,none,True,True
68473,1.0,0.0,0.5,none,True,True
68474,1.0,0.0,0.5,none,True,True
68475,1.0,0.0,0.5,none,True,True
68476,1.0,0.0,0.5,none,True,True
68477,1.0,0.0,0.5,none,True,True
68478,1.0,0.0,0.5,none,True,True
68479,1.0,0.0,0.5,none,True,True
68480,1.0,0.0,0.5,none,True,True
68481,1.0,0.0,0.5,none,True,True
68482,1.0,0.0,0.5,none,True,True
68483,1.0,0.0,0.5,none,True,True
68484,1.0,0.0,0.5,none,True,True
68485,1.0,0.0,0.5,none,True,True
68486,1.0,0.0,0.5,none,True,True
68487,1.0,0.0,0.5,none,True,True
68488,1.0,0.0,0.5,none,True,True
68489,1.0,0.0,0.5,none,True,True
68490,1.0,0.0,0.5,none,True,True
68491,1.0,0.0,0.5,none,True,True
68492,1.0,0.0,0.5,none,True,True
68493,1.0,0.0,0.5,none,True,True
68494,1.0,0.0,0.5,none,True,True
68495,1.0,0.0,0.5,none,True,True
68496,1.0,0.0,0.5,none,True,True
68497,1.0,0.0,0.5,none,True,True
68498,1.0,0.0,0.5,none,True,True
68499,1.0,0.0,0.5,none,True,True
68500,1.0,0.0,0.5,none,True,True
68501,1.0,0.0,0.5,none,True,True
68502,1.0,0.0,0.5,none,True,True
68503,1.0,0.0,0.5,none,True,True
68504,1.0,0.0,0.5,none,True,True
68505,1.0,0.0,0.5,none,True,True
68506,1.0,0.0,0.5,none,True,True
68507,1.0,0.0,0.5,none,True,True
68508,1.0,0.0,0.5,none,True,True
68509,1.0,0.0,0.5,none,True,True
68510,1.0,0.0,0.5,none,True,True
68511,1.0,0.0,0.5,none,True,True
68512,1.0,0.0,0.5,none,True,True
68513,1.0,0.0,0.5,none,True,True
68514,1.0,0.0,0.5,none,True,True
68515,1.0,0.0,0.5,none,True,True
68516,1.0,0.0,0.5,none,True,True
68517,1.0,0.0,0.5,none,True,True
68518,1.0,0.0,0.5,none,True,True
68519,1.0,0.0,0.5,none,True,True
68520,1.0,0.0,0.5,none,True,True
68521,1.0,0.0,0.5,none,True,True
68522,1.0,0.0,0.5,none,True,True
68523,1.0,0.0,0.5,none,True,True
68524,1.0,0.0,0.5,none,True,True
68525,1.0,0.0,0.5,none,True,True
68526,1.0,0.0,0.5,none,True,True
68527,1.0,0.0,0.5,none,True,True
68528,1.0,0.0,0.5,none,True,True
68529,1.0,0.0,0.5,none,True,True
68530,1.0,0.0,0.5,none,True,True
68531,1.0,0.0,0.5,none,True,True
68532,1.0,0.0,0.5,none,True,True
68533,1.0,0.0,0.5,none,True,True
68534,1.0,0.0,0.5,none,True,True
68535,1.0,0.0,0.5,none,True,True
68536,1.0,0.0,0.5,none,True,True
68537,1.0,0.0,0.5,none,True,True
68538,1.0,0.0,0.5,none,True,True
68539,1.0,0.0,0.5,none,True,True
68540,1.0,0.0,0.5,none,True,True
68541,1.0,0.0,0.5,none,True,True
68542,1.0,0.0,0.5,none,True,True
68543,1.0,0.0,0.5,none,True,True
68544,1.0,0.0,0.5,none,True,True
68545,1.0,0.0,0.5,none,True,True
68546,1.0,0.0,0.5,none,True,True
68547,1.0,0.0,0.5,none,True,True
68548,1.0,0.0,0.5,none,True,True
68549,1.0,0.0,0.5,none,True,True
68550,1.0,0.0,0.5,none,True,True
68551,1.0,0.0,0.5,none,True,True
68552,1.0,0.0,0.5,none,True,True
68553,1.0,0.0,0.5,none,True,True
68554,1.0,0.0,0.5,none,True,True
68555,1.0,0.0,0.5,none,True,True
68556,1.0,0.0,0.5,none,True,True
68557,1.0,0.0,0.5,none,True,True
68558,1.0,0.0,0.5,none,True,True
68559,1.0,0.0,0.5,none,True,True
68560,1.0,0.0,0.5,none,True,True
68561,1.0,0.0,0.5,none,True,True
68562,1.0,0.0,0.5,none,True,True
68563,1.0,0.0,0.5,none,True,True
68564,1.0,0.0,0.5,none,True,True
68565,1.0,0.0,0.5,none,True,True
68566,1.0,0.0,0.5,none,True,True
68567,1.0,0.0,0.5,none,True,True
68568,1.0,0.0,0.5,none,True,True
68569,1.0,0.0,0.5,none,True,True
68570,1.0,0.0,0.5,none,True,True
68571,1.0,0.0,0.5,none,True,True
68572,1.0,0.0,0.5,none,True,True
68573,1.0,0.0,0.5,none,True,True
68574,1.0,0.0,0.5,none,True,True
68575,1.0,0.0,0.5,none,True,True
68576,1.0,0.0,0.5,none,True,True
68577,1.0,0.0,0.5,none,True,True
68578,1.0,0.0,0.5,none,True,True
68579,1.0,0.0,0.5,none,True,True
68580,1.0,0.0,0.5,none,True,True
68581,1.0,0.0,0.5,none,True,True
68582,1.0,0.0,0.5,none,True,True
68583,1.0,0.0,0.5,none,True,True
68584,1.0,0.0,0.5,none,True,True
68585,1.0,0.0,0.5,none,True,True
68586,1.0,0.0,0.5,none,True,True
68587,1.0,0.0,0.5,none,True,True
68588,1.0,0.0,0.5,none,True,True
68589,1.0,0.0,0.5,none,True,True
68590,1.0,0.0,0.5,none,True,True
68591,1.0,0.0,0.5,none,True,True
68592,1.0,0.0,0.5,none,True,True
68593,1.0,0.0,0.5,none,True,True
68594,1.0,0.0,0.5,none,True,True
68595,1.0,0.0,0.5,none,True,True
68596,1.0,0.0,0.5,none,True,True
68597,1.0,0.0,0.5,none,True,True
68598,1.0,0.0,0.5,none,True,True
68599,1.0,0.0,0.5,none,True,True
68600,1.0,0.0061,0.5,none,True,True
68601,1.0,0.0357,0.5,none,True,True
68602,1.0,0.0812,0.5,none,True,True
68603,1.0,0.1113,0.5,none,True,True
68604,1.0,0.1253,0.5,none,True,True
68605,1.0,0.1408,0.5,none,True,True
68606,1.0,0.0907,0.5,none,True,True
68607,1.0,0.1198,0.5,none,True,True
68608,1.0,0.0467,0.5,none,True,True
68609,1.0,0.0522,0.5,none,True,True
68610,1.0,0.0405,0.5,none,True,True
68611,1.0,0.0313,0.5,none,True,True
68612,1.0,0.0083,0.5,none,True,True
68613,1.0,0.0726,0.5,none,True,True
68614,1.0,0.0793,0.5,none,True,True
68615,1.0,0.0581,0.5,none,True,True
68616,1.0,0.0955,0.5,none,True,True
68617,1.0,0.0839,0.5,none,True,True
68618,1.0,0.0648,0.5,none,True,True
68619,1.0,0.0718,0.5,none,True,True
68620,1.0,0.0589,0.5,none,True,True
68621,1.0,0.0403,0.5,none,True,True
68622,1.0,0.0327,0.5,none,True,True
68623,1.0,0.0277,0.5,none,True,True
68624,1.0,0.017,0.5,none,True,True
68625,1.0,0.0102,0.5,none,True,True
68626,1.0,0.0099,0.5,none,True,True
68627,1.0,0.008,0.5,none,True,True
68628,1.0,0.005,0.5,none,True,True
68629,1.0,0.0063,0.5,none,True,True
68630,1.0,0.009,0.5,none,True,True
68631,1.0,0.0096,0.5,none,True,True
68632,1.0,0.0108,0.5,none,True,True
68633,1.0,0.014,0.5,none,True,True
68634,1.0,0.0161,0.5,none,True,True
68635,1.0,0.0167,0.5,none,True,True
68636,1.0,0.0182,0.5,none,True,True
68637,1.0,0.0196,0.5,none,True,True
68638,1.0,0.0197,0.5,none,True,True
68639,1.0,0.0193,0.5,none,True,True
68640,1.0,0.0193,0.5,none,True,True
68641,1.0,0.0187,0.5,none,True,True
68642,1.0,0.0174,0.5,none,True,True
68643,1.0,0.0163,0.5,none,True,True
68644,1.0,0.0152,0.5,none,True,True
68645,1.0,0.0138,0.5,none,True,True
68646,1.0,0.0123,0.5,none,True,True
68647,1.0,0.0111,0.5,none,True,True
68648,1.0,0.01,0.5,none,True,True
68649,1.0,0.0088,0.5,none,True,True
68650,1.0,0.0078,0.5,none,True,True
68651,1.0,0.0071,0.5,none,True,True
68652,1.0,0.0064,0.5,none,True,True
68653,1.0,0.0057,0.5,none,True,True
68654,1.0,0.0053,0.5,none,True,True
68655,1.0,0.005,0.5,none,True,True
68656,1.0,0.0047,0.5,none,True,True
68657,1.0,0.0045,0.5,none,True,True
68658,1.0,0.0044,0.5,none,True,True
68659,1.0,0.0043,0.5,none,True,True
68660,1.0,0.0042,0.5,none,True,True
68661,1.0,0.0041,0.5,none,True,True
68662,1.0,0.004,0.5,none,True,True
68663,1.0,0.0039,0.5,none,True,True
68664,1.0,0.0038,0.5,none,True,True
68665,1.0,0.0037,0.5,none,True,True
68666,1.0,0.0035,0.5,none,True,True
68667,1.0,0.0033,0.5,none,True,True
68668,1.0,0.0032,0.5,none,True,True
68669,1.0,0.003,0.5,none,True,True
68670,1.0,0.0028,0.5,none,True,True
68671,1.0,0.0026,0.5,none,True,True
68672,1.0,0.0024,0.5,none,True,True
68673,1.0,0.0023,0.5,none,True,True
68674,1.0,0.0021,0.5,none,True,True
68675,1.0,0.0019,0.5,none,True,True
68676,1.0,0.0018,0.5,none,True,True
68677,1.0,0.0017,0.5,none,True,True
68678,1.0,0.0015,0.5,none,True,True
68679,1.0,0.0014,0.5,none,True,True
68680,1.0,0.0013,0.5,none,True,True
68681,1.0,0.0013,0.5,none,True,True
68682,1.0,0.0012,0.5,none,True,True
68683,1.0,0.0011,0.5,none,True,True
68684,1.0,0.0011,0.5,none,True,True
68685,1.0,0.001,0.5,none,True,True
68686,1.0,0.001,0.5,none,True,True
68687,1.0,0.0009,0.5,none,True,True
68688,1.0,0.0009,0.5,none,True,True
68689,1.0,0.0008,0.5,none,True,True
68690,1.0,0.0008,0.5,none,True,True
68691,1.0,0.0008,0.5,none,True,True
68692,1.0,0.0007,0.5,none,True,True
68693,1.0,0.0007,0.5,none,True,True
68694,1.0,0.0006,0.5,none,True,True
68695,1.0,0.0006,0.5,none,True,True
68696,1.0,0.0006,0.5,none,True,True
68697,1.0,0.0005,0.5,none,True,True
68698,1.0,0.0005,0.5,none,True,True
68699,1.0,0.0005,0.5,none,True,True
68700,1.0,0.0004,0.5,none,True,True
68701,1.0,0.0004,0.5,none,True,True
68702,1.0,0.0004,0.5,none,True,True
68703,1.0,0.0004,0.5,none,True,True
68704,1.0,0.0003,0.5,none,True,True
68705,1.0,0.0003,0.5,none,True,True
68706,1.0,0.0003,0.5,none,True,True
68707,1.0,0.0003,0.5,none,True,True
68708,1.0,0.0003,0.5,none,True,True
68709,1.0,0.0003,0.5,none,True,True
68710,1.0,0.0002,0.5,none,True,True
68711,1.0,0.0002,0.5,none,True,True
68712,1.0,0.0002,0.5,none,True,True
68713,1.0,0.0002,0.5,none,True,True
68714,1.0,0.0002,0.5,none,True,True
68715,1.0,0.0002,0.5,none,True,True
68716,1.0,0.0002,0.5,none,True,True
68717,1.0,0.0002,0.5,none,True,True
68718,1.0,0.0002,0.5,none,True,True
68719,1.0,0.0001,0.5,none,True,True
68720,1.0,0.0001,0.5,none,True,True
68721,1.0,0.0001,0.5,none,True,True
68722,1.0,0.0001,0.5,none,True,True
68723,1.0,0.0001,0.5,none,True,True
68724,1.0,0.0001,0.5,none,True,True
68725,1.0,0.0001,0.5,none,True,True
68726,1.0,0.0001,0.5,none,True,True
68727,1.0,0.0001,0.5,none,True,True
68728,1.0,0.0001,0.5,none,True,True
68729,1.0,0.0001,0.5,none,True,True
68730,1.0,0.0001,0.5,none,True,True
68731,1.0,0.0001,0.5,none,True,True
68732,1.0,0.0001,0.5,none,True,True
68733,1.0,0.0001,0.5,none,True,True
68734,1.0,0.0001,0.5,none,True,True
68735,1.0,0.0001,0.5,none,True,True
68736,1.0,0.0001,0.5,none,True,True
68737,1.0,0.0,0.5,none,True,True
68738,1.0,0.0,0.5,none,True,True
68739,1.0,0.0,0.5,none,True,True
68740,1.0,0.0,0.5,none,True,True
68741,1.0,0.0,0.5,none,True,True
68742,1.0,0.0,0.5,none,True,True
68743,1.0,0.0,0.5,none,True,True
68744,1.0,0.0,0.5,none,True,True
68745,1.0,0.0,0.5,none,True,True
68746,1.0,0.0,0.5,none,True,True
68747,1.0,0.0,0.5,none,True,True
68748,1.0,0.0,0.5,none,True,True
68749,1.0,0.0,0.5,none,True,True
68750,1.0,0.0,0.5,none,True,True
68751,1.0,0.0,0.5,none,True,True
68752,1.0,0.0,0.5,none,True,True
68753,1.0,0.0,0.5,none,True,True
68754,1.0,0.0,0.5,none,True,True
68755,1.0,0.0,0.5,none,True,True
68756,1.0,0.0,0.5,none,True,True
68757,1.0,0.0,0.5,none,True,True
68758,1.0,0.0,0.5,none,True,True
68759,1.0,0.0,0.5,none,True,True
68760,1.0,0.0,0.5,none,True,True
68761,1.0,0.0,0.5,none,True,True
68762,1.0,0.0,0.5,none,True,True
68763,1.0,0.0,0.5,none,True,True
68764,1.0,0.0,0.5,none,True,True
68765,1.0,0.0,0.5,none,True,True
68766,1.0,0.0,0.5,none,True,True
68767,1.0,0.0,0.5,none,True,True
68768,1.0,0.0,0.5,none,True,True
68769,1.0,0.0,0.5,none,True,True
68770,1.0,0.0,0.5,none,True,True
68771,1.0,0.0,0.5,none,True,True
68772,1.0,0.0,0.5,none,True,True
68773,1.0,0.0,0.5,none,True,True
68774,1.0,0.0,0.5,none,True,True
68775,1.0,0.0,0.5,none,True,True
68776,1.0,0.0,0.5,none,True,True
68777,1.0,0.0,0.5,none,True,True
68778,1.0,0.0,0.5,none,True,True
68779,1.0,0.0,0.5,none,True,True
68780,1.0,0.0,0.5,none,True,True
68781,1.0,0.0,0.5,none,True,True
68782,1.0,0.0,0.5,none,True,True
68783,1.0,0.0,0.5,none,True,True
68784,1.0,0.0,0.5,none,True,True
68785,1.0,0.0,0.5,none,True,True
68786,1.0,0.0,0.5,none,True,True
68787,1.0,0.0,0.5,none,True,True
68788,1.0,0.0,0.5,none,True,True
68789,1.0,0.0,0.5,none,True,True
68790,1.0,0.0,0.5,none,True,True
68791,1.0,0.0,0.5,none,True,True
68792,1.0,0.0,0.5,none,True,True
68793,1.0,0.0,0.5,none,True,True
68794,1.0,0.0,0.5,none,True,True
68795,1.0,0.0,0.5,none,True,True
68796,1.0,0.0,0.5,none,True,True
68797,1.0,0.0,0.5,none,True,True
68798,1.0,0.0,0.5,none,True,True
68799,1.0,0.0,0.5,none,True,True
68800,1.0,0.0,0.5,none,True,True
68801,1.0,0.0,0.5,none,True,True
68802,1.0,0.0,0.5,none,True,True
68803,1.0,0.0,0.5,none,True,True
68804,1.0,0.0,0.5,none,True,True
68805,1.0,0.0,0.5,none,True,True
68806,1.0,0.0,0.5,none,True,True
68807,1.0,0.0,0.5,none,True,True
68808,1.0,0.0,0.5,none,True,True
68809,1.0,0.0,0.5,none,True,True
68810,1.0,0.0,0.5,none,True,True
68811,1.0,0.0,0.5,none,True,True
68812,1.0,0.0,0.5,none,True,True
68813,1.0,0.0,0.5,none,True,True
68814,1.0,0.0,0.5,none,True,True
68815,1.0,0.0,0.5,none,True,True
68816,1.0,0.0,0.5,none,True,True
68817,1.0,0.0,0.5,none,True,True
68818,1.0,0.0,0.5,none,True,True
68819,1.0,0.0,0.5,none,True,True
68820,1.0,0.0,0.5,none,True,True
68821,1.0,0.0,0.5,none,True,True
68822,1.0,0.0,0.5,none,True,True
68823,1.0,0.0,0.5,none,True,True
68824,1.0,0.0,0.5,none,True,True
68825,1.0,0.0,0.5,none,True,True
68826,1.0,0.0,0.5,none,True,True
68827,1.0,0.0,0.5,none,True,True
68828,1.0,0.0,0.5,none,True,True
68829,1.0,0.0,0.5,none,True,True
68830,1.0,0.0,0.5,none,True,True
68831,1.0,0.0,0.5,none,True,True
68832,1.0,0.0,0.5,none,True,True
68833,1.0,0.0,0.5,none,True,True
68834,1.0,0.0,0.5,none,True,True
68835,1.0,0.0,0.5,none,True,True
68836,1.0,0.0,0.5,none,True,True
68837,1.0,0.0,0.5,none,True,True
68838,1.0,0.0,0.5,none,True,True
68839,1.0,0.0,0.5,none,True,True
68840,1.0,0.0,0.5,none,True,True
68841,1.0,0.0,0.5,none,True,True
68842,1.0,0.0,0.5,none,True,True
68843,1.0,0.0,0.5,none,True,True
68844,1.0,0.0,0.5,none,True,True
68845,1.0,0.0,0.5,none,True,True
68846,1.0,0.0,0.5,none,True,True
68847,1.0,0.0,0.5,none,True,True
68848,1.0,0.0,0.5,none,True,True
68849,1.0,0.0,0.5,none,True,True
68850,1.0,0.0,0.5,none,True,True
68851,1.0,0.0,0.5,none,True,True
68852,1.0,0.0,0.5,none,True,True
68853,1.0,0.0,0.5,none,True,True
68854,1.0,0.0,0.5,none,True,True
68855,1.0,0.0,0.5,none,True,True
68856,1.0,0.0,0.5,none,True,True
68857,1.0,0.0,0.5,none,True,True
68858,1.0,0.0,0.5,none,True,True
68859,1.0,0.0,0.5,none,True,True
68860,1.0,0.0,0.5,none,True,True
68861,1.0,0.0,0.5,none,True,True
68862,1.0,0.0,0.5,none,True,True
68863,1.0,0.0,0.5,none,True,True
68864,1.0,0.0,0.5,none,True,True
68865,1.0,0.0,0.5,none,True,True
68866,1.0,0.0,0.5,none,True,True
68867,1.0,0.0,0.5,none,True,True
68868,1.0,0.0,0.5,none,True,True
68869,1.0,0.0,0.5,none,True,True
68870,1.0,0.0,0.5,none,True,True
68871,1.0,0.0,0.5,none,True,True
68872,1.0,0.0,0.5,none,True,True
68873,1.0,0.0,0.5,none,True,True
68874,1.0,0.0,0.5,none,True,True
68875,1.0,0.0,0.5,none,True,True
68876,1.0,0.0,0.5,none,True,True
68877,1.0,0.0,0.5,none,True,True
68878,1.0,0.0,0.5,none,True,True
68879,1.0,0.0,0.5,none,True,True
68880,1.0,0.0,0.5,none,True,True
68881,1.0,0.0,0.5,none,True,True
68882,1.0,0.0,0.5,none,True,True
68883,1.0,0.0,0.5,none,True,True
68884,1.0,0.0,0.5,none,True,True
68885,1.0,0.0,0.5,none,True,True
68886,1.0,0.0,0.5,none,True,True
68887,1.0,0.0,0.5,none,True,True
68888,1.0,0.0,0.5,none,True,True
68889,1.0,0.0,0.5,none,True,True
68890,1.0,0.0,0.5,none,True,True
68891,1.0,0.0,0.5,none,True,True
68892,1.0,0.0,0.5,none,True,True
68893,1.0,0.0,0.5,none,True,True
68894,1.0,0.0,0.5,none,True,True
68895,1.0,0.0,0.5,none,True,True
68896,1.0,0.0,0.5,none,True,True
68897,1.0,0.0,0.5,none,True,True
68898,1.0,0.0,0.5,none,True,True
68899,1.0,0.0,0.5,none,True,True
68900,1.0,0.0,0.5,none,True,True
68901,1.0,0.0,0.5,none,True,True
68902,1.0,0.0,0.5,none,True,True
68903,1.0,0.0,0.5,none,True,True
68904,1.0,0.0,0.5,none,True,True
68905,1.0,0.0,0.5,none,True,True
68906,1.0,0.0,0.5,none,True,True
68907,1.0,0.0,0.5,none,True,True
68908,1.0,0.0,0.5,none,True,True
68909,1.0,0.0,0.5,none,True,True
68910,1.0,0.0,0.5,none,True,True
68911,1.0,0.0,0.5,none,True,True
68912,1.0,0.0,0.5,none,True,True
68913,1.0,0.0,0.5,none,True,True
68914,1.0,0.0,0.5,none,True,True
68915,1.0,0.0,0.5,none,True,True
68916,1.0,0.0,0.5,none,True,True
68917,1.0,0.0,0.5,none,True,True
68918,1.0,0.0,0.5,none,True,True
68919,1.0,0.0,0.5,none,True,True
68920,1.0,0.0,0.5,none,True,True
68921,1.0,0.0,0.5,none,True,True
68922,1.0,0.0,0.5,none,True,True
68923,1.0,0.0,0.5,none,True,True
68924,1.0,0.0,0.5,none,True,True
68925,1.0,0.0,0.5,none,True,True
68926,1.0,0.0,0.5,none,True,True
68927,1.0,0.0,0.5,none,True,True
68928,1.0,0.0,0.5,none,True,True
68929,1.0,0.0,0.5,none,True,True
68930,1.0,0.0,0.5,none,True,True
68931,1.0,0.0,0.5,none,True,True
68932,1.0,0.0,0.5,none,True,True
68933,1.0,0.0,0.5,none,True,True
68934,1.0,0.0,0.5,none,True,True
68935,1.0,0.0,0.5,none,True,True
68936,1.0,0.0,0.5,none,True,True
68937,1.0,0.0,0.5,none,True,True
68938,1.0,0.0,0.5,none,True,True
68939,1.0,0.0,0.5,none,True,True
68940,1.0,0.0,0.5,none,True,True
68941,1.0,0.0,0.5,none,True,True
68942,1.0,0.0,0.5,none,True,True
68943,1.0,0.0,0.5,none,True,True
68944,1.0,0.0,0.5,none,True,True
68945,1.0,0.0,0.5,none,True,True
68946,1.0,0.0,0.5,none,True,True
68947,1.0,0.0,0.5,none,True,True
68948,1.0,0.0,0.5,none,True,True
68949,1.0,0.0,0.5,none,True,True
68950,1.0,0.0,0.5,none,True,True
68951,1.0,0.0,0.5,none,True,True
68952,1.0,0.0,0.5,none,True,True
68953,1.0,0.0,0.5,none,True,True
68954,1.0,0.0,0.5,none,True,True
68955,1.0,0.0,0.5,none,True,True
68956,1.0,0.0,0.5,none,True,True
68957,1.0,0.0,0.5,none,True,True
68958,1.0,0.0,0.5,none,True,True
68959,1.0,0.0,0.5,none,True,True
68960,1.0,0.0,0.5,none,True,True
68961,1.0,0.0,0.5,none,True,True
68962,1.0,0.0,0.5,none,True,True
68963,1.0,0.0,0.5,none,True,True
68964,1.0,0.0,0.5,none,True,True
68965,1.0,0.0,0.5,none,True,True
68966,1.0,0.0,0.5,none,True,True
68967,1.0,0.0,0.5,none,True,True
68968,1.0,0.0,0.5,none,True,True
68969,1.0,0.0,0.5,none,True,True
68970,1.0,0.0,0.5,none,True,True
68971,1.0,0.0,0.5,none,True,True
68972,1.0,0.0,0.5,none,True,True
68973,1.0,0.0,0.5,none,True,True
68974,1.0,0.0,0.5,none,True,True
68975,1.0,0.0,0.5,none,True,True
68976,1.0,0.0,0.5,none,True,True
68977,1.0,0.0,0.5,none,True,True
68978,1.0,0.0,0.5,none,True,True
68979,1.0,0.0,0.5,none,True,True
68980,1.0,0.0,0.5,none,True,True
68981,1.0,0.0,0.5,none,True,True
68982,1.0,0.0,0.5,none,True,True
68983,1.0,0.0,0.5,none,True,True
68984,1.0,0.0,0.5,none,True,True
68985,1.0,0.0,0.5,none,True,True
68986,1.0,0.0,0.5,none,True,True
68987,1.0,0.0,0.5,none,True,True
68988,1.0,0.0,0.5,none,True,True
68989,1.0,0.0,0.5,none,True,True
68990,1.0,0.0,0.5,none,True,True
68991,1.0,0.0,0.5,none,True,True
68992,1.0,0.0,0.5,none,True,True
68993,1.0,0.0,0.5,none,True,True
68994,1.0,0.0,0.5,none,True,True
68995,1.0,0.0,0.5,none,True,True
68996,1.0,0.0,0.5,none,True,True
68997,1.0,0.0,0.5,none,True,True
68998,1.0,0.0,0.5,none,True,True
68999,1.0,0.0,0.5,none,True,True
69000,1.0,0.0,0.5,none,True,True
69001,1.0,0.0,0.5,none,True,True
69002,1.0,0.0,0.5,none,True,True
69003,1.0,0.0,0.5,none,True,True
69004,1.0,0.0,0.5,none,True,True
69005,1.0,0.0,0.5,none,True,True
69006,1.0,0.0,0.5,none,True,True
69007,1.0,0.0,0.5,none,True,True
69008,1.0,0.0,0.5,none,True,True
69009,1.0,0.0,0.5,none,True,True
69010,1.0,0.0,0.5,none,True,True
69011,1.0,0.0,0.5,none,True,True
69012,1.0,0.0,0.5,none,True,True
69013,1.0,0.0,0.5,none,True,True
69014,1.0,0.0,0.5,none,True,True
69015,1.0,0.0,0.5,none,True,True
69016,1.0,0.0,0.5,none,True,True
69017,1.0,0.0,0.5,none,True,True
69018,1.0,0.0,0.5,none,True,True
69019,1.0,0.0,0.5,none,True,True
69020,1.0,0.0,0.5,none,True,True
69021,1.0,0.0,0.5,none,True,True
69022,1.0,0.0,0.5,none,True,True
69023,1.0,0.0,0.5,none,True,True
69024,1.0,0.0,0.5,none,True,True
69025,1.0,0.0,0.5,none,True,True
69026,1.0,0.0,0.5,none,True,True
69027,1.0,0.0,0.5,none,True,True
69028,1.0,0.0,0.5,none,True,True
69029,1.0,0.0,0.5,none,True,True
69030,1.0,0.0,0.5,none,True,True
69031,1.0,0.0,0.5,none,True,True
69032,1.0,0.0,0.5,none,True,True
69033,1.0,0.0,0.5,none,True,True
69034,1.0,0.0,0.5,none,True,True
69035,1.0,0.0,0.5,none,True,True
69036,1.0,0.0,0.5,none,True,True
69037,1.0,0.0,0.5,none,True,True
69038,1.0,0.0,0.5,none,True,True
69039,1.0,0.0,0.5,none,True,True
69040,1.0,0.0,0.5,none,True,True
69041,1.0,0.0,0.5,none,True,True
69042,1.0,0.0,0.5,none,True,True
69043,1.0,0.0,0.5,none,True,True
69044,1.0,0.0,0.5,none,True,True
69045,1.0,0.0,0.5,none,True,True
69046,1.0,0.0,0.5,none,True,True
69047,1.0,0.0,0.5,none,True,True
69048,1.0,0.0,0.5,none,True,True
69049,1.0,0.0,0.5,none,True,True
69050,1.0,0.0,0.5,none,True,True
69051,1.0,0.0,0.5,none,True,True
69052,1.0,0.0,0.5,none,True,True
69053,1.0,0.0,0.5,none,True,True
69054,1.0,0.0,0.5,none,True,True
69055,1.0,0.0,0.5,none,True,True
69056,1.0,0.0,0.5,none,True,True
69057,1.0,0.0,0.5,none,True,True
69058,1.0,0.0,0.5,none,True,True
69059,1.0,0.0,0.5,none,True,True
69060,1.0,0.0,0.5,none,True,True
69061,1.0,0.0,0.5,none,True,True
69062,1.0,0.0,0.5,none,True,True
69063,1.0,0.0,0.5,none,True,True
69064,1.0,0.0,0.5,none,True,True
69065,1.0,0.0,0.5,none,True,True
69066,1.0,0.0,0.5,none,True,True
69067,1.0,0.0,0.5,none,True,True
69068,1.0,0.0,0.5,none,True,True
69069,1.0,0.0,0.5,none,True,True
69070,1.0,0.0,0.5,none,True,True
69071,1.0,0.0,0.5,none,True,True
69072,1.0,0.0,0.5,none,True,True
69073,1.0,0.0,0.5,none,True,True
69074,1.0,0.0,0.5,none,True,True
69075,1.0,0.0,0.5,none,True,True
69076,1.0,0.0,0.5,none,True,True
69077,1.0,0.0,0.5,none,True,True
69078,1.0,0.0,0.5,none,True,True
69079,1.0,0.0,0.5,none,True,True
69080,1.0,0.0,0.5,none,True,True
69081,1.0,0.0,0.5,none,True,True
69082,1.0,0.0,0.5,none,True,True
69083,1.0,0.0,0.5,none,True,True
69084,1.0,0.0,0.5,none,True,True
69085,1.0,0.0,0.5,none,True,True
69086,1.0,0.0,0.5,none,True,True
69087,1.0,0.0,0.5,none,True,True
69088,1.0,0.0,0.5,none,True,True
69089,1.0,0.0,0.5,none,True,True
69090,1.0,0.0,0.5,none,True,True
69091,1.0,0.0,0.5,none,True,True
69092,1.0,0.0,0.5,none,True,True
69093,1.0,0.0,0.5,none,True,True
69094,1.0,0.0,0.5,none,True,True
69095,1.0,0.0,0.5,none,True,True
69096,1.0,0.0,0.5,none,True,True
69097,1.0,0.0,0.5,none,True,True
69098,1.0,0.0,0.5,none,True,True
69099,1.0,0.0,0.5,none,True,True
69100,1.0,0.0,0.5,none,True,True
69101,1.0,0.0,0.5,none,True,True
69102,1.0,0.0,0.5,none,True,True
69103,1.0,0.0,0.5,none,True,True
69104,1.0,0.0,0.5,none,True,True
69105,1.0,0.0,0.5,none,True,True
69106,1.0,0.0,0.5,none,True,True
69107,1.0,0.0,0.5,none,True,True
69108,1.0,0.0,0.5,none,True,True
69109,1.0,0.0,0.5,none,True,True
69110,1.0,0.0,0.5,none,True,True
69111,1.0,0.0,0.5,none,True,True
69112,1.0,0.0,0.5,none,True,True
69113,1.0,0.0,0.5,none,True,True
69114,1.0,0.0,0.5,none,True,True
69115,1.0,0.0,0.5,none,True,True
69116,1.0,0.0,0.5,none,True,True
69117,1.0,0.0,0.5,none,True,True
69118,1.0,0.0,0.5,none,True,True
69119,1.0,0.0,0.5,none,True,True
69120,1.0,0.0,0.5,none,True,True
69121,1.0,0.0,0.5,none,True,True
69122,1.0,0.0,0.5,none,True,True
69123,1.0,0.0,0.5,none,True,True
69124,1.0,0.0,0.5,none,True,True
69125,1.0,0.0,0.5,none,True,True
69126,1.0,0.0,0.5,none,True,True
69127,1.0,0.0,0.5,none,True,True
69128,1.0,0.0,0.5,none,True,True
69129,1.0,0.0,0.5,none,True,True
69130,1.0,0.0,0.5,none,True,True
69131,1.0,0.0,0.5,none,True,True
69132,1.0,0.0,0.5,none,True,True
69133,1.0,0.0,0.5,none,True,True
69134,1.0,0.0,0.5,none,True,True
69135,1.0,0.0,0.5,none,True,True
69136,1.0,0.0,0.5,none,True,True
69137,1.0,0.0,0.5,none,True,True
69138,1.0,0.0,0.5,none,True,True
69139,1.0,0.0,0.5,none,True,True
69140,1.0,0.0,0.5,none,True,True
69141,1.0,0.0,0.5,none,True,True
69142,1.0,0.0,0.5,none,True,True
69143,1.0,0.0,0.5,none,True,True
69144,1.0,0.0,0.5,none,True,True
69145,1.0,0.0,0.5,none,True,True
69146,1.0,0.0,0.5,none,True,True
69147,1.0,0.0,0.5,none,True,True
69148,1.0,0.0,0.5,none,True,True
69149,1.0,0.0,0.5,none,True,True
69150,1.0,0.0,0.5,none,True,True
69151,1.0,0.0,0.5,none,True,True
69152,1.0,0.0,0.5,none,True,True
69153,1.0,0.0,0.5,none,True,True
69154,1.0,0.0,0.5,none,True,True
69155,1.0,0.0,0.5,none,True,True
69156,1.0,0.0,0.5,none,True,True
69157,1.0,0.0,0.5,none,True,True
69158,1.0,0.0,0.5,none,True,True
69159,1.0,0.0,0.5,none,True,True
69160,1.0,0.0,0.5,none,True,True
69161,1.0,0.0,0.5,none,True,True
69162,1.0,0.0,0.5,none,True,True
69163,1.0,0.0,0.5,none,True,True
69164,1.0,0.0,0.5,none,True,True
69165,1.0,0.0,0.5,none,True,True
69166,1.0,0.0,0.5,none,True,True
69167,1.0,0.0,0.5,none,True,True
69168,1.0,0.0,0.5,none,True,True
69169,1.0,0.0,0.5,none,True,True
69170,1.0,0.0,0.5,none,True,True
69171,1.0,0.0,0.5,none,True,True
69172,1.0,0.0,0.5,none,True,True
69173,1.0,0.0,0.5,none,True,True
69174,1.0,0.0,0.5,none,True,True
69175,1.0,0.0,0.5,none,True,True
69176,1.0,0.0,0.5,none,True,True
69177,1.0,0.0,0.5,none,True,True
69178,1.0,0.0,0.5,none,True,True
69179,1.0,0.0,0.5,none,True,True
69180,1.0,0.0,0.5,none,True,True
69181,1.0,0.0,0.5,none,True,True
69182,1.0,0.0,0.5,none,True,True
69183,1.0,0.0,0.5,none,True,True
69184,1.0,0.0,0.5,none,True,True
69185,1.0,0.0,0.5,none,True,True
69186,1.0,0.0,0.5,none,True,True
69187,1.0,0.0,0.5,none,True,True
69188,1.0,0.0,0.5,none,True,True
69189,1.0,0.0,0.5,none,True,True
69190,1.0,0.0,0.5,none,True,True
69191,1.0,0.0,0.5,none,True,True
69192,1.0,0.0,0.5,none,True,True
69193,1.0,0.0,0.5,none,True,True
69194,1.0,0.0,0.5,none,True,True
69195,1.0,0.0,0.5,none,True,True
69196,1.0,0.0,0.5,none,True,True
69197,1.0,0.0,0.5,none,True,True
69198,1.0,0.0,0.5,none,True,True
69199,1.0,0.0,0.5,none,True,True
69200,1.0,0.0,0.5,none,True,True
69201,1.0,0.0,0.5,none,True,True
69202,1.0,0.0,0.5,none,True,True
69203,1.0,0.0,0.5,none,True,True
69204,1.0,0.0,0.5,none,True,True
69205,1.0,0.0,0.5,none,True,True
69206,1.0,0.0,0.5,none,True,True
69207,1.0,0.0,0.5,none,True,True
69208,1.0,0.0,0.5,none,True,True
69209,1.0,0.0,0.5,none,True,True
69210,1.0,0.0,0.5,none,True,True
69211,1.0,0.0,0.5,none,True,True
69212,1.0,0.0,0.5,none,True,True
69213,1.0,0.0,0.5,none,True,True
69214,1.0,0.0,0.5,none,True,True
69215,1.0,0.0,0.5,none,True,True
69216,1.0,0.0,0.5,none,True,True
69217,1.0,0.0,0.5,none,True,True
69218,1.0,0.0,0.5,none,True,True
69219,1.0,0.0,0.5,none,True,True
69220,1.0,0.0,0.5,none,True,True
69221,1.0,0.0,0.5,none,True,True
69222,1.0,0.0,0.5,none,True,True
69223,1.0,0.0,0.5,none,True,True
69224,1.0,0.0,0.5,none,True,True
69225,1.0,0.0,0.5,none,True,True
69226,1.0,0.0,0.5,none,True,True
69227,1.0,0.0,0.5,none,True,True
69228,1.0,0.0,0.5,none,True,True
69229,1.0,0.0,0.5,none,True,True
69230,1.0,0.0,0.5,none,True,True
69231,1.0,0.0,0.5,none,True,True
69232,1.0,0.0,0.5,none,True,True
69233,1.0,0.0,0.5,none,True,True
69234,1.0,0.0,0.5,none,True,True
69235,1.0,0.0,0.5,none,True,True
69236,1.0,0.0,0.5,none,True,True
69237,1.0,0.0,0.5,none,True,True
69238,1.0,0.0,0.5,none,True,True
69239,1.0,0.0,0.5,none,True,True
69240,1.0,0.0,0.5,none,True,True
69241,1.0,0.0,0.5,none,True,True
69242,1.0,0.0,0.5,none,True,True
69243,1.0,0.0,0.5,none,True,True
69244,1.0,0.0,0.5,none,True,True
69245,1.0,0.0,0.5,none,True,True
69246,1.0,0.0,0.5,none,True,True
69247,1.0,0.0,0.5,none,True,True
69248,1.0,0.0,0.5,none,True,True
69249,1.0,0.0,0.5,none,True,True
69250,1.0,0.0,0.5,none,True,True
69251,1.0,0.0,0.5,none,True,True
69252,1.0,0.0,0.5,none,True,True
69253,1.0,0.0,0.5,none,True,True
69254,1.0,0.0,0.5,none,True,True
69255,1.0,0.0,0.5,none,True,True
69256,1.0,0.0,0.5,none,True,True
69257,1.0,0.0,0.5,none,True,True
69258,1.0,0.0,0.5,none,True,True
69259,1.0,0.0,0.5,none,True,True
69260,1.0,0.0,0.5,none,True,True
69261,1.0,0.0,0.5,none,True,True
69262,1.0,0.0,0.5,none,True,True
69263,1.0,0.0,0.5,none,True,True
69264,1.0,0.0,0.5,none,True,True
69265,1.0,0.0,0.5,none,True,True
69266,1.0,0.0,0.5,none,True,True
69267,1.0,0.0,0.5,none,True,True
69268,1.0,0.0,0.5,none,True,True
69269,1.0,0.0,0.5,none,True,True
69270,1.0,0.0,0.5,none,True,True
69271,1.0,0.0,0.5,none,True,True
69272,1.0,0.0,0.5,none,True,True
69273,1.0,0.0,0.5,none,True,True
69274,1.0,0.0,0.5,none,True,True
69275,1.0,0.0,0.5,none,True,True
69276,1.0,0.0,0.5,none,True,True
69277,1.0,0.0,0.5,none,True,True
69278,1.0,0.0,0.5,none,True,True
69279,1.0,0.0,0.5,none,True,True
69280,1.0,0.0,0.5,none,True,True
69281,1.0,0.0,0.5,none,True,True
69282,1.0,0.0,0.5,none,True,True
69283,1.0,0.0,0.5,none,True,True
69284,1.0,0.0,0.5,none,True,True
69285,1.0,0.0,0.5,none,True,True
69286,1.0,0.0,0.5,none,True,True
69287,1.0,0.0,0.5,none,True,True
69288,1.0,0.0,0.5,none,True,True
69289,1.0,0.0,0.5,none,True,True
69290,1.0,0.0,0.5,none,True,True
69291,1.0,0.0,0.5,none,True,True
69292,1.0,0.0,0.5,none,True,True
69293,1.0,0.0,0.5,none,True,True
69294,1.0,0.0,0.5,none,True,True
69295,1.0,0.0,0.5,none,True,True
69296,1.0,0.0,0.5,none,True,True
69297,1.0,0.0,0.5,none,True,True
69298,1.0,0.0,0.5,none,True,True
69299,1.0,0.0,0.5,none,True,True
69300,1.0,0.0061,0.5,none,True,True
69301,1.0,0.0357,0.5,none,True,True
69302,1.0,0.0812,0.5,none,True,True
69303,1.0,0.1113,0.5,none,True,True
69304,1.0,0.1253,0.5,none,True,True
69305,1.0,0.1408,0.5,none,True,True
69306,1.0,0.0907,0.5,none,True,True
69307,1.0,0.1198,0.5,none,True,True
69308,1.0,0.0467,0.5,none,True,True
69309,1.0,0.0522,0.5,none,True,True
69310,1.0,0.0405,0.5,none,True,True
69311,1.0,0.0313,0.5,none,True,True
69312,1.0,0.0083,0.5,none,True,True
69313,1.0,0.0726,0.5,none,True,True
69314,1.0,0.0793,0.5,none,True,True
69315,1.0,0.0581,0.5,none,True,True
69316,1.0,0.0955,0.5,none,True,True
69317,1.0,0.0839,0.5,none,True,True
69318,1.0,0.0648,0.5,none,True,True
69319,1.0,0.0718,0.5,none,True,True
69320,1.0,0.0589,0.5,none,True,True
69321,1.0,0.0403,0.5,none,True,True
69322,1.0,0.0327,0.5,none,True,True
69323,1.0,0.0277,0.5,none,True,True
69324,1.0,0.017,0.5,none,True,True
69325,1.0,0.0102,0.5,none,True,True
69326,1.0,0.0099,0.5,none,True,True
69327,1.0,0.008,0.5,none,True,True
69328,1.0,0.005,0.5,none,True,True
69329,1.0,0.0063,0.5,none,True,True
69330,1.0,0.009,0.5,none,True,True
69331,1.0,0.0096,0.5,none,True,True
69332,1.0,0.0108,0.5,none,True,True
69333,1.0,0.014,0.5,none,True,True
69334,1.0,0.0161,0.5,none,True,True
69335,1.0,0.0167,0.5,none,True,True
69336,1.0,0.0182,0.5,none,True,True
69337,1.0,0.0196,0.5,none,True,True
69338,1.0,0.0197,0.5,none,True,True
69339,1.0,0.0193,0.5,none,True,True
69340,1.0,0.0193,0.5,none,True,True
69341,1.0,0.0187,0.5,none,True,True
69342,1.0,0.0174,0.5,none,True,True
69343,1.0,0.0163,0.5,none,True,True
69344,1.0,0.0152,0.5,none,True,True
69345,1.0,0.0138,0.5,none,True,True
69346,1.0,0.0123,0.5,none,True,True
69347,1.0,0.0111,0.5,none,True,True
69348,1.0,0.01,0.5,none,True,True
69349,1.0,0.0088,0.5,none,True,True
69350,1.0,0.0078,0.5,none,True,True
69351,1.0,0.0071,0.5,none,True,True
69352,1.0,0.0064,0.5,none,True,True
69353,1.0,0.0057,0.5,none,True,True
69354,1.0,0.0053,0.5,none,True,True
69355,1.0,0.005,0.5,none,True,True
69356,1.0,0.0047,0.5,none,True,True
69357,1.0,0.0045,0.5,none,True,True
69358,1.0,0.0044,0.5,none,True,True
69359,1.0,0.0043,0.5,none,True,True
69360,1.0,0.0042,0.5,none,True,True
69361,1.0,0.0041,0.5,none,True,True
69362,1.0,0.004,0.5,none,True,True
69363,1.0,0.0039,0.5,none,True,True
69364,1.0,0.0038,0.5,none,True,True
69365,1.0,0.0037,0.5,none,True,True
69366,1.0,0.0035,0.5,none,True,True
69367,1.0,0.0033,0.5,none,True,True
69368,1.0,0.0032,0.5,none,True,True
69369,1.0,0.003,0.5,none,True,True
69370,1.0,0.0028,0.5,none,True,True
69371,1.0,0.0026,0.5,none,True,True
69372,1.0,0.0024,0.5,none,True,True
69373,1.0,0.0023,0.5,none,True,True
69374,1.0,0.0021,0.5,none,True,True
69375,1.0,0.0019,0.5,none,True,True
69376,1.0,0.0018,0.5,none,True,True
69377,1.0,0.0017,0.5,none,True,True
69378,1.0,0.0015,0.5,none,True,True
69379,1.0,0.0014,0.5,none,True,True
69380,1.0,0.0013,0.5,none,True,True
69381,1.0,0.0013,0.5,none,True,True
69382,1.0,0.0012,0.5,none,True,True
69383,1.0,0.0011,0.5,none,True,True
69384,1.0,0.0011,0.5,none,True,True
69385,1.0,0.001,0.5,none,True,True
69386,1.0,0.001,0.5,none,True,True
69387,1.0,0.0009,0.5,none,True,True
69388,1.0,0.0009,0.5,none,True,True
69389,1.0,0.0008,0.5,none,True,True
69390,1.0,0.0008,0.5,none,True,True
69391,1.0,0.0008,0.5,none,True,True
69392,1.0,0.0007,0.5,none,True,True
69393,1.0,0.0007,0.5,none,True,True
69394,1.0,0.0006,0.5,none,True,True
69395,1.0,0.0006,0.5,none,True,True
69396,1.0,0.0006,0.5,none,True,True
69397,1.0,0.0005,0.5,none,True,True
69398,1.0,0.0005,0.5,none,True,True
69399,1.0,0.0005,0.5,none,True,True
69400,1.0,0.0004,0.5,none,True,True
69401,1.0,0.0004,0.5,none,True,True
69402,1.0,0.0004,0.5,none,True,True
69403,1.0,0.0004,0.5,none,True,True
69404,1.0,0.0003,0.5,none,True,True
69405,1.0,0.0003,0.5,none,True,True
69406,1.0,0.0003,0.5,none,True,True
69407,1.0,0.0003,0.5,none,True,True
69408,1.0,0.0003,0.5,none,True,True
69409,1.0,0.0003,0.5,none,True,True
69410,1.0,0.0002,0.5,none,True,True
69411,1.0,0.0002,0.5,none,True,True
69412,1.0,0.0002,0.5,none,True,True
69413,1.0,0.0002,0.5,none,True,True
69414,1.0,0.0002,0.5,none,True,True
69415,1.0,0.0002,0.5,none,True,True
69416,1.0,0.0002,0.5,none,True,True
69417,1.0,0.0002,0.5,none,True,True
69418,1.0,0.0002,0.5,none,True,True
69419,1.0,0.0001,0.5,none,True,True
69420,1.0,0.0001,0.5,none,True,True
69421,1.0,0.0001,0.5,none,True,True
69422,1.0,0.0001,0.5,none,True,True
69423,1.0,0.0001,0.5,none,True,True
69424,1.0,0.0001,0.5,none,True,True
69425,1.0,0.0001,0.5,none,True,True
69426,1.0,0.0001,0.5,none,True,True
69427,1.0,0.0001,0.5,none,True,True
69428,1.0,0.0001,0.5,none,True,True
69429,1.0,0.0001,0.5,none,True,True
69430,1.0,0.0001,0.5,none,True,True
69431,1.0,0.0001,0.5,none,True,True
69432,1.0,0.0001,0.5,none,True,True
69433,1.0,0.0001,0.5,none,True,True
69434,1.0,0.0001,0.5,none,True,True
69435,1.0,0.0001,0.5,none,True,True
69436,1.0,0.0001,0.5,none,True,True
69437,1.0,0.0,0.5,none,True,True
69438,1.0,0.0,0.5,none,True,True
69439,1.0,0.0,0.5,none,True,True
69440,1.0,0.0,0.5,none,True,True
69441,1.0,0.0,0.5,none,True,True
69442,1.0,0.0,0.5,none,True,True
69443,1.0,0.0,0.5,none,True,True
69444,1.0,0.0,0.5,none,True,True
69445,1.0,0.0,0.5,none,True,True
69446,1.0,0.0,0.5,none,True,True
69447,1.0,0.0,0.5,none,True,True
69448,1.0,0.0,0.5,none,True,True
69449,1.0,0.0,0.5,none,True,True
69450,1.0,0.0,0.5,none,True,True
69451,1.0,0.0,0.5,none,True,True
69452,1.0,0.0,0.5,none,True,True
69453,1.0,0.0,0.5,none,True,True
69454,1.0,0.0,0.5,none,True,True
69455,1.0,0.0,0.5,none,True,True
69456,1.0,0.0,0.5,none,True,True
69457,1.0,0.0,0.5,none,True,True
69458,1.0,0.0,0.5,none,True,True
69459,1.0,0.0,0.5,none,True,True
69460,1.0,0.0,0.5,none,True,True
69461,1.0,0.0,0.5,none,True,True
69462,1.0,0.0,0.5,none,True,True
69463,1.0,0.0,0.5,none,True,True
69464,1.0,0.0,0.5,none,True,True
69465,1.0,0.0,0.5,none,True,True
69466,1.0,0.0,0.5,none,True,True
69467,1.0,0.0,0.5,none,True,True
69468,1.0,0.0,0.5,none,True,True
69469,1.0,0.0,0.5,none,True,True
69470,1.0,0.0,0.5,none,True,True
69471,1.0,0.0,0.5,none,True,True
69472,1.0,0.0,0.5,none,True,True
69473,1.0,0.0,0.5,none,True,True
69474,1.0,0.0,0.5,none,True,True
69475,1.0,0.0,0.5,none,True,True
69476,1.0,0.0,0.5,none,True,True
69477,1.0,0.0,0.5,none,True,True
69478,1.0,0.0,0.5,none,True,True
69479,1.0,0.0,0.5,none,True,True
69480,1.0,0.0,0.5,none,True,True
69481,1.0,0.0,0.5,none,True,True
69482,1.0,0.0,0.5,none,True,True
69483,1.0,0.0,0.5,none,True,True
69484,1.0,0.0,0.5,none,True,True
69485,1.0,0.0,0.5,none,True,True
69486,1.0,0.0,0.5,none,True,True
69487,1.0,0.0,0.5,none,True,True
69488,1.0,0.0,0.5,none,True,True
69489,1.0,0.0,0.5,none,True,True
69490,1.0,0.0,0.5,none,True,True
69491,1.0,0.0,0.5,none,True,True
69492,1.0,0.0,0.5,none,True,True
69493,1.0,0.0,0.5,none,True,True
69494,1.0,0.0,0.5,none,True,True
69495,1.0,0.0,0.5,none,True,True
69496,1.0,0.0,0.5,none,True,True
69497,1.0,0.0,0.5,none,True,True
69498,1.0,0.0,0.5,none,True,True
69499,1.0,0.0,0.5,none,True,True
69500,1.0,0.0,0.5,none,True,True
69501,1.0,0.0,0.5,none,True,True
69502,1.0,0.0,0.5,none,True,True
69503,1.0,0.0,0.5,none,True,True
69504,1.0,0.0,0.5,none,True,True
69505,1.0,0.0,0.5,none,True,True
69506,1.0,0.0,0.5,none,True,True
69507,1.0,0.0,0.5,none,True,True
69508,1.0,0.0,0.5,none,True,True
69509,1.0,0.0,0.5,none,True,True
69510,1.0,0.0,0.5,none,True,True
69511,1.0,0.0,0.5,none,True,True
69512,1.0,0.0,0.5,none,True,True
69513,1.0,0.0,0.5,none,True,True
69514,1.0,0.0,0.5,none,True,True
69515,1.0,0.0,0.5,none,True,True
69516,1.0,0.0,0.5,none,True,True
69517,1.0,0.0,0.5,none,True,True
69518,1.0,0.0,0.5,none,True,True
69519,1.0,0.0,0.5,none,True,True
69520,1.0,0.0,0.5,none,True,True
69521,1.0,0.0,0.5,none,True,True
69522,1.0,0.0,0.5,none,True,True
69523,1.0,0.0,0.5,none,True,True
69524,1.0,0.0,0.5,none,True,True
69525,1.0,0.0,0.5,none,True,True
69526,1.0,0.0,0.5,none,True,True
69527,1.0,0.0,0.5,none,True,True
69528,1.0,0.0,0.5,none,True,True
69529,1.0,0.0,0.5,none,True,True
69530,1.0,0.0,0.5,none,True,True
69531,1.0,0.0,0.5,none,True,True
69532,1.0,0.0,0.5,none,True,True
69533,1.0,0.0,0.5,none,True,True
69534,1.0,0.0,0.5,none,True,True
69535,1.0,0.0,0.5,none,True,True
69536,1.0,0.0,0.5,none,True,True
69537,1.0,0.0,0.5,none,True,True
69538,1.0,0.0,0.5,none,True,True
69539,1.0,0.0,0.5,none,True,True
69540,1.0,0.0,0.5,none,True,True
69541,1.0,0.0,0.5,none,True,True
69542,1.0,0.0,0.5,none,True,True
69543,1.0,0.0,0.5,none,True,True
69544,1.0,0.0,0.5,none,True,True
69545,1.0,0.0,0.5,none,True,True
69546,1.0,0.0,0.5,none,True,True
69547,1.0,0.0,0.5,none,True,True
69548,1.0,0.0,0.5,none,True,True
69549,1.0,0.0,0.5,none,True,True
69550,1.0,0.0,0.5,none,True,True
69551,1.0,0.0,0.5,none,True,True
69552,1.0,0.0,0.5,none,True,True
69553,1.0,0.0,0.5,none,True,True
69554,1.0,0.0,0.5,none,True,True
69555,1.0,0.0,0.5,none,True,True
69556,1.0,0.0,0.5,none,True,True
69557,1.0,0.0,0.5,none,True,True
69558,1.0,0.0,0.5,none,True,True
69559,1.0,0.0,0.5,none,True,True
69560,1.0,0.0,0.5,none,True,True
69561,1.0,0.0,0.5,none,True,True
69562,1.0,0.0,0.5,none,True,True
69563,1.0,0.0,0.5,none,True,True
69564,1.0,0.0,0.5,none,True,True
69565,1.0,0.0,0.5,none,True,True
69566,1.0,0.0,0.5,none,True,True
69567,1.0,0.0,0.5,none,True,True
69568,1.0,0.0,0.5,none,True,True
69569,1.0,0.0,0.5,none,True,True
69570,1.0,0.0,0.5,none,True,True
69571,1.0,0.0,0.5,none,True,True
69572,1.0,0.0,0.5,none,True,True
69573,1.0,0.0,0.5,none,True,True
69574,1.0,0.0,0.5,none,True,True
69575,1.0,0.0,0.5,none,True,True
69576,1.0,0.0,0.5,none,True,True
69577,1.0,0.0,0.5,none,True,True
69578,1.0,0.0,0.5,none,True,True
69579,1.0,0.0,0.5,none,True,True
69580,1.0,0.0,0.5,none,True,True
69581,1.0,0.0,0.5,none,True,True
69582,1.0,0.0,0.5,none,True,True
69583,1.0,0.0,0.5,none,True,True
69584,1.0,0.0,0.5,none,True,True
69585,1.0,0.0,0.5,none,True,True
69586,1.0,0.0,0.5,none,True,True
69587,1.0,0.0,0.5,none,True,True
69588,1.0,0.0,0.5,none,True,True
69589,1.0,0.0,0.5,none,True,True
69590,1.0,0.0,0.5,none,True,True
69591,1.0,0.0,0.5,none,True,True
69592,1.0,0.0,0.5,none,True,True
69593,1.0,0.0,0.5,none,True,True
69594,1.0,0.0,0.5,none,True,True
69595,1.0,0.0,0.5,none,True,True
69596,1.0,0.0,0.5,none,True,True
69597,1.0,0.0,0.5,none,True,True
69598,1.0,0.0,0.5,none,True,True
69599,1.0,0.0,0.5,none,True,True
69600,1.0,0.0,0.5,none,True,True
69601,1.0,0.0,0.5,none,True,True
69602,1.0,0.0,0.5,none,True,True
69603,1.0,0.0,0.5,none,True,True
69604,1.0,0.0,0.5,none,True,True
69605,1.0,0.0,0.5,none,True,True
69606,1.0,0.0,0.5,none,True,True
69607,1.0,0.0,0.5,none,True,True
69608,1.0,0.0,0.5,none,True,True
69609,1.0,0.0,0.5,none,True,True
69610,1.0,0.0,0.5,none,True,True
69611,1.0,0.0,0.5,none,True,True
69612,1.0,0.0,0.5,none,True,True
69613,1.0,0.0,0.5,none,True,True
69614,1.0,0.0,0.5,none,True,True
69615,1.0,0.0,0.5,none,True,True
69616,1.0,0.0,0.5,none,True,True
69617,1.0,0.0,0.5,none,True,True
69618,1.0,0.0,0.5,none,True,True
69619,1.0,0.0,0.5,none,True,True
69620,1.0,0.0,0.5,none,True,True
69621,1.0,0.0,0.5,none,True,True
69622,1.0,0.0,0.5,none,True,True
69623,1.0,0.0,0.5,none,True,True
69624,1.0,0.0,0.5,none,True,True
69625,1.0,0.0,0.5,none,True,True
69626,1.0,0.0,0.5,none,True,True
69627,1.0,0.0,0.5,none,True,True
69628,1.0,0.0,0.5,none,True,True
69629,1.0,0.0,0.5,none,True,True
69630,1.0,0.0,0.5,none,True,True
69631,1.0,0.0,0.5,none,True,True
69632,1.0,0.0,0.5,none,True,True
69633,1.0,0.0,0.5,none,True,True
69634,1.0,0.0,0.5,none,True,True
69635,1.0,0.0,0.5,none,True,True
69636,1.0,0.0,0.5,none,True,True
69637,1.0,0.0,0.5,none,True,True
69638,1.0,0.0,0.5,none,True,True
69639,1.0,0.0,0.5,none,True,True
69640,1.0,0.0,0.5,none,True,True
69641,1.0,0.0,0.5,none,True,True
69642,1.0,0.0,0.5,none,True,True
69643,1.0,0.0,0.5,none,True,True
69644,1.0,0.0,0.5,none,True,True
69645,1.0,0.0,0.5,none,True,True
69646,1.0,0.0,0.5,none,True,True
69647,1.0,0.0,0.5,none,True,True
69648,1.0,0.0,0.5,none,True,True
69649,1.0,0.0,0.5,none,True,True
69650,1.0,0.0,0.5,none,True,True
69651,1.0,0.0,0.5,none,True,True
69652,1.0,0.0,0.5,none,True,True
69653,1.0,0.0,0.5,none,True,True
69654,1.0,0.0,0.5,none,True,True
69655,1.0,0.0,0.5,none,True,True
69656,1.0,0.0,0.5,none,True,True
69657,1.0,0.0,0.5,none,True,True
69658,1.0,0.0,0.5,none,True,True
69659,1.0,0.0,0.5,none,True,True
69660,1.0,0.0,0.5,none,True,True
69661,1.0,0.0,0.5,none,True,True
69662,1.0,0.0,0.5,none,True,True
69663,1.0,0.0,0.5,none,True,True
69664,1.0,0.0,0.5,none,True,True
69665,1.0,0.0,0.5,none,True,True
69666,1.0,0.0,0.5,none,True,True
69667,1.0,0.0,0.5,none,True,True
69668,1.0,0.0,0.5,none,True,True
69669,1.0,0.0,0.5,none,True,True
69670,1.0,0.0,0.5,none,True,True
69671,1.0,0.0,0.5,none,True,True
69672,1.0,0.0,0.5,none,True,True
69673,1.0,0.0,0.5,none,True,True
69674,1.0,0.0,0.5,none,True,True
69675,1.0,0.0,0.5,none,True,True
69676,1.0,0.0,0.5,none,True,True
69677,1.0,0.0,0.5,none,True,True
69678,1.0,0.0,0.5,none,True,True
69679,1.0,0.0,0.5,none,True,True
69680,1.0,0.0,0.5,none,True,True
69681,1.0,0.0,0.5,none,True,True
69682,1.0,0.0,0.5,none,True,True
69683,1.0,0.0,0.5,none,True,True
69684,1.0,0.0,0.5,none,True,True
69685,1.0,0.0,0.5,none,True,True
69686,1.0,0.0,0.5,none,True,True
69687,1.0,0.0,0.5,none,True,True
69688,1.0,0.0,0.5,none,True,True
69689,1.0,0.0,0.5,none,True,True
69690,1.0,0.0,0.5,none,True,True
69691,1.0,0.0,0.5,none,True,True
69692,1.0,0.0,0.5,none,True,True
69693,1.0,0.0,0.5,none,True,True
69694,1.0,0.0,0.5,none,True,True
69695,1.0,0.0,0.5,none,True,True
69696,1.0,0.0,0.5,none,True,True
69697,1.0,0.0,0.5,none,True,True
69698,1.0,0.0,0.5,none,True,True
69699,1.0,0.0,0.5,none,True,True
69700,1.0,0.0,0.5,none,True,True
69701,1.0,0.0,0.5,none,True,True
69702,1.0,0.0,0.5,none,True,True
69703,1.0,0.0,0.5,none,True,True
69704,1.0,0.0,0.5,none,True,True
69705,1.0,0.0,0.5,none,True,True
69706,1.0,0.0,0.5,none,True,True
69707,1.0,0.0,0.5,none,True,True
69708,1.0,0.0,0.5,none,True,True
69709,1.0,0.0,0.5,none,True,True
69710,1.0,0.0,0.5,none,True,True
69711,1.0,0.0,0.5,none,True,True
69712,1.0,0.0,0.5,none,True,True
69713,1.0,0.0,0.5,none,True,True
69714,1.0,0.0,0.5,none,True,True
69715,1.0,0.0,0.5,none,True,True
69716,1.0,0.0,0.5,none,True,True
69717,1.0,0.0,0.5,none,True,True
69718,1.0,0.0,0.5,none,True,True
69719,1.0,0.0,0.5,none,True,True
69720,1.0,0.0,0.5,none,True,True
69721,1.0,0.0,0.5,none,True,True
69722,1.0,0.0,0.5,none,True,True
69723,1.0,0.0,0.5,none,True,True
69724,1.0,0.0,0.5,none,True,True
69725,1.0,0.0,0.5,none,True,True
69726,1.0,0.0,0.5,none,True,True
69727,1.0,0.0,0.5,none,True,True
69728,1.0,0.0,0.5,none,True,True
69729,1.0,0.0,0.5,none,True,True
69730,1.0,0.0,0.5,none,True,True
69731,1.0,0.0,0.5,none,True,True
69732,1.0,0.0,0.5,none,True,True
69733,1.0,0.0,0.5,none,True,True
69734,1.0,0.0,0.5,none,True,True
69735,1.0,0.0,0.5,none,True,True
69736,1.0,0.0,0.5,none,True,True
69737,1.0,0.0,0.5,none,True,True
69738,1.0,0.0,0.5,none,True,True
69739,1.0,0.0,0.5,none,True,True
69740,1.0,0.0,0.5,none,True,True
69741,1.0,0.0,0.5,none,True,True
69742,1.0,0.0,0.5,none,True,True
69743,1.0,0.0,0.5,none,True,True
69744,1.0,0.0,0.5,none,True,True
69745,1.0,0.0,0.5,none,True,True
69746,1.0,0.0,0.5,none,True,True
69747,1.0,0.0,0.5,none,True,True
69748,1.0,0.0,0.5,none,True,True
69749,1.0,0.0,0.5,none,True,True
69750,1.0,0.0,0.5,none,True,True
69751,1.0,0.0,0.5,none,True,True
69752,1.0,0.0,0.5,none,True,True
69753,1.0,0.0,0.5,none,True,True
69754,1.0,0.0,0.5,none,True,True
69755,1.0,0.0,0.5,none,True,True
69756,1.0,0.0,0.5,none,True,True
69757,1.0,0.0,0.5,none,True,True
69758,1.0,0.0,0.5,none,True,True
69759,1.0,0.0,0.5,none,True,True
69760,1.0,0.0,0.5,none,True,True
69761,1.0,0.0,0.5,none,True,True
69762,1.0,0.0,0.5,none,True,True
69763,1.0,0.0,0.5,none,True,True
69764,1.0,0.0,0.5,none,True,True
69765,1.0,0.0,0.5,none,True,True
69766,1.0,0.0,0.5,none,True,True
69767,1.0,0.0,0.5,none,True,True
69768,1.0,0.0,0.5,none,True,True
69769,1.0,0.0,0.5,none,True,True
69770,1.0,0.0,0.5,none,True,True
69771,1.0,0.0,0.5,none,True,True
69772,1.0,0.0,0.5,none,True,True
69773,1.0,0.0,0.5,none,True,True
69774,1.0,0.0,0.5,none,True,True
69775,1.0,0.0,0.5,none,True,True
69776,1.0,0.0,0.5,none,True,True
69777,1.0,0.0,0.5,none,True,True
69778,1.0,0.0,0.5,none,True,True
69779,1.0,0.0,0.5,none,True,True
69780,1.0,0.0,0.5,none,True,True
69781,1.0,0.0,0.5,none,True,True
69782,1.0,0.0,0.5,none,True,True
69783,1.0,0.0,0.5,none,True,True
69784,1.0,0.0,0.5,none,True,True
69785,1.0,0.0,0.5,none,True,True
69786,1.0,0.0,0.5,none,True,True
69787,1.0,0.0,0.5,none,True,True
69788,1.0,0.0,0.5,none,True,True
69789,1.0,0.0,0.5,none,True,True
69790,1.0,0.0,0.5,none,True,True
69791,1.0,0.0,0.5,none,True,True
69792,1.0,0.0,0.5,none,True,True
69793,1.0,0.0,0.5,none,True,True
69794,1.0,0.0,0.5,none,True,True
69795,1.0,0.0,0.5,none,True,True
69796,1.0,0.0,0.5,none,True,True
69797,1.0,0.0,0.5,none,True,True
69798,1.0,0.0,0.5,none,True,True
69799,1.0,0.0,0.5,none,True,True
69800,1.0,0.0,0.5,none,True,True
69801,1.0,0.0,0.5,none,True,True
69802,1.0,0.0,0.5,none,True,True
69803,1.0,0.0,0.5,none,True,True
69804,1.0,0.0,0.5,none,True,True
69805,1.0,0.0,0.5,none,True,True
69806,1.0,0.0,0.5,none,True,True
69807,1.0,0.0,0.5,none,True,True
69808,1.0,0.0,0.5,none,True,True
69809,1.0,0.0,0.5,none,True,True
69810,1.0,0.0,0.5,none,True,True
69811,1.0,0.0,0.5,none,True,True
69812,1.0,0.0,0.5,none,True,True
69813,1.0,0.0,0.5,none,True,True
69814,1.0,0.0,0.5,none,True,True
69815,1.0,0.0,0.5,none,True,True
69816,1.0,0.0,0.5,none,True,True
69817,1.0,0.0,0.5,none,True,True
69818,1.0,0.0,0.5,none,True,True
69819,1.0,0.0,0.5,none,True,True
69820,1.0,0.0,0.5,none,True,True
69821,1.0,0.0,0.5,none,True,True
69822,1.0,0.0,0.5,none,True,True
69823,1.0,0.0,0.5,none,True,True
69824,1.0,0.0,0.5,none,True,True
69825,1.0,0.0,0.5,none,True,True
69826,1.0,0.0,0.5,none,True,True
69827,1.0,0.0,0.5,none,True,True
69828,1.0,0.0,0.5,none,True,True
69829,1.0,0.0,0.5,none,True,True
69830,1.0,0.0,0.5,none,True,True
69831,1.0,0.0,0.5,none,True,True
69832,1.0,0.0,0.5,none,True,True
69833,1.0,0.0,0.5,none,True,True
69834,1.0,0.0,0.5,none,True,True
69835,1.0,0.0,0.5,none,True,True
69836,1.0,0.0,0.5,none,True,True
69837,1.0,0.0,0.5,none,True,True
69838,1.0,0.0,0.5,none,True,True
69839,1.0,0.0,0.5,none,True,True
69840,1.0,0.0,0.5,none,True,True
69841,1.0,0.0,0.5,none,True,True
69842,1.0,0.0,0.5,none,True,True
69843,1.0,0.0,0.5,none,True,True
69844,1.0,0.0,0.5,none,True,True
69845,1.0,0.0,0.5,none,True,True
69846,1.0,0.0,0.5,none,True,True
69847,1.0,0.0,0.5,none,True,True
69848,1.0,0.0,0.5,none,True,True
69849,1.0,0.0,0.5,none,True,True
69850,1.0,0.0,0.5,none,True,True
69851,1.0,0.0,0.5,none,True,True
69852,1.0,0.0,0.5,none,True,True
69853,1.0,0.0,0.5,none,True,True
69854,1.0,0.0,0.5,none,True,True
69855,1.0,0.0,0.5,none,True,True
69856,1.0,0.0,0.5,none,True,True
69857,1.0,0.0,0.5,none,True,True
69858,1.0,0.0,0.5,none,True,True
69859,1.0,0.0,0.5,none,True,True
69860,1.0,0.0,0.5,none,True,True
69861,1.0,0.0,0.5,none,True,True
69862,1.0,0.0,0.5,none,True,True
69863,1.0,0.0,0.5,none,True,True
69864,1.0,0.0,0.5,none,True,True
69865,1.0,0.0,0.5,none,True,True
69866,1.0,0.0,0.5,none,True,True
69867,1.0,0.0,0.5,none,True,True
69868,1.0,0.0,0.5,none,True,True
69869,1.0,0.0,0.5,none,True,True
69870,1.0,0.0,0.5,none,True,True
69871,1.0,0.0,0.5,none,True,True
69872,1.0,0.0,0.5,none,True,True
69873,1.0,0.0,0.5,none,True,True
69874,1.0,0.0,0.5,none,True,True
69875,1.0,0.0,0.5,none,True,True
69876,1.0,0.0,0.5,none,True,True
69877,1.0,0.0,0.5,none,True,True
69878,1.0,0.0,0.5,none,True,True
69879,1.0,0.0,0.5,none,True,True
69880,1.0,0.0,0.5,none,True,True
69881,1.0,0.0,0.5,none,True,True
69882,1.0,0.0,0.5,none,True,True
69883,1.0,0.0,0.5,none,True,True
69884,1.0,0.0,0.5,none,True,True
69885,1.0,0.0,0.5,none,True,True
69886,1.0,0.0,0.5,none,True,True
69887,1.0,0.0,0.5,none,True,True
69888,1.0,0.0,0.5,none,True,True
69889,1.0,0.0,0.5,none,True,True
69890,1.0,0.0,0.5,none,True,True
69891,1.0,0.0,0.5,none,True,True
69892,1.0,0.0,0.5,none,True,True
69893,1.0,0.0,0.5,none,True,True
69894,1.0,0.0,0.5,none,True,True
69895,1.0,0.0,0.5,none,True,True
69896,1.0,0.0,0.5,none,True,True
69897,1.0,0.0,0.5,none,True,True
69898,1.0,0.0,0.5,none,True,True
69899,1.0,0.0,0.5,none,True,True
69900,1.0,0.0,0.5,none,True,True
69901,1.0,0.0,0.5,none,True,True
69902,1.0,0.0,0.5,none,True,True
69903,1.0,0.0,0.5,none,True,True
69904,1.0,0.0,0.5,none,True,True
69905,1.0,0.0,0.5,none,True,True
69906,1.0,0.0,0.5,none,True,True
69907,1.0,0.0,0.5,none,True,True
69908,1.0,0.0,0.5,none,True,True
69909,1.0,0.0,0.5,none,True,True
69910,1.0,0.0,0.5,none,True,True
69911,1.0,0.0,0.5,none,True,True
69912,1.0,0.0,0.5,none,True,True
69913,1.0,0.0,0.5,none,True,True
69914,1.0,0.0,0.5,none,True,True
69915,1.0,0.0,0.5,none,True,True
69916,1.0,0.0,0.5,none,True,True
69917,1.0,0.0,0.5,none,True,True
69918,1.0,0.0,0.5,none,True,True
69919,1.0,0.0,0.5,none,True,True
69920,1.0,0.0,0.5,none,True,True
69921,1.0,0.0,0.5,none,True,True
69922,1.0,0.0,0.5,none,True,True
69923,1.0,0.0,0.5,none,True,True
69924,1.0,0.0,0.5,none,True,True
69925,1.0,0.0,0.5,none,True,True
69926,1.0,0.0,0.5,none,True,True
69927,1.0,0.0,0.5,none,True,True
69928,1.0,0.0,0.5,none,True,True
69929,1.0,0.0,0.5,none,True,True
69930,1.0,0.0,0.5,none,True,True
69931,1.0,0.0,0.5,none,True,True
69932,1.0,0.0,0.5,none,True,True
69933,1.0,0.0,0.5,none,True,True
69934,1.0,0.0,0.5,none,True,True
69935,1.0,0.0,0.5,none,True,True
69936,1.0,0.0,0.5,none,True,True
69937,1.0,0.0,0.5,none,True,True
69938,1.0,0.0,0.5,none,True,True
69939,1.0,0.0,0.5,none,True,True
69940,1.0,0.0,0.5,none,True,True
69941,1.0,0.0,0.5,none,True,True
69942,1.0,0.0,0.5,none,True,True
69943,1.0,0.0,0.5,none,True,True
69944,1.0,0.0,0.5,none,True,True
69945,1.0,0.0,0.5,none,True,True
69946,1.0,0.0,0.5,none,True,True
69947,1.0,0.0,0.5,none,True,True
69948,1.0,0.0,0.5,none,True,True
69949,1.0,0.0,0.5,none,True,True
69950,1.0,0.0,0.5,none,True,True
69951,1.0,0.0,0.5,none,True,True
69952,1.0,0.0,0.5,none,True,True
69953,1.0,0.0,0.5,none,True,True
69954,1.0,0.0,0.5,none,True,True
69955,1.0,0.0,0.5,none,True,True
69956,1.0,0.0,0.5,none,True,True
69957,1.0,0.0,0.5,none,True,True
69958,1.0,0.0,0.5,none,True,True
69959,1.0,0.0,0.5,none,True,True
69960,1.0,0.0,0.5,none,True,True
69961,1.0,0.0,0.5,none,True,True
69962,1.0,0.0,0.5,none,True,True
69963,1.0,0.0,0.5,none,True,True
69964,1.0,0.0,0.5,none,True,True
69965,1.0,0.0,0.5,none,True,True
69966,1.0,0.0,0.5,none,True,True
69967,1.0,0.0,0.5,none,True,True
69968,1.0,0.0,0.5,none,True,True
69969,1.0,0.0,0.5,none,True,True
69970,1.0,0.0,0.5,none,True,True
69971,1.0,0.0,0.5,none,True,True
69972,1.0,0.0,0.5,none,True,True
69973,1.0,0.0,0.5,none,True,True
69974,1.0,0.0,0.5,none,True,True
69975,1.0,0.0,0.5,none,True,True
69976,1.0,0.0,0.5,none,True,True
69977,1.0,0.0,0.5,none,True,True
69978,1.0,0.0,0.5,none,True,True
69979,1.0,0.0,0.5,none,True,True
69980,1.0,0.0,0.5,none,True,True
69981,1.0,0.0,0.5,none,True,True
69982,1.0,0.0,0.5,none,True,True
69983,1.0,0.0,0.5,none,True,True
69984,1.0,0.0,0.5,none,True,True
69985,1.0,0.0,0.5,none,True,True
69986,1.0,0.0,0.5,none,True,True
69987,1.0,0.0,0.5,none,True,True
69988,1.0,0.0,0.5,none,True,True
69989,1.0,0.0,0.5,none,True,True
69990,1.0,0.0,0.5,none,True,True
69991,1.0,0.0,0.5,none,True,True
69992,1.0,0.0,0.5,none,True,True
69993,1.0,0.0,0.5,none,True,True
69994,1.0,0.0,0.5,none,True,True
69995,1.0,0.0,0.5,none,True,True
69996,1.0,0.0,0.5,none,True,True
69997,1.0,0.0,0.5,none,True,True
69998,1.0,0.0,0.5,none,True,True
69999,1.0,0.0,0.5,none,True,True
70000,1.0,0.0061,0.5,none,True,True
70001,1.0,0.0357,0.5,none,True,True
70002,1.0,0.0812,0.5,none,True,True
70003,1.0,0.1113,0.5,none,True,True
70004,1.0,0.1253,0.5,none,True,True
70005,1.0,0.1408,0.5,none,True,True
70006,1.0,0.0907,0.5,none,True,True
70007,1.0,0.1198,0.5,none,True,True
70008,1.0,0.0467,0.5,none,True,True
70009,1.0,0.0522,0.5,none,True,True
70010,1.0,0.0405,0.5,none,True,True
70011,1.0,0.0313,0.5,none,True,True
70012,1.0,0.0083,0.5,none,True,True
70013,1.0,0.0726,0.5,none,True,True
70014,1.0,0.0793,0.5,none,True,True
70015,1.0,0.0581,0.5,none,True,True
70016,1.0,0.0955,0.5,none,True,True
70017,1.0,0.0839,0.5,none,True,True
70018,1.0,0.0648,0.5,none,True,True
70019,1.0,0.0718,0.5,none,True,True
70020,1.0,0.0589,0.5,none,True,True
70021,1.0,0.0403,0.5,none,True,True
70022,1.0,0.0327,0.5,none,True,True
70023,1.0,0.0277,0.5,none,True,True
70024,1.0,0.017,0.5,none,True,True
70025,1.0,0.0102,0.5,none,True,True
70026,1.0,0.0099,0.5,none,True,True
70027,1.0,0.008,0.5,none,True,True
70028,1.0,0.005,0.5,none,True,True
70029,1.0,0.0063,0.5,none,True,True
70030,1.0,0.009,0.5,none,True,True
70031,1.0,0.0096,0.5,none,True,True
70032,1.0,0.0108,0.5,none,True,True
70033,1.0,0.014,0.5,none,True,True
70034,1.0,0.0161,0.5,none,True,True
70035,1.0,0.0167,0.5,none,True,True
70036,1.0,0.0182,0.5,none,True,True
70037,1.0,0.0196,0.5,none,True,True
70038,1.0,0.0197,0.5,none,True,True
70039,1.0,0.0193,0.5,none,True,True
70040,1.0,0.0193,0.5,none,True,True
70041,1.0,0.0187,0.5,none,True,True
70042,1.0,0.0174,0.5,none,True,True
70043,1.0,0.0163,0.5,none,True,True
70044,1.0,0.0152,0.5,none,True,True
70045,1.0,0.0138,0.5,none,True,True
70046,1.0,0.0123,0.5,none,True,True
70047,1.0,0.0111,0.5,none,True,True
70048,1.0,0.01,0.5,none,True,True
70049,1.0,0.0088,0.5,none,True,True
70050,1.0,0.0078,0.5,none,True,True
70051,1.0,0.0071,0.5,none,True,True
70052,1.0,0.0064,0.5,none,True,True
70053,1.0,0.0057,0.5,none,True,True
70054,1.0,0.0053,0.5,none,True,True
70055,1.0,0.005,0.5,none,True,True
70056,1.0,0.0047,0.5,none,True,True
70057,1.0,0.0045,0.5,none,True,True
70058,1.0,0.0044,0.5,none,True,True
70059,1.0,0.0043,0.5,none,True,True
70060,1.0,0.0042,0.5,none,True,True
70061,1.0,0.0041,0.5,none,True,True
70062,1.0,0.004,0.5,none,True,True
70063,1.0,0.0039,0.5,none,True,True
70064,1.0,0.0038,0.5,none,True,True
70065,1.0,0.0037,0.5,none,True,True
70066,1.0,0.0035,0.5,none,True,True
70067,1.0,0.0033,0.5,none,True,True
70068,1.0,0.0032,0.5,none,True,True
70069,1.0,0.003,0.5,none,True,True
70070,1.0,0.0028,0.5,none,True,True
70071,1.0,0.0026,0.5,none,True,True
70072,1.0,0.0024,0.5,none,True,True
70073,1.0,0.0023,0.5,none,True,True
70074,1.0,0.0021,0.5,none,True,True
70075,1.0,0.0019,0.5,none,True,True
70076,1.0,0.0018,0.5,none,True,True
70077,1.0,0.0017,0.5,none,True,True
70078,1.0,0.0015,0.5,none,True,True
70079,1.0,0.0014,0.5,none,True,True
70080,1.0,0.0013,0.5,none,True,True
70081,1.0,0.0013,0.5,none,True,True
70082,1.0,0.0012,0.5,none,True,True
70083,1.0,0.0011,0.5,none,True,True
70084,1.0,0.0011,0.5,none,True,True
70085,1.0,0.001,0.5,none,True,True
70086,1.0,0.001,0.5,none,True,True
70087,1.0,0.0009,0.5,none,True,True
70088,1.0,0.0009,0.5,none,True,True
70089,1.0,0.0008,0.5,none,True,True
70090,1.0,0.0008,0.5,none,True,True
70091,1.0,0.0008,0.5,none,True,True
70092,1.0,0.0007,0.5,none,True,True
70093,1.0,0.0007,0.5,none,True,True
70094,1.0,0.0006,0.5,none,True,True
70095,1.0,0.0006,0.5,none,True,True
70096,1.0,0.0006,0.5,none,True,True
70097,1.0,0.0005,0.5,none,True,True
70098,1.0,0.0005,0.5,none,True,True
70099,1.0,0.0005,0.5,none,True,True
70100,1.0,0.0004,0.5,none,True,True
70101,1.0,0.0004,0.5,none,True,True
70102,1.0,0.0004,0.5,none,True,True
70103,1.0,0.0004,0.5,none,True,True
70104,1.0,0.0003,0.5,none,True,True
70105,1.0,0.0003,0.5,none,True,True
70106,1.0,0.0003,0.5,none,True,True
70107,1.0,0.0003,0.5,none,True,True
70108,1.0,0.0003,0.5,none,True,True
70109,1.0,0.0003,0.5,none,True,True
70110,1.0,0.0002,0.5,none,True,True
70111,1.0,0.0002,0.5,none,True,True
70112,1.0,0.0002,0.5,none,True,True
70113,1.0,0.0002,0.5,none,True,True
70114,1.0,0.0002,0.5,none,True,True
70115,1.0,0.0002,0.5,none,True,True
70116,1.0,0.0002,0.5,none,True,True
70117,1.0,0.0002,0.5,none,True,True
70118,1.0,0.0002,0.5,none,True,True
70119,1.0,0.0001,0.5,none,True,True
70120,1.0,0.0001,0.5,none,True,True
70121,1.0,0.0001,0.5,none,True,True
70122,1.0,0.0001,0.5,none,True,True
70123,1.0,0.0001,0.5,none,True,True
70124,1.0,0.0001,0.5,none,True,True
70125,1.0,0.0001,0.5,none,True,True
70126,1.0,0.0001,0.5,none,True,True
70127,1.0,0.0001,0.5,none,True,True
70128,1.0,0.0001,0.5,none,True,True
70129,1.0,0.0001,0.5,none,True,True
70130,1.0,0.0001,0.5,none,True,True
70131,1.0,0.0001,0.5,none,True,True
70132,1.0,0.0001,0.5,none,True,True
70133,1.0,0.0001,0.5,none,True,True
70134,1.0,0.0001,0.5,none,True,True
70135,1.0,0.0001,0.5,none,True,True
70136,1.0,0.0001,0.5,none,True,True
70137,1.0,0.0,0.5,none,True,True
70138,1.0,0.0,0.5,none,True,True
70139,1.0,0.0,0.5,none,True,True
70140,1.0,0.0,0.5,none,True,True
70141,1.0,0.0,0.5,none,True,True
70142,1.0,0.0,0.5,none,True,True
70143,1.0,0.0,0.5,none,True,True
70144,1.0,0.0,0.5,none,True,True
70145,1.0,0.0,0.5,none,True,True
70146,1.0,0.0,0.5,none,True,True
70147,1.0,0.0,0.5,none,True,True
70148,1.0,0.0,0.5,none,True,True
70149,1.0,0.0,0.5,none,True,True
70150,1.0,0.0,0.5,none,True,True
70151,1.0,0.0,0.5,none,True,True
70152,1.0,0.0,0.5,none,True,True
70153,1.0,0.0,0.5,none,True,True
70154,1.0,0.0,0.5,none,True,True
70155,1.0,0.0,0.5,none,True,True
70156,1.0,0.0,0.5,none,True,True
70157,1.0,0.0,0.5,none,True,True
70158,1.0,0.0,0.5,none,True,True
70159,1.0,0.0,0.5,none,True,True
70160,1.0,0.0,0.5,none,True,True
70161,1.0,0.0,0.5,none,True,True
70162,1.0,0.0,0.5,none,True,True
70163,1.0,0.0,0.5,none,True,True
70164,1.0,0.0,0.5,none,True,True
70165,1.0,0.0,0.5,none,True,True
70166,1.0,0.0,0.5,none,True,True
70167,1.0,0.0,0.5,none,True,True
70168,1.0,0.0,0.5,none,True,True
70169,1.0,0.0,0.5,none,True,True
70170,1.0,0.0,0.5,none,True,True
70171,1.0,0.0,0.5,none,True,True
70172,1.0,0.0,0.5,none,True,True
70173,1.0,0.0,0.5,none,True,True
70174,1.0,0.0,0.5,none,True,True
70175,1.0,0.0,0.5,none,True,True
70176,1.0,0.0,0.5,none,True,True
70177,1.0,0.0,0.5,none,True,True
70178,1.0,0.0,0.5,none,True,True
70179,1.0,0.0,0.5,none,True,True
70180,1.0,0.0,0.5,none,True,True
70181,1.0,0.0,0.5,none,True,True
70182,1.0,0.0,0.5,none,True,True
70183,1.0,0.0,0.5,none,True,True
70184,1.0,0.0,0.5,none,True,True
70185,1.0,0.0,0.5,none,True,True
70186,1.0,0.0,0.5,none,True,True
70187,1.0,0.0,0.5,none,True,True
70188,1.0,0.0,0.5,none,True,True
70189,1.0,0.0,0.5,none,True,True
70190,1.0,0.0,0.5,none,True,True
70191,1.0,0.0,0.5,none,True,True
70192,1.0,0.0,0.5,none,True,True
70193,1.0,0.0,0.5,none,True,True
70194,1.0,0.0,0.5,none,True,True
70195,1.0,0.0,0.5,none,True,True
70196,1.0,0.0,0.5,none,True,True
70197,1.0,0.0,0.5,none,True,True
70198,1.0,0.0,0.5,none,True,True
70199,1.0,0.0,0.5,none,True,True
70200,1.0,0.0,0.5,none,True,True
70201,1.0,0.0,0.5,none,True,True
70202,1.0,0.0,0.5,none,True,True
70203,1.0,0.0,0.5,none,True,True
70204,1.0,0.0,0.5,none,True,True
70205,1.0,0.0,0.5,none,True,True
70206,1.0,0.0,0.5,none,True,True
70207,1.0,0.0,0.5,none,True,True
70208,1.0,0.0,0.5,none,True,True
70209,1.0,0.0,0.5,none,True,True
70210,1.0,0.0,0.5,none,True,True
70211,1.0,0.0,0.5,none,True,True
70212,1.0,0.0,0.5,none,True,True
70213,1.0,0.0,0.5,none,True,True
70214,1.0,0.0,0.5,none,True,True
70215,1.0,0.0,0.5,none,True,True
70216,1.0,0.0,0.5,none,True,True
70217,1.0,0.0,0.5,none,True,True
70218,1.0,0.0,0.5,none,True,True
70219,1.0,0.0,0.5,none,True,True
70220,1.0,0.0,0.5,none,True,True
70221,1.0,0.0,0.5,none,True,True
70222,1.0,0.0,0.5,none,True,True
70223,1.0,0.0,0.5,none,True,True
70224,1.0,0.0,0.5,none,True,True
70225,1.0,0.0,0.5,none,True,True
70226,1.0,0.0,0.5,none,True,True
70227,1.0,0.0,0.5,none,True,True
70228,1.0,0.0,0.5,none,True,True
70229,1.0,0.0,0.5,none,True,True
70230,1.0,0.0,0.5,none,True,True
70231,1.0,0.0,0.5,none,True,True
70232,1.0,0.0,0.5,none,True,True
70233,1.0,0.0,0.5,none,True,True
70234,1.0,0.0,0.5,none,True,True
70235,1.0,0.0,0.5,none,True,True
70236,1.0,0.0,0.5,none,True,True
70237,1.0,0.0,0.5,none,True,True
70238,1.0,0.0,0.5,none,True,True
70239,1.0,0.0,0.5,none,True,True
70240,1.0,0.0,0.5,none,True,True
70241,1.0,0.0,0.5,none,True,True
70242,1.0,0.0,0.5,none,True,True
70243,1.0,0.0,0.5,none,True,True
70244,1.0,0.0,0.5,none,True,True
70245,1.0,0.0,0.5,none,True,True
70246,1.0,0.0,0.5,none,True,True
70247,1.0,0.0,0.5,none,True,True
70248,1.0,0.0,0.5,none,True,True
70249,1.0,0.0,0.5,none,True,True
70250,1.0,0.0,0.5,none,True,True
70251,1.0,0.0,0.5,none,True,True
70252,1.0,0.0,0.5,none,True,True
70253,1.0,0.0,0.5,none,True,True
70254,1.0,0.0,0.5,none,True,True
70255,1.0,0.0,0.5,none,True,True
70256,1.0,0.0,0.5,none,True,True
70257,1.0,0.0,0.5,none,True,True
70258,1.0,0.0,0.5,none,True,True
70259,1.0,0.0,0.5,none,True,True
70260,1.0,0.0,0.5,none,True,True
70261,1.0,0.0,0.5,none,True,True
70262,1.0,0.0,0.5,none,True,True
70263,1.0,0.0,0.5,none,True,True
70264,1.0,0.0,0.5,none,True,True
70265,1.0,0.0,0.5,none,True,True
70266,1.0,0.0,0.5,none,True,True
70267,1.0,0.0,0.5,none,True,True
70268,1.0,0.0,0.5,none,True,True
70269,1.0,0.0,0.5,none,True,True
70270,1.0,0.0,0.5,none,True,True
70271,1.0,0.0,0.5,none,True,True
70272,1.0,0.0,0.5,none,True,True
70273,1.0,0.0,0.5,none,True,True
70274,1.0,0.0,0.5,none,True,True
70275,1.0,0.0,0.5,none,True,True
70276,1.0,0.0,0.5,none,True,True
70277,1.0,0.0,0.5,none,True,True
70278,1.0,0.0,0.5,none,True,True
70279,1.0,0.0,0.5,none,True,True
70280,1.0,0.0,0.5,none,True,True
70281,1.0,0.0,0.5,none,True,True
70282,1.0,0.0,0.5,none,True,True
70283,1.0,0.0,0.5,none,True,True
70284,1.0,0.0,0.5,none,True,True
70285,1.0,0.0,0.5,none,True,True
70286,1.0,0.0,0.5,none,True,True
70287,1.0,0.0,0.5,none,True,True
70288,1.0,0.0,0.5,none,True,True
70289,1.0,0.0,0.5,none,True,True
70290,1.0,0.0,0.5,none,True,True
70291,1.0,0.0,0.5,none,True,True
70292,1.0,0.0,0.5,none,True,True
70293,1.0,0.0,0.5,none,True,True
70294,1.0,0.0,0.5,none,True,True
70295,1.0,0.0,0.5,none,True,True
70296,1.0,0.0,0.5,none,True,True
70297,1.0,0.0,0.5,none,True,True
70298,1.0,0.0,0.5,none,True,True
70299,1.0,0.0,0.5,none,True,True
70300,1.0,0.0,0.5,none,True,True
70301,1.0,0.0,0.5,none,True,True
70302,1.0,0.0,0.5,none,True,True
70303,1.0,0.0,0.5,none,True,True
70304,1.0,0.0,0.5,none,True,True
70305,1.0,0.0,0.5,none,True,True
70306,1.0,0.0,0.5,none,True,True
70307,1.0,0.0,0.5,none,True,True
70308,1.0,0.0,0.5,none,True,True
70309,1.0,0.0,0.5,none,True,True
70310,1.0,0.0,0.5,none,True,True
70311,1.0,0.0,0.5,none,True,True
70312,1.0,0.0,0.5,none,True,True
70313,1.0,0.0,0.5,none,True,True
70314,1.0,0.0,0.5,none,True,True
70315,1.0,0.0,0.5,none,True,True
70316,1.0,0.0,0.5,none,True,True
70317,1.0,0.0,0.5,none,True,True
70318,1.0,0.0,0.5,none,True,True
70319,1.0,0.0,0.5,none,True,True
70320,1.0,0.0,0.5,none,True,True
70321,1.0,0.0,0.5,none,True,True
70322,1.0,0.0,0.5,none,True,True
70323,1.0,0.0,0.5,none,True,True
70324,1.0,0.0,0.5,none,True,True
70325,1.0,0.0,0.5,none,True,True
70326,1.0,0.0,0.5,none,True,True
70327,1.0,0.0,0.5,none,True,True
70328,1.0,0.0,0.5,none,True,True
70329,1.0,0.0,0.5,none,True,True
70330,1.0,0.0,0.5,none,True,True
70331,1.0,0.0,0.5,none,True,True
70332,1.0,0.0,0.5,none,True,True
70333,1.0,0.0,0.5,none,True,True
70334,1.0,0.0,0.5,none,True,True
70335,1.0,0.0,0.5,none,True,True
70336,1.0,0.0,0.5,none,True,True
70337,1.0,0.0,0.5,none,True,True
70338,1.0,0.0,0.5,none,True,True
70339,1.0,0.0,0.5,none,True,True
70340,1.0,0.0,0.5,none,True,True
70341,1.0,0.0,0.5,none,True,True
70342,1.0,0.0,0.5,none,True,True
70343,1.0,0.0,0.5,none,True,True
70344,1.0,0.0,0.5,none,True,True
70345,1.0,0.0,0.5,none,True,True
70346,1.0,0.0,0.5,none,True,True
70347,1.0,0.0,0.5,none,True,True
70348,1.0,0.0,0.5,none,True,True
70349,1.0,0.0,0.5,none,True,True
70350,1.0,0.0,0.5,none,True,True
70351,1.0,0.0,0.5,none,True,True
70352,1.0,0.0,0.5,none,True,True
70353,1.0,0.0,0.5,none,True,True
70354,1.0,0.0,0.5,none,True,True
70355,1.0,0.0,0.5,none,True,True
70356,1.0,0.0,0.5,none,True,True
70357,1.0,0.0,0.5,none,True,True
70358,1.0,0.0,0.5,none,True,True
70359,1.0,0.0,0.5,none,True,True
70360,1.0,0.0,0.5,none,True,True
70361,1.0,0.0,0.5,none,True,True
70362,1.0,0.0,0.5,none,True,True
70363,1.0,0.0,0.5,none,True,True
70364,1.0,0.0,0.5,none,True,True
70365,1.0,0.0,0.5,none,True,True
70366,1.0,0.0,0.5,none,True,True
70367,1.0,0.0,0.5,none,True,True
70368,1.0,0.0,0.5,none,True,True
70369,1.0,0.0,0.5,none,True,True
70370,1.0,0.0,0.5,none,True,True
70371,1.0,0.0,0.5,none,True,True
70372,1.0,0.0,0.5,none,True,True
70373,1.0,0.0,0.5,none,True,True
70374,1.0,0.0,0.5,none,True,True
70375,1.0,0.0,0.5,none,True,True
70376,1.0,0.0,0.5,none,True,True
70377,1.0,0.0,0.5,none,True,True
70378,1.0,0.0,0.5,none,True,True
70379,1.0,0.0,0.5,none,True,True
70380,1.0,0.0,0.5,none,True,True
70381,1.0,0.0,0.5,none,True,True
70382,1.0,0.0,0.5,none,True,True
70383,1.0,0.0,0.5,none,True,True
70384,1.0,0.0,0.5,none,True,True
70385,1.0,0.0,0.5,none,True,True
70386,1.0,0.0,0.5,none,True,True
70387,1.0,0.0,0.5,none,True,True
70388,1.0,0.0,0.5,none,True,True
70389,1.0,0.0,0.5,none,True,True
70390,1.0,0.0,0.5,none,True,True
70391,1.0,0.0,0.5,none,True,True
70392,1.0,0.0,0.5,none,True,True
70393,1.0,0.0,0.5,none,True,True
70394,1.0,0.0,0.5,none,True,True
70395,1.0,0.0,0.5,none,True,True
70396,1.0,0.0,0.5,none,True,True
70397,1.0,0.0,0.5,none,True,True
70398,1.0,0.0,0.5,none,True,True
70399,1.0,0.0,0.5,none,True,True
70400,1.0,0.0,0.5,none,True,True
70401,1.0,0.0,0.5,none,True,True
70402,1.0,0.0,0.5,none,True,True
70403,1.0,0.0,0.5,none,True,True
70404,1.0,0.0,0.5,none,True,True
70405,1.0,0.0,0.5,none,True,True
70406,1.0,0.0,0.5,none,True,True
70407,1.0,0.0,0.5,none,True,True
70408,1.0,0.0,0.5,none,True,True
70409,1.0,0.0,0.5,none,True,True
70410,1.0,0.0,0.5,none,True,True
70411,1.0,0.0,0.5,none,True,True
70412,1.0,0.0,0.5,none,True,True
70413,1.0,0.0,0.5,none,True,True
70414,1.0,0.0,0.5,none,True,True
70415,1.0,0.0,0.5,none,True,True
70416,1.0,0.0,0.5,none,True,True
70417,1.0,0.0,0.5,none,True,True
70418,1.0,0.0,0.5,none,True,True
70419,1.0,0.0,0.5,none,True,True
70420,1.0,0.0,0.5,none,True,True
70421,1.0,0.0,0.5,none,True,True
70422,1.0,0.0,0.5,none,True,True
70423,1.0,0.0,0.5,none,True,True
70424,1.0,0.0,0.5,none,True,True
70425,1.0,0.0,0.5,none,True,True
70426,1.0,0.0,0.5,none,True,True
70427,1.0,0.0,0.5,none,True,True
70428,1.0,0.0,0.5,none,True,True
70429,1.0,0.0,0.5,none,True,True
70430,1.0,0.0,0.5,none,True,True
70431,1.0,0.0,0.5,none,True,True
70432,1.0,0.0,0.5,none,True,True
70433,1.0,0.0,0.5,none,True,True
70434,1.0,0.0,0.5,none,True,True
70435,1.0,0.0,0.5,none,True,True
70436,1.0,0.0,0.5,none,True,True
70437,1.0,0.0,0.5,none,True,True
70438,1.0,0.0,0.5,none,True,True
70439,1.0,0.0,0.5,none,True,True
70440,1.0,0.0,0.5,none,True,True
70441,1.0,0.0,0.5,none,True,True
70442,1.0,0.0,0.5,none,True,True
70443,1.0,0.0,0.5,none,True,True
70444,1.0,0.0,0.5,none,True,True
70445,1.0,0.0,0.5,none,True,True
70446,1.0,0.0,0.5,none,True,True
70447,1.0,0.0,0.5,none,True,True
70448,1.0,0.0,0.5,none,True,True
70449,1.0,0.0,0.5,none,True,True
70450,1.0,0.0,0.5,none,True,True
70451,1.0,0.0,0.5,none,True,True
70452,1.0,0.0,0.5,none,True,True
70453,1.0,0.0,0.5,none,True,True
70454,1.0,0.0,0.5,none,True,True
70455,1.0,0.0,0.5,none,True,True
70456,1.0,0.0,0.5,none,True,True
70457,1.0,0.0,0.5,none,True,True
70458,1.0,0.0,0.5,none,True,True
70459,1.0,0.0,0.5,none,True,True
70460,1.0,0.0,0.5,none,True,True
70461,1.0,0.0,0.5,none,True,True
70462,1.0,0.0,0.5,none,True,True
70463,1.0,0.0,0.5,none,True,True
70464,1.0,0.0,0.5,none,True,True
70465,1.0,0.0,0.5,none,True,True
70466,1.0,0.0,0.5,none,True,True
70467,1.0,0.0,0.5,none,True,True
70468,1.0,0.0,0.5,none,True,True
70469,1.0,0.0,0.5,none,True,True
70470,1.0,0.0,0.5,none,True,True
70471,1.0,0.0,0.5,none,True,True
70472,1.0,0.0,0.5,none,True,True
70473,1.0,0.0,0.5,none,True,True
70474,1.0,0.0,0.5,none,True,True
70475,1.0,0.0,0.5,none,True,True
70476,1.0,0.0,0.5,none,True,True
70477,1.0,0.0,0.5,none,True,True
70478,1.0,0.0,0.5,none,True,True
70479,1.0,0.0,0.5,none,True,True
70480,1.0,0.0,0.5,none,True,True
70481,1.0,0.0,0.5,none,True,True
70482,1.0,0.0,0.5,none,True,True
70483,1.0,0.0,0.5,none,True,True
70484,1.0,0.0,0.5,none,True,True
70485,1.0,0.0,0.5,none,True,True
70486,1.0,0.0,0.5,none,True,True
70487,1.0,0.0,0.5,none,True,True
70488,1.0,0.0,0.5,none,True,True
70489,1.0,0.0,0.5,none,True,True
70490,1.0,0.0,0.5,none,True,True
70491,1.0,0.0,0.5,none,True,True
70492,1.0,0.0,0.5,none,True,True
70493,1.0,0.0,0.5,none,True,True
70494,1.0,0.0,0.5,none,True,True
70495,1.0,0.0,0.5,none,True,True
70496,1.0,0.0,0.5,none,True,True
70497,1.0,0.0,0.5,none,True,True
70498,1.0,0.0,0.5,none,True,True
70499,1.0,0.0,0.5,none,True,True
70500,1.0,0.0,0.5,none,True,True
70501,1.0,0.0,0.5,none,True,True
70502,1.0,0.0,0.5,none,True,True
70503,1.0,0.0,0.5,none,True,True
70504,1.0,0.0,0.5,none,True,True
70505,1.0,0.0,0.5,none,True,True
70506,1.0,0.0,0.5,none,True,True
70507,1.0,0.0,0.5,none,True,True
70508,1.0,0.0,0.5,none,True,True
70509,1.0,0.0,0.5,none,True,True
70510,1.0,0.0,0.5,none,True,True
70511,1.0,0.0,0.5,none,True,True
70512,1.0,0.0,0.5,none,True,True
70513,1.0,0.0,0.5,none,True,True
70514,1.0,0.0,0.5,none,True,True
70515,1.0,0.0,0.5,none,True,True
70516,1.0,0.0,0.5,none,True,True
70517,1.0,0.0,0.5,none,True,True
70518,1.0,0.0,0.5,none,True,True
70519,1.0,0.0,0.5,none,True,True
70520,1.0,0.0,0.5,none,True,True
70521,1.0,0.0,0.5,none,True,True
70522,1.0,0.0,0.5,none,True,True
70523,1.0,0.0,0.5,none,True,True
70524,1.0,0.0,0.5,none,True,True
70525,1.0,0.0,0.5,none,True,True
70526,1.0,0.0,0.5,none,True,True
70527,1.0,0.0,0.5,none,True,True
70528,1.0,0.0,0.5,none,True,True
70529,1.0,0.0,0.5,none,True,True
70530,1.0,0.0,0.5,none,True,True
70531,1.0,0.0,0.5,none,True,True
70532,1.0,0.0,0.5,none,True,True
70533,1.0,0.0,0.5,none,True,True
70534,1.0,0.0,0.5,none,True,True
70535,1.0,0.0,0.5,none,True,True
70536,1.0,0.0,0.5,none,True,True
70537,1.0,0.0,0.5,none,True,True
70538,1.0,0.0,0.5,none,True,True
70539,1.0,0.0,0.5,none,True,True
70540,1.0,0.0,0.5,none,True,True
70541,1.0,0.0,0.5,none,True,True
70542,1.0,0.0,0.5,none,True,True
70543,1.0,0.0,0.5,none,True,True
70544,1.0,0.0,0.5,none,True,True
70545,1.0,0.0,0.5,none,True,True
70546,1.0,0.0,0.5,none,True,True
70547,1.0,0.0,0.5,none,True,True
70548,1.0,0.0,0.5,none,True,True
70549,1.0,0.0,0.5,none,True,True
70550,1.0,0.0,0.5,none,True,True
70551,1.0,0.0,0.5,none,True,True
70552,1.0,0.0,0.5,none,True,True
70553,1.0,0.0,0.5,none,True,True
70554,1.0,0.0,0.5,none,True,True
70555,1.0,0.0,0.5,none,True,True
70556,1.0,0.0,0.5,none,True,True
70557,1.0,0.0,0.5,none,True,True
70558,1.0,0.0,0.5,none,True,True
70559,1.0,0.0,0.5,none,True,True
70560,1.0,0.0,0.5,none,True,True
70561,1.0,0.0,0.5,none,True,True
70562,1.0,0.0,0.5,none,True,True
70563,1.0,0.0,0.5,none,True,True
70564,1.0,0.0,0.5,none,True,True
70565,1.0,0.0,0.5,none,True,True
70566,1.0,0.0,0.5,none,True,True
70567,1.0,0.0,0.5,none,True,True
70568,1.0,0.0,0.5,none,True,True
70569,1.0,0.0,0.5,none,True,True
70570,1.0,0.0,0.5,none,True,True
70571,1.0,0.0,0.5,none,True,True
70572,1.0,0.0,0.5,none,True,True
70573,1.0,0.0,0.5,none,True,True
70574,1.0,0.0,0.5,none,True,True
70575,1.0,0.0,0.5,none,True,True
70576,1.0,0.0,0.5,none,True,True
70577,1.0,0.0,0.5,none,True,True
70578,1.0,0.0,0.5,none,True,True
70579,1.0,0.0,0.5,none,True,True
70580,1.0,0.0,0.5,none,True,True
70581,1.0,0.0,0.5,none,True,True
70582,1.0,0.0,0.5,none,True,True
70583,1.0,0.0,0.5,none,True,True
70584,1.0,0.0,0.5,none,True,True
70585,1.0,0.0,0.5,none,True,True
70586,1.0,0.0,0.5,none,True,True
70587,1.0,0.0,0.5,none,True,True
70588,1.0,0.0,0.5,none,True,True
70589,1.0,0.0,0.5,none,True,True
70590,1.0,0.0,0.5,none,True,True
70591,1.0,0.0,0.5,none,True,True
70592,1.0,0.0,0.5,none,True,True
70593,1.0,0.0,0.5,none,True,True
70594,1.0,0.0,0.5,none,True,True
70595,1.0,0.0,0.5,none,True,True
70596,1.0,0.0,0.5,none,True,True
70597,1.0,0.0,0.5,none,True,True
70598,1.0,0.0,0.5,none,True,True
70599,1.0,0.0,0.5,none,True,True
70600,1.0,0.0,0.5,none,True,True
70601,1.0,0.0,0.5,none,True,True
70602,1.0,0.0,0.5,none,True,True
70603,1.0,0.0,0.5,none,True,True
70604,1.0,0.0,0.5,none,True,True
70605,1.0,0.0,0.5,none,True,True
70606,1.0,0.0,0.5,none,True,True
70607,1.0,0.0,0.5,none,True,True
70608,1.0,0.0,0.5,none,True,True
70609,1.0,0.0,0.5,none,True,True
70610,1.0,0.0,0.5,none,True,True
70611,1.0,0.0,0.5,none,True,True
70612,1.0,0.0,0.5,none,True,True
70613,1.0,0.0,0.5,none,True,True
70614,1.0,0.0,0.5,none,True,True
70615,1.0,0.0,0.5,none,True,True
70616,1.0,0.0,0.5,none,True,True
70617,1.0,0.0,0.5,none,True,True
70618,1.0,0.0,0.5,none,True,True
70619,1.0,0.0,0.5,none,True,True
70620,1.0,0.0,0.5,none,True,True
70621,1.0,0.0,0.5,none,True,True
70622,1.0,0.0,0.5,none,True,True
70623,1.0,0.0,0.5,none,True,True
70624,1.0,0.0,0.5,none,True,True
70625,1.0,0.0,0.5,none,True,True
70626,1.0,0.0,0.5,none,True,True
70627,1.0,0.0,0.5,none,True,True
70628,1.0,0.0,0.5,none,True,True
70629,1.0,0.0,0.5,none,True,True
70630,1.0,0.0,0.5,none,True,True
70631,1.0,0.0,0.5,none,True,True
70632,1.0,0.0,0.5,none,True,True
70633,1.0,0.0,0.5,none,True,True
70634,1.0,0.0,0.5,none,True,True
70635,1.0,0.0,0.5,none,True,True
70636,1.0,0.0,0.5,none,True,True
70637,1.0,0.0,0.5,none,True,True
70638,1.0,0.0,0.5,none,True,True
70639,1.0,0.0,0.5,none,True,True
70640,1.0,0.0,0.5,none,True,True
70641,1.0,0.0,0.5,none,True,True
70642,1.0,0.0,0.5,none,True,True
70643,1.0,0.0,0.5,none,True,True
70644,1.0,0.0,0.5,none,True,True
70645,1.0,0.0,0.5,none,True,True
70646,1.0,0.0,0.5,none,True,True
70647,1.0,0.0,0.5,none,True,True
70648,1.0,0.0,0.5,none,True,True
70649,1.0,0.0,0.5,none,True,True
70650,1.0,0.0,0.5,none,True,True
70651,1.0,0.0,0.5,none,True,True
70652,1.0,0.0,0.5,none,True,True
70653,1.0,0.0,0.5,none,True,True
70654,1.0,0.0,0.5,none,True,True
70655,1.0,0.0,0.5,none,True,True
70656,1.0,0.0,0.5,none,True,True
70657,1.0,0.0,0.5,none,True,True
70658,1.0,0.0,0.5,none,True,True
70659,1.0,0.0,0.5,none,True,True
70660,1.0,0.0,0.5,none,True,True
70661,1.0,0.0,0.5,none,True,True
70662,1.0,0.0,0.5,none,True,True
70663,1.0,0.0,0.5,none,True,True
70664,1.0,0.0,0.5,none,True,True
70665,1.0,0.0,0.5,none,True,True
70666,1.0,0.0,0.5,none,True,True
70667,1.0,0.0,0.5,none,True,True
70668,1.0,0.0,0.5,none,True,True
70669,1.0,0.0,0.5,none,True,True
70670,1.0,0.0,0.5,none,True,True
70671,1.0,0.0,0.5,none,True,True
70672,1.0,0.0,0.5,none,True,True
70673,1.0,0.0,0.5,none,True,True
70674,1.0,0.0,0.5,none,True,True
70675,1.0,0.0,0.5,none,True,True
70676,1.0,0.0,0.5,none,True,True
70677,1.0,0.0,0.5,none,True,True
70678,1.0,0.0,0.5,none,True,True
70679,1.0,0.0,0.5,none,True,True
70680,1.0,0.0,0.5,none,True,True
70681,1.0,0.0,0.5,none,True,True
70682,1.0,0.0,0.5,none,True,True
70683,1.0,0.0,0.5,none,True,True
70684,1.0,0.0,0.5,none,True,True
70685,1.0,0.0,0.5,none,True,True
70686,1.0,0.0,0.5,none,True,True
70687,1.0,0.0,0.5,none,True,True
70688,1.0,0.0,0.5,none,True,True
70689,1.0,0.0,0.5,none,True,True
70690,1.0,0.0,0.5,none,True,True
70691,1.0,0.0,0.5,none,True,True
70692,1.0,0.0,0.5,none,True,True
70693,1.0,0.0,0.5,none,True,True
70694,1.0,0.0,0.5,none,True,True
70695,1.0,0.0,0.5,none,True,True
70696,1.0,0.0,0.5,none,True,True
70697,1.0,0.0,0.5,none,True,True
70698,1.0,0.0,0.5,none,True,True
70699,1.0,0.0,0.5,none,True,True
70700,1.0,0.0061,0.5,none,True,True
70701,1.0,0.0357,0.5,none,True,True
70702,1.0,0.0812,0.5,none,True,True
70703,1.0,0.1113,0.5,none,True,True
70704,1.0,0.1253,0.5,none,True,True
70705,1.0,0.1408,0.5,none,True,True
70706,1.0,0.0907,0.5,none,True,True
70707,1.0,0.1198,0.5,none,True,True
70708,1.0,0.0467,0.5,none,True,True
70709,1.0,0.0522,0.5,none,True,True
70710,1.0,0.0405,0.5,none,True,True
70711,1.0,0.0313,0.5,none,True,True
70712,1.0,0.0083,0.5,none,True,True
70713,1.0,0.0726,0.5,none,True,True
70714,1.0,0.0793,0.5,none,True,True
70715,1.0,0.0581,0.5,none,True,True
70716,1.0,0.0955,0.5,none,True,True
70717,1.0,0.0839,0.5,none,True,True
70718,1.0,0.0648,0.5,none,True,True
70719,1.0,0.0718,0.5,none,True,True
70720,1.0,0.0589,0.5,none,True,True
70721,1.0,0.0403,0.5,none,True,True
70722,1.0,0.0327,0.5,none,True,True
70723,1.0,0.0277,0.5,none,True,True
70724,1.0,0.017,0.5,none,True,True
70725,1.0,0.0102,0.5,none,True,True
70726,1.0,0.0099,0.5,none,True,True
70727,1.0,0.008,0.5,none,True,True
70728,1.0,0.005,0.5,none,True,True
70729,1.0,0.0063,0.5,none,True,True
70730,1.0,0.009,0.5,none,True,True
70731,1.0,0.0096,0.5,none,True,True
70732,1.0,0.0108,0.5,none,True,True
70733,1.0,0.014,0.5,none,True,True
70734,1.0,0.0161,0.5,none,True,True
70735,1.0,0.0167,0.5,none,True,True
70736,1.0,0.0182,0.5,none,True,True
70737,1.0,0.0196,0.5,none,True,True
70738,1.0,0.0197,0.5,none,True,True
70739,1.0,0.0193,0.5,none,True,True
70740,1.0,0.0193,0.5,none,True,True
70741,1.0,0.0187,0.5,none,True,True
70742,1.0,0.0174,0.5,none,True,True
70743,1.0,0.0163,0.5,none,True,True
70744,1.0,0.0152,0.5,none,True,True
70745,1.0,0.0138,0.5,none,True,True
70746,1.0,0.0123,0.5,none,True,True
70747,1.0,0.0111,0.5,none,True,True
70748,1.0,0.01,0.5,none,True,True
70749,1.0,0.0088,0.5,none,True,True
70750,1.0,0.0078,0.5,none,True,True
70751,1.0,0.0071,0.5,none,True,True
70752,1.0,0.0064,0.5,none,True,True
70753,1.0,0.0057,0.5,none,True,True
70754,1.0,0.0053,0.5,none,True,True
70755,1.0,0.005,0.5,none,True,True
70756,1.0,0.0047,0.5,none,True,True
70757,1.0,0.0045,0.5,none,True,True
70758,1.0,0.0044,0.5,none,True,True
70759,1.0,0.0043,0.5,none,True,True
70760,1.0,0.0042,0.5,none,True,True
70761,1.0,0.0041,0.5,none,True,True
70762,1.0,0.004,0.5,none,True,True
70763,1.0,0.0039,0.5,none,True,True
70764,1.0,0.0038,0.5,none,True,True
70765,1.0,0.0037,0.5,none,True,True
70766,1.0,0.0035,0.5,none,True,True
70767,1.0,0.0033,0.5,none,True,True
70768,1.0,0.0032,0.5,none,True,True
70769,1.0,0.003,0.5,none,True,True
70770,1.0,0.0028,0.5,none,True,True
70771,1.0,0.0026,0.5,none,True,True
70772,1.0,0.0024,0.5,none,True,True
70773,1.0,0.0023,0.5,none,True,True
70774,1.0,0.0021,0.5,none,True,True
70775,1.0,0.0019,0.5,none,True,True
70776,1.0,0.0018,0.5,none,True,True
70777,1.0,0.0017,0.5,none,True,True
70778,1.0,0.0015,0.5,none,True,True
70779,1.0,0.0014,0.5,none,True,True
70780,1.0,0.0013,0.5,none,True,True
70781,1.0,0.0013,0.5,none,True,True
70782,1.0,0.0012,0.5,none,True,True
70783,1.0,0.0011,0.5,none,True,True
70784,1.0,0.0011,0.5,none,True,True
70785,1.0,0.001,0.5,none,True,True
70786,1.0,0.001,0.5,none,True,True
70787,1.0,0.0009,0.5,none,True,True
70788,1.0,0.0009,0.5,none,True,True
70789,1.0,0.0008,0.5,none,True,True
70790,1.0,0.0008,0.5,none,True,True
70791,1.0,0.0008,0.5,none,True,True
70792,1.0,0.0007,0.5,none,True,True
70793,1.0,0.0007,0.5,none,True,True
70794,1.0,0.0006,0.5,none,True,True
70795,1.0,0.0006,0.5,none,True,True
70796,1.0,0.0006,0.5,none,True,True
70797,1.0,0.0005,0.5,none,True,True
70798,1.0,0.0005,0.5,none,True,True
70799,1.0,0.0005,0.5,none,True,True
70800,1.0,0.0004,0.5,none,True,True
70801,1.0,0.0004,0.5,none,True,True
70802,1.0,0.0004,0.5,none,True,True
70803,1.0,0.0004,0.5,none,True,True
70804,1.0,0.0003,0.5,none,True,True
70805,1.0,0.0003,0.5,none,True,True
70806,1.0,0.0003,0.5,none,True,True
70807,1.0,0.0003,0.5,none,True,True
70808,1.0,0.0003,0.5,none,True,True
70809,1.0,0.0003,0.5,none,True,True
70810,1.0,0.0002,0.5,none,True,True
70811,1.0,0.0002,0.5,none,True,True
70812,1.0,0.0002,0.5,none,True,True
70813,1.0,0.0002,0.5,none,True,True
70814,1.0,0.0002,0.5,none,True,True
70815,1.0,0.0002,0.5,none,True,True
70816,1.0,0.0002,0.5,none,True,True
70817,1.0,0.0002,0.5,none,True,True
70818,1.0,0.0002,0.5,none,True,True
70819,1.0,0.0001,0.5,none,True,True
70820,1.0,0.0001,0.5,none,True,True
70821,1.0,0.0001,0.5,none,True,True
70822,1.0,0.0001,0.5,none,True,True
70823,1.0,0.0001,0.5,none,True,True
70824,1.0,0.0001,0.5,none,True,True
70825,1.0,0.0001,0.5,none,True,True
70826,1.0,0.0001,0.5,none,True,True
70827,1.0,0.0001,0.5,none,True,True
70828,1.0,0.0001,0.5,none,True,True
70829,1.0,0.0001,0.5,none,True,True
70830,1.0,0.0001,0.5,none,True,True
70831,1.0,0.0001,0.5,none,True,True
70832,1.0,0.0001,0.5,none,True,True
70833,1.0,0.0001,0.5,none,True,True
70834,1.0,0.0001,0.5,none,True,True
70835,1.0,0.0001,0.5,none,True,True
70836,1.0,0.0001,0.5,none,True,True
70837,1.0,0.0,0.5,none,True,True
70838,1.0,0.0,0.5,none,True,True
70839,1.0,0.0,0.5,none,True,True
70840,1.0,0.0,0.5,none,True,True
70841,1.0,0.0,0.5,none,True,True
70842,1.0,0.0,0.5,none,True,True
70843,1.0,0.0,0.5,none,True,True
70844,1.0,0.0,0.5,none,True,True
70845,1.0,0.0,0.5,none,True,True
70846,1.0,0.0,0.5,none,True,True
70847,1.0,0.0,0.5,none,True,True
70848,1.0,0.0,0.5,none,True,True
70849,1.0,0.0,0.5,none,True,True
70850,1.0,0.0,0.5,none,True,True
70851,1.0,0.0,0.5,none,True,True
70852,1.0,0.0,0.5,none,True,True
70853,1.0,0.0,0.5,none,True,True
70854,1.0,0.0,0.5,none,True,True
70855,1.0,0.0,0.5,none,True,True
70856,1.0,0.0,0.5,none,True,True
70857,1.0,0.0,0.5,none,True,True
70858,1.0,0.0,0.5,none,True,True
70859,1.0,0.0,0.5,none,True,True
70860,1.0,0.0,0.5,none,True,True
70861,1.0,0.0,0.5,none,True,True
70862,1.0,0.0,0.5,none,True,True
70863,1.0,0.0,0.5,none,True,True
70864,1.0,0.0,0.5,none,True,True
70865,1.0,0.0,0.5,none,True,True
70866,1.0,0.0,0.5,none,True,True
70867,1.0,0.0,0.5,none,True,True
70868,1.0,0.0,0.5,none,True,True
70869,1.0,0.0,0.5,none,True,True
70870,1.0,0.0,0.5,none,True,True
70871,1.0,0.0,0.5,none,True,True
70872,1.0,0.0,0.5,none,True,True
70873,1.0,0.0,0.5,none,True,True
70874,1.0,0.0,0.5,none,True,True
70875,1.0,0.0,0.5,none,True,True
70876,1.0,0.0,0.5,none,True,True
70877,1.0,0.0,0.5,none,True,True
70878,1.0,0.0,0.5,none,True,True
70879,1.0,0.0,0.5,none,True,True
70880,1.0,0.0,0.5,none,True,True
70881,1.0,0.0,0.5,none,True,True
70882,1.0,0.0,0.5,none,True,True
70883,1.0,0.0,0.5,none,True,True
70884,1.0,0.0,0.5,none,True,True
70885,1.0,0.0,0.5,none,True,True
70886,1.0,0.0,0.5,none,True,True
70887,1.0,0.0,0.5,none,True,True
70888,1.0,0.0,0.5,none,True,True
70889,1.0,0.0,0.5,none,True,True
70890,1.0,0.0,0.5,none,True,True
70891,1.0,0.0,0.5,none,True,True
70892,1.0,0.0,0.5,none,True,True
70893,1.0,0.0,0.5,none,True,True
70894,1.0,0.0,0.5,none,True,True
70895,1.0,0.0,0.5,none,True,True
70896,1.0,0.0,0.5,none,True,True
70897,1.0,0.0,0.5,none,True,True
70898,1.0,0.0,0.5,none,True,True
70899,1.0,0.0,0.5,none,True,True
70900,1.0,0.0,0.5,none,True,True
70901,1.0,0.0,0.5,none,True,True
70902,1.0,0.0,0.5,none,True,True
70903,1.0,0.0,0.5,none,True,True
70904,1.0,0.0,0.5,none,True,True
70905,1.0,0.0,0.5,none,True,True
70906,1.0,0.0,0.5,none,True,True
70907,1.0,0.0,0.5,none,True,True
70908,1.0,0.0,0.5,none,True,True
70909,1.0,0.0,0.5,none,True,True
70910,1.0,0.0,0.5,none,True,True
70911,1.0,0.0,0.5,none,True,True
70912,1.0,0.0,0.5,none,True,True
70913,1.0,0.0,0.5,none,True,True
70914,1.0,0.0,0.5,none,True,True
70915,1.0,0.0,0.5,none,True,True
70916,1.0,0.0,0.5,none,True,True
70917,1.0,0.0,0.5,none,True,True
70918,1.0,0.0,0.5,none,True,True
70919,1.0,0.0,0.5,none,True,True
70920,1.0,0.0,0.5,none,True,True
70921,1.0,0.0,0.5,none,True,True
70922,1.0,0.0,0.5,none,True,True
70923,1.0,0.0,0.5,none,True,True
70924,1.0,0.0,0.5,none,True,True
70925,1.0,0.0,0.5,none,True,True
70926,1.0,0.0,0.5,none,True,True
70927,1.0,0.0,0.5,none,True,True
70928,1.0,0.0,0.5,none,True,True
70929,1.0,0.0,0.5,none,True,True
70930,1.0,0.0,0.5,none,True,True
70931,1.0,0.0,0.5,none,True,True
70932,1.0,0.0,0.5,none,True,True
70933,1.0,0.0,0.5,none,True,True
70934,1.0,0.0,0.5,none,True,True
70935,1.0,0.0,0.5,none,True,True
70936,1.0,0.0,0.5,none,True,True
70937,1.0,0.0,0.5,none,True,True
70938,1.0,0.0,0.5,none,True,True
70939,1.0,0.0,0.5,none,True,True
70940,1.0,0.0,0.5,none,True,True
70941,1.0,0.0,0.5,none,True,True
70942,1.0,0.0,0.5,none,True,True
70943,1.0,0.0,0.5,none,True,True
70944,1.0,0.0,0.5,none,True,True
70945,1.0,0.0,0.5,none,True,True
70946,1.0,0.0,0.5,none,True,True
70947,1.0,0.0,0.5,none,True,True
70948,1.0,0.0,0.5,none,True,True
70949,1.0,0.0,0.5,none,True,True
70950,1.0,0.0,0.5,none,True,True
70951,1.0,0.0,0.5,none,True,True
70952,1.0,0.0,0.5,none,True,True
70953,1.0,0.0,0.5,none,True,True
70954,1.0,0.0,0.5,none,True,True
70955,1.0,0.0,0.5,none,True,True
70956,1.0,0.0,0.5,none,True,True
70957,1.0,0.0,0.5,none,True,True
70958,1.0,0.0,0.5,none,True,True
70959,1.0,0.0,0.5,none,True,True
70960,1.0,0.0,0.5,none,True,True
70961,1.0,0.0,0.5,none,True,True
70962,1.0,0.0,0.5,none,True,True
70963,1.0,0.0,0.5,none,True,True
70964,1.0,0.0,0.5,none,True,True
70965,1.0,0.0,0.5,none,True,True
70966,1.0,0.0,0.5,none,True,True
70967,1.0,0.0,0.5,none,True,True
70968,1.0,0.0,0.5,none,True,True
70969,1.0,0.0,0.5,none,True,True
70970,1.0,0.0,0.5,none,True,True
70971,1.0,0.0,0.5,none,True,True
70972,1.0,0.0,0.5,none,True,True
70973,1.0,0.0,0.5,none,True,True
70974,1.0,0.0,0.5,none,True,True
70975,1.0,0.0,0.5,none,True,True
70976,1.0,0.0,0.5,none,True,True
70977,1.0,0.0,0.5,none,True,True
70978,1.0,0.0,0.5,none,True,True
70979,1.0,0.0,0.5,none,True,True
70980,1.0,0.0,0.5,none,True,True
70981,1.0,0.0,0.5,none,True,True
70982,1.0,0.0,0.5,none,True,True
70983,1.0,0.0,0.5,none,True,True
70984,1.0,0.0,0.5,none,True,True
70985,1.0,0.0,0.5,none,True,True
70986,1.0,0.0,0.5,none,True,True
70987,1.0,0.0,0.5,none,True,True
70988,1.0,0.0,0.5,none,True,True
70989,1.0,0.0,0.5,none,True,True
70990,1.0,0.0,0.5,none,True,True
70991,1.0,0.0,0.5,none,True,True
70992,1.0,0.0,0.5,none,True,True
70993,1.0,0.0,0.5,none,True,True
70994,1.0,0.0,0.5,none,True,True
70995,1.0,0.0,0.5,none,True,True
70996,1.0,0.0,0.5,none,True,True
70997,1.0,0.0,0.5,none,True,True
70998,1.0,0.0,0.5,none,True,True
70999,1.0,0.0,0.5,none,True,True
71000,1.0,0.0,0.5,none,True,True
71001,1.0,0.0,0.5,none,True,True
71002,1.0,0.0,0.5,none,True,True
71003,1.0,0.0,0.5,none,True,True
71004,1.0,0.0,0.5,none,True,True
71005,1.0,0.0,0.5,none,True,True
71006,1.0,0.0,0.5,none,True,True
71007,1.0,0.0,0.5,none,True,True
71008,1.0,0.0,0.5,none,True,True
71009,1.0,0.0,0.5,none,True,True
71010,1.0,0.0,0.5,none,True,True
71011,1.0,0.0,0.5,none,True,True
71012,1.0,0.0,0.5,none,True,True
71013,1.0,0.0,0.5,none,True,True
71014,1.0,0.0,0.5,none,True,True
71015,1.0,0.0,0.5,none,True,True
71016,1.0,0.0,0.5,none,True,True
71017,1.0,0.0,0.5,none,True,True
71018,1.0,0.0,0.5,none,True,True
71019,1.0,0.0,0.5,none,True,True
71020,1.0,0.0,0.5,none,True,True
71021,1.0,0.0,0.5,none,True,True
71022,1.0,0.0,0.5,none,True,True
71023,1.0,0.0,0.5,none,True,True
71024,1.0,0.0,0.5,none,True,True
71025,1.0,0.0,0.5,none,True,True
71026,1.0,0.0,0.5,none,True,True
71027,1.0,0.0,0.5,none,True,True
71028,1.0,0.0,0.5,none,True,True
71029,1.0,0.0,0.5,none,True,True
71030,1.0,0.0,0.5,none,True,True
71031,1.0,0.0,0.5,none,True,True
71032,1.0,0.0,0.5,none,True,True
71033,1.0,0.0,0.5,none,True,True
71034,1.0,0.0,0.5,none,True,True
71035,1.0,0.0,0.5,none,True,True
71036,1.0,0.0,0.5,none,True,True
71037,1.0,0.0,0.5,none,True,True
71038,1.0,0.0,0.5,none,True,True
71039,1.0,0.0,0.5,none,True,True
71040,1.0,0.0,0.5,none,True,True
71041,1.0,0.0,0.5,none,True,True
71042,1.0,0.0,0.5,none,True,True
71043,1.0,0.0,0.5,none,True,True
71044,1.0,0.0,0.5,none,True,True
71045,1.0,0.0,0.5,none,True,True
71046,1.0,0.0,0.5,none,True,True
71047,1.0,0.0,0.5,none,True,True
71048,1.0,0.0,0.5,none,True,True
71049,1.0,0.0,0.5,none,True,True
71050,1.0,0.0,0.5,none,True,True
71051,1.0,0.0,0.5,none,True,True
71052,1.0,0.0,0.5,none,True,True
71053,1.0,0.0,0.5,none,True,True
71054,1.0,0.0,0.5,none,True,True
71055,1.0,0.0,0.5,none,True,True
71056,1.0,0.0,0.5,none,True,True
71057,1.0,0.0,0.5,none,True,True
71058,1.0,0.0,0.5,none,True,True
71059,1.0,0.0,0.5,none,True,True
71060,1.0,0.0,0.5,none,True,True
71061,1.0,0.0,0.5,none,True,True
71062,1.0,0.0,0.5,none,True,True
71063,1.0,0.0,0.5,none,True,True
71064,1.0,0.0,0.5,none,True,True
71065,1.0,0.0,0.5,none,True,True
71066,1.0,0.0,0.5,none,True,True
71067,1.0,0.0,0.5,none,True,True
71068,1.0,0.0,0.5,none,True,True
71069,1.0,0.0,0.5,none,True,True
71070,1.0,0.0,0.5,none,True,True
71071,1.0,0.0,0.5,none,True,True
71072,1.0,0.0,0.5,none,True,True
71073,1.0,0.0,0.5,none,True,True
71074,1.0,0.0,0.5,none,True,True
71075,1.0,0.0,0.5,none,True,True
71076,1.0,0.0,0.5,none,True,True
71077,1.0,0.0,0.5,none,True,True
71078,1.0,0.0,0.5,none,True,True
71079,1.0,0.0,0.5,none,True,True
71080,1.0,0.0,0.5,none,True,True
71081,1.0,0.0,0.5,none,True,True
71082,1.0,0.0,0.5,none,True,True
71083,1.0,0.0,0.5,none,True,True
71084,1.0,0.0,0.5,none,True,True
71085,1.0,0.0,0.5,none,True,True
71086,1.0,0.0,0.5,none,True,True
71087,1.0,0.0,0.5,none,True,True
71088,1.0,0.0,0.5,none,True,True
71089,1.0,0.0,0.5,none,True,True
71090,1.0,0.0,0.5,none,True,True
71091,1.0,0.0,0.5,none,True,True
71092,1.0,0.0,0.5,none,True,True
71093,1.0,0.0,0.5,none,True,True
71094,1.0,0.0,0.5,none,True,True
71095,1.0,0.0,0.5,none,True,True
71096,1.0,0.0,0.5,none,True,True
71097,1.0,0.0,0.5,none,True,True
71098,1.0,0.0,0.5,none,True,True
71099,1.0,0.0,0.5,none,True,True
71100,1.0,0.0,0.5,none,True,True
71101,1.0,0.0,0.5,none,True,True
71102,1.0,0.0,0.5,none,True,True
71103,1.0,0.0,0.5,none,True,True
71104,1.0,0.0,0.5,none,True,True
71105,1.0,0.0,0.5,none,True,True
71106,1.0,0.0,0.5,none,True,True
71107,1.0,0.0,0.5,none,True,True
71108,1.0,0.0,0.5,none,True,True
71109,1.0,0.0,0.5,none,True,True
71110,1.0,0.0,0.5,none,True,True
71111,1.0,0.0,0.5,none,True,True
71112,1.0,0.0,0.5,none,True,True
71113,1.0,0.0,0.5,none,True,True
71114,1.0,0.0,0.5,none,True,True
71115,1.0,0.0,0.5,none,True,True
71116,1.0,0.0,0.5,none,True,True
71117,1.0,0.0,0.5,none,True,True
71118,1.0,0.0,0.5,none,True,True
71119,1.0,0.0,0.5,none,True,True
71120,1.0,0.0,0.5,none,True,True
71121,1.0,0.0,0.5,none,True,True
71122,1.0,0.0,0.5,none,True,True
71123,1.0,0.0,0.5,none,True,True
71124,1.0,0.0,0.5,none,True,True
71125,1.0,0.0,0.5,none,True,True
71126,1.0,0.0,0.5,none,True,True
71127,1.0,0.0,0.5,none,True,True
71128,1.0,0.0,0.5,none,True,True
71129,1.0,0.0,0.5,none,True,True
71130,1.0,0.0,0.5,none,True,True
71131,1.0,0.0,0.5,none,True,True
71132,1.0,0.0,0.5,none,True,True
71133,1.0,0.0,0.5,none,True,True
71134,1.0,0.0,0.5,none,True,True
71135,1.0,0.0,0.5,none,True,True
71136,1.0,0.0,0.5,none,True,True
71137,1.0,0.0,0.5,none,True,True
71138,1.0,0.0,0.5,none,True,True
71139,1.0,0.0,0.5,none,True,True
71140,1.0,0.0,0.5,none,True,True
71141,1.0,0.0,0.5,none,True,True
71142,1.0,0.0,0.5,none,True,True
71143,1.0,0.0,0.5,none,True,True
71144,1.0,0.0,0.5,none,True,True
71145,1.0,0.0,0.5,none,True,True
71146,1.0,0.0,0.5,none,True,True
71147,1.0,0.0,0.5,none,True,True
71148,1.0,0.0,0.5,none,True,True
71149,1.0,0.0,0.5,none,True,True
71150,1.0,0.0,0.5,none,True,True
71151,1.0,0.0,0.5,none,True,True
71152,1.0,0.0,0.5,none,True,True
71153,1.0,0.0,0.5,none,True,True
71154,1.0,0.0,0.5,none,True,True
71155,1.0,0.0,0.5,none,True,True
71156,1.0,0.0,0.5,none,True,True
71157,1.0,0.0,0.5,none,True,True
71158,1.0,0.0,0.5,none,True,True
71159,1.0,0.0,0.5,none,True,True
71160,1.0,0.0,0.5,none,True,True
71161,1.0,0.0,0.5,none,True,True
71162,1.0,0.0,0.5,none,True,True
71163,1.0,0.0,0.5,none,True,True
71164,1.0,0.0,0.5,none,True,True
71165,1.0,0.0,0.5,none,True,True
71166,1.0,0.0,0.5,none,True,True
71167,1.0,0.0,0.5,none,True,True
71168,1.0,0.0,0.5,none,True,True
71169,1.0,0.0,0.5,none,True,True
71170,1.0,0.0,0.5,none,True,True
71171,1.0,0.0,0.5,none,True,True
71172,1.0,0.0,0.5,none,True,True
71173,1.0,0.0,0.5,none,True,True
71174,1.0,0.0,0.5,none,True,True
71175,1.0,0.0,0.5,none,True,True
71176,1.0,0.0,0.5,none,True,True
71177,1.0,0.0,0.5,none,True,True
71178,1.0,0.0,0.5,none,True,True
71179,1.0,0.0,0.5,none,True,True
71180,1.0,0.0,0.5,none,True,True
71181,1.0,0.0,0.5,none,True,True
71182,1.0,0.0,0.5,none,True,True
71183,1.0,0.0,0.5,none,True,True
71184,1.0,0.0,0.5,none,True,True
71185,1.0,0.0,0.5,none,True,True
71186,1.0,0.0,0.5,none,True,True
71187,1.0,0.0,0.5,none,True,True
71188,1.0,0.0,0.5,none,True,True
71189,1.0,0.0,0.5,none,True,True
71190,1.0,0.0,0.5,none,True,True
71191,1.0,0.0,0.5,none,True,True
71192,1.0,0.0,0.5,none,True,True
71193,1.0,0.0,0.5,none,True,True
71194,1.0,0.0,0.5,none,True,True
71195,1.0,0.0,0.5,none,True,True
71196,1.0,0.0,0.5,none,True,True
71197,1.0,0.0,0.5,none,True,True
71198,1.0,0.0,0.5,none,True,True
71199,1.0,0.0,0.5,none,True,True
71200,1.0,0.0,0.5,none,True,True
71201,1.0,0.0,0.5,none,True,True
71202,1.0,0.0,0.5,none,True,True
71203,1.0,0.0,0.5,none,True,True
71204,1.0,0.0,0.5,none,True,True
71205,1.0,0.0,0.5,none,True,True
71206,1.0,0.0,0.5,none,True,True
71207,1.0,0.0,0.5,none,True,True
71208,1.0,0.0,0.5,none,True,True
71209,1.0,0.0,0.5,none,True,True
71210,1.0,0.0,0.5,none,True,True
71211,1.0,0.0,0.5,none,True,True
71212,1.0,0.0,0.5,none,True,True
71213,1.0,0.0,0.5,none,True,True
71214,1.0,0.0,0.5,none,True,True
71215,1.0,0.0,0.5,none,True,True
71216,1.0,0.0,0.5,none,True,True
71217,1.0,0.0,0.5,none,True,True
71218,1.0,0.0,0.5,none,True,True
71219,1.0,0.0,0.5,none,True,True
71220,1.0,0.0,0.5,none,True,True
71221,1.0,0.0,0.5,none,True,True
71222,1.0,0.0,0.5,none,True,True
71223,1.0,0.0,0.5,none,True,True
71224,1.0,0.0,0.5,none,True,True
71225,1.0,0.0,0.5,none,True,True
71226,1.0,0.0,0.5,none,True,True
71227,1.0,0.0,0.5,none,True,True
71228,1.0,0.0,0.5,none,True,True
71229,1.0,0.0,0.5,none,True,True
71230,1.0,0.0,0.5,none,True,True
71231,1.0,0.0,0.5,none,True,True
71232,1.0,0.0,0.5,none,True,True
71233,1.0,0.0,0.5,none,True,True
71234,1.0,0.0,0.5,none,True,True
71235,1.0,0.0,0.5,none,True,True
71236,1.0,0.0,0.5,none,True,True
71237,1.0,0.0,0.5,none,True,True
71238,1.0,0.0,0.5,none,True,True
71239,1.0,0.0,0.5,none,True,True
71240,1.0,0.0,0.5,none,True,True
71241,1.0,0.0,0.5,none,True,True
71242,1.0,0.0,0.5,none,True,True
71243,1.0,0.0,0.5,none,True,True
71244,1.0,0.0,0.5,none,True,True
71245,1.0,0.0,0.5,none,True,True
71246,1.0,0.0,0.5,none,True,True
71247,1.0,0.0,0.5,none,True,True
71248,1.0,0.0,0.5,none,True,True
71249,1.0,0.0,0.5,none,True,True
71250,1.0,0.0,0.5,none,True,True
71251,1.0,0.0,0.5,none,True,True
71252,1.0,0.0,0.5,none,True,True
71253,1.0,0.0,0.5,none,True,True
71254,1.0,0.0,0.5,none,True,True
71255,1.0,0.0,0.5,none,True,True
71256,1.0,0.0,0.5,none,True,True
71257,1.0,0.0,0.5,none,True,True
71258,1.0,0.0,0.5,none,True,True
71259,1.0,0.0,0.5,none,True,True
71260,1.0,0.0,0.5,none,True,True
71261,1.0,0.0,0.5,none,True,True
71262,1.0,0.0,0.5,none,True,True
71263,1.0,0.0,0.5,none,True,True
71264,1.0,0.0,0.5,none,True,True
71265,1.0,0.0,0.5,none,True,True
71266,1.0,0.0,0.5,none,True,True
71267,1.0,0.0,0.5,none,True,True
71268,1.0,0.0,0.5,none,True,True
71269,1.0,0.0,0.5,none,True,True
71270,1.0,0.0,0.5,none,True,True
71271,1.0,0.0,0.5,none,True,True
71272,1.0,0.0,0.5,none,True,True
71273,1.0,0.0,0.5,none,True,True
71274,1.0,0.0,0.5,none,True,True
71275,1.0,0.0,0.5,none,True,True
71276,1.0,0.0,0.5,none,True,True
71277,1.0,0.0,0.5,none,True,True
71278,1.0,0.0,0.5,none,True,True
71279,1.0,0.0,0.5,none,True,True
71280,1.0,0.0,0.5,none,True,True
71281,1.0,0.0,0.5,none,True,True
71282,1.0,0.0,0.5,none,True,True
71283,1.0,0.0,0.5,none,True,True
71284,1.0,0.0,0.5,none,True,True
71285,1.0,0.0,0.5,none,True,True
71286,1.0,0.0,0.5,none,True,True
71287,1.0,0.0,0.5,none,True,True
71288,1.0,0.0,0.5,none,True,True
71289,1.0,0.0,0.5,none,True,True
71290,1.0,0.0,0.5,none,True,True
71291,1.0,0.0,0.5,none,True,True
71292,1.0,0.0,0.5,none,True,True
71293,1.0,0.0,0.5,none,True,True
71294,1.0,0.0,0.5,none,True,True
71295,1.0,0.0,0.5,none,True,True
71296,1.0,0.0,0.5,none,True,True
71297,1.0,0.0,0.5,none,True,True
71298,1.0,0.0,0.5,none,True,True
71299,1.0,0.0,0.5,none,True,True
71300,1.0,0.0,0.5,none,True,True
71301,1.0,0.0,0.5,none,True,True
71302,1.0,0.0,0.5,none,True,True
71303,1.0,0.0,0.5,none,True,True
71304,1.0,0.0,0.5,none,True,True
71305,1.0,0.0,0.5,none,True,True
71306,1.0,0.0,0.5,none,True,True
71307,1.0,0.0,0.5,none,True,True
71308,1.0,0.0,0.5,none,True,True
71309,1.0,0.0,0.5,none,True,True
71310,1.0,0.0,0.5,none,True,True
71311,1.0,0.0,0.5,none,True,True
71312,1.0,0.0,0.5,none,True,True
71313,1.0,0.0,0.5,none,True,True
71314,1.0,0.0,0.5,none,True,True
71315,1.0,0.0,0.5,none,True,True
71316,1.0,0.0,0.5,none,True,True
71317,1.0,0.0,0.5,none,True,True
71318,1.0,0.0,0.5,none,True,True
71319,1.0,0.0,0.5,none,True,True
71320,1.0,0.0,0.5,none,True,True
71321,1.0,0.0,0.5,none,True,True
71322,1.0,0.0,0.5,none,True,True
71323,1.0,0.0,0.5,none,True,True
71324,1.0,0.0,0.5,none,True,True
71325,1.0,0.0,0.5,none,True,True
71326,1.0,0.0,0.5,none,True,True
71327,1.0,0.0,0.5,none,True,True
71328,1.0,0.0,0.5,none,True,True
71329,1.0,0.0,0.5,none,True,True
71330,1.0,0.0,0.5,none,True,True
71331,1.0,0.0,0.5,none,True,True
71332,1.0,0.0,0.5,none,True,True
71333,1.0,0.0,0.5,none,True,True
71334,1.0,0.0,0.5,none,True,True
71335,1.0,0.0,0.5,none,True,True
71336,1.0,0.0,0.5,none,True,True
71337,1.0,0.0,0.5,none,True,True
71338,1.0,0.0,0.5,none,True,True
71339,1.0,0.0,0.5,none,True,True
71340,1.0,0.0,0.5,none,True,True
71341,1.0,0.0,0.5,none,True,True
71342,1.0,0.0,0.5,none,True,True
71343,1.0,0.0,0.5,none,True,True
71344,1.0,0.0,0.5,none,True,True
71345,1.0,0.0,0.5,none,True,True
71346,1.0,0.0,0.5,none,True,True
71347,1.0,0.0,0.5,none,True,True
71348,1.0,0.0,0.5,none,True,True
71349,1.0,0.0,0.5,none,True,True
71350,1.0,0.0,0.5,none,True,True
71351,1.0,0.0,0.5,none,True,True
71352,1.0,0.0,0.5,none,True,True
71353,1.0,0.0,0.5,none,True,True
71354,1.0,0.0,0.5,none,True,True
71355,1.0,0.0,0.5,none,True,True
71356,1.0,0.0,0.5,none,True,True
71357,1.0,0.0,0.5,none,True,True
71358,1.0,0.0,0.5,none,True,True
71359,1.0,0.0,0.5,none,True,True
71360,1.0,0.0,0.5,none,True,True
71361,1.0,0.0,0.5,none,True,True
71362,1.0,0.0,0.5,none,True,True
71363,1.0,0.0,0.5,none,True,True
71364,1.0,0.0,0.5,none,True,True
71365,1.0,0.0,0.5,none,True,True
71366,1.0,0.0,0.5,none,True,True
71367,1.0,0.0,0.5,none,True,True
71368,1.0,0.0,0.5,none,True,True
71369,1.0,0.0,0.5,none,True,True
71370,1.0,0.0,0.5,none,True,True
71371,1.0,0.0,0.5,none,True,True
71372,1.0,0.0,0.5,none,True,True
71373,1.0,0.0,0.5,none,True,True
71374,1.0,0.0,0.5,none,True,True
71375,1.0,0.0,0.5,none,True,True
71376,1.0,0.0,0.5,none,True,True
71377,1.0,0.0,0.5,none,True,True
71378,1.0,0.0,0.5,none,True,True
71379,1.0,0.0,0.5,none,True,True
71380,1.0,0.0,0.5,none,True,True
71381,1.0,0.0,0.5,none,True,True
71382,1.0,0.0,0.5,none,True,True
71383,1.0,0.0,0.5,none,True,True
71384,1.0,0.0,0.5,none,True,True
71385,1.0,0.0,0.5,none,True,True
71386,1.0,0.0,0.5,none,True,True
71387,1.0,0.0,0.5,none,True,True
71388,1.0,0.0,0.5,none,True,True
71389,1.0,0.0,0.5,none,True,True
71390,1.0,0.0,0.5,none,True,True
71391,1.0,0.0,0.5,none,True,True
71392,1.0,0.0,0.5,none,True,True
71393,1.0,0.0,0.5,none,True,True
71394,1.0,0.0,0.5,none,True,True
71395,1.0,0.0,0.5,none,True,True
71396,1.0,0.0,0.5,none,True,True
71397,1.0,0.0,0.5,none,True,True
71398,1.0,0.0,0.5,none,True,True
71399,1.0,0.0,0.5,none,True,True
71400,1.0,0.0061,0.5,none,True,True
71401,1.0,0.0357,0.5,none,True,True
71402,1.0,0.0812,0.5,none,True,True
71403,1.0,0.1113,0.5,none,True,True
71404,1.0,0.1253,0.5,none,True,True
71405,1.0,0.1408,0.5,none,True,True
71406,1.0,0.0907,0.5,none,True,True
71407,1.0,0.1198,0.5,none,True,True
71408,1.0,0.0467,0.5,none,True,True
71409,1.0,0.0522,0.5,none,True,True
71410,1.0,0.0405,0.5,none,True,True
71411,1.0,0.0313,0.5,none,True,True
71412,1.0,0.0083,0.5,none,True,True
71413,1.0,0.0726,0.5,none,True,True
71414,1.0,0.0793,0.5,none,True,True
71415,1.0,0.0581,0.5,none,True,True
71416,1.0,0.0955,0.5,none,True,True
71417,1.0,0.0839,0.5,none,True,True
71418,1.0,0.0648,0.5,none,True,True
71419,1.0,0.0718,0.5,none,True,True
71420,1.0,0.0589,0.5,none,True,True
71421,1.0,0.0403,0.5,none,True,True
71422,1.0,0.0327,0.5,none,True,True
71423,1.0,0.0277,0.5,none,True,True
71424,1.0,0.017,0.5,none,True,True
71425,1.0,0.0102,0.5,none,True,True
71426,1.0,0.0099,0.5,none,True,True
71427,1.0,0.008,0.5,none,True,True
71428,1.0,0.005,0.5,none,True,True
71429,1.0,0.0063,0.5,none,True,True
71430,1.0,0.009,0.5,none,True,True
71431,1.0,0.0096,0.5,none,True,True
71432,1.0,0.0108,0.5,none,True,True
71433,1.0,0.014,0.5,none,True,True
71434,1.0,0.0161,0.5,none,True,True
71435,1.0,0.0167,0.5,none,True,True
71436,1.0,0.0182,0.5,none,True,True
71437,1.0,0.0196,0.5,none,True,True
71438,1.0,0.0197,0.5,none,True,True
71439,1.0,0.0193,0.5,none,True,True
71440,1.0,0.0193,0.5,none,True,True
71441,1.0,0.0187,0.5,none,True,True
71442,1.0,0.0174,0.5,none,True,True
71443,1.0,0.0163,0.5,none,True,True
71444,1.0,0.0152,0.5,none,True,True
71445,1.0,0.0138,0.5,none,True,True
71446,1.0,0.0123,0.5,none,True,True
71447,1.0,0.0111,0.5,none,True,True
71448,1.0,0.01,0.5,none,True,True
71449,1.0,0.0088,0.5,none,True,True
71450,1.0,0.0078,0.5,none,True,True
71451,1.0,0.0071,0.5,none,True,True
71452,1.0,0.0064,0.5,none,True,True
71453,1.0,0.0057,0.5,none,True,True
71454,1.0,0.0053,0.5,none,True,True
71455,1.0,0.005,0.5,none,True,True
71456,1.0,0.0047,0.5,none,True,True
71457,1.0,0.0045,0.5,none,True,True
71458,1.0,0.0044,0.5,none,True,True
71459,1.0,0.0043,0.5,none,True,True
71460,1.0,0.0042,0.5,none,True,True
71461,1.0,0.0041,0.5,none,True,True
71462,1.0,0.004,0.5,none,True,True
71463,1.0,0.0039,0.5,none,True,True
71464,1.0,0.0038,0.5,none,True,True
71465,1.0,0.0037,0.5,none,True,True
71466,1.0,0.0035,0.5,none,True,True
71467,1.0,0.0033,0.5,none,True,True
71468,1.0,0.0032,0.5,none,True,True
71469,1.0,0.003,0.5,none,True,True
71470,1.0,0.0028,0.5,none,True,True
71471,1.0,0.0026,0.5,none,True,True
71472,1.0,0.0024,0.5,none,True,True
71473,1.0,0.0023,0.5,none,True,True
71474,1.0,0.0021,0.5,none,True,True
71475,1.0,0.0019,0.5,none,True,True
71476,1.0,0.0018,0.5,none,True,True
71477,1.0,0.0017,0.5,none,True,True
71478,1.0,0.0015,0.5,none,True,True
71479,1.0,0.0014,0.5,none,True,True
71480,1.0,0.0013,0.5,none,True,True
71481,1.0,0.0013,0.5,none,True,True
71482,1.0,0.0012,0.5,none,True,True
71483,1.0,0.0011,0.5,none,True,True
71484,1.0,0.0011,0.5,none,True,True
71485,1.0,0.001,0.5,none,True,True
71486,1.0,0.001,0.5,none,True,True
71487,1.0,0.0009,0.5,none,True,True
71488,1.0,0.0009,0.5,none,True,True
71489,1.0,0.0008,0.5,none,True,True
71490,1.0,0.0008,0.5,none,True,True
71491,1.0,0.0008,0.5,none,True,True
71492,1.0,0.0007,0.5,none,True,True
71493,1.0,0.0007,0.5,none,True,True
71494,1.0,0.0006,0.5,none,True,True
71495,1.0,0.0006,0.5,none,True,True
71496,1.0,0.0006,0.5,none,True,True
71497,1.0,0.0005,0.5,none,True,True
71498,1.0,0.0005,0.5,none,True,True
71499,1.0,0.0005,0.5,none,True,True
71500,1.0,0.0004,0.5,none,True,True
71501,1.0,0.0004,0.5,none,True,True
71502,1.0,0.0004,0.5,none,True,True
71503,1.0,0.0004,0.5,none,True,True
71504,1.0,0.0003,0.5,none,True,True
71505,1.0,0.0003,0.5,none,True,True
71506,1.0,0.0003,0.5,none,True,True
71507,1.0,0.0003,0.5,none,True,True
71508,1.0,0.0003,0.5,none,True,True
71509,1.0,0.0003,0.5,none,True,True
71510,1.0,0.0002,0.5,none,True,True
71511,1.0,0.0002,0.5,none,True,True
71512,1.0,0.0002,0.5,none,True,True
71513,1.0,0.0002,0.5,none,True,True
71514,1.0,0.0002,0.5,none,True,True
71515,1.0,0.0002,0.5,none,True,True
71516,1.0,0.0002,0.5,none,True,True
71517,1.0,0.0002,0.5,none,True,True
71518,1.0,0.0002,0.5,none,True,True
71519,1.0,0.0001,0.5,none,True,True
71520,1.0,0.0001,0.5,none,True,True
71521,1.0,0.0001,0.5,none,True,True
71522,1.0,0.0001,0.5,none,True,True
71523,1.0,0.0001,0.5,none,True,True
71524,1.0,0.0001,0.5,none,True,True
71525,1.0,0.0001,0.5,none,True,True
71526,1.0,0.0001,0.5,none,True,True
71527,1.0,0.0001,0.5,none,True,True
71528,1.0,0.0001,0.5,none,True,True
71529,1.0,0.0001,0.5,none,True,True
71530,1.0,0.0001,0.5,none,True,True
71531,1.0,0.0001,0.5,none,True,True
71532,1.0,0.0001,0.5,none,True,True
71533,1.0,0.0001,0.5,none,True,True
71534,1.0,0.0001,0.5,none,True,True
71535,1.0,0.0001,0.5,none,True,True
71536,1.0,0.0001,0.5,none,True,True
71537,1.0,0.0,0.5,none,True,True
71538,1.0,0.0,0.5,none,True,True
71539,1.0,0.0,0.5,none,True,True
71540,1.0,0.0,0.5,none,True,True
71541,1.0,0.0,0.5,none,True,True
71542,1.0,0.0,0.5,none,True,True
71543,1.0,0.0,0.5,none,True,True
71544,1.0,0.0,0.5,none,True,True
71545,1.0,0.0,0.5,none,True,True
71546,1.0,0.0,0.5,none,True,True
71547,1.0,0.0,0.5,none,True,True
71548,1.0,0.0,0.5,none,True,True
71549,1.0,0.0,0.5,none,True,True
71550,1.0,0.0,0.5,none,True,True
71551,1.0,0.0,0.5,none,True,True
71552,1.0,0.0,0.5,none,True,True
71553,1.0,0.0,0.5,none,True,True
71554,1.0,0.0,0.5,none,True,True
71555,1.0,0.0,0.5,none,True,True
71556,1.0,0.0,0.5,none,True,True
71557,1.0,0.0,0.5,none,True,True
71558,1.0,0.0,0.5,none,True,True
71559,1.0,0.0,0.5,none,True,True
71560,1.0,0.0,0.5,none,True,True
71561,1.0,0.0,0.5,none,True,True
71562,1.0,0.0,0.5,none,True,True
71563,1.0,0.0,0.5,none,True,True
71564,1.0,0.0,0.5,none,True,True
71565,1.0,0.0,0.5,none,True,True
71566,1.0,0.0,0.5,none,True,True
71567,1.0,0.0,0.5,none,True,True
71568,1.0,0.0,0.5,none,True,True
71569,1.0,0.0,0.5,none,True,True
71570,1.0,0.0,0.5,none,True,True
71571,1.0,0.0,0.5,none,True,True
71572,1.0,0.0,0.5,none,True,True
71573,1.0,0.0,0.5,none,True,True
71574,1.0,0.0,0.5,none,True,True
71575,1.0,0.0,0.5,none,True,True
71576,1.0,0.0,0.5,none,True,True
71577,1.0,0.0,0.5,none,True,True
71578,1.0,0.0,0.5,none,True,True
71579,1.0,0.0,0.5,none,True,True
71580,1.0,0.0,0.5,none,True,True
71581,1.0,0.0,0.5,none,True,True
71582,1.0,0.0,0.5,none,True,True
71583,1.0,0.0,0.5,none,True,True
71584,1.0,0.0,0.5,none,True,True
71585,1.0,0.0,0.5,none,True,True
71586,1.0,0.0,0.5,none,True,True
71587,1.0,0.0,0.5,none,True,True
71588,1.0,0.0,0.5,none,True,True
71589,1.0,0.0,0.5,none,True,True
71590,1.0,0.0,0.5,none,True,True
71591,1.0,0.0,0.5,none,True,True
71592,1.0,0.0,0.5,none,True,True
71593,1.0,0.0,0.5,none,True,True
71594,1.0,0.0,0.5,none,True,True
71595,1.0,0.0,0.5,none,True,True
71596,1.0,0.0,0.5,none,True,True
71597,1.0,0.0,0.5,none,True,True
71598,1.0,0.0,0.5,none,True,True
71599,1.0,0.0,0.5,none,True,True
71600,1.0,0.0,0.5,none,True,True
71601,1.0,0.0,0.5,none,True,True
71602,1.0,0.0,0.5,none,True,True
71603,1.0,0.0,0.5,none,True,True
71604,1.0,0.0,0.5,none,True,True
71605,1.0,0.0,0.5,none,True,True
71606,1.0,0.0,0.5,none,True,True
71607,1.0,0.0,0.5,none,True,True
71608,1.0,0.0,0.5,none,True,True
71609,1.0,0.0,0.5,none,True,True
71610,1.0,0.0,0.5,none,True,True
71611,1.0,0.0,0.5,none,True,True
71612,1.0,0.0,0.5,none,True,True
71613,1.0,0.0,0.5,none,True,True
71614,1.0,0.0,0.5,none,True,True
71615,1.0,0.0,0.5,none,True,True
71616,1.0,0.0,0.5,none,True,True
71617,1.0,0.0,0.5,none,True,True
71618,1.0,0.0,0.5,none,True,True
71619,1.0,0.0,0.5,none,True,True
71620,1.0,0.0,0.5,none,True,True
71621,1.0,0.0,0.5,none,True,True
71622,1.0,0.0,0.5,none,True,True
71623,1.0,0.0,0.5,none,True,True
71624,1.0,0.0,0.5,none,True,True
71625,1.0,0.0,0.5,none,True,True
71626,1.0,0.0,0.5,none,True,True
71627,1.0,0.0,0.5,none,True,True
71628,1.0,0.0,0.5,none,True,True
71629,1.0,0.0,0.5,none,True,True
71630,1.0,0.0,0.5,none,True,True
71631,1.0,0.0,0.5,none,True,True
71632,1.0,0.0,0.5,none,True,True
71633,1.0,0.0,0.5,none,True,True
71634,1.0,0.0,0.5,none,True,True
71635,1.0,0.0,0.5,none,True,True
71636,1.0,0.0,0.5,none,True,True
71637,1.0,0.0,0.5,none,True,True
71638,1.0,0.0,0.5,none,True,True
71639,1.0,0.0,0.5,none,True,True
71640,1.0,0.0,0.5,none,True,True
71641,1.0,0.0,0.5,none,True,True
71642,1.0,0.0,0.5,none,True,True
71643,1.0,0.0,0.5,none,True,True
71644,1.0,0.0,0.5,none,True,True
71645,1.0,0.0,0.5,none,True,True
71646,1.0,0.0,0.5,none,True,True
71647,1.0,0.0,0.5,none,True,True
71648,1.0,0.0,0.5,none,True,True
71649,1.0,0.0,0.5,none,True,True
71650,1.0,0.0,0.5,none,True,True
71651,1.0,0.0,0.5,none,True,True
71652,1.0,0.0,0.5,none,True,True
71653,1.0,0.0,0.5,none,True,True
71654,1.0,0.0,0.5,none,True,True
71655,1.0,0.0,0.5,none,True,True
71656,1.0,0.0,0.5,none,True,True
71657,1.0,0.0,0.5,none,True,True
71658,1.0,0.0,0.5,none,True,True
71659,1.0,0.0,0.5,none,True,True
71660,1.0,0.0,0.5,none,True,True
71661,1.0,0.0,0.5,none,True,True
71662,1.0,0.0,0.5,none,True,True
71663,1.0,0.0,0.5,none,True,True
71664,1.0,0.0,0.5,none,True,True
71665,1.0,0.0,0.5,none,True,True
71666,1.0,0.0,0.5,none,True,True
71667,1.0,0.0,0.5,none,True,True
71668,1.0,0.0,0.5,none,True,True
71669,1.0,0.0,0.5,none,True,True
71670,1.0,0.0,0.5,none,True,True
71671,1.0,0.0,0.5,none,True,True
71672,1.0,0.0,0.5,none,True,True
71673,1.0,0.0,0.5,none,True,True
71674,1.0,0.0,0.5,none,True,True
71675,1.0,0.0,0.5,none,True,True
71676,1.0,0.0,0.5,none,True,True
71677,1.0,0.0,0.5,none,True,True
71678,1.0,0.0,0.5,none,True,True
71679,1.0,0.0,0.5,none,True,True
71680,1.0,0.0,0.5,none,True,True
71681,1.0,0.0,0.5,none,True,True
71682,1.0,0.0,0.5,none,True,True
71683,1.0,0.0,0.5,none,True,True
71684,1.0,0.0,0.5,none,True,True
71685,1.0,0.0,0.5,none,True,True
71686,1.0,0.0,0.5,none,True,True
71687,1.0,0.0,0.5,none,True,True
71688,1.0,0.0,0.5,none,True,True
71689,1.0,0.0,0.5,none,True,True
71690,1.0,0.0,0.5,none,True,True
71691,1.0,0.0,0.5,none,True,True
71692,1.0,0.0,0.5,none,True,True
71693,1.0,0.0,0.5,none,True,True
71694,1.0,0.0,0.5,none,True,True
71695,1.0,0.0,0.5,none,True,True
71696,1.0,0.0,0.5,none,True,True
71697,1.0,0.0,0.5,none,True,True
71698,1.0,0.0,0.5,none,True,True
71699,1.0,0.0,0.5,none,True,True
71700,1.0,0.0,0.5,none,True,True
71701,1.0,0.0,0.5,none,True,True
71702,1.0,0.0,0.5,none,True,True
71703,1.0,0.0,0.5,none,True,True
71704,1.0,0.0,0.5,none,True,True
71705,1.0,0.0,0.5,none,True,True
71706,1.0,0.0,0.5,none,True,True
71707,1.0,0.0,0.5,none,True,True
71708,1.0,0.0,0.5,none,True,True
71709,1.0,0.0,0.5,none,True,True
71710,1.0,0.0,0.5,none,True,True
71711,1.0,0.0,0.5,none,True,True
71712,1.0,0.0,0.5,none,True,True
71713,1.0,0.0,0.5,none,True,True
71714,1.0,0.0,0.5,none,True,True
71715,1.0,0.0,0.5,none,True,True
71716,1.0,0.0,0.5,none,True,True
71717,1.0,0.0,0.5,none,True,True
71718,1.0,0.0,0.5,none,True,True
71719,1.0,0.0,0.5,none,True,True
71720,1.0,0.0,0.5,none,True,True
71721,1.0,0.0,0.5,none,True,True
71722,1.0,0.0,0.5,none,True,True
71723,1.0,0.0,0.5,none,True,True
71724,1.0,0.0,0.5,none,True,True
71725,1.0,0.0,0.5,none,True,True
71726,1.0,0.0,0.5,none,True,True
71727,1.0,0.0,0.5,none,True,True
71728,1.0,0.0,0.5,none,True,True
71729,1.0,0.0,0.5,none,True,True
71730,1.0,0.0,0.5,none,True,True
71731,1.0,0.0,0.5,none,True,True
71732,1.0,0.0,0.5,none,True,True
71733,1.0,0.0,0.5,none,True,True
71734,1.0,0.0,0.5,none,True,True
71735,1.0,0.0,0.5,none,True,True
71736,1.0,0.0,0.5,none,True,True
71737,1.0,0.0,0.5,none,True,True
71738,1.0,0.0,0.5,none,True,True
71739,1.0,0.0,0.5,none,True,True
71740,1.0,0.0,0.5,none,True,True
71741,1.0,0.0,0.5,none,True,True
71742,1.0,0.0,0.5,none,True,True
71743,1.0,0.0,0.5,none,True,True
71744,1.0,0.0,0.5,none,True,True
71745,1.0,0.0,0.5,none,True,True
71746,1.0,0.0,0.5,none,True,True
71747,1.0,0.0,0.5,none,True,True
71748,1.0,0.0,0.5,none,True,True
71749,1.0,0.0,0.5,none,True,True
71750,1.0,0.0,0.5,none,True,True
71751,1.0,0.0,0.5,none,True,True
71752,1.0,0.0,0.5,none,True,True
71753,1.0,0.0,0.5,none,True,True
71754,1.0,0.0,0.5,none,True,True
71755,1.0,0.0,0.5,none,True,True
71756,1.0,0.0,0.5,none,True,True
71757,1.0,0.0,0.5,none,True,True
71758,1.0,0.0,0.5,none,True,True
71759,1.0,0.0,0.5,none,True,True
71760,1.0,0.0,0.5,none,True,True
71761,1.0,0.0,0.5,none,True,True
71762,1.0,0.0,0.5,none,True,True
71763,1.0,0.0,0.5,none,True,True
71764,1.0,0.0,0.5,none,True,True
71765,1.0,0.0,0.5,none,True,True
71766,1.0,0.0,0.5,none,True,True
71767,1.0,0.0,0.5,none,True,True
71768,1.0,0.0,0.5,none,True,True
71769,1.0,0.0,0.5,none,True,True
71770,1.0,0.0,0.5,none,True,True
71771,1.0,0.0,0.5,none,True,True
71772,1.0,0.0,0.5,none,True,True
71773,1.0,0.0,0.5,none,True,True
71774,1.0,0.0,0.5,none,True,True
71775,1.0,0.0,0.5,none,True,True
71776,1.0,0.0,0.5,none,True,True
71777,1.0,0.0,0.5,none,True,True
71778,1.0,0.0,0.5,none,True,True
71779,1.0,0.0,0.5,none,True,True
71780,1.0,0.0,0.5,none,True,True
71781,1.0,0.0,0.5,none,True,True
71782,1.0,0.0,0.5,none,True,True
71783,1.0,0.0,0.5,none,True,True
71784,1.0,0.0,0.5,none,True,True
71785,1.0,0.0,0.5,none,True,True
71786,1.0,0.0,0.5,none,True,True
71787,1.0,0.0,0.5,none,True,True
71788,1.0,0.0,0.5,none,True,True
71789,1.0,0.0,0.5,none,True,True
71790,1.0,0.0,0.5,none,True,True
71791,1.0,0.0,0.5,none,True,True
71792,1.0,0.0,0.5,none,True,True
71793,1.0,0.0,0.5,none,True,True
71794,1.0,0.0,0.5,none,True,True
71795,1.0,0.0,0.5,none,True,True
71796,1.0,0.0,0.5,none,True,True
71797,1.0,0.0,0.5,none,True,True
71798,1.0,0.0,0.5,none,True,True
71799,1.0,0.0,0.5,none,True,True
71800,1.0,0.0,0.5,none,True,True
71801,1.0,0.0,0.5,none,True,True
71802,1.0,0.0,0.5,none,True,True
71803,1.0,0.0,0.5,none,True,True
71804,1.0,0.0,0.5,none,True,True
71805,1.0,0.0,0.5,none,True,True
71806,1.0,0.0,0.5,none,True,True
71807,1.0,0.0,0.5,none,True,True
71808,1.0,0.0,0.5,none,True,True
71809,1.0,0.0,0.5,none,True,True
71810,1.0,0.0,0.5,none,True,True
71811,1.0,0.0,0.5,none,True,True
71812,1.0,0.0,0.5,none,True,True
71813,1.0,0.0,0.5,none,True,True
71814,1.0,0.0,0.5,none,True,True
71815,1.0,0.0,0.5,none,True,True
71816,1.0,0.0,0.5,none,True,True
71817,1.0,0.0,0.5,none,True,True
71818,1.0,0.0,0.5,none,True,True
71819,1.0,0.0,0.5,none,True,True
71820,1.0,0.0,0.5,none,True,True
71821,1.0,0.0,0.5,none,True,True
71822,1.0,0.0,0.5,none,True,True
71823,1.0,0.0,0.5,none,True,True
71824,1.0,0.0,0.5,none,True,True
71825,1.0,0.0,0.5,none,True,True
71826,1.0,0.0,0.5,none,True,True
71827,1.0,0.0,0.5,none,True,True
71828,1.0,0.0,0.5,none,True,True
71829,1.0,0.0,0.5,none,True,True
71830,1.0,0.0,0.5,none,True,True
71831,1.0,0.0,0.5,none,True,True
71832,1.0,0.0,0.5,none,True,True
71833,1.0,0.0,0.5,none,True,True
71834,1.0,0.0,0.5,none,True,True
71835,1.0,0.0,0.5,none,True,True
71836,1.0,0.0,0.5,none,True,True
71837,1.0,0.0,0.5,none,True,True
71838,1.0,0.0,0.5,none,True,True
71839,1.0,0.0,0.5,none,True,True
71840,1.0,0.0,0.5,none,True,True
71841,1.0,0.0,0.5,none,True,True
71842,1.0,0.0,0.5,none,True,True
71843,1.0,0.0,0.5,none,True,True
71844,1.0,0.0,0.5,none,True,True
71845,1.0,0.0,0.5,none,True,True
71846,1.0,0.0,0.5,none,True,True
71847,1.0,0.0,0.5,none,True,True
71848,1.0,0.0,0.5,none,True,True
71849,1.0,0.0,0.5,none,True,True
71850,1.0,0.0,0.5,none,True,True
71851,1.0,0.0,0.5,none,True,True
71852,1.0,0.0,0.5,none,True,True
71853,1.0,0.0,0.5,none,True,True
71854,1.0,0.0,0.5,none,True,True
71855,1.0,0.0,0.5,none,True,True
71856,1.0,0.0,0.5,none,True,True
71857,1.0,0.0,0.5,none,True,True
71858,1.0,0.0,0.5,none,True,True
71859,1.0,0.0,0.5,none,True,True
71860,1.0,0.0,0.5,none,True,True
71861,1.0,0.0,0.5,none,True,True
71862,1.0,0.0,0.5,none,True,True
71863,1.0,0.0,0.5,none,True,True
71864,1.0,0.0,0.5,none,True,True
71865,1.0,0.0,0.5,none,True,True
71866,1.0,0.0,0.5,none,True,True
71867,1.0,0.0,0.5,none,True,True
71868,1.0,0.0,0.5,none,True,True
71869,1.0,0.0,0.5,none,True,True
71870,1.0,0.0,0.5,none,True,True
71871,1.0,0.0,0.5,none,True,True
71872,1.0,0.0,0.5,none,True,True
71873,1.0,0.0,0.5,none,True,True
71874,1.0,0.0,0.5,none,True,True
71875,1.0,0.0,0.5,none,True,True
71876,1.0,0.0,0.5,none,True,True
71877,1.0,0.0,0.5,none,True,True
71878,1.0,0.0,0.5,none,True,True
71879,1.0,0.0,0.5,none,True,True
71880,1.0,0.0,0.5,none,True,True
71881,1.0,0.0,0.5,none,True,True
71882,1.0,0.0,0.5,none,True,True
71883,1.0,0.0,0.5,none,True,True
71884,1.0,0.0,0.5,none,True,True
71885,1.0,0.0,0.5,none,True,True
71886,1.0,0.0,0.5,none,True,True
71887,1.0,0.0,0.5,none,True,True
71888,1.0,0.0,0.5,none,True,True
71889,1.0,0.0,0.5,none,True,True
71890,1.0,0.0,0.5,none,True,True
71891,1.0,0.0,0.5,none,True,True
71892,1.0,0.0,0.5,none,True,True
71893,1.0,0.0,0.5,none,True,True
71894,1.0,0.0,0.5,none,True,True
71895,1.0,0.0,0.5,none,True,True
71896,1.0,0.0,0.5,none,True,True
71897,1.0,0.0,0.5,none,True,True
71898,1.0,0.0,0.5,none,True,True
71899,1.0,0.0,0.5,none,True,True
71900,1.0,0.0,0.5,none,True,True
71901,1.0,0.0,0.5,none,True,True
71902,1.0,0.0,0.5,none,True,True
71903,1.0,0.0,0.5,none,True,True
71904,1.0,0.0,0.5,none,True,True
71905,1.0,0.0,0.5,none,True,True
71906,1.0,0.0,0.5,none,True,True
71907,1.0,0.0,0.5,none,True,True
71908,1.0,0.0,0.5,none,True,True
71909,1.0,0.0,0.5,none,True,True
71910,1.0,0.0,0.5,none,True,True
71911,1.0,0.0,0.5,none,True,True
71912,1.0,0.0,0.5,none,True,True
71913,1.0,0.0,0.5,none,True,True
71914,1.0,0.0,0.5,none,True,True
71915,1.0,0.0,0.5,none,True,True
71916,1.0,0.0,0.5,none,True,True
71917,1.0,0.0,0.5,none,True,True
71918,1.0,0.0,0.5,none,True,True
71919,1.0,0.0,0.5,none,True,True
71920,1.0,0.0,0.5,none,True,True
71921,1.0,0.0,0.5,none,True,True
71922,1.0,0.0,0.5,none,True,True
71923,1.0,0.0,0.5,none,True,True
71924,1.0,0.0,0.5,none,True,True
71925,1.0,0.0,0.5,none,True,True
71926,1.0,0.0,0.5,none,True,True
71927,1.0,0.0,0.5,none,True,True
71928,1.0,0.0,0.5,none,True,True
71929,1.0,0.0,0.5,none,True,True
71930,1.0,0.0,0.5,none,True,True
71931,1.0,0.0,0.5,none,True,True
71932,1.0,0.0,0.5,none,True,True
71933,1.0,0.0,0.5,none,True,True
71934,1.0,0.0,0.5,none,True,True
71935,1.0,0.0,0.5,none,True,True
71936,1.0,0.0,0.5,none,True,True
71937,1.0,0.0,0.5,none,True,True
71938,1.0,0.0,0.5,none,True,True
71939,1.0,0.0,0.5,none,True,True
71940,1.0,0.0,0.5,none,True,True
71941,1.0,0.0,0.5,none,True,True
71942,1.0,0.0,0.5,none,True,True
71943,1.0,0.0,0.5,none,True,True
71944,1.0,0.0,0.5,none,True,True
71945,1.0,0.0,0.5,none,True,True
71946,1.0,0.0,0.5,none,True,True
71947,1.0,0.0,0.5,none,True,True
71948,1.0,0.0,0.5,none,True,True
71949,1.0,0.0,0.5,none,True,True
71950,1.0,0.0,0.5,none,True,True
71951,1.0,0.0,0.5,none,True,True
71952,1.0,0.0,0.5,none,True,True
71953,1.0,0.0,0.5,none,True,True
71954,1.0,0.0,0.5,none,True,True
71955,1.0,0.0,0.5,none,True,True
71956,1.0,0.0,0.5,none,True,True
71957,1.0,0.0,0.5,none,True,True
71958,1.0,0.0,0.5,none,True,True
71959,1.0,0.0,0.5,none,True,True
71960,1.0,0.0,0.5,none,True,True
71961,1.0,0.0,0.5,none,True,True
71962,1.0,0.0,0.5,none,True,True
71963,1.0,0.0,0.5,none,True,True
71964,1.0,0.0,0.5,none,True,True
71965,1.0,0.0,0.5,none,True,True
71966,1.0,0.0,0.5,none,True,True
71967,1.0,0.0,0.5,none,True,True
71968,1.0,0.0,0.5,none,True,True
71969,1.0,0.0,0.5,none,True,True
71970,1.0,0.0,0.5,none,True,True
71971,1.0,0.0,0.5,none,True,True
71972,1.0,0.0,0.5,none,True,True
71973,1.0,0.0,0.5,none,True,True
71974,1.0,0.0,0.5,none,True,True
71975,1.0,0.0,0.5,none,True,True
71976,1.0,0.0,0.5,none,True,True
71977,1.0,0.0,0.5,none,True,True
71978,1.0,0.0,0.5,none,True,True
71979,1.0,0.0,0.5,none,True,True
71980,1.0,0.0,0.5,none,True,True
71981,1.0,0.0,0.5,none,True,True
71982,1.0,0.0,0.5,none,True,True
71983,1.0,0.0,0.5,none,True,True
71984,1.0,0.0,0.5,none,True,True
71985,1.0,0.0,0.5,none,True,True
71986,1.0,0.0,0.5,none,True,True
71987,1.0,0.0,0.5,none,True,True
71988,1.0,0.0,0.5,none,True,True
71989,1.0,0.0,0.5,none,True,True
71990,1.0,0.0,0.5,none,True,True
71991,1.0,0.0,0.5,none,True,True
71992,1.0,0.0,0.5,none,True,True
71993,1.0,0.0,0.5,none,True,True
71994,1.0,0.0,0.5,none,True,True
71995,1.0,0.0,0.5,none,True,True
71996,1.0,0.0,0.5,none,True,True
71997,1.0,0.0,0.5,none,True,True
71998,1.0,0.0,0.5,none,True,True
71999,1.0,0.0,0.5,none,True,True
72000,1.0,0.0,0.5,none,True,True
72001,1.0,0.0,0.5,none,True,True
72002,1.0,0.0,0.5,none,True,True
72003,1.0,0.0,0.5,none,True,True
72004,1.0,0.0,0.5,none,True,True
72005,1.0,0.0,0.5,none,True,True
72006,1.0,0.0,0.5,none,True,True
72007,1.0,0.0,0.5,none,True,True
72008,1.0,0.0,0.5,none,True,True
72009,1.0,0.0,0.5,none,True,True
72010,1.0,0.0,0.5,none,True,True
72011,1.0,0.0,0.5,none,True,True
72012,1.0,0.0,0.5,none,True,True
72013,1.0,0.0,0.5,none,True,True
72014,1.0,0.0,0.5,none,True,True
72015,1.0,0.0,0.5,none,True,True
72016,1.0,0.0,0.5,none,True,True
72017,1.0,0.0,0.5,none,True,True
72018,1.0,0.0,0.5,none,True,True
72019,1.0,0.0,0.5,none,True,True
72020,1.0,0.0,0.5,none,True,True
72021,1.0,0.0,0.5,none,True,True
72022,1.0,0.0,0.5,none,True,True
72023,1.0,0.0,0.5,none,True,True
72024,1.0,0.0,0.5,none,True,True
72025,1.0,0.0,0.5,none,True,True
72026,1.0,0.0,0.5,none,True,True
72027,1.0,0.0,0.5,none,True,True
72028,1.0,0.0,0.5,none,True,True
72029,1.0,0.0,0.5,none,True,True
72030,1.0,0.0,0.5,none,True,True
72031,1.0,0.0,0.5,none,True,True
72032,1.0,0.0,0.5,none,True,True
72033,1.0,0.0,0.5,none,True,True
72034,1.0,0.0,0.5,none,True,True
72035,1.0,0.0,0.5,none,True,True
72036,1.0,0.0,0.5,none,True,True
72037,1.0,0.0,0.5,none,True,True
72038,1.0,0.0,0.5,none,True,True
72039,1.0,0.0,0.5,none,True,True
72040,1.0,0.0,0.5,none,True,True
72041,1.0,0.0,0.5,none,True,True
72042,1.0,0.0,0.5,none,True,True
72043,1.0,0.0,0.5,none,True,True
72044,1.0,0.0,0.5,none,True,True
72045,1.0,0.0,0.5,none,True,True
72046,1.0,0.0,0.5,none,True,True
72047,1.0,0.0,0.5,none,True,True
72048,1.0,0.0,0.5,none,True,True
72049,1.0,0.0,0.5,none,True,True
72050,1.0,0.0,0.5,none,True,True
72051,1.0,0.0,0.5,none,True,True
72052,1.0,0.0,0.5,none,True,True
72053,1.0,0.0,0.5,none,True,True
72054,1.0,0.0,0.5,none,True,True
72055,1.0,0.0,0.5,none,True,True
72056,1.0,0.0,0.5,none,True,True
72057,1.0,0.0,0.5,none,True,True
72058,1.0,0.0,0.5,none,True,True
72059,1.0,0.0,0.5,none,True,True
72060,1.0,0.0,0.5,none,True,True
72061,1.0,0.0,0.5,none,True,True
72062,1.0,0.0,0.5,none,True,True
72063,1.0,0.0,0.5,none,True,True
72064,1.0,0.0,0.5,none,True,True
72065,1.0,0.0,0.5,none,True,True
72066,1.0,0.0,0.5,none,True,True
72067,1.0,0.0,0.5,none,True,True
72068,1.0,0.0,0.5,none,True,True
72069,1.0,0.0,0.5,none,True,True
72070,1.0,0.0,0.5,none,True,True
72071,1.0,0.0,0.5,none,True,True
72072,1.0,0.0,0.5,none,True,True
72073,1.0,0.0,0.5,none,True,True
72074,1.0,0.0,0.5,none,True,True
72075,1.0,0.0,0.5,none,True,True
72076,1.0,0.0,0.5,none,True,True
72077,1.0,0.0,0.5,none,True,True
72078,1.0,0.0,0.5,none,True,True
72079,1.0,0.0,0.5,none,True,True
72080,1.0,0.0,0.5,none,True,True
72081,1.0,0.0,0.5,none,True,True
72082,1.0,0.0,0.5,none,True,True
72083,1.0,0.0,0.5,none,True,True
72084,1.0,0.0,0.5,none,True,True
72085,1.0,0.0,0.5,none,True,True
72086,1.0,0.0,0.5,none,True,True
72087,1.0,0.0,0.5,none,True,True
72088,1.0,0.0,0.5,none,True,True
72089,1.0,0.0,0.5,none,True,True
72090,1.0,0.0,0.5,none,True,True
72091,1.0,0.0,0.5,none,True,True
72092,1.0,0.0,0.5,none,True,True
72093,1.0,0.0,0.5,none,True,True
72094,1.0,0.0,0.5,none,True,True
72095,1.0,0.0,0.5,none,True,True
72096,1.0,0.0,0.5,none,True,True
72097,1.0,0.0,0.5,none,True,True
72098,1.0,0.0,0.5,none,True,True
72099,1.0,0.0,0.5,none,True,True
72100,1.0,0.0061,0.5,none,True,True
72101,1.0,0.0357,0.5,none,True,True
72102,1.0,0.0812,0.5,none,True,True
72103,1.0,0.1113,0.5,none,True,True
72104,1.0,0.1253,0.5,none,True,True
72105,1.0,0.1408,0.5,none,True,True
72106,1.0,0.0907,0.5,none,True,True
72107,1.0,0.1198,0.5,none,True,True
72108,1.0,0.0467,0.5,none,True,True
72109,1.0,0.0522,0.5,none,True,True
72110,1.0,0.0405,0.5,none,True,True
72111,1.0,0.0313,0.5,none,True,True
72112,1.0,0.0083,0.5,none,True,True
72113,1.0,0.0726,0.5,none,True,True
72114,1.0,0.0793,0.5,none,True,True
72115,1.0,0.0581,0.5,none,True,True
72116,1.0,0.0955,0.5,none,True,True
72117,1.0,0.0839,0.5,none,True,True
72118,1.0,0.0648,0.5,none,True,True
72119,1.0,0.0718,0.5,none,True,True
72120,1.0,0.0589,0.5,none,True,True
72121,1.0,0.0403,0.5,none,True,True
72122,1.0,0.0327,0.5,none,True,True
72123,1.0,0.0277,0.5,none,True,True
72124,1.0,0.017,0.5,none,True,True
72125,1.0,0.0102,0.5,none,True,True
72126,1.0,0.0099,0.5,none,True,True
72127,1.0,0.008,0.5,none,True,True
72128,1.0,0.005,0.5,none,True,True
72129,1.0,0.0063,0.5,none,True,True
72130,1.0,0.009,0.5,none,True,True
72131,1.0,0.0096,0.5,none,True,True
72132,1.0,0.0108,0.5,none,True,True
72133,1.0,0.014,0.5,none,True,True
72134,1.0,0.0161,0.5,none,True,True
72135,1.0,0.0167,0.5,none,True,True
72136,1.0,0.0182,0.5,none,True,True
72137,1.0,0.0196,0.5,none,True,True
72138,1.0,0.0197,0.5,none,True,True
72139,1.0,0.0193,0.5,none,True,True
72140,1.0,0.0193,0.5,none,True,True
72141,1.0,0.0187,0.5,none,True,True
72142,1.0,0.0174,0.5,none,True,True
72143,1.0,0.0163,0.5,none,True,True
72144,1.0,0.0152,0.5,none,True,True
72145,1.0,0.0138,0.5,none,True,True
72146,1.0,0.0123,0.5,none,True,True
72147,1.0,0.0111,0.5,none,True,True
72148,1.0,0.01,0.5,none,True,True
72149,1.0,0.0088,0.5,none,True,True
72150,1.0,0.0078,0.5,none,True,True
72151,1.0,0.0071,0.5,none,True,True
72152,1.0,0.0064,0.5,none,True,True
72153,1.0,0.0057,0.5,none,True,True
72154,1.0,0.0053,0.5,none,True,True
72155,1.0,0.005,0.5,none,True,True
72156,1.0,0.0047,0.5,none,True,True
72157,1.0,0.0045,0.5,none,True,True
72158,1.0,0.0044,0.5,none,True,True
72159,1.0,0.0043,0.5,none,True,True
72160,1.0,0.0042,0.5,none,True,True
72161,1.0,0.0041,0.5,none,True,True
72162,1.0,0.004,0.5,none,True,True
72163,1.0,0.0039,0.5,none,True,True
72164,1.0,0.0038,0.5,none,True,True
72165,1.0,0.0037,0.5,none,True,True
72166,1.0,0.0035,0.5,none,True,True
72167,1.0,0.0033,0.5,none,True,True
72168,1.0,0.0032,0.5,none,True,True
72169,1.0,0.003,0.5,none,True,True
72170,1.0,0.0028,0.5,none,True,True
72171,1.0,0.0026,0.5,none,True,True
72172,1.0,0.0024,0.5,none,True,True
72173,1.0,0.0023,0.5,none,True,True
72174,1.0,0.0021,0.5,none,True,True
72175,1.0,0.0019,0.5,none,True,True
72176,1.0,0.0018,0.5,none,True,True
72177,1.0,0.0017,0.5,none,True,True
72178,1.0,0.0015,0.5,none,True,True
72179,1.0,0.0014,0.5,none,True,True
72180,1.0,0.0013,0.5,none,True,True
72181,1.0,0.0013,0.5,none,True,True
72182,1.0,0.0012,0.5,none,True,True
72183,1.0,0.0011,0.5,none,True,True
72184,1.0,0.0011,0.5,none,True,True
72185,1.0,0.001,0.5,none,True,True
72186,1.0,0.001,0.5,none,True,True
72187,1.0,0.0009,0.5,none,True,True
72188,1.0,0.0009,0.5,none,True,True
72189,1.0,0.0008,0.5,none,True,True
72190,1.0,0.0008,0.5,none,True,True
72191,1.0,0.0008,0.5,none,True,True
72192,1.0,0.0007,0.5,none,True,True
72193,1.0,0.0007,0.5,none,True,True
72194,1.0,0.0006,0.5,none,True,True
72195,1.0,0.0006,0.5,none,True,True
72196,1.0,0.0006,0.5,none,True,True
72197,1.0,0.0005,0.5,none,True,True
72198,1.0,0.0005,0.5,none,True,True
72199,1.0,0.0005,0.5,none,True,True
72200,1.0,0.0004,0.5,none,True,True
72201,1.0,0.0004,0.5,none,True,True
72202,1.0,0.0004,0.5,none,True,True
72203,1.0,0.0004,0.5,none,True,True
72204,1.0,0.0003,0.5,none,True,True
72205,1.0,0.0003,0.5,none,True,True
72206,1.0,0.0003,0.5,none,True,True
72207,1.0,0.0003,0.5,none,True,True
72208,1.0,0.0003,0.5,none,True,True
72209,1.0,0.0003,0.5,none,True,True
72210,1.0,0.0002,0.5,none,True,True
72211,1.0,0.0002,0.5,none,True,True
72212,1.0,0.0002,0.5,none,True,True
72213,1.0,0.0002,0.5,none,True,True
72214,1.0,0.0002,0.5,none,True,True
72215,1.0,0.0002,0.5,none,True,True
72216,1.0,0.0002,0.5,none,True,True
72217,1.0,0.0002,0.5,none,True,True
72218,1.0,0.0002,0.5,none,True,True
72219,1.0,0.0001,0.5,none,True,True
72220,1.0,0.0001,0.5,none,True,True
72221,1.0,0.0001,0.5,none,True,True
72222,1.0,0.0001,0.5,none,True,True
72223,1.0,0.0001,0.5,none,True,True
72224,1.0,0.0001,0.5,none,True,True
72225,1.0,0.0001,0.5,none,True,True
72226,1.0,0.0001,0.5,none,True,True
72227,1.0,0.0001,0.5,none,True,True
72228,1.0,0.0001,0.5,none,True,True
72229,1.0,0.0001,0.5,none,True,True
72230,1.0,0.0001,0.5,none,True,True
72231,1.0,0.0001,0.5,none,True,True
72232,1.0,0.0001,0.5,none,True,True
72233,1.0,0.0001,0.5,none,True,True
72234,1.0,0.0001,0.5,none,True,True
72235,1.0,0.0001,0.5,none,True,True
72236,1.0,0.0001,0.5,none,True,True
72237,1.0,0.0,0.5,none,True,True
72238,1.0,0.0,0.5,none,True,True
72239,1.0,0.0,0.5,none,True,True
72240,1.0,0.0,0.5,none,True,True
72241,1.0,0.0,0.5,none,True,True
72242,1.0,0.0,0.5,none,True,True
72243,1.0,0.0,0.5,none,True,True
72244,1.0,0.0,0.5,none,True,True
72245,1.0,0.0,0.5,none,True,True
72246,1.0,0.0,0.5,none,True,True
72247,1.0,0.0,0.5,none,True,True
72248,1.0,0.0,0.5,none,True,True
72249,1.0,0.0,0.5,none,True,True
72250,1.0,0.0,0.5,none,True,True
72251,1.0,0.0,0.5,none,True,True
72252,1.0,0.0,0.5,none,True,True
72253,1.0,0.0,0.5,none,True,True
72254,1.0,0.0,0.5,none,True,True
72255,1.0,0.0,0.5,none,True,True
72256,1.0,0.0,0.5,none,True,True
72257,1.0,0.0,0.5,none,True,True
72258,1.0,0.0,0.5,none,True,True
72259,1.0,0.0,0.5,none,True,True
72260,1.0,0.0,0.5,none,True,True
72261,1.0,0.0,0.5,none,True,True
72262,1.0,0.0,0.5,none,True,True
72263,1.0,0.0,0.5,none,True,True
72264,1.0,0.0,0.5,none,True,True
72265,1.0,0.0,0.5,none,True,True
72266,1.0,0.0,0.5,none,True,True
72267,1.0,0.0,0.5,none,True,True
72268,1.0,0.0,0.5,none,True,True
72269,1.0,0.0,0.5,none,True,True
72270,1.0,0.0,0.5,none,True,True
72271,1.0,0.0,0.5,none,True,True
72272,1.0,0.0,0.5,none,True,True
72273,1.0,0.0,0.5,none,True,True
72274,1.0,0.0,0.5,none,True,True
72275,1.0,0.0,0.5,none,True,True
72276,1.0,0.0,0.5,none,True,True
72277,1.0,0.0,0.5,none,True,True
72278,1.0,0.0,0.5,none,True,True
72279,1.0,0.0,0.5,none,True,True
72280,1.0,0.0,0.5,none,True,True
72281,1.0,0.0,0.5,none,True,True
72282,1.0,0.0,0.5,none,True,True
72283,1.0,0.0,0.5,none,True,True
72284,1.0,0.0,0.5,none,True,True
72285,1.0,0.0,0.5,none,True,True
72286,1.0,0.0,0.5,none,True,True
72287,1.0,0.0,0.5,none,True,True
72288,1.0,0.0,0.5,none,True,True
72289,1.0,0.0,0.5,none,True,True
72290,1.0,0.0,0.5,none,True,True
72291,1.0,0.0,0.5,none,True,True
72292,1.0,0.0,0.5,none,True,True
72293,1.0,0.0,0.5,none,True,True
72294,1.0,0.0,0.5,none,True,True
72295,1.0,0.0,0.5,none,True,True
72296,1.0,0.0,0.5,none,True,True
72297,1.0,0.0,0.5,none,True,True
72298,1.0,0.0,0.5,none,True,True
72299,1.0,0.0,0.5,none,True,True
72300,1.0,0.0,0.5,none,True,True
72301,1.0,0.0,0.5,none,True,True
72302,1.0,0.0,0.5,none,True,True
72303,1.0,0.0,0.5,none,True,True
72304,1.0,0.0,0.5,none,True,True
72305,1.0,0.0,0.5,none,True,True
72306,1.0,0.0,0.5,none,True,True
72307,1.0,0.0,0.5,none,True,True
72308,1.0,0.0,0.5,none,True,True
72309,1.0,0.0,0.5,none,True,True
72310,1.0,0.0,0.5,none,True,True
72311,1.0,0.0,0.5,none,True,True
72312,1.0,0.0,0.5,none,True,True
72313,1.0,0.0,0.5,none,True,True
72314,1.0,0.0,0.5,none,True,True
72315,1.0,0.0,0.5,none,True,True
72316,1.0,0.0,0.5,none,True,True
72317,1.0,0.0,0.5,none,True,True
72318,1.0,0.0,0.5,none,True,True
72319,1.0,0.0,0.5,none,True,True
72320,1.0,0.0,0.5,none,True,True
72321,1.0,0.0,0.5,none,True,True
72322,1.0,0.0,0.5,none,True,True
72323,1.0,0.0,0.5,none,True,True
72324,1.0,0.0,0.5,none,True,True
72325,1.0,0.0,0.5,none,True,True
72326,1.0,0.0,0.5,none,True,True
72327,1.0,0.0,0.5,none,True,True
72328,1.0,0.0,0.5,none,True,True
72329,1.0,0.0,0.5,none,True,True
72330,1.0,0.0,0.5,none,True,True
72331,1.0,0.0,0.5,none,True,True
72332,1.0,0.0,0.5,none,True,True
72333,1.0,0.0,0.5,none,True,True
72334,1.0,0.0,0.5,none,True,True
72335,1.0,0.0,0.5,none,True,True
72336,1.0,0.0,0.5,none,True,True
72337,1.0,0.0,0.5,none,True,True
72338,1.0,0.0,0.5,none,True,True
72339,1.0,0.0,0.5,none,True,True
72340,1.0,0.0,0.5,none,True,True
72341,1.0,0.0,0.5,none,True,True
72342,1.0,0.0,0.5,none,True,True
72343,1.0,0.0,0.5,none,True,True
72344,1.0,0.0,0.5,none,True,True
72345,1.0,0.0,0.5,none,True,True
72346,1.0,0.0,0.5,none,True,True
72347,1.0,0.0,0.5,none,True,True
72348,1.0,0.0,0.5,none,True,True
72349,1.0,0.0,0.5,none,True,True
72350,1.0,0.0,0.5,none,True,True
72351,1.0,0.0,0.5,none,True,True
72352,1.0,0.0,0.5,none,True,True
72353,1.0,0.0,0.5,none,True,True
72354,1.0,0.0,0.5,none,True,True
72355,1.0,0.0,0.5,none,True,True
72356,1.0,0.0,0.5,none,True,True
72357,1.0,0.0,0.5,none,True,True
72358,1.0,0.0,0.5,none,True,True
72359,1.0,0.0,0.5,none,True,True
72360,1.0,0.0,0.5,none,True,True
72361,1.0,0.0,0.5,none,True,True
72362,1.0,0.0,0.5,none,True,True
72363,1.0,0.0,0.5,none,True,True
72364,1.0,0.0,0.5,none,True,True
72365,1.0,0.0,0.5,none,True,True
72366,1.0,0.0,0.5,none,True,True
72367,1.0,0.0,0.5,none,True,True
72368,1.0,0.0,0.5,none,True,True
72369,1.0,0.0,0.5,none,True,True
72370,1.0,0.0,0.5,none,True,True
72371,1.0,0.0,0.5,none,True,True
72372,1.0,0.0,0.5,none,True,True
72373,1.0,0.0,0.5,none,True,True
72374,1.0,0.0,0.5,none,True,True
72375,1.0,0.0,0.5,none,True,True
72376,1.0,0.0,0.5,none,True,True
72377,1.0,0.0,0.5,none,True,True
72378,1.0,0.0,0.5,none,True,True
72379,1.0,0.0,0.5,none,True,True
72380,1.0,0.0,0.5,none,True,True
72381,1.0,0.0,0.5,none,True,True
72382,1.0,0.0,0.5,none,True,True
72383,1.0,0.0,0.5,none,True,True
72384,1.0,0.0,0.5,none,True,True
72385,1.0,0.0,0.5,none,True,True
72386,1.0,0.0,0.5,none,True,True
72387,1.0,0.0,0.5,none,True,True
72388,1.0,0.0,0.5,none,True,True
72389,1.0,0.0,0.5,none,True,True
72390,1.0,0.0,0.5,none,True,True
72391,1.0,0.0,0.5,none,True,True
72392,1.0,0.0,0.5,none,True,True
72393,1.0,0.0,0.5,none,True,True
72394,1.0,0.0,0.5,none,True,True
72395,1.0,0.0,0.5,none,True,True
72396,1.0,0.0,0.5,none,True,True
72397,1.0,0.0,0.5,none,True,True
72398,1.0,0.0,0.5,none,True,True
72399,1.0,0.0,0.5,none,True,True
72400,1.0,0.0,0.5,none,True,True
72401,1.0,0.0,0.5,none,True,True
72402,1.0,0.0,0.5,none,True,True
72403,1.0,0.0,0.5,none,True,True
72404,1.0,0.0,0.5,none,True,True
72405,1.0,0.0,0.5,none,True,True
72406,1.0,0.0,0.5,none,True,True
72407,1.0,0.0,0.5,none,True,True
72408,1.0,0.0,0.5,none,True,True
72409,1.0,0.0,0.5,none,True,True
72410,1.0,0.0,0.5,none,True,True
72411,1.0,0.0,0.5,none,True,True
72412,1.0,0.0,0.5,none,True,True
72413,1.0,0.0,0.5,none,True,True
72414,1.0,0.0,0.5,none,True,True
72415,1.0,0.0,0.5,none,True,True
72416,1.0,0.0,0.5,none,True,True
72417,1.0,0.0,0.5,none,True,True
72418,1.0,0.0,0.5,none,True,True
72419,1.0,0.0,0.5,none,True,True
72420,1.0,0.0,0.5,none,True,True
72421,1.0,0.0,0.5,none,True,True
72422,1.0,0.0,0.5,none,True,True
72423,1.0,0.0,0.5,none,True,True
72424,1.0,0.0,0.5,none,True,True
72425,1.0,0.0,0.5,none,True,True
72426,1.0,0.0,0.5,none,True,True
72427,1.0,0.0,0.5,none,True,True
72428,1.0,0.0,0.5,none,True,True
72429,1.0,0.0,0.5,none,True,True
72430,1.0,0.0,0.5,none,True,True
72431,1.0,0.0,0.5,none,True,True
72432,1.0,0.0,0.5,none,True,True
72433,1.0,0.0,0.5,none,True,True
72434,1.0,0.0,0.5,none,True,True
72435,1.0,0.0,0.5,none,True,True
72436,1.0,0.0,0.5,none,True,True
72437,1.0,0.0,0.5,none,True,True
72438,1.0,0.0,0.5,none,True,True
72439,1.0,0.0,0.5,none,True,True
72440,1.0,0.0,0.5,none,True,True
72441,1.0,0.0,0.5,none,True,True
72442,1.0,0.0,0.5,none,True,True
72443,1.0,0.0,0.5,none,True,True
72444,1.0,0.0,0.5,none,True,True
72445,1.0,0.0,0.5,none,True,True
72446,1.0,0.0,0.5,none,True,True
72447,1.0,0.0,0.5,none,True,True
72448,1.0,0.0,0.5,none,True,True
72449,1.0,0.0,0.5,none,True,True
72450,1.0,0.0,0.5,none,True,True
72451,1.0,0.0,0.5,none,True,True
72452,1.0,0.0,0.5,none,True,True
72453,1.0,0.0,0.5,none,True,True
72454,1.0,0.0,0.5,none,True,True
72455,1.0,0.0,0.5,none,True,True
72456,1.0,0.0,0.5,none,True,True
72457,1.0,0.0,0.5,none,True,True
72458,1.0,0.0,0.5,none,True,True
72459,1.0,0.0,0.5,none,True,True
72460,1.0,0.0,0.5,none,True,True
72461,1.0,0.0,0.5,none,True,True
72462,1.0,0.0,0.5,none,True,True
72463,1.0,0.0,0.5,none,True,True
72464,1.0,0.0,0.5,none,True,True
72465,1.0,0.0,0.5,none,True,True
72466,1.0,0.0,0.5,none,True,True
72467,1.0,0.0,0.5,none,True,True
72468,1.0,0.0,0.5,none,True,True
72469,1.0,0.0,0.5,none,True,True
72470,1.0,0.0,0.5,none,True,True
72471,1.0,0.0,0.5,none,True,True
72472,1.0,0.0,0.5,none,True,True
72473,1.0,0.0,0.5,none,True,True
72474,1.0,0.0,0.5,none,True,True
72475,1.0,0.0,0.5,none,True,True
72476,1.0,0.0,0.5,none,True,True
72477,1.0,0.0,0.5,none,True,True
72478,1.0,0.0,0.5,none,True,True
72479,1.0,0.0,0.5,none,True,True
72480,1.0,0.0,0.5,none,True,True
72481,1.0,0.0,0.5,none,True,True
72482,1.0,0.0,0.5,none,True,True
72483,1.0,0.0,0.5,none,True,True
72484,1.0,0.0,0.5,none,True,True
72485,1.0,0.0,0.5,none,True,True
72486,1.0,0.0,0.5,none,True,True
72487,1.0,0.0,0.5,none,True,True
72488,1.0,0.0,0.5,none,True,True
72489,1.0,0.0,0.5,none,True,True
72490,1.0,0.0,0.5,none,True,True
72491,1.0,0.0,0.5,none,True,True
72492,1.0,0.0,0.5,none,True,True
72493,1.0,0.0,0.5,none,True,True
72494,1.0,0.0,0.5,none,True,True
72495,1.0,0.0,0.5,none,True,True
72496,1.0,0.0,0.5,none,True,True
72497,1.0,0.0,0.5,none,True,True
72498,1.0,0.0,0.5,none,True,True
72499,1.0,0.0,0.5,none,True,True
72500,1.0,0.0,0.5,none,True,True
72501,1.0,0.0,0.5,none,True,True
72502,1.0,0.0,0.5,none,True,True
72503,1.0,0.0,0.5,none,True,True
72504,1.0,0.0,0.5,none,True,True
72505,1.0,0.0,0.5,none,True,True
72506,1.0,0.0,0.5,none,True,True
72507,1.0,0.0,0.5,none,True,True
72508,1.0,0.0,0.5,none,True,True
72509,1.0,0.0,0.5,none,True,True
72510,1.0,0.0,0.5,none,True,True
72511,1.0,0.0,0.5,none,True,True
72512,1.0,0.0,0.5,none,True,True
72513,1.0,0.0,0.5,none,True,True
72514,1.0,0.0,0.5,none,True,True
72515,1.0,0.0,0.5,none,True,True
72516,1.0,0.0,0.5,none,True,True
72517,1.0,0.0,0.5,none,True,True
72518,1.0,0.0,0.5,none,True,True
72519,1.0,0.0,0.5,none,True,True
72520,1.0,0.0,0.5,none,True,True
72521,1.0,0.0,0.5,none,True,True
72522,1.0,0.0,0.5,none,True,True
72523,1.0,0.0,0.5,none,True,True
72524,1.0,0.0,0.5,none,True,True
72525,1.0,0.0,0.5,none,True,True
72526,1.0,0.0,0.5,none,True,True
72527,1.0,0.0,0.5,none,True,True
72528,1.0,0.0,0.5,none,True,True
72529,1.0,0.0,0.5,none,True,True
72530,1.0,0.0,0.5,none,True,True
72531,1.0,0.0,0.5,none,True,True
72532,1.0,0.0,0.5,none,True,True
72533,1.0,0.0,0.5,none,True,True
72534,1.0,0.0,0.5,none,True,True
72535,1.0,0.0,0.5,none,True,True
72536,1.0,0.0,0.5,none,True,True
72537,1.0,0.0,0.5,none,True,True
72538,1.0,0.0,0.5,none,True,True
72539,1.0,0.0,0.5,none,True,True
72540,1.0,0.0,0.5,none,True,True
72541,1.0,0.0,0.5,none,True,True
72542,1.0,0.0,0.5,none,True,True
72543,1.0,0.0,0.5,none,True,True
72544,1.0,0.0,0.5,none,True,True
72545,1.0,0.0,0.5,none,True,True
72546,1.0,0.0,0.5,none,True,True
72547,1.0,0.0,0.5,none,True,True
72548,1.0,0.0,0.5,none,True,True
72549,1.0,0.0,0.5,none,True,True
72550,1.0,0.0,0.5,none,True,True
72551,1.0,0.0,0.5,none,True,True
72552,1.0,0.0,0.5,none,True,True
72553,1.0,0.0,0.5,none,True,True
72554,1.0,0.0,0.5,none,True,True
72555,1.0,0.0,0.5,none,True,True
72556,1.0,0.0,0.5,none,True,True
72557,1.0,0.0,0.5,none,True,True
72558,1.0,0.0,0.5,none,True,True
72559,1.0,0.0,0.5,none,True,True
72560,1.0,0.0,0.5,none,True,True
72561,1.0,0.0,0.5,none,True,True
72562,1.0,0.0,0.5,none,True,True
72563,1.0,0.0,0.5,none,True,True
72564,1.0,0.0,0.5,none,True,True
72565,1.0,0.0,0.5,none,True,True
72566,1.0,0.0,0.5,none,True,True
72567,1.0,0.0,0.5,none,True,True
72568,1.0,0.0,0.5,none,True,True
72569,1.0,0.0,0.5,none,True,True
72570,1.0,0.0,0.5,none,True,True
72571,1.0,0.0,0.5,none,True,True
72572,1.0,0.0,0.5,none,True,True
72573,1.0,0.0,0.5,none,True,True
72574,1.0,0.0,0.5,none,True,True
72575,1.0,0.0,0.5,none,True,True
72576,1.0,0.0,0.5,none,True,True
72577,1.0,0.0,0.5,none,True,True
72578,1.0,0.0,0.5,none,True,True
72579,1.0,0.0,0.5,none,True,True
72580,1.0,0.0,0.5,none,True,True
72581,1.0,0.0,0.5,none,True,True
72582,1.0,0.0,0.5,none,True,True
72583,1.0,0.0,0.5,none,True,True
72584,1.0,0.0,0.5,none,True,True
72585,1.0,0.0,0.5,none,True,True
72586,1.0,0.0,0.5,none,True,True
72587,1.0,0.0,0.5,none,True,True
72588,1.0,0.0,0.5,none,True,True
72589,1.0,0.0,0.5,none,True,True
72590,1.0,0.0,0.5,none,True,True
72591,1.0,0.0,0.5,none,True,True
72592,1.0,0.0,0.5,none,True,True
72593,1.0,0.0,0.5,none,True,True
72594,1.0,0.0,0.5,none,True,True
72595,1.0,0.0,0.5,none,True,True
72596,1.0,0.0,0.5,none,True,True
72597,1.0,0.0,0.5,none,True,True
72598,1.0,0.0,0.5,none,True,True
72599,1.0,0.0,0.5,none,True,True
72600,1.0,0.0,0.5,none,True,True
72601,1.0,0.0,0.5,none,True,True
72602,1.0,0.0,0.5,none,True,True
72603,1.0,0.0,0.5,none,True,True
72604,1.0,0.0,0.5,none,True,True
72605,1.0,0.0,0.5,none,True,True
72606,1.0,0.0,0.5,none,True,True
72607,1.0,0.0,0.5,none,True,True
72608,1.0,0.0,0.5,none,True,True
72609,1.0,0.0,0.5,none,True,True
72610,1.0,0.0,0.5,none,True,True
72611,1.0,0.0,0.5,none,True,True
72612,1.0,0.0,0.5,none,True,True
72613,1.0,0.0,0.5,none,True,True
72614,1.0,0.0,0.5,none,True,True
72615,1.0,0.0,0.5,none,True,True
72616,1.0,0.0,0.5,none,True,True
72617,1.0,0.0,0.5,none,True,True
72618,1.0,0.0,0.5,none,True,True
72619,1.0,0.0,0.5,none,True,True
72620,1.0,0.0,0.5,none,True,True
72621,1.0,0.0,0.5,none,True,True
72622,1.0,0.0,0.5,none,True,True
72623,1.0,0.0,0.5,none,True,True
72624,1.0,0.0,0.5,none,True,True
72625,1.0,0.0,0.5,none,True,True
72626,1.0,0.0,0.5,none,True,True
72627,1.0,0.0,0.5,none,True,True
72628,1.0,0.0,0.5,none,True,True
72629,1.0,0.0,0.5,none,True,True
72630,1.0,0.0,0.5,none,True,True
72631,1.0,0.0,0.5,none,True,True
72632,1.0,0.0,0.5,none,True,True
72633,1.0,0.0,0.5,none,True,True
72634,1.0,0.0,0.5,none,True,True
72635,1.0,0.0,0.5,none,True,True
72636,1.0,0.0,0.5,none,True,True
72637,1.0,0.0,0.5,none,True,True
72638,1.0,0.0,0.5,none,True,True
72639,1.0,0.0,0.5,none,True,True
72640,1.0,0.0,0.5,none,True,True
72641,1.0,0.0,0.5,none,True,True
72642,1.0,0.0,0.5,none,True,True
72643,1.0,0.0,0.5,none,True,True
72644,1.0,0.0,0.5,none,True,True
72645,1.0,0.0,0.5,none,True,True
72646,1.0,0.0,0.5,none,True,True
72647,1.0,0.0,0.5,none,True,True
72648,1.0,0.0,0.5,none,True,True
72649,1.0,0.0,0.5,none,True,True
72650,1.0,0.0,0.5,none,True,True
72651,1.0,0.0,0.5,none,True,True
72652,1.0,0.0,0.5,none,True,True
72653,1.0,0.0,0.5,none,True,True
72654,1.0,0.0,0.5,none,True,True
72655,1.0,0.0,0.5,none,True,True
72656,1.0,0.0,0.5,none,True,True
72657,1.0,0.0,0.5,none,True,True
72658,1.0,0.0,0.5,none,True,True
72659,1.0,0.0,0.5,none,True,True
72660,1.0,0.0,0.5,none,True,True
72661,1.0,0.0,0.5,none,True,True
72662,1.0,0.0,0.5,none,True,True
72663,1.0,0.0,0.5,none,True,True
72664,1.0,0.0,0.5,none,True,True
72665,1.0,0.0,0.5,none,True,True
72666,1.0,0.0,0.5,none,True,True
72667,1.0,0.0,0.5,none,True,True
72668,1.0,0.0,0.5,none,True,True
72669,1.0,0.0,0.5,none,True,True
72670,1.0,0.0,0.5,none,True,True
72671,1.0,0.0,0.5,none,True,True
72672,1.0,0.0,0.5,none,True,True
72673,1.0,0.0,0.5,none,True,True
72674,1.0,0.0,0.5,none,True,True
72675,1.0,0.0,0.5,none,True,True
72676,1.0,0.0,0.5,none,True,True
72677,1.0,0.0,0.5,none,True,True
72678,1.0,0.0,0.5,none,True,True
72679,1.0,0.0,0.5,none,True,True
72680,1.0,0.0,0.5,none,True,True
72681,1.0,0.0,0.5,none,True,True
72682,1.0,0.0,0.5,none,True,True
72683,1.0,0.0,0.5,none,True,True
72684,1.0,0.0,0.5,none,True,True
72685,1.0,0.0,0.5,none,True,True
72686,1.0,0.0,0.5,none,True,True
72687,1.0,0.0,0.5,none,True,True
72688,1.0,0.0,0.5,none,True,True
72689,1.0,0.0,0.5,none,True,True
72690,1.0,0.0,0.5,none,True,True
72691,1.0,0.0,0.5,none,True,True
72692,1.0,0.0,0.5,none,True,True
72693,1.0,0.0,0.5,none,True,True
72694,1.0,0.0,0.5,none,True,True
72695,1.0,0.0,0.5,none,True,True
72696,1.0,0.0,0.5,none,True,True
72697,1.0,0.0,0.5,none,True,True
72698,1.0,0.0,0.5,none,True,True
72699,1.0,0.0,0.5,none,True,True
72700,1.0,0.0,0.5,none,True,True
72701,1.0,0.0,0.5,none,True,True
72702,1.0,0.0,0.5,none,True,True
72703,1.0,0.0,0.5,none,True,True
72704,1.0,0.0,0.5,none,True,True
72705,1.0,0.0,0.5,none,True,True
72706,1.0,0.0,0.5,none,True,True
72707,1.0,0.0,0.5,none,True,True
72708,1.0,0.0,0.5,none,True,True
72709,1.0,0.0,0.5,none,True,True
72710,1.0,0.0,0.5,none,True,True
72711,1.0,0.0,0.5,none,True,True
72712,1.0,0.0,0.5,none,True,True
72713,1.0,0.0,0.5,none,True,True
72714,1.0,0.0,0.5,none,True,True
72715,1.0,0.0,0.5,none,True,True
72716,1.0,0.0,0.5,none,True,True
72717,1.0,0.0,0.5,none,True,True
72718,1.0,0.0,0.5,none,True,True
72719,1.0,0.0,0.5,none,True,True
72720,1.0,0.0,0.5,none,True,True
72721,1.0,0.0,0.5,none,True,True
72722,1.0,0.0,0.5,none,True,True
72723,1.0,0.0,0.5,none,True,True
72724,1.0,0.0,0.5,none,True,True
72725,1.0,0.0,0.5,none,True,True
72726,1.0,0.0,0.5,none,True,True
72727,1.0,0.0,0.5,none,True,True
72728,1.0,0.0,0.5,none,True,True
72729,1.0,0.0,0.5,none,True,True
72730,1.0,0.0,0.5,none,True,True
72731,1.0,0.0,0.5,none,True,True
72732,1.0,0.0,0.5,none,True,True
72733,1.0,0.0,0.5,none,True,True
72734,1.0,0.0,0.5,none,True,True
72735,1.0,0.0,0.5,none,True,True
72736,1.0,0.0,0.5,none,True,True
72737,1.0,0.0,0.5,none,True,True
72738,1.0,0.0,0.5,none,True,True
72739,1.0,0.0,0.5,none,True,True
72740,1.0,0.0,0.5,none,True,True
72741,1.0,0.0,0.5,none,True,True
72742,1.0,0.0,0.5,none,True,True
72743,1.0,0.0,0.5,none,True,True
72744,1.0,0.0,0.5,none,True,True
72745,1.0,0.0,0.5,none,True,True
72746,1.0,0.0,0.5,none,True,True
72747,1.0,0.0,0.5,none,True,True
72748,1.0,0.0,0.5,none,True,True
72749,1.0,0.0,0.5,none,True,True
72750,1.0,0.0,0.5,none,True,True
72751,1.0,0.0,0.5,none,True,True
72752,1.0,0.0,0.5,none,True,True
72753,1.0,0.0,0.5,none,True,True
72754,1.0,0.0,0.5,none,True,True
72755,1.0,0.0,0.5,none,True,True
72756,1.0,0.0,0.5,none,True,True
72757,1.0,0.0,0.5,none,True,True
72758,1.0,0.0,0.5,none,True,True
72759,1.0,0.0,0.5,none,True,True
72760,1.0,0.0,0.5,none,True,True
72761,1.0,0.0,0.5,none,True,True
72762,1.0,0.0,0.5,none,True,True
72763,1.0,0.0,0.5,none,True,True
72764,1.0,0.0,0.5,none,True,True
72765,1.0,0.0,0.5,none,True,True
72766,1.0,0.0,0.5,none,True,True
72767,1.0,0.0,0.5,none,True,True
72768,1.0,0.0,0.5,none,True,True
72769,1.0,0.0,0.5,none,True,True
72770,1.0,0.0,0.5,none,True,True
72771,1.0,0.0,0.5,none,True,True
72772,1.0,0.0,0.5,none,True,True
72773,1.0,0.0,0.5,none,True,True
72774,1.0,0.0,0.5,none,True,True
72775,1.0,0.0,0.5,none,True,True
72776,1.0,0.0,0.5,none,True,True
72777,1.0,0.0,0.5,none,True,True
72778,1.0,0.0,0.5,none,True,True
72779,1.0,0.0,0.5,none,True,True
72780,1.0,0.0,0.5,none,True,True
72781,1.0,0.0,0.5,none,True,True
72782,1.0,0.0,0.5,none,True,True
72783,1.0,0.0,0.5,none,True,True
72784,1.0,0.0,0.5,none,True,True
72785,1.0,0.0,0.5,none,True,True
72786,1.0,0.0,0.5,none,True,True
72787,1.0,0.0,0.5,none,True,True
72788,1.0,0.0,0.5,none,True,True
72789,1.0,0.0,0.5,none,True,True
72790,1.0,0.0,0.5,none,True,True
72791,1.0,0.0,0.5,none,True,True
72792,1.0,0.0,0.5,none,True,True
72793,1.0,0.0,0.5,none,True,True
72794,1.0,0.0,0.5,none,True,True
72795,1.0,0.0,0.5,none,True,True
72796,1.0,0.0,0.5,none,True,True
72797,1.0,0.0,0.5,none,True,True
72798,1.0,0.0,0.5,none,True,True
72799,1.0,0.0,0.5,none,True,True
72800,1.0,0.0061,0.5,none,True,True
72801,1.0,0.0357,0.5,none,True,True
72802,1.0,0.0812,0.5,none,True,True
72803,1.0,0.1113,0.5,none,True,True
72804,1.0,0.1253,0.5,none,True,True
72805,1.0,0.1408,0.5,none,True,True
72806,1.0,0.0907,0.5,none,True,True
72807,1.0,0.1198,0.5,none,True,True
72808,1.0,0.0467,0.5,none,True,True
72809,1.0,0.0522,0.5,none,True,True
72810,1.0,0.0405,0.5,none,True,True
72811,1.0,0.0313,0.5,none,True,True
72812,1.0,0.0083,0.5,none,True,True
72813,1.0,0.0726,0.5,none,True,True
72814,1.0,0.0793,0.5,none,True,True
72815,1.0,0.0581,0.5,none,True,True
72816,1.0,0.0955,0.5,none,True,True
72817,1.0,0.0839,0.5,none,True,True
72818,1.0,0.0648,0.5,none,True,True
72819,1.0,0.0718,0.5,none,True,True
72820,1.0,0.0589,0.5,none,True,True
72821,1.0,0.0403,0.5,none,True,True
72822,1.0,0.0327,0.5,none,True,True
72823,1.0,0.0277,0.5,none,True,True
72824,1.0,0.017,0.5,none,True,True
72825,1.0,0.0102,0.5,none,True,True
72826,1.0,0.0099,0.5,none,True,True
72827,1.0,0.008,0.5,none,True,True
72828,1.0,0.005,0.5,none,True,True
72829,1.0,0.0063,0.5,none,True,True
72830,1.0,0.009,0.5,none,True,True
72831,1.0,0.0096,0.5,none,True,True
72832,1.0,0.0108,0.5,none,True,True
72833,1.0,0.014,0.5,none,True,True
72834,1.0,0.0161,0.5,none,True,True
72835,1.0,0.0167,0.5,none,True,True
72836,1.0,0.0182,0.5,none,True,True
72837,1.0,0.0196,0.5,none,True,True
72838,1.0,0.0197,0.5,none,True,True
72839,1.0,0.0193,0.5,none,True,True
72840,1.0,0.0193,0.5,none,True,True
72841,1.0,0.0187,0.5,none,True,True
72842,1.0,0.0174,0.5,none,True,True
72843,1.0,0.0163,0.5,none,True,True
72844,1.0,0.0152,0.5,none,True,True
72845,1.0,0.0138,0.5,none,True,True
72846,1.0,0.0123,0.5,none,True,True
72847,1.0,0.0111,0.5,none,True,True
72848,1.0,0.01,0.5,none,True,True
72849,1.0,0.0088,0.5,none,True,True
72850,1.0,0.0078,0.5,none,True,True
72851,1.0,0.0071,0.5,none,True,True
72852,1.0,0.0064,0.5,none,True,True
72853,1.0,0.0057,0.5,none,True,True
72854,1.0,0.0053,0.5,none,True,True
72855,1.0,0.005,0.5,none,True,True
72856,1.0,0.0047,0.5,none,True,True
72857,1.0,0.0045,0.5,none,True,True
72858,1.0,0.0044,0.5,none,True,True
72859,1.0,0.0043,0.5,none,True,True
72860,1.0,0.0042,0.5,none,True,True
72861,1.0,0.0041,0.5,none,True,True
72862,1.0,0.004,0.5,none,True,True
72863,1.0,0.0039,0.5,none,True,True
72864,1.0,0.0038,0.5,none,True,True
72865,1.0,0.0037,0.5,none,True,True
72866,1.0,0.0035,0.5,none,True,True
72867,1.0,0.0033,0.5,none,True,True
72868,1.0,0.0032,0.5,none,True,True
72869,1.0,0.003,0.5,none,True,True
72870,1.0,0.0028,0.5,none,True,True
72871,1.0,0.0026,0.5,none,True,True
72872,1.0,0.0024,0.5,none,True,True
72873,1.0,0.0023,0.5,none,True,True
72874,1.0,0.0021,0.5,none,True,True
72875,1.0,0.0019,0.5,none,True,True
72876,1.0,0.0018,0.5,none,True,True
72877,1.0,0.0017,0.5,none,True,True
72878,1.0,0.0015,0.5,none,True,True
72879,1.0,0.0014,0.5,none,True,True
72880,1.0,0.0013,0.5,none,True,True
72881,1.0,0.0013,0.5,none,True,True
72882,1.0,0.0012,0.5,none,True,True
72883,1.0,0.0011,0.5,none,True,True
72884,1.0,0.0011,0.5,none,True,True
72885,1.0,0.001,0.5,none,True,True
72886,1.0,0.001,0.5,none,True,True
72887,1.0,0.0009,0.5,none,True,True
72888,1.0,0.0009,0.5,none,True,True
72889,1.0,0.0008,0.5,none,True,True
72890,1.0,0.0008,0.5,none,True,True
72891,1.0,0.0008,0.5,none,True,True
72892,1.0,0.0007,0.5,none,True,True
72893,1.0,0.0007,0.5,none,True,True
72894,1.0,0.0006,0.5,none,True,True
72895,1.0,0.0006,0.5,none,True,True
72896,1.0,0.0006,0.5,none,True,True
72897,1.0,0.0005,0.5,none,True,True
72898,1.0,0.0005,0.5,none,True,True
72899,1.0,0.0005,0.5,none,True,True
72900,1.0,0.0004,0.5,none,True,True
72901,1.0,0.0004,0.5,none,True,True
72902,1.0,0.0004,0.5,none,True,True
72903,1.0,0.0004,0.5,none,True,True
72904,1.0,0.0003,0.5,none,True,True
72905,1.0,0.0003,0.5,none,True,True
72906,1.0,0.0003,0.5,none,True,True
72907,1.0,0.0003,0.5,none,True,True
72908,1.0,0.0003,0.5,none,True,True
72909,1.0,0.0003,0.5,none,True,True
72910,1.0,0.0002,0.5,none,True,True
72911,1.0,0.0002,0.5,none,True,True
72912,1.0,0.0002,0.5,none,True,True
72913,1.0,0.0002,0.5,none,True,True
72914,1.0,0.0002,0.5,none,True,True
72915,1.0,0.0002,0.5,none,True,True
72916,1.0,0.0002,0.5,none,True,True
72917,1.0,0.0002,0.5,none,True,True
72918,1.0,0.0002,0.5,none,True,True
72919,1.0,0.0001,0.5,none,True,True
72920,1.0,0.0001,0.5,none,True,True
72921,1.0,0.0001,0.5,none,True,True
72922,1.0,0.0001,0.5,none,True,True
72923,1.0,0.0001,0.5,none,True,True
72924,1.0,0.0001,0.5,none,True,True
72925,1.0,0.0001,0.5,none,True,True
72926,1.0,0.0001,0.5,none,True,True
72927,1.0,0.0001,0.5,none,True,True
72928,1.0,0.0001,0.5,none,True,True
72929,1.0,0.0001,0.5,none,True,True
72930,1.0,0.0001,0.5,none,True,True
72931,1.0,0.0001,0.5,none,True,True
72932,1.0,0.0001,0.5,none,True,True
72933,1.0,0.0001,0.5,none,True,True
72934,1.0,0.0001,0.5,none,True,True
72935,1.0,0.0001,0.5,none,True,True
72936,1.0,0.0001,0.5,none,True,True
72937,1.0,0.0,0.5,none,True,True
72938,1.0,0.0,0.5,none,True,True
72939,1.0,0.0,0.5,none,True,True
72940,1.0,0.0,0.5,none,True,True
72941,1.0,0.0,0.5,none,True,True
72942,1.0,0.0,0.5,none,True,True
72943,1.0,0.0,0.5,none,True,True
72944,1.0,0.0,0.5,none,True,True
72945,1.0,0.0,0.5,none,True,True
72946,1.0,0.0,0.5,none,True,True
72947,1.0,0.0,0.5,none,True,True
72948,1.0,0.0,0.5,none,True,True
72949,1.0,0.0,0.5,none,True,True
72950,1.0,0.0,0.5,none,True,True
72951,1.0,0.0,0.5,none,True,True
72952,1.0,0.0,0.5,none,True,True
72953,1.0,0.0,0.5,none,True,True
72954,1.0,0.0,0.5,none,True,True
72955,1.0,0.0,0.5,none,True,True
72956,1.0,0.0,0.5,none,True,True
72957,1.0,0.0,0.5,none,True,True
72958,1.0,0.0,0.5,none,True,True
72959,1.0,0.0,0.5,none,True,True
72960,1.0,0.0,0.5,none,True,True
72961,1.0,0.0,0.5,none,True,True
72962,1.0,0.0,0.5,none,True,True
72963,1.0,0.0,0.5,none,True,True
72964,1.0,0.0,0.5,none,True,True
72965,1.0,0.0,0.5,none,True,True
72966,1.0,0.0,0.5,none,True,True
72967,1.0,0.0,0.5,none,True,True
72968,1.0,0.0,0.5,none,True,True
72969,1.0,0.0,0.5,none,True,True
72970,1.0,0.0,0.5,none,True,True
72971,1.0,0.0,0.5,none,True,True
72972,1.0,0.0,0.5,none,True,True
72973,1.0,0.0,0.5,none,True,True
72974,1.0,0.0,0.5,none,True,True
72975,1.0,0.0,0.5,none,True,True
72976,1.0,0.0,0.5,none,True,True
72977,1.0,0.0,0.5,none,True,True
72978,1.0,0.0,0.5,none,True,True
72979,1.0,0.0,0.5,none,True,True
72980,1.0,0.0,0.5,none,True,True
72981,1.0,0.0,0.5,none,True,True
72982,1.0,0.0,0.5,none,True,True
72983,1.0,0.0,0.5,none,True,True
72984,1.0,0.0,0.5,none,True,True
72985,1.0,0.0,0.5,none,True,True
72986,1.0,0.0,0.5,none,True,True
72987,1.0,0.0,0.5,none,True,True
72988,1.0,0.0,0.5,none,True,True
72989,1.0,0.0,0.5,none,True,True
72990,1.0,0.0,0.5,none,True,True
72991,1.0,0.0,0.5,none,True,True
72992,1.0,0.0,0.5,none,True,True
72993,1.0,0.0,0.5,none,True,True
72994,1.0,0.0,0.5,none,True,True
72995,1.0,0.0,0.5,none,True,True
72996,1.0,0.0,0.5,none,True,True
72997,1.0,0.0,0.5,none,True,True
72998,1.0,0.0,0.5,none,True,True
72999,1.0,0.0,0.5,none,True,True
73000,1.0,0.0,0.5,none,True,True
73001,1.0,0.0,0.5,none,True,True
73002,1.0,0.0,0.5,none,True,True
73003,1.0,0.0,0.5,none,True,True
73004,1.0,0.0,0.5,none,True,True
73005,1.0,0.0,0.5,none,True,True
73006,1.0,0.0,0.5,none,True,True
73007,1.0,0.0,0.5,none,True,True
73008,1.0,0.0,0.5,none,True,True
73009,1.0,0.0,0.5,none,True,True
73010,1.0,0.0,0.5,none,True,True
73011,1.0,0.0,0.5,none,True,True
73012,1.0,0.0,0.5,none,True,True
73013,1.0,0.0,0.5,none,True,True
73014,1.0,0.0,0.5,none,True,True
73015,1.0,0.0,0.5,none,True,True
73016,1.0,0.0,0.5,none,True,True
73017,1.0,0.0,0.5,none,True,True
73018,1.0,0.0,0.5,none,True,True
73019,1.0,0.0,0.5,none,True,True
73020,1.0,0.0,0.5,none,True,True
73021,1.0,0.0,0.5,none,True,True
73022,1.0,0.0,0.5,none,True,True
73023,1.0,0.0,0.5,none,True,True
73024,1.0,0.0,0.5,none,True,True
73025,1.0,0.0,0.5,none,True,True
73026,1.0,0.0,0.5,none,True,True
73027,1.0,0.0,0.5,none,True,True
73028,1.0,0.0,0.5,none,True,True
73029,1.0,0.0,0.5,none,True,True
73030,1.0,0.0,0.5,none,True,True
73031,1.0,0.0,0.5,none,True,True
73032,1.0,0.0,0.5,none,True,True
73033,1.0,0.0,0.5,none,True,True
73034,1.0,0.0,0.5,none,True,True
73035,1.0,0.0,0.5,none,True,True
73036,1.0,0.0,0.5,none,True,True
73037,1.0,0.0,0.5,none,True,True
73038,1.0,0.0,0.5,none,True,True
73039,1.0,0.0,0.5,none,True,True
73040,1.0,0.0,0.5,none,True,True
73041,1.0,0.0,0.5,none,True,True
73042,1.0,0.0,0.5,none,True,True
73043,1.0,0.0,0.5,none,True,True
73044,1.0,0.0,0.5,none,True,True
73045,1.0,0.0,0.5,none,True,True
73046,1.0,0.0,0.5,none,True,True
73047,1.0,0.0,0.5,none,True,True
73048,1.0,0.0,0.5,none,True,True
73049,1.0,0.0,0.5,none,True,True
73050,1.0,0.0,0.5,none,True,True
73051,1.0,0.0,0.5,none,True,True
73052,1.0,0.0,0.5,none,True,True
73053,1.0,0.0,0.5,none,True,True
73054,1.0,0.0,0.5,none,True,True
73055,1.0,0.0,0.5,none,True,True
73056,1.0,0.0,0.5,none,True,True
73057,1.0,0.0,0.5,none,True,True
73058,1.0,0.0,0.5,none,True,True
73059,1.0,0.0,0.5,none,True,True
73060,1.0,0.0,0.5,none,True,True
73061,1.0,0.0,0.5,none,True,True
73062,1.0,0.0,0.5,none,True,True
73063,1.0,0.0,0.5,none,True,True
73064,1.0,0.0,0.5,none,True,True
73065,1.0,0.0,0.5,none,True,True
73066,1.0,0.0,0.5,none,True,True
73067,1.0,0.0,0.5,none,True,True
73068,1.0,0.0,0.5,none,True,True
73069,1.0,0.0,0.5,none,True,True
73070,1.0,0.0,0.5,none,True,True
73071,1.0,0.0,0.5,none,True,True
73072,1.0,0.0,0.5,none,True,True
73073,1.0,0.0,0.5,none,True,True
73074,1.0,0.0,0.5,none,True,True
73075,1.0,0.0,0.5,none,True,True
73076,1.0,0.0,0.5,none,True,True
73077,1.0,0.0,0.5,none,True,True
73078,1.0,0.0,0.5,none,True,True
73079,1.0,0.0,0.5,none,True,True
73080,1.0,0.0,0.5,none,True,True
73081,1.0,0.0,0.5,none,True,True
73082,1.0,0.0,0.5,none,True,True
73083,1.0,0.0,0.5,none,True,True
73084,1.0,0.0,0.5,none,True,True
73085,1.0,0.0,0.5,none,True,True
73086,1.0,0.0,0.5,none,True,True
73087,1.0,0.0,0.5,none,True,True
73088,1.0,0.0,0.5,none,True,True
73089,1.0,0.0,0.5,none,True,True
73090,1.0,0.0,0.5,none,True,True
73091,1.0,0.0,0.5,none,True,True
73092,1.0,0.0,0.5,none,True,True
73093,1.0,0.0,0.5,none,True,True
73094,1.0,0.0,0.5,none,True,True
73095,1.0,0.0,0.5,none,True,True
73096,1.0,0.0,0.5,none,True,True
73097,1.0,0.0,0.5,none,True,True
73098,1.0,0.0,0.5,none,True,True
73099,1.0,0.0,0.5,none,True,True
73100,1.0,0.0,0.5,none,True,True
73101,1.0,0.0,0.5,none,True,True
73102,1.0,0.0,0.5,none,True,True
73103,1.0,0.0,0.5,none,True,True
73104,1.0,0.0,0.5,none,True,True
73105,1.0,0.0,0.5,none,True,True
73106,1.0,0.0,0.5,none,True,True
73107,1.0,0.0,0.5,none,True,True
73108,1.0,0.0,0.5,none,True,True
73109,1.0,0.0,0.5,none,True,True
73110,1.0,0.0,0.5,none,True,True
73111,1.0,0.0,0.5,none,True,True
73112,1.0,0.0,0.5,none,True,True
73113,1.0,0.0,0.5,none,True,True
73114,1.0,0.0,0.5,none,True,True
73115,1.0,0.0,0.5,none,True,True
73116,1.0,0.0,0.5,none,True,True
73117,1.0,0.0,0.5,none,True,True
73118,1.0,0.0,0.5,none,True,True
73119,1.0,0.0,0.5,none,True,True
73120,1.0,0.0,0.5,none,True,True
73121,1.0,0.0,0.5,none,True,True
73122,1.0,0.0,0.5,none,True,True
73123,1.0,0.0,0.5,none,True,True
73124,1.0,0.0,0.5,none,True,True
73125,1.0,0.0,0.5,none,True,True
73126,1.0,0.0,0.5,none,True,True
73127,1.0,0.0,0.5,none,True,True
73128,1.0,0.0,0.5,none,True,True
73129,1.0,0.0,0.5,none,True,True
73130,1.0,0.0,0.5,none,True,True
73131,1.0,0.0,0.5,none,True,True
73132,1.0,0.0,0.5,none,True,True
73133,1.0,0.0,0.5,none,True,True
73134,1.0,0.0,0.5,none,True,True
73135,1.0,0.0,0.5,none,True,True
73136,1.0,0.0,0.5,none,True,True
73137,1.0,0.0,0.5,none,True,True
73138,1.0,0.0,0.5,none,True,True
73139,1.0,0.0,0.5,none,True,True
73140,1.0,0.0,0.5,none,True,True
73141,1.0,0.0,0.5,none,True,True
73142,1.0,0.0,0.5,none,True,True
73143,1.0,0.0,0.5,none,True,True
73144,1.0,0.0,0.5,none,True,True
73145,1.0,0.0,0.5,none,True,True
73146,1.0,0.0,0.5,none,True,True
73147,1.0,0.0,0.5,none,True,True
73148,1.0,0.0,0.5,none,True,True
73149,1.0,0.0,0.5,none,True,True
73150,1.0,0.0,0.5,none,True,True
73151,1.0,0.0,0.5,none,True,True
73152,1.0,0.0,0.5,none,True,True
73153,1.0,0.0,0.5,none,True,True
73154,1.0,0.0,0.5,none,True,True
73155,1.0,0.0,0.5,none,True,True
73156,1.0,0.0,0.5,none,True,True
73157,1.0,0.0,0.5,none,True,True
73158,1.0,0.0,0.5,none,True,True
73159,1.0,0.0,0.5,none,True,True
73160,1.0,0.0,0.5,none,True,True
73161,1.0,0.0,0.5,none,True,True
73162,1.0,0.0,0.5,none,True,True
73163,1.0,0.0,0.5,none,True,True
73164,1.0,0.0,0.5,none,True,True
73165,1.0,0.0,0.5,none,True,True
73166,1.0,0.0,0.5,none,True,True
73167,1.0,0.0,0.5,none,True,True
73168,1.0,0.0,0.5,none,True,True
73169,1.0,0.0,0.5,none,True,True
73170,1.0,0.0,0.5,none,True,True
73171,1.0,0.0,0.5,none,True,True
73172,1.0,0.0,0.5,none,True,True
73173,1.0,0.0,0.5,none,True,True
73174,1.0,0.0,0.5,none,True,True
73175,1.0,0.0,0.5,none,True,True
73176,1.0,0.0,0.5,none,True,True
73177,1.0,0.0,0.5,none,True,True
73178,1.0,0.0,0.5,none,True,True
73179,1.0,0.0,0.5,none,True,True
73180,1.0,0.0,0.5,none,True,True
73181,1.0,0.0,0.5,none,True,True
73182,1.0,0.0,0.5,none,True,True
73183,1.0,0.0,0.5,none,True,True
73184,1.0,0.0,0.5,none,True,True
73185,1.0,0.0,0.5,none,True,True
73186,1.0,0.0,0.5,none,True,True
73187,1.0,0.0,0.5,none,True,True
73188,1.0,0.0,0.5,none,True,True
73189,1.0,0.0,0.5,none,True,True
73190,1.0,0.0,0.5,none,True,True
73191,1.0,0.0,0.5,none,True,True
73192,1.0,0.0,0.5,none,True,True
73193,1.0,0.0,0.5,none,True,True
73194,1.0,0.0,0.5,none,True,True
73195,1.0,0.0,0.5,none,True,True
73196,1.0,0.0,0.5,none,True,True
73197,1.0,0.0,0.5,none,True,True
73198,1.0,0.0,0.5,none,True,True
73199,1.0,0.0,0.5,none,True,True
73200,1.0,0.0,0.5,none,True,True
73201,1.0,0.0,0.5,none,True,True
73202,1.0,0.0,0.5,none,True,True
73203,1.0,0.0,0.5,none,True,True
73204,1.0,0.0,0.5,none,True,True
73205,1.0,0.0,0.5,none,True,True
73206,1.0,0.0,0.5,none,True,True
73207,1.0,0.0,0.5,none,True,True
73208,1.0,0.0,0.5,none,True,True
73209,1.0,0.0,0.5,none,True,True
73210,1.0,0.0,0.5,none,True,True
73211,1.0,0.0,0.5,none,True,True
73212,1.0,0.0,0.5,none,True,True
73213,1.0,0.0,0.5,none,True,True
73214,1.0,0.0,0.5,none,True,True
73215,1.0,0.0,0.5,none,True,True
73216,1.0,0.0,0.5,none,True,True
73217,1.0,0.0,0.5,none,True,True
73218,1.0,0.0,0.5,none,True,True
73219,1.0,0.0,0.5,none,True,True
73220,1.0,0.0,0.5,none,True,True
73221,1.0,0.0,0.5,none,True,True
73222,1.0,0.0,0.5,none,True,True
73223,1.0,0.0,0.5,none,True,True
73224,1.0,0.0,0.5,none,True,True
73225,1.0,0.0,0.5,none,True,True
73226,1.0,0.0,0.5,none,True,True
73227,1.0,0.0,0.5,none,True,True
73228,1.0,0.0,0.5,none,True,True
73229,1.0,0.0,0.5,none,True,True
73230,1.0,0.0,0.5,none,True,True
73231,1.0,0.0,0.5,none,True,True
73232,1.0,0.0,0.5,none,True,True
73233,1.0,0.0,0.5,none,True,True
73234,1.0,0.0,0.5,none,True,True
73235,1.0,0.0,0.5,none,True,True
73236,1.0,0.0,0.5,none,True,True
73237,1.0,0.0,0.5,none,True,True
73238,1.0,0.0,0.5,none,True,True
73239,1.0,0.0,0.5,none,True,True
73240,1.0,0.0,0.5,none,True,True
73241,1.0,0.0,0.5,none,True,True
73242,1.0,0.0,0.5,none,True,True
73243,1.0,0.0,0.5,none,True,True
73244,1.0,0.0,0.5,none,True,True
73245,1.0,0.0,0.5,none,True,True
73246,1.0,0.0,0.5,none,True,True
73247,1.0,0.0,0.5,none,True,True
73248,1.0,0.0,0.5,none,True,True
73249,1.0,0.0,0.5,none,True,True
73250,1.0,0.0,0.5,none,True,True
73251,1.0,0.0,0.5,none,True,True
73252,1.0,0.0,0.5,none,True,True
73253,1.0,0.0,0.5,none,True,True
73254,1.0,0.0,0.5,none,True,True
73255,1.0,0.0,0.5,none,True,True
73256,1.0,0.0,0.5,none,True,True
73257,1.0,0.0,0.5,none,True,True
73258,1.0,0.0,0.5,none,True,True
73259,1.0,0.0,0.5,none,True,True
73260,1.0,0.0,0.5,none,True,True
73261,1.0,0.0,0.5,none,True,True
73262,1.0,0.0,0.5,none,True,True
73263,1.0,0.0,0.5,none,True,True
73264,1.0,0.0,0.5,none,True,True
73265,1.0,0.0,0.5,none,True,True
73266,1.0,0.0,0.5,none,True,True
73267,1.0,0.0,0.5,none,True,True
73268,1.0,0.0,0.5,none,True,True
73269,1.0,0.0,0.5,none,True,True
73270,1.0,0.0,0.5,none,True,True
73271,1.0,0.0,0.5,none,True,True
73272,1.0,0.0,0.5,none,True,True
73273,1.0,0.0,0.5,none,True,True
73274,1.0,0.0,0.5,none,True,True
73275,1.0,0.0,0.5,none,True,True
73276,1.0,0.0,0.5,none,True,True
73277,1.0,0.0,0.5,none,True,True
73278,1.0,0.0,0.5,none,True,True
73279,1.0,0.0,0.5,none,True,True
73280,1.0,0.0,0.5,none,True,True
73281,1.0,0.0,0.5,none,True,True
73282,1.0,0.0,0.5,none,True,True
73283,1.0,0.0,0.5,none,True,True
73284,1.0,0.0,0.5,none,True,True
73285,1.0,0.0,0.5,none,True,True
73286,1.0,0.0,0.5,none,True,True
73287,1.0,0.0,0.5,none,True,True
73288,1.0,0.0,0.5,none,True,True
73289,1.0,0.0,0.5,none,True,True
73290,1.0,0.0,0.5,none,True,True
73291,1.0,0.0,0.5,none,True,True
73292,1.0,0.0,0.5,none,True,True
73293,1.0,0.0,0.5,none,True,True
73294,1.0,0.0,0.5,none,True,True
73295,1.0,0.0,0.5,none,True,True
73296,1.0,0.0,0.5,none,True,True
73297,1.0,0.0,0.5,none,True,True
73298,1.0,0.0,0.5,none,True,True
73299,1.0,0.0,0.5,none,True,True
73300,1.0,0.0,0.5,none,True,True
73301,1.0,0.0,0.5,none,True,True
73302,1.0,0.0,0.5,none,True,True
73303,1.0,0.0,0.5,none,True,True
73304,1.0,0.0,0.5,none,True,True
73305,1.0,0.0,0.5,none,True,True
73306,1.0,0.0,0.5,none,True,True
73307,1.0,0.0,0.5,none,True,True
73308,1.0,0.0,0.5,none,True,True
73309,1.0,0.0,0.5,none,True,True
73310,1.0,0.0,0.5,none,True,True
73311,1.0,0.0,0.5,none,True,True
73312,1.0,0.0,0.5,none,True,True
73313,1.0,0.0,0.5,none,True,True
73314,1.0,0.0,0.5,none,True,True
73315,1.0,0.0,0.5,none,True,True
73316,1.0,0.0,0.5,none,True,True
73317,1.0,0.0,0.5,none,True,True
73318,1.0,0.0,0.5,none,True,True
73319,1.0,0.0,0.5,none,True,True
73320,1.0,0.0,0.5,none,True,True
73321,1.0,0.0,0.5,none,True,True
73322,1.0,0.0,0.5,none,True,True
73323,1.0,0.0,0.5,none,True,True
73324,1.0,0.0,0.5,none,True,True
73325,1.0,0.0,0.5,none,True,True
73326,1.0,0.0,0.5,none,True,True
73327,1.0,0.0,0.5,none,True,True
73328,1.0,0.0,0.5,none,True,True
73329,1.0,0.0,0.5,none,True,True
73330,1.0,0.0,0.5,none,True,True
73331,1.0,0.0,0.5,none,True,True
73332,1.0,0.0,0.5,none,True,True
73333,1.0,0.0,0.5,none,True,True
73334,1.0,0.0,0.5,none,True,True
73335,1.0,0.0,0.5,none,True,True
73336,1.0,0.0,0.5,none,True,True
73337,1.0,0.0,0.5,none,True,True
73338,1.0,0.0,0.5,none,True,True
73339,1.0,0.0,0.5,none,True,True
73340,1.0,0.0,0.5,none,True,True
73341,1.0,0.0,0.5,none,True,True
73342,1.0,0.0,0.5,none,True,True
73343,1.0,0.0,0.5,none,True,True
73344,1.0,0.0,0.5,none,True,True
73345,1.0,0.0,0.5,none,True,True
73346,1.0,0.0,0.5,none,True,True
73347,1.0,0.0,0.5,none,True,True
73348,1.0,0.0,0.5,none,True,True
73349,1.0,0.0,0.5,none,True,True
73350,1.0,0.0,0.5,none,True,True
73351,1.0,0.0,0.5,none,True,True
73352,1.0,0.0,0.5,none,True,True
73353,1.0,0.0,0.5,none,True,True
73354,1.0,0.0,0.5,none,True,True
73355,1.0,0.0,0.5,none,True,True
73356,1.0,0.0,0.5,none,True,True
73357,1.0,0.0,0.5,none,True,True
73358,1.0,0.0,0.5,none,True,True
73359,1.0,0.0,0.5,none,True,True
73360,1.0,0.0,0.5,none,True,True
73361,1.0,0.0,0.5,none,True,True
73362,1.0,0.0,0.5,none,True,True
73363,1.0,0.0,0.5,none,True,True
73364,1.0,0.0,0.5,none,True,True
73365,1.0,0.0,0.5,none,True,True
73366,1.0,0.0,0.5,none,True,True
73367,1.0,0.0,0.5,none,True,True
73368,1.0,0.0,0.5,none,True,True
73369,1.0,0.0,0.5,none,True,True
73370,1.0,0.0,0.5,none,True,True
73371,1.0,0.0,0.5,none,True,True
73372,1.0,0.0,0.5,none,True,True
73373,1.0,0.0,0.5,none,True,True
73374,1.0,0.0,0.5,none,True,True
73375,1.0,0.0,0.5,none,True,True
73376,1.0,0.0,0.5,none,True,True
73377,1.0,0.0,0.5,none,True,True
73378,1.0,0.0,0.5,none,True,True
73379,1.0,0.0,0.5,none,True,True
73380,1.0,0.0,0.5,none,True,True
73381,1.0,0.0,0.5,none,True,True
73382,1.0,0.0,0.5,none,True,True
73383,1.0,0.0,0.5,none,True,True
73384,1.0,0.0,0.5,none,True,True
73385,1.0,0.0,0.5,none,True,True
73386,1.0,0.0,0.5,none,True,True
73387,1.0,0.0,0.5,none,True,True
73388,1.0,0.0,0.5,none,True,True
73389,1.0,0.0,0.5,none,True,True
73390,1.0,0.0,0.5,none,True,True
73391,1.0,0.0,0.5,none,True,True
73392,1.0,0.0,0.5,none,True,True
73393,1.0,0.0,0.5,none,True,True
73394,1.0,0.0,0.5,none,True,True
73395,1.0,0.0,0.5,none,True,True
73396,1.0,0.0,0.5,none,True,True
73397,1.0,0.0,0.5,none,True,True
73398,1.0,0.0,0.5,none,True,True
73399,1.0,0.0,0.5,none,True,True
73400,1.0,0.0,0.5,none,True,True
73401,1.0,0.0,0.5,none,True,True
73402,1.0,0.0,0.5,none,True,True
73403,1.0,0.0,0.5,none,True,True
73404,1.0,0.0,0.5,none,True,True
73405,1.0,0.0,0.5,none,True,True
73406,1.0,0.0,0.5,none,True,True
73407,1.0,0.0,0.5,none,True,True
73408,1.0,0.0,0.5,none,True,True
73409,1.0,0.0,0.5,none,True,True
73410,1.0,0.0,0.5,none,True,True
73411,1.0,0.0,0.5,none,True,True
73412,1.0,0.0,0.5,none,True,True
73413,1.0,0.0,0.5,none,True,True
73414,1.0,0.0,0.5,none,True,True
73415,1.0,0.0,0.5,none,True,True
73416,1.0,0.0,0.5,none,True,True
73417,1.0,0.0,0.5,none,True,True
73418,1.0,0.0,0.5,none,True,True
73419,1.0,0.0,0.5,none,True,True
73420,1.0,0.0,0.5,none,True,True
73421,1.0,0.0,0.5,none,True,True
73422,1.0,0.0,0.5,none,True,True
73423,1.0,0.0,0.5,none,True,True
73424,1.0,0.0,0.5,none,True,True
73425,1.0,0.0,0.5,none,True,True
73426,1.0,0.0,0.5,none,True,True
73427,1.0,0.0,0.5,none,True,True
73428,1.0,0.0,0.5,none,True,True
73429,1.0,0.0,0.5,none,True,True
73430,1.0,0.0,0.5,none,True,True
73431,1.0,0.0,0.5,none,True,True
73432,1.0,0.0,0.5,none,True,True
73433,1.0,0.0,0.5,none,True,True
73434,1.0,0.0,0.5,none,True,True
73435,1.0,0.0,0.5,none,True,True
73436,1.0,0.0,0.5,none,True,True
73437,1.0,0.0,0.5,none,True,True
73438,1.0,0.0,0.5,none,True,True
73439,1.0,0.0,0.5,none,True,True
73440,1.0,0.0,0.5,none,True,True
73441,1.0,0.0,0.5,none,True,True
73442,1.0,0.0,0.5,none,True,True
73443,1.0,0.0,0.5,none,True,True
73444,1.0,0.0,0.5,none,True,True
73445,1.0,0.0,0.5,none,True,True
73446,1.0,0.0,0.5,none,True,True
73447,1.0,0.0,0.5,none,True,True
73448,1.0,0.0,0.5,none,True,True
73449,1.0,0.0,0.5,none,True,True
73450,1.0,0.0,0.5,none,True,True
73451,1.0,0.0,0.5,none,True,True
73452,1.0,0.0,0.5,none,True,True
73453,1.0,0.0,0.5,none,True,True
73454,1.0,0.0,0.5,none,True,True
73455,1.0,0.0,0.5,none,True,True
73456,1.0,0.0,0.5,none,True,True
73457,1.0,0.0,0.5,none,True,True
73458,1.0,0.0,0.5,none,True,True
73459,1.0,0.0,0.5,none,True,True
73460,1.0,0.0,0.5,none,True,True
73461,1.0,0.0,0.5,none,True,True
73462,1.0,0.0,0.5,none,True,True
73463,1.0,0.0,0.5,none,True,True
73464,1.0,0.0,0.5,none,True,True
73465,1.0,0.0,0.5,none,True,True
73466,1.0,0.0,0.5,none,True,True
73467,1.0,0.0,0.5,none,True,True
73468,1.0,0.0,0.5,none,True,True
73469,1.0,0.0,0.5,none,True,True
73470,1.0,0.0,0.5,none,True,True
73471,1.0,0.0,0.5,none,True,True
73472,1.0,0.0,0.5,none,True,True
73473,1.0,0.0,0.5,none,True,True
73474,1.0,0.0,0.5,none,True,True
73475,1.0,0.0,0.5,none,True,True
73476,1.0,0.0,0.5,none,True,True
73477,1.0,0.0,0.5,none,True,True
73478,1.0,0.0,0.5,none,True,True
73479,1.0,0.0,0.5,none,True,True
73480,1.0,0.0,0.5,none,True,True
73481,1.0,0.0,0.5,none,True,True
73482,1.0,0.0,0.5,none,True,True
73483,1.0,0.0,0.5,none,True,True
73484,1.0,0.0,0.5,none,True,True
73485,1.0,0.0,0.5,none,True,True
73486,1.0,0.0,0.5,none,True,True
73487,1.0,0.0,0.5,none,True,True
73488,1.0,0.0,0.5,none,True,True
73489,1.0,0.0,0.5,none,True,True
73490,1.0,0.0,0.5,none,True,True
73491,1.0,0.0,0.5,none,True,True
73492,1.0,0.0,0.5,none,True,True
73493,1.0,0.0,0.5,none,True,True
73494,1.0,0.0,0.5,none,True,True
73495,1.0,0.0,0.5,none,True,True
73496,1.0,0.0,0.5,none,True,True
73497,1.0,0.0,0.5,none,True,True
73498,1.0,0.0,0.5,none,True,True
73499,1.0,0.0,0.5,none,True,True
73500,1.0,0.0061,0.5,none,True,True
73501,1.0,0.0357,0.5,none,True,True
73502,1.0,0.0812,0.5,none,True,True
73503,1.0,0.1113,0.5,none,True,True
73504,1.0,0.1253,0.5,none,True,True
73505,1.0,0.1408,0.5,none,True,True
73506,1.0,0.0907,0.5,none,True,True
73507,1.0,0.1198,0.5,none,True,True
73508,1.0,0.0467,0.5,none,True,True
73509,1.0,0.0522,0.5,none,True,True
73510,1.0,0.0405,0.5,none,True,True
73511,1.0,0.0313,0.5,none,True,True
73512,1.0,0.0083,0.5,none,True,True
73513,1.0,0.0726,0.5,none,True,True
73514,1.0,0.0793,0.5,none,True,True
73515,1.0,0.0581,0.5,none,True,True
73516,1.0,0.0955,0.5,none,True,True
73517,1.0,0.0839,0.5,none,True,True
73518,1.0,0.0648,0.5,none,True,True
73519,1.0,0.0718,0.5,none,True,True
73520,1.0,0.0589,0.5,none,True,True
73521,1.0,0.0403,0.5,none,True,True
73522,1.0,0.0327,0.5,none,True,True
73523,1.0,0.0277,0.5,none,True,True
73524,1.0,0.017,0.5,none,True,True
73525,1.0,0.0102,0.5,none,True,True
73526,1.0,0.0099,0.5,none,True,True
73527,1.0,0.008,0.5,none,True,True
73528,1.0,0.005,0.5,none,True,True
73529,1.0,0.0063,0.5,none,True,True
73530,1.0,0.009,0.5,none,True,True
73531,1.0,0.0096,0.5,none,True,True
73532,1.0,0.0108,0.5,none,True,True
73533,1.0,0.014,0.5,none,True,True
73534,1.0,0.0161,0.5,none,True,True
73535,1.0,0.0167,0.5,none,True,True
73536,1.0,0.0182,0.5,none,True,True
73537,1.0,0.0196,0.5,none,True,True
73538,1.0,0.0197,0.5,none,True,True
73539,1.0,0.0193,0.5,none,True,True
73540,1.0,0.0193,0.5,none,True,True
73541,1.0,0.0187,0.5,none,True,True
73542,1.0,0.0174,0.5,none,True,True
73543,1.0,0.0163,0.5,none,True,True
73544,1.0,0.0152,0.5,none,True,True
73545,1.0,0.0138,0.5,none,True,True
73546,1.0,0.0123,0.5,none,True,True
73547,1.0,0.0111,0.5,none,True,True
73548,1.0,0.01,0.5,none,True,True
73549,1.0,0.0088,0.5,none,True,True
73550,1.0,0.0078,0.5,none,True,True
73551,1.0,0.0071,0.5,none,True,True
73552,1.0,0.0064,0.5,none,True,True
73553,1.0,0.0057,0.5,none,True,True
73554,1.0,0.0053,0.5,none,True,True
73555,1.0,0.005,0.5,none,True,True
73556,1.0,0.0047,0.5,none,True,True
73557,1.0,0.0045,0.5,none,True,True
73558,1.0,0.0044,0.5,none,True,True
73559,1.0,0.0043,0.5,none,True,True
73560,1.0,0.0042,0.5,none,True,True
73561,1.0,0.0041,0.5,none,True,True
73562,1.0,0.004,0.5,none,True,True
73563,1.0,0.0039,0.5,none,True,True
73564,1.0,0.0038,0.5,none,True,True
73565,1.0,0.0037,0.5,none,True,True
73566,1.0,0.0035,0.5,none,True,True
73567,1.0,0.0033,0.5,none,True,True
73568,1.0,0.0032,0.5,none,True,True
73569,1.0,0.003,0.5,none,True,True
73570,1.0,0.0028,0.5,none,True,True
73571,1.0,0.0026,0.5,none,True,True
73572,1.0,0.0024,0.5,none,True,True
73573,1.0,0.0023,0.5,none,True,True
73574,1.0,0.0021,0.5,none,True,True
73575,1.0,0.0019,0.5,none,True,True
73576,1.0,0.0018,0.5,none,True,True
73577,1.0,0.0017,0.5,none,True,True
73578,1.0,0.0015,0.5,none,True,True
73579,1.0,0.0014,0.5,none,True,True
73580,1.0,0.0013,0.5,none,True,True
73581,1.0,0.0013,0.5,none,True,True
73582,1.0,0.0012,0.5,none,True,True
73583,1.0,0.0011,0.5,none,True,True
73584,1.0,0.0011,0.5,none,True,True
73585,1.0,0.001,0.5,none,True,True
73586,1.0,0.001,0.5,none,True,True
73587,1.0,0.0009,0.5,none,True,True
73588,1.0,0.0009,0.5,none,True,True
73589,1.0,0.0008,0.5,none,True,True
73590,1.0,0.0008,0.5,none,True,True
73591,1.0,0.0008,0.5,none,True,True
73592,1.0,0.0007,0.5,none,True,True
73593,1.0,0.0007,0.5,none,True,True
73594,1.0,0.0006,0.5,none,True,True
73595,1.0,0.0006,0.5,none,True,True
73596,1.0,0.0006,0.5,none,True,True
73597,1.0,0.0005,0.5,none,True,True
73598,1.0,0.0005,0.5,none,True,True
73599,1.0,0.0005,0.5,none,True,True
73600,1.0,0.0004,0.5,none,True,True
73601,1.0,0.0004,0.5,none,True,True
73602,1.0,0.0004,0.5,none,True,True
73603,1.0,0.0004,0.5,none,True,True
73604,1.0,0.0003,0.5,none,True,True
73605,1.0,0.0003,0.5,none,True,True
73606,1.0,0.0003,0.5,none,True,True
73607,1.0,0.0003,0.5,none,True,True
73608,1.0,0.0003,0.5,none,True,True
73609,1.0,0.0003,0.5,none,True,True
73610,1.0,0.0002,0.5,none,True,True
73611,1.0,0.0002,0.5,none,True,True
73612,1.0,0.0002,0.5,none,True,True
73613,1.0,0.0002,0.5,none,True,True
73614,1.0,0.0002,0.5,none,True,True
73615,1.0,0.0002,0.5,none,True,True
73616,1.0,0.0002,0.5,none,True,True
73617,1.0,0.0002,0.5,none,True,True
73618,1.0,0.0002,0.5,none,True,True
73619,1.0,0.0001,0.5,none,True,True
73620,1.0,0.0001,0.5,none,True,True
73621,1.0,0.0001,0.5,none,True,True
73622,1.0,0.0001,0.5,none,True,True
73623,1.0,0.0001,0.5,none,True,True
73624,1.0,0.0001,0.5,none,True,True
73625,1.0,0.0001,0.5,none,True,True
73626,1.0,0.0001,0.5,none,True,True
73627,1.0,0.0001,0.5,none,True,True
73628,1.0,0.0001,0.5,none,True,True
73629,1.0,0.0001,0.5,none,True,True
73630,1.0,0.0001,0.5,none,True,True
73631,1.0,0.0001,0.5,none,True,True
73632,1.0,0.0001,0.5,none,True,True
73633,1.0,0.0001,0.5,none,True,True
73634,1.0,0.0001,0.5,none,True,True
73635,1.0,0.0001,0.5,none,True,True
73636,1.0,0.0001,0.5,none,True,True
73637,1.0,0.0,0.5,none,True,True
73638,1.0,0.0,0.5,none,True,True
73639,1.0,0.0,0.5,none,True,True
73640,1.0,0.0,0.5,none,True,True
73641,1.0,0.0,0.5,none,True,True
73642,1.0,0.0,0.5,none,True,True
73643,1.0,0.0,0.5,none,True,True
73644,1.0,0.0,0.5,none,True,True
73645,1.0,0.0,0.5,none,True,True
73646,1.0,0.0,0.5,none,True,True
73647,1.0,0.0,0.5,none,True,True
73648,1.0,0.0,0.5,none,True,True
73649,1.0,0.0,0.5,none,True,True
73650,1.0,0.0,0.5,none,True,True
73651,1.0,0.0,0.5,none,True,True
73652,1.0,0.0,0.5,none,True,True
73653,1.0,0.0,0.5,none,True,True
73654,1.0,0.0,0.5,none,True,True
73655,1.0,0.0,0.5,none,True,True
73656,1.0,0.0,0.5,none,True,True
73657,1.0,0.0,0.5,none,True,True
73658,1.0,0.0,0.5,none,True,True
73659,1.0,0.0,0.5,none,True,True
73660,1.0,0.0,0.5,none,True,True
73661,1.0,0.0,0.5,none,True,True
73662,1.0,0.0,0.5,none,True,True
73663,1.0,0.0,0.5,none,True,True
73664,1.0,0.0,0.5,none,True,True
73665,1.0,0.0,0.5,none,True,True
73666,1.0,0.0,0.5,none,True,True
73667,1.0,0.0,0.5,none,True,True
73668,1.0,0.0,0.5,none,True,True
73669,1.0,0.0,0.5,none,True,True
73670,1.0,0.0,0.5,none,True,True
73671,1.0,0.0,0.5,none,True,True
73672,1.0,0.0,0.5,none,True,True
73673,1.0,0.0,0.5,none,True,True
73674,1.0,0.0,0.5,none,True,True
73675,1.0,0.0,0.5,none,True,True
73676,1.0,0.0,0.5,none,True,True
73677,1.0,0.0,0.5,none,True,True
73678,1.0,0.0,0.5,none,True,True
73679,1.0,0.0,0.5,none,True,True
73680,1.0,0.0,0.5,none,True,True
73681,1.0,0.0,0.5,none,True,True
73682,1.0,0.0,0.5,none,True,True
73683,1.0,0.0,0.5,none,True,True
73684,1.0,0.0,0.5,none,True,True
73685,1.0,0.0,0.5,none,True,True
73686,1.0,0.0,0.5,none,True,True
73687,1.0,0.0,0.5,none,True,True
73688,1.0,0.0,0.5,none,True,True
73689,1.0,0.0,0.5,none,True,True
73690,1.0,0.0,0.5,none,True,True
73691,1.0,0.0,0.5,none,True,True
73692,1.0,0.0,0.5,none,True,True
73693,1.0,0.0,0.5,none,True,True
73694,1.0,0.0,0.5,none,True,True
73695,1.0,0.0,0.5,none,True,True
73696,1.0,0.0,0.5,none,True,True
73697,1.0,0.0,0.5,none,True,True
73698,1.0,0.0,0.5,none,True,True
73699,1.0,0.0,0.5,none,True,True
73700,1.0,0.0,0.5,none,True,True
73701,1.0,0.0,0.5,none,True,True
73702,1.0,0.0,0.5,none,True,True
73703,1.0,0.0,0.5,none,True,True
73704,1.0,0.0,0.5,none,True,True
73705,1.0,0.0,0.5,none,True,True
73706,1.0,0.0,0.5,none,True,True
73707,1.0,0.0,0.5,none,True,True
73708,1.0,0.0,0.5,none,True,True
73709,1.0,0.0,0.5,none,True,True
73710,1.0,0.0,0.5,none,True,True
73711,1.0,0.0,0.5,none,True,True
73712,1.0,0.0,0.5,none,True,True
73713,1.0,0.0,0.5,none,True,True
73714,1.0,0.0,0.5,none,True,True
73715,1.0,0.0,0.5,none,True,True
73716,1.0,0.0,0.5,none,True,True
73717,1.0,0.0,0.5,none,True,True
73718,1.0,0.0,0.5,none,True,True
73719,1.0,0.0,0.5,none,True,True
73720,1.0,0.0,0.5,none,True,True
73721,1.0,0.0,0.5,none,True,True
73722,1.0,0.0,0.5,none,True,True
73723,1.0,0.0,0.5,none,True,True
73724,1.0,0.0,0.5,none,True,True
73725,1.0,0.0,0.5,none,True,True
73726,1.0,0.0,0.5,none,True,True
73727,1.0,0.0,0.5,none,True,True
73728,1.0,0.0,0.5,none,True,True
73729,1.0,0.0,0.5,none,True,True
73730,1.0,0.0,0.5,none,True,True
73731,1.0,0.0,0.5,none,True,True
73732,1.0,0.0,0.5,none,True,True
73733,1.0,0.0,0.5,none,True,True
73734,1.0,0.0,0.5,none,True,True
73735,1.0,0.0,0.5,none,True,True
73736,1.0,0.0,0.5,none,True,True
73737,1.0,0.0,0.5,none,True,True
73738,1.0,0.0,0.5,none,True,True
73739,1.0,0.0,0.5,none,True,True
73740,1.0,0.0,0.5,none,True,True
73741,1.0,0.0,0.5,none,True,True
73742,1.0,0.0,0.5,none,True,True
73743,1.0,0.0,0.5,none,True,True
73744,1.0,0.0,0.5,none,True,True
73745,1.0,0.0,0.5,none,True,True
73746,1.0,0.0,0.5,none,True,True
73747,1.0,0.0,0.5,none,True,True
73748,1.0,0.0,0.5,none,True,True
73749,1.0,0.0,0.5,none,True,True
73750,1.0,0.0,0.5,none,True,True
73751,1.0,0.0,0.5,none,True,True
73752,1.0,0.0,0.5,none,True,True
73753,1.0,0.0,0.5,none,True,True
73754,1.0,0.0,0.5,none,True,True
73755,1.0,0.0,0.5,none,True,True
73756,1.0,0.0,0.5,none,True,True
73757,1.0,0.0,0.5,none,True,True
73758,1.0,0.0,0.5,none,True,True
73759,1.0,0.0,0.5,none,True,True
73760,1.0,0.0,0.5,none,True,True
73761,1.0,0.0,0.5,none,True,True
73762,1.0,0.0,0.5,none,True,True
73763,1.0,0.0,0.5,none,True,True
73764,1.0,0.0,0.5,none,True,True
73765,1.0,0.0,0.5,none,True,True
73766,1.0,0.0,0.5,none,True,True
73767,1.0,0.0,0.5,none,True,True
73768,1.0,0.0,0.5,none,True,True
73769,1.0,0.0,0.5,none,True,True
73770,1.0,0.0,0.5,none,True,True
73771,1.0,0.0,0.5,none,True,True
73772,1.0,0.0,0.5,none,True,True
73773,1.0,0.0,0.5,none,True,True
73774,1.0,0.0,0.5,none,True,True
73775,1.0,0.0,0.5,none,True,True
73776,1.0,0.0,0.5,none,True,True
73777,1.0,0.0,0.5,none,True,True
73778,1.0,0.0,0.5,none,True,True
73779,1.0,0.0,0.5,none,True,True
73780,1.0,0.0,0.5,none,True,True
73781,1.0,0.0,0.5,none,True,True
73782,1.0,0.0,0.5,none,True,True
73783,1.0,0.0,0.5,none,True,True
73784,1.0,0.0,0.5,none,True,True
73785,1.0,0.0,0.5,none,True,True
73786,1.0,0.0,0.5,none,True,True
73787,1.0,0.0,0.5,none,True,True
73788,1.0,0.0,0.5,none,True,True
73789,1.0,0.0,0.5,none,True,True
73790,1.0,0.0,0.5,none,True,True
73791,1.0,0.0,0.5,none,True,True
73792,1.0,0.0,0.5,none,True,True
73793,1.0,0.0,0.5,none,True,True
73794,1.0,0.0,0.5,none,True,True
73795,1.0,0.0,0.5,none,True,True
73796,1.0,0.0,0.5,none,True,True
73797,1.0,0.0,0.5,none,True,True
73798,1.0,0.0,0.5,none,True,True
73799,1.0,0.0,0.5,none,True,True
73800,1.0,0.0,0.5,none,True,True
73801,1.0,0.0,0.5,none,True,True
73802,1.0,0.0,0.5,none,True,True
73803,1.0,0.0,0.5,none,True,True
73804,1.0,0.0,0.5,none,True,True
73805,1.0,0.0,0.5,none,True,True
73806,1.0,0.0,0.5,none,True,True
73807,1.0,0.0,0.5,none,True,True
73808,1.0,0.0,0.5,none,True,True
73809,1.0,0.0,0.5,none,True,True
73810,1.0,0.0,0.5,none,True,True
73811,1.0,0.0,0.5,none,True,True
73812,1.0,0.0,0.5,none,True,True
73813,1.0,0.0,0.5,none,True,True
73814,1.0,0.0,0.5,none,True,True
73815,1.0,0.0,0.5,none,True,True
73816,1.0,0.0,0.5,none,True,True
73817,1.0,0.0,0.5,none,True,True
73818,1.0,0.0,0.5,none,True,True
73819,1.0,0.0,0.5,none,True,True
73820,1.0,0.0,0.5,none,True,True
73821,1.0,0.0,0.5,none,True,True
73822,1.0,0.0,0.5,none,True,True
73823,1.0,0.0,0.5,none,True,True
73824,1.0,0.0,0.5,none,True,True
73825,1.0,0.0,0.5,none,True,True
73826,1.0,0.0,0.5,none,True,True
73827,1.0,0.0,0.5,none,True,True
73828,1.0,0.0,0.5,none,True,True
73829,1.0,0.0,0.5,none,True,True
73830,1.0,0.0,0.5,none,True,True
73831,1.0,0.0,0.5,none,True,True
73832,1.0,0.0,0.5,none,True,True
73833,1.0,0.0,0.5,none,True,True
73834,1.0,0.0,0.5,none,True,True
73835,1.0,0.0,0.5,none,True,True
73836,1.0,0.0,0.5,none,True,True
73837,1.0,0.0,0.5,none,True,True
73838,1.0,0.0,0.5,none,True,True
73839,1.0,0.0,0.5,none,True,True
73840,1.0,0.0,0.5,none,True,True
73841,1.0,0.0,0.5,none,True,True
73842,1.0,0.0,0.5,none,True,True
73843,1.0,0.0,0.5,none,True,True
73844,1.0,0.0,0.5,none,True,True
73845,1.0,0.0,0.5,none,True,True
73846,1.0,0.0,0.5,none,True,True
73847,1.0,0.0,0.5,none,True,True
73848,1.0,0.0,0.5,none,True,True
73849,1.0,0.0,0.5,none,True,True
73850,1.0,0.0,0.5,none,True,True
73851,1.0,0.0,0.5,none,True,True
73852,1.0,0.0,0.5,none,True,True
73853,1.0,0.0,0.5,none,True,True
73854,1.0,0.0,0.5,none,True,True
73855,1.0,0.0,0.5,none,True,True
73856,1.0,0.0,0.5,none,True,True
73857,1.0,0.0,0.5,none,True,True
73858,1.0,0.0,0.5,none,True,True
73859,1.0,0.0,0.5,none,True,True
73860,1.0,0.0,0.5,none,True,True
73861,1.0,0.0,0.5,none,True,True
73862,1.0,0.0,0.5,none,True,True
73863,1.0,0.0,0.5,none,True,True
73864,1.0,0.0,0.5,none,True,True
73865,1.0,0.0,0.5,none,True,True
73866,1.0,0.0,0.5,none,True,True
73867,1.0,0.0,0.5,none,True,True
73868,1.0,0.0,0.5,none,True,True
73869,1.0,0.0,0.5,none,True,True
73870,1.0,0.0,0.5,none,True,True
73871,1.0,0.0,0.5,none,True,True
73872,1.0,0.0,0.5,none,True,True
73873,1.0,0.0,0.5,none,True,True
73874,1.0,0.0,0.5,none,True,True
73875,1.0,0.0,0.5,none,True,True
73876,1.0,0.0,0.5,none,True,True
73877,1.0,0.0,0.5,none,True,True
73878,1.0,0.0,0.5,none,True,True
73879,1.0,0.0,0.5,none,True,True
73880,1.0,0.0,0.5,none,True,True
73881,1.0,0.0,0.5,none,True,True
73882,1.0,0.0,0.5,none,True,True
73883,1.0,0.0,0.5,none,True,True
73884,1.0,0.0,0.5,none,True,True
73885,1.0,0.0,0.5,none,True,True
73886,1.0,0.0,0.5,none,True,True
73887,1.0,0.0,0.5,none,True,True
73888,1.0,0.0,0.5,none,True,True
73889,1.0,0.0,0.5,none,True,True
73890,1.0,0.0,0.5,none,True,True
73891,1.0,0.0,0.5,none,True,True
73892,1.0,0.0,0.5,none,True,True
73893,1.0,0.0,0.5,none,True,True
73894,1.0,0.0,0.5,none,True,True
73895,1.0,0.0,0.5,none,True,True
73896,1.0,0.0,0.5,none,True,True
73897,1.0,0.0,0.5,none,True,True
73898,1.0,0.0,0.5,none,True,True
73899,1.0,0.0,0.5,none,True,True
73900,1.0,0.0,0.5,none,True,True
73901,1.0,0.0,0.5,none,True,True
73902,1.0,0.0,0.5,none,True,True
73903,1.0,0.0,0.5,none,True,True
73904,1.0,0.0,0.5,none,True,True
73905,1.0,0.0,0.5,none,True,True
73906,1.0,0.0,0.5,none,True,True
73907,1.0,0.0,0.5,none,True,True
73908,1.0,0.0,0.5,none,True,True
73909,1.0,0.0,0.5,none,True,True
73910,1.0,0.0,0.5,none,True,True
73911,1.0,0.0,0.5,none,True,True
73912,1.0,0.0,0.5,none,True,True
73913,1.0,0.0,0.5,none,True,True
73914,1.0,0.0,0.5,none,True,True
73915,1.0,0.0,0.5,none,True,True
73916,1.0,0.0,0.5,none,True,True
73917,1.0,0.0,0.5,none,True,True
73918,1.0,0.0,0.5,none,True,True
73919,1.0,0.0,0.5,none,True,True
73920,1.0,0.0,0.5,none,True,True
73921,1.0,0.0,0.5,none,True,True
73922,1.0,0.0,0.5,none,True,True
73923,1.0,0.0,0.5,none,True,True
73924,1.0,0.0,0.5,none,True,True
73925,1.0,0.0,0.5,none,True,True
73926,1.0,0.0,0.5,none,True,True
73927,1.0,0.0,0.5,none,True,True
73928,1.0,0.0,0.5,none,True,True
73929,1.0,0.0,0.5,none,True,True
73930,1.0,0.0,0.5,none,True,True
73931,1.0,0.0,0.5,none,True,True
73932,1.0,0.0,0.5,none,True,True
73933,1.0,0.0,0.5,none,True,True
73934,1.0,0.0,0.5,none,True,True
73935,1.0,0.0,0.5,none,True,True
73936,1.0,0.0,0.5,none,True,True
73937,1.0,0.0,0.5,none,True,True
73938,1.0,0.0,0.5,none,True,True
73939,1.0,0.0,0.5,none,True,True
73940,1.0,0.0,0.5,none,True,True
73941,1.0,0.0,0.5,none,True,True
73942,1.0,0.0,0.5,none,True,True
73943,1.0,0.0,0.5,none,True,True
73944,1.0,0.0,0.5,none,True,True
73945,1.0,0.0,0.5,none,True,True
73946,1.0,0.0,0.5,none,True,True
73947,1.0,0.0,0.5,none,True,True
73948,1.0,0.0,0.5,none,True,True
73949,1.0,0.0,0.5,none,True,True
73950,1.0,0.0,0.5,none,True,True
73951,1.0,0.0,0.5,none,True,True
73952,1.0,0.0,0.5,none,True,True
73953,1.0,0.0,0.5,none,True,True
73954,1.0,0.0,0.5,none,True,True
73955,1.0,0.0,0.5,none,True,True
73956,1.0,0.0,0.5,none,True,True
73957,1.0,0.0,0.5,none,True,True
73958,1.0,0.0,0.5,none,True,True
73959,1.0,0.0,0.5,none,True,True
73960,1.0,0.0,0.5,none,True,True
73961,1.0,0.0,0.5,none,True,True
73962,1.0,0.0,0.5,none,True,True
73963,1.0,0.0,0.5,none,True,True
73964,1.0,0.0,0.5,none,True,True
73965,1.0,0.0,0.5,none,True,True
73966,1.0,0.0,0.5,none,True,True
73967,1.0,0.0,0.5,none,True,True
73968,1.0,0.0,0.5,none,True,True
73969,1.0,0.0,0.5,none,True,True
73970,1.0,0.0,0.5,none,True,True
73971,1.0,0.0,0.5,none,True,True
73972,1.0,0.0,0.5,none,True,True
73973,1.0,0.0,0.5,none,True,True
73974,1.0,0.0,0.5,none,True,True
73975,1.0,0.0,0.5,none,True,True
73976,1.0,0.0,0.5,none,True,True
73977,1.0,0.0,0.5,none,True,True
73978,1.0,0.0,0.5,none,True,True
73979,1.0,0.0,0.5,none,True,True
73980,1.0,0.0,0.5,none,True,True
73981,1.0,0.0,0.5,none,True,True
73982,1.0,0.0,0.5,none,True,True
73983,1.0,0.0,0.5,none,True,True
73984,1.0,0.0,0.5,none,True,True
73985,1.0,0.0,0.5,none,True,True
73986,1.0,0.0,0.5,none,True,True
73987,1.0,0.0,0.5,none,True,True
73988,1.0,0.0,0.5,none,True,True
73989,1.0,0.0,0.5,none,True,True
73990,1.0,0.0,0.5,none,True,True
73991,1.0,0.0,0.5,none,True,True
73992,1.0,0.0,0.5,none,True,True
73993,1.0,0.0,0.5,none,True,True
73994,1.0,0.0,0.5,none,True,True
73995,1.0,0.0,0.5,none,True,True
73996,1.0,0.0,0.5,none,True,True
73997,1.0,0.0,0.5,none,True,True
73998,1.0,0.0,0.5,none,True,True
73999,1.0,0.0,0.5,none,True,True
74000,1.0,0.0,0.5,none,True,True
74001,1.0,0.0,0.5,none,True,True
74002,1.0,0.0,0.5,none,True,True
74003,1.0,0.0,0.5,none,True,True
74004,1.0,0.0,0.5,none,True,True
74005,1.0,0.0,0.5,none,True,True
74006,1.0,0.0,0.5,none,True,True
74007,1.0,0.0,0.5,none,True,True
74008,1.0,0.0,0.5,none,True,True
74009,1.0,0.0,0.5,none,True,True
74010,1.0,0.0,0.5,none,True,True
74011,1.0,0.0,0.5,none,True,True
74012,1.0,0.0,0.5,none,True,True
74013,1.0,0.0,0.5,none,True,True
74014,1.0,0.0,0.5,none,True,True
74015,1.0,0.0,0.5,none,True,True
74016,1.0,0.0,0.5,none,True,True
74017,1.0,0.0,0.5,none,True,True
74018,1.0,0.0,0.5,none,True,True
74019,1.0,0.0,0.5,none,True,True
74020,1.0,0.0,0.5,none,True,True
74021,1.0,0.0,0.5,none,True,True
74022,1.0,0.0,0.5,none,True,True
74023,1.0,0.0,0.5,none,True,True
74024,1.0,0.0,0.5,none,True,True
74025,1.0,0.0,0.5,none,True,True
74026,1.0,0.0,0.5,none,True,True
74027,1.0,0.0,0.5,none,True,True
74028,1.0,0.0,0.5,none,True,True
74029,1.0,0.0,0.5,none,True,True
74030,1.0,0.0,0.5,none,True,True
74031,1.0,0.0,0.5,none,True,True
74032,1.0,0.0,0.5,none,True,True
74033,1.0,0.0,0.5,none,True,True
74034,1.0,0.0,0.5,none,True,True
74035,1.0,0.0,0.5,none,True,True
74036,1.0,0.0,0.5,none,True,True
74037,1.0,0.0,0.5,none,True,True
74038,1.0,0.0,0.5,none,True,True
74039,1.0,0.0,0.5,none,True,True
74040,1.0,0.0,0.5,none,True,True
74041,1.0,0.0,0.5,none,True,True
74042,1.0,0.0,0.5,none,True,True
74043,1.0,0.0,0.5,none,True,True
74044,1.0,0.0,0.5,none,True,True
74045,1.0,0.0,0.5,none,True,True
74046,1.0,0.0,0.5,none,True,True
74047,1.0,0.0,0.5,none,True,True
74048,1.0,0.0,0.5,none,True,True
74049,1.0,0.0,0.5,none,True,True
74050,1.0,0.0,0.5,none,True,True
74051,1.0,0.0,0.5,none,True,True
74052,1.0,0.0,0.5,none,True,True
74053,1.0,0.0,0.5,none,True,True
74054,1.0,0.0,0.5,none,True,True
74055,1.0,0.0,0.5,none,True,True
74056,1.0,0.0,0.5,none,True,True
74057,1.0,0.0,0.5,none,True,True
74058,1.0,0.0,0.5,none,True,True
74059,1.0,0.0,0.5,none,True,True
74060,1.0,0.0,0.5,none,True,True
74061,1.0,0.0,0.5,none,True,True
74062,1.0,0.0,0.5,none,True,True
74063,1.0,0.0,0.5,none,True,True
74064,1.0,0.0,0.5,none,True,True
74065,1.0,0.0,0.5,none,True,True
74066,1.0,0.0,0.5,none,True,True
74067,1.0,0.0,0.5,none,True,True
74068,1.0,0.0,0.5,none,True,True
74069,1.0,0.0,0.5,none,True,True
74070,1.0,0.0,0.5,none,True,True
74071,1.0,0.0,0.5,none,True,True
74072,1.0,0.0,0.5,none,True,True
74073,1.0,0.0,0.5,none,True,True
74074,1.0,0.0,0.5,none,True,True
74075,1.0,0.0,0.5,none,True,True
74076,1.0,0.0,0.5,none,True,True
74077,1.0,0.0,0.5,none,True,True
74078,1.0,0.0,0.5,none,True,True
74079,1.0,0.0,0.5,none,True,True
74080,1.0,0.0,0.5,none,True,True
74081,1.0,0.0,0.5,none,True,True
74082,1.0,0.0,0.5,none,True,True
74083,1.0,0.0,0.5,none,True,True
74084,1.0,0.0,0.5,none,True,True
74085,1.0,0.0,0.5,none,True,True
74086,1.0,0.0,0.5,none,True,True
74087,1.0,0.0,0.5,none,True,True
74088,1.0,0.0,0.5,none,True,True
74089,1.0,0.0,0.5,none,True,True
74090,1.0,0.0,0.5,none,True,True
74091,1.0,0.0,0.5,none,True,True
74092,1.0,0.0,0.5,none,True,True
74093,1.0,0.0,0.5,none,True,True
74094,1.0,0.0,0.5,none,True,True
74095,1.0,0.0,0.5,none,True,True
74096,1.0,0.0,0.5,none,True,True
74097,1.0,0.0,0.5,none,True,True
74098,1.0,0.0,0.5,none,True,True
74099,1.0,0.0,0.5,none,True,True
74100,1.0,0.0,0.5,none,True,True
74101,1.0,0.0,0.5,none,True,True
74102,1.0,0.0,0.5,none,True,True
74103,1.0,0.0,0.5,none,True,True
74104,1.0,0.0,0.5,none,True,True
74105,1.0,0.0,0.5,none,True,True
74106,1.0,0.0,0.5,none,True,True
74107,1.0,0.0,0.5,none,True,True
74108,1.0,0.0,0.5,none,True,True
74109,1.0,0.0,0.5,none,True,True
74110,1.0,0.0,0.5,none,True,True
74111,1.0,0.0,0.5,none,True,True
74112,1.0,0.0,0.5,none,True,True
74113,1.0,0.0,0.5,none,True,True
74114,1.0,0.0,0.5,none,True,True
74115,1.0,0.0,0.5,none,True,True
74116,1.0,0.0,0.5,none,True,True
74117,1.0,0.0,0.5,none,True,True
74118,1.0,0.0,0.5,none,True,True
74119,1.0,0.0,0.5,none,True,True
74120,1.0,0.0,0.5,none,True,True
74121,1.0,0.0,0.5,none,True,True
74122,1.0,0.0,0.5,none,True,True
74123,1.0,0.0,0.5,none,True,True
74124,1.0,0.0,0.5,none,True,True
74125,1.0,0.0,0.5,none,True,True
74126,1.0,0.0,0.5,none,True,True
74127,1.0,0.0,0.5,none,True,True
74128,1.0,0.0,0.5,none,True,True
74129,1.0,0.0,0.5,none,True,True
74130,1.0,0.0,0.5,none,True,True
74131,1.0,0.0,0.5,none,True,True
74132,1.0,0.0,0.5,none,True,True
74133,1.0,0.0,0.5,none,True,True
74134,1.0,0.0,0.5,none,True,True
74135,1.0,0.0,0.5,none,True,True
74136,1.0,0.0,0.5,none,True,True
74137,1.0,0.0,0.5,none,True,True
74138,1.0,0.0,0.5,none,True,True
74139,1.0,0.0,0.5,none,True,True
74140,1.0,0.0,0.5,none,True,True
74141,1.0,0.0,0.5,none,True,True
74142,1.0,0.0,0.5,none,True,True
74143,1.0,0.0,0.5,none,True,True
74144,1.0,0.0,0.5,none,True,True
74145,1.0,0.0,0.5,none,True,True
74146,1.0,0.0,0.5,none,True,True
74147,1.0,0.0,0.5,none,True,True
74148,1.0,0.0,0.5,none,True,True
74149,1.0,0.0,0.5,none,True,True
74150,1.0,0.0,0.5,none,True,True
74151,1.0,0.0,0.5,none,True,True
74152,1.0,0.0,0.5,none,True,True
74153,1.0,0.0,0.5,none,True,True
74154,1.0,0.0,0.5,none,True,True
74155,1.0,0.0,0.5,none,True,True
74156,1.0,0.0,0.5,none,True,True
74157,1.0,0.0,0.5,none,True,True
74158,1.0,0.0,0.5,none,True,True
74159,1.0,0.0,0.5,none,True,True
74160,1.0,0.0,0.5,none,True,True
74161,1.0,0.0,0.5,none,True,True
74162,1.0,0.0,0.5,none,True,True
74163,1.0,0.0,0.5,none,True,True
74164,1.0,0.0,0.5,none,True,True
74165,1.0,0.0,0.5,none,True,True
74166,1.0,0.0,0.5,none,True,True
74167,1.0,0.0,0.5,none,True,True
74168,1.0,0.0,0.5,none,True,True
74169,1.0,0.0,0.5,none,True,True
74170,1.0,0.0,0.5,none,True,True
74171,1.0,0.0,0.5,none,True,True
74172,1.0,0.0,0.5,none,True,True
74173,1.0,0.0,0.5,none,True,True
74174,1.0,0.0,0.5,none,True,True
74175,1.0,0.0,0.5,none,True,True
74176,1.0,0.0,0.5,none,True,True
74177,1.0,0.0,0.5,none,True,True
74178,1.0,0.0,0.5,none,True,True
74179,1.0,0.0,0.5,none,True,True
74180,1.0,0.0,0.5,none,True,True
74181,1.0,0.0,0.5,none,True,True
74182,1.0,0.0,0.5,none,True,True
74183,1.0,0.0,0.5,none,True,True
74184,1.0,0.0,0.5,none,True,True
74185,1.0,0.0,0.5,none,True,True
74186,1.0,0.0,0.5,none,True,True
74187,1.0,0.0,0.5,none,True,True
74188,1.0,0.0,0.5,none,True,True
74189,1.0,0.0,0.5,none,True,True
74190,1.0,0.0,0.5,none,True,True
74191,1.0,0.0,0.5,none,True,True
74192,1.0,0.0,0.5,none,True,True
74193,1.0,0.0,0.5,none,True,True
74194,1.0,0.0,0.5,none,True,True
74195,1.0,0.0,0.5,none,True,True
74196,1.0,0.0,0.5,none,True,True
74197,1.0,0.0,0.5,none,True,True
74198,1.0,0.0,0.5,none,True,True
74199,1.0,0.0,0.5,none,True,True
74200,1.0,0.0061,0.5,none,True,True
74201,1.0,0.0357,0.5,none,True,True
74202,1.0,0.0812,0.5,none,True,True
74203,1.0,0.1113,0.5,none,True,True
74204,1.0,0.1253,0.5,none,True,True
74205,1.0,0.1408,0.5,none,True,True
74206,1.0,0.0907,0.5,none,True,True
74207,1.0,0.1198,0.5,none,True,True
74208,1.0,0.0467,0.5,none,True,True
74209,1.0,0.0522,0.5,none,True,True
74210,1.0,0.0405,0.5,none,True,True
74211,1.0,0.0313,0.5,none,True,True
74212,1.0,0.0083,0.5,none,True,True
74213,1.0,0.0726,0.5,none,True,True
74214,1.0,0.0793,0.5,none,True,True
74215,1.0,0.0581,0.5,none,True,True
74216,1.0,0.0955,0.5,none,True,True
74217,1.0,0.0839,0.5,none,True,True
74218,1.0,0.0648,0.5,none,True,True
74219,1.0,0.0718,0.5,none,True,True
74220,1.0,0.0589,0.5,none,True,True
74221,1.0,0.0403,0.5,none,True,True
74222,1.0,0.0327,0.5,none,True,True
74223,1.0,0.0277,0.5,none,True,True
74224,1.0,0.017,0.5,none,True,True
74225,1.0,0.0102,0.5,none,True,True
74226,1.0,0.0099,0.5,none,True,True
74227,1.0,0.008,0.5,none,True,True
74228,1.0,0.005,0.5,none,True,True
74229,1.0,0.0063,0.5,none,True,True
74230,1.0,0.009,0.5,none,True,True
74231,1.0,0.0096,0.5,none,True,True
74232,1.0,0.0108,0.5,none,True,True
74233,1.0,0.014,0.5,none,True,True
74234,1.0,0.0161,0.5,none,True,True
74235,1.0,0.0167,0.5,none,True,True
74236,1.0,0.0182,0.5,none,True,True
74237,1.0,0.0196,0.5,none,True,True
74238,1.0,0.0197,0.5,none,True,True
74239,1.0,0.0193,0.5,none,True,True
74240,1.0,0.0193,0.5,none,True,True
74241,1.0,0.0187,0.5,none,True,True
74242,1.0,0.0174,0.5,none,True,True
74243,1.0,0.0163,0.5,none,True,True
74244,1.0,0.0152,0.5,none,True,True
74245,1.0,0.0138,0.5,none,True,True
74246,1.0,0.0123,0.5,none,True,True
74247,1.0,0.0111,0.5,none,True,True
74248,1.0,0.01,0.5,none,True,True
74249,1.0,0.0088,0.5,none,True,True
74250,1.0,0.0078,0.5,none,True,True
74251,1.0,0.0071,0.5,none,True,True
74252,1.0,0.0064,0.5,none,True,True
74253,1.0,0.0057,0.5,none,True,True
74254,1.0,0.0053,0.5,none,True,True
74255,1.0,0.005,0.5,none,True,True
74256,1.0,0.0047,0.5,none,True,True
74257,1.0,0.0045,0.5,none,True,True
74258,1.0,0.0044,0.5,none,True,True
74259,1.0,0.0043,0.5,none,True,True
74260,1.0,0.0042,0.5,none,True,True
74261,1.0,0.0041,0.5,none,True,True
74262,1.0,0.004,0.5,none,True,True
74263,1.0,0.0039,0.5,none,True,True
74264,1.0,0.0038,0.5,none,True,True
74265,1.0,0.0037,0.5,none,True,True
74266,1.0,0.0035,0.5,none,True,True
74267,1.0,0.0033,0.5,none,True,True
74268,1.0,0.0032,0.5,none,True,True
74269,1.0,0.003,0.5,none,True,True
74270,1.0,0.0028,0.5,none,True,True
74271,1.0,0.0026,0.5,none,True,True
74272,1.0,0.0024,0.5,none,True,True
74273,1.0,0.0023,0.5,none,True,True
74274,1.0,0.0021,0.5,none,True,True
74275,1.0,0.0019,0.5,none,True,True
74276,1.0,0.0018,0.5,none,True,True
74277,1.0,0.0017,0.5,none,True,True
74278,1.0,0.0015,0.5,none,True,True
74279,1.0,0.0014,0.5,none,True,True
74280,1.0,0.0013,0.5,none,True,True
74281,1.0,0.0013,0.5,none,True,True
74282,1.0,0.0012,0.5,none,True,True
74283,1.0,0.0011,0.5,none,True,True
74284,1.0,0.0011,0.5,none,True,True
74285,1.0,0.001,0.5,none,True,True
74286,1.0,0.001,0.5,none,True,True
74287,1.0,0.0009,0.5,none,True,True
74288,1.0,0.0009,0.5,none,True,True
74289,1.0,0.0008,0.5,none,True,True
74290,1.0,0.0008,0.5,none,True,True
74291,1.0,0.0008,0.5,none,True,True
74292,1.0,0.0007,0.5,none,True,True
74293,1.0,0.0007,0.5,none,True,True
74294,1.0,0.0006,0.5,none,True,True
74295,1.0,0.0006,0.5,none,True,True
74296,1.0,0.0006,0.5,none,True,True
74297,1.0,0.0005,0.5,none,True,True
74298,1.0,0.0005,0.5,none,True,True
74299,1.0,0.0005,0.5,none,True,True
74300,1.0,0.0004,0.5,none,True,True
74301,1.0,0.0004,0.5,none,True,True
74302,1.0,0.0004,0.5,none,True,True
74303,1.0,0.0004,0.5,none,True,True
74304,1.0,0.0003,0.5,none,True,True
74305,1.0,0.0003,0.5,none,True,True
74306,1.0,0.0003,0.5,none,True,True
74307,1.0,0.0003,0.5,none,True,True
74308,1.0,0.0003,0.5,none,True,True
74309,1.0,0.0003,0.5,none,True,True
74310,1.0,0.0002,0.5,none,True,True
74311,1.0,0.0002,0.5,none,True,True
74312,1.0,0.0002,0.5,none,True,True
74313,1.0,0.0002,0.5,none,True,True
74314,1.0,0.0002,0.5,none,True,True
74315,1.0,0.0002,0.5,none,True,True
74316,1.0,0.0002,0.5,none,True,True
74317,1.0,0.0002,0.5,none,True,True
74318,1.0,0.0002,0.5,none,True,True
74319,1.0,0.0001,0.5,none,True,True
74320,1.0,0.0001,0.5,none,True,True
74321,1.0,0.0001,0.5,none,True,True
74322,1.0,0.0001,0.5,none,True,True
74323,1.0,0.0001,0.5,none,True,True
74324,1.0,0.0001,0.5,none,True,True
74325,1.0,0.0001,0.5,none,True,True
74326,1.0,0.0001,0.5,none,True,True
74327,1.0,0.0001,0.5,none,True,True
74328,1.0,0.0001,0.5,none,True,True
74329,1.0,0.0001,0.5,none,True,True
74330,1.0,0.0001,0.5,none,True,True
74331,1.0,0.0001,0.5,none,True,True
74332,1.0,0.0001,0.5,none,True,True
74333,1.0,0.0001,0.5,none,True,True
74334,1.0,0.0001,0.5,none,True,True
74335,1.0,0.0001,0.5,none,True,True
74336,1.0,0.0001,0.5,none,True,True
74337,1.0,0.0,0.5,none,True,True
74338,1.0,0.0,0.5,none,True,True
74339,1.0,0.0,0.5,none,True,True
74340,1.0,0.0,0.5,none,True,True
74341,1.0,0.0,0.5,none,True,True
74342,1.0,0.0,0.5,none,True,True
74343,1.0,0.0,0.5,none,True,True
74344,1.0,0.0,0.5,none,True,True
74345,1.0,0.0,0.5,none,True,True
74346,1.0,0.0,0.5,none,True,True
74347,1.0,0.0,0.5,none,True,True
74348,1.0,0.0,0.5,none,True,True
74349,1.0,0.0,0.5,none,True,True
74350,1.0,0.0,0.5,none,True,True
74351,1.0,0.0,0.5,none,True,True
74352,1.0,0.0,0.5,none,True,True
74353,1.0,0.0,0.5,none,True,True
74354,1.0,0.0,0.5,none,True,True
74355,1.0,0.0,0.5,none,True,True
74356,1.0,0.0,0.5,none,True,True
74357,1.0,0.0,0.5,none,True,True
74358,1.0,0.0,0.5,none,True,True
74359,1.0,0.0,0.5,none,True,True
74360,1.0,0.0,0.5,none,True,True
74361,1.0,0.0,0.5,none,True,True
74362,1.0,0.0,0.5,none,True,True
74363,1.0,0.0,0.5,none,True,True
74364,1.0,0.0,0.5,none,True,True
74365,1.0,0.0,0.5,none,True,True
74366,1.0,0.0,0.5,none,True,True
74367,1.0,0.0,0.5,none,True,True
74368,1.0,0.0,0.5,none,True,True
74369,1.0,0.0,0.5,none,True,True
74370,1.0,0.0,0.5,none,True,True
74371,1.0,0.0,0.5,none,True,True
74372,1.0,0.0,0.5,none,True,True
74373,1.0,0.0,0.5,none,True,True
74374,1.0,0.0,0.5,none,True,True
74375,1.0,0.0,0.5,none,True,True
74376,1.0,0.0,0.5,none,True,True
74377,1.0,0.0,0.5,none,True,True
74378,1.0,0.0,0.5,none,True,True
74379,1.0,0.0,0.5,none,True,True
74380,1.0,0.0,0.5,none,True,True
74381,1.0,0.0,0.5,none,True,True
74382,1.0,0.0,0.5,none,True,True
74383,1.0,0.0,0.5,none,True,True
74384,1.0,0.0,0.5,none,True,True
74385,1.0,0.0,0.5,none,True,True
74386,1.0,0.0,0.5,none,True,True
74387,1.0,0.0,0.5,none,True,True
74388,1.0,0.0,0.5,none,True,True
74389,1.0,0.0,0.5,none,True,True
74390,1.0,0.0,0.5,none,True,True
74391,1.0,0.0,0.5,none,True,True
74392,1.0,0.0,0.5,none,True,True
74393,1.0,0.0,0.5,none,True,True
74394,1.0,0.0,0.5,none,True,True
74395,1.0,0.0,0.5,none,True,True
74396,1.0,0.0,0.5,none,True,True
74397,1.0,0.0,0.5,none,True,True
74398,1.0,0.0,0.5,none,True,True
74399,1.0,0.0,0.5,none,True,True
74400,1.0,0.0,0.5,none,True,True
74401,1.0,0.0,0.5,none,True,True
74402,1.0,0.0,0.5,none,True,True
74403,1.0,0.0,0.5,none,True,True
74404,1.0,0.0,0.5,none,True,True
74405,1.0,0.0,0.5,none,True,True
74406,1.0,0.0,0.5,none,True,True
74407,1.0,0.0,0.5,none,True,True
74408,1.0,0.0,0.5,none,True,True
74409,1.0,0.0,0.5,none,True,True
74410,1.0,0.0,0.5,none,True,True
74411,1.0,0.0,0.5,none,True,True
74412,1.0,0.0,0.5,none,True,True
74413,1.0,0.0,0.5,none,True,True
74414,1.0,0.0,0.5,none,True,True
74415,1.0,0.0,0.5,none,True,True
74416,1.0,0.0,0.5,none,True,True
74417,1.0,0.0,0.5,none,True,True
74418,1.0,0.0,0.5,none,True,True
74419,1.0,0.0,0.5,none,True,True
74420,1.0,0.0,0.5,none,True,True
74421,1.0,0.0,0.5,none,True,True
74422,1.0,0.0,0.5,none,True,True
74423,1.0,0.0,0.5,none,True,True
74424,1.0,0.0,0.5,none,True,True
74425,1.0,0.0,0.5,none,True,True
74426,1.0,0.0,0.5,none,True,True
74427,1.0,0.0,0.5,none,True,True
74428,1.0,0.0,0.5,none,True,True
74429,1.0,0.0,0.5,none,True,True
74430,1.0,0.0,0.5,none,True,True
74431,1.0,0.0,0.5,none,True,True
74432,1.0,0.0,0.5,none,True,True
74433,1.0,0.0,0.5,none,True,True
74434,1.0,0.0,0.5,none,True,True
74435,1.0,0.0,0.5,none,True,True
74436,1.0,0.0,0.5,none,True,True
74437,1.0,0.0,0.5,none,True,True
74438,1.0,0.0,0.5,none,True,True
74439,1.0,0.0,0.5,none,True,True
74440,1.0,0.0,0.5,none,True,True
74441,1.0,0.0,0.5,none,True,True
74442,1.0,0.0,0.5,none,True,True
74443,1.0,0.0,0.5,none,True,True
74444,1.0,0.0,0.5,none,True,True
74445,1.0,0.0,0.5,none,True,True
74446,1.0,0.0,0.5,none,True,True
74447,1.0,0.0,0.5,none,True,True
74448,1.0,0.0,0.5,none,True,True
74449,1.0,0.0,0.5,none,True,True
74450,1.0,0.0,0.5,none,True,True
74451,1.0,0.0,0.5,none,True,True
74452,1.0,0.0,0.5,none,True,True
74453,1.0,0.0,0.5,none,True,True
74454,1.0,0.0,0.5,none,True,True
74455,1.0,0.0,0.5,none,True,True
74456,1.0,0.0,0.5,none,True,True
74457,1.0,0.0,0.5,none,True,True
74458,1.0,0.0,0.5,none,True,True
74459,1.0,0.0,0.5,none,True,True
74460,1.0,0.0,0.5,none,True,True
74461,1.0,0.0,0.5,none,True,True
74462,1.0,0.0,0.5,none,True,True
74463,1.0,0.0,0.5,none,True,True
74464,1.0,0.0,0.5,none,True,True
74465,1.0,0.0,0.5,none,True,True
74466,1.0,0.0,0.5,none,True,True
74467,1.0,0.0,0.5,none,True,True
74468,1.0,0.0,0.5,none,True,True
74469,1.0,0.0,0.5,none,True,True
74470,1.0,0.0,0.5,none,True,True
74471,1.0,0.0,0.5,none,True,True
74472,1.0,0.0,0.5,none,True,True
74473,1.0,0.0,0.5,none,True,True
74474,1.0,0.0,0.5,none,True,True
74475,1.0,0.0,0.5,none,True,True
74476,1.0,0.0,0.5,none,True,True
74477,1.0,0.0,0.5,none,True,True
74478,1.0,0.0,0.5,none,True,True
74479,1.0,0.0,0.5,none,True,True
74480,1.0,0.0,0.5,none,True,True
74481,1.0,0.0,0.5,none,True,True
74482,1.0,0.0,0.5,none,True,True
74483,1.0,0.0,0.5,none,True,True
74484,1.0,0.0,0.5,none,True,True
74485,1.0,0.0,0.5,none,True,True
74486,1.0,0.0,0.5,none,True,True
74487,1.0,0.0,0.5,none,True,True
74488,1.0,0.0,0.5,none,True,True
74489,1.0,0.0,0.5,none,True,True
74490,1.0,0.0,0.5,none,True,True
74491,1.0,0.0,0.5,none,True,True
74492,1.0,0.0,0.5,none,True,True
74493,1.0,0.0,0.5,none,True,True
74494,1.0,0.0,0.5,none,True,True
74495,1.0,0.0,0.5,none,True,True
74496,1.0,0.0,0.5,none,True,True
74497,1.0,0.0,0.5,none,True,True
74498,1.0,0.0,0.5,none,True,True
74499,1.0,0.0,0.5,none,True,True
74500,1.0,0.0,0.5,none,True,True
74501,1.0,0.0,0.5,none,True,True
74502,1.0,0.0,0.5,none,True,True
74503,1.0,0.0,0.5,none,True,True
74504,1.0,0.0,0.5,none,True,True
74505,1.0,0.0,0.5,none,True,True
74506,1.0,0.0,0.5,none,True,True
74507,1.0,0.0,0.5,none,True,True
74508,1.0,0.0,0.5,none,True,True
74509,1.0,0.0,0.5,none,True,True
74510,1.0,0.0,0.5,none,True,True
74511,1.0,0.0,0.5,none,True,True
74512,1.0,0.0,0.5,none,True,True
74513,1.0,0.0,0.5,none,True,True
74514,1.0,0.0,0.5,none,True,True
74515,1.0,0.0,0.5,none,True,True
74516,1.0,0.0,0.5,none,True,True
74517,1.0,0.0,0.5,none,True,True
74518,1.0,0.0,0.5,none,True,True
74519,1.0,0.0,0.5,none,True,True
74520,1.0,0.0,0.5,none,True,True
74521,1.0,0.0,0.5,none,True,True
74522,1.0,0.0,0.5,none,True,True
74523,1.0,0.0,0.5,none,True,True
74524,1.0,0.0,0.5,none,True,True
74525,1.0,0.0,0.5,none,True,True
74526,1.0,0.0,0.5,none,True,True
74527,1.0,0.0,0.5,none,True,True
74528,1.0,0.0,0.5,none,True,True
74529,1.0,0.0,0.5,none,True,True
74530,1.0,0.0,0.5,none,True,True
74531,1.0,0.0,0.5,none,True,True
74532,1.0,0.0,0.5,none,True,True
74533,1.0,0.0,0.5,none,True,True
74534,1.0,0.0,0.5,none,True,True
74535,1.0,0.0,0.5,none,True,True
74536,1.0,0.0,0.5,none,True,True
74537,1.0,0.0,0.5,none,True,True
74538,1.0,0.0,0.5,none,True,True
74539,1.0,0.0,0.5,none,True,True
74540,1.0,0.0,0.5,none,True,True
74541,1.0,0.0,0.5,none,True,True
74542,1.0,0.0,0.5,none,True,True
74543,1.0,0.0,0.5,none,True,True
74544,1.0,0.0,0.5,none,True,True
74545,1.0,0.0,0.5,none,True,True
74546,1.0,0.0,0.5,none,True,True
74547,1.0,0.0,0.5,none,True,True
74548,1.0,0.0,0.5,none,True,True
74549,1.0,0.0,0.5,none,True,True
74550,1.0,0.0,0.5,none,True,True
74551,1.0,0.0,0.5,none,True,True
74552,1.0,0.0,0.5,none,True,True
74553,1.0,0.0,0.5,none,True,True
74554,1.0,0.0,0.5,none,True,True
74555,1.0,0.0,0.5,none,True,True
74556,1.0,0.0,0.5,none,True,True
74557,1.0,0.0,0.5,none,True,True
74558,1.0,0.0,0.5,none,True,True
74559,1.0,0.0,0.5,none,True,True
74560,1.0,0.0,0.5,none,True,True
74561,1.0,0.0,0.5,none,True,True
74562,1.0,0.0,0.5,none,True,True
74563,1.0,0.0,0.5,none,True,True
74564,1.0,0.0,0.5,none,True,True
74565,1.0,0.0,0.5,none,True,True
74566,1.0,0.0,0.5,none,True,True
74567,1.0,0.0,0.5,none,True,True
74568,1.0,0.0,0.5,none,True,True
74569,1.0,0.0,0.5,none,True,True
74570,1.0,0.0,0.5,none,True,True
74571,1.0,0.0,0.5,none,True,True
74572,1.0,0.0,0.5,none,True,True
74573,1.0,0.0,0.5,none,True,True
74574,1.0,0.0,0.5,none,True,True
74575,1.0,0.0,0.5,none,True,True
74576,1.0,0.0,0.5,none,True,True
74577,1.0,0.0,0.5,none,True,True
74578,1.0,0.0,0.5,none,True,True
74579,1.0,0.0,0.5,none,True,True
74580,1.0,0.0,0.5,none,True,True
74581,1.0,0.0,0.5,none,True,True
74582,1.0,0.0,0.5,none,True,True
74583,1.0,0.0,0.5,none,True,True
74584,1.0,0.0,0.5,none,True,True
74585,1.0,0.0,0.5,none,True,True
74586,1.0,0.0,0.5,none,True,True
74587,1.0,0.0,0.5,none,True,True
74588,1.0,0.0,0.5,none,True,True
74589,1.0,0.0,0.5,none,True,True
74590,1.0,0.0,0.5,none,True,True
74591,1.0,0.0,0.5,none,True,True
74592,1.0,0.0,0.5,none,True,True
74593,1.0,0.0,0.5,none,True,True
74594,1.0,0.0,0.5,none,True,True
74595,1.0,0.0,0.5,none,True,True
74596,1.0,0.0,0.5,none,True,True
74597,1.0,0.0,0.5,none,True,True
74598,1.0,0.0,0.5,none,True,True
74599,1.0,0.0,0.5,none,True,True
74600,1.0,0.0,0.5,none,True,True
74601,1.0,0.0,0.5,none,True,True
74602,1.0,0.0,0.5,none,True,True
74603,1.0,0.0,0.5,none,True,True
74604,1.0,0.0,0.5,none,True,True
74605,1.0,0.0,0.5,none,True,True
74606,1.0,0.0,0.5,none,True,True
74607,1.0,0.0,0.5,none,True,True
74608,1.0,0.0,0.5,none,True,True
74609,1.0,0.0,0.5,none,True,True
74610,1.0,0.0,0.5,none,True,True
74611,1.0,0.0,0.5,none,True,True
74612,1.0,0.0,0.5,none,True,True
74613,1.0,0.0,0.5,none,True,True
74614,1.0,0.0,0.5,none,True,True
74615,1.0,0.0,0.5,none,True,True
74616,1.0,0.0,0.5,none,True,True
74617,1.0,0.0,0.5,none,True,True
74618,1.0,0.0,0.5,none,True,True
74619,1.0,0.0,0.5,none,True,True
74620,1.0,0.0,0.5,none,True,True
74621,1.0,0.0,0.5,none,True,True
74622,1.0,0.0,0.5,none,True,True
74623,1.0,0.0,0.5,none,True,True
74624,1.0,0.0,0.5,none,True,True
74625,1.0,0.0,0.5,none,True,True
74626,1.0,0.0,0.5,none,True,True
74627,1.0,0.0,0.5,none,True,True
74628,1.0,0.0,0.5,none,True,True
74629,1.0,0.0,0.5,none,True,True
74630,1.0,0.0,0.5,none,True,True
74631,1.0,0.0,0.5,none,True,True
74632,1.0,0.0,0.5,none,True,True
74633,1.0,0.0,0.5,none,True,True
74634,1.0,0.0,0.5,none,True,True
74635,1.0,0.0,0.5,none,True,True
74636,1.0,0.0,0.5,none,True,True
74637,1.0,0.0,0.5,none,True,True
74638,1.0,0.0,0.5,none,True,True
74639,1.0,0.0,0.5,none,True,True
74640,1.0,0.0,0.5,none,True,True
74641,1.0,0.0,0.5,none,True,True
74642,1.0,0.0,0.5,none,True,True
74643,1.0,0.0,0.5,none,True,True
74644,1.0,0.0,0.5,none,True,True
74645,1.0,0.0,0.5,none,True,True
74646,1.0,0.0,0.5,none,True,True
74647,1.0,0.0,0.5,none,True,True
74648,1.0,0.0,0.5,none,True,True
74649,1.0,0.0,0.5,none,True,True
74650,1.0,0.0,0.5,none,True,True
74651,1.0,0.0,0.5,none,True,True
74652,1.0,0.0,0.5,none,True,True
74653,1.0,0.0,0.5,none,True,True
74654,1.0,0.0,0.5,none,True,True
74655,1.0,0.0,0.5,none,True,True
74656,1.0,0.0,0.5,none,True,True
74657,1.0,0.0,0.5,none,True,True
74658,1.0,0.0,0.5,none,True,True
74659,1.0,0.0,0.5,none,True,True
74660,1.0,0.0,0.5,none,True,True
74661,1.0,0.0,0.5,none,True,True
74662,1.0,0.0,0.5,none,True,True
74663,1.0,0.0,0.5,none,True,True
74664,1.0,0.0,0.5,none,True,True
74665,1.0,0.0,0.5,none,True,True
74666,1.0,0.0,0.5,none,True,True
74667,1.0,0.0,0.5,none,True,True
74668,1.0,0.0,0.5,none,True,True
74669,1.0,0.0,0.5,none,True,True
74670,1.0,0.0,0.5,none,True,True
74671,1.0,0.0,0.5,none,True,True
74672,1.0,0.0,0.5,none,True,True
74673,1.0,0.0,0.5,none,True,True
74674,1.0,0.0,0.5,none,True,True
74675,1.0,0.0,0.5,none,True,True
74676,1.0,0.0,0.5,none,True,True
74677,1.0,0.0,0.5,none,True,True
74678,1.0,0.0,0.5,none,True,True
74679,1.0,0.0,0.5,none,True,True
74680,1.0,0.0,0.5,none,True,True
74681,1.0,0.0,0.5,none,True,True
74682,1.0,0.0,0.5,none,True,True
74683,1.0,0.0,0.5,none,True,True
74684,1.0,0.0,0.5,none,True,True
74685,1.0,0.0,0.5,none,True,True
74686,1.0,0.0,0.5,none,True,True
74687,1.0,0.0,0.5,none,True,True
74688,1.0,0.0,0.5,none,True,True
74689,1.0,0.0,0.5,none,True,True
74690,1.0,0.0,0.5,none,True,True
74691,1.0,0.0,0.5,none,True,True
74692,1.0,0.0,0.5,none,True,True
74693,1.0,0.0,0.5,none,True,True
74694,1.0,0.0,0.5,none,True,True
74695,1.0,0.0,0.5,none,True,True
74696,1.0,0.0,0.5,none,True,True
74697,1.0,0.0,0.5,none,True,True
74698,1.0,0.0,0.5,none,True,True
74699,1.0,0.0,0.5,none,True,True
74700,1.0,0.0,0.5,none,True,True
74701,1.0,0.0,0.5,none,True,True
74702,1.0,0.0,0.5,none,True,True
74703,1.0,0.0,0.5,none,True,True
74704,1.0,0.0,0.5,none,True,True
74705,1.0,0.0,0.5,none,True,True
74706,1.0,0.0,0.5,none,True,True
74707,1.0,0.0,0.5,none,True,True
74708,1.0,0.0,0.5,none,True,True
74709,1.0,0.0,0.5,none,True,True
74710,1.0,0.0,0.5,none,True,True
74711,1.0,0.0,0.5,none,True,True
74712,1.0,0.0,0.5,none,True,True
74713,1.0,0.0,0.5,none,True,True
74714,1.0,0.0,0.5,none,True,True
74715,1.0,0.0,0.5,none,True,True
74716,1.0,0.0,0.5,none,True,True
74717,1.0,0.0,0.5,none,True,True
74718,1.0,0.0,0.5,none,True,True
74719,1.0,0.0,0.5,none,True,True
74720,1.0,0.0,0.5,none,True,True
74721,1.0,0.0,0.5,none,True,True
74722,1.0,0.0,0.5,none,True,True
74723,1.0,0.0,0.5,none,True,True
74724,1.0,0.0,0.5,none,True,True
74725,1.0,0.0,0.5,none,True,True
74726,1.0,0.0,0.5,none,True,True
74727,1.0,0.0,0.5,none,True,True
74728,1.0,0.0,0.5,none,True,True
74729,1.0,0.0,0.5,none,True,True
74730,1.0,0.0,0.5,none,True,True
74731,1.0,0.0,0.5,none,True,True
74732,1.0,0.0,0.5,none,True,True
74733,1.0,0.0,0.5,none,True,True
74734,1.0,0.0,0.5,none,True,True
74735,1.0,0.0,0.5,none,True,True
74736,1.0,0.0,0.5,none,True,True
74737,1.0,0.0,0.5,none,True,True
74738,1.0,0.0,0.5,none,True,True
74739,1.0,0.0,0.5,none,True,True
74740,1.0,0.0,0.5,none,True,True
74741,1.0,0.0,0.5,none,True,True
74742,1.0,0.0,0.5,none,True,True
74743,1.0,0.0,0.5,none,True,True
74744,1.0,0.0,0.5,none,True,True
74745,1.0,0.0,0.5,none,True,True
74746,1.0,0.0,0.5,none,True,True
74747,1.0,0.0,0.5,none,True,True
74748,1.0,0.0,0.5,none,True,True
74749,1.0,0.0,0.5,none,True,True
74750,1.0,0.0,0.5,none,True,True
74751,1.0,0.0,0.5,none,True,True
74752,1.0,0.0,0.5,none,True,True
74753,1.0,0.0,0.5,none,True,True
74754,1.0,0.0,0.5,none,True,True
74755,1.0,0.0,0.5,none,True,True
74756,1.0,0.0,0.5,none,True,True
74757,1.0,0.0,0.5,none,True,True
74758,1.0,0.0,0.5,none,True,True
74759,1.0,0.0,0.5,none,True,True
74760,1.0,0.0,0.5,none,True,True
74761,1.0,0.0,0.5,none,True,True
74762,1.0,0.0,0.5,none,True,True
74763,1.0,0.0,0.5,none,True,True
74764,1.0,0.0,0.5,none,True,True
74765,1.0,0.0,0.5,none,True,True
74766,1.0,0.0,0.5,none,True,True
74767,1.0,0.0,0.5,none,True,True
74768,1.0,0.0,0.5,none,True,True
74769,1.0,0.0,0.5,none,True,True
74770,1.0,0.0,0.5,none,True,True
74771,1.0,0.0,0.5,none,True,True
74772,1.0,0.0,0.5,none,True,True
74773,1.0,0.0,0.5,none,True,True
74774,1.0,0.0,0.5,none,True,True
74775,1.0,0.0,0.5,none,True,True
74776,1.0,0.0,0.5,none,True,True
74777,1.0,0.0,0.5,none,True,True
74778,1.0,0.0,0.5,none,True,True
74779,1.0,0.0,0.5,none,True,True
74780,1.0,0.0,0.5,none,True,True
74781,1.0,0.0,0.5,none,True,True
74782,1.0,0.0,0.5,none,True,True
74783,1.0,0.0,0.5,none,True,True
74784,1.0,0.0,0.5,none,True,True
74785,1.0,0.0,0.5,none,True,True
74786,1.0,0.0,0.5,none,True,True
74787,1.0,0.0,0.5,none,True,True
74788,1.0,0.0,0.5,none,True,True
74789,1.0,0.0,0.5,none,True,True
74790,1.0,0.0,0.5,none,True,True
74791,1.0,0.0,0.5,none,True,True
74792,1.0,0.0,0.5,none,True,True
74793,1.0,0.0,0.5,none,True,True
74794,1.0,0.0,0.5,none,True,True
74795,1.0,0.0,0.5,none,True,True
74796,1.0,0.0,0.5,none,True,True
74797,1.0,0.0,0.5,none,True,True
74798,1.0,0.0,0.5,none,True,True
74799,1.0,0.0,0.5,none,True,True
74800,1.0,0.0,0.5,none,True,True
74801,1.0,0.0,0.5,none,True,True
74802,1.0,0.0,0.5,none,True,True
74803,1.0,0.0,0.5,none,True,True
74804,1.0,0.0,0.5,none,True,True
74805,1.0,0.0,0.5,none,True,True
74806,1.0,0.0,0.5,none,True,True
74807,1.0,0.0,0.5,none,True,True
74808,1.0,0.0,0.5,none,True,True
74809,1.0,0.0,0.5,none,True,True
74810,1.0,0.0,0.5,none,True,True
74811,1.0,0.0,0.5,none,True,True
74812,1.0,0.0,0.5,none,True,True
74813,1.0,0.0,0.5,none,True,True
74814,1.0,0.0,0.5,none,True,True
74815,1.0,0.0,0.5,none,True,True
74816,1.0,0.0,0.5,none,True,True
74817,1.0,0.0,0.5,none,True,True
74818,1.0,0.0,0.5,none,True,True
74819,1.0,0.0,0.5,none,True,True
74820,1.0,0.0,0.5,none,True,True
74821,1.0,0.0,0.5,none,True,True
74822,1.0,0.0,0.5,none,True,True
74823,1.0,0.0,0.5,none,True,True
74824,1.0,0.0,0.5,none,True,True
74825,1.0,0.0,0.5,none,True,True
74826,1.0,0.0,0.5,none,True,True
74827,1.0,0.0,0.5,none,True,True
74828,1.0,0.0,0.5,none,True,True
74829,1.0,0.0,0.5,none,True,True
74830,1.0,0.0,0.5,none,True,True
74831,1.0,0.0,0.5,none,True,True
74832,1.0,0.0,0.5,none,True,True
74833,1.0,0.0,0.5,none,True,True
74834,1.0,0.0,0.5,none,True,True
74835,1.0,0.0,0.5,none,True,True
74836,1.0,0.0,0.5,none,True,True
74837,1.0,0.0,0.5,none,True,True
74838,1.0,0.0,0.5,none,True,True
74839,1.0,0.0,0.5,none,True,True
74840,1.0,0.0,0.5,none,True,True
74841,1.0,0.0,0.5,none,True,True
74842,1.0,0.0,0.5,none,True,True
74843,1.0,0.0,0.5,none,True,True
74844,1.0,0.0,0.5,none,True,True
74845,1.0,0.0,0.5,none,True,True
74846,1.0,0.0,0.5,none,True,True
74847,1.0,0.0,0.5,none,True,True
74848,1.0,0.0,0.5,none,True,True
74849,1.0,0.0,0.5,none,True,True
74850,1.0,0.0,0.5,none,True,True
74851,1.0,0.0,0.5,none,True,True
74852,1.0,0.0,0.5,none,True,True
74853,1.0,0.0,0.5,none,True,True
74854,1.0,0.0,0.5,none,True,True
74855,1.0,0.0,0.5,none,True,True
74856,1.0,0.0,0.5,none,True,True
74857,1.0,0.0,0.5,none,True,True
74858,1.0,0.0,0.5,none,True,True
74859,1.0,0.0,0.5,none,True,True
74860,1.0,0.0,0.5,none,True,True
74861,1.0,0.0,0.5,none,True,True
74862,1.0,0.0,0.5,none,True,True
74863,1.0,0.0,0.5,none,True,True
74864,1.0,0.0,0.5,none,True,True
74865,1.0,0.0,0.5,none,True,True
74866,1.0,0.0,0.5,none,True,True
74867,1.0,0.0,0.5,none,True,True
74868,1.0,0.0,0.5,none,True,True
74869,1.0,0.0,0.5,none,True,True
74870,1.0,0.0,0.5,none,True,True
74871,1.0,0.0,0.5,none,True,True
74872,1.0,0.0,0.5,none,True,True
74873,1.0,0.0,0.5,none,True,True
74874,1.0,0.0,0.5,none,True,True
74875,1.0,0.0,0.5,none,True,True
74876,1.0,0.0,0.5,none,True,True
74877,1.0,0.0,0.5,none,True,True
74878,1.0,0.0,0.5,none,True,True
74879,1.0,0.0,0.5,none,True,True
74880,1.0,0.0,0.5,none,True,True
74881,1.0,0.0,0.5,none,True,True
74882,1.0,0.0,0.5,none,True,True
74883,1.0,0.0,0.5,none,True,True
74884,1.0,0.0,0.5,none,True,True
74885,1.0,0.0,0.5,none,True,True
74886,1.0,0.0,0.5,none,True,True
74887,1.0,0.0,0.5,none,True,True
74888,1.0,0.0,0.5,none,True,True
74889,1.0,0.0,0.5,none,True,True
74890,1.0,0.0,0.5,none,True,True
74891,1.0,0.0,0.5,none,True,True
74892,1.0,0.0,0.5,none,True,True
74893,1.0,0.0,0.5,none,True,True
74894,1.0,0.0,0.5,none,True,True
74895,1.0,0.0,0.5,none,True,True
74896,1.0,0.0,0.5,none,True,True
74897,1.0,0.0,0.5,none,True,True
74898,1.0,0.0,0.5,none,True,True
74899,1.0,0.0,0.5,none,True,True
74900,1.0,0.0061,0.5,none,True,True
74901,1.0,0.0357,0.5,none,True,True
74902,1.0,0.0812,0.5,none,True,True
74903,1.0,0.1113,0.5,none,True,True
74904,1.0,0.1253,0.5,none,True,True
74905,1.0,0.1408,0.5,none,True,True
74906,1.0,0.0907,0.5,none,True,True
74907,1.0,0.1198,0.5,none,True,True
74908,1.0,0.0467,0.5,none,True,True
74909,1.0,0.0522,0.5,none,True,True
74910,1.0,0.0405,0.5,none,True,True
74911,1.0,0.0313,0.5,none,True,True
74912,1.0,0.0083,0.5,none,True,True
74913,1.0,0.0726,0.5,none,True,True
74914,1.0,0.0793,0.5,none,True,True
74915,1.0,0.0581,0.5,none,True,True
74916,1.0,0.0955,0.5,none,True,True
74917,1.0,0.0839,0.5,none,True,True
74918,1.0,0.0648,0.5,none,True,True
74919,1.0,0.0718,0.5,none,True,True
74920,1.0,0.0589,0.5,none,True,True
74921,1.0,0.0403,0.5,none,True,True
74922,1.0,0.0327,0.5,none,True,True
74923,1.0,0.0277,0.5,none,True,True
74924,1.0,0.017,0.5,none,True,True
74925,1.0,0.0102,0.5,none,True,True
74926,1.0,0.0099,0.5,none,True,True
74927,1.0,0.008,0.5,none,True,True
74928,1.0,0.005,0.5,none,True,True
74929,1.0,0.0063,0.5,none,True,True
74930,1.0,0.009,0.5,none,True,True
74931,1.0,0.0096,0.5,none,True,True
74932,1.0,0.0108,0.5,none,True,True
74933,1.0,0.014,0.5,none,True,True
74934,1.0,0.0161,0.5,none,True,True
74935,1.0,0.0167,0.5,none,True,True
74936,1.0,0.0182,0.5,none,True,True
74937,1.0,0.0196,0.5,none,True,True
74938,1.0,0.0197,0.5,none,True,True
74939,1.0,0.0193,0.5,none,True,True
74940,1.0,0.0193,0.5,none,True,True
74941,1.0,0.0187,0.5,none,True,True
74942,1.0,0.0174,0.5,none,True,True
74943,1.0,0.0163,0.5,none,True,True
74944,1.0,0.0152,0.5,none,True,True
74945,1.0,0.0138,0.5,none,True,True
74946,1.0,0.0123,0.5,none,True,True
74947,1.0,0.0111,0.5,none,True,True
74948,1.0,0.01,0.5,none,True,True
74949,1.0,0.0088,0.5,none,True,True
74950,1.0,0.0078,0.5,none,True,True
74951,1.0,0.0071,0.5,none,True,True
74952,1.0,0.0064,0.5,none,True,True
74953,1.0,0.0057,0.5,none,True,True
74954,1.0,0.0053,0.5,none,True,True
74955,1.0,0.005,0.5,none,True,True
74956,1.0,0.0047,0.5,none,True,True
74957,1.0,0.0045,0.5,none,True,True
74958,1.0,0.0044,0.5,none,True,True
74959,1.0,0.0043,0.5,none,True,True
74960,1.0,0.0042,0.5,none,True,True
74961,1.0,0.0041,0.5,none,True,True
74962,1.0,0.004,0.5,none,True,True
74963,1.0,0.0039,0.5,none,True,True
74964,1.0,0.0038,0.5,none,True,True
74965,1.0,0.0037,0.5,none,True,True
74966,1.0,0.0035,0.5,none,True,True
74967,1.0,0.0033,0.5,none,True,True
74968,1.0,0.0032,0.5,none,True,True
74969,1.0,0.003,0.5,none,True,True
74970,1.0,0.0028,0.5,none,True,True
74971,1.0,0.0026,0.5,none,True,True
74972,1.0,0.0024,0.5,none,True,True
74973,1.0,0.0023,0.5,none,True,True
74974,1.0,0.0021,0.5,none,True,True
74975,1.0,0.0019,0.5,none,True,True
74976,1.0,0.0018,0.5,none,True,True
74977,1.0,0.0017,0.5,none,True,True
74978,1.0,0.0015,0.5,none,True,True
74979,1.0,0.0014,0.5,none,True,True
74980,1.0,0.0013,0.5,none,True,True
74981,1.0,0.0013,0.5,none,True,True
74982,1.0,0.0012,0.5,none,True,True
74983,1.0,0.0011,0.5,none,True,True
74984,1.0,0.0011,0.5,none,True,True
74985,1.0,0.001,0.5,none,True,True
74986,1.0,0.001,0.5,none,True,True
74987,1.0,0.0009,0.5,none,True,True
74988,1.0,0.0009,0.5,none,True,True
74989,1.0,0.0008,0.5,none,True,True
74990,1.0,0.0008,0.5,none,True,True
74991,1.0,0.0008,0.5,none,True,True
74992,1.0,0.0007,0.5,none,True,True
74993,1.0,0.0007,0.5,none,True,True
74994,1.0,0.0006,0.5,none,True,True
74995,1.0,0.0006,0.5,none,True,True
74996,1.0,0.0006,0.5,none,True,True
74997,1.0,0.0005,0.5,none,True,True
74998,1.0,0.0005,0.5,none,True,True
74999,1.0,0.0005,0.5,none,True,True
75000,1.0,0.0004,0.5,none,True,True
75001,1.0,0.0004,0.5,none,True,True
75002,1.0,0.0004,0.5,none,True,True
75003,1.0,0.0004,0.5,none,True,True
75004,1.0,0.0003,0.5,none,True,True
75005,1.0,0.0003,0.5,none,True,True
75006,1.0,0.0003,0.5,none,True,True
75007,1.0,0.0003,0.5,none,True,True
75008,1.0,0.0003,0.5,none,True,True
75009,1.0,0.0003,0.5,none,True,True
75010,1.0,0.0002,0.5,none,True,True
75011,1.0,0.0002,0.5,none,True,True
75012,1.0,0.0002,0.5,none,True,True
75013,1.0,0.0002,0.5,none,True,True
75014,1.0,0.0002,0.5,none,True,True
75015,1.0,0.0002,0.5,none,True,True
75016,1.0,0.0002,0.5,none,True,True
75017,1.0,0.0002,0.5,none,True,True
75018,1.0,0.0002,0.5,none,True,True
75019,1.0,0.0001,0.5,none,True,True
75020,1.0,0.0001,0.5,none,True,True
75021,1.0,0.0001,0.5,none,True,True
75022,1.0,0.0001,0.5,none,True,True
75023,1.0,0.0001,0.5,none,True,True
75024,1.0,0.0001,0.5,none,True,True
75025,1.0,0.0001,0.5,none,True,True
75026,1.0,0.0001,0.5,none,True,True
75027,1.0,0.0001,0.5,none,True,True
75028,1.0,0.0001,0.5,none,True,True
75029,1.0,0.0001,0.5,none,True,True
75030,1.0,0.0001,0.5,none,True,True
75031,1.0,0.0001,0.5,none,True,True
75032,1.0,0.0001,0.5,none,True,True
75033,1.0,0.0001,0.5,none,True,True
75034,1.0,0.0001,0.5,none,True,True
75035,1.0,0.0001,0.5,none,True,True
75036,1.0,0.0001,0.5,none,True,True
75037,1.0,0.0,0.5,none,True,True
75038,1.0,0.0,0.5,none,True,True
75039,1.0,0.0,0.5,none,True,True
75040,1.0,0.0,0.5,none,True,True
75041,1.0,0.0,0.5,none,True,True
75042,1.0,0.0,0.5,none,True,True
75043,1.0,0.0,0.5,none,True,True
75044,1.0,0.0,0.5,none,True,True
75045,1.0,0.0,0.5,none,True,True
75046,1.0,0.0,0.5,none,True,True
75047,1.0,0.0,0.5,none,True,True
75048,1.0,0.0,0.5,none,True,True
75049,1.0,0.0,0.5,none,True,True
75050,1.0,0.0,0.5,none,True,True
75051,1.0,0.0,0.5,none,True,True
75052,1.0,0.0,0.5,none,True,True
75053,1.0,0.0,0.5,none,True,True
75054,1.0,0.0,0.5,none,True,True
75055,1.0,0.0,0.5,none,True,True
75056,1.0,0.0,0.5,none,True,True
75057,1.0,0.0,0.5,none,True,True
75058,1.0,0.0,0.5,none,True,True
75059,1.0,0.0,0.5,none,True,True
75060,1.0,0.0,0.5,none,True,True
75061,1.0,0.0,0.5,none,True,True
75062,1.0,0.0,0.5,none,True,True
75063,1.0,0.0,0.5,none,True,True
75064,1.0,0.0,0.5,none,True,True
75065,1.0,0.0,0.5,none,True,True
75066,1.0,0.0,0.5,none,True,True
75067,1.0,0.0,0.5,none,True,True
75068,1.0,0.0,0.5,none,True,True
75069,1.0,0.0,0.5,none,True,True
75070,1.0,0.0,0.5,none,True,True
75071,1.0,0.0,0.5,none,True,True
75072,1.0,0.0,0.5,none,True,True
75073,1.0,0.0,0.5,none,True,True
75074,1.0,0.0,0.5,none,True,True
75075,1.0,0.0,0.5,none,True,True
75076,1.0,0.0,0.5,none,True,True
75077,1.0,0.0,0.5,none,True,True
75078,1.0,0.0,0.5,none,True,True
75079,1.0,0.0,0.5,none,True,True
75080,1.0,0.0,0.5,none,True,True
75081,1.0,0.0,0.5,none,True,True
75082,1.0,0.0,0.5,none,True,True
75083,1.0,0.0,0.5,none,True,True
75084,1.0,0.0,0.5,none,True,True
75085,1.0,0.0,0.5,none,True,True
75086,1.0,0.0,0.5,none,True,True
75087,1.0,0.0,0.5,none,True,True
75088,1.0,0.0,0.5,none,True,True
75089,1.0,0.0,0.5,none,True,True
75090,1.0,0.0,0.5,none,True,True
75091,1.0,0.0,0.5,none,True,True
75092,1.0,0.0,0.5,none,True,True
75093,1.0,0.0,0.5,none,True,True
75094,1.0,0.0,0.5,none,True,True
75095,1.0,0.0,0.5,none,True,True
75096,1.0,0.0,0.5,none,True,True
75097,1.0,0.0,0.5,none,True,True
75098,1.0,0.0,0.5,none,True,True
75099,1.0,0.0,0.5,none,True,True
75100,1.0,0.0,0.5,none,True,True
75101,1.0,0.0,0.5,none,True,True
75102,1.0,0.0,0.5,none,True,True
75103,1.0,0.0,0.5,none,True,True
75104,1.0,0.0,0.5,none,True,True
75105,1.0,0.0,0.5,none,True,True
75106,1.0,0.0,0.5,none,True,True
75107,1.0,0.0,0.5,none,True,True
75108,1.0,0.0,0.5,none,True,True
75109,1.0,0.0,0.5,none,True,True
75110,1.0,0.0,0.5,none,True,True
75111,1.0,0.0,0.5,none,True,True
75112,1.0,0.0,0.5,none,True,True
75113,1.0,0.0,0.5,none,True,True
75114,1.0,0.0,0.5,none,True,True
75115,1.0,0.0,0.5,none,True,True
75116,1.0,0.0,0.5,none,True,True
75117,1.0,0.0,0.5,none,True,True
75118,1.0,0.0,0.5,none,True,True
75119,1.0,0.0,0.5,none,True,True
75120,1.0,0.0,0.5,none,True,True
75121,1.0,0.0,0.5,none,True,True
75122,1.0,0.0,0.5,none,True,True
75123,1.0,0.0,0.5,none,True,True
75124,1.0,0.0,0.5,none,True,True
75125,1.0,0.0,0.5,none,True,True
75126,1.0,0.0,0.5,none,True,True
75127,1.0,0.0,0.5,none,True,True
75128,1.0,0.0,0.5,none,True,True
75129,1.0,0.0,0.5,none,True,True
75130,1.0,0.0,0.5,none,True,True
75131,1.0,0.0,0.5,none,True,True
75132,1.0,0.0,0.5,none,True,True
75133,1.0,0.0,0.5,none,True,True
75134,1.0,0.0,0.5,none,True,True
75135,1.0,0.0,0.5,none,True,True
75136,1.0,0.0,0.5,none,True,True
75137,1.0,0.0,0.5,none,True,True
75138,1.0,0.0,0.5,none,True,True
75139,1.0,0.0,0.5,none,True,True
75140,1.0,0.0,0.5,none,True,True
75141,1.0,0.0,0.5,none,True,True
75142,1.0,0.0,0.5,none,True,True
75143,1.0,0.0,0.5,none,True,True
75144,1.0,0.0,0.5,none,True,True
75145,1.0,0.0,0.5,none,True,True
75146,1.0,0.0,0.5,none,True,True
75147,1.0,0.0,0.5,none,True,True
75148,1.0,0.0,0.5,none,True,True
75149,1.0,0.0,0.5,none,True,True
75150,1.0,0.0,0.5,none,True,True
75151,1.0,0.0,0.5,none,True,True
75152,1.0,0.0,0.5,none,True,True
75153,1.0,0.0,0.5,none,True,True
75154,1.0,0.0,0.5,none,True,True
75155,1.0,0.0,0.5,none,True,True
75156,1.0,0.0,0.5,none,True,True
75157,1.0,0.0,0.5,none,True,True
75158,1.0,0.0,0.5,none,True,True
75159,1.0,0.0,0.5,none,True,True
75160,1.0,0.0,0.5,none,True,True
75161,1.0,0.0,0.5,none,True,True
75162,1.0,0.0,0.5,none,True,True
75163,1.0,0.0,0.5,none,True,True
75164,1.0,0.0,0.5,none,True,True
75165,1.0,0.0,0.5,none,True,True
75166,1.0,0.0,0.5,none,True,True
75167,1.0,0.0,0.5,none,True,True
75168,1.0,0.0,0.5,none,True,True
75169,1.0,0.0,0.5,none,True,True
75170,1.0,0.0,0.5,none,True,True
75171,1.0,0.0,0.5,none,True,True
75172,1.0,0.0,0.5,none,True,True
75173,1.0,0.0,0.5,none,True,True
75174,1.0,0.0,0.5,none,True,True
75175,1.0,0.0,0.5,none,True,True
75176,1.0,0.0,0.5,none,True,True
75177,1.0,0.0,0.5,none,True,True
75178,1.0,0.0,0.5,none,True,True
75179,1.0,0.0,0.5,none,True,True
75180,1.0,0.0,0.5,none,True,True
75181,1.0,0.0,0.5,none,True,True
75182,1.0,0.0,0.5,none,True,True
75183,1.0,0.0,0.5,none,True,True
75184,1.0,0.0,0.5,none,True,True
75185,1.0,0.0,0.5,none,True,True
75186,1.0,0.0,0.5,none,True,True
75187,1.0,0.0,0.5,none,True,True
75188,1.0,0.0,0.5,none,True,True
75189,1.0,0.0,0.5,none,True,True
75190,1.0,0.0,0.5,none,True,True
75191,1.0,0.0,0.5,none,True,True
75192,1.0,0.0,0.5,none,True,True
75193,1.0,0.0,0.5,none,True,True
75194,1.0,0.0,0.5,none,True,True
75195,1.0,0.0,0.5,none,True,True
75196,1.0,0.0,0.5,none,True,True
75197,1.0,0.0,0.5,none,True,True
75198,1.0,0.0,0.5,none,True,True
75199,1.0,0.0,0.5,none,True,True
75200,1.0,0.0,0.5,none,True,True
75201,1.0,0.0,0.5,none,True,True
75202,1.0,0.0,0.5,none,True,True
75203,1.0,0.0,0.5,none,True,True
75204,1.0,0.0,0.5,none,True,True
75205,1.0,0.0,0.5,none,True,True
75206,1.0,0.0,0.5,none,True,True
75207,1.0,0.0,0.5,none,True,True
75208,1.0,0.0,0.5,none,True,True
75209,1.0,0.0,0.5,none,True,True
75210,1.0,0.0,0.5,none,True,True
75211,1.0,0.0,0.5,none,True,True
75212,1.0,0.0,0.5,none,True,True
75213,1.0,0.0,0.5,none,True,True
75214,1.0,0.0,0.5,none,True,True
75215,1.0,0.0,0.5,none,True,True
75216,1.0,0.0,0.5,none,True,True
75217,1.0,0.0,0.5,none,True,True
75218,1.0,0.0,0.5,none,True,True
75219,1.0,0.0,0.5,none,True,True
75220,1.0,0.0,0.5,none,True,True
75221,1.0,0.0,0.5,none,True,True
75222,1.0,0.0,0.5,none,True,True
75223,1.0,0.0,0.5,none,True,True
75224,1.0,0.0,0.5,none,True,True
75225,1.0,0.0,0.5,none,True,True
75226,1.0,0.0,0.5,none,True,True
75227,1.0,0.0,0.5,none,True,True
75228,1.0,0.0,0.5,none,True,True
75229,1.0,0.0,0.5,none,True,True
75230,1.0,0.0,0.5,none,True,True
75231,1.0,0.0,0.5,none,True,True
75232,1.0,0.0,0.5,none,True,True
75233,1.0,0.0,0.5,none,True,True
75234,1.0,0.0,0.5,none,True,True
75235,1.0,0.0,0.5,none,True,True
75236,1.0,0.0,0.5,none,True,True
75237,1.0,0.0,0.5,none,True,True
75238,1.0,0.0,0.5,none,True,True
75239,1.0,0.0,0.5,none,True,True
75240,1.0,0.0,0.5,none,True,True
75241,1.0,0.0,0.5,none,True,True
75242,1.0,0.0,0.5,none,True,True
75243,1.0,0.0,0.5,none,True,True
75244,1.0,0.0,0.5,none,True,True
75245,1.0,0.0,0.5,none,True,True
75246,1.0,0.0,0.5,none,True,True
75247,1.0,0.0,0.5,none,True,True
75248,1.0,0.0,0.5,none,True,True
75249,1.0,0.0,0.5,none,True,True
75250,1.0,0.0,0.5,none,True,True
75251,1.0,0.0,0.5,none,True,True
75252,1.0,0.0,0.5,none,True,True
75253,1.0,0.0,0.5,none,True,True
75254,1.0,0.0,0.5,none,True,True
75255,1.0,0.0,0.5,none,True,True
75256,1.0,0.0,0.5,none,True,True
75257,1.0,0.0,0.5,none,True,True
75258,1.0,0.0,0.5,none,True,True
75259,1.0,0.0,0.5,none,True,True
75260,1.0,0.0,0.5,none,True,True
75261,1.0,0.0,0.5,none,True,True
75262,1.0,0.0,0.5,none,True,True
75263,1.0,0.0,0.5,none,True,True
75264,1.0,0.0,0.5,none,True,True
75265,1.0,0.0,0.5,none,True,True
75266,1.0,0.0,0.5,none,True,True
75267,1.0,0.0,0.5,none,True,True
75268,1.0,0.0,0.5,none,True,True
75269,1.0,0.0,0.5,none,True,True
75270,1.0,0.0,0.5,none,True,True
75271,1.0,0.0,0.5,none,True,True
75272,1.0,0.0,0.5,none,True,True
75273,1.0,0.0,0.5,none,True,True
75274,1.0,0.0,0.5,none,True,True
75275,1.0,0.0,0.5,none,True,True
75276,1.0,0.0,0.5,none,True,True
75277,1.0,0.0,0.5,none,True,True
75278,1.0,0.0,0.5,none,True,True
75279,1.0,0.0,0.5,none,True,True
75280,1.0,0.0,0.5,none,True,True
75281,1.0,0.0,0.5,none,True,True
75282,1.0,0.0,0.5,none,True,True
75283,1.0,0.0,0.5,none,True,True
75284,1.0,0.0,0.5,none,True,True
75285,1.0,0.0,0.5,none,True,True
75286,1.0,0.0,0.5,none,True,True
75287,1.0,0.0,0.5,none,True,True
75288,1.0,0.0,0.5,none,True,True
75289,1.0,0.0,0.5,none,True,True
75290,1.0,0.0,0.5,none,True,True
75291,1.0,0.0,0.5,none,True,True
75292,1.0,0.0,0.5,none,True,True
75293,1.0,0.0,0.5,none,True,True
75294,1.0,0.0,0.5,none,True,True
75295,1.0,0.0,0.5,none,True,True
75296,1.0,0.0,0.5,none,True,True
75297,1.0,0.0,0.5,none,True,True
75298,1.0,0.0,0.5,none,True,True
75299,1.0,0.0,0.5,none,True,True
75300,1.0,0.0,0.5,none,True,True
75301,1.0,0.0,0.5,none,True,True
75302,1.0,0.0,0.5,none,True,True
75303,1.0,0.0,0.5,none,True,True
75304,1.0,0.0,0.5,none,True,True
75305,1.0,0.0,0.5,none,True,True
75306,1.0,0.0,0.5,none,True,True
75307,1.0,0.0,0.5,none,True,True
75308,1.0,0.0,0.5,none,True,True
75309,1.0,0.0,0.5,none,True,True
75310,1.0,0.0,0.5,none,True,True
75311,1.0,0.0,0.5,none,True,True
75312,1.0,0.0,0.5,none,True,True
75313,1.0,0.0,0.5,none,True,True
75314,1.0,0.0,0.5,none,True,True
75315,1.0,0.0,0.5,none,True,True
75316,1.0,0.0,0.5,none,True,True
75317,1.0,0.0,0.5,none,True,True
75318,1.0,0.0,0.5,none,True,True
75319,1.0,0.0,0.5,none,True,True
75320,1.0,0.0,0.5,none,True,True
75321,1.0,0.0,0.5,none,True,True
75322,1.0,0.0,0.5,none,True,True
75323,1.0,0.0,0.5,none,True,True
75324,1.0,0.0,0.5,none,True,True
75325,1.0,0.0,0.5,none,True,True
75326,1.0,0.0,0.5,none,True,True
75327,1.0,0.0,0.5,none,True,True
75328,1.0,0.0,0.5,none,True,True
75329,1.0,0.0,0.5,none,True,True
75330,1.0,0.0,0.5,none,True,True
75331,1.0,0.0,0.5,none,True,True
75332,1.0,0.0,0.5,none,True,True
75333,1.0,0.0,0.5,none,True,True
75334,1.0,0.0,0.5,none,True,True
75335,1.0,0.0,0.5,none,True,True
75336,1.0,0.0,0.5,none,True,True
75337,1.0,0.0,0.5,none,True,True
75338,1.0,0.0,0.5,none,True,True
75339,1.0,0.0,0.5,none,True,True
75340,1.0,0.0,0.5,none,True,True
75341,1.0,0.0,0.5,none,True,True
75342,1.0,0.0,0.5,none,True,True
75343,1.0,0.0,0.5,none,True,True
75344,1.0,0.0,0.5,none,True,True
75345,1.0,0.0,0.5,none,True,True
75346,1.0,0.0,0.5,none,True,True
75347,1.0,0.0,0.5,none,True,True
75348,1.0,0.0,0.5,none,True,True
75349,1.0,0.0,0.5,none,True,True
75350,1.0,0.0,0.5,none,True,True
75351,1.0,0.0,0.5,none,True,True
75352,1.0,0.0,0.5,none,True,True
75353,1.0,0.0,0.5,none,True,True
75354,1.0,0.0,0.5,none,True,True
75355,1.0,0.0,0.5,none,True,True
75356,1.0,0.0,0.5,none,True,True
75357,1.0,0.0,0.5,none,True,True
75358,1.0,0.0,0.5,none,True,True
75359,1.0,0.0,0.5,none,True,True
75360,1.0,0.0,0.5,none,True,True
75361,1.0,0.0,0.5,none,True,True
75362,1.0,0.0,0.5,none,True,True
75363,1.0,0.0,0.5,none,True,True
75364,1.0,0.0,0.5,none,True,True
75365,1.0,0.0,0.5,none,True,True
75366,1.0,0.0,0.5,none,True,True
75367,1.0,0.0,0.5,none,True,True
75368,1.0,0.0,0.5,none,True,True
75369,1.0,0.0,0.5,none,True,True
75370,1.0,0.0,0.5,none,True,True
75371,1.0,0.0,0.5,none,True,True
75372,1.0,0.0,0.5,none,True,True
75373,1.0,0.0,0.5,none,True,True
75374,1.0,0.0,0.5,none,True,True
75375,1.0,0.0,0.5,none,True,True
75376,1.0,0.0,0.5,none,True,True
75377,1.0,0.0,0.5,none,True,True
75378,1.0,0.0,0.5,none,True,True
75379,1.0,0.0,0.5,none,True,True
75380,1.0,0.0,0.5,none,True,True
75381,1.0,0.0,0.5,none,True,True
75382,1.0,0.0,0.5,none,True,True
75383,1.0,0.0,0.5,none,True,True
75384,1.0,0.0,0.5,none,True,True
75385,1.0,0.0,0.5,none,True,True
75386,1.0,0.0,0.5,none,True,True
75387,1.0,0.0,0.5,none,True,True
75388,1.0,0.0,0.5,none,True,True
75389,1.0,0.0,0.5,none,True,True
75390,1.0,0.0,0.5,none,True,True
75391,1.0,0.0,0.5,none,True,True
75392,1.0,0.0,0.5,none,True,True
75393,1.0,0.0,0.5,none,True,True
75394,1.0,0.0,0.5,none,True,True
75395,1.0,0.0,0.5,none,True,True
75396,1.0,0.0,0.5,none,True,True
75397,1.0,0.0,0.5,none,True,True
75398,1.0,0.0,0.5,none,True,True
75399,1.0,0.0,0.5,none,True,True
75400,1.0,0.0,0.5,none,True,True
75401,1.0,0.0,0.5,none,True,True
75402,1.0,0.0,0.5,none,True,True
75403,1.0,0.0,0.5,none,True,True
75404,1.0,0.0,0.5,none,True,True
75405,1.0,0.0,0.5,none,True,True
75406,1.0,0.0,0.5,none,True,True
75407,1.0,0.0,0.5,none,True,True
75408,1.0,0.0,0.5,none,True,True
75409,1.0,0.0,0.5,none,True,True
75410,1.0,0.0,0.5,none,True,True
75411,1.0,0.0,0.5,none,True,True
75412,1.0,0.0,0.5,none,True,True
75413,1.0,0.0,0.5,none,True,True
75414,1.0,0.0,0.5,none,True,True
75415,1.0,0.0,0.5,none,True,True
75416,1.0,0.0,0.5,none,True,True
75417,1.0,0.0,0.5,none,True,True
75418,1.0,0.0,0.5,none,True,True
75419,1.0,0.0,0.5,none,True,True
75420,1.0,0.0,0.5,none,True,True
75421,1.0,0.0,0.5,none,True,True
75422,1.0,0.0,0.5,none,True,True
75423,1.0,0.0,0.5,none,True,True
75424,1.0,0.0,0.5,none,True,True
75425,1.0,0.0,0.5,none,True,True
75426,1.0,0.0,0.5,none,True,True
75427,1.0,0.0,0.5,none,True,True
75428,1.0,0.0,0.5,none,True,True
75429,1.0,0.0,0.5,none,True,True
75430,1.0,0.0,0.5,none,True,True
75431,1.0,0.0,0.5,none,True,True
75432,1.0,0.0,0.5,none,True,True
75433,1.0,0.0,0.5,none,True,True
75434,1.0,0.0,0.5,none,True,True
75435,1.0,0.0,0.5,none,True,True
75436,1.0,0.0,0.5,none,True,True
75437,1.0,0.0,0.5,none,True,True
75438,1.0,0.0,0.5,none,True,True
75439,1.0,0.0,0.5,none,True,True
75440,1.0,0.0,0.5,none,True,True
75441,1.0,0.0,0.5,none,True,True
75442,1.0,0.0,0.5,none,True,True
75443,1.0,0.0,0.5,none,True,True
75444,1.0,0.0,0.5,none,True,True
75445,1.0,0.0,0.5,none,True,True
75446,1.0,0.0,0.5,none,True,True
75447,1.0,0.0,0.5,none,True,True
75448,1.0,0.0,0.5,none,True,True
75449,1.0,0.0,0.5,none,True,True
75450,1.0,0.0,0.5,none,True,True
75451,1.0,0.0,0.5,none,True,True
75452,1.0,0.0,0.5,none,True,True
75453,1.0,0.0,0.5,none,True,True
75454,1.0,0.0,0.5,none,True,True
75455,1.0,0.0,0.5,none,True,True
75456,1.0,0.0,0.5,none,True,True
75457,1.0,0.0,0.5,none,True,True
75458,1.0,0.0,0.5,none,True,True
75459,1.0,0.0,0.5,none,True,True
75460,1.0,0.0,0.5,none,True,True
75461,1.0,0.0,0.5,none,True,True
75462,1.0,0.0,0.5,none,True,True
75463,1.0,0.0,0.5,none,True,True
75464,1.0,0.0,0.5,none,True,True
75465,1.0,0.0,0.5,none,True,True
75466,1.0,0.0,0.5,none,True,True
75467,1.0,0.0,0.5,none,True,True
75468,1.0,0.0,0.5,none,True,True
75469,1.0,0.0,0.5,none,True,True
75470,1.0,0.0,0.5,none,True,True
75471,1.0,0.0,0.5,none,True,True
75472,1.0,0.0,0.5,none,True,True
75473,1.0,0.0,0.5,none,True,True
75474,1.0,0.0,0.5,none,True,True
75475,1.0,0.0,0.5,none,True,True
75476,1.0,0.0,0.5,none,True,True
75477,1.0,0.0,0.5,none,True,True
75478,1.0,0.0,0.5,none,True,True
75479,1.0,0.0,0.5,none,True,True
75480,1.0,0.0,0.5,none,True,True
75481,1.0,0.0,0.5,none,True,True
75482,1.0,0.0,0.5,none,True,True
75483,1.0,0.0,0.5,none,True,True
75484,1.0,0.0,0.5,none,True,True
75485,1.0,0.0,0.5,none,True,True
75486,1.0,0.0,0.5,none,True,True
75487,1.0,0.0,0.5,none,True,True
75488,1.0,0.0,0.5,none,True,True
75489,1.0,0.0,0.5,none,True,True
75490,1.0,0.0,0.5,none,True,True
75491,1.0,0.0,0.5,none,True,True
75492,1.0,0.0,0.5,none,True,True
75493,1.0,0.0,0.5,none,True,True
75494,1.0,0.0,0.5,none,True,True
75495,1.0,0.0,0.5,none,True,True
75496,1.0,0.0,0.5,none,True,True
75497,1.0,0.0,0.5,none,True,True
75498,1.0,0.0,0.5,none,True,True
75499,1.0,0.0,0.5,none,True,True
75500,1.0,0.0,0.5,none,True,True
75501,1.0,0.0,0.5,none,True,True
75502,1.0,0.0,0.5,none,True,True
75503,1.0,0.0,0.5,none,True,True
75504,1.0,0.0,0.5,none,True,True
75505,1.0,0.0,0.5,none,True,True
75506,1.0,0.0,0.5,none,True,True
75507,1.0,0.0,0.5,none,True,True
75508,1.0,0.0,0.5,none,True,True
75509,1.0,0.0,0.5,none,True,True
75510,1.0,0.0,0.5,none,True,True
75511,1.0,0.0,0.5,none,True,True
75512,1.0,0.0,0.5,none,True,True
75513,1.0,0.0,0.5,none,True,True
75514,1.0,0.0,0.5,none,True,True
75515,1.0,0.0,0.5,none,True,True
75516,1.0,0.0,0.5,none,True,True
75517,1.0,0.0,0.5,none,True,True
75518,1.0,0.0,0.5,none,True,True
75519,1.0,0.0,0.5,none,True,True
75520,1.0,0.0,0.5,none,True,True
75521,1.0,0.0,0.5,none,True,True
75522,1.0,0.0,0.5,none,True,True
75523,1.0,0.0,0.5,none,True,True
75524,1.0,0.0,0.5,none,True,True
75525,1.0,0.0,0.5,none,True,True
75526,1.0,0.0,0.5,none,True,True
75527,1.0,0.0,0.5,none,True,True
75528,1.0,0.0,0.5,none,True,True
75529,1.0,0.0,0.5,none,True,True
75530,1.0,0.0,0.5,none,True,True
75531,1.0,0.0,0.5,none,True,True
75532,1.0,0.0,0.5,none,True,True
75533,1.0,0.0,0.5,none,True,True
75534,1.0,0.0,0.5,none,True,True
75535,1.0,0.0,0.5,none,True,True
75536,1.0,0.0,0.5,none,True,True
75537,1.0,0.0,0.5,none,True,True
75538,1.0,0.0,0.5,none,True,True
75539,1.0,0.0,0.5,none,True,True
75540,1.0,0.0,0.5,none,True,True
75541,1.0,0.0,0.5,none,True,True
75542,1.0,0.0,0.5,none,True,True
75543,1.0,0.0,0.5,none,True,True
75544,1.0,0.0,0.5,none,True,True
75545,1.0,0.0,0.5,none,True,True
75546,1.0,0.0,0.5,none,True,True
75547,1.0,0.0,0.5,none,True,True
75548,1.0,0.0,0.5,none,True,True
75549,1.0,0.0,0.5,none,True,True
75550,1.0,0.0,0.5,none,True,True
75551,1.0,0.0,0.5,none,True,True
75552,1.0,0.0,0.5,none,True,True
75553,1.0,0.0,0.5,none,True,True
75554,1.0,0.0,0.5,none,True,True
75555,1.0,0.0,0.5,none,True,True
75556,1.0,0.0,0.5,none,True,True
75557,1.0,0.0,0.5,none,True,True
75558,1.0,0.0,0.5,none,True,True
75559,1.0,0.0,0.5,none,True,True
75560,1.0,0.0,0.5,none,True,True
75561,1.0,0.0,0.5,none,True,True
75562,1.0,0.0,0.5,none,True,True
75563,1.0,0.0,0.5,none,True,True
75564,1.0,0.0,0.5,none,True,True
75565,1.0,0.0,0.5,none,True,True
75566,1.0,0.0,0.5,none,True,True
75567,1.0,0.0,0.5,none,True,True
75568,1.0,0.0,0.5,none,True,True
75569,1.0,0.0,0.5,none,True,True
75570,1.0,0.0,0.5,none,True,True
75571,1.0,0.0,0.5,none,True,True
75572,1.0,0.0,0.5,none,True,True
75573,1.0,0.0,0.5,none,True,True
75574,1.0,0.0,0.5,none,True,True
75575,1.0,0.0,0.5,none,True,True
75576,1.0,0.0,0.5,none,True,True
75577,1.0,0.0,0.5,none,True,True
75578,1.0,0.0,0.5,none,True,True
75579,1.0,0.0,0.5,none,True,True
75580,1.0,0.0,0.5,none,True,True
75581,1.0,0.0,0.5,none,True,True
75582,1.0,0.0,0.5,none,True,True
75583,1.0,0.0,0.5,none,True,True
75584,1.0,0.0,0.5,none,True,True
75585,1.0,0.0,0.5,none,True,True
75586,1.0,0.0,0.5,none,True,True
75587,1.0,0.0,0.5,none,True,True
75588,1.0,0.0,0.5,none,True,True
75589,1.0,0.0,0.5,none,True,True
75590,1.0,0.0,0.5,none,True,True
75591,1.0,0.0,0.5,none,True,True
75592,1.0,0.0,0.5,none,True,True
75593,1.0,0.0,0.5,none,True,True
75594,1.0,0.0,0.5,none,True,True
75595,1.0,0.0,0.5,none,True,True
75596,1.0,0.0,0.5,none,True,True
75597,1.0,0.0,0.5,none,True,True
75598,1.0,0.0,0.5,none,True,True
75599,1.0,0.0,0.5,none,True,True
75600,1.0,0.0061,0.5,none,True,True
75601,1.0,0.0357,0.5,none,True,True
75602,1.0,0.0812,0.5,none,True,True
75603,1.0,0.1113,0.5,none,True,True
75604,1.0,0.1253,0.5,none,True,True
75605,1.0,0.1408,0.5,none,True,True
75606,1.0,0.0907,0.5,none,True,True
75607,1.0,0.1198,0.5,none,True,True
75608,1.0,0.0467,0.5,none,True,True
75609,1.0,0.0522,0.5,none,True,True
75610,1.0,0.0405,0.5,none,True,True
75611,1.0,0.0313,0.5,none,True,True
75612,1.0,0.0083,0.5,none,True,True
75613,1.0,0.0726,0.5,none,True,True
75614,1.0,0.0793,0.5,none,True,True
75615,1.0,0.0581,0.5,none,True,True
75616,1.0,0.0955,0.5,none,True,True
75617,1.0,0.0839,0.5,none,True,True
75618,1.0,0.0648,0.5,none,True,True
75619,1.0,0.0718,0.5,none,True,True
75620,1.0,0.0589,0.5,none,True,True
75621,1.0,0.0403,0.5,none,True,True
75622,1.0,0.0327,0.5,none,True,True
75623,1.0,0.0277,0.5,none,True,True
75624,1.0,0.017,0.5,none,True,True
75625,1.0,0.0102,0.5,none,True,True
75626,1.0,0.0099,0.5,none,True,True
75627,1.0,0.008,0.5,none,True,True
75628,1.0,0.005,0.5,none,True,True
75629,1.0,0.0063,0.5,none,True,True
75630,1.0,0.009,0.5,none,True,True
75631,1.0,0.0096,0.5,none,True,True
75632,1.0,0.0108,0.5,none,True,True
75633,1.0,0.014,0.5,none,True,True
75634,1.0,0.0161,0.5,none,True,True
75635,1.0,0.0167,0.5,none,True,True
75636,1.0,0.0182,0.5,none,True,True
75637,1.0,0.0196,0.5,none,True,True
75638,1.0,0.0197,0.5,none,True,True
75639,1.0,0.0193,0.5,none,True,True
75640,1.0,0.0193,0.5,none,True,True
75641,1.0,0.0187,0.5,none,True,True
75642,1.0,0.0174,0.5,none,True,True
75643,1.0,0.0163,0.5,none,True,True
75644,1.0,0.0152,0.5,none,True,True
75645,1.0,0.0138,0.5,none,True,True
75646,1.0,0.0123,0.5,none,True,True
75647,1.0,0.0111,0.5,none,True,True
75648,1.0,0.01,0.5,none,True,True
75649,1.0,0.0088,0.5,none,True,True
75650,1.0,0.0078,0.5,none,True,True
75651,1.0,0.0071,0.5,none,True,True
75652,1.0,0.0064,0.5,none,True,True
75653,1.0,0.0057,0.5,none,True,True
75654,1.0,0.0053,0.5,none,True,True
75655,1.0,0.005,0.5,none,True,True
75656,1.0,0.0047,0.5,none,True,True
75657,1.0,0.0045,0.5,none,True,True
75658,1.0,0.0044,0.5,none,True,True
75659,1.0,0.0043,0.5,none,True,True
75660,1.0,0.0042,0.5,none,True,True
75661,1.0,0.0041,0.5,none,True,True
75662,1.0,0.004,0.5,none,True,True
75663,1.0,0.0039,0.5,none,True,True
75664,1.0,0.0038,0.5,none,True,True
75665,1.0,0.0037,0.5,none,True,True
75666,1.0,0.0035,0.5,none,True,True
75667,1.0,0.0033,0.5,none,True,True
75668,1.0,0.0032,0.5,none,True,True
75669,1.0,0.003,0.5,none,True,True
75670,1.0,0.0028,0.5,none,True,True
75671,1.0,0.0026,0.5,none,True,True
75672,1.0,0.0024,0.5,none,True,True
75673,1.0,0.0023,0.5,none,True,True
75674,1.0,0.0021,0.5,none,True,True
75675,1.0,0.0019,0.5,none,True,True
75676,1.0,0.0018,0.5,none,True,True
75677,1.0,0.0017,0.5,none,True,True
75678,1.0,0.0015,0.5,none,True,True
75679,1.0,0.0014,0.5,none,True,True
75680,1.0,0.0013,0.5,none,True,True
75681,1.0,0.0013,0.5,none,True,True
75682,1.0,0.0012,0.5,none,True,True
75683,1.0,0.0011,0.5,none,True,True
75684,1.0,0.0011,0.5,none,True,True
75685,1.0,0.001,0.5,none,True,True
75686,1.0,0.001,0.5,none,True,True
75687,1.0,0.0009,0.5,none,True,True
75688,1.0,0.0009,0.5,none,True,True
75689,1.0,0.0008,0.5,none,True,True
75690,1.0,0.0008,0.5,none,True,True
75691,1.0,0.0008,0.5,none,True,True
75692,1.0,0.0007,0.5,none,True,True
75693,1.0,0.0007,0.5,none,True,True
75694,1.0,0.0006,0.5,none,True,True
75695,1.0,0.0006,0.5,none,True,True
75696,1.0,0.0006,0.5,none,True,True
75697,1.0,0.0005,0.5,none,True,True
75698,1.0,0.0005,0.5,none,True,True
75699,1.0,0.0005,0.5,none,True,True
75700,1.0,0.0004,0.5,none,True,True
75701,1.0,0.0004,0.5,none,True,True
75702,1.0,0.0004,0.5,none,True,True
75703,1.0,0.0004,0.5,none,True,True
75704,1.0,0.0003,0.5,none,True,True
75705,1.0,0.0003,0.5,none,True,True
75706,1.0,0.0003,0.5,none,True,True
75707,1.0,0.0003,0.5,none,True,True
75708,1.0,0.0003,0.5,none,True,True
75709,1.0,0.0003,0.5,none,True,True
75710,1.0,0.0002,0.5,none,True,True
75711,1.0,0.0002,0.5,none,True,True
75712,1.0,0.0002,0.5,none,True,True
75713,1.0,0.0002,0.5,none,True,True
75714,1.0,0.0002,0.5,none,True,True
75715,1.0,0.0002,0.5,none,True,True
75716,1.0,0.0002,0.5,none,True,True
75717,1.0,0.0002,0.5,none,True,True
75718,1.0,0.0002,0.5,none,True,True
75719,1.0,0.0001,0.5,none,True,True
75720,1.0,0.0001,0.5,none,True,True
75721,1.0,0.0001,0.5,none,True,True
75722,1.0,0.0001,0.5,none,True,True
75723,1.0,0.0001,0.5,none,True,True
75724,1.0,0.0001,0.5,none,True,True
75725,1.0,0.0001,0.5,none,True,True
75726,1.0,0.0001,0.5,none,True,True
75727,1.0,0.0001,0.5,none,True,True
75728,1.0,0.0001,0.5,none,True,True
75729,1.0,0.0001,0.5,none,True,True
75730,1.0,0.0001,0.5,none,True,True
75731,1.0,0.0001,0.5,none,True,True
75732,1.0,0.0001,0.5,none,True,True
75733,1.0,0.0001,0.5,none,True,True
75734,1.0,0.0001,0.5,none,True,True
75735,1.0,0.0001,0.5,none,True,True
75736,1.0,0.0001,0.5,none,True,True
75737,1.0,0.0,0.5,none,True,True
75738,1.0,0.0,0.5,none,True,True
75739,1.0,0.0,0.5,none,True,True
75740,1.0,0.0,0.5,none,True,True
75741,1.0,0.0,0.5,none,True,True
75742,1.0,0.0,0.5,none,True,True
75743,1.0,0.0,0.5,none,True,True
75744,1.0,0.0,0.5,none,True,True
75745,1.0,0.0,0.5,none,True,True
75746,1.0,0.0,0.5,none,True,True
75747,1.0,0.0,0.5,none,True,True
75748,1.0,0.0,0.5,none,True,True
75749,1.0,0.0,0.5,none,True,True
75750,1.0,0.0,0.5,none,True,True
75751,1.0,0.0,0.5,none,True,True
75752,1.0,0.0,0.5,none,True,True
75753,1.0,0.0,0.5,none,True,True
75754,1.0,0.0,0.5,none,True,True
75755,1.0,0.0,0.5,none,True,True
75756,1.0,0.0,0.5,none,True,True
75757,1.0,0.0,0.5,none,True,True
75758,1.0,0.0,0.5,none,True,True
75759,1.0,0.0,0.5,none,True,True
75760,1.0,0.0,0.5,none,True,True
75761,1.0,0.0,0.5,none,True,True
75762,1.0,0.0,0.5,none,True,True
75763,1.0,0.0,0.5,none,True,True
75764,1.0,0.0,0.5,none,True,True
75765,1.0,0.0,0.5,none,True,True
75766,1.0,0.0,0.5,none,True,True
75767,1.0,0.0,0.5,none,True,True
75768,1.0,0.0,0.5,none,True,True
75769,1.0,0.0,0.5,none,True,True
75770,1.0,0.0,0.5,none,True,True
75771,1.0,0.0,0.5,none,True,True
75772,1.0,0.0,0.5,none,True,True
75773,1.0,0.0,0.5,none,True,True
75774,1.0,0.0,0.5,none,True,True
75775,1.0,0.0,0.5,none,True,True
75776,1.0,0.0,0.5,none,True,True
75777,1.0,0.0,0.5,none,True,True
75778,1.0,0.0,0.5,none,True,True
75779,1.0,0.0,0.5,none,True,True
75780,1.0,0.0,0.5,none,True,True
75781,1.0,0.0,0.5,none,True,True
75782,1.0,0.0,0.5,none,True,True
75783,1.0,0.0,0.5,none,True,True
75784,1.0,0.0,0.5,none,True,True
75785,1.0,0.0,0.5,none,True,True
75786,1.0,0.0,0.5,none,True,True
75787,1.0,0.0,0.5,none,True,True
75788,1.0,0.0,0.5,none,True,True
75789,1.0,0.0,0.5,none,True,True
75790,1.0,0.0,0.5,none,True,True
75791,1.0,0.0,0.5,none,True,True
75792,1.0,0.0,0.5,none,True,True
75793,1.0,0.0,0.5,none,True,True
75794,1.0,0.0,0.5,none,True,True
75795,1.0,0.0,0.5,none,True,True
75796,1.0,0.0,0.5,none,True,True
75797,1.0,0.0,0.5,none,True,True
75798,1.0,0.0,0.5,none,True,True
75799,1.0,0.0,0.5,none,True,True
75800,1.0,0.0,0.5,none,True,True
75801,1.0,0.0,0.5,none,True,True
75802,1.0,0.0,0.5,none,True,True
75803,1.0,0.0,0.5,none,True,True
75804,1.0,0.0,0.5,none,True,True
75805,1.0,0.0,0.5,none,True,True
75806,1.0,0.0,0.5,none,True,True
75807,1.0,0.0,0.5,none,True,True
75808,1.0,0.0,0.5,none,True,True
75809,1.0,0.0,0.5,none,True,True
75810,1.0,0.0,0.5,none,True,True
75811,1.0,0.0,0.5,none,True,True
75812,1.0,0.0,0.5,none,True,True
75813,1.0,0.0,0.5,none,True,True
75814,1.0,0.0,0.5,none,True,True
75815,1.0,0.0,0.5,none,True,True
75816,1.0,0.0,0.5,none,True,True
75817,1.0,0.0,0.5,none,True,True
75818,1.0,0.0,0.5,none,True,True
75819,1.0,0.0,0.5,none,True,True
75820,1.0,0.0,0.5,none,True,True
75821,1.0,0.0,0.5,none,True,True
75822,1.0,0.0,0.5,none,True,True
75823,1.0,0.0,0.5,none,True,True
75824,1.0,0.0,0.5,none,True,True
75825,1.0,0.0,0.5,none,True,True
75826,1.0,0.0,0.5,none,True,True
75827,1.0,0.0,0.5,none,True,True
75828,1.0,0.0,0.5,none,True,True
75829,1.0,0.0,0.5,none,True,True
75830,1.0,0.0,0.5,none,True,True
75831,1.0,0.0,0.5,none,True,True
75832,1.0,0.0,0.5,none,True,True
75833,1.0,0.0,0.5,none,True,True
75834,1.0,0.0,0.5,none,True,True
75835,1.0,0.0,0.5,none,True,True
75836,1.0,0.0,0.5,none,True,True
75837,1.0,0.0,0.5,none,True,True
75838,1.0,0.0,0.5,none,True,True
75839,1.0,0.0,0.5,none,True,True
75840,1.0,0.0,0.5,none,True,True
75841,1.0,0.0,0.5,none,True,True
75842,1.0,0.0,0.5,none,True,True
75843,1.0,0.0,0.5,none,True,True
75844,1.0,0.0,0.5,none,True,True
75845,1.0,0.0,0.5,none,True,True
75846,1.0,0.0,0.5,none,True,True
75847,1.0,0.0,0.5,none,True,True
75848,1.0,0.0,0.5,none,True,True
75849,1.0,0.0,0.5,none,True,True
75850,1.0,0.0,0.5,none,True,True
75851,1.0,0.0,0.5,none,True,True
75852,1.0,0.0,0.5,none,True,True
75853,1.0,0.0,0.5,none,True,True
75854,1.0,0.0,0.5,none,True,True
75855,1.0,0.0,0.5,none,True,True
75856,1.0,0.0,0.5,none,True,True
75857,1.0,0.0,0.5,none,True,True
75858,1.0,0.0,0.5,none,True,True
75859,1.0,0.0,0.5,none,True,True
75860,1.0,0.0,0.5,none,True,True
75861,1.0,0.0,0.5,none,True,True
75862,1.0,0.0,0.5,none,True,True
75863,1.0,0.0,0.5,none,True,True
75864,1.0,0.0,0.5,none,True,True
75865,1.0,0.0,0.5,none,True,True
75866,1.0,0.0,0.5,none,True,True
75867,1.0,0.0,0.5,none,True,True
75868,1.0,0.0,0.5,none,True,True
75869,1.0,0.0,0.5,none,True,True
75870,1.0,0.0,0.5,none,True,True
75871,1.0,0.0,0.5,none,True,True
75872,1.0,0.0,0.5,none,True,True
75873,1.0,0.0,0.5,none,True,True
75874,1.0,0.0,0.5,none,True,True
75875,1.0,0.0,0.5,none,True,True
75876,1.0,0.0,0.5,none,True,True
75877,1.0,0.0,0.5,none,True,True
75878,1.0,0.0,0.5,none,True,True
75879,1.0,0.0,0.5,none,True,True
75880,1.0,0.0,0.5,none,True,True
75881,1.0,0.0,0.5,none,True,True
75882,1.0,0.0,0.5,none,True,True
75883,1.0,0.0,0.5,none,True,True
75884,1.0,0.0,0.5,none,True,True
75885,1.0,0.0,0.5,none,True,True
75886,1.0,0.0,0.5,none,True,True
75887,1.0,0.0,0.5,none,True,True
75888,1.0,0.0,0.5,none,True,True
75889,1.0,0.0,0.5,none,True,True
75890,1.0,0.0,0.5,none,True,True
75891,1.0,0.0,0.5,none,True,True
75892,1.0,0.0,0.5,none,True,True
75893,1.0,0.0,0.5,none,True,True
75894,1.0,0.0,0.5,none,True,True
75895,1.0,0.0,0.5,none,True,True
75896,1.0,0.0,0.5,none,True,True
75897,1.0,0.0,0.5,none,True,True
75898,1.0,0.0,0.5,none,True,True
75899,1.0,0.0,0.5,none,True,True
75900,1.0,0.0,0.5,none,True,True
75901,1.0,0.0,0.5,none,True,True
75902,1.0,0.0,0.5,none,True,True
75903,1.0,0.0,0.5,none,True,True
75904,1.0,0.0,0.5,none,True,True
75905,1.0,0.0,0.5,none,True,True
75906,1.0,0.0,0.5,none,True,True
75907,1.0,0.0,0.5,none,True,True
75908,1.0,0.0,0.5,none,True,True
75909,1.0,0.0,0.5,none,True,True
75910,1.0,0.0,0.5,none,True,True
75911,1.0,0.0,0.5,none,True,True
75912,1.0,0.0,0.5,none,True,True
75913,1.0,0.0,0.5,none,True,True
75914,1.0,0.0,0.5,none,True,True
75915,1.0,0.0,0.5,none,True,True
75916,1.0,0.0,0.5,none,True,True
75917,1.0,0.0,0.5,none,True,True
75918,1.0,0.0,0.5,none,True,True
75919,1.0,0.0,0.5,none,True,True
75920,1.0,0.0,0.5,none,True,True
75921,1.0,0.0,0.5,none,True,True
75922,1.0,0.0,0.5,none,True,True
75923,1.0,0.0,0.5,none,True,True
75924,1.0,0.0,0.5,none,True,True
75925,1.0,0.0,0.5,none,True,True
75926,1.0,0.0,0.5,none,True,True
75927,1.0,0.0,0.5,none,True,True
75928,1.0,0.0,0.5,none,True,True
75929,1.0,0.0,0.5,none,True,True
75930,1.0,0.0,0.5,none,True,True
75931,1.0,0.0,0.5,none,True,True
75932,1.0,0.0,0.5,none,True,True
75933,1.0,0.0,0.5,none,True,True
75934,1.0,0.0,0.5,none,True,True
75935,1.0,0.0,0.5,none,True,True
75936,1.0,0.0,0.5,none,True,True
75937,1.0,0.0,0.5,none,True,True
75938,1.0,0.0,0.5,none,True,True
75939,1.0,0.0,0.5,none,True,True
75940,1.0,0.0,0.5,none,True,True
75941,1.0,0.0,0.5,none,True,True
75942,1.0,0.0,0.5,none,True,True
75943,1.0,0.0,0.5,none,True,True
75944,1.0,0.0,0.5,none,True,True
75945,1.0,0.0,0.5,none,True,True
75946,1.0,0.0,0.5,none,True,True
75947,1.0,0.0,0.5,none,True,True
75948,1.0,0.0,0.5,none,True,True
75949,1.0,0.0,0.5,none,True,True
75950,1.0,0.0,0.5,none,True,True
75951,1.0,0.0,0.5,none,True,True
75952,1.0,0.0,0.5,none,True,True
75953,1.0,0.0,0.5,none,True,True
75954,1.0,0.0,0.5,none,True,True
75955,1.0,0.0,0.5,none,True,True
75956,1.0,0.0,0.5,none,True,True
75957,1.0,0.0,0.5,none,True,True
75958,1.0,0.0,0.5,none,True,True
75959,1.0,0.0,0.5,none,True,True
75960,1.0,0.0,0.5,none,True,True
75961,1.0,0.0,0.5,none,True,True
75962,1.0,0.0,0.5,none,True,True
75963,1.0,0.0,0.5,none,True,True
75964,1.0,0.0,0.5,none,True,True
75965,1.0,0.0,0.5,none,True,True
75966,1.0,0.0,0.5,none,True,True
75967,1.0,0.0,0.5,none,True,True
75968,1.0,0.0,0.5,none,True,True
75969,1.0,0.0,0.5,none,True,True
75970,1.0,0.0,0.5,none,True,True
75971,1.0,0.0,0.5,none,True,True
75972,1.0,0.0,0.5,none,True,True
75973,1.0,0.0,0.5,none,True,True
75974,1.0,0.0,0.5,none,True,True
75975,1.0,0.0,0.5,none,True,True
75976,1.0,0.0,0.5,none,True,True
75977,1.0,0.0,0.5,none,True,True
75978,1.0,0.0,0.5,none,True,True
75979,1.0,0.0,0.5,none,True,True
75980,1.0,0.0,0.5,none,True,True
75981,1.0,0.0,0.5,none,True,True
75982,1.0,0.0,0.5,none,True,True
75983,1.0,0.0,0.5,none,True,True
75984,1.0,0.0,0.5,none,True,True
75985,1.0,0.0,0.5,none,True,True
75986,1.0,0.0,0.5,none,True,True
75987,1.0,0.0,0.5,none,True,True
75988,1.0,0.0,0.5,none,True,True
75989,1.0,0.0,0.5,none,True,True
75990,1.0,0.0,0.5,none,True,True
75991,1.0,0.0,0.5,none,True,True
75992,1.0,0.0,0.5,none,True,True
75993,1.0,0.0,0.5,none,True,True
75994,1.0,0.0,0.5,none,True,True
75995,1.0,0.0,0.5,none,True,True
75996,1.0,0.0,0.5,none,True,True
75997,1.0,0.0,0.5,none,True,True
75998,1.0,0.0,0.5,none,True,True
75999,1.0,0.0,0.5,none,True,True
76000,1.0,0.0,0.5,none,True,True
76001,1.0,0.0,0.5,none,True,True
76002,1.0,0.0,0.5,none,True,True
76003,1.0,0.0,0.5,none,True,True
76004,1.0,0.0,0.5,none,True,True
76005,1.0,0.0,0.5,none,True,True
76006,1.0,0.0,0.5,none,True,True
76007,1.0,0.0,0.5,none,True,True
76008,1.0,0.0,0.5,none,True,True
76009,1.0,0.0,0.5,none,True,True
76010,1.0,0.0,0.5,none,True,True
76011,1.0,0.0,0.5,none,True,True
76012,1.0,0.0,0.5,none,True,True
76013,1.0,0.0,0.5,none,True,True
76014,1.0,0.0,0.5,none,True,True
76015,1.0,0.0,0.5,none,True,True
76016,1.0,0.0,0.5,none,True,True
76017,1.0,0.0,0.5,none,True,True
76018,1.0,0.0,0.5,none,True,True
76019,1.0,0.0,0.5,none,True,True
76020,1.0,0.0,0.5,none,True,True
76021,1.0,0.0,0.5,none,True,True
76022,1.0,0.0,0.5,none,True,True
76023,1.0,0.0,0.5,none,True,True
76024,1.0,0.0,0.5,none,True,True
76025,1.0,0.0,0.5,none,True,True
76026,1.0,0.0,0.5,none,True,True
76027,1.0,0.0,0.5,none,True,True
76028,1.0,0.0,0.5,none,True,True
76029,1.0,0.0,0.5,none,True,True
76030,1.0,0.0,0.5,none,True,True
76031,1.0,0.0,0.5,none,True,True
76032,1.0,0.0,0.5,none,True,True
76033,1.0,0.0,0.5,none,True,True
76034,1.0,0.0,0.5,none,True,True
76035,1.0,0.0,0.5,none,True,True
76036,1.0,0.0,0.5,none,True,True
76037,1.0,0.0,0.5,none,True,True
76038,1.0,0.0,0.5,none,True,True
76039,1.0,0.0,0.5,none,True,True
76040,1.0,0.0,0.5,none,True,True
76041,1.0,0.0,0.5,none,True,True
76042,1.0,0.0,0.5,none,True,True
76043,1.0,0.0,0.5,none,True,True
76044,1.0,0.0,0.5,none,True,True
76045,1.0,0.0,0.5,none,True,True
76046,1.0,0.0,0.5,none,True,True
76047,1.0,0.0,0.5,none,True,True
76048,1.0,0.0,0.5,none,True,True
76049,1.0,0.0,0.5,none,True,True
76050,1.0,0.0,0.5,none,True,True
76051,1.0,0.0,0.5,none,True,True
76052,1.0,0.0,0.5,none,True,True
76053,1.0,0.0,0.5,none,True,True
76054,1.0,0.0,0.5,none,True,True
76055,1.0,0.0,0.5,none,True,True
76056,1.0,0.0,0.5,none,True,True
76057,1.0,0.0,0.5,none,True,True
76058,1.0,0.0,0.5,none,True,True
76059,1.0,0.0,0.5,none,True,True
76060,1.0,0.0,0.5,none,True,True
76061,1.0,0.0,0.5,none,True,True
76062,1.0,0.0,0.5,none,True,True
76063,1.0,0.0,0.5,none,True,True
76064,1.0,0.0,0.5,none,True,True
76065,1.0,0.0,0.5,none,True,True
76066,1.0,0.0,0.5,none,True,True
76067,1.0,0.0,0.5,none,True,True
76068,1.0,0.0,0.5,none,True,True
76069,1.0,0.0,0.5,none,True,True
76070,1.0,0.0,0.5,none,True,True
76071,1.0,0.0,0.5,none,True,True
76072,1.0,0.0,0.5,none,True,True
76073,1.0,0.0,0.5,none,True,True
76074,1.0,0.0,0.5,none,True,True
76075,1.0,0.0,0.5,none,True,True
76076,1.0,0.0,0.5,none,True,True
76077,1.0,0.0,0.5,none,True,True
76078,1.0,0.0,0.5,none,True,True
76079,1.0,0.0,0.5,none,True,True
76080,1.0,0.0,0.5,none,True,True
76081,1.0,0.0,0.5,none,True,True
76082,1.0,0.0,0.5,none,True,True
76083,1.0,0.0,0.5,none,True,True
76084,1.0,0.0,0.5,none,True,True
76085,1.0,0.0,0.5,none,True,True
76086,1.0,0.0,0.5,none,True,True
76087,1.0,0.0,0.5,none,True,True
76088,1.0,0.0,0.5,none,True,True
76089,1.0,0.0,0.5,none,True,True
76090,1.0,0.0,0.5,none,True,True
76091,1.0,0.0,0.5,none,True,True
76092,1.0,0.0,0.5,none,True,True
76093,1.0,0.0,0.5,none,True,True
76094,1.0,0.0,0.5,none,True,True
76095,1.0,0.0,0.5,none,True,True
76096,1.0,0.0,0.5,none,True,True
76097,1.0,0.0,0.5,none,True,True
76098,1.0,0.0,0.5,none,True,True
76099,1.0,0.0,0.5,none,True,True
76100,1.0,0.0,0.5,none,True,True
76101,1.0,0.0,0.5,none,True,True
76102,1.0,0.0,0.5,none,True,True
76103,1.0,0.0,0.5,none,True,True
76104,1.0,0.0,0.5,none,True,True
76105,1.0,0.0,0.5,none,True,True
76106,1.0,0.0,0.5,none,True,True
76107,1.0,0.0,0.5,none,True,True
76108,1.0,0.0,0.5,none,True,True
76109,1.0,0.0,0.5,none,True,True
76110,1.0,0.0,0.5,none,True,True
76111,1.0,0.0,0.5,none,True,True
76112,1.0,0.0,0.5,none,True,True
76113,1.0,0.0,0.5,none,True,True
76114,1.0,0.0,0.5,none,True,True
76115,1.0,0.0,0.5,none,True,True
76116,1.0,0.0,0.5,none,True,True
76117,1.0,0.0,0.5,none,True,True
76118,1.0,0.0,0.5,none,True,True
76119,1.0,0.0,0.5,none,True,True
76120,1.0,0.0,0.5,none,True,True
76121,1.0,0.0,0.5,none,True,True
76122,1.0,0.0,0.5,none,True,True
76123,1.0,0.0,0.5,none,True,True
76124,1.0,0.0,0.5,none,True,True
76125,1.0,0.0,0.5,none,True,True
76126,1.0,0.0,0.5,none,True,True
76127,1.0,0.0,0.5,none,True,True
76128,1.0,0.0,0.5,none,True,True
76129,1.0,0.0,0.5,none,True,True
76130,1.0,0.0,0.5,none,True,True
76131,1.0,0.0,0.5,none,True,True
76132,1.0,0.0,0.5,none,True,True
76133,1.0,0.0,0.5,none,True,True
76134,1.0,0.0,0.5,none,True,True
76135,1.0,0.0,0.5,none,True,True
76136,1.0,0.0,0.5,none,True,True
76137,1.0,0.0,0.5,none,True,True
76138,1.0,0.0,0.5,none,True,True
76139,1.0,0.0,0.5,none,True,True
76140,1.0,0.0,0.5,none,True,True
76141,1.0,0.0,0.5,none,True,True
76142,1.0,0.0,0.5,none,True,True
76143,1.0,0.0,0.5,none,True,True
76144,1.0,0.0,0.5,none,True,True
76145,1.0,0.0,0.5,none,True,True
76146,1.0,0.0,0.5,none,True,True
76147,1.0,0.0,0.5,none,True,True
76148,1.0,0.0,0.5,none,True,True
76149,1.0,0.0,0.5,none,True,True
76150,1.0,0.0,0.5,none,True,True
76151,1.0,0.0,0.5,none,True,True
76152,1.0,0.0,0.5,none,True,True
76153,1.0,0.0,0.5,none,True,True
76154,1.0,0.0,0.5,none,True,True
76155,1.0,0.0,0.5,none,True,True
76156,1.0,0.0,0.5,none,True,True
76157,1.0,0.0,0.5,none,True,True
76158,1.0,0.0,0.5,none,True,True
76159,1.0,0.0,0.5,none,True,True
76160,1.0,0.0,0.5,none,True,True
76161,1.0,0.0,0.5,none,True,True
76162,1.0,0.0,0.5,none,True,True
76163,1.0,0.0,0.5,none,True,True
76164,1.0,0.0,0.5,none,True,True
76165,1.0,0.0,0.5,none,True,True
76166,1.0,0.0,0.5,none,True,True
76167,1.0,0.0,0.5,none,True,True
76168,1.0,0.0,0.5,none,True,True
76169,1.0,0.0,0.5,none,True,True
76170,1.0,0.0,0.5,none,True,True
76171,1.0,0.0,0.5,none,True,True
76172,1.0,0.0,0.5,none,True,True
76173,1.0,0.0,0.5,none,True,True
76174,1.0,0.0,0.5,none,True,True
76175,1.0,0.0,0.5,none,True,True
76176,1.0,0.0,0.5,none,True,True
76177,1.0,0.0,0.5,none,True,True
76178,1.0,0.0,0.5,none,True,True
76179,1.0,0.0,0.5,none,True,True
76180,1.0,0.0,0.5,none,True,True
76181,1.0,0.0,0.5,none,True,True
76182,1.0,0.0,0.5,none,True,True
76183,1.0,0.0,0.5,none,True,True
76184,1.0,0.0,0.5,none,True,True
76185,1.0,0.0,0.5,none,True,True
76186,1.0,0.0,0.5,none,True,True
76187,1.0,0.0,0.5,none,True,True
76188,1.0,0.0,0.5,none,True,True
76189,1.0,0.0,0.5,none,True,True
76190,1.0,0.0,0.5,none,True,True
76191,1.0,0.0,0.5,none,True,True
76192,1.0,0.0,0.5,none,True,True
76193,1.0,0.0,0.5,none,True,True
76194,1.0,0.0,0.5,none,True,True
76195,1.0,0.0,0.5,none,True,True
76196,1.0,0.0,0.5,none,True,True
76197,1.0,0.0,0.5,none,True,True
76198,1.0,0.0,0.5,none,True,True
76199,1.0,0.0,0.5,none,True,True
76200,1.0,0.0,0.5,none,True,True
76201,1.0,0.0,0.5,none,True,True
76202,1.0,0.0,0.5,none,True,True
76203,1.0,0.0,0.5,none,True,True
76204,1.0,0.0,0.5,none,True,True
76205,1.0,0.0,0.5,none,True,True
76206,1.0,0.0,0.5,none,True,True
76207,1.0,0.0,0.5,none,True,True
76208,1.0,0.0,0.5,none,True,True
76209,1.0,0.0,0.5,none,True,True
76210,1.0,0.0,0.5,none,True,True
76211,1.0,0.0,0.5,none,True,True
76212,1.0,0.0,0.5,none,True,True
76213,1.0,0.0,0.5,none,True,True
76214,1.0,0.0,0.5,none,True,True
76215,1.0,0.0,0.5,none,True,True
76216,1.0,0.0,0.5,none,True,True
76217,1.0,0.0,0.5,none,True,True
76218,1.0,0.0,0.5,none,True,True
76219,1.0,0.0,0.5,none,True,True
76220,1.0,0.0,0.5,none,True,True
76221,1.0,0.0,0.5,none,True,True
76222,1.0,0.0,0.5,none,True,True
76223,1.0,0.0,0.5,none,True,True
76224,1.0,0.0,0.5,none,True,True
76225,1.0,0.0,0.5,none,True,True
76226,1.0,0.0,0.5,none,True,True
76227,1.0,0.0,0.5,none,True,True
76228,1.0,0.0,0.5,none,True,True
76229,1.0,0.0,0.5,none,True,True
76230,1.0,0.0,0.5,none,True,True
76231,1.0,0.0,0.5,none,True,True
76232,1.0,0.0,0.5,none,True,True
76233,1.0,0.0,0.5,none,True,True
76234,1.0,0.0,0.5,none,True,True
76235,1.0,0.0,0.5,none,True,True
76236,1.0,0.0,0.5,none,True,True
76237,1.0,0.0,0.5,none,True,True
76238,1.0,0.0,0.5,none,True,True
76239,1.0,0.0,0.5,none,True,True
76240,1.0,0.0,0.5,none,True,True
76241,1.0,0.0,0.5,none,True,True
76242,1.0,0.0,0.5,none,True,True
76243,1.0,0.0,0.5,none,True,True
76244,1.0,0.0,0.5,none,True,True
76245,1.0,0.0,0.5,none,True,True
76246,1.0,0.0,0.5,none,True,True
76247,1.0,0.0,0.5,none,True,True
76248,1.0,0.0,0.5,none,True,True
76249,1.0,0.0,0.5,none,True,True
76250,1.0,0.0,0.5,none,True,True
76251,1.0,0.0,0.5,none,True,True
76252,1.0,0.0,0.5,none,True,True
76253,1.0,0.0,0.5,none,True,True
76254,1.0,0.0,0.5,none,True,True
76255,1.0,0.0,0.5,none,True,True
76256,1.0,0.0,0.5,none,True,True
76257,1.0,0.0,0.5,none,True,True
76258,1.0,0.0,0.5,none,True,True
76259,1.0,0.0,0.5,none,True,True
76260,1.0,0.0,0.5,none,True,True
76261,1.0,0.0,0.5,none,True,True
76262,1.0,0.0,0.5,none,True,True
76263,1.0,0.0,0.5,none,True,True
76264,1.0,0.0,0.5,none,True,True
76265,1.0,0.0,0.5,none,True,True
76266,1.0,0.0,0.5,none,True,True
76267,1.0,0.0,0.5,none,True,True
76268,1.0,0.0,0.5,none,True,True
76269,1.0,0.0,0.5,none,True,True
76270,1.0,0.0,0.5,none,True,True
76271,1.0,0.0,0.5,none,True,True
76272,1.0,0.0,0.5,none,True,True
76273,1.0,0.0,0.5,none,True,True
76274,1.0,0.0,0.5,none,True,True
76275,1.0,0.0,0.5,none,True,True
76276,1.0,0.0,0.5,none,True,True
76277,1.0,0.0,0.5,none,True,True
76278,1.0,0.0,0.5,none,True,True
76279,1.0,0.0,0.5,none,True,True
76280,1.0,0.0,0.5,none,True,True
76281,1.0,0.0,0.5,none,True,True
76282,1.0,0.0,0.5,none,True,True
76283,1.0,0.0,0.5,none,True,True
76284,1.0,0.0,0.5,none,True,True
76285,1.0,0.0,0.5,none,True,True
76286,1.0,0.0,0.5,none,True,True
76287,1.0,0.0,0.5,none,True,True
76288,1.0,0.0,0.5,none,True,True
76289,1.0,0.0,0.5,none,True,True
76290,1.0,0.0,0.5,none,True,True
76291,1.0,0.0,0.5,none,True,True
76292,1.0,0.0,0.5,none,True,True
76293,1.0,0.0,0.5,none,True,True
76294,1.0,0.0,0.5,none,True,True
76295,1.0,0.0,0.5,none,True,True
76296,1.0,0.0,0.5,none,True,True
76297,1.0,0.0,0.5,none,True,True
76298,1.0,0.0,0.5,none,True,True
76299,1.0,0.0,0.5,none,True,True
76300,1.0,0.0061,0.5,none,True,True
76301,1.0,0.0357,0.5,none,True,True
76302,1.0,0.0812,0.5,none,True,True
76303,1.0,0.1113,0.5,none,True,True
76304,1.0,0.1253,0.5,none,True,True
76305,1.0,0.1408,0.5,none,True,True
76306,1.0,0.0907,0.5,none,True,True
76307,1.0,0.1198,0.5,none,True,True
76308,1.0,0.0467,0.5,none,True,True
76309,1.0,0.0522,0.5,none,True,True
76310,1.0,0.0405,0.5,none,True,True
76311,1.0,0.0313,0.5,none,True,True
76312,1.0,0.0083,0.5,none,True,True
76313,1.0,0.0726,0.5,none,True,True
76314,1.0,0.0793,0.5,none,True,True
76315,1.0,0.0581,0.5,none,True,True
76316,1.0,0.0955,0.5,none,True,True
76317,1.0,0.0839,0.5,none,True,True
76318,1.0,0.0648,0.5,none,True,True
76319,1.0,0.0718,0.5,none,True,True
76320,1.0,0.0589,0.5,none,True,True
76321,1.0,0.0403,0.5,none,True,True
76322,1.0,0.0327,0.5,none,True,True
76323,1.0,0.0277,0.5,none,True,True
76324,1.0,0.017,0.5,none,True,True
76325,1.0,0.0102,0.5,none,True,True
76326,1.0,0.0099,0.5,none,True,True
76327,1.0,0.008,0.5,none,True,True
76328,1.0,0.005,0.5,none,True,True
76329,1.0,0.0063,0.5,none,True,True
76330,1.0,0.009,0.5,none,True,True
76331,1.0,0.0096,0.5,none,True,True
76332,1.0,0.0108,0.5,none,True,True
76333,1.0,0.014,0.5,none,True,True
76334,1.0,0.0161,0.5,none,True,True
76335,1.0,0.0167,0.5,none,True,True
76336,1.0,0.0182,0.5,none,True,True
76337,1.0,0.0196,0.5,none,True,True
76338,1.0,0.0197,0.5,none,True,True
76339,1.0,0.0193,0.5,none,True,True
76340,1.0,0.0193,0.5,none,True,True
76341,1.0,0.0187,0.5,none,True,True
76342,1.0,0.0174,0.5,none,True,True
76343,1.0,0.0163,0.5,none,True,True
76344,1.0,0.0152,0.5,none,True,True
76345,1.0,0.0138,0.5,none,True,True
76346,1.0,0.0123,0.5,none,True,True
76347,1.0,0.0111,0.5,none,True,True
76348,1.0,0.01,0.5,none,True,True
76349,1.0,0.0088,0.5,none,True,True
76350,1.0,0.0078,0.5,none,True,True
76351,1.0,0.0071,0.5,none,True,True
76352,1.0,0.0064,0.5,none,True,True
76353,1.0,0.0057,0.5,none,True,True
76354,1.0,0.0053,0.5,none,True,True
76355,1.0,0.005,0.5,none,True,True
76356,1.0,0.0047,0.5,none,True,True
76357,1.0,0.0045,0.5,none,True,True
76358,1.0,0.0044,0.5,none,True,True
76359,1.0,0.0043,0.5,none,True,True
76360,1.0,0.0042,0.5,none,True,True
76361,1.0,0.0041,0.5,none,True,True
76362,1.0,0.004,0.5,none,True,True
76363,1.0,0.0039,0.5,none,True,True
76364,1.0,0.0038,0.5,none,True,True
76365,1.0,0.0037,0.5,none,True,True
76366,1.0,0.0035,0.5,none,True,True
76367,1.0,0.0033,0.5,none,True,True
76368,1.0,0.0032,0.5,none,True,True
76369,1.0,0.003,0.5,none,True,True
76370,1.0,0.0028,0.5,none,True,True
76371,1.0,0.0026,0.5,none,True,True
76372,1.0,0.0024,0.5,none,True,True
76373,1.0,0.0023,0.5,none,True,True
76374,1.0,0.0021,0.5,none,True,True
76375,1.0,0.0019,0.5,none,True,True
76376,1.0,0.0018,0.5,none,True,True
76377,1.0,0.0017,0.5,none,True,True
76378,1.0,0.0015,0.5,none,True,True
76379,1.0,0.0014,0.5,none,True,True
76380,1.0,0.0013,0.5,none,True,True
76381,1.0,0.0013,0.5,none,True,True
76382,1.0,0.0012,0.5,none,True,True
76383,1.0,0.0011,0.5,none,True,True
76384,1.0,0.0011,0.5,none,True,True
76385,1.0,0.001,0.5,none,True,True
76386,1.0,0.001,0.5,none,True,True
76387,1.0,0.0009,0.5,none,True,True
76388,1.0,0.0009,0.5,none,True,True
76389,1.0,0.0008,0.5,none,True,True
76390,1.0,0.0008,0.5,none,True,True
76391,1.0,0.0008,0.5,none,True,True
76392,1.0,0.0007,0.5,none,True,True
76393,1.0,0.0007,0.5,none,True,True
76394,1.0,0.0006,0.5,none,True,True
76395,1.0,0.0006,0.5,none,True,True
76396,1.0,0.0006,0.5,none,True,True
76397,1.0,0.0005,0.5,none,True,True
76398,1.0,0.0005,0.5,none,True,True
76399,1.0,0.0005,0.5,none,True,True
76400,1.0,0.0004,0.5,none,True,True
76401,1.0,0.0004,0.5,none,True,True
76402,1.0,0.0004,0.5,none,True,True
76403,1.0,0.0004,0.5,none,True,True
76404,1.0,0.0003,0.5,none,True,True
76405,1.0,0.0003,0.5,none,True,True
76406,1.0,0.0003,0.5,none,True,True
76407,1.0,0.0003,0.5,none,True,True
76408,1.0,0.0003,0.5,none,True,True
76409,1.0,0.0003,0.5,none,True,True
76410,1.0,0.0002,0.5,none,True,True
76411,1.0,0.0002,0.5,none,True,True
76412,1.0,0.0002,0.5,none,True,True
76413,1.0,0.0002,0.5,none,True,True
76414,1.0,0.0002,0.5,none,True,True
76415,1.0,0.0002,0.5,none,True,True
76416,1.0,0.0002,0.5,none,True,True
76417,1.0,0.0002,0.5,none,True,True
76418,1.0,0.0002,0.5,none,True,True
76419,1.0,0.0001,0.5,none,True,True
76420,1.0,0.0001,0.5,none,True,True
76421,1.0,0.0001,0.5,none,True,True
76422,1.0,0.0001,0.5,none,True,True
76423,1.0,0.0001,0.5,none,True,True
76424,1.0,0.0001,0.5,none,True,True
76425,1.0,0.0001,0.5,none,True,True
76426,1.0,0.0001,0.5,none,True,True
76427,1.0,0.0001,0.5,none,True,True
76428,1.0,0.0001,0.5,none,True,True
76429,1.0,0.0001,0.5,none,True,True
76430,1.0,0.0001,0.5,none,True,True
76431,1.0,0.0001,0.5,none,True,True
76432,1.0,0.0001,0.5,none,True,True
76433,1.0,0.0001,0.5,none,True,True
76434,1.0,0.0001,0.5,none,True,True
76435,1.0,0.0001,0.5,none,True,True
76436,1.0,0.0001,0.5,none,True,True
76437,1.0,0.0,0.5,none,True,True
76438,1.0,0.0,0.5,none,True,True
76439,1.0,0.0,0.5,none,True,True
76440,1.0,0.0,0.5,none,True,True
76441,1.0,0.0,0.5,none,True,True
76442,1.0,0.0,0.5,none,True,True
76443,1.0,0.0,0.5,none,True,True
76444,1.0,0.0,0.5,none,True,True
76445,1.0,0.0,0.5,none,True,True
76446,1.0,0.0,0.5,none,True,True
76447,1.0,0.0,0.5,none,True,True
76448,1.0,0.0,0.5,none,True,True
76449,1.0,0.0,0.5,none,True,True
76450,1.0,0.0,0.5,none,True,True
76451,1.0,0.0,0.5,none,True,True
76452,1.0,0.0,0.5,none,True,True
76453,1.0,0.0,0.5,none,True,True
76454,1.0,0.0,0.5,none,True,True
76455,1.0,0.0,0.5,none,True,True
76456,1.0,0.0,0.5,none,True,True
76457,1.0,0.0,0.5,none,True,True
76458,1.0,0.0,0.5,none,True,True
76459,1.0,0.0,0.5,none,True,True
76460,1.0,0.0,0.5,none,True,True
76461,1.0,0.0,0.5,none,True,True
76462,1.0,0.0,0.5,none,True,True
76463,1.0,0.0,0.5,none,True,True
76464,1.0,0.0,0.5,none,True,True
76465,1.0,0.0,0.5,none,True,True
76466,1.0,0.0,0.5,none,True,True
76467,1.0,0.0,0.5,none,True,True
76468,1.0,0.0,0.5,none,True,True
76469,1.0,0.0,0.5,none,True,True
76470,1.0,0.0,0.5,none,True,True
76471,1.0,0.0,0.5,none,True,True
76472,1.0,0.0,0.5,none,True,True
76473,1.0,0.0,0.5,none,True,True
76474,1.0,0.0,0.5,none,True,True
76475,1.0,0.0,0.5,none,True,True
76476,1.0,0.0,0.5,none,True,True
76477,1.0,0.0,0.5,none,True,True
76478,1.0,0.0,0.5,none,True,True
76479,1.0,0.0,0.5,none,True,True
76480,1.0,0.0,0.5,none,True,True
76481,1.0,0.0,0.5,none,True,True
76482,1.0,0.0,0.5,none,True,True
76483,1.0,0.0,0.5,none,True,True
76484,1.0,0.0,0.5,none,True,True
76485,1.0,0.0,0.5,none,True,True
76486,1.0,0.0,0.5,none,True,True
76487,1.0,0.0,0.5,none,True,True
76488,1.0,0.0,0.5,none,True,True
76489,1.0,0.0,0.5,none,True,True
76490,1.0,0.0,0.5,none,True,True
76491,1.0,0.0,0.5,none,True,True
76492,1.0,0.0,0.5,none,True,True
76493,1.0,0.0,0.5,none,True,True
76494,1.0,0.0,0.5,none,True,True
76495,1.0,0.0,0.5,none,True,True
76496,1.0,0.0,0.5,none,True,True
76497,1.0,0.0,0.5,none,True,True
76498,1.0,0.0,0.5,none,True,True
76499,1.0,0.0,0.5,none,True,True
76500,1.0,0.0,0.5,none,True,True
76501,1.0,0.0,0.5,none,True,True
76502,1.0,0.0,0.5,none,True,True
76503,1.0,0.0,0.5,none,True,True
76504,1.0,0.0,0.5,none,True,True
76505,1.0,0.0,0.5,none,True,True
76506,1.0,0.0,0.5,none,True,True
76507,1.0,0.0,0.5,none,True,True
76508,1.0,0.0,0.5,none,True,True
76509,1.0,0.0,0.5,none,True,True
76510,1.0,0.0,0.5,none,True,True
76511,1.0,0.0,0.5,none,True,True
76512,1.0,0.0,0.5,none,True,True
76513,1.0,0.0,0.5,none,True,True
76514,1.0,0.0,0.5,none,True,True
76515,1.0,0.0,0.5,none,True,True
76516,1.0,0.0,0.5,none,True,True
76517,1.0,0.0,0.5,none,True,True
76518,1.0,0.0,0.5,none,True,True
76519,1.0,0.0,0.5,none,True,True
76520,1.0,0.0,0.5,none,True,True
76521,1.0,0.0,0.5,none,True,True
76522,1.0,0.0,0.5,none,True,True
76523,1.0,0.0,0.5,none,True,True
76524,1.0,0.0,0.5,none,True,True
76525,1.0,0.0,0.5,none,True,True
76526,1.0,0.0,0.5,none,True,True
76527,1.0,0.0,0.5,none,True,True
76528,1.0,0.0,0.5,none,True,True
76529,1.0,0.0,0.5,none,True,True
76530,1.0,0.0,0.5,none,True,True
76531,1.0,0.0,0.5,none,True,True
76532,1.0,0.0,0.5,none,True,True
76533,1.0,0.0,0.5,none,True,True
76534,1.0,0.0,0.5,none,True,True
76535,1.0,0.0,0.5,none,True,True
76536,1.0,0.0,0.5,none,True,True
76537,1.0,0.0,0.5,none,True,True
76538,1.0,0.0,0.5,none,True,True
76539,1.0,0.0,0.5,none,True,True
76540,1.0,0.0,0.5,none,True,True
76541,1.0,0.0,0.5,none,True,True
76542,1.0,0.0,0.5,none,True,True
76543,1.0,0.0,0.5,none,True,True
76544,1.0,0.0,0.5,none,True,True
76545,1.0,0.0,0.5,none,True,True
76546,1.0,0.0,0.5,none,True,True
76547,1.0,0.0,0.5,none,True,True
76548,1.0,0.0,0.5,none,True,True
76549,1.0,0.0,0.5,none,True,True
76550,1.0,0.0,0.5,none,True,True
76551,1.0,0.0,0.5,none,True,True
76552,1.0,0.0,0.5,none,True,True
76553,1.0,0.0,0.5,none,True,True
76554,1.0,0.0,0.5,none,True,True
76555,1.0,0.0,0.5,none,True,True
76556,1.0,0.0,0.5,none,True,True
76557,1.0,0.0,0.5,none,True,True
76558,1.0,0.0,0.5,none,True,True
76559,1.0,0.0,0.5,none,True,True
76560,1.0,0.0,0.5,none,True,True
76561,1.0,0.0,0.5,none,True,True
76562,1.0,0.0,0.5,none,True,True
76563,1.0,0.0,0.5,none,True,True
76564,1.0,0.0,0.5,none,True,True
76565,1.0,0.0,0.5,none,True,True
76566,1.0,0.0,0.5,none,True,True
76567,1.0,0.0,0.5,none,True,True
76568,1.0,0.0,0.5,none,True,True
76569,1.0,0.0,0.5,none,True,True
76570,1.0,0.0,0.5,none,True,True
76571,1.0,0.0,0.5,none,True,True
76572,1.0,0.0,0.5,none,True,True
76573,1.0,0.0,0.5,none,True,True
76574,1.0,0.0,0.5,none,True,True
76575,1.0,0.0,0.5,none,True,True
76576,1.0,0.0,0.5,none,True,True
76577,1.0,0.0,0.5,none,True,True
76578,1.0,0.0,0.5,none,True,True
76579,1.0,0.0,0.5,none,True,True
76580,1.0,0.0,0.5,none,True,True
76581,1.0,0.0,0.5,none,True,True
76582,1.0,0.0,0.5,none,True,True
76583,1.0,0.0,0.5,none,True,True
76584,1.0,0.0,0.5,none,True,True
76585,1.0,0.0,0.5,none,True,True
76586,1.0,0.0,0.5,none,True,True
76587,1.0,0.0,0.5,none,True,True
76588,1.0,0.0,0.5,none,True,True
76589,1.0,0.0,0.5,none,True,True
76590,1.0,0.0,0.5,none,True,True
76591,1.0,0.0,0.5,none,True,True
76592,1.0,0.0,0.5,none,True,True
76593,1.0,0.0,0.5,none,True,True
76594,1.0,0.0,0.5,none,True,True
76595,1.0,0.0,0.5,none,True,True
76596,1.0,0.0,0.5,none,True,True
76597,1.0,0.0,0.5,none,True,True
76598,1.0,0.0,0.5,none,True,True
76599,1.0,0.0,0.5,none,True,True
76600,1.0,0.0,0.5,none,True,True
76601,1.0,0.0,0.5,none,True,True
76602,1.0,0.0,0.5,none,True,True
76603,1.0,0.0,0.5,none,True,True
76604,1.0,0.0,0.5,none,True,True
76605,1.0,0.0,0.5,none,True,True
76606,1.0,0.0,0.5,none,True,True
76607,1.0,0.0,0.5,none,True,True
76608,1.0,0.0,0.5,none,True,True
76609,1.0,0.0,0.5,none,True,True
76610,1.0,0.0,0.5,none,True,True
76611,1.0,0.0,0.5,none,True,True
76612,1.0,0.0,0.5,none,True,True
76613,1.0,0.0,0.5,none,True,True
76614,1.0,0.0,0.5,none,True,True
76615,1.0,0.0,0.5,none,True,True
76616,1.0,0.0,0.5,none,True,True
76617,1.0,0.0,0.5,none,True,True
76618,1.0,0.0,0.5,none,True,True
76619,1.0,0.0,0.5,none,True,True
76620,1.0,0.0,0.5,none,True,True
76621,1.0,0.0,0.5,none,True,True
76622,1.0,0.0,0.5,none,True,True
76623,1.0,0.0,0.5,none,True,True
76624,1.0,0.0,0.5,none,True,True
76625,1.0,0.0,0.5,none,True,True
76626,1.0,0.0,0.5,none,True,True
76627,1.0,0.0,0.5,none,True,True
76628,1.0,0.0,0.5,none,True,True
76629,1.0,0.0,0.5,none,True,True
76630,1.0,0.0,0.5,none,True,True
76631,1.0,0.0,0.5,none,True,True
76632,1.0,0.0,0.5,none,True,True
76633,1.0,0.0,0.5,none,True,True
76634,1.0,0.0,0.5,none,True,True
76635,1.0,0.0,0.5,none,True,True
76636,1.0,0.0,0.5,none,True,True
76637,1.0,0.0,0.5,none,True,True
76638,1.0,0.0,0.5,none,True,True
76639,1.0,0.0,0.5,none,True,True
76640,1.0,0.0,0.5,none,True,True
76641,1.0,0.0,0.5,none,True,True
76642,1.0,0.0,0.5,none,True,True
76643,1.0,0.0,0.5,none,True,True
76644,1.0,0.0,0.5,none,True,True
76645,1.0,0.0,0.5,none,True,True
76646,1.0,0.0,0.5,none,True,True
76647,1.0,0.0,0.5,none,True,True
76648,1.0,0.0,0.5,none,True,True
76649,1.0,0.0,0.5,none,True,True
76650,1.0,0.0,0.5,none,True,True
76651,1.0,0.0,0.5,none,True,True
76652,1.0,0.0,0.5,none,True,True
76653,1.0,0.0,0.5,none,True,True
76654,1.0,0.0,0.5,none,True,True
76655,1.0,0.0,0.5,none,True,True
76656,1.0,0.0,0.5,none,True,True
76657,1.0,0.0,0.5,none,True,True
76658,1.0,0.0,0.5,none,True,True
76659,1.0,0.0,0.5,none,True,True
76660,1.0,0.0,0.5,none,True,True
76661,1.0,0.0,0.5,none,True,True
76662,1.0,0.0,0.5,none,True,True
76663,1.0,0.0,0.5,none,True,True
76664,1.0,0.0,0.5,none,True,True
76665,1.0,0.0,0.5,none,True,True
76666,1.0,0.0,0.5,none,True,True
76667,1.0,0.0,0.5,none,True,True
76668,1.0,0.0,0.5,none,True,True
76669,1.0,0.0,0.5,none,True,True
76670,1.0,0.0,0.5,none,True,True
76671,1.0,0.0,0.5,none,True,True
76672,1.0,0.0,0.5,none,True,True
76673,1.0,0.0,0.5,none,True,True
76674,1.0,0.0,0.5,none,True,True
76675,1.0,0.0,0.5,none,True,True
76676,1.0,0.0,0.5,none,True,True
76677,1.0,0.0,0.5,none,True,True
76678,1.0,0.0,0.5,none,True,True
76679,1.0,0.0,0.5,none,True,True
76680,1.0,0.0,0.5,none,True,True
76681,1.0,0.0,0.5,none,True,True
76682,1.0,0.0,0.5,none,True,True
76683,1.0,0.0,0.5,none,True,True
76684,1.0,0.0,0.5,none,True,True
76685,1.0,0.0,0.5,none,True,True
76686,1.0,0.0,0.5,none,True,True
76687,1.0,0.0,0.5,none,True,True
76688,1.0,0.0,0.5,none,True,True
76689,1.0,0.0,0.5,none,True,True
76690,1.0,0.0,0.5,none,True,True
76691,1.0,0.0,0.5,none,True,True
76692,1.0,0.0,0.5,none,True,True
76693,1.0,0.0,0.5,none,True,True
76694,1.0,0.0,0.5,none,True,True
76695,1.0,0.0,0.5,none,True,True
76696,1.0,0.0,0.5,none,True,True
76697,1.0,0.0,0.5,none,True,True
76698,1.0,0.0,0.5,none,True,True
76699,1.0,0.0,0.5,none,True,True
76700,1.0,0.0,0.5,none,True,True
76701,1.0,0.0,0.5,none,True,True
76702,1.0,0.0,0.5,none,True,True
76703,1.0,0.0,0.5,none,True,True
76704,1.0,0.0,0.5,none,True,True
76705,1.0,0.0,0.5,none,True,True
76706,1.0,0.0,0.5,none,True,True
76707,1.0,0.0,0.5,none,True,True
76708,1.0,0.0,0.5,none,True,True
76709,1.0,0.0,0.5,none,True,True
76710,1.0,0.0,0.5,none,True,True
76711,1.0,0.0,0.5,none,True,True
76712,1.0,0.0,0.5,none,True,True
76713,1.0,0.0,0.5,none,True,True
76714,1.0,0.0,0.5,none,True,True
76715,1.0,0.0,0.5,none,True,True
76716,1.0,0.0,0.5,none,True,True
76717,1.0,0.0,0.5,none,True,True
76718,1.0,0.0,0.5,none,True,True
76719,1.0,0.0,0.5,none,True,True
76720,1.0,0.0,0.5,none,True,True
76721,1.0,0.0,0.5,none,True,True
76722,1.0,0.0,0.5,none,True,True
76723,1.0,0.0,0.5,none,True,True
76724,1.0,0.0,0.5,none,True,True
76725,1.0,0.0,0.5,none,True,True
76726,1.0,0.0,0.5,none,True,True
76727,1.0,0.0,0.5,none,True,True
76728,1.0,0.0,0.5,none,True,True
76729,1.0,0.0,0.5,none,True,True
76730,1.0,0.0,0.5,none,True,True
76731,1.0,0.0,0.5,none,True,True
76732,1.0,0.0,0.5,none,True,True
76733,1.0,0.0,0.5,none,True,True
76734,1.0,0.0,0.5,none,True,True
76735,1.0,0.0,0.5,none,True,True
76736,1.0,0.0,0.5,none,True,True
76737,1.0,0.0,0.5,none,True,True
76738,1.0,0.0,0.5,none,True,True
76739,1.0,0.0,0.5,none,True,True
76740,1.0,0.0,0.5,none,True,True
76741,1.0,0.0,0.5,none,True,True
76742,1.0,0.0,0.5,none,True,True
76743,1.0,0.0,0.5,none,True,True
76744,1.0,0.0,0.5,none,True,True
76745,1.0,0.0,0.5,none,True,True
76746,1.0,0.0,0.5,none,True,True
76747,1.0,0.0,0.5,none,True,True
76748,1.0,0.0,0.5,none,True,True
76749,1.0,0.0,0.5,none,True,True
76750,1.0,0.0,0.5,none,True,True
76751,1.0,0.0,0.5,none,True,True
76752,1.0,0.0,0.5,none,True,True
76753,1.0,0.0,0.5,none,True,True
76754,1.0,0.0,0.5,none,True,True
76755,1.0,0.0,0.5,none,True,True
76756,1.0,0.0,0.5,none,True,True
76757,1.0,0.0,0.5,none,True,True
76758,1.0,0.0,0.5,none,True,True
76759,1.0,0.0,0.5,none,True,True
76760,1.0,0.0,0.5,none,True,True
76761,1.0,0.0,0.5,none,True,True
76762,1.0,0.0,0.5,none,True,True
76763,1.0,0.0,0.5,none,True,True
76764,1.0,0.0,0.5,none,True,True
76765,1.0,0.0,0.5,none,True,True
76766,1.0,0.0,0.5,none,True,True
76767,1.0,0.0,0.5,none,True,True
76768,1.0,0.0,0.5,none,True,True
76769,1.0,0.0,0.5,none,True,True
76770,1.0,0.0,0.5,none,True,True
76771,1.0,0.0,0.5,none,True,True
76772,1.0,0.0,0.5,none,True,True
76773,1.0,0.0,0.5,none,True,True
76774,1.0,0.0,0.5,none,True,True
76775,1.0,0.0,0.5,none,True,True
76776,1.0,0.0,0.5,none,True,True
76777,1.0,0.0,0.5,none,True,True
76778,1.0,0.0,0.5,none,True,True
76779,1.0,0.0,0.5,none,True,True
76780,1.0,0.0,0.5,none,True,True
76781,1.0,0.0,0.5,none,True,True
76782,1.0,0.0,0.5,none,True,True
76783,1.0,0.0,0.5,none,True,True
76784,1.0,0.0,0.5,none,True,True
76785,1.0,0.0,0.5,none,True,True
76786,1.0,0.0,0.5,none,True,True
76787,1.0,0.0,0.5,none,True,True
76788,1.0,0.0,0.5,none,True,True
76789,1.0,0.0,0.5,none,True,True
76790,1.0,0.0,0.5,none,True,True
76791,1.0,0.0,0.5,none,True,True
76792,1.0,0.0,0.5,none,True,True
76793,1.0,0.0,0.5,none,True,True
76794,1.0,0.0,0.5,none,True,True
76795,1.0,0.0,0.5,none,True,True
76796,1.0,0.0,0.5,none,True,True
76797,1.0,0.0,0.5,none,True,True
76798,1.0,0.0,0.5,none,True,True
76799,1.0,0.0,0.5,none,True,True
76800,1.0,0.0,0.5,none,True,True
76801,1.0,0.0,0.5,none,True,True
76802,1.0,0.0,0.5,none,True,True
76803,1.0,0.0,0.5,none,True,True
76804,1.0,0.0,0.5,none,True,True
76805,1.0,0.0,0.5,none,True,True
76806,1.0,0.0,0.5,none,True,True
76807,1.0,0.0,0.5,none,True,True
76808,1.0,0.0,0.5,none,True,True
76809,1.0,0.0,0.5,none,True,True
76810,1.0,0.0,0.5,none,True,True
76811,1.0,0.0,0.5,none,True,True
76812,1.0,0.0,0.5,none,True,True
76813,1.0,0.0,0.5,none,True,True
76814,1.0,0.0,0.5,none,True,True
76815,1.0,0.0,0.5,none,True,True
76816,1.0,0.0,0.5,none,True,True
76817,1.0,0.0,0.5,none,True,True
76818,1.0,0.0,0.5,none,True,True
76819,1.0,0.0,0.5,none,True,True
76820,1.0,0.0,0.5,none,True,True
76821,1.0,0.0,0.5,none,True,True
76822,1.0,0.0,0.5,none,True,True
76823,1.0,0.0,0.5,none,True,True
76824,1.0,0.0,0.5,none,True,True
76825,1.0,0.0,0.5,none,True,True
76826,1.0,0.0,0.5,none,True,True
76827,1.0,0.0,0.5,none,True,True
76828,1.0,0.0,0.5,none,True,True
76829,1.0,0.0,0.5,none,True,True
76830,1.0,0.0,0.5,none,True,True
76831,1.0,0.0,0.5,none,True,True
76832,1.0,0.0,0.5,none,True,True
76833,1.0,0.0,0.5,none,True,True
76834,1.0,0.0,0.5,none,True,True
76835,1.0,0.0,0.5,none,True,True
76836,1.0,0.0,0.5,none,True,True
76837,1.0,0.0,0.5,none,True,True
76838,1.0,0.0,0.5,none,True,True
76839,1.0,0.0,0.5,none,True,True
76840,1.0,0.0,0.5,none,True,True
76841,1.0,0.0,0.5,none,True,True
76842,1.0,0.0,0.5,none,True,True
76843,1.0,0.0,0.5,none,True,True
76844,1.0,0.0,0.5,none,True,True
76845,1.0,0.0,0.5,none,True,True
76846,1.0,0.0,0.5,none,True,True
76847,1.0,0.0,0.5,none,True,True
76848,1.0,0.0,0.5,none,True,True
76849,1.0,0.0,0.5,none,True,True
76850,1.0,0.0,0.5,none,True,True
76851,1.0,0.0,0.5,none,True,True
76852,1.0,0.0,0.5,none,True,True
76853,1.0,0.0,0.5,none,True,True
76854,1.0,0.0,0.5,none,True,True
76855,1.0,0.0,0.5,none,True,True
76856,1.0,0.0,0.5,none,True,True
76857,1.0,0.0,0.5,none,True,True
76858,1.0,0.0,0.5,none,True,True
76859,1.0,0.0,0.5,none,True,True
76860,1.0,0.0,0.5,none,True,True
76861,1.0,0.0,0.5,none,True,True
76862,1.0,0.0,0.5,none,True,True
76863,1.0,0.0,0.5,none,True,True
76864,1.0,0.0,0.5,none,True,True
76865,1.0,0.0,0.5,none,True,True
76866,1.0,0.0,0.5,none,True,True
76867,1.0,0.0,0.5,none,True,True
76868,1.0,0.0,0.5,none,True,True
76869,1.0,0.0,0.5,none,True,True
76870,1.0,0.0,0.5,none,True,True
76871,1.0,0.0,0.5,none,True,True
76872,1.0,0.0,0.5,none,True,True
76873,1.0,0.0,0.5,none,True,True
76874,1.0,0.0,0.5,none,True,True
76875,1.0,0.0,0.5,none,True,True
76876,1.0,0.0,0.5,none,True,True
76877,1.0,0.0,0.5,none,True,True
76878,1.0,0.0,0.5,none,True,True
76879,1.0,0.0,0.5,none,True,True
76880,1.0,0.0,0.5,none,True,True
76881,1.0,0.0,0.5,none,True,True
76882,1.0,0.0,0.5,none,True,True
76883,1.0,0.0,0.5,none,True,True
76884,1.0,0.0,0.5,none,True,True
76885,1.0,0.0,0.5,none,True,True
76886,1.0,0.0,0.5,none,True,True
76887,1.0,0.0,0.5,none,True,True
76888,1.0,0.0,0.5,none,True,True
76889,1.0,0.0,0.5,none,True,True
76890,1.0,0.0,0.5,none,True,True
76891,1.0,0.0,0.5,none,True,True
76892,1.0,0.0,0.5,none,True,True
76893,1.0,0.0,0.5,none,True,True
76894,1.0,0.0,0.5,none,True,True
76895,1.0,0.0,0.5,none,True,True
76896,1.0,0.0,0.5,none,True,True
76897,1.0,0.0,0.5,none,True,True
76898,1.0,0.0,0.5,none,True,True
76899,1.0,0.0,0.5,none,True,True
76900,1.0,0.0,0.5,none,True,True
76901,1.0,0.0,0.5,none,True,True
76902,1.0,0.0,0.5,none,True,True
76903,1.0,0.0,0.5,none,True,True
76904,1.0,0.0,0.5,none,True,True
76905,1.0,0.0,0.5,none,True,True
76906,1.0,0.0,0.5,none,True,True
76907,1.0,0.0,0.5,none,True,True
76908,1.0,0.0,0.5,none,True,True
76909,1.0,0.0,0.5,none,True,True
76910,1.0,0.0,0.5,none,True,True
76911,1.0,0.0,0.5,none,True,True
76912,1.0,0.0,0.5,none,True,True
76913,1.0,0.0,0.5,none,True,True
76914,1.0,0.0,0.5,none,True,True
76915,1.0,0.0,0.5,none,True,True
76916,1.0,0.0,0.5,none,True,True
76917,1.0,0.0,0.5,none,True,True
76918,1.0,0.0,0.5,none,True,True
76919,1.0,0.0,0.5,none,True,True
76920,1.0,0.0,0.5,none,True,True
76921,1.0,0.0,0.5,none,True,True
76922,1.0,0.0,0.5,none,True,True
76923,1.0,0.0,0.5,none,True,True
76924,1.0,0.0,0.5,none,True,True
76925,1.0,0.0,0.5,none,True,True
76926,1.0,0.0,0.5,none,True,True
76927,1.0,0.0,0.5,none,True,True
76928,1.0,0.0,0.5,none,True,True
76929,1.0,0.0,0.5,none,True,True
76930,1.0,0.0,0.5,none,True,True
76931,1.0,0.0,0.5,none,True,True
76932,1.0,0.0,0.5,none,True,True
76933,1.0,0.0,0.5,none,True,True
76934,1.0,0.0,0.5,none,True,True
76935,1.0,0.0,0.5,none,True,True
76936,1.0,0.0,0.5,none,True,True
76937,1.0,0.0,0.5,none,True,True
76938,1.0,0.0,0.5,none,True,True
76939,1.0,0.0,0.5,none,True,True
76940,1.0,0.0,0.5,none,True,True
76941,1.0,0.0,0.5,none,True,True
76942,1.0,0.0,0.5,none,True,True
76943,1.0,0.0,0.5,none,True,True
76944,1.0,0.0,0.5,none,True,True
76945,1.0,0.0,0.5,none,True,True
76946,1.0,0.0,0.5,none,True,True
76947,1.0,0.0,0.5,none,True,True
76948,1.0,0.0,0.5,none,True,True
76949,1.0,0.0,0.5,none,True,True
76950,1.0,0.0,0.5,none,True,True
76951,1.0,0.0,0.5,none,True,True
76952,1.0,0.0,0.5,none,True,True
76953,1.0,0.0,0.5,none,True,True
76954,1.0,0.0,0.5,none,True,True
76955,1.0,0.0,0.5,none,True,True
76956,1.0,0.0,0.5,none,True,True
76957,1.0,0.0,0.5,none,True,True
76958,1.0,0.0,0.5,none,True,True
76959,1.0,0.0,0.5,none,True,True
76960,1.0,0.0,0.5,none,True,True
76961,1.0,0.0,0.5,none,True,True
76962,1.0,0.0,0.5,none,True,True
76963,1.0,0.0,0.5,none,True,True
76964,1.0,0.0,0.5,none,True,True
76965,1.0,0.0,0.5,none,True,True
76966,1.0,0.0,0.5,none,True,True
76967,1.0,0.0,0.5,none,True,True
76968,1.0,0.0,0.5,none,True,True
76969,1.0,0.0,0.5,none,True,True
76970,1.0,0.0,0.5,none,True,True
76971,1.0,0.0,0.5,none,True,True
76972,1.0,0.0,0.5,none,True,True
76973,1.0,0.0,0.5,none,True,True
76974,1.0,0.0,0.5,none,True,True
76975,1.0,0.0,0.5,none,True,True
76976,1.0,0.0,0.5,none,True,True
76977,1.0,0.0,0.5,none,True,True
76978,1.0,0.0,0.5,none,True,True
76979,1.0,0.0,0.5,none,True,True
76980,1.0,0.0,0.5,none,True,True
76981,1.0,0.0,0.5,none,True,True
76982,1.0,0.0,0.5,none,True,True
76983,1.0,0.0,0.5,none,True,True
76984,1.0,0.0,0.5,none,True,True
76985,1.0,0.0,0.5,none,True,True
76986,1.0,0.0,0.5,none,True,True
76987,1.0,0.0,0.5,none,True,True
76988,1.0,0.0,0.5,none,True,True
76989,1.0,0.0,0.5,none,True,True
76990,1.0,0.0,0.5,none,True,True
76991,1.0,0.0,0.5,none,True,True
76992,1.0,0.0,0.5,none,True,True
76993,1.0,0.0,0.5,none,True,True
76994,1.0,0.0,0.5,none,True,True
76995,1.0,0.0,0.5,none,True,True
76996,1.0,0.0,0.5,none,True,True
76997,1.0,0.0,0.5,none,True,True
76998,1.0,0.0,0.5,none,True,True
76999,1.0,0.0,0.5,none,True,True
77000,1.0,0.0061,0.5,none,True,True
77001,1.0,0.0357,0.5,none,True,True
77002,1.0,0.0812,0.5,none,True,True
77003,1.0,0.1113,0.5,none,True,True
77004,1.0,0.1253,0.5,none,True,True
77005,1.0,0.1408,0.5,none,True,True
77006,1.0,0.0907,0.5,none,True,True
77007,1.0,0.1198,0.5,none,True,True
77008,1.0,0.0467,0.5,none,True,True
77009,1.0,0.0522,0.5,none,True,True
77010,1.0,0.0405,0.5,none,True,True
77011,1.0,0.0313,0.5,none,True,True
77012,1.0,0.0083,0.5,none,True,True
77013,1.0,0.0726,0.5,none,True,True
77014,1.0,0.0793,0.5,none,True,True
77015,1.0,0.0581,0.5,none,True,True
77016,1.0,0.0955,0.5,none,True,True
77017,1.0,0.0839,0.5,none,True,True
77018,1.0,0.0648,0.5,none,True,True
77019,1.0,0.0718,0.5,none,True,True
77020,1.0,0.0589,0.5,none,True,True
77021,1.0,0.0403,0.5,none,True,True
77022,1.0,0.0327,0.5,none,True,True
77023,1.0,0.0277,0.5,none,True,True
77024,1.0,0.017,0.5,none,True,True
77025,1.0,0.0102,0.5,none,True,True
77026,1.0,0.0099,0.5,none,True,True
77027,1.0,0.008,0.5,none,True,True
77028,1.0,0.005,0.5,none,True,True
77029,1.0,0.0063,0.5,none,True,True
77030,1.0,0.009,0.5,none,True,True
77031,1.0,0.0096,0.5,none,True,True
77032,1.0,0.0108,0.5,none,True,True
77033,1.0,0.014,0.5,none,True,True
77034,1.0,0.0161,0.5,none,True,True
77035,1.0,0.0167,0.5,none,True,True
77036,1.0,0.0182,0.5,none,True,True
77037,1.0,0.0196,0.5,none,True,True
77038,1.0,0.0197,0.5,none,True,True
77039,1.0,0.0193,0.5,none,True,True
77040,1.0,0.0193,0.5,none,True,True
77041,1.0,0.0187,0.5,none,True,True
77042,1.0,0.0174,0.5,none,True,True
77043,1.0,0.0163,0.5,none,True,True
77044,1.0,0.0152,0.5,none,True,True
77045,1.0,0.0138,0.5,none,True,True
77046,1.0,0.0123,0.5,none,True,True
77047,1.0,0.0111,0.5,none,True,True
77048,1.0,0.01,0.5,none,True,True
77049,1.0,0.0088,0.5,none,True,True
77050,1.0,0.0078,0.5,none,True,True
77051,1.0,0.0071,0.5,none,True,True
77052,1.0,0.0064,0.5,none,True,True
77053,1.0,0.0057,0.5,none,True,True
77054,1.0,0.0053,0.5,none,True,True
77055,1.0,0.005,0.5,none,True,True
77056,1.0,0.0047,0.5,none,True,True
77057,1.0,0.0045,0.5,none,True,True
77058,1.0,0.0044,0.5,none,True,True
77059,1.0,0.0043,0.5,none,True,True
77060,1.0,0.0042,0.5,none,True,True
77061,1.0,0.0041,0.5,none,True,True
77062,1.0,0.004,0.5,none,True,True
77063,1.0,0.0039,0.5,none,True,True
77064,1.0,0.0038,0.5,none,True,True
77065,1.0,0.0037,0.5,none,True,True
77066,1.0,0.0035,0.5,none,True,True
77067,1.0,0.0033,0.5,none,True,True
77068,1.0,0.0032,0.5,none,True,True
77069,1.0,0.003,0.5,none,True,True
77070,1.0,0.0028,0.5,none,True,True
77071,1.0,0.0026,0.5,none,True,True
77072,1.0,0.0024,0.5,none,True,True
77073,1.0,0.0023,0.5,none,True,True
77074,1.0,0.0021,0.5,none,True,True
77075,1.0,0.0019,0.5,none,True,True
77076,1.0,0.0018,0.5,none,True,True
77077,1.0,0.0017,0.5,none,True,True
77078,1.0,0.0015,0.5,none,True,True
77079,1.0,0.0014,0.5,none,True,True
77080,1.0,0.0013,0.5,none,True,True
77081,1.0,0.0013,0.5,none,True,True
77082,1.0,0.0012,0.5,none,True,True
77083,1.0,0.0011,0.5,none,True,True
77084,1.0,0.0011,0.5,none,True,True
77085,1.0,0.001,0.5,none,True,True
77086,1.0,0.001,0.5,none,True,True
77087,1.0,0.0009,0.5,none,True,True
77088,1.0,0.0009,0.5,none,True,True
77089,1.0,0.0008,0.5,none,True,True
77090,1.0,0.0008,0.5,none,True,True
77091,1.0,0.0008,0.5,none,True,True
77092,1.0,0.0007,0.5,none,True,True
77093,1.0,0.0007,0.5,none,True,True
77094,1.0,0.0006,0.5,none,True,True
77095,1.0,0.0006,0.5,none,True,True
77096,1.0,0.0006,0.5,none,True,True
77097,1.0,0.0005,0.5,none,True,True
77098,1.0,0.0005,0.5,none,True,True
77099,1.0,0.0005,0.5,none,True,True
77100,1.0,0.0004,0.5,none,True,True
77101,1.0,0.0004,0.5,none,True,True
77102,1.0,0.0004,0.5,none,True,True
77103,1.0,0.0004,0.5,none,True,True
77104,1.0,0.0003,0.5,none,True,True
77105,1.0,0.0003,0.5,none,True,True
77106,1.0,0.0003,0.5,none,True,True
77107,1.0,0.0003,0.5,none,True,True
77108,1.0,0.0003,0.5,none,True,True
77109,1.0,0.0003,0.5,none,True,True
77110,1.0,0.0002,0.5,none,True,True
77111,1.0,0.0002,0.5,none,True,True
77112,1.0,0.0002,0.5,none,True,True
77113,1.0,0.0002,0.5,none,True,True
77114,1.0,0.0002,0.5,none,True,True
77115,1.0,0.0002,0.5,none,True,True
77116,1.0,0.0002,0.5,none,True,True
77117,1.0,0.0002,0.5,none,True,True
77118,1.0,0.0002,0.5,none,True,True
77119,1.0,0.0001,0.5,none,True,True
77120,1.0,0.0001,0.5,none,True,True
77121,1.0,0.0001,0.5,none,True,True
77122,1.0,0.0001,0.5,none,True,True
77123,1.0,0.0001,0.5,none,True,True
77124,1.0,0.0001,0.5,none,True,True
77125,1.0,0.0001,0.5,none,True,True
77126,1.0,0.0001,0.5,none,True,True
77127,1.0,0.0001,0.5,none,True,True
77128,1.0,0.0001,0.5,none,True,True
77129,1.0,0.0001,0.5,none,True,True
77130,1.0,0.0001,0.5,none,True,True
77131,1.0,0.0001,0.5,none,True,True
77132,1.0,0.0001,0.5,none,True,True
77133,1.0,0.0001,0.5,none,True,True
77134,1.0,0.0001,0.5,none,True,True
77135,1.0,0.0001,0.5,none,True,True
77136,1.0,0.0001,0.5,none,True,True
77137,1.0,0.0,0.5,none,True,True
77138,1.0,0.0,0.5,none,True,True
77139,1.0,0.0,0.5,none,True,True
77140,1.0,0.0,0.5,none,True,True
77141,1.0,0.0,0.5,none,True,True
77142,1.0,0.0,0.5,none,True,True
77143,1.0,0.0,0.5,none,True,True
77144,1.0,0.0,0.5,none,True,True
77145,1.0,0.0,0.5,none,True,True
77146,1.0,0.0,0.5,none,True,True
77147,1.0,0.0,0.5,none,True,True
77148,1.0,0.0,0.5,none,True,True
77149,1.0,0.0,0.5,none,True,True
77150,1.0,0.0,0.5,none,True,True
77151,1.0,0.0,0.5,none,True,True
77152,1.0,0.0,0.5,none,True,True
77153,1.0,0.0,0.5,none,True,True
77154,1.0,0.0,0.5,none,True,True
77155,1.0,0.0,0.5,none,True,True
77156,1.0,0.0,0.5,none,True,True
77157,1.0,0.0,0.5,none,True,True
77158,1.0,0.0,0.5,none,True,True
77159,1.0,0.0,0.5,none,True,True
77160,1.0,0.0,0.5,none,True,True
77161,1.0,0.0,0.5,none,True,True
77162,1.0,0.0,0.5,none,True,True
77163,1.0,0.0,0.5,none,True,True
77164,1.0,0.0,0.5,none,True,True
77165,1.0,0.0,0.5,none,True,True
77166,1.0,0.0,0.5,none,True,True
77167,1.0,0.0,0.5,none,True,True
77168,1.0,0.0,0.5,none,True,True
77169,1.0,0.0,0.5,none,True,True
77170,1.0,0.0,0.5,none,True,True
77171,1.0,0.0,0.5,none,True,True
77172,1.0,0.0,0.5,none,True,True
77173,1.0,0.0,0.5,none,True,True
77174,1.0,0.0,0.5,none,True,True
77175,1.0,0.0,0.5,none,True,True
77176,1.0,0.0,0.5,none,True,True
77177,1.0,0.0,0.5,none,True,True
77178,1.0,0.0,0.5,none,True,True
77179,1.0,0.0,0.5,none,True,True
77180,1.0,0.0,0.5,none,True,True
77181,1.0,0.0,0.5,none,True,True
77182,1.0,0.0,0.5,none,True,True
77183,1.0,0.0,0.5,none,True,True
77184,1.0,0.0,0.5,none,True,True
77185,1.0,0.0,0.5,none,True,True
77186,1.0,0.0,0.5,none,True,True
77187,1.0,0.0,0.5,none,True,True
77188,1.0,0.0,0.5,none,True,True
77189,1.0,0.0,0.5,none,True,True
77190,1.0,0.0,0.5,none,True,True
77191,1.0,0.0,0.5,none,True,True
77192,1.0,0.0,0.5,none,True,True
77193,1.0,0.0,0.5,none,True,True
77194,1.0,0.0,0.5,none,True,True
77195,1.0,0.0,0.5,none,True,True
77196,1.0,0.0,0.5,none,True,True
77197,1.0,0.0,0.5,none,True,True
77198,1.0,0.0,0.5,none,True,True
77199,1.0,0.0,0.5,none,True,True
77200,1.0,0.0,0.5,none,True,True
77201,1.0,0.0,0.5,none,True,True
77202,1.0,0.0,0.5,none,True,True
77203,1.0,0.0,0.5,none,True,True
77204,1.0,0.0,0.5,none,True,True
77205,1.0,0.0,0.5,none,True,True
77206,1.0,0.0,0.5,none,True,True
77207,1.0,0.0,0.5,none,True,True
77208,1.0,0.0,0.5,none,True,True
77209,1.0,0.0,0.5,none,True,True
77210,1.0,0.0,0.5,none,True,True
77211,1.0,0.0,0.5,none,True,True
77212,1.0,0.0,0.5,none,True,True
77213,1.0,0.0,0.5,none,True,True
77214,1.0,0.0,0.5,none,True,True
77215,1.0,0.0,0.5,none,True,True
77216,1.0,0.0,0.5,none,True,True
77217,1.0,0.0,0.5,none,True,True
77218,1.0,0.0,0.5,none,True,True
77219,1.0,0.0,0.5,none,True,True
77220,1.0,0.0,0.5,none,True,True
77221,1.0,0.0,0.5,none,True,True
77222,1.0,0.0,0.5,none,True,True
77223,1.0,0.0,0.5,none,True,True
77224,1.0,0.0,0.5,none,True,True
77225,1.0,0.0,0.5,none,True,True
77226,1.0,0.0,0.5,none,True,True
77227,1.0,0.0,0.5,none,True,True
77228,1.0,0.0,0.5,none,True,True
77229,1.0,0.0,0.5,none,True,True
77230,1.0,0.0,0.5,none,True,True
77231,1.0,0.0,0.5,none,True,True
77232,1.0,0.0,0.5,none,True,True
77233,1.0,0.0,0.5,none,True,True
77234,1.0,0.0,0.5,none,True,True
77235,1.0,0.0,0.5,none,True,True
77236,1.0,0.0,0.5,none,True,True
77237,1.0,0.0,0.5,none,True,True
77238,1.0,0.0,0.5,none,True,True
77239,1.0,0.0,0.5,none,True,True
77240,1.0,0.0,0.5,none,True,True
77241,1.0,0.0,0.5,none,True,True
77242,1.0,0.0,0.5,none,True,True
77243,1.0,0.0,0.5,none,True,True
77244,1.0,0.0,0.5,none,True,True
77245,1.0,0.0,0.5,none,True,True
77246,1.0,0.0,0.5,none,True,True
77247,1.0,0.0,0.5,none,True,True
77248,1.0,0.0,0.5,none,True,True
77249,1.0,0.0,0.5,none,True,True
77250,1.0,0.0,0.5,none,True,True
77251,1.0,0.0,0.5,none,True,True
77252,1.0,0.0,0.5,none,True,True
77253,1.0,0.0,0.5,none,True,True
77254,1.0,0.0,0.5,none,True,True
77255,1.0,0.0,0.5,none,True,True
77256,1.0,0.0,0.5,none,True,True
77257,1.0,0.0,0.5,none,True,True
77258,1.0,0.0,0.5,none,True,True
77259,1.0,0.0,0.5,none,True,True
77260,1.0,0.0,0.5,none,True,True
77261,1.0,0.0,0.5,none,True,True
77262,1.0,0.0,0.5,none,True,True
77263,1.0,0.0,0.5,none,True,True
77264,1.0,0.0,0.5,none,True,True
77265,1.0,0.0,0.5,none,True,True
77266,1.0,0.0,0.5,none,True,True
77267,1.0,0.0,0.5,none,True,True
77268,1.0,0.0,0.5,none,True,True
77269,1.0,0.0,0.5,none,True,True
77270,1.0,0.0,0.5,none,True,True
77271,1.0,0.0,0.5,none,True,True
77272,1.0,0.0,0.5,none,True,True
77273,1.0,0.0,0.5,none,True,True
77274,1.0,0.0,0.5,none,True,True
77275,1.0,0.0,0.5,none,True,True
77276,1.0,0.0,0.5,none,True,True
77277,1.0,0.0,0.5,none,True,True
77278,1.0,0.0,0.5,none,True,True
77279,1.0,0.0,0.5,none,True,True
77280,1.0,0.0,0.5,none,True,True
77281,1.0,0.0,0.5,none,True,True
77282,1.0,0.0,0.5,none,True,True
77283,1.0,0.0,0.5,none,True,True
77284,1.0,0.0,0.5,none,True,True
77285,1.0,0.0,0.5,none,True,True
77286,1.0,0.0,0.5,none,True,True
77287,1.0,0.0,0.5,none,True,True
77288,1.0,0.0,0.5,none,True,True
77289,1.0,0.0,0.5,none,True,True
77290,1.0,0.0,0.5,none,True,True
77291,1.0,0.0,0.5,none,True,True
77292,1.0,0.0,0.5,none,True,True
77293,1.0,0.0,0.5,none,True,True
77294,1.0,0.0,0.5,none,True,True
77295,1.0,0.0,0.5,none,True,True
77296,1.0,0.0,0.5,none,True,True
77297,1.0,0.0,0.5,none,True,True
77298,1.0,0.0,0.5,none,True,True
77299,1.0,0.0,0.5,none,True,True
77300,1.0,0.0,0.5,none,True,True
77301,1.0,0.0,0.5,none,True,True
77302,1.0,0.0,0.5,none,True,True
77303,1.0,0.0,0.5,none,True,True
77304,1.0,0.0,0.5,none,True,True
77305,1.0,0.0,0.5,none,True,True
77306,1.0,0.0,0.5,none,True,True
77307,1.0,0.0,0.5,none,True,True
77308,1.0,0.0,0.5,none,True,True
77309,1.0,0.0,0.5,none,True,True
77310,1.0,0.0,0.5,none,True,True
77311,1.0,0.0,0.5,none,True,True
77312,1.0,0.0,0.5,none,True,True
77313,1.0,0.0,0.5,none,True,True
77314,1.0,0.0,0.5,none,True,True
77315,1.0,0.0,0.5,none,True,True
77316,1.0,0.0,0.5,none,True,True
77317,1.0,0.0,0.5,none,True,True
77318,1.0,0.0,0.5,none,True,True
77319,1.0,0.0,0.5,none,True,True
77320,1.0,0.0,0.5,none,True,True
77321,1.0,0.0,0.5,none,True,True
77322,1.0,0.0,0.5,none,True,True
77323,1.0,0.0,0.5,none,True,True
77324,1.0,0.0,0.5,none,True,True
77325,1.0,0.0,0.5,none,True,True
77326,1.0,0.0,0.5,none,True,True
77327,1.0,0.0,0.5,none,True,True
77328,1.0,0.0,0.5,none,True,True
77329,1.0,0.0,0.5,none,True,True
77330,1.0,0.0,0.5,none,True,True
77331,1.0,0.0,0.5,none,True,True
77332,1.0,0.0,0.5,none,True,True
77333,1.0,0.0,0.5,none,True,True
77334,1.0,0.0,0.5,none,True,True
77335,1.0,0.0,0.5,none,True,True
77336,1.0,0.0,0.5,none,True,True
77337,1.0,0.0,0.5,none,True,True
77338,1.0,0.0,0.5,none,True,True
77339,1.0,0.0,0.5,none,True,True
77340,1.0,0.0,0.5,none,True,True
77341,1.0,0.0,0.5,none,True,True
77342,1.0,0.0,0.5,none,True,True
77343,1.0,0.0,0.5,none,True,True
77344,1.0,0.0,0.5,none,True,True
77345,1.0,0.0,0.5,none,True,True
77346,1.0,0.0,0.5,none,True,True
77347,1.0,0.0,0.5,none,True,True
77348,1.0,0.0,0.5,none,True,True
77349,1.0,0.0,0.5,none,True,True
77350,1.0,0.0,0.5,none,True,True
77351,1.0,0.0,0.5,none,True,True
77352,1.0,0.0,0.5,none,True,True
77353,1.0,0.0,0.5,none,True,True
77354,1.0,0.0,0.5,none,True,True
77355,1.0,0.0,0.5,none,True,True
77356,1.0,0.0,0.5,none,True,True
77357,1.0,0.0,0.5,none,True,True
77358,1.0,0.0,0.5,none,True,True
77359,1.0,0.0,0.5,none,True,True
77360,1.0,0.0,0.5,none,True,True
77361,1.0,0.0,0.5,none,True,True
77362,1.0,0.0,0.5,none,True,True
77363,1.0,0.0,0.5,none,True,True
77364,1.0,0.0,0.5,none,True,True
77365,1.0,0.0,0.5,none,True,True
77366,1.0,0.0,0.5,none,True,True
77367,1.0,0.0,0.5,none,True,True
77368,1.0,0.0,0.5,none,True,True
77369,1.0,0.0,0.5,none,True,True
77370,1.0,0.0,0.5,none,True,True
77371,1.0,0.0,0.5,none,True,True
77372,1.0,0.0,0.5,none,True,True
77373,1.0,0.0,0.5,none,True,True
77374,1.0,0.0,0.5,none,True,True
77375,1.0,0.0,0.5,none,True,True
77376,1.0,0.0,0.5,none,True,True
77377,1.0,0.0,0.5,none,True,True
77378,1.0,0.0,0.5,none,True,True
77379,1.0,0.0,0.5,none,True,True
77380,1.0,0.0,0.5,none,True,True
77381,1.0,0.0,0.5,none,True,True
77382,1.0,0.0,0.5,none,True,True
77383,1.0,0.0,0.5,none,True,True
77384,1.0,0.0,0.5,none,True,True
77385,1.0,0.0,0.5,none,True,True
77386,1.0,0.0,0.5,none,True,True
77387,1.0,0.0,0.5,none,True,True
77388,1.0,0.0,0.5,none,True,True
77389,1.0,0.0,0.5,none,True,True
77390,1.0,0.0,0.5,none,True,True
77391,1.0,0.0,0.5,none,True,True
77392,1.0,0.0,0.5,none,True,True
77393,1.0,0.0,0.5,none,True,True
77394,1.0,0.0,0.5,none,True,True
77395,1.0,0.0,0.5,none,True,True
77396,1.0,0.0,0.5,none,True,True
77397,1.0,0.0,0.5,none,True,True
77398,1.0,0.0,0.5,none,True,True
77399,1.0,0.0,0.5,none,True,True
77400,1.0,0.0,0.5,none,True,True
77401,1.0,0.0,0.5,none,True,True
77402,1.0,0.0,0.5,none,True,True
77403,1.0,0.0,0.5,none,True,True
77404,1.0,0.0,0.5,none,True,True
77405,1.0,0.0,0.5,none,True,True
77406,1.0,0.0,0.5,none,True,True
77407,1.0,0.0,0.5,none,True,True
77408,1.0,0.0,0.5,none,True,True
77409,1.0,0.0,0.5,none,True,True
77410,1.0,0.0,0.5,none,True,True
77411,1.0,0.0,0.5,none,True,True
77412,1.0,0.0,0.5,none,True,True
77413,1.0,0.0,0.5,none,True,True
77414,1.0,0.0,0.5,none,True,True
77415,1.0,0.0,0.5,none,True,True
77416,1.0,0.0,0.5,none,True,True
77417,1.0,0.0,0.5,none,True,True
77418,1.0,0.0,0.5,none,True,True
77419,1.0,0.0,0.5,none,True,True
77420,1.0,0.0,0.5,none,True,True
77421,1.0,0.0,0.5,none,True,True
77422,1.0,0.0,0.5,none,True,True
77423,1.0,0.0,0.5,none,True,True
77424,1.0,0.0,0.5,none,True,True
77425,1.0,0.0,0.5,none,True,True
77426,1.0,0.0,0.5,none,True,True
77427,1.0,0.0,0.5,none,True,True
77428,1.0,0.0,0.5,none,True,True
77429,1.0,0.0,0.5,none,True,True
77430,1.0,0.0,0.5,none,True,True
77431,1.0,0.0,0.5,none,True,True
77432,1.0,0.0,0.5,none,True,True
77433,1.0,0.0,0.5,none,True,True
77434,1.0,0.0,0.5,none,True,True
77435,1.0,0.0,0.5,none,True,True
77436,1.0,0.0,0.5,none,True,True
77437,1.0,0.0,0.5,none,True,True
77438,1.0,0.0,0.5,none,True,True
77439,1.0,0.0,0.5,none,True,True
77440,1.0,0.0,0.5,none,True,True
77441,1.0,0.0,0.5,none,True,True
77442,1.0,0.0,0.5,none,True,True
77443,1.0,0.0,0.5,none,True,True
77444,1.0,0.0,0.5,none,True,True
77445,1.0,0.0,0.5,none,True,True
77446,1.0,0.0,0.5,none,True,True
77447,1.0,0.0,0.5,none,True,True
77448,1.0,0.0,0.5,none,True,True
77449,1.0,0.0,0.5,none,True,True
77450,1.0,0.0,0.5,none,True,True
77451,1.0,0.0,0.5,none,True,True
77452,1.0,0.0,0.5,none,True,True
77453,1.0,0.0,0.5,none,True,True
77454,1.0,0.0,0.5,none,True,True
77455,1.0,0.0,0.5,none,True,True
77456,1.0,0.0,0.5,none,True,True
77457,1.0,0.0,0.5,none,True,True
77458,1.0,0.0,0.5,none,True,True
77459,1.0,0.0,0.5,none,True,True
77460,1.0,0.0,0.5,none,True,True
77461,1.0,0.0,0.5,none,True,True
77462,1.0,0.0,0.5,none,True,True
77463,1.0,0.0,0.5,none,True,True
77464,1.0,0.0,0.5,none,True,True
77465,1.0,0.0,0.5,none,True,True
77466,1.0,0.0,0.5,none,True,True
77467,1.0,0.0,0.5,none,True,True
77468,1.0,0.0,0.5,none,True,True
77469,1.0,0.0,0.5,none,True,True
77470,1.0,0.0,0.5,none,True,True
77471,1.0,0.0,0.5,none,True,True
77472,1.0,0.0,0.5,none,True,True
77473,1.0,0.0,0.5,none,True,True
77474,1.0,0.0,0.5,none,True,True
77475,1.0,0.0,0.5,none,True,True
77476,1.0,0.0,0.5,none,True,True
77477,1.0,0.0,0.5,none,True,True
77478,1.0,0.0,0.5,none,True,True
77479,1.0,0.0,0.5,none,True,True
77480,1.0,0.0,0.5,none,True,True
77481,1.0,0.0,0.5,none,True,True
77482,1.0,0.0,0.5,none,True,True
77483,1.0,0.0,0.5,none,True,True
77484,1.0,0.0,0.5,none,True,True
77485,1.0,0.0,0.5,none,True,True
77486,1.0,0.0,0.5,none,True,True
77487,1.0,0.0,0.5,none,True,True
77488,1.0,0.0,0.5,none,True,True
77489,1.0,0.0,0.5,none,True,True
77490,1.0,0.0,0.5,none,True,True
77491,1.0,0.0,0.5,none,True,True
77492,1.0,0.0,0.5,none,True,True
77493,1.0,0.0,0.5,none,True,True
77494,1.0,0.0,0.5,none,True,True
77495,1.0,0.0,0.5,none,True,True
77496,1.0,0.0,0.5,none,True,True
77497,1.0,0.0,0.5,none,True,True
77498,1.0,0.0,0.5,none,True,True
77499,1.0,0.0,0.5,none,True,True
77500,1.0,0.0,0.5,none,True,True
77501,1.0,0.0,0.5,none,True,True
77502,1.0,0.0,0.5,none,True,True
77503,1.0,0.0,0.5,none,True,True
77504,1.0,0.0,0.5,none,True,True
77505,1.0,0.0,0.5,none,True,True
77506,1.0,0.0,0.5,none,True,True
77507,1.0,0.0,0.5,none,True,True
77508,1.0,0.0,0.5,none,True,True
77509,1.0,0.0,0.5,none,True,True
77510,1.0,0.0,0.5,none,True,True
77511,1.0,0.0,0.5,none,True,True
77512,1.0,0.0,0.5,none,True,True
77513,1.0,0.0,0.5,none,True,True
77514,1.0,0.0,0.5,none,True,True
77515,1.0,0.0,0.5,none,True,True
77516,1.0,0.0,0.5,none,True,True
77517,1.0,0.0,0.5,none,True,True
77518,1.0,0.0,0.5,none,True,True
77519,1.0,0.0,0.5,none,True,True
77520,1.0,0.0,0.5,none,True,True
77521,1.0,0.0,0.5,none,True,True
77522,1.0,0.0,0.5,none,True,True
77523,1.0,0.0,0.5,none,True,True
77524,1.0,0.0,0.5,none,True,True
77525,1.0,0.0,0.5,none,True,True
77526,1.0,0.0,0.5,none,True,True
77527,1.0,0.0,0.5,none,True,True
77528,1.0,0.0,0.5,none,True,True
77529,1.0,0.0,0.5,none,True,True
77530,1.0,0.0,0.5,none,True,True
77531,1.0,0.0,0.5,none,True,True
77532,1.0,0.0,0.5,none,True,True
77533,1.0,0.0,0.5,none,True,True
77534,1.0,0.0,0.5,none,True,True
77535,1.0,0.0,0.5,none,True,True
77536,1.0,0.0,0.5,none,True,True
77537,1.0,0.0,0.5,none,True,True
77538,1.0,0.0,0.5,none,True,True
77539,1.0,0.0,0.5,none,True,True
77540,1.0,0.0,0.5,none,True,True
77541,1.0,0.0,0.5,none,True,True
77542,1.0,0.0,0.5,none,True,True
77543,1.0,0.0,0.5,none,True,True
77544,1.0,0.0,0.5,none,True,True
77545,1.0,0.0,0.5,none,True,True
77546,1.0,0.0,0.5,none,True,True
77547,1.0,0.0,0.5,none,True,True
77548,1.0,0.0,0.5,none,True,True
77549,1.0,0.0,0.5,none,True,True
77550,1.0,0.0,0.5,none,True,True
77551,1.0,0.0,0.5,none,True,True
77552,1.0,0.0,0.5,none,True,True
77553,1.0,0.0,0.5,none,True,True
77554,1.0,0.0,0.5,none,True,True
77555,1.0,0.0,0.5,none,True,True
77556,1.0,0.0,0.5,none,True,True
77557,1.0,0.0,0.5,none,True,True
77558,1.0,0.0,0.5,none,True,True
77559,1.0,0.0,0.5,none,True,True
77560,1.0,0.0,0.5,none,True,True
77561,1.0,0.0,0.5,none,True,True
77562,1.0,0.0,0.5,none,True,True
77563,1.0,0.0,0.5,none,True,True
77564,1.0,0.0,0.5,none,True,True
77565,1.0,0.0,0.5,none,True,True
77566,1.0,0.0,0.5,none,True,True
77567,1.0,0.0,0.5,none,True,True
77568,1.0,0.0,0.5,none,True,True
77569,1.0,0.0,0.5,none,True,True
77570,1.0,0.0,0.5,none,True,True
77571,1.0,0.0,0.5,none,True,True
77572,1.0,0.0,0.5,none,True,True
77573,1.0,0.0,0.5,none,True,True
77574,1.0,0.0,0.5,none,True,True
77575,1.0,0.0,0.5,none,True,True
77576,1.0,0.0,0.5,none,True,True
77577,1.0,0.0,0.5,none,True,True
77578,1.0,0.0,0.5,none,True,True
77579,1.0,0.0,0.5,none,True,True
77580,1.0,0.0,0.5,none,True,True
77581,1.0,0.0,0.5,none,True,True
77582,1.0,0.0,0.5,none,True,True
77583,1.0,0.0,0.5,none,True,True
77584,1.0,0.0,0.5,none,True,True
77585,1.0,0.0,0.5,none,True,True
77586,1.0,0.0,0.5,none,True,True
77587,1.0,0.0,0.5,none,True,True
77588,1.0,0.0,0.5,none,True,True
77589,1.0,0.0,0.5,none,True,True
77590,1.0,0.0,0.5,none,True,True
77591,1.0,0.0,0.5,none,True,True
77592,1.0,0.0,0.5,none,True,True
77593,1.0,0.0,0.5,none,True,True
77594,1.0,0.0,0.5,none,True,True
77595,1.0,0.0,0.5,none,True,True
77596,1.0,0.0,0.5,none,True,True
77597,1.0,0.0,0.5,none,True,True
77598,1.0,0.0,0.5,none,True,True
77599,1.0,0.0,0.5,none,True,True
77600,1.0,0.0,0.5,none,True,True
77601,1.0,0.0,0.5,none,True,True
77602,1.0,0.0,0.5,none,True,True
77603,1.0,0.0,0.5,none,True,True
77604,1.0,0.0,0.5,none,True,True
77605,1.0,0.0,0.5,none,True,True
77606,1.0,0.0,0.5,none,True,True
77607,1.0,0.0,0.5,none,True,True
77608,1.0,0.0,0.5,none,True,True
77609,1.0,0.0,0.5,none,True,True
77610,1.0,0.0,0.5,none,True,True
77611,1.0,0.0,0.5,none,True,True
77612,1.0,0.0,0.5,none,True,True
77613,1.0,0.0,0.5,none,True,True
77614,1.0,0.0,0.5,none,True,True
77615,1.0,0.0,0.5,none,True,True
77616,1.0,0.0,0.5,none,True,True
77617,1.0,0.0,0.5,none,True,True
77618,1.0,0.0,0.5,none,True,True
77619,1.0,0.0,0.5,none,True,True
77620,1.0,0.0,0.5,none,True,True
77621,1.0,0.0,0.5,none,True,True
77622,1.0,0.0,0.5,none,True,True
77623,1.0,0.0,0.5,none,True,True
77624,1.0,0.0,0.5,none,True,True
77625,1.0,0.0,0.5,none,True,True
77626,1.0,0.0,0.5,none,True,True
77627,1.0,0.0,0.5,none,True,True
77628,1.0,0.0,0.5,none,True,True
77629,1.0,0.0,0.5,none,True,True
77630,1.0,0.0,0.5,none,True,True
77631,1.0,0.0,0.5,none,True,True
77632,1.0,0.0,0.5,none,True,True
77633,1.0,0.0,0.5,none,True,True
77634,1.0,0.0,0.5,none,True,True
77635,1.0,0.0,0.5,none,True,True
77636,1.0,0.0,0.5,none,True,True
77637,1.0,0.0,0.5,none,True,True
77638,1.0,0.0,0.5,none,True,True
77639,1.0,0.0,0.5,none,True,True
77640,1.0,0.0,0.5,none,True,True
77641,1.0,0.0,0.5,none,True,True
77642,1.0,0.0,0.5,none,True,True
77643,1.0,0.0,0.5,none,True,True
77644,1.0,0.0,0.5,none,True,True
77645,1.0,0.0,0.5,none,True,True
77646,1.0,0.0,0.5,none,True,True
77647,1.0,0.0,0.5,none,True,True
77648,1.0,0.0,0.5,none,True,True
77649,1.0,0.0,0.5,none,True,True
77650,1.0,0.0,0.5,none,True,True
77651,1.0,0.0,0.5,none,True,True
77652,1.0,0.0,0.5,none,True,True
77653,1.0,0.0,0.5,none,True,True
77654,1.0,0.0,0.5,none,True,True
77655,1.0,0.0,0.5,none,True,True
77656,1.0,0.0,0.5,none,True,True
77657,1.0,0.0,0.5,none,True,True
77658,1.0,0.0,0.5,none,True,True
77659,1.0,0.0,0.5,none,True,True
77660,1.0,0.0,0.5,none,True,True
77661,1.0,0.0,0.5,none,True,True
77662,1.0,0.0,0.5,none,True,True
77663,1.0,0.0,0.5,none,True,True
77664,1.0,0.0,0.5,none,True,True
77665,1.0,0.0,0.5,none,True,True
77666,1.0,0.0,0.5,none,True,True
77667,1.0,0.0,0.5,none,True,True
77668,1.0,0.0,0.5,none,True,True
77669,1.0,0.0,0.5,none,True,True
77670,1.0,0.0,0.5,none,True,True
77671,1.0,0.0,0.5,none,True,True
77672,1.0,0.0,0.5,none,True,True
77673,1.0,0.0,0.5,none,True,True
77674,1.0,0.0,0.5,none,True,True
77675,1.0,0.0,0.5,none,True,True
77676,1.0,0.0,0.5,none,True,True
77677,1.0,0.0,0.5,none,True,True
77678,1.0,0.0,0.5,none,True,True
77679,1.0,0.0,0.5,none,True,True
77680,1.0,0.0,0.5,none,True,True
77681,1.0,0.0,0.5,none,True,True
77682,1.0,0.0,0.5,none,True,True
77683,1.0,0.0,0.5,none,True,True
77684,1.0,0.0,0.5,none,True,True
77685,1.0,0.0,0.5,none,True,True
77686,1.0,0.0,0.5,none,True,True
77687,1.0,0.0,0.5,none,True,True
77688,1.0,0.0,0.5,none,True,True
77689,1.0,0.0,0.5,none,True,True
77690,1.0,0.0,0.5,none,True,True
77691,1.0,0.0,0.5,none,True,True
77692,1.0,0.0,0.5,none,True,True
77693,1.0,0.0,0.5,none,True,True
77694,1.0,0.0,0.5,none,True,True
77695,1.0,0.0,0.5,none,True,True
77696,1.0,0.0,0.5,none,True,True
77697,1.0,0.0,0.5,none,True,True
77698,1.0,0.0,0.5,none,True,True
77699,1.0,0.0,0.5,none,True,True
77700,1.0,0.0061,0.5,none,True,True
77701,1.0,0.0357,0.5,none,True,True
77702,1.0,0.0812,0.5,none,True,True
77703,1.0,0.1113,0.5,none,True,True
77704,1.0,0.1253,0.5,none,True,True
77705,1.0,0.1408,0.5,none,True,True
77706,1.0,0.0907,0.5,none,True,True
77707,1.0,0.1198,0.5,none,True,True
77708,1.0,0.0467,0.5,none,True,True
77709,1.0,0.0522,0.5,none,True,True
77710,1.0,0.0405,0.5,none,True,True
77711,1.0,0.0313,0.5,none,True,True
77712,1.0,0.0083,0.5,none,True,True
77713,1.0,0.0726,0.5,none,True,True
77714,1.0,0.0793,0.5,none,True,True
77715,1.0,0.0581,0.5,none,True,True
77716,1.0,0.0955,0.5,none,True,True
77717,1.0,0.0839,0.5,none,True,True
77718,1.0,0.0648,0.5,none,True,True
77719,1.0,0.0718,0.5,none,True,True
77720,1.0,0.0589,0.5,none,True,True
77721,1.0,0.0403,0.5,none,True,True
77722,1.0,0.0327,0.5,none,True,True
77723,1.0,0.0277,0.5,none,True,True
77724,1.0,0.017,0.5,none,True,True
77725,1.0,0.0102,0.5,none,True,True
77726,1.0,0.0099,0.5,none,True,True
77727,1.0,0.008,0.5,none,True,True
77728,1.0,0.005,0.5,none,True,True
77729,1.0,0.0063,0.5,none,True,True
77730,1.0,0.009,0.5,none,True,True
77731,1.0,0.0096,0.5,none,True,True
77732,1.0,0.0108,0.5,none,True,True
77733,1.0,0.014,0.5,none,True,True
77734,1.0,0.0161,0.5,none,True,True
77735,1.0,0.0167,0.5,none,True,True
77736,1.0,0.0182,0.5,none,True,True
77737,1.0,0.0196,0.5,none,True,True
77738,1.0,0.0197,0.5,none,True,True
77739,1.0,0.0193,0.5,none,True,True
77740,1.0,0.0193,0.5,none,True,True
77741,1.0,0.0187,0.5,none,True,True
77742,1.0,0.0174,0.5,none,True,True
77743,1.0,0.0163,0.5,none,True,True
77744,1.0,0.0152,0.5,none,True,True
77745,1.0,0.0138,0.5,none,True,True
77746,1.0,0.0123,0.5,none,True,True
77747,1.0,0.0111,0.5,none,True,True
77748,1.0,0.01,0.5,none,True,True
77749,1.0,0.0088,0.5,none,True,True
77750,1.0,0.0078,0.5,none,True,True
77751,1.0,0.0071,0.5,none,True,True
77752,1.0,0.0064,0.5,none,True,True
77753,1.0,0.0057,0.5,none,True,True
77754,1.0,0.0053,0.5,none,True,True
77755,1.0,0.005,0.5,none,True,True
77756,1.0,0.0047,0.5,none,True,True
77757,1.0,0.0045,0.5,none,True,True
77758,1.0,0.0044,0.5,none,True,True
77759,1.0,0.0043,0.5,none,True,True
77760,1.0,0.0042,0.5,none,True,True
77761,1.0,0.0041,0.5,none,True,True
77762,1.0,0.004,0.5,none,True,True
77763,1.0,0.0039,0.5,none,True,True
77764,1.0,0.0038,0.5,none,True,True
77765,1.0,0.0037,0.5,none,True,True
77766,1.0,0.0035,0.5,none,True,True
77767,1.0,0.0033,0.5,none,True,True
77768,1.0,0.0032,0.5,none,True,True
77769,1.0,0.003,0.5,none,True,True
77770,1.0,0.0028,0.5,none,True,True
77771,1.0,0.0026,0.5,none,True,True
77772,1.0,0.0024,0.5,none,True,True
77773,1.0,0.0023,0.5,none,True,True
77774,1.0,0.0021,0.5,none,True,True
77775,1.0,0.0019,0.5,none,True,True
77776,1.0,0.0018,0.5,none,True,True
77777,1.0,0.0017,0.5,none,True,True
77778,1.0,0.0015,0.5,none,True,True
77779,1.0,0.0014,0.5,none,True,True
77780,1.0,0.0013,0.5,none,True,True
77781,1.0,0.0013,0.5,none,True,True
77782,1.0,0.0012,0.5,none,True,True
77783,1.0,0.0011,0.5,none,True,True
77784,1.0,0.0011,0.5,none,True,True
77785,1.0,0.001,0.5,none,True,True
77786,1.0,0.001,0.5,none,True,True
77787,1.0,0.0009,0.5,none,True,True
77788,1.0,0.0009,0.5,none,True,True
77789,1.0,0.0008,0.5,none,True,True
77790,1.0,0.0008,0.5,none,True,True
77791,1.0,0.0008,0.5,none,True,True
77792,1.0,0.0007,0.5,none,True,True
77793,1.0,0.0007,0.5,none,True,True
77794,1.0,0.0006,0.5,none,True,True
77795,1.0,0.0006,0.5,none,True,True
77796,1.0,0.0006,0.5,none,True,True
77797,1.0,0.0005,0.5,none,True,True
77798,1.0,0.0005,0.5,none,True,True
77799,1.0,0.0005,0.5,none,True,True
77800,1.0,0.0004,0.5,none,True,True
77801,1.0,0.0004,0.5,none,True,True
77802,1.0,0.0004,0.5,none,True,True
77803,1.0,0.0004,0.5,none,True,True
77804,1.0,0.0003,0.5,none,True,True
77805,1.0,0.0003,0.5,none,True,True
77806,1.0,0.0003,0.5,none,True,True
77807,1.0,0.0003,0.5,none,True,True
77808,1.0,0.0003,0.5,none,True,True
77809,1.0,0.0003,0.5,none,True,True
77810,1.0,0.0002,0.5,none,True,True
77811,1.0,0.0002,0.5,none,True,True
77812,1.0,0.0002,0.5,none,True,True
77813,1.0,0.0002,0.5,none,True,True
77814,1.0,0.0002,0.5,none,True,True
77815,1.0,0.0002,0.5,none,True,True
77816,1.0,0.0002,0.5,none,True,True
77817,1.0,0.0002,0.5,none,True,True
77818,1.0,0.0002,0.5,none,True,True
77819,1.0,0.0001,0.5,none,True,True
77820,1.0,0.0001,0.5,none,True,True
77821,1.0,0.0001,0.5,none,True,True
77822,1.0,0.0001,0.5,none,True,True
77823,1.0,0.0001,0.5,none,True,True
77824,1.0,0.0001,0.5,none,True,True
77825,1.0,0.0001,0.5,none,True,True
77826,1.0,0.0001,0.5,none,True,True
77827,1.0,0.0001,0.5,none,True,True
77828,1.0,0.0001,0.5,none,True,True
77829,1.0,0.0001,0.5,none,True,True
77830,1.0,0.0001,0.5,none,True,True
77831,1.0,0.0001,0.5,none,True,True
77832,1.0,0.0001,0.5,none,True,True
77833,1.0,0.0001,0.5,none,True,True
77834,1.0,0.0001,0.5,none,True,True
77835,1.0,0.0001,0.5,none,True,True
77836,1.0,0.0001,0.5,none,True,True
77837,1.0,0.0,0.5,none,True,True
77838,1.0,0.0,0.5,none,True,True
77839,1.0,0.0,0.5,none,True,True
77840,1.0,0.0,0.5,none,True,True
77841,1.0,0.0,0.5,none,True,True
77842,1.0,0.0,0.5,none,True,True
77843,1.0,0.0,0.5,none,True,True
77844,1.0,0.0,0.5,none,True,True
77845,1.0,0.0,0.5,none,True,True
77846,1.0,0.0,0.5,none,True,True
77847,1.0,0.0,0.5,none,True,True
77848,1.0,0.0,0.5,none,True,True
77849,1.0,0.0,0.5,none,True,True
77850,1.0,0.0,0.5,none,True,True
77851,1.0,0.0,0.5,none,True,True
77852,1.0,0.0,0.5,none,True,True
77853,1.0,0.0,0.5,none,True,True
77854,1.0,0.0,0.5,none,True,True
77855,1.0,0.0,0.5,none,True,True
77856,1.0,0.0,0.5,none,True,True
77857,1.0,0.0,0.5,none,True,True
77858,1.0,0.0,0.5,none,True,True
77859,1.0,0.0,0.5,none,True,True
77860,1.0,0.0,0.5,none,True,True
77861,1.0,0.0,0.5,none,True,True
77862,1.0,0.0,0.5,none,True,True
77863,1.0,0.0,0.5,none,True,True
77864,1.0,0.0,0.5,none,True,True
77865,1.0,0.0,0.5,none,True,True
77866,1.0,0.0,0.5,none,True,True
77867,1.0,0.0,0.5,none,True,True
77868,1.0,0.0,0.5,none,True,True
77869,1.0,0.0,0.5,none,True,True
77870,1.0,0.0,0.5,none,True,True
77871,1.0,0.0,0.5,none,True,True
77872,1.0,0.0,0.5,none,True,True
77873,1.0,0.0,0.5,none,True,True
77874,1.0,0.0,0.5,none,True,True
77875,1.0,0.0,0.5,none,True,True
77876,1.0,0.0,0.5,none,True,True
77877,1.0,0.0,0.5,none,True,True
77878,1.0,0.0,0.5,none,True,True
77879,1.0,0.0,0.5,none,True,True
77880,1.0,0.0,0.5,none,True,True
77881,1.0,0.0,0.5,none,True,True
77882,1.0,0.0,0.5,none,True,True
77883,1.0,0.0,0.5,none,True,True
77884,1.0,0.0,0.5,none,True,True
77885,1.0,0.0,0.5,none,True,True
77886,1.0,0.0,0.5,none,True,True
77887,1.0,0.0,0.5,none,True,True
77888,1.0,0.0,0.5,none,True,True
77889,1.0,0.0,0.5,none,True,True
77890,1.0,0.0,0.5,none,True,True
77891,1.0,0.0,0.5,none,True,True
77892,1.0,0.0,0.5,none,True,True
77893,1.0,0.0,0.5,none,True,True
77894,1.0,0.0,0.5,none,True,True
77895,1.0,0.0,0.5,none,True,True
77896,1.0,0.0,0.5,none,True,True
77897,1.0,0.0,0.5,none,True,True
77898,1.0,0.0,0.5,none,True,True
77899,1.0,0.0,0.5,none,True,True
77900,1.0,0.0,0.5,none,True,True
77901,1.0,0.0,0.5,none,True,True
77902,1.0,0.0,0.5,none,True,True
77903,1.0,0.0,0.5,none,True,True
77904,1.0,0.0,0.5,none,True,True
77905,1.0,0.0,0.5,none,True,True
77906,1.0,0.0,0.5,none,True,True
77907,1.0,0.0,0.5,none,True,True
77908,1.0,0.0,0.5,none,True,True
77909,1.0,0.0,0.5,none,True,True
77910,1.0,0.0,0.5,none,True,True
77911,1.0,0.0,0.5,none,True,True
77912,1.0,0.0,0.5,none,True,True
77913,1.0,0.0,0.5,none,True,True
77914,1.0,0.0,0.5,none,True,True
77915,1.0,0.0,0.5,none,True,True
77916,1.0,0.0,0.5,none,True,True
77917,1.0,0.0,0.5,none,True,True
77918,1.0,0.0,0.5,none,True,True
77919,1.0,0.0,0.5,none,True,True
77920,1.0,0.0,0.5,none,True,True
77921,1.0,0.0,0.5,none,True,True
77922,1.0,0.0,0.5,none,True,True
77923,1.0,0.0,0.5,none,True,True
77924,1.0,0.0,0.5,none,True,True
77925,1.0,0.0,0.5,none,True,True
77926,1.0,0.0,0.5,none,True,True
77927,1.0,0.0,0.5,none,True,True
77928,1.0,0.0,0.5,none,True,True
77929,1.0,0.0,0.5,none,True,True
77930,1.0,0.0,0.5,none,True,True
77931,1.0,0.0,0.5,none,True,True
77932,1.0,0.0,0.5,none,True,True
77933,1.0,0.0,0.5,none,True,True
77934,1.0,0.0,0.5,none,True,True
77935,1.0,0.0,0.5,none,True,True
77936,1.0,0.0,0.5,none,True,True
77937,1.0,0.0,0.5,none,True,True
77938,1.0,0.0,0.5,none,True,True
77939,1.0,0.0,0.5,none,True,True
77940,1.0,0.0,0.5,none,True,True
77941,1.0,0.0,0.5,none,True,True
77942,1.0,0.0,0.5,none,True,True
77943,1.0,0.0,0.5,none,True,True
77944,1.0,0.0,0.5,none,True,True
77945,1.0,0.0,0.5,none,True,True
77946,1.0,0.0,0.5,none,True,True
77947,1.0,0.0,0.5,none,True,True
77948,1.0,0.0,0.5,none,True,True
77949,1.0,0.0,0.5,none,True,True
77950,1.0,0.0,0.5,none,True,True
77951,1.0,0.0,0.5,none,True,True
77952,1.0,0.0,0.5,none,True,True
77953,1.0,0.0,0.5,none,True,True
77954,1.0,0.0,0.5,none,True,True
77955,1.0,0.0,0.5,none,True,True
77956,1.0,0.0,0.5,none,True,True
77957,1.0,0.0,0.5,none,True,True
77958,1.0,0.0,0.5,none,True,True
77959,1.0,0.0,0.5,none,True,True
77960,1.0,0.0,0.5,none,True,True
77961,1.0,0.0,0.5,none,True,True
77962,1.0,0.0,0.5,none,True,True
77963,1.0,0.0,0.5,none,True,True
77964,1.0,0.0,0.5,none,True,True
77965,1.0,0.0,0.5,none,True,True
77966,1.0,0.0,0.5,none,True,True
77967,1.0,0.0,0.5,none,True,True
77968,1.0,0.0,0.5,none,True,True
77969,1.0,0.0,0.5,none,True,True
77970,1.0,0.0,0.5,none,True,True
77971,1.0,0.0,0.5,none,True,True
77972,1.0,0.0,0.5,none,True,True
77973,1.0,0.0,0.5,none,True,True
77974,1.0,0.0,0.5,none,True,True
77975,1.0,0.0,0.5,none,True,True
77976,1.0,0.0,0.5,none,True,True
77977,1.0,0.0,0.5,none,True,True
77978,1.0,0.0,0.5,none,True,True
77979,1.0,0.0,0.5,none,True,True
77980,1.0,0.0,0.5,none,True,True
77981,1.0,0.0,0.5,none,True,True
77982,1.0,0.0,0.5,none,True,True
77983,1.0,0.0,0.5,none,True,True
77984,1.0,0.0,0.5,none,True,True
77985,1.0,0.0,0.5,none,True,True
77986,1.0,0.0,0.5,none,True,True
77987,1.0,0.0,0.5,none,True,True
77988,1.0,0.0,0.5,none,True,True
77989,1.0,0.0,0.5,none,True,True
77990,1.0,0.0,0.5,none,True,True
77991,1.0,0.0,0.5,none,True,True
77992,1.0,0.0,0.5,none,True,True
77993,1.0,0.0,0.5,none,True,True
77994,1.0,0.0,0.5,none,True,True
77995,1.0,0.0,0.5,none,True,True
77996,1.0,0.0,0.5,none,True,True
77997,1.0,0.0,0.5,none,True,True
77998,1.0,0.0,0.5,none,True,True
77999,1.0,0.0,0.5,none,True,True
78000,1.0,0.0,0.5,none,True,True
78001,1.0,0.0,0.5,none,True,True
78002,1.0,0.0,0.5,none,True,True
78003,1.0,0.0,0.5,none,True,True
78004,1.0,0.0,0.5,none,True,True
78005,1.0,0.0,0.5,none,True,True
78006,1.0,0.0,0.5,none,True,True
78007,1.0,0.0,0.5,none,True,True
78008,1.0,0.0,0.5,none,True,True
78009,1.0,0.0,0.5,none,True,True
78010,1.0,0.0,0.5,none,True,True
78011,1.0,0.0,0.5,none,True,True
78012,1.0,0.0,0.5,none,True,True
78013,1.0,0.0,0.5,none,True,True
78014,1.0,0.0,0.5,none,True,True
78015,1.0,0.0,0.5,none,True,True
78016,1.0,0.0,0.5,none,True,True
78017,1.0,0.0,0.5,none,True,True
78018,1.0,0.0,0.5,none,True,True
78019,1.0,0.0,0.5,none,True,True
78020,1.0,0.0,0.5,none,True,True
78021,1.0,0.0,0.5,none,True,True
78022,1.0,0.0,0.5,none,True,True
78023,1.0,0.0,0.5,none,True,True
78024,1.0,0.0,0.5,none,True,True
78025,1.0,0.0,0.5,none,True,True
78026,1.0,0.0,0.5,none,True,True
78027,1.0,0.0,0.5,none,True,True
78028,1.0,0.0,0.5,none,True,True
78029,1.0,0.0,0.5,none,True,True
78030,1.0,0.0,0.5,none,True,True
78031,1.0,0.0,0.5,none,True,True
78032,1.0,0.0,0.5,none,True,True
78033,1.0,0.0,0.5,none,True,True
78034,1.0,0.0,0.5,none,True,True
78035,1.0,0.0,0.5,none,True,True
78036,1.0,0.0,0.5,none,True,True
78037,1.0,0.0,0.5,none,True,True
78038,1.0,0.0,0.5,none,True,True
78039,1.0,0.0,0.5,none,True,True
78040,1.0,0.0,0.5,none,True,True
78041,1.0,0.0,0.5,none,True,True
78042,1.0,0.0,0.5,none,True,True
78043,1.0,0.0,0.5,none,True,True
78044,1.0,0.0,0.5,none,True,True
78045,1.0,0.0,0.5,none,True,True
78046,1.0,0.0,0.5,none,True,True
78047,1.0,0.0,0.5,none,True,True
78048,1.0,0.0,0.5,none,True,True
78049,1.0,0.0,0.5,none,True,True
78050,1.0,0.0,0.5,none,True,True
78051,1.0,0.0,0.5,none,True,True
78052,1.0,0.0,0.5,none,True,True
78053,1.0,0.0,0.5,none,True,True
78054,1.0,0.0,0.5,none,True,True
78055,1.0,0.0,0.5,none,True,True
78056,1.0,0.0,0.5,none,True,True
78057,1.0,0.0,0.5,none,True,True
78058,1.0,0.0,0.5,none,True,True
78059,1.0,0.0,0.5,none,True,True
78060,1.0,0.0,0.5,none,True,True
78061,1.0,0.0,0.5,none,True,True
78062,1.0,0.0,0.5,none,True,True
78063,1.0,0.0,0.5,none,True,True
78064,1.0,0.0,0.5,none,True,True
78065,1.0,0.0,0.5,none,True,True
78066,1.0,0.0,0.5,none,True,True
78067,1.0,0.0,0.5,none,True,True
78068,1.0,0.0,0.5,none,True,True
78069,1.0,0.0,0.5,none,True,True
78070,1.0,0.0,0.5,none,True,True
78071,1.0,0.0,0.5,none,True,True
78072,1.0,0.0,0.5,none,True,True
78073,1.0,0.0,0.5,none,True,True
78074,1.0,0.0,0.5,none,True,True
78075,1.0,0.0,0.5,none,True,True
78076,1.0,0.0,0.5,none,True,True
78077,1.0,0.0,0.5,none,True,True
78078,1.0,0.0,0.5,none,True,True
78079,1.0,0.0,0.5,none,True,True
78080,1.0,0.0,0.5,none,True,True
78081,1.0,0.0,0.5,none,True,True
78082,1.0,0.0,0.5,none,True,True
78083,1.0,0.0,0.5,none,True,True
78084,1.0,0.0,0.5,none,True,True
78085,1.0,0.0,0.5,none,True,True
78086,1.0,0.0,0.5,none,True,True
78087,1.0,0.0,0.5,none,True,True
78088,1.0,0.0,0.5,none,True,True
78089,1.0,0.0,0.5,none,True,True
78090,1.0,0.0,0.5,none,True,True
78091,1.0,0.0,0.5,none,True,True
78092,1.0,0.0,0.5,none,True,True
78093,1.0,0.0,0.5,none,True,True
78094,1.0,0.0,0.5,none,True,True
78095,1.0,0.0,0.5,none,True,True
78096,1.0,0.0,0.5,none,True,True
78097,1.0,0.0,0.5,none,True,True
78098,1.0,0.0,0.5,none,True,True
78099,1.0,0.0,0.5,none,True,True
78100,1.0,0.0,0.5,none,True,True
78101,1.0,0.0,0.5,none,True,True
78102,1.0,0.0,0.5,none,True,True
78103,1.0,0.0,0.5,none,True,True
78104,1.0,0.0,0.5,none,True,True
78105,1.0,0.0,0.5,none,True,True
78106,1.0,0.0,0.5,none,True,True
78107,1.0,0.0,0.5,none,True,True
78108,1.0,0.0,0.5,none,True,True
78109,1.0,0.0,0.5,none,True,True
78110,1.0,0.0,0.5,none,True,True
78111,1.0,0.0,0.5,none,True,True
78112,1.0,0.0,0.5,none,True,True
78113,1.0,0.0,0.5,none,True,True
78114,1.0,0.0,0.5,none,True,True
78115,1.0,0.0,0.5,none,True,True
78116,1.0,0.0,0.5,none,True,True
78117,1.0,0.0,0.5,none,True,True
78118,1.0,0.0,0.5,none,True,True
78119,1.0,0.0,0.5,none,True,True
78120,1.0,0.0,0.5,none,True,True
78121,1.0,0.0,0.5,none,True,True
78122,1.0,0.0,0.5,none,True,True
78123,1.0,0.0,0.5,none,True,True
78124,1.0,0.0,0.5,none,True,True
78125,1.0,0.0,0.5,none,True,True
78126,1.0,0.0,0.5,none,True,True
78127,1.0,0.0,0.5,none,True,True
78128,1.0,0.0,0.5,none,True,True
78129,1.0,0.0,0.5,none,True,True
78130,1.0,0.0,0.5,none,True,True
78131,1.0,0.0,0.5,none,True,True
78132,1.0,0.0,0.5,none,True,True
78133,1.0,0.0,0.5,none,True,True
78134,1.0,0.0,0.5,none,True,True
78135,1.0,0.0,0.5,none,True,True
78136,1.0,0.0,0.5,none,True,True
78137,1.0,0.0,0.5,none,True,True
78138,1.0,0.0,0.5,none,True,True
78139,1.0,0.0,0.5,none,True,True
78140,1.0,0.0,0.5,none,True,True
78141,1.0,0.0,0.5,none,True,True
78142,1.0,0.0,0.5,none,True,True
78143,1.0,0.0,0.5,none,True,True
78144,1.0,0.0,0.5,none,True,True
78145,1.0,0.0,0.5,none,True,True
78146,1.0,0.0,0.5,none,True,True
78147,1.0,0.0,0.5,none,True,True
78148,1.0,0.0,0.5,none,True,True
78149,1.0,0.0,0.5,none,True,True
78150,1.0,0.0,0.5,none,True,True
78151,1.0,0.0,0.5,none,True,True
78152,1.0,0.0,0.5,none,True,True
78153,1.0,0.0,0.5,none,True,True
78154,1.0,0.0,0.5,none,True,True
78155,1.0,0.0,0.5,none,True,True
78156,1.0,0.0,0.5,none,True,True
78157,1.0,0.0,0.5,none,True,True
78158,1.0,0.0,0.5,none,True,True
78159,1.0,0.0,0.5,none,True,True
78160,1.0,0.0,0.5,none,True,True
78161,1.0,0.0,0.5,none,True,True
78162,1.0,0.0,0.5,none,True,True
78163,1.0,0.0,0.5,none,True,True
78164,1.0,0.0,0.5,none,True,True
78165,1.0,0.0,0.5,none,True,True
78166,1.0,0.0,0.5,none,True,True
78167,1.0,0.0,0.5,none,True,True
78168,1.0,0.0,0.5,none,True,True
78169,1.0,0.0,0.5,none,True,True
78170,1.0,0.0,0.5,none,True,True
78171,1.0,0.0,0.5,none,True,True
78172,1.0,0.0,0.5,none,True,True
78173,1.0,0.0,0.5,none,True,True
78174,1.0,0.0,0.5,none,True,True
78175,1.0,0.0,0.5,none,True,True
78176,1.0,0.0,0.5,none,True,True
78177,1.0,0.0,0.5,none,True,True
78178,1.0,0.0,0.5,none,True,True
78179,1.0,0.0,0.5,none,True,True
78180,1.0,0.0,0.5,none,True,True
78181,1.0,0.0,0.5,none,True,True
78182,1.0,0.0,0.5,none,True,True
78183,1.0,0.0,0.5,none,True,True
78184,1.0,0.0,0.5,none,True,True
78185,1.0,0.0,0.5,none,True,True
78186,1.0,0.0,0.5,none,True,True
78187,1.0,0.0,0.5,none,True,True
78188,1.0,0.0,0.5,none,True,True
78189,1.0,0.0,0.5,none,True,True
78190,1.0,0.0,0.5,none,True,True
78191,1.0,0.0,0.5,none,True,True
78192,1.0,0.0,0.5,none,True,True
78193,1.0,0.0,0.5,none,True,True
78194,1.0,0.0,0.5,none,True,True
78195,1.0,0.0,0.5,none,True,True
78196,1.0,0.0,0.5,none,True,True
78197,1.0,0.0,0.5,none,True,True
78198,1.0,0.0,0.5,none,True,True
78199,1.0,0.0,0.5,none,True,True
78200,1.0,0.0,0.5,none,True,True
78201,1.0,0.0,0.5,none,True,True
78202,1.0,0.0,0.5,none,True,True
78203,1.0,0.0,0.5,none,True,True
78204,1.0,0.0,0.5,none,True,True
78205,1.0,0.0,0.5,none,True,True
78206,1.0,0.0,0.5,none,True,True
78207,1.0,0.0,0.5,none,True,True
78208,1.0,0.0,0.5,none,True,True
78209,1.0,0.0,0.5,none,True,True
78210,1.0,0.0,0.5,none,True,True
78211,1.0,0.0,0.5,none,True,True
78212,1.0,0.0,0.5,none,True,True
78213,1.0,0.0,0.5,none,True,True
78214,1.0,0.0,0.5,none,True,True
78215,1.0,0.0,0.5,none,True,True
78216,1.0,0.0,0.5,none,True,True
78217,1.0,0.0,0.5,none,True,True
78218,1.0,0.0,0.5,none,True,True
78219,1.0,0.0,0.5,none,True,True
78220,1.0,0.0,0.5,none,True,True
78221,1.0,0.0,0.5,none,True,True
78222,1.0,0.0,0.5,none,True,True
78223,1.0,0.0,0.5,none,True,True
78224,1.0,0.0,0.5,none,True,True
78225,1.0,0.0,0.5,none,True,True
78226,1.0,0.0,0.5,none,True,True
78227,1.0,0.0,0.5,none,True,True
78228,1.0,0.0,0.5,none,True,True
78229,1.0,0.0,0.5,none,True,True
78230,1.0,0.0,0.5,none,True,True
78231,1.0,0.0,0.5,none,True,True
78232,1.0,0.0,0.5,none,True,True
78233,1.0,0.0,0.5,none,True,True
78234,1.0,0.0,0.5,none,True,True
78235,1.0,0.0,0.5,none,True,True
78236,1.0,0.0,0.5,none,True,True
78237,1.0,0.0,0.5,none,True,True
78238,1.0,0.0,0.5,none,True,True
78239,1.0,0.0,0.5,none,True,True
78240,1.0,0.0,0.5,none,True,True
78241,1.0,0.0,0.5,none,True,True
78242,1.0,0.0,0.5,none,True,True
78243,1.0,0.0,0.5,none,True,True
78244,1.0,0.0,0.5,none,True,True
78245,1.0,0.0,0.5,none,True,True
78246,1.0,0.0,0.5,none,True,True
78247,1.0,0.0,0.5,none,True,True
78248,1.0,0.0,0.5,none,True,True
78249,1.0,0.0,0.5,none,True,True
78250,1.0,0.0,0.5,none,True,True
78251,1.0,0.0,0.5,none,True,True
78252,1.0,0.0,0.5,none,True,True
78253,1.0,0.0,0.5,none,True,True
78254,1.0,0.0,0.5,none,True,True
78255,1.0,0.0,0.5,none,True,True
78256,1.0,0.0,0.5,none,True,True
78257,1.0,0.0,0.5,none,True,True
78258,1.0,0.0,0.5,none,True,True
78259,1.0,0.0,0.5,none,True,True
78260,1.0,0.0,0.5,none,True,True
78261,1.0,0.0,0.5,none,True,True
78262,1.0,0.0,0.5,none,True,True
78263,1.0,0.0,0.5,none,True,True
78264,1.0,0.0,0.5,none,True,True
78265,1.0,0.0,0.5,none,True,True
78266,1.0,0.0,0.5,none,True,True
78267,1.0,0.0,0.5,none,True,True
78268,1.0,0.0,0.5,none,True,True
78269,1.0,0.0,0.5,none,True,True
78270,1.0,0.0,0.5,none,True,True
78271,1.0,0.0,0.5,none,True,True
78272,1.0,0.0,0.5,none,True,True
78273,1.0,0.0,0.5,none,True,True
78274,1.0,0.0,0.5,none,True,True
78275,1.0,0.0,0.5,none,True,True
78276,1.0,0.0,0.5,none,True,True
78277,1.0,0.0,0.5,none,True,True
78278,1.0,0.0,0.5,none,True,True
78279,1.0,0.0,0.5,none,True,True
78280,1.0,0.0,0.5,none,True,True
78281,1.0,0.0,0.5,none,True,True
78282,1.0,0.0,0.5,none,True,True
78283,1.0,0.0,0.5,none,True,True
78284,1.0,0.0,0.5,none,True,True
78285,1.0,0.0,0.5,none,True,True
78286,1.0,0.0,0.5,none,True,True
78287,1.0,0.0,0.5,none,True,True
78288,1.0,0.0,0.5,none,True,True
78289,1.0,0.0,0.5,none,True,True
78290,1.0,0.0,0.5,none,True,True
78291,1.0,0.0,0.5,none,True,True
78292,1.0,0.0,0.5,none,True,True
78293,1.0,0.0,0.5,none,True,True
78294,1.0,0.0,0.5,none,True,True
78295,1.0,0.0,0.5,none,True,True
78296,1.0,0.0,0.5,none,True,True
78297,1.0,0.0,0.5,none,True,True
78298,1.0,0.0,0.5,none,True,True
78299,1.0,0.0,0.5,none,True,True
78300,1.0,0.0,0.5,none,True,True
78301,1.0,0.0,0.5,none,True,True
78302,1.0,0.0,0.5,none,True,True
78303,1.0,0.0,0.5,none,True,True
78304,1.0,0.0,0.5,none,True,True
78305,1.0,0.0,0.5,none,True,True
78306,1.0,0.0,0.5,none,True,True
78307,1.0,0.0,0.5,none,True,True
78308,1.0,0.0,0.5,none,True,True
78309,1.0,0.0,0.5,none,True,True
78310,1.0,0.0,0.5,none,True,True
78311,1.0,0.0,0.5,none,True,True
78312,1.0,0.0,0.5,none,True,True
78313,1.0,0.0,0.5,none,True,True
78314,1.0,0.0,0.5,none,True,True
78315,1.0,0.0,0.5,none,True,True
78316,1.0,0.0,0.5,none,True,True
78317,1.0,0.0,0.5,none,True,True
78318,1.0,0.0,0.5,none,True,True
78319,1.0,0.0,0.5,none,True,True
78320,1.0,0.0,0.5,none,True,True
78321,1.0,0.0,0.5,none,True,True
78322,1.0,0.0,0.5,none,True,True
78323,1.0,0.0,0.5,none,True,True
78324,1.0,0.0,0.5,none,True,True
78325,1.0,0.0,0.5,none,True,True
78326,1.0,0.0,0.5,none,True,True
78327,1.0,0.0,0.5,none,True,True
78328,1.0,0.0,0.5,none,True,True
78329,1.0,0.0,0.5,none,True,True
78330,1.0,0.0,0.5,none,True,True
78331,1.0,0.0,0.5,none,True,True
78332,1.0,0.0,0.5,none,True,True
78333,1.0,0.0,0.5,none,True,True
78334,1.0,0.0,0.5,none,True,True
78335,1.0,0.0,0.5,none,True,True
78336,1.0,0.0,0.5,none,True,True
78337,1.0,0.0,0.5,none,True,True
78338,1.0,0.0,0.5,none,True,True
78339,1.0,0.0,0.5,none,True,True
78340,1.0,0.0,0.5,none,True,True
78341,1.0,0.0,0.5,none,True,True
78342,1.0,0.0,0.5,none,True,True
78343,1.0,0.0,0.5,none,True,True
78344,1.0,0.0,0.5,none,True,True
78345,1.0,0.0,0.5,none,True,True
78346,1.0,0.0,0.5,none,True,True
78347,1.0,0.0,0.5,none,True,True
78348,1.0,0.0,0.5,none,True,True
78349,1.0,0.0,0.5,none,True,True
78350,1.0,0.0,0.5,none,True,True
78351,1.0,0.0,0.5,none,True,True
78352,1.0,0.0,0.5,none,True,True
78353,1.0,0.0,0.5,none,True,True
78354,1.0,0.0,0.5,none,True,True
78355,1.0,0.0,0.5,none,True,True
78356,1.0,0.0,0.5,none,True,True
78357,1.0,0.0,0.5,none,True,True
78358,1.0,0.0,0.5,none,True,True
78359,1.0,0.0,0.5,none,True,True
78360,1.0,0.0,0.5,none,True,True
78361,1.0,0.0,0.5,none,True,True
78362,1.0,0.0,0.5,none,True,True
78363,1.0,0.0,0.5,none,True,True
78364,1.0,0.0,0.5,none,True,True
78365,1.0,0.0,0.5,none,True,True
78366,1.0,0.0,0.5,none,True,True
78367,1.0,0.0,0.5,none,True,True
78368,1.0,0.0,0.5,none,True,True
78369,1.0,0.0,0.5,none,True,True
78370,1.0,0.0,0.5,none,True,True
78371,1.0,0.0,0.5,none,True,True
78372,1.0,0.0,0.5,none,True,True
78373,1.0,0.0,0.5,none,True,True
78374,1.0,0.0,0.5,none,True,True
78375,1.0,0.0,0.5,none,True,True
78376,1.0,0.0,0.5,none,True,True
78377,1.0,0.0,0.5,none,True,True
78378,1.0,0.0,0.5,none,True,True
78379,1.0,0.0,0.5,none,True,True
78380,1.0,0.0,0.5,none,True,True
78381,1.0,0.0,0.5,none,True,True
78382,1.0,0.0,0.5,none,True,True
78383,1.0,0.0,0.5,none,True,True
78384,1.0,0.0,0.5,none,True,True
78385,1.0,0.0,0.5,none,True,True
78386,1.0,0.0,0.5,none,True,True
78387,1.0,0.0,0.5,none,True,True
78388,1.0,0.0,0.5,none,True,True
78389,1.0,0.0,0.5,none,True,True
78390,1.0,0.0,0.5,none,True,True
78391,1.0,0.0,0.5,none,True,True
78392,1.0,0.0,0.5,none,True,True
78393,1.0,0.0,0.5,none,True,True
78394,1.0,0.0,0.5,none,True,True
78395,1.0,0.0,0.5,none,True,True
78396,1.0,0.0,0.5,none,True,True
78397,1.0,0.0,0.5,none,True,True
78398,1.0,0.0,0.5,none,True,True
78399,1.0,0.0,0.5,none,True,True
78400,1.0,0.0061,0.5,none,True,True
78401,1.0,0.0357,0.5,none,True,True
78402,1.0,0.0812,0.5,none,True,True
78403,1.0,0.1113,0.5,none,True,True
78404,1.0,0.1253,0.5,none,True,True
78405,1.0,0.1408,0.5,none,True,True
78406,1.0,0.0907,0.5,none,True,True
78407,1.0,0.1198,0.5,none,True,True
78408,1.0,0.0467,0.5,none,True,True
78409,1.0,0.0522,0.5,none,True,True
78410,1.0,0.0405,0.5,none,True,True
78411,1.0,0.0313,0.5,none,True,True
78412,1.0,0.0083,0.5,none,True,True
78413,1.0,0.0726,0.5,none,True,True
78414,1.0,0.0793,0.5,none,True,True
78415,1.0,0.0581,0.5,none,True,True
78416,1.0,0.0955,0.5,none,True,True
78417,1.0,0.0839,0.5,none,True,True
78418,1.0,0.0648,0.5,none,True,True
78419,1.0,0.0718,0.5,none,True,True
78420,1.0,0.0589,0.5,none,True,True
78421,1.0,0.0403,0.5,none,True,True
78422,1.0,0.0327,0.5,none,True,True
78423,1.0,0.0277,0.5,none,True,True
78424,1.0,0.017,0.5,none,True,True
78425,1.0,0.0102,0.5,none,True,True
78426,1.0,0.0099,0.5,none,True,True
78427,1.0,0.008,0.5,none,True,True
78428,1.0,0.005,0.5,none,True,True
78429,1.0,0.0063,0.5,none,True,True
78430,1.0,0.009,0.5,none,True,True
78431,1.0,0.0096,0.5,none,True,True
78432,1.0,0.0108,0.5,none,True,True
78433,1.0,0.014,0.5,none,True,True
78434,1.0,0.0161,0.5,none,True,True
78435,1.0,0.0167,0.5,none,True,True
78436,1.0,0.0182,0.5,none,True,True
78437,1.0,0.0196,0.5,none,True,True
78438,1.0,0.0197,0.5,none,True,True
78439,1.0,0.0193,0.5,none,True,True
78440,1.0,0.0193,0.5,none,True,True
78441,1.0,0.0187,0.5,none,True,True
78442,1.0,0.0174,0.5,none,True,True
78443,1.0,0.0163,0.5,none,True,True
78444,1.0,0.0152,0.5,none,True,True
78445,1.0,0.0138,0.5,none,True,True
78446,1.0,0.0123,0.5,none,True,True
78447,1.0,0.0111,0.5,none,True,True
78448,1.0,0.01,0.5,none,True,True
78449,1.0,0.0088,0.5,none,True,True
78450,1.0,0.0078,0.5,none,True,True
78451,1.0,0.0071,0.5,none,True,True
78452,1.0,0.0064,0.5,none,True,True
78453,1.0,0.0057,0.5,none,True,True
78454,1.0,0.0053,0.5,none,True,True
78455,1.0,0.005,0.5,none,True,True
78456,1.0,0.0047,0.5,none,True,True
78457,1.0,0.0045,0.5,none,True,True
78458,1.0,0.0044,0.5,none,True,True
78459,1.0,0.0043,0.5,none,True,True
78460,1.0,0.0042,0.5,none,True,True
78461,1.0,0.0041,0.5,none,True,True
78462,1.0,0.004,0.5,none,True,True
78463,1.0,0.0039,0.5,none,True,True
78464,1.0,0.0038,0.5,none,True,True
78465,1.0,0.0037,0.5,none,True,True
78466,1.0,0.0035,0.5,none,True,True
78467,1.0,0.0033,0.5,none,True,True
78468,1.0,0.0032,0.5,none,True,True
78469,1.0,0.003,0.5,none,True,True
78470,1.0,0.0028,0.5,none,True,True
78471,1.0,0.0026,0.5,none,True,True
78472,1.0,0.0024,0.5,none,True,True
78473,1.0,0.0023,0.5,none,True,True
78474,1.0,0.0021,0.5,none,True,True
78475,1.0,0.0019,0.5,none,True,True
78476,1.0,0.0018,0.5,none,True,True
78477,1.0,0.0017,0.5,none,True,True
78478,1.0,0.0015,0.5,none,True,True
78479,1.0,0.0014,0.5,none,True,True
78480,1.0,0.0013,0.5,none,True,True
78481,1.0,0.0013,0.5,none,True,True
78482,1.0,0.0012,0.5,none,True,True
78483,1.0,0.0011,0.5,none,True,True
78484,1.0,0.0011,0.5,none,True,True
78485,1.0,0.001,0.5,none,True,True
78486,1.0,0.001,0.5,none,True,True
78487,1.0,0.0009,0.5,none,True,True
78488,1.0,0.0009,0.5,none,True,True
78489,1.0,0.0008,0.5,none,True,True
78490,1.0,0.0008,0.5,none,True,True
78491,1.0,0.0008,0.5,none,True,True
78492,1.0,0.0007,0.5,none,True,True
78493,1.0,0.0007,0.5,none,True,True
78494,1.0,0.0006,0.5,none,True,True
78495,1.0,0.0006,0.5,none,True,True
78496,1.0,0.0006,0.5,none,True,True
78497,1.0,0.0005,0.5,none,True,True
78498,1.0,0.0005,0.5,none,True,True
78499,1.0,0.0005,0.5,none,True,True
78500,1.0,0.0004,0.5,none,True,True
78501,1.0,0.0004,0.5,none,True,True
78502,1.0,0.0004,0.5,none,True,True
78503,1.0,0.0004,0.5,none,True,True
78504,1.0,0.0003,0.5,none,True,True
78505,1.0,0.0003,0.5,none,True,True
78506,1.0,0.0003,0.5,none,True,True
78507,1.0,0.0003,0.5,none,True,True
78508,1.0,0.0003,0.5,none,True,True
78509,1.0,0.0003,0.5,none,True,True
78510,1.0,0.0002,0.5,none,True,True
78511,1.0,0.0002,0.5,none,True,True
78512,1.0,0.0002,0.5,none,True,True
78513,1.0,0.0002,0.5,none,True,True
78514,1.0,0.0002,0.5,none,True,True
78515,1.0,0.0002,0.5,none,True,True
78516,1.0,0.0002,0.5,none,True,True
78517,1.0,0.0002,0.5,none,True,True
78518,1.0,0.0002,0.5,none,True,True
78519,1.0,0.0001,0.5,none,True,True
78520,1.0,0.0001,0.5,none,True,True
78521,1.0,0.0001,0.5,none,True,True
78522,1.0,0.0001,0.5,none,True,True
78523,1.0,0.0001,0.5,none,True,True
78524,1.0,0.0001,0.5,none,True,True
78525,1.0,0.0001,0.5,none,True,True
78526,1.0,0.0001,0.5,none,True,True
78527,1.0,0.0001,0.5,none,True,True
78528,1.0,0.0001,0.5,none,True,True
78529,1.0,0.0001,0.5,none,True,True
78530,1.0,0.0001,0.5,none,True,True
78531,1.0,0.0001,0.5,none,True,True
78532,1.0,0.0001,0.5,none,True,True
78533,1.0,0.0001,0.5,none,True,True
78534,1.0,0.0001,0.5,none,True,True
78535,1.0,0.0001,0.5,none,True,True
78536,1.0,0.0001,0.5,none,True,True
78537,1.0,0.0,0.5,none,True,True
78538,1.0,0.0,0.5,none,True,True
78539,1.0,0.0,0.5,none,True,True
78540,1.0,0.0,0.5,none,True,True
78541,1.0,0.0,0.5,none,True,True
78542,1.0,0.0,0.5,none,True,True
78543,1.0,0.0,0.5,none,True,True
78544,1.0,0.0,0.5,none,True,True
78545,1.0,0.0,0.5,none,True,True
78546,1.0,0.0,0.5,none,True,True
78547,1.0,0.0,0.5,none,True,True
78548,1.0,0.0,0.5,none,True,True
78549,1.0,0.0,0.5,none,True,True
78550,1.0,0.0,0.5,none,True,True
78551,1.0,0.0,0.5,none,True,True
78552,1.0,0.0,0.5,none,True,True
78553,1.0,0.0,0.5,none,True,True
78554,1.0,0.0,0.5,none,True,True
78555,1.0,0.0,0.5,none,True,True
78556,1.0,0.0,0.5,none,True,True
78557,1.0,0.0,0.5,none,True,True
78558,1.0,0.0,0.5,none,True,True
78559,1.0,0.0,0.5,none,True,True
78560,1.0,0.0,0.5,none,True,True
78561,1.0,0.0,0.5,none,True,True
78562,1.0,0.0,0.5,none,True,True
78563,1.0,0.0,0.5,none,True,True
78564,1.0,0.0,0.5,none,True,True
78565,1.0,0.0,0.5,none,True,True
78566,1.0,0.0,0.5,none,True,True
78567,1.0,0.0,0.5,none,True,True
78568,1.0,0.0,0.5,none,True,True
78569,1.0,0.0,0.5,none,True,True
78570,1.0,0.0,0.5,none,True,True
78571,1.0,0.0,0.5,none,True,True
78572,1.0,0.0,0.5,none,True,True
78573,1.0,0.0,0.5,none,True,True
78574,1.0,0.0,0.5,none,True,True
78575,1.0,0.0,0.5,none,True,True
78576,1.0,0.0,0.5,none,True,True
78577,1.0,0.0,0.5,none,True,True
78578,1.0,0.0,0.5,none,True,True
78579,1.0,0.0,0.5,none,True,True
78580,1.0,0.0,0.5,none,True,True
78581,1.0,0.0,0.5,none,True,True
78582,1.0,0.0,0.5,none,True,True
78583,1.0,0.0,0.5,none,True,True
78584,1.0,0.0,0.5,none,True,True
78585,1.0,0.0,0.5,none,True,True
78586,1.0,0.0,0.5,none,True,True
78587,1.0,0.0,0.5,none,True,True
78588,1.0,0.0,0.5,none,True,True
78589,1.0,0.0,0.5,none,True,True
78590,1.0,0.0,0.5,none,True,True
78591,1.0,0.0,0.5,none,True,True
78592,1.0,0.0,0.5,none,True,True
78593,1.0,0.0,0.5,none,True,True
78594,1.0,0.0,0.5,none,True,True
78595,1.0,0.0,0.5,none,True,True
78596,1.0,0.0,0.5,none,True,True
78597,1.0,0.0,0.5,none,True,True
78598,1.0,0.0,0.5,none,True,True
78599,1.0,0.0,0.5,none,True,True
78600,1.0,0.0,0.5,none,True,True
78601,1.0,0.0,0.5,none,True,True
78602,1.0,0.0,0.5,none,True,True
78603,1.0,0.0,0.5,none,True,True
78604,1.0,0.0,0.5,none,True,True
78605,1.0,0.0,0.5,none,True,True
78606,1.0,0.0,0.5,none,True,True
78607,1.0,0.0,0.5,none,True,True
78608,1.0,0.0,0.5,none,True,True
78609,1.0,0.0,0.5,none,True,True
78610,1.0,0.0,0.5,none,True,True
78611,1.0,0.0,0.5,none,True,True
78612,1.0,0.0,0.5,none,True,True
78613,1.0,0.0,0.5,none,True,True
78614,1.0,0.0,0.5,none,True,True
78615,1.0,0.0,0.5,none,True,True
78616,1.0,0.0,0.5,none,True,True
78617,1.0,0.0,0.5,none,True,True
78618,1.0,0.0,0.5,none,True,True
78619,1.0,0.0,0.5,none,True,True
78620,1.0,0.0,0.5,none,True,True
78621,1.0,0.0,0.5,none,True,True
78622,1.0,0.0,0.5,none,True,True
78623,1.0,0.0,0.5,none,True,True
78624,1.0,0.0,0.5,none,True,True
78625,1.0,0.0,0.5,none,True,True
78626,1.0,0.0,0.5,none,True,True
78627,1.0,0.0,0.5,none,True,True
78628,1.0,0.0,0.5,none,True,True
78629,1.0,0.0,0.5,none,True,True
78630,1.0,0.0,0.5,none,True,True
78631,1.0,0.0,0.5,none,True,True
78632,1.0,0.0,0.5,none,True,True
78633,1.0,0.0,0.5,none,True,True
78634,1.0,0.0,0.5,none,True,True
78635,1.0,0.0,0.5,none,True,True
78636,1.0,0.0,0.5,none,True,True
78637,1.0,0.0,0.5,none,True,True
78638,1.0,0.0,0.5,none,True,True
78639,1.0,0.0,0.5,none,True,True
78640,1.0,0.0,0.5,none,True,True
78641,1.0,0.0,0.5,none,True,True
78642,1.0,0.0,0.5,none,True,True
78643,1.0,0.0,0.5,none,True,True
78644,1.0,0.0,0.5,none,True,True
78645,1.0,0.0,0.5,none,True,True
78646,1.0,0.0,0.5,none,True,True
78647,1.0,0.0,0.5,none,True,True
78648,1.0,0.0,0.5,none,True,True
78649,1.0,0.0,0.5,none,True,True
78650,1.0,0.0,0.5,none,True,True
78651,1.0,0.0,0.5,none,True,True
78652,1.0,0.0,0.5,none,True,True
78653,1.0,0.0,0.5,none,True,True
78654,1.0,0.0,0.5,none,True,True
78655,1.0,0.0,0.5,none,True,True
78656,1.0,0.0,0.5,none,True,True
78657,1.0,0.0,0.5,none,True,True
78658,1.0,0.0,0.5,none,True,True
78659,1.0,0.0,0.5,none,True,True
78660,1.0,0.0,0.5,none,True,True
78661,1.0,0.0,0.5,none,True,True
78662,1.0,0.0,0.5,none,True,True
78663,1.0,0.0,0.5,none,True,True
78664,1.0,0.0,0.5,none,True,True
78665,1.0,0.0,0.5,none,True,True
78666,1.0,0.0,0.5,none,True,True
78667,1.0,0.0,0.5,none,True,True
78668,1.0,0.0,0.5,none,True,True
78669,1.0,0.0,0.5,none,True,True
78670,1.0,0.0,0.5,none,True,True
78671,1.0,0.0,0.5,none,True,True
78672,1.0,0.0,0.5,none,True,True
78673,1.0,0.0,0.5,none,True,True
78674,1.0,0.0,0.5,none,True,True
78675,1.0,0.0,0.5,none,True,True
78676,1.0,0.0,0.5,none,True,True
78677,1.0,0.0,0.5,none,True,True
78678,1.0,0.0,0.5,none,True,True
78679,1.0,0.0,0.5,none,True,True
78680,1.0,0.0,0.5,none,True,True
78681,1.0,0.0,0.5,none,True,True
78682,1.0,0.0,0.5,none,True,True
78683,1.0,0.0,0.5,none,True,True
78684,1.0,0.0,0.5,none,True,True
78685,1.0,0.0,0.5,none,True,True
78686,1.0,0.0,0.5,none,True,True
78687,1.0,0.0,0.5,none,True,True
78688,1.0,0.0,0.5,none,True,True
78689,1.0,0.0,0.5,none,True,True
78690,1.0,0.0,0.5,none,True,True
78691,1.0,0.0,0.5,none,True,True
78692,1.0,0.0,0.5,none,True,True
78693,1.0,0.0,0.5,none,True,True
78694,1.0,0.0,0.5,none,True,True
78695,1.0,0.0,0.5,none,True,True
78696,1.0,0.0,0.5,none,True,True
78697,1.0,0.0,0.5,none,True,True
78698,1.0,0.0,0.5,none,True,True
78699,1.0,0.0,0.5,none,True,True
78700,1.0,0.0,0.5,none,True,True
78701,1.0,0.0,0.5,none,True,True
78702,1.0,0.0,0.5,none,True,True
78703,1.0,0.0,0.5,none,True,True
78704,1.0,0.0,0.5,none,True,True
78705,1.0,0.0,0.5,none,True,True
78706,1.0,0.0,0.5,none,True,True
78707,1.0,0.0,0.5,none,True,True
78708,1.0,0.0,0.5,none,True,True
78709,1.0,0.0,0.5,none,True,True
78710,1.0,0.0,0.5,none,True,True
78711,1.0,0.0,0.5,none,True,True
78712,1.0,0.0,0.5,none,True,True
78713,1.0,0.0,0.5,none,True,True
78714,1.0,0.0,0.5,none,True,True
78715,1.0,0.0,0.5,none,True,True
78716,1.0,0.0,0.5,none,True,True
78717,1.0,0.0,0.5,none,True,True
78718,1.0,0.0,0.5,none,True,True
78719,1.0,0.0,0.5,none,True,True
78720,1.0,0.0,0.5,none,True,True
78721,1.0,0.0,0.5,none,True,True
78722,1.0,0.0,0.5,none,True,True
78723,1.0,0.0,0.5,none,True,True
78724,1.0,0.0,0.5,none,True,True
78725,1.0,0.0,0.5,none,True,True
78726,1.0,0.0,0.5,none,True,True
78727,1.0,0.0,0.5,none,True,True
78728,1.0,0.0,0.5,none,True,True
78729,1.0,0.0,0.5,none,True,True
78730,1.0,0.0,0.5,none,True,True
78731,1.0,0.0,0.5,none,True,True
78732,1.0,0.0,0.5,none,True,True
78733,1.0,0.0,0.5,none,True,True
78734,1.0,0.0,0.5,none,True,True
78735,1.0,0.0,0.5,none,True,True
78736,1.0,0.0,0.5,none,True,True
78737,1.0,0.0,0.5,none,True,True
78738,1.0,0.0,0.5,none,True,True
78739,1.0,0.0,0.5,none,True,True
78740,1.0,0.0,0.5,none,True,True
78741,1.0,0.0,0.5,none,True,True
78742,1.0,0.0,0.5,none,True,True
78743,1.0,0.0,0.5,none,True,True
78744,1.0,0.0,0.5,none,True,True
78745,1.0,0.0,0.5,none,True,True
78746,1.0,0.0,0.5,none,True,True
78747,1.0,0.0,0.5,none,True,True
78748,1.0,0.0,0.5,none,True,True
78749,1.0,0.0,0.5,none,True,True
78750,1.0,0.0,0.5,none,True,True
78751,1.0,0.0,0.5,none,True,True
78752,1.0,0.0,0.5,none,True,True
78753,1.0,0.0,0.5,none,True,True
78754,1.0,0.0,0.5,none,True,True
78755,1.0,0.0,0.5,none,True,True
78756,1.0,0.0,0.5,none,True,True
78757,1.0,0.0,0.5,none,True,True
78758,1.0,0.0,0.5,none,True,True
78759,1.0,0.0,0.5,none,True,True
78760,1.0,0.0,0.5,none,True,True
78761,1.0,0.0,0.5,none,True,True
78762,1.0,0.0,0.5,none,True,True
78763,1.0,0.0,0.5,none,True,True
78764,1.0,0.0,0.5,none,True,True
78765,1.0,0.0,0.5,none,True,True
78766,1.0,0.0,0.5,none,True,True
78767,1.0,0.0,0.5,none,True,True
78768,1.0,0.0,0.5,none,True,True
78769,1.0,0.0,0.5,none,True,True
78770,1.0,0.0,0.5,none,True,True
78771,1.0,0.0,0.5,none,True,True
78772,1.0,0.0,0.5,none,True,True
78773,1.0,0.0,0.5,none,True,True
78774,1.0,0.0,0.5,none,True,True
78775,1.0,0.0,0.5,none,True,True
78776,1.0,0.0,0.5,none,True,True
78777,1.0,0.0,0.5,none,True,True
78778,1.0,0.0,0.5,none,True,True
78779,1.0,0.0,0.5,none,True,True
78780,1.0,0.0,0.5,none,True,True
78781,1.0,0.0,0.5,none,True,True
78782,1.0,0.0,0.5,none,True,True
78783,1.0,0.0,0.5,none,True,True
78784,1.0,0.0,0.5,none,True,True
78785,1.0,0.0,0.5,none,True,True
78786,1.0,0.0,0.5,none,True,True
78787,1.0,0.0,0.5,none,True,True
78788,1.0,0.0,0.5,none,True,True
78789,1.0,0.0,0.5,none,True,True
78790,1.0,0.0,0.5,none,True,True
78791,1.0,0.0,0.5,none,True,True
78792,1.0,0.0,0.5,none,True,True
78793,1.0,0.0,0.5,none,True,True
78794,1.0,0.0,0.5,none,True,True
78795,1.0,0.0,0.5,none,True,True
78796,1.0,0.0,0.5,none,True,True
78797,1.0,0.0,0.5,none,True,True
78798,1.0,0.0,0.5,none,True,True
78799,1.0,0.0,0.5,none,True,True
78800,1.0,0.0,0.5,none,True,True
78801,1.0,0.0,0.5,none,True,True
78802,1.0,0.0,0.5,none,True,True
78803,1.0,0.0,0.5,none,True,True
78804,1.0,0.0,0.5,none,True,True
78805,1.0,0.0,0.5,none,True,True
78806,1.0,0.0,0.5,none,True,True
78807,1.0,0.0,0.5,none,True,True
78808,1.0,0.0,0.5,none,True,True
78809,1.0,0.0,0.5,none,True,True
78810,1.0,0.0,0.5,none,True,True
78811,1.0,0.0,0.5,none,True,True
78812,1.0,0.0,0.5,none,True,True
78813,1.0,0.0,0.5,none,True,True
78814,1.0,0.0,0.5,none,True,True
78815,1.0,0.0,0.5,none,True,True
78816,1.0,0.0,0.5,none,True,True
78817,1.0,0.0,0.5,none,True,True
78818,1.0,0.0,0.5,none,True,True
78819,1.0,0.0,0.5,none,True,True
78820,1.0,0.0,0.5,none,True,True
78821,1.0,0.0,0.5,none,True,True
78822,1.0,0.0,0.5,none,True,True
78823,1.0,0.0,0.5,none,True,True
78824,1.0,0.0,0.5,none,True,True
78825,1.0,0.0,0.5,none,True,True
78826,1.0,0.0,0.5,none,True,True
78827,1.0,0.0,0.5,none,True,True
78828,1.0,0.0,0.5,none,True,True
78829,1.0,0.0,0.5,none,True,True
78830,1.0,0.0,0.5,none,True,True
78831,1.0,0.0,0.5,none,True,True
78832,1.0,0.0,0.5,none,True,True
78833,1.0,0.0,0.5,none,True,True
78834,1.0,0.0,0.5,none,True,True
78835,1.0,0.0,0.5,none,True,True
78836,1.0,0.0,0.5,none,True,True
78837,1.0,0.0,0.5,none,True,True
78838,1.0,0.0,0.5,none,True,True
78839,1.0,0.0,0.5,none,True,True
78840,1.0,0.0,0.5,none,True,True
78841,1.0,0.0,0.5,none,True,True
78842,1.0,0.0,0.5,none,True,True
78843,1.0,0.0,0.5,none,True,True
78844,1.0,0.0,0.5,none,True,True
78845,1.0,0.0,0.5,none,True,True
78846,1.0,0.0,0.5,none,True,True
78847,1.0,0.0,0.5,none,True,True
78848,1.0,0.0,0.5,none,True,True
78849,1.0,0.0,0.5,none,True,True
78850,1.0,0.0,0.5,none,True,True
78851,1.0,0.0,0.5,none,True,True
78852,1.0,0.0,0.5,none,True,True
78853,1.0,0.0,0.5,none,True,True
78854,1.0,0.0,0.5,none,True,True
78855,1.0,0.0,0.5,none,True,True
78856,1.0,0.0,0.5,none,True,True
78857,1.0,0.0,0.5,none,True,True
78858,1.0,0.0,0.5,none,True,True
78859,1.0,0.0,0.5,none,True,True
78860,1.0,0.0,0.5,none,True,True
78861,1.0,0.0,0.5,none,True,True
78862,1.0,0.0,0.5,none,True,True
78863,1.0,0.0,0.5,none,True,True
78864,1.0,0.0,0.5,none,True,True
78865,1.0,0.0,0.5,none,True,True
78866,1.0,0.0,0.5,none,True,True
78867,1.0,0.0,0.5,none,True,True
78868,1.0,0.0,0.5,none,True,True
78869,1.0,0.0,0.5,none,True,True
78870,1.0,0.0,0.5,none,True,True
78871,1.0,0.0,0.5,none,True,True
78872,1.0,0.0,0.5,none,True,True
78873,1.0,0.0,0.5,none,True,True
78874,1.0,0.0,0.5,none,True,True
78875,1.0,0.0,0.5,none,True,True
78876,1.0,0.0,0.5,none,True,True
78877,1.0,0.0,0.5,none,True,True
78878,1.0,0.0,0.5,none,True,True
78879,1.0,0.0,0.5,none,True,True
78880,1.0,0.0,0.5,none,True,True
78881,1.0,0.0,0.5,none,True,True
78882,1.0,0.0,0.5,none,True,True
78883,1.0,0.0,0.5,none,True,True
78884,1.0,0.0,0.5,none,True,True
78885,1.0,0.0,0.5,none,True,True
78886,1.0,0.0,0.5,none,True,True
78887,1.0,0.0,0.5,none,True,True
78888,1.0,0.0,0.5,none,True,True
78889,1.0,0.0,0.5,none,True,True
78890,1.0,0.0,0.5,none,True,True
78891,1.0,0.0,0.5,none,True,True
78892,1.0,0.0,0.5,none,True,True
78893,1.0,0.0,0.5,none,True,True
78894,1.0,0.0,0.5,none,True,True
78895,1.0,0.0,0.5,none,True,True
78896,1.0,0.0,0.5,none,True,True
78897,1.0,0.0,0.5,none,True,True
78898,1.0,0.0,0.5,none,True,True
78899,1.0,0.0,0.5,none,True,True
78900,1.0,0.0,0.5,none,True,True
78901,1.0,0.0,0.5,none,True,True
78902,1.0,0.0,0.5,none,True,True
78903,1.0,0.0,0.5,none,True,True
78904,1.0,0.0,0.5,none,True,True
78905,1.0,0.0,0.5,none,True,True
78906,1.0,0.0,0.5,none,True,True
78907,1.0,0.0,0.5,none,True,True
78908,1.0,0.0,0.5,none,True,True
78909,1.0,0.0,0.5,none,True,True
78910,1.0,0.0,0.5,none,True,True
78911,1.0,0.0,0.5,none,True,True
78912,1.0,0.0,0.5,none,True,True
78913,1.0,0.0,0.5,none,True,True
78914,1.0,0.0,0.5,none,True,True
78915,1.0,0.0,0.5,none,True,True
78916,1.0,0.0,0.5,none,True,True
78917,1.0,0.0,0.5,none,True,True
78918,1.0,0.0,0.5,none,True,True
78919,1.0,0.0,0.5,none,True,True
78920,1.0,0.0,0.5,none,True,True
78921,1.0,0.0,0.5,none,True,True
78922,1.0,0.0,0.5,none,True,True
78923,1.0,0.0,0.5,none,True,True
78924,1.0,0.0,0.5,none,True,True
78925,1.0,0.0,0.5,none,True,True
78926,1.0,0.0,0.5,none,True,True
78927,1.0,0.0,0.5,none,True,True
78928,1.0,0.0,0.5,none,True,True
78929,1.0,0.0,0.5,none,True,True
78930,1.0,0.0,0.5,none,True,True
78931,1.0,0.0,0.5,none,True,True
78932,1.0,0.0,0.5,none,True,True
78933,1.0,0.0,0.5,none,True,True
78934,1.0,0.0,0.5,none,True,True
78935,1.0,0.0,0.5,none,True,True
78936,1.0,0.0,0.5,none,True,True
78937,1.0,0.0,0.5,none,True,True
78938,1.0,0.0,0.5,none,True,True
78939,1.0,0.0,0.5,none,True,True
78940,1.0,0.0,0.5,none,True,True
78941,1.0,0.0,0.5,none,True,True
78942,1.0,0.0,0.5,none,True,True
78943,1.0,0.0,0.5,none,True,True
78944,1.0,0.0,0.5,none,True,True
78945,1.0,0.0,0.5,none,True,True
78946,1.0,0.0,0.5,none,True,True
78947,1.0,0.0,0.5,none,True,True
78948,1.0,0.0,0.5,none,True,True
78949,1.0,0.0,0.5,none,True,True
78950,1.0,0.0,0.5,none,True,True
78951,1.0,0.0,0.5,none,True,True
78952,1.0,0.0,0.5,none,True,True
78953,1.0,0.0,0.5,none,True,True
78954,1.0,0.0,0.5,none,True,True
78955,1.0,0.0,0.5,none,True,True
78956,1.0,0.0,0.5,none,True,True
78957,1.0,0.0,0.5,none,True,True
78958,1.0,0.0,0.5,none,True,True
78959,1.0,0.0,0.5,none,True,True
78960,1.0,0.0,0.5,none,True,True
78961,1.0,0.0,0.5,none,True,True
78962,1.0,0.0,0.5,none,True,True
78963,1.0,0.0,0.5,none,True,True
78964,1.0,0.0,0.5,none,True,True
78965,1.0,0.0,0.5,none,True,True
78966,1.0,0.0,0.5,none,True,True
78967,1.0,0.0,0.5,none,True,True
78968,1.0,0.0,0.5,none,True,True
78969,1.0,0.0,0.5,none,True,True
78970,1.0,0.0,0.5,none,True,True
78971,1.0,0.0,0.5,none,True,True
78972,1.0,0.0,0.5,none,True,True
78973,1.0,0.0,0.5,none,True,True
78974,1.0,0.0,0.5,none,True,True
78975,1.0,0.0,0.5,none,True,True
78976,1.0,0.0,0.5,none,True,True
78977,1.0,0.0,0.5,none,True,True
78978,1.0,0.0,0.5,none,True,True
78979,1.0,0.0,0.5,none,True,True
78980,1.0,0.0,0.5,none,True,True
78981,1.0,0.0,0.5,none,True,True
78982,1.0,0.0,0.5,none,True,True
78983,1.0,0.0,0.5,none,True,True
78984,1.0,0.0,0.5,none,True,True
78985,1.0,0.0,0.5,none,True,True
78986,1.0,0.0,0.5,none,True,True
78987,1.0,0.0,0.5,none,True,True
78988,1.0,0.0,0.5,none,True,True
78989,1.0,0.0,0.5,none,True,True
78990,1.0,0.0,0.5,none,True,True
78991,1.0,0.0,0.5,none,True,True
78992,1.0,0.0,0.5,none,True,True
78993,1.0,0.0,0.5,none,True,True
78994,1.0,0.0,0.5,none,True,True
78995,1.0,0.0,0.5,none,True,True
78996,1.0,0.0,0.5,none,True,True
78997,1.0,0.0,0.5,none,True,True
78998,1.0,0.0,0.5,none,True,True
78999,1.0,0.0,0.5,none,True,True
79000,1.0,0.0,0.5,none,True,True
79001,1.0,0.0,0.5,none,True,True
79002,1.0,0.0,0.5,none,True,True
79003,1.0,0.0,0.5,none,True,True
79004,1.0,0.0,0.5,none,True,True
79005,1.0,0.0,0.5,none,True,True
79006,1.0,0.0,0.5,none,True,True
79007,1.0,0.0,0.5,none,True,True
79008,1.0,0.0,0.5,none,True,True
79009,1.0,0.0,0.5,none,True,True
79010,1.0,0.0,0.5,none,True,True
79011,1.0,0.0,0.5,none,True,True
79012,1.0,0.0,0.5,none,True,True
79013,1.0,0.0,0.5,none,True,True
79014,1.0,0.0,0.5,none,True,True
79015,1.0,0.0,0.5,none,True,True
79016,1.0,0.0,0.5,none,True,True
79017,1.0,0.0,0.5,none,True,True
79018,1.0,0.0,0.5,none,True,True
79019,1.0,0.0,0.5,none,True,True
79020,1.0,0.0,0.5,none,True,True
79021,1.0,0.0,0.5,none,True,True
79022,1.0,0.0,0.5,none,True,True
79023,1.0,0.0,0.5,none,True,True
79024,1.0,0.0,0.5,none,True,True
79025,1.0,0.0,0.5,none,True,True
79026,1.0,0.0,0.5,none,True,True
79027,1.0,0.0,0.5,none,True,True
79028,1.0,0.0,0.5,none,True,True
79029,1.0,0.0,0.5,none,True,True
79030,1.0,0.0,0.5,none,True,True
79031,1.0,0.0,0.5,none,True,True
79032,1.0,0.0,0.5,none,True,True
79033,1.0,0.0,0.5,none,True,True
79034,1.0,0.0,0.5,none,True,True
79035,1.0,0.0,0.5,none,True,True
79036,1.0,0.0,0.5,none,True,True
79037,1.0,0.0,0.5,none,True,True
79038,1.0,0.0,0.5,none,True,True
79039,1.0,0.0,0.5,none,True,True
79040,1.0,0.0,0.5,none,True,True
79041,1.0,0.0,0.5,none,True,True
79042,1.0,0.0,0.5,none,True,True
79043,1.0,0.0,0.5,none,True,True
79044,1.0,0.0,0.5,none,True,True
79045,1.0,0.0,0.5,none,True,True
79046,1.0,0.0,0.5,none,True,True
79047,1.0,0.0,0.5,none,True,True
79048,1.0,0.0,0.5,none,True,True
79049,1.0,0.0,0.5,none,True,True
79050,1.0,0.0,0.5,none,True,True
79051,1.0,0.0,0.5,none,True,True
79052,1.0,0.0,0.5,none,True,True
79053,1.0,0.0,0.5,none,True,True
79054,1.0,0.0,0.5,none,True,True
79055,1.0,0.0,0.5,none,True,True
79056,1.0,0.0,0.5,none,True,True
79057,1.0,0.0,0.5,none,True,True
79058,1.0,0.0,0.5,none,True,True
79059,1.0,0.0,0.5,none,True,True
79060,1.0,0.0,0.5,none,True,True
79061,1.0,0.0,0.5,none,True,True
79062,1.0,0.0,0.5,none,True,True
79063,1.0,0.0,0.5,none,True,True
79064,1.0,0.0,0.5,none,True,True
79065,1.0,0.0,0.5,none,True,True
79066,1.0,0.0,0.5,none,True,True
79067,1.0,0.0,0.5,none,True,True
79068,1.0,0.0,0.5,none,True,True
79069,1.0,0.0,0.5,none,True,True
79070,1.0,0.0,0.5,none,True,True
79071,1.0,0.0,0.5,none,True,True
79072,1.0,0.0,0.5,none,True,True
79073,1.0,0.0,0.5,none,True,True
79074,1.0,0.0,0.5,none,True,True
79075,1.0,0.0,0.5,none,True,True
79076,1.0,0.0,0.5,none,True,True
79077,1.0,0.0,0.5,none,True,True
79078,1.0,0.0,0.5,none,True,True
79079,1.0,0.0,0.5,none,True,True
79080,1.0,0.0,0.5,none,True,True
79081,1.0,0.0,0.5,none,True,True
79082,1.0,0.0,0.5,none,True,True
79083,1.0,0.0,0.5,none,True,True
79084,1.0,0.0,0.5,none,True,True
79085,1.0,0.0,0.5,none,True,True
79086,1.0,0.0,0.5,none,True,True
79087,1.0,0.0,0.5,none,True,True
79088,1.0,0.0,0.5,none,True,True
79089,1.0,0.0,0.5,none,True,True
79090,1.0,0.0,0.5,none,True,True
79091,1.0,0.0,0.5,none,True,True
79092,1.0,0.0,0.5,none,True,True
79093,1.0,0.0,0.5,none,True,True
79094,1.0,0.0,0.5,none,True,True
79095,1.0,0.0,0.5,none,True,True
79096,1.0,0.0,0.5,none,True,True
79097,1.0,0.0,0.5,none,True,True
79098,1.0,0.0,0.5,none,True,True
79099,1.0,0.0,0.5,none,True,True
79100,1.0,0.0061,0.5,none,True,True
79101,1.0,0.0357,0.5,none,True,True
79102,1.0,0.0812,0.5,none,True,True
79103,1.0,0.1113,0.5,none,True,True
79104,1.0,0.1253,0.5,none,True,True
79105,1.0,0.1408,0.5,none,True,True
79106,1.0,0.0907,0.5,none,True,True
79107,1.0,0.1198,0.5,none,True,True
79108,1.0,0.0467,0.5,none,True,True
79109,1.0,0.0522,0.5,none,True,True
79110,1.0,0.0405,0.5,none,True,True
79111,1.0,0.0313,0.5,none,True,True
79112,1.0,0.0083,0.5,none,True,True
79113,1.0,0.0726,0.5,none,True,True
79114,1.0,0.0793,0.5,none,True,True
79115,1.0,0.0581,0.5,none,True,True
79116,1.0,0.0955,0.5,none,True,True
79117,1.0,0.0839,0.5,none,True,True
79118,1.0,0.0648,0.5,none,True,True
79119,1.0,0.0718,0.5,none,True,True
79120,1.0,0.0589,0.5,none,True,True
79121,1.0,0.0403,0.5,none,True,True
79122,1.0,0.0327,0.5,none,True,True
79123,1.0,0.0277,0.5,none,True,True
79124,1.0,0.017,0.5,none,True,True
79125,1.0,0.0102,0.5,none,True,True
79126,1.0,0.0099,0.5,none,True,True
79127,1.0,0.008,0.5,none,True,True
79128,1.0,0.005,0.5,none,True,True
79129,1.0,0.0063,0.5,none,True,True
79130,1.0,0.009,0.5,none,True,True
79131,1.0,0.0096,0.5,none,True,True
79132,1.0,0.0108,0.5,none,True,True
79133,1.0,0.014,0.5,none,True,True
79134,1.0,0.0161,0.5,none,True,True
79135,1.0,0.0167,0.5,none,True,True
79136,1.0,0.0182,0.5,none,True,True
79137,1.0,0.0196,0.5,none,True,True
79138,1.0,0.0197,0.5,none,True,True
79139,1.0,0.0193,0.5,none,True,True
79140,1.0,0.0193,0.5,none,True,True
79141,1.0,0.0187,0.5,none,True,True
79142,1.0,0.0174,0.5,none,True,True
79143,1.0,0.0163,0.5,none,True,True
79144,1.0,0.0152,0.5,none,True,True
79145,1.0,0.0138,0.5,none,True,True
79146,1.0,0.0123,0.5,none,True,True
79147,1.0,0.0111,0.5,none,True,True
79148,1.0,0.01,0.5,none,True,True
79149,1.0,0.0088,0.5,none,True,True
79150,1.0,0.0078,0.5,none,True,True
79151,1.0,0.0071,0.5,none,True,True
79152,1.0,0.0064,0.5,none,True,True
79153,1.0,0.0057,0.5,none,True,True
79154,1.0,0.0053,0.5,none,True,True
79155,1.0,0.005,0.5,none,True,True
79156,1.0,0.0047,0.5,none,True,True
79157,1.0,0.0045,0.5,none,True,True
79158,1.0,0.0044,0.5,none,True,True
79159,1.0,0.0043,0.5,none,True,True
79160,1.0,0.0042,0.5,none,True,True
79161,1.0,0.0041,0.5,none,True,True
79162,1.0,0.004,0.5,none,True,True
79163,1.0,0.0039,0.5,none,True,True
79164,1.0,0.0038,0.5,none,True,True
79165,1.0,0.0037,0.5,none,True,True
79166,1.0,0.0035,0.5,none,True,True
79167,1.0,0.0033,0.5,none,True,True
79168,1.0,0.0032,0.5,none,True,True
79169,1.0,0.003,0.5,none,True,True
79170,1.0,0.0028,0.5,none,True,True
79171,1.0,0.0026,0.5,none,True,True
79172,1.0,0.0024,0.5,none,True,True
79173,1.0,0.0023,0.5,none,True,True
79174,1.0,0.0021,0.5,none,True,True
79175,1.0,0.0019,0.5,none,True,True
79176,1.0,0.0018,0.5,none,True,True
79177,1.0,0.0017,0.5,none,True,True
79178,1.0,0.0015,0.5,none,True,True
79179,1.0,0.0014,0.5,none,True,True
79180,1.0,0.0013,0.5,none,True,True
79181,1.0,0.0013,0.5,none,True,True
79182,1.0,0.0012,0.5,none,True,True
79183,1.0,0.0011,0.5,none,True,True
79184,1.0,0.0011,0.5,none,True,True
79185,1.0,0.001,0.5,none,True,True
79186,1.0,0.001,0.5,none,True,True
79187,1.0,0.0009,0.5,none,True,True
79188,1.0,0.0009,0.5,none,True,True
79189,1.0,0.0008,0.5,none,True,True
79190,1.0,0.0008,0.5,none,True,True
79191,1.0,0.0008,0.5,none,True,True
79192,1.0,0.0007,0.5,none,True,True
79193,1.0,0.0007,0.5,none,True,True
79194,1.0,0.0006,0.5,none,True,True
79195,1.0,0.0006,0.5,none,True,True
79196,1.0,0.0006,0.5,none,True,True
79197,1.0,0.0005,0.5,none,True,True
79198,1.0,0.0005,0.5,none,True,True
79199,1.0,0.0005,0.5,none,True,True
79200,1.0,0.0004,0.5,none,True,True
79201,1.0,0.0004,0.5,none,True,True
79202,1.0,0.0004,0.5,none,True,True
79203,1.0,0.0004,0.5,none,True,True
79204,1.0,0.0003,0.5,none,True,True
79205,1.0,0.0003,0.5,none,True,True
79206,1.0,0.0003,0.5,none,True,True
79207,1.0,0.0003,0.5,none,True,True
79208,1.0,0.0003,0.5,none,True,True
79209,1.0,0.0003,0.5,none,True,True
79210,1.0,0.0002,0.5,none,True,True
79211,1.0,0.0002,0.5,none,True,True
79212,1.0,0.0002,0.5,none,True,True
79213,1.0,0.0002,0.5,none,True,True
79214,1.0,0.0002,0.5,none,True,True
79215,1.0,0.0002,0.5,none,True,True
79216,1.0,0.0002,0.5,none,True,True
79217,1.0,0.0002,0.5,none,True,True
79218,1.0,0.0002,0.5,none,True,True
79219,1.0,0.0001,0.5,none,True,True
79220,1.0,0.0001,0.5,none,True,True
79221,1.0,0.0001,0.5,none,True,True
79222,1.0,0.0001,0.5,none,True,True
79223,1.0,0.0001,0.5,none,True,True
79224,1.0,0.0001,0.5,none,True,True
79225,1.0,0.0001,0.5,none,True,True
79226,1.0,0.0001,0.5,none,True,True
79227,1.0,0.0001,0.5,none,True,True
79228,1.0,0.0001,0.5,none,True,True
79229,1.0,0.0001,0.5,none,True,True
79230,1.0,0.0001,0.5,none,True,True
79231,1.0,0.0001,0.5,none,True,True
79232,1.0,0.0001,0.5,none,True,True
79233,1.0,0.0001,0.5,none,True,True
79234,1.0,0.0001,0.5,none,True,True
79235,1.0,0.0001,0.5,none,True,True
79236,1.0,0.0001,0.5,none,True,True
79237,1.0,0.0,0.5,none,True,True
79238,1.0,0.0,0.5,none,True,True
79239,1.0,0.0,0.5,none,True,True
79240,1.0,0.0,0.5,none,True,True
79241,1.0,0.0,0.5,none,True,True
79242,1.0,0.0,0.5,none,True,True
79243,1.0,0.0,0.5,none,True,True
79244,1.0,0.0,0.5,none,True,True
79245,1.0,0.0,0.5,none,True,True
79246,1.0,0.0,0.5,none,True,True
79247,1.0,0.0,0.5,none,True,True
79248,1.0,0.0,0.5,none,True,True
79249,1.0,0.0,0.5,none,True,True
79250,1.0,0.0,0.5,none,True,True
79251,1.0,0.0,0.5,none,True,True
79252,1.0,0.0,0.5,none,True,True
79253,1.0,0.0,0.5,none,True,True
79254,1.0,0.0,0.5,none,True,True
79255,1.0,0.0,0.5,none,True,True
79256,1.0,0.0,0.5,none,True,True
79257,1.0,0.0,0.5,none,True,True
79258,1.0,0.0,0.5,none,True,True
79259,1.0,0.0,0.5,none,True,True
79260,1.0,0.0,0.5,none,True,True
79261,1.0,0.0,0.5,none,True,True
79262,1.0,0.0,0.5,none,True,True
79263,1.0,0.0,0.5,none,True,True
79264,1.0,0.0,0.5,none,True,True
79265,1.0,0.0,0.5,none,True,True
79266,1.0,0.0,0.5,none,True,True
79267,1.0,0.0,0.5,none,True,True
79268,1.0,0.0,0.5,none,True,True
79269,1.0,0.0,0.5,none,True,True
79270,1.0,0.0,0.5,none,True,True
79271,1.0,0.0,0.5,none,True,True
79272,1.0,0.0,0.5,none,True,True
79273,1.0,0.0,0.5,none,True,True
79274,1.0,0.0,0.5,none,True,True
79275,1.0,0.0,0.5,none,True,True
79276,1.0,0.0,0.5,none,True,True
79277,1.0,0.0,0.5,none,True,True
79278,1.0,0.0,0.5,none,True,True
79279,1.0,0.0,0.5,none,True,True
79280,1.0,0.0,0.5,none,True,True
79281,1.0,0.0,0.5,none,True,True
79282,1.0,0.0,0.5,none,True,True
79283,1.0,0.0,0.5,none,True,True
79284,1.0,0.0,0.5,none,True,True
79285,1.0,0.0,0.5,none,True,True
79286,1.0,0.0,0.5,none,True,True
79287,1.0,0.0,0.5,none,True,True
79288,1.0,0.0,0.5,none,True,True
79289,1.0,0.0,0.5,none,True,True
79290,1.0,0.0,0.5,none,True,True
79291,1.0,0.0,0.5,none,True,True
79292,1.0,0.0,0.5,none,True,True
79293,1.0,0.0,0.5,none,True,True
79294,1.0,0.0,0.5,none,True,True
79295,1.0,0.0,0.5,none,True,True
79296,1.0,0.0,0.5,none,True,True
79297,1.0,0.0,0.5,none,True,True
79298,1.0,0.0,0.5,none,True,True
79299,1.0,0.0,0.5,none,True,True
79300,1.0,0.0,0.5,none,True,True
79301,1.0,0.0,0.5,none,True,True
79302,1.0,0.0,0.5,none,True,True
79303,1.0,0.0,0.5,none,True,True
79304,1.0,0.0,0.5,none,True,True
79305,1.0,0.0,0.5,none,True,True
79306,1.0,0.0,0.5,none,True,True
79307,1.0,0.0,0.5,none,True,True
79308,1.0,0.0,0.5,none,True,True
79309,1.0,0.0,0.5,none,True,True
79310,1.0,0.0,0.5,none,True,True
79311,1.0,0.0,0.5,none,True,True
79312,1.0,0.0,0.5,none,True,True
79313,1.0,0.0,0.5,none,True,True
79314,1.0,0.0,0.5,none,True,True
79315,1.0,0.0,0.5,none,True,True
79316,1.0,0.0,0.5,none,True,True
79317,1.0,0.0,0.5,none,True,True
79318,1.0,0.0,0.5,none,True,True
79319,1.0,0.0,0.5,none,True,True
79320,1.0,0.0,0.5,none,True,True
79321,1.0,0.0,0.5,none,True,True
79322,1.0,0.0,0.5,none,True,True
79323,1.0,0.0,0.5,none,True,True
79324,1.0,0.0,0.5,none,True,True
79325,1.0,0.0,0.5,none,True,True
79326,1.0,0.0,0.5,none,True,True
79327,1.0,0.0,0.5,none,True,True
79328,1.0,0.0,0.5,none,True,True
79329,1.0,0.0,0.5,none,True,True
79330,1.0,0.0,0.5,none,True,True
79331,1.0,0.0,0.5,none,True,True
79332,1.0,0.0,0.5,none,True,True
79333,1.0,0.0,0.5,none,True,True
79334,1.0,0.0,0.5,none,True,True
79335,1.0,0.0,0.5,none,True,True
79336,1.0,0.0,0.5,none,True,True
79337,1.0,0.0,0.5,none,True,True
79338,1.0,0.0,0.5,none,True,True
79339,1.0,0.0,0.5,none,True,True
79340,1.0,0.0,0.5,none,True,True
79341,1.0,0.0,0.5,none,True,True
79342,1.0,0.0,0.5,none,True,True
79343,1.0,0.0,0.5,none,True,True
79344,1.0,0.0,0.5,none,True,True
79345,1.0,0.0,0.5,none,True,True
79346,1.0,0.0,0.5,none,True,True
79347,1.0,0.0,0.5,none,True,True
79348,1.0,0.0,0.5,none,True,True
79349,1.0,0.0,0.5,none,True,True
79350,1.0,0.0,0.5,none,True,True
79351,1.0,0.0,0.5,none,True,True
79352,1.0,0.0,0.5,none,True,True
79353,1.0,0.0,0.5,none,True,True
79354,1.0,0.0,0.5,none,True,True
79355,1.0,0.0,0.5,none,True,True
79356,1.0,0.0,0.5,none,True,True
79357,1.0,0.0,0.5,none,True,True
79358,1.0,0.0,0.5,none,True,True
79359,1.0,0.0,0.5,none,True,True
79360,1.0,0.0,0.5,none,True,True
79361,1.0,0.0,0.5,none,True,True
79362,1.0,0.0,0.5,none,True,True
79363,1.0,0.0,0.5,none,True,True
79364,1.0,0.0,0.5,none,True,True
79365,1.0,0.0,0.5,none,True,True
79366,1.0,0.0,0.5,none,True,True
79367,1.0,0.0,0.5,none,True,True
79368,1.0,0.0,0.5,none,True,True
79369,1.0,0.0,0.5,none,True,True
79370,1.0,0.0,0.5,none,True,True
79371,1.0,0.0,0.5,none,True,True
79372,1.0,0.0,0.5,none,True,True
79373,1.0,0.0,0.5,none,True,True
79374,1.0,0.0,0.5,none,True,True
79375,1.0,0.0,0.5,none,True,True
79376,1.0,0.0,0.5,none,True,True
79377,1.0,0.0,0.5,none,True,True
79378,1.0,0.0,0.5,none,True,True
79379,1.0,0.0,0.5,none,True,True
79380,1.0,0.0,0.5,none,True,True
79381,1.0,0.0,0.5,none,True,True
79382,1.0,0.0,0.5,none,True,True
79383,1.0,0.0,0.5,none,True,True
79384,1.0,0.0,0.5,none,True,True
79385,1.0,0.0,0.5,none,True,True
79386,1.0,0.0,0.5,none,True,True
79387,1.0,0.0,0.5,none,True,True
79388,1.0,0.0,0.5,none,True,True
79389,1.0,0.0,0.5,none,True,True
79390,1.0,0.0,0.5,none,True,True
79391,1.0,0.0,0.5,none,True,True
79392,1.0,0.0,0.5,none,True,True
79393,1.0,0.0,0.5,none,True,True
79394,1.0,0.0,0.5,none,True,True
79395,1.0,0.0,0.5,none,True,True
79396,1.0,0.0,0.5,none,True,True
79397,1.0,0.0,0.5,none,True,True
79398,1.0,0.0,0.5,none,True,True
79399,1.0,0.0,0.5,none,True,True
79400,1.0,0.0,0.5,none,True,True
79401,1.0,0.0,0.5,none,True,True
79402,1.0,0.0,0.5,none,True,True
79403,1.0,0.0,0.5,none,True,True
79404,1.0,0.0,0.5,none,True,True
79405,1.0,0.0,0.5,none,True,True
79406,1.0,0.0,0.5,none,True,True
79407,1.0,0.0,0.5,none,True,True
79408,1.0,0.0,0.5,none,True,True
79409,1.0,0.0,0.5,none,True,True
79410,1.0,0.0,0.5,none,True,True
79411,1.0,0.0,0.5,none,True,True
79412,1.0,0.0,0.5,none,True,True
79413,1.0,0.0,0.5,none,True,True
79414,1.0,0.0,0.5,none,True,True
79415,1.0,0.0,0.5,none,True,True
79416,1.0,0.0,0.5,none,True,True
79417,1.0,0.0,0.5,none,True,True
79418,1.0,0.0,0.5,none,True,True
79419,1.0,0.0,0.5,none,True,True
79420,1.0,0.0,0.5,none,True,True
79421,1.0,0.0,0.5,none,True,True
79422,1.0,0.0,0.5,none,True,True
79423,1.0,0.0,0.5,none,True,True
79424,1.0,0.0,0.5,none,True,True
79425,1.0,0.0,0.5,none,True,True
79426,1.0,0.0,0.5,none,True,True
79427,1.0,0.0,0.5,none,True,True
79428,1.0,0.0,0.5,none,True,True
79429,1.0,0.0,0.5,none,True,True
79430,1.0,0.0,0.5,none,True,True
79431,1.0,0.0,0.5,none,True,True
79432,1.0,0.0,0.5,none,True,True
79433,1.0,0.0,0.5,none,True,True
79434,1.0,0.0,0.5,none,True,True
79435,1.0,0.0,0.5,none,True,True
79436,1.0,0.0,0.5,none,True,True
79437,1.0,0.0,0.5,none,True,True
79438,1.0,0.0,0.5,none,True,True
79439,1.0,0.0,0.5,none,True,True
79440,1.0,0.0,0.5,none,True,True
79441,1.0,0.0,0.5,none,True,True
79442,1.0,0.0,0.5,none,True,True
79443,1.0,0.0,0.5,none,True,True
79444,1.0,0.0,0.5,none,True,True
79445,1.0,0.0,0.5,none,True,True
79446,1.0,0.0,0.5,none,True,True
79447,1.0,0.0,0.5,none,True,True
79448,1.0,0.0,0.5,none,True,True
79449,1.0,0.0,0.5,none,True,True
79450,1.0,0.0,0.5,none,True,True
79451,1.0,0.0,0.5,none,True,True
79452,1.0,0.0,0.5,none,True,True
79453,1.0,0.0,0.5,none,True,True
79454,1.0,0.0,0.5,none,True,True
79455,1.0,0.0,0.5,none,True,True
79456,1.0,0.0,0.5,none,True,True
79457,1.0,0.0,0.5,none,True,True
79458,1.0,0.0,0.5,none,True,True
79459,1.0,0.0,0.5,none,True,True
79460,1.0,0.0,0.5,none,True,True
79461,1.0,0.0,0.5,none,True,True
79462,1.0,0.0,0.5,none,True,True
79463,1.0,0.0,0.5,none,True,True
79464,1.0,0.0,0.5,none,True,True
79465,1.0,0.0,0.5,none,True,True
79466,1.0,0.0,0.5,none,True,True
79467,1.0,0.0,0.5,none,True,True
79468,1.0,0.0,0.5,none,True,True
79469,1.0,0.0,0.5,none,True,True
79470,1.0,0.0,0.5,none,True,True
79471,1.0,0.0,0.5,none,True,True
79472,1.0,0.0,0.5,none,True,True
79473,1.0,0.0,0.5,none,True,True
79474,1.0,0.0,0.5,none,True,True
79475,1.0,0.0,0.5,none,True,True
79476,1.0,0.0,0.5,none,True,True
79477,1.0,0.0,0.5,none,True,True
79478,1.0,0.0,0.5,none,True,True
79479,1.0,0.0,0.5,none,True,True
79480,1.0,0.0,0.5,none,True,True
79481,1.0,0.0,0.5,none,True,True
79482,1.0,0.0,0.5,none,True,True
79483,1.0,0.0,0.5,none,True,True
79484,1.0,0.0,0.5,none,True,True
79485,1.0,0.0,0.5,none,True,True
79486,1.0,0.0,0.5,none,True,True
79487,1.0,0.0,0.5,none,True,True
79488,1.0,0.0,0.5,none,True,True
79489,1.0,0.0,0.5,none,True,True
79490,1.0,0.0,0.5,none,True,True
79491,1.0,0.0,0.5,none,True,True
79492,1.0,0.0,0.5,none,True,True
79493,1.0,0.0,0.5,none,True,True
79494,1.0,0.0,0.5,none,True,True
79495,1.0,0.0,0.5,none,True,True
79496,1.0,0.0,0.5,none,True,True
79497,1.0,0.0,0.5,none,True,True
79498,1.0,0.0,0.5,none,True,True
79499,1.0,0.0,0.5,none,True,True
79500,1.0,0.0,0.5,none,True,True
79501,1.0,0.0,0.5,none,True,True
79502,1.0,0.0,0.5,none,True,True
79503,1.0,0.0,0.5,none,True,True
79504,1.0,0.0,0.5,none,True,True
79505,1.0,0.0,0.5,none,True,True
79506,1.0,0.0,0.5,none,True,True
79507,1.0,0.0,0.5,none,True,True
79508,1.0,0.0,0.5,none,True,True
79509,1.0,0.0,0.5,none,True,True
79510,1.0,0.0,0.5,none,True,True
79511,1.0,0.0,0.5,none,True,True
79512,1.0,0.0,0.5,none,True,True
79513,1.0,0.0,0.5,none,True,True
79514,1.0,0.0,0.5,none,True,True
79515,1.0,0.0,0.5,none,True,True
79516,1.0,0.0,0.5,none,True,True
79517,1.0,0.0,0.5,none,True,True
79518,1.0,0.0,0.5,none,True,True
79519,1.0,0.0,0.5,none,True,True
79520,1.0,0.0,0.5,none,True,True
79521,1.0,0.0,0.5,none,True,True
79522,1.0,0.0,0.5,none,True,True
79523,1.0,0.0,0.5,none,True,True
79524,1.0,0.0,0.5,none,True,True
79525,1.0,0.0,0.5,none,True,True
79526,1.0,0.0,0.5,none,True,True
79527,1.0,0.0,0.5,none,True,True
79528,1.0,0.0,0.5,none,True,True
79529,1.0,0.0,0.5,none,True,True
79530,1.0,0.0,0.5,none,True,True
79531,1.0,0.0,0.5,none,True,True
79532,1.0,0.0,0.5,none,True,True
79533,1.0,0.0,0.5,none,True,True
79534,1.0,0.0,0.5,none,True,True
79535,1.0,0.0,0.5,none,True,True
79536,1.0,0.0,0.5,none,True,True
79537,1.0,0.0,0.5,none,True,True
79538,1.0,0.0,0.5,none,True,True
79539,1.0,0.0,0.5,none,True,True
79540,1.0,0.0,0.5,none,True,True
79541,1.0,0.0,0.5,none,True,True
79542,1.0,0.0,0.5,none,True,True
79543,1.0,0.0,0.5,none,True,True
79544,1.0,0.0,0.5,none,True,True
79545,1.0,0.0,0.5,none,True,True
79546,1.0,0.0,0.5,none,True,True
79547,1.0,0.0,0.5,none,True,True
79548,1.0,0.0,0.5,none,True,True
79549,1.0,0.0,0.5,none,True,True
79550,1.0,0.0,0.5,none,True,True
79551,1.0,0.0,0.5,none,True,True
79552,1.0,0.0,0.5,none,True,True
79553,1.0,0.0,0.5,none,True,True
79554,1.0,0.0,0.5,none,True,True
79555,1.0,0.0,0.5,none,True,True
79556,1.0,0.0,0.5,none,True,True
79557,1.0,0.0,0.5,none,True,True
79558,1.0,0.0,0.5,none,True,True
79559,1.0,0.0,0.5,none,True,True
79560,1.0,0.0,0.5,none,True,True
79561,1.0,0.0,0.5,none,True,True
79562,1.0,0.0,0.5,none,True,True
79563,1.0,0.0,0.5,none,True,True
79564,1.0,0.0,0.5,none,True,True
79565,1.0,0.0,0.5,none,True,True
79566,1.0,0.0,0.5,none,True,True
79567,1.0,0.0,0.5,none,True,True
79568,1.0,0.0,0.5,none,True,True
79569,1.0,0.0,0.5,none,True,True
79570,1.0,0.0,0.5,none,True,True
79571,1.0,0.0,0.5,none,True,True
79572,1.0,0.0,0.5,none,True,True
79573,1.0,0.0,0.5,none,True,True
79574,1.0,0.0,0.5,none,True,True
79575,1.0,0.0,0.5,none,True,True
79576,1.0,0.0,0.5,none,True,True
79577,1.0,0.0,0.5,none,True,True
79578,1.0,0.0,0.5,none,True,True
79579,1.0,0.0,0.5,none,True,True
79580,1.0,0.0,0.5,none,True,True
79581,1.0,0.0,0.5,none,True,True
79582,1.0,0.0,0.5,none,True,True
79583,1.0,0.0,0.5,none,True,True
79584,1.0,0.0,0.5,none,True,True
79585,1.0,0.0,0.5,none,True,True
79586,1.0,0.0,0.5,none,True,True
79587,1.0,0.0,0.5,none,True,True
79588,1.0,0.0,0.5,none,True,True
79589,1.0,0.0,0.5,none,True,True
79590,1.0,0.0,0.5,none,True,True
79591,1.0,0.0,0.5,none,True,True
79592,1.0,0.0,0.5,none,True,True
79593,1.0,0.0,0.5,none,True,True
79594,1.0,0.0,0.5,none,True,True
79595,1.0,0.0,0.5,none,True,True
79596,1.0,0.0,0.5,none,True,True
79597,1.0,0.0,0.5,none,True,True
79598,1.0,0.0,0.5,none,True,True
79599,1.0,0.0,0.5,none,True,True
79600,1.0,0.0,0.5,none,True,True
79601,1.0,0.0,0.5,none,True,True
79602,1.0,0.0,0.5,none,True,True
79603,1.0,0.0,0.5,none,True,True
79604,1.0,0.0,0.5,none,True,True
79605,1.0,0.0,0.5,none,True,True
79606,1.0,0.0,0.5,none,True,True
79607,1.0,0.0,0.5,none,True,True
79608,1.0,0.0,0.5,none,True,True
79609,1.0,0.0,0.5,none,True,True
79610,1.0,0.0,0.5,none,True,True
79611,1.0,0.0,0.5,none,True,True
79612,1.0,0.0,0.5,none,True,True
79613,1.0,0.0,0.5,none,True,True
79614,1.0,0.0,0.5,none,True,True
79615,1.0,0.0,0.5,none,True,True
79616,1.0,0.0,0.5,none,True,True
79617,1.0,0.0,0.5,none,True,True
79618,1.0,0.0,0.5,none,True,True
79619,1.0,0.0,0.5,none,True,True
79620,1.0,0.0,0.5,none,True,True
79621,1.0,0.0,0.5,none,True,True
79622,1.0,0.0,0.5,none,True,True
79623,1.0,0.0,0.5,none,True,True
79624,1.0,0.0,0.5,none,True,True
79625,1.0,0.0,0.5,none,True,True
79626,1.0,0.0,0.5,none,True,True
79627,1.0,0.0,0.5,none,True,True
79628,1.0,0.0,0.5,none,True,True
79629,1.0,0.0,0.5,none,True,True
79630,1.0,0.0,0.5,none,True,True
79631,1.0,0.0,0.5,none,True,True
79632,1.0,0.0,0.5,none,True,True
79633,1.0,0.0,0.5,none,True,True
79634,1.0,0.0,0.5,none,True,True
79635,1.0,0.0,0.5,none,True,True
79636,1.0,0.0,0.5,none,True,True
79637,1.0,0.0,0.5,none,True,True
79638,1.0,0.0,0.5,none,True,True
79639,1.0,0.0,0.5,none,True,True
79640,1.0,0.0,0.5,none,True,True
79641,1.0,0.0,0.5,none,True,True
79642,1.0,0.0,0.5,none,True,True
79643,1.0,0.0,0.5,none,True,True
79644,1.0,0.0,0.5,none,True,True
79645,1.0,0.0,0.5,none,True,True
79646,1.0,0.0,0.5,none,True,True
79647,1.0,0.0,0.5,none,True,True
79648,1.0,0.0,0.5,none,True,True
79649,1.0,0.0,0.5,none,True,True
79650,1.0,0.0,0.5,none,True,True
79651,1.0,0.0,0.5,none,True,True
79652,1.0,0.0,0.5,none,True,True
79653,1.0,0.0,0.5,none,True,True
79654,1.0,0.0,0.5,none,True,True
79655,1.0,0.0,0.5,none,True,True
79656,1.0,0.0,0.5,none,True,True
79657,1.0,0.0,0.5,none,True,True
79658,1.0,0.0,0.5,none,True,True
79659,1.0,0.0,0.5,none,True,True
79660,1.0,0.0,0.5,none,True,True
79661,1.0,0.0,0.5,none,True,True
79662,1.0,0.0,0.5,none,True,True
79663,1.0,0.0,0.5,none,True,True
79664,1.0,0.0,0.5,none,True,True
79665,1.0,0.0,0.5,none,True,True
79666,1.0,0.0,0.5,none,True,True
79667,1.0,0.0,0.5,none,True,True
79668,1.0,0.0,0.5,none,True,True
79669,1.0,0.0,0.5,none,True,True
79670,1.0,0.0,0.5,none,True,True
79671,1.0,0.0,0.5,none,True,True
79672,1.0,0.0,0.5,none,True,True
79673,1.0,0.0,0.5,none,True,True
79674,1.0,0.0,0.5,none,True,True
79675,1.0,0.0,0.5,none,True,True
79676,1.0,0.0,0.5,none,True,True
79677,1.0,0.0,0.5,none,True,True
79678,1.0,0.0,0.5,none,True,True
79679,1.0,0.0,0.5,none,True,True
79680,1.0,0.0,0.5,none,True,True
79681,1.0,0.0,0.5,none,True,True
79682,1.0,0.0,0.5,none,True,True
79683,1.0,0.0,0.5,none,True,True
79684,1.0,0.0,0.5,none,True,True
79685,1.0,0.0,0.5,none,True,True
79686,1.0,0.0,0.5,none,True,True
79687,1.0,0.0,0.5,none,True,True
79688,1.0,0.0,0.5,none,True,True
79689,1.0,0.0,0.5,none,True,True
79690,1.0,0.0,0.5,none,True,True
79691,1.0,0.0,0.5,none,True,True
79692,1.0,0.0,0.5,none,True,True
79693,1.0,0.0,0.5,none,True,True
79694,1.0,0.0,0.5,none,True,True
79695,1.0,0.0,0.5,none,True,True
79696,1.0,0.0,0.5,none,True,True
79697,1.0,0.0,0.5,none,True,True
79698,1.0,0.0,0.5,none,True,True
79699,1.0,0.0,0.5,none,True,True
79700,1.0,0.0,0.5,none,True,True
79701,1.0,0.0,0.5,none,True,True
79702,1.0,0.0,0.5,none,True,True
79703,1.0,0.0,0.5,none,True,True
79704,1.0,0.0,0.5,none,True,True
79705,1.0,0.0,0.5,none,True,True
79706,1.0,0.0,0.5,none,True,True
79707,1.0,0.0,0.5,none,True,True
79708,1.0,0.0,0.5,none,True,True
79709,1.0,0.0,0.5,none,True,True
79710,1.0,0.0,0.5,none,True,True
79711,1.0,0.0,0.5,none,True,True
79712,1.0,0.0,0.5,none,True,True
79713,1.0,0.0,0.5,none,True,True
79714,1.0,0.0,0.5,none,True,True
79715,1.0,0.0,0.5,none,True,True
79716,1.0,0.0,0.5,none,True,True
79717,1.0,0.0,0.5,none,True,True
79718,1.0,0.0,0.5,none,True,True
79719,1.0,0.0,0.5,none,True,True
79720,1.0,0.0,0.5,none,True,True
79721,1.0,0.0,0.5,none,True,True
79722,1.0,0.0,0.5,none,True,True
79723,1.0,0.0,0.5,none,True,True
79724,1.0,0.0,0.5,none,True,True
79725,1.0,0.0,0.5,none,True,True
79726,1.0,0.0,0.5,none,True,True
79727,1.0,0.0,0.5,none,True,True
79728,1.0,0.0,0.5,none,True,True
79729,1.0,0.0,0.5,none,True,True
79730,1.0,0.0,0.5,none,True,True
79731,1.0,0.0,0.5,none,True,True
79732,1.0,0.0,0.5,none,True,True
79733,1.0,0.0,0.5,none,True,True
79734,1.0,0.0,0.5,none,True,True
79735,1.0,0.0,0.5,none,True,True
79736,1.0,0.0,0.5,none,True,True
79737,1.0,0.0,0.5,none,True,True
79738,1.0,0.0,0.5,none,True,True
79739,1.0,0.0,0.5,none,True,True
79740,1.0,0.0,0.5,none,True,True
79741,1.0,0.0,0.5,none,True,True
79742,1.0,0.0,0.5,none,True,True
79743,1.0,0.0,0.5,none,True,True
79744,1.0,0.0,0.5,none,True,True
79745,1.0,0.0,0.5,none,True,True
79746,1.0,0.0,0.5,none,True,True
79747,1.0,0.0,0.5,none,True,True
79748,1.0,0.0,0.5,none,True,True
79749,1.0,0.0,0.5,none,True,True
79750,1.0,0.0,0.5,none,True,True
79751,1.0,0.0,0.5,none,True,True
79752,1.0,0.0,0.5,none,True,True
79753,1.0,0.0,0.5,none,True,True
79754,1.0,0.0,0.5,none,True,True
79755,1.0,0.0,0.5,none,True,True
79756,1.0,0.0,0.5,none,True,True
79757,1.0,0.0,0.5,none,True,True
79758,1.0,0.0,0.5,none,True,True
79759,1.0,0.0,0.5,none,True,True
79760,1.0,0.0,0.5,none,True,True
79761,1.0,0.0,0.5,none,True,True
79762,1.0,0.0,0.5,none,True,True
79763,1.0,0.0,0.5,none,True,True
79764,1.0,0.0,0.5,none,True,True
79765,1.0,0.0,0.5,none,True,True
79766,1.0,0.0,0.5,none,True,True
79767,1.0,0.0,0.5,none,True,True
79768,1.0,0.0,0.5,none,True,True
79769,1.0,0.0,0.5,none,True,True
79770,1.0,0.0,0.5,none,True,True
79771,1.0,0.0,0.5,none,True,True
79772,1.0,0.0,0.5,none,True,True
79773,1.0,0.0,0.5,none,True,True
79774,1.0,0.0,0.5,none,True,True
79775,1.0,0.0,0.5,none,True,True
79776,1.0,0.0,0.5,none,True,True
79777,1.0,0.0,0.5,none,True,True
79778,1.0,0.0,0.5,none,True,True
79779,1.0,0.0,0.5,none,True,True
79780,1.0,0.0,0.5,none,True,True
79781,1.0,0.0,0.5,none,True,True
79782,1.0,0.0,0.5,none,True,True
79783,1.0,0.0,0.5,none,True,True
79784,1.0,0.0,0.5,none,True,True
79785,1.0,0.0,0.5,none,True,True
79786,1.0,0.0,0.5,none,True,True
79787,1.0,0.0,0.5,none,True,True
79788,1.0,0.0,0.5,none,True,True
79789,1.0,0.0,0.5,none,True,True
79790,1.0,0.0,0.5,none,True,True
79791,1.0,0.0,0.5,none,True,True
79792,1.0,0.0,0.5,none,True,True
79793,1.0,0.0,0.5,none,True,True
79794,1.0,0.0,0.5,none,True,True
79795,1.0,0.0,0.5,none,True,True
79796,1.0,0.0,0.5,none,True,True
79797,1.0,0.0,0.5,none,True,True
79798,1.0,0.0,0.5,none,True,True
79799,1.0,0.0,0.5,none,True,True
79800,1.0,0.0061,0.5,none,True,True
79801,1.0,0.0357,0.5,none,True,True
79802,1.0,0.0812,0.5,none,True,True
79803,1.0,0.1113,0.5,none,True,True
79804,1.0,0.1253,0.5,none,True,True
79805,1.0,0.1408,0.5,none,True,True
79806,1.0,0.0907,0.5,none,True,True
79807,1.0,0.1198,0.5,none,True,True
79808,1.0,0.0467,0.5,none,True,True
79809,1.0,0.0522,0.5,none,True,True
79810,1.0,0.0405,0.5,none,True,True
79811,1.0,0.0313,0.5,none,True,True
79812,1.0,0.0083,0.5,none,True,True
79813,1.0,0.0726,0.5,none,True,True
79814,1.0,0.0793,0.5,none,True,True
79815,1.0,0.0581,0.5,none,True,True
79816,1.0,0.0955,0.5,none,True,True
79817,1.0,0.0839,0.5,none,True,True
79818,1.0,0.0648,0.5,none,True,True
79819,1.0,0.0718,0.5,none,True,True
79820,1.0,0.0589,0.5,none,True,True
79821,1.0,0.0403,0.5,none,True,True
79822,1.0,0.0327,0.5,none,True,True
79823,1.0,0.0277,0.5,none,True,True
79824,1.0,0.017,0.5,none,True,True
79825,1.0,0.0102,0.5,none,True,True
79826,1.0,0.0099,0.5,none,True,True
79827,1.0,0.008,0.5,none,True,True
79828,1.0,0.005,0.5,none,True,True
79829,1.0,0.0063,0.5,none,True,True
79830,1.0,0.009,0.5,none,True,True
79831,1.0,0.0096,0.5,none,True,True
79832,1.0,0.0108,0.5,none,True,True
79833,1.0,0.014,0.5,none,True,True
79834,1.0,0.0161,0.5,none,True,True
79835,1.0,0.0167,0.5,none,True,True
79836,1.0,0.0182,0.5,none,True,True
79837,1.0,0.0196,0.5,none,True,True
79838,1.0,0.0197,0.5,none,True,True
79839,1.0,0.0193,0.5,none,True,True
79840,1.0,0.0193,0.5,none,True,True
79841,1.0,0.0187,0.5,none,True,True
79842,1.0,0.0174,0.5,none,True,True
79843,1.0,0.0163,0.5,none,True,True
79844,1.0,0.0152,0.5,none,True,True
79845,1.0,0.0138,0.5,none,True,True
79846,1.0,0.0123,0.5,none,True,True
79847,1.0,0.0111,0.5,none,True,True
79848,1.0,0.01,0.5,none,True,True
79849,1.0,0.0088,0.5,none,True,True
79850,1.0,0.0078,0.5,none,True,True
79851,1.0,0.0071,0.5,none,True,True
79852,1.0,0.0064,0.5,none,True,True
79853,1.0,0.0057,0.5,none,True,True
79854,1.0,0.0053,0.5,none,True,True
79855,1.0,0.005,0.5,none,True,True
79856,1.0,0.0047,0.5,none,True,True
79857,1.0,0.0045,0.5,none,True,True
79858,1.0,0.0044,0.5,none,True,True
79859,1.0,0.0043,0.5,none,True,True
79860,1.0,0.0042,0.5,none,True,True
79861,1.0,0.0041,0.5,none,True,True
79862,1.0,0.004,0.5,none,True,True
79863,1.0,0.0039,0.5,none,True,True
79864,1.0,0.0038,0.5,none,True,True
79865,1.0,0.0037,0.5,none,True,True
79866,1.0,0.0035,0.5,none,True,True
79867,1.0,0.0033,0.5,none,True,True
79868,1.0,0.0032,0.5,none,True,True
79869,1.0,0.003,0.5,none,True,True
79870,1.0,0.0028,0.5,none,True,True
79871,1.0,0.0026,0.5,none,True,True
79872,1.0,0.0024,0.5,none,True,True
79873,1.0,0.0023,0.5,none,True,True
79874,1.0,0.0021,0.5,none,True,True
79875,1.0,0.0019,0.5,none,True,True
79876,1.0,0.0018,0.5,none,True,True
79877,1.0,0.0017,0.5,none,True,True
79878,1.0,0.0015,0.5,none,True,True
79879,1.0,0.0014,0.5,none,True,True
79880,1.0,0.0013,0.5,none,True,True
79881,1.0,0.0013,0.5,none,True,True
79882,1.0,0.0012,0.5,none,True,True
79883,1.0,0.0011,0.5,none,True,True
79884,1.0,0.0011,0.5,none,True,True
79885,1.0,0.001,0.5,none,True,True
79886,1.0,0.001,0.5,none,True,True
79887,1.0,0.0009,0.5,none,True,True
79888,1.0,0.0009,0.5,none,True,True
79889,1.0,0.0008,0.5,none,True,True
79890,1.0,0.0008,0.5,none,True,True
79891,1.0,0.0008,0.5,none,True,True
79892,1.0,0.0007,0.5,none,True,True
79893,1.0,0.0007,0.5,none,True,True
79894,1.0,0.0006,0.5,none,True,True
79895,1.0,0.0006,0.5,none,True,True
79896,1.0,0.0006,0.5,none,True,True
79897,1.0,0.0005,0.5,none,True,True
79898,1.0,0.0005,0.5,none,True,True
79899,1.0,0.0005,0.5,none,True,True
79900,1.0,0.0004,0.5,none,True,True
79901,1.0,0.0004,0.5,none,True,True
79902,1.0,0.0004,0.5,none,True,True
79903,1.0,0.0004,0.5,none,True,True
79904,1.0,0.0003,0.5,none,True,True
79905,1.0,0.0003,0.5,none,True,True
79906,1.0,0.0003,0.5,none,True,True
79907,1.0,0.0003,0.5,none,True,True
79908,1.0,0.0003,0.5,none,True,True
79909,1.0,0.0003,0.5,none,True,True
79910,1.0,0.0002,0.5,none,True,True
79911,1.0,0.0002,0.5,none,True,True
79912,1.0,0.0002,0.5,none,True,True
79913,1.0,0.0002,0.5,none,True,True
79914,1.0,0.0002,0.5,none,True,True
79915,1.0,0.0002,0.5,none,True,True
79916,1.0,0.0002,0.5,none,True,True
79917,1.0,0.0002,0.5,none,True,True
79918,1.0,0.0002,0.5,none,True,True
79919,1.0,0.0001,0.5,none,True,True
79920,1.0,0.0001,0.5,none,True,True
79921,1.0,0.0001,0.5,none,True,True
79922,1.0,0.0001,0.5,none,True,True
79923,1.0,0.0001,0.5,none,True,True
79924,1.0,0.0001,0.5,none,True,True
79925,1.0,0.0001,0.5,none,True,True
79926,1.0,0.0001,0.5,none,True,True
79927,1.0,0.0001,0.5,none,True,True
79928,1.0,0.0001,0.5,none,True,True
79929,1.0,0.0001,0.5,none,True,True
79930,1.0,0.0001,0.5,none,True,True
79931,1.0,0.0001,0.5,none,True,True
79932,1.0,0.0001,0.5,none,True,True
79933,1.0,0.0001,0.5,none,True,True
79934,1.0,0.0001,0.5,none,True,True
79935,1.0,0.0001,0.5,none,True,True
79936,1.0,0.0001,0.5,none,True,True
79937,1.0,0.0,0.5,none,True,True
79938,1.0,0.0,0.5,none,True,True
79939,1.0,0.0,0.5,none,True,True
79940,1.0,0.0,0.5,none,True,True
79941,1.0,0.0,0.5,none,True,True
79942,1.0,0.0,0.5,none,True,True
79943,1.0,0.0,0.5,none,True,True
79944,1.0,0.0,0.5,none,True,True
79945,1.0,0.0,0.5,none,True,True
79946,1.0,0.0,0.5,none,True,True
79947,1.0,0.0,0.5,none,True,True
79948,1.0,0.0,0.5,none,True,True
79949,1.0,0.0,0.5,none,True,True
79950,1.0,0.0,0.5,none,True,True
79951,1.0,0.0,0.5,none,True,True
79952,1.0,0.0,0.5,none,True,True
79953,1.0,0.0,0.5,none,True,True
79954,1.0,0.0,0.5,none,True,True
79955,1.0,0.0,0.5,none,True,True
79956,1.0,0.0,0.5,none,True,True
79957,1.0,0.0,0.5,none,True,True
79958,1.0,0.0,0.5,none,True,True
79959,1.0,0.0,0.5,none,True,True
79960,1.0,0.0,0.5,none,True,True
79961,1.0,0.0,0.5,none,True,True
79962,1.0,0.0,0.5,none,True,True
79963,1.0,0.0,0.5,none,True,True
79964,1.0,0.0,0.5,none,True,True
79965,1.0,0.0,0.5,none,True,True
79966,1.0,0.0,0.5,none,True,True
79967,1.0,0.0,0.5,none,True,True
79968,1.0,0.0,0.5,none,True,True
79969,1.0,0.0,0.5,none,True,True
79970,1.0,0.0,0.5,none,True,True
79971,1.0,0.0,0.5,none,True,True
79972,1.0,0.0,0.5,none,True,True
79973,1.0,0.0,0.5,none,True,True
79974,1.0,0.0,0.5,none,True,True
79975,1.0,0.0,0.5,none,True,True
79976,1.0,0.0,0.5,none,True,True
79977,1.0,0.0,0.5,none,True,True
79978,1.0,0.0,0.5,none,True,True
79979,1.0,0.0,0.5,none,True,True
79980,1.0,0.0,0.5,none,True,True
79981,1.0,0.0,0.5,none,True,True
79982,1.0,0.0,0.5,none,True,True
79983,1.0,0.0,0.5,none,True,True
79984,1.0,0.0,0.5,none,True,True
79985,1.0,0.0,0.5,none,True,True
79986,1.0,0.0,0.5,none,True,True
79987,1.0,0.0,0.5,none,True,True
79988,1.0,0.0,0.5,none,True,True
79989,1.0,0.0,0.5,none,True,True
79990,1.0,0.0,0.5,none,True,True
79991,1.0,0.0,0.5,none,True,True
79992,1.0,0.0,0.5,none,True,True
79993,1.0,0.0,0.5,none,True,True
79994,1.0,0.0,0.5,none,True,True
79995,1.0,0.0,0.5,none,True,True
79996,1.0,0.0,0.5,none,True,True
79997,1.0,0.0,0.5,none,True,True
79998,1.0,0.0,0.5,none,True,True
79999,1.0,0.0,0.5,none,True,True
80000,1.0,0.0,0.5,none,True,True
80001,1.0,0.0,0.5,none,True,True
80002,1.0,0.0,0.5,none,True,True
80003,1.0,0.0,0.5,none,True,True
80004,1.0,0.0,0.5,none,True,True
80005,1.0,0.0,0.5,none,True,True
80006,1.0,0.0,0.5,none,True,True
80007,1.0,0.0,0.5,none,True,True
80008,1.0,0.0,0.5,none,True,True
80009,1.0,0.0,0.5,none,True,True
80010,1.0,0.0,0.5,none,True,True
80011,1.0,0.0,0.5,none,True,True
80012,1.0,0.0,0.5,none,True,True
80013,1.0,0.0,0.5,none,True,True
80014,1.0,0.0,0.5,none,True,True
80015,1.0,0.0,0.5,none,True,True
80016,1.0,0.0,0.5,none,True,True
80017,1.0,0.0,0.5,none,True,True
80018,1.0,0.0,0.5,none,True,True
80019,1.0,0.0,0.5,none,True,True
80020,1.0,0.0,0.5,none,True,True
80021,1.0,0.0,0.5,none,True,True
80022,1.0,0.0,0.5,none,True,True
80023,1.0,0.0,0.5,none,True,True
80024,1.0,0.0,0.5,none,True,True
80025,1.0,0.0,0.5,none,True,True
80026,1.0,0.0,0.5,none,True,True
80027,1.0,0.0,0.5,none,True,True
80028,1.0,0.0,0.5,none,True,True
80029,1.0,0.0,0.5,none,True,True
80030,1.0,0.0,0.5,none,True,True
80031,1.0,0.0,0.5,none,True,True
80032,1.0,0.0,0.5,none,True,True
80033,1.0,0.0,0.5,none,True,True
80034,1.0,0.0,0.5,none,True,True
80035,1.0,0.0,0.5,none,True,True
80036,1.0,0.0,0.5,none,True,True
80037,1.0,0.0,0.5,none,True,True
80038,1.0,0.0,0.5,none,True,True
80039,1.0,0.0,0.5,none,True,True
80040,1.0,0.0,0.5,none,True,True
80041,1.0,0.0,0.5,none,True,True
80042,1.0,0.0,0.5,none,True,True
80043,1.0,0.0,0.5,none,True,True
80044,1.0,0.0,0.5,none,True,True
80045,1.0,0.0,0.5,none,True,True
80046,1.0,0.0,0.5,none,True,True
80047,1.0,0.0,0.5,none,True,True
80048,1.0,0.0,0.5,none,True,True
80049,1.0,0.0,0.5,none,True,True
80050,1.0,0.0,0.5,none,True,True
80051,1.0,0.0,0.5,none,True,True
80052,1.0,0.0,0.5,none,True,True
80053,1.0,0.0,0.5,none,True,True
80054,1.0,0.0,0.5,none,True,True
80055,1.0,0.0,0.5,none,True,True
80056,1.0,0.0,0.5,none,True,True
80057,1.0,0.0,0.5,none,True,True
80058,1.0,0.0,0.5,none,True,True
80059,1.0,0.0,0.5,none,True,True
80060,1.0,0.0,0.5,none,True,True
80061,1.0,0.0,0.5,none,True,True
80062,1.0,0.0,0.5,none,True,True
80063,1.0,0.0,0.5,none,True,True
80064,1.0,0.0,0.5,none,True,True
80065,1.0,0.0,0.5,none,True,True
80066,1.0,0.0,0.5,none,True,True
80067,1.0,0.0,0.5,none,True,True
80068,1.0,0.0,0.5,none,True,True
80069,1.0,0.0,0.5,none,True,True
80070,1.0,0.0,0.5,none,True,True
80071,1.0,0.0,0.5,none,True,True
80072,1.0,0.0,0.5,none,True,True
80073,1.0,0.0,0.5,none,True,True
80074,1.0,0.0,0.5,none,True,True
80075,1.0,0.0,0.5,none,True,True
80076,1.0,0.0,0.5,none,True,True
80077,1.0,0.0,0.5,none,True,True
80078,1.0,0.0,0.5,none,True,True
80079,1.0,0.0,0.5,none,True,True
80080,1.0,0.0,0.5,none,True,True
80081,1.0,0.0,0.5,none,True,True
80082,1.0,0.0,0.5,none,True,True
80083,1.0,0.0,0.5,none,True,True
80084,1.0,0.0,0.5,none,True,True
80085,1.0,0.0,0.5,none,True,True
80086,1.0,0.0,0.5,none,True,True
80087,1.0,0.0,0.5,none,True,True
80088,1.0,0.0,0.5,none,True,True
80089,1.0,0.0,0.5,none,True,True
80090,1.0,0.0,0.5,none,True,True
80091,1.0,0.0,0.5,none,True,True
80092,1.0,0.0,0.5,none,True,True
80093,1.0,0.0,0.5,none,True,True
80094,1.0,0.0,0.5,none,True,True
80095,1.0,0.0,0.5,none,True,True
80096,1.0,0.0,0.5,none,True,True
80097,1.0,0.0,0.5,none,True,True
80098,1.0,0.0,0.5,none,True,True
80099,1.0,0.0,0.5,none,True,True
80100,1.0,0.0,0.5,none,True,True
80101,1.0,0.0,0.5,none,True,True
80102,1.0,0.0,0.5,none,True,True
80103,1.0,0.0,0.5,none,True,True
80104,1.0,0.0,0.5,none,True,True
80105,1.0,0.0,0.5,none,True,True
80106,1.0,0.0,0.5,none,True,True
80107,1.0,0.0,0.5,none,True,True
80108,1.0,0.0,0.5,none,True,True
80109,1.0,0.0,0.5,none,True,True
80110,1.0,0.0,0.5,none,True,True
80111,1.0,0.0,0.5,none,True,True
80112,1.0,0.0,0.5,none,True,True
80113,1.0,0.0,0.5,none,True,True
80114,1.0,0.0,0.5,none,True,True
80115,1.0,0.0,0.5,none,True,True
80116,1.0,0.0,0.5,none,True,True
80117,1.0,0.0,0.5,none,True,True
80118,1.0,0.0,0.5,none,True,True
80119,1.0,0.0,0.5,none,True,True
80120,1.0,0.0,0.5,none,True,True
80121,1.0,0.0,0.5,none,True,True
80122,1.0,0.0,0.5,none,True,True
80123,1.0,0.0,0.5,none,True,True
80124,1.0,0.0,0.5,none,True,True
80125,1.0,0.0,0.5,none,True,True
80126,1.0,0.0,0.5,none,True,True
80127,1.0,0.0,0.5,none,True,True
80128,1.0,0.0,0.5,none,True,True
80129,1.0,0.0,0.5,none,True,True
80130,1.0,0.0,0.5,none,True,True
80131,1.0,0.0,0.5,none,True,True
80132,1.0,0.0,0.5,none,True,True
80133,1.0,0.0,0.5,none,True,True
80134,1.0,0.0,0.5,none,True,True
80135,1.0,0.0,0.5,none,True,True
80136,1.0,0.0,0.5,none,True,True
80137,1.0,0.0,0.5,none,True,True
80138,1.0,0.0,0.5,none,True,True
80139,1.0,0.0,0.5,none,True,True
80140,1.0,0.0,0.5,none,True,True
80141,1.0,0.0,0.5,none,True,True
80142,1.0,0.0,0.5,none,True,True
80143,1.0,0.0,0.5,none,True,True
80144,1.0,0.0,0.5,none,True,True
80145,1.0,0.0,0.5,none,True,True
80146,1.0,0.0,0.5,none,True,True
80147,1.0,0.0,0.5,none,True,True
80148,1.0,0.0,0.5,none,True,True
80149,1.0,0.0,0.5,none,True,True
80150,1.0,0.0,0.5,none,True,True
80151,1.0,0.0,0.5,none,True,True
80152,1.0,0.0,0.5,none,True,True
80153,1.0,0.0,0.5,none,True,True
80154,1.0,0.0,0.5,none,True,True
80155,1.0,0.0,0.5,none,True,True
80156,1.0,0.0,0.5,none,True,True
80157,1.0,0.0,0.5,none,True,True
80158,1.0,0.0,0.5,none,True,True
80159,1.0,0.0,0.5,none,True,True
80160,1.0,0.0,0.5,none,True,True
80161,1.0,0.0,0.5,none,True,True
80162,1.0,0.0,0.5,none,True,True
80163,1.0,0.0,0.5,none,True,True
80164,1.0,0.0,0.5,none,True,True
80165,1.0,0.0,0.5,none,True,True
80166,1.0,0.0,0.5,none,True,True
80167,1.0,0.0,0.5,none,True,True
80168,1.0,0.0,0.5,none,True,True
80169,1.0,0.0,0.5,none,True,True
80170,1.0,0.0,0.5,none,True,True
80171,1.0,0.0,0.5,none,True,True
80172,1.0,0.0,0.5,none,True,True
80173,1.0,0.0,0.5,none,True,True
80174,1.0,0.0,0.5,none,True,True
80175,1.0,0.0,0.5,none,True,True
80176,1.0,0.0,0.5,none,True,True
80177,1.0,0.0,0.5,none,True,True
80178,1.0,0.0,0.5,none,True,True
80179,1.0,0.0,0.5,none,True,True
80180,1.0,0.0,0.5,none,True,True
80181,1.0,0.0,0.5,none,True,True
80182,1.0,0.0,0.5,none,True,True
80183,1.0,0.0,0.5,none,True,True
80184,1.0,0.0,0.5,none,True,True
80185,1.0,0.0,0.5,none,True,True
80186,1.0,0.0,0.5,none,True,True
80187,1.0,0.0,0.5,none,True,True
80188,1.0,0.0,0.5,none,True,True
80189,1.0,0.0,0.5,none,True,True
80190,1.0,0.0,0.5,none,True,True
80191,1.0,0.0,0.5,none,True,True
80192,1.0,0.0,0.5,none,True,True
80193,1.0,0.0,0.5,none,True,True
80194,1.0,0.0,0.5,none,True,True
80195,1.0,0.0,0.5,none,True,True
80196,1.0,0.0,0.5,none,True,True
80197,1.0,0.0,0.5,none,True,True
80198,1.0,0.0,0.5,none,True,True
80199,1.0,0.0,0.5,none,True,True
80200,1.0,0.0,0.5,none,True,True
80201,1.0,0.0,0.5,none,True,True
80202,1.0,0.0,0.5,none,True,True
80203,1.0,0.0,0.5,none,True,True
80204,1.0,0.0,0.5,none,True,True
80205,1.0,0.0,0.5,none,True,True
80206,1.0,0.0,0.5,none,True,True
80207,1.0,0.0,0.5,none,True,True
80208,1.0,0.0,0.5,none,True,True
80209,1.0,0.0,0.5,none,True,True
80210,1.0,0.0,0.5,none,True,True
80211,1.0,0.0,0.5,none,True,True
80212,1.0,0.0,0.5,none,True,True
80213,1.0,0.0,0.5,none,True,True
80214,1.0,0.0,0.5,none,True,True
80215,1.0,0.0,0.5,none,True,True
80216,1.0,0.0,0.5,none,True,True
80217,1.0,0.0,0.5,none,True,True
80218,1.0,0.0,0.5,none,True,True
80219,1.0,0.0,0.5,none,True,True
80220,1.0,0.0,0.5,none,True,True
80221,1.0,0.0,0.5,none,True,True
80222,1.0,0.0,0.5,none,True,True
80223,1.0,0.0,0.5,none,True,True
80224,1.0,0.0,0.5,none,True,True
80225,1.0,0.0,0.5,none,True,True
80226,1.0,0.0,0.5,none,True,True
80227,1.0,0.0,0.5,none,True,True
80228,1.0,0.0,0.5,none,True,True
80229,1.0,0.0,0.5,none,True,True
80230,1.0,0.0,0.5,none,True,True
80231,1.0,0.0,0.5,none,True,True
80232,1.0,0.0,0.5,none,True,True
80233,1.0,0.0,0.5,none,True,True
80234,1.0,0.0,0.5,none,True,True
80235,1.0,0.0,0.5,none,True,True
80236,1.0,0.0,0.5,none,True,True
80237,1.0,0.0,0.5,none,True,True
80238,1.0,0.0,0.5,none,True,True
80239,1.0,0.0,0.5,none,True,True
80240,1.0,0.0,0.5,none,True,True
80241,1.0,0.0,0.5,none,True,True
80242,1.0,0.0,0.5,none,True,True
80243,1.0,0.0,0.5,none,True,True
80244,1.0,0.0,0.5,none,True,True
80245,1.0,0.0,0.5,none,True,True
80246,1.0,0.0,0.5,none,True,True
80247,1.0,0.0,0.5,none,True,True
80248,1.0,0.0,0.5,none,True,True
80249,1.0,0.0,0.5,none,True,True
80250,1.0,0.0,0.5,none,True,True
80251,1.0,0.0,0.5,none,True,True
80252,1.0,0.0,0.5,none,True,True
80253,1.0,0.0,0.5,none,True,True
80254,1.0,0.0,0.5,none,True,True
80255,1.0,0.0,0.5,none,True,True
80256,1.0,0.0,0.5,none,True,True
80257,1.0,0.0,0.5,none,True,True
80258,1.0,0.0,0.5,none,True,True
80259,1.0,0.0,0.5,none,True,True
80260,1.0,0.0,0.5,none,True,True
80261,1.0,0.0,0.5,none,True,True
80262,1.0,0.0,0.5,none,True,True
80263,1.0,0.0,0.5,none,True,True
80264,1.0,0.0,0.5,none,True,True
80265,1.0,0.0,0.5,none,True,True
80266,1.0,0.0,0.5,none,True,True
80267,1.0,0.0,0.5,none,True,True
80268,1.0,0.0,0.5,none,True,True
80269,1.0,0.0,0.5,none,True,True
80270,1.0,0.0,0.5,none,True,True
80271,1.0,0.0,0.5,none,True,True
80272,1.0,0.0,0.5,none,True,True
80273,1.0,0.0,0.5,none,True,True
80274,1.0,0.0,0.5,none,True,True
80275,1.0,0.0,0.5,none,True,True
80276,1.0,0.0,0.5,none,True,True
80277,1.0,0.0,0.5,none,True,True
80278,1.0,0.0,0.5,none,True,True
80279,1.0,0.0,0.5,none,True,True
80280,1.0,0.0,0.5,none,True,True
80281,1.0,0.0,0.5,none,True,True
80282,1.0,0.0,0.5,none,True,True
80283,1.0,0.0,0.5,none,True,True
80284,1.0,0.0,0.5,none,True,True
80285,1.0,0.0,0.5,none,True,True
80286,1.0,0.0,0.5,none,True,True
80287,1.0,0.0,0.5,none,True,True
80288,1.0,0.0,0.5,none,True,True
80289,1.0,0.0,0.5,none,True,True
80290,1.0,0.0,0.5,none,True,True
80291,1.0,0.0,0.5,none,True,True
80292,1.0,0.0,0.5,none,True,True
80293,1.0,0.0,0.5,none,True,True
80294,1.0,0.0,0.5,none,True,True
80295,1.0,0.0,0.5,none,True,True
80296,1.0,0.0,0.5,none,True,True
80297,1.0,0.0,0.5,none,True,True
80298,1.0,0.0,0.5,none,True,True
80299,1.0,0.0,0.5,none,True,True
80300,1.0,0.0,0.5,none,True,True
80301,1.0,0.0,0.5,none,True,True
80302,1.0,0.0,0.5,none,True,True
80303,1.0,0.0,0.5,none,True,True
80304,1.0,0.0,0.5,none,True,True
80305,1.0,0.0,0.5,none,True,True
80306,1.0,0.0,0.5,none,True,True
80307,1.0,0.0,0.5,none,True,True
80308,1.0,0.0,0.5,none,True,True
80309,1.0,0.0,0.5,none,True,True
80310,1.0,0.0,0.5,none,True,True
80311,1.0,0.0,0.5,none,True,True
80312,1.0,0.0,0.5,none,True,True
80313,1.0,0.0,0.5,none,True,True
80314,1.0,0.0,0.5,none,True,True
80315,1.0,0.0,0.5,none,True,True
80316,1.0,0.0,0.5,none,True,True
80317,1.0,0.0,0.5,none,True,True
80318,1.0,0.0,0.5,none,True,True
80319,1.0,0.0,0.5,none,True,True
80320,1.0,0.0,0.5,none,True,True
80321,1.0,0.0,0.5,none,True,True
80322,1.0,0.0,0.5,none,True,True
80323,1.0,0.0,0.5,none,True,True
80324,1.0,0.0,0.5,none,True,True
80325,1.0,0.0,0.5,none,True,True
80326,1.0,0.0,0.5,none,True,True
80327,1.0,0.0,0.5,none,True,True
80328,1.0,0.0,0.5,none,True,True
80329,1.0,0.0,0.5,none,True,True
80330,1.0,0.0,0.5,none,True,True
80331,1.0,0.0,0.5,none,True,True
80332,1.0,0.0,0.5,none,True,True
80333,1.0,0.0,0.5,none,True,True
80334,1.0,0.0,0.5,none,True,True
80335,1.0,0.0,0.5,none,True,True
80336,1.0,0.0,0.5,none,True,True
80337,1.0,0.0,0.5,none,True,True
80338,1.0,0.0,0.5,none,True,True
80339,1.0,0.0,0.5,none,True,True
80340,1.0,0.0,0.5,none,True,True
80341,1.0,0.0,0.5,none,True,True
80342,1.0,0.0,0.5,none,True,True
80343,1.0,0.0,0.5,none,True,True
80344,1.0,0.0,0.5,none,True,True
80345,1.0,0.0,0.5,none,True,True
80346,1.0,0.0,0.5,none,True,True
80347,1.0,0.0,0.5,none,True,True
80348,1.0,0.0,0.5,none,True,True
80349,1.0,0.0,0.5,none,True,True
80350,1.0,0.0,0.5,none,True,True
80351,1.0,0.0,0.5,none,True,True
80352,1.0,0.0,0.5,none,True,True
80353,1.0,0.0,0.5,none,True,True
80354,1.0,0.0,0.5,none,True,True
80355,1.0,0.0,0.5,none,True,True
80356,1.0,0.0,0.5,none,True,True
80357,1.0,0.0,0.5,none,True,True
80358,1.0,0.0,0.5,none,True,True
80359,1.0,0.0,0.5,none,True,True
80360,1.0,0.0,0.5,none,True,True
80361,1.0,0.0,0.5,none,True,True
80362,1.0,0.0,0.5,none,True,True
80363,1.0,0.0,0.5,none,True,True
80364,1.0,0.0,0.5,none,True,True
80365,1.0,0.0,0.5,none,True,True
80366,1.0,0.0,0.5,none,True,True
80367,1.0,0.0,0.5,none,True,True
80368,1.0,0.0,0.5,none,True,True
80369,1.0,0.0,0.5,none,True,True
80370,1.0,0.0,0.5,none,True,True
80371,1.0,0.0,0.5,none,True,True
80372,1.0,0.0,0.5,none,True,True
80373,1.0,0.0,0.5,none,True,True
80374,1.0,0.0,0.5,none,True,True
80375,1.0,0.0,0.5,none,True,True
80376,1.0,0.0,0.5,none,True,True
80377,1.0,0.0,0.5,none,True,True
80378,1.0,0.0,0.5,none,True,True
80379,1.0,0.0,0.5,none,True,True
80380,1.0,0.0,0.5,none,True,True
80381,1.0,0.0,0.5,none,True,True
80382,1.0,0.0,0.5,none,True,True
80383,1.0,0.0,0.5,none,True,True
80384,1.0,0.0,0.5,none,True,True
80385,1.0,0.0,0.5,none,True,True
80386,1.0,0.0,0.5,none,True,True
80387,1.0,0.0,0.5,none,True,True
80388,1.0,0.0,0.5,none,True,True
80389,1.0,0.0,0.5,none,True,True
80390,1.0,0.0,0.5,none,True,True
80391,1.0,0.0,0.5,none,True,True
80392,1.0,0.0,0.5,none,True,True
80393,1.0,0.0,0.5,none,True,True
80394,1.0,0.0,0.5,none,True,True
80395,1.0,0.0,0.5,none,True,True
80396,1.0,0.0,0.5,none,True,True
80397,1.0,0.0,0.5,none,True,True
80398,1.0,0.0,0.5,none,True,True
80399,1.0,0.0,0.5,none,True,True
80400,1.0,0.0,0.5,none,True,True
80401,1.0,0.0,0.5,none,True,True
80402,1.0,0.0,0.5,none,True,True
80403,1.0,0.0,0.5,none,True,True
80404,1.0,0.0,0.5,none,True,True
80405,1.0,0.0,0.5,none,True,True
80406,1.0,0.0,0.5,none,True,True
80407,1.0,0.0,0.5,none,True,True
80408,1.0,0.0,0.5,none,True,True
80409,1.0,0.0,0.5,none,True,True
80410,1.0,0.0,0.5,none,True,True
80411,1.0,0.0,0.5,none,True,True
80412,1.0,0.0,0.5,none,True,True
80413,1.0,0.0,0.5,none,True,True
80414,1.0,0.0,0.5,none,True,True
80415,1.0,0.0,0.5,none,True,True
80416,1.0,0.0,0.5,none,True,True
80417,1.0,0.0,0.5,none,True,True
80418,1.0,0.0,0.5,none,True,True
80419,1.0,0.0,0.5,none,True,True
80420,1.0,0.0,0.5,none,True,True
80421,1.0,0.0,0.5,none,True,True
80422,1.0,0.0,0.5,none,True,True
80423,1.0,0.0,0.5,none,True,True
80424,1.0,0.0,0.5,none,True,True
80425,1.0,0.0,0.5,none,True,True
80426,1.0,0.0,0.5,none,True,True
80427,1.0,0.0,0.5,none,True,True
80428,1.0,0.0,0.5,none,True,True
80429,1.0,0.0,0.5,none,True,True
80430,1.0,0.0,0.5,none,True,True
80431,1.0,0.0,0.5,none,True,True
80432,1.0,0.0,0.5,none,True,True
80433,1.0,0.0,0.5,none,True,True
80434,1.0,0.0,0.5,none,True,True
80435,1.0,0.0,0.5,none,True,True
80436,1.0,0.0,0.5,none,True,True
80437,1.0,0.0,0.5,none,True,True
80438,1.0,0.0,0.5,none,True,True
80439,1.0,0.0,0.5,none,True,True
80440,1.0,0.0,0.5,none,True,True
80441,1.0,0.0,0.5,none,True,True
80442,1.0,0.0,0.5,none,True,True
80443,1.0,0.0,0.5,none,True,True
80444,1.0,0.0,0.5,none,True,True
80445,1.0,0.0,0.5,none,True,True
80446,1.0,0.0,0.5,none,True,True
80447,1.0,0.0,0.5,none,True,True
80448,1.0,0.0,0.5,none,True,True
80449,1.0,0.0,0.5,none,True,True
80450,1.0,0.0,0.5,none,True,True
80451,1.0,0.0,0.5,none,True,True
80452,1.0,0.0,0.5,none,True,True
80453,1.0,0.0,0.5,none,True,True
80454,1.0,0.0,0.5,none,True,True
80455,1.0,0.0,0.5,none,True,True
80456,1.0,0.0,0.5,none,True,True
80457,1.0,0.0,0.5,none,True,True
80458,1.0,0.0,0.5,none,True,True
80459,1.0,0.0,0.5,none,True,True
80460,1.0,0.0,0.5,none,True,True
80461,1.0,0.0,0.5,none,True,True
80462,1.0,0.0,0.5,none,True,True
80463,1.0,0.0,0.5,none,True,True
80464,1.0,0.0,0.5,none,True,True
80465,1.0,0.0,0.5,none,True,True
80466,1.0,0.0,0.5,none,True,True
80467,1.0,0.0,0.5,none,True,True
80468,1.0,0.0,0.5,none,True,True
80469,1.0,0.0,0.5,none,True,True
80470,1.0,0.0,0.5,none,True,True
80471,1.0,0.0,0.5,none,True,True
80472,1.0,0.0,0.5,none,True,True
80473,1.0,0.0,0.5,none,True,True
80474,1.0,0.0,0.5,none,True,True
80475,1.0,0.0,0.5,none,True,True
80476,1.0,0.0,0.5,none,True,True
80477,1.0,0.0,0.5,none,True,True
80478,1.0,0.0,0.5,none,True,True
80479,1.0,0.0,0.5,none,True,True
80480,1.0,0.0,0.5,none,True,True
80481,1.0,0.0,0.5,none,True,True
80482,1.0,0.0,0.5,none,True,True
80483,1.0,0.0,0.5,none,True,True
80484,1.0,0.0,0.5,none,True,True
80485,1.0,0.0,0.5,none,True,True
80486,1.0,0.0,0.5,none,True,True
80487,1.0,0.0,0.5,none,True,True
80488,1.0,0.0,0.5,none,True,True
80489,1.0,0.0,0.5,none,True,True
80490,1.0,0.0,0.5,none,True,True
80491,1.0,0.0,0.5,none,True,True
80492,1.0,0.0,0.5,none,True,True
80493,1.0,0.0,0.5,none,True,True
80494,1.0,0.0,0.5,none,True,True
80495,1.0,0.0,0.5,none,True,True
80496,1.0,0.0,0.5,none,True,True
80497,1.0,0.0,0.5,none,True,True
80498,1.0,0.0,0.5,none,True,True
80499,1.0,0.0,0.5,none,True,True
80500,1.0,0.0061,0.5,none,True,True
80501,1.0,0.0357,0.5,none,True,True
80502,1.0,0.0812,0.5,none,True,True
80503,1.0,0.1113,0.5,none,True,True
80504,1.0,0.1253,0.5,none,True,True
80505,1.0,0.1408,0.5,none,True,True
80506,1.0,0.0907,0.5,none,True,True
80507,1.0,0.1198,0.5,none,True,True
80508,1.0,0.0467,0.5,none,True,True
80509,1.0,0.0522,0.5,none,True,True
80510,1.0,0.0405,0.5,none,True,True
80511,1.0,0.0313,0.5,none,True,True
80512,1.0,0.0083,0.5,none,True,True
80513,1.0,0.0726,0.5,none,True,True
80514,1.0,0.0793,0.5,none,True,True
80515,1.0,0.0581,0.5,none,True,True
80516,1.0,0.0955,0.5,none,True,True
80517,1.0,0.0839,0.5,none,True,True
80518,1.0,0.0648,0.5,none,True,True
80519,1.0,0.0718,0.5,none,True,True
80520,1.0,0.0589,0.5,none,True,True
80521,1.0,0.0403,0.5,none,True,True
80522,1.0,0.0327,0.5,none,True,True
80523,1.0,0.0277,0.5,none,True,True
80524,1.0,0.017,0.5,none,True,True
80525,1.0,0.0102,0.5,none,True,True
80526,1.0,0.0099,0.5,none,True,True
80527,1.0,0.008,0.5,none,True,True
80528,1.0,0.005,0.5,none,True,True
80529,1.0,0.0063,0.5,none,True,True
80530,1.0,0.009,0.5,none,True,True
80531,1.0,0.0096,0.5,none,True,True
80532,1.0,0.0108,0.5,none,True,True
80533,1.0,0.014,0.5,none,True,True
80534,1.0,0.0161,0.5,none,True,True
80535,1.0,0.0167,0.5,none,True,True
80536,1.0,0.0182,0.5,none,True,True
80537,1.0,0.0196,0.5,none,True,True
80538,1.0,0.0197,0.5,none,True,True
80539,1.0,0.0193,0.5,none,True,True
80540,1.0,0.0193,0.5,none,True,True
80541,1.0,0.0187,0.5,none,True,True
80542,1.0,0.0174,0.5,none,True,True
80543,1.0,0.0163,0.5,none,True,True
80544,1.0,0.0152,0.5,none,True,True
80545,1.0,0.0138,0.5,none,True,True
80546,1.0,0.0123,0.5,none,True,True
80547,1.0,0.0111,0.5,none,True,True
80548,1.0,0.01,0.5,none,True,True
80549,1.0,0.0088,0.5,none,True,True
80550,1.0,0.0078,0.5,none,True,True
80551,1.0,0.0071,0.5,none,True,True
80552,1.0,0.0064,0.5,none,True,True
80553,1.0,0.0057,0.5,none,True,True
80554,1.0,0.0053,0.5,none,True,True
80555,1.0,0.005,0.5,none,True,True
80556,1.0,0.0047,0.5,none,True,True
80557,1.0,0.0045,0.5,none,True,True
80558,1.0,0.0044,0.5,none,True,True
80559,1.0,0.0043,0.5,none,True,True
80560,1.0,0.0042,0.5,none,True,True
80561,1.0,0.0041,0.5,none,True,True
80562,1.0,0.004,0.5,none,True,True
80563,1.0,0.0039,0.5,none,True,True
80564,1.0,0.0038,0.5,none,True,True
80565,1.0,0.0037,0.5,none,True,True
80566,1.0,0.0035,0.5,none,True,True
80567,1.0,0.0033,0.5,none,True,True
80568,1.0,0.0032,0.5,none,True,True
80569,1.0,0.003,0.5,none,True,True
80570,1.0,0.0028,0.5,none,True,True
80571,1.0,0.0026,0.5,none,True,True
80572,1.0,0.0024,0.5,none,True,True
80573,1.0,0.0023,0.5,none,True,True
80574,1.0,0.0021,0.5,none,True,True
80575,1.0,0.0019,0.5,none,True,True
80576,1.0,0.0018,0.5,none,True,True
80577,1.0,0.0017,0.5,none,True,True
80578,1.0,0.0015,0.5,none,True,True
80579,1.0,0.0014,0.5,none,True,True
80580,1.0,0.0013,0.5,none,True,True
80581,1.0,0.0013,0.5,none,True,True
80582,1.0,0.0012,0.5,none,True,True
80583,1.0,0.0011,0.5,none,True,True
80584,1.0,0.0011,0.5,none,True,True
80585,1.0,0.001,0.5,none,True,True
80586,1.0,0.001,0.5,none,True,True
80587,1.0,0.0009,0.5,none,True,True
80588,1.0,0.0009,0.5,none,True,True
80589,1.0,0.0008,0.5,none,True,True
80590,1.0,0.0008,0.5,none,True,True
80591,1.0,0.0008,0.5,none,True,True
80592,1.0,0.0007,0.5,none,True,True
80593,1.0,0.0007,0.5,none,True,True
80594,1.0,0.0006,0.5,none,True,True
80595,1.0,0.0006,0.5,none,True,True
80596,1.0,0.0006,0.5,none,True,True
80597,1.0,0.0005,0.5,none,True,True
80598,1.0,0.0005,0.5,none,True,True
80599,1.0,0.0005,0.5,none,True,True
80600,1.0,0.0004,0.5,none,True,True
80601,1.0,0.0004,0.5,none,True,True
80602,1.0,0.0004,0.5,none,True,True
80603,1.0,0.0004,0.5,none,True,True
80604,1.0,0.0003,0.5,none,True,True
80605,1.0,0.0003,0.5,none,True,True
80606,1.0,0.0003,0.5,none,True,True
80607,1.0,0.0003,0.5,none,True,True
80608,1.0,0.0003,0.5,none,True,True
80609,1.0,0.0003,0.5,none,True,True
80610,1.0,0.0002,0.5,none,True,True
80611,1.0,0.0002,0.5,none,True,True
80612,1.0,0.0002,0.5,none,True,True
80613,1.0,0.0002,0.5,none,True,True
80614,1.0,0.0002,0.5,none,True,True
80615,1.0,0.0002,0.5,none,True,True
80616,1.0,0.0002,0.5,none,True,True
80617,1.0,0.0002,0.5,none,True,True
80618,1.0,0.0002,0.5,none,True,True
80619,1.0,0.0001,0.5,none,True,True
80620,1.0,0.0001,0.5,none,True,True
80621,1.0,0.0001,0.5,none,True,True
80622,1.0,0.0001,0.5,none,True,True
80623,1.0,0.0001,0.5,none,True,True
80624,1.0,0.0001,0.5,none,True,True
80625,1.0,0.0001,0.5,none,True,True
80626,1.0,0.0001,0.5,none,True,True
80627,1.0,0.0001,0.5,none,True,True
80628,1.0,0.0001,0.5,none,True,True
80629,1.0,0.0001,0.5,none,True,True
80630,1.0,0.0001,0.5,none,True,True
80631,1.0,0.0001,0.5,none,True,True
80632,1.0,0.0001,0.5,none,True,True
80633,1.0,0.0001,0.5,none,True,True
80634,1.0,0.0001,0.5,none,True,True
80635,1.0,0.0001,0.5,none,True,True
80636,1.0,0.0001,0.5,none,True,True
80637,1.0,0.0,0.5,none,True,True
80638,1.0,0.0,0.5,none,True,True
80639,1.0,0.0,0.5,none,True,True
80640,1.0,0.0,0.5,none,True,True
80641,1.0,0.0,0.5,none,True,True
80642,1.0,0.0,0.5,none,True,True
80643,1.0,0.0,0.5,none,True,True
80644,1.0,0.0,0.5,none,True,True
80645,1.0,0.0,0.5,none,True,True
80646,1.0,0.0,0.5,none,True,True
80647,1.0,0.0,0.5,none,True,True
80648,1.0,0.0,0.5,none,True,True
80649,1.0,0.0,0.5,none,True,True
80650,1.0,0.0,0.5,none,True,True
80651,1.0,0.0,0.5,none,True,True
80652,1.0,0.0,0.5,none,True,True
80653,1.0,0.0,0.5,none,True,True
80654,1.0,0.0,0.5,none,True,True
80655,1.0,0.0,0.5,none,True,True
80656,1.0,0.0,0.5,none,True,True
80657,1.0,0.0,0.5,none,True,True
80658,1.0,0.0,0.5,none,True,True
80659,1.0,0.0,0.5,none,True,True
80660,1.0,0.0,0.5,none,True,True
80661,1.0,0.0,0.5,none,True,True
80662,1.0,0.0,0.5,none,True,True
80663,1.0,0.0,0.5,none,True,True
80664,1.0,0.0,0.5,none,True,True
80665,1.0,0.0,0.5,none,True,True
80666,1.0,0.0,0.5,none,True,True
80667,1.0,0.0,0.5,none,True,True
80668,1.0,0.0,0.5,none,True,True
80669,1.0,0.0,0.5,none,True,True
80670,1.0,0.0,0.5,none,True,True
80671,1.0,0.0,0.5,none,True,True
80672,1.0,0.0,0.5,none,True,True
80673,1.0,0.0,0.5,none,True,True
80674,1.0,0.0,0.5,none,True,True
80675,1.0,0.0,0.5,none,True,True
80676,1.0,0.0,0.5,none,True,True
80677,1.0,0.0,0.5,none,True,True
80678,1.0,0.0,0.5,none,True,True
80679,1.0,0.0,0.5,none,True,True
80680,1.0,0.0,0.5,none,True,True
80681,1.0,0.0,0.5,none,True,True
80682,1.0,0.0,0.5,none,True,True
80683,1.0,0.0,0.5,none,True,True
80684,1.0,0.0,0.5,none,True,True
80685,1.0,0.0,0.5,none,True,True
80686,1.0,0.0,0.5,none,True,True
80687,1.0,0.0,0.5,none,True,True
80688,1.0,0.0,0.5,none,True,True
80689,1.0,0.0,0.5,none,True,True
80690,1.0,0.0,0.5,none,True,True
80691,1.0,0.0,0.5,none,True,True
80692,1.0,0.0,0.5,none,True,True
80693,1.0,0.0,0.5,none,True,True
80694,1.0,0.0,0.5,none,True,True
80695,1.0,0.0,0.5,none,True,True
80696,1.0,0.0,0.5,none,True,True
80697,1.0,0.0,0.5,none,True,True
80698,1.0,0.0,0.5,none,True,True
80699,1.0,0.0,0.5,none,True,True
80700,1.0,0.0,0.5,none,True,True
80701,1.0,0.0,0.5,none,True,True
80702,1.0,0.0,0.5,none,True,True
80703,1.0,0.0,0.5,none,True,True
80704,1.0,0.0,0.5,none,True,True
80705,1.0,0.0,0.5,none,True,True
80706,1.0,0.0,0.5,none,True,True
80707,1.0,0.0,0.5,none,True,True
80708,1.0,0.0,0.5,none,True,True
80709,1.0,0.0,0.5,none,True,True
80710,1.0,0.0,0.5,none,True,True
80711,1.0,0.0,0.5,none,True,True
80712,1.0,0.0,0.5,none,True,True
80713,1.0,0.0,0.5,none,True,True
80714,1.0,0.0,0.5,none,True,True
80715,1.0,0.0,0.5,none,True,True
80716,1.0,0.0,0.5,none,True,True
80717,1.0,0.0,0.5,none,True,True
80718,1.0,0.0,0.5,none,True,True
80719,1.0,0.0,0.5,none,True,True
80720,1.0,0.0,0.5,none,True,True
80721,1.0,0.0,0.5,none,True,True
80722,1.0,0.0,0.5,none,True,True
80723,1.0,0.0,0.5,none,True,True
80724,1.0,0.0,0.5,none,True,True
80725,1.0,0.0,0.5,none,True,True
80726,1.0,0.0,0.5,none,True,True
80727,1.0,0.0,0.5,none,True,True
80728,1.0,0.0,0.5,none,True,True
80729,1.0,0.0,0.5,none,True,True
80730,1.0,0.0,0.5,none,True,True
80731,1.0,0.0,0.5,none,True,True
80732,1.0,0.0,0.5,none,True,True
80733,1.0,0.0,0.5,none,True,True
80734,1.0,0.0,0.5,none,True,True
80735,1.0,0.0,0.5,none,True,True
80736,1.0,0.0,0.5,none,True,True
80737,1.0,0.0,0.5,none,True,True
80738,1.0,0.0,0.5,none,True,True
80739,1.0,0.0,0.5,none,True,True
80740,1.0,0.0,0.5,none,True,True
80741,1.0,0.0,0.5,none,True,True
80742,1.0,0.0,0.5,none,True,True
80743,1.0,0.0,0.5,none,True,True
80744,1.0,0.0,0.5,none,True,True
80745,1.0,0.0,0.5,none,True,True
80746,1.0,0.0,0.5,none,True,True
80747,1.0,0.0,0.5,none,True,True
80748,1.0,0.0,0.5,none,True,True
80749,1.0,0.0,0.5,none,True,True
80750,1.0,0.0,0.5,none,True,True
80751,1.0,0.0,0.5,none,True,True
80752,1.0,0.0,0.5,none,True,True
80753,1.0,0.0,0.5,none,True,True
80754,1.0,0.0,0.5,none,True,True
80755,1.0,0.0,0.5,none,True,True
80756,1.0,0.0,0.5,none,True,True
80757,1.0,0.0,0.5,none,True,True
80758,1.0,0.0,0.5,none,True,True
80759,1.0,0.0,0.5,none,True,True
80760,1.0,0.0,0.5,none,True,True
80761,1.0,0.0,0.5,none,True,True
80762,1.0,0.0,0.5,none,True,True
80763,1.0,0.0,0.5,none,True,True
80764,1.0,0.0,0.5,none,True,True
80765,1.0,0.0,0.5,none,True,True
80766,1.0,0.0,0.5,none,True,True
80767,1.0,0.0,0.5,none,True,True
80768,1.0,0.0,0.5,none,True,True
80769,1.0,0.0,0.5,none,True,True
80770,1.0,0.0,0.5,none,True,True
80771,1.0,0.0,0.5,none,True,True
80772,1.0,0.0,0.5,none,True,True
80773,1.0,0.0,0.5,none,True,True
80774,1.0,0.0,0.5,none,True,True
80775,1.0,0.0,0.5,none,True,True
80776,1.0,0.0,0.5,none,True,True
80777,1.0,0.0,0.5,none,True,True
80778,1.0,0.0,0.5,none,True,True
80779,1.0,0.0,0.5,none,True,True
80780,1.0,0.0,0.5,none,True,True
80781,1.0,0.0,0.5,none,True,True
80782,1.0,0.0,0.5,none,True,True
80783,1.0,0.0,0.5,none,True,True
80784,1.0,0.0,0.5,none,True,True
80785,1.0,0.0,0.5,none,True,True
80786,1.0,0.0,0.5,none,True,True
80787,1.0,0.0,0.5,none,True,True
80788,1.0,0.0,0.5,none,True,True
80789,1.0,0.0,0.5,none,True,True
80790,1.0,0.0,0.5,none,True,True
80791,1.0,0.0,0.5,none,True,True
80792,1.0,0.0,0.5,none,True,True
80793,1.0,0.0,0.5,none,True,True
80794,1.0,0.0,0.5,none,True,True
80795,1.0,0.0,0.5,none,True,True
80796,1.0,0.0,0.5,none,True,True
80797,1.0,0.0,0.5,none,True,True
80798,1.0,0.0,0.5,none,True,True
80799,1.0,0.0,0.5,none,True,True
80800,1.0,0.0,0.5,none,True,True
80801,1.0,0.0,0.5,none,True,True
80802,1.0,0.0,0.5,none,True,True
80803,1.0,0.0,0.5,none,True,True
80804,1.0,0.0,0.5,none,True,True
80805,1.0,0.0,0.5,none,True,True
80806,1.0,0.0,0.5,none,True,True
80807,1.0,0.0,0.5,none,True,True
80808,1.0,0.0,0.5,none,True,True
80809,1.0,0.0,0.5,none,True,True
80810,1.0,0.0,0.5,none,True,True
80811,1.0,0.0,0.5,none,True,True
80812,1.0,0.0,0.5,none,True,True
80813,1.0,0.0,0.5,none,True,True
80814,1.0,0.0,0.5,none,True,True
80815,1.0,0.0,0.5,none,True,True
80816,1.0,0.0,0.5,none,True,True
80817,1.0,0.0,0.5,none,True,True
80818,1.0,0.0,0.5,none,True,True
80819,1.0,0.0,0.5,none,True,True
80820,1.0,0.0,0.5,none,True,True
80821,1.0,0.0,0.5,none,True,True
80822,1.0,0.0,0.5,none,True,True
80823,1.0,0.0,0.5,none,True,True
80824,1.0,0.0,0.5,none,True,True
80825,1.0,0.0,0.5,none,True,True
80826,1.0,0.0,0.5,none,True,True
80827,1.0,0.0,0.5,none,True,True
80828,1.0,0.0,0.5,none,True,True
80829,1.0,0.0,0.5,none,True,True
80830,1.0,0.0,0.5,none,True,True
80831,1.0,0.0,0.5,none,True,True
80832,1.0,0.0,0.5,none,True,True
80833,1.0,0.0,0.5,none,True,True
80834,1.0,0.0,0.5,none,True,True
80835,1.0,0.0,0.5,none,True,True
80836,1.0,0.0,0.5,none,True,True
80837,1.0,0.0,0.5,none,True,True
80838,1.0,0.0,0.5,none,True,True
80839,1.0,0.0,0.5,none,True,True
80840,1.0,0.0,0.5,none,True,True
80841,1.0,0.0,0.5,none,True,True
80842,1.0,0.0,0.5,none,True,True
80843,1.0,0.0,0.5,none,True,True
80844,1.0,0.0,0.5,none,True,True
80845,1.0,0.0,0.5,none,True,True
80846,1.0,0.0,0.5,none,True,True
80847,1.0,0.0,0.5,none,True,True
80848,1.0,0.0,0.5,none,True,True
80849,1.0,0.0,0.5,none,True,True
80850,1.0,0.0,0.5,none,True,True
80851,1.0,0.0,0.5,none,True,True
80852,1.0,0.0,0.5,none,True,True
80853,1.0,0.0,0.5,none,True,True
80854,1.0,0.0,0.5,none,True,True
80855,1.0,0.0,0.5,none,True,True
80856,1.0,0.0,0.5,none,True,True
80857,1.0,0.0,0.5,none,True,True
80858,1.0,0.0,0.5,none,True,True
80859,1.0,0.0,0.5,none,True,True
80860,1.0,0.0,0.5,none,True,True
80861,1.0,0.0,0.5,none,True,True
80862,1.0,0.0,0.5,none,True,True
80863,1.0,0.0,0.5,none,True,True
80864,1.0,0.0,0.5,none,True,True
80865,1.0,0.0,0.5,none,True,True
80866,1.0,0.0,0.5,none,True,True
80867,1.0,0.0,0.5,none,True,True
80868,1.0,0.0,0.5,none,True,True
80869,1.0,0.0,0.5,none,True,True
80870,1.0,0.0,0.5,none,True,True
80871,1.0,0.0,0.5,none,True,True
80872,1.0,0.0,0.5,none,True,True
80873,1.0,0.0,0.5,none,True,True
80874,1.0,0.0,0.5,none,True,True
80875,1.0,0.0,0.5,none,True,True
80876,1.0,0.0,0.5,none,True,True
80877,1.0,0.0,0.5,none,True,True
80878,1.0,0.0,0.5,none,True,True
80879,1.0,0.0,0.5,none,True,True
80880,1.0,0.0,0.5,none,True,True
80881,1.0,0.0,0.5,none,True,True
80882,1.0,0.0,0.5,none,True,True
80883,1.0,0.0,0.5,none,True,True
80884,1.0,0.0,0.5,none,True,True
80885,1.0,0.0,0.5,none,True,True
80886,1.0,0.0,0.5,none,True,True
80887,1.0,0.0,0.5,none,True,True
80888,1.0,0.0,0.5,none,True,True
80889,1.0,0.0,0.5,none,True,True
80890,1.0,0.0,0.5,none,True,True
80891,1.0,0.0,0.5,none,True,True
80892,1.0,0.0,0.5,none,True,True
80893,1.0,0.0,0.5,none,True,True
80894,1.0,0.0,0.5,none,True,True
80895,1.0,0.0,0.5,none,True,True
80896,1.0,0.0,0.5,none,True,True
80897,1.0,0.0,0.5,none,True,True
80898,1.0,0.0,0.5,none,True,True
80899,1.0,0.0,0.5,none,True,True
80900,1.0,0.0,0.5,none,True,True
80901,1.0,0.0,0.5,none,True,True
80902,1.0,0.0,0.5,none,True,True
80903,1.0,0.0,0.5,none,True,True
80904,1.0,0.0,0.5,none,True,True
80905,1.0,0.0,0.5,none,True,True
80906,1.0,0.0,0.5,none,True,True
80907,1.0,0.0,0.5,none,True,True
80908,1.0,0.0,0.5,none,True,True
80909,1.0,0.0,0.5,none,True,True
80910,1.0,0.0,0.5,none,True,True
80911,1.0,0.0,0.5,none,True,True
80912,1.0,0.0,0.5,none,True,True
80913,1.0,0.0,0.5,none,True,True
80914,1.0,0.0,0.5,none,True,True
80915,1.0,0.0,0.5,none,True,True
80916,1.0,0.0,0.5,none,True,True
80917,1.0,0.0,0.5,none,True,True
80918,1.0,0.0,0.5,none,True,True
80919,1.0,0.0,0.5,none,True,True
80920,1.0,0.0,0.5,none,True,True
80921,1.0,0.0,0.5,none,True,True
80922,1.0,0.0,0.5,none,True,True
80923,1.0,0.0,0.5,none,True,True
80924,1.0,0.0,0.5,none,True,True
80925,1.0,0.0,0.5,none,True,True
80926,1.0,0.0,0.5,none,True,True
80927,1.0,0.0,0.5,none,True,True
80928,1.0,0.0,0.5,none,True,True
80929,1.0,0.0,0.5,none,True,True
80930,1.0,0.0,0.5,none,True,True
80931,1.0,0.0,0.5,none,True,True
80932,1.0,0.0,0.5,none,True,True
80933,1.0,0.0,0.5,none,True,True
80934,1.0,0.0,0.5,none,True,True
80935,1.0,0.0,0.5,none,True,True
80936,1.0,0.0,0.5,none,True,True
80937,1.0,0.0,0.5,none,True,True
80938,1.0,0.0,0.5,none,True,True
80939,1.0,0.0,0.5,none,True,True
80940,1.0,0.0,0.5,none,True,True
80941,1.0,0.0,0.5,none,True,True
80942,1.0,0.0,0.5,none,True,True
80943,1.0,0.0,0.5,none,True,True
80944,1.0,0.0,0.5,none,True,True
80945,1.0,0.0,0.5,none,True,True
80946,1.0,0.0,0.5,none,True,True
80947,1.0,0.0,0.5,none,True,True
80948,1.0,0.0,0.5,none,True,True
80949,1.0,0.0,0.5,none,True,True
80950,1.0,0.0,0.5,none,True,True
80951,1.0,0.0,0.5,none,True,True
80952,1.0,0.0,0.5,none,True,True
80953,1.0,0.0,0.5,none,True,True
80954,1.0,0.0,0.5,none,True,True
80955,1.0,0.0,0.5,none,True,True
80956,1.0,0.0,0.5,none,True,True
80957,1.0,0.0,0.5,none,True,True
80958,1.0,0.0,0.5,none,True,True
80959,1.0,0.0,0.5,none,True,True
80960,1.0,0.0,0.5,none,True,True
80961,1.0,0.0,0.5,none,True,True
80962,1.0,0.0,0.5,none,True,True
80963,1.0,0.0,0.5,none,True,True
80964,1.0,0.0,0.5,none,True,True
80965,1.0,0.0,0.5,none,True,True
80966,1.0,0.0,0.5,none,True,True
80967,1.0,0.0,0.5,none,True,True
80968,1.0,0.0,0.5,none,True,True
80969,1.0,0.0,0.5,none,True,True
80970,1.0,0.0,0.5,none,True,True
80971,1.0,0.0,0.5,none,True,True
80972,1.0,0.0,0.5,none,True,True
80973,1.0,0.0,0.5,none,True,True
80974,1.0,0.0,0.5,none,True,True
80975,1.0,0.0,0.5,none,True,True
80976,1.0,0.0,0.5,none,True,True
80977,1.0,0.0,0.5,none,True,True
80978,1.0,0.0,0.5,none,True,True
80979,1.0,0.0,0.5,none,True,True
80980,1.0,0.0,0.5,none,True,True
80981,1.0,0.0,0.5,none,True,True
80982,1.0,0.0,0.5,none,True,True
80983,1.0,0.0,0.5,none,True,True
80984,1.0,0.0,0.5,none,True,True
80985,1.0,0.0,0.5,none,True,True
80986,1.0,0.0,0.5,none,True,True
80987,1.0,0.0,0.5,none,True,True
80988,1.0,0.0,0.5,none,True,True
80989,1.0,0.0,0.5,none,True,True
80990,1.0,0.0,0.5,none,True,True
80991,1.0,0.0,0.5,none,True,True
80992,1.0,0.0,0.5,none,True,True
80993,1.0,0.0,0.5,none,True,True
80994,1.0,0.0,0.5,none,True,True
80995,1.0,0.0,0.5,none,True,True
80996,1.0,0.0,0.5,none,True,True
80997,1.0,0.0,0.5,none,True,True
80998,1.0,0.0,0.5,none,True,True
80999,1.0,0.0,0.5,none,True,True
81000,1.0,0.0,0.5,none,True,True
81001,1.0,0.0,0.5,none,True,True
81002,1.0,0.0,0.5,none,True,True
81003,1.0,0.0,0.5,none,True,True
81004,1.0,0.0,0.5,none,True,True
81005,1.0,0.0,0.5,none,True,True
81006,1.0,0.0,0.5,none,True,True
81007,1.0,0.0,0.5,none,True,True
81008,1.0,0.0,0.5,none,True,True
81009,1.0,0.0,0.5,none,True,True
81010,1.0,0.0,0.5,none,True,True
81011,1.0,0.0,0.5,none,True,True
81012,1.0,0.0,0.5,none,True,True
81013,1.0,0.0,0.5,none,True,True
81014,1.0,0.0,0.5,none,True,True
81015,1.0,0.0,0.5,none,True,True
81016,1.0,0.0,0.5,none,True,True
81017,1.0,0.0,0.5,none,True,True
81018,1.0,0.0,0.5,none,True,True
81019,1.0,0.0,0.5,none,True,True
81020,1.0,0.0,0.5,none,True,True
81021,1.0,0.0,0.5,none,True,True
81022,1.0,0.0,0.5,none,True,True
81023,1.0,0.0,0.5,none,True,True
81024,1.0,0.0,0.5,none,True,True
81025,1.0,0.0,0.5,none,True,True
81026,1.0,0.0,0.5,none,True,True
81027,1.0,0.0,0.5,none,True,True
81028,1.0,0.0,0.5,none,True,True
81029,1.0,0.0,0.5,none,True,True
81030,1.0,0.0,0.5,none,True,True
81031,1.0,0.0,0.5,none,True,True
81032,1.0,0.0,0.5,none,True,True
81033,1.0,0.0,0.5,none,True,True
81034,1.0,0.0,0.5,none,True,True
81035,1.0,0.0,0.5,none,True,True
81036,1.0,0.0,0.5,none,True,True
81037,1.0,0.0,0.5,none,True,True
81038,1.0,0.0,0.5,none,True,True
81039,1.0,0.0,0.5,none,True,True
81040,1.0,0.0,0.5,none,True,True
81041,1.0,0.0,0.5,none,True,True
81042,1.0,0.0,0.5,none,True,True
81043,1.0,0.0,0.5,none,True,True
81044,1.0,0.0,0.5,none,True,True
81045,1.0,0.0,0.5,none,True,True
81046,1.0,0.0,0.5,none,True,True
81047,1.0,0.0,0.5,none,True,True
81048,1.0,0.0,0.5,none,True,True
81049,1.0,0.0,0.5,none,True,True
81050,1.0,0.0,0.5,none,True,True
81051,1.0,0.0,0.5,none,True,True
81052,1.0,0.0,0.5,none,True,True
81053,1.0,0.0,0.5,none,True,True
81054,1.0,0.0,0.5,none,True,True
81055,1.0,0.0,0.5,none,True,True
81056,1.0,0.0,0.5,none,True,True
81057,1.0,0.0,0.5,none,True,True
81058,1.0,0.0,0.5,none,True,True
81059,1.0,0.0,0.5,none,True,True
81060,1.0,0.0,0.5,none,True,True
81061,1.0,0.0,0.5,none,True,True
81062,1.0,0.0,0.5,none,True,True
81063,1.0,0.0,0.5,none,True,True
81064,1.0,0.0,0.5,none,True,True
81065,1.0,0.0,0.5,none,True,True
81066,1.0,0.0,0.5,none,True,True
81067,1.0,0.0,0.5,none,True,True
81068,1.0,0.0,0.5,none,True,True
81069,1.0,0.0,0.5,none,True,True
81070,1.0,0.0,0.5,none,True,True
81071,1.0,0.0,0.5,none,True,True
81072,1.0,0.0,0.5,none,True,True
81073,1.0,0.0,0.5,none,True,True
81074,1.0,0.0,0.5,none,True,True
81075,1.0,0.0,0.5,none,True,True
81076,1.0,0.0,0.5,none,True,True
81077,1.0,0.0,0.5,none,True,True
81078,1.0,0.0,0.5,none,True,True
81079,1.0,0.0,0.5,none,True,True
81080,1.0,0.0,0.5,none,True,True
81081,1.0,0.0,0.5,none,True,True
81082,1.0,0.0,0.5,none,True,True
81083,1.0,0.0,0.5,none,True,True
81084,1.0,0.0,0.5,none,True,True
81085,1.0,0.0,0.5,none,True,True
81086,1.0,0.0,0.5,none,True,True
81087,1.0,0.0,0.5,none,True,True
81088,1.0,0.0,0.5,none,True,True
81089,1.0,0.0,0.5,none,True,True
81090,1.0,0.0,0.5,none,True,True
81091,1.0,0.0,0.5,none,True,True
81092,1.0,0.0,0.5,none,True,True
81093,1.0,0.0,0.5,none,True,True
81094,1.0,0.0,0.5,none,True,True
81095,1.0,0.0,0.5,none,True,True
81096,1.0,0.0,0.5,none,True,True
81097,1.0,0.0,0.5,none,True,True
81098,1.0,0.0,0.5,none,True,True
81099,1.0,0.0,0.5,none,True,True
81100,1.0,0.0,0.5,none,True,True
81101,1.0,0.0,0.5,none,True,True
81102,1.0,0.0,0.5,none,True,True
81103,1.0,0.0,0.5,none,True,True
81104,1.0,0.0,0.5,none,True,True
81105,1.0,0.0,0.5,none,True,True
81106,1.0,0.0,0.5,none,True,True
81107,1.0,0.0,0.5,none,True,True
81108,1.0,0.0,0.5,none,True,True
81109,1.0,0.0,0.5,none,True,True
81110,1.0,0.0,0.5,none,True,True
81111,1.0,0.0,0.5,none,True,True
81112,1.0,0.0,0.5,none,True,True
81113,1.0,0.0,0.5,none,True,True
81114,1.0,0.0,0.5,none,True,True
81115,1.0,0.0,0.5,none,True,True
81116,1.0,0.0,0.5,none,True,True
81117,1.0,0.0,0.5,none,True,True
81118,1.0,0.0,0.5,none,True,True
81119,1.0,0.0,0.5,none,True,True
81120,1.0,0.0,0.5,none,True,True
81121,1.0,0.0,0.5,none,True,True
81122,1.0,0.0,0.5,none,True,True
81123,1.0,0.0,0.5,none,True,True
81124,1.0,0.0,0.5,none,True,True
81125,1.0,0.0,0.5,none,True,True
81126,1.0,0.0,0.5,none,True,True
81127,1.0,0.0,0.5,none,True,True
81128,1.0,0.0,0.5,none,True,True
81129,1.0,0.0,0.5,none,True,True
81130,1.0,0.0,0.5,none,True,True
81131,1.0,0.0,0.5,none,True,True
81132,1.0,0.0,0.5,none,True,True
81133,1.0,0.0,0.5,none,True,True
81134,1.0,0.0,0.5,none,True,True
81135,1.0,0.0,0.5,none,True,True
81136,1.0,0.0,0.5,none,True,True
81137,1.0,0.0,0.5,none,True,True
81138,1.0,0.0,0.5,none,True,True
81139,1.0,0.0,0.5,none,True,True
81140,1.0,0.0,0.5,none,True,True
81141,1.0,0.0,0.5,none,True,True
81142,1.0,0.0,0.5,none,True,True
81143,1.0,0.0,0.5,none,True,True
81144,1.0,0.0,0.5,none,True,True
81145,1.0,0.0,0.5,none,True,True
81146,1.0,0.0,0.5,none,True,True
81147,1.0,0.0,0.5,none,True,True
81148,1.0,0.0,0.5,none,True,True
81149,1.0,0.0,0.5,none,True,True
81150,1.0,0.0,0.5,none,True,True
81151,1.0,0.0,0.5,none,True,True
81152,1.0,0.0,0.5,none,True,True
81153,1.0,0.0,0.5,none,True,True
81154,1.0,0.0,0.5,none,True,True
81155,1.0,0.0,0.5,none,True,True
81156,1.0,0.0,0.5,none,True,True
81157,1.0,0.0,0.5,none,True,True
81158,1.0,0.0,0.5,none,True,True
81159,1.0,0.0,0.5,none,True,True
81160,1.0,0.0,0.5,none,True,True
81161,1.0,0.0,0.5,none,True,True
81162,1.0,0.0,0.5,none,True,True
81163,1.0,0.0,0.5,none,True,True
81164,1.0,0.0,0.5,none,True,True
81165,1.0,0.0,0.5,none,True,True
81166,1.0,0.0,0.5,none,True,True
81167,1.0,0.0,0.5,none,True,True
81168,1.0,0.0,0.5,none,True,True
81169,1.0,0.0,0.5,none,True,True
81170,1.0,0.0,0.5,none,True,True
81171,1.0,0.0,0.5,none,True,True
81172,1.0,0.0,0.5,none,True,True
81173,1.0,0.0,0.5,none,True,True
81174,1.0,0.0,0.5,none,True,True
81175,1.0,0.0,0.5,none,True,True
81176,1.0,0.0,0.5,none,True,True
81177,1.0,0.0,0.5,none,True,True
81178,1.0,0.0,0.5,none,True,True
81179,1.0,0.0,0.5,none,True,True
81180,1.0,0.0,0.5,none,True,True
81181,1.0,0.0,0.5,none,True,True
81182,1.0,0.0,0.5,none,True,True
81183,1.0,0.0,0.5,none,True,True
81184,1.0,0.0,0.5,none,True,True
81185,1.0,0.0,0.5,none,True,True
81186,1.0,0.0,0.5,none,True,True
81187,1.0,0.0,0.5,none,True,True
81188,1.0,0.0,0.5,none,True,True
81189,1.0,0.0,0.5,none,True,True
81190,1.0,0.0,0.5,none,True,True
81191,1.0,0.0,0.5,none,True,True
81192,1.0,0.0,0.5,none,True,True
81193,1.0,0.0,0.5,none,True,True
81194,1.0,0.0,0.5,none,True,True
81195,1.0,0.0,0.5,none,True,True
81196,1.0,0.0,0.5,none,True,True
81197,1.0,0.0,0.5,none,True,True
81198,1.0,0.0,0.5,none,True,True
81199,1.0,0.0,0.5,none,True,True
81200,1.0,0.0061,0.5,none,True,True
81201,1.0,0.0357,0.5,none,True,True
81202,1.0,0.0812,0.5,none,True,True
81203,1.0,0.1113,0.5,none,True,True
81204,1.0,0.1253,0.5,none,True,True
81205,1.0,0.1408,0.5,none,True,True
81206,1.0,0.0907,0.5,none,True,True
81207,1.0,0.1198,0.5,none,True,True
81208,1.0,0.0467,0.5,none,True,True
81209,1.0,0.0522,0.5,none,True,True
81210,1.0,0.0405,0.5,none,True,True
81211,1.0,0.0313,0.5,none,True,True
81212,1.0,0.0083,0.5,none,True,True
81213,1.0,0.0726,0.5,none,True,True
81214,1.0,0.0793,0.5,none,True,True
81215,1.0,0.0581,0.5,none,True,True
81216,1.0,0.0955,0.5,none,True,True
81217,1.0,0.0839,0.5,none,True,True
81218,1.0,0.0648,0.5,none,True,True
81219,1.0,0.0718,0.5,none,True,True
81220,1.0,0.0589,0.5,none,True,True
81221,1.0,0.0403,0.5,none,True,True
81222,1.0,0.0327,0.5,none,True,True
81223,1.0,0.0277,0.5,none,True,True
81224,1.0,0.017,0.5,none,True,True
81225,1.0,0.0102,0.5,none,True,True
81226,1.0,0.0099,0.5,none,True,True
81227,1.0,0.008,0.5,none,True,True
81228,1.0,0.005,0.5,none,True,True
81229,1.0,0.0063,0.5,none,True,True
81230,1.0,0.009,0.5,none,True,True
81231,1.0,0.0096,0.5,none,True,True
81232,1.0,0.0108,0.5,none,True,True
81233,1.0,0.014,0.5,none,True,True
81234,1.0,0.0161,0.5,none,True,True
81235,1.0,0.0167,0.5,none,True,True
81236,1.0,0.0182,0.5,none,True,True
81237,1.0,0.0196,0.5,none,True,True
81238,1.0,0.0197,0.5,none,True,True
81239,1.0,0.0193,0.5,none,True,True
81240,1.0,0.0193,0.5,none,True,True
81241,1.0,0.0187,0.5,none,True,True
81242,1.0,0.0174,0.5,none,True,True
81243,1.0,0.0163,0.5,none,True,True
81244,1.0,0.0152,0.5,none,True,True
81245,1.0,0.0138,0.5,none,True,True
81246,1.0,0.0123,0.5,none,True,True
81247,1.0,0.0111,0.5,none,True,True
81248,1.0,0.01,0.5,none,True,True
81249,1.0,0.0088,0.5,none,True,True
81250,1.0,0.0078,0.5,none,True,True
81251,1.0,0.0071,0.5,none,True,True
81252,1.0,0.0064,0.5,none,True,True
81253,1.0,0.0057,0.5,none,True,True
81254,1.0,0.0053,0.5,none,True,True
81255,1.0,0.005,0.5,none,True,True
81256,1.0,0.0047,0.5,none,True,True
81257,1.0,0.0045,0.5,none,True,True
81258,1.0,0.0044,0.5,none,True,True
81259,1.0,0.0043,0.5,none,True,True
81260,1.0,0.0042,0.5,none,True,True
81261,1.0,0.0041,0.5,none,True,True
81262,1.0,0.004,0.5,none,True,True
81263,1.0,0.0039,0.5,none,True,True
81264,1.0,0.0038,0.5,none,True,True
81265,1.0,0.0037,0.5,none,True,True
81266,1.0,0.0035,0.5,none,True,True
81267,1.0,0.0033,0.5,none,True,True
81268,1.0,0.0032,0.5,none,True,True
81269,1.0,0.003,0.5,none,True,True
81270,1.0,0.0028,0.5,none,True,True
81271,1.0,0.0026,0.5,none,True,True
81272,1.0,0.0024,0.5,none,True,True
81273,1.0,0.0023,0.5,none,True,True
81274,1.0,0.0021,0.5,none,True,True
81275,1.0,0.0019,0.5,none,True,True
81276,1.0,0.0018,0.5,none,True,True
81277,1.0,0.0017,0.5,none,True,True
81278,1.0,0.0015,0.5,none,True,True
81279,1.0,0.0014,0.5,none,True,True
81280,1.0,0.0013,0.5,none,True,True
81281,1.0,0.0013,0.5,none,True,True
81282,1.0,0.0012,0.5,none,True,True
81283,1.0,0.0011,0.5,none,True,True
81284,1.0,0.0011,0.5,none,True,True
81285,1.0,0.001,0.5,none,True,True
81286,1.0,0.001,0.5,none,True,True
81287,1.0,0.0009,0.5,none,True,True
81288,1.0,0.0009,0.5,none,True,True
81289,1.0,0.0008,0.5,none,True,True
81290,1.0,0.0008,0.5,none,True,True
81291,1.0,0.0008,0.5,none,True,True
81292,1.0,0.0007,0.5,none,True,True
81293,1.0,0.0007,0.5,none,True,True
81294,1.0,0.0006,0.5,none,True,True
81295,1.0,0.0006,0.5,none,True,True
81296,1.0,0.0006,0.5,none,True,True
81297,1.0,0.0005,0.5,none,True,True
81298,1.0,0.0005,0.5,none,True,True
81299,1.0,0.0005,0.5,none,True,True
81300,1.0,0.0004,0.5,none,True,True
81301,1.0,0.0004,0.5,none,True,True
81302,1.0,0.0004,0.5,none,True,True
81303,1.0,0.0004,0.5,none,True,True
81304,1.0,0.0003,0.5,none,True,True
81305,1.0,0.0003,0.5,none,True,True
81306,1.0,0.0003,0.5,none,True,True
81307,1.0,0.0003,0.5,none,True,True
81308,1.0,0.0003,0.5,none,True,True
81309,1.0,0.0003,0.5,none,True,True
81310,1.0,0.0002,0.5,none,True,True
81311,1.0,0.0002,0.5,none,True,True
81312,1.0,0.0002,0.5,none,True,True
81313,1.0,0.0002,0.5,none,True,True
81314,1.0,0.0002,0.5,none,True,True
81315,1.0,0.0002,0.5,none,True,True
81316,1.0,0.0002,0.5,none,True,True
81317,1.0,0.0002,0.5,none,True,True
81318,1.0,0.0002,0.5,none,True,True
81319,1.0,0.0001,0.5,none,True,True
81320,1.0,0.0001,0.5,none,True,True
81321,1.0,0.0001,0.5,none,True,True
81322,1.0,0.0001,0.5,none,True,True
81323,1.0,0.0001,0.5,none,True,True
81324,1.0,0.0001,0.5,none,True,True
81325,1.0,0.0001,0.5,none,True,True
81326,1.0,0.0001,0.5,none,True,True
81327,1.0,0.0001,0.5,none,True,True
81328,1.0,0.0001,0.5,none,True,True
81329,1.0,0.0001,0.5,none,True,True
81330,1.0,0.0001,0.5,none,True,True
81331,1.0,0.0001,0.5,none,True,True
81332,1.0,0.0001,0.5,none,True,True
81333,1.0,0.0001,0.5,none,True,True
81334,1.0,0.0001,0.5,none,True,True
81335,1.0,0.0001,0.5,none,True,True
81336,1.0,0.0001,0.5,none,True,True
81337,1.0,0.0,0.5,none,True,True
81338,1.0,0.0,0.5,none,True,True
81339,1.0,0.0,0.5,none,True,True
81340,1.0,0.0,0.5,none,True,True
81341,1.0,0.0,0.5,none,True,True
81342,1.0,0.0,0.5,none,True,True
81343,1.0,0.0,0.5,none,True,True
81344,1.0,0.0,0.5,none,True,True
81345,1.0,0.0,0.5,none,True,True
81346,1.0,0.0,0.5,none,True,True
81347,1.0,0.0,0.5,none,True,True
81348,1.0,0.0,0.5,none,True,True
81349,1.0,0.0,0.5,none,True,True
81350,1.0,0.0,0.5,none,True,True
81351,1.0,0.0,0.5,none,True,True
81352,1.0,0.0,0.5,none,True,True
81353,1.0,0.0,0.5,none,True,True
81354,1.0,0.0,0.5,none,True,True
81355,1.0,0.0,0.5,none,True,True
81356,1.0,0.0,0.5,none,True,True
81357,1.0,0.0,0.5,none,True,True
81358,1.0,0.0,0.5,none,True,True
81359,1.0,0.0,0.5,none,True,True
81360,1.0,0.0,0.5,none,True,True
81361,1.0,0.0,0.5,none,True,True
81362,1.0,0.0,0.5,none,True,True
81363,1.0,0.0,0.5,none,True,True
81364,1.0,0.0,0.5,none,True,True
81365,1.0,0.0,0.5,none,True,True
81366,1.0,0.0,0.5,none,True,True
81367,1.0,0.0,0.5,none,True,True
81368,1.0,0.0,0.5,none,True,True
81369,1.0,0.0,0.5,none,True,True
81370,1.0,0.0,0.5,none,True,True
81371,1.0,0.0,0.5,none,True,True
81372,1.0,0.0,0.5,none,True,True
81373,1.0,0.0,0.5,none,True,True
81374,1.0,0.0,0.5,none,True,True
81375,1.0,0.0,0.5,none,True,True
81376,1.0,0.0,0.5,none,True,True
81377,1.0,0.0,0.5,none,True,True
81378,1.0,0.0,0.5,none,True,True
81379,1.0,0.0,0.5,none,True,True
81380,1.0,0.0,0.5,none,True,True
81381,1.0,0.0,0.5,none,True,True
81382,1.0,0.0,0.5,none,True,True
81383,1.0,0.0,0.5,none,True,True
81384,1.0,0.0,0.5,none,True,True
81385,1.0,0.0,0.5,none,True,True
81386,1.0,0.0,0.5,none,True,True
81387,1.0,0.0,0.5,none,True,True
81388,1.0,0.0,0.5,none,True,True
81389,1.0,0.0,0.5,none,True,True
81390,1.0,0.0,0.5,none,True,True
81391,1.0,0.0,0.5,none,True,True
81392,1.0,0.0,0.5,none,True,True
81393,1.0,0.0,0.5,none,True,True
81394,1.0,0.0,0.5,none,True,True
81395,1.0,0.0,0.5,none,True,True
81396,1.0,0.0,0.5,none,True,True
81397,1.0,0.0,0.5,none,True,True
81398,1.0,0.0,0.5,none,True,True
81399,1.0,0.0,0.5,none,True,True
81400,1.0,0.0,0.5,none,True,True
81401,1.0,0.0,0.5,none,True,True
81402,1.0,0.0,0.5,none,True,True
81403,1.0,0.0,0.5,none,True,True
81404,1.0,0.0,0.5,none,True,True
81405,1.0,0.0,0.5,none,True,True
81406,1.0,0.0,0.5,none,True,True
81407,1.0,0.0,0.5,none,True,True
81408,1.0,0.0,0.5,none,True,True
81409,1.0,0.0,0.5,none,True,True
81410,1.0,0.0,0.5,none,True,True
81411,1.0,0.0,0.5,none,True,True
81412,1.0,0.0,0.5,none,True,True
81413,1.0,0.0,0.5,none,True,True
81414,1.0,0.0,0.5,none,True,True
81415,1.0,0.0,0.5,none,True,True
81416,1.0,0.0,0.5,none,True,True
81417,1.0,0.0,0.5,none,True,True
81418,1.0,0.0,0.5,none,True,True
81419,1.0,0.0,0.5,none,True,True
81420,1.0,0.0,0.5,none,True,True
81421,1.0,0.0,0.5,none,True,True
81422,1.0,0.0,0.5,none,True,True
81423,1.0,0.0,0.5,none,True,True
81424,1.0,0.0,0.5,none,True,True
81425,1.0,0.0,0.5,none,True,True
81426,1.0,0.0,0.5,none,True,True
81427,1.0,0.0,0.5,none,True,True
81428,1.0,0.0,0.5,none,True,True
81429,1.0,0.0,0.5,none,True,True
81430,1.0,0.0,0.5,none,True,True
81431,1.0,0.0,0.5,none,True,True
81432,1.0,0.0,0.5,none,True,True
81433,1.0,0.0,0.5,none,True,True
81434,1.0,0.0,0.5,none,True,True
81435,1.0,0.0,0.5,none,True,True
81436,1.0,0.0,0.5,none,True,True
81437,1.0,0.0,0.5,none,True,True
81438,1.0,0.0,0.5,none,True,True
81439,1.0,0.0,0.5,none,True,True
81440,1.0,0.0,0.5,none,True,True
81441,1.0,0.0,0.5,none,True,True
81442,1.0,0.0,0.5,none,True,True
81443,1.0,0.0,0.5,none,True,True
81444,1.0,0.0,0.5,none,True,True
81445,1.0,0.0,0.5,none,True,True
81446,1.0,0.0,0.5,none,True,True
81447,1.0,0.0,0.5,none,True,True
81448,1.0,0.0,0.5,none,True,True
81449,1.0,0.0,0.5,none,True,True
81450,1.0,0.0,0.5,none,True,True
81451,1.0,0.0,0.5,none,True,True
81452,1.0,0.0,0.5,none,True,True
81453,1.0,0.0,0.5,none,True,True
81454,1.0,0.0,0.5,none,True,True
81455,1.0,0.0,0.5,none,True,True
81456,1.0,0.0,0.5,none,True,True
81457,1.0,0.0,0.5,none,True,True
81458,1.0,0.0,0.5,none,True,True
81459,1.0,0.0,0.5,none,True,True
81460,1.0,0.0,0.5,none,True,True
81461,1.0,0.0,0.5,none,True,True
81462,1.0,0.0,0.5,none,True,True
81463,1.0,0.0,0.5,none,True,True
81464,1.0,0.0,0.5,none,True,True
81465,1.0,0.0,0.5,none,True,True
81466,1.0,0.0,0.5,none,True,True
81467,1.0,0.0,0.5,none,True,True
81468,1.0,0.0,0.5,none,True,True
81469,1.0,0.0,0.5,none,True,True
81470,1.0,0.0,0.5,none,True,True
81471,1.0,0.0,0.5,none,True,True
81472,1.0,0.0,0.5,none,True,True
81473,1.0,0.0,0.5,none,True,True
81474,1.0,0.0,0.5,none,True,True
81475,1.0,0.0,0.5,none,True,True
81476,1.0,0.0,0.5,none,True,True
81477,1.0,0.0,0.5,none,True,True
81478,1.0,0.0,0.5,none,True,True
81479,1.0,0.0,0.5,none,True,True
81480,1.0,0.0,0.5,none,True,True
81481,1.0,0.0,0.5,none,True,True
81482,1.0,0.0,0.5,none,True,True
81483,1.0,0.0,0.5,none,True,True
81484,1.0,0.0,0.5,none,True,True
81485,1.0,0.0,0.5,none,True,True
81486,1.0,0.0,0.5,none,True,True
81487,1.0,0.0,0.5,none,True,True
81488,1.0,0.0,0.5,none,True,True
81489,1.0,0.0,0.5,none,True,True
81490,1.0,0.0,0.5,none,True,True
81491,1.0,0.0,0.5,none,True,True
81492,1.0,0.0,0.5,none,True,True
81493,1.0,0.0,0.5,none,True,True
81494,1.0,0.0,0.5,none,True,True
81495,1.0,0.0,0.5,none,True,True
81496,1.0,0.0,0.5,none,True,True
81497,1.0,0.0,0.5,none,True,True
81498,1.0,0.0,0.5,none,True,True
81499,1.0,0.0,0.5,none,True,True
81500,1.0,0.0,0.5,none,True,True
81501,1.0,0.0,0.5,none,True,True
81502,1.0,0.0,0.5,none,True,True
81503,1.0,0.0,0.5,none,True,True
81504,1.0,0.0,0.5,none,True,True
81505,1.0,0.0,0.5,none,True,True
81506,1.0,0.0,0.5,none,True,True
81507,1.0,0.0,0.5,none,True,True
81508,1.0,0.0,0.5,none,True,True
81509,1.0,0.0,0.5,none,True,True
81510,1.0,0.0,0.5,none,True,True
81511,1.0,0.0,0.5,none,True,True
81512,1.0,0.0,0.5,none,True,True
81513,1.0,0.0,0.5,none,True,True
81514,1.0,0.0,0.5,none,True,True
81515,1.0,0.0,0.5,none,True,True
81516,1.0,0.0,0.5,none,True,True
81517,1.0,0.0,0.5,none,True,True
81518,1.0,0.0,0.5,none,True,True
81519,1.0,0.0,0.5,none,True,True
81520,1.0,0.0,0.5,none,True,True
81521,1.0,0.0,0.5,none,True,True
81522,1.0,0.0,0.5,none,True,True
81523,1.0,0.0,0.5,none,True,True
81524,1.0,0.0,0.5,none,True,True
81525,1.0,0.0,0.5,none,True,True
81526,1.0,0.0,0.5,none,True,True
81527,1.0,0.0,0.5,none,True,True
81528,1.0,0.0,0.5,none,True,True
81529,1.0,0.0,0.5,none,True,True
81530,1.0,0.0,0.5,none,True,True
81531,1.0,0.0,0.5,none,True,True
81532,1.0,0.0,0.5,none,True,True
81533,1.0,0.0,0.5,none,True,True
81534,1.0,0.0,0.5,none,True,True
81535,1.0,0.0,0.5,none,True,True
81536,1.0,0.0,0.5,none,True,True
81537,1.0,0.0,0.5,none,True,True
81538,1.0,0.0,0.5,none,True,True
81539,1.0,0.0,0.5,none,True,True
81540,1.0,0.0,0.5,none,True,True
81541,1.0,0.0,0.5,none,True,True
81542,1.0,0.0,0.5,none,True,True
81543,1.0,0.0,0.5,none,True,True
81544,1.0,0.0,0.5,none,True,True
81545,1.0,0.0,0.5,none,True,True
81546,1.0,0.0,0.5,none,True,True
81547,1.0,0.0,0.5,none,True,True
81548,1.0,0.0,0.5,none,True,True
81549,1.0,0.0,0.5,none,True,True
81550,1.0,0.0,0.5,none,True,True
81551,1.0,0.0,0.5,none,True,True
81552,1.0,0.0,0.5,none,True,True
81553,1.0,0.0,0.5,none,True,True
81554,1.0,0.0,0.5,none,True,True
81555,1.0,0.0,0.5,none,True,True
81556,1.0,0.0,0.5,none,True,True
81557,1.0,0.0,0.5,none,True,True
81558,1.0,0.0,0.5,none,True,True
81559,1.0,0.0,0.5,none,True,True
81560,1.0,0.0,0.5,none,True,True
81561,1.0,0.0,0.5,none,True,True
81562,1.0,0.0,0.5,none,True,True
81563,1.0,0.0,0.5,none,True,True
81564,1.0,0.0,0.5,none,True,True
81565,1.0,0.0,0.5,none,True,True
81566,1.0,0.0,0.5,none,True,True
81567,1.0,0.0,0.5,none,True,True
81568,1.0,0.0,0.5,none,True,True
81569,1.0,0.0,0.5,none,True,True
81570,1.0,0.0,0.5,none,True,True
81571,1.0,0.0,0.5,none,True,True
81572,1.0,0.0,0.5,none,True,True
81573,1.0,0.0,0.5,none,True,True
81574,1.0,0.0,0.5,none,True,True
81575,1.0,0.0,0.5,none,True,True
81576,1.0,0.0,0.5,none,True,True
81577,1.0,0.0,0.5,none,True,True
81578,1.0,0.0,0.5,none,True,True
81579,1.0,0.0,0.5,none,True,True
81580,1.0,0.0,0.5,none,True,True
81581,1.0,0.0,0.5,none,True,True
81582,1.0,0.0,0.5,none,True,True
81583,1.0,0.0,0.5,none,True,True
81584,1.0,0.0,0.5,none,True,True
81585,1.0,0.0,0.5,none,True,True
81586,1.0,0.0,0.5,none,True,True
81587,1.0,0.0,0.5,none,True,True
81588,1.0,0.0,0.5,none,True,True
81589,1.0,0.0,0.5,none,True,True
81590,1.0,0.0,0.5,none,True,True
81591,1.0,0.0,0.5,none,True,True
81592,1.0,0.0,0.5,none,True,True
81593,1.0,0.0,0.5,none,True,True
81594,1.0,0.0,0.5,none,True,True
81595,1.0,0.0,0.5,none,True,True
81596,1.0,0.0,0.5,none,True,True
81597,1.0,0.0,0.5,none,True,True
81598,1.0,0.0,0.5,none,True,True
81599,1.0,0.0,0.5,none,True,True
81600,1.0,0.0,0.5,none,True,True
81601,1.0,0.0,0.5,none,True,True
81602,1.0,0.0,0.5,none,True,True
81603,1.0,0.0,0.5,none,True,True
81604,1.0,0.0,0.5,none,True,True
81605,1.0,0.0,0.5,none,True,True
81606,1.0,0.0,0.5,none,True,True
81607,1.0,0.0,0.5,none,True,True
81608,1.0,0.0,0.5,none,True,True
81609,1.0,0.0,0.5,none,True,True
81610,1.0,0.0,0.5,none,True,True
81611,1.0,0.0,0.5,none,True,True
81612,1.0,0.0,0.5,none,True,True
81613,1.0,0.0,0.5,none,True,True
81614,1.0,0.0,0.5,none,True,True
81615,1.0,0.0,0.5,none,True,True
81616,1.0,0.0,0.5,none,True,True
81617,1.0,0.0,0.5,none,True,True
81618,1.0,0.0,0.5,none,True,True
81619,1.0,0.0,0.5,none,True,True
81620,1.0,0.0,0.5,none,True,True
81621,1.0,0.0,0.5,none,True,True
81622,1.0,0.0,0.5,none,True,True
81623,1.0,0.0,0.5,none,True,True
81624,1.0,0.0,0.5,none,True,True
81625,1.0,0.0,0.5,none,True,True
81626,1.0,0.0,0.5,none,True,True
81627,1.0,0.0,0.5,none,True,True
81628,1.0,0.0,0.5,none,True,True
81629,1.0,0.0,0.5,none,True,True
81630,1.0,0.0,0.5,none,True,True
81631,1.0,0.0,0.5,none,True,True
81632,1.0,0.0,0.5,none,True,True
81633,1.0,0.0,0.5,none,True,True
81634,1.0,0.0,0.5,none,True,True
81635,1.0,0.0,0.5,none,True,True
81636,1.0,0.0,0.5,none,True,True
81637,1.0,0.0,0.5,none,True,True
81638,1.0,0.0,0.5,none,True,True
81639,1.0,0.0,0.5,none,True,True
81640,1.0,0.0,0.5,none,True,True
81641,1.0,0.0,0.5,none,True,True
81642,1.0,0.0,0.5,none,True,True
81643,1.0,0.0,0.5,none,True,True
81644,1.0,0.0,0.5,none,True,True
81645,1.0,0.0,0.5,none,True,True
81646,1.0,0.0,0.5,none,True,True
81647,1.0,0.0,0.5,none,True,True
81648,1.0,0.0,0.5,none,True,True
81649,1.0,0.0,0.5,none,True,True
81650,1.0,0.0,0.5,none,True,True
81651,1.0,0.0,0.5,none,True,True
81652,1.0,0.0,0.5,none,True,True
81653,1.0,0.0,0.5,none,True,True
81654,1.0,0.0,0.5,none,True,True
81655,1.0,0.0,0.5,none,True,True
81656,1.0,0.0,0.5,none,True,True
81657,1.0,0.0,0.5,none,True,True
81658,1.0,0.0,0.5,none,True,True
81659,1.0,0.0,0.5,none,True,True
81660,1.0,0.0,0.5,none,True,True
81661,1.0,0.0,0.5,none,True,True
81662,1.0,0.0,0.5,none,True,True
81663,1.0,0.0,0.5,none,True,True
81664,1.0,0.0,0.5,none,True,True
81665,1.0,0.0,0.5,none,True,True
81666,1.0,0.0,0.5,none,True,True
81667,1.0,0.0,0.5,none,True,True
81668,1.0,0.0,0.5,none,True,True
81669,1.0,0.0,0.5,none,True,True
81670,1.0,0.0,0.5,none,True,True
81671,1.0,0.0,0.5,none,True,True
81672,1.0,0.0,0.5,none,True,True
81673,1.0,0.0,0.5,none,True,True
81674,1.0,0.0,0.5,none,True,True
81675,1.0,0.0,0.5,none,True,True
81676,1.0,0.0,0.5,none,True,True
81677,1.0,0.0,0.5,none,True,True
81678,1.0,0.0,0.5,none,True,True
81679,1.0,0.0,0.5,none,True,True
81680,1.0,0.0,0.5,none,True,True
81681,1.0,0.0,0.5,none,True,True
81682,1.0,0.0,0.5,none,True,True
81683,1.0,0.0,0.5,none,True,True
81684,1.0,0.0,0.5,none,True,True
81685,1.0,0.0,0.5,none,True,True
81686,1.0,0.0,0.5,none,True,True
81687,1.0,0.0,0.5,none,True,True
81688,1.0,0.0,0.5,none,True,True
81689,1.0,0.0,0.5,none,True,True
81690,1.0,0.0,0.5,none,True,True
81691,1.0,0.0,0.5,none,True,True
81692,1.0,0.0,0.5,none,True,True
81693,1.0,0.0,0.5,none,True,True
81694,1.0,0.0,0.5,none,True,True
81695,1.0,0.0,0.5,none,True,True
81696,1.0,0.0,0.5,none,True,True
81697,1.0,0.0,0.5,none,True,True
81698,1.0,0.0,0.5,none,True,True
81699,1.0,0.0,0.5,none,True,True
81700,1.0,0.0,0.5,none,True,True
81701,1.0,0.0,0.5,none,True,True
81702,1.0,0.0,0.5,none,True,True
81703,1.0,0.0,0.5,none,True,True
81704,1.0,0.0,0.5,none,True,True
81705,1.0,0.0,0.5,none,True,True
81706,1.0,0.0,0.5,none,True,True
81707,1.0,0.0,0.5,none,True,True
81708,1.0,0.0,0.5,none,True,True
81709,1.0,0.0,0.5,none,True,True
81710,1.0,0.0,0.5,none,True,True
81711,1.0,0.0,0.5,none,True,True
81712,1.0,0.0,0.5,none,True,True
81713,1.0,0.0,0.5,none,True,True
81714,1.0,0.0,0.5,none,True,True
81715,1.0,0.0,0.5,none,True,True
81716,1.0,0.0,0.5,none,True,True
81717,1.0,0.0,0.5,none,True,True
81718,1.0,0.0,0.5,none,True,True
81719,1.0,0.0,0.5,none,True,True
81720,1.0,0.0,0.5,none,True,True
81721,1.0,0.0,0.5,none,True,True
81722,1.0,0.0,0.5,none,True,True
81723,1.0,0.0,0.5,none,True,True
81724,1.0,0.0,0.5,none,True,True
81725,1.0,0.0,0.5,none,True,True
81726,1.0,0.0,0.5,none,True,True
81727,1.0,0.0,0.5,none,True,True
81728,1.0,0.0,0.5,none,True,True
81729,1.0,0.0,0.5,none,True,True
81730,1.0,0.0,0.5,none,True,True
81731,1.0,0.0,0.5,none,True,True
81732,1.0,0.0,0.5,none,True,True
81733,1.0,0.0,0.5,none,True,True
81734,1.0,0.0,0.5,none,True,True
81735,1.0,0.0,0.5,none,True,True
81736,1.0,0.0,0.5,none,True,True
81737,1.0,0.0,0.5,none,True,True
81738,1.0,0.0,0.5,none,True,True
81739,1.0,0.0,0.5,none,True,True
81740,1.0,0.0,0.5,none,True,True
81741,1.0,0.0,0.5,none,True,True
81742,1.0,0.0,0.5,none,True,True
81743,1.0,0.0,0.5,none,True,True
81744,1.0,0.0,0.5,none,True,True
81745,1.0,0.0,0.5,none,True,True
81746,1.0,0.0,0.5,none,True,True
81747,1.0,0.0,0.5,none,True,True
81748,1.0,0.0,0.5,none,True,True
81749,1.0,0.0,0.5,none,True,True
81750,1.0,0.0,0.5,none,True,True
81751,1.0,0.0,0.5,none,True,True
81752,1.0,0.0,0.5,none,True,True
81753,1.0,0.0,0.5,none,True,True
81754,1.0,0.0,0.5,none,True,True
81755,1.0,0.0,0.5,none,True,True
81756,1.0,0.0,0.5,none,True,True
81757,1.0,0.0,0.5,none,True,True
81758,1.0,0.0,0.5,none,True,True
81759,1.0,0.0,0.5,none,True,True
81760,1.0,0.0,0.5,none,True,True
81761,1.0,0.0,0.5,none,True,True
81762,1.0,0.0,0.5,none,True,True
81763,1.0,0.0,0.5,none,True,True
81764,1.0,0.0,0.5,none,True,True
81765,1.0,0.0,0.5,none,True,True
81766,1.0,0.0,0.5,none,True,True
81767,1.0,0.0,0.5,none,True,True
81768,1.0,0.0,0.5,none,True,True
81769,1.0,0.0,0.5,none,True,True
81770,1.0,0.0,0.5,none,True,True
81771,1.0,0.0,0.5,none,True,True
81772,1.0,0.0,0.5,none,True,True
81773,1.0,0.0,0.5,none,True,True
81774,1.0,0.0,0.5,none,True,True
81775,1.0,0.0,0.5,none,True,True
81776,1.0,0.0,0.5,none,True,True
81777,1.0,0.0,0.5,none,True,True
81778,1.0,0.0,0.5,none,True,True
81779,1.0,0.0,0.5,none,True,True
81780,1.0,0.0,0.5,none,True,True
81781,1.0,0.0,0.5,none,True,True
81782,1.0,0.0,0.5,none,True,True
81783,1.0,0.0,0.5,none,True,True
81784,1.0,0.0,0.5,none,True,True
81785,1.0,0.0,0.5,none,True,True
81786,1.0,0.0,0.5,none,True,True
81787,1.0,0.0,0.5,none,True,True
81788,1.0,0.0,0.5,none,True,True
81789,1.0,0.0,0.5,none,True,True
81790,1.0,0.0,0.5,none,True,True
81791,1.0,0.0,0.5,none,True,True
81792,1.0,0.0,0.5,none,True,True
81793,1.0,0.0,0.5,none,True,True
81794,1.0,0.0,0.5,none,True,True
81795,1.0,0.0,0.5,none,True,True
81796,1.0,0.0,0.5,none,True,True
81797,1.0,0.0,0.5,none,True,True
81798,1.0,0.0,0.5,none,True,True
81799,1.0,0.0,0.5,none,True,True
81800,1.0,0.0,0.5,none,True,True
81801,1.0,0.0,0.5,none,True,True
81802,1.0,0.0,0.5,none,True,True
81803,1.0,0.0,0.5,none,True,True
81804,1.0,0.0,0.5,none,True,True
81805,1.0,0.0,0.5,none,True,True
81806,1.0,0.0,0.5,none,True,True
81807,1.0,0.0,0.5,none,True,True
81808,1.0,0.0,0.5,none,True,True
81809,1.0,0.0,0.5,none,True,True
81810,1.0,0.0,0.5,none,True,True
81811,1.0,0.0,0.5,none,True,True
81812,1.0,0.0,0.5,none,True,True
81813,1.0,0.0,0.5,none,True,True
81814,1.0,0.0,0.5,none,True,True
81815,1.0,0.0,0.5,none,True,True
81816,1.0,0.0,0.5,none,True,True
81817,1.0,0.0,0.5,none,True,True
81818,1.0,0.0,0.5,none,True,True
81819,1.0,0.0,0.5,none,True,True
81820,1.0,0.0,0.5,none,True,True
81821,1.0,0.0,0.5,none,True,True
81822,1.0,0.0,0.5,none,True,True
81823,1.0,0.0,0.5,none,True,True
81824,1.0,0.0,0.5,none,True,True
81825,1.0,0.0,0.5,none,True,True
81826,1.0,0.0,0.5,none,True,True
81827,1.0,0.0,0.5,none,True,True
81828,1.0,0.0,0.5,none,True,True
81829,1.0,0.0,0.5,none,True,True
81830,1.0,0.0,0.5,none,True,True
81831,1.0,0.0,0.5,none,True,True
81832,1.0,0.0,0.5,none,True,True
81833,1.0,0.0,0.5,none,True,True
81834,1.0,0.0,0.5,none,True,True
81835,1.0,0.0,0.5,none,True,True
81836,1.0,0.0,0.5,none,True,True
81837,1.0,0.0,0.5,none,True,True
81838,1.0,0.0,0.5,none,True,True
81839,1.0,0.0,0.5,none,True,True
81840,1.0,0.0,0.5,none,True,True
81841,1.0,0.0,0.5,none,True,True
81842,1.0,0.0,0.5,none,True,True
81843,1.0,0.0,0.5,none,True,True
81844,1.0,0.0,0.5,none,True,True
81845,1.0,0.0,0.5,none,True,True
81846,1.0,0.0,0.5,none,True,True
81847,1.0,0.0,0.5,none,True,True
81848,1.0,0.0,0.5,none,True,True
81849,1.0,0.0,0.5,none,True,True
81850,1.0,0.0,0.5,none,True,True
81851,1.0,0.0,0.5,none,True,True
81852,1.0,0.0,0.5,none,True,True
81853,1.0,0.0,0.5,none,True,True
81854,1.0,0.0,0.5,none,True,True
81855,1.0,0.0,0.5,none,True,True
81856,1.0,0.0,0.5,none,True,True
81857,1.0,0.0,0.5,none,True,True
81858,1.0,0.0,0.5,none,True,True
81859,1.0,0.0,0.5,none,True,True
81860,1.0,0.0,0.5,none,True,True
81861,1.0,0.0,0.5,none,True,True
81862,1.0,0.0,0.5,none,True,True
81863,1.0,0.0,0.5,none,True,True
81864,1.0,0.0,0.5,none,True,True
81865,1.0,0.0,0.5,none,True,True
81866,1.0,0.0,0.5,none,True,True
81867,1.0,0.0,0.5,none,True,True
81868,1.0,0.0,0.5,none,True,True
81869,1.0,0.0,0.5,none,True,True
81870,1.0,0.0,0.5,none,True,True
81871,1.0,0.0,0.5,none,True,True
81872,1.0,0.0,0.5,none,True,True
81873,1.0,0.0,0.5,none,True,True
81874,1.0,0.0,0.5,none,True,True
81875,1.0,0.0,0.5,none,True,True
81876,1.0,0.0,0.5,none,True,True
81877,1.0,0.0,0.5,none,True,True
81878,1.0,0.0,0.5,none,True,True
81879,1.0,0.0,0.5,none,True,True
81880,1.0,0.0,0.5,none,True,True
81881,1.0,0.0,0.5,none,True,True
81882,1.0,0.0,0.5,none,True,True
81883,1.0,0.0,0.5,none,True,True
81884,1.0,0.0,0.5,none,True,True
81885,1.0,0.0,0.5,none,True,True
81886,1.0,0.0,0.5,none,True,True
81887,1.0,0.0,0.5,none,True,True
81888,1.0,0.0,0.5,none,True,True
81889,1.0,0.0,0.5,none,True,True
81890,1.0,0.0,0.5,none,True,True
81891,1.0,0.0,0.5,none,True,True
81892,1.0,0.0,0.5,none,True,True
81893,1.0,0.0,0.5,none,True,True
81894,1.0,0.0,0.5,none,True,True
81895,1.0,0.0,0.5,none,True,True
81896,1.0,0.0,0.5,none,True,True
81897,1.0,0.0,0.5,none,True,True
81898,1.0,0.0,0.5,none,True,True
81899,1.0,0.0,0.5,none,True,True
81900,1.0,0.0061,0.5,none,True,True
81901,1.0,0.0357,0.5,none,True,True
81902,1.0,0.0812,0.5,none,True,True
81903,1.0,0.1113,0.5,none,True,True
81904,1.0,0.1253,0.5,none,True,True
81905,1.0,0.1408,0.5,none,True,True
81906,1.0,0.0907,0.5,none,True,True
81907,1.0,0.1198,0.5,none,True,True
81908,1.0,0.0467,0.5,none,True,True
81909,1.0,0.0522,0.5,none,True,True
81910,1.0,0.0405,0.5,none,True,True
81911,1.0,0.0313,0.5,none,True,True
81912,1.0,0.0083,0.5,none,True,True
81913,1.0,0.0726,0.5,none,True,True
81914,1.0,0.0793,0.5,none,True,True
81915,1.0,0.0581,0.5,none,True,True
81916,1.0,0.0955,0.5,none,True,True
81917,1.0,0.0839,0.5,none,True,True
81918,1.0,0.0648,0.5,none,True,True
81919,1.0,0.0718,0.5,none,True,True
81920,1.0,0.0589,0.5,none,True,True
81921,1.0,0.0403,0.5,none,True,True
81922,1.0,0.0327,0.5,none,True,True
81923,1.0,0.0277,0.5,none,True,True
81924,1.0,0.017,0.5,none,True,True
81925,1.0,0.0102,0.5,none,True,True
81926,1.0,0.0099,0.5,none,True,True
81927,1.0,0.008,0.5,none,True,True
81928,1.0,0.005,0.5,none,True,True
81929,1.0,0.0063,0.5,none,True,True
81930,1.0,0.009,0.5,none,True,True
81931,1.0,0.0096,0.5,none,True,True
81932,1.0,0.0108,0.5,none,True,True
81933,1.0,0.014,0.5,none,True,True
81934,1.0,0.0161,0.5,none,True,True
81935,1.0,0.0167,0.5,none,True,True
81936,1.0,0.0182,0.5,none,True,True
81937,1.0,0.0196,0.5,none,True,True
81938,1.0,0.0197,0.5,none,True,True
81939,1.0,0.0193,0.5,none,True,True
81940,1.0,0.0193,0.5,none,True,True
81941,1.0,0.0187,0.5,none,True,True
81942,1.0,0.0174,0.5,none,True,True
81943,1.0,0.0163,0.5,none,True,True
81944,1.0,0.0152,0.5,none,True,True
81945,1.0,0.0138,0.5,none,True,True
81946,1.0,0.0123,0.5,none,True,True
81947,1.0,0.0111,0.5,none,True,True
81948,1.0,0.01,0.5,none,True,True
81949,1.0,0.0088,0.5,none,True,True
81950,1.0,0.0078,0.5,none,True,True
81951,1.0,0.0071,0.5,none,True,True
81952,1.0,0.0064,0.5,none,True,True
81953,1.0,0.0057,0.5,none,True,True
81954,1.0,0.0053,0.5,none,True,True
81955,1.0,0.005,0.5,none,True,True
81956,1.0,0.0047,0.5,none,True,True
81957,1.0,0.0045,0.5,none,True,True
81958,1.0,0.0044,0.5,none,True,True
81959,1.0,0.0043,0.5,none,True,True
81960,1.0,0.0042,0.5,none,True,True
81961,1.0,0.0041,0.5,none,True,True
81962,1.0,0.004,0.5,none,True,True
81963,1.0,0.0039,0.5,none,True,True
81964,1.0,0.0038,0.5,none,True,True
81965,1.0,0.0037,0.5,none,True,True
81966,1.0,0.0035,0.5,none,True,True
81967,1.0,0.0033,0.5,none,True,True
81968,1.0,0.0032,0.5,none,True,True
81969,1.0,0.003,0.5,none,True,True
81970,1.0,0.0028,0.5,none,True,True
81971,1.0,0.0026,0.5,none,True,True
81972,1.0,0.0024,0.5,none,True,True
81973,1.0,0.0023,0.5,none,True,True
81974,1.0,0.0021,0.5,none,True,True
81975,1.0,0.0019,0.5,none,True,True
81976,1.0,0.0018,0.5,none,True,True
81977,1.0,0.0017,0.5,none,True,True
81978,1.0,0.0015,0.5,none,True,True
81979,1.0,0.0014,0.5,none,True,True
81980,1.0,0.0013,0.5,none,True,True
81981,1.0,0.0013,0.5,none,True,True
81982,1.0,0.0012,0.5,none,True,True
81983,1.0,0.0011,0.5,none,True,True
81984,1.0,0.0011,0.5,none,True,True
81985,1.0,0.001,0.5,none,True,True
81986,1.0,0.001,0.5,none,True,True
81987,1.0,0.0009,0.5,none,True,True
81988,1.0,0.0009,0.5,none,True,True
81989,1.0,0.0008,0.5,none,True,True
81990,1.0,0.0008,0.5,none,True,True
81991,1.0,0.0008,0.5,none,True,True
81992,1.0,0.0007,0.5,none,True,True
81993,1.0,0.0007,0.5,none,True,True
81994,1.0,0.0006,0.5,none,True,True
81995,1.0,0.0006,0.5,none,True,True
81996,1.0,0.0006,0.5,none,True,True
81997,1.0,0.0005,0.5,none,True,True
81998,1.0,0.0005,0.5,none,True,True
81999,1.0,0.0005,0.5,none,True,True
82000,1.0,0.0004,0.5,none,True,True
82001,1.0,0.0004,0.5,none,True,True
82002,1.0,0.0004,0.5,none,True,True
82003,1.0,0.0004,0.5,none,True,True
82004,1.0,0.0003,0.5,none,True,True
82005,1.0,0.0003,0.5,none,True,True
82006,1.0,0.0003,0.5,none,True,True
82007,1.0,0.0003,0.5,none,True,True
82008,1.0,0.0003,0.5,none,True,True
82009,1.0,0.0003,0.5,none,True,True
82010,1.0,0.0002,0.5,none,True,True
82011,1.0,0.0002,0.5,none,True,True
82012,1.0,0.0002,0.5,none,True,True
82013,1.0,0.0002,0.5,none,True,True
82014,1.0,0.0002,0.5,none,True,True
82015,1.0,0.0002,0.5,none,True,True
82016,1.0,0.0002,0.5,none,True,True
82017,1.0,0.0002,0.5,none,True,True
82018,1.0,0.0002,0.5,none,True,True
82019,1.0,0.0001,0.5,none,True,True
82020,1.0,0.0001,0.5,none,True,True
82021,1.0,0.0001,0.5,none,True,True
82022,1.0,0.0001,0.5,none,True,True
82023,1.0,0.0001,0.5,none,True,True
82024,1.0,0.0001,0.5,none,True,True
82025,1.0,0.0001,0.5,none,True,True
82026,1.0,0.0001,0.5,none,True,True
82027,1.0,0.0001,0.5,none,True,True
82028,1.0,0.0001,0.5,none,True,True
82029,1.0,0.0001,0.5,none,True,True
82030,1.0,0.0001,0.5,none,True,True
82031,1.0,0.0001,0.5,none,True,True
82032,1.0,0.0001,0.5,none,True,True
82033,1.0,0.0001,0.5,none,True,True
82034,1.0,0.0001,0.5,none,True,True
82035,1.0,0.0001,0.5,none,True,True
82036,1.0,0.0001,0.5,none,True,True
82037,1.0,0.0,0.5,none,True,True
82038,1.0,0.0,0.5,none,True,True
82039,1.0,0.0,0.5,none,True,True
82040,1.0,0.0,0.5,none,True,True
82041,1.0,0.0,0.5,none,True,True
82042,1.0,0.0,0.5,none,True,True
82043,1.0,0.0,0.5,none,True,True
82044,1.0,0.0,0.5,none,True,True
82045,1.0,0.0,0.5,none,True,True
82046,1.0,0.0,0.5,none,True,True
82047,1.0,0.0,0.5,none,True,True
82048,1.0,0.0,0.5,none,True,True
82049,1.0,0.0,0.5,none,True,True
82050,1.0,0.0,0.5,none,True,True
82051,1.0,0.0,0.5,none,True,True
82052,1.0,0.0,0.5,none,True,True
82053,1.0,0.0,0.5,none,True,True
82054,1.0,0.0,0.5,none,True,True
82055,1.0,0.0,0.5,none,True,True
82056,1.0,0.0,0.5,none,True,True
82057,1.0,0.0,0.5,none,True,True
82058,1.0,0.0,0.5,none,True,True
82059,1.0,0.0,0.5,none,True,True
82060,1.0,0.0,0.5,none,True,True
82061,1.0,0.0,0.5,none,True,True
82062,1.0,0.0,0.5,none,True,True
82063,1.0,0.0,0.5,none,True,True
82064,1.0,0.0,0.5,none,True,True
82065,1.0,0.0,0.5,none,True,True
82066,1.0,0.0,0.5,none,True,True
82067,1.0,0.0,0.5,none,True,True
82068,1.0,0.0,0.5,none,True,True
82069,1.0,0.0,0.5,none,True,True
82070,1.0,0.0,0.5,none,True,True
82071,1.0,0.0,0.5,none,True,True
82072,1.0,0.0,0.5,none,True,True
82073,1.0,0.0,0.5,none,True,True
82074,1.0,0.0,0.5,none,True,True
82075,1.0,0.0,0.5,none,True,True
82076,1.0,0.0,0.5,none,True,True
82077,1.0,0.0,0.5,none,True,True
82078,1.0,0.0,0.5,none,True,True
82079,1.0,0.0,0.5,none,True,True
82080,1.0,0.0,0.5,none,True,True
82081,1.0,0.0,0.5,none,True,True
82082,1.0,0.0,0.5,none,True,True
82083,1.0,0.0,0.5,none,True,True
82084,1.0,0.0,0.5,none,True,True
82085,1.0,0.0,0.5,none,True,True
82086,1.0,0.0,0.5,none,True,True
82087,1.0,0.0,0.5,none,True,True
82088,1.0,0.0,0.5,none,True,True
82089,1.0,0.0,0.5,none,True,True
82090,1.0,0.0,0.5,none,True,True
82091,1.0,0.0,0.5,none,True,True
82092,1.0,0.0,0.5,none,True,True
82093,1.0,0.0,0.5,none,True,True
82094,1.0,0.0,0.5,none,True,True
82095,1.0,0.0,0.5,none,True,True
82096,1.0,0.0,0.5,none,True,True
82097,1.0,0.0,0.5,none,True,True
82098,1.0,0.0,0.5,none,True,True
82099,1.0,0.0,0.5,none,True,True
82100,1.0,0.0,0.5,none,True,True
82101,1.0,0.0,0.5,none,True,True
82102,1.0,0.0,0.5,none,True,True
82103,1.0,0.0,0.5,none,True,True
82104,1.0,0.0,0.5,none,True,True
82105,1.0,0.0,0.5,none,True,True
82106,1.0,0.0,0.5,none,True,True
82107,1.0,0.0,0.5,none,True,True
82108,1.0,0.0,0.5,none,True,True
82109,1.0,0.0,0.5,none,True,True
82110,1.0,0.0,0.5,none,True,True
82111,1.0,0.0,0.5,none,True,True
82112,1.0,0.0,0.5,none,True,True
82113,1.0,0.0,0.5,none,True,True
82114,1.0,0.0,0.5,none,True,True
82115,1.0,0.0,0.5,none,True,True
82116,1.0,0.0,0.5,none,True,True
82117,1.0,0.0,0.5,none,True,True
82118,1.0,0.0,0.5,none,True,True
82119,1.0,0.0,0.5,none,True,True
82120,1.0,0.0,0.5,none,True,True
82121,1.0,0.0,0.5,none,True,True
82122,1.0,0.0,0.5,none,True,True
82123,1.0,0.0,0.5,none,True,True
82124,1.0,0.0,0.5,none,True,True
82125,1.0,0.0,0.5,none,True,True
82126,1.0,0.0,0.5,none,True,True
82127,1.0,0.0,0.5,none,True,True
82128,1.0,0.0,0.5,none,True,True
82129,1.0,0.0,0.5,none,True,True
82130,1.0,0.0,0.5,none,True,True
82131,1.0,0.0,0.5,none,True,True
82132,1.0,0.0,0.5,none,True,True
82133,1.0,0.0,0.5,none,True,True
82134,1.0,0.0,0.5,none,True,True
82135,1.0,0.0,0.5,none,True,True
82136,1.0,0.0,0.5,none,True,True
82137,1.0,0.0,0.5,none,True,True
82138,1.0,0.0,0.5,none,True,True
82139,1.0,0.0,0.5,none,True,True
82140,1.0,0.0,0.5,none,True,True
82141,1.0,0.0,0.5,none,True,True
82142,1.0,0.0,0.5,none,True,True
82143,1.0,0.0,0.5,none,True,True
82144,1.0,0.0,0.5,none,True,True
82145,1.0,0.0,0.5,none,True,True
82146,1.0,0.0,0.5,none,True,True
82147,1.0,0.0,0.5,none,True,True
82148,1.0,0.0,0.5,none,True,True
82149,1.0,0.0,0.5,none,True,True
82150,1.0,0.0,0.5,none,True,True
82151,1.0,0.0,0.5,none,True,True
82152,1.0,0.0,0.5,none,True,True
82153,1.0,0.0,0.5,none,True,True
82154,1.0,0.0,0.5,none,True,True
82155,1.0,0.0,0.5,none,True,True
82156,1.0,0.0,0.5,none,True,True
82157,1.0,0.0,0.5,none,True,True
82158,1.0,0.0,0.5,none,True,True
82159,1.0,0.0,0.5,none,True,True
82160,1.0,0.0,0.5,none,True,True
82161,1.0,0.0,0.5,none,True,True
82162,1.0,0.0,0.5,none,True,True
82163,1.0,0.0,0.5,none,True,True
82164,1.0,0.0,0.5,none,True,True
82165,1.0,0.0,0.5,none,True,True
82166,1.0,0.0,0.5,none,True,True
82167,1.0,0.0,0.5,none,True,True
82168,1.0,0.0,0.5,none,True,True
82169,1.0,0.0,0.5,none,True,True
82170,1.0,0.0,0.5,none,True,True
82171,1.0,0.0,0.5,none,True,True
82172,1.0,0.0,0.5,none,True,True
82173,1.0,0.0,0.5,none,True,True
82174,1.0,0.0,0.5,none,True,True
82175,1.0,0.0,0.5,none,True,True
82176,1.0,0.0,0.5,none,True,True
82177,1.0,0.0,0.5,none,True,True
82178,1.0,0.0,0.5,none,True,True
82179,1.0,0.0,0.5,none,True,True
82180,1.0,0.0,0.5,none,True,True
82181,1.0,0.0,0.5,none,True,True
82182,1.0,0.0,0.5,none,True,True
82183,1.0,0.0,0.5,none,True,True
82184,1.0,0.0,0.5,none,True,True
82185,1.0,0.0,0.5,none,True,True
82186,1.0,0.0,0.5,none,True,True
82187,1.0,0.0,0.5,none,True,True
82188,1.0,0.0,0.5,none,True,True
82189,1.0,0.0,0.5,none,True,True
82190,1.0,0.0,0.5,none,True,True
82191,1.0,0.0,0.5,none,True,True
82192,1.0,0.0,0.5,none,True,True
82193,1.0,0.0,0.5,none,True,True
82194,1.0,0.0,0.5,none,True,True
82195,1.0,0.0,0.5,none,True,True
82196,1.0,0.0,0.5,none,True,True
82197,1.0,0.0,0.5,none,True,True
82198,1.0,0.0,0.5,none,True,True
82199,1.0,0.0,0.5,none,True,True
82200,1.0,0.0,0.5,none,True,True
82201,1.0,0.0,0.5,none,True,True
82202,1.0,0.0,0.5,none,True,True
82203,1.0,0.0,0.5,none,True,True
82204,1.0,0.0,0.5,none,True,True
82205,1.0,0.0,0.5,none,True,True
82206,1.0,0.0,0.5,none,True,True
82207,1.0,0.0,0.5,none,True,True
82208,1.0,0.0,0.5,none,True,True
82209,1.0,0.0,0.5,none,True,True
82210,1.0,0.0,0.5,none,True,True
82211,1.0,0.0,0.5,none,True,True
82212,1.0,0.0,0.5,none,True,True
82213,1.0,0.0,0.5,none,True,True
82214,1.0,0.0,0.5,none,True,True
82215,1.0,0.0,0.5,none,True,True
82216,1.0,0.0,0.5,none,True,True
82217,1.0,0.0,0.5,none,True,True
82218,1.0,0.0,0.5,none,True,True
82219,1.0,0.0,0.5,none,True,True
82220,1.0,0.0,0.5,none,True,True
82221,1.0,0.0,0.5,none,True,True
82222,1.0,0.0,0.5,none,True,True
82223,1.0,0.0,0.5,none,True,True
82224,1.0,0.0,0.5,none,True,True
82225,1.0,0.0,0.5,none,True,True
82226,1.0,0.0,0.5,none,True,True
82227,1.0,0.0,0.5,none,True,True
82228,1.0,0.0,0.5,none,True,True
82229,1.0,0.0,0.5,none,True,True
82230,1.0,0.0,0.5,none,True,True
82231,1.0,0.0,0.5,none,True,True
82232,1.0,0.0,0.5,none,True,True
82233,1.0,0.0,0.5,none,True,True
82234,1.0,0.0,0.5,none,True,True
82235,1.0,0.0,0.5,none,True,True
82236,1.0,0.0,0.5,none,True,True
82237,1.0,0.0,0.5,none,True,True
82238,1.0,0.0,0.5,none,True,True
82239,1.0,0.0,0.5,none,True,True
82240,1.0,0.0,0.5,none,True,True
82241,1.0,0.0,0.5,none,True,True
82242,1.0,0.0,0.5,none,True,True
82243,1.0,0.0,0.5,none,True,True
82244,1.0,0.0,0.5,none,True,True
82245,1.0,0.0,0.5,none,True,True
82246,1.0,0.0,0.5,none,True,True
82247,1.0,0.0,0.5,none,True,True
82248,1.0,0.0,0.5,none,True,True
82249,1.0,0.0,0.5,none,True,True
82250,1.0,0.0,0.5,none,True,True
82251,1.0,0.0,0.5,none,True,True
82252,1.0,0.0,0.5,none,True,True
82253,1.0,0.0,0.5,none,True,True
82254,1.0,0.0,0.5,none,True,True
82255,1.0,0.0,0.5,none,True,True
82256,1.0,0.0,0.5,none,True,True
82257,1.0,0.0,0.5,none,True,True
82258,1.0,0.0,0.5,none,True,True
82259,1.0,0.0,0.5,none,True,True
82260,1.0,0.0,0.5,none,True,True
82261,1.0,0.0,0.5,none,True,True
82262,1.0,0.0,0.5,none,True,True
82263,1.0,0.0,0.5,none,True,True
82264,1.0,0.0,0.5,none,True,True
82265,1.0,0.0,0.5,none,True,True
82266,1.0,0.0,0.5,none,True,True
82267,1.0,0.0,0.5,none,True,True
82268,1.0,0.0,0.5,none,True,True
82269,1.0,0.0,0.5,none,True,True
82270,1.0,0.0,0.5,none,True,True
82271,1.0,0.0,0.5,none,True,True
82272,1.0,0.0,0.5,none,True,True
82273,1.0,0.0,0.5,none,True,True
82274,1.0,0.0,0.5,none,True,True
82275,1.0,0.0,0.5,none,True,True
82276,1.0,0.0,0.5,none,True,True
82277,1.0,0.0,0.5,none,True,True
82278,1.0,0.0,0.5,none,True,True
82279,1.0,0.0,0.5,none,True,True
82280,1.0,0.0,0.5,none,True,True
82281,1.0,0.0,0.5,none,True,True
82282,1.0,0.0,0.5,none,True,True
82283,1.0,0.0,0.5,none,True,True
82284,1.0,0.0,0.5,none,True,True
82285,1.0,0.0,0.5,none,True,True
82286,1.0,0.0,0.5,none,True,True
82287,1.0,0.0,0.5,none,True,True
82288,1.0,0.0,0.5,none,True,True
82289,1.0,0.0,0.5,none,True,True
82290,1.0,0.0,0.5,none,True,True
82291,1.0,0.0,0.5,none,True,True
82292,1.0,0.0,0.5,none,True,True
82293,1.0,0.0,0.5,none,True,True
82294,1.0,0.0,0.5,none,True,True
82295,1.0,0.0,0.5,none,True,True
82296,1.0,0.0,0.5,none,True,True
82297,1.0,0.0,0.5,none,True,True
82298,1.0,0.0,0.5,none,True,True
82299,1.0,0.0,0.5,none,True,True
82300,1.0,0.0,0.5,none,True,True
82301,1.0,0.0,0.5,none,True,True
82302,1.0,0.0,0.5,none,True,True
82303,1.0,0.0,0.5,none,True,True
82304,1.0,0.0,0.5,none,True,True
82305,1.0,0.0,0.5,none,True,True
82306,1.0,0.0,0.5,none,True,True
82307,1.0,0.0,0.5,none,True,True
82308,1.0,0.0,0.5,none,True,True
82309,1.0,0.0,0.5,none,True,True
82310,1.0,0.0,0.5,none,True,True
82311,1.0,0.0,0.5,none,True,True
82312,1.0,0.0,0.5,none,True,True
82313,1.0,0.0,0.5,none,True,True
82314,1.0,0.0,0.5,none,True,True
82315,1.0,0.0,0.5,none,True,True
82316,1.0,0.0,0.5,none,True,True
82317,1.0,0.0,0.5,none,True,True
82318,1.0,0.0,0.5,none,True,True
82319,1.0,0.0,0.5,none,True,True
82320,1.0,0.0,0.5,none,True,True
82321,1.0,0.0,0.5,none,True,True
82322,1.0,0.0,0.5,none,True,True
82323,1.0,0.0,0.5,none,True,True
82324,1.0,0.0,0.5,none,True,True
82325,1.0,0.0,0.5,none,True,True
82326,1.0,0.0,0.5,none,True,True
82327,1.0,0.0,0.5,none,True,True
82328,1.0,0.0,0.5,none,True,True
82329,1.0,0.0,0.5,none,True,True
82330,1.0,0.0,0.5,none,True,True
82331,1.0,0.0,0.5,none,True,True
82332,1.0,0.0,0.5,none,True,True
82333,1.0,0.0,0.5,none,True,True
82334,1.0,0.0,0.5,none,True,True
82335,1.0,0.0,0.5,none,True,True
82336,1.0,0.0,0.5,none,True,True
82337,1.0,0.0,0.5,none,True,True
82338,1.0,0.0,0.5,none,True,True
82339,1.0,0.0,0.5,none,True,True
82340,1.0,0.0,0.5,none,True,True
82341,1.0,0.0,0.5,none,True,True
82342,1.0,0.0,0.5,none,True,True
82343,1.0,0.0,0.5,none,True,True
82344,1.0,0.0,0.5,none,True,True
82345,1.0,0.0,0.5,none,True,True
82346,1.0,0.0,0.5,none,True,True
82347,1.0,0.0,0.5,none,True,True
82348,1.0,0.0,0.5,none,True,True
82349,1.0,0.0,0.5,none,True,True
82350,1.0,0.0,0.5,none,True,True
82351,1.0,0.0,0.5,none,True,True
82352,1.0,0.0,0.5,none,True,True
82353,1.0,0.0,0.5,none,True,True
82354,1.0,0.0,0.5,none,True,True
82355,1.0,0.0,0.5,none,True,True
82356,1.0,0.0,0.5,none,True,True
82357,1.0,0.0,0.5,none,True,True
82358,1.0,0.0,0.5,none,True,True
82359,1.0,0.0,0.5,none,True,True
82360,1.0,0.0,0.5,none,True,True
82361,1.0,0.0,0.5,none,True,True
82362,1.0,0.0,0.5,none,True,True
82363,1.0,0.0,0.5,none,True,True
82364,1.0,0.0,0.5,none,True,True
82365,1.0,0.0,0.5,none,True,True
82366,1.0,0.0,0.5,none,True,True
82367,1.0,0.0,0.5,none,True,True
82368,1.0,0.0,0.5,none,True,True
82369,1.0,0.0,0.5,none,True,True
82370,1.0,0.0,0.5,none,True,True
82371,1.0,0.0,0.5,none,True,True
82372,1.0,0.0,0.5,none,True,True
82373,1.0,0.0,0.5,none,True,True
82374,1.0,0.0,0.5,none,True,True
82375,1.0,0.0,0.5,none,True,True
82376,1.0,0.0,0.5,none,True,True
82377,1.0,0.0,0.5,none,True,True
82378,1.0,0.0,0.5,none,True,True
82379,1.0,0.0,0.5,none,True,True
82380,1.0,0.0,0.5,none,True,True
82381,1.0,0.0,0.5,none,True,True
82382,1.0,0.0,0.5,none,True,True
82383,1.0,0.0,0.5,none,True,True
82384,1.0,0.0,0.5,none,True,True
82385,1.0,0.0,0.5,none,True,True
82386,1.0,0.0,0.5,none,True,True
82387,1.0,0.0,0.5,none,True,True
82388,1.0,0.0,0.5,none,True,True
82389,1.0,0.0,0.5,none,True,True
82390,1.0,0.0,0.5,none,True,True
82391,1.0,0.0,0.5,none,True,True
82392,1.0,0.0,0.5,none,True,True
82393,1.0,0.0,0.5,none,True,True
82394,1.0,0.0,0.5,none,True,True
82395,1.0,0.0,0.5,none,True,True
82396,1.0,0.0,0.5,none,True,True
82397,1.0,0.0,0.5,none,True,True
82398,1.0,0.0,0.5,none,True,True
82399,1.0,0.0,0.5,none,True,True
82400,1.0,0.0,0.5,none,True,True
82401,1.0,0.0,0.5,none,True,True
82402,1.0,0.0,0.5,none,True,True
82403,1.0,0.0,0.5,none,True,True
82404,1.0,0.0,0.5,none,True,True
82405,1.0,0.0,0.5,none,True,True
82406,1.0,0.0,0.5,none,True,True
82407,1.0,0.0,0.5,none,True,True
82408,1.0,0.0,0.5,none,True,True
82409,1.0,0.0,0.5,none,True,True
82410,1.0,0.0,0.5,none,True,True
82411,1.0,0.0,0.5,none,True,True
82412,1.0,0.0,0.5,none,True,True
82413,1.0,0.0,0.5,none,True,True
82414,1.0,0.0,0.5,none,True,True
82415,1.0,0.0,0.5,none,True,True
82416,1.0,0.0,0.5,none,True,True
82417,1.0,0.0,0.5,none,True,True
82418,1.0,0.0,0.5,none,True,True
82419,1.0,0.0,0.5,none,True,True
82420,1.0,0.0,0.5,none,True,True
82421,1.0,0.0,0.5,none,True,True
82422,1.0,0.0,0.5,none,True,True
82423,1.0,0.0,0.5,none,True,True
82424,1.0,0.0,0.5,none,True,True
82425,1.0,0.0,0.5,none,True,True
82426,1.0,0.0,0.5,none,True,True
82427,1.0,0.0,0.5,none,True,True
82428,1.0,0.0,0.5,none,True,True
82429,1.0,0.0,0.5,none,True,True
82430,1.0,0.0,0.5,none,True,True
82431,1.0,0.0,0.5,none,True,True
82432,1.0,0.0,0.5,none,True,True
82433,1.0,0.0,0.5,none,True,True
82434,1.0,0.0,0.5,none,True,True
82435,1.0,0.0,0.5,none,True,True
82436,1.0,0.0,0.5,none,True,True
82437,1.0,0.0,0.5,none,True,True
82438,1.0,0.0,0.5,none,True,True
82439,1.0,0.0,0.5,none,True,True
82440,1.0,0.0,0.5,none,True,True
82441,1.0,0.0,0.5,none,True,True
82442,1.0,0.0,0.5,none,True,True
82443,1.0,0.0,0.5,none,True,True
82444,1.0,0.0,0.5,none,True,True
82445,1.0,0.0,0.5,none,True,True
82446,1.0,0.0,0.5,none,True,True
82447,1.0,0.0,0.5,none,True,True
82448,1.0,0.0,0.5,none,True,True
82449,1.0,0.0,0.5,none,True,True
82450,1.0,0.0,0.5,none,True,True
82451,1.0,0.0,0.5,none,True,True
82452,1.0,0.0,0.5,none,True,True
82453,1.0,0.0,0.5,none,True,True
82454,1.0,0.0,0.5,none,True,True
82455,1.0,0.0,0.5,none,True,True
82456,1.0,0.0,0.5,none,True,True
82457,1.0,0.0,0.5,none,True,True
82458,1.0,0.0,0.5,none,True,True
82459,1.0,0.0,0.5,none,True,True
82460,1.0,0.0,0.5,none,True,True
82461,1.0,0.0,0.5,none,True,True
82462,1.0,0.0,0.5,none,True,True
82463,1.0,0.0,0.5,none,True,True
82464,1.0,0.0,0.5,none,True,True
82465,1.0,0.0,0.5,none,True,True
82466,1.0,0.0,0.5,none,True,True
82467,1.0,0.0,0.5,none,True,True
82468,1.0,0.0,0.5,none,True,True
82469,1.0,0.0,0.5,none,True,True
82470,1.0,0.0,0.5,none,True,True
82471,1.0,0.0,0.5,none,True,True
82472,1.0,0.0,0.5,none,True,True
82473,1.0,0.0,0.5,none,True,True
82474,1.0,0.0,0.5,none,True,True
82475,1.0,0.0,0.5,none,True,True
82476,1.0,0.0,0.5,none,True,True
82477,1.0,0.0,0.5,none,True,True
82478,1.0,0.0,0.5,none,True,True
82479,1.0,0.0,0.5,none,True,True
82480,1.0,0.0,0.5,none,True,True
82481,1.0,0.0,0.5,none,True,True
82482,1.0,0.0,0.5,none,True,True
82483,1.0,0.0,0.5,none,True,True
82484,1.0,0.0,0.5,none,True,True
82485,1.0,0.0,0.5,none,True,True
82486,1.0,0.0,0.5,none,True,True
82487,1.0,0.0,0.5,none,True,True
82488,1.0,0.0,0.5,none,True,True
82489,1.0,0.0,0.5,none,True,True
82490,1.0,0.0,0.5,none,True,True
82491,1.0,0.0,0.5,none,True,True
82492,1.0,0.0,0.5,none,True,True
82493,1.0,0.0,0.5,none,True,True
82494,1.0,0.0,0.5,none,True,True
82495,1.0,0.0,0.5,none,True,True
82496,1.0,0.0,0.5,none,True,True
82497,1.0,0.0,0.5,none,True,True
82498,1.0,0.0,0.5,none,True,True
82499,1.0,0.0,0.5,none,True,True
82500,1.0,0.0,0.5,none,True,True
82501,1.0,0.0,0.5,none,True,True
82502,1.0,0.0,0.5,none,True,True
82503,1.0,0.0,0.5,none,True,True
82504,1.0,0.0,0.5,none,True,True
82505,1.0,0.0,0.5,none,True,True
82506,1.0,0.0,0.5,none,True,True
82507,1.0,0.0,0.5,none,True,True
82508,1.0,0.0,0.5,none,True,True
82509,1.0,0.0,0.5,none,True,True
82510,1.0,0.0,0.5,none,True,True
82511,1.0,0.0,0.5,none,True,True
82512,1.0,0.0,0.5,none,True,True
82513,1.0,0.0,0.5,none,True,True
82514,1.0,0.0,0.5,none,True,True
82515,1.0,0.0,0.5,none,True,True
82516,1.0,0.0,0.5,none,True,True
82517,1.0,0.0,0.5,none,True,True
82518,1.0,0.0,0.5,none,True,True
82519,1.0,0.0,0.5,none,True,True
82520,1.0,0.0,0.5,none,True,True
82521,1.0,0.0,0.5,none,True,True
82522,1.0,0.0,0.5,none,True,True
82523,1.0,0.0,0.5,none,True,True
82524,1.0,0.0,0.5,none,True,True
82525,1.0,0.0,0.5,none,True,True
82526,1.0,0.0,0.5,none,True,True
82527,1.0,0.0,0.5,none,True,True
82528,1.0,0.0,0.5,none,True,True
82529,1.0,0.0,0.5,none,True,True
82530,1.0,0.0,0.5,none,True,True
82531,1.0,0.0,0.5,none,True,True
82532,1.0,0.0,0.5,none,True,True
82533,1.0,0.0,0.5,none,True,True
82534,1.0,0.0,0.5,none,True,True
82535,1.0,0.0,0.5,none,True,True
82536,1.0,0.0,0.5,none,True,True
82537,1.0,0.0,0.5,none,True,True
82538,1.0,0.0,0.5,none,True,True
82539,1.0,0.0,0.5,none,True,True
82540,1.0,0.0,0.5,none,True,True
82541,1.0,0.0,0.5,none,True,True
82542,1.0,0.0,0.5,none,True,True
82543,1.0,0.0,0.5,none,True,True
82544,1.0,0.0,0.5,none,True,True
82545,1.0,0.0,0.5,none,True,True
82546,1.0,0.0,0.5,none,True,True
82547,1.0,0.0,0.5,none,True,True
82548,1.0,0.0,0.5,none,True,True
82549,1.0,0.0,0.5,none,True,True
82550,1.0,0.0,0.5,none,True,True
82551,1.0,0.0,0.5,none,True,True
82552,1.0,0.0,0.5,none,True,True
82553,1.0,0.0,0.5,none,True,True
82554,1.0,0.0,0.5,none,True,True
82555,1.0,0.0,0.5,none,True,True
82556,1.0,0.0,0.5,none,True,True
82557,1.0,0.0,0.5,none,True,True
82558,1.0,0.0,0.5,none,True,True
82559,1.0,0.0,0.5,none,True,True
82560,1.0,0.0,0.5,none,True,True
82561,1.0,0.0,0.5,none,True,True
82562,1.0,0.0,0.5,none,True,True
82563,1.0,0.0,0.5,none,True,True
82564,1.0,0.0,0.5,none,True,True
82565,1.0,0.0,0.5,none,True,True
82566,1.0,0.0,0.5,none,True,True
82567,1.0,0.0,0.5,none,True,True
82568,1.0,0.0,0.5,none,True,True
82569,1.0,0.0,0.5,none,True,True
82570,1.0,0.0,0.5,none,True,True
82571,1.0,0.0,0.5,none,True,True
82572,1.0,0.0,0.5,none,True,True
82573,1.0,0.0,0.5,none,True,True
82574,1.0,0.0,0.5,none,True,True
82575,1.0,0.0,0.5,none,True,True
82576,1.0,0.0,0.5,none,True,True
82577,1.0,0.0,0.5,none,True,True
82578,1.0,0.0,0.5,none,True,True
82579,1.0,0.0,0.5,none,True,True
82580,1.0,0.0,0.5,none,True,True
82581,1.0,0.0,0.5,none,True,True
82582,1.0,0.0,0.5,none,True,True
82583,1.0,0.0,0.5,none,True,True
82584,1.0,0.0,0.5,none,True,True
82585,1.0,0.0,0.5,none,True,True
82586,1.0,0.0,0.5,none,True,True
82587,1.0,0.0,0.5,none,True,True
82588,1.0,0.0,0.5,none,True,True
82589,1.0,0.0,0.5,none,True,True
82590,1.0,0.0,0.5,none,True,True
82591,1.0,0.0,0.5,none,True,True
82592,1.0,0.0,0.5,none,True,True
82593,1.0,0.0,0.5,none,True,True
82594,1.0,0.0,0.5,none,True,True
82595,1.0,0.0,0.5,none,True,True
82596,1.0,0.0,0.5,none,True,True
82597,1.0,0.0,0.5,none,True,True
82598,1.0,0.0,0.5,none,True,True
82599,1.0,0.0,0.5,none,True,True
82600,1.0,0.0061,0.5,none,True,True
82601,1.0,0.0357,0.5,none,True,True
82602,1.0,0.0812,0.5,none,True,True
82603,1.0,0.1113,0.5,none,True,True
82604,1.0,0.1253,0.5,none,True,True
82605,1.0,0.1408,0.5,none,True,True
82606,1.0,0.0907,0.5,none,True,True
82607,1.0,0.1198,0.5,none,True,True
82608,1.0,0.0467,0.5,none,True,True
82609,1.0,0.0522,0.5,none,True,True
82610,1.0,0.0405,0.5,none,True,True
82611,1.0,0.0313,0.5,none,True,True
82612,1.0,0.0083,0.5,none,True,True
82613,1.0,0.0726,0.5,none,True,True
82614,1.0,0.0793,0.5,none,True,True
82615,1.0,0.0581,0.5,none,True,True
82616,1.0,0.0955,0.5,none,True,True
82617,1.0,0.0839,0.5,none,True,True
82618,1.0,0.0648,0.5,none,True,True
82619,1.0,0.0718,0.5,none,True,True
82620,1.0,0.0589,0.5,none,True,True
82621,1.0,0.0403,0.5,none,True,True
82622,1.0,0.0327,0.5,none,True,True
82623,1.0,0.0277,0.5,none,True,True
82624,1.0,0.017,0.5,none,True,True
82625,1.0,0.0102,0.5,none,True,True
82626,1.0,0.0099,0.5,none,True,True
82627,1.0,0.008,0.5,none,True,True
82628,1.0,0.005,0.5,none,True,True
82629,1.0,0.0063,0.5,none,True,True
82630,1.0,0.009,0.5,none,True,True
82631,1.0,0.0096,0.5,none,True,True
82632,1.0,0.0108,0.5,none,True,True
82633,1.0,0.014,0.5,none,True,True
82634,1.0,0.0161,0.5,none,True,True
82635,1.0,0.0167,0.5,none,True,True
82636,1.0,0.0182,0.5,none,True,True
82637,1.0,0.0196,0.5,none,True,True
82638,1.0,0.0197,0.5,none,True,True
82639,1.0,0.0193,0.5,none,True,True
82640,1.0,0.0193,0.5,none,True,True
82641,1.0,0.0187,0.5,none,True,True
82642,1.0,0.0174,0.5,none,True,True
82643,1.0,0.0163,0.5,none,True,True
82644,1.0,0.0152,0.5,none,True,True
82645,1.0,0.0138,0.5,none,True,True
82646,1.0,0.0123,0.5,none,True,True
82647,1.0,0.0111,0.5,none,True,True
82648,1.0,0.01,0.5,none,True,True
82649,1.0,0.0088,0.5,none,True,True
82650,1.0,0.0078,0.5,none,True,True
82651,1.0,0.0071,0.5,none,True,True
82652,1.0,0.0064,0.5,none,True,True
82653,1.0,0.0057,0.5,none,True,True
82654,1.0,0.0053,0.5,none,True,True
82655,1.0,0.005,0.5,none,True,True
82656,1.0,0.0047,0.5,none,True,True
82657,1.0,0.0045,0.5,none,True,True
82658,1.0,0.0044,0.5,none,True,True
82659,1.0,0.0043,0.5,none,True,True
82660,1.0,0.0042,0.5,none,True,True
82661,1.0,0.0041,0.5,none,True,True
82662,1.0,0.004,0.5,none,True,True
82663,1.0,0.0039,0.5,none,True,True
82664,1.0,0.0038,0.5,none,True,True
82665,1.0,0.0037,0.5,none,True,True
82666,1.0,0.0035,0.5,none,True,True
82667,1.0,0.0033,0.5,none,True,True
82668,1.0,0.0032,0.5,none,True,True
82669,1.0,0.003,0.5,none,True,True
82670,1.0,0.0028,0.5,none,True,True
82671,1.0,0.0026,0.5,none,True,True
82672,1.0,0.0024,0.5,none,True,True
82673,1.0,0.0023,0.5,none,True,True
82674,1.0,0.0021,0.5,none,True,True
82675,1.0,0.0019,0.5,none,True,True
82676,1.0,0.0018,0.5,none,True,True
82677,1.0,0.0017,0.5,none,True,True
82678,1.0,0.0015,0.5,none,True,True
82679,1.0,0.0014,0.5,none,True,True
82680,1.0,0.0013,0.5,none,True,True
82681,1.0,0.0013,0.5,none,True,True
82682,1.0,0.0012,0.5,none,True,True
82683,1.0,0.0011,0.5,none,True,True
82684,1.0,0.0011,0.5,none,True,True
82685,1.0,0.001,0.5,none,True,True
82686,1.0,0.001,0.5,none,True,True
82687,1.0,0.0009,0.5,none,True,True
82688,1.0,0.0009,0.5,none,True,True
82689,1.0,0.0008,0.5,none,True,True
82690,1.0,0.0008,0.5,none,True,True
82691,1.0,0.0008,0.5,none,True,True
82692,1.0,0.0007,0.5,none,True,True
82693,1.0,0.0007,0.5,none,True,True
82694,1.0,0.0006,0.5,none,True,True
82695,1.0,0.0006,0.5,none,True,True
82696,1.0,0.0006,0.5,none,True,True
82697,1.0,0.0005,0.5,none,True,True
82698,1.0,0.0005,0.5,none,True,True
82699,1.0,0.0005,0.5,none,True,True
82700,1.0,0.0004,0.5,none,True,True
82701,1.0,0.0004,0.5,none,True,True
82702,1.0,0.0004,0.5,none,True,True
82703,1.0,0.0004,0.5,none,True,True
82704,1.0,0.0003,0.5,none,True,True
82705,1.0,0.0003,0.5,none,True,True
82706,1.0,0.0003,0.5,none,True,True
82707,1.0,0.0003,0.5,none,True,True
82708,1.0,0.0003,0.5,none,True,True
82709,1.0,0.0003,0.5,none,True,True
82710,1.0,0.0002,0.5,none,True,True
82711,1.0,0.0002,0.5,none,True,True
82712,1.0,0.0002,0.5,none,True,True
82713,1.0,0.0002,0.5,none,True,True
82714,1.0,0.0002,0.5,none,True,True
82715,1.0,0.0002,0.5,none,True,True
82716,1.0,0.0002,0.5,none,True,True
82717,1.0,0.0002,0.5,none,True,True
82718,1.0,0.0002,0.5,none,True,True
82719,1.0,0.0001,0.5,none,True,True
82720,1.0,0.0001,0.5,none,True,True
82721,1.0,0.0001,0.5,none,True,True
82722,1.0,0.0001,0.5,none,True,True
82723,1.0,0.0001,0.5,none,True,True
82724,1.0,0.0001,0.5,none,True,True
82725,1.0,0.0001,0.5,none,True,True
82726,1.0,0.0001,0.5,none,True,True
82727,1.0,0.0001,0.5,none,True,True
82728,1.0,0.0001,0.5,none,True,True
82729,1.0,0.0001,0.5,none,True,True
82730,1.0,0.0001,0.5,none,True,True
82731,1.0,0.0001,0.5,none,True,True
82732,1.0,0.0001,0.5,none,True,True
82733,1.0,0.0001,0.5,none,True,True
82734,1.0,0.0001,0.5,none,True,True
82735,1.0,0.0001,0.5,none,True,True
82736,1.0,0.0001,0.5,none,True,True
82737,1.0,0.0,0.5,none,True,True
82738,1.0,0.0,0.5,none,True,True
82739,1.0,0.0,0.5,none,True,True
82740,1.0,0.0,0.5,none,True,True
82741,1.0,0.0,0.5,none,True,True
82742,1.0,0.0,0.5,none,True,True
82743,1.0,0.0,0.5,none,True,True
82744,1.0,0.0,0.5,none,True,True
82745,1.0,0.0,0.5,none,True,True
82746,1.0,0.0,0.5,none,True,True
82747,1.0,0.0,0.5,none,True,True
82748,1.0,0.0,0.5,none,True,True
82749,1.0,0.0,0.5,none,True,True
82750,1.0,0.0,0.5,none,True,True
82751,1.0,0.0,0.5,none,True,True
82752,1.0,0.0,0.5,none,True,True
82753,1.0,0.0,0.5,none,True,True
82754,1.0,0.0,0.5,none,True,True
82755,1.0,0.0,0.5,none,True,True
82756,1.0,0.0,0.5,none,True,True
82757,1.0,0.0,0.5,none,True,True
82758,1.0,0.0,0.5,none,True,True
82759,1.0,0.0,0.5,none,True,True
82760,1.0,0.0,0.5,none,True,True
82761,1.0,0.0,0.5,none,True,True
82762,1.0,0.0,0.5,none,True,True
82763,1.0,0.0,0.5,none,True,True
82764,1.0,0.0,0.5,none,True,True
82765,1.0,0.0,0.5,none,True,True
82766,1.0,0.0,0.5,none,True,True
82767,1.0,0.0,0.5,none,True,True
82768,1.0,0.0,0.5,none,True,True
82769,1.0,0.0,0.5,none,True,True
82770,1.0,0.0,0.5,none,True,True
82771,1.0,0.0,0.5,none,True,True
82772,1.0,0.0,0.5,none,True,True
82773,1.0,0.0,0.5,none,True,True
82774,1.0,0.0,0.5,none,True,True
82775,1.0,0.0,0.5,none,True,True
82776,1.0,0.0,0.5,none,True,True
82777,1.0,0.0,0.5,none,True,True
82778,1.0,0.0,0.5,none,True,True
82779,1.0,0.0,0.5,none,True,True
82780,1.0,0.0,0.5,none,True,True
82781,1.0,0.0,0.5,none,True,True
82782,1.0,0.0,0.5,none,True,True
82783,1.0,0.0,0.5,none,True,True
82784,1.0,0.0,0.5,none,True,True
82785,1.0,0.0,0.5,none,True,True
82786,1.0,0.0,0.5,none,True,True
82787,1.0,0.0,0.5,none,True,True
82788,1.0,0.0,0.5,none,True,True
82789,1.0,0.0,0.5,none,True,True
82790,1.0,0.0,0.5,none,True,True
82791,1.0,0.0,0.5,none,True,True
82792,1.0,0.0,0.5,none,True,True
82793,1.0,0.0,0.5,none,True,True
82794,1.0,0.0,0.5,none,True,True
82795,1.0,0.0,0.5,none,True,True
82796,1.0,0.0,0.5,none,True,True
82797,1.0,0.0,0.5,none,True,True
82798,1.0,0.0,0.5,none,True,True
82799,1.0,0.0,0.5,none,True,True
82800,1.0,0.0,0.5,none,True,True
82801,1.0,0.0,0.5,none,True,True
82802,1.0,0.0,0.5,none,True,True
82803,1.0,0.0,0.5,none,True,True
82804,1.0,0.0,0.5,none,True,True
82805,1.0,0.0,0.5,none,True,True
82806,1.0,0.0,0.5,none,True,True
82807,1.0,0.0,0.5,none,True,True
82808,1.0,0.0,0.5,none,True,True
82809,1.0,0.0,0.5,none,True,True
82810,1.0,0.0,0.5,none,True,True
82811,1.0,0.0,0.5,none,True,True
82812,1.0,0.0,0.5,none,True,True
82813,1.0,0.0,0.5,none,True,True
82814,1.0,0.0,0.5,none,True,True
82815,1.0,0.0,0.5,none,True,True
82816,1.0,0.0,0.5,none,True,True
82817,1.0,0.0,0.5,none,True,True
82818,1.0,0.0,0.5,none,True,True
82819,1.0,0.0,0.5,none,True,True
82820,1.0,0.0,0.5,none,True,True
82821,1.0,0.0,0.5,none,True,True
82822,1.0,0.0,0.5,none,True,True
82823,1.0,0.0,0.5,none,True,True
82824,1.0,0.0,0.5,none,True,True
82825,1.0,0.0,0.5,none,True,True
82826,1.0,0.0,0.5,none,True,True
82827,1.0,0.0,0.5,none,True,True
82828,1.0,0.0,0.5,none,True,True
82829,1.0,0.0,0.5,none,True,True
82830,1.0,0.0,0.5,none,True,True
82831,1.0,0.0,0.5,none,True,True
82832,1.0,0.0,0.5,none,True,True
82833,1.0,0.0,0.5,none,True,True
82834,1.0,0.0,0.5,none,True,True
82835,1.0,0.0,0.5,none,True,True
82836,1.0,0.0,0.5,none,True,True
82837,1.0,0.0,0.5,none,True,True
82838,1.0,0.0,0.5,none,True,True
82839,1.0,0.0,0.5,none,True,True
82840,1.0,0.0,0.5,none,True,True
82841,1.0,0.0,0.5,none,True,True
82842,1.0,0.0,0.5,none,True,True
82843,1.0,0.0,0.5,none,True,True
82844,1.0,0.0,0.5,none,True,True
82845,1.0,0.0,0.5,none,True,True
82846,1.0,0.0,0.5,none,True,True
82847,1.0,0.0,0.5,none,True,True
82848,1.0,0.0,0.5,none,True,True
82849,1.0,0.0,0.5,none,True,True
82850,1.0,0.0,0.5,none,True,True
82851,1.0,0.0,0.5,none,True,True
82852,1.0,0.0,0.5,none,True,True
82853,1.0,0.0,0.5,none,True,True
82854,1.0,0.0,0.5,none,True,True
82855,1.0,0.0,0.5,none,True,True
82856,1.0,0.0,0.5,none,True,True
82857,1.0,0.0,0.5,none,True,True
82858,1.0,0.0,0.5,none,True,True
82859,1.0,0.0,0.5,none,True,True
82860,1.0,0.0,0.5,none,True,True
82861,1.0,0.0,0.5,none,True,True
82862,1.0,0.0,0.5,none,True,True
82863,1.0,0.0,0.5,none,True,True
82864,1.0,0.0,0.5,none,True,True
82865,1.0,0.0,0.5,none,True,True
82866,1.0,0.0,0.5,none,True,True
82867,1.0,0.0,0.5,none,True,True
82868,1.0,0.0,0.5,none,True,True
82869,1.0,0.0,0.5,none,True,True
82870,1.0,0.0,0.5,none,True,True
82871,1.0,0.0,0.5,none,True,True
82872,1.0,0.0,0.5,none,True,True
82873,1.0,0.0,0.5,none,True,True
82874,1.0,0.0,0.5,none,True,True
82875,1.0,0.0,0.5,none,True,True
82876,1.0,0.0,0.5,none,True,True
82877,1.0,0.0,0.5,none,True,True
82878,1.0,0.0,0.5,none,True,True
82879,1.0,0.0,0.5,none,True,True
82880,1.0,0.0,0.5,none,True,True
82881,1.0,0.0,0.5,none,True,True
82882,1.0,0.0,0.5,none,True,True
82883,1.0,0.0,0.5,none,True,True
82884,1.0,0.0,0.5,none,True,True
82885,1.0,0.0,0.5,none,True,True
82886,1.0,0.0,0.5,none,True,True
82887,1.0,0.0,0.5,none,True,True
82888,1.0,0.0,0.5,none,True,True
82889,1.0,0.0,0.5,none,True,True
82890,1.0,0.0,0.5,none,True,True
82891,1.0,0.0,0.5,none,True,True
82892,1.0,0.0,0.5,none,True,True
82893,1.0,0.0,0.5,none,True,True
82894,1.0,0.0,0.5,none,True,True
82895,1.0,0.0,0.5,none,True,True
82896,1.0,0.0,0.5,none,True,True
82897,1.0,0.0,0.5,none,True,True
82898,1.0,0.0,0.5,none,True,True
82899,1.0,0.0,0.5,none,True,True
82900,1.0,0.0,0.5,none,True,True
82901,1.0,0.0,0.5,none,True,True
82902,1.0,0.0,0.5,none,True,True
82903,1.0,0.0,0.5,none,True,True
82904,1.0,0.0,0.5,none,True,True
82905,1.0,0.0,0.5,none,True,True
82906,1.0,0.0,0.5,none,True,True
82907,1.0,0.0,0.5,none,True,True
82908,1.0,0.0,0.5,none,True,True
82909,1.0,0.0,0.5,none,True,True
82910,1.0,0.0,0.5,none,True,True
82911,1.0,0.0,0.5,none,True,True
82912,1.0,0.0,0.5,none,True,True
82913,1.0,0.0,0.5,none,True,True
82914,1.0,0.0,0.5,none,True,True
82915,1.0,0.0,0.5,none,True,True
82916,1.0,0.0,0.5,none,True,True
82917,1.0,0.0,0.5,none,True,True
82918,1.0,0.0,0.5,none,True,True
82919,1.0,0.0,0.5,none,True,True
82920,1.0,0.0,0.5,none,True,True
82921,1.0,0.0,0.5,none,True,True
82922,1.0,0.0,0.5,none,True,True
82923,1.0,0.0,0.5,none,True,True
82924,1.0,0.0,0.5,none,True,True
82925,1.0,0.0,0.5,none,True,True
82926,1.0,0.0,0.5,none,True,True
82927,1.0,0.0,0.5,none,True,True
82928,1.0,0.0,0.5,none,True,True
82929,1.0,0.0,0.5,none,True,True
82930,1.0,0.0,0.5,none,True,True
82931,1.0,0.0,0.5,none,True,True
82932,1.0,0.0,0.5,none,True,True
82933,1.0,0.0,0.5,none,True,True
82934,1.0,0.0,0.5,none,True,True
82935,1.0,0.0,0.5,none,True,True
82936,1.0,0.0,0.5,none,True,True
82937,1.0,0.0,0.5,none,True,True
82938,1.0,0.0,0.5,none,True,True
82939,1.0,0.0,0.5,none,True,True
82940,1.0,0.0,0.5,none,True,True
82941,1.0,0.0,0.5,none,True,True
82942,1.0,0.0,0.5,none,True,True
82943,1.0,0.0,0.5,none,True,True
82944,1.0,0.0,0.5,none,True,True
82945,1.0,0.0,0.5,none,True,True
82946,1.0,0.0,0.5,none,True,True
82947,1.0,0.0,0.5,none,True,True
82948,1.0,0.0,0.5,none,True,True
82949,1.0,0.0,0.5,none,True,True
82950,1.0,0.0,0.5,none,True,True
82951,1.0,0.0,0.5,none,True,True
82952,1.0,0.0,0.5,none,True,True
82953,1.0,0.0,0.5,none,True,True
82954,1.0,0.0,0.5,none,True,True
82955,1.0,0.0,0.5,none,True,True
82956,1.0,0.0,0.5,none,True,True
82957,1.0,0.0,0.5,none,True,True
82958,1.0,0.0,0.5,none,True,True
82959,1.0,0.0,0.5,none,True,True
82960,1.0,0.0,0.5,none,True,True
82961,1.0,0.0,0.5,none,True,True
82962,1.0,0.0,0.5,none,True,True
82963,1.0,0.0,0.5,none,True,True
82964,1.0,0.0,0.5,none,True,True
82965,1.0,0.0,0.5,none,True,True
82966,1.0,0.0,0.5,none,True,True
82967,1.0,0.0,0.5,none,True,True
82968,1.0,0.0,0.5,none,True,True
82969,1.0,0.0,0.5,none,True,True
82970,1.0,0.0,0.5,none,True,True
82971,1.0,0.0,0.5,none,True,True
82972,1.0,0.0,0.5,none,True,True
82973,1.0,0.0,0.5,none,True,True
82974,1.0,0.0,0.5,none,True,True
82975,1.0,0.0,0.5,none,True,True
82976,1.0,0.0,0.5,none,True,True
82977,1.0,0.0,0.5,none,True,True
82978,1.0,0.0,0.5,none,True,True
82979,1.0,0.0,0.5,none,True,True
82980,1.0,0.0,0.5,none,True,True
82981,1.0,0.0,0.5,none,True,True
82982,1.0,0.0,0.5,none,True,True
82983,1.0,0.0,0.5,none,True,True
82984,1.0,0.0,0.5,none,True,True
82985,1.0,0.0,0.5,none,True,True
82986,1.0,0.0,0.5,none,True,True
82987,1.0,0.0,0.5,none,True,True
82988,1.0,0.0,0.5,none,True,True
82989,1.0,0.0,0.5,none,True,True
82990,1.0,0.0,0.5,none,True,True
82991,1.0,0.0,0.5,none,True,True
82992,1.0,0.0,0.5,none,True,True
82993,1.0,0.0,0.5,none,True,True
82994,1.0,0.0,0.5,none,True,True
82995,1.0,0.0,0.5,none,True,True
82996,1.0,0.0,0.5,none,True,True
82997,1.0,0.0,0.5,none,True,True
82998,1.0,0.0,0.5,none,True,True
82999,1.0,0.0,0.5,none,True,True
83000,1.0,0.0,0.5,none,True,True
83001,1.0,0.0,0.5,none,True,True
83002,1.0,0.0,0.5,none,True,True
83003,1.0,0.0,0.5,none,True,True
83004,1.0,0.0,0.5,none,True,True
83005,1.0,0.0,0.5,none,True,True
83006,1.0,0.0,0.5,none,True,True
83007,1.0,0.0,0.5,none,True,True
83008,1.0,0.0,0.5,none,True,True
83009,1.0,0.0,0.5,none,True,True
83010,1.0,0.0,0.5,none,True,True
83011,1.0,0.0,0.5,none,True,True
83012,1.0,0.0,0.5,none,True,True
83013,1.0,0.0,0.5,none,True,True
83014,1.0,0.0,0.5,none,True,True
83015,1.0,0.0,0.5,none,True,True
83016,1.0,0.0,0.5,none,True,True
83017,1.0,0.0,0.5,none,True,True
83018,1.0,0.0,0.5,none,True,True
83019,1.0,0.0,0.5,none,True,True
83020,1.0,0.0,0.5,none,True,True
83021,1.0,0.0,0.5,none,True,True
83022,1.0,0.0,0.5,none,True,True
83023,1.0,0.0,0.5,none,True,True
83024,1.0,0.0,0.5,none,True,True
83025,1.0,0.0,0.5,none,True,True
83026,1.0,0.0,0.5,none,True,True
83027,1.0,0.0,0.5,none,True,True
83028,1.0,0.0,0.5,none,True,True
83029,1.0,0.0,0.5,none,True,True
83030,1.0,0.0,0.5,none,True,True
83031,1.0,0.0,0.5,none,True,True
83032,1.0,0.0,0.5,none,True,True
83033,1.0,0.0,0.5,none,True,True
83034,1.0,0.0,0.5,none,True,True
83035,1.0,0.0,0.5,none,True,True
83036,1.0,0.0,0.5,none,True,True
83037,1.0,0.0,0.5,none,True,True
83038,1.0,0.0,0.5,none,True,True
83039,1.0,0.0,0.5,none,True,True
83040,1.0,0.0,0.5,none,True,True
83041,1.0,0.0,0.5,none,True,True
83042,1.0,0.0,0.5,none,True,True
83043,1.0,0.0,0.5,none,True,True
83044,1.0,0.0,0.5,none,True,True
83045,1.0,0.0,0.5,none,True,True
83046,1.0,0.0,0.5,none,True,True
83047,1.0,0.0,0.5,none,True,True
83048,1.0,0.0,0.5,none,True,True
83049,1.0,0.0,0.5,none,True,True
83050,1.0,0.0,0.5,none,True,True
83051,1.0,0.0,0.5,none,True,True
83052,1.0,0.0,0.5,none,True,True
83053,1.0,0.0,0.5,none,True,True
83054,1.0,0.0,0.5,none,True,True
83055,1.0,0.0,0.5,none,True,True
83056,1.0,0.0,0.5,none,True,True
83057,1.0,0.0,0.5,none,True,True
83058,1.0,0.0,0.5,none,True,True
83059,1.0,0.0,0.5,none,True,True
83060,1.0,0.0,0.5,none,True,True
83061,1.0,0.0,0.5,none,True,True
83062,1.0,0.0,0.5,none,True,True
83063,1.0,0.0,0.5,none,True,True
83064,1.0,0.0,0.5,none,True,True
83065,1.0,0.0,0.5,none,True,True
83066,1.0,0.0,0.5,none,True,True
83067,1.0,0.0,0.5,none,True,True
83068,1.0,0.0,0.5,none,True,True
83069,1.0,0.0,0.5,none,True,True
83070,1.0,0.0,0.5,none,True,True
83071,1.0,0.0,0.5,none,True,True
83072,1.0,0.0,0.5,none,True,True
83073,1.0,0.0,0.5,none,True,True
83074,1.0,0.0,0.5,none,True,True
83075,1.0,0.0,0.5,none,True,True
83076,1.0,0.0,0.5,none,True,True
83077,1.0,0.0,0.5,none,True,True
83078,1.0,0.0,0.5,none,True,True
83079,1.0,0.0,0.5,none,True,True
83080,1.0,0.0,0.5,none,True,True
83081,1.0,0.0,0.5,none,True,True
83082,1.0,0.0,0.5,none,True,True
83083,1.0,0.0,0.5,none,True,True
83084,1.0,0.0,0.5,none,True,True
83085,1.0,0.0,0.5,none,True,True
83086,1.0,0.0,0.5,none,True,True
83087,1.0,0.0,0.5,none,True,True
83088,1.0,0.0,0.5,none,True,True
83089,1.0,0.0,0.5,none,True,True
83090,1.0,0.0,0.5,none,True,True
83091,1.0,0.0,0.5,none,True,True
83092,1.0,0.0,0.5,none,True,True
83093,1.0,0.0,0.5,none,True,True
83094,1.0,0.0,0.5,none,True,True
83095,1.0,0.0,0.5,none,True,True
83096,1.0,0.0,0.5,none,True,True
83097,1.0,0.0,0.5,none,True,True
83098,1.0,0.0,0.5,none,True,True
83099,1.0,0.0,0.5,none,True,True
83100,1.0,0.0,0.5,none,True,True
83101,1.0,0.0,0.5,none,True,True
83102,1.0,0.0,0.5,none,True,True
83103,1.0,0.0,0.5,none,True,True
83104,1.0,0.0,0.5,none,True,True
83105,1.0,0.0,0.5,none,True,True
83106,1.0,0.0,0.5,none,True,True
83107,1.0,0.0,0.5,none,True,True
83108,1.0,0.0,0.5,none,True,True
83109,1.0,0.0,0.5,none,True,True
83110,1.0,0.0,0.5,none,True,True
83111,1.0,0.0,0.5,none,True,True
83112,1.0,0.0,0.5,none,True,True
83113,1.0,0.0,0.5,none,True,True
83114,1.0,0.0,0.5,none,True,True
83115,1.0,0.0,0.5,none,True,True
83116,1.0,0.0,0.5,none,True,True
83117,1.0,0.0,0.5,none,True,True
83118,1.0,0.0,0.5,none,True,True
83119,1.0,0.0,0.5,none,True,True
83120,1.0,0.0,0.5,none,True,True
83121,1.0,0.0,0.5,none,True,True
83122,1.0,0.0,0.5,none,True,True
83123,1.0,0.0,0.5,none,True,True
83124,1.0,0.0,0.5,none,True,True
83125,1.0,0.0,0.5,none,True,True
83126,1.0,0.0,0.5,none,True,True
83127,1.0,0.0,0.5,none,True,True
83128,1.0,0.0,0.5,none,True,True
83129,1.0,0.0,0.5,none,True,True
83130,1.0,0.0,0.5,none,True,True
83131,1.0,0.0,0.5,none,True,True
83132,1.0,0.0,0.5,none,True,True
83133,1.0,0.0,0.5,none,True,True
83134,1.0,0.0,0.5,none,True,True
83135,1.0,0.0,0.5,none,True,True
83136,1.0,0.0,0.5,none,True,True
83137,1.0,0.0,0.5,none,True,True
83138,1.0,0.0,0.5,none,True,True
83139,1.0,0.0,0.5,none,True,True
83140,1.0,0.0,0.5,none,True,True
83141,1.0,0.0,0.5,none,True,True
83142,1.0,0.0,0.5,none,True,True
83143,1.0,0.0,0.5,none,True,True
83144,1.0,0.0,0.5,none,True,True
83145,1.0,0.0,0.5,none,True,True
83146,1.0,0.0,0.5,none,True,True
83147,1.0,0.0,0.5,none,True,True
83148,1.0,0.0,0.5,none,True,True
83149,1.0,0.0,0.5,none,True,True
83150,1.0,0.0,0.5,none,True,True
83151,1.0,0.0,0.5,none,True,True
83152,1.0,0.0,0.5,none,True,True
83153,1.0,0.0,0.5,none,True,True
83154,1.0,0.0,0.5,none,True,True
83155,1.0,0.0,0.5,none,True,True
83156,1.0,0.0,0.5,none,True,True
83157,1.0,0.0,0.5,none,True,True
83158,1.0,0.0,0.5,none,True,True
83159,1.0,0.0,0.5,none,True,True
83160,1.0,0.0,0.5,none,True,True
83161,1.0,0.0,0.5,none,True,True
83162,1.0,0.0,0.5,none,True,True
83163,1.0,0.0,0.5,none,True,True
83164,1.0,0.0,0.5,none,True,True
83165,1.0,0.0,0.5,none,True,True
83166,1.0,0.0,0.5,none,True,True
83167,1.0,0.0,0.5,none,True,True
83168,1.0,0.0,0.5,none,True,True
83169,1.0,0.0,0.5,none,True,True
83170,1.0,0.0,0.5,none,True,True
83171,1.0,0.0,0.5,none,True,True
83172,1.0,0.0,0.5,none,True,True
83173,1.0,0.0,0.5,none,True,True
83174,1.0,0.0,0.5,none,True,True
83175,1.0,0.0,0.5,none,True,True
83176,1.0,0.0,0.5,none,True,True
83177,1.0,0.0,0.5,none,True,True
83178,1.0,0.0,0.5,none,True,True
83179,1.0,0.0,0.5,none,True,True
83180,1.0,0.0,0.5,none,True,True
83181,1.0,0.0,0.5,none,True,True
83182,1.0,0.0,0.5,none,True,True
83183,1.0,0.0,0.5,none,True,True
83184,1.0,0.0,0.5,none,True,True
83185,1.0,0.0,0.5,none,True,True
83186,1.0,0.0,0.5,none,True,True
83187,1.0,0.0,0.5,none,True,True
83188,1.0,0.0,0.5,none,True,True
83189,1.0,0.0,0.5,none,True,True
83190,1.0,0.0,0.5,none,True,True
83191,1.0,0.0,0.5,none,True,True
83192,1.0,0.0,0.5,none,True,True
83193,1.0,0.0,0.5,none,True,True
83194,1.0,0.0,0.5,none,True,True
83195,1.0,0.0,0.5,none,True,True
83196,1.0,0.0,0.5,none,True,True
83197,1.0,0.0,0.5,none,True,True
83198,1.0,0.0,0.5,none,True,True
83199,1.0,0.0,0.5,none,True,True
83200,1.0,0.0,0.5,none,True,True
83201,1.0,0.0,0.5,none,True,True
83202,1.0,0.0,0.5,none,True,True
83203,1.0,0.0,0.5,none,True,True
83204,1.0,0.0,0.5,none,True,True
83205,1.0,0.0,0.5,none,True,True
83206,1.0,0.0,0.5,none,True,True
83207,1.0,0.0,0.5,none,True,True
83208,1.0,0.0,0.5,none,True,True
83209,1.0,0.0,0.5,none,True,True
83210,1.0,0.0,0.5,none,True,True
83211,1.0,0.0,0.5,none,True,True
83212,1.0,0.0,0.5,none,True,True
83213,1.0,0.0,0.5,none,True,True
83214,1.0,0.0,0.5,none,True,True
83215,1.0,0.0,0.5,none,True,True
83216,1.0,0.0,0.5,none,True,True
83217,1.0,0.0,0.5,none,True,True
83218,1.0,0.0,0.5,none,True,True
83219,1.0,0.0,0.5,none,True,True
83220,1.0,0.0,0.5,none,True,True
83221,1.0,0.0,0.5,none,True,True
83222,1.0,0.0,0.5,none,True,True
83223,1.0,0.0,0.5,none,True,True
83224,1.0,0.0,0.5,none,True,True
83225,1.0,0.0,0.5,none,True,True
83226,1.0,0.0,0.5,none,True,True
83227,1.0,0.0,0.5,none,True,True
83228,1.0,0.0,0.5,none,True,True
83229,1.0,0.0,0.5,none,True,True
83230,1.0,0.0,0.5,none,True,True
83231,1.0,0.0,0.5,none,True,True
83232,1.0,0.0,0.5,none,True,True
83233,1.0,0.0,0.5,none,True,True
83234,1.0,0.0,0.5,none,True,True
83235,1.0,0.0,0.5,none,True,True
83236,1.0,0.0,0.5,none,True,True
83237,1.0,0.0,0.5,none,True,True
83238,1.0,0.0,0.5,none,True,True
83239,1.0,0.0,0.5,none,True,True
83240,1.0,0.0,0.5,none,True,True
83241,1.0,0.0,0.5,none,True,True
83242,1.0,0.0,0.5,none,True,True
83243,1.0,0.0,0.5,none,True,True
83244,1.0,0.0,0.5,none,True,True
83245,1.0,0.0,0.5,none,True,True
83246,1.0,0.0,0.5,none,True,True
83247,1.0,0.0,0.5,none,True,True
83248,1.0,0.0,0.5,none,True,True
83249,1.0,0.0,0.5,none,True,True
83250,1.0,0.0,0.5,none,True,True
83251,1.0,0.0,0.5,none,True,True
83252,1.0,0.0,0.5,none,True,True
83253,1.0,0.0,0.5,none,True,True
83254,1.0,0.0,0.5,none,True,True
83255,1.0,0.0,0.5,none,True,True
83256,1.0,0.0,0.5,none,True,True
83257,1.0,0.0,0.5,none,True,True
83258,1.0,0.0,0.5,none,True,True
83259,1.0,0.0,0.5,none,True,True
83260,1.0,0.0,0.5,none,True,True
83261,1.0,0.0,0.5,none,True,True
83262,1.0,0.0,0.5,none,True,True
83263,1.0,0.0,0.5,none,True,True
83264,1.0,0.0,0.5,none,True,True
83265,1.0,0.0,0.5,none,True,True
83266,1.0,0.0,0.5,none,True,True
83267,1.0,0.0,0.5,none,True,True
83268,1.0,0.0,0.5,none,True,True
83269,1.0,0.0,0.5,none,True,True
83270,1.0,0.0,0.5,none,True,True
83271,1.0,0.0,0.5,none,True,True
83272,1.0,0.0,0.5,none,True,True
83273,1.0,0.0,0.5,none,True,True
83274,1.0,0.0,0.5,none,True,True
83275,1.0,0.0,0.5,none,True,True
83276,1.0,0.0,0.5,none,True,True
83277,1.0,0.0,0.5,none,True,True
83278,1.0,0.0,0.5,none,True,True
83279,1.0,0.0,0.5,none,True,True
83280,1.0,0.0,0.5,none,True,True
83281,1.0,0.0,0.5,none,True,True
83282,1.0,0.0,0.5,none,True,True
83283,1.0,0.0,0.5,none,True,True
83284,1.0,0.0,0.5,none,True,True
83285,1.0,0.0,0.5,none,True,True
83286,1.0,0.0,0.5,none,True,True
83287,1.0,0.0,0.5,none,True,True
83288,1.0,0.0,0.5,none,True,True
83289,1.0,0.0,0.5,none,True,True
83290,1.0,0.0,0.5,none,True,True
83291,1.0,0.0,0.5,none,True,True
83292,1.0,0.0,0.5,none,True,True
83293,1.0,0.0,0.5,none,True,True
83294,1.0,0.0,0.5,none,True,True
83295,1.0,0.0,0.5,none,True,True
83296,1.0,0.0,0.5,none,True,True
83297,1.0,0.0,0.5,none,True,True
83298,1.0,0.0,0.5,none,True,True
83299,1.0,0.0,0.5,none,True,True
83300,1.0,0.0061,0.5,none,True,True
83301,1.0,0.0357,0.5,none,True,True
83302,1.0,0.0812,0.5,none,True,True
83303,1.0,0.1113,0.5,none,True,True
83304,1.0,0.1253,0.5,none,True,True
83305,1.0,0.1408,0.5,none,True,True
83306,1.0,0.0907,0.5,none,True,True
83307,1.0,0.1198,0.5,none,True,True
83308,1.0,0.0467,0.5,none,True,True
83309,1.0,0.0522,0.5,none,True,True
83310,1.0,0.0405,0.5,none,True,True
83311,1.0,0.0313,0.5,none,True,True
83312,1.0,0.0083,0.5,none,True,True
83313,1.0,0.0726,0.5,none,True,True
83314,1.0,0.0793,0.5,none,True,True
83315,1.0,0.0581,0.5,none,True,True
83316,1.0,0.0955,0.5,none,True,True
83317,1.0,0.0839,0.5,none,True,True
83318,1.0,0.0648,0.5,none,True,True
83319,1.0,0.0718,0.5,none,True,True
83320,1.0,0.0589,0.5,none,True,True
83321,1.0,0.0403,0.5,none,True,True
83322,1.0,0.0327,0.5,none,True,True
83323,1.0,0.0277,0.5,none,True,True
83324,1.0,0.017,0.5,none,True,True
83325,1.0,0.0102,0.5,none,True,True
83326,1.0,0.0099,0.5,none,True,True
83327,1.0,0.008,0.5,none,True,True
83328,1.0,0.005,0.5,none,True,True
83329,1.0,0.0063,0.5,none,True,True
83330,1.0,0.009,0.5,none,True,True
83331,1.0,0.0096,0.5,none,True,True
83332,1.0,0.0108,0.5,none,True,True
83333,1.0,0.014,0.5,none,True,True
83334,1.0,0.0161,0.5,none,True,True
83335,1.0,0.0167,0.5,none,True,True
83336,1.0,0.0182,0.5,none,True,True
83337,1.0,0.0196,0.5,none,True,True
83338,1.0,0.0197,0.5,none,True,True
83339,1.0,0.0193,0.5,none,True,True
83340,1.0,0.0193,0.5,none,True,True
83341,1.0,0.0187,0.5,none,True,True
83342,1.0,0.0174,0.5,none,True,True
83343,1.0,0.0163,0.5,none,True,True
83344,1.0,0.0152,0.5,none,True,True
83345,1.0,0.0138,0.5,none,True,True
83346,1.0,0.0123,0.5,none,True,True
83347,1.0,0.0111,0.5,none,True,True
83348,1.0,0.01,0.5,none,True,True
83349,1.0,0.0088,0.5,none,True,True
83350,1.0,0.0078,0.5,none,True,True
83351,1.0,0.0071,0.5,none,True,True
83352,1.0,0.0064,0.5,none,True,True
83353,1.0,0.0057,0.5,none,True,True
83354,1.0,0.0053,0.5,none,True,True
83355,1.0,0.005,0.5,none,True,True
83356,1.0,0.0047,0.5,none,True,True
83357,1.0,0.0045,0.5,none,True,True
83358,1.0,0.0044,0.5,none,True,True
83359,1.0,0.0043,0.5,none,True,True
83360,1.0,0.0042,0.5,none,True,True
83361,1.0,0.0041,0.5,none,True,True
83362,1.0,0.004,0.5,none,True,True
83363,1.0,0.0039,0.5,none,True,True
83364,1.0,0.0038,0.5,none,True,True
83365,1.0,0.0037,0.5,none,True,True
83366,1.0,0.0035,0.5,none,True,True
83367,1.0,0.0033,0.5,none,True,True
83368,1.0,0.0032,0.5,none,True,True
83369,1.0,0.003,0.5,none,True,True
83370,1.0,0.0028,0.5,none,True,True
83371,1.0,0.0026,0.5,none,True,True
83372,1.0,0.0024,0.5,none,True,True
83373,1.0,0.0023,0.5,none,True,True
83374,1.0,0.0021,0.5,none,True,True
83375,1.0,0.0019,0.5,none,True,True
83376,1.0,0.0018,0.5,none,True,True
83377,1.0,0.0017,0.5,none,True,True
83378,1.0,0.0015,0.5,none,True,True
83379,1.0,0.0014,0.5,none,True,True
83380,1.0,0.0013,0.5,none,True,True
83381,1.0,0.0013,0.5,none,True,True
83382,1.0,0.0012,0.5,none,True,True
83383,1.0,0.0011,0.5,none,True,True
83384,1.0,0.0011,0.5,none,True,True
83385,1.0,0.001,0.5,none,True,True
83386,1.0,0.001,0.5,none,True,True
83387,1.0,0.0009,0.5,none,True,True
83388,1.0,0.0009,0.5,none,True,True
83389,1.0,0.0008,0.5,none,True,True
83390,1.0,0.0008,0.5,none,True,True
83391,1.0,0.0008,0.5,none,True,True
83392,1.0,0.0007,0.5,none,True,True
83393,1.0,0.0007,0.5,none,True,True
83394,1.0,0.0006,0.5,none,True,True
83395,1.0,0.0006,0.5,none,True,True
83396,1.0,0.0006,0.5,none,True,True
83397,1.0,0.0005,0.5,none,True,True
83398,1.0,0.0005,0.5,none,True,True
83399,1.0,0.0005,0.5,none,True,True
83400,1.0,0.0004,0.5,none,True,True
83401,1.0,0.0004,0.5,none,True,True
83402,1.0,0.0004,0.5,none,True,True
83403,1.0,0.0004,0.5,none,True,True
83404,1.0,0.0003,0.5,none,True,True
83405,1.0,0.0003,0.5,none,True,True
83406,1.0,0.0003,0.5,none,True,True
83407,1.0,0.0003,0.5,none,True,True
83408,1.0,0.0003,0.5,none,True,True
83409,1.0,0.0003,0.5,none,True,True
83410,1.0,0.0002,0.5,none,True,True
83411,1.0,0.0002,0.5,none,True,True
83412,1.0,0.0002,0.5,none,True,True
83413,1.0,0.0002,0.5,none,True,True
83414,1.0,0.0002,0.5,none,True,True
83415,1.0,0.0002,0.5,none,True,True
83416,1.0,0.0002,0.5,none,True,True
83417,1.0,0.0002,0.5,none,True,True
83418,1.0,0.0002,0.5,none,True,True
83419,1.0,0.0001,0.5,none,True,True
83420,1.0,0.0001,0.5,none,True,True
83421,1.0,0.0001,0.5,none,True,True
83422,1.0,0.0001,0.5,none,True,True
83423,1.0,0.0001,0.5,none,True,True
83424,1.0,0.0001,0.5,none,True,True
83425,1.0,0.0001,0.5,none,True,True
83426,1.0,0.0001,0.5,none,True,True
83427,1.0,0.0001,0.5,none,True,True
83428,1.0,0.0001,0.5,none,True,True
83429,1.0,0.0001,0.5,none,True,True
83430,1.0,0.0001,0.5,none,True,True
83431,1.0,0.0001,0.5,none,True,True
83432,1.0,0.0001,0.5,none,True,True
83433,1.0,0.0001,0.5,none,True,True
83434,1.0,0.0001,0.5,none,True,True
83435,1.0,0.0001,0.5,none,True,True
83436,1.0,0.0001,0.5,none,True,True
83437,1.0,0.0,0.5,none,True,True
83438,1.0,0.0,0.5,none,True,True
83439,1.0,0.0,0.5,none,True,True
83440,1.0,0.0,0.5,none,True,True
83441,1.0,0.0,0.5,none,True,True
83442,1.0,0.0,0.5,none,True,True
83443,1.0,0.0,0.5,none,True,True
83444,1.0,0.0,0.5,none,True,True
83445,1.0,0.0,0.5,none,True,True
83446,1.0,0.0,0.5,none,True,True
83447,1.0,0.0,0.5,none,True,True
83448,1.0,0.0,0.5,none,True,True
83449,1.0,0.0,0.5,none,True,True
83450,1.0,0.0,0.5,none,True,True
83451,1.0,0.0,0.5,none,True,True
83452,1.0,0.0,0.5,none,True,True
83453,1.0,0.0,0.5,none,True,True
83454,1.0,0.0,0.5,none,True,True
83455,1.0,0.0,0.5,none,True,True
83456,1.0,0.0,0.5,none,True,True
83457,1.0,0.0,0.5,none,True,True
83458,1.0,0.0,0.5,none,True,True
83459,1.0,0.0,0.5,none,True,True
83460,1.0,0.0,0.5,none,True,True
83461,1.0,0.0,0.5,none,True,True
83462,1.0,0.0,0.5,none,True,True
83463,1.0,0.0,0.5,none,True,True
83464,1.0,0.0,0.5,none,True,True
83465,1.0,0.0,0.5,none,True,True
83466,1.0,0.0,0.5,none,True,True
83467,1.0,0.0,0.5,none,True,True
83468,1.0,0.0,0.5,none,True,True
83469,1.0,0.0,0.5,none,True,True
83470,1.0,0.0,0.5,none,True,True
83471,1.0,0.0,0.5,none,True,True
83472,1.0,0.0,0.5,none,True,True
83473,1.0,0.0,0.5,none,True,True
83474,1.0,0.0,0.5,none,True,True
83475,1.0,0.0,0.5,none,True,True
83476,1.0,0.0,0.5,none,True,True
83477,1.0,0.0,0.5,none,True,True
83478,1.0,0.0,0.5,none,True,True
83479,1.0,0.0,0.5,none,True,True
83480,1.0,0.0,0.5,none,True,True
83481,1.0,0.0,0.5,none,True,True
83482,1.0,0.0,0.5,none,True,True
83483,1.0,0.0,0.5,none,True,True
83484,1.0,0.0,0.5,none,True,True
83485,1.0,0.0,0.5,none,True,True
83486,1.0,0.0,0.5,none,True,True
83487,1.0,0.0,0.5,none,True,True
83488,1.0,0.0,0.5,none,True,True
83489,1.0,0.0,0.5,none,True,True
83490,1.0,0.0,0.5,none,True,True
83491,1.0,0.0,0.5,none,True,True
83492,1.0,0.0,0.5,none,True,True
83493,1.0,0.0,0.5,none,True,True
83494,1.0,0.0,0.5,none,True,True
83495,1.0,0.0,0.5,none,True,True
83496,1.0,0.0,0.5,none,True,True
83497,1.0,0.0,0.5,none,True,True
83498,1.0,0.0,0.5,none,True,True
83499,1.0,0.0,0.5,none,True,True
83500,1.0,0.0,0.5,none,True,True
83501,1.0,0.0,0.5,none,True,True
83502,1.0,0.0,0.5,none,True,True
83503,1.0,0.0,0.5,none,True,True
83504,1.0,0.0,0.5,none,True,True
83505,1.0,0.0,0.5,none,True,True
83506,1.0,0.0,0.5,none,True,True
83507,1.0,0.0,0.5,none,True,True
83508,1.0,0.0,0.5,none,True,True
83509,1.0,0.0,0.5,none,True,True
83510,1.0,0.0,0.5,none,True,True
83511,1.0,0.0,0.5,none,True,True
83512,1.0,0.0,0.5,none,True,True
83513,1.0,0.0,0.5,none,True,True
83514,1.0,0.0,0.5,none,True,True
83515,1.0,0.0,0.5,none,True,True
83516,1.0,0.0,0.5,none,True,True
83517,1.0,0.0,0.5,none,True,True
83518,1.0,0.0,0.5,none,True,True
83519,1.0,0.0,0.5,none,True,True
83520,1.0,0.0,0.5,none,True,True
83521,1.0,0.0,0.5,none,True,True
83522,1.0,0.0,0.5,none,True,True
83523,1.0,0.0,0.5,none,True,True
83524,1.0,0.0,0.5,none,True,True
83525,1.0,0.0,0.5,none,True,True
83526,1.0,0.0,0.5,none,True,True
83527,1.0,0.0,0.5,none,True,True
83528,1.0,0.0,0.5,none,True,True
83529,1.0,0.0,0.5,none,True,True
83530,1.0,0.0,0.5,none,True,True
83531,1.0,0.0,0.5,none,True,True
83532,1.0,0.0,0.5,none,True,True
83533,1.0,0.0,0.5,none,True,True
83534,1.0,0.0,0.5,none,True,True
83535,1.0,0.0,0.5,none,True,True
83536,1.0,0.0,0.5,none,True,True
83537,1.0,0.0,0.5,none,True,True
83538,1.0,0.0,0.5,none,True,True
83539,1.0,0.0,0.5,none,True,True
83540,1.0,0.0,0.5,none,True,True
83541,1.0,0.0,0.5,none,True,True
83542,1.0,0.0,0.5,none,True,True
83543,1.0,0.0,0.5,none,True,True
83544,1.0,0.0,0.5,none,True,True
83545,1.0,0.0,0.5,none,True,True
83546,1.0,0.0,0.5,none,True,True
83547,1.0,0.0,0.5,none,True,True
83548,1.0,0.0,0.5,none,True,True
83549,1.0,0.0,0.5,none,True,True
83550,1.0,0.0,0.5,none,True,True
83551,1.0,0.0,0.5,none,True,True
83552,1.0,0.0,0.5,none,True,True
83553,1.0,0.0,0.5,none,True,True
83554,1.0,0.0,0.5,none,True,True
83555,1.0,0.0,0.5,none,True,True
83556,1.0,0.0,0.5,none,True,True
83557,1.0,0.0,0.5,none,True,True
83558,1.0,0.0,0.5,none,True,True
83559,1.0,0.0,0.5,none,True,True
83560,1.0,0.0,0.5,none,True,True
83561,1.0,0.0,0.5,none,True,True
83562,1.0,0.0,0.5,none,True,True
83563,1.0,0.0,0.5,none,True,True
83564,1.0,0.0,0.5,none,True,True
83565,1.0,0.0,0.5,none,True,True
83566,1.0,0.0,0.5,none,True,True
83567,1.0,0.0,0.5,none,True,True
83568,1.0,0.0,0.5,none,True,True
83569,1.0,0.0,0.5,none,True,True
83570,1.0,0.0,0.5,none,True,True
83571,1.0,0.0,0.5,none,True,True
83572,1.0,0.0,0.5,none,True,True
83573,1.0,0.0,0.5,none,True,True
83574,1.0,0.0,0.5,none,True,True
83575,1.0,0.0,0.5,none,True,True
83576,1.0,0.0,0.5,none,True,True
83577,1.0,0.0,0.5,none,True,True
83578,1.0,0.0,0.5,none,True,True
83579,1.0,0.0,0.5,none,True,True
83580,1.0,0.0,0.5,none,True,True
83581,1.0,0.0,0.5,none,True,True
83582,1.0,0.0,0.5,none,True,True
83583,1.0,0.0,0.5,none,True,True
83584,1.0,0.0,0.5,none,True,True
83585,1.0,0.0,0.5,none,True,True
83586,1.0,0.0,0.5,none,True,True
83587,1.0,0.0,0.5,none,True,True
83588,1.0,0.0,0.5,none,True,True
83589,1.0,0.0,0.5,none,True,True
83590,1.0,0.0,0.5,none,True,True
83591,1.0,0.0,0.5,none,True,True
83592,1.0,0.0,0.5,none,True,True
83593,1.0,0.0,0.5,none,True,True
83594,1.0,0.0,0.5,none,True,True
83595,1.0,0.0,0.5,none,True,True
83596,1.0,0.0,0.5,none,True,True
83597,1.0,0.0,0.5,none,True,True
83598,1.0,0.0,0.5,none,True,True
83599,1.0,0.0,0.5,none,True,True
83600,1.0,0.0,0.5,none,True,True
83601,1.0,0.0,0.5,none,True,True
83602,1.0,0.0,0.5,none,True,True
83603,1.0,0.0,0.5,none,True,True
83604,1.0,0.0,0.5,none,True,True
83605,1.0,0.0,0.5,none,True,True
83606,1.0,0.0,0.5,none,True,True
83607,1.0,0.0,0.5,none,True,True
83608,1.0,0.0,0.5,none,True,True
83609,1.0,0.0,0.5,none,True,True
83610,1.0,0.0,0.5,none,True,True
83611,1.0,0.0,0.5,none,True,True
83612,1.0,0.0,0.5,none,True,True
83613,1.0,0.0,0.5,none,True,True
83614,1.0,0.0,0.5,none,True,True
83615,1.0,0.0,0.5,none,True,True
83616,1.0,0.0,0.5,none,True,True
83617,1.0,0.0,0.5,none,True,True
83618,1.0,0.0,0.5,none,True,True
83619,1.0,0.0,0.5,none,True,True
83620,1.0,0.0,0.5,none,True,True
83621,1.0,0.0,0.5,none,True,True
83622,1.0,0.0,0.5,none,True,True
83623,1.0,0.0,0.5,none,True,True
83624,1.0,0.0,0.5,none,True,True
83625,1.0,0.0,0.5,none,True,True
83626,1.0,0.0,0.5,none,True,True
83627,1.0,0.0,0.5,none,True,True
83628,1.0,0.0,0.5,none,True,True
83629,1.0,0.0,0.5,none,True,True
83630,1.0,0.0,0.5,none,True,True
83631,1.0,0.0,0.5,none,True,True
83632,1.0,0.0,0.5,none,True,True
83633,1.0,0.0,0.5,none,True,True
83634,1.0,0.0,0.5,none,True,True
83635,1.0,0.0,0.5,none,True,True
83636,1.0,0.0,0.5,none,True,True
83637,1.0,0.0,0.5,none,True,True
83638,1.0,0.0,0.5,none,True,True
83639,1.0,0.0,0.5,none,True,True
83640,1.0,0.0,0.5,none,True,True
83641,1.0,0.0,0.5,none,True,True
83642,1.0,0.0,0.5,none,True,True
83643,1.0,0.0,0.5,none,True,True
83644,1.0,0.0,0.5,none,True,True
83645,1.0,0.0,0.5,none,True,True
83646,1.0,0.0,0.5,none,True,True
83647,1.0,0.0,0.5,none,True,True
83648,1.0,0.0,0.5,none,True,True
83649,1.0,0.0,0.5,none,True,True
83650,1.0,0.0,0.5,none,True,True
83651,1.0,0.0,0.5,none,True,True
83652,1.0,0.0,0.5,none,True,True
83653,1.0,0.0,0.5,none,True,True
83654,1.0,0.0,0.5,none,True,True
83655,1.0,0.0,0.5,none,True,True
83656,1.0,0.0,0.5,none,True,True
83657,1.0,0.0,0.5,none,True,True
83658,1.0,0.0,0.5,none,True,True
83659,1.0,0.0,0.5,none,True,True
83660,1.0,0.0,0.5,none,True,True
83661,1.0,0.0,0.5,none,True,True
83662,1.0,0.0,0.5,none,True,True
83663,1.0,0.0,0.5,none,True,True
83664,1.0,0.0,0.5,none,True,True
83665,1.0,0.0,0.5,none,True,True
83666,1.0,0.0,0.5,none,True,True
83667,1.0,0.0,0.5,none,True,True
83668,1.0,0.0,0.5,none,True,True
83669,1.0,0.0,0.5,none,True,True
83670,1.0,0.0,0.5,none,True,True
83671,1.0,0.0,0.5,none,True,True
83672,1.0,0.0,0.5,none,True,True
83673,1.0,0.0,0.5,none,True,True
83674,1.0,0.0,0.5,none,True,True
83675,1.0,0.0,0.5,none,True,True
83676,1.0,0.0,0.5,none,True,True
83677,1.0,0.0,0.5,none,True,True
83678,1.0,0.0,0.5,none,True,True
83679,1.0,0.0,0.5,none,True,True
83680,1.0,0.0,0.5,none,True,True
83681,1.0,0.0,0.5,none,True,True
83682,1.0,0.0,0.5,none,True,True
83683,1.0,0.0,0.5,none,True,True
83684,1.0,0.0,0.5,none,True,True
83685,1.0,0.0,0.5,none,True,True
83686,1.0,0.0,0.5,none,True,True
83687,1.0,0.0,0.5,none,True,True
83688,1.0,0.0,0.5,none,True,True
83689,1.0,0.0,0.5,none,True,True
83690,1.0,0.0,0.5,none,True,True
83691,1.0,0.0,0.5,none,True,True
83692,1.0,0.0,0.5,none,True,True
83693,1.0,0.0,0.5,none,True,True
83694,1.0,0.0,0.5,none,True,True
83695,1.0,0.0,0.5,none,True,True
83696,1.0,0.0,0.5,none,True,True
83697,1.0,0.0,0.5,none,True,True
83698,1.0,0.0,0.5,none,True,True
83699,1.0,0.0,0.5,none,True,True
83700,1.0,0.0,0.5,none,True,True
83701,1.0,0.0,0.5,none,True,True
83702,1.0,0.0,0.5,none,True,True
83703,1.0,0.0,0.5,none,True,True
83704,1.0,0.0,0.5,none,True,True
83705,1.0,0.0,0.5,none,True,True
83706,1.0,0.0,0.5,none,True,True
83707,1.0,0.0,0.5,none,True,True
83708,1.0,0.0,0.5,none,True,True
83709,1.0,0.0,0.5,none,True,True
83710,1.0,0.0,0.5,none,True,True
83711,1.0,0.0,0.5,none,True,True
83712,1.0,0.0,0.5,none,True,True
83713,1.0,0.0,0.5,none,True,True
83714,1.0,0.0,0.5,none,True,True
83715,1.0,0.0,0.5,none,True,True
83716,1.0,0.0,0.5,none,True,True
83717,1.0,0.0,0.5,none,True,True
83718,1.0,0.0,0.5,none,True,True
83719,1.0,0.0,0.5,none,True,True
83720,1.0,0.0,0.5,none,True,True
83721,1.0,0.0,0.5,none,True,True
83722,1.0,0.0,0.5,none,True,True
83723,1.0,0.0,0.5,none,True,True
83724,1.0,0.0,0.5,none,True,True
83725,1.0,0.0,0.5,none,True,True
83726,1.0,0.0,0.5,none,True,True
83727,1.0,0.0,0.5,none,True,True
83728,1.0,0.0,0.5,none,True,True
83729,1.0,0.0,0.5,none,True,True
83730,1.0,0.0,0.5,none,True,True
83731,1.0,0.0,0.5,none,True,True
83732,1.0,0.0,0.5,none,True,True
83733,1.0,0.0,0.5,none,True,True
83734,1.0,0.0,0.5,none,True,True
83735,1.0,0.0,0.5,none,True,True
83736,1.0,0.0,0.5,none,True,True
83737,1.0,0.0,0.5,none,True,True
83738,1.0,0.0,0.5,none,True,True
83739,1.0,0.0,0.5,none,True,True
83740,1.0,0.0,0.5,none,True,True
83741,1.0,0.0,0.5,none,True,True
83742,1.0,0.0,0.5,none,True,True
83743,1.0,0.0,0.5,none,True,True
83744,1.0,0.0,0.5,none,True,True
83745,1.0,0.0,0.5,none,True,True
83746,1.0,0.0,0.5,none,True,True
83747,1.0,0.0,0.5,none,True,True
83748,1.0,0.0,0.5,none,True,True
83749,1.0,0.0,0.5,none,True,True
83750,1.0,0.0,0.5,none,True,True
83751,1.0,0.0,0.5,none,True,True
83752,1.0,0.0,0.5,none,True,True
83753,1.0,0.0,0.5,none,True,True
83754,1.0,0.0,0.5,none,True,True
83755,1.0,0.0,0.5,none,True,True
83756,1.0,0.0,0.5,none,True,True
83757,1.0,0.0,0.5,none,True,True
83758,1.0,0.0,0.5,none,True,True
83759,1.0,0.0,0.5,none,True,True
83760,1.0,0.0,0.5,none,True,True
83761,1.0,0.0,0.5,none,True,True
83762,1.0,0.0,0.5,none,True,True
83763,1.0,0.0,0.5,none,True,True
83764,1.0,0.0,0.5,none,True,True
83765,1.0,0.0,0.5,none,True,True
83766,1.0,0.0,0.5,none,True,True
83767,1.0,0.0,0.5,none,True,True
83768,1.0,0.0,0.5,none,True,True
83769,1.0,0.0,0.5,none,True,True
83770,1.0,0.0,0.5,none,True,True
83771,1.0,0.0,0.5,none,True,True
83772,1.0,0.0,0.5,none,True,True
83773,1.0,0.0,0.5,none,True,True
83774,1.0,0.0,0.5,none,True,True
83775,1.0,0.0,0.5,none,True,True
83776,1.0,0.0,0.5,none,True,True
83777,1.0,0.0,0.5,none,True,True
83778,1.0,0.0,0.5,none,True,True
83779,1.0,0.0,0.5,none,True,True
83780,1.0,0.0,0.5,none,True,True
83781,1.0,0.0,0.5,none,True,True
83782,1.0,0.0,0.5,none,True,True
83783,1.0,0.0,0.5,none,True,True
83784,1.0,0.0,0.5,none,True,True
83785,1.0,0.0,0.5,none,True,True
83786,1.0,0.0,0.5,none,True,True
83787,1.0,0.0,0.5,none,True,True
83788,1.0,0.0,0.5,none,True,True
83789,1.0,0.0,0.5,none,True,True
83790,1.0,0.0,0.5,none,True,True
83791,1.0,0.0,0.5,none,True,True
83792,1.0,0.0,0.5,none,True,True
83793,1.0,0.0,0.5,none,True,True
83794,1.0,0.0,0.5,none,True,True
83795,1.0,0.0,0.5,none,True,True
83796,1.0,0.0,0.5,none,True,True
83797,1.0,0.0,0.5,none,True,True
83798,1.0,0.0,0.5,none,True,True
83799,1.0,0.0,0.5,none,True,True
83800,1.0,0.0,0.5,none,True,True
83801,1.0,0.0,0.5,none,True,True
83802,1.0,0.0,0.5,none,True,True
83803,1.0,0.0,0.5,none,True,True
83804,1.0,0.0,0.5,none,True,True
83805,1.0,0.0,0.5,none,True,True
83806,1.0,0.0,0.5,none,True,True
83807,1.0,0.0,0.5,none,True,True
83808,1.0,0.0,0.5,none,True,True
83809,1.0,0.0,0.5,none,True,True
83810,1.0,0.0,0.5,none,True,True
83811,1.0,0.0,0.5,none,True,True
83812,1.0,0.0,0.5,none,True,True
83813,1.0,0.0,0.5,none,True,True
83814,1.0,0.0,0.5,none,True,True
83815,1.0,0.0,0.5,none,True,True
83816,1.0,0.0,0.5,none,True,True
83817,1.0,0.0,0.5,none,True,True
83818,1.0,0.0,0.5,none,True,True
83819,1.0,0.0,0.5,none,True,True
83820,1.0,0.0,0.5,none,True,True
83821,1.0,0.0,0.5,none,True,True
83822,1.0,0.0,0.5,none,True,True
83823,1.0,0.0,0.5,none,True,True
83824,1.0,0.0,0.5,none,True,True
83825,1.0,0.0,0.5,none,True,True
83826,1.0,0.0,0.5,none,True,True
83827,1.0,0.0,0.5,none,True,True
83828,1.0,0.0,0.5,none,True,True
83829,1.0,0.0,0.5,none,True,True
83830,1.0,0.0,0.5,none,True,True
83831,1.0,0.0,0.5,none,True,True
83832,1.0,0.0,0.5,none,True,True
83833,1.0,0.0,0.5,none,True,True
83834,1.0,0.0,0.5,none,True,True
83835,1.0,0.0,0.5,none,True,True
83836,1.0,0.0,0.5,none,True,True
83837,1.0,0.0,0.5,none,True,True
83838,1.0,0.0,0.5,none,True,True
83839,1.0,0.0,0.5,none,True,True
83840,1.0,0.0,0.5,none,True,True
83841,1.0,0.0,0.5,none,True,True
83842,1.0,0.0,0.5,none,True,True
83843,1.0,0.0,0.5,none,True,True
83844,1.0,0.0,0.5,none,True,True
83845,1.0,0.0,0.5,none,True,True
83846,1.0,0.0,0.5,none,True,True
83847,1.0,0.0,0.5,none,True,True
83848,1.0,0.0,0.5,none,True,True
83849,1.0,0.0,0.5,none,True,True
83850,1.0,0.0,0.5,none,True,True
83851,1.0,0.0,0.5,none,True,True
83852,1.0,0.0,0.5,none,True,True
83853,1.0,0.0,0.5,none,True,True
83854,1.0,0.0,0.5,none,True,True
83855,1.0,0.0,0.5,none,True,True
83856,1.0,0.0,0.5,none,True,True
83857,1.0,0.0,0.5,none,True,True
83858,1.0,0.0,0.5,none,True,True
83859,1.0,0.0,0.5,none,True,True
83860,1.0,0.0,0.5,none,True,True
83861,1.0,0.0,0.5,none,True,True
83862,1.0,0.0,0.5,none,True,True
83863,1.0,0.0,0.5,none,True,True
83864,1.0,0.0,0.5,none,True,True
83865,1.0,0.0,0.5,none,True,True
83866,1.0,0.0,0.5,none,True,True
83867,1.0,0.0,0.5,none,True,True
83868,1.0,0.0,0.5,none,True,True
83869,1.0,0.0,0.5,none,True,True
83870,1.0,0.0,0.5,none,True,True
83871,1.0,0.0,0.5,none,True,True
83872,1.0,0.0,0.5,none,True,True
83873,1.0,0.0,0.5,none,True,True
83874,1.0,0.0,0.5,none,True,True
83875,1.0,0.0,0.5,none,True,True
83876,1.0,0.0,0.5,none,True,True
83877,1.0,0.0,0.5,none,True,True
83878,1.0,0.0,0.5,none,True,True
83879,1.0,0.0,0.5,none,True,True
83880,1.0,0.0,0.5,none,True,True
83881,1.0,0.0,0.5,none,True,True
83882,1.0,0.0,0.5,none,True,True
83883,1.0,0.0,0.5,none,True,True
83884,1.0,0.0,0.5,none,True,True
83885,1.0,0.0,0.5,none,True,True
83886,1.0,0.0,0.5,none,True,True
83887,1.0,0.0,0.5,none,True,True
83888,1.0,0.0,0.5,none,True,True
83889,1.0,0.0,0.5,none,True,True
83890,1.0,0.0,0.5,none,True,True
83891,1.0,0.0,0.5,none,True,True
83892,1.0,0.0,0.5,none,True,True
83893,1.0,0.0,0.5,none,True,True
83894,1.0,0.0,0.5,none,True,True
83895,1.0,0.0,0.5,none,True,True
83896,1.0,0.0,0.5,none,True,True
83897,1.0,0.0,0.5,none,True,True
83898,1.0,0.0,0.5,none,True,True
83899,1.0,0.0,0.5,none,True,True
83900,1.0,0.0,0.5,none,True,True
83901,1.0,0.0,0.5,none,True,True
83902,1.0,0.0,0.5,none,True,True
83903,1.0,0.0,0.5,none,True,True
83904,1.0,0.0,0.5,none,True,True
83905,1.0,0.0,0.5,none,True,True
83906,1.0,0.0,0.5,none,True,True
83907,1.0,0.0,0.5,none,True,True
83908,1.0,0.0,0.5,none,True,True
83909,1.0,0.0,0.5,none,True,True
83910,1.0,0.0,0.5,none,True,True
83911,1.0,0.0,0.5,none,True,True
83912,1.0,0.0,0.5,none,True,True
83913,1.0,0.0,0.5,none,True,True
83914,1.0,0.0,0.5,none,True,True
83915,1.0,0.0,0.5,none,True,True
83916,1.0,0.0,0.5,none,True,True
83917,1.0,0.0,0.5,none,True,True
83918,1.0,0.0,0.5,none,True,True
83919,1.0,0.0,0.5,none,True,True
83920,1.0,0.0,0.5,none,True,True
83921,1.0,0.0,0.5,none,True,True
83922,1.0,0.0,0.5,none,True,True
83923,1.0,0.0,0.5,none,True,True
83924,1.0,0.0,0.5,none,True,True
83925,1.0,0.0,0.5,none,True,True
83926,1.0,0.0,0.5,none,True,True
83927,1.0,0.0,0.5,none,True,True
83928,1.0,0.0,0.5,none,True,True
83929,1.0,0.0,0.5,none,True,True
83930,1.0,0.0,0.5,none,True,True
83931,1.0,0.0,0.5,none,True,True
83932,1.0,0.0,0.5,none,True,True
83933,1.0,0.0,0.5,none,True,True
83934,1.0,0.0,0.5,none,True,True
83935,1.0,0.0,0.5,none,True,True
83936,1.0,0.0,0.5,none,True,True
83937,1.0,0.0,0.5,none,True,True
83938,1.0,0.0,0.5,none,True,True
83939,1.0,0.0,0.5,none,True,True
83940,1.0,0.0,0.5,none,True,True
83941,1.0,0.0,0.5,none,True,True
83942,1.0,0.0,0.5,none,True,True
83943,1.0,0.0,0.5,none,True,True
83944,1.0,0.0,0.5,none,True,True
83945,1.0,0.0,0.5,none,True,True
83946,1.0,0.0,0.5,none,True,True
83947,1.0,0.0,0.5,none,True,True
83948,1.0,0.0,0.5,none,True,True
83949,1.0,0.0,0.5,none,True,True
83950,1.0,0.0,0.5,none,True,True
83951,1.0,0.0,0.5,none,True,True
83952,1.0,0.0,0.5,none,True,True
83953,1.0,0.0,0.5,none,True,True
83954,1.0,0.0,0.5,none,True,True
83955,1.0,0.0,0.5,none,True,True
83956,1.0,0.0,0.5,none,True,True
83957,1.0,0.0,0.5,none,True,True
83958,1.0,0.0,0.5,none,True,True
83959,1.0,0.0,0.5,none,True,True
83960,1.0,0.0,0.5,none,True,True
83961,1.0,0.0,0.5,none,True,True
83962,1.0,0.0,0.5,none,True,True
83963,1.0,0.0,0.5,none,True,True
83964,1.0,0.0,0.5,none,True,True
83965,1.0,0.0,0.5,none,True,True
83966,1.0,0.0,0.5,none,True,True
83967,1.0,0.0,0.5,none,True,True
83968,1.0,0.0,0.5,none,True,True
83969,1.0,0.0,0.5,none,True,True
83970,1.0,0.0,0.5,none,True,True
83971,1.0,0.0,0.5,none,True,True
83972,1.0,0.0,0.5,none,True,True
83973,1.0,0.0,0.5,none,True,True
83974,1.0,0.0,0.5,none,True,True
83975,1.0,0.0,0.5,none,True,True
83976,1.0,0.0,0.5,none,True,True
83977,1.0,0.0,0.5,none,True,True
83978,1.0,0.0,0.5,none,True,True
83979,1.0,0.0,0.5,none,True,True
83980,1.0,0.0,0.5,none,True,True
83981,1.0,0.0,0.5,none,True,True
83982,1.0,0.0,0.5,none,True,True
83983,1.0,0.0,0.5,none,True,True
83984,1.0,0.0,0.5,none,True,True
83985,1.0,0.0,0.5,none,True,True
83986,1.0,0.0,0.5,none,True,True
83987,1.0,0.0,0.5,none,True,True
83988,1.0,0.0,0.5,none,True,True
83989,1.0,0.0,0.5,none,True,True
83990,1.0,0.0,0.5,none,True,True
83991,1.0,0.0,0.5,none,True,True
83992,1.0,0.0,0.5,none,True,True
83993,1.0,0.0,0.5,none,True,True
83994,1.0,0.0,0.5,none,True,True
83995,1.0,0.0,0.5,none,True,True
83996,1.0,0.0,0.5,none,True,True
83997,1.0,0.0,0.5,none,True,True
83998,1.0,0.0,0.5,none,True,True
83999,1.0,0.0,0.5,none,True,True
84000,1.0,0.0061,0.5,none,True,True
84001,1.0,0.0357,0.5,none,True,True
84002,1.0,0.0812,0.5,none,True,True
84003,1.0,0.1113,0.5,none,True,True
84004,1.0,0.1253,0.5,none,True,True
84005,1.0,0.1408,0.5,none,True,True
84006,1.0,0.0907,0.5,none,True,True
84007,1.0,0.1198,0.5,none,True,True
84008,1.0,0.0467,0.5,none,True,True
84009,1.0,0.0522,0.5,none,True,True
84010,1.0,0.0405,0.5,none,True,True
84011,1.0,0.0313,0.5,none,True,True
84012,1.0,0.0083,0.5,none,True,True
84013,1.0,0.0726,0.5,none,True,True
84014,1.0,0.0793,0.5,none,True,True
84015,1.0,0.0581,0.5,none,True,True
84016,1.0,0.0955,0.5,none,True,True
84017,1.0,0.0839,0.5,none,True,True
84018,1.0,0.0648,0.5,none,True,True
84019,1.0,0.0718,0.5,none,True,True
84020,1.0,0.0589,0.5,none,True,True
84021,1.0,0.0403,0.5,none,True,True
84022,1.0,0.0327,0.5,none,True,True
84023,1.0,0.0277,0.5,none,True,True
84024,1.0,0.017,0.5,none,True,True
84025,1.0,0.0102,0.5,none,True,True
84026,1.0,0.0099,0.5,none,True,True
84027,1.0,0.008,0.5,none,True,True
84028,1.0,0.005,0.5,none,True,True
84029,1.0,0.0063,0.5,none,True,True
84030,1.0,0.009,0.5,none,True,True
84031,1.0,0.0096,0.5,none,True,True
84032,1.0,0.0108,0.5,none,True,True
84033,1.0,0.014,0.5,none,True,True
84034,1.0,0.0161,0.5,none,True,True
84035,1.0,0.0167,0.5,none,True,True
84036,1.0,0.0182,0.5,none,True,True
84037,1.0,0.0196,0.5,none,True,True
84038,1.0,0.0197,0.5,none,True,True
84039,1.0,0.0193,0.5,none,True,True
84040,1.0,0.0193,0.5,none,True,True
84041,1.0,0.0187,0.5,none,True,True
84042,1.0,0.0174,0.5,none,True,True
84043,1.0,0.0163,0.5,none,True,True
84044,1.0,0.0152,0.5,none,True,True
84045,1.0,0.0138,0.5,none,True,True
84046,1.0,0.0123,0.5,none,True,True
84047,1.0,0.0111,0.5,none,True,True
84048,1.0,0.01,0.5,none,True,True
84049,1.0,0.0088,0.5,none,True,True
84050,1.0,0.0078,0.5,none,True,True
84051,1.0,0.0071,0.5,none,True,True
84052,1.0,0.0064,0.5,none,True,True
84053,1.0,0.0057,0.5,none,True,True
84054,1.0,0.0053,0.5,none,True,True
84055,1.0,0.005,0.5,none,True,True
84056,1.0,0.0047,0.5,none,True,True
84057,1.0,0.0045,0.5,none,True,True
84058,1.0,0.0044,0.5,none,True,True
84059,1.0,0.0043,0.5,none,True,True
84060,1.0,0.0042,0.5,none,True,True
84061,1.0,0.0041,0.5,none,True,True
84062,1.0,0.004,0.5,none,True,True
84063,1.0,0.0039,0.5,none,True,True
84064,1.0,0.0038,0.5,none,True,True
84065,1.0,0.0037,0.5,none,True,True
84066,1.0,0.0035,0.5,none,True,True
84067,1.0,0.0033,0.5,none,True,True
84068,1.0,0.0032,0.5,none,True,True
84069,1.0,0.003,0.5,none,True,True
84070,1.0,0.0028,0.5,none,True,True
84071,1.0,0.0026,0.5,none,True,True
84072,1.0,0.0024,0.5,none,True,True
84073,1.0,0.0023,0.5,none,True,True
84074,1.0,0.0021,0.5,none,True,True
84075,1.0,0.0019,0.5,none,True,True
84076,1.0,0.0018,0.5,none,True,True
84077,1.0,0.0017,0.5,none,True,True
84078,1.0,0.0015,0.5,none,True,True
84079,1.0,0.0014,0.5,none,True,True
84080,1.0,0.0013,0.5,none,True,True
84081,1.0,0.0013,0.5,none,True,True
84082,1.0,0.0012,0.5,none,True,True
84083,1.0,0.0011,0.5,none,True,True
84084,1.0,0.0011,0.5,none,True,True
84085,1.0,0.001,0.5,none,True,True
84086,1.0,0.001,0.5,none,True,True
84087,1.0,0.0009,0.5,none,True,True
84088,1.0,0.0009,0.5,none,True,True
84089,1.0,0.0008,0.5,none,True,True
84090,1.0,0.0008,0.5,none,True,True
84091,1.0,0.0008,0.5,none,True,True
84092,1.0,0.0007,0.5,none,True,True
84093,1.0,0.0007,0.5,none,True,True
84094,1.0,0.0006,0.5,none,True,True
84095,1.0,0.0006,0.5,none,True,True
84096,1.0,0.0006,0.5,none,True,True
84097,1.0,0.0005,0.5,none,True,True
84098,1.0,0.0005,0.5,none,True,True
84099,1.0,0.0005,0.5,none,True,True
84100,1.0,0.0004,0.5,none,True,True
84101,1.0,0.0004,0.5,none,True,True
84102,1.0,0.0004,0.5,none,True,True
84103,1.0,0.0004,0.5,none,True,True
84104,1.0,0.0003,0.5,none,True,True
84105,1.0,0.0003,0.5,none,True,True
84106,1.0,0.0003,0.5,none,True,True
84107,1.0,0.0003,0.5,none,True,True
84108,1.0,0.0003,0.5,none,True,True
84109,1.0,0.0003,0.5,none,True,True
84110,1.0,0.0002,0.5,none,True,True
84111,1.0,0.0002,0.5,none,True,True
84112,1.0,0.0002,0.5,none,True,True
84113,1.0,0.0002,0.5,none,True,True
84114,1.0,0.0002,0.5,none,True,True
84115,1.0,0.0002,0.5,none,True,True
84116,1.0,0.0002,0.5,none,True,True
84117,1.0,0.0002,0.5,none,True,True
84118,1.0,0.0002,0.5,none,True,True
84119,1.0,0.0001,0.5,none,True,True
84120,1.0,0.0001,0.5,none,True,True
84121,1.0,0.0001,0.5,none,True,True
84122,1.0,0.0001,0.5,none,True,True
84123,1.0,0.0001,0.5,none,True,True
84124,1.0,0.0001,0.5,none,True,True
84125,1.0,0.0001,0.5,none,True,True
84126,1.0,0.0001,0.5,none,True,True
84127,1.0,0.0001,0.5,none,True,True
84128,1.0,0.0001,0.5,none,True,True
84129,1.0,0.0001,0.5,none,True,True
84130,1.0,0.0001,0.5,none,True,True
84131,1.0,0.0001,0.5,none,True,True
84132,1.0,0.0001,0.5,none,True,True
84133,1.0,0.0001,0.5,none,True,True
84134,1.0,0.0001,0.5,none,True,True
84135,1.0,0.0001,0.5,none,True,True
84136,1.0,0.0001,0.5,none,True,True
84137,1.0,0.0,0.5,none,True,True
84138,1.0,0.0,0.5,none,True,True
84139,1.0,0.0,0.5,none,True,True
84140,1.0,0.0,0.5,none,True,True
84141,1.0,0.0,0.5,none,True,True
84142,1.0,0.0,0.5,none,True,True
84143,1.0,0.0,0.5,none,True,True
84144,1.0,0.0,0.5,none,True,True
84145,1.0,0.0,0.5,none,True,True
84146,1.0,0.0,0.5,none,True,True
84147,1.0,0.0,0.5,none,True,True
84148,1.0,0.0,0.5,none,True,True
84149,1.0,0.0,0.5,none,True,True
84150,1.0,0.0,0.5,none,True,True
84151,1.0,0.0,0.5,none,True,True
84152,1.0,0.0,0.5,none,True,True
84153,1.0,0.0,0.5,none,True,True
84154,1.0,0.0,0.5,none,True,True
84155,1.0,0.0,0.5,none,True,True
84156,1.0,0.0,0.5,none,True,True
84157,1.0,0.0,0.5,none,True,True
84158,1.0,0.0,0.5,none,True,True
84159,1.0,0.0,0.5,none,True,True
84160,1.0,0.0,0.5,none,True,True
84161,1.0,0.0,0.5,none,True,True
84162,1.0,0.0,0.5,none,True,True
84163,1.0,0.0,0.5,none,True,True
84164,1.0,0.0,0.5,none,True,True
84165,1.0,0.0,0.5,none,True,True
84166,1.0,0.0,0.5,none,True,True
84167,1.0,0.0,0.5,none,True,True
84168,1.0,0.0,0.5,none,True,True
84169,1.0,0.0,0.5,none,True,True
84170,1.0,0.0,0.5,none,True,True
84171,1.0,0.0,0.5,none,True,True
84172,1.0,0.0,0.5,none,True,True
84173,1.0,0.0,0.5,none,True,True
84174,1.0,0.0,0.5,none,True,True
84175,1.0,0.0,0.5,none,True,True
84176,1.0,0.0,0.5,none,True,True
84177,1.0,0.0,0.5,none,True,True
84178,1.0,0.0,0.5,none,True,True
84179,1.0,0.0,0.5,none,True,True
84180,1.0,0.0,0.5,none,True,True
84181,1.0,0.0,0.5,none,True,True
84182,1.0,0.0,0.5,none,True,True
84183,1.0,0.0,0.5,none,True,True
84184,1.0,0.0,0.5,none,True,True
84185,1.0,0.0,0.5,none,True,True
84186,1.0,0.0,0.5,none,True,True
84187,1.0,0.0,0.5,none,True,True
84188,1.0,0.0,0.5,none,True,True
84189,1.0,0.0,0.5,none,True,True
84190,1.0,0.0,0.5,none,True,True
84191,1.0,0.0,0.5,none,True,True
84192,1.0,0.0,0.5,none,True,True
84193,1.0,0.0,0.5,none,True,True
84194,1.0,0.0,0.5,none,True,True
84195,1.0,0.0,0.5,none,True,True
84196,1.0,0.0,0.5,none,True,True
84197,1.0,0.0,0.5,none,True,True
84198,1.0,0.0,0.5,none,True,True
84199,1.0,0.0,0.5,none,True,True
84200,1.0,0.0,0.5,none,True,True
84201,1.0,0.0,0.5,none,True,True
84202,1.0,0.0,0.5,none,True,True
84203,1.0,0.0,0.5,none,True,True
84204,1.0,0.0,0.5,none,True,True
84205,1.0,0.0,0.5,none,True,True
84206,1.0,0.0,0.5,none,True,True
84207,1.0,0.0,0.5,none,True,True
84208,1.0,0.0,0.5,none,True,True
84209,1.0,0.0,0.5,none,True,True
84210,1.0,0.0,0.5,none,True,True
84211,1.0,0.0,0.5,none,True,True
84212,1.0,0.0,0.5,none,True,True
84213,1.0,0.0,0.5,none,True,True
84214,1.0,0.0,0.5,none,True,True
84215,1.0,0.0,0.5,none,True,True
84216,1.0,0.0,0.5,none,True,True
84217,1.0,0.0,0.5,none,True,True
84218,1.0,0.0,0.5,none,True,True
84219,1.0,0.0,0.5,none,True,True
84220,1.0,0.0,0.5,none,True,True
84221,1.0,0.0,0.5,none,True,True
84222,1.0,0.0,0.5,none,True,True
84223,1.0,0.0,0.5,none,True,True
84224,1.0,0.0,0.5,none,True,True
84225,1.0,0.0,0.5,none,True,True
84226,1.0,0.0,0.5,none,True,True
84227,1.0,0.0,0.5,none,True,True
84228,1.0,0.0,0.5,none,True,True
84229,1.0,0.0,0.5,none,True,True
84230,1.0,0.0,0.5,none,True,True
84231,1.0,0.0,0.5,none,True,True
84232,1.0,0.0,0.5,none,True,True
84233,1.0,0.0,0.5,none,True,True
84234,1.0,0.0,0.5,none,True,True
84235,1.0,0.0,0.5,none,True,True
84236,1.0,0.0,0.5,none,True,True
84237,1.0,0.0,0.5,none,True,True
84238,1.0,0.0,0.5,none,True,True
84239,1.0,0.0,0.5,none,True,True
84240,1.0,0.0,0.5,none,True,True
84241,1.0,0.0,0.5,none,True,True
84242,1.0,0.0,0.5,none,True,True
84243,1.0,0.0,0.5,none,True,True
84244,1.0,0.0,0.5,none,True,True
84245,1.0,0.0,0.5,none,True,True
84246,1.0,0.0,0.5,none,True,True
84247,1.0,0.0,0.5,none,True,True
84248,1.0,0.0,0.5,none,True,True
84249,1.0,0.0,0.5,none,True,True
84250,1.0,0.0,0.5,none,True,True
84251,1.0,0.0,0.5,none,True,True
84252,1.0,0.0,0.5,none,True,True
84253,1.0,0.0,0.5,none,True,True
84254,1.0,0.0,0.5,none,True,True
84255,1.0,0.0,0.5,none,True,True
84256,1.0,0.0,0.5,none,True,True
84257,1.0,0.0,0.5,none,True,True
84258,1.0,0.0,0.5,none,True,True
84259,1.0,0.0,0.5,none,True,True
84260,1.0,0.0,0.5,none,True,True
84261,1.0,0.0,0.5,none,True,True
84262,1.0,0.0,0.5,none,True,True
84263,1.0,0.0,0.5,none,True,True
84264,1.0,0.0,0.5,none,True,True
84265,1.0,0.0,0.5,none,True,True
84266,1.0,0.0,0.5,none,True,True
84267,1.0,0.0,0.5,none,True,True
84268,1.0,0.0,0.5,none,True,True
84269,1.0,0.0,0.5,none,True,True
84270,1.0,0.0,0.5,none,True,True
84271,1.0,0.0,0.5,none,True,True
84272,1.0,0.0,0.5,none,True,True
84273,1.0,0.0,0.5,none,True,True
84274,1.0,0.0,0.5,none,True,True
84275,1.0,0.0,0.5,none,True,True
84276,1.0,0.0,0.5,none,True,True
84277,1.0,0.0,0.5,none,True,True
84278,1.0,0.0,0.5,none,True,True
84279,1.0,0.0,0.5,none,True,True
84280,1.0,0.0,0.5,none,True,True
84281,1.0,0.0,0.5,none,True,True
84282,1.0,0.0,0.5,none,True,True
84283,1.0,0.0,0.5,none,True,True
84284,1.0,0.0,0.5,none,True,True
84285,1.0,0.0,0.5,none,True,True
84286,1.0,0.0,0.5,none,True,True
84287,1.0,0.0,0.5,none,True,True
84288,1.0,0.0,0.5,none,True,True
84289,1.0,0.0,0.5,none,True,True
84290,1.0,0.0,0.5,none,True,True
84291,1.0,0.0,0.5,none,True,True
84292,1.0,0.0,0.5,none,True,True
84293,1.0,0.0,0.5,none,True,True
84294,1.0,0.0,0.5,none,True,True
84295,1.0,0.0,0.5,none,True,True
84296,1.0,0.0,0.5,none,True,True
84297,1.0,0.0,0.5,none,True,True
84298,1.0,0.0,0.5,none,True,True
84299,1.0,0.0,0.5,none,True,True
84300,1.0,0.0,0.5,none,True,True
84301,1.0,0.0,0.5,none,True,True
84302,1.0,0.0,0.5,none,True,True
84303,1.0,0.0,0.5,none,True,True
84304,1.0,0.0,0.5,none,True,True
84305,1.0,0.0,0.5,none,True,True
84306,1.0,0.0,0.5,none,True,True
84307,1.0,0.0,0.5,none,True,True
84308,1.0,0.0,0.5,none,True,True
84309,1.0,0.0,0.5,none,True,True
84310,1.0,0.0,0.5,none,True,True
84311,1.0,0.0,0.5,none,True,True
84312,1.0,0.0,0.5,none,True,True
84313,1.0,0.0,0.5,none,True,True
84314,1.0,0.0,0.5,none,True,True
84315,1.0,0.0,0.5,none,True,True
84316,1.0,0.0,0.5,none,True,True
84317,1.0,0.0,0.5,none,True,True
84318,1.0,0.0,0.5,none,True,True
84319,1.0,0.0,0.5,none,True,True
84320,1.0,0.0,0.5,none,True,True
84321,1.0,0.0,0.5,none,True,True
84322,1.0,0.0,0.5,none,True,True
84323,1.0,0.0,0.5,none,True,True
84324,1.0,0.0,0.5,none,True,True
84325,1.0,0.0,0.5,none,True,True
84326,1.0,0.0,0.5,none,True,True
84327,1.0,0.0,0.5,none,True,True
84328,1.0,0.0,0.5,none,True,True
84329,1.0,0.0,0.5,none,True,True
84330,1.0,0.0,0.5,none,True,True
84331,1.0,0.0,0.5,none,True,True
84332,1.0,0.0,0.5,none,True,True
84333,1.0,0.0,0.5,none,True,True
84334,1.0,0.0,0.5,none,True,True
84335,1.0,0.0,0.5,none,True,True
84336,1.0,0.0,0.5,none,True,True
84337,1.0,0.0,0.5,none,True,True
84338,1.0,0.0,0.5,none,True,True
84339,1.0,0.0,0.5,none,True,True
84340,1.0,0.0,0.5,none,True,True
84341,1.0,0.0,0.5,none,True,True
84342,1.0,0.0,0.5,none,True,True
84343,1.0,0.0,0.5,none,True,True
84344,1.0,0.0,0.5,none,True,True
84345,1.0,0.0,0.5,none,True,True
84346,1.0,0.0,0.5,none,True,True
84347,1.0,0.0,0.5,none,True,True
84348,1.0,0.0,0.5,none,True,True
84349,1.0,0.0,0.5,none,True,True
84350,1.0,0.0,0.5,none,True,True
84351,1.0,0.0,0.5,none,True,True
84352,1.0,0.0,0.5,none,True,True
84353,1.0,0.0,0.5,none,True,True
84354,1.0,0.0,0.5,none,True,True
84355,1.0,0.0,0.5,none,True,True
84356,1.0,0.0,0.5,none,True,True
84357,1.0,0.0,0.5,none,True,True
84358,1.0,0.0,0.5,none,True,True
84359,1.0,0.0,0.5,none,True,True
84360,1.0,0.0,0.5,none,True,True
84361,1.0,0.0,0.5,none,True,True
84362,1.0,0.0,0.5,none,True,True
84363,1.0,0.0,0.5,none,True,True
84364,1.0,0.0,0.5,none,True,True
84365,1.0,0.0,0.5,none,True,True
84366,1.0,0.0,0.5,none,True,True
84367,1.0,0.0,0.5,none,True,True
84368,1.0,0.0,0.5,none,True,True
84369,1.0,0.0,0.5,none,True,True
84370,1.0,0.0,0.5,none,True,True
84371,1.0,0.0,0.5,none,True,True
84372,1.0,0.0,0.5,none,True,True
84373,1.0,0.0,0.5,none,True,True
84374,1.0,0.0,0.5,none,True,True
84375,1.0,0.0,0.5,none,True,True
84376,1.0,0.0,0.5,none,True,True
84377,1.0,0.0,0.5,none,True,True
84378,1.0,0.0,0.5,none,True,True
84379,1.0,0.0,0.5,none,True,True
84380,1.0,0.0,0.5,none,True,True
84381,1.0,0.0,0.5,none,True,True
84382,1.0,0.0,0.5,none,True,True
84383,1.0,0.0,0.5,none,True,True
84384,1.0,0.0,0.5,none,True,True
84385,1.0,0.0,0.5,none,True,True
84386,1.0,0.0,0.5,none,True,True
84387,1.0,0.0,0.5,none,True,True
84388,1.0,0.0,0.5,none,True,True
84389,1.0,0.0,0.5,none,True,True
84390,1.0,0.0,0.5,none,True,True
84391,1.0,0.0,0.5,none,True,True
84392,1.0,0.0,0.5,none,True,True
84393,1.0,0.0,0.5,none,True,True
84394,1.0,0.0,0.5,none,True,True
84395,1.0,0.0,0.5,none,True,True
84396,1.0,0.0,0.5,none,True,True
84397,1.0,0.0,0.5,none,True,True
84398,1.0,0.0,0.5,none,True,True
84399,1.0,0.0,0.5,none,True,True
84400,1.0,0.0,0.5,none,True,True
84401,1.0,0.0,0.5,none,True,True
84402,1.0,0.0,0.5,none,True,True
84403,1.0,0.0,0.5,none,True,True
84404,1.0,0.0,0.5,none,True,True
84405,1.0,0.0,0.5,none,True,True
84406,1.0,0.0,0.5,none,True,True
84407,1.0,0.0,0.5,none,True,True
84408,1.0,0.0,0.5,none,True,True
84409,1.0,0.0,0.5,none,True,True
84410,1.0,0.0,0.5,none,True,True
84411,1.0,0.0,0.5,none,True,True
84412,1.0,0.0,0.5,none,True,True
84413,1.0,0.0,0.5,none,True,True
84414,1.0,0.0,0.5,none,True,True
84415,1.0,0.0,0.5,none,True,True
84416,1.0,0.0,0.5,none,True,True
84417,1.0,0.0,0.5,none,True,True
84418,1.0,0.0,0.5,none,True,True
84419,1.0,0.0,0.5,none,True,True
84420,1.0,0.0,0.5,none,True,True
84421,1.0,0.0,0.5,none,True,True
84422,1.0,0.0,0.5,none,True,True
84423,1.0,0.0,0.5,none,True,True
84424,1.0,0.0,0.5,none,True,True
84425,1.0,0.0,0.5,none,True,True
84426,1.0,0.0,0.5,none,True,True
84427,1.0,0.0,0.5,none,True,True
84428,1.0,0.0,0.5,none,True,True
84429,1.0,0.0,0.5,none,True,True
84430,1.0,0.0,0.5,none,True,True
84431,1.0,0.0,0.5,none,True,True
84432,1.0,0.0,0.5,none,True,True
84433,1.0,0.0,0.5,none,True,True
84434,1.0,0.0,0.5,none,True,True
84435,1.0,0.0,0.5,none,True,True
84436,1.0,0.0,0.5,none,True,True
84437,1.0,0.0,0.5,none,True,True
84438,1.0,0.0,0.5,none,True,True
84439,1.0,0.0,0.5,none,True,True
84440,1.0,0.0,0.5,none,True,True
84441,1.0,0.0,0.5,none,True,True
84442,1.0,0.0,0.5,none,True,True
84443,1.0,0.0,0.5,none,True,True
84444,1.0,0.0,0.5,none,True,True
84445,1.0,0.0,0.5,none,True,True
84446,1.0,0.0,0.5,none,True,True
84447,1.0,0.0,0.5,none,True,True
84448,1.0,0.0,0.5,none,True,True
84449,1.0,0.0,0.5,none,True,True
84450,1.0,0.0,0.5,none,True,True
84451,1.0,0.0,0.5,none,True,True
84452,1.0,0.0,0.5,none,True,True
84453,1.0,0.0,0.5,none,True,True
84454,1.0,0.0,0.5,none,True,True
84455,1.0,0.0,0.5,none,True,True
84456,1.0,0.0,0.5,none,True,True
84457,1.0,0.0,0.5,none,True,True
84458,1.0,0.0,0.5,none,True,True
84459,1.0,0.0,0.5,none,True,True
84460,1.0,0.0,0.5,none,True,True
84461,1.0,0.0,0.5,none,True,True
84462,1.0,0.0,0.5,none,True,True
84463,1.0,0.0,0.5,none,True,True
84464,1.0,0.0,0.5,none,True,True
84465,1.0,0.0,0.5,none,True,True
84466,1.0,0.0,0.5,none,True,True
84467,1.0,0.0,0.5,none,True,True
84468,1.0,0.0,0.5,none,True,True
84469,1.0,0.0,0.5,none,True,True
84470,1.0,0.0,0.5,none,True,True
84471,1.0,0.0,0.5,none,True,True
84472,1.0,0.0,0.5,none,True,True
84473,1.0,0.0,0.5,none,True,True
84474,1.0,0.0,0.5,none,True,True
84475,1.0,0.0,0.5,none,True,True
84476,1.0,0.0,0.5,none,True,True
84477,1.0,0.0,0.5,none,True,True
84478,1.0,0.0,0.5,none,True,True
84479,1.0,0.0,0.5,none,True,True
84480,1.0,0.0,0.5,none,True,True
84481,1.0,0.0,0.5,none,True,True
84482,1.0,0.0,0.5,none,True,True
84483,1.0,0.0,0.5,none,True,True
84484,1.0,0.0,0.5,none,True,True
84485,1.0,0.0,0.5,none,True,True
84486,1.0,0.0,0.5,none,True,True
84487,1.0,0.0,0.5,none,True,True
84488,1.0,0.0,0.5,none,True,True
84489,1.0,0.0,0.5,none,True,True
84490,1.0,0.0,0.5,none,True,True
84491,1.0,0.0,0.5,none,True,True
84492,1.0,0.0,0.5,none,True,True
84493,1.0,0.0,0.5,none,True,True
84494,1.0,0.0,0.5,none,True,True
84495,1.0,0.0,0.5,none,True,True
84496,1.0,0.0,0.5,none,True,True
84497,1.0,0.0,0.5,none,True,True
84498,1.0,0.0,0.5,none,True,True
84499,1.0,0.0,0.5,none,True,True
84500,1.0,0.0,0.5,none,True,True
84501,1.0,0.0,0.5,none,True,True
84502,1.0,0.0,0.5,none,True,True
84503,1.0,0.0,0.5,none,True,True
84504,1.0,0.0,0.5,none,True,True
84505,1.0,0.0,0.5,none,True,True
84506,1.0,0.0,0.5,none,True,True
84507,1.0,0.0,0.5,none,True,True
84508,1.0,0.0,0.5,none,True,True
84509,1.0,0.0,0.5,none,True,True
84510,1.0,0.0,0.5,none,True,True
84511,1.0,0.0,0.5,none,True,True
84512,1.0,0.0,0.5,none,True,True
84513,1.0,0.0,0.5,none,True,True
84514,1.0,0.0,0.5,none,True,True
84515,1.0,0.0,0.5,none,True,True
84516,1.0,0.0,0.5,none,True,True
84517,1.0,0.0,0.5,none,True,True
84518,1.0,0.0,0.5,none,True,True
84519,1.0,0.0,0.5,none,True,True
84520,1.0,0.0,0.5,none,True,True
84521,1.0,0.0,0.5,none,True,True
84522,1.0,0.0,0.5,none,True,True
84523,1.0,0.0,0.5,none,True,True
84524,1.0,0.0,0.5,none,True,True
84525,1.0,0.0,0.5,none,True,True
84526,1.0,0.0,0.5,none,True,True
84527,1.0,0.0,0.5,none,True,True
84528,1.0,0.0,0.5,none,True,True
84529,1.0,0.0,0.5,none,True,True
84530,1.0,0.0,0.5,none,True,True
84531,1.0,0.0,0.5,none,True,True
84532,1.0,0.0,0.5,none,True,True
84533,1.0,0.0,0.5,none,True,True
84534,1.0,0.0,0.5,none,True,True
84535,1.0,0.0,0.5,none,True,True
84536,1.0,0.0,0.5,none,True,True
84537,1.0,0.0,0.5,none,True,True
84538,1.0,0.0,0.5,none,True,True
84539,1.0,0.0,0.5,none,True,True
84540,1.0,0.0,0.5,none,True,True
84541,1.0,0.0,0.5,none,True,True
84542,1.0,0.0,0.5,none,True,True
84543,1.0,0.0,0.5,none,True,True
84544,1.0,0.0,0.5,none,True,True
84545,1.0,0.0,0.5,none,True,True
84546,1.0,0.0,0.5,none,True,True
84547,1.0,0.0,0.5,none,True,True
84548,1.0,0.0,0.5,none,True,True
84549,1.0,0.0,0.5,none,True,True
84550,1.0,0.0,0.5,none,True,True
84551,1.0,0.0,0.5,none,True,True
84552,1.0,0.0,0.5,none,True,True
84553,1.0,0.0,0.5,none,True,True
84554,1.0,0.0,0.5,none,True,True
84555,1.0,0.0,0.5,none,True,True
84556,1.0,0.0,0.5,none,True,True
84557,1.0,0.0,0.5,none,True,True
84558,1.0,0.0,0.5,none,True,True
84559,1.0,0.0,0.5,none,True,True
84560,1.0,0.0,0.5,none,True,True
84561,1.0,0.0,0.5,none,True,True
84562,1.0,0.0,0.5,none,True,True
84563,1.0,0.0,0.5,none,True,True
84564,1.0,0.0,0.5,none,True,True
84565,1.0,0.0,0.5,none,True,True
84566,1.0,0.0,0.5,none,True,True
84567,1.0,0.0,0.5,none,True,True
84568,1.0,0.0,0.5,none,True,True
84569,1.0,0.0,0.5,none,True,True
84570,1.0,0.0,0.5,none,True,True
84571,1.0,0.0,0.5,none,True,True
84572,1.0,0.0,0.5,none,True,True
84573,1.0,0.0,0.5,none,True,True
84574,1.0,0.0,0.5,none,True,True
84575,1.0,0.0,0.5,none,True,True
84576,1.0,0.0,0.5,none,True,True
84577,1.0,0.0,0.5,none,True,True
84578,1.0,0.0,0.5,none,True,True
84579,1.0,0.0,0.5,none,True,True
84580,1.0,0.0,0.5,none,True,True
84581,1.0,0.0,0.5,none,True,True
84582,1.0,0.0,0.5,none,True,True
84583,1.0,0.0,0.5,none,True,True
84584,1.0,0.0,0.5,none,True,True
84585,1.0,0.0,0.5,none,True,True
84586,1.0,0.0,0.5,none,True,True
84587,1.0,0.0,0.5,none,True,True
84588,1.0,0.0,0.5,none,True,True
84589,1.0,0.0,0.5,none,True,True
84590,1.0,0.0,0.5,none,True,True
84591,1.0,0.0,0.5,none,True,True
84592,1.0,0.0,0.5,none,True,True
84593,1.0,0.0,0.5,none,True,True
84594,1.0,0.0,0.5,none,True,True
84595,1.0,0.0,0.5,none,True,True
84596,1.0,0.0,0.5,none,True,True
84597,1.0,0.0,0.5,none,True,True
84598,1.0,0.0,0.5,none,True,True
84599,1.0,0.0,0.5,none,True,True
84600,1.0,0.0,0.5,none,True,True
84601,1.0,0.0,0.5,none,True,True
84602,1.0,0.0,0.5,none,True,True
84603,1.0,0.0,0.5,none,True,True
84604,1.0,0.0,0.5,none,True,True
84605,1.0,0.0,0.5,none,True,True
84606,1.0,0.0,0.5,none,True,True
84607,1.0,0.0,0.5,none,True,True
84608,1.0,0.0,0.5,none,True,True
84609,1.0,0.0,0.5,none,True,True
84610,1.0,0.0,0.5,none,True,True
84611,1.0,0.0,0.5,none,True,True
84612,1.0,0.0,0.5,none,True,True
84613,1.0,0.0,0.5,none,True,True
84614,1.0,0.0,0.5,none,True,True
84615,1.0,0.0,0.5,none,True,True
84616,1.0,0.0,0.5,none,True,True
84617,1.0,0.0,0.5,none,True,True
84618,1.0,0.0,0.5,none,True,True
84619,1.0,0.0,0.5,none,True,True
84620,1.0,0.0,0.5,none,True,True
84621,1.0,0.0,0.5,none,True,True
84622,1.0,0.0,0.5,none,True,True
84623,1.0,0.0,0.5,none,True,True
84624,1.0,0.0,0.5,none,True,True
84625,1.0,0.0,0.5,none,True,True
84626,1.0,0.0,0.5,none,True,True
84627,1.0,0.0,0.5,none,True,True
84628,1.0,0.0,0.5,none,True,True
84629,1.0,0.0,0.5,none,True,True
84630,1.0,0.0,0.5,none,True,True
84631,1.0,0.0,0.5,none,True,True
84632,1.0,0.0,0.5,none,True,True
84633,1.0,0.0,0.5,none,True,True
84634,1.0,0.0,0.5,none,True,True
84635,1.0,0.0,0.5,none,True,True
84636,1.0,0.0,0.5,none,True,True
84637,1.0,0.0,0.5,none,True,True
84638,1.0,0.0,0.5,none,True,True
84639,1.0,0.0,0.5,none,True,True
84640,1.0,0.0,0.5,none,True,True
84641,1.0,0.0,0.5,none,True,True
84642,1.0,0.0,0.5,none,True,True
84643,1.0,0.0,0.5,none,True,True
84644,1.0,0.0,0.5,none,True,True
84645,1.0,0.0,0.5,none,True,True
84646,1.0,0.0,0.5,none,True,True
84647,1.0,0.0,0.5,none,True,True
84648,1.0,0.0,0.5,none,True,True
84649,1.0,0.0,0.5,none,True,True
84650,1.0,0.0,0.5,none,True,True
84651,1.0,0.0,0.5,none,True,True
84652,1.0,0.0,0.5,none,True,True
84653,1.0,0.0,0.5,none,True,True
84654,1.0,0.0,0.5,none,True,True
84655,1.0,0.0,0.5,none,True,True
84656,1.0,0.0,0.5,none,True,True
84657,1.0,0.0,0.5,none,True,True
84658,1.0,0.0,0.5,none,True,True
84659,1.0,0.0,0.5,none,True,True
84660,1.0,0.0,0.5,none,True,True
84661,1.0,0.0,0.5,none,True,True
84662,1.0,0.0,0.5,none,True,True
84663,1.0,0.0,0.5,none,True,True
84664,1.0,0.0,0.5,none,True,True
84665,1.0,0.0,0.5,none,True,True
84666,1.0,0.0,0.5,none,True,True
84667,1.0,0.0,0.5,none,True,True
84668,1.0,0.0,0.5,none,True,True
84669,1.0,0.0,0.5,none,True,True
84670,1.0,0.0,0.5,none,True,True
84671,1.0,0.0,0.5,none,True,True
84672,1.0,0.0,0.5,none,True,True
84673,1.0,0.0,0.5,none,True,True
84674,1.0,0.0,0.5,none,True,True
84675,1.0,0.0,0.5,none,True,True
84676,1.0,0.0,0.5,none,True,True
84677,1.0,0.0,0.5,none,True,True
84678,1.0,0.0,0.5,none,True,True
84679,1.0,0.0,0.5,none,True,True
84680,1.0,0.0,0.5,none,True,True
84681,1.0,0.0,0.5,none,True,True
84682,1.0,0.0,0.5,none,True,True
84683,1.0,0.0,0.5,none,True,True
84684,1.0,0.0,0.5,none,True,True
84685,1.0,0.0,0.5,none,True,True
84686,1.0,0.0,0.5,none,True,True
84687,1.0,0.0,0.5,none,True,True
84688,1.0,0.0,0.5,none,True,True
84689,1.0,0.0,0.5,none,True,True
84690,1.0,0.0,0.5,none,True,True
84691,1.0,0.0,0.5,none,True,True
84692,1.0,0.0,0.5,none,True,True
84693,1.0,0.0,0.5,none,True,True
84694,1.0,0.0,0.5,none,True,True
84695,1.0,0.0,0.5,none,True,True
84696,1.0,0.0,0.5,none,True,True
84697,1.0,0.0,0.5,none,True,True
84698,1.0,0.0,0.5,none,True,True
84699,1.0,0.0,0.5,none,True,True
84700,1.0,0.0061,0.5,none,True,True
84701,1.0,0.0357,0.5,none,True,True
84702,1.0,0.0812,0.5,none,True,True
84703,1.0,0.1113,0.5,none,True,True
84704,1.0,0.1253,0.5,none,True,True
84705,1.0,0.1408,0.5,none,True,True
84706,1.0,0.0907,0.5,none,True,True
84707,1.0,0.1198,0.5,none,True,True
84708,1.0,0.0467,0.5,none,True,True
84709,1.0,0.0522,0.5,none,True,True
84710,1.0,0.0405,0.5,none,True,True
84711,1.0,0.0313,0.5,none,True,True
84712,1.0,0.0083,0.5,none,True,True
84713,1.0,0.0726,0.5,none,True,True
84714,1.0,0.0793,0.5,none,True,True
84715,1.0,0.0581,0.5,none,True,True
84716,1.0,0.0955,0.5,none,True,True
84717,1.0,0.0839,0.5,none,True,True
84718,1.0,0.0648,0.5,none,True,True
84719,1.0,0.0718,0.5,none,True,True
84720,1.0,0.0589,0.5,none,True,True
84721,1.0,0.0403,0.5,none,True,True
84722,1.0,0.0327,0.5,none,True,True
84723,1.0,0.0277,0.5,none,True,True
84724,1.0,0.017,0.5,none,True,True
84725,1.0,0.0102,0.5,none,True,True
84726,1.0,0.0099,0.5,none,True,True
84727,1.0,0.008,0.5,none,True,True
84728,1.0,0.005,0.5,none,True,True
84729,1.0,0.0063,0.5,none,True,True
84730,1.0,0.009,0.5,none,True,True
84731,1.0,0.0096,0.5,none,True,True
84732,1.0,0.0108,0.5,none,True,True
84733,1.0,0.014,0.5,none,True,True
84734,1.0,0.0161,0.5,none,True,True
84735,1.0,0.0167,0.5,none,True,True
84736,1.0,0.0182,0.5,none,True,True
84737,1.0,0.0196,0.5,none,True,True
84738,1.0,0.0197,0.5,none,True,True
84739,1.0,0.0193,0.5,none,True,True
84740,1.0,0.0193,0.5,none,True,True
84741,1.0,0.0187,0.5,none,True,True
84742,1.0,0.0174,0.5,none,True,True
84743,1.0,0.0163,0.5,none,True,True
84744,1.0,0.0152,0.5,none,True,True
84745,1.0,0.0138,0.5,none,True,True
84746,1.0,0.0123,0.5,none,True,True
84747,1.0,0.0111,0.5,none,True,True
84748,1.0,0.01,0.5,none,True,True
84749,1.0,0.0088,0.5,none,True,True
84750,1.0,0.0078,0.5,none,True,True
84751,1.0,0.0071,0.5,none,True,True
84752,1.0,0.0064,0.5,none,True,True
84753,1.0,0.0057,0.5,none,True,True
84754,1.0,0.0053,0.5,none,True,True
84755,1.0,0.005,0.5,none,True,True
84756,1.0,0.0047,0.5,none,True,True
84757,1.0,0.0045,0.5,none,True,True
84758,1.0,0.0044,0.5,none,True,True
84759,1.0,0.0043,0.5,none,True,True
84760,1.0,0.0042,0.5,none,True,True
84761,1.0,0.0041,0.5,none,True,True
84762,1.0,0.004,0.5,none,True,True
84763,1.0,0.0039,0.5,none,True,True
84764,1.0,0.0038,0.5,none,True,True
84765,1.0,0.0037,0.5,none,True,True
84766,1.0,0.0035,0.5,none,True,True
84767,1.0,0.0033,0.5,none,True,True
84768,1.0,0.0032,0.5,none,True,True
84769,1.0,0.003,0.5,none,True,True
84770,1.0,0.0028,0.5,none,True,True
84771,1.0,0.0026,0.5,none,True,True
84772,1.0,0.0024,0.5,none,True,True
84773,1.0,0.0023,0.5,none,True,True
84774,1.0,0.0021,0.5,none,True,True
84775,1.0,0.0019,0.5,none,True,True
84776,1.0,0.0018,0.5,none,True,True
84777,1.0,0.0017,0.5,none,True,True
84778,1.0,0.0015,0.5,none,True,True
84779,1.0,0.0014,0.5,none,True,True
84780,1.0,0.0013,0.5,none,True,True
84781,1.0,0.0013,0.5,none,True,True
84782,1.0,0.0012,0.5,none,True,True
84783,1.0,0.0011,0.5,none,True,True
84784,1.0,0.0011,0.5,none,True,True
84785,1.0,0.001,0.5,none,True,True
84786,1.0,0.001,0.5,none,True,True
84787,1.0,0.0009,0.5,none,True,True
84788,1.0,0.0009,0.5,none,True,True
84789,1.0,0.0008,0.5,none,True,True
84790,1.0,0.0008,0.5,none,True,True
84791,1.0,0.0008,0.5,none,True,True
84792,1.0,0.0007,0.5,none,True,True
84793,1.0,0.0007,0.5,none,True,True
84794,1.0,0.0006,0.5,none,True,True
84795,1.0,0.0006,0.5,none,True,True
84796,1.0,0.0006,0.5,none,True,True
84797,1.0,0.0005,0.5,none,True,True
84798,1.0,0.0005,0.5,none,True,True
84799,1.0,0.0005,0.5,none,True,True
84800,1.0,0.0004,0.5,none,True,True
84801,1.0,0.0004,0.5,none,True,True
84802,1.0,0.0004,0.5,none,True,True
84803,1.0,0.0004,0.5,none,True,True
84804,1.0,0.0003,0.5,none,True,True
84805,1.0,0.0003,0.5,none,True,True
84806,1.0,0.0003,0.5,none,True,True
84807,1.0,0.0003,0.5,none,True,True
84808,1.0,0.0003,0.5,none,True,True
84809,1.0,0.0003,0.5,none,True,True
84810,1.0,0.0002,0.5,none,True,True
84811,1.0,0.0002,0.5,none,True,True
84812,1.0,0.0002,0.5,none,True,True
84813,1.0,0.0002,0.5,none,True,True
84814,1.0,0.0002,0.5,none,True,True
84815,1.0,0.0002,0.5,none,True,True
84816,1.0,0.0002,0.5,none,True,True
84817,1.0,0.0002,0.5,none,True,True
84818,1.0,0.0002,0.5,none,True,True
84819,1.0,0.0001,0.5,none,True,True
84820,1.0,0.0001,0.5,none,True,True
84821,1.0,0.0001,0.5,none,True,True
84822,1.0,0.0001,0.5,none,True,True
84823,1.0,0.0001,0.5,none,True,True
84824,1.0,0.0001,0.5,none,True,True
84825,1.0,0.0001,0.5,none,True,True
84826,1.0,0.0001,0.5,none,True,True
84827,1.0,0.0001,0.5,none,True,True
84828,1.0,0.0001,0.5,none,True,True
84829,1.0,0.0001,0.5,none,True,True
84830,1.0,0.0001,0.5,none,True,True
84831,1.0,0.0001,0.5,none,True,True
84832,1.0,0.0001,0.5,none,True,True
84833,1.0,0.0001,0.5,none,True,True
84834,1.0,0.0001,0.5,none,True,True
84835,1.0,0.0001,0.5,none,True,True
84836,1.0,0.0001,0.5,none,True,True
84837,1.0,0.0,0.5,none,True,True
84838,1.0,0.0,0.5,none,True,True
84839,1.0,0.0,0.5,none,True,True
84840,1.0,0.0,0.5,none,True,True
84841,1.0,0.0,0.5,none,True,True
84842,1.0,0.0,0.5,none,True,True
84843,1.0,0.0,0.5,none,True,True
84844,1.0,0.0,0.5,none,True,True
84845,1.0,0.0,0.5,none,True,True
84846,1.0,0.0,0.5,none,True,True
84847,1.0,0.0,0.5,none,True,True
84848,1.0,0.0,0.5,none,True,True
84849,1.0,0.0,0.5,none,True,True
84850,1.0,0.0,0.5,none,True,True
84851,1.0,0.0,0.5,none,True,True
84852,1.0,0.0,0.5,none,True,True
84853,1.0,0.0,0.5,none,True,True
84854,1.0,0.0,0.5,none,True,True
84855,1.0,0.0,0.5,none,True,True
84856,1.0,0.0,0.5,none,True,True
84857,1.0,0.0,0.5,none,True,True
84858,1.0,0.0,0.5,none,True,True
84859,1.0,0.0,0.5,none,True,True
84860,1.0,0.0,0.5,none,True,True
84861,1.0,0.0,0.5,none,True,True
84862,1.0,0.0,0.5,none,True,True
84863,1.0,0.0,0.5,none,True,True
84864,1.0,0.0,0.5,none,True,True
84865,1.0,0.0,0.5,none,True,True
84866,1.0,0.0,0.5,none,True,True
84867,1.0,0.0,0.5,none,True,True
84868,1.0,0.0,0.5,none,True,True
84869,1.0,0.0,0.5,none,True,True
84870,1.0,0.0,0.5,none,True,True
84871,1.0,0.0,0.5,none,True,True
84872,1.0,0.0,0.5,none,True,True
84873,1.0,0.0,0.5,none,True,True
84874,1.0,0.0,0.5,none,True,True
84875,1.0,0.0,0.5,none,True,True
84876,1.0,0.0,0.5,none,True,True
84877,1.0,0.0,0.5,none,True,True
84878,1.0,0.0,0.5,none,True,True
84879,1.0,0.0,0.5,none,True,True
84880,1.0,0.0,0.5,none,True,True
84881,1.0,0.0,0.5,none,True,True
84882,1.0,0.0,0.5,none,True,True
84883,1.0,0.0,0.5,none,True,True
84884,1.0,0.0,0.5,none,True,True
84885,1.0,0.0,0.5,none,True,True
84886,1.0,0.0,0.5,none,True,True
84887,1.0,0.0,0.5,none,True,True
84888,1.0,0.0,0.5,none,True,True
84889,1.0,0.0,0.5,none,True,True
84890,1.0,0.0,0.5,none,True,True
84891,1.0,0.0,0.5,none,True,True
84892,1.0,0.0,0.5,none,True,True
84893,1.0,0.0,0.5,none,True,True
84894,1.0,0.0,0.5,none,True,True
84895,1.0,0.0,0.5,none,True,True
84896,1.0,0.0,0.5,none,True,True
84897,1.0,0.0,0.5,none,True,True
84898,1.0,0.0,0.5,none,True,True
84899,1.0,0.0,0.5,none,True,True
84900,1.0,0.0,0.5,none,True,True
84901,1.0,0.0,0.5,none,True,True
84902,1.0,0.0,0.5,none,True,True
84903,1.0,0.0,0.5,none,True,True
84904,1.0,0.0,0.5,none,True,True
84905,1.0,0.0,0.5,none,True,True
84906,1.0,0.0,0.5,none,True,True
84907,1.0,0.0,0.5,none,True,True
84908,1.0,0.0,0.5,none,True,True
84909,1.0,0.0,0.5,none,True,True
84910,1.0,0.0,0.5,none,True,True
84911,1.0,0.0,0.5,none,True,True
84912,1.0,0.0,0.5,none,True,True
84913,1.0,0.0,0.5,none,True,True
84914,1.0,0.0,0.5,none,True,True
84915,1.0,0.0,0.5,none,True,True
84916,1.0,0.0,0.5,none,True,True
84917,1.0,0.0,0.5,none,True,True
84918,1.0,0.0,0.5,none,True,True
84919,1.0,0.0,0.5,none,True,True
84920,1.0,0.0,0.5,none,True,True
84921,1.0,0.0,0.5,none,True,True
84922,1.0,0.0,0.5,none,True,True
84923,1.0,0.0,0.5,none,True,True
84924,1.0,0.0,0.5,none,True,True
84925,1.0,0.0,0.5,none,True,True
84926,1.0,0.0,0.5,none,True,True
84927,1.0,0.0,0.5,none,True,True
84928,1.0,0.0,0.5,none,True,True
84929,1.0,0.0,0.5,none,True,True
84930,1.0,0.0,0.5,none,True,True
84931,1.0,0.0,0.5,none,True,True
84932,1.0,0.0,0.5,none,True,True
84933,1.0,0.0,0.5,none,True,True
84934,1.0,0.0,0.5,none,True,True
84935,1.0,0.0,0.5,none,True,True
84936,1.0,0.0,0.5,none,True,True
84937,1.0,0.0,0.5,none,True,True
84938,1.0,0.0,0.5,none,True,True
84939,1.0,0.0,0.5,none,True,True
84940,1.0,0.0,0.5,none,True,True
84941,1.0,0.0,0.5,none,True,True
84942,1.0,0.0,0.5,none,True,True
84943,1.0,0.0,0.5,none,True,True
84944,1.0,0.0,0.5,none,True,True
84945,1.0,0.0,0.5,none,True,True
84946,1.0,0.0,0.5,none,True,True
84947,1.0,0.0,0.5,none,True,True
84948,1.0,0.0,0.5,none,True,True
84949,1.0,0.0,0.5,none,True,True
84950,1.0,0.0,0.5,none,True,True
84951,1.0,0.0,0.5,none,True,True
84952,1.0,0.0,0.5,none,True,True
84953,1.0,0.0,0.5,none,True,True
84954,1.0,0.0,0.5,none,True,True
84955,1.0,0.0,0.5,none,True,True
84956,1.0,0.0,0.5,none,True,True
84957,1.0,0.0,0.5,none,True,True
84958,1.0,0.0,0.5,none,True,True
84959,1.0,0.0,0.5,none,True,True
84960,1.0,0.0,0.5,none,True,True
84961,1.0,0.0,0.5,none,True,True
84962,1.0,0.0,0.5,none,True,True
84963,1.0,0.0,0.5,none,True,True
84964,1.0,0.0,0.5,none,True,True
84965,1.0,0.0,0.5,none,True,True
84966,1.0,0.0,0.5,none,True,True
84967,1.0,0.0,0.5,none,True,True
84968,1.0,0.0,0.5,none,True,True
84969,1.0,0.0,0.5,none,True,True
84970,1.0,0.0,0.5,none,True,True
84971,1.0,0.0,0.5,none,True,True
84972,1.0,0.0,0.5,none,True,True
84973,1.0,0.0,0.5,none,True,True
84974,1.0,0.0,0.5,none,True,True
84975,1.0,0.0,0.5,none,True,True
84976,1.0,0.0,0.5,none,True,True
84977,1.0,0.0,0.5,none,True,True
84978,1.0,0.0,0.5,none,True,True
84979,1.0,0.0,0.5,none,True,True
84980,1.0,0.0,0.5,none,True,True
84981,1.0,0.0,0.5,none,True,True
84982,1.0,0.0,0.5,none,True,True
84983,1.0,0.0,0.5,none,True,True
84984,1.0,0.0,0.5,none,True,True
84985,1.0,0.0,0.5,none,True,True
84986,1.0,0.0,0.5,none,True,True
84987,1.0,0.0,0.5,none,True,True
84988,1.0,0.0,0.5,none,True,True
84989,1.0,0.0,0.5,none,True,True
84990,1.0,0.0,0.5,none,True,True
84991,1.0,0.0,0.5,none,True,True
84992,1.0,0.0,0.5,none,True,True
84993,1.0,0.0,0.5,none,True,True
84994,1.0,0.0,0.5,none,True,True
84995,1.0,0.0,0.5,none,True,True
84996,1.0,0.0,0.5,none,True,True
84997,1.0,0.0,0.5,none,True,True
84998,1.0,0.0,0.5,none,True,True
84999,1.0,0.0,0.5,none,True,True
85000,1.0,0.0,0.5,none,True,True
85001,1.0,0.0,0.5,none,True,True
85002,1.0,0.0,0.5,none,True,True
85003,1.0,0.0,0.5,none,True,True
85004,1.0,0.0,0.5,none,True,True
85005,1.0,0.0,0.5,none,True,True
85006,1.0,0.0,0.5,none,True,True
85007,1.0,0.0,0.5,none,True,True
85008,1.0,0.0,0.5,none,True,True
85009,1.0,0.0,0.5,none,True,True
85010,1.0,0.0,0.5,none,True,True
85011,1.0,0.0,0.5,none,True,True
85012,1.0,0.0,0.5,none,True,True
85013,1.0,0.0,0.5,none,True,True
85014,1.0,0.0,0.5,none,True,True
85015,1.0,0.0,0.5,none,True,True
85016,1.0,0.0,0.5,none,True,True
85017,1.0,0.0,0.5,none,True,True
85018,1.0,0.0,0.5,none,True,True
85019,1.0,0.0,0.5,none,True,True
85020,1.0,0.0,0.5,none,True,True
85021,1.0,0.0,0.5,none,True,True
85022,1.0,0.0,0.5,none,True,True
85023,1.0,0.0,0.5,none,True,True
85024,1.0,0.0,0.5,none,True,True
85025,1.0,0.0,0.5,none,True,True
85026,1.0,0.0,0.5,none,True,True
85027,1.0,0.0,0.5,none,True,True
85028,1.0,0.0,0.5,none,True,True
85029,1.0,0.0,0.5,none,True,True
85030,1.0,0.0,0.5,none,True,True
85031,1.0,0.0,0.5,none,True,True
85032,1.0,0.0,0.5,none,True,True
85033,1.0,0.0,0.5,none,True,True
85034,1.0,0.0,0.5,none,True,True
85035,1.0,0.0,0.5,none,True,True
85036,1.0,0.0,0.5,none,True,True
85037,1.0,0.0,0.5,none,True,True
85038,1.0,0.0,0.5,none,True,True
85039,1.0,0.0,0.5,none,True,True
85040,1.0,0.0,0.5,none,True,True
85041,1.0,0.0,0.5,none,True,True
85042,1.0,0.0,0.5,none,True,True
85043,1.0,0.0,0.5,none,True,True
85044,1.0,0.0,0.5,none,True,True
85045,1.0,0.0,0.5,none,True,True
85046,1.0,0.0,0.5,none,True,True
85047,1.0,0.0,0.5,none,True,True
85048,1.0,0.0,0.5,none,True,True
85049,1.0,0.0,0.5,none,True,True
85050,1.0,0.0,0.5,none,True,True
85051,1.0,0.0,0.5,none,True,True
85052,1.0,0.0,0.5,none,True,True
85053,1.0,0.0,0.5,none,True,True
85054,1.0,0.0,0.5,none,True,True
85055,1.0,0.0,0.5,none,True,True
85056,1.0,0.0,0.5,none,True,True
85057,1.0,0.0,0.5,none,True,True
85058,1.0,0.0,0.5,none,True,True
85059,1.0,0.0,0.5,none,True,True
85060,1.0,0.0,0.5,none,True,True
85061,1.0,0.0,0.5,none,True,True
85062,1.0,0.0,0.5,none,True,True
85063,1.0,0.0,0.5,none,True,True
85064,1.0,0.0,0.5,none,True,True
85065,1.0,0.0,0.5,none,True,True
85066,1.0,0.0,0.5,none,True,True
85067,1.0,0.0,0.5,none,True,True
85068,1.0,0.0,0.5,none,True,True
85069,1.0,0.0,0.5,none,True,True
85070,1.0,0.0,0.5,none,True,True
85071,1.0,0.0,0.5,none,True,True
85072,1.0,0.0,0.5,none,True,True
85073,1.0,0.0,0.5,none,True,True
85074,1.0,0.0,0.5,none,True,True
85075,1.0,0.0,0.5,none,True,True
85076,1.0,0.0,0.5,none,True,True
85077,1.0,0.0,0.5,none,True,True
85078,1.0,0.0,0.5,none,True,True
85079,1.0,0.0,0.5,none,True,True
85080,1.0,0.0,0.5,none,True,True
85081,1.0,0.0,0.5,none,True,True
85082,1.0,0.0,0.5,none,True,True
85083,1.0,0.0,0.5,none,True,True
85084,1.0,0.0,0.5,none,True,True
85085,1.0,0.0,0.5,none,True,True
85086,1.0,0.0,0.5,none,True,True
85087,1.0,0.0,0.5,none,True,True
85088,1.0,0.0,0.5,none,True,True
85089,1.0,0.0,0.5,none,True,True
85090,1.0,0.0,0.5,none,True,True
85091,1.0,0.0,0.5,none,True,True
85092,1.0,0.0,0.5,none,True,True
85093,1.0,0.0,0.5,none,True,True
85094,1.0,0.0,0.5,none,True,True
85095,1.0,0.0,0.5,none,True,True
85096,1.0,0.0,0.5,none,True,True
85097,1.0,0.0,0.5,none,True,True
85098,1.0,0.0,0.5,none,True,True
85099,1.0,0.0,0.5,none,True,True
85100,1.0,0.0,0.5,none,True,True
85101,1.0,0.0,0.5,none,True,True
85102,1.0,0.0,0.5,none,True,True
85103,1.0,0.0,0.5,none,True,True
85104,1.0,0.0,0.5,none,True,True
85105,1.0,0.0,0.5,none,True,True
85106,1.0,0.0,0.5,none,True,True
85107,1.0,0.0,0.5,none,True,True
85108,1.0,0.0,0.5,none,True,True
85109,1.0,0.0,0.5,none,True,True
85110,1.0,0.0,0.5,none,True,True
85111,1.0,0.0,0.5,none,True,True
85112,1.0,0.0,0.5,none,True,True
85113,1.0,0.0,0.5,none,True,True
85114,1.0,0.0,0.5,none,True,True
85115,1.0,0.0,0.5,none,True,True
85116,1.0,0.0,0.5,none,True,True
85117,1.0,0.0,0.5,none,True,True
85118,1.0,0.0,0.5,none,True,True
85119,1.0,0.0,0.5,none,True,True
85120,1.0,0.0,0.5,none,True,True
85121,1.0,0.0,0.5,none,True,True
85122,1.0,0.0,0.5,none,True,True
85123,1.0,0.0,0.5,none,True,True
85124,1.0,0.0,0.5,none,True,True
85125,1.0,0.0,0.5,none,True,True
85126,1.0,0.0,0.5,none,True,True
85127,1.0,0.0,0.5,none,True,True
85128,1.0,0.0,0.5,none,True,True
85129,1.0,0.0,0.5,none,True,True
85130,1.0,0.0,0.5,none,True,True
85131,1.0,0.0,0.5,none,True,True
85132,1.0,0.0,0.5,none,True,True
85133,1.0,0.0,0.5,none,True,True
85134,1.0,0.0,0.5,none,True,True
85135,1.0,0.0,0.5,none,True,True
85136,1.0,0.0,0.5,none,True,True
85137,1.0,0.0,0.5,none,True,True
85138,1.0,0.0,0.5,none,True,True
85139,1.0,0.0,0.5,none,True,True
85140,1.0,0.0,0.5,none,True,True
85141,1.0,0.0,0.5,none,True,True
85142,1.0,0.0,0.5,none,True,True
85143,1.0,0.0,0.5,none,True,True
85144,1.0,0.0,0.5,none,True,True
85145,1.0,0.0,0.5,none,True,True
85146,1.0,0.0,0.5,none,True,True
85147,1.0,0.0,0.5,none,True,True
85148,1.0,0.0,0.5,none,True,True
85149,1.0,0.0,0.5,none,True,True
85150,1.0,0.0,0.5,none,True,True
85151,1.0,0.0,0.5,none,True,True
85152,1.0,0.0,0.5,none,True,True
85153,1.0,0.0,0.5,none,True,True
85154,1.0,0.0,0.5,none,True,True
85155,1.0,0.0,0.5,none,True,True
85156,1.0,0.0,0.5,none,True,True
85157,1.0,0.0,0.5,none,True,True
85158,1.0,0.0,0.5,none,True,True
85159,1.0,0.0,0.5,none,True,True
85160,1.0,0.0,0.5,none,True,True
85161,1.0,0.0,0.5,none,True,True
85162,1.0,0.0,0.5,none,True,True
85163,1.0,0.0,0.5,none,True,True
85164,1.0,0.0,0.5,none,True,True
85165,1.0,0.0,0.5,none,True,True
85166,1.0,0.0,0.5,none,True,True
85167,1.0,0.0,0.5,none,True,True
85168,1.0,0.0,0.5,none,True,True
85169,1.0,0.0,0.5,none,True,True
85170,1.0,0.0,0.5,none,True,True
85171,1.0,0.0,0.5,none,True,True
85172,1.0,0.0,0.5,none,True,True
85173,1.0,0.0,0.5,none,True,True
85174,1.0,0.0,0.5,none,True,True
85175,1.0,0.0,0.5,none,True,True
85176,1.0,0.0,0.5,none,True,True
85177,1.0,0.0,0.5,none,True,True
85178,1.0,0.0,0.5,none,True,True
85179,1.0,0.0,0.5,none,True,True
85180,1.0,0.0,0.5,none,True,True
85181,1.0,0.0,0.5,none,True,True
85182,1.0,0.0,0.5,none,True,True
85183,1.0,0.0,0.5,none,True,True
85184,1.0,0.0,0.5,none,True,True
85185,1.0,0.0,0.5,none,True,True
85186,1.0,0.0,0.5,none,True,True
85187,1.0,0.0,0.5,none,True,True
85188,1.0,0.0,0.5,none,True,True
85189,1.0,0.0,0.5,none,True,True
85190,1.0,0.0,0.5,none,True,True
85191,1.0,0.0,0.5,none,True,True
85192,1.0,0.0,0.5,none,True,True
85193,1.0,0.0,0.5,none,True,True
85194,1.0,0.0,0.5,none,True,True
85195,1.0,0.0,0.5,none,True,True
85196,1.0,0.0,0.5,none,True,True
85197,1.0,0.0,0.5,none,True,True
85198,1.0,0.0,0.5,none,True,True
85199,1.0,0.0,0.5,none,True,True
85200,1.0,0.0,0.5,none,True,True
85201,1.0,0.0,0.5,none,True,True
85202,1.0,0.0,0.5,none,True,True
85203,1.0,0.0,0.5,none,True,True
85204,1.0,0.0,0.5,none,True,True
85205,1.0,0.0,0.5,none,True,True
85206,1.0,0.0,0.5,none,True,True
85207,1.0,0.0,0.5,none,True,True
85208,1.0,0.0,0.5,none,True,True
85209,1.0,0.0,0.5,none,True,True
85210,1.0,0.0,0.5,none,True,True
85211,1.0,0.0,0.5,none,True,True
85212,1.0,0.0,0.5,none,True,True
85213,1.0,0.0,0.5,none,True,True
85214,1.0,0.0,0.5,none,True,True
85215,1.0,0.0,0.5,none,True,True
85216,1.0,0.0,0.5,none,True,True
85217,1.0,0.0,0.5,none,True,True
85218,1.0,0.0,0.5,none,True,True
85219,1.0,0.0,0.5,none,True,True
85220,1.0,0.0,0.5,none,True,True
85221,1.0,0.0,0.5,none,True,True
85222,1.0,0.0,0.5,none,True,True
85223,1.0,0.0,0.5,none,True,True
85224,1.0,0.0,0.5,none,True,True
85225,1.0,0.0,0.5,none,True,True
85226,1.0,0.0,0.5,none,True,True
85227,1.0,0.0,0.5,none,True,True
85228,1.0,0.0,0.5,none,True,True
85229,1.0,0.0,0.5,none,True,True
85230,1.0,0.0,0.5,none,True,True
85231,1.0,0.0,0.5,none,True,True
85232,1.0,0.0,0.5,none,True,True
85233,1.0,0.0,0.5,none,True,True
85234,1.0,0.0,0.5,none,True,True
85235,1.0,0.0,0.5,none,True,True
85236,1.0,0.0,0.5,none,True,True
85237,1.0,0.0,0.5,none,True,True
85238,1.0,0.0,0.5,none,True,True
85239,1.0,0.0,0.5,none,True,True
85240,1.0,0.0,0.5,none,True,True
85241,1.0,0.0,0.5,none,True,True
85242,1.0,0.0,0.5,none,True,True
85243,1.0,0.0,0.5,none,True,True
85244,1.0,0.0,0.5,none,True,True
85245,1.0,0.0,0.5,none,True,True
85246,1.0,0.0,0.5,none,True,True
85247,1.0,0.0,0.5,none,True,True
85248,1.0,0.0,0.5,none,True,True
85249,1.0,0.0,0.5,none,True,True
85250,1.0,0.0,0.5,none,True,True
85251,1.0,0.0,0.5,none,True,True
85252,1.0,0.0,0.5,none,True,True
85253,1.0,0.0,0.5,none,True,True
85254,1.0,0.0,0.5,none,True,True
85255,1.0,0.0,0.5,none,True,True
85256,1.0,0.0,0.5,none,True,True
85257,1.0,0.0,0.5,none,True,True
85258,1.0,0.0,0.5,none,True,True
85259,1.0,0.0,0.5,none,True,True
85260,1.0,0.0,0.5,none,True,True
85261,1.0,0.0,0.5,none,True,True
85262,1.0,0.0,0.5,none,True,True
85263,1.0,0.0,0.5,none,True,True
85264,1.0,0.0,0.5,none,True,True
85265,1.0,0.0,0.5,none,True,True
85266,1.0,0.0,0.5,none,True,True
85267,1.0,0.0,0.5,none,True,True
85268,1.0,0.0,0.5,none,True,True
85269,1.0,0.0,0.5,none,True,True
85270,1.0,0.0,0.5,none,True,True
85271,1.0,0.0,0.5,none,True,True
85272,1.0,0.0,0.5,none,True,True
85273,1.0,0.0,0.5,none,True,True
85274,1.0,0.0,0.5,none,True,True
85275,1.0,0.0,0.5,none,True,True
85276,1.0,0.0,0.5,none,True,True
85277,1.0,0.0,0.5,none,True,True
85278,1.0,0.0,0.5,none,True,True
85279,1.0,0.0,0.5,none,True,True
85280,1.0,0.0,0.5,none,True,True
85281,1.0,0.0,0.5,none,True,True
85282,1.0,0.0,0.5,none,True,True
85283,1.0,0.0,0.5,none,True,True
85284,1.0,0.0,0.5,none,True,True
85285,1.0,0.0,0.5,none,True,True
85286,1.0,0.0,0.5,none,True,True
85287,1.0,0.0,0.5,none,True,True
85288,1.0,0.0,0.5,none,True,True
85289,1.0,0.0,0.5,none,True,True
85290,1.0,0.0,0.5,none,True,True
85291,1.0,0.0,0.5,none,True,True
85292,1.0,0.0,0.5,none,True,True
85293,1.0,0.0,0.5,none,True,True
85294,1.0,0.0,0.5,none,True,True
85295,1.0,0.0,0.5,none,True,True
85296,1.0,0.0,0.5,none,True,True
85297,1.0,0.0,0.5,none,True,True
85298,1.0,0.0,0.5,none,True,True
85299,1.0,0.0,0.5,none,True,True
85300,1.0,0.0,0.5,none,True,True
85301,1.0,0.0,0.5,none,True,True
85302,1.0,0.0,0.5,none,True,True
85303,1.0,0.0,0.5,none,True,True
85304,1.0,0.0,0.5,none,True,True
85305,1.0,0.0,0.5,none,True,True
85306,1.0,0.0,0.5,none,True,True
85307,1.0,0.0,0.5,none,True,True
85308,1.0,0.0,0.5,none,True,True
85309,1.0,0.0,0.5,none,True,True
85310,1.0,0.0,0.5,none,True,True
85311,1.0,0.0,0.5,none,True,True
85312,1.0,0.0,0.5,none,True,True
85313,1.0,0.0,0.5,none,True,True
85314,1.0,0.0,0.5,none,True,True
85315,1.0,0.0,0.5,none,True,True
85316,1.0,0.0,0.5,none,True,True
85317,1.0,0.0,0.5,none,True,True
85318,1.0,0.0,0.5,none,True,True
85319,1.0,0.0,0.5,none,True,True
85320,1.0,0.0,0.5,none,True,True
85321,1.0,0.0,0.5,none,True,True
85322,1.0,0.0,0.5,none,True,True
85323,1.0,0.0,0.5,none,True,True
85324,1.0,0.0,0.5,none,True,True
85325,1.0,0.0,0.5,none,True,True
85326,1.0,0.0,0.5,none,True,True
85327,1.0,0.0,0.5,none,True,True
85328,1.0,0.0,0.5,none,True,True
85329,1.0,0.0,0.5,none,True,True
85330,1.0,0.0,0.5,none,True,True
85331,1.0,0.0,0.5,none,True,True
85332,1.0,0.0,0.5,none,True,True
85333,1.0,0.0,0.5,none,True,True
85334,1.0,0.0,0.5,none,True,True
85335,1.0,0.0,0.5,none,True,True
85336,1.0,0.0,0.5,none,True,True
85337,1.0,0.0,0.5,none,True,True
85338,1.0,0.0,0.5,none,True,True
85339,1.0,0.0,0.5,none,True,True
85340,1.0,0.0,0.5,none,True,True
85341,1.0,0.0,0.5,none,True,True
85342,1.0,0.0,0.5,none,True,True
85343,1.0,0.0,0.5,none,True,True
85344,1.0,0.0,0.5,none,True,True
85345,1.0,0.0,0.5,none,True,True
85346,1.0,0.0,0.5,none,True,True
85347,1.0,0.0,0.5,none,True,True
85348,1.0,0.0,0.5,none,True,True
85349,1.0,0.0,0.5,none,True,True
85350,1.0,0.0,0.5,none,True,True
85351,1.0,0.0,0.5,none,True,True
85352,1.0,0.0,0.5,none,True,True
85353,1.0,0.0,0.5,none,True,True
85354,1.0,0.0,0.5,none,True,True
85355,1.0,0.0,0.5,none,True,True
85356,1.0,0.0,0.5,none,True,True
85357,1.0,0.0,0.5,none,True,True
85358,1.0,0.0,0.5,none,True,True
85359,1.0,0.0,0.5,none,True,True
85360,1.0,0.0,0.5,none,True,True
85361,1.0,0.0,0.5,none,True,True
85362,1.0,0.0,0.5,none,True,True
85363,1.0,0.0,0.5,none,True,True
85364,1.0,0.0,0.5,none,True,True
85365,1.0,0.0,0.5,none,True,True
85366,1.0,0.0,0.5,none,True,True
85367,1.0,0.0,0.5,none,True,True
85368,1.0,0.0,0.5,none,True,True
85369,1.0,0.0,0.5,none,True,True
85370,1.0,0.0,0.5,none,True,True
85371,1.0,0.0,0.5,none,True,True
85372,1.0,0.0,0.5,none,True,True
85373,1.0,0.0,0.5,none,True,True
85374,1.0,0.0,0.5,none,True,True
85375,1.0,0.0,0.5,none,True,True
85376,1.0,0.0,0.5,none,True,True
85377,1.0,0.0,0.5,none,True,True
85378,1.0,0.0,0.5,none,True,True
85379,1.0,0.0,0.5,none,True,True
85380,1.0,0.0,0.5,none,True,True
85381,1.0,0.0,0.5,none,True,True
85382,1.0,0.0,0.5,none,True,True
85383,1.0,0.0,0.5,none,True,True
85384,1.0,0.0,0.5,none,True,True
85385,1.0,0.0,0.5,none,True,True
85386,1.0,0.0,0.5,none,True,True
85387,1.0,0.0,0.5,none,True,True
85388,1.0,0.0,0.5,none,True,True
85389,1.0,0.0,0.5,none,True,True
85390,1.0,0.0,0.5,none,True,True
85391,1.0,0.0,0.5,none,True,True
85392,1.0,0.0,0.5,none,True,True
85393,1.0,0.0,0.5,none,True,True
85394,1.0,0.0,0.5,none,True,True
85395,1.0,0.0,0.5,none,True,True
85396,1.0,0.0,0.5,none,True,True
85397,1.0,0.0,0.5,none,True,True
85398,1.0,0.0,0.5,none,True,True
85399,1.0,0.0,0.5,none,True,True
85400,1.0,0.0061,0.5,none,True,True
85401,1.0,0.0357,0.5,none,True,True
85402,1.0,0.0812,0.5,none,True,True
85403,1.0,0.1113,0.5,none,True,True
85404,1.0,0.1253,0.5,none,True,True
85405,1.0,0.1408,0.5,none,True,True
85406,1.0,0.0907,0.5,none,True,True
85407,1.0,0.1198,0.5,none,True,True
85408,1.0,0.0467,0.5,none,True,True
85409,1.0,0.0522,0.5,none,True,True
85410,1.0,0.0405,0.5,none,True,True
85411,1.0,0.0313,0.5,none,True,True
85412,1.0,0.0083,0.5,none,True,True
85413,1.0,0.0726,0.5,none,True,True
85414,1.0,0.0793,0.5,none,True,True
85415,1.0,0.0581,0.5,none,True,True
85416,1.0,0.0955,0.5,none,True,True
85417,1.0,0.0839,0.5,none,True,True
85418,1.0,0.0648,0.5,none,True,True
85419,1.0,0.0718,0.5,none,True,True
85420,1.0,0.0589,0.5,none,True,True
85421,1.0,0.0403,0.5,none,True,True
85422,1.0,0.0327,0.5,none,True,True
85423,1.0,0.0277,0.5,none,True,True
85424,1.0,0.017,0.5,none,True,True
85425,1.0,0.0102,0.5,none,True,True
85426,1.0,0.0099,0.5,none,True,True
85427,1.0,0.008,0.5,none,True,True
85428,1.0,0.005,0.5,none,True,True
85429,1.0,0.0063,0.5,none,True,True
85430,1.0,0.009,0.5,none,True,True
85431,1.0,0.0096,0.5,none,True,True
85432,1.0,0.0108,0.5,none,True,True
85433,1.0,0.014,0.5,none,True,True
85434,1.0,0.0161,0.5,none,True,True
85435,1.0,0.0167,0.5,none,True,True
85436,1.0,0.0182,0.5,none,True,True
85437,1.0,0.0196,0.5,none,True,True
85438,1.0,0.0197,0.5,none,True,True
85439,1.0,0.0193,0.5,none,True,True
85440,1.0,0.0193,0.5,none,True,True
85441,1.0,0.0187,0.5,none,True,True
85442,1.0,0.0174,0.5,none,True,True
85443,1.0,0.0163,0.5,none,True,True
85444,1.0,0.0152,0.5,none,True,True
85445,1.0,0.0138,0.5,none,True,True
85446,1.0,0.0123,0.5,none,True,True
85447,1.0,0.0111,0.5,none,True,True
85448,1.0,0.01,0.5,none,True,True
85449,1.0,0.0088,0.5,none,True,True
85450,1.0,0.0078,0.5,none,True,True
85451,1.0,0.0071,0.5,none,True,True
85452,1.0,0.0064,0.5,none,True,True
85453,1.0,0.0057,0.5,none,True,True
85454,1.0,0.0053,0.5,none,True,True
85455,1.0,0.005,0.5,none,True,True
85456,1.0,0.0047,0.5,none,True,True
85457,1.0,0.0045,0.5,none,True,True
85458,1.0,0.0044,0.5,none,True,True
85459,1.0,0.0043,0.5,none,True,True
85460,1.0,0.0042,0.5,none,True,True
85461,1.0,0.0041,0.5,none,True,True
85462,1.0,0.004,0.5,none,True,True
85463,1.0,0.0039,0.5,none,True,True
85464,1.0,0.0038,0.5,none,True,True
85465,1.0,0.0037,0.5,none,True,True
85466,1.0,0.0035,0.5,none,True,True
85467,1.0,0.0033,0.5,none,True,True
85468,1.0,0.0032,0.5,none,True,True
85469,1.0,0.003,0.5,none,True,True
85470,1.0,0.0028,0.5,none,True,True
85471,1.0,0.0026,0.5,none,True,True
85472,1.0,0.0024,0.5,none,True,True
85473,1.0,0.0023,0.5,none,True,True
85474,1.0,0.0021,0.5,none,True,True
85475,1.0,0.0019,0.5,none,True,True
85476,1.0,0.0018,0.5,none,True,True
85477,1.0,0.0017,0.5,none,True,True
85478,1.0,0.0015,0.5,none,True,True
85479,1.0,0.0014,0.5,none,True,True
85480,1.0,0.0013,0.5,none,True,True
85481,1.0,0.0013,0.5,none,True,True
85482,1.0,0.0012,0.5,none,True,True
85483,1.0,0.0011,0.5,none,True,True
85484,1.0,0.0011,0.5,none,True,True
85485,1.0,0.001,0.5,none,True,True
85486,1.0,0.001,0.5,none,True,True
85487,1.0,0.0009,0.5,none,True,True
85488,1.0,0.0009,0.5,none,True,True
85489,1.0,0.0008,0.5,none,True,True
85490,1.0,0.0008,0.5,none,True,True
85491,1.0,0.0008,0.5,none,True,True
85492,1.0,0.0007,0.5,none,True,True
85493,1.0,0.0007,0.5,none,True,True
85494,1.0,0.0006,0.5,none,True,True
85495,1.0,0.0006,0.5,none,True,True
85496,1.0,0.0006,0.5,none,True,True
85497,1.0,0.0005,0.5,none,True,True
85498,1.0,0.0005,0.5,none,True,True
85499,1.0,0.0005,0.5,none,True,True
85500,1.0,0.0004,0.5,none,True,True
85501,1.0,0.0004,0.5,none,True,True
85502,1.0,0.0004,0.5,none,True,True
85503,1.0,0.0004,0.5,none,True,True
85504,1.0,0.0003,0.5,none,True,True
85505,1.0,0.0003,0.5,none,True,True
85506,1.0,0.0003,0.5,none,True,True
85507,1.0,0.0003,0.5,none,True,True
85508,1.0,0.0003,0.5,none,True,True
85509,1.0,0.0003,0.5,none,True,True
85510,1.0,0.0002,0.5,none,True,True
85511,1.0,0.0002,0.5,none,True,True
85512,1.0,0.0002,0.5,none,True,True
85513,1.0,0.0002,0.5,none,True,True
85514,1.0,0.0002,0.5,none,True,True
85515,1.0,0.0002,0.5,none,True,True
85516,1.0,0.0002,0.5,none,True,True
85517,1.0,0.0002,0.5,none,True,True
85518,1.0,0.0002,0.5,none,True,True
85519,1.0,0.0001,0.5,none,True,True
85520,1.0,0.0001,0.5,none,True,True
85521,1.0,0.0001,0.5,none,True,True
85522,1.0,0.0001,0.5,none,True,True
85523,1.0,0.0001,0.5,none,True,True
85524,1.0,0.0001,0.5,none,True,True
85525,1.0,0.0001,0.5,none,True,True
85526,1.0,0.0001,0.5,none,True,True
85527,1.0,0.0001,0.5,none,True,True
85528,1.0,0.0001,0.5,none,True,True
85529,1.0,0.0001,0.5,none,True,True
85530,1.0,0.0001,0.5,none,True,True
85531,1.0,0.0001,0.5,none,True,True
85532,1.0,0.0001,0.5,none,True,True
85533,1.0,0.0001,0.5,none,True,True
85534,1.0,0.0001,0.5,none,True,True
85535,1.0,0.0001,0.5,none,True,True
85536,1.0,0.0001,0.5,none,True,True
85537,1.0,0.0,0.5,none,True,True
85538,1.0,0.0,0.5,none,True,True
85539,1.0,0.0,0.5,none,True,True
85540,1.0,0.0,0.5,none,True,True
85541,1.0,0.0,0.5,none,True,True
85542,1.0,0.0,0.5,none,True,True
85543,1.0,0.0,0.5,none,True,True
85544,1.0,0.0,0.5,none,True,True
85545,1.0,0.0,0.5,none,True,True
85546,1.0,0.0,0.5,none,True,True
85547,1.0,0.0,0.5,none,True,True
85548,1.0,0.0,0.5,none,True,True
85549,1.0,0.0,0.5,none,True,True
85550,1.0,0.0,0.5,none,True,True
85551,1.0,0.0,0.5,none,True,True
85552,1.0,0.0,0.5,none,True,True
85553,1.0,0.0,0.5,none,True,True
85554,1.0,0.0,0.5,none,True,True
85555,1.0,0.0,0.5,none,True,True
85556,1.0,0.0,0.5,none,True,True
85557,1.0,0.0,0.5,none,True,True
85558,1.0,0.0,0.5,none,True,True
85559,1.0,0.0,0.5,none,True,True
85560,1.0,0.0,0.5,none,True,True
85561,1.0,0.0,0.5,none,True,True
85562,1.0,0.0,0.5,none,True,True
85563,1.0,0.0,0.5,none,True,True
85564,1.0,0.0,0.5,none,True,True
85565,1.0,0.0,0.5,none,True,True
85566,1.0,0.0,0.5,none,True,True
85567,1.0,0.0,0.5,none,True,True
85568,1.0,0.0,0.5,none,True,True
85569,1.0,0.0,0.5,none,True,True
85570,1.0,0.0,0.5,none,True,True
85571,1.0,0.0,0.5,none,True,True
85572,1.0,0.0,0.5,none,True,True
85573,1.0,0.0,0.5,none,True,True
85574,1.0,0.0,0.5,none,True,True
85575,1.0,0.0,0.5,none,True,True
85576,1.0,0.0,0.5,none,True,True
85577,1.0,0.0,0.5,none,True,True
85578,1.0,0.0,0.5,none,True,True
85579,1.0,0.0,0.5,none,True,True
85580,1.0,0.0,0.5,none,True,True
85581,1.0,0.0,0.5,none,True,True
85582,1.0,0.0,0.5,none,True,True
85583,1.0,0.0,0.5,none,True,True
85584,1.0,0.0,0.5,none,True,True
85585,1.0,0.0,0.5,none,True,True
85586,1.0,0.0,0.5,none,True,True
85587,1.0,0.0,0.5,none,True,True
85588,1.0,0.0,0.5,none,True,True
85589,1.0,0.0,0.5,none,True,True
85590,1.0,0.0,0.5,none,True,True
85591,1.0,0.0,0.5,none,True,True
85592,1.0,0.0,0.5,none,True,True
85593,1.0,0.0,0.5,none,True,True
85594,1.0,0.0,0.5,none,True,True
85595,1.0,0.0,0.5,none,True,True
85596,1.0,0.0,0.5,none,True,True
85597,1.0,0.0,0.5,none,True,True
85598,1.0,0.0,0.5,none,True,True
85599,1.0,0.0,0.5,none,True,True
85600,1.0,0.0,0.5,none,True,True
85601,1.0,0.0,0.5,none,True,True
85602,1.0,0.0,0.5,none,True,True
85603,1.0,0.0,0.5,none,True,True
85604,1.0,0.0,0.5,none,True,True
85605,1.0,0.0,0.5,none,True,True
85606,1.0,0.0,0.5,none,True,True
85607,1.0,0.0,0.5,none,True,True
85608,1.0,0.0,0.5,none,True,True
85609,1.0,0.0,0.5,none,True,True
85610,1.0,0.0,0.5,none,True,True
85611,1.0,0.0,0.5,none,True,True
85612,1.0,0.0,0.5,none,True,True
85613,1.0,0.0,0.5,none,True,True
85614,1.0,0.0,0.5,none,True,True
85615,1.0,0.0,0.5,none,True,True
85616,1.0,0.0,0.5,none,True,True
85617,1.0,0.0,0.5,none,True,True
85618,1.0,0.0,0.5,none,True,True
85619,1.0,0.0,0.5,none,True,True
85620,1.0,0.0,0.5,none,True,True
85621,1.0,0.0,0.5,none,True,True
85622,1.0,0.0,0.5,none,True,True
85623,1.0,0.0,0.5,none,True,True
85624,1.0,0.0,0.5,none,True,True
85625,1.0,0.0,0.5,none,True,True
85626,1.0,0.0,0.5,none,True,True
85627,1.0,0.0,0.5,none,True,True
85628,1.0,0.0,0.5,none,True,True
85629,1.0,0.0,0.5,none,True,True
85630,1.0,0.0,0.5,none,True,True
85631,1.0,0.0,0.5,none,True,True
85632,1.0,0.0,0.5,none,True,True
85633,1.0,0.0,0.5,none,True,True
85634,1.0,0.0,0.5,none,True,True
85635,1.0,0.0,0.5,none,True,True
85636,1.0,0.0,0.5,none,True,True
85637,1.0,0.0,0.5,none,True,True
85638,1.0,0.0,0.5,none,True,True
85639,1.0,0.0,0.5,none,True,True
85640,1.0,0.0,0.5,none,True,True
85641,1.0,0.0,0.5,none,True,True
85642,1.0,0.0,0.5,none,True,True
85643,1.0,0.0,0.5,none,True,True
85644,1.0,0.0,0.5,none,True,True
85645,1.0,0.0,0.5,none,True,True
85646,1.0,0.0,0.5,none,True,True
85647,1.0,0.0,0.5,none,True,True
85648,1.0,0.0,0.5,none,True,True
85649,1.0,0.0,0.5,none,True,True
85650,1.0,0.0,0.5,none,True,True
85651,1.0,0.0,0.5,none,True,True
85652,1.0,0.0,0.5,none,True,True
85653,1.0,0.0,0.5,none,True,True
85654,1.0,0.0,0.5,none,True,True
85655,1.0,0.0,0.5,none,True,True
85656,1.0,0.0,0.5,none,True,True
85657,1.0,0.0,0.5,none,True,True
85658,1.0,0.0,0.5,none,True,True
85659,1.0,0.0,0.5,none,True,True
85660,1.0,0.0,0.5,none,True,True
85661,1.0,0.0,0.5,none,True,True
85662,1.0,0.0,0.5,none,True,True
85663,1.0,0.0,0.5,none,True,True
85664,1.0,0.0,0.5,none,True,True
85665,1.0,0.0,0.5,none,True,True
85666,1.0,0.0,0.5,none,True,True
85667,1.0,0.0,0.5,none,True,True
85668,1.0,0.0,0.5,none,True,True
85669,1.0,0.0,0.5,none,True,True
85670,1.0,0.0,0.5,none,True,True
85671,1.0,0.0,0.5,none,True,True
85672,1.0,0.0,0.5,none,True,True
85673,1.0,0.0,0.5,none,True,True
85674,1.0,0.0,0.5,none,True,True
85675,1.0,0.0,0.5,none,True,True
85676,1.0,0.0,0.5,none,True,True
85677,1.0,0.0,0.5,none,True,True
85678,1.0,0.0,0.5,none,True,True
85679,1.0,0.0,0.5,none,True,True
85680,1.0,0.0,0.5,none,True,True
85681,1.0,0.0,0.5,none,True,True
85682,1.0,0.0,0.5,none,True,True
85683,1.0,0.0,0.5,none,True,True
85684,1.0,0.0,0.5,none,True,True
85685,1.0,0.0,0.5,none,True,True
85686,1.0,0.0,0.5,none,True,True
85687,1.0,0.0,0.5,none,True,True
85688,1.0,0.0,0.5,none,True,True
85689,1.0,0.0,0.5,none,True,True
85690,1.0,0.0,0.5,none,True,True
85691,1.0,0.0,0.5,none,True,True
85692,1.0,0.0,0.5,none,True,True
85693,1.0,0.0,0.5,none,True,True
85694,1.0,0.0,0.5,none,True,True
85695,1.0,0.0,0.5,none,True,True
85696,1.0,0.0,0.5,none,True,True
85697,1.0,0.0,0.5,none,True,True
85698,1.0,0.0,0.5,none,True,True
85699,1.0,0.0,0.5,none,True,True
85700,1.0,0.0,0.5,none,True,True
85701,1.0,0.0,0.5,none,True,True
85702,1.0,0.0,0.5,none,True,True
85703,1.0,0.0,0.5,none,True,True
85704,1.0,0.0,0.5,none,True,True
85705,1.0,0.0,0.5,none,True,True
85706,1.0,0.0,0.5,none,True,True
85707,1.0,0.0,0.5,none,True,True
85708,1.0,0.0,0.5,none,True,True
85709,1.0,0.0,0.5,none,True,True
85710,1.0,0.0,0.5,none,True,True
85711,1.0,0.0,0.5,none,True,True
85712,1.0,0.0,0.5,none,True,True
85713,1.0,0.0,0.5,none,True,True
85714,1.0,0.0,0.5,none,True,True
85715,1.0,0.0,0.5,none,True,True
85716,1.0,0.0,0.5,none,True,True
85717,1.0,0.0,0.5,none,True,True
85718,1.0,0.0,0.5,none,True,True
85719,1.0,0.0,0.5,none,True,True
85720,1.0,0.0,0.5,none,True,True
85721,1.0,0.0,0.5,none,True,True
85722,1.0,0.0,0.5,none,True,True
85723,1.0,0.0,0.5,none,True,True
85724,1.0,0.0,0.5,none,True,True
85725,1.0,0.0,0.5,none,True,True
85726,1.0,0.0,0.5,none,True,True
85727,1.0,0.0,0.5,none,True,True
85728,1.0,0.0,0.5,none,True,True
85729,1.0,0.0,0.5,none,True,True
85730,1.0,0.0,0.5,none,True,True
85731,1.0,0.0,0.5,none,True,True
85732,1.0,0.0,0.5,none,True,True
85733,1.0,0.0,0.5,none,True,True
85734,1.0,0.0,0.5,none,True,True
85735,1.0,0.0,0.5,none,True,True
85736,1.0,0.0,0.5,none,True,True
85737,1.0,0.0,0.5,none,True,True
85738,1.0,0.0,0.5,none,True,True
85739,1.0,0.0,0.5,none,True,True
85740,1.0,0.0,0.5,none,True,True
85741,1.0,0.0,0.5,none,True,True
85742,1.0,0.0,0.5,none,True,True
85743,1.0,0.0,0.5,none,True,True
85744,1.0,0.0,0.5,none,True,True
85745,1.0,0.0,0.5,none,True,True
85746,1.0,0.0,0.5,none,True,True
85747,1.0,0.0,0.5,none,True,True
85748,1.0,0.0,0.5,none,True,True
85749,1.0,0.0,0.5,none,True,True
85750,1.0,0.0,0.5,none,True,True
85751,1.0,0.0,0.5,none,True,True
85752,1.0,0.0,0.5,none,True,True
85753,1.0,0.0,0.5,none,True,True
85754,1.0,0.0,0.5,none,True,True
85755,1.0,0.0,0.5,none,True,True
85756,1.0,0.0,0.5,none,True,True
85757,1.0,0.0,0.5,none,True,True
85758,1.0,0.0,0.5,none,True,True
85759,1.0,0.0,0.5,none,True,True
85760,1.0,0.0,0.5,none,True,True
85761,1.0,0.0,0.5,none,True,True
85762,1.0,0.0,0.5,none,True,True
85763,1.0,0.0,0.5,none,True,True
85764,1.0,0.0,0.5,none,True,True
85765,1.0,0.0,0.5,none,True,True
85766,1.0,0.0,0.5,none,True,True
85767,1.0,0.0,0.5,none,True,True
85768,1.0,0.0,0.5,none,True,True
85769,1.0,0.0,0.5,none,True,True
85770,1.0,0.0,0.5,none,True,True
85771,1.0,0.0,0.5,none,True,True
85772,1.0,0.0,0.5,none,True,True
85773,1.0,0.0,0.5,none,True,True
85774,1.0,0.0,0.5,none,True,True
85775,1.0,0.0,0.5,none,True,True
85776,1.0,0.0,0.5,none,True,True
85777,1.0,0.0,0.5,none,True,True
85778,1.0,0.0,0.5,none,True,True
85779,1.0,0.0,0.5,none,True,True
85780,1.0,0.0,0.5,none,True,True
85781,1.0,0.0,0.5,none,True,True
85782,1.0,0.0,0.5,none,True,True
85783,1.0,0.0,0.5,none,True,True
85784,1.0,0.0,0.5,none,True,True
85785,1.0,0.0,0.5,none,True,True
85786,1.0,0.0,0.5,none,True,True
85787,1.0,0.0,0.5,none,True,True
85788,1.0,0.0,0.5,none,True,True
85789,1.0,0.0,0.5,none,True,True
85790,1.0,0.0,0.5,none,True,True
85791,1.0,0.0,0.5,none,True,True
85792,1.0,0.0,0.5,none,True,True
85793,1.0,0.0,0.5,none,True,True
85794,1.0,0.0,0.5,none,True,True
85795,1.0,0.0,0.5,none,True,True
85796,1.0,0.0,0.5,none,True,True
85797,1.0,0.0,0.5,none,True,True
85798,1.0,0.0,0.5,none,True,True
85799,1.0,0.0,0.5,none,True,True
85800,1.0,0.0,0.5,none,True,True
85801,1.0,0.0,0.5,none,True,True
85802,1.0,0.0,0.5,none,True,True
85803,1.0,0.0,0.5,none,True,True
85804,1.0,0.0,0.5,none,True,True
85805,1.0,0.0,0.5,none,True,True
85806,1.0,0.0,0.5,none,True,True
85807,1.0,0.0,0.5,none,True,True
85808,1.0,0.0,0.5,none,True,True
85809,1.0,0.0,0.5,none,True,True
85810,1.0,0.0,0.5,none,True,True
85811,1.0,0.0,0.5,none,True,True
85812,1.0,0.0,0.5,none,True,True
85813,1.0,0.0,0.5,none,True,True
85814,1.0,0.0,0.5,none,True,True
85815,1.0,0.0,0.5,none,True,True
85816,1.0,0.0,0.5,none,True,True
85817,1.0,0.0,0.5,none,True,True
85818,1.0,0.0,0.5,none,True,True
85819,1.0,0.0,0.5,none,True,True
85820,1.0,0.0,0.5,none,True,True
85821,1.0,0.0,0.5,none,True,True
85822,1.0,0.0,0.5,none,True,True
85823,1.0,0.0,0.5,none,True,True
85824,1.0,0.0,0.5,none,True,True
85825,1.0,0.0,0.5,none,True,True
85826,1.0,0.0,0.5,none,True,True
85827,1.0,0.0,0.5,none,True,True
85828,1.0,0.0,0.5,none,True,True
85829,1.0,0.0,0.5,none,True,True
85830,1.0,0.0,0.5,none,True,True
85831,1.0,0.0,0.5,none,True,True
85832,1.0,0.0,0.5,none,True,True
85833,1.0,0.0,0.5,none,True,True
85834,1.0,0.0,0.5,none,True,True
85835,1.0,0.0,0.5,none,True,True
85836,1.0,0.0,0.5,none,True,True
85837,1.0,0.0,0.5,none,True,True
85838,1.0,0.0,0.5,none,True,True
85839,1.0,0.0,0.5,none,True,True
85840,1.0,0.0,0.5,none,True,True
85841,1.0,0.0,0.5,none,True,True
85842,1.0,0.0,0.5,none,True,True
85843,1.0,0.0,0.5,none,True,True
85844,1.0,0.0,0.5,none,True,True
85845,1.0,0.0,0.5,none,True,True
85846,1.0,0.0,0.5,none,True,True
85847,1.0,0.0,0.5,none,True,True
85848,1.0,0.0,0.5,none,True,True
85849,1.0,0.0,0.5,none,True,True
85850,1.0,0.0,0.5,none,True,True
85851,1.0,0.0,0.5,none,True,True
85852,1.0,0.0,0.5,none,True,True
85853,1.0,0.0,0.5,none,True,True
85854,1.0,0.0,0.5,none,True,True
85855,1.0,0.0,0.5,none,True,True
85856,1.0,0.0,0.5,none,True,True
85857,1.0,0.0,0.5,none,True,True
85858,1.0,0.0,0.5,none,True,True
85859,1.0,0.0,0.5,none,True,True
85860,1.0,0.0,0.5,none,True,True
85861,1.0,0.0,0.5,none,True,True
85862,1.0,0.0,0.5,none,True,True
85863,1.0,0.0,0.5,none,True,True
85864,1.0,0.0,0.5,none,True,True
85865,1.0,0.0,0.5,none,True,True
85866,1.0,0.0,0.5,none,True,True
85867,1.0,0.0,0.5,none,True,True
85868,1.0,0.0,0.5,none,True,True
85869,1.0,0.0,0.5,none,True,True
85870,1.0,0.0,0.5,none,True,True
85871,1.0,0.0,0.5,none,True,True
85872,1.0,0.0,0.5,none,True,True
85873,1.0,0.0,0.5,none,True,True
85874,1.0,0.0,0.5,none,True,True
85875,1.0,0.0,0.5,none,True,True
85876,1.0,0.0,0.5,none,True,True
85877,1.0,0.0,0.5,none,True,True
85878,1.0,0.0,0.5,none,True,True
85879,1.0,0.0,0.5,none,True,True
85880,1.0,0.0,0.5,none,True,True
85881,1.0,0.0,0.5,none,True,True
85882,1.0,0.0,0.5,none,True,True
85883,1.0,0.0,0.5,none,True,True
85884,1.0,0.0,0.5,none,True,True
85885,1.0,0.0,0.5,none,True,True
85886,1.0,0.0,0.5,none,True,True
85887,1.0,0.0,0.5,none,True,True
85888,1.0,0.0,0.5,none,True,True
85889,1.0,0.0,0.5,none,True,True
85890,1.0,0.0,0.5,none,True,True
85891,1.0,0.0,0.5,none,True,True
85892,1.0,0.0,0.5,none,True,True
85893,1.0,0.0,0.5,none,True,True
85894,1.0,0.0,0.5,none,True,True
85895,1.0,0.0,0.5,none,True,True
85896,1.0,0.0,0.5,none,True,True
85897,1.0,0.0,0.5,none,True,True
85898,1.0,0.0,0.5,none,True,True
85899,1.0,0.0,0.5,none,True,True
85900,1.0,0.0,0.5,none,True,True
85901,1.0,0.0,0.5,none,True,True
85902,1.0,0.0,0.5,none,True,True
85903,1.0,0.0,0.5,none,True,True
85904,1.0,0.0,0.5,none,True,True
85905,1.0,0.0,0.5,none,True,True
85906,1.0,0.0,0.5,none,True,True
85907,1.0,0.0,0.5,none,True,True
85908,1.0,0.0,0.5,none,True,True
85909,1.0,0.0,0.5,none,True,True
85910,1.0,0.0,0.5,none,True,True
85911,1.0,0.0,0.5,none,True,True
85912,1.0,0.0,0.5,none,True,True
85913,1.0,0.0,0.5,none,True,True
85914,1.0,0.0,0.5,none,True,True
85915,1.0,0.0,0.5,none,True,True
85916,1.0,0.0,0.5,none,True,True
85917,1.0,0.0,0.5,none,True,True
85918,1.0,0.0,0.5,none,True,True
85919,1.0,0.0,0.5,none,True,True
85920,1.0,0.0,0.5,none,True,True
85921,1.0,0.0,0.5,none,True,True
85922,1.0,0.0,0.5,none,True,True
85923,1.0,0.0,0.5,none,True,True
85924,1.0,0.0,0.5,none,True,True
85925,1.0,0.0,0.5,none,True,True
85926,1.0,0.0,0.5,none,True,True
85927,1.0,0.0,0.5,none,True,True
85928,1.0,0.0,0.5,none,True,True
85929,1.0,0.0,0.5,none,True,True
85930,1.0,0.0,0.5,none,True,True
85931,1.0,0.0,0.5,none,True,True
85932,1.0,0.0,0.5,none,True,True
85933,1.0,0.0,0.5,none,True,True
85934,1.0,0.0,0.5,none,True,True
85935,1.0,0.0,0.5,none,True,True
85936,1.0,0.0,0.5,none,True,True
85937,1.0,0.0,0.5,none,True,True
85938,1.0,0.0,0.5,none,True,True
85939,1.0,0.0,0.5,none,True,True
85940,1.0,0.0,0.5,none,True,True
85941,1.0,0.0,0.5,none,True,True
85942,1.0,0.0,0.5,none,True,True
85943,1.0,0.0,0.5,none,True,True
85944,1.0,0.0,0.5,none,True,True
85945,1.0,0.0,0.5,none,True,True
85946,1.0,0.0,0.5,none,True,True
85947,1.0,0.0,0.5,none,True,True
85948,1.0,0.0,0.5,none,True,True
85949,1.0,0.0,0.5,none,True,True
85950,1.0,0.0,0.5,none,True,True
85951,1.0,0.0,0.5,none,True,True
85952,1.0,0.0,0.5,none,True,True
85953,1.0,0.0,0.5,none,True,True
85954,1.0,0.0,0.5,none,True,True
85955,1.0,0.0,0.5,none,True,True
85956,1.0,0.0,0.5,none,True,True
85957,1.0,0.0,0.5,none,True,True
85958,1.0,0.0,0.5,none,True,True
85959,1.0,0.0,0.5,none,True,True
85960,1.0,0.0,0.5,none,True,True
85961,1.0,0.0,0.5,none,True,True
85962,1.0,0.0,0.5,none,True,True
85963,1.0,0.0,0.5,none,True,True
85964,1.0,0.0,0.5,none,True,True
85965,1.0,0.0,0.5,none,True,True
85966,1.0,0.0,0.5,none,True,True
85967,1.0,0.0,0.5,none,True,True
85968,1.0,0.0,0.5,none,True,True
85969,1.0,0.0,0.5,none,True,True
85970,1.0,0.0,0.5,none,True,True
85971,1.0,0.0,0.5,none,True,True
85972,1.0,0.0,0.5,none,True,True
85973,1.0,0.0,0.5,none,True,True
85974,1.0,0.0,0.5,none,True,True
85975,1.0,0.0,0.5,none,True,True
85976,1.0,0.0,0.5,none,True,True
85977,1.0,0.0,0.5,none,True,True
85978,1.0,0.0,0.5,none,True,True
85979,1.0,0.0,0.5,none,True,True
85980,1.0,0.0,0.5,none,True,True
85981,1.0,0.0,0.5,none,True,True
85982,1.0,0.0,0.5,none,True,True
85983,1.0,0.0,0.5,none,True,True
85984,1.0,0.0,0.5,none,True,True
85985,1.0,0.0,0.5,none,True,True
85986,1.0,0.0,0.5,none,True,True
85987,1.0,0.0,0.5,none,True,True
85988,1.0,0.0,0.5,none,True,True
85989,1.0,0.0,0.5,none,True,True
85990,1.0,0.0,0.5,none,True,True
85991,1.0,0.0,0.5,none,True,True
85992,1.0,0.0,0.5,none,True,True
85993,1.0,0.0,0.5,none,True,True
85994,1.0,0.0,0.5,none,True,True
85995,1.0,0.0,0.5,none,True,True
85996,1.0,0.0,0.5,none,True,True
85997,1.0,0.0,0.5,none,True,True
85998,1.0,0.0,0.5,none,True,True
85999,1.0,0.0,0.5,none,True,True
86000,1.0,0.0,0.5,none,True,True
86001,1.0,0.0,0.5,none,True,True
86002,1.0,0.0,0.5,none,True,True
86003,1.0,0.0,0.5,none,True,True
86004,1.0,0.0,0.5,none,True,True
86005,1.0,0.0,0.5,none,True,True
86006,1.0,0.0,0.5,none,True,True
86007,1.0,0.0,0.5,none,True,True
86008,1.0,0.0,0.5,none,True,True
86009,1.0,0.0,0.5,none,True,True
86010,1.0,0.0,0.5,none,True,True
86011,1.0,0.0,0.5,none,True,True
86012,1.0,0.0,0.5,none,True,True
86013,1.0,0.0,0.5,none,True,True
86014,1.0,0.0,0.5,none,True,True
86015,1.0,0.0,0.5,none,True,True
86016,1.0,0.0,0.5,none,True,True
86017,1.0,0.0,0.5,none,True,True
86018,1.0,0.0,0.5,none,True,True
86019,1.0,0.0,0.5,none,True,True
86020,1.0,0.0,0.5,none,True,True
86021,1.0,0.0,0.5,none,True,True
86022,1.0,0.0,0.5,none,True,True
86023,1.0,0.0,0.5,none,True,True
86024,1.0,0.0,0.5,none,True,True
86025,1.0,0.0,0.5,none,True,True
86026,1.0,0.0,0.5,none,True,True
86027,1.0,0.0,0.5,none,True,True
86028,1.0,0.0,0.5,none,True,True
86029,1.0,0.0,0.5,none,True,True
86030,1.0,0.0,0.5,none,True,True
86031,1.0,0.0,0.5,none,True,True
86032,1.0,0.0,0.5,none,True,True
86033,1.0,0.0,0.5,none,True,True
86034,1.0,0.0,0.5,none,True,True
86035,1.0,0.0,0.5,none,True,True
86036,1.0,0.0,0.5,none,True,True
86037,1.0,0.0,0.5,none,True,True
86038,1.0,0.0,0.5,none,True,True
86039,1.0,0.0,0.5,none,True,True
86040,1.0,0.0,0.5,none,True,True
86041,1.0,0.0,0.5,none,True,True
86042,1.0,0.0,0.5,none,True,True
86043,1.0,0.0,0.5,none,True,True
86044,1.0,0.0,0.5,none,True,True
86045,1.0,0.0,0.5,none,True,True
86046,1.0,0.0,0.5,none,True,True
86047,1.0,0.0,0.5,none,True,True
86048,1.0,0.0,0.5,none,True,True
86049,1.0,0.0,0.5,none,True,True
86050,1.0,0.0,0.5,none,True,True
86051,1.0,0.0,0.5,none,True,True
86052,1.0,0.0,0.5,none,True,True
86053,1.0,0.0,0.5,none,True,True
86054,1.0,0.0,0.5,none,True,True
86055,1.0,0.0,0.5,none,True,True
86056,1.0,0.0,0.5,none,True,True
86057,1.0,0.0,0.5,none,True,True
86058,1.0,0.0,0.5,none,True,True
86059,1.0,0.0,0.5,none,True,True
86060,1.0,0.0,0.5,none,True,True
86061,1.0,0.0,0.5,none,True,True
86062,1.0,0.0,0.5,none,True,True
86063,1.0,0.0,0.5,none,True,True
86064,1.0,0.0,0.5,none,True,True
86065,1.0,0.0,0.5,none,True,True
86066,1.0,0.0,0.5,none,True,True
86067,1.0,0.0,0.5,none,True,True
86068,1.0,0.0,0.5,none,True,True
86069,1.0,0.0,0.5,none,True,True
86070,1.0,0.0,0.5,none,True,True
86071,1.0,0.0,0.5,none,True,True
86072,1.0,0.0,0.5,none,True,True
86073,1.0,0.0,0.5,none,True,True
86074,1.0,0.0,0.5,none,True,True
86075,1.0,0.0,0.5,none,True,True
86076,1.0,0.0,0.5,none,True,True
86077,1.0,0.0,0.5,none,True,True
86078,1.0,0.0,0.5,none,True,True
86079,1.0,0.0,0.5,none,True,True
86080,1.0,0.0,0.5,none,True,True
86081,1.0,0.0,0.5,none,True,True
86082,1.0,0.0,0.5,none,True,True
86083,1.0,0.0,0.5,none,True,True
86084,1.0,0.0,0.5,none,True,True
86085,1.0,0.0,0.5,none,True,True
86086,1.0,0.0,0.5,none,True,True
86087,1.0,0.0,0.5,none,True,True
86088,1.0,0.0,0.5,none,True,True
86089,1.0,0.0,0.5,none,True,True
86090,1.0,0.0,0.5,none,True,True
86091,1.0,0.0,0.5,none,True,True
86092,1.0,0.0,0.5,none,True,True
86093,1.0,0.0,0.5,none,True,True
86094,1.0,0.0,0.5,none,True,True
86095,1.0,0.0,0.5,none,True,True
86096,1.0,0.0,0.5,none,True,True
86097,1.0,0.0,0.5,none,True,True
86098,1.0,0.0,0.5,none,True,True
86099,1.0,0.0,0.5,none,True,True
86100,1.0,0.0061,0.5,none,True,True
86101,1.0,0.0357,0.5,none,True,True
86102,1.0,0.0812,0.5,none,True,True
86103,1.0,0.1113,0.5,none,True,True
86104,1.0,0.1253,0.5,none,True,True
86105,1.0,0.1408,0.5,none,True,True
86106,1.0,0.0907,0.5,none,True,True
86107,1.0,0.1198,0.5,none,True,True
86108,1.0,0.0467,0.5,none,True,True
86109,1.0,0.0522,0.5,none,True,True
86110,1.0,0.0405,0.5,none,True,True
86111,1.0,0.0313,0.5,none,True,True
86112,1.0,0.0083,0.5,none,True,True
86113,1.0,0.0726,0.5,none,True,True
86114,1.0,0.0793,0.5,none,True,True
86115,1.0,0.0581,0.5,none,True,True
86116,1.0,0.0955,0.5,none,True,True
86117,1.0,0.0839,0.5,none,True,True
86118,1.0,0.0648,0.5,none,True,True
86119,1.0,0.0718,0.5,none,True,True
86120,1.0,0.0589,0.5,none,True,True
86121,1.0,0.0403,0.5,none,True,True
86122,1.0,0.0327,0.5,none,True,True
86123,1.0,0.0277,0.5,none,True,True
86124,1.0,0.017,0.5,none,True,True
86125,1.0,0.0102,0.5,none,True,True
86126,1.0,0.0099,0.5,none,True,True
86127,1.0,0.008,0.5,none,True,True
86128,1.0,0.005,0.5,none,True,True
86129,1.0,0.0063,0.5,none,True,True
86130,1.0,0.009,0.5,none,True,True
86131,1.0,0.0096,0.5,none,True,True
86132,1.0,0.0108,0.5,none,True,True
86133,1.0,0.014,0.5,none,True,True
86134,1.0,0.0161,0.5,none,True,True
86135,1.0,0.0167,0.5,none,True,True
86136,1.0,0.0182,0.5,none,True,True
86137,1.0,0.0196,0.5,none,True,True
86138,1.0,0.0197,0.5,none,True,True
86139,1.0,0.0193,0.5,none,True,True
86140,1.0,0.0193,0.5,none,True,True
86141,1.0,0.0187,0.5,none,True,True
86142,1.0,0.0174,0.5,none,True,True
86143,1.0,0.0163,0.5,none,True,True
86144,1.0,0.0152,0.5,none,True,True
86145,1.0,0.0138,0.5,none,True,True
86146,1.0,0.0123,0.5,none,True,True
86147,1.0,0.0111,0.5,none,True,True
86148,1.0,0.01,0.5,none,True,True
86149,1.0,0.0088,0.5,none,True,True
86150,1.0,0.0078,0.5,none,True,True
86151,1.0,0.0071,0.5,none,True,True
86152,1.0,0.0064,0.5,none,True,True
86153,1.0,0.0057,0.5,none,True,True
86154,1.0,0.0053,0.5,none,True,True
86155,1.0,0.005,0.5,none,True,True
86156,1.0,0.0047,0.5,none,True,True
86157,1.0,0.0045,0.5,none,True,True
86158,1.0,0.0044,0.5,none,True,True
86159,1.0,0.0043,0.5,none,True,True
86160,1.0,0.0042,0.5,none,True,True
86161,1.0,0.0041,0.5,none,True,True
86162,1.0,0.004,0.5,none,True,True
86163,1.0,0.0039,0.5,none,True,True
86164,1.0,0.0038,0.5,none,True,True
86165,1.0,0.0037,0.5,none,True,True
86166,1.0,0.0035,0.5,none,True,True
86167,1.0,0.0033,0.5,none,True,True
86168,1.0,0.0032,0.5,none,True,True
86169,1.0,0.003,0.5,none,True,True
86170,1.0,0.0028,0.5,none,True,True
86171,1.0,0.0026,0.5,none,True,True
86172,1.0,0.0024,0.5,none,True,True
86173,1.0,0.0023,0.5,none,True,True
86174,1.0,0.0021,0.5,none,True,True
86175,1.0,0.0019,0.5,none,True,True
86176,1.0,0.0018,0.5,none,True,True
86177,1.0,0.0017,0.5,none,True,True
86178,1.0,0.0015,0.5,none,True,True
86179,1.0,0.0014,0.5,none,True,True
86180,1.0,0.0013,0.5,none,True,True
86181,1.0,0.0013,0.5,none,True,True
86182,1.0,0.0012,0.5,none,True,True
86183,1.0,0.0011,0.5,none,True,True
86184,1.0,0.0011,0.5,none,True,True
86185,1.0,0.001,0.5,none,True,True
86186,1.0,0.001,0.5,none,True,True
86187,1.0,0.0009,0.5,none,True,True
86188,1.0,0.0009,0.5,none,True,True
86189,1.0,0.0008,0.5,none,True,True
86190,1.0,0.0008,0.5,none,True,True
86191,1.0,0.0008,0.5,none,True,True
86192,1.0,0.0007,0.5,none,True,True
86193,1.0,0.0007,0.5,none,True,True
86194,1.0,0.0006,0.5,none,True,True
86195,1.0,0.0006,0.5,none,True,True
86196,1.0,0.0006,0.5,none,True,True
86197,1.0,0.0005,0.5,none,True,True
86198,1.0,0.0005,0.5,none,True,True
86199,1.0,0.0005,0.5,none,True,True
86200,1.0,0.0004,0.5,none,True,True
86201,1.0,0.0004,0.5,none,True,True
86202,1.0,0.0004,0.5,none,True,True
86203,1.0,0.0004,0.5,none,True,True
86204,1.0,0.0003,0.5,none,True,True
86205,1.0,0.0003,0.5,none,True,True
86206,1.0,0.0003,0.5,none,True,True
86207,1.0,0.0003,0.5,none,True,True
86208,1.0,0.0003,0.5,none,True,True
86209,1.0,0.0003,0.5,none,True,True
86210,1.0,0.0002,0.5,none,True,True
86211,1.0,0.0002,0.5,none,True,True
86212,1.0,0.0002,0.5,none,True,True
86213,1.0,0.0002,0.5,none,True,True
86214,1.0,0.0002,0.5,none,True,True
86215,1.0,0.0002,0.5,none,True,True
86216,1.0,0.0002,0.5,none,True,True
86217,1.0,0.0002,0.5,none,True,True
86218,1.0,0.0002,0.5,none,True,True
86219,1.0,0.0001,0.5,none,True,True
86220,1.0,0.0001,0.5,none,True,True
86221,1.0,0.0001,0.5,none,True,True
86222,1.0,0.0001,0.5,none,True,True
86223,1.0,0.0001,0.5,none,True,True
86224,1.0,0.0001,0.5,none,True,True
86225,1.0,0.0001,0.5,none,True,True
86226,1.0,0.0001,0.5,none,True,True
86227,1.0,0.0001,0.5,none,True,True
86228,1.0,0.0001,0.5,none,True,True
86229,1.0,0.0001,0.5,none,True,True
86230,1.0,0.0001,0.5,none,True,True
86231,1.0,0.0001,0.5,none,True,True
86232,1.0,0.0001,0.5,none,True,True
86233,1.0,0.0001,0.5,none,True,True
86234,1.0,0.0001,0.5,none,True,True
86235,1.0,0.0001,0.5,none,True,True
86236,1.0,0.0001,0.5,none,True,True
86237,1.0,0.0,0.5,none,True,True
86238,1.0,0.0,0.5,none,True,True
86239,1.0,0.0,0.5,none,True,True
86240,1.0,0.0,0.5,none,True,True
86241,1.0,0.0,0.5,none,True,True
86242,1.0,0.0,0.5,none,True,True
86243,1.0,0.0,0.5,none,True,True
86244,1.0,0.0,0.5,none,True,True
86245,1.0,0.0,0.5,none,True,True
86246,1.0,0.0,0.5,none,True,True
86247,1.0,0.0,0.5,none,True,True
86248,1.0,0.0,0.5,none,True,True
86249,1.0,0.0,0.5,none,True,True
86250,1.0,0.0,0.5,none,True,True
86251,1.0,0.0,0.5,none,True,True
86252,1.0,0.0,0.5,none,True,True
86253,1.0,0.0,0.5,none,True,True
86254,1.0,0.0,0.5,none,True,True
86255,1.0,0.0,0.5,none,True,True
86256,1.0,0.0,0.5,none,True,True
86257,1.0,0.0,0.5,none,True,True
86258,1.0,0.0,0.5,none,True,True
86259,1.0,0.0,0.5,none,True,True
86260,1.0,0.0,0.5,none,True,True
86261,1.0,0.0,0.5,none,True,True
86262,1.0,0.0,0.5,none,True,True
86263,1.0,0.0,0.5,none,True,True
86264,1.0,0.0,0.5,none,True,True
86265,1.0,0.0,0.5,none,True,True
86266,1.0,0.0,0.5,none,True,True
86267,1.0,0.0,0.5,none,True,True
86268,1.0,0.0,0.5,none,True,True
86269,1.0,0.0,0.5,none,True,True
86270,1.0,0.0,0.5,none,True,True
86271,1.0,0.0,0.5,none,True,True
86272,1.0,0.0,0.5,none,True,True
86273,1.0,0.0,0.5,none,True,True
86274,1.0,0.0,0.5,none,True,True
86275,1.0,0.0,0.5,none,True,True
86276,1.0,0.0,0.5,none,True,True
86277,1.0,0.0,0.5,none,True,True
86278,1.0,0.0,0.5,none,True,True
86279,1.0,0.0,0.5,none,True,True
86280,1.0,0.0,0.5,none,True,True
86281,1.0,0.0,0.5,none,True,True
86282,1.0,0.0,0.5,none,True,True
86283,1.0,0.0,0.5,none,True,True
86284,1.0,0.0,0.5,none,True,True
86285,1.0,0.0,0.5,none,True,True
86286,1.0,0.0,0.5,none,True,True
86287,1.0,0.0,0.5,none,True,True
86288,1.0,0.0,0.5,none,True,True
86289,1.0,0.0,0.5,none,True,True
86290,1.0,0.0,0.5,none,True,True
86291,1.0,0.0,0.5,none,True,True
86292,1.0,0.0,0.5,none,True,True
86293,1.0,0.0,0.5,none,True,True
86294,1.0,0.0,0.5,none,True,True
86295,1.0,0.0,0.5,none,True,True
86296,1.0,0.0,0.5,none,True,True
86297,1.0,0.0,0.5,none,True,True
86298,1.0,0.0,0.5,none,True,True
86299,1.0,0.0,0.5,none,True,True
86300,1.0,0.0,0.5,none,True,True
86301,1.0,0.0,0.5,none,True,True
86302,1.0,0.0,0.5,none,True,True
86303,1.0,0.0,0.5,none,True,True
86304,1.0,0.0,0.5,none,True,True
86305,1.0,0.0,0.5,none,True,True
86306,1.0,0.0,0.5,none,True,True
86307,1.0,0.0,0.5,none,True,True
86308,1.0,0.0,0.5,none,True,True
86309,1.0,0.0,0.5,none,True,True
86310,1.0,0.0,0.5,none,True,True
86311,1.0,0.0,0.5,none,True,True
86312,1.0,0.0,0.5,none,True,True
86313,1.0,0.0,0.5,none,True,True
86314,1.0,0.0,0.5,none,True,True
86315,1.0,0.0,0.5,none,True,True
86316,1.0,0.0,0.5,none,True,True
86317,1.0,0.0,0.5,none,True,True
86318,1.0,0.0,0.5,none,True,True
86319,1.0,0.0,0.5,none,True,True
86320,1.0,0.0,0.5,none,True,True
86321,1.0,0.0,0.5,none,True,True
86322,1.0,0.0,0.5,none,True,True
86323,1.0,0.0,0.5,none,True,True
86324,1.0,0.0,0.5,none,True,True
86325,1.0,0.0,0.5,none,True,True
86326,1.0,0.0,0.5,none,True,True
86327,1.0,0.0,0.5,none,True,True
86328,1.0,0.0,0.5,none,True,True
86329,1.0,0.0,0.5,none,True,True
86330,1.0,0.0,0.5,none,True,True
86331,1.0,0.0,0.5,none,True,True
86332,1.0,0.0,0.5,none,True,True
86333,1.0,0.0,0.5,none,True,True
86334,1.0,0.0,0.5,none,True,True
86335,1.0,0.0,0.5,none,True,True
86336,1.0,0.0,0.5,none,True,True
86337,1.0,0.0,0.5,none,True,True
86338,1.0,0.0,0.5,none,True,True
86339,1.0,0.0,0.5,none,True,True
86340,1.0,0.0,0.5,none,True,True
86341,1.0,0.0,0.5,none,True,True
86342,1.0,0.0,0.5,none,True,True
86343,1.0,0.0,0.5,none,True,True
86344,1.0,0.0,0.5,none,True,True
86345,1.0,0.0,0.5,none,True,True
86346,1.0,0.0,0.5,none,True,True
86347,1.0,0.0,0.5,none,True,True
86348,1.0,0.0,0.5,none,True,True
86349,1.0,0.0,0.5,none,True,True
86350,1.0,0.0,0.5,none,True,True
86351,1.0,0.0,0.5,none,True,True
86352,1.0,0.0,0.5,none,True,True
86353,1.0,0.0,0.5,none,True,True
86354,1.0,0.0,0.5,none,True,True
86355,1.0,0.0,0.5,none,True,True
86356,1.0,0.0,0.5,none,True,True
86357,1.0,0.0,0.5,none,True,True
86358,1.0,0.0,0.5,none,True,True
86359,1.0,0.0,0.5,none,True,True
86360,1.0,0.0,0.5,none,True,True
86361,1.0,0.0,0.5,none,True,True
86362,1.0,0.0,0.5,none,True,True
86363,1.0,0.0,0.5,none,True,True
86364,1.0,0.0,0.5,none,True,True
86365,1.0,0.0,0.5,none,True,True
86366,1.0,0.0,0.5,none,True,True
86367,1.0,0.0,0.5,none,True,True
86368,1.0,0.0,0.5,none,True,True
86369,1.0,0.0,0.5,none,True,True
86370,1.0,0.0,0.5,none,True,True
86371,1.0,0.0,0.5,none,True,True
86372,1.0,0.0,0.5,none,True,True
86373,1.0,0.0,0.5,none,True,True
86374,1.0,0.0,0.5,none,True,True
86375,1.0,0.0,0.5,none,True,True
86376,1.0,0.0,0.5,none,True,True
86377,1.0,0.0,0.5,none,True,True
86378,1.0,0.0,0.5,none,True,True
86379,1.0,0.0,0.5,none,True,True
86380,1.0,0.0,0.5,none,True,True
86381,1.0,0.0,0.5,none,True,True
86382,1.0,0.0,0.5,none,True,True
86383,1.0,0.0,0.5,none,True,True
86384,1.0,0.0,0.5,none,True,True
86385,1.0,0.0,0.5,none,True,True
86386,1.0,0.0,0.5,none,True,True
86387,1.0,0.0,0.5,none,True,True
86388,1.0,0.0,0.5,none,True,True
86389,1.0,0.0,0.5,none,True,True
86390,1.0,0.0,0.5,none,True,True
86391,1.0,0.0,0.5,none,True,True
86392,1.0,0.0,0.5,none,True,True
86393,1.0,0.0,0.5,none,True,True
86394,1.0,0.0,0.5,none,True,True
86395,1.0,0.0,0.5,none,True,True
86396,1.0,0.0,0.5,none,True,True
86397,1.0,0.0,0.5,none,True,True
86398,1.0,0.0,0.5,none,True,True
86399,1.0,0.0,0.5,none,True,True
86400,1.0,0.0,0.5,none,True,True
86401,1.0,0.0,0.5,none,True,True
86402,1.0,0.0,0.5,none,True,True
86403,1.0,0.0,0.5,none,True,True
86404,1.0,0.0,0.5,none,True,True
86405,1.0,0.0,0.5,none,True,True
86406,1.0,0.0,0.5,none,True,True
86407,1.0,0.0,0.5,none,True,True
86408,1.0,0.0,0.5,none,True,True
86409,1.0,0.0,0.5,none,True,True
86410,1.0,0.0,0.5,none,True,True
86411,1.0,0.0,0.5,none,True,True
86412,1.0,0.0,0.5,none,True,True
86413,1.0,0.0,0.5,none,True,True
86414,1.0,0.0,0.5,none,True,True
86415,1.0,0.0,0.5,none,True,True
86416,1.0,0.0,0.5,none,True,True
86417,1.0,0.0,0.5,none,True,True
86418,1.0,0.0,0.5,none,True,True
86419,1.0,0.0,0.5,none,True,True
86420,1.0,0.0,0.5,none,True,True
86421,1.0,0.0,0.5,none,True,True
86422,1.0,0.0,0.5,none,True,True
86423,1.0,0.0,0.5,none,True,True
86424,1.0,0.0,0.5,none,True,True
86425,1.0,0.0,0.5,none,True,True
86426,1.0,0.0,0.5,none,True,True
86427,1.0,0.0,0.5,none,True,True
86428,1.0,0.0,0.5,none,True,True
86429,1.0,0.0,0.5,none,True,True
86430,1.0,0.0,0.5,none,True,True
86431,1.0,0.0,0.5,none,True,True
86432,1.0,0.0,0.5,none,True,True
86433,1.0,0.0,0.5,none,True,True
86434,1.0,0.0,0.5,none,True,True
86435,1.0,0.0,0.5,none,True,True
86436,1.0,0.0,0.5,none,True,True
86437,1.0,0.0,0.5,none,True,True
86438,1.0,0.0,0.5,none,True,True
86439,1.0,0.0,0.5,none,True,True
86440,1.0,0.0,0.5,none,True,True
86441,1.0,0.0,0.5,none,True,True
86442,1.0,0.0,0.5,none,True,True
86443,1.0,0.0,0.5,none,True,True
86444,1.0,0.0,0.5,none,True,True
86445,1.0,0.0,0.5,none,True,True
86446,1.0,0.0,0.5,none,True,True
86447,1.0,0.0,0.5,none,True,True
86448,1.0,0.0,0.5,none,True,True
86449,1.0,0.0,0.5,none,True,True
86450,1.0,0.0,0.5,none,True,True
86451,1.0,0.0,0.5,none,True,True
86452,1.0,0.0,0.5,none,True,True
86453,1.0,0.0,0.5,none,True,True
86454,1.0,0.0,0.5,none,True,True
86455,1.0,0.0,0.5,none,True,True
86456,1.0,0.0,0.5,none,True,True
86457,1.0,0.0,0.5,none,True,True
86458,1.0,0.0,0.5,none,True,True
86459,1.0,0.0,0.5,none,True,True
86460,1.0,0.0,0.5,none,True,True
86461,1.0,0.0,0.5,none,True,True
86462,1.0,0.0,0.5,none,True,True
86463,1.0,0.0,0.5,none,True,True
86464,1.0,0.0,0.5,none,True,True
86465,1.0,0.0,0.5,none,True,True
86466,1.0,0.0,0.5,none,True,True
86467,1.0,0.0,0.5,none,True,True
86468,1.0,0.0,0.5,none,True,True
86469,1.0,0.0,0.5,none,True,True
86470,1.0,0.0,0.5,none,True,True
86471,1.0,0.0,0.5,none,True,True
86472,1.0,0.0,0.5,none,True,True
86473,1.0,0.0,0.5,none,True,True
86474,1.0,0.0,0.5,none,True,True
86475,1.0,0.0,0.5,none,True,True
86476,1.0,0.0,0.5,none,True,True
86477,1.0,0.0,0.5,none,True,True
86478,1.0,0.0,0.5,none,True,True
86479,1.0,0.0,0.5,none,True,True
86480,1.0,0.0,0.5,none,True,True
86481,1.0,0.0,0.5,none,True,True
86482,1.0,0.0,0.5,none,True,True
86483,1.0,0.0,0.5,none,True,True
86484,1.0,0.0,0.5,none,True,True
86485,1.0,0.0,0.5,none,True,True
86486,1.0,0.0,0.5,none,True,True
86487,1.0,0.0,0.5,none,True,True
86488,1.0,0.0,0.5,none,True,True
86489,1.0,0.0,0.5,none,True,True
86490,1.0,0.0,0.5,none,True,True
86491,1.0,0.0,0.5,none,True,True
86492,1.0,0.0,0.5,none,True,True
86493,1.0,0.0,0.5,none,True,True
86494,1.0,0.0,0.5,none,True,True
86495,1.0,0.0,0.5,none,True,True
86496,1.0,0.0,0.5,none,True,True
86497,1.0,0.0,0.5,none,True,True
86498,1.0,0.0,0.5,none,True,True
86499,1.0,0.0,0.5,none,True,True
86500,1.0,0.0,0.5,none,True,True
86501,1.0,0.0,0.5,none,True,True
86502,1.0,0.0,0.5,none,True,True
86503,1.0,0.0,0.5,none,True,True
86504,1.0,0.0,0.5,none,True,True
86505,1.0,0.0,0.5,none,True,True
86506,1.0,0.0,0.5,none,True,True
86507,1.0,0.0,0.5,none,True,True
86508,1.0,0.0,0.5,none,True,True
86509,1.0,0.0,0.5,none,True,True
86510,1.0,0.0,0.5,none,True,True
86511,1.0,0.0,0.5,none,True,True
86512,1.0,0.0,0.5,none,True,True
86513,1.0,0.0,0.5,none,True,True
86514,1.0,0.0,0.5,none,True,True
86515,1.0,0.0,0.5,none,True,True
86516,1.0,0.0,0.5,none,True,True
86517,1.0,0.0,0.5,none,True,True
86518,1.0,0.0,0.5,none,True,True
86519,1.0,0.0,0.5,none,True,True
86520,1.0,0.0,0.5,none,True,True
86521,1.0,0.0,0.5,none,True,True
86522,1.0,0.0,0.5,none,True,True
86523,1.0,0.0,0.5,none,True,True
86524,1.0,0.0,0.5,none,True,True
86525,1.0,0.0,0.5,none,True,True
86526,1.0,0.0,0.5,none,True,True
86527,1.0,0.0,0.5,none,True,True
86528,1.0,0.0,0.5,none,True,True
86529,1.0,0.0,0.5,none,True,True
86530,1.0,0.0,0.5,none,True,True
86531,1.0,0.0,0.5,none,True,True
86532,1.0,0.0,0.5,none,True,True
86533,1.0,0.0,0.5,none,True,True
86534,1.0,0.0,0.5,none,True,True
86535,1.0,0.0,0.5,none,True,True
86536,1.0,0.0,0.5,none,True,True
86537,1.0,0.0,0.5,none,True,True
86538,1.0,0.0,0.5,none,True,True
86539,1.0,0.0,0.5,none,True,True
86540,1.0,0.0,0.5,none,True,True
86541,1.0,0.0,0.5,none,True,True
86542,1.0,0.0,0.5,none,True,True
86543,1.0,0.0,0.5,none,True,True
86544,1.0,0.0,0.5,none,True,True
86545,1.0,0.0,0.5,none,True,True
86546,1.0,0.0,0.5,none,True,True
86547,1.0,0.0,0.5,none,True,True
86548,1.0,0.0,0.5,none,True,True
86549,1.0,0.0,0.5,none,True,True
86550,1.0,0.0,0.5,none,True,True
86551,1.0,0.0,0.5,none,True,True
86552,1.0,0.0,0.5,none,True,True
86553,1.0,0.0,0.5,none,True,True
86554,1.0,0.0,0.5,none,True,True
86555,1.0,0.0,0.5,none,True,True
86556,1.0,0.0,0.5,none,True,True
86557,1.0,0.0,0.5,none,True,True
86558,1.0,0.0,0.5,none,True,True
86559,1.0,0.0,0.5,none,True,True
86560,1.0,0.0,0.5,none,True,True
86561,1.0,0.0,0.5,none,True,True
86562,1.0,0.0,0.5,none,True,True
86563,1.0,0.0,0.5,none,True,True
86564,1.0,0.0,0.5,none,True,True
86565,1.0,0.0,0.5,none,True,True
86566,1.0,0.0,0.5,none,True,True
86567,1.0,0.0,0.5,none,True,True
86568,1.0,0.0,0.5,none,True,True
86569,1.0,0.0,0.5,none,True,True
86570,1.0,0.0,0.5,none,True,True
86571,1.0,0.0,0.5,none,True,True
86572,1.0,0.0,0.5,none,True,True
86573,1.0,0.0,0.5,none,True,True
86574,1.0,0.0,0.5,none,True,True
86575,1.0,0.0,0.5,none,True,True
86576,1.0,0.0,0.5,none,True,True
86577,1.0,0.0,0.5,none,True,True
86578,1.0,0.0,0.5,none,True,True
86579,1.0,0.0,0.5,none,True,True
86580,1.0,0.0,0.5,none,True,True
86581,1.0,0.0,0.5,none,True,True
86582,1.0,0.0,0.5,none,True,True
86583,1.0,0.0,0.5,none,True,True
86584,1.0,0.0,0.5,none,True,True
86585,1.0,0.0,0.5,none,True,True
86586,1.0,0.0,0.5,none,True,True
86587,1.0,0.0,0.5,none,True,True
86588,1.0,0.0,0.5,none,True,True
86589,1.0,0.0,0.5,none,True,True
86590,1.0,0.0,0.5,none,True,True
86591,1.0,0.0,0.5,none,True,True
86592,1.0,0.0,0.5,none,True,True
86593,1.0,0.0,0.5,none,True,True
86594,1.0,0.0,0.5,none,True,True
86595,1.0,0.0,0.5,none,True,True
86596,1.0,0.0,0.5,none,True,True
86597,1.0,0.0,0.5,none,True,True
86598,1.0,0.0,0.5,none,True,True
86599,1.0,0.0,0.5,none,True,True
86600,1.0,0.0,0.5,none,True,True
86601,1.0,0.0,0.5,none,True,True
86602,1.0,0.0,0.5,none,True,True
86603,1.0,0.0,0.5,none,True,True
86604,1.0,0.0,0.5,none,True,True
86605,1.0,0.0,0.5,none,True,True
86606,1.0,0.0,0.5,none,True,True
86607,1.0,0.0,0.5,none,True,True
86608,1.0,0.0,0.5,none,True,True
86609,1.0,0.0,0.5,none,True,True
86610,1.0,0.0,0.5,none,True,True
86611,1.0,0.0,0.5,none,True,True
86612,1.0,0.0,0.5,none,True,True
86613,1.0,0.0,0.5,none,True,True
86614,1.0,0.0,0.5,none,True,True
86615,1.0,0.0,0.5,none,True,True
86616,1.0,0.0,0.5,none,True,True
86617,1.0,0.0,0.5,none,True,True
86618,1.0,0.0,0.5,none,True,True
86619,1.0,0.0,0.5,none,True,True
86620,1.0,0.0,0.5,none,True,True
86621,1.0,0.0,0.5,none,True,True
86622,1.0,0.0,0.5,none,True,True
86623,1.0,0.0,0.5,none,True,True
86624,1.0,0.0,0.5,none,True,True
86625,1.0,0.0,0.5,none,True,True
86626,1.0,0.0,0.5,none,True,True
86627,1.0,0.0,0.5,none,True,True
86628,1.0,0.0,0.5,none,True,True
86629,1.0,0.0,0.5,none,True,True
86630,1.0,0.0,0.5,none,True,True
86631,1.0,0.0,0.5,none,True,True
86632,1.0,0.0,0.5,none,True,True
86633,1.0,0.0,0.5,none,True,True
86634,1.0,0.0,0.5,none,True,True
86635,1.0,0.0,0.5,none,True,True
86636,1.0,0.0,0.5,none,True,True
86637,1.0,0.0,0.5,none,True,True
86638,1.0,0.0,0.5,none,True,True
86639,1.0,0.0,0.5,none,True,True
86640,1.0,0.0,0.5,none,True,True
86641,1.0,0.0,0.5,none,True,True
86642,1.0,0.0,0.5,none,True,True
86643,1.0,0.0,0.5,none,True,True
86644,1.0,0.0,0.5,none,True,True
86645,1.0,0.0,0.5,none,True,True
86646,1.0,0.0,0.5,none,True,True
86647,1.0,0.0,0.5,none,True,True
86648,1.0,0.0,0.5,none,True,True
86649,1.0,0.0,0.5,none,True,True
86650,1.0,0.0,0.5,none,True,True
86651,1.0,0.0,0.5,none,True,True
86652,1.0,0.0,0.5,none,True,True
86653,1.0,0.0,0.5,none,True,True
86654,1.0,0.0,0.5,none,True,True
86655,1.0,0.0,0.5,none,True,True
86656,1.0,0.0,0.5,none,True,True
86657,1.0,0.0,0.5,none,True,True
86658,1.0,0.0,0.5,none,True,True
86659,1.0,0.0,0.5,none,True,True
86660,1.0,0.0,0.5,none,True,True
86661,1.0,0.0,0.5,none,True,True
86662,1.0,0.0,0.5,none,True,True
86663,1.0,0.0,0.5,none,True,True
86664,1.0,0.0,0.5,none,True,True
86665,1.0,0.0,0.5,none,True,True
86666,1.0,0.0,0.5,none,True,True
86667,1.0,0.0,0.5,none,True,True
86668,1.0,0.0,0.5,none,True,True
86669,1.0,0.0,0.5,none,True,True
86670,1.0,0.0,0.5,none,True,True
86671,1.0,0.0,0.5,none,True,True
86672,1.0,0.0,0.5,none,True,True
86673,1.0,0.0,0.5,none,True,True
86674,1.0,0.0,0.5,none,True,True
86675,1.0,0.0,0.5,none,True,True
86676,1.0,0.0,0.5,none,True,True
86677,1.0,0.0,0.5,none,True,True
86678,1.0,0.0,0.5,none,True,True
86679,1.0,0.0,0.5,none,True,True
86680,1.0,0.0,0.5,none,True,True
86681,1.0,0.0,0.5,none,True,True
86682,1.0,0.0,0.5,none,True,True
86683,1.0,0.0,0.5,none,True,True
86684,1.0,0.0,0.5,none,True,True
86685,1.0,0.0,0.5,none,True,True
86686,1.0,0.0,0.5,none,True,True
86687,1.0,0.0,0.5,none,True,True
86688,1.0,0.0,0.5,none,True,True
86689,1.0,0.0,0.5,none,True,True
86690,1.0,0.0,0.5,none,True,True
86691,1.0,0.0,0.5,none,True,True
86692,1.0,0.0,0.5,none,True,True
86693,1.0,0.0,0.5,none,True,True
86694,1.0,0.0,0.5,none,True,True
86695,1.0,0.0,0.5,none,True,True
86696,1.0,0.0,0.5,none,True,True
86697,1.0,0.0,0.5,none,True,True
86698,1.0,0.0,0.5,none,True,True
86699,1.0,0.0,0.5,none,True,True
86700,1.0,0.0,0.5,none,True,True
86701,1.0,0.0,0.5,none,True,True
86702,1.0,0.0,0.5,none,True,True
86703,1.0,0.0,0.5,none,True,True
86704,1.0,0.0,0.5,none,True,True
86705,1.0,0.0,0.5,none,True,True
86706,1.0,0.0,0.5,none,True,True
86707,1.0,0.0,0.5,none,True,True
86708,1.0,0.0,0.5,none,True,True
86709,1.0,0.0,0.5,none,True,True
86710,1.0,0.0,0.5,none,True,True
86711,1.0,0.0,0.5,none,True,True
86712,1.0,0.0,0.5,none,True,True
86713,1.0,0.0,0.5,none,True,True
86714,1.0,0.0,0.5,none,True,True
86715,1.0,0.0,0.5,none,True,True
86716,1.0,0.0,0.5,none,True,True
86717,1.0,0.0,0.5,none,True,True
86718,1.0,0.0,0.5,none,True,True
86719,1.0,0.0,0.5,none,True,True
86720,1.0,0.0,0.5,none,True,True
86721,1.0,0.0,0.5,none,True,True
86722,1.0,0.0,0.5,none,True,True
86723,1.0,0.0,0.5,none,True,True
86724,1.0,0.0,0.5,none,True,True
86725,1.0,0.0,0.5,none,True,True
86726,1.0,0.0,0.5,none,True,True
86727,1.0,0.0,0.5,none,True,True
86728,1.0,0.0,0.5,none,True,True
86729,1.0,0.0,0.5,none,True,True
86730,1.0,0.0,0.5,none,True,True
86731,1.0,0.0,0.5,none,True,True
86732,1.0,0.0,0.5,none,True,True
86733,1.0,0.0,0.5,none,True,True
86734,1.0,0.0,0.5,none,True,True
86735,1.0,0.0,0.5,none,True,True
86736,1.0,0.0,0.5,none,True,True
86737,1.0,0.0,0.5,none,True,True
86738,1.0,0.0,0.5,none,True,True
86739,1.0,0.0,0.5,none,True,True
86740,1.0,0.0,0.5,none,True,True
86741,1.0,0.0,0.5,none,True,True
86742,1.0,0.0,0.5,none,True,True
86743,1.0,0.0,0.5,none,True,True
86744,1.0,0.0,0.5,none,True,True
86745,1.0,0.0,0.5,none,True,True
86746,1.0,0.0,0.5,none,True,True
86747,1.0,0.0,0.5,none,True,True
86748,1.0,0.0,0.5,none,True,True
86749,1.0,0.0,0.5,none,True,True
86750,1.0,0.0,0.5,none,True,True
86751,1.0,0.0,0.5,none,True,True
86752,1.0,0.0,0.5,none,True,True
86753,1.0,0.0,0.5,none,True,True
86754,1.0,0.0,0.5,none,True,True
86755,1.0,0.0,0.5,none,True,True
86756,1.0,0.0,0.5,none,True,True
86757,1.0,0.0,0.5,none,True,True
86758,1.0,0.0,0.5,none,True,True
86759,1.0,0.0,0.5,none,True,True
86760,1.0,0.0,0.5,none,True,True
86761,1.0,0.0,0.5,none,True,True
86762,1.0,0.0,0.5,none,True,True
86763,1.0,0.0,0.5,none,True,True
86764,1.0,0.0,0.5,none,True,True
86765,1.0,0.0,0.5,none,True,True
86766,1.0,0.0,0.5,none,True,True
86767,1.0,0.0,0.5,none,True,True
86768,1.0,0.0,0.5,none,True,True
86769,1.0,0.0,0.5,none,True,True
86770,1.0,0.0,0.5,none,True,True
86771,1.0,0.0,0.5,none,True,True
86772,1.0,0.0,0.5,none,True,True
86773,1.0,0.0,0.5,none,True,True
86774,1.0,0.0,0.5,none,True,True
86775,1.0,0.0,0.5,none,True,True
86776,1.0,0.0,0.5,none,True,True
86777,1.0,0.0,0.5,none,True,True
86778,1.0,0.0,0.5,none,True,True
86779,1.0,0.0,0.5,none,True,True
86780,1.0,0.0,0.5,none,True,True
86781,1.0,0.0,0.5,none,True,True
86782,1.0,0.0,0.5,none,True,True
86783,1.0,0.0,0.5,none,True,True
86784,1.0,0.0,0.5,none,True,True
86785,1.0,0.0,0.5,none,True,True
86786,1.0,0.0,0.5,none,True,True
86787,1.0,0.0,0.5,none,True,True
86788,1.0,0.0,0.5,none,True,True
86789,1.0,0.0,0.5,none,True,True
86790,1.0,0.0,0.5,none,True,True
86791,1.0,0.0,0.5,none,True,True
86792,1.0,0.0,0.5,none,True,True
86793,1.0,0.0,0.5,none,True,True
86794,1.0,0.0,0.5,none,True,True
86795,1.0,0.0,0.5,none,True,True
86796,1.0,0.0,0.5,none,True,True
86797,1.0,0.0,0.5,none,True,True
86798,1.0,0.0,0.5,none,True,True
86799,1.0,0.0,0.5,none,True,True
86800,1.0,0.0061,0.5,none,True,True
86801,1.0,0.0357,0.5,none,True,True
86802,1.0,0.0812,0.5,none,True,True
86803,1.0,0.1113,0.5,none,True,True
86804,1.0,0.1253,0.5,none,True,True
86805,1.0,0.1408,0.5,none,True,True
86806,1.0,0.0907,0.5,none,True,True
86807,1.0,0.1198,0.5,none,True,True
86808,1.0,0.0467,0.5,none,True,True
86809,1.0,0.0522,0.5,none,True,True
86810,1.0,0.0405,0.5,none,True,True
86811,1.0,0.0313,0.5,none,True,True
86812,1.0,0.0083,0.5,none,True,True
86813,1.0,0.0726,0.5,none,True,True
86814,1.0,0.0793,0.5,none,True,True
86815,1.0,0.0581,0.5,none,True,True
86816,1.0,0.0955,0.5,none,True,True
86817,1.0,0.0839,0.5,none,True,True
86818,1.0,0.0648,0.5,none,True,True
86819,1.0,0.0718,0.5,none,True,True
86820,1.0,0.0589,0.5,none,True,True
86821,1.0,0.0403,0.5,none,True,True
86822,1.0,0.0327,0.5,none,True,True
86823,1.0,0.0277,0.5,none,True,True
86824,1.0,0.017,0.5,none,True,True
86825,1.0,0.0102,0.5,none,True,True
86826,1.0,0.0099,0.5,none,True,True
86827,1.0,0.008,0.5,none,True,True
86828,1.0,0.005,0.5,none,True,True
86829,1.0,0.0063,0.5,none,True,True
86830,1.0,0.009,0.5,none,True,True
86831,1.0,0.0096,0.5,none,True,True
86832,1.0,0.0108,0.5,none,True,True
86833,1.0,0.014,0.5,none,True,True
86834,1.0,0.0161,0.5,none,True,True
86835,1.0,0.0167,0.5,none,True,True
86836,1.0,0.0182,0.5,none,True,True
86837,1.0,0.0196,0.5,none,True,True
86838,1.0,0.0197,0.5,none,True,True
86839,1.0,0.0193,0.5,none,True,True
86840,1.0,0.0193,0.5,none,True,True
86841,1.0,0.0187,0.5,none,True,True
86842,1.0,0.0174,0.5,none,True,True
86843,1.0,0.0163,0.5,none,True,True
86844,1.0,0.0152,0.5,none,True,True
86845,1.0,0.0138,0.5,none,True,True
86846,1.0,0.0123,0.5,none,True,True
86847,1.0,0.0111,0.5,none,True,True
86848,1.0,0.01,0.5,none,True,True
86849,1.0,0.0088,0.5,none,True,True
86850,1.0,0.0078,0.5,none,True,True
86851,1.0,0.0071,0.5,none,True,True
86852,1.0,0.0064,0.5,none,True,True
86853,1.0,0.0057,0.5,none,True,True
86854,1.0,0.0053,0.5,none,True,True
86855,1.0,0.005,0.5,none,True,True
86856,1.0,0.0047,0.5,none,True,True
86857,1.0,0.0045,0.5,none,True,True
86858,1.0,0.0044,0.5,none,True,True
86859,1.0,0.0043,0.5,none,True,True
86860,1.0,0.0042,0.5,none,True,True
86861,1.0,0.0041,0.5,none,True,True
86862,1.0,0.004,0.5,none,True,True
86863,1.0,0.0039,0.5,none,True,True
86864,1.0,0.0038,0.5,none,True,True
86865,1.0,0.0037,0.5,none,True,True
86866,1.0,0.0035,0.5,none,True,True
86867,1.0,0.0033,0.5,none,True,True
86868,1.0,0.0032,0.5,none,True,True
86869,1.0,0.003,0.5,none,True,True
86870,1.0,0.0028,0.5,none,True,True
86871,1.0,0.0026,0.5,none,True,True
86872,1.0,0.0024,0.5,none,True,True
86873,1.0,0.0023,0.5,none,True,True
86874,1.0,0.0021,0.5,none,True,True
86875,1.0,0.0019,0.5,none,True,True
86876,1.0,0.0018,0.5,none,True,True
86877,1.0,0.0017,0.5,none,True,True
86878,1.0,0.0015,0.5,none,True,True
86879,1.0,0.0014,0.5,none,True,True
86880,1.0,0.0013,0.5,none,True,True
86881,1.0,0.0013,0.5,none,True,True
86882,1.0,0.0012,0.5,none,True,True
86883,1.0,0.0011,0.5,none,True,True
86884,1.0,0.0011,0.5,none,True,True
86885,1.0,0.001,0.5,none,True,True
86886,1.0,0.001,0.5,none,True,True
86887,1.0,0.0009,0.5,none,True,True
86888,1.0,0.0009,0.5,none,True,True
86889,1.0,0.0008,0.5,none,True,True
86890,1.0,0.0008,0.5,none,True,True
86891,1.0,0.0008,0.5,none,True,True
86892,1.0,0.0007,0.5,none,True,True
86893,1.0,0.0007,0.5,none,True,True
86894,1.0,0.0006,0.5,none,True,True
86895,1.0,0.0006,0.5,none,True,True
86896,1.0,0.0006,0.5,none,True,True
86897,1.0,0.0005,0.5,none,True,True
86898,1.0,0.0005,0.5,none,True,True
86899,1.0,0.0005,0.5,none,True,True
86900,1.0,0.0004,0.5,none,True,True
86901,1.0,0.0004,0.5,none,True,True
86902,1.0,0.0004,0.5,none,True,True
86903,1.0,0.0004,0.5,none,True,True
86904,1.0,0.0003,0.5,none,True,True
86905,1.0,0.0003,0.5,none,True,True
86906,1.0,0.0003,0.5,none,True,True
86907,1.0,0.0003,0.5,none,True,True
86908,1.0,0.0003,0.5,none,True,True
86909,1.0,0.0003,0.5,none,True,True
86910,1.0,0.0002,0.5,none,True,True
86911,1.0,0.0002,0.5,none,True,True
86912,1.0,0.0002,0.5,none,True,True
86913,1.0,0.0002,0.5,none,True,True
86914,1.0,0.0002,0.5,none,True,True
86915,1.0,0.0002,0.5,none,True,True
86916,1.0,0.0002,0.5,none,True,True
86917,1.0,0.0002,0.5,none,True,True
86918,1.0,0.0002,0.5,none,True,True
86919,1.0,0.0001,0.5,none,True,True
86920,1.0,0.0001,0.5,none,True,True
86921,1.0,0.0001,0.5,none,True,True
86922,1.0,0.0001,0.5,none,True,True
86923,1.0,0.0001,0.5,none,True,True
86924,1.0,0.0001,0.5,none,True,True
86925,1.0,0.0001,0.5,none,True,True
86926,1.0,0.0001,0.5,none,True,True
86927,1.0,0.0001,0.5,none,True,True
86928,1.0,0.0001,0.5,none,True,True
86929,1.0,0.0001,0.5,none,True,True
86930,1.0,0.0001,0.5,none,True,True
86931,1.0,0.0001,0.5,none,True,True
86932,1.0,0.0001,0.5,none,True,True
86933,1.0,0.0001,0.5,none,True,True
86934,1.0,0.0001,0.5,none,True,True
86935,1.0,0.0001,0.5,none,True,True
86936,1.0,0.0001,0.5,none,True,True
86937,1.0,0.0,0.5,none,True,True
86938,1.0,0.0,0.5,none,True,True
86939,1.0,0.0,0.5,none,True,True
86940,1.0,0.0,0.5,none,True,True
86941,1.0,0.0,0.5,none,True,True
86942,1.0,0.0,0.5,none,True,True
86943,1.0,0.0,0.5,none,True,True
86944,1.0,0.0,0.5,none,True,True
86945,1.0,0.0,0.5,none,True,True
86946,1.0,0.0,0.5,none,True,True
86947,1.0,0.0,0.5,none,True,True
86948,1.0,0.0,0.5,none,True,True
86949,1.0,0.0,0.5,none,True,True
86950,1.0,0.0,0.5,none,True,True
86951,1.0,0.0,0.5,none,True,True
86952,1.0,0.0,0.5,none,True,True
86953,1.0,0.0,0.5,none,True,True
86954,1.0,0.0,0.5,none,True,True
86955,1.0,0.0,0.5,none,True,True
86956,1.0,0.0,0.5,none,True,True
86957,1.0,0.0,0.5,none,True,True
86958,1.0,0.0,0.5,none,True,True
86959,1.0,0.0,0.5,none,True,True
86960,1.0,0.0,0.5,none,True,True
86961,1.0,0.0,0.5,none,True,True
86962,1.0,0.0,0.5,none,True,True
86963,1.0,0.0,0.5,none,True,True
86964,1.0,0.0,0.5,none,True,True
86965,1.0,0.0,0.5,none,True,True
86966,1.0,0.0,0.5,none,True,True
86967,1.0,0.0,0.5,none,True,True
86968,1.0,0.0,0.5,none,True,True
86969,1.0,0.0,0.5,none,True,True
86970,1.0,0.0,0.5,none,True,True
86971,1.0,0.0,0.5,none,True,True
86972,1.0,0.0,0.5,none,True,True
86973,1.0,0.0,0.5,none,True,True
86974,1.0,0.0,0.5,none,True,True
86975,1.0,0.0,0.5,none,True,True
86976,1.0,0.0,0.5,none,True,True
86977,1.0,0.0,0.5,none,True,True
86978,1.0,0.0,0.5,none,True,True
86979,1.0,0.0,0.5,none,True,True
86980,1.0,0.0,0.5,none,True,True
86981,1.0,0.0,0.5,none,True,True
86982,1.0,0.0,0.5,none,True,True
86983,1.0,0.0,0.5,none,True,True
86984,1.0,0.0,0.5,none,True,True
86985,1.0,0.0,0.5,none,True,True
86986,1.0,0.0,0.5,none,True,True
86987,1.0,0.0,0.5,none,True,True
86988,1.0,0.0,0.5,none,True,True
86989,1.0,0.0,0.5,none,True,True
86990,1.0,0.0,0.5,none,True,True
86991,1.0,0.0,0.5,none,True,True
86992,1.0,0.0,0.5,none,True,True
86993,1.0,0.0,0.5,none,True,True
86994,1.0,0.0,0.5,none,True,True
86995,1.0,0.0,0.5,none,True,True
86996,1.0,0.0,0.5,none,True,True
86997,1.0,0.0,0.5,none,True,True
86998,1.0,0.0,0.5,none,True,True
86999,1.0,0.0,0.5,none,True,True
87000,1.0,0.0,0.5,none,True,True
87001,1.0,0.0,0.5,none,True,True
87002,1.0,0.0,0.5,none,True,True
87003,1.0,0.0,0.5,none,True,True
87004,1.0,0.0,0.5,none,True,True
87005,1.0,0.0,0.5,none,True,True
87006,1.0,0.0,0.5,none,True,True
87007,1.0,0.0,0.5,none,True,True
87008,1.0,0.0,0.5,none,True,True
87009,1.0,0.0,0.5,none,True,True
87010,1.0,0.0,0.5,none,True,True
87011,1.0,0.0,0.5,none,True,True
87012,1.0,0.0,0.5,none,True,True
87013,1.0,0.0,0.5,none,True,True
87014,1.0,0.0,0.5,none,True,True
87015,1.0,0.0,0.5,none,True,True
87016,1.0,0.0,0.5,none,True,True
87017,1.0,0.0,0.5,none,True,True
87018,1.0,0.0,0.5,none,True,True
87019,1.0,0.0,0.5,none,True,True
87020,1.0,0.0,0.5,none,True,True
87021,1.0,0.0,0.5,none,True,True
87022,1.0,0.0,0.5,none,True,True
87023,1.0,0.0,0.5,none,True,True
87024,1.0,0.0,0.5,none,True,True
87025,1.0,0.0,0.5,none,True,True
87026,1.0,0.0,0.5,none,True,True
87027,1.0,0.0,0.5,none,True,True
87028,1.0,0.0,0.5,none,True,True
87029,1.0,0.0,0.5,none,True,True
87030,1.0,0.0,0.5,none,True,True
87031,1.0,0.0,0.5,none,True,True
87032,1.0,0.0,0.5,none,True,True
87033,1.0,0.0,0.5,none,True,True
87034,1.0,0.0,0.5,none,True,True
87035,1.0,0.0,0.5,none,True,True
87036,1.0,0.0,0.5,none,True,True
87037,1.0,0.0,0.5,none,True,True
87038,1.0,0.0,0.5,none,True,True
87039,1.0,0.0,0.5,none,True,True
87040,1.0,0.0,0.5,none,True,True
87041,1.0,0.0,0.5,none,True,True
87042,1.0,0.0,0.5,none,True,True
87043,1.0,0.0,0.5,none,True,True
87044,1.0,0.0,0.5,none,True,True
87045,1.0,0.0,0.5,none,True,True
87046,1.0,0.0,0.5,none,True,True
87047,1.0,0.0,0.5,none,True,True
87048,1.0,0.0,0.5,none,True,True
87049,1.0,0.0,0.5,none,True,True
87050,1.0,0.0,0.5,none,True,True
87051,1.0,0.0,0.5,none,True,True
87052,1.0,0.0,0.5,none,True,True
87053,1.0,0.0,0.5,none,True,True
87054,1.0,0.0,0.5,none,True,True
87055,1.0,0.0,0.5,none,True,True
87056,1.0,0.0,0.5,none,True,True
87057,1.0,0.0,0.5,none,True,True
87058,1.0,0.0,0.5,none,True,True
87059,1.0,0.0,0.5,none,True,True
87060,1.0,0.0,0.5,none,True,True
87061,1.0,0.0,0.5,none,True,True
87062,1.0,0.0,0.5,none,True,True
87063,1.0,0.0,0.5,none,True,True
87064,1.0,0.0,0.5,none,True,True
87065,1.0,0.0,0.5,none,True,True
87066,1.0,0.0,0.5,none,True,True
87067,1.0,0.0,0.5,none,True,True
87068,1.0,0.0,0.5,none,True,True
87069,1.0,0.0,0.5,none,True,True
87070,1.0,0.0,0.5,none,True,True
87071,1.0,0.0,0.5,none,True,True
87072,1.0,0.0,0.5,none,True,True
87073,1.0,0.0,0.5,none,True,True
87074,1.0,0.0,0.5,none,True,True
87075,1.0,0.0,0.5,none,True,True
87076,1.0,0.0,0.5,none,True,True
87077,1.0,0.0,0.5,none,True,True
87078,1.0,0.0,0.5,none,True,True
87079,1.0,0.0,0.5,none,True,True
87080,1.0,0.0,0.5,none,True,True
87081,1.0,0.0,0.5,none,True,True
87082,1.0,0.0,0.5,none,True,True
87083,1.0,0.0,0.5,none,True,True
87084,1.0,0.0,0.5,none,True,True
87085,1.0,0.0,0.5,none,True,True
87086,1.0,0.0,0.5,none,True,True
87087,1.0,0.0,0.5,none,True,True
87088,1.0,0.0,0.5,none,True,True
87089,1.0,0.0,0.5,none,True,True
87090,1.0,0.0,0.5,none,True,True
87091,1.0,0.0,0.5,none,True,True
87092,1.0,0.0,0.5,none,True,True
87093,1.0,0.0,0.5,none,True,True
87094,1.0,0.0,0.5,none,True,True
87095,1.0,0.0,0.5,none,True,True
87096,1.0,0.0,0.5,none,True,True
87097,1.0,0.0,0.5,none,True,True
87098,1.0,0.0,0.5,none,True,True
87099,1.0,0.0,0.5,none,True,True
87100,1.0,0.0,0.5,none,True,True
87101,1.0,0.0,0.5,none,True,True
87102,1.0,0.0,0.5,none,True,True
87103,1.0,0.0,0.5,none,True,True
87104,1.0,0.0,0.5,none,True,True
87105,1.0,0.0,0.5,none,True,True
87106,1.0,0.0,0.5,none,True,True
87107,1.0,0.0,0.5,none,True,True
87108,1.0,0.0,0.5,none,True,True
87109,1.0,0.0,0.5,none,True,True
87110,1.0,0.0,0.5,none,True,True
87111,1.0,0.0,0.5,none,True,True
87112,1.0,0.0,0.5,none,True,True
87113,1.0,0.0,0.5,none,True,True
87114,1.0,0.0,0.5,none,True,True
87115,1.0,0.0,0.5,none,True,True
87116,1.0,0.0,0.5,none,True,True
87117,1.0,0.0,0.5,none,True,True
87118,1.0,0.0,0.5,none,True,True
87119,1.0,0.0,0.5,none,True,True
87120,1.0,0.0,0.5,none,True,True
87121,1.0,0.0,0.5,none,True,True
87122,1.0,0.0,0.5,none,True,True
87123,1.0,0.0,0.5,none,True,True
87124,1.0,0.0,0.5,none,True,True
87125,1.0,0.0,0.5,none,True,True
87126,1.0,0.0,0.5,none,True,True
87127,1.0,0.0,0.5,none,True,True
87128,1.0,0.0,0.5,none,True,True
87129,1.0,0.0,0.5,none,True,True
87130,1.0,0.0,0.5,none,True,True
87131,1.0,0.0,0.5,none,True,True
87132,1.0,0.0,0.5,none,True,True
87133,1.0,0.0,0.5,none,True,True
87134,1.0,0.0,0.5,none,True,True
87135,1.0,0.0,0.5,none,True,True
87136,1.0,0.0,0.5,none,True,True
87137,1.0,0.0,0.5,none,True,True
87138,1.0,0.0,0.5,none,True,True
87139,1.0,0.0,0.5,none,True,True
87140,1.0,0.0,0.5,none,True,True
87141,1.0,0.0,0.5,none,True,True
87142,1.0,0.0,0.5,none,True,True
87143,1.0,0.0,0.5,none,True,True
87144,1.0,0.0,0.5,none,True,True
87145,1.0,0.0,0.5,none,True,True
87146,1.0,0.0,0.5,none,True,True
87147,1.0,0.0,0.5,none,True,True
87148,1.0,0.0,0.5,none,True,True
87149,1.0,0.0,0.5,none,True,True
87150,1.0,0.0,0.5,none,True,True
87151,1.0,0.0,0.5,none,True,True
87152,1.0,0.0,0.5,none,True,True
87153,1.0,0.0,0.5,none,True,True
87154,1.0,0.0,0.5,none,True,True
87155,1.0,0.0,0.5,none,True,True
87156,1.0,0.0,0.5,none,True,True
87157,1.0,0.0,0.5,none,True,True
87158,1.0,0.0,0.5,none,True,True
87159,1.0,0.0,0.5,none,True,True
87160,1.0,0.0,0.5,none,True,True
87161,1.0,0.0,0.5,none,True,True
87162,1.0,0.0,0.5,none,True,True
87163,1.0,0.0,0.5,none,True,True
87164,1.0,0.0,0.5,none,True,True
87165,1.0,0.0,0.5,none,True,True
87166,1.0,0.0,0.5,none,True,True
87167,1.0,0.0,0.5,none,True,True
87168,1.0,0.0,0.5,none,True,True
87169,1.0,0.0,0.5,none,True,True
87170,1.0,0.0,0.5,none,True,True
87171,1.0,0.0,0.5,none,True,True
87172,1.0,0.0,0.5,none,True,True
87173,1.0,0.0,0.5,none,True,True
87174,1.0,0.0,0.5,none,True,True
87175,1.0,0.0,0.5,none,True,True
87176,1.0,0.0,0.5,none,True,True
87177,1.0,0.0,0.5,none,True,True
87178,1.0,0.0,0.5,none,True,True
87179,1.0,0.0,0.5,none,True,True
87180,1.0,0.0,0.5,none,True,True
87181,1.0,0.0,0.5,none,True,True
87182,1.0,0.0,0.5,none,True,True
87183,1.0,0.0,0.5,none,True,True
87184,1.0,0.0,0.5,none,True,True
87185,1.0,0.0,0.5,none,True,True
87186,1.0,0.0,0.5,none,True,True
87187,1.0,0.0,0.5,none,True,True
87188,1.0,0.0,0.5,none,True,True
87189,1.0,0.0,0.5,none,True,True
87190,1.0,0.0,0.5,none,True,True
87191,1.0,0.0,0.5,none,True,True
87192,1.0,0.0,0.5,none,True,True
87193,1.0,0.0,0.5,none,True,True
87194,1.0,0.0,0.5,none,True,True
87195,1.0,0.0,0.5,none,True,True
87196,1.0,0.0,0.5,none,True,True
87197,1.0,0.0,0.5,none,True,True
87198,1.0,0.0,0.5,none,True,True
87199,1.0,0.0,0.5,none,True,True
87200,1.0,0.0,0.5,none,True,True
87201,1.0,0.0,0.5,none,True,True
87202,1.0,0.0,0.5,none,True,True
87203,1.0,0.0,0.5,none,True,True
87204,1.0,0.0,0.5,none,True,True
87205,1.0,0.0,0.5,none,True,True
87206,1.0,0.0,0.5,none,True,True
87207,1.0,0.0,0.5,none,True,True
87208,1.0,0.0,0.5,none,True,True
87209,1.0,0.0,0.5,none,True,True
87210,1.0,0.0,0.5,none,True,True
87211,1.0,0.0,0.5,none,True,True
87212,1.0,0.0,0.5,none,True,True
87213,1.0,0.0,0.5,none,True,True
87214,1.0,0.0,0.5,none,True,True
87215,1.0,0.0,0.5,none,True,True
87216,1.0,0.0,0.5,none,True,True
87217,1.0,0.0,0.5,none,True,True
87218,1.0,0.0,0.5,none,True,True
87219,1.0,0.0,0.5,none,True,True
87220,1.0,0.0,0.5,none,True,True
87221,1.0,0.0,0.5,none,True,True
87222,1.0,0.0,0.5,none,True,True
87223,1.0,0.0,0.5,none,True,True
87224,1.0,0.0,0.5,none,True,True
87225,1.0,0.0,0.5,none,True,True
87226,1.0,0.0,0.5,none,True,True
87227,1.0,0.0,0.5,none,True,True
87228,1.0,0.0,0.5,none,True,True
87229,1.0,0.0,0.5,none,True,True
87230,1.0,0.0,0.5,none,True,True
87231,1.0,0.0,0.5,none,True,True
87232,1.0,0.0,0.5,none,True,True
87233,1.0,0.0,0.5,none,True,True
87234,1.0,0.0,0.5,none,True,True
87235,1.0,0.0,0.5,none,True,True
87236,1.0,0.0,0.5,none,True,True
87237,1.0,0.0,0.5,none,True,True
87238,1.0,0.0,0.5,none,True,True
87239,1.0,0.0,0.5,none,True,True
87240,1.0,0.0,0.5,none,True,True
87241,1.0,0.0,0.5,none,True,True
87242,1.0,0.0,0.5,none,True,True
87243,1.0,0.0,0.5,none,True,True
87244,1.0,0.0,0.5,none,True,True
87245,1.0,0.0,0.5,none,True,True
87246,1.0,0.0,0.5,none,True,True
87247,1.0,0.0,0.5,none,True,True
87248,1.0,0.0,0.5,none,True,True
87249,1.0,0.0,0.5,none,True,True
87250,1.0,0.0,0.5,none,True,True
87251,1.0,0.0,0.5,none,True,True
87252,1.0,0.0,0.5,none,True,True
87253,1.0,0.0,0.5,none,True,True
87254,1.0,0.0,0.5,none,True,True
87255,1.0,0.0,0.5,none,True,True
87256,1.0,0.0,0.5,none,True,True
87257,1.0,0.0,0.5,none,True,True
87258,1.0,0.0,0.5,none,True,True
87259,1.0,0.0,0.5,none,True,True
87260,1.0,0.0,0.5,none,True,True
87261,1.0,0.0,0.5,none,True,True
87262,1.0,0.0,0.5,none,True,True
87263,1.0,0.0,0.5,none,True,True
87264,1.0,0.0,0.5,none,True,True
87265,1.0,0.0,0.5,none,True,True
87266,1.0,0.0,0.5,none,True,True
87267,1.0,0.0,0.5,none,True,True
87268,1.0,0.0,0.5,none,True,True
87269,1.0,0.0,0.5,none,True,True
87270,1.0,0.0,0.5,none,True,True
87271,1.0,0.0,0.5,none,True,True
87272,1.0,0.0,0.5,none,True,True
87273,1.0,0.0,0.5,none,True,True
87274,1.0,0.0,0.5,none,True,True
87275,1.0,0.0,0.5,none,True,True
87276,1.0,0.0,0.5,none,True,True
87277,1.0,0.0,0.5,none,True,True
87278,1.0,0.0,0.5,none,True,True
87279,1.0,0.0,0.5,none,True,True
87280,1.0,0.0,0.5,none,True,True
87281,1.0,0.0,0.5,none,True,True
87282,1.0,0.0,0.5,none,True,True
87283,1.0,0.0,0.5,none,True,True
87284,1.0,0.0,0.5,none,True,True
87285,1.0,0.0,0.5,none,True,True
87286,1.0,0.0,0.5,none,True,True
87287,1.0,0.0,0.5,none,True,True
87288,1.0,0.0,0.5,none,True,True
87289,1.0,0.0,0.5,none,True,True
87290,1.0,0.0,0.5,none,True,True
87291,1.0,0.0,0.5,none,True,True
87292,1.0,0.0,0.5,none,True,True
87293,1.0,0.0,0.5,none,True,True
87294,1.0,0.0,0.5,none,True,True
87295,1.0,0.0,0.5,none,True,True
87296,1.0,0.0,0.5,none,True,True
87297,1.0,0.0,0.5,none,True,True
87298,1.0,0.0,0.5,none,True,True
87299,1.0,0.0,0.5,none,True,True
87300,1.0,0.0,0.5,none,True,True
87301,1.0,0.0,0.5,none,True,True
87302,1.0,0.0,0.5,none,True,True
87303,1.0,0.0,0.5,none,True,True
87304,1.0,0.0,0.5,none,True,True
87305,1.0,0.0,0.5,none,True,True
87306,1.0,0.0,0.5,none,True,True
87307,1.0,0.0,0.5,none,True,True
87308,1.0,0.0,0.5,none,True,True
87309,1.0,0.0,0.5,none,True,True
87310,1.0,0.0,0.5,none,True,True
87311,1.0,0.0,0.5,none,True,True
87312,1.0,0.0,0.5,none,True,True
87313,1.0,0.0,0.5,none,True,True
87314,1.0,0.0,0.5,none,True,True
87315,1.0,0.0,0.5,none,True,True
87316,1.0,0.0,0.5,none,True,True
87317,1.0,0.0,0.5,none,True,True
87318,1.0,0.0,0.5,none,True,True
87319,1.0,0.0,0.5,none,True,True
87320,1.0,0.0,0.5,none,True,True
87321,1.0,0.0,0.5,none,True,True
87322,1.0,0.0,0.5,none,True,True
87323,1.0,0.0,0.5,none,True,True
87324,1.0,0.0,0.5,none,True,True
87325,1.0,0.0,0.5,none,True,True
87326,1.0,0.0,0.5,none,True,True
87327,1.0,0.0,0.5,none,True,True
87328,1.0,0.0,0.5,none,True,True
87329,1.0,0.0,0.5,none,True,True
87330,1.0,0.0,0.5,none,True,True
87331,1.0,0.0,0.5,none,True,True
87332,1.0,0.0,0.5,none,True,True
87333,1.0,0.0,0.5,none,True,True
87334,1.0,0.0,0.5,none,True,True
87335,1.0,0.0,0.5,none,True,True
87336,1.0,0.0,0.5,none,True,True
87337,1.0,0.0,0.5,none,True,True
87338,1.0,0.0,0.5,none,True,True
87339,1.0,0.0,0.5,none,True,True
87340,1.0,0.0,0.5,none,True,True
87341,1.0,0.0,0.5,none,True,True
87342,1.0,0.0,0.5,none,True,True
87343,1.0,0.0,0.5,none,True,True
87344,1.0,0.0,0.5,none,True,True
87345,1.0,0.0,0.5,none,True,True
87346,1.0,0.0,0.5,none,True,True
87347,1.0,0.0,0.5,none,True,True
87348,1.0,0.0,0.5,none,True,True
87349,1.0,0.0,0.5,none,True,True
87350,1.0,0.0,0.5,none,True,True
87351,1.0,0.0,0.5,none,True,True
87352,1.0,0.0,0.5,none,True,True
87353,1.0,0.0,0.5,none,True,True
87354,1.0,0.0,0.5,none,True,True
87355,1.0,0.0,0.5,none,True,True
87356,1.0,0.0,0.5,none,True,True
87357,1.0,0.0,0.5,none,True,True
87358,1.0,0.0,0.5,none,True,True
87359,1.0,0.0,0.5,none,True,True
87360,1.0,0.0,0.5,none,True,True
87361,1.0,0.0,0.5,none,True,True
87362,1.0,0.0,0.5,none,True,True
87363,1.0,0.0,0.5,none,True,True
87364,1.0,0.0,0.5,none,True,True
87365,1.0,0.0,0.5,none,True,True
87366,1.0,0.0,0.5,none,True,True
87367,1.0,0.0,0.5,none,True,True
87368,1.0,0.0,0.5,none,True,True
87369,1.0,0.0,0.5,none,True,True
87370,1.0,0.0,0.5,none,True,True
87371,1.0,0.0,0.5,none,True,True
87372,1.0,0.0,0.5,none,True,True
87373,1.0,0.0,0.5,none,True,True
87374,1.0,0.0,0.5,none,True,True
87375,1.0,0.0,0.5,none,True,True
87376,1.0,0.0,0.5,none,True,True
87377,1.0,0.0,0.5,none,True,True
87378,1.0,0.0,0.5,none,True,True
87379,1.0,0.0,0.5,none,True,True
87380,1.0,0.0,0.5,none,True,True
87381,1.0,0.0,0.5,none,True,True
87382,1.0,0.0,0.5,none,True,True
87383,1.0,0.0,0.5,none,True,True
87384,1.0,0.0,0.5,none,True,True
87385,1.0,0.0,0.5,none,True,True
87386,1.0,0.0,0.5,none,True,True
87387,1.0,0.0,0.5,none,True,True
87388,1.0,0.0,0.5,none,True,True
87389,1.0,0.0,0.5,none,True,True
87390,1.0,0.0,0.5,none,True,True
87391,1.0,0.0,0.5,none,True,True
87392,1.0,0.0,0.5,none,True,True
87393,1.0,0.0,0.5,none,True,True
87394,1.0,0.0,0.5,none,True,True
87395,1.0,0.0,0.5,none,True,True
87396,1.0,0.0,0.5,none,True,True
87397,1.0,0.0,0.5,none,True,True
87398,1.0,0.0,0.5,none,True,True
87399,1.0,0.0,0.5,none,True,True
87400,1.0,0.0,0.5,none,True,True
87401,1.0,0.0,0.5,none,True,True
87402,1.0,0.0,0.5,none,True,True
87403,1.0,0.0,0.5,none,True,True
87404,1.0,0.0,0.5,none,True,True
87405,1.0,0.0,0.5,none,True,True
87406,1.0,0.0,0.5,none,True,True
87407,1.0,0.0,0.5,none,True,True
87408,1.0,0.0,0.5,none,True,True
87409,1.0,0.0,0.5,none,True,True
87410,1.0,0.0,0.5,none,True,True
87411,1.0,0.0,0.5,none,True,True
87412,1.0,0.0,0.5,none,True,True
87413,1.0,0.0,0.5,none,True,True
87414,1.0,0.0,0.5,none,True,True
87415,1.0,0.0,0.5,none,True,True
87416,1.0,0.0,0.5,none,True,True
87417,1.0,0.0,0.5,none,True,True
87418,1.0,0.0,0.5,none,True,True
87419,1.0,0.0,0.5,none,True,True
87420,1.0,0.0,0.5,none,True,True
87421,1.0,0.0,0.5,none,True,True
87422,1.0,0.0,0.5,none,True,True
87423,1.0,0.0,0.5,none,True,True
87424,1.0,0.0,0.5,none,True,True
87425,1.0,0.0,0.5,none,True,True
87426,1.0,0.0,0.5,none,True,True
87427,1.0,0.0,0.5,none,True,True
87428,1.0,0.0,0.5,none,True,True
87429,1.0,0.0,0.5,none,True,True
87430,1.0,0.0,0.5,none,True,True
87431,1.0,0.0,0.5,none,True,True
87432,1.0,0.0,0.5,none,True,True
87433,1.0,0.0,0.5,none,True,True
87434,1.0,0.0,0.5,none,True,True
87435,1.0,0.0,0.5,none,True,True
87436,1.0,0.0,0.5,none,True,True
87437,1.0,0.0,0.5,none,True,True
87438,1.0,0.0,0.5,none,True,True
87439,1.0,0.0,0.5,none,True,True
87440,1.0,0.0,0.5,none,True,True
87441,1.0,0.0,0.5,none,True,True
87442,1.0,0.0,0.5,none,True,True
87443,1.0,0.0,0.5,none,True,True
87444,1.0,0.0,0.5,none,True,True
87445,1.0,0.0,0.5,none,True,True
87446,1.0,0.0,0.5,none,True,True
87447,1.0,0.0,0.5,none,True,True
87448,1.0,0.0,0.5,none,True,True
87449,1.0,0.0,0.5,none,True,True
87450,1.0,0.0,0.5,none,True,True
87451,1.0,0.0,0.5,none,True,True
87452,1.0,0.0,0.5,none,True,True
87453,1.0,0.0,0.5,none,True,True
87454,1.0,0.0,0.5,none,True,True
87455,1.0,0.0,0.5,none,True,True
87456,1.0,0.0,0.5,none,True,True
87457,1.0,0.0,0.5,none,True,True
87458,1.0,0.0,0.5,none,True,True
87459,1.0,0.0,0.5,none,True,True
87460,1.0,0.0,0.5,none,True,True
87461,1.0,0.0,0.5,none,True,True
87462,1.0,0.0,0.5,none,True,True
87463,1.0,0.0,0.5,none,True,True
87464,1.0,0.0,0.5,none,True,True
87465,1.0,0.0,0.5,none,True,True
87466,1.0,0.0,0.5,none,True,True
87467,1.0,0.0,0.5,none,True,True
87468,1.0,0.0,0.5,none,True,True
87469,1.0,0.0,0.5,none,True,True
87470,1.0,0.0,0.5,none,True,True
87471,1.0,0.0,0.5,none,True,True
87472,1.0,0.0,0.5,none,True,True
87473,1.0,0.0,0.5,none,True,True
87474,1.0,0.0,0.5,none,True,True
87475,1.0,0.0,0.5,none,True,True
87476,1.0,0.0,0.5,none,True,True
87477,1.0,0.0,0.5,none,True,True
87478,1.0,0.0,0.5,none,True,True
87479,1.0,0.0,0.5,none,True,True
87480,1.0,0.0,0.5,none,True,True
87481,1.0,0.0,0.5,none,True,True
87482,1.0,0.0,0.5,none,True,True
87483,1.0,0.0,0.5,none,True,True
87484,1.0,0.0,0.5,none,True,True
87485,1.0,0.0,0.5,none,True,True
87486,1.0,0.0,0.5,none,True,True
87487,1.0,0.0,0.5,none,True,True
87488,1.0,0.0,0.5,none,True,True
87489,1.0,0.0,0.5,none,True,True
87490,1.0,0.0,0.5,none,True,True
87491,1.0,0.0,0.5,none,True,True
87492,1.0,0.0,0.5,none,True,True
87493,1.0,0.0,0.5,none,True,True
87494,1.0,0.0,0.5,none,True,True
87495,1.0,0.0,0.5,none,True,True
87496,1.0,0.0,0.5,none,True,True
87497,1.0,0.0,0.5,none,True,True
87498,1.0,0.0,0.5,none,True,True
87499,1.0,0.0,0.5,none,True,True
87500,1.0,0.0061,0.5,none,True,True
87501,1.0,0.0357,0.5,none,True,True
87502,1.0,0.0812,0.5,none,True,True
87503,1.0,0.1113,0.5,none,True,True
87504,1.0,0.1253,0.5,none,True,True
87505,1.0,0.1408,0.5,none,True,True
87506,1.0,0.0907,0.5,none,True,True
87507,1.0,0.1198,0.5,none,True,True
87508,1.0,0.0467,0.5,none,True,True
87509,1.0,0.0522,0.5,none,True,True
87510,1.0,0.0405,0.5,none,True,True
87511,1.0,0.0313,0.5,none,True,True
87512,1.0,0.0083,0.5,none,True,True
87513,1.0,0.0726,0.5,none,True,True
87514,1.0,0.0793,0.5,none,True,True
87515,1.0,0.0581,0.5,none,True,True
87516,1.0,0.0955,0.5,none,True,True
87517,1.0,0.0839,0.5,none,True,True
87518,1.0,0.0648,0.5,none,True,True
87519,1.0,0.0718,0.5,none,True,True
87520,1.0,0.0589,0.5,none,True,True
87521,1.0,0.0403,0.5,none,True,True
87522,1.0,0.0327,0.5,none,True,True
87523,1.0,0.0277,0.5,none,True,True
87524,1.0,0.017,0.5,none,True,True
87525,1.0,0.0102,0.5,none,True,True
87526,1.0,0.0099,0.5,none,True,True
87527,1.0,0.008,0.5,none,True,True
87528,1.0,0.005,0.5,none,True,True
87529,1.0,0.0063,0.5,none,True,True
87530,1.0,0.009,0.5,none,True,True
87531,1.0,0.0096,0.5,none,True,True
87532,1.0,0.0108,0.5,none,True,True
87533,1.0,0.014,0.5,none,True,True
87534,1.0,0.0161,0.5,none,True,True
87535,1.0,0.0167,0.5,none,True,True
87536,1.0,0.0182,0.5,none,True,True
87537,1.0,0.0196,0.5,none,True,True
87538,1.0,0.0197,0.5,none,True,True
87539,1.0,0.0193,0.5,none,True,True
87540,1.0,0.0193,0.5,none,True,True
87541,1.0,0.0187,0.5,none,True,True
87542,1.0,0.0174,0.5,none,True,True
87543,1.0,0.0163,0.5,none,True,True
87544,1.0,0.0152,0.5,none,True,True
87545,1.0,0.0138,0.5,none,True,True
87546,1.0,0.0123,0.5,none,True,True
87547,1.0,0.0111,0.5,none,True,True
87548,1.0,0.01,0.5,none,True,True
87549,1.0,0.0088,0.5,none,True,True
87550,1.0,0.0078,0.5,none,True,True
87551,1.0,0.0071,0.5,none,True,True
87552,1.0,0.0064,0.5,none,True,True
87553,1.0,0.0057,0.5,none,True,True
87554,1.0,0.0053,0.5,none,True,True
87555,1.0,0.005,0.5,none,True,True
87556,1.0,0.0047,0.5,none,True,True
87557,1.0,0.0045,0.5,none,True,True
87558,1.0,0.0044,0.5,none,True,True
87559,1.0,0.0043,0.5,none,True,True
87560,1.0,0.0042,0.5,none,True,True
87561,1.0,0.0041,0.5,none,True,True
87562,1.0,0.004,0.5,none,True,True
87563,1.0,0.0039,0.5,none,True,True
87564,1.0,0.0038,0.5,none,True,True
87565,1.0,0.0037,0.5,none,True,True
87566,1.0,0.0035,0.5,none,True,True
87567,1.0,0.0033,0.5,none,True,True
87568,1.0,0.0032,0.5,none,True,True
87569,1.0,0.003,0.5,none,True,True
87570,1.0,0.0028,0.5,none,True,True
87571,1.0,0.0026,0.5,none,True,True
87572,1.0,0.0024,0.5,none,True,True
87573,1.0,0.0023,0.5,none,True,True
87574,1.0,0.0021,0.5,none,True,True
87575,1.0,0.0019,0.5,none,True,True
87576,1.0,0.0018,0.5,none,True,True
87577,1.0,0.0017,0.5,none,True,True
87578,1.0,0.0015,0.5,none,True,True
87579,1.0,0.0014,0.5,none,True,True
87580,1.0,0.0013,0.5,none,True,True
87581,1.0,0.0013,0.5,none,True,True
87582,1.0,0.0012,0.5,none,True,True
87583,1.0,0.0011,0.5,none,True,True
87584,1.0,0.0011,0.5,none,True,True
87585,1.0,0.001,0.5,none,True,True
87586,1.0,0.001,0.5,none,True,True
87587,1.0,0.0009,0.5,none,True,True
87588,1.0,0.0009,0.5,none,True,True
87589,1.0,0.0008,0.5,none,True,True
87590,1.0,0.0008,0.5,none,True,True
87591,1.0,0.0008,0.5,none,True,True
87592,1.0,0.0007,0.5,none,True,True
87593,1.0,0.0007,0.5,none,True,True
87594,1.0,0.0006,0.5,none,True,True
87595,1.0,0.0006,0.5,none,True,True
87596,1.0,0.0006,0.5,none,True,True
87597,1.0,0.0005,0.5,none,True,True
87598,1.0,0.0005,0.5,none,True,True
87599,1.0,0.0005,0.5,none,True,True
87600,1.0,0.0004,0.5,none,True,True
87601,1.0,0.0004,0.5,none,True,True
87602,1.0,0.0004,0.5,none,True,True
87603,1.0,0.0004,0.5,none,True,True
87604,1.0,0.0003,0.5,none,True,True
87605,1.0,0.0003,0.5,none,True,True
87606,1.0,0.0003,0.5,none,True,True
87607,1.0,0.0003,0.5,none,True,True
87608,1.0,0.0003,0.5,none,True,True
87609,1.0,0.0003,0.5,none,True,True
87610,1.0,0.0002,0.5,none,True,True
87611,1.0,0.0002,0.5,none,True,True
87612,1.0,0.0002,0.5,none,True,True
87613,1.0,0.0002,0.5,none,True,True
87614,1.0,0.0002,0.5,none,True,True
87615,1.0,0.0002,0.5,none,True,True
87616,1.0,0.0002,0.5,none,True,True
87617,1.0,0.0002,0.5,none,True,True
87618,1.0,0.0002,0.5,none,True,True
87619,1.0,0.0001,0.5,none,True,True
87620,1.0,0.0001,0.5,none,True,True
87621,1.0,0.0001,0.5,none,True,True
87622,1.0,0.0001,0.5,none,True,True
87623,1.0,0.0001,0.5,none,True,True
87624,1.0,0.0001,0.5,none,True,True
87625,1.0,0.0001,0.5,none,True,True
87626,1.0,0.0001,0.5,none,True,True
87627,1.0,0.0001,0.5,none,True,True
87628,1.0,0.0001,0.5,none,True,True
87629,1.0,0.0001,0.5,none,True,True
87630,1.0,0.0001,0.5,none,True,True
87631,1.0,0.0001,0.5,none,True,True
87632,1.0,0.0001,0.5,none,True,True
87633,1.0,0.0001,0.5,none,True,True
87634,1.0,0.0001,0.5,none,True,True
87635,1.0,0.0001,0.5,none,True,True
87636,1.0,0.0001,0.5,none,True,True
87637,1.0,0.0,0.5,none,True,True
87638,1.0,0.0,0.5,none,True,True
87639,1.0,0.0,0.5,none,True,True
87640,1.0,0.0,0.5,none,True,True
87641,1.0,0.0,0.5,none,True,True
87642,1.0,0.0,0.5,none,True,True
87643,1.0,0.0,0.5,none,True,True
87644,1.0,0.0,0.5,none,True,True
87645,1.0,0.0,0.5,none,True,True
87646,1.0,0.0,0.5,none,True,True
87647,1.0,0.0,0.5,none,True,True
87648,1.0,0.0,0.5,none,True,True
87649,1.0,0.0,0.5,none,True,True
87650,1.0,0.0,0.5,none,True,True
87651,1.0,0.0,0.5,none,True,True
87652,1.0,0.0,0.5,none,True,True
87653,1.0,0.0,0.5,none,True,True
87654,1.0,0.0,0.5,none,True,True
87655,1.0,0.0,0.5,none,True,True
87656,1.0,0.0,0.5,none,True,True
87657,1.0,0.0,0.5,none,True,True
87658,1.0,0.0,0.5,none,True,True
87659,1.0,0.0,0.5,none,True,True
87660,1.0,0.0,0.5,none,True,True
87661,1.0,0.0,0.5,none,True,True
87662,1.0,0.0,0.5,none,True,True
87663,1.0,0.0,0.5,none,True,True
87664,1.0,0.0,0.5,none,True,True
87665,1.0,0.0,0.5,none,True,True
87666,1.0,0.0,0.5,none,True,True
87667,1.0,0.0,0.5,none,True,True
87668,1.0,0.0,0.5,none,True,True
87669,1.0,0.0,0.5,none,True,True
87670,1.0,0.0,0.5,none,True,True
87671,1.0,0.0,0.5,none,True,True
87672,1.0,0.0,0.5,none,True,True
87673,1.0,0.0,0.5,none,True,True
87674,1.0,0.0,0.5,none,True,True
87675,1.0,0.0,0.5,none,True,True
87676,1.0,0.0,0.5,none,True,True
87677,1.0,0.0,0.5,none,True,True
87678,1.0,0.0,0.5,none,True,True
87679,1.0,0.0,0.5,none,True,True
87680,1.0,0.0,0.5,none,True,True
87681,1.0,0.0,0.5,none,True,True
87682,1.0,0.0,0.5,none,True,True
87683,1.0,0.0,0.5,none,True,True
87684,1.0,0.0,0.5,none,True,True
87685,1.0,0.0,0.5,none,True,True
87686,1.0,0.0,0.5,none,True,True
87687,1.0,0.0,0.5,none,True,True
87688,1.0,0.0,0.5,none,True,True
87689,1.0,0.0,0.5,none,True,True
87690,1.0,0.0,0.5,none,True,True
87691,1.0,0.0,0.5,none,True,True
87692,1.0,0.0,0.5,none,True,True
87693,1.0,0.0,0.5,none,True,True
87694,1.0,0.0,0.5,none,True,True
87695,1.0,0.0,0.5,none,True,True
87696,1.0,0.0,0.5,none,True,True
87697,1.0,0.0,0.5,none,True,True
87698,1.0,0.0,0.5,none,True,True
87699,1.0,0.0,0.5,none,True,True
87700,1.0,0.0,0.5,none,True,True
87701,1.0,0.0,0.5,none,True,True
87702,1.0,0.0,0.5,none,True,True
87703,1.0,0.0,0.5,none,True,True
87704,1.0,0.0,0.5,none,True,True
87705,1.0,0.0,0.5,none,True,True
87706,1.0,0.0,0.5,none,True,True
87707,1.0,0.0,0.5,none,True,True
87708,1.0,0.0,0.5,none,True,True
87709,1.0,0.0,0.5,none,True,True
87710,1.0,0.0,0.5,none,True,True
87711,1.0,0.0,0.5,none,True,True
87712,1.0,0.0,0.5,none,True,True
87713,1.0,0.0,0.5,none,True,True
87714,1.0,0.0,0.5,none,True,True
87715,1.0,0.0,0.5,none,True,True
87716,1.0,0.0,0.5,none,True,True
87717,1.0,0.0,0.5,none,True,True
87718,1.0,0.0,0.5,none,True,True
87719,1.0,0.0,0.5,none,True,True
87720,1.0,0.0,0.5,none,True,True
87721,1.0,0.0,0.5,none,True,True
87722,1.0,0.0,0.5,none,True,True
87723,1.0,0.0,0.5,none,True,True
87724,1.0,0.0,0.5,none,True,True
87725,1.0,0.0,0.5,none,True,True
87726,1.0,0.0,0.5,none,True,True
87727,1.0,0.0,0.5,none,True,True
87728,1.0,0.0,0.5,none,True,True
87729,1.0,0.0,0.5,none,True,True
87730,1.0,0.0,0.5,none,True,True
87731,1.0,0.0,0.5,none,True,True
87732,1.0,0.0,0.5,none,True,True
87733,1.0,0.0,0.5,none,True,True
87734,1.0,0.0,0.5,none,True,True
87735,1.0,0.0,0.5,none,True,True
87736,1.0,0.0,0.5,none,True,True
87737,1.0,0.0,0.5,none,True,True
87738,1.0,0.0,0.5,none,True,True
87739,1.0,0.0,0.5,none,True,True
87740,1.0,0.0,0.5,none,True,True
87741,1.0,0.0,0.5,none,True,True
87742,1.0,0.0,0.5,none,True,True
87743,1.0,0.0,0.5,none,True,True
87744,1.0,0.0,0.5,none,True,True
87745,1.0,0.0,0.5,none,True,True
87746,1.0,0.0,0.5,none,True,True
87747,1.0,0.0,0.5,none,True,True
87748,1.0,0.0,0.5,none,True,True
87749,1.0,0.0,0.5,none,True,True
87750,1.0,0.0,0.5,none,True,True
87751,1.0,0.0,0.5,none,True,True
87752,1.0,0.0,0.5,none,True,True
87753,1.0,0.0,0.5,none,True,True
87754,1.0,0.0,0.5,none,True,True
87755,1.0,0.0,0.5,none,True,True
87756,1.0,0.0,0.5,none,True,True
87757,1.0,0.0,0.5,none,True,True
87758,1.0,0.0,0.5,none,True,True
87759,1.0,0.0,0.5,none,True,True
87760,1.0,0.0,0.5,none,True,True
87761,1.0,0.0,0.5,none,True,True
87762,1.0,0.0,0.5,none,True,True
87763,1.0,0.0,0.5,none,True,True
87764,1.0,0.0,0.5,none,True,True
87765,1.0,0.0,0.5,none,True,True
87766,1.0,0.0,0.5,none,True,True
87767,1.0,0.0,0.5,none,True,True
87768,1.0,0.0,0.5,none,True,True
87769,1.0,0.0,0.5,none,True,True
87770,1.0,0.0,0.5,none,True,True
87771,1.0,0.0,0.5,none,True,True
87772,1.0,0.0,0.5,none,True,True
87773,1.0,0.0,0.5,none,True,True
87774,1.0,0.0,0.5,none,True,True
87775,1.0,0.0,0.5,none,True,True
87776,1.0,0.0,0.5,none,True,True
87777,1.0,0.0,0.5,none,True,True
87778,1.0,0.0,0.5,none,True,True
87779,1.0,0.0,0.5,none,True,True
87780,1.0,0.0,0.5,none,True,True
87781,1.0,0.0,0.5,none,True,True
87782,1.0,0.0,0.5,none,True,True
87783,1.0,0.0,0.5,none,True,True
87784,1.0,0.0,0.5,none,True,True
87785,1.0,0.0,0.5,none,True,True
87786,1.0,0.0,0.5,none,True,True
87787,1.0,0.0,0.5,none,True,True
87788,1.0,0.0,0.5,none,True,True
87789,1.0,0.0,0.5,none,True,True
87790,1.0,0.0,0.5,none,True,True
87791,1.0,0.0,0.5,none,True,True
87792,1.0,0.0,0.5,none,True,True
87793,1.0,0.0,0.5,none,True,True
87794,1.0,0.0,0.5,none,True,True
87795,1.0,0.0,0.5,none,True,True
87796,1.0,0.0,0.5,none,True,True
87797,1.0,0.0,0.5,none,True,True
87798,1.0,0.0,0.5,none,True,True
87799,1.0,0.0,0.5,none,True,True
87800,1.0,0.0,0.5,none,True,True
87801,1.0,0.0,0.5,none,True,True
87802,1.0,0.0,0.5,none,True,True
87803,1.0,0.0,0.5,none,True,True
87804,1.0,0.0,0.5,none,True,True
87805,1.0,0.0,0.5,none,True,True
87806,1.0,0.0,0.5,none,True,True
87807,1.0,0.0,0.5,none,True,True
87808,1.0,0.0,0.5,none,True,True
87809,1.0,0.0,0.5,none,True,True
87810,1.0,0.0,0.5,none,True,True
87811,1.0,0.0,0.5,none,True,True
87812,1.0,0.0,0.5,none,True,True
87813,1.0,0.0,0.5,none,True,True
87814,1.0,0.0,0.5,none,True,True
87815,1.0,0.0,0.5,none,True,True
87816,1.0,0.0,0.5,none,True,True
87817,1.0,0.0,0.5,none,True,True
87818,1.0,0.0,0.5,none,True,True
87819,1.0,0.0,0.5,none,True,True
87820,1.0,0.0,0.5,none,True,True
87821,1.0,0.0,0.5,none,True,True
87822,1.0,0.0,0.5,none,True,True
87823,1.0,0.0,0.5,none,True,True
87824,1.0,0.0,0.5,none,True,True
87825,1.0,0.0,0.5,none,True,True
87826,1.0,0.0,0.5,none,True,True
87827,1.0,0.0,0.5,none,True,True
87828,1.0,0.0,0.5,none,True,True
87829,1.0,0.0,0.5,none,True,True
87830,1.0,0.0,0.5,none,True,True
87831,1.0,0.0,0.5,none,True,True
87832,1.0,0.0,0.5,none,True,True
87833,1.0,0.0,0.5,none,True,True
87834,1.0,0.0,0.5,none,True,True
87835,1.0,0.0,0.5,none,True,True
87836,1.0,0.0,0.5,none,True,True
87837,1.0,0.0,0.5,none,True,True
87838,1.0,0.0,0.5,none,True,True
87839,1.0,0.0,0.5,none,True,True
87840,1.0,0.0,0.5,none,True,True
87841,1.0,0.0,0.5,none,True,True
87842,1.0,0.0,0.5,none,True,True
87843,1.0,0.0,0.5,none,True,True
87844,1.0,0.0,0.5,none,True,True
87845,1.0,0.0,0.5,none,True,True
87846,1.0,0.0,0.5,none,True,True
87847,1.0,0.0,0.5,none,True,True
87848,1.0,0.0,0.5,none,True,True
87849,1.0,0.0,0.5,none,True,True
87850,1.0,0.0,0.5,none,True,True
87851,1.0,0.0,0.5,none,True,True
87852,1.0,0.0,0.5,none,True,True
87853,1.0,0.0,0.5,none,True,True
87854,1.0,0.0,0.5,none,True,True
87855,1.0,0.0,0.5,none,True,True
87856,1.0,0.0,0.5,none,True,True
87857,1.0,0.0,0.5,none,True,True
87858,1.0,0.0,0.5,none,True,True
87859,1.0,0.0,0.5,none,True,True
87860,1.0,0.0,0.5,none,True,True
87861,1.0,0.0,0.5,none,True,True
87862,1.0,0.0,0.5,none,True,True
87863,1.0,0.0,0.5,none,True,True
87864,1.0,0.0,0.5,none,True,True
87865,1.0,0.0,0.5,none,True,True
87866,1.0,0.0,0.5,none,True,True
87867,1.0,0.0,0.5,none,True,True
87868,1.0,0.0,0.5,none,True,True
87869,1.0,0.0,0.5,none,True,True
87870,1.0,0.0,0.5,none,True,True
87871,1.0,0.0,0.5,none,True,True
87872,1.0,0.0,0.5,none,True,True
87873,1.0,0.0,0.5,none,True,True
87874,1.0,0.0,0.5,none,True,True
87875,1.0,0.0,0.5,none,True,True
87876,1.0,0.0,0.5,none,True,True
87877,1.0,0.0,0.5,none,True,True
87878,1.0,0.0,0.5,none,True,True
87879,1.0,0.0,0.5,none,True,True
87880,1.0,0.0,0.5,none,True,True
87881,1.0,0.0,0.5,none,True,True
87882,1.0,0.0,0.5,none,True,True
87883,1.0,0.0,0.5,none,True,True
87884,1.0,0.0,0.5,none,True,True
87885,1.0,0.0,0.5,none,True,True
87886,1.0,0.0,0.5,none,True,True
87887,1.0,0.0,0.5,none,True,True
87888,1.0,0.0,0.5,none,True,True
87889,1.0,0.0,0.5,none,True,True
87890,1.0,0.0,0.5,none,True,True
87891,1.0,0.0,0.5,none,True,True
87892,1.0,0.0,0.5,none,True,True
87893,1.0,0.0,0.5,none,True,True
87894,1.0,0.0,0.5,none,True,True
87895,1.0,0.0,0.5,none,True,True
87896,1.0,0.0,0.5,none,True,True
87897,1.0,0.0,0.5,none,True,True
87898,1.0,0.0,0.5,none,True,True
87899,1.0,0.0,0.5,none,True,True
87900,1.0,0.0,0.5,none,True,True
87901,1.0,0.0,0.5,none,True,True
87902,1.0,0.0,0.5,none,True,True
87903,1.0,0.0,0.5,none,True,True
87904,1.0,0.0,0.5,none,True,True
87905,1.0,0.0,0.5,none,True,True
87906,1.0,0.0,0.5,none,True,True
87907,1.0,0.0,0.5,none,True,True
87908,1.0,0.0,0.5,none,True,True
87909,1.0,0.0,0.5,none,True,True
87910,1.0,0.0,0.5,none,True,True
87911,1.0,0.0,0.5,none,True,True
87912,1.0,0.0,0.5,none,True,True
87913,1.0,0.0,0.5,none,True,True
87914,1.0,0.0,0.5,none,True,True
87915,1.0,0.0,0.5,none,True,True
87916,1.0,0.0,0.5,none,True,True
87917,1.0,0.0,0.5,none,True,True
87918,1.0,0.0,0.5,none,True,True
87919,1.0,0.0,0.5,none,True,True
87920,1.0,0.0,0.5,none,True,True
87921,1.0,0.0,0.5,none,True,True
87922,1.0,0.0,0.5,none,True,True
87923,1.0,0.0,0.5,none,True,True
87924,1.0,0.0,0.5,none,True,True
87925,1.0,0.0,0.5,none,True,True
87926,1.0,0.0,0.5,none,True,True
87927,1.0,0.0,0.5,none,True,True
87928,1.0,0.0,0.5,none,True,True
87929,1.0,0.0,0.5,none,True,True
87930,1.0,0.0,0.5,none,True,True
87931,1.0,0.0,0.5,none,True,True
87932,1.0,0.0,0.5,none,True,True
87933,1.0,0.0,0.5,none,True,True
87934,1.0,0.0,0.5,none,True,True
87935,1.0,0.0,0.5,none,True,True
87936,1.0,0.0,0.5,none,True,True
87937,1.0,0.0,0.5,none,True,True
87938,1.0,0.0,0.5,none,True,True
87939,1.0,0.0,0.5,none,True,True
87940,1.0,0.0,0.5,none,True,True
87941,1.0,0.0,0.5,none,True,True
87942,1.0,0.0,0.5,none,True,True
87943,1.0,0.0,0.5,none,True,True
87944,1.0,0.0,0.5,none,True,True
87945,1.0,0.0,0.5,none,True,True
87946,1.0,0.0,0.5,none,True,True
87947,1.0,0.0,0.5,none,True,True
87948,1.0,0.0,0.5,none,True,True
87949,1.0,0.0,0.5,none,True,True
87950,1.0,0.0,0.5,none,True,True
87951,1.0,0.0,0.5,none,True,True
87952,1.0,0.0,0.5,none,True,True
87953,1.0,0.0,0.5,none,True,True
87954,1.0,0.0,0.5,none,True,True
87955,1.0,0.0,0.5,none,True,True
87956,1.0,0.0,0.5,none,True,True
87957,1.0,0.0,0.5,none,True,True
87958,1.0,0.0,0.5,none,True,True
87959,1.0,0.0,0.5,none,True,True
87960,1.0,0.0,0.5,none,True,True
87961,1.0,0.0,0.5,none,True,True
87962,1.0,0.0,0.5,none,True,True
87963,1.0,0.0,0.5,none,True,True
87964,1.0,0.0,0.5,none,True,True
87965,1.0,0.0,0.5,none,True,True
87966,1.0,0.0,0.5,none,True,True
87967,1.0,0.0,0.5,none,True,True
87968,1.0,0.0,0.5,none,True,True
87969,1.0,0.0,0.5,none,True,True
87970,1.0,0.0,0.5,none,True,True
87971,1.0,0.0,0.5,none,True,True
87972,1.0,0.0,0.5,none,True,True
87973,1.0,0.0,0.5,none,True,True
87974,1.0,0.0,0.5,none,True,True
87975,1.0,0.0,0.5,none,True,True
87976,1.0,0.0,0.5,none,True,True
87977,1.0,0.0,0.5,none,True,True
87978,1.0,0.0,0.5,none,True,True
87979,1.0,0.0,0.5,none,True,True
87980,1.0,0.0,0.5,none,True,True
87981,1.0,0.0,0.5,none,True,True
87982,1.0,0.0,0.5,none,True,True
87983,1.0,0.0,0.5,none,True,True
87984,1.0,0.0,0.5,none,True,True
87985,1.0,0.0,0.5,none,True,True
87986,1.0,0.0,0.5,none,True,True
87987,1.0,0.0,0.5,none,True,True
87988,1.0,0.0,0.5,none,True,True
87989,1.0,0.0,0.5,none,True,True
87990,1.0,0.0,0.5,none,True,True
87991,1.0,0.0,0.5,none,True,True
87992,1.0,0.0,0.5,none,True,True
87993,1.0,0.0,0.5,none,True,True
87994,1.0,0.0,0.5,none,True,True
87995,1.0,0.0,0.5,none,True,True
87996,1.0,0.0,0.5,none,True,True
87997,1.0,0.0,0.5,none,True,True
87998,1.0,0.0,0.5,none,True,True
87999,1.0,0.0,0.5,none,True,True
88000,1.0,0.0,0.5,none,True,True
88001,1.0,0.0,0.5,none,True,True
88002,1.0,0.0,0.5,none,True,True
88003,1.0,0.0,0.5,none,True,True
88004,1.0,0.0,0.5,none,True,True
88005,1.0,0.0,0.5,none,True,True
88006,1.0,0.0,0.5,none,True,True
88007,1.0,0.0,0.5,none,True,True
88008,1.0,0.0,0.5,none,True,True
88009,1.0,0.0,0.5,none,True,True
88010,1.0,0.0,0.5,none,True,True
88011,1.0,0.0,0.5,none,True,True
88012,1.0,0.0,0.5,none,True,True
88013,1.0,0.0,0.5,none,True,True
88014,1.0,0.0,0.5,none,True,True
88015,1.0,0.0,0.5,none,True,True
88016,1.0,0.0,0.5,none,True,True
88017,1.0,0.0,0.5,none,True,True
88018,1.0,0.0,0.5,none,True,True
88019,1.0,0.0,0.5,none,True,True
88020,1.0,0.0,0.5,none,True,True
88021,1.0,0.0,0.5,none,True,True
88022,1.0,0.0,0.5,none,True,True
88023,1.0,0.0,0.5,none,True,True
88024,1.0,0.0,0.5,none,True,True
88025,1.0,0.0,0.5,none,True,True
88026,1.0,0.0,0.5,none,True,True
88027,1.0,0.0,0.5,none,True,True
88028,1.0,0.0,0.5,none,True,True
88029,1.0,0.0,0.5,none,True,True
88030,1.0,0.0,0.5,none,True,True
88031,1.0,0.0,0.5,none,True,True
88032,1.0,0.0,0.5,none,True,True
88033,1.0,0.0,0.5,none,True,True
88034,1.0,0.0,0.5,none,True,True
88035,1.0,0.0,0.5,none,True,True
88036,1.0,0.0,0.5,none,True,True
88037,1.0,0.0,0.5,none,True,True
88038,1.0,0.0,0.5,none,True,True
88039,1.0,0.0,0.5,none,True,True
88040,1.0,0.0,0.5,none,True,True
88041,1.0,0.0,0.5,none,True,True
88042,1.0,0.0,0.5,none,True,True
88043,1.0,0.0,0.5,none,True,True
88044,1.0,0.0,0.5,none,True,True
88045,1.0,0.0,0.5,none,True,True
88046,1.0,0.0,0.5,none,True,True
88047,1.0,0.0,0.5,none,True,True
88048,1.0,0.0,0.5,none,True,True
88049,1.0,0.0,0.5,none,True,True
88050,1.0,0.0,0.5,none,True,True
88051,1.0,0.0,0.5,none,True,True
88052,1.0,0.0,0.5,none,True,True
88053,1.0,0.0,0.5,none,True,True
88054,1.0,0.0,0.5,none,True,True
88055,1.0,0.0,0.5,none,True,True
88056,1.0,0.0,0.5,none,True,True
88057,1.0,0.0,0.5,none,True,True
88058,1.0,0.0,0.5,none,True,True
88059,1.0,0.0,0.5,none,True,True
88060,1.0,0.0,0.5,none,True,True
88061,1.0,0.0,0.5,none,True,True
88062,1.0,0.0,0.5,none,True,True
88063,1.0,0.0,0.5,none,True,True
88064,1.0,0.0,0.5,none,True,True
88065,1.0,0.0,0.5,none,True,True
88066,1.0,0.0,0.5,none,True,True
88067,1.0,0.0,0.5,none,True,True
88068,1.0,0.0,0.5,none,True,True
88069,1.0,0.0,0.5,none,True,True
88070,1.0,0.0,0.5,none,True,True
88071,1.0,0.0,0.5,none,True,True
88072,1.0,0.0,0.5,none,True,True
88073,1.0,0.0,0.5,none,True,True
88074,1.0,0.0,0.5,none,True,True
88075,1.0,0.0,0.5,none,True,True
88076,1.0,0.0,0.5,none,True,True
88077,1.0,0.0,0.5,none,True,True
88078,1.0,0.0,0.5,none,True,True
88079,1.0,0.0,0.5,none,True,True
88080,1.0,0.0,0.5,none,True,True
88081,1.0,0.0,0.5,none,True,True
88082,1.0,0.0,0.5,none,True,True
88083,1.0,0.0,0.5,none,True,True
88084,1.0,0.0,0.5,none,True,True
88085,1.0,0.0,0.5,none,True,True
88086,1.0,0.0,0.5,none,True,True
88087,1.0,0.0,0.5,none,True,True
88088,1.0,0.0,0.5,none,True,True
88089,1.0,0.0,0.5,none,True,True
88090,1.0,0.0,0.5,none,True,True
88091,1.0,0.0,0.5,none,True,True
88092,1.0,0.0,0.5,none,True,True
88093,1.0,0.0,0.5,none,True,True
88094,1.0,0.0,0.5,none,True,True
88095,1.0,0.0,0.5,none,True,True
88096,1.0,0.0,0.5,none,True,True
88097,1.0,0.0,0.5,none,True,True
88098,1.0,0.0,0.5,none,True,True
88099,1.0,0.0,0.5,none,True,True
88100,1.0,0.0,0.5,none,True,True
88101,1.0,0.0,0.5,none,True,True
88102,1.0,0.0,0.5,none,True,True
88103,1.0,0.0,0.5,none,True,True
88104,1.0,0.0,0.5,none,True,True
88105,1.0,0.0,0.5,none,True,True
88106,1.0,0.0,0.5,none,True,True
88107,1.0,0.0,0.5,none,True,True
88108,1.0,0.0,0.5,none,True,True
88109,1.0,0.0,0.5,none,True,True
88110,1.0,0.0,0.5,none,True,True
88111,1.0,0.0,0.5,none,True,True
88112,1.0,0.0,0.5,none,True,True
88113,1.0,0.0,0.5,none,True,True
88114,1.0,0.0,0.5,none,True,True
88115,1.0,0.0,0.5,none,True,True
88116,1.0,0.0,0.5,none,True,True
88117,1.0,0.0,0.5,none,True,True
88118,1.0,0.0,0.5,none,True,True
88119,1.0,0.0,0.5,none,True,True
88120,1.0,0.0,0.5,none,True,True
88121,1.0,0.0,0.5,none,True,True
88122,1.0,0.0,0.5,none,True,True
88123,1.0,0.0,0.5,none,True,True
88124,1.0,0.0,0.5,none,True,True
88125,1.0,0.0,0.5,none,True,True
88126,1.0,0.0,0.5,none,True,True
88127,1.0,0.0,0.5,none,True,True
88128,1.0,0.0,0.5,none,True,True
88129,1.0,0.0,0.5,none,True,True
88130,1.0,0.0,0.5,none,True,True
88131,1.0,0.0,0.5,none,True,True
88132,1.0,0.0,0.5,none,True,True
88133,1.0,0.0,0.5,none,True,True
88134,1.0,0.0,0.5,none,True,True
88135,1.0,0.0,0.5,none,True,True
88136,1.0,0.0,0.5,none,True,True
88137,1.0,0.0,0.5,none,True,True
88138,1.0,0.0,0.5,none,True,True
88139,1.0,0.0,0.5,none,True,True
88140,1.0,0.0,0.5,none,True,True
88141,1.0,0.0,0.5,none,True,True
88142,1.0,0.0,0.5,none,True,True
88143,1.0,0.0,0.5,none,True,True
88144,1.0,0.0,0.5,none,True,True
88145,1.0,0.0,0.5,none,True,True
88146,1.0,0.0,0.5,none,True,True
88147,1.0,0.0,0.5,none,True,True
88148,1.0,0.0,0.5,none,True,True
88149,1.0,0.0,0.5,none,True,True
88150,1.0,0.0,0.5,none,True,True
88151,1.0,0.0,0.5,none,True,True
88152,1.0,0.0,0.5,none,True,True
88153,1.0,0.0,0.5,none,True,True
88154,1.0,0.0,0.5,none,True,True
88155,1.0,0.0,0.5,none,True,True
88156,1.0,0.0,0.5,none,True,True
88157,1.0,0.0,0.5,none,True,True
88158,1.0,0.0,0.5,none,True,True
88159,1.0,0.0,0.5,none,True,True
88160,1.0,0.0,0.5,none,True,True
88161,1.0,0.0,0.5,none,True,True
88162,1.0,0.0,0.5,none,True,True
88163,1.0,0.0,0.5,none,True,True
88164,1.0,0.0,0.5,none,True,True
88165,1.0,0.0,0.5,none,True,True
88166,1.0,0.0,0.5,none,True,True
88167,1.0,0.0,0.5,none,True,True
88168,1.0,0.0,0.5,none,True,True
88169,1.0,0.0,0.5,none,True,True
88170,1.0,0.0,0.5,none,True,True
88171,1.0,0.0,0.5,none,True,True
88172,1.0,0.0,0.5,none,True,True
88173,1.0,0.0,0.5,none,True,True
88174,1.0,0.0,0.5,none,True,True
88175,1.0,0.0,0.5,none,True,True
88176,1.0,0.0,0.5,none,True,True
88177,1.0,0.0,0.5,none,True,True
88178,1.0,0.0,0.5,none,True,True
88179,1.0,0.0,0.5,none,True,True
88180,1.0,0.0,0.5,none,True,True
88181,1.0,0.0,0.5,none,True,True
88182,1.0,0.0,0.5,none,True,True
88183,1.0,0.0,0.5,none,True,True
88184,1.0,0.0,0.5,none,True,True
88185,1.0,0.0,0.5,none,True,True
88186,1.0,0.0,0.5,none,True,True
88187,1.0,0.0,0.5,none,True,True
88188,1.0,0.0,0.5,none,True,True
88189,1.0,0.0,0.5,none,True,True
88190,1.0,0.0,0.5,none,True,True
88191,1.0,0.0,0.5,none,True,True
88192,1.0,0.0,0.5,none,True,True
88193,1.0,0.0,0.5,none,True,True
88194,1.0,0.0,0.5,none,True,True
88195,1.0,0.0,0.5,none,True,True
88196,1.0,0.0,0.5,none,True,True
88197,1.0,0.0,0.5,none,True,True
88198,1.0,0.0,0.5,none,True,True
88199,1.0,0.0,0.5,none,True,True
88200,1.0,0.0061,0.5,none,True,True
88201,1.0,0.0357,0.5,none,True,True
88202,1.0,0.0812,0.5,none,True,True
88203,1.0,0.1113,0.5,none,True,True
88204,1.0,0.1253,0.5,none,True,True
88205,1.0,0.1408,0.5,none,True,True
88206,1.0,0.0907,0.5,none,True,True
88207,1.0,0.1198,0.5,none,True,True
88208,1.0,0.0467,0.5,none,True,True
88209,1.0,0.0522,0.5,none,True,True
88210,1.0,0.0405,0.5,none,True,True
88211,1.0,0.0313,0.5,none,True,True
88212,1.0,0.0083,0.5,none,True,True
88213,1.0,0.0726,0.5,none,True,True
88214,1.0,0.0793,0.5,none,True,True
88215,1.0,0.0581,0.5,none,True,True
88216,1.0,0.0955,0.5,none,True,True
88217,1.0,0.0839,0.5,none,True,True
88218,1.0,0.0648,0.5,none,True,True
88219,1.0,0.0718,0.5,none,True,True
88220,1.0,0.0589,0.5,none,True,True
88221,1.0,0.0403,0.5,none,True,True
88222,1.0,0.0327,0.5,none,True,True
88223,1.0,0.0277,0.5,none,True,True
88224,1.0,0.017,0.5,none,True,True
88225,1.0,0.0102,0.5,none,True,True
88226,1.0,0.0099,0.5,none,True,True
88227,1.0,0.008,0.5,none,True,True
88228,1.0,0.005,0.5,none,True,True
88229,1.0,0.0063,0.5,none,True,True
88230,1.0,0.009,0.5,none,True,True
88231,1.0,0.0096,0.5,none,True,True
88232,1.0,0.0108,0.5,none,True,True
88233,1.0,0.014,0.5,none,True,True
88234,1.0,0.0161,0.5,none,True,True
88235,1.0,0.0167,0.5,none,True,True
88236,1.0,0.0182,0.5,none,True,True
88237,1.0,0.0196,0.5,none,True,True
88238,1.0,0.0197,0.5,none,True,True
88239,1.0,0.0193,0.5,none,True,True
88240,1.0,0.0193,0.5,none,True,True
88241,1.0,0.0187,0.5,none,True,True
88242,1.0,0.0174,0.5,none,True,True
88243,1.0,0.0163,0.5,none,True,True
88244,1.0,0.0152,0.5,none,True,True
88245,1.0,0.0138,0.5,none,True,True
88246,1.0,0.0123,0.5,none,True,True
88247,1.0,0.0111,0.5,none,True,True
88248,1.0,0.01,0.5,none,True,True
88249,1.0,0.0088,0.5,none,True,True
88250,1.0,0.0078,0.5,none,True,True
88251,1.0,0.0071,0.5,none,True,True
88252,1.0,0.0064,0.5,none,True,True
88253,1.0,0.0057,0.5,none,True,True
88254,1.0,0.0053,0.5,none,True,True
88255,1.0,0.005,0.5,none,True,True
88256,1.0,0.0047,0.5,none,True,True
88257,1.0,0.0045,0.5,none,True,True
88258,1.0,0.0044,0.5,none,True,True
88259,1.0,0.0043,0.5,none,True,True
88260,1.0,0.0042,0.5,none,True,True
88261,1.0,0.0041,0.5,none,True,True
88262,1.0,0.004,0.5,none,True,True
88263,1.0,0.0039,0.5,none,True,True
88264,1.0,0.0038,0.5,none,True,True
88265,1.0,0.0037,0.5,none,True,True
88266,1.0,0.0035,0.5,none,True,True
88267,1.0,0.0033,0.5,none,True,True
88268,1.0,0.0032,0.5,none,True,True
88269,1.0,0.003,0.5,none,True,True
88270,1.0,0.0028,0.5,none,True,True
88271,1.0,0.0026,0.5,none,True,True
88272,1.0,0.0024,0.5,none,True,True
88273,1.0,0.0023,0.5,none,True,True
88274,1.0,0.0021,0.5,none,True,True
88275,1.0,0.0019,0.5,none,True,True
88276,1.0,0.0018,0.5,none,True,True
88277,1.0,0.0017,0.5,none,True,True
88278,1.0,0.0015,0.5,none,True,True
88279,1.0,0.0014,0.5,none,True,True
88280,1.0,0.0013,0.5,none,True,True
88281,1.0,0.0013,0.5,none,True,True
88282,1.0,0.0012,0.5,none,True,True
88283,1.0,0.0011,0.5,none,True,True
88284,1.0,0.0011,0.5,none,True,True
88285,1.0,0.001,0.5,none,True,True
88286,1.0,0.001,0.5,none,True,True
88287,1.0,0.0009,0.5,none,True,True
88288,1.0,0.0009,0.5,none,True,True
88289,1.0,0.0008,0.5,none,True,True
88290,1.0,0.0008,0.5,none,True,True
88291,1.0,0.0008,0.5,none,True,True
88292,1.0,0.0007,0.5,none,True,True
88293,1.0,0.0007,0.5,none,True,True
88294,1.0,0.0006,0.5,none,True,True
88295,1.0,0.0006,0.5,none,True,True
88296,1.0,0.0006,0.5,none,True,True
88297,1.0,0.0005,0.5,none,True,True
88298,1.0,0.0005,0.5,none,True,True
88299,1.0,0.0005,0.5,none,True,True
88300,1.0,0.0004,0.5,none,True,True
88301,1.0,0.0004,0.5,none,True,True
88302,1.0,0.0004,0.5,none,True,True
88303,1.0,0.0004,0.5,none,True,True
88304,1.0,0.0003,0.5,none,True,True
88305,1.0,0.0003,0.5,none,True,True
88306,1.0,0.0003,0.5,none,True,True
88307,1.0,0.0003,0.5,none,True,True
88308,1.0,0.0003,0.5,none,True,True
88309,1.0,0.0003,0.5,none,True,True
88310,1.0,0.0002,0.5,none,True,True
88311,1.0,0.0002,0.5,none,True,True
88312,1.0,0.0002,0.5,none,True,True
88313,1.0,0.0002,0.5,none,True,True
88314,1.0,0.0002,0.5,none,True,True
88315,1.0,0.0002,0.5,none,True,True
88316,1.0,0.0002,0.5,none,True,True
88317,1.0,0.0002,0.5,none,True,True
88318,1.0,0.0002,0.5,none,True,True
88319,1.0,0.0001,0.5,none,True,True
88320,1.0,0.0001,0.5,none,True,True
88321,1.0,0.0001,0.5,none,True,True
88322,1.0,0.0001,0.5,none,True,True
88323,1.0,0.0001,0.5,none,True,True
88324,1.0,0.0001,0.5,none,True,True
88325,1.0,0.0001,0.5,none,True,True
88326,1.0,0.0001,0.5,none,True,True
88327,1.0,0.0001,0.5,none,True,True
88328,1.0,0.0001,0.5,none,True,True
88329,1.0,0.0001,0.5,none,True,True
88330,1.0,0.0001,0.5,none,True,True
88331,1.0,0.0001,0.5,none,True,True
88332,1.0,0.0001,0.5,none,True,True
88333,1.0,0.0001,0.5,none,True,True
88334,1.0,0.0001,0.5,none,True,True
88335,1.0,0.0001,0.5,none,True,True
88336,1.0,0.0001,0.5,none,True,True
88337,1.0,0.0,0.5,none,True,True
88338,1.0,0.0,0.5,none,True,True
88339,1.0,0.0,0.5,none,True,True
88340,1.0,0.0,0.5,none,True,True
88341,1.0,0.0,0.5,none,True,True
88342,1.0,0.0,0.5,none,True,True
88343,1.0,0.0,0.5,none,True,True
88344,1.0,0.0,0.5,none,True,True
88345,1.0,0.0,0.5,none,True,True
88346,1.0,0.0,0.5,none,True,True
88347,1.0,0.0,0.5,none,True,True
88348,1.0,0.0,0.5,none,True,True
88349,1.0,0.0,0.5,none,True,True
88350,1.0,0.0,0.5,none,True,True
88351,1.0,0.0,0.5,none,True,True
88352,1.0,0.0,0.5,none,True,True
88353,1.0,0.0,0.5,none,True,True
88354,1.0,0.0,0.5,none,True,True
88355,1.0,0.0,0.5,none,True,True
88356,1.0,0.0,0.5,none,True,True
88357,1.0,0.0,0.5,none,True,True
88358,1.0,0.0,0.5,none,True,True
88359,1.0,0.0,0.5,none,True,True
88360,1.0,0.0,0.5,none,True,True
88361,1.0,0.0,0.5,none,True,True
88362,1.0,0.0,0.5,none,True,True
88363,1.0,0.0,0.5,none,True,True
88364,1.0,0.0,0.5,none,True,True
88365,1.0,0.0,0.5,none,True,True
88366,1.0,0.0,0.5,none,True,True
88367,1.0,0.0,0.5,none,True,True
88368,1.0,0.0,0.5,none,True,True
88369,1.0,0.0,0.5,none,True,True
88370,1.0,0.0,0.5,none,True,True
88371,1.0,0.0,0.5,none,True,True
88372,1.0,0.0,0.5,none,True,True
88373,1.0,0.0,0.5,none,True,True
88374,1.0,0.0,0.5,none,True,True
88375,1.0,0.0,0.5,none,True,True
88376,1.0,0.0,0.5,none,True,True
88377,1.0,0.0,0.5,none,True,True
88378,1.0,0.0,0.5,none,True,True
88379,1.0,0.0,0.5,none,True,True
88380,1.0,0.0,0.5,none,True,True
88381,1.0,0.0,0.5,none,True,True
88382,1.0,0.0,0.5,none,True,True
88383,1.0,0.0,0.5,none,True,True
88384,1.0,0.0,0.5,none,True,True
88385,1.0,0.0,0.5,none,True,True
88386,1.0,0.0,0.5,none,True,True
88387,1.0,0.0,0.5,none,True,True
88388,1.0,0.0,0.5,none,True,True
88389,1.0,0.0,0.5,none,True,True
88390,1.0,0.0,0.5,none,True,True
88391,1.0,0.0,0.5,none,True,True
88392,1.0,0.0,0.5,none,True,True
88393,1.0,0.0,0.5,none,True,True
88394,1.0,0.0,0.5,none,True,True
88395,1.0,0.0,0.5,none,True,True
88396,1.0,0.0,0.5,none,True,True
88397,1.0,0.0,0.5,none,True,True
88398,1.0,0.0,0.5,none,True,True
88399,1.0,0.0,0.5,none,True,True
88400,1.0,0.0,0.5,none,True,True
88401,1.0,0.0,0.5,none,True,True
88402,1.0,0.0,0.5,none,True,True
88403,1.0,0.0,0.5,none,True,True
88404,1.0,0.0,0.5,none,True,True
88405,1.0,0.0,0.5,none,True,True
88406,1.0,0.0,0.5,none,True,True
88407,1.0,0.0,0.5,none,True,True
88408,1.0,0.0,0.5,none,True,True
88409,1.0,0.0,0.5,none,True,True
88410,1.0,0.0,0.5,none,True,True
88411,1.0,0.0,0.5,none,True,True
88412,1.0,0.0,0.5,none,True,True
88413,1.0,0.0,0.5,none,True,True
88414,1.0,0.0,0.5,none,True,True
88415,1.0,0.0,0.5,none,True,True
88416,1.0,0.0,0.5,none,True,True
88417,1.0,0.0,0.5,none,True,True
88418,1.0,0.0,0.5,none,True,True
88419,1.0,0.0,0.5,none,True,True
88420,1.0,0.0,0.5,none,True,True
88421,1.0,0.0,0.5,none,True,True
88422,1.0,0.0,0.5,none,True,True
88423,1.0,0.0,0.5,none,True,True
88424,1.0,0.0,0.5,none,True,True
88425,1.0,0.0,0.5,none,True,True
88426,1.0,0.0,0.5,none,True,True
88427,1.0,0.0,0.5,none,True,True
88428,1.0,0.0,0.5,none,True,True
88429,1.0,0.0,0.5,none,True,True
88430,1.0,0.0,0.5,none,True,True
88431,1.0,0.0,0.5,none,True,True
88432,1.0,0.0,0.5,none,True,True
88433,1.0,0.0,0.5,none,True,True
88434,1.0,0.0,0.5,none,True,True
88435,1.0,0.0,0.5,none,True,True
88436,1.0,0.0,0.5,none,True,True
88437,1.0,0.0,0.5,none,True,True
88438,1.0,0.0,0.5,none,True,True
88439,1.0,0.0,0.5,none,True,True
88440,1.0,0.0,0.5,none,True,True
88441,1.0,0.0,0.5,none,True,True
88442,1.0,0.0,0.5,none,True,True
88443,1.0,0.0,0.5,none,True,True
88444,1.0,0.0,0.5,none,True,True
88445,1.0,0.0,0.5,none,True,True
88446,1.0,0.0,0.5,none,True,True
88447,1.0,0.0,0.5,none,True,True
88448,1.0,0.0,0.5,none,True,True
88449,1.0,0.0,0.5,none,True,True
88450,1.0,0.0,0.5,none,True,True
88451,1.0,0.0,0.5,none,True,True
88452,1.0,0.0,0.5,none,True,True
88453,1.0,0.0,0.5,none,True,True
88454,1.0,0.0,0.5,none,True,True
88455,1.0,0.0,0.5,none,True,True
88456,1.0,0.0,0.5,none,True,True
88457,1.0,0.0,0.5,none,True,True
88458,1.0,0.0,0.5,none,True,True
88459,1.0,0.0,0.5,none,True,True
88460,1.0,0.0,0.5,none,True,True
88461,1.0,0.0,0.5,none,True,True
88462,1.0,0.0,0.5,none,True,True
88463,1.0,0.0,0.5,none,True,True
88464,1.0,0.0,0.5,none,True,True
88465,1.0,0.0,0.5,none,True,True
88466,1.0,0.0,0.5,none,True,True
88467,1.0,0.0,0.5,none,True,True
88468,1.0,0.0,0.5,none,True,True
88469,1.0,0.0,0.5,none,True,True
88470,1.0,0.0,0.5,none,True,True
88471,1.0,0.0,0.5,none,True,True
88472,1.0,0.0,0.5,none,True,True
88473,1.0,0.0,0.5,none,True,True
88474,1.0,0.0,0.5,none,True,True
88475,1.0,0.0,0.5,none,True,True
88476,1.0,0.0,0.5,none,True,True
88477,1.0,0.0,0.5,none,True,True
88478,1.0,0.0,0.5,none,True,True
88479,1.0,0.0,0.5,none,True,True
88480,1.0,0.0,0.5,none,True,True
88481,1.0,0.0,0.5,none,True,True
88482,1.0,0.0,0.5,none,True,True
88483,1.0,0.0,0.5,none,True,True
88484,1.0,0.0,0.5,none,True,True
88485,1.0,0.0,0.5,none,True,True
88486,1.0,0.0,0.5,none,True,True
88487,1.0,0.0,0.5,none,True,True
88488,1.0,0.0,0.5,none,True,True
88489,1.0,0.0,0.5,none,True,True
88490,1.0,0.0,0.5,none,True,True
88491,1.0,0.0,0.5,none,True,True
88492,1.0,0.0,0.5,none,True,True
88493,1.0,0.0,0.5,none,True,True
88494,1.0,0.0,0.5,none,True,True
88495,1.0,0.0,0.5,none,True,True
88496,1.0,0.0,0.5,none,True,True
88497,1.0,0.0,0.5,none,True,True
88498,1.0,0.0,0.5,none,True,True
88499,1.0,0.0,0.5,none,True,True
88500,1.0,0.0,0.5,none,True,True
88501,1.0,0.0,0.5,none,True,True
88502,1.0,0.0,0.5,none,True,True
88503,1.0,0.0,0.5,none,True,True
88504,1.0,0.0,0.5,none,True,True
88505,1.0,0.0,0.5,none,True,True
88506,1.0,0.0,0.5,none,True,True
88507,1.0,0.0,0.5,none,True,True
88508,1.0,0.0,0.5,none,True,True
88509,1.0,0.0,0.5,none,True,True
88510,1.0,0.0,0.5,none,True,True
88511,1.0,0.0,0.5,none,True,True
88512,1.0,0.0,0.5,none,True,True
88513,1.0,0.0,0.5,none,True,True
88514,1.0,0.0,0.5,none,True,True
88515,1.0,0.0,0.5,none,True,True
88516,1.0,0.0,0.5,none,True,True
88517,1.0,0.0,0.5,none,True,True
88518,1.0,0.0,0.5,none,True,True
88519,1.0,0.0,0.5,none,True,True
88520,1.0,0.0,0.5,none,True,True
88521,1.0,0.0,0.5,none,True,True
88522,1.0,0.0,0.5,none,True,True
88523,1.0,0.0,0.5,none,True,True
88524,1.0,0.0,0.5,none,True,True
88525,1.0,0.0,0.5,none,True,True
88526,1.0,0.0,0.5,none,True,True
88527,1.0,0.0,0.5,none,True,True
88528,1.0,0.0,0.5,none,True,True
88529,1.0,0.0,0.5,none,True,True
88530,1.0,0.0,0.5,none,True,True
88531,1.0,0.0,0.5,none,True,True
88532,1.0,0.0,0.5,none,True,True
88533,1.0,0.0,0.5,none,True,True
88534,1.0,0.0,0.5,none,True,True
88535,1.0,0.0,0.5,none,True,True
88536,1.0,0.0,0.5,none,True,True
88537,1.0,0.0,0.5,none,True,True
88538,1.0,0.0,0.5,none,True,True
88539,1.0,0.0,0.5,none,True,True
88540,1.0,0.0,0.5,none,True,True
88541,1.0,0.0,0.5,none,True,True
88542,1.0,0.0,0.5,none,True,True
88543,1.0,0.0,0.5,none,True,True
88544,1.0,0.0,0.5,none,True,True
88545,1.0,0.0,0.5,none,True,True
88546,1.0,0.0,0.5,none,True,True
88547,1.0,0.0,0.5,none,True,True
88548,1.0,0.0,0.5,none,True,True
88549,1.0,0.0,0.5,none,True,True
88550,1.0,0.0,0.5,none,True,True
88551,1.0,0.0,0.5,none,True,True
88552,1.0,0.0,0.5,none,True,True
88553,1.0,0.0,0.5,none,True,True
88554,1.0,0.0,0.5,none,True,True
88555,1.0,0.0,0.5,none,True,True
88556,1.0,0.0,0.5,none,True,True
88557,1.0,0.0,0.5,none,True,True
88558,1.0,0.0,0.5,none,True,True
88559,1.0,0.0,0.5,none,True,True
88560,1.0,0.0,0.5,none,True,True
88561,1.0,0.0,0.5,none,True,True
88562,1.0,0.0,0.5,none,True,True
88563,1.0,0.0,0.5,none,True,True
88564,1.0,0.0,0.5,none,True,True
88565,1.0,0.0,0.5,none,True,True
88566,1.0,0.0,0.5,none,True,True
88567,1.0,0.0,0.5,none,True,True
88568,1.0,0.0,0.5,none,True,True
88569,1.0,0.0,0.5,none,True,True
88570,1.0,0.0,0.5,none,True,True
88571,1.0,0.0,0.5,none,True,True
88572,1.0,0.0,0.5,none,True,True
88573,1.0,0.0,0.5,none,True,True
88574,1.0,0.0,0.5,none,True,True
88575,1.0,0.0,0.5,none,True,True
88576,1.0,0.0,0.5,none,True,True
88577,1.0,0.0,0.5,none,True,True
88578,1.0,0.0,0.5,none,True,True
88579,1.0,0.0,0.5,none,True,True
88580,1.0,0.0,0.5,none,True,True
88581,1.0,0.0,0.5,none,True,True
88582,1.0,0.0,0.5,none,True,True
88583,1.0,0.0,0.5,none,True,True
88584,1.0,0.0,0.5,none,True,True
88585,1.0,0.0,0.5,none,True,True
88586,1.0,0.0,0.5,none,True,True
88587,1.0,0.0,0.5,none,True,True
88588,1.0,0.0,0.5,none,True,True
88589,1.0,0.0,0.5,none,True,True
88590,1.0,0.0,0.5,none,True,True
88591,1.0,0.0,0.5,none,True,True
88592,1.0,0.0,0.5,none,True,True
88593,1.0,0.0,0.5,none,True,True
88594,1.0,0.0,0.5,none,True,True
88595,1.0,0.0,0.5,none,True,True
88596,1.0,0.0,0.5,none,True,True
88597,1.0,0.0,0.5,none,True,True
88598,1.0,0.0,0.5,none,True,True
88599,1.0,0.0,0.5,none,True,True
88600,1.0,0.0,0.5,none,True,True
88601,1.0,0.0,0.5,none,True,True
88602,1.0,0.0,0.5,none,True,True
88603,1.0,0.0,0.5,none,True,True
88604,1.0,0.0,0.5,none,True,True
88605,1.0,0.0,0.5,none,True,True
88606,1.0,0.0,0.5,none,True,True
88607,1.0,0.0,0.5,none,True,True
88608,1.0,0.0,0.5,none,True,True
88609,1.0,0.0,0.5,none,True,True
88610,1.0,0.0,0.5,none,True,True
88611,1.0,0.0,0.5,none,True,True
88612,1.0,0.0,0.5,none,True,True
88613,1.0,0.0,0.5,none,True,True
88614,1.0,0.0,0.5,none,True,True
88615,1.0,0.0,0.5,none,True,True
88616,1.0,0.0,0.5,none,True,True
88617,1.0,0.0,0.5,none,True,True
88618,1.0,0.0,0.5,none,True,True
88619,1.0,0.0,0.5,none,True,True
88620,1.0,0.0,0.5,none,True,True
88621,1.0,0.0,0.5,none,True,True
88622,1.0,0.0,0.5,none,True,True
88623,1.0,0.0,0.5,none,True,True
88624,1.0,0.0,0.5,none,True,True
88625,1.0,0.0,0.5,none,True,True
88626,1.0,0.0,0.5,none,True,True
88627,1.0,0.0,0.5,none,True,True
88628,1.0,0.0,0.5,none,True,True
88629,1.0,0.0,0.5,none,True,True
88630,1.0,0.0,0.5,none,True,True
88631,1.0,0.0,0.5,none,True,True
88632,1.0,0.0,0.5,none,True,True
88633,1.0,0.0,0.5,none,True,True
88634,1.0,0.0,0.5,none,True,True
88635,1.0,0.0,0.5,none,True,True
88636,1.0,0.0,0.5,none,True,True
88637,1.0,0.0,0.5,none,True,True
88638,1.0,0.0,0.5,none,True,True
88639,1.0,0.0,0.5,none,True,True
88640,1.0,0.0,0.5,none,True,True
88641,1.0,0.0,0.5,none,True,True
88642,1.0,0.0,0.5,none,True,True
88643,1.0,0.0,0.5,none,True,True
88644,1.0,0.0,0.5,none,True,True
88645,1.0,0.0,0.5,none,True,True
88646,1.0,0.0,0.5,none,True,True
88647,1.0,0.0,0.5,none,True,True
88648,1.0,0.0,0.5,none,True,True
88649,1.0,0.0,0.5,none,True,True
88650,1.0,0.0,0.5,none,True,True
88651,1.0,0.0,0.5,none,True,True
88652,1.0,0.0,0.5,none,True,True
88653,1.0,0.0,0.5,none,True,True
88654,1.0,0.0,0.5,none,True,True
88655,1.0,0.0,0.5,none,True,True
88656,1.0,0.0,0.5,none,True,True
88657,1.0,0.0,0.5,none,True,True
88658,1.0,0.0,0.5,none,True,True
88659,1.0,0.0,0.5,none,True,True
88660,1.0,0.0,0.5,none,True,True
88661,1.0,0.0,0.5,none,True,True
88662,1.0,0.0,0.5,none,True,True
88663,1.0,0.0,0.5,none,True,True
88664,1.0,0.0,0.5,none,True,True
88665,1.0,0.0,0.5,none,True,True
88666,1.0,0.0,0.5,none,True,True
88667,1.0,0.0,0.5,none,True,True
88668,1.0,0.0,0.5,none,True,True
88669,1.0,0.0,0.5,none,True,True
88670,1.0,0.0,0.5,none,True,True
88671,1.0,0.0,0.5,none,True,True
88672,1.0,0.0,0.5,none,True,True
88673,1.0,0.0,0.5,none,True,True
88674,1.0,0.0,0.5,none,True,True
88675,1.0,0.0,0.5,none,True,True
88676,1.0,0.0,0.5,none,True,True
88677,1.0,0.0,0.5,none,True,True
88678,1.0,0.0,0.5,none,True,True
88679,1.0,0.0,0.5,none,True,True
88680,1.0,0.0,0.5,none,True,True
88681,1.0,0.0,0.5,none,True,True
88682,1.0,0.0,0.5,none,True,True
88683,1.0,0.0,0.5,none,True,True
88684,1.0,0.0,0.5,none,True,True
88685,1.0,0.0,0.5,none,True,True
88686,1.0,0.0,0.5,none,True,True
88687,1.0,0.0,0.5,none,True,True
88688,1.0,0.0,0.5,none,True,True
88689,1.0,0.0,0.5,none,True,True
88690,1.0,0.0,0.5,none,True,True
88691,1.0,0.0,0.5,none,True,True
88692,1.0,0.0,0.5,none,True,True
88693,1.0,0.0,0.5,none,True,True
88694,1.0,0.0,0.5,none,True,True
88695,1.0,0.0,0.5,none,True,True
88696,1.0,0.0,0.5,none,True,True
88697,1.0,0.0,0.5,none,True,True
88698,1.0,0.0,0.5,none,True,True
88699,1.0,0.0,0.5,none,True,True
88700,1.0,0.0,0.5,none,True,True
88701,1.0,0.0,0.5,none,True,True
88702,1.0,0.0,0.5,none,True,True
88703,1.0,0.0,0.5,none,True,True
88704,1.0,0.0,0.5,none,True,True
88705,1.0,0.0,0.5,none,True,True
88706,1.0,0.0,0.5,none,True,True
88707,1.0,0.0,0.5,none,True,True
88708,1.0,0.0,0.5,none,True,True
88709,1.0,0.0,0.5,none,True,True
88710,1.0,0.0,0.5,none,True,True
88711,1.0,0.0,0.5,none,True,True
88712,1.0,0.0,0.5,none,True,True
88713,1.0,0.0,0.5,none,True,True
88714,1.0,0.0,0.5,none,True,True
88715,1.0,0.0,0.5,none,True,True
88716,1.0,0.0,0.5,none,True,True
88717,1.0,0.0,0.5,none,True,True
88718,1.0,0.0,0.5,none,True,True
88719,1.0,0.0,0.5,none,True,True
88720,1.0,0.0,0.5,none,True,True
88721,1.0,0.0,0.5,none,True,True
88722,1.0,0.0,0.5,none,True,True
88723,1.0,0.0,0.5,none,True,True
88724,1.0,0.0,0.5,none,True,True
88725,1.0,0.0,0.5,none,True,True
88726,1.0,0.0,0.5,none,True,True
88727,1.0,0.0,0.5,none,True,True
88728,1.0,0.0,0.5,none,True,True
88729,1.0,0.0,0.5,none,True,True
88730,1.0,0.0,0.5,none,True,True
88731,1.0,0.0,0.5,none,True,True
88732,1.0,0.0,0.5,none,True,True
88733,1.0,0.0,0.5,none,True,True
88734,1.0,0.0,0.5,none,True,True
88735,1.0,0.0,0.5,none,True,True
88736,1.0,0.0,0.5,none,True,True
88737,1.0,0.0,0.5,none,True,True
88738,1.0,0.0,0.5,none,True,True
88739,1.0,0.0,0.5,none,True,True
88740,1.0,0.0,0.5,none,True,True
88741,1.0,0.0,0.5,none,True,True
88742,1.0,0.0,0.5,none,True,True
88743,1.0,0.0,0.5,none,True,True
88744,1.0,0.0,0.5,none,True,True
88745,1.0,0.0,0.5,none,True,True
88746,1.0,0.0,0.5,none,True,True
88747,1.0,0.0,0.5,none,True,True
88748,1.0,0.0,0.5,none,True,True
88749,1.0,0.0,0.5,none,True,True
88750,1.0,0.0,0.5,none,True,True
88751,1.0,0.0,0.5,none,True,True
88752,1.0,0.0,0.5,none,True,True
88753,1.0,0.0,0.5,none,True,True
88754,1.0,0.0,0.5,none,True,True
88755,1.0,0.0,0.5,none,True,True
88756,1.0,0.0,0.5,none,True,True
88757,1.0,0.0,0.5,none,True,True
88758,1.0,0.0,0.5,none,True,True
88759,1.0,0.0,0.5,none,True,True
88760,1.0,0.0,0.5,none,True,True
88761,1.0,0.0,0.5,none,True,True
88762,1.0,0.0,0.5,none,True,True
88763,1.0,0.0,0.5,none,True,True
88764,1.0,0.0,0.5,none,True,True
88765,1.0,0.0,0.5,none,True,True
88766,1.0,0.0,0.5,none,True,True
88767,1.0,0.0,0.5,none,True,True
88768,1.0,0.0,0.5,none,True,True
88769,1.0,0.0,0.5,none,True,True
88770,1.0,0.0,0.5,none,True,True
88771,1.0,0.0,0.5,none,True,True
88772,1.0,0.0,0.5,none,True,True
88773,1.0,0.0,0.5,none,True,True
88774,1.0,0.0,0.5,none,True,True
88775,1.0,0.0,0.5,none,True,True
88776,1.0,0.0,0.5,none,True,True
88777,1.0,0.0,0.5,none,True,True
88778,1.0,0.0,0.5,none,True,True
88779,1.0,0.0,0.5,none,True,True
88780,1.0,0.0,0.5,none,True,True
88781,1.0,0.0,0.5,none,True,True
88782,1.0,0.0,0.5,none,True,True
88783,1.0,0.0,0.5,none,True,True
88784,1.0,0.0,0.5,none,True,True
88785,1.0,0.0,0.5,none,True,True
88786,1.0,0.0,0.5,none,True,True
88787,1.0,0.0,0.5,none,True,True
88788,1.0,0.0,0.5,none,True,True
88789,1.0,0.0,0.5,none,True,True
88790,1.0,0.0,0.5,none,True,True
88791,1.0,0.0,0.5,none,True,True
88792,1.0,0.0,0.5,none,True,True
88793,1.0,0.0,0.5,none,True,True
88794,1.0,0.0,0.5,none,True,True
88795,1.0,0.0,0.5,none,True,True
88796,1.0,0.0,0.5,none,True,True
88797,1.0,0.0,0.5,none,True,True
88798,1.0,0.0,0.5,none,True,True
88799,1.0,0.0,0.5,none,True,True
88800,1.0,0.0,0.5,none,True,True
88801,1.0,0.0,0.5,none,True,True
88802,1.0,0.0,0.5,none,True,True
88803,1.0,0.0,0.5,none,True,True
88804,1.0,0.0,0.5,none,True,True
88805,1.0,0.0,0.5,none,True,True
88806,1.0,0.0,0.5,none,True,True
88807,1.0,0.0,0.5,none,True,True
88808,1.0,0.0,0.5,none,True,True
88809,1.0,0.0,0.5,none,True,True
88810,1.0,0.0,0.5,none,True,True
88811,1.0,0.0,0.5,none,True,True
88812,1.0,0.0,0.5,none,True,True
88813,1.0,0.0,0.5,none,True,True
88814,1.0,0.0,0.5,none,True,True
88815,1.0,0.0,0.5,none,True,True
88816,1.0,0.0,0.5,none,True,True
88817,1.0,0.0,0.5,none,True,True
88818,1.0,0.0,0.5,none,True,True
88819,1.0,0.0,0.5,none,True,True
88820,1.0,0.0,0.5,none,True,True
88821,1.0,0.0,0.5,none,True,True
88822,1.0,0.0,0.5,none,True,True
88823,1.0,0.0,0.5,none,True,True
88824,1.0,0.0,0.5,none,True,True
88825,1.0,0.0,0.5,none,True,True
88826,1.0,0.0,0.5,none,True,True
88827,1.0,0.0,0.5,none,True,True
88828,1.0,0.0,0.5,none,True,True
88829,1.0,0.0,0.5,none,True,True
88830,1.0,0.0,0.5,none,True,True
88831,1.0,0.0,0.5,none,True,True
88832,1.0,0.0,0.5,none,True,True
88833,1.0,0.0,0.5,none,True,True
88834,1.0,0.0,0.5,none,True,True
88835,1.0,0.0,0.5,none,True,True
88836,1.0,0.0,0.5,none,True,True
88837,1.0,0.0,0.5,none,True,True
88838,1.0,0.0,0.5,none,True,True
88839,1.0,0.0,0.5,none,True,True
88840,1.0,0.0,0.5,none,True,True
88841,1.0,0.0,0.5,none,True,True
88842,1.0,0.0,0.5,none,True,True
88843,1.0,0.0,0.5,none,True,True
88844,1.0,0.0,0.5,none,True,True
88845,1.0,0.0,0.5,none,True,True
88846,1.0,0.0,0.5,none,True,True
88847,1.0,0.0,0.5,none,True,True
88848,1.0,0.0,0.5,none,True,True
88849,1.0,0.0,0.5,none,True,True
88850,1.0,0.0,0.5,none,True,True
88851,1.0,0.0,0.5,none,True,True
88852,1.0,0.0,0.5,none,True,True
88853,1.0,0.0,0.5,none,True,True
88854,1.0,0.0,0.5,none,True,True
88855,1.0,0.0,0.5,none,True,True
88856,1.0,0.0,0.5,none,True,True
88857,1.0,0.0,0.5,none,True,True
88858,1.0,0.0,0.5,none,True,True
88859,1.0,0.0,0.5,none,True,True
88860,1.0,0.0,0.5,none,True,True
88861,1.0,0.0,0.5,none,True,True
88862,1.0,0.0,0.5,none,True,True
88863,1.0,0.0,0.5,none,True,True
88864,1.0,0.0,0.5,none,True,True
88865,1.0,0.0,0.5,none,True,True
88866,1.0,0.0,0.5,none,True,True
88867,1.0,0.0,0.5,none,True,True
88868,1.0,0.0,0.5,none,True,True
88869,1.0,0.0,0.5,none,True,True
88870,1.0,0.0,0.5,none,True,True
88871,1.0,0.0,0.5,none,True,True
88872,1.0,0.0,0.5,none,True,True
88873,1.0,0.0,0.5,none,True,True
88874,1.0,0.0,0.5,none,True,True
88875,1.0,0.0,0.5,none,True,True
88876,1.0,0.0,0.5,none,True,True
88877,1.0,0.0,0.5,none,True,True
88878,1.0,0.0,0.5,none,True,True
88879,1.0,0.0,0.5,none,True,True
88880,1.0,0.0,0.5,none,True,True
88881,1.0,0.0,0.5,none,True,True
88882,1.0,0.0,0.5,none,True,True
88883,1.0,0.0,0.5,none,True,True
88884,1.0,0.0,0.5,none,True,True
88885,1.0,0.0,0.5,none,True,True
88886,1.0,0.0,0.5,none,True,True
88887,1.0,0.0,0.5,none,True,True
88888,1.0,0.0,0.5,none,True,True
88889,1.0,0.0,0.5,none,True,True
88890,1.0,0.0,0.5,none,True,True
88891,1.0,0.0,0.5,none,True,True
88892,1.0,0.0,0.5,none,True,True
88893,1.0,0.0,0.5,none,True,True
88894,1.0,0.0,0.5,none,True,True
88895,1.0,0.0,0.5,none,True,True
88896,1.0,0.0,0.5,none,True,True
88897,1.0,0.0,0.5,none,True,True
88898,1.0,0.0,0.5,none,True,True
88899,1.0,0.0,0.5,none,True,True
88900,1.0,0.0061,0.5,none,True,True
88901,1.0,0.0357,0.5,none,True,True
88902,1.0,0.0812,0.5,none,True,True
88903,1.0,0.1113,0.5,none,True,True
88904,1.0,0.1253,0.5,none,True,True
88905,1.0,0.1408,0.5,none,True,True
88906,1.0,0.0907,0.5,none,True,True
88907,1.0,0.1198,0.5,none,True,True
88908,1.0,0.0467,0.5,none,True,True
88909,1.0,0.0522,0.5,none,True,True
88910,1.0,0.0405,0.5,none,True,True
88911,1.0,0.0313,0.5,none,True,True
88912,1.0,0.0083,0.5,none,True,True
88913,1.0,0.0726,0.5,none,True,True
88914,1.0,0.0793,0.5,none,True,True
88915,1.0,0.0581,0.5,none,True,True
88916,1.0,0.0955,0.5,none,True,True
88917,1.0,0.0839,0.5,none,True,True
88918,1.0,0.0648,0.5,none,True,True
88919,1.0,0.0718,0.5,none,True,True
88920,1.0,0.0589,0.5,none,True,True
88921,1.0,0.0403,0.5,none,True,True
88922,1.0,0.0327,0.5,none,True,True
88923,1.0,0.0277,0.5,none,True,True
88924,1.0,0.017,0.5,none,True,True
88925,1.0,0.0102,0.5,none,True,True
88926,1.0,0.0099,0.5,none,True,True
88927,1.0,0.008,0.5,none,True,True
88928,1.0,0.005,0.5,none,True,True
88929,1.0,0.0063,0.5,none,True,True
88930,1.0,0.009,0.5,none,True,True
88931,1.0,0.0096,0.5,none,True,True
88932,1.0,0.0108,0.5,none,True,True
88933,1.0,0.014,0.5,none,True,True
88934,1.0,0.0161,0.5,none,True,True
88935,1.0,0.0167,0.5,none,True,True
88936,1.0,0.0182,0.5,none,True,True
88937,1.0,0.0196,0.5,none,True,True
88938,1.0,0.0197,0.5,none,True,True
88939,1.0,0.0193,0.5,none,True,True
88940,1.0,0.0193,0.5,none,True,True
88941,1.0,0.0187,0.5,none,True,True
88942,1.0,0.0174,0.5,none,True,True
88943,1.0,0.0163,0.5,none,True,True
88944,1.0,0.0152,0.5,none,True,True
88945,1.0,0.0138,0.5,none,True,True
88946,1.0,0.0123,0.5,none,True,True
88947,1.0,0.0111,0.5,none,True,True
88948,1.0,0.01,0.5,none,True,True
88949,1.0,0.0088,0.5,none,True,True
88950,1.0,0.0078,0.5,none,True,True
88951,1.0,0.0071,0.5,none,True,True
88952,1.0,0.0064,0.5,none,True,True
88953,1.0,0.0057,0.5,none,True,True
88954,1.0,0.0053,0.5,none,True,True
88955,1.0,0.005,0.5,none,True,True
88956,1.0,0.0047,0.5,none,True,True
88957,1.0,0.0045,0.5,none,True,True
88958,1.0,0.0044,0.5,none,True,True
88959,1.0,0.0043,0.5,none,True,True
88960,1.0,0.0042,0.5,none,True,True
88961,1.0,0.0041,0.5,none,True,True
88962,1.0,0.004,0.5,none,True,True
88963,1.0,0.0039,0.5,none,True,True
88964,1.0,0.0038,0.5,none,True,True
88965,1.0,0.0037,0.5,none,True,True
88966,1.0,0.0035,0.5,none,True,True
88967,1.0,0.0033,0.5,none,True,True
88968,1.0,0.0032,0.5,none,True,True
88969,1.0,0.003,0.5,none,True,True
88970,1.0,0.0028,0.5,none,True,True
88971,1.0,0.0026,0.5,none,True,True
88972,1.0,0.0024,0.5,none,True,True
88973,1.0,0.0023,0.5,none,True,True
88974,1.0,0.0021,0.5,none,True,True
88975,1.0,0.0019,0.5,none,True,True
88976,1.0,0.0018,0.5,none,True,True
88977,1.0,0.0017,0.5,none,True,True
88978,1.0,0.0015,0.5,none,True,True
88979,1.0,0.0014,0.5,none,True,True
88980,1.0,0.0013,0.5,none,True,True
88981,1.0,0.0013,0.5,none,True,True
88982,1.0,0.0012,0.5,none,True,True
88983,1.0,0.0011,0.5,none,True,True
88984,1.0,0.0011,0.5,none,True,True
88985,1.0,0.001,0.5,none,True,True
88986,1.0,0.001,0.5,none,True,True
88987,1.0,0.0009,0.5,none,True,True
88988,1.0,0.0009,0.5,none,True,True
88989,1.0,0.0008,0.5,none,True,True
88990,1.0,0.0008,0.5,none,True,True
88991,1.0,0.0008,0.5,none,True,True
88992,1.0,0.0007,0.5,none,True,True
88993,1.0,0.0007,0.5,none,True,True
88994,1.0,0.0006,0.5,none,True,True
88995,1.0,0.0006,0.5,none,True,True
88996,1.0,0.0006,0.5,none,True,True
88997,1.0,0.0005,0.5,none,True,True
88998,1.0,0.0005,0.5,none,True,True
88999,1.0,0.0005,0.5,none,True,True
89000,1.0,0.0004,0.5,none,True,True
89001,1.0,0.0004,0.5,none,True,True
89002,1.0,0.0004,0.5,none,True,True
89003,1.0,0.0004,0.5,none,True,True
89004,1.0,0.0003,0.5,none,True,True
89005,1.0,0.0003,0.5,none,True,True
89006,1.0,0.0003,0.5,none,True,True
89007,1.0,0.0003,0.5,none,True,True
89008,1.0,0.0003,0.5,none,True,True
89009,1.0,0.0003,0.5,none,True,True
89010,1.0,0.0002,0.5,none,True,True
89011,1.0,0.0002,0.5,none,True,True
89012,1.0,0.0002,0.5,none,True,True
89013,1.0,0.0002,0.5,none,True,True
89014,1.0,0.0002,0.5,none,True,True
89015,1.0,0.0002,0.5,none,True,True
89016,1.0,0.0002,0.5,none,True,True
89017,1.0,0.0002,0.5,none,True,True
89018,1.0,0.0002,0.5,none,True,True
89019,1.0,0.0001,0.5,none,True,True
89020,1.0,0.0001,0.5,none,True,True
89021,1.0,0.0001,0.5,none,True,True
89022,1.0,0.0001,0.5,none,True,True
89023,1.0,0.0001,0.5,none,True,True
89024,1.0,0.0001,0.5,none,True,True
89025,1.0,0.0001,0.5,none,True,True
89026,1.0,0.0001,0.5,none,True,True
89027,1.0,0.0001,0.5,none,True,True
89028,1.0,0.0001,0.5,none,True,True
89029,1.0,0.0001,0.5,none,True,True
89030,1.0,0.0001,0.5,none,True,True
89031,1.0,0.0001,0.5,none,True,True
89032,1.0,0.0001,0.5,none,True,True
89033,1.0,0.0001,0.5,none,True,True
89034,1.0,0.0001,0.5,none,True,True
89035,1.0,0.0001,0.5,none,True,True
89036,1.0,0.0001,0.5,none,True,True
89037,1.0,0.0,0.5,none,True,True
89038,1.0,0.0,0.5,none,True,True
89039,1.0,0.0,0.5,none,True,True
89040,1.0,0.0,0.5,none,True,True
89041,1.0,0.0,0.5,none,True,True
89042,1.0,0.0,0.5,none,True,True
89043,1.0,0.0,0.5,none,True,True
89044,1.0,0.0,0.5,none,True,True
89045,1.0,0.0,0.5,none,True,True
89046,1.0,0.0,0.5,none,True,True
89047,1.0,0.0,0.5,none,True,True
89048,1.0,0.0,0.5,none,True,True
89049,1.0,0.0,0.5,none,True,True
89050,1.0,0.0,0.5,none,True,True
89051,1.0,0.0,0.5,none,True,True
89052,1.0,0.0,0.5,none,True,True
89053,1.0,0.0,0.5,none,True,True
89054,1.0,0.0,0.5,none,True,True
89055,1.0,0.0,0.5,none,True,True
89056,1.0,0.0,0.5,none,True,True
89057,1.0,0.0,0.5,none,True,True
89058,1.0,0.0,0.5,none,True,True
89059,1.0,0.0,0.5,none,True,True
89060,1.0,0.0,0.5,none,True,True
89061,1.0,0.0,0.5,none,True,True
89062,1.0,0.0,0.5,none,True,True
89063,1.0,0.0,0.5,none,True,True
89064,1.0,0.0,0.5,none,True,True
89065,1.0,0.0,0.5,none,True,True
89066,1.0,0.0,0.5,none,True,True
89067,1.0,0.0,0.5,none,True,True
89068,1.0,0.0,0.5,none,True,True
89069,1.0,0.0,0.5,none,True,True
89070,1.0,0.0,0.5,none,True,True
89071,1.0,0.0,0.5,none,True,True
89072,1.0,0.0,0.5,none,True,True
89073,1.0,0.0,0.5,none,True,True
89074,1.0,0.0,0.5,none,True,True
89075,1.0,0.0,0.5,none,True,True
89076,1.0,0.0,0.5,none,True,True
89077,1.0,0.0,0.5,none,True,True
89078,1.0,0.0,0.5,none,True,True
89079,1.0,0.0,0.5,none,True,True
89080,1.0,0.0,0.5,none,True,True
89081,1.0,0.0,0.5,none,True,True
89082,1.0,0.0,0.5,none,True,True
89083,1.0,0.0,0.5,none,True,True
89084,1.0,0.0,0.5,none,True,True
89085,1.0,0.0,0.5,none,True,True
89086,1.0,0.0,0.5,none,True,True
89087,1.0,0.0,0.5,none,True,True
89088,1.0,0.0,0.5,none,True,True
89089,1.0,0.0,0.5,none,True,True
89090,1.0,0.0,0.5,none,True,True
89091,1.0,0.0,0.5,none,True,True
89092,1.0,0.0,0.5,none,True,True
89093,1.0,0.0,0.5,none,True,True
89094,1.0,0.0,0.5,none,True,True
89095,1.0,0.0,0.5,none,True,True
89096,1.0,0.0,0.5,none,True,True
89097,1.0,0.0,0.5,none,True,True
89098,1.0,0.0,0.5,none,True,True
89099,1.0,0.0,0.5,none,True,True
89100,1.0,0.0,0.5,none,True,True
89101,1.0,0.0,0.5,none,True,True
89102,1.0,0.0,0.5,none,True,True
89103,1.0,0.0,0.5,none,True,True
89104,1.0,0.0,0.5,none,True,True
89105,1.0,0.0,0.5,none,True,True
89106,1.0,0.0,0.5,none,True,True
89107,1.0,0.0,0.5,none,True,True
89108,1.0,0.0,0.5,none,True,True
89109,1.0,0.0,0.5,none,True,True
89110,1.0,0.0,0.5,none,True,True
89111,1.0,0.0,0.5,none,True,True
89112,1.0,0.0,0.5,none,True,True
89113,1.0,0.0,0.5,none,True,True
89114,1.0,0.0,0.5,none,True,True
89115,1.0,0.0,0.5,none,True,True
89116,1.0,0.0,0.5,none,True,True
89117,1.0,0.0,0.5,none,True,True
89118,1.0,0.0,0.5,none,True,True
89119,1.0,0.0,0.5,none,True,True
89120,1.0,0.0,0.5,none,True,True
89121,1.0,0.0,0.5,none,True,True
89122,1.0,0.0,0.5,none,True,True
89123,1.0,0.0,0.5,none,True,True
89124,1.0,0.0,0.5,none,True,True
89125,1.0,0.0,0.5,none,True,True
89126,1.0,0.0,0.5,none,True,True
89127,1.0,0.0,0.5,none,True,True
89128,1.0,0.0,0.5,none,True,True
89129,1.0,0.0,0.5,none,True,True
89130,1.0,0.0,0.5,none,True,True
89131,1.0,0.0,0.5,none,True,True
89132,1.0,0.0,0.5,none,True,True
89133,1.0,0.0,0.5,none,True,True
89134,1.0,0.0,0.5,none,True,True
89135,1.0,0.0,0.5,none,True,True
89136,1.0,0.0,0.5,none,True,True
89137,1.0,0.0,0.5,none,True,True
89138,1.0,0.0,0.5,none,True,True
89139,1.0,0.0,0.5,none,True,True
89140,1.0,0.0,0.5,none,True,True
89141,1.0,0.0,0.5,none,True,True
89142,1.0,0.0,0.5,none,True,True
89143,1.0,0.0,0.5,none,True,True
89144,1.0,0.0,0.5,none,True,True
89145,1.0,0.0,0.5,none,True,True
89146,1.0,0.0,0.5,none,True,True
89147,1.0,0.0,0.5,none,True,True
89148,1.0,0.0,0.5,none,True,True
89149,1.0,0.0,0.5,none,True,True
89150,1.0,0.0,0.5,none,True,True
89151,1.0,0.0,0.5,none,True,True
89152,1.0,0.0,0.5,none,True,True
89153,1.0,0.0,0.5,none,True,True
89154,1.0,0.0,0.5,none,True,True
89155,1.0,0.0,0.5,none,True,True
89156,1.0,0.0,0.5,none,True,True
89157,1.0,0.0,0.5,none,True,True
89158,1.0,0.0,0.5,none,True,True
89159,1.0,0.0,0.5,none,True,True
89160,1.0,0.0,0.5,none,True,True
89161,1.0,0.0,0.5,none,True,True
89162,1.0,0.0,0.5,none,True,True
89163,1.0,0.0,0.5,none,True,True
89164,1.0,0.0,0.5,none,True,True
89165,1.0,0.0,0.5,none,True,True
89166,1.0,0.0,0.5,none,True,True
89167,1.0,0.0,0.5,none,True,True
89168,1.0,0.0,0.5,none,True,True
89169,1.0,0.0,0.5,none,True,True
89170,1.0,0.0,0.5,none,True,True
89171,1.0,0.0,0.5,none,True,True
89172,1.0,0.0,0.5,none,True,True
89173,1.0,0.0,0.5,none,True,True
89174,1.0,0.0,0.5,none,True,True
89175,1.0,0.0,0.5,none,True,True
89176,1.0,0.0,0.5,none,True,True
89177,1.0,0.0,0.5,none,True,True
89178,1.0,0.0,0.5,none,True,True
89179,1.0,0.0,0.5,none,True,True
89180,1.0,0.0,0.5,none,True,True
89181,1.0,0.0,0.5,none,True,True
89182,1.0,0.0,0.5,none,True,True
89183,1.0,0.0,0.5,none,True,True
89184,1.0,0.0,0.5,none,True,True
89185,1.0,0.0,0.5,none,True,True
89186,1.0,0.0,0.5,none,True,True
89187,1.0,0.0,0.5,none,True,True
89188,1.0,0.0,0.5,none,True,True
89189,1.0,0.0,0.5,none,True,True
89190,1.0,0.0,0.5,none,True,True
89191,1.0,0.0,0.5,none,True,True
89192,1.0,0.0,0.5,none,True,True
89193,1.0,0.0,0.5,none,True,True
89194,1.0,0.0,0.5,none,True,True
89195,1.0,0.0,0.5,none,True,True
89196,1.0,0.0,0.5,none,True,True
89197,1.0,0.0,0.5,none,True,True
89198,1.0,0.0,0.5,none,True,True
89199,1.0,0.0,0.5,none,True,True
89200,1.0,0.0,0.5,none,True,True
89201,1.0,0.0,0.5,none,True,True
89202,1.0,0.0,0.5,none,True,True
89203,1.0,0.0,0.5,none,True,True
89204,1.0,0.0,0.5,none,True,True
89205,1.0,0.0,0.5,none,True,True
89206,1.0,0.0,0.5,none,True,True
89207,1.0,0.0,0.5,none,True,True
89208,1.0,0.0,0.5,none,True,True
89209,1.0,0.0,0.5,none,True,True
89210,1.0,0.0,0.5,none,True,True
89211,1.0,0.0,0.5,none,True,True
89212,1.0,0.0,0.5,none,True,True
89213,1.0,0.0,0.5,none,True,True
89214,1.0,0.0,0.5,none,True,True
89215,1.0,0.0,0.5,none,True,True
89216,1.0,0.0,0.5,none,True,True
89217,1.0,0.0,0.5,none,True,True
89218,1.0,0.0,0.5,none,True,True
89219,1.0,0.0,0.5,none,True,True
89220,1.0,0.0,0.5,none,True,True
89221,1.0,0.0,0.5,none,True,True
89222,1.0,0.0,0.5,none,True,True
89223,1.0,0.0,0.5,none,True,True
89224,1.0,0.0,0.5,none,True,True
89225,1.0,0.0,0.5,none,True,True
89226,1.0,0.0,0.5,none,True,True
89227,1.0,0.0,0.5,none,True,True
89228,1.0,0.0,0.5,none,True,True
89229,1.0,0.0,0.5,none,True,True
89230,1.0,0.0,0.5,none,True,True
89231,1.0,0.0,0.5,none,True,True
89232,1.0,0.0,0.5,none,True,True
89233,1.0,0.0,0.5,none,True,True
89234,1.0,0.0,0.5,none,True,True
89235,1.0,0.0,0.5,none,True,True
89236,1.0,0.0,0.5,none,True,True
89237,1.0,0.0,0.5,none,True,True
89238,1.0,0.0,0.5,none,True,True
89239,1.0,0.0,0.5,none,True,True
89240,1.0,0.0,0.5,none,True,True
89241,1.0,0.0,0.5,none,True,True
89242,1.0,0.0,0.5,none,True,True
89243,1.0,0.0,0.5,none,True,True
89244,1.0,0.0,0.5,none,True,True
89245,1.0,0.0,0.5,none,True,True
89246,1.0,0.0,0.5,none,True,True
89247,1.0,0.0,0.5,none,True,True
89248,1.0,0.0,0.5,none,True,True
89249,1.0,0.0,0.5,none,True,True
89250,1.0,0.0,0.5,none,True,True
89251,1.0,0.0,0.5,none,True,True
89252,1.0,0.0,0.5,none,True,True
89253,1.0,0.0,0.5,none,True,True
89254,1.0,0.0,0.5,none,True,True
89255,1.0,0.0,0.5,none,True,True
89256,1.0,0.0,0.5,none,True,True
89257,1.0,0.0,0.5,none,True,True
89258,1.0,0.0,0.5,none,True,True
89259,1.0,0.0,0.5,none,True,True
89260,1.0,0.0,0.5,none,True,True
89261,1.0,0.0,0.5,none,True,True
89262,1.0,0.0,0.5,none,True,True
89263,1.0,0.0,0.5,none,True,True
89264,1.0,0.0,0.5,none,True,True
89265,1.0,0.0,0.5,none,True,True
89266,1.0,0.0,0.5,none,True,True
89267,1.0,0.0,0.5,none,True,True
89268,1.0,0.0,0.5,none,True,True
89269,1.0,0.0,0.5,none,True,True
89270,1.0,0.0,0.5,none,True,True
89271,1.0,0.0,0.5,none,True,True
89272,1.0,0.0,0.5,none,True,True
89273,1.0,0.0,0.5,none,True,True
89274,1.0,0.0,0.5,none,True,True
89275,1.0,0.0,0.5,none,True,True
89276,1.0,0.0,0.5,none,True,True
89277,1.0,0.0,0.5,none,True,True
89278,1.0,0.0,0.5,none,True,True
89279,1.0,0.0,0.5,none,True,True
89280,1.0,0.0,0.5,none,True,True
89281,1.0,0.0,0.5,none,True,True
89282,1.0,0.0,0.5,none,True,True
89283,1.0,0.0,0.5,none,True,True
89284,1.0,0.0,0.5,none,True,True
89285,1.0,0.0,0.5,none,True,True
89286,1.0,0.0,0.5,none,True,True
89287,1.0,0.0,0.5,none,True,True
89288,1.0,0.0,0.5,none,True,True
89289,1.0,0.0,0.5,none,True,True
89290,1.0,0.0,0.5,none,True,True
89291,1.0,0.0,0.5,none,True,True
89292,1.0,0.0,0.5,none,True,True
89293,1.0,0.0,0.5,none,True,True
89294,1.0,0.0,0.5,none,True,True
89295,1.0,0.0,0.5,none,True,True
89296,1.0,0.0,0.5,none,True,True
89297,1.0,0.0,0.5,none,True,True
89298,1.0,0.0,0.5,none,True,True
89299,1.0,0.0,0.5,none,True,True
89300,1.0,0.0,0.5,none,True,True
89301,1.0,0.0,0.5,none,True,True
89302,1.0,0.0,0.5,none,True,True
89303,1.0,0.0,0.5,none,True,True
89304,1.0,0.0,0.5,none,True,True
89305,1.0,0.0,0.5,none,True,True
89306,1.0,0.0,0.5,none,True,True
89307,1.0,0.0,0.5,none,True,True
89308,1.0,0.0,0.5,none,True,True
89309,1.0,0.0,0.5,none,True,True
89310,1.0,0.0,0.5,none,True,True
89311,1.0,0.0,0.5,none,True,True
89312,1.0,0.0,0.5,none,True,True
89313,1.0,0.0,0.5,none,True,True
89314,1.0,0.0,0.5,none,True,True
89315,1.0,0.0,0.5,none,True,True
89316,1.0,0.0,0.5,none,True,True
89317,1.0,0.0,0.5,none,True,True
89318,1.0,0.0,0.5,none,True,True
89319,1.0,0.0,0.5,none,True,True
89320,1.0,0.0,0.5,none,True,True
89321,1.0,0.0,0.5,none,True,True
89322,1.0,0.0,0.5,none,True,True
89323,1.0,0.0,0.5,none,True,True
89324,1.0,0.0,0.5,none,True,True
89325,1.0,0.0,0.5,none,True,True
89326,1.0,0.0,0.5,none,True,True
89327,1.0,0.0,0.5,none,True,True
89328,1.0,0.0,0.5,none,True,True
89329,1.0,0.0,0.5,none,True,True
89330,1.0,0.0,0.5,none,True,True
89331,1.0,0.0,0.5,none,True,True
89332,1.0,0.0,0.5,none,True,True
89333,1.0,0.0,0.5,none,True,True
89334,1.0,0.0,0.5,none,True,True
89335,1.0,0.0,0.5,none,True,True
89336,1.0,0.0,0.5,none,True,True
89337,1.0,0.0,0.5,none,True,True
89338,1.0,0.0,0.5,none,True,True
89339,1.0,0.0,0.5,none,True,True
89340,1.0,0.0,0.5,none,True,True
89341,1.0,0.0,0.5,none,True,True
89342,1.0,0.0,0.5,none,True,True
89343,1.0,0.0,0.5,none,True,True
89344,1.0,0.0,0.5,none,True,True
89345,1.0,0.0,0.5,none,True,True
89346,1.0,0.0,0.5,none,True,True
89347,1.0,0.0,0.5,none,True,True
89348,1.0,0.0,0.5,none,True,True
89349,1.0,0.0,0.5,none,True,True
89350,1.0,0.0,0.5,none,True,True
89351,1.0,0.0,0.5,none,True,True
89352,1.0,0.0,0.5,none,True,True
89353,1.0,0.0,0.5,none,True,True
89354,1.0,0.0,0.5,none,True,True
89355,1.0,0.0,0.5,none,True,True
89356,1.0,0.0,0.5,none,True,True
89357,1.0,0.0,0.5,none,True,True
89358,1.0,0.0,0.5,none,True,True
89359,1.0,0.0,0.5,none,True,True
89360,1.0,0.0,0.5,none,True,True
89361,1.0,0.0,0.5,none,True,True
89362,1.0,0.0,0.5,none,True,True
89363,1.0,0.0,0.5,none,True,True
89364,1.0,0.0,0.5,none,True,True
89365,1.0,0.0,0.5,none,True,True
89366,1.0,0.0,0.5,none,True,True
89367,1.0,0.0,0.5,none,True,True
89368,1.0,0.0,0.5,none,True,True
89369,1.0,0.0,0.5,none,True,True
89370,1.0,0.0,0.5,none,True,True
89371,1.0,0.0,0.5,none,True,True
89372,1.0,0.0,0.5,none,True,True
89373,1.0,0.0,0.5,none,True,True
89374,1.0,0.0,0.5,none,True,True
89375,1.0,0.0,0.5,none,True,True
89376,1.0,0.0,0.5,none,True,True
89377,1.0,0.0,0.5,none,True,True
89378,1.0,0.0,0.5,none,True,True
89379,1.0,0.0,0.5,none,True,True
89380,1.0,0.0,0.5,none,True,True
89381,1.0,0.0,0.5,none,True,True
89382,1.0,0.0,0.5,none,True,True
89383,1.0,0.0,0.5,none,True,True
89384,1.0,0.0,0.5,none,True,True
89385,1.0,0.0,0.5,none,True,True
89386,1.0,0.0,0.5,none,True,True
89387,1.0,0.0,0.5,none,True,True
89388,1.0,0.0,0.5,none,True,True
89389,1.0,0.0,0.5,none,True,True
89390,1.0,0.0,0.5,none,True,True
89391,1.0,0.0,0.5,none,True,True
89392,1.0,0.0,0.5,none,True,True
89393,1.0,0.0,0.5,none,True,True
89394,1.0,0.0,0.5,none,True,True
89395,1.0,0.0,0.5,none,True,True
89396,1.0,0.0,0.5,none,True,True
89397,1.0,0.0,0.5,none,True,True
89398,1.0,0.0,0.5,none,True,True
89399,1.0,0.0,0.5,none,True,True
89400,1.0,0.0,0.5,none,True,True
89401,1.0,0.0,0.5,none,True,True
89402,1.0,0.0,0.5,none,True,True
89403,1.0,0.0,0.5,none,True,True
89404,1.0,0.0,0.5,none,True,True
89405,1.0,0.0,0.5,none,True,True
89406,1.0,0.0,0.5,none,True,True
89407,1.0,0.0,0.5,none,True,True
89408,1.0,0.0,0.5,none,True,True
89409,1.0,0.0,0.5,none,True,True
89410,1.0,0.0,0.5,none,True,True
89411,1.0,0.0,0.5,none,True,True
89412,1.0,0.0,0.5,none,True,True
89413,1.0,0.0,0.5,none,True,True
89414,1.0,0.0,0.5,none,True,True
89415,1.0,0.0,0.5,none,True,True
89416,1.0,0.0,0.5,none,True,True
89417,1.0,0.0,0.5,none,True,True
89418,1.0,0.0,0.5,none,True,True
89419,1.0,0.0,0.5,none,True,True
89420,1.0,0.0,0.5,none,True,True
89421,1.0,0.0,0.5,none,True,True
89422,1.0,0.0,0.5,none,True,True
89423,1.0,0.0,0.5,none,True,True
89424,1.0,0.0,0.5,none,True,True
89425,1.0,0.0,0.5,none,True,True
89426,1.0,0.0,0.5,none,True,True
89427,1.0,0.0,0.5,none,True,True
89428,1.0,0.0,0.5,none,True,True
89429,1.0,0.0,0.5,none,True,True
89430,1.0,0.0,0.5,none,True,True
89431,1.0,0.0,0.5,none,True,True
89432,1.0,0.0,0.5,none,True,True
89433,1.0,0.0,0.5,none,True,True
89434,1.0,0.0,0.5,none,True,True
89435,1.0,0.0,0.5,none,True,True
89436,1.0,0.0,0.5,none,True,True
89437,1.0,0.0,0.5,none,True,True
89438,1.0,0.0,0.5,none,True,True
89439,1.0,0.0,0.5,none,True,True
89440,1.0,0.0,0.5,none,True,True
89441,1.0,0.0,0.5,none,True,True
89442,1.0,0.0,0.5,none,True,True
89443,1.0,0.0,0.5,none,True,True
89444,1.0,0.0,0.5,none,True,True
89445,1.0,0.0,0.5,none,True,True
89446,1.0,0.0,0.5,none,True,True
89447,1.0,0.0,0.5,none,True,True
89448,1.0,0.0,0.5,none,True,True
89449,1.0,0.0,0.5,none,True,True
89450,1.0,0.0,0.5,none,True,True
89451,1.0,0.0,0.5,none,True,True
89452,1.0,0.0,0.5,none,True,True
89453,1.0,0.0,0.5,none,True,True
89454,1.0,0.0,0.5,none,True,True
89455,1.0,0.0,0.5,none,True,True
89456,1.0,0.0,0.5,none,True,True
89457,1.0,0.0,0.5,none,True,True
89458,1.0,0.0,0.5,none,True,True
89459,1.0,0.0,0.5,none,True,True
89460,1.0,0.0,0.5,none,True,True
89461,1.0,0.0,0.5,none,True,True
89462,1.0,0.0,0.5,none,True,True
89463,1.0,0.0,0.5,none,True,True
89464,1.0,0.0,0.5,none,True,True
89465,1.0,0.0,0.5,none,True,True
89466,1.0,0.0,0.5,none,True,True
89467,1.0,0.0,0.5,none,True,True
89468,1.0,0.0,0.5,none,True,True
89469,1.0,0.0,0.5,none,True,True
89470,1.0,0.0,0.5,none,True,True
89471,1.0,0.0,0.5,none,True,True
89472,1.0,0.0,0.5,none,True,True
89473,1.0,0.0,0.5,none,True,True
89474,1.0,0.0,0.5,none,True,True
89475,1.0,0.0,0.5,none,True,True
89476,1.0,0.0,0.5,none,True,True
89477,1.0,0.0,0.5,none,True,True
89478,1.0,0.0,0.5,none,True,True
89479,1.0,0.0,0.5,none,True,True
89480,1.0,0.0,0.5,none,True,True
89481,1.0,0.0,0.5,none,True,True
89482,1.0,0.0,0.5,none,True,True
89483,1.0,0.0,0.5,none,True,True
89484,1.0,0.0,0.5,none,True,True
89485,1.0,0.0,0.5,none,True,True
89486,1.0,0.0,0.5,none,True,True
89487,1.0,0.0,0.5,none,True,True
89488,1.0,0.0,0.5,none,True,True
89489,1.0,0.0,0.5,none,True,True
89490,1.0,0.0,0.5,none,True,True
89491,1.0,0.0,0.5,none,True,True
89492,1.0,0.0,0.5,none,True,True
89493,1.0,0.0,0.5,none,True,True
89494,1.0,0.0,0.5,none,True,True
89495,1.0,0.0,0.5,none,True,True
89496,1.0,0.0,0.5,none,True,True
89497,1.0,0.0,0.5,none,True,True
89498,1.0,0.0,0.5,none,True,True
89499,1.0,0.0,0.5,none,True,True
89500,1.0,0.0,0.5,none,True,True
89501,1.0,0.0,0.5,none,True,True
89502,1.0,0.0,0.5,none,True,True
89503,1.0,0.0,0.5,none,True,True
89504,1.0,0.0,0.5,none,True,True
89505,1.0,0.0,0.5,none,True,True
89506,1.0,0.0,0.5,none,True,True
89507,1.0,0.0,0.5,none,True,True
89508,1.0,0.0,0.5,none,True,True
89509,1.0,0.0,0.5,none,True,True
89510,1.0,0.0,0.5,none,True,True
89511,1.0,0.0,0.5,none,True,True
89512,1.0,0.0,0.5,none,True,True
89513,1.0,0.0,0.5,none,True,True
89514,1.0,0.0,0.5,none,True,True
89515,1.0,0.0,0.5,none,True,True
89516,1.0,0.0,0.5,none,True,True
89517,1.0,0.0,0.5,none,True,True
89518,1.0,0.0,0.5,none,True,True
89519,1.0,0.0,0.5,none,True,True
89520,1.0,0.0,0.5,none,True,True
89521,1.0,0.0,0.5,none,True,True
89522,1.0,0.0,0.5,none,True,True
89523,1.0,0.0,0.5,none,True,True
89524,1.0,0.0,0.5,none,True,True
89525,1.0,0.0,0.5,none,True,True
89526,1.0,0.0,0.5,none,True,True
89527,1.0,0.0,0.5,none,True,True
89528,1.0,0.0,0.5,none,True,True
89529,1.0,0.0,0.5,none,True,True
89530,1.0,0.0,0.5,none,True,True
89531,1.0,0.0,0.5,none,True,True
89532,1.0,0.0,0.5,none,True,True
89533,1.0,0.0,0.5,none,True,True
89534,1.0,0.0,0.5,none,True,True
89535,1.0,0.0,0.5,none,True,True
89536,1.0,0.0,0.5,none,True,True
89537,1.0,0.0,0.5,none,True,True
89538,1.0,0.0,0.5,none,True,True
89539,1.0,0.0,0.5,none,True,True
89540,1.0,0.0,0.5,none,True,True
89541,1.0,0.0,0.5,none,True,True
89542,1.0,0.0,0.5,none,True,True
89543,1.0,0.0,0.5,none,True,True
89544,1.0,0.0,0.5,none,True,True
89545,1.0,0.0,0.5,none,True,True
89546,1.0,0.0,0.5,none,True,True
89547,1.0,0.0,0.5,none,True,True
89548,1.0,0.0,0.5,none,True,True
89549,1.0,0.0,0.5,none,True,True
89550,1.0,0.0,0.5,none,True,True
89551,1.0,0.0,0.5,none,True,True
89552,1.0,0.0,0.5,none,True,True
89553,1.0,0.0,0.5,none,True,True
89554,1.0,0.0,0.5,none,True,True
89555,1.0,0.0,0.5,none,True,True
89556,1.0,0.0,0.5,none,True,True
89557,1.0,0.0,0.5,none,True,True
89558,1.0,0.0,0.5,none,True,True
89559,1.0,0.0,0.5,none,True,True
89560,1.0,0.0,0.5,none,True,True
89561,1.0,0.0,0.5,none,True,True
89562,1.0,0.0,0.5,none,True,True
89563,1.0,0.0,0.5,none,True,True
89564,1.0,0.0,0.5,none,True,True
89565,1.0,0.0,0.5,none,True,True
89566,1.0,0.0,0.5,none,True,True
89567,1.0,0.0,0.5,none,True,True
89568,1.0,0.0,0.5,none,True,True
89569,1.0,0.0,0.5,none,True,True
89570,1.0,0.0,0.5,none,True,True
89571,1.0,0.0,0.5,none,True,True
89572,1.0,0.0,0.5,none,True,True
89573,1.0,0.0,0.5,none,True,True
89574,1.0,0.0,0.5,none,True,True
89575,1.0,0.0,0.5,none,True,True
89576,1.0,0.0,0.5,none,True,True
89577,1.0,0.0,0.5,none,True,True
89578,1.0,0.0,0.5,none,True,True
89579,1.0,0.0,0.5,none,True,True
89580,1.0,0.0,0.5,none,True,True
89581,1.0,0.0,0.5,none,True,True
89582,1.0,0.0,0.5,none,True,True
89583,1.0,0.0,0.5,none,True,True
89584,1.0,0.0,0.5,none,True,True
89585,1.0,0.0,0.5,none,True,True
89586,1.0,0.0,0.5,none,True,True
89587,1.0,0.0,0.5,none,True,True
89588,1.0,0.0,0.5,none,True,True
89589,1.0,0.0,0.5,none,True,True
89590,1.0,0.0,0.5,none,True,True
89591,1.0,0.0,0.5,none,True,True
89592,1.0,0.0,0.5,none,True,True
89593,1.0,0.0,0.5,none,True,True
89594,1.0,0.0,0.5,none,True,True
89595,1.0,0.0,0.5,none,True,True
89596,1.0,0.0,0.5,none,True,True
89597,1.0,0.0,0.5,none,True,True
89598,1.0,0.0,0.5,none,True,True
89599,1.0,0.0,0.5,none,True,True
89600,1.0,0.0061,0.5,none,True,True
89601,1.0,0.0357,0.5,none,True,True
89602,1.0,0.0812,0.5,none,True,True
89603,1.0,0.1113,0.5,none,True,True
89604,1.0,0.1253,0.5,none,True,True
89605,1.0,0.1408,0.5,none,True,True
89606,1.0,0.0907,0.5,none,True,True
89607,1.0,0.1198,0.5,none,True,True
89608,1.0,0.0467,0.5,none,True,True
89609,1.0,0.0522,0.5,none,True,True
89610,1.0,0.0405,0.5,none,True,True
89611,1.0,0.0313,0.5,none,True,True
89612,1.0,0.0083,0.5,none,True,True
89613,1.0,0.0726,0.5,none,True,True
89614,1.0,0.0793,0.5,none,True,True
89615,1.0,0.0581,0.5,none,True,True
89616,1.0,0.0955,0.5,none,True,True
89617,1.0,0.0839,0.5,none,True,True
89618,1.0,0.0648,0.5,none,True,True
89619,1.0,0.0718,0.5,none,True,True
89620,1.0,0.0589,0.5,none,True,True
89621,1.0,0.0403,0.5,none,True,True
89622,1.0,0.0327,0.5,none,True,True
89623,1.0,0.0277,0.5,none,True,True
89624,1.0,0.017,0.5,none,True,True
89625,1.0,0.0102,0.5,none,True,True
89626,1.0,0.0099,0.5,none,True,True
89627,1.0,0.008,0.5,none,True,True
89628,1.0,0.005,0.5,none,True,True
89629,1.0,0.0063,0.5,none,True,True
89630,1.0,0.009,0.5,none,True,True
89631,1.0,0.0096,0.5,none,True,True
89632,1.0,0.0108,0.5,none,True,True
89633,1.0,0.014,0.5,none,True,True
89634,1.0,0.0161,0.5,none,True,True
89635,1.0,0.0167,0.5,none,True,True
89636,1.0,0.0182,0.5,none,True,True
89637,1.0,0.0196,0.5,none,True,True
89638,1.0,0.0197,0.5,none,True,True
89639,1.0,0.0193,0.5,none,True,True
89640,1.0,0.0193,0.5,none,True,True
89641,1.0,0.0187,0.5,none,True,True
89642,1.0,0.0174,0.5,none,True,True
89643,1.0,0.0163,0.5,none,True,True
89644,1.0,0.0152,0.5,none,True,True
89645,1.0,0.0138,0.5,none,True,True
89646,1.0,0.0123,0.5,none,True,True
89647,1.0,0.0111,0.5,none,True,True
89648,1.0,0.01,0.5,none,True,True
89649,1.0,0.0088,0.5,none,True,True
89650,1.0,0.0078,0.5,none,True,True
89651,1.0,0.0071,0.5,none,True,True
89652,1.0,0.0064,0.5,none,True,True
89653,1.0,0.0057,0.5,none,True,True
89654,1.0,0.0053,0.5,none,True,True
89655,1.0,0.005,0.5,none,True,True
89656,1.0,0.0047,0.5,none,True,True
89657,1.0,0.0045,0.5,none,True,True
89658,1.0,0.0044,0.5,none,True,True
89659,1.0,0.0043,0.5,none,True,True
89660,1.0,0.0042,0.5,none,True,True
89661,1.0,0.0041,0.5,none,True,True
89662,1.0,0.004,0.5,none,True,True
89663,1.0,0.0039,0.5,none,True,True
89664,1.0,0.0038,0.5,none,True,True
89665,1.0,0.0037,0.5,none,True,True
89666,1.0,0.0035,0.5,none,True,True
89667,1.0,0.0033,0.5,none,True,True
89668,1.0,0.0032,0.5,none,True,True
89669,1.0,0.003,0.5,none,True,True
89670,1.0,0.0028,0.5,none,True,True
89671,1.0,0.0026,0.5,none,True,True
89672,1.0,0.0024,0.5,none,True,True
89673,1.0,0.0023,0.5,none,True,True
89674,1.0,0.0021,0.5,none,True,True
89675,1.0,0.0019,0.5,none,True,True
89676,1.0,0.0018,0.5,none,True,True
89677,1.0,0.0017,0.5,none,True,True
89678,1.0,0.0015,0.5,none,True,True
89679,1.0,0.0014,0.5,none,True,True
89680,1.0,0.0013,0.5,none,True,True
89681,1.0,0.0013,0.5,none,True,True
89682,1.0,0.0012,0.5,none,True,True
89683,1.0,0.0011,0.5,none,True,True
89684,1.0,0.0011,0.5,none,True,True
89685,1.0,0.001,0.5,none,True,True
89686,1.0,0.001,0.5,none,True,True
89687,1.0,0.0009,0.5,none,True,True
89688,1.0,0.0009,0.5,none,True,True
89689,1.0,0.0008,0.5,none,True,True
89690,1.0,0.0008,0.5,none,True,True
89691,1.0,0.0008,0.5,none,True,True
89692,1.0,0.0007,0.5,none,True,True
89693,1.0,0.0007,0.5,none,True,True
89694,1.0,0.0006,0.5,none,True,True
89695,1.0,0.0006,0.5,none,True,True
89696,1.0,0.0006,0.5,none,True,True
89697,1.0,0.0005,0.5,none,True,True
89698,1.0,0.0005,0.5,none,True,True
89699,1.0,0.0005,0.5,none,True,True
89700,1.0,0.0004,0.5,none,True,True
89701,1.0,0.0004,0.5,none,True,True
89702,1.0,0.0004,0.5,none,True,True
89703,1.0,0.0004,0.5,none,True,True
89704,1.0,0.0003,0.5,none,True,True
89705,1.0,0.0003,0.5,none,True,True
89706,1.0,0.0003,0.5,none,True,True
89707,1.0,0.0003,0.5,none,True,True
89708,1.0,0.0003,0.5,none,True,True
89709,1.0,0.0003,0.5,none,True,True
89710,1.0,0.0002,0.5,none,True,True
89711,1.0,0.0002,0.5,none,True,True
89712,1.0,0.0002,0.5,none,True,True
89713,1.0,0.0002,0.5,none,True,True
89714,1.0,0.0002,0.5,none,True,True
89715,1.0,0.0002,0.5,none,True,True
89716,1.0,0.0002,0.5,none,True,True
89717,1.0,0.0002,0.5,none,True,True
89718,1.0,0.0002,0.5,none,True,True
89719,1.0,0.0001,0.5,none,True,True
89720,1.0,0.0001,0.5,none,True,True
89721,1.0,0.0001,0.5,none,True,True
89722,1.0,0.0001,0.5,none,True,True
89723,1.0,0.0001,0.5,none,True,True
89724,1.0,0.0001,0.5,none,True,True
89725,1.0,0.0001,0.5,none,True,True
89726,1.0,0.0001,0.5,none,True,True
89727,1.0,0.0001,0.5,none,True,True
89728,1.0,0.0001,0.5,none,True,True
89729,1.0,0.0001,0.5,none,True,True
89730,1.0,0.0001,0.5,none,True,True
89731,1.0,0.0001,0.5,none,True,True
89732,1.0,0.0001,0.5,none,True,True
89733,1.0,0.0001,0.5,none,True,True
89734,1.0,0.0001,0.5,none,True,True
89735,1.0,0.0001,0.5,none,True,True
89736,1.0,0.0001,0.5,none,True,True
89737,1.0,0.0,0.5,none,True,True
89738,1.0,0.0,0.5,none,True,True
89739,1.0,0.0,0.5,none,True,True
89740,1.0,0.0,0.5,none,True,True
89741,1.0,0.0,0.5,none,True,True
89742,1.0,0.0,0.5,none,True,True
89743,1.0,0.0,0.5,none,True,True
89744,1.0,0.0,0.5,none,True,True
89745,1.0,0.0,0.5,none,True,True
89746,1.0,0.0,0.5,none,True,True
89747,1.0,0.0,0.5,none,True,True
89748,1.0,0.0,0.5,none,True,True
89749,1.0,0.0,0.5,none,True,True
89750,1.0,0.0,0.5,none,True,True
89751,1.0,0.0,0.5,none,True,True
89752,1.0,0.0,0.5,none,True,True
89753,1.0,0.0,0.5,none,True,True
89754,1.0,0.0,0.5,none,True,True
89755,1.0,0.0,0.5,none,True,True
89756,1.0,0.0,0.5,none,True,True
89757,1.0,0.0,0.5,none,True,True
89758,1.0,0.0,0.5,none,True,True
89759,1.0,0.0,0.5,none,True,True
89760,1.0,0.0,0.5,none,True,True
89761,1.0,0.0,0.5,none,True,True
89762,1.0,0.0,0.5,none,True,True
89763,1.0,0.0,0.5,none,True,True
89764,1.0,0.0,0.5,none,True,True
89765,1.0,0.0,0.5,none,True,True
89766,1.0,0.0,0.5,none,True,True
89767,1.0,0.0,0.5,none,True,True
89768,1.0,0.0,0.5,none,True,True
89769,1.0,0.0,0.5,none,True,True
89770,1.0,0.0,0.5,none,True,True
89771,1.0,0.0,0.5,none,True,True
89772,1.0,0.0,0.5,none,True,True
89773,1.0,0.0,0.5,none,True,True
89774,1.0,0.0,0.5,none,True,True
89775,1.0,0.0,0.5,none,True,True
89776,1.0,0.0,0.5,none,True,True
89777,1.0,0.0,0.5,none,True,True
89778,1.0,0.0,0.5,none,True,True
89779,1.0,0.0,0.5,none,True,True
89780,1.0,0.0,0.5,none,True,True
89781,1.0,0.0,0.5,none,True,True
89782,1.0,0.0,0.5,none,True,True
89783,1.0,0.0,0.5,none,True,True
89784,1.0,0.0,0.5,none,True,True
89785,1.0,0.0,0.5,none,True,True
89786,1.0,0.0,0.5,none,True,True
89787,1.0,0.0,0.5,none,True,True
89788,1.0,0.0,0.5,none,True,True
89789,1.0,0.0,0.5,none,True,True
89790,1.0,0.0,0.5,none,True,True
89791,1.0,0.0,0.5,none,True,True
89792,1.0,0.0,0.5,none,True,True
89793,1.0,0.0,0.5,none,True,True
89794,1.0,0.0,0.5,none,True,True
89795,1.0,0.0,0.5,none,True,True
89796,1.0,0.0,0.5,none,True,True
89797,1.0,0.0,0.5,none,True,True
89798,1.0,0.0,0.5,none,True,True
89799,1.0,0.0,0.5,none,True,True
89800,1.0,0.0,0.5,none,True,True
89801,1.0,0.0,0.5,none,True,True
89802,1.0,0.0,0.5,none,True,True
89803,1.0,0.0,0.5,none,True,True
89804,1.0,0.0,0.5,none,True,True
89805,1.0,0.0,0.5,none,True,True
89806,1.0,0.0,0.5,none,True,True
89807,1.0,0.0,0.5,none,True,True
89808,1.0,0.0,0.5,none,True,True
89809,1.0,0.0,0.5,none,True,True
89810,1.0,0.0,0.5,none,True,True
89811,1.0,0.0,0.5,none,True,True
89812,1.0,0.0,0.5,none,True,True
89813,1.0,0.0,0.5,none,True,True
89814,1.0,0.0,0.5,none,True,True
89815,1.0,0.0,0.5,none,True,True
89816,1.0,0.0,0.5,none,True,True
89817,1.0,0.0,0.5,none,True,True
89818,1.0,0.0,0.5,none,True,True
89819,1.0,0.0,0.5,none,True,True
89820,1.0,0.0,0.5,none,True,True
89821,1.0,0.0,0.5,none,True,True
89822,1.0,0.0,0.5,none,True,True
89823,1.0,0.0,0.5,none,True,True
89824,1.0,0.0,0.5,none,True,True
89825,1.0,0.0,0.5,none,True,True
89826,1.0,0.0,0.5,none,True,True
89827,1.0,0.0,0.5,none,True,True
89828,1.0,0.0,0.5,none,True,True
89829,1.0,0.0,0.5,none,True,True
89830,1.0,0.0,0.5,none,True,True
89831,1.0,0.0,0.5,none,True,True
89832,1.0,0.0,0.5,none,True,True
89833,1.0,0.0,0.5,none,True,True
89834,1.0,0.0,0.5,none,True,True
89835,1.0,0.0,0.5,none,True,True
89836,1.0,0.0,0.5,none,True,True
89837,1.0,0.0,0.5,none,True,True
89838,1.0,0.0,0.5,none,True,True
89839,1.0,0.0,0.5,none,True,True
89840,1.0,0.0,0.5,none,True,True
89841,1.0,0.0,0.5,none,True,True
89842,1.0,0.0,0.5,none,True,True
89843,1.0,0.0,0.5,none,True,True
89844,1.0,0.0,0.5,none,True,True
89845,1.0,0.0,0.5,none,True,True
89846,1.0,0.0,0.5,none,True,True
89847,1.0,0.0,0.5,none,True,True
89848,1.0,0.0,0.5,none,True,True
89849,1.0,0.0,0.5,none,True,True
89850,1.0,0.0,0.5,none,True,True
89851,1.0,0.0,0.5,none,True,True
89852,1.0,0.0,0.5,none,True,True
89853,1.0,0.0,0.5,none,True,True
89854,1.0,0.0,0.5,none,True,True
89855,1.0,0.0,0.5,none,True,True
89856,1.0,0.0,0.5,none,True,True
89857,1.0,0.0,0.5,none,True,True
89858,1.0,0.0,0.5,none,True,True
89859,1.0,0.0,0.5,none,True,True
89860,1.0,0.0,0.5,none,True,True
89861,1.0,0.0,0.5,none,True,True
89862,1.0,0.0,0.5,none,True,True
89863,1.0,0.0,0.5,none,True,True
89864,1.0,0.0,0.5,none,True,True
89865,1.0,0.0,0.5,none,True,True
89866,1.0,0.0,0.5,none,True,True
89867,1.0,0.0,0.5,none,True,True
89868,1.0,0.0,0.5,none,True,True
89869,1.0,0.0,0.5,none,True,True
89870,1.0,0.0,0.5,none,True,True
89871,1.0,0.0,0.5,none,True,True
89872,1.0,0.0,0.5,none,True,True
89873,1.0,0.0,0.5,none,True,True
89874,1.0,0.0,0.5,none,True,True
89875,1.0,0.0,0.5,none,True,True
89876,1.0,0.0,0.5,none,True,True
89877,1.0,0.0,0.5,none,True,True
89878,1.0,0.0,0.5,none,True,True
89879,1.0,0.0,0.5,none,True,True
89880,1.0,0.0,0.5,none,True,True
89881,1.0,0.0,0.5,none,True,True
89882,1.0,0.0,0.5,none,True,True
89883,1.0,0.0,0.5,none,True,True
89884,1.0,0.0,0.5,none,True,True
89885,1.0,0.0,0.5,none,True,True
89886,1.0,0.0,0.5,none,True,True
89887,1.0,0.0,0.5,none,True,True
89888,1.0,0.0,0.5,none,True,True
89889,1.0,0.0,0.5,none,True,True
89890,1.0,0.0,0.5,none,True,True
89891,1.0,0.0,0.5,none,True,True
89892,1.0,0.0,0.5,none,True,True
89893,1.0,0.0,0.5,none,True,True
89894,1.0,0.0,0.5,none,True,True
89895,1.0,0.0,0.5,none,True,True
89896,1.0,0.0,0.5,none,True,True
89897,1.0,0.0,0.5,none,True,True
89898,1.0,0.0,0.5,none,True,True
89899,1.0,0.0,0.5,none,True,True
89900,1.0,0.0,0.5,none,True,True
89901,1.0,0.0,0.5,none,True,True
89902,1.0,0.0,0.5,none,True,True
89903,1.0,0.0,0.5,none,True,True
89904,1.0,0.0,0.5,none,True,True
89905,1.0,0.0,0.5,none,True,True
89906,1.0,0.0,0.5,none,True,True
89907,1.0,0.0,0.5,none,True,True
89908,1.0,0.0,0.5,none,True,True
89909,1.0,0.0,0.5,none,True,True
89910,1.0,0.0,0.5,none,True,True
89911,1.0,0.0,0.5,none,True,True
89912,1.0,0.0,0.5,none,True,True
89913,1.0,0.0,0.5,none,True,True
89914,1.0,0.0,0.5,none,True,True
89915,1.0,0.0,0.5,none,True,True
89916,1.0,0.0,0.5,none,True,True
89917,1.0,0.0,0.5,none,True,True
89918,1.0,0.0,0.5,none,True,True
89919,1.0,0.0,0.5,none,True,True
89920,1.0,0.0,0.5,none,True,True
89921,1.0,0.0,0.5,none,True,True
89922,1.0,0.0,0.5,none,True,True
89923,1.0,0.0,0.5,none,True,True
89924,1.0,0.0,0.5,none,True,True
89925,1.0,0.0,0.5,none,True,True
89926,1.0,0.0,0.5,none,True,True
89927,1.0,0.0,0.5,none,True,True
89928,1.0,0.0,0.5,none,True,True
89929,1.0,0.0,0.5,none,True,True
89930,1.0,0.0,0.5,none,True,True
89931,1.0,0.0,0.5,none,True,True
89932,1.0,0.0,0.5,none,True,True
89933,1.0,0.0,0.5,none,True,True
89934,1.0,0.0,0.5,none,True,True
89935,1.0,0.0,0.5,none,True,True
89936,1.0,0.0,0.5,none,True,True
89937,1.0,0.0,0.5,none,True,True
89938,1.0,0.0,0.5,none,True,True
89939,1.0,0.0,0.5,none,True,True
89940,1.0,0.0,0.5,none,True,True
89941,1.0,0.0,0.5,none,True,True
89942,1.0,0.0,0.5,none,True,True
89943,1.0,0.0,0.5,none,True,True
89944,1.0,0.0,0.5,none,True,True
89945,1.0,0.0,0.5,none,True,True
89946,1.0,0.0,0.5,none,True,True
89947,1.0,0.0,0.5,none,True,True
89948,1.0,0.0,0.5,none,True,True
89949,1.0,0.0,0.5,none,True,True
89950,1.0,0.0,0.5,none,True,True
89951,1.0,0.0,0.5,none,True,True
89952,1.0,0.0,0.5,none,True,True
89953,1.0,0.0,0.5,none,True,True
89954,1.0,0.0,0.5,none,True,True
89955,1.0,0.0,0.5,none,True,True
89956,1.0,0.0,0.5,none,True,True
89957,1.0,0.0,0.5,none,True,True
89958,1.0,0.0,0.5,none,True,True
89959,1.0,0.0,0.5,none,True,True
89960,1.0,0.0,0.5,none,True,True
89961,1.0,0.0,0.5,none,True,True
89962,1.0,0.0,0.5,none,True,True
89963,1.0,0.0,0.5,none,True,True
89964,1.0,0.0,0.5,none,True,True
89965,1.0,0.0,0.5,none,True,True
89966,1.0,0.0,0.5,none,True,True
89967,1.0,0.0,0.5,none,True,True
89968,1.0,0.0,0.5,none,True,True
89969,1.0,0.0,0.5,none,True,True
89970,1.0,0.0,0.5,none,True,True
89971,1.0,0.0,0.5,none,True,True
89972,1.0,0.0,0.5,none,True,True
89973,1.0,0.0,0.5,none,True,True
89974,1.0,0.0,0.5,none,True,True
89975,1.0,0.0,0.5,none,True,True
89976,1.0,0.0,0.5,none,True,True
89977,1.0,0.0,0.5,none,True,True
89978,1.0,0.0,0.5,none,True,True
89979,1.0,0.0,0.5,none,True,True
89980,1.0,0.0,0.5,none,True,True
89981,1.0,0.0,0.5,none,True,True
89982,1.0,0.0,0.5,none,True,True
89983,1.0,0.0,0.5,none,True,True
89984,1.0,0.0,0.5,none,True,True
89985,1.0,0.0,0.5,none,True,True
89986,1.0,0.0,0.5,none,True,True
89987,1.0,0.0,0.5,none,True,True
89988,1.0,0.0,0.5,none,True,True
89989,1.0,0.0,0.5,none,True,True
89990,1.0,0.0,0.5,none,True,True
89991,1.0,0.0,0.5,none,True,True
89992,1.0,0.0,0.5,none,True,True
89993,1.0,0.0,0.5,none,True,True
89994,1.0,0.0,0.5,none,True,True
89995,1.0,0.0,0.5,none,True,True
89996,1.0,0.0,0.5,none,True,True
89997,1.0,0.0,0.5,none,True,True
89998,1.0,0.0,0.5,none,True,True
89999,1.0,0.0,0.5,none,True,True
90000,1.0,0.0,0.5,none,True,True
90001,1.0,0.0,0.5,none,True,True
90002,1.0,0.0,0.5,none,True,True
90003,1.0,0.0,0.5,none,True,True
90004,1.0,0.0,0.5,none,True,True
90005,1.0,0.0,0.5,none,True,True
90006,1.0,0.0,0.5,none,True,True
90007,1.0,0.0,0.5,none,True,True
90008,1.0,0.0,0.5,none,True,True
90009,1.0,0.0,0.5,none,True,True
90010,1.0,0.0,0.5,none,True,True
90011,1.0,0.0,0.5,none,True,True
90012,1.0,0.0,0.5,none,True,True
90013,1.0,0.0,0.5,none,True,True
90014,1.0,0.0,0.5,none,True,True
90015,1.0,0.0,0.5,none,True,True
90016,1.0,0.0,0.5,none,True,True
90017,1.0,0.0,0.5,none,True,True
90018,1.0,0.0,0.5,none,True,True
90019,1.0,0.0,0.5,none,True,True
90020,1.0,0.0,0.5,none,True,True
90021,1.0,0.0,0.5,none,True,True
90022,1.0,0.0,0.5,none,True,True
90023,1.0,0.0,0.5,none,True,True
90024,1.0,0.0,0.5,none,True,True
90025,1.0,0.0,0.5,none,True,True
90026,1.0,0.0,0.5,none,True,True
90027,1.0,0.0,0.5,none,True,True
90028,1.0,0.0,0.5,none,True,True
90029,1.0,0.0,0.5,none,True,True
90030,1.0,0.0,0.5,none,True,True
90031,1.0,0.0,0.5,none,True,True
90032,1.0,0.0,0.5,none,True,True
90033,1.0,0.0,0.5,none,True,True
90034,1.0,0.0,0.5,none,True,True
90035,1.0,0.0,0.5,none,True,True
90036,1.0,0.0,0.5,none,True,True
90037,1.0,0.0,0.5,none,True,True
90038,1.0,0.0,0.5,none,True,True
90039,1.0,0.0,0.5,none,True,True
90040,1.0,0.0,0.5,none,True,True
90041,1.0,0.0,0.5,none,True,True
90042,1.0,0.0,0.5,none,True,True
90043,1.0,0.0,0.5,none,True,True
90044,1.0,0.0,0.5,none,True,True
90045,1.0,0.0,0.5,none,True,True
90046,1.0,0.0,0.5,none,True,True
90047,1.0,0.0,0.5,none,True,True
90048,1.0,0.0,0.5,none,True,True
90049,1.0,0.0,0.5,none,True,True
90050,1.0,0.0,0.5,none,True,True
90051,1.0,0.0,0.5,none,True,True
90052,1.0,0.0,0.5,none,True,True
90053,1.0,0.0,0.5,none,True,True
90054,1.0,0.0,0.5,none,True,True
90055,1.0,0.0,0.5,none,True,True
90056,1.0,0.0,0.5,none,True,True
90057,1.0,0.0,0.5,none,True,True
90058,1.0,0.0,0.5,none,True,True
90059,1.0,0.0,0.5,none,True,True
90060,1.0,0.0,0.5,none,True,True
90061,1.0,0.0,0.5,none,True,True
90062,1.0,0.0,0.5,none,True,True
90063,1.0,0.0,0.5,none,True,True
90064,1.0,0.0,0.5,none,True,True
90065,1.0,0.0,0.5,none,True,True
90066,1.0,0.0,0.5,none,True,True
90067,1.0,0.0,0.5,none,True,True
90068,1.0,0.0,0.5,none,True,True
90069,1.0,0.0,0.5,none,True,True
90070,1.0,0.0,0.5,none,True,True
90071,1.0,0.0,0.5,none,True,True
90072,1.0,0.0,0.5,none,True,True
90073,1.0,0.0,0.5,none,True,True
90074,1.0,0.0,0.5,none,True,True
90075,1.0,0.0,0.5,none,True,True
90076,1.0,0.0,0.5,none,True,True
90077,1.0,0.0,0.5,none,True,True
90078,1.0,0.0,0.5,none,True,True
90079,1.0,0.0,0.5,none,True,True
90080,1.0,0.0,0.5,none,True,True
90081,1.0,0.0,0.5,none,True,True
90082,1.0,0.0,0.5,none,True,True
90083,1.0,0.0,0.5,none,True,True
90084,1.0,0.0,0.5,none,True,True
90085,1.0,0.0,0.5,none,True,True
90086,1.0,0.0,0.5,none,True,True
90087,1.0,0.0,0.5,none,True,True
90088,1.0,0.0,0.5,none,True,True
90089,1.0,0.0,0.5,none,True,True
90090,1.0,0.0,0.5,none,True,True
90091,1.0,0.0,0.5,none,True,True
90092,1.0,0.0,0.5,none,True,True
90093,1.0,0.0,0.5,none,True,True
90094,1.0,0.0,0.5,none,True,True
90095,1.0,0.0,0.5,none,True,True
90096,1.0,0.0,0.5,none,True,True
90097,1.0,0.0,0.5,none,True,True
90098,1.0,0.0,0.5,none,True,True
90099,1.0,0.0,0.5,none,True,True
90100,1.0,0.0,0.5,none,True,True
90101,1.0,0.0,0.5,none,True,True
90102,1.0,0.0,0.5,none,True,True
90103,1.0,0.0,0.5,none,True,True
90104,1.0,0.0,0.5,none,True,True
90105,1.0,0.0,0.5,none,True,True
90106,1.0,0.0,0.5,none,True,True
90107,1.0,0.0,0.5,none,True,True
90108,1.0,0.0,0.5,none,True,True
90109,1.0,0.0,0.5,none,True,True
90110,1.0,0.0,0.5,none,True,True
90111,1.0,0.0,0.5,none,True,True
90112,1.0,0.0,0.5,none,True,True
90113,1.0,0.0,0.5,none,True,True
90114,1.0,0.0,0.5,none,True,True
90115,1.0,0.0,0.5,none,True,True
90116,1.0,0.0,0.5,none,True,True
90117,1.0,0.0,0.5,none,True,True
90118,1.0,0.0,0.5,none,True,True
90119,1.0,0.0,0.5,none,True,True
90120,1.0,0.0,0.5,none,True,True
90121,1.0,0.0,0.5,none,True,True
90122,1.0,0.0,0.5,none,True,True
90123,1.0,0.0,0.5,none,True,True
90124,1.0,0.0,0.5,none,True,True
90125,1.0,0.0,0.5,none,True,True
90126,1.0,0.0,0.5,none,True,True
90127,1.0,0.0,0.5,none,True,True
90128,1.0,0.0,0.5,none,True,True
90129,1.0,0.0,0.5,none,True,True
90130,1.0,0.0,0.5,none,True,True
90131,1.0,0.0,0.5,none,True,True
90132,1.0,0.0,0.5,none,True,True
90133,1.0,0.0,0.5,none,True,True
90134,1.0,0.0,0.5,none,True,True
90135,1.0,0.0,0.5,none,True,True
90136,1.0,0.0,0.5,none,True,True
90137,1.0,0.0,0.5,none,True,True
90138,1.0,0.0,0.5,none,True,True
90139,1.0,0.0,0.5,none,True,True
90140,1.0,0.0,0.5,none,True,True
90141,1.0,0.0,0.5,none,True,True
90142,1.0,0.0,0.5,none,True,True
90143,1.0,0.0,0.5,none,True,True
90144,1.0,0.0,0.5,none,True,True
90145,1.0,0.0,0.5,none,True,True
90146,1.0,0.0,0.5,none,True,True
90147,1.0,0.0,0.5,none,True,True
90148,1.0,0.0,0.5,none,True,True
90149,1.0,0.0,0.5,none,True,True
90150,1.0,0.0,0.5,none,True,True
90151,1.0,0.0,0.5,none,True,True
90152,1.0,0.0,0.5,none,True,True
90153,1.0,0.0,0.5,none,True,True
90154,1.0,0.0,0.5,none,True,True
90155,1.0,0.0,0.5,none,True,True
90156,1.0,0.0,0.5,none,True,True
90157,1.0,0.0,0.5,none,True,True
90158,1.0,0.0,0.5,none,True,True
90159,1.0,0.0,0.5,none,True,True
90160,1.0,0.0,0.5,none,True,True
90161,1.0,0.0,0.5,none,True,True
90162,1.0,0.0,0.5,none,True,True
90163,1.0,0.0,0.5,none,True,True
90164,1.0,0.0,0.5,none,True,True
90165,1.0,0.0,0.5,none,True,True
90166,1.0,0.0,0.5,none,True,True
90167,1.0,0.0,0.5,none,True,True
90168,1.0,0.0,0.5,none,True,True
90169,1.0,0.0,0.5,none,True,True
90170,1.0,0.0,0.5,none,True,True
90171,1.0,0.0,0.5,none,True,True
90172,1.0,0.0,0.5,none,True,True
90173,1.0,0.0,0.5,none,True,True
90174,1.0,0.0,0.5,none,True,True
90175,1.0,0.0,0.5,none,True,True
90176,1.0,0.0,0.5,none,True,True
90177,1.0,0.0,0.5,none,True,True
90178,1.0,0.0,0.5,none,True,True
90179,1.0,0.0,0.5,none,True,True
90180,1.0,0.0,0.5,none,True,True
90181,1.0,0.0,0.5,none,True,True
90182,1.0,0.0,0.5,none,True,True
90183,1.0,0.0,0.5,none,True,True
90184,1.0,0.0,0.5,none,True,True
90185,1.0,0.0,0.5,none,True,True
90186,1.0,0.0,0.5,none,True,True
90187,1.0,0.0,0.5,none,True,True
90188,1.0,0.0,0.5,none,True,True
90189,1.0,0.0,0.5,none,True,True
90190,1.0,0.0,0.5,none,True,True
90191,1.0,0.0,0.5,none,True,True
90192,1.0,0.0,0.5,none,True,True
90193,1.0,0.0,0.5,none,True,True
90194,1.0,0.0,0.5,none,True,True
90195,1.0,0.0,0.5,none,True,True
90196,1.0,0.0,0.5,none,True,True
90197,1.0,0.0,0.5,none,True,True
90198,1.0,0.0,0.5,none,True,True
90199,1.0,0.0,0.5,none,True,True
90200,1.0,0.0,0.5,none,True,True
90201,1.0,0.0,0.5,none,True,True
90202,1.0,0.0,0.5,none,True,True
90203,1.0,0.0,0.5,none,True,True
90204,1.0,0.0,0.5,none,True,True
90205,1.0,0.0,0.5,none,True,True
90206,1.0,0.0,0.5,none,True,True
90207,1.0,0.0,0.5,none,True,True
90208,1.0,0.0,0.5,none,True,True
90209,1.0,0.0,0.5,none,True,True
90210,1.0,0.0,0.5,none,True,True
90211,1.0,0.0,0.5,none,True,True
90212,1.0,0.0,0.5,none,True,True
90213,1.0,0.0,0.5,none,True,True
90214,1.0,0.0,0.5,none,True,True
90215,1.0,0.0,0.5,none,True,True
90216,1.0,0.0,0.5,none,True,True
90217,1.0,0.0,0.5,none,True,True
90218,1.0,0.0,0.5,none,True,True
90219,1.0,0.0,0.5,none,True,True
90220,1.0,0.0,0.5,none,True,True
90221,1.0,0.0,0.5,none,True,True
90222,1.0,0.0,0.5,none,True,True
90223,1.0,0.0,0.5,none,True,True
90224,1.0,0.0,0.5,none,True,True
90225,1.0,0.0,0.5,none,True,True
90226,1.0,0.0,0.5,none,True,True
90227,1.0,0.0,0.5,none,True,True
90228,1.0,0.0,0.5,none,True,True
90229,1.0,0.0,0.5,none,True,True
90230,1.0,0.0,0.5,none,True,True
90231,1.0,0.0,0.5,none,True,True
90232,1.0,0.0,0.5,none,True,True
90233,1.0,0.0,0.5,none,True,True
90234,1.0,0.0,0.5,none,True,True
90235,1.0,0.0,0.5,none,True,True
90236,1.0,0.0,0.5,none,True,True
90237,1.0,0.0,0.5,none,True,True
90238,1.0,0.0,0.5,none,True,True
90239,1.0,0.0,0.5,none,True,True
90240,1.0,0.0,0.5,none,True,True
90241,1.0,0.0,0.5,none,True,True
90242,1.0,0.0,0.5,none,True,True
90243,1.0,0.0,0.5,none,True,True
90244,1.0,0.0,0.5,none,True,True
90245,1.0,0.0,0.5,none,True,True
90246,1.0,0.0,0.5,none,True,True
90247,1.0,0.0,0.5,none,True,True
90248,1.0,0.0,0.5,none,True,True
90249,1.0,0.0,0.5,none,True,True
90250,1.0,0.0,0.5,none,True,True
90251,1.0,0.0,0.5,none,True,True
90252,1.0,0.0,0.5,none,True,True
90253,1.0,0.0,0.5,none,True,True
90254,1.0,0.0,0.5,none,True,True
90255,1.0,0.0,0.5,none,True,True
90256,1.0,0.0,0.5,none,True,True
90257,1.0,0.0,0.5,none,True,True
90258,1.0,0.0,0.5,none,True,True
90259,1.0,0.0,0.5,none,True,True
90260,1.0,0.0,0.5,none,True,True
90261,1.0,0.0,0.5,none,True,True
90262,1.0,0.0,0.5,none,True,True
90263,1.0,0.0,0.5,none,True,True
90264,1.0,0.0,0.5,none,True,True
90265,1.0,0.0,0.5,none,True,True
90266,1.0,0.0,0.5,none,True,True
90267,1.0,0.0,0.5,none,True,True
90268,1.0,0.0,0.5,none,True,True
90269,1.0,0.0,0.5,none,True,True
90270,1.0,0.0,0.5,none,True,True
90271,1.0,0.0,0.5,none,True,True
90272,1.0,0.0,0.5,none,True,True
90273,1.0,0.0,0.5,none,True,True
90274,1.0,0.0,0.5,none,True,True
90275,1.0,0.0,0.5,none,True,True
90276,1.0,0.0,0.5,none,True,True
90277,1.0,0.0,0.5,none,True,True
90278,1.0,0.0,0.5,none,True,True
90279,1.0,0.0,0.5,none,True,True
90280,1.0,0.0,0.5,none,True,True
90281,1.0,0.0,0.5,none,True,True
90282,1.0,0.0,0.5,none,True,True
90283,1.0,0.0,0.5,none,True,True
90284,1.0,0.0,0.5,none,True,True
90285,1.0,0.0,0.5,none,True,True
90286,1.0,0.0,0.5,none,True,True
90287,1.0,0.0,0.5,none,True,True
90288,1.0,0.0,0.5,none,True,True
90289,1.0,0.0,0.5,none,True,True
90290,1.0,0.0,0.5,none,True,True
90291,1.0,0.0,0.5,none,True,True
90292,1.0,0.0,0.5,none,True,True
90293,1.0,0.0,0.5,none,True,True
90294,1.0,0.0,0.5,none,True,True
90295,1.0,0.0,0.5,none,True,True
90296,1.0,0.0,0.5,none,True,True
90297,1.0,0.0,0.5,none,True,True
90298,1.0,0.0,0.5,none,True,True
90299,1.0,0.0,0.5,none,True,True
90300,1.0,0.0061,0.5,none,True,True
90301,1.0,0.0357,0.5,none,True,True
90302,1.0,0.0812,0.5,none,True,True
90303,1.0,0.1113,0.5,none,True,True
90304,1.0,0.1253,0.5,none,True,True
90305,1.0,0.1408,0.5,none,True,True
90306,1.0,0.0907,0.5,none,True,True
90307,1.0,0.1198,0.5,none,True,True
90308,1.0,0.0467,0.5,none,True,True
90309,1.0,0.0522,0.5,none,True,True
90310,1.0,0.0405,0.5,none,True,True
90311,1.0,0.0313,0.5,none,True,True
90312,1.0,0.0083,0.5,none,True,True
90313,1.0,0.0726,0.5,none,True,True
90314,1.0,0.0793,0.5,none,True,True
90315,1.0,0.0581,0.5,none,True,True
90316,1.0,0.0955,0.5,none,True,True
90317,1.0,0.0839,0.5,none,True,True
90318,1.0,0.0648,0.5,none,True,True
90319,1.0,0.0718,0.5,none,True,True
90320,1.0,0.0589,0.5,none,True,True
90321,1.0,0.0403,0.5,none,True,True
90322,1.0,0.0327,0.5,none,True,True
90323,1.0,0.0277,0.5,none,True,True
90324,1.0,0.017,0.5,none,True,True
90325,1.0,0.0102,0.5,none,True,True
90326,1.0,0.0099,0.5,none,True,True
90327,1.0,0.008,0.5,none,True,True
90328,1.0,0.005,0.5,none,True,True
90329,1.0,0.0063,0.5,none,True,True
90330,1.0,0.009,0.5,none,True,True
90331,1.0,0.0096,0.5,none,True,True
90332,1.0,0.0108,0.5,none,True,True
90333,1.0,0.014,0.5,none,True,True
90334,1.0,0.0161,0.5,none,True,True
90335,1.0,0.0167,0.5,none,True,True
90336,1.0,0.0182,0.5,none,True,True
90337,1.0,0.0196,0.5,none,True,True
90338,1.0,0.0197,0.5,none,True,True
90339,1.0,0.0193,0.5,none,True,True
90340,1.0,0.0193,0.5,none,True,True
90341,1.0,0.0187,0.5,none,True,True
90342,1.0,0.0174,0.5,none,True,True
90343,1.0,0.0163,0.5,none,True,True
90344,1.0,0.0152,0.5,none,True,True
90345,1.0,0.0138,0.5,none,True,True
90346,1.0,0.0123,0.5,none,True,True
90347,1.0,0.0111,0.5,none,True,True
90348,1.0,0.01,0.5,none,True,True
90349,1.0,0.0088,0.5,none,True,True
90350,1.0,0.0078,0.5,none,True,True
90351,1.0,0.0071,0.5,none,True,True
90352,1.0,0.0064,0.5,none,True,True
90353,1.0,0.0057,0.5,none,True,True
90354,1.0,0.0053,0.5,none,True,True
90355,1.0,0.005,0.5,none,True,True
90356,1.0,0.0047,0.5,none,True,True
90357,1.0,0.0045,0.5,none,True,True
90358,1.0,0.0044,0.5,none,True,True
90359,1.0,0.0043,0.5,none,True,True
90360,1.0,0.0042,0.5,none,True,True
90361,1.0,0.0041,0.5,none,True,True
90362,1.0,0.004,0.5,none,True,True
90363,1.0,0.0039,0.5,none,True,True
90364,1.0,0.0038,0.5,none,True,True
90365,1.0,0.0037,0.5,none,True,True
90366,1.0,0.0035,0.5,none,True,True
90367,1.0,0.0033,0.5,none,True,True
90368,1.0,0.0032,0.5,none,True,True
90369,1.0,0.003,0.5,none,True,True
90370,1.0,0.0028,0.5,none,True,True
90371,1.0,0.0026,0.5,none,True,True
90372,1.0,0.0024,0.5,none,True,True
90373,1.0,0.0023,0.5,none,True,True
90374,1.0,0.0021,0.5,none,True,True
90375,1.0,0.0019,0.5,none,True,True
90376,1.0,0.0018,0.5,none,True,True
90377,1.0,0.0017,0.5,none,True,True
90378,1.0,0.0015,0.5,none,True,True
90379,1.0,0.0014,0.5,none,True,True
90380,1.0,0.0013,0.5,none,True,True
90381,1.0,0.0013,0.5,none,True,True
90382,1.0,0.0012,0.5,none,True,True
90383,1.0,0.0011,0.5,none,True,True
90384,1.0,0.0011,0.5,none,True,True
90385,1.0,0.001,0.5,none,True,True
90386,1.0,0.001,0.5,none,True,True
90387,1.0,0.0009,0.5,none,True,True
90388,1.0,0.0009,0.5,none,True,True
90389,1.0,0.0008,0.5,none,True,True
90390,1.0,0.0008,0.5,none,True,True
90391,1.0,0.0008,0.5,none,True,True
90392,1.0,0.0007,0.5,none,True,True
90393,1.0,0.0007,0.5,none,True,True
90394,1.0,0.0006,0.5,none,True,True
90395,1.0,0.0006,0.5,none,True,True
90396,1.0,0.0006,0.5,none,True,True
90397,1.0,0.0005,0.5,none,True,True
90398,1.0,0.0005,0.5,none,True,True
90399,1.0,0.0005,0.5,none,True,True
90400,1.0,0.0004,0.5,none,True,True
90401,1.0,0.0004,0.5,none,True,True
90402,1.0,0.0004,0.5,none,True,True
90403,1.0,0.0004,0.5,none,True,True
90404,1.0,0.0003,0.5,none,True,True
90405,1.0,0.0003,0.5,none,True,True
90406,1.0,0.0003,0.5,none,True,True
90407,1.0,0.0003,0.5,none,True,True
90408,1.0,0.0003,0.5,none,True,True
90409,1.0,0.0003,0.5,none,True,True
90410,1.0,0.0002,0.5,none,True,True
90411,1.0,0.0002,0.5,none,True,True
90412,1.0,0.0002,0.5,none,True,True
90413,1.0,0.0002,0.5,none,True,True
90414,1.0,0.0002,0.5,none,True,True
90415,1.0,0.0002,0.5,none,True,True
90416,1.0,0.0002,0.5,none,True,True
90417,1.0,0.0002,0.5,none,True,True
90418,1.0,0.0002,0.5,none,True,True
90419,1.0,0.0001,0.5,none,True,True
90420,1.0,0.0001,0.5,none,True,True
90421,1.0,0.0001,0.5,none,True,True
90422,1.0,0.0001,0.5,none,True,True
90423,1.0,0.0001,0.5,none,True,True
90424,1.0,0.0001,0.5,none,True,True
90425,1.0,0.0001,0.5,none,True,True
90426,1.0,0.0001,0.5,none,True,True
90427,1.0,0.0001,0.5,none,True,True
90428,1.0,0.0001,0.5,none,True,True
90429,1.0,0.0001,0.5,none,True,True
90430,1.0,0.0001,0.5,none,True,True
90431,1.0,0.0001,0.5,none,True,True
90432,1.0,0.0001,0.5,none,True,True
90433,1.0,0.0001,0.5,none,True,True
90434,1.0,0.0001,0.5,none,True,True
90435,1.0,0.0001,0.5,none,True,True
90436,1.0,0.0001,0.5,none,True,True
90437,1.0,0.0,0.5,none,True,True
90438,1.0,0.0,0.5,none,True,True
90439,1.0,0.0,0.5,none,True,True
90440,1.0,0.0,0.5,none,True,True
90441,1.0,0.0,0.5,none,True,True
90442,1.0,0.0,0.5,none,True,True
90443,1.0,0.0,0.5,none,True,True
90444,1.0,0.0,0.5,none,True,True
90445,1.0,0.0,0.5,none,True,True
90446,1.0,0.0,0.5,none,True,True
90447,1.0,0.0,0.5,none,True,True
90448,1.0,0.0,0.5,none,True,True
90449,1.0,0.0,0.5,none,True,True
90450,1.0,0.0,0.5,none,True,True
90451,1.0,0.0,0.5,none,True,True
90452,1.0,0.0,0.5,none,True,True
90453,1.0,0.0,0.5,none,True,True
90454,1.0,0.0,0.5,none,True,True
90455,1.0,0.0,0.5,none,True,True
90456,1.0,0.0,0.5,none,True,True
90457,1.0,0.0,0.5,none,True,True
90458,1.0,0.0,0.5,none,True,True
90459,1.0,0.0,0.5,none,True,True
90460,1.0,0.0,0.5,none,True,True
90461,1.0,0.0,0.5,none,True,True
90462,1.0,0.0,0.5,none,True,True
90463,1.0,0.0,0.5,none,True,True
90464,1.0,0.0,0.5,none,True,True
90465,1.0,0.0,0.5,none,True,True
90466,1.0,0.0,0.5,none,True,True
90467,1.0,0.0,0.5,none,True,True
90468,1.0,0.0,0.5,none,True,True
90469,1.0,0.0,0.5,none,True,True
90470,1.0,0.0,0.5,none,True,True
90471,1.0,0.0,0.5,none,True,True
90472,1.0,0.0,0.5,none,True,True
90473,1.0,0.0,0.5,none,True,True
90474,1.0,0.0,0.5,none,True,True
90475,1.0,0.0,0.5,none,True,True
90476,1.0,0.0,0.5,none,True,True
90477,1.0,0.0,0.5,none,True,True
90478,1.0,0.0,0.5,none,True,True
90479,1.0,0.0,0.5,none,True,True
90480,1.0,0.0,0.5,none,True,True
90481,1.0,0.0,0.5,none,True,True
90482,1.0,0.0,0.5,none,True,True
90483,1.0,0.0,0.5,none,True,True
90484,1.0,0.0,0.5,none,True,True
90485,1.0,0.0,0.5,none,True,True
90486,1.0,0.0,0.5,none,True,True
90487,1.0,0.0,0.5,none,True,True
90488,1.0,0.0,0.5,none,True,True
90489,1.0,0.0,0.5,none,True,True
90490,1.0,0.0,0.5,none,True,True
90491,1.0,0.0,0.5,none,True,True
90492,1.0,0.0,0.5,none,True,True
90493,1.0,0.0,0.5,none,True,True
90494,1.0,0.0,0.5,none,True,True
90495,1.0,0.0,0.5,none,True,True
90496,1.0,0.0,0.5,none,True,True
90497,1.0,0.0,0.5,none,True,True
90498,1.0,0.0,0.5,none,True,True
90499,1.0,0.0,0.5,none,True,True
90500,1.0,0.0,0.5,none,True,True
90501,1.0,0.0,0.5,none,True,True
90502,1.0,0.0,0.5,none,True,True
90503,1.0,0.0,0.5,none,True,True
90504,1.0,0.0,0.5,none,True,True
90505,1.0,0.0,0.5,none,True,True
90506,1.0,0.0,0.5,none,True,True
90507,1.0,0.0,0.5,none,True,True
90508,1.0,0.0,0.5,none,True,True
90509,1.0,0.0,0.5,none,True,True
90510,1.0,0.0,0.5,none,True,True
90511,1.0,0.0,0.5,none,True,True
90512,1.0,0.0,0.5,none,True,True
90513,1.0,0.0,0.5,none,True,True
90514,1.0,0.0,0.5,none,True,True
90515,1.0,0.0,0.5,none,True,True
90516,1.0,0.0,0.5,none,True,True
90517,1.0,0.0,0.5,none,True,True
90518,1.0,0.0,0.5,none,True,True
90519,1.0,0.0,0.5,none,True,True
90520,1.0,0.0,0.5,none,True,True
90521,1.0,0.0,0.5,none,True,True
90522,1.0,0.0,0.5,none,True,True
90523,1.0,0.0,0.5,none,True,True
90524,1.0,0.0,0.5,none,True,True
90525,1.0,0.0,0.5,none,True,True
90526,1.0,0.0,0.5,none,True,True
90527,1.0,0.0,0.5,none,True,True
90528,1.0,0.0,0.5,none,True,True
90529,1.0,0.0,0.5,none,True,True
90530,1.0,0.0,0.5,none,True,True
90531,1.0,0.0,0.5,none,True,True
90532,1.0,0.0,0.5,none,True,True
90533,1.0,0.0,0.5,none,True,True
90534,1.0,0.0,0.5,none,True,True
90535,1.0,0.0,0.5,none,True,True
90536,1.0,0.0,0.5,none,True,True
90537,1.0,0.0,0.5,none,True,True
90538,1.0,0.0,0.5,none,True,True
90539,1.0,0.0,0.5,none,True,True
90540,1.0,0.0,0.5,none,True,True
90541,1.0,0.0,0.5,none,True,True
90542,1.0,0.0,0.5,none,True,True
90543,1.0,0.0,0.5,none,True,True
90544,1.0,0.0,0.5,none,True,True
90545,1.0,0.0,0.5,none,True,True
90546,1.0,0.0,0.5,none,True,True
90547,1.0,0.0,0.5,none,True,True
90548,1.0,0.0,0.5,none,True,True
90549,1.0,0.0,0.5,none,True,True
90550,1.0,0.0,0.5,none,True,True
90551,1.0,0.0,0.5,none,True,True
90552,1.0,0.0,0.5,none,True,True
90553,1.0,0.0,0.5,none,True,True
90554,1.0,0.0,0.5,none,True,True
90555,1.0,0.0,0.5,none,True,True
90556,1.0,0.0,0.5,none,True,True
90557,1.0,0.0,0.5,none,True,True
90558,1.0,0.0,0.5,none,True,True
90559,1.0,0.0,0.5,none,True,True
90560,1.0,0.0,0.5,none,True,True
90561,1.0,0.0,0.5,none,True,True
90562,1.0,0.0,0.5,none,True,True
90563,1.0,0.0,0.5,none,True,True
90564,1.0,0.0,0.5,none,True,True
90565,1.0,0.0,0.5,none,True,True
90566,1.0,0.0,0.5,none,True,True
90567,1.0,0.0,0.5,none,True,True
90568,1.0,0.0,0.5,none,True,True
90569,1.0,0.0,0.5,none,True,True
90570,1.0,0.0,0.5,none,True,True
90571,1.0,0.0,0.5,none,True,True
90572,1.0,0.0,0.5,none,True,True
90573,1.0,0.0,0.5,none,True,True
90574,1.0,0.0,0.5,none,True,True
90575,1.0,0.0,0.5,none,True,True
90576,1.0,0.0,0.5,none,True,True
90577,1.0,0.0,0.5,none,True,True
90578,1.0,0.0,0.5,none,True,True
90579,1.0,0.0,0.5,none,True,True
90580,1.0,0.0,0.5,none,True,True
90581,1.0,0.0,0.5,none,True,True
90582,1.0,0.0,0.5,none,True,True
90583,1.0,0.0,0.5,none,True,True
90584,1.0,0.0,0.5,none,True,True
90585,1.0,0.0,0.5,none,True,True
90586,1.0,0.0,0.5,none,True,True
90587,1.0,0.0,0.5,none,True,True
90588,1.0,0.0,0.5,none,True,True
90589,1.0,0.0,0.5,none,True,True
90590,1.0,0.0,0.5,none,True,True
90591,1.0,0.0,0.5,none,True,True
90592,1.0,0.0,0.5,none,True,True
90593,1.0,0.0,0.5,none,True,True
90594,1.0,0.0,0.5,none,True,True
90595,1.0,0.0,0.5,none,True,True
90596,1.0,0.0,0.5,none,True,True
90597,1.0,0.0,0.5,none,True,True
90598,1.0,0.0,0.5,none,True,True
90599,1.0,0.0,0.5,none,True,True
90600,1.0,0.0,0.5,none,True,True
90601,1.0,0.0,0.5,none,True,True
90602,1.0,0.0,0.5,none,True,True
90603,1.0,0.0,0.5,none,True,True
90604,1.0,0.0,0.5,none,True,True
90605,1.0,0.0,0.5,none,True,True
90606,1.0,0.0,0.5,none,True,True
90607,1.0,0.0,0.5,none,True,True
90608,1.0,0.0,0.5,none,True,True
90609,1.0,0.0,0.5,none,True,True
90610,1.0,0.0,0.5,none,True,True
90611,1.0,0.0,0.5,none,True,True
90612,1.0,0.0,0.5,none,True,True
90613,1.0,0.0,0.5,none,True,True
90614,1.0,0.0,0.5,none,True,True
90615,1.0,0.0,0.5,none,True,True
90616,1.0,0.0,0.5,none,True,True
90617,1.0,0.0,0.5,none,True,True
90618,1.0,0.0,0.5,none,True,True
90619,1.0,0.0,0.5,none,True,True
90620,1.0,0.0,0.5,none,True,True
90621,1.0,0.0,0.5,none,True,True
90622,1.0,0.0,0.5,none,True,True
90623,1.0,0.0,0.5,none,True,True
90624,1.0,0.0,0.5,none,True,True
90625,1.0,0.0,0.5,none,True,True
90626,1.0,0.0,0.5,none,True,True
90627,1.0,0.0,0.5,none,True,True
90628,1.0,0.0,0.5,none,True,True
90629,1.0,0.0,0.5,none,True,True
90630,1.0,0.0,0.5,none,True,True
90631,1.0,0.0,0.5,none,True,True
90632,1.0,0.0,0.5,none,True,True
90633,1.0,0.0,0.5,none,True,True
90634,1.0,0.0,0.5,none,True,True
90635,1.0,0.0,0.5,none,True,True
90636,1.0,0.0,0.5,none,True,True
90637,1.0,0.0,0.5,none,True,True
90638,1.0,0.0,0.5,none,True,True
90639,1.0,0.0,0.5,none,True,True
90640,1.0,0.0,0.5,none,True,True
90641,1.0,0.0,0.5,none,True,True
90642,1.0,0.0,0.5,none,True,True
90643,1.0,0.0,0.5,none,True,True
90644,1.0,0.0,0.5,none,True,True
90645,1.0,0.0,0.5,none,True,True
90646,1.0,0.0,0.5,none,True,True
90647,1.0,0.0,0.5,none,True,True
90648,1.0,0.0,0.5,none,True,True
90649,1.0,0.0,0.5,none,True,True
90650,1.0,0.0,0.5,none,True,True
90651,1.0,0.0,0.5,none,True,True
90652,1.0,0.0,0.5,none,True,True
90653,1.0,0.0,0.5,none,True,True
90654,1.0,0.0,0.5,none,True,True
90655,1.0,0.0,0.5,none,True,True
90656,1.0,0.0,0.5,none,True,True
90657,1.0,0.0,0.5,none,True,True
90658,1.0,0.0,0.5,none,True,True
90659,1.0,0.0,0.5,none,True,True
90660,1.0,0.0,0.5,none,True,True
90661,1.0,0.0,0.5,none,True,True
90662,1.0,0.0,0.5,none,True,True
90663,1.0,0.0,0.5,none,True,True
90664,1.0,0.0,0.5,none,True,True
90665,1.0,0.0,0.5,none,True,True
90666,1.0,0.0,0.5,none,True,True
90667,1.0,0.0,0.5,none,True,True
90668,1.0,0.0,0.5,none,True,True
90669,1.0,0.0,0.5,none,True,True
90670,1.0,0.0,0.5,none,True,True
90671,1.0,0.0,0.5,none,True,True
90672,1.0,0.0,0.5,none,True,True
90673,1.0,0.0,0.5,none,True,True
90674,1.0,0.0,0.5,none,True,True
90675,1.0,0.0,0.5,none,True,True
90676,1.0,0.0,0.5,none,True,True
90677,1.0,0.0,0.5,none,True,True
90678,1.0,0.0,0.5,none,True,True
90679,1.0,0.0,0.5,none,True,True
90680,1.0,0.0,0.5,none,True,True
90681,1.0,0.0,0.5,none,True,True
90682,1.0,0.0,0.5,none,True,True
90683,1.0,0.0,0.5,none,True,True
90684,1.0,0.0,0.5,none,True,True
90685,1.0,0.0,0.5,none,True,True
90686,1.0,0.0,0.5,none,True,True
90687,1.0,0.0,0.5,none,True,True
90688,1.0,0.0,0.5,none,True,True
90689,1.0,0.0,0.5,none,True,True
90690,1.0,0.0,0.5,none,True,True
90691,1.0,0.0,0.5,none,True,True
90692,1.0,0.0,0.5,none,True,True
90693,1.0,0.0,0.5,none,True,True
90694,1.0,0.0,0.5,none,True,True
90695,1.0,0.0,0.5,none,True,True
90696,1.0,0.0,0.5,none,True,True
90697,1.0,0.0,0.5,none,True,True
90698,1.0,0.0,0.5,none,True,True
90699,1.0,0.0,0.5,none,True,True
90700,1.0,0.0,0.5,none,True,True
90701,1.0,0.0,0.5,none,True,True
90702,1.0,0.0,0.5,none,True,True
90703,1.0,0.0,0.5,none,True,True
90704,1.0,0.0,0.5,none,True,True
90705,1.0,0.0,0.5,none,True,True
90706,1.0,0.0,0.5,none,True,True
90707,1.0,0.0,0.5,none,True,True
90708,1.0,0.0,0.5,none,True,True
90709,1.0,0.0,0.5,none,True,True
90710,1.0,0.0,0.5,none,True,True
90711,1.0,0.0,0.5,none,True,True
90712,1.0,0.0,0.5,none,True,True
90713,1.0,0.0,0.5,none,True,True
90714,1.0,0.0,0.5,none,True,True
90715,1.0,0.0,0.5,none,True,True
90716,1.0,0.0,0.5,none,True,True
90717,1.0,0.0,0.5,none,True,True
90718,1.0,0.0,0.5,none,True,True
90719,1.0,0.0,0.5,none,True,True
90720,1.0,0.0,0.5,none,True,True
90721,1.0,0.0,0.5,none,True,True
90722,1.0,0.0,0.5,none,True,True
90723,1.0,0.0,0.5,none,True,True
90724,1.0,0.0,0.5,none,True,True
90725,1.0,0.0,0.5,none,True,True
90726,1.0,0.0,0.5,none,True,True
90727,1.0,0.0,0.5,none,True,True
90728,1.0,0.0,0.5,none,True,True
90729,1.0,0.0,0.5,none,True,True
90730,1.0,0.0,0.5,none,True,True
90731,1.0,0.0,0.5,none,True,True
90732,1.0,0.0,0.5,none,True,True
90733,1.0,0.0,0.5,none,True,True
90734,1.0,0.0,0.5,none,True,True
90735,1.0,0.0,0.5,none,True,True
90736,1.0,0.0,0.5,none,True,True
90737,1.0,0.0,0.5,none,True,True
90738,1.0,0.0,0.5,none,True,True
90739,1.0,0.0,0.5,none,True,True
90740,1.0,0.0,0.5,none,True,True
90741,1.0,0.0,0.5,none,True,True
90742,1.0,0.0,0.5,none,True,True
90743,1.0,0.0,0.5,none,True,True
90744,1.0,0.0,0.5,none,True,True
90745,1.0,0.0,0.5,none,True,True
90746,1.0,0.0,0.5,none,True,True
90747,1.0,0.0,0.5,none,True,True
90748,1.0,0.0,0.5,none,True,True
90749,1.0,0.0,0.5,none,True,True
90750,1.0,0.0,0.5,none,True,True
90751,1.0,0.0,0.5,none,True,True
90752,1.0,0.0,0.5,none,True,True
90753,1.0,0.0,0.5,none,True,True
90754,1.0,0.0,0.5,none,True,True
90755,1.0,0.0,0.5,none,True,True
90756,1.0,0.0,0.5,none,True,True
90757,1.0,0.0,0.5,none,True,True
90758,1.0,0.0,0.5,none,True,True
90759,1.0,0.0,0.5,none,True,True
90760,1.0,0.0,0.5,none,True,True
90761,1.0,0.0,0.5,none,True,True
90762,1.0,0.0,0.5,none,True,True
90763,1.0,0.0,0.5,none,True,True
90764,1.0,0.0,0.5,none,True,True
90765,1.0,0.0,0.5,none,True,True
90766,1.0,0.0,0.5,none,True,True
90767,1.0,0.0,0.5,none,True,True
90768,1.0,0.0,0.5,none,True,True
90769,1.0,0.0,0.5,none,True,True
90770,1.0,0.0,0.5,none,True,True
90771,1.0,0.0,0.5,none,True,True
90772,1.0,0.0,0.5,none,True,True
90773,1.0,0.0,0.5,none,True,True
90774,1.0,0.0,0.5,none,True,True
90775,1.0,0.0,0.5,none,True,True
90776,1.0,0.0,0.5,none,True,True
90777,1.0,0.0,0.5,none,True,True
90778,1.0,0.0,0.5,none,True,True
90779,1.0,0.0,0.5,none,True,True
90780,1.0,0.0,0.5,none,True,True
90781,1.0,0.0,0.5,none,True,True
90782,1.0,0.0,0.5,none,True,True
90783,1.0,0.0,0.5,none,True,True
90784,1.0,0.0,0.5,none,True,True
90785,1.0,0.0,0.5,none,True,True
90786,1.0,0.0,0.5,none,True,True
90787,1.0,0.0,0.5,none,True,True
90788,1.0,0.0,0.5,none,True,True
90789,1.0,0.0,0.5,none,True,True
90790,1.0,0.0,0.5,none,True,True
90791,1.0,0.0,0.5,none,True,True
90792,1.0,0.0,0.5,none,True,True
90793,1.0,0.0,0.5,none,True,True
90794,1.0,0.0,0.5,none,True,True
90795,1.0,0.0,0.5,none,True,True
90796,1.0,0.0,0.5,none,True,True
90797,1.0,0.0,0.5,none,True,True
90798,1.0,0.0,0.5,none,True,True
90799,1.0,0.0,0.5,none,True,True
90800,1.0,0.0,0.5,none,True,True
90801,1.0,0.0,0.5,none,True,True
90802,1.0,0.0,0.5,none,True,True
90803,1.0,0.0,0.5,none,True,True
90804,1.0,0.0,0.5,none,True,True
90805,1.0,0.0,0.5,none,True,True
90806,1.0,0.0,0.5,none,True,True
90807,1.0,0.0,0.5,none,True,True
90808,1.0,0.0,0.5,none,True,True
90809,1.0,0.0,0.5,none,True,True
90810,1.0,0.0,0.5,none,True,True
90811,1.0,0.0,0.5,none,True,True
90812,1.0,0.0,0.5,none,True,True
90813,1.0,0.0,0.5,none,True,True
90814,1.0,0.0,0.5,none,True,True
90815,1.0,0.0,0.5,none,True,True
90816,1.0,0.0,0.5,none,True,True
90817,1.0,0.0,0.5,none,True,True
90818,1.0,0.0,0.5,none,True,True
90819,1.0,0.0,0.5,none,True,True
90820,1.0,0.0,0.5,none,True,True
90821,1.0,0.0,0.5,none,True,True
90822,1.0,0.0,0.5,none,True,True
90823,1.0,0.0,0.5,none,True,True
90824,1.0,0.0,0.5,none,True,True
90825,1.0,0.0,0.5,none,True,True
90826,1.0,0.0,0.5,none,True,True
90827,1.0,0.0,0.5,none,True,True
90828,1.0,0.0,0.5,none,True,True
90829,1.0,0.0,0.5,none,True,True
90830,1.0,0.0,0.5,none,True,True
90831,1.0,0.0,0.5,none,True,True
90832,1.0,0.0,0.5,none,True,True
90833,1.0,0.0,0.5,none,True,True
90834,1.0,0.0,0.5,none,True,True
90835,1.0,0.0,0.5,none,True,True
90836,1.0,0.0,0.5,none,True,True
90837,1.0,0.0,0.5,none,True,True
90838,1.0,0.0,0.5,none,True,True
90839,1.0,0.0,0.5,none,True,True
90840,1.0,0.0,0.5,none,True,True
90841,1.0,0.0,0.5,none,True,True
90842,1.0,0.0,0.5,none,True,True
90843,1.0,0.0,0.5,none,True,True
90844,1.0,0.0,0.5,none,True,True
90845,1.0,0.0,0.5,none,True,True
90846,1.0,0.0,0.5,none,True,True
90847,1.0,0.0,0.5,none,True,True
90848,1.0,0.0,0.5,none,True,True
90849,1.0,0.0,0.5,none,True,True
90850,1.0,0.0,0.5,none,True,True
90851,1.0,0.0,0.5,none,True,True
90852,1.0,0.0,0.5,none,True,True
90853,1.0,0.0,0.5,none,True,True
90854,1.0,0.0,0.5,none,True,True
90855,1.0,0.0,0.5,none,True,True
90856,1.0,0.0,0.5,none,True,True
90857,1.0,0.0,0.5,none,True,True
90858,1.0,0.0,0.5,none,True,True
90859,1.0,0.0,0.5,none,True,True
90860,1.0,0.0,0.5,none,True,True
90861,1.0,0.0,0.5,none,True,True
90862,1.0,0.0,0.5,none,True,True
90863,1.0,0.0,0.5,none,True,True
90864,1.0,0.0,0.5,none,True,True
90865,1.0,0.0,0.5,none,True,True
90866,1.0,0.0,0.5,none,True,True
90867,1.0,0.0,0.5,none,True,True
90868,1.0,0.0,0.5,none,True,True
90869,1.0,0.0,0.5,none,True,True
90870,1.0,0.0,0.5,none,True,True
90871,1.0,0.0,0.5,none,True,True
90872,1.0,0.0,0.5,none,True,True
90873,1.0,0.0,0.5,none,True,True
90874,1.0,0.0,0.5,none,True,True
90875,1.0,0.0,0.5,none,True,True
90876,1.0,0.0,0.5,none,True,True
90877,1.0,0.0,0.5,none,True,True
90878,1.0,0.0,0.5,none,True,True
90879,1.0,0.0,0.5,none,True,True
90880,1.0,0.0,0.5,none,True,True
90881,1.0,0.0,0.5,none,True,True
90882,1.0,0.0,0.5,none,True,True
90883,1.0,0.0,0.5,none,True,True
90884,1.0,0.0,0.5,none,True,True
90885,1.0,0.0,0.5,none,True,True
90886,1.0,0.0,0.5,none,True,True
90887,1.0,0.0,0.5,none,True,True
90888,1.0,0.0,0.5,none,True,True
90889,1.0,0.0,0.5,none,True,True
90890,1.0,0.0,0.5,none,True,True
90891,1.0,0.0,0.5,none,True,True
90892,1.0,0.0,0.5,none,True,True
90893,1.0,0.0,0.5,none,True,True
90894,1.0,0.0,0.5,none,True,True
90895,1.0,0.0,0.5,none,True,True
90896,1.0,0.0,0.5,none,True,True
90897,1.0,0.0,0.5,none,True,True
90898,1.0,0.0,0.5,none,True,True
90899,1.0,0.0,0.5,none,True,True
90900,1.0,0.0,0.5,none,True,True
90901,1.0,0.0,0.5,none,True,True
90902,1.0,0.0,0.5,none,True,True
90903,1.0,0.0,0.5,none,True,True
90904,1.0,0.0,0.5,none,True,True
90905,1.0,0.0,0.5,none,True,True
90906,1.0,0.0,0.5,none,True,True
90907,1.0,0.0,0.5,none,True,True
90908,1.0,0.0,0.5,none,True,True
90909,1.0,0.0,0.5,none,True,True
90910,1.0,0.0,0.5,none,True,True
90911,1.0,0.0,0.5,none,True,True
90912,1.0,0.0,0.5,none,True,True
90913,1.0,0.0,0.5,none,True,True
90914,1.0,0.0,0.5,none,True,True
90915,1.0,0.0,0.5,none,True,True
90916,1.0,0.0,0.5,none,True,True
90917,1.0,0.0,0.5,none,True,True
90918,1.0,0.0,0.5,none,True,True
90919,1.0,0.0,0.5,none,True,True
90920,1.0,0.0,0.5,none,True,True
90921,1.0,0.0,0.5,none,True,True
90922,1.0,0.0,0.5,none,True,True
90923,1.0,0.0,0.5,none,True,True
90924,1.0,0.0,0.5,none,True,True
90925,1.0,0.0,0.5,none,True,True
90926,1.0,0.0,0.5,none,True,True
90927,1.0,0.0,0.5,none,True,True
90928,1.0,0.0,0.5,none,True,True
90929,1.0,0.0,0.5,none,True,True
90930,1.0,0.0,0.5,none,True,True
90931,1.0,0.0,0.5,none,True,True
90932,1.0,0.0,0.5,none,True,True
90933,1.0,0.0,0.5,none,True,True
90934,1.0,0.0,0.5,none,True,True
90935,1.0,0.0,0.5,none,True,True
90936,1.0,0.0,0.5,none,True,True
90937,1.0,0.0,0.5,none,True,True
90938,1.0,0.0,0.5,none,True,True
90939,1.0,0.0,0.5,none,True,True
90940,1.0,0.0,0.5,none,True,True
90941,1.0,0.0,0.5,none,True,True
90942,1.0,0.0,0.5,none,True,True
90943,1.0,0.0,0.5,none,True,True
90944,1.0,0.0,0.5,none,True,True
90945,1.0,0.0,0.5,none,True,True
90946,1.0,0.0,0.5,none,True,True
90947,1.0,0.0,0.5,none,True,True
90948,1.0,0.0,0.5,none,True,True
90949,1.0,0.0,0.5,none,True,True
90950,1.0,0.0,0.5,none,True,True
90951,1.0,0.0,0.5,none,True,True
90952,1.0,0.0,0.5,none,True,True
90953,1.0,0.0,0.5,none,True,True
90954,1.0,0.0,0.5,none,True,True
90955,1.0,0.0,0.5,none,True,True
90956,1.0,0.0,0.5,none,True,True
90957,1.0,0.0,0.5,none,True,True
90958,1.0,0.0,0.5,none,True,True
90959,1.0,0.0,0.5,none,True,True
90960,1.0,0.0,0.5,none,True,True
90961,1.0,0.0,0.5,none,True,True
90962,1.0,0.0,0.5,none,True,True
90963,1.0,0.0,0.5,none,True,True
90964,1.0,0.0,0.5,none,True,True
90965,1.0,0.0,0.5,none,True,True
90966,1.0,0.0,0.5,none,True,True
90967,1.0,0.0,0.5,none,True,True
90968,1.0,0.0,0.5,none,True,True
90969,1.0,0.0,0.5,none,True,True
90970,1.0,0.0,0.5,none,True,True
90971,1.0,0.0,0.5,none,True,True
90972,1.0,0.0,0.5,none,True,True
90973,1.0,0.0,0.5,none,True,True
90974,1.0,0.0,0.5,none,True,True
90975,1.0,0.0,0.5,none,True,True
90976,1.0,0.0,0.5,none,True,True
90977,1.0,0.0,0.5,none,True,True
90978,1.0,0.0,0.5,none,True,True
90979,1.0,0.0,0.5,none,True,True
90980,1.0,0.0,0.5,none,True,True
90981,1.0,0.0,0.5,none,True,True
90982,1.0,0.0,0.5,none,True,True
90983,1.0,0.0,0.5,none,True,True
90984,1.0,0.0,0.5,none,True,True
90985,1.0,0.0,0.5,none,True,True
90986,1.0,0.0,0.5,none,True,True
90987,1.0,0.0,0.5,none,True,True
90988,1.0,0.0,0.5,none,True,True
90989,1.0,0.0,0.5,none,True,True
90990,1.0,0.0,0.5,none,True,True
90991,1.0,0.0,0.5,none,True,True
90992,1.0,0.0,0.5,none,True,True
90993,1.0,0.0,0.5,none,True,True
90994,1.0,0.0,0.5,none,True,True
90995,1.0,0.0,0.5,none,True,True
90996,1.0,0.0,0.5,none,True,True
90997,1.0,0.0,0.5,none,True,True
90998,1.0,0.0,0.5,none,True,True
90999,1.0,0.0,0.5,none,True,True
91000,1.0,0.0061,0.5,none,True,True
91001,1.0,0.0357,0.5,none,True,True
91002,1.0,0.0812,0.5,none,True,True
91003,1.0,0.1113,0.5,none,True,True
91004,1.0,0.1253,0.5,none,True,True
91005,1.0,0.1408,0.5,none,True,True
91006,1.0,0.0907,0.5,none,True,True
91007,1.0,0.1198,0.5,none,True,True
91008,1.0,0.0467,0.5,none,True,True
91009,1.0,0.0522,0.5,none,True,True
91010,1.0,0.0405,0.5,none,True,True
91011,1.0,0.0313,0.5,none,True,True
91012,1.0,0.0083,0.5,none,True,True
91013,1.0,0.0726,0.5,none,True,True
91014,1.0,0.0793,0.5,none,True,True
91015,1.0,0.0581,0.5,none,True,True
91016,1.0,0.0955,0.5,none,True,True
91017,1.0,0.0839,0.5,none,True,True
91018,1.0,0.0648,0.5,none,True,True
91019,1.0,0.0718,0.5,none,True,True
91020,1.0,0.0589,0.5,none,True,True
91021,1.0,0.0403,0.5,none,True,True
91022,1.0,0.0327,0.5,none,True,True
91023,1.0,0.0277,0.5,none,True,True
91024,1.0,0.017,0.5,none,True,True
91025,1.0,0.0102,0.5,none,True,True
91026,1.0,0.0099,0.5,none,True,True
91027,1.0,0.008,0.5,none,True,True
91028,1.0,0.005,0.5,none,True,True
91029,1.0,0.0063,0.5,none,True,True
91030,1.0,0.009,0.5,none,True,True
91031,1.0,0.0096,0.5,none,True,True
91032,1.0,0.0108,0.5,none,True,True
91033,1.0,0.014,0.5,none,True,True
91034,1.0,0.0161,0.5,none,True,True
91035,1.0,0.0167,0.5,none,True,True
91036,1.0,0.0182,0.5,none,True,True
91037,1.0,0.0196,0.5,none,True,True
91038,1.0,0.0197,0.5,none,True,True
91039,1.0,0.0193,0.5,none,True,True
91040,1.0,0.0193,0.5,none,True,True
91041,1.0,0.0187,0.5,none,True,True
91042,1.0,0.0174,0.5,none,True,True
91043,1.0,0.0163,0.5,none,True,True
91044,1.0,0.0152,0.5,none,True,True
91045,1.0,0.0138,0.5,none,True,True
91046,1.0,0.0123,0.5,none,True,True
91047,1.0,0.0111,0.5,none,True,True
91048,1.0,0.01,0.5,none,True,True
91049,1.0,0.0088,0.5,none,True,True
91050,1.0,0.0078,0.5,none,True,True
91051,1.0,0.0071,0.5,none,True,True
91052,1.0,0.0064,0.5,none,True,True
91053,1.0,0.0057,0.5,none,True,True
91054,1.0,0.0053,0.5,none,True,True
91055,1.0,0.005,0.5,none,True,True
91056,1.0,0.0047,0.5,none,True,True
91057,1.0,0.0045,0.5,none,True,True
91058,1.0,0.0044,0.5,none,True,True
91059,1.0,0.0043,0.5,none,True,True
91060,1.0,0.0042,0.5,none,True,True
91061,1.0,0.0041,0.5,none,True,True
91062,1.0,0.004,0.5,none,True,True
91063,1.0,0.0039,0.5,none,True,True
91064,1.0,0.0038,0.5,none,True,True
91065,1.0,0.0037,0.5,none,True,True
91066,1.0,0.0035,0.5,none,True,True
91067,1.0,0.0033,0.5,none,True,True
91068,1.0,0.0032,0.5,none,True,True
91069,1.0,0.003,0.5,none,True,True
91070,1.0,0.0028,0.5,none,True,True
91071,1.0,0.0026,0.5,none,True,True
91072,1.0,0.0024,0.5,none,True,True
91073,1.0,0.0023,0.5,none,True,True
91074,1.0,0.0021,0.5,none,True,True
91075,1.0,0.0019,0.5,none,True,True
91076,1.0,0.0018,0.5,none,True,True
91077,1.0,0.0017,0.5,none,True,True
91078,1.0,0.0015,0.5,none,True,True
91079,1.0,0.0014,0.5,none,True,True
91080,1.0,0.0013,0.5,none,True,True
91081,1.0,0.0013,0.5,none,True,True
91082,1.0,0.0012,0.5,none,True,True
91083,1.0,0.0011,0.5,none,True,True
91084,1.0,0.0011,0.5,none,True,True
91085,1.0,0.001,0.5,none,True,True
91086,1.0,0.001,0.5,none,True,True
91087,1.0,0.0009,0.5,none,True,True
91088,1.0,0.0009,0.5,none,True,True
91089,1.0,0.0008,0.5,none,True,True
91090,1.0,0.0008,0.5,none,True,True
91091,1.0,0.0008,0.5,none,True,True
91092,1.0,0.0007,0.5,none,True,True
91093,1.0,0.0007,0.5,none,True,True
91094,1.0,0.0006,0.5,none,True,True
91095,1.0,0.0006,0.5,none,True,True
91096,1.0,0.0006,0.5,none,True,True
91097,1.0,0.0005,0.5,none,True,True
91098,1.0,0.0005,0.5,none,True,True
91099,1.0,0.0005,0.5,none,True,True
91100,1.0,0.0004,0.5,none,True,True
91101,1.0,0.0004,0.5,none,True,True
91102,1.0,0.0004,0.5,none,True,True
91103,1.0,0.0004,0.5,none,True,True
91104,1.0,0.0003,0.5,none,True,True
91105,1.0,0.0003,0.5,none,True,True
91106,1.0,0.0003,0.5,none,True,True
91107,1.0,0.0003,0.5,none,True,True
91108,1.0,0.0003,0.5,none,True,True
91109,1.0,0.0003,0.5,none,True,True
91110,1.0,0.0002,0.5,none,True,True
91111,1.0,0.0002,0.5,none,True,True
91112,1.0,0.0002,0.5,none,True,True
91113,1.0,0.0002,0.5,none,True,True
91114,1.0,0.0002,0.5,none,True,True
91115,1.0,0.0002,0.5,none,True,True
91116,1.0,0.0002,0.5,none,True,True
91117,1.0,0.0002,0.5,none,True,True
91118,1.0,0.0002,0.5,none,True,True
91119,1.0,0.0001,0.5,none,True,True
91120,1.0,0.0001,0.5,none,True,True
91121,1.0,0.0001,0.5,none,True,True
91122,1.0,0.0001,0.5,none,True,True
91123,1.0,0.0001,0.5,none,True,True
91124,1.0,0.0001,0.5,none,True,True
91125,1.0,0.0001,0.5,none,True,True
91126,1.0,0.0001,0.5,none,True,True
91127,1.0,0.0001,0.5,none,True,True
91128,1.0,0.0001,0.5,none,True,True
91129,1.0,0.0001,0.5,none,True,True
91130,1.0,0.0001,0.5,none,True,True
91131,1.0,0.0001,0.5,none,True,True
91132,1.0,0.0001,0.5,none,True,True
91133,1.0,0.0001,0.5,none,True,True
91134,1.0,0.0001,0.5,none,True,True
91135,1.0,0.0001,0.5,none,True,True
91136,1.0,0.0001,0.5,none,True,True
91137,1.0,0.0,0.5,none,True,True
91138,1.0,0.0,0.5,none,True,True
91139,1.0,0.0,0.5,none,True,True
91140,1.0,0.0,0.5,none,True,True
91141,1.0,0.0,0.5,none,True,True
91142,1.0,0.0,0.5,none,True,True
91143,1.0,0.0,0.5,none,True,True
91144,1.0,0.0,0.5,none,True,True
91145,1.0,0.0,0.5,none,True,True
91146,1.0,0.0,0.5,none,True,True
91147,1.0,0.0,0.5,none,True,True
91148,1.0,0.0,0.5,none,True,True
91149,1.0,0.0,0.5,none,True,True
91150,1.0,0.0,0.5,none,True,True
91151,1.0,0.0,0.5,none,True,True
91152,1.0,0.0,0.5,none,True,True
91153,1.0,0.0,0.5,none,True,True
91154,1.0,0.0,0.5,none,True,True
91155,1.0,0.0,0.5,none,True,True
91156,1.0,0.0,0.5,none,True,True
91157,1.0,0.0,0.5,none,True,True
91158,1.0,0.0,0.5,none,True,True
91159,1.0,0.0,0.5,none,True,True
91160,1.0,0.0,0.5,none,True,True
91161,1.0,0.0,0.5,none,True,True
91162,1.0,0.0,0.5,none,True,True
91163,1.0,0.0,0.5,none,True,True
91164,1.0,0.0,0.5,none,True,True
91165,1.0,0.0,0.5,none,True,True
91166,1.0,0.0,0.5,none,True,True
91167,1.0,0.0,0.5,none,True,True
91168,1.0,0.0,0.5,none,True,True
91169,1.0,0.0,0.5,none,True,True
91170,1.0,0.0,0.5,none,True,True
91171,1.0,0.0,0.5,none,True,True
91172,1.0,0.0,0.5,none,True,True
91173,1.0,0.0,0.5,none,True,True
91174,1.0,0.0,0.5,none,True,True
91175,1.0,0.0,0.5,none,True,True
91176,1.0,0.0,0.5,none,True,True
91177,1.0,0.0,0.5,none,True,True
91178,1.0,0.0,0.5,none,True,True
91179,1.0,0.0,0.5,none,True,True
91180,1.0,0.0,0.5,none,True,True
91181,1.0,0.0,0.5,none,True,True
91182,1.0,0.0,0.5,none,True,True
91183,1.0,0.0,0.5,none,True,True
91184,1.0,0.0,0.5,none,True,True
91185,1.0,0.0,0.5,none,True,True
91186,1.0,0.0,0.5,none,True,True
91187,1.0,0.0,0.5,none,True,True
91188,1.0,0.0,0.5,none,True,True
91189,1.0,0.0,0.5,none,True,True
91190,1.0,0.0,0.5,none,True,True
91191,1.0,0.0,0.5,none,True,True
91192,1.0,0.0,0.5,none,True,True
91193,1.0,0.0,0.5,none,True,True
91194,1.0,0.0,0.5,none,True,True
91195,1.0,0.0,0.5,none,True,True
91196,1.0,0.0,0.5,none,True,True
91197,1.0,0.0,0.5,none,True,True
91198,1.0,0.0,0.5,none,True,True
91199,1.0,0.0,0.5,none,True,True
91200,1.0,0.0,0.5,none,True,True
91201,1.0,0.0,0.5,none,True,True
91202,1.0,0.0,0.5,none,True,True
91203,1.0,0.0,0.5,none,True,True
91204,1.0,0.0,0.5,none,True,True
91205,1.0,0.0,0.5,none,True,True
91206,1.0,0.0,0.5,none,True,True
91207,1.0,0.0,0.5,none,True,True
91208,1.0,0.0,0.5,none,True,True
91209,1.0,0.0,0.5,none,True,True
91210,1.0,0.0,0.5,none,True,True
91211,1.0,0.0,0.5,none,True,True
91212,1.0,0.0,0.5,none,True,True
91213,1.0,0.0,0.5,none,True,True
91214,1.0,0.0,0.5,none,True,True
91215,1.0,0.0,0.5,none,True,True
91216,1.0,0.0,0.5,none,True,True
91217,1.0,0.0,0.5,none,True,True
91218,1.0,0.0,0.5,none,True,True
91219,1.0,0.0,0.5,none,True,True
91220,1.0,0.0,0.5,none,True,True
91221,1.0,0.0,0.5,none,True,True
91222,1.0,0.0,0.5,none,True,True
91223,1.0,0.0,0.5,none,True,True
91224,1.0,0.0,0.5,none,True,True
91225,1.0,0.0,0.5,none,True,True
91226,1.0,0.0,0.5,none,True,True
91227,1.0,0.0,0.5,none,True,True
91228,1.0,0.0,0.5,none,True,True
91229,1.0,0.0,0.5,none,True,True
91230,1.0,0.0,0.5,none,True,True
91231,1.0,0.0,0.5,none,True,True
91232,1.0,0.0,0.5,none,True,True
91233,1.0,0.0,0.5,none,True,True
91234,1.0,0.0,0.5,none,True,True
91235,1.0,0.0,0.5,none,True,True
91236,1.0,0.0,0.5,none,True,True
91237,1.0,0.0,0.5,none,True,True
91238,1.0,0.0,0.5,none,True,True
91239,1.0,0.0,0.5,none,True,True
91240,1.0,0.0,0.5,none,True,True
91241,1.0,0.0,0.5,none,True,True
91242,1.0,0.0,0.5,none,True,True
91243,1.0,0.0,0.5,none,True,True
91244,1.0,0.0,0.5,none,True,True
91245,1.0,0.0,0.5,none,True,True
91246,1.0,0.0,0.5,none,True,True
91247,1.0,0.0,0.5,none,True,True
91248,1.0,0.0,0.5,none,True,True
91249,1.0,0.0,0.5,none,True,True
91250,1.0,0.0,0.5,none,True,True
91251,1.0,0.0,0.5,none,True,True
91252,1.0,0.0,0.5,none,True,True
91253,1.0,0.0,0.5,none,True,True
91254,1.0,0.0,0.5,none,True,True
91255,1.0,0.0,0.5,none,True,True
91256,1.0,0.0,0.5,none,True,True
91257,1.0,0.0,0.5,none,True,True
91258,1.0,0.0,0.5,none,True,True
91259,1.0,0.0,0.5,none,True,True
91260,1.0,0.0,0.5,none,True,True
91261,1.0,0.0,0.5,none,True,True
91262,1.0,0.0,0.5,none,True,True
91263,1.0,0.0,0.5,none,True,True
91264,1.0,0.0,0.5,none,True,True
91265,1.0,0.0,0.5,none,True,True
91266,1.0,0.0,0.5,none,True,True
91267,1.0,0.0,0.5,none,True,True
91268,1.0,0.0,0.5,none,True,True
91269,1.0,0.0,0.5,none,True,True
91270,1.0,0.0,0.5,none,True,True
91271,1.0,0.0,0.5,none,True,True
91272,1.0,0.0,0.5,none,True,True
91273,1.0,0.0,0.5,none,True,True
91274,1.0,0.0,0.5,none,True,True
91275,1.0,0.0,0.5,none,True,True
91276,1.0,0.0,0.5,none,True,True
91277,1.0,0.0,0.5,none,True,True
91278,1.0,0.0,0.5,none,True,True
91279,1.0,0.0,0.5,none,True,True
91280,1.0,0.0,0.5,none,True,True
91281,1.0,0.0,0.5,none,True,True
91282,1.0,0.0,0.5,none,True,True
91283,1.0,0.0,0.5,none,True,True
91284,1.0,0.0,0.5,none,True,True
91285,1.0,0.0,0.5,none,True,True
91286,1.0,0.0,0.5,none,True,True
91287,1.0,0.0,0.5,none,True,True
91288,1.0,0.0,0.5,none,True,True
91289,1.0,0.0,0.5,none,True,True
91290,1.0,0.0,0.5,none,True,True
91291,1.0,0.0,0.5,none,True,True
91292,1.0,0.0,0.5,none,True,True
91293,1.0,0.0,0.5,none,True,True
91294,1.0,0.0,0.5,none,True,True
91295,1.0,0.0,0.5,none,True,True
91296,1.0,0.0,0.5,none,True,True
91297,1.0,0.0,0.5,none,True,True
91298,1.0,0.0,0.5,none,True,True
91299,1.0,0.0,0.5,none,True,True
91300,1.0,0.0,0.5,none,True,True
91301,1.0,0.0,0.5,none,True,True
91302,1.0,0.0,0.5,none,True,True
91303,1.0,0.0,0.5,none,True,True
91304,1.0,0.0,0.5,none,True,True
91305,1.0,0.0,0.5,none,True,True
91306,1.0,0.0,0.5,none,True,True
91307,1.0,0.0,0.5,none,True,True
91308,1.0,0.0,0.5,none,True,True
91309,1.0,0.0,0.5,none,True,True
91310,1.0,0.0,0.5,none,True,True
91311,1.0,0.0,0.5,none,True,True
91312,1.0,0.0,0.5,none,True,True
91313,1.0,0.0,0.5,none,True,True
91314,1.0,0.0,0.5,none,True,True
91315,1.0,0.0,0.5,none,True,True
91316,1.0,0.0,0.5,none,True,True
91317,1.0,0.0,0.5,none,True,True
91318,1.0,0.0,0.5,none,True,True
91319,1.0,0.0,0.5,none,True,True
91320,1.0,0.0,0.5,none,True,True
91321,1.0,0.0,0.5,none,True,True
91322,1.0,0.0,0.5,none,True,True
91323,1.0,0.0,0.5,none,True,True
91324,1.0,0.0,0.5,none,True,True
91325,1.0,0.0,0.5,none,True,True
91326,1.0,0.0,0.5,none,True,True
91327,1.0,0.0,0.5,none,True,True
91328,1.0,0.0,0.5,none,True,True
91329,1.0,0.0,0.5,none,True,True
91330,1.0,0.0,0.5,none,True,True
91331,1.0,0.0,0.5,none,True,True
91332,1.0,0.0,0.5,none,True,True
91333,1.0,0.0,0.5,none,True,True
91334,1.0,0.0,0.5,none,True,True
91335,1.0,0.0,0.5,none,True,True
91336,1.0,0.0,0.5,none,True,True
91337,1.0,0.0,0.5,none,True,True
91338,1.0,0.0,0.5,none,True,True
91339,1.0,0.0,0.5,none,True,True
91340,1.0,0.0,0.5,none,True,True
91341,1.0,0.0,0.5,none,True,True
91342,1.0,0.0,0.5,none,True,True
91343,1.0,0.0,0.5,none,True,True
91344,1.0,0.0,0.5,none,True,True
91345,1.0,0.0,0.5,none,True,True
91346,1.0,0.0,0.5,none,True,True
91347,1.0,0.0,0.5,none,True,True
91348,1.0,0.0,0.5,none,True,True
91349,1.0,0.0,0.5,none,True,True
91350,1.0,0.0,0.5,none,True,True
91351,1.0,0.0,0.5,none,True,True
91352,1.0,0.0,0.5,none,True,True
91353,1.0,0.0,0.5,none,True,True
91354,1.0,0.0,0.5,none,True,True
91355,1.0,0.0,0.5,none,True,True
91356,1.0,0.0,0.5,none,True,True
91357,1.0,0.0,0.5,none,True,True
91358,1.0,0.0,0.5,none,True,True
91359,1.0,0.0,0.5,none,True,True
91360,1.0,0.0,0.5,none,True,True
91361,1.0,0.0,0.5,none,True,True
91362,1.0,0.0,0.5,none,True,True
91363,1.0,0.0,0.5,none,True,True
91364,1.0,0.0,0.5,none,True,True
91365,1.0,0.0,0.5,none,True,True
91366,1.0,0.0,0.5,none,True,True
91367,1.0,0.0,0.5,none,True,True
91368,1.0,0.0,0.5,none,True,True
91369,1.0,0.0,0.5,none,True,True
91370,1.0,0.0,0.5,none,True,True
91371,1.0,0.0,0.5,none,True,True
91372,1.0,0.0,0.5,none,True,True
91373,1.0,0.0,0.5,none,True,True
91374,1.0,0.0,0.5,none,True,True
91375,1.0,0.0,0.5,none,True,True
91376,1.0,0.0,0.5,none,True,True
91377,1.0,0.0,0.5,none,True,True
91378,1.0,0.0,0.5,none,True,True
91379,1.0,0.0,0.5,none,True,True
91380,1.0,0.0,0.5,none,True,True
91381,1.0,0.0,0.5,none,True,True
91382,1.0,0.0,0.5,none,True,True
91383,1.0,0.0,0.5,none,True,True
91384,1.0,0.0,0.5,none,True,True
91385,1.0,0.0,0.5,none,True,True
91386,1.0,0.0,0.5,none,True,True
91387,1.0,0.0,0.5,none,True,True
91388,1.0,0.0,0.5,none,True,True
91389,1.0,0.0,0.5,none,True,True
91390,1.0,0.0,0.5,none,True,True
91391,1.0,0.0,0.5,none,True,True
91392,1.0,0.0,0.5,none,True,True
91393,1.0,0.0,0.5,none,True,True
91394,1.0,0.0,0.5,none,True,True
91395,1.0,0.0,0.5,none,True,True
91396,1.0,0.0,0.5,none,True,True
91397,1.0,0.0,0.5,none,True,True
91398,1.0,0.0,0.5,none,True,True
91399,1.0,0.0,0.5,none,True,True
91400,1.0,0.0,0.5,none,True,True
91401,1.0,0.0,0.5,none,True,True
91402,1.0,0.0,0.5,none,True,True
91403,1.0,0.0,0.5,none,True,True
91404,1.0,0.0,0.5,none,True,True
91405,1.0,0.0,0.5,none,True,True
91406,1.0,0.0,0.5,none,True,True
91407,1.0,0.0,0.5,none,True,True
91408,1.0,0.0,0.5,none,True,True
91409,1.0,0.0,0.5,none,True,True
91410,1.0,0.0,0.5,none,True,True
91411,1.0,0.0,0.5,none,True,True
91412,1.0,0.0,0.5,none,True,True
91413,1.0,0.0,0.5,none,True,True
91414,1.0,0.0,0.5,none,True,True
91415,1.0,0.0,0.5,none,True,True
91416,1.0,0.0,0.5,none,True,True
91417,1.0,0.0,0.5,none,True,True
91418,1.0,0.0,0.5,none,True,True
91419,1.0,0.0,0.5,none,True,True
91420,1.0,0.0,0.5,none,True,True
91421,1.0,0.0,0.5,none,True,True
91422,1.0,0.0,0.5,none,True,True
91423,1.0,0.0,0.5,none,True,True
91424,1.0,0.0,0.5,none,True,True
91425,1.0,0.0,0.5,none,True,True
91426,1.0,0.0,0.5,none,True,True
91427,1.0,0.0,0.5,none,True,True
91428,1.0,0.0,0.5,none,True,True
91429,1.0,0.0,0.5,none,True,True
91430,1.0,0.0,0.5,none,True,True
91431,1.0,0.0,0.5,none,True,True
91432,1.0,0.0,0.5,none,True,True
91433,1.0,0.0,0.5,none,True,True
91434,1.0,0.0,0.5,none,True,True
91435,1.0,0.0,0.5,none,True,True
91436,1.0,0.0,0.5,none,True,True
91437,1.0,0.0,0.5,none,True,True
91438,1.0,0.0,0.5,none,True,True
91439,1.0,0.0,0.5,none,True,True
91440,1.0,0.0,0.5,none,True,True
91441,1.0,0.0,0.5,none,True,True
91442,1.0,0.0,0.5,none,True,True
91443,1.0,0.0,0.5,none,True,True
91444,1.0,0.0,0.5,none,True,True
91445,1.0,0.0,0.5,none,True,True
91446,1.0,0.0,0.5,none,True,True
91447,1.0,0.0,0.5,none,True,True
91448,1.0,0.0,0.5,none,True,True
91449,1.0,0.0,0.5,none,True,True
91450,1.0,0.0,0.5,none,True,True
91451,1.0,0.0,0.5,none,True,True
91452,1.0,0.0,0.5,none,True,True
91453,1.0,0.0,0.5,none,True,True
91454,1.0,0.0,0.5,none,True,True
91455,1.0,0.0,0.5,none,True,True
91456,1.0,0.0,0.5,none,True,True
91457,1.0,0.0,0.5,none,True,True
91458,1.0,0.0,0.5,none,True,True
91459,1.0,0.0,0.5,none,True,True
91460,1.0,0.0,0.5,none,True,True
91461,1.0,0.0,0.5,none,True,True
91462,1.0,0.0,0.5,none,True,True
91463,1.0,0.0,0.5,none,True,True
91464,1.0,0.0,0.5,none,True,True
91465,1.0,0.0,0.5,none,True,True
91466,1.0,0.0,0.5,none,True,True
91467,1.0,0.0,0.5,none,True,True
91468,1.0,0.0,0.5,none,True,True
91469,1.0,0.0,0.5,none,True,True
91470,1.0,0.0,0.5,none,True,True
91471,1.0,0.0,0.5,none,True,True
91472,1.0,0.0,0.5,none,True,True
91473,1.0,0.0,0.5,none,True,True
91474,1.0,0.0,0.5,none,True,True
91475,1.0,0.0,0.5,none,True,True
91476,1.0,0.0,0.5,none,True,True
91477,1.0,0.0,0.5,none,True,True
91478,1.0,0.0,0.5,none,True,True
91479,1.0,0.0,0.5,none,True,True
91480,1.0,0.0,0.5,none,True,True
91481,1.0,0.0,0.5,none,True,True
91482,1.0,0.0,0.5,none,True,True
91483,1.0,0.0,0.5,none,True,True
91484,1.0,0.0,0.5,none,True,True
91485,1.0,0.0,0.5,none,True,True
91486,1.0,0.0,0.5,none,True,True
91487,1.0,0.0,0.5,none,True,True
91488,1.0,0.0,0.5,none,True,True
91489,1.0,0.0,0.5,none,True,True
91490,1.0,0.0,0.5,none,True,True
91491,1.0,0.0,0.5,none,True,True
91492,1.0,0.0,0.5,none,True,True
91493,1.0,0.0,0.5,none,True,True
91494,1.0,0.0,0.5,none,True,True
91495,1.0,0.0,0.5,none,True,True
91496,1.0,0.0,0.5,none,True,True
91497,1.0,0.0,0.5,none,True,True
91498,1.0,0.0,0.5,none,True,True
91499,1.0,0.0,0.5,none,True,True
91500,1.0,0.0,0.5,none,True,True
91501,1.0,0.0,0.5,none,True,True
91502,1.0,0.0,0.5,none,True,True
91503,1.0,0.0,0.5,none,True,True
91504,1.0,0.0,0.5,none,True,True
91505,1.0,0.0,0.5,none,True,True
91506,1.0,0.0,0.5,none,True,True
91507,1.0,0.0,0.5,none,True,True
91508,1.0,0.0,0.5,none,True,True
91509,1.0,0.0,0.5,none,True,True
91510,1.0,0.0,0.5,none,True,True
91511,1.0,0.0,0.5,none,True,True
91512,1.0,0.0,0.5,none,True,True
91513,1.0,0.0,0.5,none,True,True
91514,1.0,0.0,0.5,none,True,True
91515,1.0,0.0,0.5,none,True,True
91516,1.0,0.0,0.5,none,True,True
91517,1.0,0.0,0.5,none,True,True
91518,1.0,0.0,0.5,none,True,True
91519,1.0,0.0,0.5,none,True,True
91520,1.0,0.0,0.5,none,True,True
91521,1.0,0.0,0.5,none,True,True
91522,1.0,0.0,0.5,none,True,True
91523,1.0,0.0,0.5,none,True,True
91524,1.0,0.0,0.5,none,True,True
91525,1.0,0.0,0.5,none,True,True
91526,1.0,0.0,0.5,none,True,True
91527,1.0,0.0,0.5,none,True,True
91528,1.0,0.0,0.5,none,True,True
91529,1.0,0.0,0.5,none,True,True
91530,1.0,0.0,0.5,none,True,True
91531,1.0,0.0,0.5,none,True,True
91532,1.0,0.0,0.5,none,True,True
91533,1.0,0.0,0.5,none,True,True
91534,1.0,0.0,0.5,none,True,True
91535,1.0,0.0,0.5,none,True,True
91536,1.0,0.0,0.5,none,True,True
91537,1.0,0.0,0.5,none,True,True
91538,1.0,0.0,0.5,none,True,True
91539,1.0,0.0,0.5,none,True,True
91540,1.0,0.0,0.5,none,True,True
91541,1.0,0.0,0.5,none,True,True
91542,1.0,0.0,0.5,none,True,True
91543,1.0,0.0,0.5,none,True,True
91544,1.0,0.0,0.5,none,True,True
91545,1.0,0.0,0.5,none,True,True
91546,1.0,0.0,0.5,none,True,True
91547,1.0,0.0,0.5,none,True,True
91548,1.0,0.0,0.5,none,True,True
91549,1.0,0.0,0.5,none,True,True
91550,1.0,0.0,0.5,none,True,True
91551,1.0,0.0,0.5,none,True,True
91552,1.0,0.0,0.5,none,True,True
91553,1.0,0.0,0.5,none,True,True
91554,1.0,0.0,0.5,none,True,True
91555,1.0,0.0,0.5,none,True,True
91556,1.0,0.0,0.5,none,True,True
91557,1.0,0.0,0.5,none,True,True
91558,1.0,0.0,0.5,none,True,True
91559,1.0,0.0,0.5,none,True,True
91560,1.0,0.0,0.5,none,True,True
91561,1.0,0.0,0.5,none,True,True
91562,1.0,0.0,0.5,none,True,True
91563,1.0,0.0,0.5,none,True,True
91564,1.0,0.0,0.5,none,True,True
91565,1.0,0.0,0.5,none,True,True
91566,1.0,0.0,0.5,none,True,True
91567,1.0,0.0,0.5,none,True,True
91568,1.0,0.0,0.5,none,True,True
91569,1.0,0.0,0.5,none,True,True
91570,1.0,0.0,0.5,none,True,True
91571,1.0,0.0,0.5,none,True,True
91572,1.0,0.0,0.5,none,True,True
91573,1.0,0.0,0.5,none,True,True
91574,1.0,0.0,0.5,none,True,True
91575,1.0,0.0,0.5,none,True,True
91576,1.0,0.0,0.5,none,True,True
91577,1.0,0.0,0.5,none,True,True
91578,1.0,0.0,0.5,none,True,True
91579,1.0,0.0,0.5,none,True,True
91580,1.0,0.0,0.5,none,True,True
91581,1.0,0.0,0.5,none,True,True
91582,1.0,0.0,0.5,none,True,True
91583,1.0,0.0,0.5,none,True,True
91584,1.0,0.0,0.5,none,True,True
91585,1.0,0.0,0.5,none,True,True
91586,1.0,0.0,0.5,none,True,True
91587,1.0,0.0,0.5,none,True,True
91588,1.0,0.0,0.5,none,True,True
91589,1.0,0.0,0.5,none,True,True
91590,1.0,0.0,0.5,none,True,True
91591,1.0,0.0,0.5,none,True,True
91592,1.0,0.0,0.5,none,True,True
91593,1.0,0.0,0.5,none,True,True
91594,1.0,0.0,0.5,none,True,True
91595,1.0,0.0,0.5,none,True,True
91596,1.0,0.0,0.5,none,True,True
91597,1.0,0.0,0.5,none,True,True
91598,1.0,0.0,0.5,none,True,True
91599,1.0,0.0,0.5,none,True,True
91600,1.0,0.0,0.5,none,True,True
91601,1.0,0.0,0.5,none,True,True
91602,1.0,0.0,0.5,none,True,True
91603,1.0,0.0,0.5,none,True,True
91604,1.0,0.0,0.5,none,True,True
91605,1.0,0.0,0.5,none,True,True
91606,1.0,0.0,0.5,none,True,True
91607,1.0,0.0,0.5,none,True,True
91608,1.0,0.0,0.5,none,True,True
91609,1.0,0.0,0.5,none,True,True
91610,1.0,0.0,0.5,none,True,True
91611,1.0,0.0,0.5,none,True,True
91612,1.0,0.0,0.5,none,True,True
91613,1.0,0.0,0.5,none,True,True
91614,1.0,0.0,0.5,none,True,True
91615,1.0,0.0,0.5,none,True,True
91616,1.0,0.0,0.5,none,True,True
91617,1.0,0.0,0.5,none,True,True
91618,1.0,0.0,0.5,none,True,True
91619,1.0,0.0,0.5,none,True,True
91620,1.0,0.0,0.5,none,True,True
91621,1.0,0.0,0.5,none,True,True
91622,1.0,0.0,0.5,none,True,True
91623,1.0,0.0,0.5,none,True,True
91624,1.0,0.0,0.5,none,True,True
91625,1.0,0.0,0.5,none,True,True
91626,1.0,0.0,0.5,none,True,True
91627,1.0,0.0,0.5,none,True,True
91628,1.0,0.0,0.5,none,True,True
91629,1.0,0.0,0.5,none,True,True
91630,1.0,0.0,0.5,none,True,True
91631,1.0,0.0,0.5,none,True,True
91632,1.0,0.0,0.5,none,True,True
91633,1.0,0.0,0.5,none,True,True
91634,1.0,0.0,0.5,none,True,True
91635,1.0,0.0,0.5,none,True,True
91636,1.0,0.0,0.5,none,True,True
91637,1.0,0.0,0.5,none,True,True
91638,1.0,0.0,0.5,none,True,True
91639,1.0,0.0,0.5,none,True,True
91640,1.0,0.0,0.5,none,True,True
91641,1.0,0.0,0.5,none,True,True
91642,1.0,0.0,0.5,none,True,True
91643,1.0,0.0,0.5,none,True,True
91644,1.0,0.0,0.5,none,True,True
91645,1.0,0.0,0.5,none,True,True
91646,1.0,0.0,0.5,none,True,True
91647,1.0,0.0,0.5,none,True,True
91648,1.0,0.0,0.5,none,True,True
91649,1.0,0.0,0.5,none,True,True
91650,1.0,0.0,0.5,none,True,True
91651,1.0,0.0,0.5,none,True,True
91652,1.0,0.0,0.5,none,True,True
91653,1.0,0.0,0.5,none,True,True
91654,1.0,0.0,0.5,none,True,True
91655,1.0,0.0,0.5,none,True,True
91656,1.0,0.0,0.5,none,True,True
91657,1.0,0.0,0.5,none,True,True
91658,1.0,0.0,0.5,none,True,True
91659,1.0,0.0,0.5,none,True,True
91660,1.0,0.0,0.5,none,True,True
91661,1.0,0.0,0.5,none,True,True
91662,1.0,0.0,0.5,none,True,True
91663,1.0,0.0,0.5,none,True,True
91664,1.0,0.0,0.5,none,True,True
91665,1.0,0.0,0.5,none,True,True
91666,1.0,0.0,0.5,none,True,True
91667,1.0,0.0,0.5,none,True,True
91668,1.0,0.0,0.5,none,True,True
91669,1.0,0.0,0.5,none,True,True
91670,1.0,0.0,0.5,none,True,True
91671,1.0,0.0,0.5,none,True,True
91672,1.0,0.0,0.5,none,True,True
91673,1.0,0.0,0.5,none,True,True
91674,1.0,0.0,0.5,none,True,True
91675,1.0,0.0,0.5,none,True,True
91676,1.0,0.0,0.5,none,True,True
91677,1.0,0.0,0.5,none,True,True
91678,1.0,0.0,0.5,none,True,True
91679,1.0,0.0,0.5,none,True,True
91680,1.0,0.0,0.5,none,True,True
91681,1.0,0.0,0.5,none,True,True
91682,1.0,0.0,0.5,none,True,True
91683,1.0,0.0,0.5,none,True,True
91684,1.0,0.0,0.5,none,True,True
91685,1.0,0.0,0.5,none,True,True
91686,1.0,0.0,0.5,none,True,True
91687,1.0,0.0,0.5,none,True,True
91688,1.0,0.0,0.5,none,True,True
91689,1.0,0.0,0.5,none,True,True
91690,1.0,0.0,0.5,none,True,True
91691,1.0,0.0,0.5,none,True,True
91692,1.0,0.0,0.5,none,True,True
91693,1.0,0.0,0.5,none,True,True
91694,1.0,0.0,0.5,none,True,True
91695,1.0,0.0,0.5,none,True,True
91696,1.0,0.0,0.5,none,True,True
91697,1.0,0.0,0.5,none,True,True
91698,1.0,0.0,0.5,none,True,True
91699,1.0,0.0,0.5,none,True,True
91700,1.0,0.0061,0.5,none,True,True
91701,1.0,0.0357,0.5,none,True,True
91702,1.0,0.0812,0.5,none,True,True
91703,1.0,0.1113,0.5,none,True,True
91704,1.0,0.1253,0.5,none,True,True
91705,1.0,0.1408,0.5,none,True,True
91706,1.0,0.0907,0.5,none,True,True
91707,1.0,0.1198,0.5,none,True,True
91708,1.0,0.0467,0.5,none,True,True
91709,1.0,0.0522,0.5,none,True,True
91710,1.0,0.0405,0.5,none,True,True
91711,1.0,0.0313,0.5,none,True,True
91712,1.0,0.0083,0.5,none,True,True
91713,1.0,0.0726,0.5,none,True,True
91714,1.0,0.0793,0.5,none,True,True
91715,1.0,0.0581,0.5,none,True,True
91716,1.0,0.0955,0.5,none,True,True
91717,1.0,0.0839,0.5,none,True,True
91718,1.0,0.0648,0.5,none,True,True
91719,1.0,0.0718,0.5,none,True,True
91720,1.0,0.0589,0.5,none,True,True
91721,1.0,0.0403,0.5,none,True,True
91722,1.0,0.0327,0.5,none,True,True
91723,1.0,0.0277,0.5,none,True,True
91724,1.0,0.017,0.5,none,True,True
91725,1.0,0.0102,0.5,none,True,True
91726,1.0,0.0099,0.5,none,True,True
91727,1.0,0.008,0.5,none,True,True
91728,1.0,0.005,0.5,none,True,True
91729,1.0,0.0063,0.5,none,True,True
91730,1.0,0.009,0.5,none,True,True
91731,1.0,0.0096,0.5,none,True,True
91732,1.0,0.0108,0.5,none,True,True
91733,1.0,0.014,0.5,none,True,True
91734,1.0,0.0161,0.5,none,True,True
91735,1.0,0.0167,0.5,none,True,True
91736,1.0,0.0182,0.5,none,True,True
91737,1.0,0.0196,0.5,none,True,True
91738,1.0,0.0197,0.5,none,True,True
91739,1.0,0.0193,0.5,none,True,True
91740,1.0,0.0193,0.5,none,True,True
91741,1.0,0.0187,0.5,none,True,True
91742,1.0,0.0174,0.5,none,True,True
91743,1.0,0.0163,0.5,none,True,True
91744,1.0,0.0152,0.5,none,True,True
91745,1.0,0.0138,0.5,none,True,True
91746,1.0,0.0123,0.5,none,True,True
91747,1.0,0.0111,0.5,none,True,True
91748,1.0,0.01,0.5,none,True,True
91749,1.0,0.0088,0.5,none,True,True
91750,1.0,0.0078,0.5,none,True,True
91751,1.0,0.0071,0.5,none,True,True
91752,1.0,0.0064,0.5,none,True,True
91753,1.0,0.0057,0.5,none,True,True
91754,1.0,0.0053,0.5,none,True,True
91755,1.0,0.005,0.5,none,True,True
91756,1.0,0.0047,0.5,none,True,True
91757,1.0,0.0045,0.5,none,True,True
91758,1.0,0.0044,0.5,none,True,True
91759,1.0,0.0043,0.5,none,True,True
91760,1.0,0.0042,0.5,none,True,True
91761,1.0,0.0041,0.5,none,True,True
91762,1.0,0.004,0.5,none,True,True
91763,1.0,0.0039,0.5,none,True,True
91764,1.0,0.0038,0.5,none,True,True
91765,1.0,0.0037,0.5,none,True,True
91766,1.0,0.0035,0.5,none,True,True
91767,1.0,0.0033,0.5,none,True,True
91768,1.0,0.0032,0.5,none,True,True
91769,1.0,0.003,0.5,none,True,True
91770,1.0,0.0028,0.5,none,True,True
91771,1.0,0.0026,0.5,none,True,True
91772,1.0,0.0024,0.5,none,True,True
91773,1.0,0.0023,0.5,none,True,True
91774,1.0,0.0021,0.5,none,True,True
91775,1.0,0.0019,0.5,none,True,True
91776,1.0,0.0018,0.5,none,True,True
91777,1.0,0.0017,0.5,none,True,True
91778,1.0,0.0015,0.5,none,True,True
91779,1.0,0.0014,0.5,none,True,True
91780,1.0,0.0013,0.5,none,True,True
91781,1.0,0.0013,0.5,none,True,True
91782,1.0,0.0012,0.5,none,True,True
91783,1.0,0.0011,0.5,none,True,True
91784,1.0,0.0011,0.5,none,True,True
91785,1.0,0.001,0.5,none,True,True
91786,1.0,0.001,0.5,none,True,True
91787,1.0,0.0009,0.5,none,True,True
91788,1.0,0.0009,0.5,none,True,True
91789,1.0,0.0008,0.5,none,True,True
91790,1.0,0.0008,0.5,none,True,True
91791,1.0,0.0008,0.5,none,True,True
91792,1.0,0.0007,0.5,none,True,True
91793,1.0,0.0007,0.5,none,True,True
91794,1.0,0.0006,0.5,none,True,True
91795,1.0,0.0006,0.5,none,True,True
91796,1.0,0.0006,0.5,none,True,True
91797,1.0,0.0005,0.5,none,True,True
91798,1.0,0.0005,0.5,none,True,True
91799,1.0,0.0005,0.5,none,True,True
91800,1.0,0.0004,0.5,none,True,True
91801,1.0,0.0004,0.5,none,True,True
91802,1.0,0.0004,0.5,none,True,True
91803,1.0,0.0004,0.5,none,True,True
91804,1.0,0.0003,0.5,none,True,True
91805,1.0,0.0003,0.5,none,True,True
91806,1.0,0.0003,0.5,none,True,True
91807,1.0,0.0003,0.5,none,True,True
91808,1.0,0.0003,0.5,none,True,True
91809,1.0,0.0003,0.5,none,True,True
91810,1.0,0.0002,0.5,none,True,True
91811,1.0,0.0002,0.5,none,True,True
91812,1.0,0.0002,0.5,none,True,True
91813,1.0,0.0002,0.5,none,True,True
91814,1.0,0.0002,0.5,none,True,True
91815,1.0,0.0002,0.5,none,True,True
91816,1.0,0.0002,0.5,none,True,True
91817,1.0,0.0002,0.5,none,True,True
91818,1.0,0.0002,0.5,none,True,True
91819,1.0,0.0001,0.5,none,True,True
91820,1.0,0.0001,0.5,none,True,True
91821,1.0,0.0001,0.5,none,True,True
91822,1.0,0.0001,0.5,none,True,True
91823,1.0,0.0001,0.5,none,True,True
91824,1.0,0.0001,0.5,none,True,True
91825,1.0,0.0001,0.5,none,True,True
91826,1.0,0.0001,0.5,none,True,True
91827,1.0,0.0001,0.5,none,True,True
91828,1.0,0.0001,0.5,none,True,True
91829,1.0,0.0001,0.5,none,True,True
91830,1.0,0.0001,0.5,none,True,True
91831,1.0,0.0001,0.5,none,True,True
91832,1.0,0.0001,0.5,none,True,True
91833,1.0,0.0001,0.5,none,True,True
91834,1.0,0.0001,0.5,none,True,True
91835,1.0,0.0001,0.5,none,True,True
91836,1.0,0.0001,0.5,none,True,True
91837,1.0,0.0,0.5,none,True,True
91838,1.0,0.0,0.5,none,True,True
91839,1.0,0.0,0.5,none,True,True
91840,1.0,0.0,0.5,none,True,True
91841,1.0,0.0,0.5,none,True,True
91842,1.0,0.0,0.5,none,True,True
91843,1.0,0.0,0.5,none,True,True
91844,1.0,0.0,0.5,none,True,True
91845,1.0,0.0,0.5,none,True,True
91846,1.0,0.0,0.5,none,True,True
91847,1.0,0.0,0.5,none,True,True
91848,1.0,0.0,0.5,none,True,True
91849,1.0,0.0,0.5,none,True,True
91850,1.0,0.0,0.5,none,True,True
91851,1.0,0.0,0.5,none,True,True
91852,1.0,0.0,0.5,none,True,True
91853,1.0,0.0,0.5,none,True,True
91854,1.0,0.0,0.5,none,True,True
91855,1.0,0.0,0.5,none,True,True
91856,1.0,0.0,0.5,none,True,True
91857,1.0,0.0,0.5,none,True,True
91858,1.0,0.0,0.5,none,True,True
91859,1.0,0.0,0.5,none,True,True
91860,1.0,0.0,0.5,none,True,True
91861,1.0,0.0,0.5,none,True,True
91862,1.0,0.0,0.5,none,True,True
91863,1.0,0.0,0.5,none,True,True
91864,1.0,0.0,0.5,none,True,True
91865,1.0,0.0,0.5,none,True,True
91866,1.0,0.0,0.5,none,True,True
91867,1.0,0.0,0.5,none,True,True
91868,1.0,0.0,0.5,none,True,True
91869,1.0,0.0,0.5,none,True,True
91870,1.0,0.0,0.5,none,True,True
91871,1.0,0.0,0.5,none,True,True
91872,1.0,0.0,0.5,none,True,True
91873,1.0,0.0,0.5,none,True,True
91874,1.0,0.0,0.5,none,True,True
91875,1.0,0.0,0.5,none,True,True
91876,1.0,0.0,0.5,none,True,True
91877,1.0,0.0,0.5,none,True,True
91878,1.0,0.0,0.5,none,True,True
91879,1.0,0.0,0.5,none,True,True
91880,1.0,0.0,0.5,none,True,True
91881,1.0,0.0,0.5,none,True,True
91882,1.0,0.0,0.5,none,True,True
91883,1.0,0.0,0.5,none,True,True
91884,1.0,0.0,0.5,none,True,True
91885,1.0,0.0,0.5,none,True,True
91886,1.0,0.0,0.5,none,True,True
91887,1.0,0.0,0.5,none,True,True
91888,1.0,0.0,0.5,none,True,True
91889,1.0,0.0,0.5,none,True,True
91890,1.0,0.0,0.5,none,True,True
91891,1.0,0.0,0.5,none,True,True
91892,1.0,0.0,0.5,none,True,True
91893,1.0,0.0,0.5,none,True,True
91894,1.0,0.0,0.5,none,True,True
91895,1.0,0.0,0.5,none,True,True
91896,1.0,0.0,0.5,none,True,True
91897,1.0,0.0,0.5,none,True,True
91898,1.0,0.0,0.5,none,True,True
91899,1.0,0.0,0.5,none,True,True
91900,1.0,0.0,0.5,none,True,True
91901,1.0,0.0,0.5,none,True,True
91902,1.0,0.0,0.5,none,True,True
91903,1.0,0.0,0.5,none,True,True
91904,1.0,0.0,0.5,none,True,True
91905,1.0,0.0,0.5,none,True,True
91906,1.0,0.0,0.5,none,True,True
91907,1.0,0.0,0.5,none,True,True
91908,1.0,0.0,0.5,none,True,True
91909,1.0,0.0,0.5,none,True,True
91910,1.0,0.0,0.5,none,True,True
91911,1.0,0.0,0.5,none,True,True
91912,1.0,0.0,0.5,none,True,True
91913,1.0,0.0,0.5,none,True,True
91914,1.0,0.0,0.5,none,True,True
91915,1.0,0.0,0.5,none,True,True
91916,1.0,0.0,0.5,none,True,True
91917,1.0,0.0,0.5,none,True,True
91918,1.0,0.0,0.5,none,True,True
91919,1.0,0.0,0.5,none,True,True
91920,1.0,0.0,0.5,none,True,True
91921,1.0,0.0,0.5,none,True,True
91922,1.0,0.0,0.5,none,True,True
91923,1.0,0.0,0.5,none,True,True
91924,1.0,0.0,0.5,none,True,True
91925,1.0,0.0,0.5,none,True,True
91926,1.0,0.0,0.5,none,True,True
91927,1.0,0.0,0.5,none,True,True
91928,1.0,0.0,0.5,none,True,True
91929,1.0,0.0,0.5,none,True,True
91930,1.0,0.0,0.5,none,True,True
91931,1.0,0.0,0.5,none,True,True
91932,1.0,0.0,0.5,none,True,True
91933,1.0,0.0,0.5,none,True,True
91934,1.0,0.0,0.5,none,True,True
91935,1.0,0.0,0.5,none,True,True
91936,1.0,0.0,0.5,none,True,True
91937,1.0,0.0,0.5,none,True,True
91938,1.0,0.0,0.5,none,True,True
91939,1.0,0.0,0.5,none,True,True
91940,1.0,0.0,0.5,none,True,True
91941,1.0,0.0,0.5,none,True,True
91942,1.0,0.0,0.5,none,True,True
91943,1.0,0.0,0.5,none,True,True
91944,1.0,0.0,0.5,none,True,True
91945,1.0,0.0,0.5,none,True,True
91946,1.0,0.0,0.5,none,True,True
91947,1.0,0.0,0.5,none,True,True
91948,1.0,0.0,0.5,none,True,True
91949,1.0,0.0,0.5,none,True,True
91950,1.0,0.0,0.5,none,True,True
91951,1.0,0.0,0.5,none,True,True
91952,1.0,0.0,0.5,none,True,True
91953,1.0,0.0,0.5,none,True,True
91954,1.0,0.0,0.5,none,True,True
91955,1.0,0.0,0.5,none,True,True
91956,1.0,0.0,0.5,none,True,True
91957,1.0,0.0,0.5,none,True,True
91958,1.0,0.0,0.5,none,True,True
91959,1.0,0.0,0.5,none,True,True
91960,1.0,0.0,0.5,none,True,True
91961,1.0,0.0,0.5,none,True,True
91962,1.0,0.0,0.5,none,True,True
91963,1.0,0.0,0.5,none,True,True
91964,1.0,0.0,0.5,none,True,True
91965,1.0,0.0,0.5,none,True,True
91966,1.0,0.0,0.5,none,True,True
91967,1.0,0.0,0.5,none,True,True
91968,1.0,0.0,0.5,none,True,True
91969,1.0,0.0,0.5,none,True,True
91970,1.0,0.0,0.5,none,True,True
91971,1.0,0.0,0.5,none,True,True
91972,1.0,0.0,0.5,none,True,True
91973,1.0,0.0,0.5,none,True,True
91974,1.0,0.0,0.5,none,True,True
91975,1.0,0.0,0.5,none,True,True
91976,1.0,0.0,0.5,none,True,True
91977,1.0,0.0,0.5,none,True,True
91978,1.0,0.0,0.5,none,True,True
91979,1.0,0.0,0.5,none,True,True
91980,1.0,0.0,0.5,none,True,True
91981,1.0,0.0,0.5,none,True,True
91982,1.0,0.0,0.5,none,True,True
91983,1.0,0.0,0.5,none,True,True
91984,1.0,0.0,0.5,none,True,True
91985,1.0,0.0,0.5,none,True,True
91986,1.0,0.0,0.5,none,True,True
91987,1.0,0.0,0.5,none,True,True
91988,1.0,0.0,0.5,none,True,True
91989,1.0,0.0,0.5,none,True,True
91990,1.0,0.0,0.5,none,True,True
91991,1.0,0.0,0.5,none,True,True
91992,1.0,0.0,0.5,none,True,True
91993,1.0,0.0,0.5,none,True,True
91994,1.0,0.0,0.5,none,True,True
91995,1.0,0.0,0.5,none,True,True
91996,1.0,0.0,0.5,none,True,True
91997,1.0,0.0,0.5,none,True,True
91998,1.0,0.0,0.5,none,True,True
91999,1.0,0.0,0.5,none,True,True
92000,1.0,0.0,0.5,none,True,True
92001,1.0,0.0,0.5,none,True,True
92002,1.0,0.0,0.5,none,True,True
92003,1.0,0.0,0.5,none,True,True
92004,1.0,0.0,0.5,none,True,True
92005,1.0,0.0,0.5,none,True,True
92006,1.0,0.0,0.5,none,True,True
92007,1.0,0.0,0.5,none,True,True
92008,1.0,0.0,0.5,none,True,True
92009,1.0,0.0,0.5,none,True,True
92010,1.0,0.0,0.5,none,True,True
92011,1.0,0.0,0.5,none,True,True
92012,1.0,0.0,0.5,none,True,True
92013,1.0,0.0,0.5,none,True,True
92014,1.0,0.0,0.5,none,True,True
92015,1.0,0.0,0.5,none,True,True
92016,1.0,0.0,0.5,none,True,True
92017,1.0,0.0,0.5,none,True,True
92018,1.0,0.0,0.5,none,True,True
92019,1.0,0.0,0.5,none,True,True
92020,1.0,0.0,0.5,none,True,True
92021,1.0,0.0,0.5,none,True,True
92022,1.0,0.0,0.5,none,True,True
92023,1.0,0.0,0.5,none,True,True
92024,1.0,0.0,0.5,none,True,True
92025,1.0,0.0,0.5,none,True,True
92026,1.0,0.0,0.5,none,True,True
92027,1.0,0.0,0.5,none,True,True
92028,1.0,0.0,0.5,none,True,True
92029,1.0,0.0,0.5,none,True,True
92030,1.0,0.0,0.5,none,True,True
92031,1.0,0.0,0.5,none,True,True
92032,1.0,0.0,0.5,none,True,True
92033,1.0,0.0,0.5,none,True,True
92034,1.0,0.0,0.5,none,True,True
92035,1.0,0.0,0.5,none,True,True
92036,1.0,0.0,0.5,none,True,True
92037,1.0,0.0,0.5,none,True,True
92038,1.0,0.0,0.5,none,True,True
92039,1.0,0.0,0.5,none,True,True
92040,1.0,0.0,0.5,none,True,True
92041,1.0,0.0,0.5,none,True,True
92042,1.0,0.0,0.5,none,True,True
92043,1.0,0.0,0.5,none,True,True
92044,1.0,0.0,0.5,none,True,True
92045,1.0,0.0,0.5,none,True,True
92046,1.0,0.0,0.5,none,True,True
92047,1.0,0.0,0.5,none,True,True
92048,1.0,0.0,0.5,none,True,True
92049,1.0,0.0,0.5,none,True,True
92050,1.0,0.0,0.5,none,True,True
92051,1.0,0.0,0.5,none,True,True
92052,1.0,0.0,0.5,none,True,True
92053,1.0,0.0,0.5,none,True,True
92054,1.0,0.0,0.5,none,True,True
92055,1.0,0.0,0.5,none,True,True
92056,1.0,0.0,0.5,none,True,True
92057,1.0,0.0,0.5,none,True,True
92058,1.0,0.0,0.5,none,True,True
92059,1.0,0.0,0.5,none,True,True
92060,1.0,0.0,0.5,none,True,True
92061,1.0,0.0,0.5,none,True,True
92062,1.0,0.0,0.5,none,True,True
92063,1.0,0.0,0.5,none,True,True
92064,1.0,0.0,0.5,none,True,True
92065,1.0,0.0,0.5,none,True,True
92066,1.0,0.0,0.5,none,True,True
92067,1.0,0.0,0.5,none,True,True
92068,1.0,0.0,0.5,none,True,True
92069,1.0,0.0,0.5,none,True,True
92070,1.0,0.0,0.5,none,True,True
92071,1.0,0.0,0.5,none,True,True
92072,1.0,0.0,0.5,none,True,True
92073,1.0,0.0,0.5,none,True,True
92074,1.0,0.0,0.5,none,True,True
92075,1.0,0.0,0.5,none,True,True
92076,1.0,0.0,0.5,none,True,True
92077,1.0,0.0,0.5,none,True,True
92078,1.0,0.0,0.5,none,True,True
92079,1.0,0.0,0.5,none,True,True
92080,1.0,0.0,0.5,none,True,True
92081,1.0,0.0,0.5,none,True,True
92082,1.0,0.0,0.5,none,True,True
92083,1.0,0.0,0.5,none,True,True
92084,1.0,0.0,0.5,none,True,True
92085,1.0,0.0,0.5,none,True,True
92086,1.0,0.0,0.5,none,True,True
92087,1.0,0.0,0.5,none,True,True
92088,1.0,0.0,0.5,none,True,True
92089,1.0,0.0,0.5,none,True,True
92090,1.0,0.0,0.5,none,True,True
92091,1.0,0.0,0.5,none,True,True
92092,1.0,0.0,0.5,none,True,True
92093,1.0,0.0,0.5,none,True,True
92094,1.0,0.0,0.5,none,True,True
92095,1.0,0.0,0.5,none,True,True
92096,1.0,0.0,0.5,none,True,True
92097,1.0,0.0,0.5,none,True,True
92098,1.0,0.0,0.5,none,True,True
92099,1.0,0.0,0.5,none,True,True
92100,1.0,0.0,0.5,none,True,True
92101,1.0,0.0,0.5,none,True,True
92102,1.0,0.0,0.5,none,True,True
92103,1.0,0.0,0.5,none,True,True
92104,1.0,0.0,0.5,none,True,True
92105,1.0,0.0,0.5,none,True,True
92106,1.0,0.0,0.5,none,True,True
92107,1.0,0.0,0.5,none,True,True
92108,1.0,0.0,0.5,none,True,True
92109,1.0,0.0,0.5,none,True,True
92110,1.0,0.0,0.5,none,True,True
92111,1.0,0.0,0.5,none,True,True
92112,1.0,0.0,0.5,none,True,True
92113,1.0,0.0,0.5,none,True,True
92114,1.0,0.0,0.5,none,True,True
92115,1.0,0.0,0.5,none,True,True
92116,1.0,0.0,0.5,none,True,True
92117,1.0,0.0,0.5,none,True,True
92118,1.0,0.0,0.5,none,True,True
92119,1.0,0.0,0.5,none,True,True
92120,1.0,0.0,0.5,none,True,True
92121,1.0,0.0,0.5,none,True,True
92122,1.0,0.0,0.5,none,True,True
92123,1.0,0.0,0.5,none,True,True
92124,1.0,0.0,0.5,none,True,True
92125,1.0,0.0,0.5,none,True,True
92126,1.0,0.0,0.5,none,True,True
92127,1.0,0.0,0.5,none,True,True
92128,1.0,0.0,0.5,none,True,True
92129,1.0,0.0,0.5,none,True,True
92130,1.0,0.0,0.5,none,True,True
92131,1.0,0.0,0.5,none,True,True
92132,1.0,0.0,0.5,none,True,True
92133,1.0,0.0,0.5,none,True,True
92134,1.0,0.0,0.5,none,True,True
92135,1.0,0.0,0.5,none,True,True
92136,1.0,0.0,0.5,none,True,True
92137,1.0,0.0,0.5,none,True,True
92138,1.0,0.0,0.5,none,True,True
92139,1.0,0.0,0.5,none,True,True
92140,1.0,0.0,0.5,none,True,True
92141,1.0,0.0,0.5,none,True,True
92142,1.0,0.0,0.5,none,True,True
92143,1.0,0.0,0.5,none,True,True
92144,1.0,0.0,0.5,none,True,True
92145,1.0,0.0,0.5,none,True,True
92146,1.0,0.0,0.5,none,True,True
92147,1.0,0.0,0.5,none,True,True
92148,1.0,0.0,0.5,none,True,True
92149,1.0,0.0,0.5,none,True,True
92150,1.0,0.0,0.5,none,True,True
92151,1.0,0.0,0.5,none,True,True
92152,1.0,0.0,0.5,none,True,True
92153,1.0,0.0,0.5,none,True,True
92154,1.0,0.0,0.5,none,True,True
92155,1.0,0.0,0.5,none,True,True
92156,1.0,0.0,0.5,none,True,True
92157,1.0,0.0,0.5,none,True,True
92158,1.0,0.0,0.5,none,True,True
92159,1.0,0.0,0.5,none,True,True
92160,1.0,0.0,0.5,none,True,True
92161,1.0,0.0,0.5,none,True,True
92162,1.0,0.0,0.5,none,True,True
92163,1.0,0.0,0.5,none,True,True
92164,1.0,0.0,0.5,none,True,True
92165,1.0,0.0,0.5,none,True,True
92166,1.0,0.0,0.5,none,True,True
92167,1.0,0.0,0.5,none,True,True
92168,1.0,0.0,0.5,none,True,True
92169,1.0,0.0,0.5,none,True,True
92170,1.0,0.0,0.5,none,True,True
92171,1.0,0.0,0.5,none,True,True
92172,1.0,0.0,0.5,none,True,True
92173,1.0,0.0,0.5,none,True,True
92174,1.0,0.0,0.5,none,True,True
92175,1.0,0.0,0.5,none,True,True
92176,1.0,0.0,0.5,none,True,True
92177,1.0,0.0,0.5,none,True,True
92178,1.0,0.0,0.5,none,True,True
92179,1.0,0.0,0.5,none,True,True
92180,1.0,0.0,0.5,none,True,True
92181,1.0,0.0,0.5,none,True,True
92182,1.0,0.0,0.5,none,True,True
92183,1.0,0.0,0.5,none,True,True
92184,1.0,0.0,0.5,none,True,True
92185,1.0,0.0,0.5,none,True,True
92186,1.0,0.0,0.5,none,True,True
92187,1.0,0.0,0.5,none,True,True
92188,1.0,0.0,0.5,none,True,True
92189,1.0,0.0,0.5,none,True,True
92190,1.0,0.0,0.5,none,True,True
92191,1.0,0.0,0.5,none,True,True
92192,1.0,0.0,0.5,none,True,True
92193,1.0,0.0,0.5,none,True,True
92194,1.0,0.0,0.5,none,True,True
92195,1.0,0.0,0.5,none,True,True
92196,1.0,0.0,0.5,none,True,True
92197,1.0,0.0,0.5,none,True,True
92198,1.0,0.0,0.5,none,True,True
92199,1.0,0.0,0.5,none,True,True
92200,1.0,0.0,0.5,none,True,True
92201,1.0,0.0,0.5,none,True,True
92202,1.0,0.0,0.5,none,True,True
92203,1.0,0.0,0.5,none,True,True
92204,1.0,0.0,0.5,none,True,True
92205,1.0,0.0,0.5,none,True,True
92206,1.0,0.0,0.5,none,True,True
92207,1.0,0.0,0.5,none,True,True
92208,1.0,0.0,0.5,none,True,True
92209,1.0,0.0,0.5,none,True,True
92210,1.0,0.0,0.5,none,True,True
92211,1.0,0.0,0.5,none,True,True
92212,1.0,0.0,0.5,none,True,True
92213,1.0,0.0,0.5,none,True,True
92214,1.0,0.0,0.5,none,True,True
92215,1.0,0.0,0.5,none,True,True
92216,1.0,0.0,0.5,none,True,True
92217,1.0,0.0,0.5,none,True,True
92218,1.0,0.0,0.5,none,True,True
92219,1.0,0.0,0.5,none,True,True
92220,1.0,0.0,0.5,none,True,True
92221,1.0,0.0,0.5,none,True,True
92222,1.0,0.0,0.5,none,True,True
92223,1.0,0.0,0.5,none,True,True
92224,1.0,0.0,0.5,none,True,True
92225,1.0,0.0,0.5,none,True,True
92226,1.0,0.0,0.5,none,True,True
92227,1.0,0.0,0.5,none,True,True
92228,1.0,0.0,0.5,none,True,True
92229,1.0,0.0,0.5,none,True,True
92230,1.0,0.0,0.5,none,True,True
92231,1.0,0.0,0.5,none,True,True
92232,1.0,0.0,0.5,none,True,True
92233,1.0,0.0,0.5,none,True,True
92234,1.0,0.0,0.5,none,True,True
92235,1.0,0.0,0.5,none,True,True
92236,1.0,0.0,0.5,none,True,True
92237,1.0,0.0,0.5,none,True,True
92238,1.0,0.0,0.5,none,True,True
92239,1.0,0.0,0.5,none,True,True
92240,1.0,0.0,0.5,none,True,True
92241,1.0,0.0,0.5,none,True,True
92242,1.0,0.0,0.5,none,True,True
92243,1.0,0.0,0.5,none,True,True
92244,1.0,0.0,0.5,none,True,True
92245,1.0,0.0,0.5,none,True,True
92246,1.0,0.0,0.5,none,True,True
92247,1.0,0.0,0.5,none,True,True
92248,1.0,0.0,0.5,none,True,True
92249,1.0,0.0,0.5,none,True,True
92250,1.0,0.0,0.5,none,True,True
92251,1.0,0.0,0.5,none,True,True
92252,1.0,0.0,0.5,none,True,True
92253,1.0,0.0,0.5,none,True,True
92254,1.0,0.0,0.5,none,True,True
92255,1.0,0.0,0.5,none,True,True
92256,1.0,0.0,0.5,none,True,True
92257,1.0,0.0,0.5,none,True,True
92258,1.0,0.0,0.5,none,True,True
92259,1.0,0.0,0.5,none,True,True
92260,1.0,0.0,0.5,none,True,True
92261,1.0,0.0,0.5,none,True,True
92262,1.0,0.0,0.5,none,True,True
92263,1.0,0.0,0.5,none,True,True
92264,1.0,0.0,0.5,none,True,True
92265,1.0,0.0,0.5,none,True,True
92266,1.0,0.0,0.5,none,True,True
92267,1.0,0.0,0.5,none,True,True
92268,1.0,0.0,0.5,none,True,True
92269,1.0,0.0,0.5,none,True,True
92270,1.0,0.0,0.5,none,True,True
92271,1.0,0.0,0.5,none,True,True
92272,1.0,0.0,0.5,none,True,True
92273,1.0,0.0,0.5,none,True,True
92274,1.0,0.0,0.5,none,True,True
92275,1.0,0.0,0.5,none,True,True
92276,1.0,0.0,0.5,none,True,True
92277,1.0,0.0,0.5,none,True,True
92278,1.0,0.0,0.5,none,True,True
92279,1.0,0.0,0.5,none,True,True
92280,1.0,0.0,0.5,none,True,True
92281,1.0,0.0,0.5,none,True,True
92282,1.0,0.0,0.5,none,True,True
92283,1.0,0.0,0.5,none,True,True
92284,1.0,0.0,0.5,none,True,True
92285,1.0,0.0,0.5,none,True,True
92286,1.0,0.0,0.5,none,True,True
92287,1.0,0.0,0.5,none,True,True
92288,1.0,0.0,0.5,none,True,True
92289,1.0,0.0,0.5,none,True,True
92290,1.0,0.0,0.5,none,True,True
92291,1.0,0.0,0.5,none,True,True
92292,1.0,0.0,0.5,none,True,True
92293,1.0,0.0,0.5,none,True,True
92294,1.0,0.0,0.5,none,True,True
92295,1.0,0.0,0.5,none,True,True
92296,1.0,0.0,0.5,none,True,True
92297,1.0,0.0,0.5,none,True,True
92298,1.0,0.0,0.5,none,True,True
92299,1.0,0.0,0.5,none,True,True
92300,1.0,0.0,0.5,none,True,True
92301,1.0,0.0,0.5,none,True,True
92302,1.0,0.0,0.5,none,True,True
92303,1.0,0.0,0.5,none,True,True
92304,1.0,0.0,0.5,none,True,True
92305,1.0,0.0,0.5,none,True,True
92306,1.0,0.0,0.5,none,True,True
92307,1.0,0.0,0.5,none,True,True
92308,1.0,0.0,0.5,none,True,True
92309,1.0,0.0,0.5,none,True,True
92310,1.0,0.0,0.5,none,True,True
92311,1.0,0.0,0.5,none,True,True
92312,1.0,0.0,0.5,none,True,True
92313,1.0,0.0,0.5,none,True,True
92314,1.0,0.0,0.5,none,True,True
92315,1.0,0.0,0.5,none,True,True
92316,1.0,0.0,0.5,none,True,True
92317,1.0,0.0,0.5,none,True,True
92318,1.0,0.0,0.5,none,True,True
92319,1.0,0.0,0.5,none,True,True
92320,1.0,0.0,0.5,none,True,True
92321,1.0,0.0,0.5,none,True,True
92322,1.0,0.0,0.5,none,True,True
92323,1.0,0.0,0.5,none,True,True
92324,1.0,0.0,0.5,none,True,True
92325,1.0,0.0,0.5,none,True,True
92326,1.0,0.0,0.5,none,True,True
92327,1.0,0.0,0.5,none,True,True
92328,1.0,0.0,0.5,none,True,True
92329,1.0,0.0,0.5,none,True,True
92330,1.0,0.0,0.5,none,True,True
92331,1.0,0.0,0.5,none,True,True
92332,1.0,0.0,0.5,none,True,True
92333,1.0,0.0,0.5,none,True,True
92334,1.0,0.0,0.5,none,True,True
92335,1.0,0.0,0.5,none,True,True
92336,1.0,0.0,0.5,none,True,True
92337,1.0,0.0,0.5,none,True,True
92338,1.0,0.0,0.5,none,True,True
92339,1.0,0.0,0.5,none,True,True
92340,1.0,0.0,0.5,none,True,True
92341,1.0,0.0,0.5,none,True,True
92342,1.0,0.0,0.5,none,True,True
92343,1.0,0.0,0.5,none,True,True
92344,1.0,0.0,0.5,none,True,True
92345,1.0,0.0,0.5,none,True,True
92346,1.0,0.0,0.5,none,True,True
92347,1.0,0.0,0.5,none,True,True
92348,1.0,0.0,0.5,none,True,True
92349,1.0,0.0,0.5,none,True,True
92350,1.0,0.0,0.5,none,True,True
92351,1.0,0.0,0.5,none,True,True
92352,1.0,0.0,0.5,none,True,True
92353,1.0,0.0,0.5,none,True,True
92354,1.0,0.0,0.5,none,True,True
92355,1.0,0.0,0.5,none,True,True
92356,1.0,0.0,0.5,none,True,True
92357,1.0,0.0,0.5,none,True,True
92358,1.0,0.0,0.5,none,True,True
92359,1.0,0.0,0.5,none,True,True
92360,1.0,0.0,0.5,none,True,True
92361,1.0,0.0,0.5,none,True,True
92362,1.0,0.0,0.5,none,True,True
92363,1.0,0.0,0.5,none,True,True
92364,1.0,0.0,0.5,none,True,True
92365,1.0,0.0,0.5,none,True,True
92366,1.0,0.0,0.5,none,True,True
92367,1.0,0.0,0.5,none,True,True
92368,1.0,0.0,0.5,none,True,True
92369,1.0,0.0,0.5,none,True,True
92370,1.0,0.0,0.5,none,True,True
92371,1.0,0.0,0.5,none,True,True
92372,1.0,0.0,0.5,none,True,True
92373,1.0,0.0,0.5,none,True,True
92374,1.0,0.0,0.5,none,True,True
92375,1.0,0.0,0.5,none,True,True
92376,1.0,0.0,0.5,none,True,True
92377,1.0,0.0,0.5,none,True,True
92378,1.0,0.0,0.5,none,True,True
92379,1.0,0.0,0.5,none,True,True
92380,1.0,0.0,0.5,none,True,True
92381,1.0,0.0,0.5,none,True,True
92382,1.0,0.0,0.5,none,True,True
92383,1.0,0.0,0.5,none,True,True
92384,1.0,0.0,0.5,none,True,True
92385,1.0,0.0,0.5,none,True,True
92386,1.0,0.0,0.5,none,True,True
92387,1.0,0.0,0.5,none,True,True
92388,1.0,0.0,0.5,none,True,True
92389,1.0,0.0,0.5,none,True,True
92390,1.0,0.0,0.5,none,True,True
92391,1.0,0.0,0.5,none,True,True
92392,1.0,0.0,0.5,none,True,True
92393,1.0,0.0,0.5,none,True,True
92394,1.0,0.0,0.5,none,True,True
92395,1.0,0.0,0.5,none,True,True
92396,1.0,0.0,0.5,none,True,True
92397,1.0,0.0,0.5,none,True,True
92398,1.0,0.0,0.5,none,True,True
92399,1.0,0.0,0.5,none,True,True
92400,1.0,0.0061,0.5,none,True,True
92401,1.0,0.0357,0.5,none,True,True
92402,1.0,0.0812,0.5,none,True,True
92403,1.0,0.1113,0.5,none,True,True
92404,1.0,0.1253,0.5,none,True,True
92405,1.0,0.1408,0.5,none,True,True
92406,1.0,0.0907,0.5,none,True,True
92407,1.0,0.1198,0.5,none,True,True
92408,1.0,0.0467,0.5,none,True,True
92409,1.0,0.0522,0.5,none,True,True
92410,1.0,0.0405,0.5,none,True,True
92411,1.0,0.0313,0.5,none,True,True
92412,1.0,0.0083,0.5,none,True,True
92413,1.0,0.0726,0.5,none,True,True
92414,1.0,0.0793,0.5,none,True,True
92415,1.0,0.0581,0.5,none,True,True
92416,1.0,0.0955,0.5,none,True,True
92417,1.0,0.0839,0.5,none,True,True
92418,1.0,0.0648,0.5,none,True,True
92419,1.0,0.0718,0.5,none,True,True
92420,1.0,0.0589,0.5,none,True,True
92421,1.0,0.0403,0.5,none,True,True
92422,1.0,0.0327,0.5,none,True,True
92423,1.0,0.0277,0.5,none,True,True
92424,1.0,0.017,0.5,none,True,True
92425,1.0,0.0102,0.5,none,True,True
92426,1.0,0.0099,0.5,none,True,True
92427,1.0,0.008,0.5,none,True,True
92428,1.0,0.005,0.5,none,True,True
92429,1.0,0.0063,0.5,none,True,True
92430,1.0,0.009,0.5,none,True,True
92431,1.0,0.0096,0.5,none,True,True
92432,1.0,0.0108,0.5,none,True,True
92433,1.0,0.014,0.5,none,True,True
92434,1.0,0.0161,0.5,none,True,True
92435,1.0,0.0167,0.5,none,True,True
92436,1.0,0.0182,0.5,none,True,True
92437,1.0,0.0196,0.5,none,True,True
92438,1.0,0.0197,0.5,none,True,True
92439,1.0,0.0193,0.5,none,True,True
92440,1.0,0.0193,0.5,none,True,True
92441,1.0,0.0187,0.5,none,True,True
92442,1.0,0.0174,0.5,none,True,True
92443,1.0,0.0163,0.5,none,True,True
92444,1.0,0.0152,0.5,none,True,True
92445,1.0,0.0138,0.5,none,True,True
92446,1.0,0.0123,0.5,none,True,True
92447,1.0,0.0111,0.5,none,True,True
92448,1.0,0.01,0.5,none,True,True
92449,1.0,0.0088,0.5,none,True,True
92450,1.0,0.0078,0.5,none,True,True
92451,1.0,0.0071,0.5,none,True,True
92452,1.0,0.0064,0.5,none,True,True
92453,1.0,0.0057,0.5,none,True,True
92454,1.0,0.0053,0.5,none,True,True
92455,1.0,0.005,0.5,none,True,True
92456,1.0,0.0047,0.5,none,True,True
92457,1.0,0.0045,0.5,none,True,True
92458,1.0,0.0044,0.5,none,True,True
92459,1.0,0.0043,0.5,none,True,True
92460,1.0,0.0042,0.5,none,True,True
92461,1.0,0.0041,0.5,none,True,True
92462,1.0,0.004,0.5,none,True,True
92463,1.0,0.0039,0.5,none,True,True
92464,1.0,0.0038,0.5,none,True,True
92465,1.0,0.0037,0.5,none,True,True
92466,1.0,0.0035,0.5,none,True,True
92467,1.0,0.0033,0.5,none,True,True
92468,1.0,0.0032,0.5,none,True,True
92469,1.0,0.003,0.5,none,True,True
92470,1.0,0.0028,0.5,none,True,True
92471,1.0,0.0026,0.5,none,True,True
92472,1.0,0.0024,0.5,none,True,True
92473,1.0,0.0023,0.5,none,True,True
92474,1.0,0.0021,0.5,none,True,True
92475,1.0,0.0019,0.5,none,True,True
92476,1.0,0.0018,0.5,none,True,True
92477,1.0,0.0017,0.5,none,True,True
92478,1.0,0.0015,0.5,none,True,True
92479,1.0,0.0014,0.5,none,True,True
92480,1.0,0.0013,0.5,none,True,True
92481,1.0,0.0013,0.5,none,True,True
92482,1.0,0.0012,0.5,none,True,True
92483,1.0,0.0011,0.5,none,True,True
92484,1.0,0.0011,0.5,none,True,True
92485,1.0,0.001,0.5,none,True,True
92486,1.0,0.001,0.5,none,True,True
92487,1.0,0.0009,0.5,none,True,True
92488,1.0,0.0009,0.5,none,True,True
92489,1.0,0.0008,0.5,none,True,True
92490,1.0,0.0008,0.5,none,True,True
92491,1.0,0.0008,0.5,none,True,True
92492,1.0,0.0007,0.5,none,True,True
92493,1.0,0.0007,0.5,none,True,True
92494,1.0,0.0006,0.5,none,True,True
92495,1.0,0.0006,0.5,none,True,True
92496,1.0,0.0006,0.5,none,True,True
92497,1.0,0.0005,0.5,none,True,True
92498,1.0,0.0005,0.5,none,True,True
92499,1.0,0.0005,0.5,none,True,True
92500,1.0,0.0004,0.5,none,True,True
92501,1.0,0.0004,0.5,none,True,True
92502,1.0,0.0004,0.5,none,True,True
92503,1.0,0.0004,0.5,none,True,True
92504,1.0,0.0003,0.5,none,True,True
92505,1.0,0.0003,0.5,none,True,True
92506,1.0,0.0003,0.5,none,True,True
92507,1.0,0.0003,0.5,none,True,True
92508,1.0,0.0003,0.5,none,True,True
92509,1.0,0.0003,0.5,none,True,True
92510,1.0,0.0002,0.5,none,True,True
92511,1.0,0.0002,0.5,none,True,True
92512,1.0,0.0002,0.5,none,True,True
92513,1.0,0.0002,0.5,none,True,True
92514,1.0,0.0002,0.5,none,True,True
92515,1.0,0.0002,0.5,none,True,True
92516,1.0,0.0002,0.5,none,True,True
92517,1.0,0.0002,0.5,none,True,True
92518,1.0,0.0002,0.5,none,True,True
92519,1.0,0.0001,0.5,none,True,True
92520,1.0,0.0001,0.5,none,True,True
92521,1.0,0.0001,0.5,none,True,True
92522,1.0,0.0001,0.5,none,True,True
92523,1.0,0.0001,0.5,none,True,True
92524,1.0,0.0001,0.5,none,True,True
92525,1.0,0.0001,0.5,none,True,True
92526,1.0,0.0001,0.5,none,True,True
92527,1.0,0.0001,0.5,none,True,True
92528,1.0,0.0001,0.5,none,True,True
92529,1.0,0.0001,0.5,none,True,True
92530,1.0,0.0001,0.5,none,True,True
92531,1.0,0.0001,0.5,none,True,True
92532,1.0,0.0001,0.5,none,True,True
92533,1.0,0.0001,0.5,none,True,True
92534,1.0,0.0001,0.5,none,True,True
92535,1.0,0.0001,0.5,none,True,True
92536,1.0,0.0001,0.5,none,True,True
92537,1.0,0.0,0.5,none,True,True
92538,1.0,0.0,0.5,none,True,True
92539,1.0,0.0,0.5,none,True,True
92540,1.0,0.0,0.5,none,True,True
92541,1.0,0.0,0.5,none,True,True
92542,1.0,0.0,0.5,none,True,True
92543,1.0,0.0,0.5,none,True,True
92544,1.0,0.0,0.5,none,True,True
92545,1.0,0.0,0.5,none,True,True
92546,1.0,0.0,0.5,none,True,True
92547,1.0,0.0,0.5,none,True,True
92548,1.0,0.0,0.5,none,True,True
92549,1.0,0.0,0.5,none,True,True
92550,1.0,0.0,0.5,none,True,True
92551,1.0,0.0,0.5,none,True,True
92552,1.0,0.0,0.5,none,True,True
92553,1.0,0.0,0.5,none,True,True
92554,1.0,0.0,0.5,none,True,True
92555,1.0,0.0,0.5,none,True,True
92556,1.0,0.0,0.5,none,True,True
92557,1.0,0.0,0.5,none,True,True
92558,1.0,0.0,0.5,none,True,True
92559,1.0,0.0,0.5,none,True,True
92560,1.0,0.0,0.5,none,True,True
92561,1.0,0.0,0.5,none,True,True
92562,1.0,0.0,0.5,none,True,True
92563,1.0,0.0,0.5,none,True,True
92564,1.0,0.0,0.5,none,True,True
92565,1.0,0.0,0.5,none,True,True
92566,1.0,0.0,0.5,none,True,True
92567,1.0,0.0,0.5,none,True,True
92568,1.0,0.0,0.5,none,True,True
92569,1.0,0.0,0.5,none,True,True
92570,1.0,0.0,0.5,none,True,True
92571,1.0,0.0,0.5,none,True,True
92572,1.0,0.0,0.5,none,True,True
92573,1.0,0.0,0.5,none,True,True
92574,1.0,0.0,0.5,none,True,True
92575,1.0,0.0,0.5,none,True,True
92576,1.0,0.0,0.5,none,True,True
92577,1.0,0.0,0.5,none,True,True
92578,1.0,0.0,0.5,none,True,True
92579,1.0,0.0,0.5,none,True,True
92580,1.0,0.0,0.5,none,True,True
92581,1.0,0.0,0.5,none,True,True
92582,1.0,0.0,0.5,none,True,True
92583,1.0,0.0,0.5,none,True,True
92584,1.0,0.0,0.5,none,True,True
92585,1.0,0.0,0.5,none,True,True
92586,1.0,0.0,0.5,none,True,True
92587,1.0,0.0,0.5,none,True,True
92588,1.0,0.0,0.5,none,True,True
92589,1.0,0.0,0.5,none,True,True
92590,1.0,0.0,0.5,none,True,True
92591,1.0,0.0,0.5,none,True,True
92592,1.0,0.0,0.5,none,True,True
92593,1.0,0.0,0.5,none,True,True
92594,1.0,0.0,0.5,none,True,True
92595,1.0,0.0,0.5,none,True,True
92596,1.0,0.0,0.5,none,True,True
92597,1.0,0.0,0.5,none,True,True
92598,1.0,0.0,0.5,none,True,True
92599,1.0,0.0,0.5,none,True,True
92600,1.0,0.0,0.5,none,True,True
92601,1.0,0.0,0.5,none,True,True
92602,1.0,0.0,0.5,none,True,True
92603,1.0,0.0,0.5,none,True,True
92604,1.0,0.0,0.5,none,True,True
92605,1.0,0.0,0.5,none,True,True
92606,1.0,0.0,0.5,none,True,True
92607,1.0,0.0,0.5,none,True,True
92608,1.0,0.0,0.5,none,True,True
92609,1.0,0.0,0.5,none,True,True
92610,1.0,0.0,0.5,none,True,True
92611,1.0,0.0,0.5,none,True,True
92612,1.0,0.0,0.5,none,True,True
92613,1.0,0.0,0.5,none,True,True
92614,1.0,0.0,0.5,none,True,True
92615,1.0,0.0,0.5,none,True,True
92616,1.0,0.0,0.5,none,True,True
92617,1.0,0.0,0.5,none,True,True
92618,1.0,0.0,0.5,none,True,True
92619,1.0,0.0,0.5,none,True,True
92620,1.0,0.0,0.5,none,True,True
92621,1.0,0.0,0.5,none,True,True
92622,1.0,0.0,0.5,none,True,True
92623,1.0,0.0,0.5,none,True,True
92624,1.0,0.0,0.5,none,True,True
92625,1.0,0.0,0.5,none,True,True
92626,1.0,0.0,0.5,none,True,True
92627,1.0,0.0,0.5,none,True,True
92628,1.0,0.0,0.5,none,True,True
92629,1.0,0.0,0.5,none,True,True
92630,1.0,0.0,0.5,none,True,True
92631,1.0,0.0,0.5,none,True,True
92632,1.0,0.0,0.5,none,True,True
92633,1.0,0.0,0.5,none,True,True
92634,1.0,0.0,0.5,none,True,True
92635,1.0,0.0,0.5,none,True,True
92636,1.0,0.0,0.5,none,True,True
92637,1.0,0.0,0.5,none,True,True
92638,1.0,0.0,0.5,none,True,True
92639,1.0,0.0,0.5,none,True,True
92640,1.0,0.0,0.5,none,True,True
92641,1.0,0.0,0.5,none,True,True
92642,1.0,0.0,0.5,none,True,True
92643,1.0,0.0,0.5,none,True,True
92644,1.0,0.0,0.5,none,True,True
92645,1.0,0.0,0.5,none,True,True
92646,1.0,0.0,0.5,none,True,True
92647,1.0,0.0,0.5,none,True,True
92648,1.0,0.0,0.5,none,True,True
92649,1.0,0.0,0.5,none,True,True
92650,1.0,0.0,0.5,none,True,True
92651,1.0,0.0,0.5,none,True,True
92652,1.0,0.0,0.5,none,True,True
92653,1.0,0.0,0.5,none,True,True
92654,1.0,0.0,0.5,none,True,True
92655,1.0,0.0,0.5,none,True,True
92656,1.0,0.0,0.5,none,True,True
92657,1.0,0.0,0.5,none,True,True
92658,1.0,0.0,0.5,none,True,True
92659,1.0,0.0,0.5,none,True,True
92660,1.0,0.0,0.5,none,True,True
92661,1.0,0.0,0.5,none,True,True
92662,1.0,0.0,0.5,none,True,True
92663,1.0,0.0,0.5,none,True,True
92664,1.0,0.0,0.5,none,True,True
92665,1.0,0.0,0.5,none,True,True
92666,1.0,0.0,0.5,none,True,True
92667,1.0,0.0,0.5,none,True,True
92668,1.0,0.0,0.5,none,True,True
92669,1.0,0.0,0.5,none,True,True
92670,1.0,0.0,0.5,none,True,True
92671,1.0,0.0,0.5,none,True,True
92672,1.0,0.0,0.5,none,True,True
92673,1.0,0.0,0.5,none,True,True
92674,1.0,0.0,0.5,none,True,True
92675,1.0,0.0,0.5,none,True,True
92676,1.0,0.0,0.5,none,True,True
92677,1.0,0.0,0.5,none,True,True
92678,1.0,0.0,0.5,none,True,True
92679,1.0,0.0,0.5,none,True,True
92680,1.0,0.0,0.5,none,True,True
92681,1.0,0.0,0.5,none,True,True
92682,1.0,0.0,0.5,none,True,True
92683,1.0,0.0,0.5,none,True,True
92684,1.0,0.0,0.5,none,True,True
92685,1.0,0.0,0.5,none,True,True
92686,1.0,0.0,0.5,none,True,True
92687,1.0,0.0,0.5,none,True,True
92688,1.0,0.0,0.5,none,True,True
92689,1.0,0.0,0.5,none,True,True
92690,1.0,0.0,0.5,none,True,True
92691,1.0,0.0,0.5,none,True,True
92692,1.0,0.0,0.5,none,True,True
92693,1.0,0.0,0.5,none,True,True
92694,1.0,0.0,0.5,none,True,True
92695,1.0,0.0,0.5,none,True,True
92696,1.0,0.0,0.5,none,True,True
92697,1.0,0.0,0.5,none,True,True
92698,1.0,0.0,0.5,none,True,True
92699,1.0,0.0,0.5,none,True,True
92700,1.0,0.0,0.5,none,True,True
92701,1.0,0.0,0.5,none,True,True
92702,1.0,0.0,0.5,none,True,True
92703,1.0,0.0,0.5,none,True,True
92704,1.0,0.0,0.5,none,True,True
92705,1.0,0.0,0.5,none,True,True
92706,1.0,0.0,0.5,none,True,True
92707,1.0,0.0,0.5,none,True,True
92708,1.0,0.0,0.5,none,True,True
92709,1.0,0.0,0.5,none,True,True
92710,1.0,0.0,0.5,none,True,True
92711,1.0,0.0,0.5,none,True,True
92712,1.0,0.0,0.5,none,True,True
92713,1.0,0.0,0.5,none,True,True
92714,1.0,0.0,0.5,none,True,True
92715,1.0,0.0,0.5,none,True,True
92716,1.0,0.0,0.5,none,True,True
92717,1.0,0.0,0.5,none,True,True
92718,1.0,0.0,0.5,none,True,True
92719,1.0,0.0,0.5,none,True,True
92720,1.0,0.0,0.5,none,True,True
92721,1.0,0.0,0.5,none,True,True
92722,1.0,0.0,0.5,none,True,True
92723,1.0,0.0,0.5,none,True,True
92724,1.0,0.0,0.5,none,True,True
92725,1.0,0.0,0.5,none,True,True
92726,1.0,0.0,0.5,none,True,True
92727,1.0,0.0,0.5,none,True,True
92728,1.0,0.0,0.5,none,True,True
92729,1.0,0.0,0.5,none,True,True
92730,1.0,0.0,0.5,none,True,True
92731,1.0,0.0,0.5,none,True,True
92732,1.0,0.0,0.5,none,True,True
92733,1.0,0.0,0.5,none,True,True
92734,1.0,0.0,0.5,none,True,True
92735,1.0,0.0,0.5,none,True,True
92736,1.0,0.0,0.5,none,True,True
92737,1.0,0.0,0.5,none,True,True
92738,1.0,0.0,0.5,none,True,True
92739,1.0,0.0,0.5,none,True,True
92740,1.0,0.0,0.5,none,True,True
92741,1.0,0.0,0.5,none,True,True
92742,1.0,0.0,0.5,none,True,True
92743,1.0,0.0,0.5,none,True,True
92744,1.0,0.0,0.5,none,True,True
92745,1.0,0.0,0.5,none,True,True
92746,1.0,0.0,0.5,none,True,True
92747,1.0,0.0,0.5,none,True,True
92748,1.0,0.0,0.5,none,True,True
92749,1.0,0.0,0.5,none,True,True
92750,1.0,0.0,0.5,none,True,True
92751,1.0,0.0,0.5,none,True,True
92752,1.0,0.0,0.5,none,True,True
92753,1.0,0.0,0.5,none,True,True
92754,1.0,0.0,0.5,none,True,True
92755,1.0,0.0,0.5,none,True,True
92756,1.0,0.0,0.5,none,True,True
92757,1.0,0.0,0.5,none,True,True
92758,1.0,0.0,0.5,none,True,True
92759,1.0,0.0,0.5,none,True,True
92760,1.0,0.0,0.5,none,True,True
92761,1.0,0.0,0.5,none,True,True
92762,1.0,0.0,0.5,none,True,True
92763,1.0,0.0,0.5,none,True,True
92764,1.0,0.0,0.5,none,True,True
92765,1.0,0.0,0.5,none,True,True
92766,1.0,0.0,0.5,none,True,True
92767,1.0,0.0,0.5,none,True,True
92768,1.0,0.0,0.5,none,True,True
92769,1.0,0.0,0.5,none,True,True
92770,1.0,0.0,0.5,none,True,True
92771,1.0,0.0,0.5,none,True,True
92772,1.0,0.0,0.5,none,True,True
92773,1.0,0.0,0.5,none,True,True
92774,1.0,0.0,0.5,none,True,True
92775,1.0,0.0,0.5,none,True,True
92776,1.0,0.0,0.5,none,True,True
92777,1.0,0.0,0.5,none,True,True
92778,1.0,0.0,0.5,none,True,True
92779,1.0,0.0,0.5,none,True,True
92780,1.0,0.0,0.5,none,True,True
92781,1.0,0.0,0.5,none,True,True
92782,1.0,0.0,0.5,none,True,True
92783,1.0,0.0,0.5,none,True,True
92784,1.0,0.0,0.5,none,True,True
92785,1.0,0.0,0.5,none,True,True
92786,1.0,0.0,0.5,none,True,True
92787,1.0,0.0,0.5,none,True,True
92788,1.0,0.0,0.5,none,True,True
92789,1.0,0.0,0.5,none,True,True
92790,1.0,0.0,0.5,none,True,True
92791,1.0,0.0,0.5,none,True,True
92792,1.0,0.0,0.5,none,True,True
92793,1.0,0.0,0.5,none,True,True
92794,1.0,0.0,0.5,none,True,True
92795,1.0,0.0,0.5,none,True,True
92796,1.0,0.0,0.5,none,True,True
92797,1.0,0.0,0.5,none,True,True
92798,1.0,0.0,0.5,none,True,True
92799,1.0,0.0,0.5,none,True,True
92800,1.0,0.0,0.5,none,True,True
92801,1.0,0.0,0.5,none,True,True
92802,1.0,0.0,0.5,none,True,True
92803,1.0,0.0,0.5,none,True,True
92804,1.0,0.0,0.5,none,True,True
92805,1.0,0.0,0.5,none,True,True
92806,1.0,0.0,0.5,none,True,True
92807,1.0,0.0,0.5,none,True,True
92808,1.0,0.0,0.5,none,True,True
92809,1.0,0.0,0.5,none,True,True
92810,1.0,0.0,0.5,none,True,True
92811,1.0,0.0,0.5,none,True,True
92812,1.0,0.0,0.5,none,True,True
92813,1.0,0.0,0.5,none,True,True
92814,1.0,0.0,0.5,none,True,True
92815,1.0,0.0,0.5,none,True,True
92816,1.0,0.0,0.5,none,True,True
92817,1.0,0.0,0.5,none,True,True
92818,1.0,0.0,0.5,none,True,True
92819,1.0,0.0,0.5,none,True,True
92820,1.0,0.0,0.5,none,True,True
92821,1.0,0.0,0.5,none,True,True
92822,1.0,0.0,0.5,none,True,True
92823,1.0,0.0,0.5,none,True,True
92824,1.0,0.0,0.5,none,True,True
92825,1.0,0.0,0.5,none,True,True
92826,1.0,0.0,0.5,none,True,True
92827,1.0,0.0,0.5,none,True,True
92828,1.0,0.0,0.5,none,True,True
92829,1.0,0.0,0.5,none,True,True
92830,1.0,0.0,0.5,none,True,True
92831,1.0,0.0,0.5,none,True,True
92832,1.0,0.0,0.5,none,True,True
92833,1.0,0.0,0.5,none,True,True
92834,1.0,0.0,0.5,none,True,True
92835,1.0,0.0,0.5,none,True,True
92836,1.0,0.0,0.5,none,True,True
92837,1.0,0.0,0.5,none,True,True
92838,1.0,0.0,0.5,none,True,True
92839,1.0,0.0,0.5,none,True,True
92840,1.0,0.0,0.5,none,True,True
92841,1.0,0.0,0.5,none,True,True
92842,1.0,0.0,0.5,none,True,True
92843,1.0,0.0,0.5,none,True,True
92844,1.0,0.0,0.5,none,True,True
92845,1.0,0.0,0.5,none,True,True
92846,1.0,0.0,0.5,none,True,True
92847,1.0,0.0,0.5,none,True,True
92848,1.0,0.0,0.5,none,True,True
92849,1.0,0.0,0.5,none,True,True
92850,1.0,0.0,0.5,none,True,True
92851,1.0,0.0,0.5,none,True,True
92852,1.0,0.0,0.5,none,True,True
92853,1.0,0.0,0.5,none,True,True
92854,1.0,0.0,0.5,none,True,True
92855,1.0,0.0,0.5,none,True,True
92856,1.0,0.0,0.5,none,True,True
92857,1.0,0.0,0.5,none,True,True
92858,1.0,0.0,0.5,none,True,True
92859,1.0,0.0,0.5,none,True,True
92860,1.0,0.0,0.5,none,True,True
92861,1.0,0.0,0.5,none,True,True
92862,1.0,0.0,0.5,none,True,True
92863,1.0,0.0,0.5,none,True,True
92864,1.0,0.0,0.5,none,True,True
92865,1.0,0.0,0.5,none,True,True
92866,1.0,0.0,0.5,none,True,True
92867,1.0,0.0,0.5,none,True,True
92868,1.0,0.0,0.5,none,True,True
92869,1.0,0.0,0.5,none,True,True
92870,1.0,0.0,0.5,none,True,True
92871,1.0,0.0,0.5,none,True,True
92872,1.0,0.0,0.5,none,True,True
92873,1.0,0.0,0.5,none,True,True
92874,1.0,0.0,0.5,none,True,True
92875,1.0,0.0,0.5,none,True,True
92876,1.0,0.0,0.5,none,True,True
92877,1.0,0.0,0.5,none,True,True
92878,1.0,0.0,0.5,none,True,True
92879,1.0,0.0,0.5,none,True,True
92880,1.0,0.0,0.5,none,True,True
92881,1.0,0.0,0.5,none,True,True
92882,1.0,0.0,0.5,none,True,True
92883,1.0,0.0,0.5,none,True,True
92884,1.0,0.0,0.5,none,True,True
92885,1.0,0.0,0.5,none,True,True
92886,1.0,0.0,0.5,none,True,True
92887,1.0,0.0,0.5,none,True,True
92888,1.0,0.0,0.5,none,True,True
92889,1.0,0.0,0.5,none,True,True
92890,1.0,0.0,0.5,none,True,True
92891,1.0,0.0,0.5,none,True,True
92892,1.0,0.0,0.5,none,True,True
92893,1.0,0.0,0.5,none,True,True
92894,1.0,0.0,0.5,none,True,True
92895,1.0,0.0,0.5,none,True,True
92896,1.0,0.0,0.5,none,True,True
92897,1.0,0.0,0.5,none,True,True
92898,1.0,0.0,0.5,none,True,True
92899,1.0,0.0,0.5,none,True,True
92900,1.0,0.0,0.5,none,True,True
92901,1.0,0.0,0.5,none,True,True
92902,1.0,0.0,0.5,none,True,True
92903,1.0,0.0,0.5,none,True,True
92904,1.0,0.0,0.5,none,True,True
92905,1.0,0.0,0.5,none,True,True
92906,1.0,0.0,0.5,none,True,True
92907,1.0,0.0,0.5,none,True,True
92908,1.0,0.0,0.5,none,True,True
92909,1.0,0.0,0.5,none,True,True
92910,1.0,0.0,0.5,none,True,True
92911,1.0,0.0,0.5,none,True,True
92912,1.0,0.0,0.5,none,True,True
92913,1.0,0.0,0.5,none,True,True
92914,1.0,0.0,0.5,none,True,True
92915,1.0,0.0,0.5,none,True,True
92916,1.0,0.0,0.5,none,True,True
92917,1.0,0.0,0.5,none,True,True
92918,1.0,0.0,0.5,none,True,True
92919,1.0,0.0,0.5,none,True,True
92920,1.0,0.0,0.5,none,True,True
92921,1.0,0.0,0.5,none,True,True
92922,1.0,0.0,0.5,none,True,True
92923,1.0,0.0,0.5,none,True,True
92924,1.0,0.0,0.5,none,True,True
92925,1.0,0.0,0.5,none,True,True
92926,1.0,0.0,0.5,none,True,True
92927,1.0,0.0,0.5,none,True,True
92928,1.0,0.0,0.5,none,True,True
92929,1.0,0.0,0.5,none,True,True
92930,1.0,0.0,0.5,none,True,True
92931,1.0,0.0,0.5,none,True,True
92932,1.0,0.0,0.5,none,True,True
92933,1.0,0.0,0.5,none,True,True
92934,1.0,0.0,0.5,none,True,True
92935,1.0,0.0,0.5,none,True,True
92936,1.0,0.0,0.5,none,True,True
92937,1.0,0.0,0.5,none,True,True
92938,1.0,0.0,0.5,none,True,True
92939,1.0,0.0,0.5,none,True,True
92940,1.0,0.0,0.5,none,True,True
92941,1.0,0.0,0.5,none,True,True
92942,1.0,0.0,0.5,none,True,True
92943,1.0,0.0,0.5,none,True,True
92944,1.0,0.0,0.5,none,True,True
92945,1.0,0.0,0.5,none,True,True
92946,1.0,0.0,0.5,none,True,True
92947,1.0,0.0,0.5,none,True,True
92948,1.0,0.0,0.5,none,True,True
92949,1.0,0.0,0.5,none,True,True
92950,1.0,0.0,0.5,none,True,True
92951,1.0,0.0,0.5,none,True,True
92952,1.0,0.0,0.5,none,True,True
92953,1.0,0.0,0.5,none,True,True
92954,1.0,0.0,0.5,none,True,True
92955,1.0,0.0,0.5,none,True,True
92956,1.0,0.0,0.5,none,True,True
92957,1.0,0.0,0.5,none,True,True
92958,1.0,0.0,0.5,none,True,True
92959,1.0,0.0,0.5,none,True,True
92960,1.0,0.0,0.5,none,True,True
92961,1.0,0.0,0.5,none,True,True
92962,1.0,0.0,0.5,none,True,True
92963,1.0,0.0,0.5,none,True,True
92964,1.0,0.0,0.5,none,True,True
92965,1.0,0.0,0.5,none,True,True
92966,1.0,0.0,0.5,none,True,True
92967,1.0,0.0,0.5,none,True,True
92968,1.0,0.0,0.5,none,True,True
92969,1.0,0.0,0.5,none,True,True
92970,1.0,0.0,0.5,none,True,True
92971,1.0,0.0,0.5,none,True,True
92972,1.0,0.0,0.5,none,True,True
92973,1.0,0.0,0.5,none,True,True
92974,1.0,0.0,0.5,none,True,True
92975,1.0,0.0,0.5,none,True,True
92976,1.0,0.0,0.5,none,True,True
92977,1.0,0.0,0.5,none,True,True
92978,1.0,0.0,0.5,none,True,True
92979,1.0,0.0,0.5,none,True,True
92980,1.0,0.0,0.5,none,True,True
92981,1.0,0.0,0.5,none,True,True
92982,1.0,0.0,0.5,none,True,True
92983,1.0,0.0,0.5,none,True,True
92984,1.0,0.0,0.5,none,True,True
92985,1.0,0.0,0.5,none,True,True
92986,1.0,0.0,0.5,none,True,True
92987,1.0,0.0,0.5,none,True,True
92988,1.0,0.0,0.5,none,True,True
92989,1.0,0.0,0.5,none,True,True
92990,1.0,0.0,0.5,none,True,True
92991,1.0,0.0,0.5,none,True,True
92992,1.0,0.0,0.5,none,True,True
92993,1.0,0.0,0.5,none,True,True
92994,1.0,0.0,0.5,none,True,True
92995,1.0,0.0,0.5,none,True,True
92996,1.0,0.0,0.5,none,True,True
92997,1.0,0.0,0.5,none,True,True
92998,1.0,0.0,0.5,none,True,True
92999,1.0,0.0,0.5,none,True,True
93000,1.0,0.0,0.5,none,True,True
93001,1.0,0.0,0.5,none,True,True
93002,1.0,0.0,0.5,none,True,True
93003,1.0,0.0,0.5,none,True,True
93004,1.0,0.0,0.5,none,True,True
93005,1.0,0.0,0.5,none,True,True
93006,1.0,0.0,0.5,none,True,True
93007,1.0,0.0,0.5,none,True,True
93008,1.0,0.0,0.5,none,True,True
93009,1.0,0.0,0.5,none,True,True
93010,1.0,0.0,0.5,none,True,True
93011,1.0,0.0,0.5,none,True,True
93012,1.0,0.0,0.5,none,True,True
93013,1.0,0.0,0.5,none,True,True
93014,1.0,0.0,0.5,none,True,True
93015,1.0,0.0,0.5,none,True,True
93016,1.0,0.0,0.5,none,True,True
93017,1.0,0.0,0.5,none,True,True
93018,1.0,0.0,0.5,none,True,True
93019,1.0,0.0,0.5,none,True,True
93020,1.0,0.0,0.5,none,True,True
93021,1.0,0.0,0.5,none,True,True
93022,1.0,0.0,0.5,none,True,True
93023,1.0,0.0,0.5,none,True,True
93024,1.0,0.0,0.5,none,True,True
93025,1.0,0.0,0.5,none,True,True
93026,1.0,0.0,0.5,none,True,True
93027,1.0,0.0,0.5,none,True,True
93028,1.0,0.0,0.5,none,True,True
93029,1.0,0.0,0.5,none,True,True
93030,1.0,0.0,0.5,none,True,True
93031,1.0,0.0,0.5,none,True,True
93032,1.0,0.0,0.5,none,True,True
93033,1.0,0.0,0.5,none,True,True
93034,1.0,0.0,0.5,none,True,True
93035,1.0,0.0,0.5,none,True,True
93036,1.0,0.0,0.5,none,True,True
93037,1.0,0.0,0.5,none,True,True
93038,1.0,0.0,0.5,none,True,True
93039,1.0,0.0,0.5,none,True,True
93040,1.0,0.0,0.5,none,True,True
93041,1.0,0.0,0.5,none,True,True
93042,1.0,0.0,0.5,none,True,True
93043,1.0,0.0,0.5,none,True,True
93044,1.0,0.0,0.5,none,True,True
93045,1.0,0.0,0.5,none,True,True
93046,1.0,0.0,0.5,none,True,True
93047,1.0,0.0,0.5,none,True,True
93048,1.0,0.0,0.5,none,True,True
93049,1.0,0.0,0.5,none,True,True
93050,1.0,0.0,0.5,none,True,True
93051,1.0,0.0,0.5,none,True,True
93052,1.0,0.0,0.5,none,True,True
93053,1.0,0.0,0.5,none,True,True
93054,1.0,0.0,0.5,none,True,True
93055,1.0,0.0,0.5,none,True,True
93056,1.0,0.0,0.5,none,True,True
93057,1.0,0.0,0.5,none,True,True
93058,1.0,0.0,0.5,none,True,True
93059,1.0,0.0,0.5,none,True,True
93060,1.0,0.0,0.5,none,True,True
93061,1.0,0.0,0.5,none,True,True
93062,1.0,0.0,0.5,none,True,True
93063,1.0,0.0,0.5,none,True,True
93064,1.0,0.0,0.5,none,True,True
93065,1.0,0.0,0.5,none,True,True
93066,1.0,0.0,0.5,none,True,True
93067,1.0,0.0,0.5,none,True,True
93068,1.0,0.0,0.5,none,True,True
93069,1.0,0.0,0.5,none,True,True
93070,1.0,0.0,0.5,none,True,True
93071,1.0,0.0,0.5,none,True,True
93072,1.0,0.0,0.5,none,True,True
93073,1.0,0.0,0.5,none,True,True
93074,1.0,0.0,0.5,none,True,True
93075,1.0,0.0,0.5,none,True,True
93076,1.0,0.0,0.5,none,True,True
93077,1.0,0.0,0.5,none,True,True
93078,1.0,0.0,0.5,none,True,True
93079,1.0,0.0,0.5,none,True,True
93080,1.0,0.0,0.5,none,True,True
93081,1.0,0.0,0.5,none,True,True
93082,1.0,0.0,0.5,none,True,True
93083,1.0,0.0,0.5,none,True,True
93084,1.0,0.0,0.5,none,True,True
93085,1.0,0.0,0.5,none,True,True
93086,1.0,0.0,0.5,none,True,True
93087,1.0,0.0,0.5,none,True,True
93088,1.0,0.0,0.5,none,True,True
93089,1.0,0.0,0.5,none,True,True
93090,1.0,0.0,0.5,none,True,True
93091,1.0,0.0,0.5,none,True,True
93092,1.0,0.0,0.5,none,True,True
93093,1.0,0.0,0.5,none,True,True
93094,1.0,0.0,0.5,none,True,True
93095,1.0,0.0,0.5,none,True,True
93096,1.0,0.0,0.5,none,True,True
93097,1.0,0.0,0.5,none,True,True
93098,1.0,0.0,0.5,none,True,True
93099,1.0,0.0,0.5,none,True,True
93100,1.0,0.0061,0.5,none,True,True
93101,1.0,0.0357,0.5,none,True,True
93102,1.0,0.0812,0.5,none,True,True
93103,1.0,0.1113,0.5,none,True,True
93104,1.0,0.1253,0.5,none,True,True
93105,1.0,0.1408,0.5,none,True,True
93106,1.0,0.0907,0.5,none,True,True
93107,1.0,0.1198,0.5,none,True,True
93108,1.0,0.0467,0.5,none,True,True
93109,1.0,0.0522,0.5,none,True,True
93110,1.0,0.0405,0.5,none,True,True
93111,1.0,0.0313,0.5,none,True,True
93112,1.0,0.0083,0.5,none,True,True
93113,1.0,0.0726,0.5,none,True,True
93114,1.0,0.0793,0.5,none,True,True
93115,1.0,0.0581,0.5,none,True,True
93116,1.0,0.0955,0.5,none,True,True
93117,1.0,0.0839,0.5,none,True,True
93118,1.0,0.0648,0.5,none,True,True
93119,1.0,0.0718,0.5,none,True,True
93120,1.0,0.0589,0.5,none,True,True
93121,1.0,0.0403,0.5,none,True,True
93122,1.0,0.0327,0.5,none,True,True
93123,1.0,0.0277,0.5,none,True,True
93124,1.0,0.017,0.5,none,True,True
93125,1.0,0.0102,0.5,none,True,True
93126,1.0,0.0099,0.5,none,True,True
93127,1.0,0.008,0.5,none,True,True
93128,1.0,0.005,0.5,none,True,True
93129,1.0,0.0063,0.5,none,True,True
93130,1.0,0.009,0.5,none,True,True
93131,1.0,0.0096,0.5,none,True,True
93132,1.0,0.0108,0.5,none,True,True
93133,1.0,0.014,0.5,none,True,True
93134,1.0,0.0161,0.5,none,True,True
93135,1.0,0.0167,0.5,none,True,True
93136,1.0,0.0182,0.5,none,True,True
93137,1.0,0.0196,0.5,none,True,True
93138,1.0,0.0197,0.5,none,True,True
93139,1.0,0.0193,0.5,none,True,True
93140,1.0,0.0193,0.5,none,True,True
93141,1.0,0.0187,0.5,none,True,True
93142,1.0,0.0174,0.5,none,True,True
93143,1.0,0.0163,0.5,none,True,True
93144,1.0,0.0152,0.5,none,True,True
93145,1.0,0.0138,0.5,none,True,True
93146,1.0,0.0123,0.5,none,True,True
93147,1.0,0.0111,0.5,none,True,True
93148,1.0,0.01,0.5,none,True,True
93149,1.0,0.0088,0.5,none,True,True
93150,1.0,0.0078,0.5,none,True,True
93151,1.0,0.0071,0.5,none,True,True
93152,1.0,0.0064,0.5,none,True,True
93153,1.0,0.0057,0.5,none,True,True
93154,1.0,0.0053,0.5,none,True,True
93155,1.0,0.005,0.5,none,True,True
93156,1.0,0.0047,0.5,none,True,True
93157,1.0,0.0045,0.5,none,True,True
93158,1.0,0.0044,0.5,none,True,True
93159,1.0,0.0043,0.5,none,True,True
93160,1.0,0.0042,0.5,none,True,True
93161,1.0,0.0041,0.5,none,True,True
93162,1.0,0.004,0.5,none,True,True
93163,1.0,0.0039,0.5,none,True,True
93164,1.0,0.0038,0.5,none,True,True
93165,1.0,0.0037,0.5,none,True,True
93166,1.0,0.0035,0.5,none,True,True
93167,1.0,0.0033,0.5,none,True,True
93168,1.0,0.0032,0.5,none,True,True
93169,1.0,0.003,0.5,none,True,True
93170,1.0,0.0028,0.5,none,True,True
93171,1.0,0.0026,0.5,none,True,True
93172,1.0,0.0024,0.5,none,True,True
93173,1.0,0.0023,0.5,none,True,True
93174,1.0,0.0021,0.5,none,True,True
93175,1.0,0.0019,0.5,none,True,True
93176,1.0,0.0018,0.5,none,True,True
93177,1.0,0.0017,0.5,none,True,True
93178,1.0,0.0015,0.5,none,True,True
93179,1.0,0.0014,0.5,none,True,True
93180,1.0,0.0013,0.5,none,True,True
93181,1.0,0.0013,0.5,none,True,True
93182,1.0,0.0012,0.5,none,True,True
93183,1.0,0.0011,0.5,none,True,True
93184,1.0,0.0011,0.5,none,True,True
93185,1.0,0.001,0.5,none,True,True
93186,1.0,0.001,0.5,none,True,True
93187,1.0,0.0009,0.5,none,True,True
93188,1.0,0.0009,0.5,none,True,True
93189,1.0,0.0008,0.5,none,True,True
93190,1.0,0.0008,0.5,none,True,True
93191,1.0,0.0008,0.5,none,True,True
93192,1.0,0.0007,0.5,none,True,True
93193,1.0,0.0007,0.5,none,True,True
93194,1.0,0.0006,0.5,none,True,True
93195,1.0,0.0006,0.5,none,True,True
93196,1.0,0.0006,0.5,none,True,True
93197,1.0,0.0005,0.5,none,True,True
93198,1.0,0.0005,0.5,none,True,True
93199,1.0,0.0005,0.5,none,True,True
93200,1.0,0.0004,0.5,none,True,True
93201,1.0,0.0004,0.5,none,True,True
93202,1.0,0.0004,0.5,none,True,True
93203,1.0,0.0004,0.5,none,True,True
93204,1.0,0.0003,0.5,none,True,True
93205,1.0,0.0003,0.5,none,True,True
93206,1.0,0.0003,0.5,none,True,True
93207,1.0,0.0003,0.5,none,True,True
93208,1.0,0.0003,0.5,none,True,True
93209,1.0,0.0003,0.5,none,True,True
93210,1.0,0.0002,0.5,none,True,True
93211,1.0,0.0002,0.5,none,True,True
93212,1.0,0.0002,0.5,none,True,True
93213,1.0,0.0002,0.5,none,True,True
93214,1.0,0.0002,0.5,none,True,True
93215,1.0,0.0002,0.5,none,True,True
93216,1.0,0.0002,0.5,none,True,True
93217,1.0,0.0002,0.5,none,True,True
93218,1.0,0.0002,0.5,none,True,True
93219,1.0,0.0001,0.5,none,True,True
93220,1.0,0.0001,0.5,none,True,True
93221,1.0,0.0001,0.5,none,True,True
93222,1.0,0.0001,0.5,none,True,True
93223,1.0,0.0001,0.5,none,True,True
93224,1.0,0.0001,0.5,none,True,True
93225,1.0,0.0001,0.5,none,True,True
93226,1.0,0.0001,0.5,none,True,True
93227,1.0,0.0001,0.5,none,True,True
93228,1.0,0.0001,0.5,none,True,True
93229,1.0,0.0001,0.5,none,True,True
93230,1.0,0.0001,0.5,none,True,True
93231,1.0,0.0001,0.5,none,True,True
93232,1.0,0.0001,0.5,none,True,True
93233,1.0,0.0001,0.5,none,True,True
93234,1.0,0.0001,0.5,none,True,True
93235,1.0,0.0001,0.5,none,True,True
93236,1.0,0.0001,0.5,none,True,True
93237,1.0,0.0,0.5,none,True,True
93238,1.0,0.0,0.5,none,True,True
93239,1.0,0.0,0.5,none,True,True
93240,1.0,0.0,0.5,none,True,True
93241,1.0,0.0,0.5,none,True,True
93242,1.0,0.0,0.5,none,True,True
93243,1.0,0.0,0.5,none,True,True
93244,1.0,0.0,0.5,none,True,True
93245,1.0,0.0,0.5,none,True,True
93246,1.0,0.0,0.5,none,True,True
93247,1.0,0.0,0.5,none,True,True
93248,1.0,0.0,0.5,none,True,True
93249,1.0,0.0,0.5,none,True,True
93250,1.0,0.0,0.5,none,True,True
93251,1.0,0.0,0.5,none,True,True
93252,1.0,0.0,0.5,none,True,True
93253,1.0,0.0,0.5,none,True,True
93254,1.0,0.0,0.5,none,True,True
93255,1.0,0.0,0.5,none,True,True
93256,1.0,0.0,0.5,none,True,True
93257,1.0,0.0,0.5,none,True,True
93258,1.0,0.0,0.5,none,True,True
93259,1.0,0.0,0.5,none,True,True
93260,1.0,0.0,0.5,none,True,True
93261,1.0,0.0,0.5,none,True,True
93262,1.0,0.0,0.5,none,True,True
93263,1.0,0.0,0.5,none,True,True
93264,1.0,0.0,0.5,none,True,True
93265,1.0,0.0,0.5,none,True,True
93266,1.0,0.0,0.5,none,True,True
93267,1.0,0.0,0.5,none,True,True
93268,1.0,0.0,0.5,none,True,True
93269,1.0,0.0,0.5,none,True,True
93270,1.0,0.0,0.5,none,True,True
93271,1.0,0.0,0.5,none,True,True
93272,1.0,0.0,0.5,none,True,True
93273,1.0,0.0,0.5,none,True,True
93274,1.0,0.0,0.5,none,True,True
93275,1.0,0.0,0.5,none,True,True
93276,1.0,0.0,0.5,none,True,True
93277,1.0,0.0,0.5,none,True,True
93278,1.0,0.0,0.5,none,True,True
93279,1.0,0.0,0.5,none,True,True
93280,1.0,0.0,0.5,none,True,True
93281,1.0,0.0,0.5,none,True,True
93282,1.0,0.0,0.5,none,True,True
93283,1.0,0.0,0.5,none,True,True
93284,1.0,0.0,0.5,none,True,True
93285,1.0,0.0,0.5,none,True,True
93286,1.0,0.0,0.5,none,True,True
93287,1.0,0.0,0.5,none,True,True
93288,1.0,0.0,0.5,none,True,True
93289,1.0,0.0,0.5,none,True,True
93290,1.0,0.0,0.5,none,True,True
93291,1.0,0.0,0.5,none,True,True
93292,1.0,0.0,0.5,none,True,True
93293,1.0,0.0,0.5,none,True,True
93294,1.0,0.0,0.5,none,True,True
93295,1.0,0.0,0.5,none,True,True
93296,1.0,0.0,0.5,none,True,True
93297,1.0,0.0,0.5,none,True,True
93298,1.0,0.0,0.5,none,True,True
93299,1.0,0.0,0.5,none,True,True
93300,1.0,0.0,0.5,none,True,True
93301,1.0,0.0,0.5,none,True,True
93302,1.0,0.0,0.5,none,True,True
93303,1.0,0.0,0.5,none,True,True
93304,1.0,0.0,0.5,none,True,True
93305,1.0,0.0,0.5,none,True,True
93306,1.0,0.0,0.5,none,True,True
93307,1.0,0.0,0.5,none,True,True
93308,1.0,0.0,0.5,none,True,True
93309,1.0,0.0,0.5,none,True,True
93310,1.0,0.0,0.5,none,True,True
93311,1.0,0.0,0.5,none,True,True
93312,1.0,0.0,0.5,none,True,True
93313,1.0,0.0,0.5,none,True,True
93314,1.0,0.0,0.5,none,True,True
93315,1.0,0.0,0.5,none,True,True
93316,1.0,0.0,0.5,none,True,True
93317,1.0,0.0,0.5,none,True,True
93318,1.0,0.0,0.5,none,True,True
93319,1.0,0.0,0.5,none,True,True
93320,1.0,0.0,0.5,none,True,True
93321,1.0,0.0,0.5,none,True,True
93322,1.0,0.0,0.5,none,True,True
93323,1.0,0.0,0.5,none,True,True
93324,1.0,0.0,0.5,none,True,True
93325,1.0,0.0,0.5,none,True,True
93326,1.0,0.0,0.5,none,True,True
93327,1.0,0.0,0.5,none,True,True
93328,1.0,0.0,0.5,none,True,True
93329,1.0,0.0,0.5,none,True,True
93330,1.0,0.0,0.5,none,True,True
93331,1.0,0.0,0.5,none,True,True
93332,1.0,0.0,0.5,none,True,True
93333,1.0,0.0,0.5,none,True,True
93334,1.0,0.0,0.5,none,True,True
93335,1.0,0.0,0.5,none,True,True
93336,1.0,0.0,0.5,none,True,True
93337,1.0,0.0,0.5,none,True,True
93338,1.0,0.0,0.5,none,True,True
93339,1.0,0.0,0.5,none,True,True
93340,1.0,0.0,0.5,none,True,True
93341,1.0,0.0,0.5,none,True,True
93342,1.0,0.0,0.5,none,True,True
93343,1.0,0.0,0.5,none,True,True
93344,1.0,0.0,0.5,none,True,True
93345,1.0,0.0,0.5,none,True,True
93346,1.0,0.0,0.5,none,True,True
93347,1.0,0.0,0.5,none,True,True
93348,1.0,0.0,0.5,none,True,True
93349,1.0,0.0,0.5,none,True,True
93350,1.0,0.0,0.5,none,True,True
93351,1.0,0.0,0.5,none,True,True
93352,1.0,0.0,0.5,none,True,True
93353,1.0,0.0,0.5,none,True,True
93354,1.0,0.0,0.5,none,True,True
93355,1.0,0.0,0.5,none,True,True
93356,1.0,0.0,0.5,none,True,True
93357,1.0,0.0,0.5,none,True,True
93358,1.0,0.0,0.5,none,True,True
93359,1.0,0.0,0.5,none,True,True
93360,1.0,0.0,0.5,none,True,True
93361,1.0,0.0,0.5,none,True,True
93362,1.0,0.0,0.5,none,True,True
93363,1.0,0.0,0.5,none,True,True
93364,1.0,0.0,0.5,none,True,True
93365,1.0,0.0,0.5,none,True,True
93366,1.0,0.0,0.5,none,True,True
93367,1.0,0.0,0.5,none,True,True
93368,1.0,0.0,0.5,none,True,True
93369,1.0,0.0,0.5,none,True,True
93370,1.0,0.0,0.5,none,True,True
93371,1.0,0.0,0.5,none,True,True
93372,1.0,0.0,0.5,none,True,True
93373,1.0,0.0,0.5,none,True,True
93374,1.0,0.0,0.5,none,True,True
93375,1.0,0.0,0.5,none,True,True
93376,1.0,0.0,0.5,none,True,True
93377,1.0,0.0,0.5,none,True,True
93378,1.0,0.0,0.5,none,True,True
93379,1.0,0.0,0.5,none,True,True
93380,1.0,0.0,0.5,none,True,True
93381,1.0,0.0,0.5,none,True,True
93382,1.0,0.0,0.5,none,True,True
93383,1.0,0.0,0.5,none,True,True
93384,1.0,0.0,0.5,none,True,True
93385,1.0,0.0,0.5,none,True,True
93386,1.0,0.0,0.5,none,True,True
93387,1.0,0.0,0.5,none,True,True
93388,1.0,0.0,0.5,none,True,True
93389,1.0,0.0,0.5,none,True,True
93390,1.0,0.0,0.5,none,True,True
93391,1.0,0.0,0.5,none,True,True
93392,1.0,0.0,0.5,none,True,True
93393,1.0,0.0,0.5,none,True,True
93394,1.0,0.0,0.5,none,True,True
93395,1.0,0.0,0.5,none,True,True
93396,1.0,0.0,0.5,none,True,True
93397,1.0,0.0,0.5,none,True,True
93398,1.0,0.0,0.5,none,True,True
93399,1.0,0.0,0.5,none,True,True
93400,1.0,0.0,0.5,none,True,True
93401,1.0,0.0,0.5,none,True,True
93402,1.0,0.0,0.5,none,True,True
93403,1.0,0.0,0.5,none,True,True
93404,1.0,0.0,0.5,none,True,True
93405,1.0,0.0,0.5,none,True,True
93406,1.0,0.0,0.5,none,True,True
93407,1.0,0.0,0.5,none,True,True
93408,1.0,0.0,0.5,none,True,True
93409,1.0,0.0,0.5,none,True,True
93410,1.0,0.0,0.5,none,True,True
93411,1.0,0.0,0.5,none,True,True
93412,1.0,0.0,0.5,none,True,True
93413,1.0,0.0,0.5,none,True,True
93414,1.0,0.0,0.5,none,True,True
93415,1.0,0.0,0.5,none,True,True
93416,1.0,0.0,0.5,none,True,True
93417,1.0,0.0,0.5,none,True,True
93418,1.0,0.0,0.5,none,True,True
93419,1.0,0.0,0.5,none,True,True
93420,1.0,0.0,0.5,none,True,True
93421,1.0,0.0,0.5,none,True,True
93422,1.0,0.0,0.5,none,True,True
93423,1.0,0.0,0.5,none,True,True
93424,1.0,0.0,0.5,none,True,True
93425,1.0,0.0,0.5,none,True,True
93426,1.0,0.0,0.5,none,True,True
93427,1.0,0.0,0.5,none,True,True
93428,1.0,0.0,0.5,none,True,True
93429,1.0,0.0,0.5,none,True,True
93430,1.0,0.0,0.5,none,True,True
93431,1.0,0.0,0.5,none,True,True
93432,1.0,0.0,0.5,none,True,True
93433,1.0,0.0,0.5,none,True,True
93434,1.0,0.0,0.5,none,True,True
93435,1.0,0.0,0.5,none,True,True
93436,1.0,0.0,0.5,none,True,True
93437,1.0,0.0,0.5,none,True,True
93438,1.0,0.0,0.5,none,True,True
93439,1.0,0.0,0.5,none,True,True
93440,1.0,0.0,0.5,none,True,True
93441,1.0,0.0,0.5,none,True,True
93442,1.0,0.0,0.5,none,True,True
93443,1.0,0.0,0.5,none,True,True
93444,1.0,0.0,0.5,none,True,True
93445,1.0,0.0,0.5,none,True,True
93446,1.0,0.0,0.5,none,True,True
93447,1.0,0.0,0.5,none,True,True
93448,1.0,0.0,0.5,none,True,True
93449,1.0,0.0,0.5,none,True,True
93450,1.0,0.0,0.5,none,True,True
93451,1.0,0.0,0.5,none,True,True
93452,1.0,0.0,0.5,none,True,True
93453,1.0,0.0,0.5,none,True,True
93454,1.0,0.0,0.5,none,True,True
93455,1.0,0.0,0.5,none,True,True
93456,1.0,0.0,0.5,none,True,True
93457,1.0,0.0,0.5,none,True,True
93458,1.0,0.0,0.5,none,True,True
93459,1.0,0.0,0.5,none,True,True
93460,1.0,0.0,0.5,none,True,True
93461,1.0,0.0,0.5,none,True,True
93462,1.0,0.0,0.5,none,True,True
93463,1.0,0.0,0.5,none,True,True
93464,1.0,0.0,0.5,none,True,True
93465,1.0,0.0,0.5,none,True,True
93466,1.0,0.0,0.5,none,True,True
93467,1.0,0.0,0.5,none,True,True
93468,1.0,0.0,0.5,none,True,True
93469,1.0,0.0,0.5,none,True,True
93470,1.0,0.0,0.5,none,True,True
93471,1.0,0.0,0.5,none,True,True
93472,1.0,0.0,0.5,none,True,True
93473,1.0,0.0,0.5,none,True,True
93474,1.0,0.0,0.5,none,True,True
93475,1.0,0.0,0.5,none,True,True
93476,1.0,0.0,0.5,none,True,True
93477,1.0,0.0,0.5,none,True,True
93478,1.0,0.0,0.5,none,True,True
93479,1.0,0.0,0.5,none,True,True
93480,1.0,0.0,0.5,none,True,True
93481,1.0,0.0,0.5,none,True,True
93482,1.0,0.0,0.5,none,True,True
93483,1.0,0.0,0.5,none,True,True
93484,1.0,0.0,0.5,none,True,True
93485,1.0,0.0,0.5,none,True,True
93486,1.0,0.0,0.5,none,True,True
93487,1.0,0.0,0.5,none,True,True
93488,1.0,0.0,0.5,none,True,True
93489,1.0,0.0,0.5,none,True,True
93490,1.0,0.0,0.5,none,True,True
93491,1.0,0.0,0.5,none,True,True
93492,1.0,0.0,0.5,none,True,True
93493,1.0,0.0,0.5,none,True,True
93494,1.0,0.0,0.5,none,True,True
93495,1.0,0.0,0.5,none,True,True
93496,1.0,0.0,0.5,none,True,True
93497,1.0,0.0,0.5,none,True,True
93498,1.0,0.0,0.5,none,True,True
93499,1.0,0.0,0.5,none,True,True
93500,1.0,0.0,0.5,none,True,True
93501,1.0,0.0,0.5,none,True,True
93502,1.0,0.0,0.5,none,True,True
93503,1.0,0.0,0.5,none,True,True
93504,1.0,0.0,0.5,none,True,True
93505,1.0,0.0,0.5,none,True,True
93506,1.0,0.0,0.5,none,True,True
93507,1.0,0.0,0.5,none,True,True
93508,1.0,0.0,0.5,none,True,True
93509,1.0,0.0,0.5,none,True,True
93510,1.0,0.0,0.5,none,True,True
93511,1.0,0.0,0.5,none,True,True
93512,1.0,0.0,0.5,none,True,True
93513,1.0,0.0,0.5,none,True,True
93514,1.0,0.0,0.5,none,True,True
93515,1.0,0.0,0.5,none,True,True
93516,1.0,0.0,0.5,none,True,True
93517,1.0,0.0,0.5,none,True,True
93518,1.0,0.0,0.5,none,True,True
93519,1.0,0.0,0.5,none,True,True
93520,1.0,0.0,0.5,none,True,True
93521,1.0,0.0,0.5,none,True,True
93522,1.0,0.0,0.5,none,True,True
93523,1.0,0.0,0.5,none,True,True
93524,1.0,0.0,0.5,none,True,True
93525,1.0,0.0,0.5,none,True,True
93526,1.0,0.0,0.5,none,True,True
93527,1.0,0.0,0.5,none,True,True
93528,1.0,0.0,0.5,none,True,True
93529,1.0,0.0,0.5,none,True,True
93530,1.0,0.0,0.5,none,True,True
93531,1.0,0.0,0.5,none,True,True
93532,1.0,0.0,0.5,none,True,True
93533,1.0,0.0,0.5,none,True,True
93534,1.0,0.0,0.5,none,True,True
93535,1.0,0.0,0.5,none,True,True
93536,1.0,0.0,0.5,none,True,True
93537,1.0,0.0,0.5,none,True,True
93538,1.0,0.0,0.5,none,True,True
93539,1.0,0.0,0.5,none,True,True
93540,1.0,0.0,0.5,none,True,True
93541,1.0,0.0,0.5,none,True,True
93542,1.0,0.0,0.5,none,True,True
93543,1.0,0.0,0.5,none,True,True
93544,1.0,0.0,0.5,none,True,True
93545,1.0,0.0,0.5,none,True,True
93546,1.0,0.0,0.5,none,True,True
93547,1.0,0.0,0.5,none,True,True
93548,1.0,0.0,0.5,none,True,True
93549,1.0,0.0,0.5,none,True,True
93550,1.0,0.0,0.5,none,True,True
93551,1.0,0.0,0.5,none,True,True
93552,1.0,0.0,0.5,none,True,True
93553,1.0,0.0,0.5,none,True,True
93554,1.0,0.0,0.5,none,True,True
93555,1.0,0.0,0.5,none,True,True
93556,1.0,0.0,0.5,none,True,True
93557,1.0,0.0,0.5,none,True,True
93558,1.0,0.0,0.5,none,True,True
93559,1.0,0.0,0.5,none,True,True
93560,1.0,0.0,0.5,none,True,True
93561,1.0,0.0,0.5,none,True,True
93562,1.0,0.0,0.5,none,True,True
93563,1.0,0.0,0.5,none,True,True
93564,1.0,0.0,0.5,none,True,True
93565,1.0,0.0,0.5,none,True,True
93566,1.0,0.0,0.5,none,True,True
93567,1.0,0.0,0.5,none,True,True
93568,1.0,0.0,0.5,none,True,True
93569,1.0,0.0,0.5,none,True,True
93570,1.0,0.0,0.5,none,True,True
93571,1.0,0.0,0.5,none,True,True
93572,1.0,0.0,0.5,none,True,True
93573,1.0,0.0,0.5,none,True,True
93574,1.0,0.0,0.5,none,True,True
93575,1.0,0.0,0.5,none,True,True
93576,1.0,0.0,0.5,none,True,True
93577,1.0,0.0,0.5,none,True,True
93578,1.0,0.0,0.5,none,True,True
93579,1.0,0.0,0.5,none,True,True
93580,1.0,0.0,0.5,none,True,True
93581,1.0,0.0,0.5,none,True,True
93582,1.0,0.0,0.5,none,True,True
93583,1.0,0.0,0.5,none,True,True
93584,1.0,0.0,0.5,none,True,True
93585,1.0,0.0,0.5,none,True,True
93586,1.0,0.0,0.5,none,True,True
93587,1.0,0.0,0.5,none,True,True
93588,1.0,0.0,0.5,none,True,True
93589,1.0,0.0,0.5,none,True,True
93590,1.0,0.0,0.5,none,True,True
93591,1.0,0.0,0.5,none,True,True
93592,1.0,0.0,0.5,none,True,True
93593,1.0,0.0,0.5,none,True,True
93594,1.0,0.0,0.5,none,True,True
93595,1.0,0.0,0.5,none,True,True
93596,1.0,0.0,0.5,none,True,True
93597,1.0,0.0,0.5,none,True,True
93598,1.0,0.0,0.5,none,True,True
93599,1.0,0.0,0.5,none,True,True
93600,1.0,0.0,0.5,none,True,True
93601,1.0,0.0,0.5,none,True,True
93602,1.0,0.0,0.5,none,True,True
93603,1.0,0.0,0.5,none,True,True
93604,1.0,0.0,0.5,none,True,True
93605,1.0,0.0,0.5,none,True,True
93606,1.0,0.0,0.5,none,True,True
93607,1.0,0.0,0.5,none,True,True
93608,1.0,0.0,0.5,none,True,True
93609,1.0,0.0,0.5,none,True,True
93610,1.0,0.0,0.5,none,True,True
93611,1.0,0.0,0.5,none,True,True
93612,1.0,0.0,0.5,none,True,True
93613,1.0,0.0,0.5,none,True,True
93614,1.0,0.0,0.5,none,True,True
93615,1.0,0.0,0.5,none,True,True
93616,1.0,0.0,0.5,none,True,True
93617,1.0,0.0,0.5,none,True,True
93618,1.0,0.0,0.5,none,True,True
93619,1.0,0.0,0.5,none,True,True
93620,1.0,0.0,0.5,none,True,True
93621,1.0,0.0,0.5,none,True,True
93622,1.0,0.0,0.5,none,True,True
93623,1.0,0.0,0.5,none,True,True
93624,1.0,0.0,0.5,none,True,True
93625,1.0,0.0,0.5,none,True,True
93626,1.0,0.0,0.5,none,True,True
93627,1.0,0.0,0.5,none,True,True
93628,1.0,0.0,0.5,none,True,True
93629,1.0,0.0,0.5,none,True,True
93630,1.0,0.0,0.5,none,True,True
93631,1.0,0.0,0.5,none,True,True
93632,1.0,0.0,0.5,none,True,True
93633,1.0,0.0,0.5,none,True,True
93634,1.0,0.0,0.5,none,True,True
93635,1.0,0.0,0.5,none,True,True
93636,1.0,0.0,0.5,none,True,True
93637,1.0,0.0,0.5,none,True,True
93638,1.0,0.0,0.5,none,True,True
93639,1.0,0.0,0.5,none,True,True
93640,1.0,0.0,0.5,none,True,True
93641,1.0,0.0,0.5,none,True,True
93642,1.0,0.0,0.5,none,True,True
93643,1.0,0.0,0.5,none,True,True
93644,1.0,0.0,0.5,none,True,True
93645,1.0,0.0,0.5,none,True,True
93646,1.0,0.0,0.5,none,True,True
93647,1.0,0.0,0.5,none,True,True
93648,1.0,0.0,0.5,none,True,True
93649,1.0,0.0,0.5,none,True,True
93650,1.0,0.0,0.5,none,True,True
93651,1.0,0.0,0.5,none,True,True
93652,1.0,0.0,0.5,none,True,True
93653,1.0,0.0,0.5,none,True,True
93654,1.0,0.0,0.5,none,True,True
93655,1.0,0.0,0.5,none,True,True
93656,1.0,0.0,0.5,none,True,True
93657,1.0,0.0,0.5,none,True,True
93658,1.0,0.0,0.5,none,True,True
93659,1.0,0.0,0.5,none,True,True
93660,1.0,0.0,0.5,none,True,True
93661,1.0,0.0,0.5,none,True,True
93662,1.0,0.0,0.5,none,True,True
93663,1.0,0.0,0.5,none,True,True
93664,1.0,0.0,0.5,none,True,True
93665,1.0,0.0,0.5,none,True,True
93666,1.0,0.0,0.5,none,True,True
93667,1.0,0.0,0.5,none,True,True
93668,1.0,0.0,0.5,none,True,True
93669,1.0,0.0,0.5,none,True,True
93670,1.0,0.0,0.5,none,True,True
93671,1.0,0.0,0.5,none,True,True
93672,1.0,0.0,0.5,none,True,True
93673,1.0,0.0,0.5,none,True,True
93674,1.0,0.0,0.5,none,True,True
93675,1.0,0.0,0.5,none,True,True
93676,1.0,0.0,0.5,none,True,True
93677,1.0,0.0,0.5,none,True,True
93678,1.0,0.0,0.5,none,True,True
93679,1.0,0.0,0.5,none,True,True
93680,1.0,0.0,0.5,none,True,True
93681,1.0,0.0,0.5,none,True,True
93682,1.0,0.0,0.5,none,True,True
93683,1.0,0.0,0.5,none,True,True
93684,1.0,0.0,0.5,none,True,True
93685,1.0,0.0,0.5,none,True,True
93686,1.0,0.0,0.5,none,True,True
93687,1.0,0.0,0.5,none,True,True
93688,1.0,0.0,0.5,none,True,True
93689,1.0,0.0,0.5,none,True,True
93690,1.0,0.0,0.5,none,True,True
93691,1.0,0.0,0.5,none,True,True
93692,1.0,0.0,0.5,none,True,True
93693,1.0,0.0,0.5,none,True,True
93694,1.0,0.0,0.5,none,True,True
93695,1.0,0.0,0.5,none,True,True
93696,1.0,0.0,0.5,none,True,True
93697,1.0,0.0,0.5,none,True,True
93698,1.0,0.0,0.5,none,True,True
93699,1.0,0.0,0.5,none,True,True
93700,1.0,0.0,0.5,none,True,True
93701,1.0,0.0,0.5,none,True,True
93702,1.0,0.0,0.5,none,True,True
93703,1.0,0.0,0.5,none,True,True
93704,1.0,0.0,0.5,none,True,True
93705,1.0,0.0,0.5,none,True,True
93706,1.0,0.0,0.5,none,True,True
93707,1.0,0.0,0.5,none,True,True
93708,1.0,0.0,0.5,none,True,True
93709,1.0,0.0,0.5,none,True,True
93710,1.0,0.0,0.5,none,True,True
93711,1.0,0.0,0.5,none,True,True
93712,1.0,0.0,0.5,none,True,True
93713,1.0,0.0,0.5,none,True,True
93714,1.0,0.0,0.5,none,True,True
93715,1.0,0.0,0.5,none,True,True
93716,1.0,0.0,0.5,none,True,True
93717,1.0,0.0,0.5,none,True,True
93718,1.0,0.0,0.5,none,True,True
93719,1.0,0.0,0.5,none,True,True
93720,1.0,0.0,0.5,none,True,True
93721,1.0,0.0,0.5,none,True,True
93722,1.0,0.0,0.5,none,True,True
93723,1.0,0.0,0.5,none,True,True
93724,1.0,0.0,0.5,none,True,True
93725,1.0,0.0,0.5,none,True,True
93726,1.0,0.0,0.5,none,True,True
93727,1.0,0.0,0.5,none,True,True
93728,1.0,0.0,0.5,none,True,True
93729,1.0,0.0,0.5,none,True,True
93730,1.0,0.0,0.5,none,True,True
93731,1.0,0.0,0.5,none,True,True
93732,1.0,0.0,0.5,none,True,True
93733,1.0,0.0,0.5,none,True,True
93734,1.0,0.0,0.5,none,True,True
93735,1.0,0.0,0.5,none,True,True
93736,1.0,0.0,0.5,none,True,True
93737,1.0,0.0,0.5,none,True,True
93738,1.0,0.0,0.5,none,True,True
93739,1.0,0.0,0.5,none,True,True
93740,1.0,0.0,0.5,none,True,True
93741,1.0,0.0,0.5,none,True,True
93742,1.0,0.0,0.5,none,True,True
93743,1.0,0.0,0.5,none,True,True
93744,1.0,0.0,0.5,none,True,True
93745,1.0,0.0,0.5,none,True,True
93746,1.0,0.0,0.5,none,True,True
93747,1.0,0.0,0.5,none,True,True
93748,1.0,0.0,0.5,none,True,True
93749,1.0,0.0,0.5,none,True,True
93750,1.0,0.0,0.5,none,True,True
93751,1.0,0.0,0.5,none,True,True
93752,1.0,0.0,0.5,none,True,True
93753,1.0,0.0,0.5,none,True,True
93754,1.0,0.0,0.5,none,True,True
93755,1.0,0.0,0.5,none,True,True
93756,1.0,0.0,0.5,none,True,True
93757,1.0,0.0,0.5,none,True,True
93758,1.0,0.0,0.5,none,True,True
93759,1.0,0.0,0.5,none,True,True
93760,1.0,0.0,0.5,none,True,True
93761,1.0,0.0,0.5,none,True,True
93762,1.0,0.0,0.5,none,True,True
93763,1.0,0.0,0.5,none,True,True
93764,1.0,0.0,0.5,none,True,True
93765,1.0,0.0,0.5,none,True,True
93766,1.0,0.0,0.5,none,True,True
93767,1.0,0.0,0.5,none,True,True
93768,1.0,0.0,0.5,none,True,True
93769,1.0,0.0,0.5,none,True,True
93770,1.0,0.0,0.5,none,True,True
93771,1.0,0.0,0.5,none,True,True
93772,1.0,0.0,0.5,none,True,True
93773,1.0,0.0,0.5,none,True,True
93774,1.0,0.0,0.5,none,True,True
93775,1.0,0.0,0.5,none,True,True
93776,1.0,0.0,0.5,none,True,True
93777,1.0,0.0,0.5,none,True,True
93778,1.0,0.0,0.5,none,True,True
93779,1.0,0.0,0.5,none,True,True
93780,1.0,0.0,0.5,none,True,True
93781,1.0,0.0,0.5,none,True,True
93782,1.0,0.0,0.5,none,True,True
93783,1.0,0.0,0.5,none,True,True
93784,1.0,0.0,0.5,none,True,True
93785,1.0,0.0,0.5,none,True,True
93786,1.0,0.0,0.5,none,True,True
93787,1.0,0.0,0.5,none,True,True
93788,1.0,0.0,0.5,none,True,True
93789,1.0,0.0,0.5,none,True,True
93790,1.0,0.0,0.5,none,True,True
93791,1.0,0.0,0.5,none,True,True
93792,1.0,0.0,0.5,none,True,True
93793,1.0,0.0,0.5,none,True,True
93794,1.0,0.0,0.5,none,True,True
93795,1.0,0.0,0.5,none,True,True
93796,1.0,0.0,0.5,none,True,True
93797,1.0,0.0,0.5,none,True,True
93798,1.0,0.0,0.5,none,True,True
93799,1.0,0.0,0.5,none,True,True
93800,1.0,0.0061,0.5,none,True,True
93801,1.0,0.0357,0.5,none,True,True
93802,1.0,0.0812,0.5,none,True,True
93803,1.0,0.1113,0.5,none,True,True
93804,1.0,0.1253,0.5,none,True,True
93805,1.0,0.1408,0.5,none,True,True
93806,1.0,0.0907,0.5,none,True,True
93807,1.0,0.1198,0.5,none,True,True
93808,1.0,0.0467,0.5,none,True,True
93809,1.0,0.0522,0.5,none,True,True
93810,1.0,0.0405,0.5,none,True,True
93811,1.0,0.0313,0.5,none,True,True
93812,1.0,0.0083,0.5,none,True,True
93813,1.0,0.0726,0.5,none,True,True
93814,1.0,0.0793,0.5,none,True,True
93815,1.0,0.0581,0.5,none,True,True
93816,1.0,0.0955,0.5,none,True,True
93817,1.0,0.0839,0.5,none,True,True
93818,1.0,0.0648,0.5,none,True,True
93819,1.0,0.0718,0.5,none,True,True
93820,1.0,0.0589,0.5,none,True,True
93821,1.0,0.0403,0.5,none,True,True
93822,1.0,0.0327,0.5,none,True,True
93823,1.0,0.0277,0.5,none,True,True
93824,1.0,0.017,0.5,none,True,True
93825,1.0,0.0102,0.5,none,True,True
93826,1.0,0.0099,0.5,none,True,True
93827,1.0,0.008,0.5,none,True,True
93828,1.0,0.005,0.5,none,True,True
93829,1.0,0.0063,0.5,none,True,True
93830,1.0,0.009,0.5,none,True,True
93831,1.0,0.0096,0.5,none,True,True
93832,1.0,0.0108,0.5,none,True,True
93833,1.0,0.014,0.5,none,True,True
93834,1.0,0.0161,0.5,none,True,True
93835,1.0,0.0167,0.5,none,True,True
93836,1.0,0.0182,0.5,none,True,True
93837,1.0,0.0196,0.5,none,True,True
93838,1.0,0.0197,0.5,none,True,True
93839,1.0,0.0193,0.5,none,True,True
93840,1.0,0.0193,0.5,none,True,True
93841,1.0,0.0187,0.5,none,True,True
93842,1.0,0.0174,0.5,none,True,True
93843,1.0,0.0163,0.5,none,True,True
93844,1.0,0.0152,0.5,none,True,True
93845,1.0,0.0138,0.5,none,True,True
93846,1.0,0.0123,0.5,none,True,True
93847,1.0,0.0111,0.5,none,True,True
93848,1.0,0.01,0.5,none,True,True
93849,1.0,0.0088,0.5,none,True,True
93850,1.0,0.0078,0.5,none,True,True
93851,1.0,0.0071,0.5,none,True,True
93852,1.0,0.0064,0.5,none,True,True
93853,1.0,0.0057,0.5,none,True,True
93854,1.0,0.0053,0.5,none,True,True
93855,1.0,0.005,0.5,none,True,True
93856,1.0,0.0047,0.5,none,True,True
93857,1.0,0.0045,0.5,none,True,True
93858,1.0,0.0044,0.5,none,True,True
93859,1.0,0.0043,0.5,none,True,True
93860,1.0,0.0042,0.5,none,True,True
93861,1.0,0.0041,0.5,none,True,True
93862,1.0,0.004,0.5,none,True,True
93863,1.0,0.0039,0.5,none,True,True
93864,1.0,0.0038,0.5,none,True,True
93865,1.0,0.0037,0.5,none,True,True
93866,1.0,0.0035,0.5,none,True,True
93867,1.0,0.0033,0.5,none,True,True
93868,1.0,0.0032,0.5,none,True,True
93869,1.0,0.003,0.5,none,True,True
93870,1.0,0.0028,0.5,none,True,True
93871,1.0,0.0026,0.5,none,True,True
93872,1.0,0.0024,0.5,none,True,True
93873,1.0,0.0023,0.5,none,True,True
93874,1.0,0.0021,0.5,none,True,True
93875,1.0,0.0019,0.5,none,True,True
93876,1.0,0.0018,0.5,none,True,True
93877,1.0,0.0017,0.5,none,True,True
93878,1.0,0.0015,0.5,none,True,True
93879,1.0,0.0014,0.5,none,True,True
93880,1.0,0.0013,0.5,none,True,True
93881,1.0,0.0013,0.5,none,True,True
93882,1.0,0.0012,0.5,none,True,True
93883,1.0,0.0011,0.5,none,True,True
93884,1.0,0.0011,0.5,none,True,True
93885,1.0,0.001,0.5,none,True,True
93886,1.0,0.001,0.5,none,True,True
93887,1.0,0.0009,0.5,none,True,True
93888,1.0,0.0009,0.5,none,True,True
93889,1.0,0.0008,0.5,none,True,True
93890,1.0,0.0008,0.5,none,True,True
93891,1.0,0.0008,0.5,none,True,True
93892,1.0,0.0007,0.5,none,True,True
93893,1.0,0.0007,0.5,none,True,True
93894,1.0,0.0006,0.5,none,True,True
93895,1.0,0.0006,0.5,none,True,True
93896,1.0,0.0006,0.5,none,True,True
93897,1.0,0.0005,0.5,none,True,True
93898,1.0,0.0005,0.5,none,True,True
93899,1.0,0.0005,0.5,none,True,True
93900,1.0,0.0004,0.5,none,True,True
93901,1.0,0.0004,0.5,none,True,True
93902,1.0,0.0004,0.5,none,True,True
93903,1.0,0.0004,0.5,none,True,True
93904,1.0,0.0003,0.5,none,True,True
93905,1.0,0.0003,0.5,none,True,True
93906,1.0,0.0003,0.5,none,True,True
93907,1.0,0.0003,0.5,none,True,True
93908,1.0,0.0003,0.5,none,True,True
93909,1.0,0.0003,0.5,none,True,True
93910,1.0,0.0002,0.5,none,True,True
93911,1.0,0.0002,0.5,none,True,True
93912,1.0,0.0002,0.5,none,True,True
93913,1.0,0.0002,0.5,none,True,True
93914,1.0,0.0002,0.5,none,True,True
93915,1.0,0.0002,0.5,none,True,True
93916,1.0,0.0002,0.5,none,True,True
93917,1.0,0.0002,0.5,none,True,True
93918,1.0,0.0002,0.5,none,True,True
93919,1.0,0.0001,0.5,none,True,True
93920,1.0,0.0001,0.5,none,True,True
93921,1.0,0.0001,0.5,none,True,True
93922,1.0,0.0001,0.5,none,True,True
93923,1.0,0.0001,0.5,none,True,True
93924,1.0,0.0001,0.5,none,True,True
93925,1.0,0.0001,0.5,none,True,True
93926,1.0,0.0001,0.5,none,True,True
93927,1.0,0.0001,0.5,none,True,True
93928,1.0,0.0001,0.5,none,True,True
93929,1.0,0.0001,0.5,none,True,True
93930,1.0,0.0001,0.5,none,True,True
93931,1.0,0.0001,0.5,none,True,True
93932,1.0,0.0001,0.5,none,True,True
93933,1.0,0.0001,0.5,none,True,True
93934,1.0,0.0001,0.5,none,True,True
93935,1.0,0.0001,0.5,none,True,True
93936,1.0,0.0001,0.5,none,True,True
93937,1.0,0.0,0.5,none,True,True
93938,1.0,0.0,0.5,none,True,True
93939,1.0,0.0,0.5,none,True,True
93940,1.0,0.0,0.5,none,True,True
93941,1.0,0.0,0.5,none,True,True
93942,1.0,0.0,0.5,none,True,True
93943,1.0,0.0,0.5,none,True,True
93944,1.0,0.0,0.5,none,True,True
93945,1.0,0.0,0.5,none,True,True
93946,1.0,0.0,0.5,none,True,True
93947,1.0,0.0,0.5,none,True,True
93948,1.0,0.0,0.5,none,True,True
93949,1.0,0.0,0.5,none,True,True
93950,1.0,0.0,0.5,none,True,True
93951,1.0,0.0,0.5,none,True,True
93952,1.0,0.0,0.5,none,True,True
93953,1.0,0.0,0.5,none,True,True
93954,1.0,0.0,0.5,none,True,True
93955,1.0,0.0,0.5,none,True,True
93956,1.0,0.0,0.5,none,True,True
93957,1.0,0.0,0.5,none,True,True
93958,1.0,0.0,0.5,none,True,True
93959,1.0,0.0,0.5,none,True,True
93960,1.0,0.0,0.5,none,True,True
93961,1.0,0.0,0.5,none,True,True
93962,1.0,0.0,0.5,none,True,True
93963,1.0,0.0,0.5,none,True,True
93964,1.0,0.0,0.5,none,True,True
93965,1.0,0.0,0.5,none,True,True
93966,1.0,0.0,0.5,none,True,True
93967,1.0,0.0,0.5,none,True,True
93968,1.0,0.0,0.5,none,True,True
93969,1.0,0.0,0.5,none,True,True
93970,1.0,0.0,0.5,none,True,True
93971,1.0,0.0,0.5,none,True,True
93972,1.0,0.0,0.5,none,True,True
93973,1.0,0.0,0.5,none,True,True
93974,1.0,0.0,0.5,none,True,True
93975,1.0,0.0,0.5,none,True,True
93976,1.0,0.0,0.5,none,True,True
93977,1.0,0.0,0.5,none,True,True
93978,1.0,0.0,0.5,none,True,True
93979,1.0,0.0,0.5,none,True,True
93980,1.0,0.0,0.5,none,True,True
93981,1.0,0.0,0.5,none,True,True
93982,1.0,0.0,0.5,none,True,True
93983,1.0,0.0,0.5,none,True,True
93984,1.0,0.0,0.5,none,True,True
93985,1.0,0.0,0.5,none,True,True
93986,1.0,0.0,0.5,none,True,True
93987,1.0,0.0,0.5,none,True,True
93988,1.0,0.0,0.5,none,True,True
93989,1.0,0.0,0.5,none,True,True
93990,1.0,0.0,0.5,none,True,True
93991,1.0,0.0,0.5,none,True,True
93992,1.0,0.0,0.5,none,True,True
93993,1.0,0.0,0.5,none,True,True
93994,1.0,0.0,0.5,none,True,True
93995,1.0,0.0,0.5,none,True,True
93996,1.0,0.0,0.5,none,True,True
93997,1.0,0.0,0.5,none,True,True
93998,1.0,0.0,0.5,none,True,True
93999,1.0,0.0,0.5,none,True,True
94000,1.0,0.0,0.5,none,True,True
94001,1.0,0.0,0.5,none,True,True
94002,1.0,0.0,0.5,none,True,True
94003,1.0,0.0,0.5,none,True,True
94004,1.0,0.0,0.5,none,True,True
94005,1.0,0.0,0.5,none,True,True
94006,1.0,0.0,0.5,none,True,True
94007,1.0,0.0,0.5,none,True,True
94008,1.0,0.0,0.5,none,True,True
94009,1.0,0.0,0.5,none,True,True
94010,1.0,0.0,0.5,none,True,True
94011,1.0,0.0,0.5,none,True,True
94012,1.0,0.0,0.5,none,True,True
94013,1.0,0.0,0.5,none,True,True
94014,1.0,0.0,0.5,none,True,True
94015,1.0,0.0,0.5,none,True,True
94016,1.0,0.0,0.5,none,True,True
94017,1.0,0.0,0.5,none,True,True
94018,1.0,0.0,0.5,none,True,True
94019,1.0,0.0,0.5,none,True,True
94020,1.0,0.0,0.5,none,True,True
94021,1.0,0.0,0.5,none,True,True
94022,1.0,0.0,0.5,none,True,True
94023,1.0,0.0,0.5,none,True,True
94024,1.0,0.0,0.5,none,True,True
94025,1.0,0.0,0.5,none,True,True
94026,1.0,0.0,0.5,none,True,True
94027,1.0,0.0,0.5,none,True,True
94028,1.0,0.0,0.5,none,True,True
94029,1.0,0.0,0.5,none,True,True
94030,1.0,0.0,0.5,none,True,True
94031,1.0,0.0,0.5,none,True,True
94032,1.0,0.0,0.5,none,True,True
94033,1.0,0.0,0.5,none,True,True
94034,1.0,0.0,0.5,none,True,True
94035,1.0,0.0,0.5,none,True,True
94036,1.0,0.0,0.5,none,True,True
94037,1.0,0.0,0.5,none,True,True
94038,1.0,0.0,0.5,none,True,True
94039,1.0,0.0,0.5,none,True,True
94040,1.0,0.0,0.5,none,True,True
94041,1.0,0.0,0.5,none,True,True
94042,1.0,0.0,0.5,none,True,True
94043,1.0,0.0,0.5,none,True,True
94044,1.0,0.0,0.5,none,True,True
94045,1.0,0.0,0.5,none,True,True
94046,1.0,0.0,0.5,none,True,True
94047,1.0,0.0,0.5,none,True,True
94048,1.0,0.0,0.5,none,True,True
94049,1.0,0.0,0.5,none,True,True
94050,1.0,0.0,0.5,none,True,True
94051,1.0,0.0,0.5,none,True,True
94052,1.0,0.0,0.5,none,True,True
94053,1.0,0.0,0.5,none,True,True
94054,1.0,0.0,0.5,none,True,True
94055,1.0,0.0,0.5,none,True,True
94056,1.0,0.0,0.5,none,True,True
94057,1.0,0.0,0.5,none,True,True
94058,1.0,0.0,0.5,none,True,True
94059,1.0,0.0,0.5,none,True,True
94060,1.0,0.0,0.5,none,True,True
94061,1.0,0.0,0.5,none,True,True
94062,1.0,0.0,0.5,none,True,True
94063,1.0,0.0,0.5,none,True,True
94064,1.0,0.0,0.5,none,True,True
94065,1.0,0.0,0.5,none,True,True
94066,1.0,0.0,0.5,none,True,True
94067,1.0,0.0,0.5,none,True,True
94068,1.0,0.0,0.5,none,True,True
94069,1.0,0.0,0.5,none,True,True
94070,1.0,0.0,0.5,none,True,True
94071,1.0,0.0,0.5,none,True,True
94072,1.0,0.0,0.5,none,True,True
94073,1.0,0.0,0.5,none,True,True
94074,1.0,0.0,0.5,none,True,True
94075,1.0,0.0,0.5,none,True,True
94076,1.0,0.0,0.5,none,True,True
94077,1.0,0.0,0.5,none,True,True
94078,1.0,0.0,0.5,none,True,True
94079,1.0,0.0,0.5,none,True,True
94080,1.0,0.0,0.5,none,True,True
94081,1.0,0.0,0.5,none,True,True
94082,1.0,0.0,0.5,none,True,True
94083,1.0,0.0,0.5,none,True,True
94084,1.0,0.0,0.5,none,True,True
94085,1.0,0.0,0.5,none,True,True
94086,1.0,0.0,0.5,none,True,True
94087,1.0,0.0,0.5,none,True,True
94088,1.0,0.0,0.5,none,True,True
94089,1.0,0.0,0.5,none,True,True
94090,1.0,0.0,0.5,none,True,True
94091,1.0,0.0,0.5,none,True,True
94092,1.0,0.0,0.5,none,True,True
94093,1.0,0.0,0.5,none,True,True
94094,1.0,0.0,0.5,none,True,True
94095,1.0,0.0,0.5,none,True,True
94096,1.0,0.0,0.5,none,True,True
94097,1.0,0.0,0.5,none,True,True
94098,1.0,0.0,0.5,none,True,True
94099,1.0,0.0,0.5,none,True,True
94100,1.0,0.0,0.5,none,True,True
94101,1.0,0.0,0.5,none,True,True
94102,1.0,0.0,0.5,none,True,True
94103,1.0,0.0,0.5,none,True,True
94104,1.0,0.0,0.5,none,True,True
94105,1.0,0.0,0.5,none,True,True
94106,1.0,0.0,0.5,none,True,True
94107,1.0,0.0,0.5,none,True,True
94108,1.0,0.0,0.5,none,True,True
94109,1.0,0.0,0.5,none,True,True
94110,1.0,0.0,0.5,none,True,True
94111,1.0,0.0,0.5,none,True,True
94112,1.0,0.0,0.5,none,True,True
94113,1.0,0.0,0.5,none,True,True
94114,1.0,0.0,0.5,none,True,True
94115,1.0,0.0,0.5,none,True,True
94116,1.0,0.0,0.5,none,True,True
94117,1.0,0.0,0.5,none,True,True
94118,1.0,0.0,0.5,none,True,True
94119,1.0,0.0,0.5,none,True,True
94120,1.0,0.0,0.5,none,True,True
94121,1.0,0.0,0.5,none,True,True
94122,1.0,0.0,0.5,none,True,True
94123,1.0,0.0,0.5,none,True,True
94124,1.0,0.0,0.5,none,True,True
94125,1.0,0.0,0.5,none,True,True
94126,1.0,0.0,0.5,none,True,True
94127,1.0,0.0,0.5,none,True,True
94128,1.0,0.0,0.5,none,True,True
94129,1.0,0.0,0.5,none,True,True
94130,1.0,0.0,0.5,none,True,True
94131,1.0,0.0,0.5,none,True,True
94132,1.0,0.0,0.5,none,True,True
94133,1.0,0.0,0.5,none,True,True
94134,1.0,0.0,0.5,none,True,True
94135,1.0,0.0,0.5,none,True,True
94136,1.0,0.0,0.5,none,True,True
94137,1.0,0.0,0.5,none,True,True
94138,1.0,0.0,0.5,none,True,True
94139,1.0,0.0,0.5,none,True,True
94140,1.0,0.0,0.5,none,True,True
94141,1.0,0.0,0.5,none,True,True
94142,1.0,0.0,0.5,none,True,True
94143,1.0,0.0,0.5,none,True,True
94144,1.0,0.0,0.5,none,True,True
94145,1.0,0.0,0.5,none,True,True
94146,1.0,0.0,0.5,none,True,True
94147,1.0,0.0,0.5,none,True,True
94148,1.0,0.0,0.5,none,True,True
94149,1.0,0.0,0.5,none,True,True
94150,1.0,0.0,0.5,none,True,True
94151,1.0,0.0,0.5,none,True,True
94152,1.0,0.0,0.5,none,True,True
94153,1.0,0.0,0.5,none,True,True
94154,1.0,0.0,0.5,none,True,True
94155,1.0,0.0,0.5,none,True,True
94156,1.0,0.0,0.5,none,True,True
94157,1.0,0.0,0.5,none,True,True
94158,1.0,0.0,0.5,none,True,True
94159,1.0,0.0,0.5,none,True,True
94160,1.0,0.0,0.5,none,True,True
94161,1.0,0.0,0.5,none,True,True
94162,1.0,0.0,0.5,none,True,True
94163,1.0,0.0,0.5,none,True,True
94164,1.0,0.0,0.5,none,True,True
94165,1.0,0.0,0.5,none,True,True
94166,1.0,0.0,0.5,none,True,True
94167,1.0,0.0,0.5,none,True,True
94168,1.0,0.0,0.5,none,True,True
94169,1.0,0.0,0.5,none,True,True
94170,1.0,0.0,0.5,none,True,True
94171,1.0,0.0,0.5,none,True,True
94172,1.0,0.0,0.5,none,True,True
94173,1.0,0.0,0.5,none,True,True
94174,1.0,0.0,0.5,none,True,True
94175,1.0,0.0,0.5,none,True,True
94176,1.0,0.0,0.5,none,True,True
94177,1.0,0.0,0.5,none,True,True
94178,1.0,0.0,0.5,none,True,True
94179,1.0,0.0,0.5,none,True,True
94180,1.0,0.0,0.5,none,True,True
94181,1.0,0.0,0.5,none,True,True
94182,1.0,0.0,0.5,none,True,True
94183,1.0,0.0,0.5,none,True,True
94184,1.0,0.0,0.5,none,True,True
94185,1.0,0.0,0.5,none,True,True
94186,1.0,0.0,0.5,none,True,True
94187,1.0,0.0,0.5,none,True,True
94188,1.0,0.0,0.5,none,True,True
94189,1.0,0.0,0.5,none,True,True
94190,1.0,0.0,0.5,none,True,True
94191,1.0,0.0,0.5,none,True,True
94192,1.0,0.0,0.5,none,True,True
94193,1.0,0.0,0.5,none,True,True
94194,1.0,0.0,0.5,none,True,True
94195,1.0,0.0,0.5,none,True,True
94196,1.0,0.0,0.5,none,True,True
94197,1.0,0.0,0.5,none,True,True
94198,1.0,0.0,0.5,none,True,True
94199,1.0,0.0,0.5,none,True,True
94200,1.0,0.0,0.5,none,True,True
94201,1.0,0.0,0.5,none,True,True
94202,1.0,0.0,0.5,none,True,True
94203,1.0,0.0,0.5,none,True,True
94204,1.0,0.0,0.5,none,True,True
94205,1.0,0.0,0.5,none,True,True
94206,1.0,0.0,0.5,none,True,True
94207,1.0,0.0,0.5,none,True,True
94208,1.0,0.0,0.5,none,True,True
94209,1.0,0.0,0.5,none,True,True
94210,1.0,0.0,0.5,none,True,True
94211,1.0,0.0,0.5,none,True,True
94212,1.0,0.0,0.5,none,True,True
94213,1.0,0.0,0.5,none,True,True
94214,1.0,0.0,0.5,none,True,True
94215,1.0,0.0,0.5,none,True,True
94216,1.0,0.0,0.5,none,True,True
94217,1.0,0.0,0.5,none,True,True
94218,1.0,0.0,0.5,none,True,True
94219,1.0,0.0,0.5,none,True,True
94220,1.0,0.0,0.5,none,True,True
94221,1.0,0.0,0.5,none,True,True
94222,1.0,0.0,0.5,none,True,True
94223,1.0,0.0,0.5,none,True,True
94224,1.0,0.0,0.5,none,True,True
94225,1.0,0.0,0.5,none,True,True
94226,1.0,0.0,0.5,none,True,True
94227,1.0,0.0,0.5,none,True,True
94228,1.0,0.0,0.5,none,True,True
94229,1.0,0.0,0.5,none,True,True
94230,1.0,0.0,0.5,none,True,True
94231,1.0,0.0,0.5,none,True,True
94232,1.0,0.0,0.5,none,True,True
94233,1.0,0.0,0.5,none,True,True
94234,1.0,0.0,0.5,none,True,True
94235,1.0,0.0,0.5,none,True,True
94236,1.0,0.0,0.5,none,True,True
94237,1.0,0.0,0.5,none,True,True
94238,1.0,0.0,0.5,none,True,True
94239,1.0,0.0,0.5,none,True,True
94240,1.0,0.0,0.5,none,True,True
94241,1.0,0.0,0.5,none,True,True
94242,1.0,0.0,0.5,none,True,True
94243,1.0,0.0,0.5,none,True,True
94244,1.0,0.0,0.5,none,True,True
94245,1.0,0.0,0.5,none,True,True
94246,1.0,0.0,0.5,none,True,True
94247,1.0,0.0,0.5,none,True,True
94248,1.0,0.0,0.5,none,True,True
94249,1.0,0.0,0.5,none,True,True
94250,1.0,0.0,0.5,none,True,True
94251,1.0,0.0,0.5,none,True,True
94252,1.0,0.0,0.5,none,True,True
94253,1.0,0.0,0.5,none,True,True
94254,1.0,0.0,0.5,none,True,True
94255,1.0,0.0,0.5,none,True,True
94256,1.0,0.0,0.5,none,True,True
94257,1.0,0.0,0.5,none,True,True
94258,1.0,0.0,0.5,none,True,True
94259,1.0,0.0,0.5,none,True,True
94260,1.0,0.0,0.5,none,True,True
94261,1.0,0.0,0.5,none,True,True
94262,1.0,0.0,0.5,none,True,True
94263,1.0,0.0,0.5,none,True,True
94264,1.0,0.0,0.5,none,True,True
94265,1.0,0.0,0.5,none,True,True
94266,1.0,0.0,0.5,none,True,True
94267,1.0,0.0,0.5,none,True,True
94268,1.0,0.0,0.5,none,True,True
94269,1.0,0.0,0.5,none,True,True
94270,1.0,0.0,0.5,none,True,True
94271,1.0,0.0,0.5,none,True,True
94272,1.0,0.0,0.5,none,True,True
94273,1.0,0.0,0.5,none,True,True
94274,1.0,0.0,0.5,none,True,True
94275,1.0,0.0,0.5,none,True,True
94276,1.0,0.0,0.5,none,True,True
94277,1.0,0.0,0.5,none,True,True
94278,1.0,0.0,0.5,none,True,True
94279,1.0,0.0,0.5,none,True,True
94280,1.0,0.0,0.5,none,True,True
94281,1.0,0.0,0.5,none,True,True
94282,1.0,0.0,0.5,none,True,True
94283,1.0,0.0,0.5,none,True,True
94284,1.0,0.0,0.5,none,True,True
94285,1.0,0.0,0.5,none,True,True
94286,1.0,0.0,0.5,none,True,True
94287,1.0,0.0,0.5,none,True,True
94288,1.0,0.0,0.5,none,True,True
94289,1.0,0.0,0.5,none,True,True
94290,1.0,0.0,0.5,none,True,True
94291,1.0,0.0,0.5,none,True,True
94292,1.0,0.0,0.5,none,True,True
94293,1.0,0.0,0.5,none,True,True
94294,1.0,0.0,0.5,none,True,True
94295,1.0,0.0,0.5,none,True,True
94296,1.0,0.0,0.5,none,True,True
94297,1.0,0.0,0.5,none,True,True
94298,1.0,0.0,0.5,none,True,True
94299,1.0,0.0,0.5,none,True,True
94300,1.0,0.0,0.5,none,True,True
94301,1.0,0.0,0.5,none,True,True
94302,1.0,0.0,0.5,none,True,True
94303,1.0,0.0,0.5,none,True,True
94304,1.0,0.0,0.5,none,True,True
94305,1.0,0.0,0.5,none,True,True
94306,1.0,0.0,0.5,none,True,True
94307,1.0,0.0,0.5,none,True,True
94308,1.0,0.0,0.5,none,True,True
94309,1.0,0.0,0.5,none,True,True
94310,1.0,0.0,0.5,none,True,True
94311,1.0,0.0,0.5,none,True,True
94312,1.0,0.0,0.5,none,True,True
94313,1.0,0.0,0.5,none,True,True
94314,1.0,0.0,0.5,none,True,True
94315,1.0,0.0,0.5,none,True,True
94316,1.0,0.0,0.5,none,True,True
94317,1.0,0.0,0.5,none,True,True
94318,1.0,0.0,0.5,none,True,True
94319,1.0,0.0,0.5,none,True,True
94320,1.0,0.0,0.5,none,True,True
94321,1.0,0.0,0.5,none,True,True
94322,1.0,0.0,0.5,none,True,True
94323,1.0,0.0,0.5,none,True,True
94324,1.0,0.0,0.5,none,True,True
94325,1.0,0.0,0.5,none,True,True
94326,1.0,0.0,0.5,none,True,True
94327,1.0,0.0,0.5,none,True,True
94328,1.0,0.0,0.5,none,True,True
94329,1.0,0.0,0.5,none,True,True
94330,1.0,0.0,0.5,none,True,True
94331,1.0,0.0,0.5,none,True,True
94332,1.0,0.0,0.5,none,True,True
94333,1.0,0.0,0.5,none,True,True
94334,1.0,0.0,0.5,none,True,True
94335,1.0,0.0,0.5,none,True,True
94336,1.0,0.0,0.5,none,True,True
94337,1.0,0.0,0.5,none,True,True
94338,1.0,0.0,0.5,none,True,True
94339,1.0,0.0,0.5,none,True,True
94340,1.0,0.0,0.5,none,True,True
94341,1.0,0.0,0.5,none,True,True
94342,1.0,0.0,0.5,none,True,True
94343,1.0,0.0,0.5,none,True,True
94344,1.0,0.0,0.5,none,True,True
94345,1.0,0.0,0.5,none,True,True
94346,1.0,0.0,0.5,none,True,True
94347,1.0,0.0,0.5,none,True,True
94348,1.0,0.0,0.5,none,True,True
94349,1.0,0.0,0.5,none,True,True
94350,1.0,0.0,0.5,none,True,True
94351,1.0,0.0,0.5,none,True,True
94352,1.0,0.0,0.5,none,True,True
94353,1.0,0.0,0.5,none,True,True
94354,1.0,0.0,0.5,none,True,True
94355,1.0,0.0,0.5,none,True,True
94356,1.0,0.0,0.5,none,True,True
94357,1.0,0.0,0.5,none,True,True
94358,1.0,0.0,0.5,none,True,True
94359,1.0,0.0,0.5,none,True,True
94360,1.0,0.0,0.5,none,True,True
94361,1.0,0.0,0.5,none,True,True
94362,1.0,0.0,0.5,none,True,True
94363,1.0,0.0,0.5,none,True,True
94364,1.0,0.0,0.5,none,True,True
94365,1.0,0.0,0.5,none,True,True
94366,1.0,0.0,0.5,none,True,True
94367,1.0,0.0,0.5,none,True,True
94368,1.0,0.0,0.5,none,True,True
94369,1.0,0.0,0.5,none,True,True
94370,1.0,0.0,0.5,none,True,True
94371,1.0,0.0,0.5,none,True,True
94372,1.0,0.0,0.5,none,True,True
94373,1.0,0.0,0.5,none,True,True
94374,1.0,0.0,0.5,none,True,True
94375,1.0,0.0,0.5,none,True,True
94376,1.0,0.0,0.5,none,True,True
94377,1.0,0.0,0.5,none,True,True
94378,1.0,0.0,0.5,none,True,True
94379,1.0,0.0,0.5,none,True,True
94380,1.0,0.0,0.5,none,True,True
94381,1.0,0.0,0.5,none,True,True
94382,1.0,0.0,0.5,none,True,True
94383,1.0,0.0,0.5,none,True,True
94384,1.0,0.0,0.5,none,True,True
94385,1.0,0.0,0.5,none,True,True
94386,1.0,0.0,0.5,none,True,True
94387,1.0,0.0,0.5,none,True,True
94388,1.0,0.0,0.5,none,True,True
94389,1.0,0.0,0.5,none,True,True
94390,1.0,0.0,0.5,none,True,True
94391,1.0,0.0,0.5,none,True,True
94392,1.0,0.0,0.5,none,True,True
94393,1.0,0.0,0.5,none,True,True
94394,1.0,0.0,0.5,none,True,True
94395,1.0,0.0,0.5,none,True,True
94396,1.0,0.0,0.5,none,True,True
94397,1.0,0.0,0.5,none,True,True
94398,1.0,0.0,0.5,none,True,True
94399,1.0,0.0,0.5,none,True,True
94400,1.0,0.0,0.5,none,True,True
94401,1.0,0.0,0.5,none,True,True
94402,1.0,0.0,0.5,none,True,True
94403,1.0,0.0,0.5,none,True,True
94404,1.0,0.0,0.5,none,True,True
94405,1.0,0.0,0.5,none,True,True
94406,1.0,0.0,0.5,none,True,True
94407,1.0,0.0,0.5,none,True,True
94408,1.0,0.0,0.5,none,True,True
94409,1.0,0.0,0.5,none,True,True
94410,1.0,0.0,0.5,none,True,True
94411,1.0,0.0,0.5,none,True,True
94412,1.0,0.0,0.5,none,True,True
94413,1.0,0.0,0.5,none,True,True
94414,1.0,0.0,0.5,none,True,True
94415,1.0,0.0,0.5,none,True,True
94416,1.0,0.0,0.5,none,True,True
94417,1.0,0.0,0.5,none,True,True
94418,1.0,0.0,0.5,none,True,True
94419,1.0,0.0,0.5,none,True,True
94420,1.0,0.0,0.5,none,True,True
94421,1.0,0.0,0.5,none,True,True
94422,1.0,0.0,0.5,none,True,True
94423,1.0,0.0,0.5,none,True,True
94424,1.0,0.0,0.5,none,True,True
94425,1.0,0.0,0.5,none,True,True
94426,1.0,0.0,0.5,none,True,True
94427,1.0,0.0,0.5,none,True,True
94428,1.0,0.0,0.5,none,True,True
94429,1.0,0.0,0.5,none,True,True
94430,1.0,0.0,0.5,none,True,True
94431,1.0,0.0,0.5,none,True,True
94432,1.0,0.0,0.5,none,True,True
94433,1.0,0.0,0.5,none,True,True
94434,1.0,0.0,0.5,none,True,True
94435,1.0,0.0,0.5,none,True,True
94436,1.0,0.0,0.5,none,True,True
94437,1.0,0.0,0.5,none,True,True
94438,1.0,0.0,0.5,none,True,True
94439,1.0,0.0,0.5,none,True,True
94440,1.0,0.0,0.5,none,True,True
94441,1.0,0.0,0.5,none,True,True
94442,1.0,0.0,0.5,none,True,True
94443,1.0,0.0,0.5,none,True,True
94444,1.0,0.0,0.5,none,True,True
94445,1.0,0.0,0.5,none,True,True
94446,1.0,0.0,0.5,none,True,True
94447,1.0,0.0,0.5,none,True,True
94448,1.0,0.0,0.5,none,True,True
94449,1.0,0.0,0.5,none,True,True
94450,1.0,0.0,0.5,none,True,True
94451,1.0,0.0,0.5,none,True,True
94452,1.0,0.0,0.5,none,True,True
94453,1.0,0.0,0.5,none,True,True
94454,1.0,0.0,0.5,none,True,True
94455,1.0,0.0,0.5,none,True,True
94456,1.0,0.0,0.5,none,True,True
94457,1.0,0.0,0.5,none,True,True
94458,1.0,0.0,0.5,none,True,True
94459,1.0,0.0,0.5,none,True,True
94460,1.0,0.0,0.5,none,True,True
94461,1.0,0.0,0.5,none,True,True
94462,1.0,0.0,0.5,none,True,True
94463,1.0,0.0,0.5,none,True,True
94464,1.0,0.0,0.5,none,True,True
94465,1.0,0.0,0.5,none,True,True
94466,1.0,0.0,0.5,none,True,True
94467,1.0,0.0,0.5,none,True,True
94468,1.0,0.0,0.5,none,True,True
94469,1.0,0.0,0.5,none,True,True
94470,1.0,0.0,0.5,none,True,True
94471,1.0,0.0,0.5,none,True,True
94472,1.0,0.0,0.5,none,True,True
94473,1.0,0.0,0.5,none,True,True
94474,1.0,0.0,0.5,none,True,True
94475,1.0,0.0,0.5,none,True,True
94476,1.0,0.0,0.5,none,True,True
94477,1.0,0.0,0.5,none,True,True
94478,1.0,0.0,0.5,none,True,True
94479,1.0,0.0,0.5,none,True,True
94480,1.0,0.0,0.5,none,True,True
94481,1.0,0.0,0.5,none,True,True
94482,1.0,0.0,0.5,none,True,True
94483,1.0,0.0,0.5,none,True,True
94484,1.0,0.0,0.5,none,True,True
94485,1.0,0.0,0.5,none,True,True
94486,1.0,0.0,0.5,none,True,True
94487,1.0,0.0,0.5,none,True,True
94488,1.0,0.0,0.5,none,True,True
94489,1.0,0.0,0.5,none,True,True
94490,1.0,0.0,0.5,none,True,True
94491,1.0,0.0,0.5,none,True,True
94492,1.0,0.0,0.5,none,True,True
94493,1.0,0.0,0.5,none,True,True
94494,1.0,0.0,0.5,none,True,True
94495,1.0,0.0,0.5,none,True,True
94496,1.0,0.0,0.5,none,True,True
94497,1.0,0.0,0.5,none,True,True
94498,1.0,0.0,0.5,none,True,True
94499,1.0,0.0,0.5,none,True,True
94500,1.0,0.0061,0.5,none,True,True
94501,1.0,0.0357,0.5,none,True,True
94502,1.0,0.0812,0.5,none,True,True
94503,1.0,0.1113,0.5,none,True,True
94504,1.0,0.1253,0.5,none,True,True
94505,1.0,0.1408,0.5,none,True,True
94506,1.0,0.0907,0.5,none,True,True
94507,1.0,0.1198,0.5,none,True,True
94508,1.0,0.0467,0.5,none,True,True
94509,1.0,0.0522,0.5,none,True,True
94510,1.0,0.0405,0.5,none,True,True
94511,1.0,0.0313,0.5,none,True,True
94512,1.0,0.0083,0.5,none,True,True
94513,1.0,0.0726,0.5,none,True,True
94514,1.0,0.0793,0.5,none,True,True
94515,1.0,0.0581,0.5,none,True,True
94516,1.0,0.0955,0.5,none,True,True
94517,1.0,0.0839,0.5,none,True,True
94518,1.0,0.0648,0.5,none,True,True
94519,1.0,0.0718,0.5,none,True,True
94520,1.0,0.0589,0.5,none,True,True
94521,1.0,0.0403,0.5,none,True,True
94522,1.0,0.0327,0.5,none,True,True
94523,1.0,0.0277,0.5,none,True,True
94524,1.0,0.017,0.5,none,True,True
94525,1.0,0.0102,0.5,none,True,True
94526,1.0,0.0099,0.5,none,True,True
94527,1.0,0.008,0.5,none,True,True
94528,1.0,0.005,0.5,none,True,True
94529,1.0,0.0063,0.5,none,True,True
94530,1.0,0.009,0.5,none,True,True
94531,1.0,0.0096,0.5,none,True,True
94532,1.0,0.0108,0.5,none,True,True
94533,1.0,0.014,0.5,none,True,True
94534,1.0,0.0161,0.5,none,True,True
94535,1.0,0.0167,0.5,none,True,True
94536,1.0,0.0182,0.5,none,True,True
94537,1.0,0.0196,0.5,none,True,True
94538,1.0,0.0197,0.5,none,True,True
94539,1.0,0.0193,0.5,none,True,True
94540,1.0,0.0193,0.5,none,True,True
94541,1.0,0.0187,0.5,none,True,True
94542,1.0,0.0174,0.5,none,True,True
94543,1.0,0.0163,0.5,none,True,True
94544,1.0,0.0152,0.5,none,True,True
94545,1.0,0.0138,0.5,none,True,True
94546,1.0,0.0123,0.5,none,True,True
94547,1.0,0.0111,0.5,none,True,True
94548,1.0,0.01,0.5,none,True,True
94549,1.0,0.0088,0.5,none,True,True
94550,1.0,0.0078,0.5,none,True,True
94551,1.0,0.0071,0.5,none,True,True
94552,1.0,0.0064,0.5,none,True,True
94553,1.0,0.0057,0.5,none,True,True
94554,1.0,0.0053,0.5,none,True,True
94555,1.0,0.005,0.5,none,True,True
94556,1.0,0.0047,0.5,none,True,True
94557,1.0,0.0045,0.5,none,True,True
94558,1.0,0.0044,0.5,none,True,True
94559,1.0,0.0043,0.5,none,True,True
94560,1.0,0.0042,0.5,none,True,True
94561,1.0,0.0041,0.5,none,True,True
94562,1.0,0.004,0.5,none,True,True
94563,1.0,0.0039,0.5,none,True,True
94564,1.0,0.0038,0.5,none,True,True
94565,1.0,0.0037,0.5,none,True,True
94566,1.0,0.0035,0.5,none,True,True
94567,1.0,0.0033,0.5,none,True,True
94568,1.0,0.0032,0.5,none,True,True
94569,1.0,0.003,0.5,none,True,True
94570,1.0,0.0028,0.5,none,True,True
94571,1.0,0.0026,0.5,none,True,True
94572,1.0,0.0024,0.5,none,True,True
94573,1.0,0.0023,0.5,none,True,True
94574,1.0,0.0021,0.5,none,True,True
94575,1.0,0.0019,0.5,none,True,True
94576,1.0,0.0018,0.5,none,True,True
94577,1.0,0.0017,0.5,none,True,True
94578,1.0,0.0015,0.5,none,True,True
94579,1.0,0.0014,0.5,none,True,True
94580,1.0,0.0013,0.5,none,True,True
94581,1.0,0.0013,0.5,none,True,True
94582,1.0,0.0012,0.5,none,True,True
94583,1.0,0.0011,0.5,none,True,True
94584,1.0,0.0011,0.5,none,True,True
94585,1.0,0.001,0.5,none,True,True
94586,1.0,0.001,0.5,none,True,True
94587,1.0,0.0009,0.5,none,True,True
94588,1.0,0.0009,0.5,none,True,True
94589,1.0,0.0008,0.5,none,True,True
94590,1.0,0.0008,0.5,none,True,True
94591,1.0,0.0008,0.5,none,True,True
94592,1.0,0.0007,0.5,none,True,True
94593,1.0,0.0007,0.5,none,True,True
94594,1.0,0.0006,0.5,none,True,True
94595,1.0,0.0006,0.5,none,True,True
94596,1.0,0.0006,0.5,none,True,True
94597,1.0,0.0005,0.5,none,True,True
94598,1.0,0.0005,0.5,none,True,True
94599,1.0,0.0005,0.5,none,True,True
94600,1.0,0.0004,0.5,none,True,True
94601,1.0,0.0004,0.5,none,True,True
94602,1.0,0.0004,0.5,none,True,True
94603,1.0,0.0004,0.5,none,True,True
94604,1.0,0.0003,0.5,none,True,True
94605,1.0,0.0003,0.5,none,True,True
94606,1.0,0.0003,0.5,none,True,True
94607,1.0,0.0003,0.5,none,True,True
94608,1.0,0.0003,0.5,none,True,True
94609,1.0,0.0003,0.5,none,True,True
94610,1.0,0.0002,0.5,none,True,True
94611,1.0,0.0002,0.5,none,True,True
94612,1.0,0.0002,0.5,none,True,True
94613,1.0,0.0002,0.5,none,True,True
94614,1.0,0.0002,0.5,none,True,True
94615,1.0,0.0002,0.5,none,True,True
94616,1.0,0.0002,0.5,none,True,True
94617,1.0,0.0002,0.5,none,True,True
94618,1.0,0.0002,0.5,none,True,True
94619,1.0,0.0001,0.5,none,True,True
94620,1.0,0.0001,0.5,none,True,True
94621,1.0,0.0001,0.5,none,True,True
94622,1.0,0.0001,0.5,none,True,True
94623,1.0,0.0001,0.5,none,True,True
94624,1.0,0.0001,0.5,none,True,True
94625,1.0,0.0001,0.5,none,True,True
94626,1.0,0.0001,0.5,none,True,True
94627,1.0,0.0001,0.5,none,True,True
94628,1.0,0.0001,0.5,none,True,True
94629,1.0,0.0001,0.5,none,True,True
94630,1.0,0.0001,0.5,none,True,True
94631,1.0,0.0001,0.5,none,True,True
94632,1.0,0.0001,0.5,none,True,True
94633,1.0,0.0001,0.5,none,True,True
94634,1.0,0.0001,0.5,none,True,True
94635,1.0,0.0001,0.5,none,True,True
94636,1.0,0.0001,0.5,none,True,True
94637,1.0,0.0,0.5,none,True,True
94638,1.0,0.0,0.5,none,True,True
94639,1.0,0.0,0.5,none,True,True
94640,1.0,0.0,0.5,none,True,True
94641,1.0,0.0,0.5,none,True,True
94642,1.0,0.0,0.5,none,True,True
94643,1.0,0.0,0.5,none,True,True
94644,1.0,0.0,0.5,none,True,True
94645,1.0,0.0,0.5,none,True,True
94646,1.0,0.0,0.5,none,True,True
94647,1.0,0.0,0.5,none,True,True
94648,1.0,0.0,0.5,none,True,True
94649,1.0,0.0,0.5,none,True,True
94650,1.0,0.0,0.5,none,True,True
94651,1.0,0.0,0.5,none,True,True
94652,1.0,0.0,0.5,none,True,True
94653,1.0,0.0,0.5,none,True,True
94654,1.0,0.0,0.5,none,True,True
94655,1.0,0.0,0.5,none,True,True
94656,1.0,0.0,0.5,none,True,True
94657,1.0,0.0,0.5,none,True,True
94658,1.0,0.0,0.5,none,True,True
94659,1.0,0.0,0.5,none,True,True
94660,1.0,0.0,0.5,none,True,True
94661,1.0,0.0,0.5,none,True,True
94662,1.0,0.0,0.5,none,True,True
94663,1.0,0.0,0.5,none,True,True
94664,1.0,0.0,0.5,none,True,True
94665,1.0,0.0,0.5,none,True,True
94666,1.0,0.0,0.5,none,True,True
94667,1.0,0.0,0.5,none,True,True
94668,1.0,0.0,0.5,none,True,True
94669,1.0,0.0,0.5,none,True,True
94670,1.0,0.0,0.5,none,True,True
94671,1.0,0.0,0.5,none,True,True
94672,1.0,0.0,0.5,none,True,True
94673,1.0,0.0,0.5,none,True,True
94674,1.0,0.0,0.5,none,True,True
94675,1.0,0.0,0.5,none,True,True
94676,1.0,0.0,0.5,none,True,True
94677,1.0,0.0,0.5,none,True,True
94678,1.0,0.0,0.5,none,True,True
94679,1.0,0.0,0.5,none,True,True
94680,1.0,0.0,0.5,none,True,True
94681,1.0,0.0,0.5,none,True,True
94682,1.0,0.0,0.5,none,True,True
94683,1.0,0.0,0.5,none,True,True
94684,1.0,0.0,0.5,none,True,True
94685,1.0,0.0,0.5,none,True,True
94686,1.0,0.0,0.5,none,True,True
94687,1.0,0.0,0.5,none,True,True
94688,1.0,0.0,0.5,none,True,True
94689,1.0,0.0,0.5,none,True,True
94690,1.0,0.0,0.5,none,True,True
94691,1.0,0.0,0.5,none,True,True
94692,1.0,0.0,0.5,none,True,True
94693,1.0,0.0,0.5,none,True,True
94694,1.0,0.0,0.5,none,True,True
94695,1.0,0.0,0.5,none,True,True
94696,1.0,0.0,0.5,none,True,True
94697,1.0,0.0,0.5,none,True,True
94698,1.0,0.0,0.5,none,True,True
94699,1.0,0.0,0.5,none,True,True
94700,1.0,0.0,0.5,none,True,True
94701,1.0,0.0,0.5,none,True,True
94702,1.0,0.0,0.5,none,True,True
94703,1.0,0.0,0.5,none,True,True
94704,1.0,0.0,0.5,none,True,True
94705,1.0,0.0,0.5,none,True,True
94706,1.0,0.0,0.5,none,True,True
94707,1.0,0.0,0.5,none,True,True
94708,1.0,0.0,0.5,none,True,True
94709,1.0,0.0,0.5,none,True,True
94710,1.0,0.0,0.5,none,True,True
94711,1.0,0.0,0.5,none,True,True
94712,1.0,0.0,0.5,none,True,True
94713,1.0,0.0,0.5,none,True,True
94714,1.0,0.0,0.5,none,True,True
94715,1.0,0.0,0.5,none,True,True
94716,1.0,0.0,0.5,none,True,True
94717,1.0,0.0,0.5,none,True,True
94718,1.0,0.0,0.5,none,True,True
94719,1.0,0.0,0.5,none,True,True
94720,1.0,0.0,0.5,none,True,True
94721,1.0,0.0,0.5,none,True,True
94722,1.0,0.0,0.5,none,True,True
94723,1.0,0.0,0.5,none,True,True
94724,1.0,0.0,0.5,none,True,True
94725,1.0,0.0,0.5,none,True,True
94726,1.0,0.0,0.5,none,True,True
94727,1.0,0.0,0.5,none,True,True
94728,1.0,0.0,0.5,none,True,True
94729,1.0,0.0,0.5,none,True,True
94730,1.0,0.0,0.5,none,True,True
94731,1.0,0.0,0.5,none,True,True
94732,1.0,0.0,0.5,none,True,True
94733,1.0,0.0,0.5,none,True,True
94734,1.0,0.0,0.5,none,True,True
94735,1.0,0.0,0.5,none,True,True
94736,1.0,0.0,0.5,none,True,True
94737,1.0,0.0,0.5,none,True,True
94738,1.0,0.0,0.5,none,True,True
94739,1.0,0.0,0.5,none,True,True
94740,1.0,0.0,0.5,none,True,True
94741,1.0,0.0,0.5,none,True,True
94742,1.0,0.0,0.5,none,True,True
94743,1.0,0.0,0.5,none,True,True
94744,1.0,0.0,0.5,none,True,True
94745,1.0,0.0,0.5,none,True,True
94746,1.0,0.0,0.5,none,True,True
94747,1.0,0.0,0.5,none,True,True
94748,1.0,0.0,0.5,none,True,True
94749,1.0,0.0,0.5,none,True,True
94750,1.0,0.0,0.5,none,True,True
94751,1.0,0.0,0.5,none,True,True
94752,1.0,0.0,0.5,none,True,True
94753,1.0,0.0,0.5,none,True,True
94754,1.0,0.0,0.5,none,True,True
94755,1.0,0.0,0.5,none,True,True
94756,1.0,0.0,0.5,none,True,True
94757,1.0,0.0,0.5,none,True,True
94758,1.0,0.0,0.5,none,True,True
94759,1.0,0.0,0.5,none,True,True
94760,1.0,0.0,0.5,none,True,True
94761,1.0,0.0,0.5,none,True,True
94762,1.0,0.0,0.5,none,True,True
94763,1.0,0.0,0.5,none,True,True
94764,1.0,0.0,0.5,none,True,True
94765,1.0,0.0,0.5,none,True,True
94766,1.0,0.0,0.5,none,True,True
94767,1.0,0.0,0.5,none,True,True
94768,1.0,0.0,0.5,none,True,True
94769,1.0,0.0,0.5,none,True,True
94770,1.0,0.0,0.5,none,True,True
94771,1.0,0.0,0.5,none,True,True
94772,1.0,0.0,0.5,none,True,True
94773,1.0,0.0,0.5,none,True,True
94774,1.0,0.0,0.5,none,True,True
94775,1.0,0.0,0.5,none,True,True
94776,1.0,0.0,0.5,none,True,True
94777,1.0,0.0,0.5,none,True,True
94778,1.0,0.0,0.5,none,True,True
94779,1.0,0.0,0.5,none,True,True
94780,1.0,0.0,0.5,none,True,True
94781,1.0,0.0,0.5,none,True,True
94782,1.0,0.0,0.5,none,True,True
94783,1.0,0.0,0.5,none,True,True
94784,1.0,0.0,0.5,none,True,True
94785,1.0,0.0,0.5,none,True,True
94786,1.0,0.0,0.5,none,True,True
94787,1.0,0.0,0.5,none,True,True
94788,1.0,0.0,0.5,none,True,True
94789,1.0,0.0,0.5,none,True,True
94790,1.0,0.0,0.5,none,True,True
94791,1.0,0.0,0.5,none,True,True
94792,1.0,0.0,0.5,none,True,True
94793,1.0,0.0,0.5,none,True,True
94794,1.0,0.0,0.5,none,True,True
94795,1.0,0.0,0.5,none,True,True
94796,1.0,0.0,0.5,none,True,True
94797,1.0,0.0,0.5,none,True,True
94798,1.0,0.0,0.5,none,True,True
94799,1.0,0.0,0.5,none,True,True
94800,1.0,0.0,0.5,none,True,True
94801,1.0,0.0,0.5,none,True,True
94802,1.0,0.0,0.5,none,True,True
94803,1.0,0.0,0.5,none,True,True
94804,1.0,0.0,0.5,none,True,True
94805,1.0,0.0,0.5,none,True,True
94806,1.0,0.0,0.5,none,True,True
94807,1.0,0.0,0.5,none,True,True
94808,1.0,0.0,0.5,none,True,True
94809,1.0,0.0,0.5,none,True,True
94810,1.0,0.0,0.5,none,True,True
94811,1.0,0.0,0.5,none,True,True
94812,1.0,0.0,0.5,none,True,True
94813,1.0,0.0,0.5,none,True,True
94814,1.0,0.0,0.5,none,True,True
94815,1.0,0.0,0.5,none,True,True
94816,1.0,0.0,0.5,none,True,True
94817,1.0,0.0,0.5,none,True,True
94818,1.0,0.0,0.5,none,True,True
94819,1.0,0.0,0.5,none,True,True
94820,1.0,0.0,0.5,none,True,True
94821,1.0,0.0,0.5,none,True,True
94822,1.0,0.0,0.5,none,True,True
94823,1.0,0.0,0.5,none,True,True
94824,1.0,0.0,0.5,none,True,True
94825,1.0,0.0,0.5,none,True,True
94826,1.0,0.0,0.5,none,True,True
94827,1.0,0.0,0.5,none,True,True
94828,1.0,0.0,0.5,none,True,True
94829,1.0,0.0,0.5,none,True,True
94830,1.0,0.0,0.5,none,True,True
94831,1.0,0.0,0.5,none,True,True
94832,1.0,0.0,0.5,none,True,True
94833,1.0,0.0,0.5,none,True,True
94834,1.0,0.0,0.5,none,True,True
94835,1.0,0.0,0.5,none,True,True
94836,1.0,0.0,0.5,none,True,True
94837,1.0,0.0,0.5,none,True,True
94838,1.0,0.0,0.5,none,True,True
94839,1.0,0.0,0.5,none,True,True
94840,1.0,0.0,0.5,none,True,True
94841,1.0,0.0,0.5,none,True,True
94842,1.0,0.0,0.5,none,True,True
94843,1.0,0.0,0.5,none,True,True
94844,1.0,0.0,0.5,none,True,True
94845,1.0,0.0,0.5,none,True,True
94846,1.0,0.0,0.5,none,True,True
94847,1.0,0.0,0.5,none,True,True
94848,1.0,0.0,0.5,none,True,True
94849,1.0,0.0,0.5,none,True,True
94850,1.0,0.0,0.5,none,True,True
94851,1.0,0.0,0.5,none,True,True
94852,1.0,0.0,0.5,none,True,True
94853,1.0,0.0,0.5,none,True,True
94854,1.0,0.0,0.5,none,True,True
94855,1.0,0.0,0.5,none,True,True
94856,1.0,0.0,0.5,none,True,True
94857,1.0,0.0,0.5,none,True,True
94858,1.0,0.0,0.5,none,True,True
94859,1.0,0.0,0.5,none,True,True
94860,1.0,0.0,0.5,none,True,True
94861,1.0,0.0,0.5,none,True,True
94862,1.0,0.0,0.5,none,True,True
94863,1.0,0.0,0.5,none,True,True
94864,1.0,0.0,0.5,none,True,True
94865,1.0,0.0,0.5,none,True,True
94866,1.0,0.0,0.5,none,True,True
94867,1.0,0.0,0.5,none,True,True
94868,1.0,0.0,0.5,none,True,True
94869,1.0,0.0,0.5,none,True,True
94870,1.0,0.0,0.5,none,True,True
94871,1.0,0.0,0.5,none,True,True
94872,1.0,0.0,0.5,none,True,True
94873,1.0,0.0,0.5,none,True,True
94874,1.0,0.0,0.5,none,True,True
94875,1.0,0.0,0.5,none,True,True
94876,1.0,0.0,0.5,none,True,True
94877,1.0,0.0,0.5,none,True,True
94878,1.0,0.0,0.5,none,True,True
94879,1.0,0.0,0.5,none,True,True
94880,1.0,0.0,0.5,none,True,True
94881,1.0,0.0,0.5,none,True,True
94882,1.0,0.0,0.5,none,True,True
94883,1.0,0.0,0.5,none,True,True
94884,1.0,0.0,0.5,none,True,True
94885,1.0,0.0,0.5,none,True,True
94886,1.0,0.0,0.5,none,True,True
94887,1.0,0.0,0.5,none,True,True
94888,1.0,0.0,0.5,none,True,True
94889,1.0,0.0,0.5,none,True,True
94890,1.0,0.0,0.5,none,True,True
94891,1.0,0.0,0.5,none,True,True
94892,1.0,0.0,0.5,none,True,True
94893,1.0,0.0,0.5,none,True,True
94894,1.0,0.0,0.5,none,True,True
94895,1.0,0.0,0.5,none,True,True
94896,1.0,0.0,0.5,none,True,True
94897,1.0,0.0,0.5,none,True,True
94898,1.0,0.0,0.5,none,True,True
94899,1.0,0.0,0.5,none,True,True
94900,1.0,0.0,0.5,none,True,True
94901,1.0,0.0,0.5,none,True,True
94902,1.0,0.0,0.5,none,True,True
94903,1.0,0.0,0.5,none,True,True
94904,1.0,0.0,0.5,none,True,True
94905,1.0,0.0,0.5,none,True,True
94906,1.0,0.0,0.5,none,True,True
94907,1.0,0.0,0.5,none,True,True
94908,1.0,0.0,0.5,none,True,True
94909,1.0,0.0,0.5,none,True,True
94910,1.0,0.0,0.5,none,True,True
94911,1.0,0.0,0.5,none,True,True
94912,1.0,0.0,0.5,none,True,True
94913,1.0,0.0,0.5,none,True,True
94914,1.0,0.0,0.5,none,True,True
94915,1.0,0.0,0.5,none,True,True
94916,1.0,0.0,0.5,none,True,True
94917,1.0,0.0,0.5,none,True,True
94918,1.0,0.0,0.5,none,True,True
94919,1.0,0.0,0.5,none,True,True
94920,1.0,0.0,0.5,none,True,True
94921,1.0,0.0,0.5,none,True,True
94922,1.0,0.0,0.5,none,True,True
94923,1.0,0.0,0.5,none,True,True
94924,1.0,0.0,0.5,none,True,True
94925,1.0,0.0,0.5,none,True,True
94926,1.0,0.0,0.5,none,True,True
94927,1.0,0.0,0.5,none,True,True
94928,1.0,0.0,0.5,none,True,True
94929,1.0,0.0,0.5,none,True,True
94930,1.0,0.0,0.5,none,True,True
94931,1.0,0.0,0.5,none,True,True
94932,1.0,0.0,0.5,none,True,True
94933,1.0,0.0,0.5,none,True,True
94934,1.0,0.0,0.5,none,True,True
94935,1.0,0.0,0.5,none,True,True
94936,1.0,0.0,0.5,none,True,True
94937,1.0,0.0,0.5,none,True,True
94938,1.0,0.0,0.5,none,True,True
94939,1.0,0.0,0.5,none,True,True
94940,1.0,0.0,0.5,none,True,True
94941,1.0,0.0,0.5,none,True,True
94942,1.0,0.0,0.5,none,True,True
94943,1.0,0.0,0.5,none,True,True
94944,1.0,0.0,0.5,none,True,True
94945,1.0,0.0,0.5,none,True,True
94946,1.0,0.0,0.5,none,True,True
94947,1.0,0.0,0.5,none,True,True
94948,1.0,0.0,0.5,none,True,True
94949,1.0,0.0,0.5,none,True,True
94950,1.0,0.0,0.5,none,True,True
94951,1.0,0.0,0.5,none,True,True
94952,1.0,0.0,0.5,none,True,True
94953,1.0,0.0,0.5,none,True,True
94954,1.0,0.0,0.5,none,True,True
94955,1.0,0.0,0.5,none,True,True
94956,1.0,0.0,0.5,none,True,True
94957,1.0,0.0,0.5,none,True,True
94958,1.0,0.0,0.5,none,True,True
94959,1.0,0.0,0.5,none,True,True
94960,1.0,0.0,0.5,none,True,True
94961,1.0,0.0,0.5,none,True,True
94962,1.0,0.0,0.5,none,True,True
94963,1.0,0.0,0.5,none,True,True
94964,1.0,0.0,0.5,none,True,True
94965,1.0,0.0,0.5,none,True,True
94966,1.0,0.0,0.5,none,True,True
94967,1.0,0.0,0.5,none,True,True
94968,1.0,0.0,0.5,none,True,True
94969,1.0,0.0,0.5,none,True,True
94970,1.0,0.0,0.5,none,True,True
94971,1.0,0.0,0.5,none,True,True
94972,1.0,0.0,0.5,none,True,True
94973,1.0,0.0,0.5,none,True,True
94974,1.0,0.0,0.5,none,True,True
94975,1.0,0.0,0.5,none,True,True
94976,1.0,0.0,0.5,none,True,True
94977,1.0,0.0,0.5,none,True,True
94978,1.0,0.0,0.5,none,True,True
94979,1.0,0.0,0.5,none,True,True
94980,1.0,0.0,0.5,none,True,True
94981,1.0,0.0,0.5,none,True,True
94982,1.0,0.0,0.5,none,True,True
94983,1.0,0.0,0.5,none,True,True
94984,1.0,0.0,0.5,none,True,True
94985,1.0,0.0,0.5,none,True,True
94986,1.0,0.0,0.5,none,True,True
94987,1.0,0.0,0.5,none,True,True
94988,1.0,0.0,0.5,none,True,True
94989,1.0,0.0,0.5,none,True,True
94990,1.0,0.0,0.5,none,True,True
94991,1.0,0.0,0.5,none,True,True
94992,1.0,0.0,0.5,none,True,True
94993,1.0,0.0,0.5,none,True,True
94994,1.0,0.0,0.5,none,True,True
94995,1.0,0.0,0.5,none,True,True
94996,1.0,0.0,0.5,none,True,True
94997,1.0,0.0,0.5,none,True,True
94998,1.0,0.0,0.5,none,True,True
94999,1.0,0.0,0.5,none,True,True
95000,1.0,0.0,0.5,none,True,True
95001,1.0,0.0,0.5,none,True,True
95002,1.0,0.0,0.5,none,True,True
95003,1.0,0.0,0.5,none,True,True
95004,1.0,0.0,0.5,none,True,True
95005,1.0,0.0,0.5,none,True,True
95006,1.0,0.0,0.5,none,True,True
95007,1.0,0.0,0.5,none,True,True
95008,1.0,0.0,0.5,none,True,True
95009,1.0,0.0,0.5,none,True,True
95010,1.0,0.0,0.5,none,True,True
95011,1.0,0.0,0.5,none,True,True
95012,1.0,0.0,0.5,none,True,True
95013,1.0,0.0,0.5,none,True,True
95014,1.0,0.0,0.5,none,True,True
95015,1.0,0.0,0.5,none,True,True
95016,1.0,0.0,0.5,none,True,True
95017,1.0,0.0,0.5,none,True,True
95018,1.0,0.0,0.5,none,True,True
95019,1.0,0.0,0.5,none,True,True
95020,1.0,0.0,0.5,none,True,True
95021,1.0,0.0,0.5,none,True,True
95022,1.0,0.0,0.5,none,True,True
95023,1.0,0.0,0.5,none,True,True
95024,1.0,0.0,0.5,none,True,True
95025,1.0,0.0,0.5,none,True,True
95026,1.0,0.0,0.5,none,True,True
95027,1.0,0.0,0.5,none,True,True
95028,1.0,0.0,0.5,none,True,True
95029,1.0,0.0,0.5,none,True,True
95030,1.0,0.0,0.5,none,True,True
95031,1.0,0.0,0.5,none,True,True
95032,1.0,0.0,0.5,none,True,True
95033,1.0,0.0,0.5,none,True,True
95034,1.0,0.0,0.5,none,True,True
95035,1.0,0.0,0.5,none,True,True
95036,1.0,0.0,0.5,none,True,True
95037,1.0,0.0,0.5,none,True,True
95038,1.0,0.0,0.5,none,True,True
95039,1.0,0.0,0.5,none,True,True
95040,1.0,0.0,0.5,none,True,True
95041,1.0,0.0,0.5,none,True,True
95042,1.0,0.0,0.5,none,True,True
95043,1.0,0.0,0.5,none,True,True
95044,1.0,0.0,0.5,none,True,True
95045,1.0,0.0,0.5,none,True,True
95046,1.0,0.0,0.5,none,True,True
95047,1.0,0.0,0.5,none,True,True
95048,1.0,0.0,0.5,none,True,True
95049,1.0,0.0,0.5,none,True,True
95050,1.0,0.0,0.5,none,True,True
95051,1.0,0.0,0.5,none,True,True
95052,1.0,0.0,0.5,none,True,True
95053,1.0,0.0,0.5,none,True,True
95054,1.0,0.0,0.5,none,True,True
95055,1.0,0.0,0.5,none,True,True
95056,1.0,0.0,0.5,none,True,True
95057,1.0,0.0,0.5,none,True,True
95058,1.0,0.0,0.5,none,True,True
95059,1.0,0.0,0.5,none,True,True
95060,1.0,0.0,0.5,none,True,True
95061,1.0,0.0,0.5,none,True,True
95062,1.0,0.0,0.5,none,True,True
95063,1.0,0.0,0.5,none,True,True
95064,1.0,0.0,0.5,none,True,True
95065,1.0,0.0,0.5,none,True,True
95066,1.0,0.0,0.5,none,True,True
95067,1.0,0.0,0.5,none,True,True
95068,1.0,0.0,0.5,none,True,True
95069,1.0,0.0,0.5,none,True,True
95070,1.0,0.0,0.5,none,True,True
95071,1.0,0.0,0.5,none,True,True
95072,1.0,0.0,0.5,none,True,True
95073,1.0,0.0,0.5,none,True,True
95074,1.0,0.0,0.5,none,True,True
95075,1.0,0.0,0.5,none,True,True
95076,1.0,0.0,0.5,none,True,True
95077,1.0,0.0,0.5,none,True,True
95078,1.0,0.0,0.5,none,True,True
95079,1.0,0.0,0.5,none,True,True
95080,1.0,0.0,0.5,none,True,True
95081,1.0,0.0,0.5,none,True,True
95082,1.0,0.0,0.5,none,True,True
95083,1.0,0.0,0.5,none,True,True
95084,1.0,0.0,0.5,none,True,True
95085,1.0,0.0,0.5,none,True,True
95086,1.0,0.0,0.5,none,True,True
95087,1.0,0.0,0.5,none,True,True
95088,1.0,0.0,0.5,none,True,True
95089,1.0,0.0,0.5,none,True,True
95090,1.0,0.0,0.5,none,True,True
95091,1.0,0.0,0.5,none,True,True
95092,1.0,0.0,0.5,none,True,True
95093,1.0,0.0,0.5,none,True,True
95094,1.0,0.0,0.5,none,True,True
95095,1.0,0.0,0.5,none,True,True
95096,1.0,0.0,0.5,none,True,True
95097,1.0,0.0,0.5,none,True,True
95098,1.0,0.0,0.5,none,True,True
95099,1.0,0.0,0.5,none,True,True
95100,1.0,0.0,0.5,none,True,True
95101,1.0,0.0,0.5,none,True,True
95102,1.0,0.0,0.5,none,True,True
95103,1.0,0.0,0.5,none,True,True
95104,1.0,0.0,0.5,none,True,True
95105,1.0,0.0,0.5,none,True,True
95106,1.0,0.0,0.5,none,True,True
95107,1.0,0.0,0.5,none,True,True
95108,1.0,0.0,0.5,none,True,True
95109,1.0,0.0,0.5,none,True,True
95110,1.0,0.0,0.5,none,True,True
95111,1.0,0.0,0.5,none,True,True
95112,1.0,0.0,0.5,none,True,True
95113,1.0,0.0,0.5,none,True,True
95114,1.0,0.0,0.5,none,True,True
95115,1.0,0.0,0.5,none,True,True
95116,1.0,0.0,0.5,none,True,True
95117,1.0,0.0,0.5,none,True,True
95118,1.0,0.0,0.5,none,True,True
95119,1.0,0.0,0.5,none,True,True
95120,1.0,0.0,0.5,none,True,True
95121,1.0,0.0,0.5,none,True,True
95122,1.0,0.0,0.5,none,True,True
95123,1.0,0.0,0.5,none,True,True
95124,1.0,0.0,0.5,none,True,True
95125,1.0,0.0,0.5,none,True,True
95126,1.0,0.0,0.5,none,True,True
95127,1.0,0.0,0.5,none,True,True
95128,1.0,0.0,0.5,none,True,True
95129,1.0,0.0,0.5,none,True,True
95130,1.0,0.0,0.5,none,True,True
95131,1.0,0.0,0.5,none,True,True
95132,1.0,0.0,0.5,none,True,True
95133,1.0,0.0,0.5,none,True,True
95134,1.0,0.0,0.5,none,True,True
95135,1.0,0.0,0.5,none,True,True
95136,1.0,0.0,0.5,none,True,True
95137,1.0,0.0,0.5,none,True,True
95138,1.0,0.0,0.5,none,True,True
95139,1.0,0.0,0.5,none,True,True
95140,1.0,0.0,0.5,none,True,True
95141,1.0,0.0,0.5,none,True,True
95142,1.0,0.0,0.5,none,True,True
95143,1.0,0.0,0.5,none,True,True
95144,1.0,0.0,0.5,none,True,True
95145,1.0,0.0,0.5,none,True,True
95146,1.0,0.0,0.5,none,True,True
95147,1.0,0.0,0.5,none,True,True
95148,1.0,0.0,0.5,none,True,True
95149,1.0,0.0,0.5,none,True,True
95150,1.0,0.0,0.5,none,True,True
95151,1.0,0.0,0.5,none,True,True
95152,1.0,0.0,0.5,none,True,True
95153,1.0,0.0,0.5,none,True,True
95154,1.0,0.0,0.5,none,True,True
95155,1.0,0.0,0.5,none,True,True
95156,1.0,0.0,0.5,none,True,True
95157,1.0,0.0,0.5,none,True,True
95158,1.0,0.0,0.5,none,True,True
95159,1.0,0.0,0.5,none,True,True
95160,1.0,0.0,0.5,none,True,True
95161,1.0,0.0,0.5,none,True,True
95162,1.0,0.0,0.5,none,True,True
95163,1.0,0.0,0.5,none,True,True
95164,1.0,0.0,0.5,none,True,True
95165,1.0,0.0,0.5,none,True,True
95166,1.0,0.0,0.5,none,True,True
95167,1.0,0.0,0.5,none,True,True
95168,1.0,0.0,0.5,none,True,True
95169,1.0,0.0,0.5,none,True,True
95170,1.0,0.0,0.5,none,True,True
95171,1.0,0.0,0.5,none,True,True
95172,1.0,0.0,0.5,none,True,True
95173,1.0,0.0,0.5,none,True,True
95174,1.0,0.0,0.5,none,True,True
95175,1.0,0.0,0.5,none,True,True
95176,1.0,0.0,0.5,none,True,True
95177,1.0,0.0,0.5,none,True,True
95178,1.0,0.0,0.5,none,True,True
95179,1.0,0.0,0.5,none,True,True
95180,1.0,0.0,0.5,none,True,True
95181,1.0,0.0,0.5,none,True,True
95182,1.0,0.0,0.5,none,True,True
95183,1.0,0.0,0.5,none,True,True
95184,1.0,0.0,0.5,none,True,True
95185,1.0,0.0,0.5,none,True,True
95186,1.0,0.0,0.5,none,True,True
95187,1.0,0.0,0.5,none,True,True
95188,1.0,0.0,0.5,none,True,True
95189,1.0,0.0,0.5,none,True,True
95190,1.0,0.0,0.5,none,True,True
95191,1.0,0.0,0.5,none,True,True
95192,1.0,0.0,0.5,none,True,True
95193,1.0,0.0,0.5,none,True,True
95194,1.0,0.0,0.5,none,True,True
95195,1.0,0.0,0.5,none,True,True
95196,1.0,0.0,0.5,none,True,True
95197,1.0,0.0,0.5,none,True,True
95198,1.0,0.0,0.5,none,True,True
95199,1.0,0.0,0.5,none,True,True
95200,1.0,0.0061,0.5,none,True,True
95201,1.0,0.0357,0.5,none,True,True
95202,1.0,0.0812,0.5,none,True,True
95203,1.0,0.1113,0.5,none,True,True
95204,1.0,0.1253,0.5,none,True,True
95205,1.0,0.1408,0.5,none,True,True
95206,1.0,0.0907,0.5,none,True,True
95207,1.0,0.1198,0.5,none,True,True
95208,1.0,0.0467,0.5,none,True,True
95209,1.0,0.0522,0.5,none,True,True
95210,1.0,0.0405,0.5,none,True,True
95211,1.0,0.0313,0.5,none,True,True
95212,1.0,0.0083,0.5,none,True,True
95213,1.0,0.0726,0.5,none,True,True
95214,1.0,0.0793,0.5,none,True,True
95215,1.0,0.0581,0.5,none,True,True
95216,1.0,0.0955,0.5,none,True,True
95217,1.0,0.0839,0.5,none,True,True
95218,1.0,0.0648,0.5,none,True,True
95219,1.0,0.0718,0.5,none,True,True
95220,1.0,0.0589,0.5,none,True,True
95221,1.0,0.0403,0.5,none,True,True
95222,1.0,0.0327,0.5,none,True,True
95223,1.0,0.0277,0.5,none,True,True
95224,1.0,0.017,0.5,none,True,True
95225,1.0,0.0102,0.5,none,True,True
95226,1.0,0.0099,0.5,none,True,True
95227,1.0,0.008,0.5,none,True,True
95228,1.0,0.005,0.5,none,True,True
95229,1.0,0.0063,0.5,none,True,True
95230,1.0,0.009,0.5,none,True,True
95231,1.0,0.0096,0.5,none,True,True
95232,1.0,0.0108,0.5,none,True,True
95233,1.0,0.014,0.5,none,True,True
95234,1.0,0.0161,0.5,none,True,True
95235,1.0,0.0167,0.5,none,True,True
95236,1.0,0.0182,0.5,none,True,True
95237,1.0,0.0196,0.5,none,True,True
95238,1.0,0.0197,0.5,none,True,True
95239,1.0,0.0193,0.5,none,True,True
95240,1.0,0.0193,0.5,none,True,True
95241,1.0,0.0187,0.5,none,True,True
95242,1.0,0.0174,0.5,none,True,True
95243,1.0,0.0163,0.5,none,True,True
95244,1.0,0.0152,0.5,none,True,True
95245,1.0,0.0138,0.5,none,True,True
95246,1.0,0.0123,0.5,none,True,True
95247,1.0,0.0111,0.5,none,True,True
95248,1.0,0.01,0.5,none,True,True
95249,1.0,0.0088,0.5,none,True,True
95250,1.0,0.0078,0.5,none,True,True
95251,1.0,0.0071,0.5,none,True,True
95252,1.0,0.0064,0.5,none,True,True
95253,1.0,0.0057,0.5,none,True,True
95254,1.0,0.0053,0.5,none,True,True
95255,1.0,0.005,0.5,none,True,True
95256,1.0,0.0047,0.5,none,True,True
95257,1.0,0.0045,0.5,none,True,True
95258,1.0,0.0044,0.5,none,True,True
95259,1.0,0.0043,0.5,none,True,True
95260,1.0,0.0042,0.5,none,True,True
95261,1.0,0.0041,0.5,none,True,True
95262,1.0,0.004,0.5,none,True,True
95263,1.0,0.0039,0.5,none,True,True
95264,1.0,0.0038,0.5,none,True,True
95265,1.0,0.0037,0.5,none,True,True
95266,1.0,0.0035,0.5,none,True,True
95267,1.0,0.0033,0.5,none,True,True
95268,1.0,0.0032,0.5,none,True,True
95269,1.0,0.003,0.5,none,True,True
95270,1.0,0.0028,0.5,none,True,True
95271,1.0,0.0026,0.5,none,True,True
95272,1.0,0.0024,0.5,none,True,True
95273,1.0,0.0023,0.5,none,True,True
95274,1.0,0.0021,0.5,none,True,True
95275,1.0,0.0019,0.5,none,True,True
95276,1.0,0.0018,0.5,none,True,True
95277,1.0,0.0017,0.5,none,True,True
95278,1.0,0.0015,0.5,none,True,True
95279,1.0,0.0014,0.5,none,True,True
95280,1.0,0.0013,0.5,none,True,True
95281,1.0,0.0013,0.5,none,True,True
95282,1.0,0.0012,0.5,none,True,True
95283,1.0,0.0011,0.5,none,True,True
95284,1.0,0.0011,0.5,none,True,True
95285,1.0,0.001,0.5,none,True,True
95286,1.0,0.001,0.5,none,True,True
95287,1.0,0.0009,0.5,none,True,True
95288,1.0,0.0009,0.5,none,True,True
95289,1.0,0.0008,0.5,none,True,True
95290,1.0,0.0008,0.5,none,True,True
95291,1.0,0.0008,0.5,none,True,True
95292,1.0,0.0007,0.5,none,True,True
95293,1.0,0.0007,0.5,none,True,True
95294,1.0,0.0006,0.5,none,True,True
95295,1.0,0.0006,0.5,none,True,True
95296,1.0,0.0006,0.5,none,True,True
95297,1.0,0.0005,0.5,none,True,True
95298,1.0,0.0005,0.5,none,True,True
95299,1.0,0.0005,0.5,none,True,True
95300,1.0,0.0004,0.5,none,True,True
95301,1.0,0.0004,0.5,none,True,True
95302,1.0,0.0004,0.5,none,True,True
95303,1.0,0.0004,0.5,none,True,True
95304,1.0,0.0003,0.5,none,True,True
95305,1.0,0.0003,0.5,none,True,True
95306,1.0,0.0003,0.5,none,True,True
95307,1.0,0.0003,0.5,none,True,True
95308,1.0,0.0003,0.5,none,True,True
95309,1.0,0.0003,0.5,none,True,True
95310,1.0,0.0002,0.5,none,True,True
95311,1.0,0.0002,0.5,none,True,True
95312,1.0,0.0002,0.5,none,True,True
95313,1.0,0.0002,0.5,none,True,True
95314,1.0,0.0002,0.5,none,True,True
95315,1.0,0.0002,0.5,none,True,True
95316,1.0,0.0002,0.5,none,True,True
95317,1.0,0.0002,0.5,none,True,True
95318,1.0,0.0002,0.5,none,True,True
95319,1.0,0.0001,0.5,none,True,True
95320,1.0,0.0001,0.5,none,True,True
95321,1.0,0.0001,0.5,none,True,True
95322,1.0,0.0001,0.5,none,True,True
95323,1.0,0.0001,0.5,none,True,True
95324,1.0,0.0001,0.5,none,True,True
95325,1.0,0.0001,0.5,none,True,True
95326,1.0,0.0001,0.5,none,True,True
95327,1.0,0.0001,0.5,none,True,True
95328,1.0,0.0001,0.5,none,True,True
95329,1.0,0.0001,0.5,none,True,True
95330,1.0,0.0001,0.5,none,True,True
95331,1.0,0.0001,0.5,none,True,True
95332,1.0,0.0001,0.5,none,True,True
95333,1.0,0.0001,0.5,none,True,True
95334,1.0,0.0001,0.5,none,True,True
95335,1.0,0.0001,0.5,none,True,True
95336,1.0,0.0001,0.5,none,True,True
95337,1.0,0.0,0.5,none,True,True
95338,1.0,0.0,0.5,none,True,True
95339,1.0,0.0,0.5,none,True,True
95340,1.0,0.0,0.5,none,True,True
95341,1.0,0.0,0.5,none,True,True
95342,1.0,0.0,0.5,none,True,True
95343,1.0,0.0,0.5,none,True,True
95344,1.0,0.0,0.5,none,True,True
95345,1.0,0.0,0.5,none,True,True
95346,1.0,0.0,0.5,none,True,True
95347,1.0,0.0,0.5,none,True,True
95348,1.0,0.0,0.5,none,True,True
95349,1.0,0.0,0.5,none,True,True
95350,1.0,0.0,0.5,none,True,True
95351,1.0,0.0,0.5,none,True,True
95352,1.0,0.0,0.5,none,True,True
95353,1.0,0.0,0.5,none,True,True
95354,1.0,0.0,0.5,none,True,True
95355,1.0,0.0,0.5,none,True,True
95356,1.0,0.0,0.5,none,True,True
95357,1.0,0.0,0.5,none,True,True
95358,1.0,0.0,0.5,none,True,True
95359,1.0,0.0,0.5,none,True,True
95360,1.0,0.0,0.5,none,True,True
95361,1.0,0.0,0.5,none,True,True
95362,1.0,0.0,0.5,none,True,True
95363,1.0,0.0,0.5,none,True,True
95364,1.0,0.0,0.5,none,True,True
95365,1.0,0.0,0.5,none,True,True
95366,1.0,0.0,0.5,none,True,True
95367,1.0,0.0,0.5,none,True,True
95368,1.0,0.0,0.5,none,True,True
95369,1.0,0.0,0.5,none,True,True
95370,1.0,0.0,0.5,none,True,True
95371,1.0,0.0,0.5,none,True,True
95372,1.0,0.0,0.5,none,True,True
95373,1.0,0.0,0.5,none,True,True
95374,1.0,0.0,0.5,none,True,True
95375,1.0,0.0,0.5,none,True,True
95376,1.0,0.0,0.5,none,True,True
95377,1.0,0.0,0.5,none,True,True
95378,1.0,0.0,0.5,none,True,True
95379,1.0,0.0,0.5,none,True,True
95380,1.0,0.0,0.5,none,True,True
95381,1.0,0.0,0.5,none,True,True
95382,1.0,0.0,0.5,none,True,True
95383,1.0,0.0,0.5,none,True,True
95384,1.0,0.0,0.5,none,True,True
95385,1.0,0.0,0.5,none,True,True
95386,1.0,0.0,0.5,none,True,True
95387,1.0,0.0,0.5,none,True,True
95388,1.0,0.0,0.5,none,True,True
95389,1.0,0.0,0.5,none,True,True
95390,1.0,0.0,0.5,none,True,True
95391,1.0,0.0,0.5,none,True,True
95392,1.0,0.0,0.5,none,True,True
95393,1.0,0.0,0.5,none,True,True
95394,1.0,0.0,0.5,none,True,True
95395,1.0,0.0,0.5,none,True,True
95396,1.0,0.0,0.5,none,True,True
95397,1.0,0.0,0.5,none,True,True
95398,1.0,0.0,0.5,none,True,True
95399,1.0,0.0,0.5,none,True,True
95400,1.0,0.0,0.5,none,True,True
95401,1.0,0.0,0.5,none,True,True
95402,1.0,0.0,0.5,none,True,True
95403,1.0,0.0,0.5,none,True,True
95404,1.0,0.0,0.5,none,True,True
95405,1.0,0.0,0.5,none,True,True
95406,1.0,0.0,0.5,none,True,True
95407,1.0,0.0,0.5,none,True,True
95408,1.0,0.0,0.5,none,True,True
95409,1.0,0.0,0.5,none,True,True
95410,1.0,0.0,0.5,none,True,True
95411,1.0,0.0,0.5,none,True,True
95412,1.0,0.0,0.5,none,True,True
95413,1.0,0.0,0.5,none,True,True
95414,1.0,0.0,0.5,none,True,True
95415,1.0,0.0,0.5,none,True,True
95416,1.0,0.0,0.5,none,True,True
95417,1.0,0.0,0.5,none,True,True
95418,1.0,0.0,0.5,none,True,True
95419,1.0,0.0,0.5,none,True,True
95420,1.0,0.0,0.5,none,True,True
95421,1.0,0.0,0.5,none,True,True
95422,1.0,0.0,0.5,none,True,True
95423,1.0,0.0,0.5,none,True,True
95424,1.0,0.0,0.5,none,True,True
95425,1.0,0.0,0.5,none,True,True
95426,1.0,0.0,0.5,none,True,True
95427,1.0,0.0,0.5,none,True,True
95428,1.0,0.0,0.5,none,True,True
95429,1.0,0.0,0.5,none,True,True
95430,1.0,0.0,0.5,none,True,True
95431,1.0,0.0,0.5,none,True,True
95432,1.0,0.0,0.5,none,True,True
95433,1.0,0.0,0.5,none,True,True
95434,1.0,0.0,0.5,none,True,True
95435,1.0,0.0,0.5,none,True,True
95436,1.0,0.0,0.5,none,True,True
95437,1.0,0.0,0.5,none,True,True
95438,1.0,0.0,0.5,none,True,True
95439,1.0,0.0,0.5,none,True,True
95440,1.0,0.0,0.5,none,True,True
95441,1.0,0.0,0.5,none,True,True
95442,1.0,0.0,0.5,none,True,True
95443,1.0,0.0,0.5,none,True,True
95444,1.0,0.0,0.5,none,True,True
95445,1.0,0.0,0.5,none,True,True
95446,1.0,0.0,0.5,none,True,True
95447,1.0,0.0,0.5,none,True,True
95448,1.0,0.0,0.5,none,True,True
95449,1.0,0.0,0.5,none,True,True
95450,1.0,0.0,0.5,none,True,True
95451,1.0,0.0,0.5,none,True,True
95452,1.0,0.0,0.5,none,True,True
95453,1.0,0.0,0.5,none,True,True
95454,1.0,0.0,0.5,none,True,True
95455,1.0,0.0,0.5,none,True,True
95456,1.0,0.0,0.5,none,True,True
95457,1.0,0.0,0.5,none,True,True
95458,1.0,0.0,0.5,none,True,True
95459,1.0,0.0,0.5,none,True,True
95460,1.0,0.0,0.5,none,True,True
95461,1.0,0.0,0.5,none,True,True
95462,1.0,0.0,0.5,none,True,True
95463,1.0,0.0,0.5,none,True,True
95464,1.0,0.0,0.5,none,True,True
95465,1.0,0.0,0.5,none,True,True
95466,1.0,0.0,0.5,none,True,True
95467,1.0,0.0,0.5,none,True,True
95468,1.0,0.0,0.5,none,True,True
95469,1.0,0.0,0.5,none,True,True
95470,1.0,0.0,0.5,none,True,True
95471,1.0,0.0,0.5,none,True,True
95472,1.0,0.0,0.5,none,True,True
95473,1.0,0.0,0.5,none,True,True
95474,1.0,0.0,0.5,none,True,True
95475,1.0,0.0,0.5,none,True,True
95476,1.0,0.0,0.5,none,True,True
95477,1.0,0.0,0.5,none,True,True
95478,1.0,0.0,0.5,none,True,True
95479,1.0,0.0,0.5,none,True,True
95480,1.0,0.0,0.5,none,True,True
95481,1.0,0.0,0.5,none,True,True
95482,1.0,0.0,0.5,none,True,True
95483,1.0,0.0,0.5,none,True,True
95484,1.0,0.0,0.5,none,True,True
95485,1.0,0.0,0.5,none,True,True
95486,1.0,0.0,0.5,none,True,True
95487,1.0,0.0,0.5,none,True,True
95488,1.0,0.0,0.5,none,True,True
95489,1.0,0.0,0.5,none,True,True
95490,1.0,0.0,0.5,none,True,True
95491,1.0,0.0,0.5,none,True,True
95492,1.0,0.0,0.5,none,True,True
95493,1.0,0.0,0.5,none,True,True
95494,1.0,0.0,0.5,none,True,True
95495,1.0,0.0,0.5,none,True,True
95496,1.0,0.0,0.5,none,True,True
95497,1.0,0.0,0.5,none,True,True
95498,1.0,0.0,0.5,none,True,True
95499,1.0,0.0,0.5,none,True,True
95500,1.0,0.0,0.5,none,True,True
95501,1.0,0.0,0.5,none,True,True
95502,1.0,0.0,0.5,none,True,True
95503,1.0,0.0,0.5,none,True,True
95504,1.0,0.0,0.5,none,True,True
95505,1.0,0.0,0.5,none,True,True
95506,1.0,0.0,0.5,none,True,True
95507,1.0,0.0,0.5,none,True,True
95508,1.0,0.0,0.5,none,True,True
95509,1.0,0.0,0.5,none,True,True
95510,1.0,0.0,0.5,none,True,True
95511,1.0,0.0,0.5,none,True,True
95512,1.0,0.0,0.5,none,True,True
95513,1.0,0.0,0.5,none,True,True
95514,1.0,0.0,0.5,none,True,True
95515,1.0,0.0,0.5,none,True,True
95516,1.0,0.0,0.5,none,True,True
95517,1.0,0.0,0.5,none,True,True
95518,1.0,0.0,0.5,none,True,True
95519,1.0,0.0,0.5,none,True,True
95520,1.0,0.0,0.5,none,True,True
95521,1.0,0.0,0.5,none,True,True
95522,1.0,0.0,0.5,none,True,True
95523,1.0,0.0,0.5,none,True,True
95524,1.0,0.0,0.5,none,True,True
95525,1.0,0.0,0.5,none,True,True
95526,1.0,0.0,0.5,none,True,True
95527,1.0,0.0,0.5,none,True,True
95528,1.0,0.0,0.5,none,True,True
95529,1.0,0.0,0.5,none,True,True
95530,1.0,0.0,0.5,none,True,True
95531,1.0,0.0,0.5,none,True,True
95532,1.0,0.0,0.5,none,True,True
95533,1.0,0.0,0.5,none,True,True
95534,1.0,0.0,0.5,none,True,True
95535,1.0,0.0,0.5,none,True,True
95536,1.0,0.0,0.5,none,True,True
95537,1.0,0.0,0.5,none,True,True
95538,1.0,0.0,0.5,none,True,True
95539,1.0,0.0,0.5,none,True,True
95540,1.0,0.0,0.5,none,True,True
95541,1.0,0.0,0.5,none,True,True
95542,1.0,0.0,0.5,none,True,True
95543,1.0,0.0,0.5,none,True,True
95544,1.0,0.0,0.5,none,True,True
95545,1.0,0.0,0.5,none,True,True
95546,1.0,0.0,0.5,none,True,True
95547,1.0,0.0,0.5,none,True,True
95548,1.0,0.0,0.5,none,True,True
95549,1.0,0.0,0.5,none,True,True
95550,1.0,0.0,0.5,none,True,True
95551,1.0,0.0,0.5,none,True,True
95552,1.0,0.0,0.5,none,True,True
95553,1.0,0.0,0.5,none,True,True
95554,1.0,0.0,0.5,none,True,True
95555,1.0,0.0,0.5,none,True,True
95556,1.0,0.0,0.5,none,True,True
95557,1.0,0.0,0.5,none,True,True
95558,1.0,0.0,0.5,none,True,True
95559,1.0,0.0,0.5,none,True,True
95560,1.0,0.0,0.5,none,True,True
95561,1.0,0.0,0.5,none,True,True
95562,1.0,0.0,0.5,none,True,True
95563,1.0,0.0,0.5,none,True,True
95564,1.0,0.0,0.5,none,True,True
95565,1.0,0.0,0.5,none,True,True
95566,1.0,0.0,0.5,none,True,True
95567,1.0,0.0,0.5,none,True,True
95568,1.0,0.0,0.5,none,True,True
95569,1.0,0.0,0.5,none,True,True
95570,1.0,0.0,0.5,none,True,True
95571,1.0,0.0,0.5,none,True,True
95572,1.0,0.0,0.5,none,True,True
95573,1.0,0.0,0.5,none,True,True
95574,1.0,0.0,0.5,none,True,True
95575,1.0,0.0,0.5,none,True,True
95576,1.0,0.0,0.5,none,True,True
95577,1.0,0.0,0.5,none,True,True
95578,1.0,0.0,0.5,none,True,True
95579,1.0,0.0,0.5,none,True,True
95580,1.0,0.0,0.5,none,True,True
95581,1.0,0.0,0.5,none,True,True
95582,1.0,0.0,0.5,none,True,True
95583,1.0,0.0,0.5,none,True,True
95584,1.0,0.0,0.5,none,True,True
95585,1.0,0.0,0.5,none,True,True
95586,1.0,0.0,0.5,none,True,True
95587,1.0,0.0,0.5,none,True,True
95588,1.0,0.0,0.5,none,True,True
95589,1.0,0.0,0.5,none,True,True
95590,1.0,0.0,0.5,none,True,True
95591,1.0,0.0,0.5,none,True,True
95592,1.0,0.0,0.5,none,True,True
95593,1.0,0.0,0.5,none,True,True
95594,1.0,0.0,0.5,none,True,True
95595,1.0,0.0,0.5,none,True,True
95596,1.0,0.0,0.5,none,True,True
95597,1.0,0.0,0.5,none,True,True
95598,1.0,0.0,0.5,none,True,True
95599,1.0,0.0,0.5,none,True,True
95600,1.0,0.0,0.5,none,True,True
95601,1.0,0.0,0.5,none,True,True
95602,1.0,0.0,0.5,none,True,True
95603,1.0,0.0,0.5,none,True,True
95604,1.0,0.0,0.5,none,True,True
95605,1.0,0.0,0.5,none,True,True
95606,1.0,0.0,0.5,none,True,True
95607,1.0,0.0,0.5,none,True,True
95608,1.0,0.0,0.5,none,True,True
95609,1.0,0.0,0.5,none,True,True
95610,1.0,0.0,0.5,none,True,True
95611,1.0,0.0,0.5,none,True,True
95612,1.0,0.0,0.5,none,True,True
95613,1.0,0.0,0.5,none,True,True
95614,1.0,0.0,0.5,none,True,True
95615,1.0,0.0,0.5,none,True,True
95616,1.0,0.0,0.5,none,True,True
95617,1.0,0.0,0.5,none,True,True
95618,1.0,0.0,0.5,none,True,True
95619,1.0,0.0,0.5,none,True,True
95620,1.0,0.0,0.5,none,True,True
95621,1.0,0.0,0.5,none,True,True
95622,1.0,0.0,0.5,none,True,True
95623,1.0,0.0,0.5,none,True,True
95624,1.0,0.0,0.5,none,True,True
95625,1.0,0.0,0.5,none,True,True
95626,1.0,0.0,0.5,none,True,True
95627,1.0,0.0,0.5,none,True,True
95628,1.0,0.0,0.5,none,True,True
95629,1.0,0.0,0.5,none,True,True
95630,1.0,0.0,0.5,none,True,True
95631,1.0,0.0,0.5,none,True,True
95632,1.0,0.0,0.5,none,True,True
95633,1.0,0.0,0.5,none,True,True
95634,1.0,0.0,0.5,none,True,True
95635,1.0,0.0,0.5,none,True,True
95636,1.0,0.0,0.5,none,True,True
95637,1.0,0.0,0.5,none,True,True
95638,1.0,0.0,0.5,none,True,True
95639,1.0,0.0,0.5,none,True,True
95640,1.0,0.0,0.5,none,True,True
95641,1.0,0.0,0.5,none,True,True
95642,1.0,0.0,0.5,none,True,True
95643,1.0,0.0,0.5,none,True,True
95644,1.0,0.0,0.5,none,True,True
95645,1.0,0.0,0.5,none,True,True
95646,1.0,0.0,0.5,none,True,True
95647,1.0,0.0,0.5,none,True,True
95648,1.0,0.0,0.5,none,True,True
95649,1.0,0.0,0.5,none,True,True
95650,1.0,0.0,0.5,none,True,True
95651,1.0,0.0,0.5,none,True,True
95652,1.0,0.0,0.5,none,True,True
95653,1.0,0.0,0.5,none,True,True
95654,1.0,0.0,0.5,none,True,True
95655,1.0,0.0,0.5,none,True,True
95656,1.0,0.0,0.5,none,True,True
95657,1.0,0.0,0.5,none,True,True
95658,1.0,0.0,0.5,none,True,True
95659,1.0,0.0,0.5,none,True,True
95660,1.0,0.0,0.5,none,True,True
95661,1.0,0.0,0.5,none,True,True
95662,1.0,0.0,0.5,none,True,True
95663,1.0,0.0,0.5,none,True,True
95664,1.0,0.0,0.5,none,True,True
95665,1.0,0.0,0.5,none,True,True
95666,1.0,0.0,0.5,none,True,True
95667,1.0,0.0,0.5,none,True,True
95668,1.0,0.0,0.5,none,True,True
95669,1.0,0.0,0.5,none,True,True
95670,1.0,0.0,0.5,none,True,True
95671,1.0,0.0,0.5,none,True,True
95672,1.0,0.0,0.5,none,True,True
95673,1.0,0.0,0.5,none,True,True
95674,1.0,0.0,0.5,none,True,True
95675,1.0,0.0,0.5,none,True,True
95676,1.0,0.0,0.5,none,True,True
95677,1.0,0.0,0.5,none,True,True
95678,1.0,0.0,0.5,none,True,True
95679,1.0,0.0,0.5,none,True,True
95680,1.0,0.0,0.5,none,True,True
95681,1.0,0.0,0.5,none,True,True
95682,1.0,0.0,0.5,none,True,True
95683,1.0,0.0,0.5,none,True,True
95684,1.0,0.0,0.5,none,True,True
95685,1.0,0.0,0.5,none,True,True
95686,1.0,0.0,0.5,none,True,True
95687,1.0,0.0,0.5,none,True,True
95688,1.0,0.0,0.5,none,True,True
95689,1.0,0.0,0.5,none,True,True
95690,1.0,0.0,0.5,none,True,True
95691,1.0,0.0,0.5,none,True,True
95692,1.0,0.0,0.5,none,True,True
95693,1.0,0.0,0.5,none,True,True
95694,1.0,0.0,0.5,none,True,True
95695,1.0,0.0,0.5,none,True,True
95696,1.0,0.0,0.5,none,True,True
95697,1.0,0.0,0.5,none,True,True
95698,1.0,0.0,0.5,none,True,True
95699,1.0,0.0,0.5,none,True,True
95700,1.0,0.0,0.5,none,True,True
95701,1.0,0.0,0.5,none,True,True
95702,1.0,0.0,0.5,none,True,True
95703,1.0,0.0,0.5,none,True,True
95704,1.0,0.0,0.5,none,True,True
95705,1.0,0.0,0.5,none,True,True
95706,1.0,0.0,0.5,none,True,True
95707,1.0,0.0,0.5,none,True,True
95708,1.0,0.0,0.5,none,True,True
95709,1.0,0.0,0.5,none,True,True
95710,1.0,0.0,0.5,none,True,True
95711,1.0,0.0,0.5,none,True,True
95712,1.0,0.0,0.5,none,True,True
95713,1.0,0.0,0.5,none,True,True
95714,1.0,0.0,0.5,none,True,True
95715,1.0,0.0,0.5,none,True,True
95716,1.0,0.0,0.5,none,True,True
95717,1.0,0.0,0.5,none,True,True
95718,1.0,0.0,0.5,none,True,True
95719,1.0,0.0,0.5,none,True,True
95720,1.0,0.0,0.5,none,True,True
95721,1.0,0.0,0.5,none,True,True
95722,1.0,0.0,0.5,none,True,True
95723,1.0,0.0,0.5,none,True,True
95724,1.0,0.0,0.5,none,True,True
95725,1.0,0.0,0.5,none,True,True
95726,1.0,0.0,0.5,none,True,True
95727,1.0,0.0,0.5,none,True,True
95728,1.0,0.0,0.5,none,True,True
95729,1.0,0.0,0.5,none,True,True
95730,1.0,0.0,0.5,none,True,True
95731,1.0,0.0,0.5,none,True,True
95732,1.0,0.0,0.5,none,True,True
95733,1.0,0.0,0.5,none,True,True
95734,1.0,0.0,0.5,none,True,True
95735,1.0,0.0,0.5,none,True,True
95736,1.0,0.0,0.5,none,True,True
95737,1.0,0.0,0.5,none,True,True
95738,1.0,0.0,0.5,none,True,True
95739,1.0,0.0,0.5,none,True,True
95740,1.0,0.0,0.5,none,True,True
95741,1.0,0.0,0.5,none,True,True
95742,1.0,0.0,0.5,none,True,True
95743,1.0,0.0,0.5,none,True,True
95744,1.0,0.0,0.5,none,True,True
95745,1.0,0.0,0.5,none,True,True
95746,1.0,0.0,0.5,none,True,True
95747,1.0,0.0,0.5,none,True,True
95748,1.0,0.0,0.5,none,True,True
95749,1.0,0.0,0.5,none,True,True
95750,1.0,0.0,0.5,none,True,True
95751,1.0,0.0,0.5,none,True,True
95752,1.0,0.0,0.5,none,True,True
95753,1.0,0.0,0.5,none,True,True
95754,1.0,0.0,0.5,none,True,True
95755,1.0,0.0,0.5,none,True,True
95756,1.0,0.0,0.5,none,True,True
95757,1.0,0.0,0.5,none,True,True
95758,1.0,0.0,0.5,none,True,True
95759,1.0,0.0,0.5,none,True,True
95760,1.0,0.0,0.5,none,True,True
95761,1.0,0.0,0.5,none,True,True
95762,1.0,0.0,0.5,none,True,True
95763,1.0,0.0,0.5,none,True,True
95764,1.0,0.0,0.5,none,True,True
95765,1.0,0.0,0.5,none,True,True
95766,1.0,0.0,0.5,none,True,True
95767,1.0,0.0,0.5,none,True,True
95768,1.0,0.0,0.5,none,True,True
95769,1.0,0.0,0.5,none,True,True
95770,1.0,0.0,0.5,none,True,True
95771,1.0,0.0,0.5,none,True,True
95772,1.0,0.0,0.5,none,True,True
95773,1.0,0.0,0.5,none,True,True
95774,1.0,0.0,0.5,none,True,True
95775,1.0,0.0,0.5,none,True,True
95776,1.0,0.0,0.5,none,True,True
95777,1.0,0.0,0.5,none,True,True
95778,1.0,0.0,0.5,none,True,True
95779,1.0,0.0,0.5,none,True,True
95780,1.0,0.0,0.5,none,True,True
95781,1.0,0.0,0.5,none,True,True
95782,1.0,0.0,0.5,none,True,True
95783,1.0,0.0,0.5,none,True,True
95784,1.0,0.0,0.5,none,True,True
95785,1.0,0.0,0.5,none,True,True
95786,1.0,0.0,0.5,none,True,True
95787,1.0,0.0,0.5,none,True,True
95788,1.0,0.0,0.5,none,True,True
95789,1.0,0.0,0.5,none,True,True
95790,1.0,0.0,0.5,none,True,True
95791,1.0,0.0,0.5,none,True,True
95792,1.0,0.0,0.5,none,True,True
95793,1.0,0.0,0.5,none,True,True
95794,1.0,0.0,0.5,none,True,True
95795,1.0,0.0,0.5,none,True,True
95796,1.0,0.0,0.5,none,True,True
95797,1.0,0.0,0.5,none,True,True
95798,1.0,0.0,0.5,none,True,True
95799,1.0,0.0,0.5,none,True,True
95800,1.0,0.0,0.5,none,True,True
95801,1.0,0.0,0.5,none,True,True
95802,1.0,0.0,0.5,none,True,True
95803,1.0,0.0,0.5,none,True,True
95804,1.0,0.0,0.5,none,True,True
95805,1.0,0.0,0.5,none,True,True
95806,1.0,0.0,0.5,none,True,True
95807,1.0,0.0,0.5,none,True,True
95808,1.0,0.0,0.5,none,True,True
95809,1.0,0.0,0.5,none,True,True
95810,1.0,0.0,0.5,none,True,True
95811,1.0,0.0,0.5,none,True,True
95812,1.0,0.0,0.5,none,True,True
95813,1.0,0.0,0.5,none,True,True
95814,1.0,0.0,0.5,none,True,True
95815,1.0,0.0,0.5,none,True,True
95816,1.0,0.0,0.5,none,True,True
95817,1.0,0.0,0.5,none,True,True
95818,1.0,0.0,0.5,none,True,True
95819,1.0,0.0,0.5,none,True,True
95820,1.0,0.0,0.5,none,True,True
95821,1.0,0.0,0.5,none,True,True
95822,1.0,0.0,0.5,none,True,True
95823,1.0,0.0,0.5,none,True,True
95824,1.0,0.0,0.5,none,True,True
95825,1.0,0.0,0.5,none,True,True
95826,1.0,0.0,0.5,none,True,True
95827,1.0,0.0,0.5,none,True,True
95828,1.0,0.0,0.5,none,True,True
95829,1.0,0.0,0.5,none,True,True
95830,1.0,0.0,0.5,none,True,True
95831,1.0,0.0,0.5,none,True,True
95832,1.0,0.0,0.5,none,True,True
95833,1.0,0.0,0.5,none,True,True
95834,1.0,0.0,0.5,none,True,True
95835,1.0,0.0,0.5,none,True,True
95836,1.0,0.0,0.5,none,True,True
95837,1.0,0.0,0.5,none,True,True
95838,1.0,0.0,0.5,none,True,True
95839,1.0,0.0,0.5,none,True,True
95840,1.0,0.0,0.5,none,True,True
95841,1.0,0.0,0.5,none,True,True
95842,1.0,0.0,0.5,none,True,True
95843,1.0,0.0,0.5,none,True,True
95844,1.0,0.0,0.5,none,True,True
95845,1.0,0.0,0.5,none,True,True
95846,1.0,0.0,0.5,none,True,True
95847,1.0,0.0,0.5,none,True,True
95848,1.0,0.0,0.5,none,True,True
95849,1.0,0.0,0.5,none,True,True
95850,1.0,0.0,0.5,none,True,True
95851,1.0,0.0,0.5,none,True,True
95852,1.0,0.0,0.5,none,True,True
95853,1.0,0.0,0.5,none,True,True
95854,1.0,0.0,0.5,none,True,True
95855,1.0,0.0,0.5,none,True,True
95856,1.0,0.0,0.5,none,True,True
95857,1.0,0.0,0.5,none,True,True
95858,1.0,0.0,0.5,none,True,True
95859,1.0,0.0,0.5,none,True,True
95860,1.0,0.0,0.5,none,True,True
95861,1.0,0.0,0.5,none,True,True
95862,1.0,0.0,0.5,none,True,True
95863,1.0,0.0,0.5,none,True,True
95864,1.0,0.0,0.5,none,True,True
95865,1.0,0.0,0.5,none,True,True
95866,1.0,0.0,0.5,none,True,True
95867,1.0,0.0,0.5,none,True,True
95868,1.0,0.0,0.5,none,True,True
95869,1.0,0.0,0.5,none,True,True
95870,1.0,0.0,0.5,none,True,True
95871,1.0,0.0,0.5,none,True,True
95872,1.0,0.0,0.5,none,True,True
95873,1.0,0.0,0.5,none,True,True
95874,1.0,0.0,0.5,none,True,True
95875,1.0,0.0,0.5,none,True,True
95876,1.0,0.0,0.5,none,True,True
95877,1.0,0.0,0.5,none,True,True
95878,1.0,0.0,0.5,none,True,True
95879,1.0,0.0,0.5,none,True,True
95880,1.0,0.0,0.5,none,True,True
95881,1.0,0.0,0.5,none,True,True
95882,1.0,0.0,0.5,none,True,True
95883,1.0,0.0,0.5,none,True,True
95884,1.0,0.0,0.5,none,True,True
95885,1.0,0.0,0.5,none,True,True
95886,1.0,0.0,0.5,none,True,True
95887,1.0,0.0,0.5,none,True,True
95888,1.0,0.0,0.5,none,True,True
95889,1.0,0.0,0.5,none,True,True
95890,1.0,0.0,0.5,none,True,True
95891,1.0,0.0,0.5,none,True,True
95892,1.0,0.0,0.5,none,True,True
95893,1.0,0.0,0.5,none,True,True
95894,1.0,0.0,0.5,none,True,True
95895,1.0,0.0,0.5,none,True,True
95896,1.0,0.0,0.5,none,True,True
95897,1.0,0.0,0.5,none,True,True
95898,1.0,0.0,0.5,none,True,True
95899,1.0,0.0,0.5,none,True,True
95900,1.0,0.0061,0.5,none,True,True
95901,1.0,0.0357,0.5,none,True,True
95902,1.0,0.0812,0.5,none,True,True
95903,1.0,0.1113,0.5,none,True,True
95904,1.0,0.1253,0.5,none,True,True
95905,1.0,0.1408,0.5,none,True,True
95906,1.0,0.0907,0.5,none,True,True
95907,1.0,0.1198,0.5,none,True,True
95908,1.0,0.0467,0.5,none,True,True
95909,1.0,0.0522,0.5,none,True,True
95910,1.0,0.0405,0.5,none,True,True
95911,1.0,0.0313,0.5,none,True,True
95912,1.0,0.0083,0.5,none,True,True
95913,1.0,0.0726,0.5,none,True,True
95914,1.0,0.0793,0.5,none,True,True
95915,1.0,0.0581,0.5,none,True,True
95916,1.0,0.0955,0.5,none,True,True
95917,1.0,0.0839,0.5,none,True,True
95918,1.0,0.0648,0.5,none,True,True
95919,1.0,0.0718,0.5,none,True,True
95920,1.0,0.0589,0.5,none,True,True
95921,1.0,0.0403,0.5,none,True,True
95922,1.0,0.0327,0.5,none,True,True
95923,1.0,0.0277,0.5,none,True,True
95924,1.0,0.017,0.5,none,True,True
95925,1.0,0.0102,0.5,none,True,True
95926,1.0,0.0099,0.5,none,True,True
95927,1.0,0.008,0.5,none,True,True
95928,1.0,0.005,0.5,none,True,True
95929,1.0,0.0063,0.5,none,True,True
95930,1.0,0.009,0.5,none,True,True
95931,1.0,0.0096,0.5,none,True,True
95932,1.0,0.0108,0.5,none,True,True
95933,1.0,0.014,0.5,none,True,True
95934,1.0,0.0161,0.5,none,True,True
95935,1.0,0.0167,0.5,none,True,True
95936,1.0,0.0182,0.5,none,True,True
95937,1.0,0.0196,0.5,none,True,True
95938,1.0,0.0197,0.5,none,True,True
95939,1.0,0.0193,0.5,none,True,True
95940,1.0,0.0193,0.5,none,True,True
95941,1.0,0.0187,0.5,none,True,True
95942,1.0,0.0174,0.5,none,True,True
95943,1.0,0.0163,0.5,none,True,True
95944,1.0,0.0152,0.5,none,True,True
95945,1.0,0.0138,0.5,none,True,True
95946,1.0,0.0123,0.5,none,True,True
95947,1.0,0.0111,0.5,none,True,True
95948,1.0,0.01,0.5,none,True,True
95949,1.0,0.0088,0.5,none,True,True
95950,1.0,0.0078,0.5,none,True,True
95951,1.0,0.0071,0.5,none,True,True
95952,1.0,0.0064,0.5,none,True,True
95953,1.0,0.0057,0.5,none,True,True
95954,1.0,0.0053,0.5,none,True,True
95955,1.0,0.005,0.5,none,True,True
95956,1.0,0.0047,0.5,none,True,True
95957,1.0,0.0045,0.5,none,True,True
95958,1.0,0.0044,0.5,none,True,True
95959,1.0,0.0043,0.5,none,True,True
95960,1.0,0.0042,0.5,none,True,True
95961,1.0,0.0041,0.5,none,True,True
95962,1.0,0.004,0.5,none,True,True
95963,1.0,0.0039,0.5,none,True,True
95964,1.0,0.0038,0.5,none,True,True
95965,1.0,0.0037,0.5,none,True,True
95966,1.0,0.0035,0.5,none,True,True
95967,1.0,0.0033,0.5,none,True,True
95968,1.0,0.0032,0.5,none,True,True
95969,1.0,0.003,0.5,none,True,True
95970,1.0,0.0028,0.5,none,True,True
95971,1.0,0.0026,0.5,none,True,True
95972,1.0,0.0024,0.5,none,True,True
95973,1.0,0.0023,0.5,none,True,True
95974,1.0,0.0021,0.5,none,True,True
95975,1.0,0.0019,0.5,none,True,True
95976,1.0,0.0018,0.5,none,True,True
95977,1.0,0.0017,0.5,none,True,True
95978,1.0,0.0015,0.5,none,True,True
95979,1.0,0.0014,0.5,none,True,True
95980,1.0,0.0013,0.5,none,True,True
95981,1.0,0.0013,0.5,none,True,True
95982,1.0,0.0012,0.5,none,True,True
95983,1.0,0.0011,0.5,none,True,True
95984,1.0,0.0011,0.5,none,True,True
95985,1.0,0.001,0.5,none,True,True
95986,1.0,0.001,0.5,none,True,True
95987,1.0,0.0009,0.5,none,True,True
95988,1.0,0.0009,0.5,none,True,True
95989,1.0,0.0008,0.5,none,True,True
95990,1.0,0.0008,0.5,none,True,True
95991,1.0,0.0008,0.5,none,True,True
95992,1.0,0.0007,0.5,none,True,True
95993,1.0,0.0007,0.5,none,True,True
95994,1.0,0.0006,0.5,none,True,True
95995,1.0,0.0006,0.5,none,True,True
95996,1.0,0.0006,0.5,none,True,True
95997,1.0,0.0005,0.5,none,True,True
95998,1.0,0.0005,0.5,none,True,True
95999,1.0,0.0005,0.5,none,True,True
96000,1.0,0.0004,0.5,none,True,True
96001,1.0,0.0004,0.5,none,True,True
96002,1.0,0.0004,0.5,none,True,True
96003,1.0,0.0004,0.5,none,True,True
96004,1.0,0.0003,0.5,none,True,True
96005,1.0,0.0003,0.5,none,True,True
96006,1.0,0.0003,0.5,none,True,True
96007,1.0,0.0003,0.5,none,True,True
96008,1.0,0.0003,0.5,none,True,True
96009,1.0,0.0003,0.5,none,True,True
96010,1.0,0.0002,0.5,none,True,True
96011,1.0,0.0002,0.5,none,True,True
96012,1.0,0.0002,0.5,none,True,True
96013,1.0,0.0002,0.5,none,True,True
96014,1.0,0.0002,0.5,none,True,True
96015,1.0,0.0002,0.5,none,True,True
96016,1.0,0.0002,0.5,none,True,True
96017,1.0,0.0002,0.5,none,True,True
96018,1.0,0.0002,0.5,none,True,True
96019,1.0,0.0001,0.5,none,True,True
96020,1.0,0.0001,0.5,none,True,True
96021,1.0,0.0001,0.5,none,True,True
96022,1.0,0.0001,0.5,none,True,True
96023,1.0,0.0001,0.5,none,True,True
96024,1.0,0.0001,0.5,none,True,True
96025,1.0,0.0001,0.5,none,True,True
96026,1.0,0.0001,0.5,none,True,True
96027,1.0,0.0001,0.5,none,True,True
96028,1.0,0.0001,0.5,none,True,True
96029,1.0,0.0001,0.5,none,True,True
96030,1.0,0.0001,0.5,none,True,True
96031,1.0,0.0001,0.5,none,True,True
96032,1.0,0.0001,0.5,none,True,True
96033,1.0,0.0001,0.5,none,True,True
96034,1.0,0.0001,0.5,none,True,True
96035,1.0,0.0001,0.5,none,True,True
96036,1.0,0.0001,0.5,none,True,True
96037,1.0,0.0,0.5,none,True,True
96038,1.0,0.0,0.5,none,True,True
96039,1.0,0.0,0.5,none,True,True
96040,1.0,0.0,0.5,none,True,True
96041,1.0,0.0,0.5,none,True,True
96042,1.0,0.0,0.5,none,True,True
96043,1.0,0.0,0.5,none,True,True
96044,1.0,0.0,0.5,none,True,True
96045,1.0,0.0,0.5,none,True,True
96046,1.0,0.0,0.5,none,True,True
96047,1.0,0.0,0.5,none,True,True
96048,1.0,0.0,0.5,none,True,True
96049,1.0,0.0,0.5,none,True,True
96050,1.0,0.0,0.5,none,True,True
96051,1.0,0.0,0.5,none,True,True
96052,1.0,0.0,0.5,none,True,True
96053,1.0,0.0,0.5,none,True,True
96054,1.0,0.0,0.5,none,True,True
96055,1.0,0.0,0.5,none,True,True
96056,1.0,0.0,0.5,none,True,True
96057,1.0,0.0,0.5,none,True,True
96058,1.0,0.0,0.5,none,True,True
96059,1.0,0.0,0.5,none,True,True
96060,1.0,0.0,0.5,none,True,True
96061,1.0,0.0,0.5,none,True,True
96062,1.0,0.0,0.5,none,True,True
96063,1.0,0.0,0.5,none,True,True
96064,1.0,0.0,0.5,none,True,True
96065,1.0,0.0,0.5,none,True,True
96066,1.0,0.0,0.5,none,True,True
96067,1.0,0.0,0.5,none,True,True
96068,1.0,0.0,0.5,none,True,True
96069,1.0,0.0,0.5,none,True,True
96070,1.0,0.0,0.5,none,True,True
96071,1.0,0.0,0.5,none,True,True
96072,1.0,0.0,0.5,none,True,True
96073,1.0,0.0,0.5,none,True,True
96074,1.0,0.0,0.5,none,True,True
96075,1.0,0.0,0.5,none,True,True
96076,1.0,0.0,0.5,none,True,True
96077,1.0,0.0,0.5,none,True,True
96078,1.0,0.0,0.5,none,True,True
96079,1.0,0.0,0.5,none,True,True
96080,1.0,0.0,0.5,none,True,True
96081,1.0,0.0,0.5,none,True,True
96082,1.0,0.0,0.5,none,True,True
96083,1.0,0.0,0.5,none,True,True
96084,1.0,0.0,0.5,none,True,True
96085,1.0,0.0,0.5,none,True,True
96086,1.0,0.0,0.5,none,True,True
96087,1.0,0.0,0.5,none,True,True
96088,1.0,0.0,0.5,none,True,True
96089,1.0,0.0,0.5,none,True,True
96090,1.0,0.0,0.5,none,True,True
96091,1.0,0.0,0.5,none,True,True
96092,1.0,0.0,0.5,none,True,True
96093,1.0,0.0,0.5,none,True,True
96094,1.0,0.0,0.5,none,True,True
96095,1.0,0.0,0.5,none,True,True
96096,1.0,0.0,0.5,none,True,True
96097,1.0,0.0,0.5,none,True,True
96098,1.0,0.0,0.5,none,True,True
96099,1.0,0.0,0.5,none,True,True
96100,1.0,0.0,0.5,none,True,True
96101,1.0,0.0,0.5,none,True,True
96102,1.0,0.0,0.5,none,True,True
96103,1.0,0.0,0.5,none,True,True
96104,1.0,0.0,0.5,none,True,True
96105,1.0,0.0,0.5,none,True,True
96106,1.0,0.0,0.5,none,True,True
96107,1.0,0.0,0.5,none,True,True
96108,1.0,0.0,0.5,none,True,True
96109,1.0,0.0,0.5,none,True,True
96110,1.0,0.0,0.5,none,True,True
96111,1.0,0.0,0.5,none,True,True
96112,1.0,0.0,0.5,none,True,True
96113,1.0,0.0,0.5,none,True,True
96114,1.0,0.0,0.5,none,True,True
96115,1.0,0.0,0.5,none,True,True
96116,1.0,0.0,0.5,none,True,True
96117,1.0,0.0,0.5,none,True,True
96118,1.0,0.0,0.5,none,True,True
96119,1.0,0.0,0.5,none,True,True
96120,1.0,0.0,0.5,none,True,True
96121,1.0,0.0,0.5,none,True,True
96122,1.0,0.0,0.5,none,True,True
96123,1.0,0.0,0.5,none,True,True
96124,1.0,0.0,0.5,none,True,True
96125,1.0,0.0,0.5,none,True,True
96126,1.0,0.0,0.5,none,True,True
96127,1.0,0.0,0.5,none,True,True
96128,1.0,0.0,0.5,none,True,True
96129,1.0,0.0,0.5,none,True,True
96130,1.0,0.0,0.5,none,True,True
96131,1.0,0.0,0.5,none,True,True
96132,1.0,0.0,0.5,none,True,True
96133,1.0,0.0,0.5,none,True,True
96134,1.0,0.0,0.5,none,True,True
96135,1.0,0.0,0.5,none,True,True
96136,1.0,0.0,0.5,none,True,True
96137,1.0,0.0,0.5,none,True,True
96138,1.0,0.0,0.5,none,True,True
96139,1.0,0.0,0.5,none,True,True
96140,1.0,0.0,0.5,none,True,True
96141,1.0,0.0,0.5,none,True,True
96142,1.0,0.0,0.5,none,True,True
96143,1.0,0.0,0.5,none,True,True
96144,1.0,0.0,0.5,none,True,True
96145,1.0,0.0,0.5,none,True,True
96146,1.0,0.0,0.5,none,True,True
96147,1.0,0.0,0.5,none,True,True
96148,1.0,0.0,0.5,none,True,True
96149,1.0,0.0,0.5,none,True,True
96150,1.0,0.0,0.5,none,True,True
96151,1.0,0.0,0.5,none,True,True
96152,1.0,0.0,0.5,none,True,True
96153,1.0,0.0,0.5,none,True,True
96154,1.0,0.0,0.5,none,True,True
96155,1.0,0.0,0.5,none,True,True
96156,1.0,0.0,0.5,none,True,True
96157,1.0,0.0,0.5,none,True,True
96158,1.0,0.0,0.5,none,True,True
96159,1.0,0.0,0.5,none,True,True
96160,1.0,0.0,0.5,none,True,True
96161,1.0,0.0,0.5,none,True,True
96162,1.0,0.0,0.5,none,True,True
96163,1.0,0.0,0.5,none,True,True
96164,1.0,0.0,0.5,none,True,True
96165,1.0,0.0,0.5,none,True,True
96166,1.0,0.0,0.5,none,True,True
96167,1.0,0.0,0.5,none,True,True
96168,1.0,0.0,0.5,none,True,True
96169,1.0,0.0,0.5,none,True,True
96170,1.0,0.0,0.5,none,True,True
96171,1.0,0.0,0.5,none,True,True
96172,1.0,0.0,0.5,none,True,True
96173,1.0,0.0,0.5,none,True,True
96174,1.0,0.0,0.5,none,True,True
96175,1.0,0.0,0.5,none,True,True
96176,1.0,0.0,0.5,none,True,True
96177,1.0,0.0,0.5,none,True,True
96178,1.0,0.0,0.5,none,True,True
96179,1.0,0.0,0.5,none,True,True
96180,1.0,0.0,0.5,none,True,True
96181,1.0,0.0,0.5,none,True,True
96182,1.0,0.0,0.5,none,True,True
96183,1.0,0.0,0.5,none,True,True
96184,1.0,0.0,0.5,none,True,True
96185,1.0,0.0,0.5,none,True,True
96186,1.0,0.0,0.5,none,True,True
96187,1.0,0.0,0.5,none,True,True
96188,1.0,0.0,0.5,none,True,True
96189,1.0,0.0,0.5,none,True,True
96190,1.0,0.0,0.5,none,True,True
96191,1.0,0.0,0.5,none,True,True
96192,1.0,0.0,0.5,none,True,True
96193,1.0,0.0,0.5,none,True,True
96194,1.0,0.0,0.5,none,True,True
96195,1.0,0.0,0.5,none,True,True
96196,1.0,0.0,0.5,none,True,True
96197,1.0,0.0,0.5,none,True,True
96198,1.0,0.0,0.5,none,True,True
96199,1.0,0.0,0.5,none,True,True
96200,1.0,0.0,0.5,none,True,True
96201,1.0,0.0,0.5,none,True,True
96202,1.0,0.0,0.5,none,True,True
96203,1.0,0.0,0.5,none,True,True
96204,1.0,0.0,0.5,none,True,True
96205,1.0,0.0,0.5,none,True,True
96206,1.0,0.0,0.5,none,True,True
96207,1.0,0.0,0.5,none,True,True
96208,1.0,0.0,0.5,none,True,True
96209,1.0,0.0,0.5,none,True,True
96210,1.0,0.0,0.5,none,True,True
96211,1.0,0.0,0.5,none,True,True
96212,1.0,0.0,0.5,none,True,True
96213,1.0,0.0,0.5,none,True,True
96214,1.0,0.0,0.5,none,True,True
96215,1.0,0.0,0.5,none,True,True
96216,1.0,0.0,0.5,none,True,True
96217,1.0,0.0,0.5,none,True,True
96218,1.0,0.0,0.5,none,True,True
96219,1.0,0.0,0.5,none,True,True
96220,1.0,0.0,0.5,none,True,True
96221,1.0,0.0,0.5,none,True,True
96222,1.0,0.0,0.5,none,True,True
96223,1.0,0.0,0.5,none,True,True
96224,1.0,0.0,0.5,none,True,True
96225,1.0,0.0,0.5,none,True,True
96226,1.0,0.0,0.5,none,True,True
96227,1.0,0.0,0.5,none,True,True
96228,1.0,0.0,0.5,none,True,True
96229,1.0,0.0,0.5,none,True,True
96230,1.0,0.0,0.5,none,True,True
96231,1.0,0.0,0.5,none,True,True
96232,1.0,0.0,0.5,none,True,True
96233,1.0,0.0,0.5,none,True,True
96234,1.0,0.0,0.5,none,True,True
96235,1.0,0.0,0.5,none,True,True
96236,1.0,0.0,0.5,none,True,True
96237,1.0,0.0,0.5,none,True,True
96238,1.0,0.0,0.5,none,True,True
96239,1.0,0.0,0.5,none,True,True
96240,1.0,0.0,0.5,none,True,True
96241,1.0,0.0,0.5,none,True,True
96242,1.0,0.0,0.5,none,True,True
96243,1.0,0.0,0.5,none,True,True
96244,1.0,0.0,0.5,none,True,True
96245,1.0,0.0,0.5,none,True,True
96246,1.0,0.0,0.5,none,True,True
96247,1.0,0.0,0.5,none,True,True
96248,1.0,0.0,0.5,none,True,True
96249,1.0,0.0,0.5,none,True,True
96250,1.0,0.0,0.5,none,True,True
96251,1.0,0.0,0.5,none,True,True
96252,1.0,0.0,0.5,none,True,True
96253,1.0,0.0,0.5,none,True,True
96254,1.0,0.0,0.5,none,True,True
96255,1.0,0.0,0.5,none,True,True
96256,1.0,0.0,0.5,none,True,True
96257,1.0,0.0,0.5,none,True,True
96258,1.0,0.0,0.5,none,True,True
96259,1.0,0.0,0.5,none,True,True
96260,1.0,0.0,0.5,none,True,True
96261,1.0,0.0,0.5,none,True,True
96262,1.0,0.0,0.5,none,True,True
96263,1.0,0.0,0.5,none,True,True
96264,1.0,0.0,0.5,none,True,True
96265,1.0,0.0,0.5,none,True,True
96266,1.0,0.0,0.5,none,True,True
96267,1.0,0.0,0.5,none,True,True
96268,1.0,0.0,0.5,none,True,True
96269,1.0,0.0,0.5,none,True,True
96270,1.0,0.0,0.5,none,True,True
96271,1.0,0.0,0.5,none,True,True
96272,1.0,0.0,0.5,none,True,True
96273,1.0,0.0,0.5,none,True,True
96274,1.0,0.0,0.5,none,True,True
96275,1.0,0.0,0.5,none,True,True
96276,1.0,0.0,0.5,none,True,True
96277,1.0,0.0,0.5,none,True,True
96278,1.0,0.0,0.5,none,True,True
96279,1.0,0.0,0.5,none,True,True
96280,1.0,0.0,0.5,none,True,True
96281,1.0,0.0,0.5,none,True,True
96282,1.0,0.0,0.5,none,True,True
96283,1.0,0.0,0.5,none,True,True
96284,1.0,0.0,0.5,none,True,True
96285,1.0,0.0,0.5,none,True,True
96286,1.0,0.0,0.5,none,True,True
96287,1.0,0.0,0.5,none,True,True
96288,1.0,0.0,0.5,none,True,True
96289,1.0,0.0,0.5,none,True,True
96290,1.0,0.0,0.5,none,True,True
96291,1.0,0.0,0.5,none,True,True
96292,1.0,0.0,0.5,none,True,True
96293,1.0,0.0,0.5,none,True,True
96294,1.0,0.0,0.5,none,True,True
96295,1.0,0.0,0.5,none,True,True
96296,1.0,0.0,0.5,none,True,True
96297,1.0,0.0,0.5,none,True,True
96298,1.0,0.0,0.5,none,True,True
96299,1.0,0.0,0.5,none,True,True
96300,1.0,0.0,0.5,none,True,True
96301,1.0,0.0,0.5,none,True,True
96302,1.0,0.0,0.5,none,True,True
96303,1.0,0.0,0.5,none,True,True
96304,1.0,0.0,0.5,none,True,True
96305,1.0,0.0,0.5,none,True,True
96306,1.0,0.0,0.5,none,True,True
96307,1.0,0.0,0.5,none,True,True
96308,1.0,0.0,0.5,none,True,True
96309,1.0,0.0,0.5,none,True,True
96310,1.0,0.0,0.5,none,True,True
96311,1.0,0.0,0.5,none,True,True
96312,1.0,0.0,0.5,none,True,True
96313,1.0,0.0,0.5,none,True,True
96314,1.0,0.0,0.5,none,True,True
96315,1.0,0.0,0.5,none,True,True
96316,1.0,0.0,0.5,none,True,True
96317,1.0,0.0,0.5,none,True,True
96318,1.0,0.0,0.5,none,True,True
96319,1.0,0.0,0.5,none,True,True
96320,1.0,0.0,0.5,none,True,True
96321,1.0,0.0,0.5,none,True,True
96322,1.0,0.0,0.5,none,True,True
96323,1.0,0.0,0.5,none,True,True
96324,1.0,0.0,0.5,none,True,True
96325,1.0,0.0,0.5,none,True,True
96326,1.0,0.0,0.5,none,True,True
96327,1.0,0.0,0.5,none,True,True
96328,1.0,0.0,0.5,none,True,True
96329,1.0,0.0,0.5,none,True,True
96330,1.0,0.0,0.5,none,True,True
96331,1.0,0.0,0.5,none,True,True
96332,1.0,0.0,0.5,none,True,True
96333,1.0,0.0,0.5,none,True,True
96334,1.0,0.0,0.5,none,True,True
96335,1.0,0.0,0.5,none,True,True
96336,1.0,0.0,0.5,none,True,True
96337,1.0,0.0,0.5,none,True,True
96338,1.0,0.0,0.5,none,True,True
96339,1.0,0.0,0.5,none,True,True
96340,1.0,0.0,0.5,none,True,True
96341,1.0,0.0,0.5,none,True,True
96342,1.0,0.0,0.5,none,True,True
96343,1.0,0.0,0.5,none,True,True
96344,1.0,0.0,0.5,none,True,True
96345,1.0,0.0,0.5,none,True,True
96346,1.0,0.0,0.5,none,True,True
96347,1.0,0.0,0.5,none,True,True
96348,1.0,0.0,0.5,none,True,True
96349,1.0,0.0,0.5,none,True,True
96350,1.0,0.0,0.5,none,True,True
96351,1.0,0.0,0.5,none,True,True
96352,1.0,0.0,0.5,none,True,True
96353,1.0,0.0,0.5,none,True,True
96354,1.0,0.0,0.5,none,True,True
96355,1.0,0.0,0.5,none,True,True
96356,1.0,0.0,0.5,none,True,True
96357,1.0,0.0,0.5,none,True,True
96358,1.0,0.0,0.5,none,True,True
96359,1.0,0.0,0.5,none,True,True
96360,1.0,0.0,0.5,none,True,True
96361,1.0,0.0,0.5,none,True,True
96362,1.0,0.0,0.5,none,True,True
96363,1.0,0.0,0.5,none,True,True
96364,1.0,0.0,0.5,none,True,True
96365,1.0,0.0,0.5,none,True,True
96366,1.0,0.0,0.5,none,True,True
96367,1.0,0.0,0.5,none,True,True
96368,1.0,0.0,0.5,none,True,True
96369,1.0,0.0,0.5,none,True,True
96370,1.0,0.0,0.5,none,True,True
96371,1.0,0.0,0.5,none,True,True
96372,1.0,0.0,0.5,none,True,True
96373,1.0,0.0,0.5,none,True,True
96374,1.0,0.0,0.5,none,True,True
96375,1.0,0.0,0.5,none,True,True
96376,1.0,0.0,0.5,none,True,True
96377,1.0,0.0,0.5,none,True,True
96378,1.0,0.0,0.5,none,True,True
96379,1.0,0.0,0.5,none,True,True
96380,1.0,0.0,0.5,none,True,True
96381,1.0,0.0,0.5,none,True,True
96382,1.0,0.0,0.5,none,True,True
96383,1.0,0.0,0.5,none,True,True
96384,1.0,0.0,0.5,none,True,True
96385,1.0,0.0,0.5,none,True,True
96386,1.0,0.0,0.5,none,True,True
96387,1.0,0.0,0.5,none,True,True
96388,1.0,0.0,0.5,none,True,True
96389,1.0,0.0,0.5,none,True,True
96390,1.0,0.0,0.5,none,True,True
96391,1.0,0.0,0.5,none,True,True
96392,1.0,0.0,0.5,none,True,True
96393,1.0,0.0,0.5,none,True,True
96394,1.0,0.0,0.5,none,True,True
96395,1.0,0.0,0.5,none,True,True
96396,1.0,0.0,0.5,none,True,True
96397,1.0,0.0,0.5,none,True,True
96398,1.0,0.0,0.5,none,True,True
96399,1.0,0.0,0.5,none,True,True
96400,1.0,0.0,0.5,none,True,True
96401,1.0,0.0,0.5,none,True,True
96402,1.0,0.0,0.5,none,True,True
96403,1.0,0.0,0.5,none,True,True
96404,1.0,0.0,0.5,none,True,True
96405,1.0,0.0,0.5,none,True,True
96406,1.0,0.0,0.5,none,True,True
96407,1.0,0.0,0.5,none,True,True
96408,1.0,0.0,0.5,none,True,True
96409,1.0,0.0,0.5,none,True,True
96410,1.0,0.0,0.5,none,True,True
96411,1.0,0.0,0.5,none,True,True
96412,1.0,0.0,0.5,none,True,True
96413,1.0,0.0,0.5,none,True,True
96414,1.0,0.0,0.5,none,True,True
96415,1.0,0.0,0.5,none,True,True
96416,1.0,0.0,0.5,none,True,True
96417,1.0,0.0,0.5,none,True,True
96418,1.0,0.0,0.5,none,True,True
96419,1.0,0.0,0.5,none,True,True
96420,1.0,0.0,0.5,none,True,True
96421,1.0,0.0,0.5,none,True,True
96422,1.0,0.0,0.5,none,True,True
96423,1.0,0.0,0.5,none,True,True
96424,1.0,0.0,0.5,none,True,True
96425,1.0,0.0,0.5,none,True,True
96426,1.0,0.0,0.5,none,True,True
96427,1.0,0.0,0.5,none,True,True
96428,1.0,0.0,0.5,none,True,True
96429,1.0,0.0,0.5,none,True,True
96430,1.0,0.0,0.5,none,True,True
96431,1.0,0.0,0.5,none,True,True
96432,1.0,0.0,0.5,none,True,True
96433,1.0,0.0,0.5,none,True,True
96434,1.0,0.0,0.5,none,True,True
96435,1.0,0.0,0.5,none,True,True
96436,1.0,0.0,0.5,none,True,True
96437,1.0,0.0,0.5,none,True,True
96438,1.0,0.0,0.5,none,True,True
96439,1.0,0.0,0.5,none,True,True
96440,1.0,0.0,0.5,none,True,True
96441,1.0,0.0,0.5,none,True,True
96442,1.0,0.0,0.5,none,True,True
96443,1.0,0.0,0.5,none,True,True
96444,1.0,0.0,0.5,none,True,True
96445,1.0,0.0,0.5,none,True,True
96446,1.0,0.0,0.5,none,True,True
96447,1.0,0.0,0.5,none,True,True
96448,1.0,0.0,0.5,none,True,True
96449,1.0,0.0,0.5,none,True,True
96450,1.0,0.0,0.5,none,True,True
96451,1.0,0.0,0.5,none,True,True
96452,1.0,0.0,0.5,none,True,True
96453,1.0,0.0,0.5,none,True,True
96454,1.0,0.0,0.5,none,True,True
96455,1.0,0.0,0.5,none,True,True
96456,1.0,0.0,0.5,none,True,True
96457,1.0,0.0,0.5,none,True,True
96458,1.0,0.0,0.5,none,True,True
96459,1.0,0.0,0.5,none,True,True
96460,1.0,0.0,0.5,none,True,True
96461,1.0,0.0,0.5,none,True,True
96462,1.0,0.0,0.5,none,True,True
96463,1.0,0.0,0.5,none,True,True
96464,1.0,0.0,0.5,none,True,True
96465,1.0,0.0,0.5,none,True,True
96466,1.0,0.0,0.5,none,True,True
96467,1.0,0.0,0.5,none,True,True
96468,1.0,0.0,0.5,none,True,True
96469,1.0,0.0,0.5,none,True,True
96470,1.0,0.0,0.5,none,True,True
96471,1.0,0.0,0.5,none,True,True
96472,1.0,0.0,0.5,none,True,True
96473,1.0,0.0,0.5,none,True,True
96474,1.0,0.0,0.5,none,True,True
96475,1.0,0.0,0.5,none,True,True
96476,1.0,0.0,0.5,none,True,True
96477,1.0,0.0,0.5,none,True,True
96478,1.0,0.0,0.5,none,True,True
96479,1.0,0.0,0.5,none,True,True
96480,1.0,0.0,0.5,none,True,True
96481,1.0,0.0,0.5,none,True,True
96482,1.0,0.0,0.5,none,True,True
96483,1.0,0.0,0.5,none,True,True
96484,1.0,0.0,0.5,none,True,True
96485,1.0,0.0,0.5,none,True,True
96486,1.0,0.0,0.5,none,True,True
96487,1.0,0.0,0.5,none,True,True
96488,1.0,0.0,0.5,none,True,True
96489,1.0,0.0,0.5,none,True,True
96490,1.0,0.0,0.5,none,True,True
96491,1.0,0.0,0.5,none,True,True
96492,1.0,0.0,0.5,none,True,True
96493,1.0,0.0,0.5,none,True,True
96494,1.0,0.0,0.5,none,True,True
96495,1.0,0.0,0.5,none,True,True
96496,1.0,0.0,0.5,none,True,True
96497,1.0,0.0,0.5,none,True,True
96498,1.0,0.0,0.5,none,True,True
96499,1.0,0.0,0.5,none,True,True
96500,1.0,0.0,0.5,none,True,True
96501,1.0,0.0,0.5,none,True,True
96502,1.0,0.0,0.5,none,True,True
96503,1.0,0.0,0.5,none,True,True
96504,1.0,0.0,0.5,none,True,True
96505,1.0,0.0,0.5,none,True,True
96506,1.0,0.0,0.5,none,True,True
96507,1.0,0.0,0.5,none,True,True
96508,1.0,0.0,0.5,none,True,True
96509,1.0,0.0,0.5,none,True,True
96510,1.0,0.0,0.5,none,True,True
96511,1.0,0.0,0.5,none,True,True
96512,1.0,0.0,0.5,none,True,True
96513,1.0,0.0,0.5,none,True,True
96514,1.0,0.0,0.5,none,True,True
96515,1.0,0.0,0.5,none,True,True
96516,1.0,0.0,0.5,none,True,True
96517,1.0,0.0,0.5,none,True,True
96518,1.0,0.0,0.5,none,True,True
96519,1.0,0.0,0.5,none,True,True
96520,1.0,0.0,0.5,none,True,True
96521,1.0,0.0,0.5,none,True,True
96522,1.0,0.0,0.5,none,True,True
96523,1.0,0.0,0.5,none,True,True
96524,1.0,0.0,0.5,none,True,True
96525,1.0,0.0,0.5,none,True,True
96526,1.0,0.0,0.5,none,True,True
96527,1.0,0.0,0.5,none,True,True
96528,1.0,0.0,0.5,none,True,True
96529,1.0,0.0,0.5,none,True,True
96530,1.0,0.0,0.5,none,True,True
96531,1.0,0.0,0.5,none,True,True
96532,1.0,0.0,0.5,none,True,True
96533,1.0,0.0,0.5,none,True,True
96534,1.0,0.0,0.5,none,True,True
96535,1.0,0.0,0.5,none,True,True
96536,1.0,0.0,0.5,none,True,True
96537,1.0,0.0,0.5,none,True,True
96538,1.0,0.0,0.5,none,True,True
96539,1.0,0.0,0.5,none,True,True
96540,1.0,0.0,0.5,none,True,True
96541,1.0,0.0,0.5,none,True,True
96542,1.0,0.0,0.5,none,True,True
96543,1.0,0.0,0.5,none,True,True
96544,1.0,0.0,0.5,none,True,True
96545,1.0,0.0,0.5,none,True,True
96546,1.0,0.0,0.5,none,True,True
96547,1.0,0.0,0.5,none,True,True
96548,1.0,0.0,0.5,none,True,True
96549,1.0,0.0,0.5,none,True,True
96550,1.0,0.0,0.5,none,True,True
96551,1.0,0.0,0.5,none,True,True
96552,1.0,0.0,0.5,none,True,True
96553,1.0,0.0,0.5,none,True,True
96554,1.0,0.0,0.5,none,True,True
96555,1.0,0.0,0.5,none,True,True
96556,1.0,0.0,0.5,none,True,True
96557,1.0,0.0,0.5,none,True,True
96558,1.0,0.0,0.5,none,True,True
96559,1.0,0.0,0.5,none,True,True
96560,1.0,0.0,0.5,none,True,True
96561,1.0,0.0,0.5,none,True,True
96562,1.0,0.0,0.5,none,True,True
96563,1.0,0.0,0.5,none,True,True
96564,1.0,0.0,0.5,none,True,True
96565,1.0,0.0,0.5,none,True,True
96566,1.0,0.0,0.5,none,True,True
96567,1.0,0.0,0.5,none,True,True
96568,1.0,0.0,0.5,none,True,True
96569,1.0,0.0,0.5,none,True,True
96570,1.0,0.0,0.5,none,True,True
96571,1.0,0.0,0.5,none,True,True
96572,1.0,0.0,0.5,none,True,True
96573,1.0,0.0,0.5,none,True,True
96574,1.0,0.0,0.5,none,True,True
96575,1.0,0.0,0.5,none,True,True
96576,1.0,0.0,0.5,none,True,True
96577,1.0,0.0,0.5,none,True,True
96578,1.0,0.0,0.5,none,True,True
96579,1.0,0.0,0.5,none,True,True
96580,1.0,0.0,0.5,none,True,True
96581,1.0,0.0,0.5,none,True,True
96582,1.0,0.0,0.5,none,True,True
96583,1.0,0.0,0.5,none,True,True
96584,1.0,0.0,0.5,none,True,True
96585,1.0,0.0,0.5,none,True,True
96586,1.0,0.0,0.5,none,True,True
96587,1.0,0.0,0.5,none,True,True
96588,1.0,0.0,0.5,none,True,True
96589,1.0,0.0,0.5,none,True,True
96590,1.0,0.0,0.5,none,True,True
96591,1.0,0.0,0.5,none,True,True
96592,1.0,0.0,0.5,none,True,True
96593,1.0,0.0,0.5,none,True,True
96594,1.0,0.0,0.5,none,True,True
96595,1.0,0.0,0.5,none,True,True
96596,1.0,0.0,0.5,none,True,True
96597,1.0,0.0,0.5,none,True,True
96598,1.0,0.0,0.5,none,True,True
96599,1.0,0.0,0.5,none,True,True
96600,1.0,0.0061,0.5,none,True,True
96601,1.0,0.0357,0.5,none,True,True
96602,1.0,0.0812,0.5,none,True,True
96603,1.0,0.1113,0.5,none,True,True
96604,1.0,0.1253,0.5,none,True,True
96605,1.0,0.1408,0.5,none,True,True
96606,1.0,0.0907,0.5,none,True,True
96607,1.0,0.1198,0.5,none,True,True
96608,1.0,0.0467,0.5,none,True,True
96609,1.0,0.0522,0.5,none,True,True
96610,1.0,0.0405,0.5,none,True,True
96611,1.0,0.0313,0.5,none,True,True
96612,1.0,0.0083,0.5,none,True,True
96613,1.0,0.0726,0.5,none,True,True
96614,1.0,0.0793,0.5,none,True,True
96615,1.0,0.0581,0.5,none,True,True
96616,1.0,0.0955,0.5,none,True,True
96617,1.0,0.0839,0.5,none,True,True
96618,1.0,0.0648,0.5,none,True,True
96619,1.0,0.0718,0.5,none,True,True
96620,1.0,0.0589,0.5,none,True,True
96621,1.0,0.0403,0.5,none,True,True
96622,1.0,0.0327,0.5,none,True,True
96623,1.0,0.0277,0.5,none,True,True
96624,1.0,0.017,0.5,none,True,True
96625,1.0,0.0102,0.5,none,True,True
96626,1.0,0.0099,0.5,none,True,True
96627,1.0,0.008,0.5,none,True,True
96628,1.0,0.005,0.5,none,True,True
96629,1.0,0.0063,0.5,none,True,True
96630,1.0,0.009,0.5,none,True,True
96631,1.0,0.0096,0.5,none,True,True
96632,1.0,0.0108,0.5,none,True,True
96633,1.0,0.014,0.5,none,True,True
96634,1.0,0.0161,0.5,none,True,True
96635,1.0,0.0167,0.5,none,True,True
96636,1.0,0.0182,0.5,none,True,True
96637,1.0,0.0196,0.5,none,True,True
96638,1.0,0.0197,0.5,none,True,True
96639,1.0,0.0193,0.5,none,True,True
96640,1.0,0.0193,0.5,none,True,True
96641,1.0,0.0187,0.5,none,True,True
96642,1.0,0.0174,0.5,none,True,True
96643,1.0,0.0163,0.5,none,True,True
96644,1.0,0.0152,0.5,none,True,True
96645,1.0,0.0138,0.5,none,True,True
96646,1.0,0.0123,0.5,none,True,True
96647,1.0,0.0111,0.5,none,True,True
96648,1.0,0.01,0.5,none,True,True
96649,1.0,0.0088,0.5,none,True,True
96650,1.0,0.0078,0.5,none,True,True
96651,1.0,0.0071,0.5,none,True,True
96652,1.0,0.0064,0.5,none,True,True
96653,1.0,0.0057,0.5,none,True,True
96654,1.0,0.0053,0.5,none,True,True
96655,1.0,0.005,0.5,none,True,True
96656,1.0,0.0047,0.5,none,True,True
96657,1.0,0.0045,0.5,none,True,True
96658,1.0,0.0044,0.5,none,True,True
96659,1.0,0.0043,0.5,none,True,True
96660,1.0,0.0042,0.5,none,True,True
96661,1.0,0.0041,0.5,none,True,True
96662,1.0,0.004,0.5,none,True,True
96663,1.0,0.0039,0.5,none,True,True
96664,1.0,0.0038,0.5,none,True,True
96665,1.0,0.0037,0.5,none,True,True
96666,1.0,0.0035,0.5,none,True,True
96667,1.0,0.0033,0.5,none,True,True
96668,1.0,0.0032,0.5,none,True,True
96669,1.0,0.003,0.5,none,True,True
96670,1.0,0.0028,0.5,none,True,True
96671,1.0,0.0026,0.5,none,True,True
96672,1.0,0.0024,0.5,none,True,True
96673,1.0,0.0023,0.5,none,True,True
96674,1.0,0.0021,0.5,none,True,True
96675,1.0,0.0019,0.5,none,True,True
96676,1.0,0.0018,0.5,none,True,True
96677,1.0,0.0017,0.5,none,True,True
96678,1.0,0.0015,0.5,none,True,True
96679,1.0,0.0014,0.5,none,True,True
96680,1.0,0.0013,0.5,none,True,True
96681,1.0,0.0013,0.5,none,True,True
96682,1.0,0.0012,0.5,none,True,True
96683,1.0,0.0011,0.5,none,True,True
96684,1.0,0.0011,0.5,none,True,True
96685,1.0,0.001,0.5,none,True,True
96686,1.0,0.001,0.5,none,True,True
96687,1.0,0.0009,0.5,none,True,True
96688,1.0,0.0009,0.5,none,True,True
96689,1.0,0.0008,0.5,none,True,True
96690,1.0,0.0008,0.5,none,True,True
96691,1.0,0.0008,0.5,none,True,True
96692,1.0,0.0007,0.5,none,True,True
96693,1.0,0.0007,0.5,none,True,True
96694,1.0,0.0006,0.5,none,True,True
96695,1.0,0.0006,0.5,none,True,True
96696,1.0,0.0006,0.5,none,True,True
96697,1.0,0.0005,0.5,none,True,True
96698,1.0,0.0005,0.5,none,True,True
96699,1.0,0.0005,0.5,none,True,True
96700,1.0,0.0004,0.5,none,True,True
96701,1.0,0.0004,0.5,none,True,True
96702,1.0,0.0004,0.5,none,True,True
96703,1.0,0.0004,0.5,none,True,True
96704,1.0,0.0003,0.5,none,True,True
96705,1.0,0.0003,0.5,none,True,True
96706,1.0,0.0003,0.5,none,True,True
96707,1.0,0.0003,0.5,none,True,True
96708,1.0,0.0003,0.5,none,True,True
96709,1.0,0.0003,0.5,none,True,True
96710,1.0,0.0002,0.5,none,True,True
96711,1.0,0.0002,0.5,none,True,True
96712,1.0,0.0002,0.5,none,True,True
96713,1.0,0.0002,0.5,none,True,True
96714,1.0,0.0002,0.5,none,True,True
96715,1.0,0.0002,0.5,none,True,True
96716,1.0,0.0002,0.5,none,True,True
96717,1.0,0.0002,0.5,none,True,True
96718,1.0,0.0002,0.5,none,True,True
96719,1.0,0.0001,0.5,none,True,True
96720,1.0,0.0001,0.5,none,True,True
96721,1.0,0.0001,0.5,none,True,True
96722,1.0,0.0001,0.5,none,True,True
96723,1.0,0.0001,0.5,none,True,True
96724,1.0,0.0001,0.5,none,True,True
96725,1.0,0.0001,0.5,none,True,True
96726,1.0,0.0001,0.5,none,True,True
96727,1.0,0.0001,0.5,none,True,True
96728,1.0,0.0001,0.5,none,True,True
96729,1.0,0.0001,0.5,none,True,True
96730,1.0,0.0001,0.5,none,True,True
96731,1.0,0.0001,0.5,none,True,True
96732,1.0,0.0001,0.5,none,True,True
96733,1.0,0.0001,0.5,none,True,True
96734,1.0,0.0001,0.5,none,True,True
96735,1.0,0.0001,0.5,none,True,True
96736,1.0,0.0001,0.5,none,True,True
96737,1.0,0.0,0.5,none,True,True
96738,1.0,0.0,0.5,none,True,True
96739,1.0,0.0,0.5,none,True,True
96740,1.0,0.0,0.5,none,True,True
96741,1.0,0.0,0.5,none,True,True
96742,1.0,0.0,0.5,none,True,True
96743,1.0,0.0,0.5,none,True,True
96744,1.0,0.0,0.5,none,True,True
96745,1.0,0.0,0.5,none,True,True
96746,1.0,0.0,0.5,none,True,True
96747,1.0,0.0,0.5,none,True,True
96748,1.0,0.0,0.5,none,True,True
96749,1.0,0.0,0.5,none,True,True
96750,1.0,0.0,0.5,none,True,True
96751,1.0,0.0,0.5,none,True,True
96752,1.0,0.0,0.5,none,True,True
96753,1.0,0.0,0.5,none,True,True
96754,1.0,0.0,0.5,none,True,True
96755,1.0,0.0,0.5,none,True,True
96756,1.0,0.0,0.5,none,True,True
96757,1.0,0.0,0.5,none,True,True
96758,1.0,0.0,0.5,none,True,True
96759,1.0,0.0,0.5,none,True,True
96760,1.0,0.0,0.5,none,True,True
96761,1.0,0.0,0.5,none,True,True
96762,1.0,0.0,0.5,none,True,True
96763,1.0,0.0,0.5,none,True,True
96764,1.0,0.0,0.5,none,True,True
96765,1.0,0.0,0.5,none,True,True
96766,1.0,0.0,0.5,none,True,True
96767,1.0,0.0,0.5,none,True,True
96768,1.0,0.0,0.5,none,True,True
96769,1.0,0.0,0.5,none,True,True
96770,1.0,0.0,0.5,none,True,True
96771,1.0,0.0,0.5,none,True,True
96772,1.0,0.0,0.5,none,True,True
96773,1.0,0.0,0.5,none,True,True
96774,1.0,0.0,0.5,none,True,True
96775,1.0,0.0,0.5,none,True,True
96776,1.0,0.0,0.5,none,True,True
96777,1.0,0.0,0.5,none,True,True
96778,1.0,0.0,0.5,none,True,True
96779,1.0,0.0,0.5,none,True,True
96780,1.0,0.0,0.5,none,True,True
96781,1.0,0.0,0.5,none,True,True
96782,1.0,0.0,0.5,none,True,True
96783,1.0,0.0,0.5,none,True,True
96784,1.0,0.0,0.5,none,True,True
96785,1.0,0.0,0.5,none,True,True
96786,1.0,0.0,0.5,none,True,True
96787,1.0,0.0,0.5,none,True,True
96788,1.0,0.0,0.5,none,True,True
96789,1.0,0.0,0.5,none,True,True
96790,1.0,0.0,0.5,none,True,True
96791,1.0,0.0,0.5,none,True,True
96792,1.0,0.0,0.5,none,True,True
96793,1.0,0.0,0.5,none,True,True
96794,1.0,0.0,0.5,none,True,True
96795,1.0,0.0,0.5,none,True,True
96796,1.0,0.0,0.5,none,True,True
96797,1.0,0.0,0.5,none,True,True
96798,1.0,0.0,0.5,none,True,True
96799,1.0,0.0,0.5,none,True,True
96800,1.0,0.0,0.5,none,True,True
96801,1.0,0.0,0.5,none,True,True
96802,1.0,0.0,0.5,none,True,True
96803,1.0,0.0,0.5,none,True,True
96804,1.0,0.0,0.5,none,True,True
96805,1.0,0.0,0.5,none,True,True
96806,1.0,0.0,0.5,none,True,True
96807,1.0,0.0,0.5,none,True,True
96808,1.0,0.0,0.5,none,True,True
96809,1.0,0.0,0.5,none,True,True
96810,1.0,0.0,0.5,none,True,True
96811,1.0,0.0,0.5,none,True,True
96812,1.0,0.0,0.5,none,True,True
96813,1.0,0.0,0.5,none,True,True
96814,1.0,0.0,0.5,none,True,True
96815,1.0,0.0,0.5,none,True,True
96816,1.0,0.0,0.5,none,True,True
96817,1.0,0.0,0.5,none,True,True
96818,1.0,0.0,0.5,none,True,True
96819,1.0,0.0,0.5,none,True,True
96820,1.0,0.0,0.5,none,True,True
96821,1.0,0.0,0.5,none,True,True
96822,1.0,0.0,0.5,none,True,True
96823,1.0,0.0,0.5,none,True,True
96824,1.0,0.0,0.5,none,True,True
96825,1.0,0.0,0.5,none,True,True
96826,1.0,0.0,0.5,none,True,True
96827,1.0,0.0,0.5,none,True,True
96828,1.0,0.0,0.5,none,True,True
96829,1.0,0.0,0.5,none,True,True
96830,1.0,0.0,0.5,none,True,True
96831,1.0,0.0,0.5,none,True,True
96832,1.0,0.0,0.5,none,True,True
96833,1.0,0.0,0.5,none,True,True
96834,1.0,0.0,0.5,none,True,True
96835,1.0,0.0,0.5,none,True,True
96836,1.0,0.0,0.5,none,True,True
96837,1.0,0.0,0.5,none,True,True
96838,1.0,0.0,0.5,none,True,True
96839,1.0,0.0,0.5,none,True,True
96840,1.0,0.0,0.5,none,True,True
96841,1.0,0.0,0.5,none,True,True
96842,1.0,0.0,0.5,none,True,True
96843,1.0,0.0,0.5,none,True,True
96844,1.0,0.0,0.5,none,True,True
96845,1.0,0.0,0.5,none,True,True
96846,1.0,0.0,0.5,none,True,True
96847,1.0,0.0,0.5,none,True,True
96848,1.0,0.0,0.5,none,True,True
96849,1.0,0.0,0.5,none,True,True
96850,1.0,0.0,0.5,none,True,True
96851,1.0,0.0,0.5,none,True,True
96852,1.0,0.0,0.5,none,True,True
96853,1.0,0.0,0.5,none,True,True
96854,1.0,0.0,0.5,none,True,True
96855,1.0,0.0,0.5,none,True,True
96856,1.0,0.0,0.5,none,True,True
96857,1.0,0.0,0.5,none,True,True
96858,1.0,0.0,0.5,none,True,True
96859,1.0,0.0,0.5,none,True,True
96860,1.0,0.0,0.5,none,True,True
96861,1.0,0.0,0.5,none,True,True
96862,1.0,0.0,0.5,none,True,True
96863,1.0,0.0,0.5,none,True,True
96864,1.0,0.0,0.5,none,True,True
96865,1.0,0.0,0.5,none,True,True
96866,1.0,0.0,0.5,none,True,True
96867,1.0,0.0,0.5,none,True,True
96868,1.0,0.0,0.5,none,True,True
96869,1.0,0.0,0.5,none,True,True
96870,1.0,0.0,0.5,none,True,True
96871,1.0,0.0,0.5,none,True,True
96872,1.0,0.0,0.5,none,True,True
96873,1.0,0.0,0.5,none,True,True
96874,1.0,0.0,0.5,none,True,True
96875,1.0,0.0,0.5,none,True,True
96876,1.0,0.0,0.5,none,True,True
96877,1.0,0.0,0.5,none,True,True
96878,1.0,0.0,0.5,none,True,True
96879,1.0,0.0,0.5,none,True,True
96880,1.0,0.0,0.5,none,True,True
96881,1.0,0.0,0.5,none,True,True
96882,1.0,0.0,0.5,none,True,True
96883,1.0,0.0,0.5,none,True,True
96884,1.0,0.0,0.5,none,True,True
96885,1.0,0.0,0.5,none,True,True
96886,1.0,0.0,0.5,none,True,True
96887,1.0,0.0,0.5,none,True,True
96888,1.0,0.0,0.5,none,True,True
96889,1.0,0.0,0.5,none,True,True
96890,1.0,0.0,0.5,none,True,True
96891,1.0,0.0,0.5,none,True,True
96892,1.0,0.0,0.5,none,True,True
96893,1.0,0.0,0.5,none,True,True
96894,1.0,0.0,0.5,none,True,True
96895,1.0,0.0,0.5,none,True,True
96896,1.0,0.0,0.5,none,True,True
96897,1.0,0.0,0.5,none,True,True
96898,1.0,0.0,0.5,none,True,True
96899,1.0,0.0,0.5,none,True,True
96900,1.0,0.0,0.5,none,True,True
96901,1.0,0.0,0.5,none,True,True
96902,1.0,0.0,0.5,none,True,True
96903,1.0,0.0,0.5,none,True,True
96904,1.0,0.0,0.5,none,True,True
96905,1.0,0.0,0.5,none,True,True
96906,1.0,0.0,0.5,none,True,True
96907,1.0,0.0,0.5,none,True,True
96908,1.0,0.0,0.5,none,True,True
96909,1.0,0.0,0.5,none,True,True
96910,1.0,0.0,0.5,none,True,True
96911,1.0,0.0,0.5,none,True,True
96912,1.0,0.0,0.5,none,True,True
96913,1.0,0.0,0.5,none,True,True
96914,1.0,0.0,0.5,none,True,True
96915,1.0,0.0,0.5,none,True,True
96916,1.0,0.0,0.5,none,True,True
96917,1.0,0.0,0.5,none,True,True
96918,1.0,0.0,0.5,none,True,True
96919,1.0,0.0,0.5,none,True,True
96920,1.0,0.0,0.5,none,True,True
96921,1.0,0.0,0.5,none,True,True
96922,1.0,0.0,0.5,none,True,True
96923,1.0,0.0,0.5,none,True,True
96924,1.0,0.0,0.5,none,True,True
96925,1.0,0.0,0.5,none,True,True
96926,1.0,0.0,0.5,none,True,True
96927,1.0,0.0,0.5,none,True,True
96928,1.0,0.0,0.5,none,True,True
96929,1.0,0.0,0.5,none,True,True
96930,1.0,0.0,0.5,none,True,True
96931,1.0,0.0,0.5,none,True,True
96932,1.0,0.0,0.5,none,True,True
96933,1.0,0.0,0.5,none,True,True
96934,1.0,0.0,0.5,none,True,True
96935,1.0,0.0,0.5,none,True,True
96936,1.0,0.0,0.5,none,True,True
96937,1.0,0.0,0.5,none,True,True
96938,1.0,0.0,0.5,none,True,True
96939,1.0,0.0,0.5,none,True,True
96940,1.0,0.0,0.5,none,True,True
96941,1.0,0.0,0.5,none,True,True
96942,1.0,0.0,0.5,none,True,True
96943,1.0,0.0,0.5,none,True,True
96944,1.0,0.0,0.5,none,True,True
96945,1.0,0.0,0.5,none,True,True
96946,1.0,0.0,0.5,none,True,True
96947,1.0,0.0,0.5,none,True,True
96948,1.0,0.0,0.5,none,True,True
96949,1.0,0.0,0.5,none,True,True
96950,1.0,0.0,0.5,none,True,True
96951,1.0,0.0,0.5,none,True,True
96952,1.0,0.0,0.5,none,True,True
96953,1.0,0.0,0.5,none,True,True
96954,1.0,0.0,0.5,none,True,True
96955,1.0,0.0,0.5,none,True,True
96956,1.0,0.0,0.5,none,True,True
96957,1.0,0.0,0.5,none,True,True
96958,1.0,0.0,0.5,none,True,True
96959,1.0,0.0,0.5,none,True,True
96960,1.0,0.0,0.5,none,True,True
96961,1.0,0.0,0.5,none,True,True
96962,1.0,0.0,0.5,none,True,True
96963,1.0,0.0,0.5,none,True,True
96964,1.0,0.0,0.5,none,True,True
96965,1.0,0.0,0.5,none,True,True
96966,1.0,0.0,0.5,none,True,True
96967,1.0,0.0,0.5,none,True,True
96968,1.0,0.0,0.5,none,True,True
96969,1.0,0.0,0.5,none,True,True
96970,1.0,0.0,0.5,none,True,True
96971,1.0,0.0,0.5,none,True,True
96972,1.0,0.0,0.5,none,True,True
96973,1.0,0.0,0.5,none,True,True
96974,1.0,0.0,0.5,none,True,True
96975,1.0,0.0,0.5,none,True,True
96976,1.0,0.0,0.5,none,True,True
96977,1.0,0.0,0.5,none,True,True
96978,1.0,0.0,0.5,none,True,True
96979,1.0,0.0,0.5,none,True,True
96980,1.0,0.0,0.5,none,True,True
96981,1.0,0.0,0.5,none,True,True
96982,1.0,0.0,0.5,none,True,True
96983,1.0,0.0,0.5,none,True,True
96984,1.0,0.0,0.5,none,True,True
96985,1.0,0.0,0.5,none,True,True
96986,1.0,0.0,0.5,none,True,True
96987,1.0,0.0,0.5,none,True,True
96988,1.0,0.0,0.5,none,True,True
96989,1.0,0.0,0.5,none,True,True
96990,1.0,0.0,0.5,none,True,True
96991,1.0,0.0,0.5,none,True,True
96992,1.0,0.0,0.5,none,True,True
96993,1.0,0.0,0.5,none,True,True
96994,1.0,0.0,0.5,none,True,True
96995,1.0,0.0,0.5,none,True,True
96996,1.0,0.0,0.5,none,True,True
96997,1.0,0.0,0.5,none,True,True
96998,1.0,0.0,0.5,none,True,True
96999,1.0,0.0,0.5,none,True,True
97000,1.0,0.0,0.5,none,True,True
97001,1.0,0.0,0.5,none,True,True
97002,1.0,0.0,0.5,none,True,True
97003,1.0,0.0,0.5,none,True,True
97004,1.0,0.0,0.5,none,True,True
97005,1.0,0.0,0.5,none,True,True
97006,1.0,0.0,0.5,none,True,True
97007,1.0,0.0,0.5,none,True,True
97008,1.0,0.0,0.5,none,True,True
97009,1.0,0.0,0.5,none,True,True
97010,1.0,0.0,0.5,none,True,True
97011,1.0,0.0,0.5,none,True,True
97012,1.0,0.0,0.5,none,True,True
97013,1.0,0.0,0.5,none,True,True
97014,1.0,0.0,0.5,none,True,True
97015,1.0,0.0,0.5,none,True,True
97016,1.0,0.0,0.5,none,True,True
97017,1.0,0.0,0.5,none,True,True
97018,1.0,0.0,0.5,none,True,True
97019,1.0,0.0,0.5,none,True,True
97020,1.0,0.0,0.5,none,True,True
97021,1.0,0.0,0.5,none,True,True
97022,1.0,0.0,0.5,none,True,True
97023,1.0,0.0,0.5,none,True,True
97024,1.0,0.0,0.5,none,True,True
97025,1.0,0.0,0.5,none,True,True
97026,1.0,0.0,0.5,none,True,True
97027,1.0,0.0,0.5,none,True,True
97028,1.0,0.0,0.5,none,True,True
97029,1.0,0.0,0.5,none,True,True
97030,1.0,0.0,0.5,none,True,True
97031,1.0,0.0,0.5,none,True,True
97032,1.0,0.0,0.5,none,True,True
97033,1.0,0.0,0.5,none,True,True
97034,1.0,0.0,0.5,none,True,True
97035,1.0,0.0,0.5,none,True,True
97036,1.0,0.0,0.5,none,True,True
97037,1.0,0.0,0.5,none,True,True
97038,1.0,0.0,0.5,none,True,True
97039,1.0,0.0,0.5,none,True,True
97040,1.0,0.0,0.5,none,True,True
97041,1.0,0.0,0.5,none,True,True
97042,1.0,0.0,0.5,none,True,True
97043,1.0,0.0,0.5,none,True,True
97044,1.0,0.0,0.5,none,True,True
97045,1.0,0.0,0.5,none,True,True
97046,1.0,0.0,0.5,none,True,True
97047,1.0,0.0,0.5,none,True,True
97048,1.0,0.0,0.5,none,True,True
97049,1.0,0.0,0.5,none,True,True
97050,1.0,0.0,0.5,none,True,True
97051,1.0,0.0,0.5,none,True,True
97052,1.0,0.0,0.5,none,True,True
97053,1.0,0.0,0.5,none,True,True
97054,1.0,0.0,0.5,none,True,True
97055,1.0,0.0,0.5,none,True,True
97056,1.0,0.0,0.5,none,True,True
97057,1.0,0.0,0.5,none,True,True
97058,1.0,0.0,0.5,none,True,True
97059,1.0,0.0,0.5,none,True,True
97060,1.0,0.0,0.5,none,True,True
97061,1.0,0.0,0.5,none,True,True
97062,1.0,0.0,0.5,none,True,True
97063,1.0,0.0,0.5,none,True,True
97064,1.0,0.0,0.5,none,True,True
97065,1.0,0.0,0.5,none,True,True
97066,1.0,0.0,0.5,none,True,True
97067,1.0,0.0,0.5,none,True,True
97068,1.0,0.0,0.5,none,True,True
97069,1.0,0.0,0.5,none,True,True
97070,1.0,0.0,0.5,none,True,True
97071,1.0,0.0,0.5,none,True,True
97072,1.0,0.0,0.5,none,True,True
97073,1.0,0.0,0.5,none,True,True
97074,1.0,0.0,0.5,none,True,True
97075,1.0,0.0,0.5,none,True,True
97076,1.0,0.0,0.5,none,True,True
97077,1.0,0.0,0.5,none,True,True
97078,1.0,0.0,0.5,none,True,True
97079,1.0,0.0,0.5,none,True,True
97080,1.0,0.0,0.5,none,True,True
97081,1.0,0.0,0.5,none,True,True
97082,1.0,0.0,0.5,none,True,True
97083,1.0,0.0,0.5,none,True,True
97084,1.0,0.0,0.5,none,True,True
97085,1.0,0.0,0.5,none,True,True
97086,1.0,0.0,0.5,none,True,True
97087,1.0,0.0,0.5,none,True,True
97088,1.0,0.0,0.5,none,True,True
97089,1.0,0.0,0.5,none,True,True
97090,1.0,0.0,0.5,none,True,True
97091,1.0,0.0,0.5,none,True,True
97092,1.0,0.0,0.5,none,True,True
97093,1.0,0.0,0.5,none,True,True
97094,1.0,0.0,0.5,none,True,True
97095,1.0,0.0,0.5,none,True,True
97096,1.0,0.0,0.5,none,True,True
97097,1.0,0.0,0.5,none,True,True
97098,1.0,0.0,0.5,none,True,True
97099,1.0,0.0,0.5,none,True,True
97100,1.0,0.0,0.5,none,True,True
97101,1.0,0.0,0.5,none,True,True
97102,1.0,0.0,0.5,none,True,True
97103,1.0,0.0,0.5,none,True,True
97104,1.0,0.0,0.5,none,True,True
97105,1.0,0.0,0.5,none,True,True
97106,1.0,0.0,0.5,none,True,True
97107,1.0,0.0,0.5,none,True,True
97108,1.0,0.0,0.5,none,True,True
97109,1.0,0.0,0.5,none,True,True
97110,1.0,0.0,0.5,none,True,True
97111,1.0,0.0,0.5,none,True,True
97112,1.0,0.0,0.5,none,True,True
97113,1.0,0.0,0.5,none,True,True
97114,1.0,0.0,0.5,none,True,True
97115,1.0,0.0,0.5,none,True,True
97116,1.0,0.0,0.5,none,True,True
97117,1.0,0.0,0.5,none,True,True
97118,1.0,0.0,0.5,none,True,True
97119,1.0,0.0,0.5,none,True,True
97120,1.0,0.0,0.5,none,True,True
97121,1.0,0.0,0.5,none,True,True
97122,1.0,0.0,0.5,none,True,True
97123,1.0,0.0,0.5,none,True,True
97124,1.0,0.0,0.5,none,True,True
97125,1.0,0.0,0.5,none,True,True
97126,1.0,0.0,0.5,none,True,True
97127,1.0,0.0,0.5,none,True,True
97128,1.0,0.0,0.5,none,True,True
97129,1.0,0.0,0.5,none,True,True
97130,1.0,0.0,0.5,none,True,True
97131,1.0,0.0,0.5,none,True,True
97132,1.0,0.0,0.5,none,True,True
97133,1.0,0.0,0.5,none,True,True
97134,1.0,0.0,0.5,none,True,True
97135,1.0,0.0,0.5,none,True,True
97136,1.0,0.0,0.5,none,True,True
97137,1.0,0.0,0.5,none,True,True
97138,1.0,0.0,0.5,none,True,True
97139,1.0,0.0,0.5,none,True,True
97140,1.0,0.0,0.5,none,True,True
97141,1.0,0.0,0.5,none,True,True
97142,1.0,0.0,0.5,none,True,True
97143,1.0,0.0,0.5,none,True,True
97144,1.0,0.0,0.5,none,True,True
97145,1.0,0.0,0.5,none,True,True
97146,1.0,0.0,0.5,none,True,True
97147,1.0,0.0,0.5,none,True,True
97148,1.0,0.0,0.5,none,True,True
97149,1.0,0.0,0.5,none,True,True
97150,1.0,0.0,0.5,none,True,True
97151,1.0,0.0,0.5,none,True,True
97152,1.0,0.0,0.5,none,True,True
97153,1.0,0.0,0.5,none,True,True
97154,1.0,0.0,0.5,none,True,True
97155,1.0,0.0,0.5,none,True,True
97156,1.0,0.0,0.5,none,True,True
97157,1.0,0.0,0.5,none,True,True
97158,1.0,0.0,0.5,none,True,True
97159,1.0,0.0,0.5,none,True,True
97160,1.0,0.0,0.5,none,True,True
97161,1.0,0.0,0.5,none,True,True
97162,1.0,0.0,0.5,none,True,True
97163,1.0,0.0,0.5,none,True,True
97164,1.0,0.0,0.5,none,True,True
97165,1.0,0.0,0.5,none,True,True
97166,1.0,0.0,0.5,none,True,True
97167,1.0,0.0,0.5,none,True,True
97168,1.0,0.0,0.5,none,True,True
97169,1.0,0.0,0.5,none,True,True
97170,1.0,0.0,0.5,none,True,True
97171,1.0,0.0,0.5,none,True,True
97172,1.0,0.0,0.5,none,True,True
97173,1.0,0.0,0.5,none,True,True
97174,1.0,0.0,0.5,none,True,True
97175,1.0,0.0,0.5,none,True,True
97176,1.0,0.0,0.5,none,True,True
97177,1.0,0.0,0.5,none,True,True
97178,1.0,0.0,0.5,none,True,True
97179,1.0,0.0,0.5,none,True,True
97180,1.0,0.0,0.5,none,True,True
97181,1.0,0.0,0.5,none,True,True
97182,1.0,0.0,0.5,none,True,True
97183,1.0,0.0,0.5,none,True,True
97184,1.0,0.0,0.5,none,True,True
97185,1.0,0.0,0.5,none,True,True
97186,1.0,0.0,0.5,none,True,True
97187,1.0,0.0,0.5,none,True,True
97188,1.0,0.0,0.5,none,True,True
97189,1.0,0.0,0.5,none,True,True
97190,1.0,0.0,0.5,none,True,True
97191,1.0,0.0,0.5,none,True,True
97192,1.0,0.0,0.5,none,True,True
97193,1.0,0.0,0.5,none,True,True
97194,1.0,0.0,0.5,none,True,True
97195,1.0,0.0,0.5,none,True,True
97196,1.0,0.0,0.5,none,True,True
97197,1.0,0.0,0.5,none,True,True
97198,1.0,0.0,0.5,none,True,True
97199,1.0,0.0,0.5,none,True,True
97200,1.0,0.0,0.5,none,True,True
97201,1.0,0.0,0.5,none,True,True
97202,1.0,0.0,0.5,none,True,True
97203,1.0,0.0,0.5,none,True,True
97204,1.0,0.0,0.5,none,True,True
97205,1.0,0.0,0.5,none,True,True
97206,1.0,0.0,0.5,none,True,True
97207,1.0,0.0,0.5,none,True,True
97208,1.0,0.0,0.5,none,True,True
97209,1.0,0.0,0.5,none,True,True
97210,1.0,0.0,0.5,none,True,True
97211,1.0,0.0,0.5,none,True,True
97212,1.0,0.0,0.5,none,True,True
97213,1.0,0.0,0.5,none,True,True
97214,1.0,0.0,0.5,none,True,True
97215,1.0,0.0,0.5,none,True,True
97216,1.0,0.0,0.5,none,True,True
97217,1.0,0.0,0.5,none,True,True
97218,1.0,0.0,0.5,none,True,True
97219,1.0,0.0,0.5,none,True,True
97220,1.0,0.0,0.5,none,True,True
97221,1.0,0.0,0.5,none,True,True
97222,1.0,0.0,0.5,none,True,True
97223,1.0,0.0,0.5,none,True,True
97224,1.0,0.0,0.5,none,True,True
97225,1.0,0.0,0.5,none,True,True
97226,1.0,0.0,0.5,none,True,True
97227,1.0,0.0,0.5,none,True,True
97228,1.0,0.0,0.5,none,True,True
97229,1.0,0.0,0.5,none,True,True
97230,1.0,0.0,0.5,none,True,True
97231,1.0,0.0,0.5,none,True,True
97232,1.0,0.0,0.5,none,True,True
97233,1.0,0.0,0.5,none,True,True
97234,1.0,0.0,0.5,none,True,True
97235,1.0,0.0,0.5,none,True,True
97236,1.0,0.0,0.5,none,True,True
97237,1.0,0.0,0.5,none,True,True
97238,1.0,0.0,0.5,none,True,True
97239,1.0,0.0,0.5,none,True,True
97240,1.0,0.0,0.5,none,True,True
97241,1.0,0.0,0.5,none,True,True
97242,1.0,0.0,0.5,none,True,True
97243,1.0,0.0,0.5,none,True,True
97244,1.0,0.0,0.5,none,True,True
97245,1.0,0.0,0.5,none,True,True
97246,1.0,0.0,0.5,none,True,True
97247,1.0,0.0,0.5,none,True,True
97248,1.0,0.0,0.5,none,True,True
97249,1.0,0.0,0.5,none,True,True
97250,1.0,0.0,0.5,none,True,True
97251,1.0,0.0,0.5,none,True,True
97252,1.0,0.0,0.5,none,True,True
97253,1.0,0.0,0.5,none,True,True
97254,1.0,0.0,0.5,none,True,True
97255,1.0,0.0,0.5,none,True,True
97256,1.0,0.0,0.5,none,True,True
97257,1.0,0.0,0.5,none,True,True
97258,1.0,0.0,0.5,none,True,True
97259,1.0,0.0,0.5,none,True,True
97260,1.0,0.0,0.5,none,True,True
97261,1.0,0.0,0.5,none,True,True
97262,1.0,0.0,0.5,none,True,True
97263,1.0,0.0,0.5,none,True,True
97264,1.0,0.0,0.5,none,True,True
97265,1.0,0.0,0.5,none,True,True
97266,1.0,0.0,0.5,none,True,True
97267,1.0,0.0,0.5,none,True,True
97268,1.0,0.0,0.5,none,True,True
97269,1.0,0.0,0.5,none,True,True
97270,1.0,0.0,0.5,none,True,True
97271,1.0,0.0,0.5,none,True,True
97272,1.0,0.0,0.5,none,True,True
97273,1.0,0.0,0.5,none,True,True
97274,1.0,0.0,0.5,none,True,True
97275,1.0,0.0,0.5,none,True,True
97276,1.0,0.0,0.5,none,True,True
97277,1.0,0.0,0.5,none,True,True
97278,1.0,0.0,0.5,none,True,True
97279,1.0,0.0,0.5,none,True,True
97280,1.0,0.0,0.5,none,True,True
97281,1.0,0.0,0.5,none,True,True
97282,1.0,0.0,0.5,none,True,True
97283,1.0,0.0,0.5,none,True,True
97284,1.0,0.0,0.5,none,True,True
97285,1.0,0.0,0.5,none,True,True
97286,1.0,0.0,0.5,none,True,True
97287,1.0,0.0,0.5,none,True,True
97288,1.0,0.0,0.5,none,True,True
97289,1.0,0.0,0.5,none,True,True
97290,1.0,0.0,0.5,none,True,True
97291,1.0,0.0,0.5,none,True,True
97292,1.0,0.0,0.5,none,True,True
97293,1.0,0.0,0.5,none,True,True
97294,1.0,0.0,0.5,none,True,True
97295,1.0,0.0,0.5,none,True,True
97296,1.0,0.0,0.5,none,True,True
97297,1.0,0.0,0.5,none,True,True
97298,1.0,0.0,0.5,none,True,True
97299,1.0,0.0,0.5,none,True,True
97300,1.0,0.0061,0.5,none,True,True
97301,1.0,0.0357,0.5,none,True,True
97302,1.0,0.0812,0.5,none,True,True
97303,1.0,0.1113,0.5,none,True,True
97304,1.0,0.1253,0.5,none,True,True
97305,1.0,0.1408,0.5,none,True,True
97306,1.0,0.0907,0.5,none,True,True
97307,1.0,0.1198,0.5,none,True,True
97308,1.0,0.0467,0.5,none,True,True
97309,1.0,0.0522,0.5,none,True,True
97310,1.0,0.0405,0.5,none,True,True
97311,1.0,0.0313,0.5,none,True,True
97312,1.0,0.0083,0.5,none,True,True
97313,1.0,0.0726,0.5,none,True,True
97314,1.0,0.0793,0.5,none,True,True
97315,1.0,0.0581,0.5,none,True,True
97316,1.0,0.0955,0.5,none,True,True
97317,1.0,0.0839,0.5,none,True,True
97318,1.0,0.0648,0.5,none,True,True
97319,1.0,0.0718,0.5,none,True,True
97320,1.0,0.0589,0.5,none,True,True
97321,1.0,0.0403,0.5,none,True,True
97322,1.0,0.0327,0.5,none,True,True
97323,1.0,0.0277,0.5,none,True,True
97324,1.0,0.017,0.5,none,True,True
97325,1.0,0.0102,0.5,none,True,True
97326,1.0,0.0099,0.5,none,True,True
97327,1.0,0.008,0.5,none,True,True
97328,1.0,0.005,0.5,none,True,True
97329,1.0,0.0063,0.5,none,True,True
97330,1.0,0.009,0.5,none,True,True
97331,1.0,0.0096,0.5,none,True,True
97332,1.0,0.0108,0.5,none,True,True
97333,1.0,0.014,0.5,none,True,True
97334,1.0,0.0161,0.5,none,True,True
97335,1.0,0.0167,0.5,none,True,True
97336,1.0,0.0182,0.5,none,True,True
97337,1.0,0.0196,0.5,none,True,True
97338,1.0,0.0197,0.5,none,True,True
97339,1.0,0.0193,0.5,none,True,True
97340,1.0,0.0193,0.5,none,True,True
97341,1.0,0.0187,0.5,none,True,True
97342,1.0,0.0174,0.5,none,True,True
97343,1.0,0.0163,0.5,none,True,True
97344,1.0,0.0152,0.5,none,True,True
97345,1.0,0.0138,0.5,none,True,True
97346,1.0,0.0123,0.5,none,True,True
97347,1.0,0.0111,0.5,none,True,True
97348,1.0,0.01,0.5,none,True,True
97349,1.0,0.0088,0.5,none,True,True
97350,1.0,0.0078,0.5,none,True,True
97351,1.0,0.0071,0.5,none,True,True
97352,1.0,0.0064,0.5,none,True,True
97353,1.0,0.0057,0.5,none,True,True
97354,1.0,0.0053,0.5,none,True,True
97355,1.0,0.005,0.5,none,True,True
97356,1.0,0.0047,0.5,none,True,True
97357,1.0,0.0045,0.5,none,True,True
97358,1.0,0.0044,0.5,none,True,True
97359,1.0,0.0043,0.5,none,True,True
97360,1.0,0.0042,0.5,none,True,True
97361,1.0,0.0041,0.5,none,True,True
97362,1.0,0.004,0.5,none,True,True
97363,1.0,0.0039,0.5,none,True,True
97364,1.0,0.0038,0.5,none,True,True
97365,1.0,0.0037,0.5,none,True,True
97366,1.0,0.0035,0.5,none,True,True
97367,1.0,0.0033,0.5,none,True,True
97368,1.0,0.0032,0.5,none,True,True
97369,1.0,0.003,0.5,none,True,True
97370,1.0,0.0028,0.5,none,True,True
97371,1.0,0.0026,0.5,none,True,True
97372,1.0,0.0024,0.5,none,True,True
97373,1.0,0.0023,0.5,none,True,True
97374,1.0,0.0021,0.5,none,True,True
97375,1.0,0.0019,0.5,none,True,True
97376,1.0,0.0018,0.5,none,True,True
97377,1.0,0.0017,0.5,none,True,True
97378,1.0,0.0015,0.5,none,True,True
97379,1.0,0.0014,0.5,none,True,True
97380,1.0,0.0013,0.5,none,True,True
97381,1.0,0.0013,0.5,none,True,True
97382,1.0,0.0012,0.5,none,True,True
97383,1.0,0.0011,0.5,none,True,True
97384,1.0,0.0011,0.5,none,True,True
97385,1.0,0.001,0.5,none,True,True
97386,1.0,0.001,0.5,none,True,True
97387,1.0,0.0009,0.5,none,True,True
97388,1.0,0.0009,0.5,none,True,True
97389,1.0,0.0008,0.5,none,True,True
97390,1.0,0.0008,0.5,none,True,True
97391,1.0,0.0008,0.5,none,True,True
97392,1.0,0.0007,0.5,none,True,True
97393,1.0,0.0007,0.5,none,True,True
97394,1.0,0.0006,0.5,none,True,True
97395,1.0,0.0006,0.5,none,True,True
97396,1.0,0.0006,0.5,none,True,True
97397,1.0,0.0005,0.5,none,True,True
97398,1.0,0.0005,0.5,none,True,True
97399,1.0,0.0005,0.5,none,True,True
97400,1.0,0.0004,0.5,none,True,True
97401,1.0,0.0004,0.5,none,True,True
97402,1.0,0.0004,0.5,none,True,True
97403,1.0,0.0004,0.5,none,True,True
97404,1.0,0.0003,0.5,none,True,True
97405,1.0,0.0003,0.5,none,True,True
97406,1.0,0.0003,0.5,none,True,True
97407,1.0,0.0003,0.5,none,True,True
97408,1.0,0.0003,0.5,none,True,True
97409,1.0,0.0003,0.5,none,True,True
97410,1.0,0.0002,0.5,none,True,True
97411,1.0,0.0002,0.5,none,True,True
97412,1.0,0.0002,0.5,none,True,True
97413,1.0,0.0002,0.5,none,True,True
97414,1.0,0.0002,0.5,none,True,True
97415,1.0,0.0002,0.5,none,True,True
97416,1.0,0.0002,0.5,none,True,True
97417,1.0,0.0002,0.5,none,True,True
97418,1.0,0.0002,0.5,none,True,True
97419,1.0,0.0001,0.5,none,True,True
97420,1.0,0.0001,0.5,none,True,True
97421,1.0,0.0001,0.5,none,True,True
97422,1.0,0.0001,0.5,none,True,True
97423,1.0,0.0001,0.5,none,True,True
97424,1.0,0.0001,0.5,none,True,True
97425,1.0,0.0001,0.5,none,True,True
97426,1.0,0.0001,0.5,none,True,True
97427,1.0,0.0001,0.5,none,True,True
97428,1.0,0.0001,0.5,none,True,True
97429,1.0,0.0001,0.5,none,True,True
97430,1.0,0.0001,0.5,none,True,True
97431,1.0,0.0001,0.5,none,True,True
97432,1.0,0.0001,0.5,none,True,True
97433,1.0,0.0001,0.5,none,True,True
97434,1.0,0.0001,0.5,none,True,True
97435,1.0,0.0001,0.5,none,True,True
97436,1.0,0.0001,0.5,none,True,True
97437,1.0,0.0,0.5,none,True,True
97438,1.0,0.0,0.5,none,True,True
97439,1.0,0.0,0.5,none,True,True
97440,1.0,0.0,0.5,none,True,True
97441,1.0,0.0,0.5,none,True,True
97442,1.0,0.0,0.5,none,True,True
97443,1.0,0.0,0.5,none,True,True
97444,1.0,0.0,0.5,none,True,True
97445,1.0,0.0,0.5,none,True,True
97446,1.0,0.0,0.5,none,True,True
97447,1.0,0.0,0.5,none,True,True
97448,1.0,0.0,0.5,none,True,True
97449,1.0,0.0,0.5,none,True,True
97450,1.0,0.0,0.5,none,True,True
97451,1.0,0.0,0.5,none,True,True
97452,1.0,0.0,0.5,none,True,True
97453,1.0,0.0,0.5,none,True,True
97454,1.0,0.0,0.5,none,True,True
97455,1.0,0.0,0.5,none,True,True
97456,1.0,0.0,0.5,none,True,True
97457,1.0,0.0,0.5,none,True,True
97458,1.0,0.0,0.5,none,True,True
97459,1.0,0.0,0.5,none,True,True
97460,1.0,0.0,0.5,none,True,True
97461,1.0,0.0,0.5,none,True,True
97462,1.0,0.0,0.5,none,True,True
97463,1.0,0.0,0.5,none,True,True
97464,1.0,0.0,0.5,none,True,True
97465,1.0,0.0,0.5,none,True,True
97466,1.0,0.0,0.5,none,True,True
97467,1.0,0.0,0.5,none,True,True
97468,1.0,0.0,0.5,none,True,True
97469,1.0,0.0,0.5,none,True,True
97470,1.0,0.0,0.5,none,True,True
97471,1.0,0.0,0.5,none,True,True
97472,1.0,0.0,0.5,none,True,True
97473,1.0,0.0,0.5,none,True,True
97474,1.0,0.0,0.5,none,True,True
97475,1.0,0.0,0.5,none,True,True
97476,1.0,0.0,0.5,none,True,True
97477,1.0,0.0,0.5,none,True,True
97478,1.0,0.0,0.5,none,True,True
97479,1.0,0.0,0.5,none,True,True
97480,1.0,0.0,0.5,none,True,True
97481,1.0,0.0,0.5,none,True,True
97482,1.0,0.0,0.5,none,True,True
97483,1.0,0.0,0.5,none,True,True
97484,1.0,0.0,0.5,none,True,True
97485,1.0,0.0,0.5,none,True,True
97486,1.0,0.0,0.5,none,True,True
97487,1.0,0.0,0.5,none,True,True
97488,1.0,0.0,0.5,none,True,True
97489,1.0,0.0,0.5,none,True,True
97490,1.0,0.0,0.5,none,True,True
97491,1.0,0.0,0.5,none,True,True
97492,1.0,0.0,0.5,none,True,True
97493,1.0,0.0,0.5,none,True,True
97494,1.0,0.0,0.5,none,True,True
97495,1.0,0.0,0.5,none,True,True
97496,1.0,0.0,0.5,none,True,True
97497,1.0,0.0,0.5,none,True,True
97498,1.0,0.0,0.5,none,True,True
97499,1.0,0.0,0.5,none,True,True
97500,1.0,0.0,0.5,none,True,True
97501,1.0,0.0,0.5,none,True,True
97502,1.0,0.0,0.5,none,True,True
97503,1.0,0.0,0.5,none,True,True
97504,1.0,0.0,0.5,none,True,True
97505,1.0,0.0,0.5,none,True,True
97506,1.0,0.0,0.5,none,True,True
97507,1.0,0.0,0.5,none,True,True
97508,1.0,0.0,0.5,none,True,True
97509,1.0,0.0,0.5,none,True,True
97510,1.0,0.0,0.5,none,True,True
97511,1.0,0.0,0.5,none,True,True
97512,1.0,0.0,0.5,none,True,True
97513,1.0,0.0,0.5,none,True,True
97514,1.0,0.0,0.5,none,True,True
97515,1.0,0.0,0.5,none,True,True
97516,1.0,0.0,0.5,none,True,True
97517,1.0,0.0,0.5,none,True,True
97518,1.0,0.0,0.5,none,True,True
97519,1.0,0.0,0.5,none,True,True
97520,1.0,0.0,0.5,none,True,True
97521,1.0,0.0,0.5,none,True,True
97522,1.0,0.0,0.5,none,True,True
97523,1.0,0.0,0.5,none,True,True
97524,1.0,0.0,0.5,none,True,True
97525,1.0,0.0,0.5,none,True,True
97526,1.0,0.0,0.5,none,True,True
97527,1.0,0.0,0.5,none,True,True
97528,1.0,0.0,0.5,none,True,True
97529,1.0,0.0,0.5,none,True,True
97530,1.0,0.0,0.5,none,True,True
97531,1.0,0.0,0.5,none,True,True
97532,1.0,0.0,0.5,none,True,True
97533,1.0,0.0,0.5,none,True,True
97534,1.0,0.0,0.5,none,True,True
97535,1.0,0.0,0.5,none,True,True
97536,1.0,0.0,0.5,none,True,True
97537,1.0,0.0,0.5,none,True,True
97538,1.0,0.0,0.5,none,True,True
97539,1.0,0.0,0.5,none,True,True
97540,1.0,0.0,0.5,none,True,True
97541,1.0,0.0,0.5,none,True,True
97542,1.0,0.0,0.5,none,True,True
97543,1.0,0.0,0.5,none,True,True
97544,1.0,0.0,0.5,none,True,True
97545,1.0,0.0,0.5,none,True,True
97546,1.0,0.0,0.5,none,True,True
97547,1.0,0.0,0.5,none,True,True
97548,1.0,0.0,0.5,none,True,True
97549,1.0,0.0,0.5,none,True,True
97550,1.0,0.0,0.5,none,True,True
97551,1.0,0.0,0.5,none,True,True
97552,1.0,0.0,0.5,none,True,True
97553,1.0,0.0,0.5,none,True,True
97554,1.0,0.0,0.5,none,True,True
97555,1.0,0.0,0.5,none,True,True
97556,1.0,0.0,0.5,none,True,True
97557,1.0,0.0,0.5,none,True,True
97558,1.0,0.0,0.5,none,True,True
97559,1.0,0.0,0.5,none,True,True
97560,1.0,0.0,0.5,none,True,True
97561,1.0,0.0,0.5,none,True,True
97562,1.0,0.0,0.5,none,True,True
97563,1.0,0.0,0.5,none,True,True
97564,1.0,0.0,0.5,none,True,True
97565,1.0,0.0,0.5,none,True,True
97566,1.0,0.0,0.5,none,True,True
97567,1.0,0.0,0.5,none,True,True
97568,1.0,0.0,0.5,none,True,True
97569,1.0,0.0,0.5,none,True,True
97570,1.0,0.0,0.5,none,True,True
97571,1.0,0.0,0.5,none,True,True
97572,1.0,0.0,0.5,none,True,True
97573,1.0,0.0,0.5,none,True,True
97574,1.0,0.0,0.5,none,True,True
97575,1.0,0.0,0.5,none,True,True
97576,1.0,0.0,0.5,none,True,True
97577,1.0,0.0,0.5,none,True,True
97578,1.0,0.0,0.5,none,True,True
97579,1.0,0.0,0.5,none,True,True
97580,1.0,0.0,0.5,none,True,True
97581,1.0,0.0,0.5,none,True,True
97582,1.0,0.0,0.5,none,True,True
97583,1.0,0.0,0.5,none,True,True
97584,1.0,0.0,0.5,none,True,True
97585,1.0,0.0,0.5,none,True,True
97586,1.0,0.0,0.5,none,True,True
97587,1.0,0.0,0.5,none,True,True
97588,1.0,0.0,0.5,none,True,True
97589,1.0,0.0,0.5,none,True,True
97590,1.0,0.0,0.5,none,True,True
97591,1.0,0.0,0.5,none,True,True
97592,1.0,0.0,0.5,none,True,True
97593,1.0,0.0,0.5,none,True,True
97594,1.0,0.0,0.5,none,True,True
97595,1.0,0.0,0.5,none,True,True
97596,1.0,0.0,0.5,none,True,True
97597,1.0,0.0,0.5,none,True,True
97598,1.0,0.0,0.5,none,True,True
97599,1.0,0.0,0.5,none,True,True
97600,1.0,0.0,0.5,none,True,True
97601,1.0,0.0,0.5,none,True,True
97602,1.0,0.0,0.5,none,True,True
97603,1.0,0.0,0.5,none,True,True
97604,1.0,0.0,0.5,none,True,True
97605,1.0,0.0,0.5,none,True,True
97606,1.0,0.0,0.5,none,True,True
97607,1.0,0.0,0.5,none,True,True
97608,1.0,0.0,0.5,none,True,True
97609,1.0,0.0,0.5,none,True,True
97610,1.0,0.0,0.5,none,True,True
97611,1.0,0.0,0.5,none,True,True
97612,1.0,0.0,0.5,none,True,True
97613,1.0,0.0,0.5,none,True,True
97614,1.0,0.0,0.5,none,True,True
97615,1.0,0.0,0.5,none,True,True
97616,1.0,0.0,0.5,none,True,True
97617,1.0,0.0,0.5,none,True,True
97618,1.0,0.0,0.5,none,True,True
97619,1.0,0.0,0.5,none,True,True
97620,1.0,0.0,0.5,none,True,True
97621,1.0,0.0,0.5,none,True,True
97622,1.0,0.0,0.5,none,True,True
97623,1.0,0.0,0.5,none,True,True
97624,1.0,0.0,0.5,none,True,True
97625,1.0,0.0,0.5,none,True,True
97626,1.0,0.0,0.5,none,True,True
97627,1.0,0.0,0.5,none,True,True
97628,1.0,0.0,0.5,none,True,True
97629,1.0,0.0,0.5,none,True,True
97630,1.0,0.0,0.5,none,True,True
97631,1.0,0.0,0.5,none,True,True
97632,1.0,0.0,0.5,none,True,True
97633,1.0,0.0,0.5,none,True,True
97634,1.0,0.0,0.5,none,True,True
97635,1.0,0.0,0.5,none,True,True
97636,1.0,0.0,0.5,none,True,True
97637,1.0,0.0,0.5,none,True,True
97638,1.0,0.0,0.5,none,True,True
97639,1.0,0.0,0.5,none,True,True
97640,1.0,0.0,0.5,none,True,True
97641,1.0,0.0,0.5,none,True,True
97642,1.0,0.0,0.5,none,True,True
97643,1.0,0.0,0.5,none,True,True
97644,1.0,0.0,0.5,none,True,True
97645,1.0,0.0,0.5,none,True,True
97646,1.0,0.0,0.5,none,True,True
97647,1.0,0.0,0.5,none,True,True
97648,1.0,0.0,0.5,none,True,True
97649,1.0,0.0,0.5,none,True,True
97650,1.0,0.0,0.5,none,True,True
97651,1.0,0.0,0.5,none,True,True
97652,1.0,0.0,0.5,none,True,True
97653,1.0,0.0,0.5,none,True,True
97654,1.0,0.0,0.5,none,True,True
97655,1.0,0.0,0.5,none,True,True
97656,1.0,0.0,0.5,none,True,True
97657,1.0,0.0,0.5,none,True,True
97658,1.0,0.0,0.5,none,True,True
97659,1.0,0.0,0.5,none,True,True
97660,1.0,0.0,0.5,none,True,True
97661,1.0,0.0,0.5,none,True,True
97662,1.0,0.0,0.5,none,True,True
97663,1.0,0.0,0.5,none,True,True
97664,1.0,0.0,0.5,none,True,True
97665,1.0,0.0,0.5,none,True,True
97666,1.0,0.0,0.5,none,True,True
97667,1.0,0.0,0.5,none,True,True
97668,1.0,0.0,0.5,none,True,True
97669,1.0,0.0,0.5,none,True,True
97670,1.0,0.0,0.5,none,True,True
97671,1.0,0.0,0.5,none,True,True
97672,1.0,0.0,0.5,none,True,True
97673,1.0,0.0,0.5,none,True,True
97674,1.0,0.0,0.5,none,True,True
97675,1.0,0.0,0.5,none,True,True
97676,1.0,0.0,0.5,none,True,True
97677,1.0,0.0,0.5,none,True,True
97678,1.0,0.0,0.5,none,True,True
97679,1.0,0.0,0.5,none,True,True
97680,1.0,0.0,0.5,none,True,True
97681,1.0,0.0,0.5,none,True,True
97682,1.0,0.0,0.5,none,True,True
97683,1.0,0.0,0.5,none,True,True
97684,1.0,0.0,0.5,none,True,True
97685,1.0,0.0,0.5,none,True,True
97686,1.0,0.0,0.5,none,True,True
97687,1.0,0.0,0.5,none,True,True
97688,1.0,0.0,0.5,none,True,True
97689,1.0,0.0,0.5,none,True,True
97690,1.0,0.0,0.5,none,True,True
97691,1.0,0.0,0.5,none,True,True
97692,1.0,0.0,0.5,none,True,True
97693,1.0,0.0,0.5,none,True,True
97694,1.0,0.0,0.5,none,True,True
97695,1.0,0.0,0.5,none,True,True
97696,1.0,0.0,0.5,none,True,True
97697,1.0,0.0,0.5,none,True,True
97698,1.0,0.0,0.5,none,True,True
97699,1.0,0.0,0.5,none,True,True
97700,1.0,0.0,0.5,none,True,True
97701,1.0,0.0,0.5,none,True,True
97702,1.0,0.0,0.5,none,True,True
97703,1.0,0.0,0.5,none,True,True
97704,1.0,0.0,0.5,none,True,True
97705,1.0,0.0,0.5,none,True,True
97706,1.0,0.0,0.5,none,True,True
97707,1.0,0.0,0.5,none,True,True
97708,1.0,0.0,0.5,none,True,True
97709,1.0,0.0,0.5,none,True,True
97710,1.0,0.0,0.5,none,True,True
97711,1.0,0.0,0.5,none,True,True
97712,1.0,0.0,0.5,none,True,True
97713,1.0,0.0,0.5,none,True,True
97714,1.0,0.0,0.5,none,True,True
97715,1.0,0.0,0.5,none,True,True
97716,1.0,0.0,0.5,none,True,True
97717,1.0,0.0,0.5,none,True,True
97718,1.0,0.0,0.5,none,True,True
97719,1.0,0.0,0.5,none,True,True
97720,1.0,0.0,0.5,none,True,True
97721,1.0,0.0,0.5,none,True,True
97722,1.0,0.0,0.5,none,True,True
97723,1.0,0.0,0.5,none,True,True
97724,1.0,0.0,0.5,none,True,True
97725,1.0,0.0,0.5,none,True,True
97726,1.0,0.0,0.5,none,True,True
97727,1.0,0.0,0.5,none,True,True
97728,1.0,0.0,0.5,none,True,True
97729,1.0,0.0,0.5,none,True,True
97730,1.0,0.0,0.5,none,True,True
97731,1.0,0.0,0.5,none,True,True
97732,1.0,0.0,0.5,none,True,True
97733,1.0,0.0,0.5,none,True,True
97734,1.0,0.0,0.5,none,True,True
97735,1.0,0.0,0.5,none,True,True
97736,1.0,0.0,0.5,none,True,True
97737,1.0,0.0,0.5,none,True,True
97738,1.0,0.0,0.5,none,True,True
97739,1.0,0.0,0.5,none,True,True
97740,1.0,0.0,0.5,none,True,True
97741,1.0,0.0,0.5,none,True,True
97742,1.0,0.0,0.5,none,True,True
97743,1.0,0.0,0.5,none,True,True
97744,1.0,0.0,0.5,none,True,True
97745,1.0,0.0,0.5,none,True,True
97746,1.0,0.0,0.5,none,True,True
97747,1.0,0.0,0.5,none,True,True
97748,1.0,0.0,0.5,none,True,True
97749,1.0,0.0,0.5,none,True,True
97750,1.0,0.0,0.5,none,True,True
97751,1.0,0.0,0.5,none,True,True
97752,1.0,0.0,0.5,none,True,True
97753,1.0,0.0,0.5,none,True,True
97754,1.0,0.0,0.5,none,True,True
97755,1.0,0.0,0.5,none,True,True
97756,1.0,0.0,0.5,none,True,True
97757,1.0,0.0,0.5,none,True,True
97758,1.0,0.0,0.5,none,True,True
97759,1.0,0.0,0.5,none,True,True
97760,1.0,0.0,0.5,none,True,True
97761,1.0,0.0,0.5,none,True,True
97762,1.0,0.0,0.5,none,True,True
97763,1.0,0.0,0.5,none,True,True
97764,1.0,0.0,0.5,none,True,True
97765,1.0,0.0,0.5,none,True,True
97766,1.0,0.0,0.5,none,True,True
97767,1.0,0.0,0.5,none,True,True
97768,1.0,0.0,0.5,none,True,True
97769,1.0,0.0,0.5,none,True,True
97770,1.0,0.0,0.5,none,True,True
97771,1.0,0.0,0.5,none,True,True
97772,1.0,0.0,0.5,none,True,True
97773,1.0,0.0,0.5,none,True,True
97774,1.0,0.0,0.5,none,True,True
97775,1.0,0.0,0.5,none,True,True
97776,1.0,0.0,0.5,none,True,True
97777,1.0,0.0,0.5,none,True,True
97778,1.0,0.0,0.5,none,True,True
97779,1.0,0.0,0.5,none,True,True
97780,1.0,0.0,0.5,none,True,True
97781,1.0,0.0,0.5,none,True,True
97782,1.0,0.0,0.5,none,True,True
97783,1.0,0.0,0.5,none,True,True
97784,1.0,0.0,0.5,none,True,True
97785,1.0,0.0,0.5,none,True,True
97786,1.0,0.0,0.5,none,True,True
97787,1.0,0.0,0.5,none,True,True
97788,1.0,0.0,0.5,none,True,True
97789,1.0,0.0,0.5,none,True,True
97790,1.0,0.0,0.5,none,True,True
97791,1.0,0.0,0.5,none,True,True
97792,1.0,0.0,0.5,none,True,True
97793,1.0,0.0,0.5,none,True,True
97794,1.0,0.0,0.5,none,True,True
97795,1.0,0.0,0.5,none,True,True
97796,1.0,0.0,0.5,none,True,True
97797,1.0,0.0,0.5,none,True,True
97798,1.0,0.0,0.5,none,True,True
97799,1.0,0.0,0.5,none,True,True
97800,1.0,0.0,0.5,none,True,True
97801,1.0,0.0,0.5,none,True,True
97802,1.0,0.0,0.5,none,True,True
97803,1.0,0.0,0.5,none,True,True
97804,1.0,0.0,0.5,none,True,True
97805,1.0,0.0,0.5,none,True,True
97806,1.0,0.0,0.5,none,True,True
97807,1.0,0.0,0.5,none,True,True
97808,1.0,0.0,0.5,none,True,True
97809,1.0,0.0,0.5,none,True,True
97810,1.0,0.0,0.5,none,True,True
97811,1.0,0.0,0.5,none,True,True
97812,1.0,0.0,0.5,none,True,True
97813,1.0,0.0,0.5,none,True,True
97814,1.0,0.0,0.5,none,True,True
97815,1.0,0.0,0.5,none,True,True
97816,1.0,0.0,0.5,none,True,True
97817,1.0,0.0,0.5,none,True,True
97818,1.0,0.0,0.5,none,True,True
97819,1.0,0.0,0.5,none,True,True
97820,1.0,0.0,0.5,none,True,True
97821,1.0,0.0,0.5,none,True,True
97822,1.0,0.0,0.5,none,True,True
97823,1.0,0.0,0.5,none,True,True
97824,1.0,0.0,0.5,none,True,True
97825,1.0,0.0,0.5,none,True,True
97826,1.0,0.0,0.5,none,True,True
97827,1.0,0.0,0.5,none,True,True
97828,1.0,0.0,0.5,none,True,True
97829,1.0,0.0,0.5,none,True,True
97830,1.0,0.0,0.5,none,True,True
97831,1.0,0.0,0.5,none,True,True
97832,1.0,0.0,0.5,none,True,True
97833,1.0,0.0,0.5,none,True,True
97834,1.0,0.0,0.5,none,True,True
97835,1.0,0.0,0.5,none,True,True
97836,1.0,0.0,0.5,none,True,True
97837,1.0,0.0,0.5,none,True,True
97838,1.0,0.0,0.5,none,True,True
97839,1.0,0.0,0.5,none,True,True
97840,1.0,0.0,0.5,none,True,True
97841,1.0,0.0,0.5,none,True,True
97842,1.0,0.0,0.5,none,True,True
97843,1.0,0.0,0.5,none,True,True
97844,1.0,0.0,0.5,none,True,True
97845,1.0,0.0,0.5,none,True,True
97846,1.0,0.0,0.5,none,True,True
97847,1.0,0.0,0.5,none,True,True
97848,1.0,0.0,0.5,none,True,True
97849,1.0,0.0,0.5,none,True,True
97850,1.0,0.0,0.5,none,True,True
97851,1.0,0.0,0.5,none,True,True
97852,1.0,0.0,0.5,none,True,True
97853,1.0,0.0,0.5,none,True,True
97854,1.0,0.0,0.5,none,True,True
97855,1.0,0.0,0.5,none,True,True
97856,1.0,0.0,0.5,none,True,True
97857,1.0,0.0,0.5,none,True,True
97858,1.0,0.0,0.5,none,True,True
97859,1.0,0.0,0.5,none,True,True
97860,1.0,0.0,0.5,none,True,True
97861,1.0,0.0,0.5,none,True,True
97862,1.0,0.0,0.5,none,True,True
97863,1.0,0.0,0.5,none,True,True
97864,1.0,0.0,0.5,none,True,True
97865,1.0,0.0,0.5,none,True,True
97866,1.0,0.0,0.5,none,True,True
97867,1.0,0.0,0.5,none,True,True
97868,1.0,0.0,0.5,none,True,True
97869,1.0,0.0,0.5,none,True,True
97870,1.0,0.0,0.5,none,True,True
97871,1.0,0.0,0.5,none,True,True
97872,1.0,0.0,0.5,none,True,True
97873,1.0,0.0,0.5,none,True,True
97874,1.0,0.0,0.5,none,True,True
97875,1.0,0.0,0.5,none,True,True
97876,1.0,0.0,0.5,none,True,True
97877,1.0,0.0,0.5,none,True,True
97878,1.0,0.0,0.5,none,True,True
97879,1.0,0.0,0.5,none,True,True
97880,1.0,0.0,0.5,none,True,True
97881,1.0,0.0,0.5,none,True,True
97882,1.0,0.0,0.5,none,True,True
97883,1.0,0.0,0.5,none,True,True
97884,1.0,0.0,0.5,none,True,True
97885,1.0,0.0,0.5,none,True,True
97886,1.0,0.0,0.5,none,True,True
97887,1.0,0.0,0.5,none,True,True
97888,1.0,0.0,0.5,none,True,True
97889,1.0,0.0,0.5,none,True,True
97890,1.0,0.0,0.5,none,True,True
97891,1.0,0.0,0.5,none,True,True
97892,1.0,0.0,0.5,none,True,True
97893,1.0,0.0,0.5,none,True,True
97894,1.0,0.0,0.5,none,True,True
97895,1.0,0.0,0.5,none,True,True
97896,1.0,0.0,0.5,none,True,True
97897,1.0,0.0,0.5,none,True,True
97898,1.0,0.0,0.5,none,True,True
97899,1.0,0.0,0.5,none,True,True
97900,1.0,0.0,0.5,none,True,True
97901,1.0,0.0,0.5,none,True,True
97902,1.0,0.0,0.5,none,True,True
97903,1.0,0.0,0.5,none,True,True
97904,1.0,0.0,0.5,none,True,True
97905,1.0,0.0,0.5,none,True,True
97906,1.0,0.0,0.5,none,True,True
97907,1.0,0.0,0.5,none,True,True
97908,1.0,0.0,0.5,none,True,True
97909,1.0,0.0,0.5,none,True,True
97910,1.0,0.0,0.5,none,True,True
97911,1.0,0.0,0.5,none,True,True
97912,1.0,0.0,0.5,none,True,True
97913,1.0,0.0,0.5,none,True,True
97914,1.0,0.0,0.5,none,True,True
97915,1.0,0.0,0.5,none,True,True
97916,1.0,0.0,0.5,none,True,True
97917,1.0,0.0,0.5,none,True,True
97918,1.0,0.0,0.5,none,True,True
97919,1.0,0.0,0.5,none,True,True
97920,1.0,0.0,0.5,none,True,True
97921,1.0,0.0,0.5,none,True,True
97922,1.0,0.0,0.5,none,True,True
97923,1.0,0.0,0.5,none,True,True
97924,1.0,0.0,0.5,none,True,True
97925,1.0,0.0,0.5,none,True,True
97926,1.0,0.0,0.5,none,True,True
97927,1.0,0.0,0.5,none,True,True
97928,1.0,0.0,0.5,none,True,True
97929,1.0,0.0,0.5,none,True,True
97930,1.0,0.0,0.5,none,True,True
97931,1.0,0.0,0.5,none,True,True
97932,1.0,0.0,0.5,none,True,True
97933,1.0,0.0,0.5,none,True,True
97934,1.0,0.0,0.5,none,True,True
97935,1.0,0.0,0.5,none,True,True
97936,1.0,0.0,0.5,none,True,True
97937,1.0,0.0,0.5,none,True,True
97938,1.0,0.0,0.5,none,True,True
97939,1.0,0.0,0.5,none,True,True
97940,1.0,0.0,0.5,none,True,True
97941,1.0,0.0,0.5,none,True,True
97942,1.0,0.0,0.5,none,True,True
97943,1.0,0.0,0.5,none,True,True
97944,1.0,0.0,0.5,none,True,True
97945,1.0,0.0,0.5,none,True,True
97946,1.0,0.0,0.5,none,True,True
97947,1.0,0.0,0.5,none,True,True
97948,1.0,0.0,0.5,none,True,True
97949,1.0,0.0,0.5,none,True,True
97950,1.0,0.0,0.5,none,True,True
97951,1.0,0.0,0.5,none,True,True
97952,1.0,0.0,0.5,none,True,True
97953,1.0,0.0,0.5,none,True,True
97954,1.0,0.0,0.5,none,True,True
97955,1.0,0.0,0.5,none,True,True
97956,1.0,0.0,0.5,none,True,True
97957,1.0,0.0,0.5,none,True,True
97958,1.0,0.0,0.5,none,True,True
97959,1.0,0.0,0.5,none,True,True
97960,1.0,0.0,0.5,none,True,True
97961,1.0,0.0,0.5,none,True,True
97962,1.0,0.0,0.5,none,True,True
97963,1.0,0.0,0.5,none,True,True
97964,1.0,0.0,0.5,none,True,True
97965,1.0,0.0,0.5,none,True,True
97966,1.0,0.0,0.5,none,True,True
97967,1.0,0.0,0.5,none,True,True
97968,1.0,0.0,0.5,none,True,True
97969,1.0,0.0,0.5,none,True,True
97970,1.0,0.0,0.5,none,True,True
97971,1.0,0.0,0.5,none,True,True
97972,1.0,0.0,0.5,none,True,True
97973,1.0,0.0,0.5,none,True,True
97974,1.0,0.0,0.5,none,True,True
97975,1.0,0.0,0.5,none,True,True
97976,1.0,0.0,0.5,none,True,True
97977,1.0,0.0,0.5,none,True,True
97978,1.0,0.0,0.5,none,True,True
97979,1.0,0.0,0.5,none,True,True
97980,1.0,0.0,0.5,none,True,True
97981,1.0,0.0,0.5,none,True,True
97982,1.0,0.0,0.5,none,True,True
97983,1.0,0.0,0.5,none,True,True
97984,1.0,0.0,0.5,none,True,True
97985,1.0,0.0,0.5,none,True,True
97986,1.0,0.0,0.5,none,True,True
97987,1.0,0.0,0.5,none,True,True
97988,1.0,0.0,0.5,none,True,True
97989,1.0,0.0,0.5,none,True,True
97990,1.0,0.0,0.5,none,True,True
97991,1.0,0.0,0.5,none,True,True
97992,1.0,0.0,0.5,none,True,True
97993,1.0,0.0,0.5,none,True,True
97994,1.0,0.0,0.5,none,True,True
97995,1.0,0.0,0.5,none,True,True
97996,1.0,0.0,0.5,none,True,True
97997,1.0,0.0,0.5,none,True,True
97998,1.0,0.0,0.5,none,True,True
97999,1.0,0.0,0.5,none,True,True
98000,1.0,0.0061,0.5,none,True,True
98001,1.0,0.0357,0.5,none,True,True
98002,1.0,0.0812,0.5,none,True,True
98003,1.0,0.1113,0.5,none,True,True
98004,1.0,0.1253,0.5,none,True,True
98005,1.0,0.1408,0.5,none,True,True
98006,1.0,0.0907,0.5,none,True,True
98007,1.0,0.1198,0.5,none,True,True
98008,1.0,0.0467,0.5,none,True,True
98009,1.0,0.0522,0.5,none,True,True
98010,1.0,0.0405,0.5,none,True,True
98011,1.0,0.0313,0.5,none,True,True
98012,1.0,0.0083,0.5,none,True,True
98013,1.0,0.0726,0.5,none,True,True
98014,1.0,0.0793,0.5,none,True,True
98015,1.0,0.0581,0.5,none,True,True
98016,1.0,0.0955,0.5,none,True,True
98017,1.0,0.0839,0.5,none,True,True
98018,1.0,0.0648,0.5,none,True,True
98019,1.0,0.0718,0.5,none,True,True
98020,1.0,0.0589,0.5,none,True,True
98021,1.0,0.0403,0.5,none,True,True
98022,1.0,0.0327,0.5,none,True,True
98023,1.0,0.0277,0.5,none,True,True
98024,1.0,0.017,0.5,none,True,True
98025,1.0,0.0102,0.5,none,True,True
98026,1.0,0.0099,0.5,none,True,True
98027,1.0,0.008,0.5,none,True,True
98028,1.0,0.005,0.5,none,True,True
98029,1.0,0.0063,0.5,none,True,True
98030,1.0,0.009,0.5,none,True,True
98031,1.0,0.0096,0.5,none,True,True
98032,1.0,0.0108,0.5,none,True,True
98033,1.0,0.014,0.5,none,True,True
98034,1.0,0.0161,0.5,none,True,True
98035,1.0,0.0167,0.5,none,True,True
98036,1.0,0.0182,0.5,none,True,True
98037,1.0,0.0196,0.5,none,True,True
98038,1.0,0.0197,0.5,none,True,True
98039,1.0,0.0193,0.5,none,True,True
98040,1.0,0.0193,0.5,none,True,True
98041,1.0,0.0187,0.5,none,True,True
98042,1.0,0.0174,0.5,none,True,True
98043,1.0,0.0163,0.5,none,True,True
98044,1.0,0.0152,0.5,none,True,True
98045,1.0,0.0138,0.5,none,True,True
98046,1.0,0.0123,0.5,none,True,True
98047,1.0,0.0111,0.5,none,True,True
98048,1.0,0.01,0.5,none,True,True
98049,1.0,0.0088,0.5,none,True,True
98050,1.0,0.0078,0.5,none,True,True
98051,1.0,0.0071,0.5,none,True,True
98052,1.0,0.0064,0.5,none,True,True
98053,1.0,0.0057,0.5,none,True,True
98054,1.0,0.0053,0.5,none,True,True
98055,1.0,0.005,0.5,none,True,True
98056,1.0,0.0047,0.5,none,True,True
98057,1.0,0.0045,0.5,none,True,True
98058,1.0,0.0044,0.5,none,True,True
98059,1.0,0.0043,0.5,none,True,True
98060,1.0,0.0042,0.5,none,True,True
98061,1.0,0.0041,0.5,none,True,True
98062,1.0,0.004,0.5,none,True,True
98063,1.0,0.0039,0.5,none,True,True
98064,1.0,0.0038,0.5,none,True,True
98065,1.0,0.0037,0.5,none,True,True
98066,1.0,0.0035,0.5,none,True,True
98067,1.0,0.0033,0.5,none,True,True
98068,1.0,0.0032,0.5,none,True,True
98069,1.0,0.003,0.5,none,True,True
98070,1.0,0.0028,0.5,none,True,True
98071,1.0,0.0026,0.5,none,True,True
98072,1.0,0.0024,0.5,none,True,True
98073,1.0,0.0023,0.5,none,True,True
98074,1.0,0.0021,0.5,none,True,True
98075,1.0,0.0019,0.5,none,True,True
98076,1.0,0.0018,0.5,none,True,True
98077,1.0,0.0017,0.5,none,True,True
98078,1.0,0.0015,0.5,none,True,True
98079,1.0,0.0014,0.5,none,True,True
98080,1.0,0.0013,0.5,none,True,True
98081,1.0,0.0013,0.5,none,True,True
98082,1.0,0.0012,0.5,none,True,True
98083,1.0,0.0011,0.5,none,True,True
98084,1.0,0.0011,0.5,none,True,True
98085,1.0,0.001,0.5,none,True,True
98086,1.0,0.001,0.5,none,True,True
98087,1.0,0.0009,0.5,none,True,True
98088,1.0,0.0009,0.5,none,True,True
98089,1.0,0.0008,0.5,none,True,True
98090,1.0,0.0008,0.5,none,True,True
98091,1.0,0.0008,0.5,none,True,True
98092,1.0,0.0007,0.5,none,True,True
98093,1.0,0.0007,0.5,none,True,True
98094,1.0,0.0006,0.5,none,True,True
98095,1.0,0.0006,0.5,none,True,True
98096,1.0,0.0006,0.5,none,True,True
98097,1.0,0.0005,0.5,none,True,True
98098,1.0,0.0005,0.5,none,True,True
98099,1.0,0.0005,0.5,none,True,True
98100,1.0,0.0004,0.5,none,True,True
98101,1.0,0.0004,0.5,none,True,True
98102,1.0,0.0004,0.5,none,True,True
98103,1.0,0.0004,0.5,none,True,True
98104,1.0,0.0003,0.5,none,True,True
98105,1.0,0.0003,0.5,none,True,True
98106,1.0,0.0003,0.5,none,True,True
98107,1.0,0.0003,0.5,none,True,True
98108,1.0,0.0003,0.5,none,True,True
98109,1.0,0.0003,0.5,none,True,True
98110,1.0,0.0002,0.5,none,True,True
98111,1.0,0.0002,0.5,none,True,True
98112,1.0,0.0002,0.5,none,True,True
98113,1.0,0.0002,0.5,none,True,True
98114,1.0,0.0002,0.5,none,True,True
98115,1.0,0.0002,0.5,none,True,True
98116,1.0,0.0002,0.5,none,True,True
98117,1.0,0.0002,0.5,none,True,True
98118,1.0,0.0002,0.5,none,True,True
98119,1.0,0.0001,0.5,none,True,True
98120,1.0,0.0001,0.5,none,True,True
98121,1.0,0.0001,0.5,none,True,True
98122,1.0,0.0001,0.5,none,True,True
98123,1.0,0.0001,0.5,none,True,True
98124,1.0,0.0001,0.5,none,True,True
98125,1.0,0.0001,0.5,none,True,True
98126,1.0,0.0001,0.5,none,True,True
98127,1.0,0.0001,0.5,none,True,True
98128,1.0,0.0001,0.5,none,True,True
98129,1.0,0.0001,0.5,none,True,True
98130,1.0,0.0001,0.5,none,True,True
98131,1.0,0.0001,0.5,none,True,True
98132,1.0,0.0001,0.5,none,True,True
98133,1.0,0.0001,0.5,none,True,True
98134,1.0,0.0001,0.5,none,True,True
98135,1.0,0.0001,0.5,none,True,True
98136,1.0,0.0001,0.5,none,True,True
98137,1.0,0.0,0.5,none,True,True
98138,1.0,0.0,0.5,none,True,True
98139,1.0,0.0,0.5,none,True,True
98140,1.0,0.0,0.5,none,True,True
98141,1.0,0.0,0.5,none,True,True
98142,1.0,0.0,0.5,none,True,True
98143,1.0,0.0,0.5,none,True,True
98144,1.0,0.0,0.5,none,True,True
98145,1.0,0.0,0.5,none,True,True
98146,1.0,0.0,0.5,none,True,True
98147,1.0,0.0,0.5,none,True,True
98148,1.0,0.0,0.5,none,True,True
98149,1.0,0.0,0.5,none,True,True
98150,1.0,0.0,0.5,none,True,True
98151,1.0,0.0,0.5,none,True,True
98152,1.0,0.0,0.5,none,True,True
98153,1.0,0.0,0.5,none,True,True
98154,1.0,0.0,0.5,none,True,True
98155,1.0,0.0,0.5,none,True,True
98156,1.0,0.0,0.5,none,True,True
98157,1.0,0.0,0.5,none,True,True
98158,1.0,0.0,0.5,none,True,True
98159,1.0,0.0,0.5,none,True,True
98160,1.0,0.0,0.5,none,True,True
98161,1.0,0.0,0.5,none,True,True
98162,1.0,0.0,0.5,none,True,True
98163,1.0,0.0,0.5,none,True,True
98164,1.0,0.0,0.5,none,True,True
98165,1.0,0.0,0.5,none,True,True
98166,1.0,0.0,0.5,none,True,True
98167,1.0,0.0,0.5,none,True,True
98168,1.0,0.0,0.5,none,True,True
98169,1.0,0.0,0.5,none,True,True
98170,1.0,0.0,0.5,none,True,True
98171,1.0,0.0,0.5,none,True,True
98172,1.0,0.0,0.5,none,True,True
98173,1.0,0.0,0.5,none,True,True
98174,1.0,0.0,0.5,none,True,True
98175,1.0,0.0,0.5,none,True,True
98176,1.0,0.0,0.5,none,True,True
98177,1.0,0.0,0.5,none,True,True
98178,1.0,0.0,0.5,none,True,True
98179,1.0,0.0,0.5,none,True,True
98180,1.0,0.0,0.5,none,True,True
98181,1.0,0.0,0.5,none,True,True
98182,1.0,0.0,0.5,none,True,True
98183,1.0,0.0,0.5,none,True,True
98184,1.0,0.0,0.5,none,True,True
98185,1.0,0.0,0.5,none,True,True
98186,1.0,0.0,0.5,none,True,True
98187,1.0,0.0,0.5,none,True,True
98188,1.0,0.0,0.5,none,True,True
98189,1.0,0.0,0.5,none,True,True
98190,1.0,0.0,0.5,none,True,True
98191,1.0,0.0,0.5,none,True,True
98192,1.0,0.0,0.5,none,True,True
98193,1.0,0.0,0.5,none,True,True
98194,1.0,0.0,0.5,none,True,True
98195,1.0,0.0,0.5,none,True,True
98196,1.0,0.0,0.5,none,True,True
98197,1.0,0.0,0.5,none,True,True
98198,1.0,0.0,0.5,none,True,True
98199,1.0,0.0,0.5,none,True,True
98200,1.0,0.0,0.5,none,True,True
98201,1.0,0.0,0.5,none,True,True
98202,1.0,0.0,0.5,none,True,True
98203,1.0,0.0,0.5,none,True,True
98204,1.0,0.0,0.5,none,True,True
98205,1.0,0.0,0.5,none,True,True
98206,1.0,0.0,0.5,none,True,True
98207,1.0,0.0,0.5,none,True,True
98208,1.0,0.0,0.5,none,True,True
98209,1.0,0.0,0.5,none,True,True
98210,1.0,0.0,0.5,none,True,True
98211,1.0,0.0,0.5,none,True,True
98212,1.0,0.0,0.5,none,True,True
98213,1.0,0.0,0.5,none,True,True
98214,1.0,0.0,0.5,none,True,True
98215,1.0,0.0,0.5,none,True,True
98216,1.0,0.0,0.5,none,True,True
98217,1.0,0.0,0.5,none,True,True
98218,1.0,0.0,0.5,none,True,True
98219,1.0,0.0,0.5,none,True,True
98220,1.0,0.0,0.5,none,True,True
98221,1.0,0.0,0.5,none,True,True
98222,1.0,0.0,0.5,none,True,True
98223,1.0,0.0,0.5,none,True,True
98224,1.0,0.0,0.5,none,True,True
98225,1.0,0.0,0.5,none,True,True
98226,1.0,0.0,0.5,none,True,True
98227,1.0,0.0,0.5,none,True,True
98228,1.0,0.0,0.5,none,True,True
98229,1.0,0.0,0.5,none,True,True
98230,1.0,0.0,0.5,none,True,True
98231,1.0,0.0,0.5,none,True,True
98232,1.0,0.0,0.5,none,True,True
98233,1.0,0.0,0.5,none,True,True
98234,1.0,0.0,0.5,none,True,True
98235,1.0,0.0,0.5,none,True,True
98236,1.0,0.0,0.5,none,True,True
98237,1.0,0.0,0.5,none,True,True
98238,1.0,0.0,0.5,none,True,True
98239,1.0,0.0,0.5,none,True,True
98240,1.0,0.0,0.5,none,True,True
98241,1.0,0.0,0.5,none,True,True
98242,1.0,0.0,0.5,none,True,True
98243,1.0,0.0,0.5,none,True,True
98244,1.0,0.0,0.5,none,True,True
98245,1.0,0.0,0.5,none,True,True
98246,1.0,0.0,0.5,none,True,True
98247,1.0,0.0,0.5,none,True,True
98248,1.0,0.0,0.5,none,True,True
98249,1.0,0.0,0.5,none,True,True
98250,1.0,0.0,0.5,none,True,True
98251,1.0,0.0,0.5,none,True,True
98252,1.0,0.0,0.5,none,True,True
98253,1.0,0.0,0.5,none,True,True
98254,1.0,0.0,0.5,none,True,True
98255,1.0,0.0,0.5,none,True,True
98256,1.0,0.0,0.5,none,True,True
98257,1.0,0.0,0.5,none,True,True
98258,1.0,0.0,0.5,none,True,True
98259,1.0,0.0,0.5,none,True,True
98260,1.0,0.0,0.5,none,True,True
98261,1.0,0.0,0.5,none,True,True
98262,1.0,0.0,0.5,none,True,True
98263,1.0,0.0,0.5,none,True,True
98264,1.0,0.0,0.5,none,True,True
98265,1.0,0.0,0.5,none,True,True
98266,1.0,0.0,0.5,none,True,True
98267,1.0,0.0,0.5,none,True,True
98268,1.0,0.0,0.5,none,True,True
98269,1.0,0.0,0.5,none,True,True
98270,1.0,0.0,0.5,none,True,True
98271,1.0,0.0,0.5,none,True,True
98272,1.0,0.0,0.5,none,True,True
98273,1.0,0.0,0.5,none,True,True
98274,1.0,0.0,0.5,none,True,True
98275,1.0,0.0,0.5,none,True,True
98276,1.0,0.0,0.5,none,True,True
98277,1.0,0.0,0.5,none,True,True
98278,1.0,0.0,0.5,none,True,True
98279,1.0,0.0,0.5,none,True,True
98280,1.0,0.0,0.5,none,True,True
98281,1.0,0.0,0.5,none,True,True
98282,1.0,0.0,0.5,none,True,True
98283,1.0,0.0,0.5,none,True,True
98284,1.0,0.0,0.5,none,True,True
98285,1.0,0.0,0.5,none,True,True
98286,1.0,0.0,0.5,none,True,True
98287,1.0,0.0,0.5,none,True,True
98288,1.0,0.0,0.5,none,True,True
98289,1.0,0.0,0.5,none,True,True
98290,1.0,0.0,0.5,none,True,True
98291,1.0,0.0,0.5,none,True,True
98292,1.0,0.0,0.5,none,True,True
98293,1.0,0.0,0.5,none,True,True
98294,1.0,0.0,0.5,none,True,True
98295,1.0,0.0,0.5,none,True,True
98296,1.0,0.0,0.5,none,True,True
98297,1.0,0.0,0.5,none,True,True
98298,1.0,0.0,0.5,none,True,True
98299,1.0,0.0,0.5,none,True,True
98300,1.0,0.0,0.5,none,True,True
98301,1.0,0.0,0.5,none,True,True
98302,1.0,0.0,0.5,none,True,True
98303,1.0,0.0,0.5,none,True,True
98304,1.0,0.0,0.5,none,True,True
98305,1.0,0.0,0.5,none,True,True
98306,1.0,0.0,0.5,none,True,True
98307,1.0,0.0,0.5,none,True,True
98308,1.0,0.0,0.5,none,True,True
98309,1.0,0.0,0.5,none,True,True
98310,1.0,0.0,0.5,none,True,True
98311,1.0,0.0,0.5,none,True,True
98312,1.0,0.0,0.5,none,True,True
98313,1.0,0.0,0.5,none,True,True
98314,1.0,0.0,0.5,none,True,True
98315,1.0,0.0,0.5,none,True,True
98316,1.0,0.0,0.5,none,True,True
98317,1.0,0.0,0.5,none,True,True
98318,1.0,0.0,0.5,none,True,True
98319,1.0,0.0,0.5,none,True,True
98320,1.0,0.0,0.5,none,True,True
98321,1.0,0.0,0.5,none,True,True
98322,1.0,0.0,0.5,none,True,True
98323,1.0,0.0,0.5,none,True,True
98324,1.0,0.0,0.5,none,True,True
98325,1.0,0.0,0.5,none,True,True
98326,1.0,0.0,0.5,none,True,True
98327,1.0,0.0,0.5,none,True,True
98328,1.0,0.0,0.5,none,True,True
98329,1.0,0.0,0.5,none,True,True
98330,1.0,0.0,0.5,none,True,True
98331,1.0,0.0,0.5,none,True,True
98332,1.0,0.0,0.5,none,True,True
98333,1.0,0.0,0.5,none,True,True
98334,1.0,0.0,0.5,none,True,True
98335,1.0,0.0,0.5,none,True,True
98336,1.0,0.0,0.5,none,True,True
98337,1.0,0.0,0.5,none,True,True
98338,1.0,0.0,0.5,none,True,True
98339,1.0,0.0,0.5,none,True,True
98340,1.0,0.0,0.5,none,True,True
98341,1.0,0.0,0.5,none,True,True
98342,1.0,0.0,0.5,none,True,True
98343,1.0,0.0,0.5,none,True,True
98344,1.0,0.0,0.5,none,True,True
98345,1.0,0.0,0.5,none,True,True
98346,1.0,0.0,0.5,none,True,True
98347,1.0,0.0,0.5,none,True,True
98348,1.0,0.0,0.5,none,True,True
98349,1.0,0.0,0.5,none,True,True
98350,1.0,0.0,0.5,none,True,True
98351,1.0,0.0,0.5,none,True,True
98352,1.0,0.0,0.5,none,True,True
98353,1.0,0.0,0.5,none,True,True
98354,1.0,0.0,0.5,none,True,True
98355,1.0,0.0,0.5,none,True,True
98356,1.0,0.0,0.5,none,True,True
98357,1.0,0.0,0.5,none,True,True
98358,1.0,0.0,0.5,none,True,True
98359,1.0,0.0,0.5,none,True,True
98360,1.0,0.0,0.5,none,True,True
98361,1.0,0.0,0.5,none,True,True
98362,1.0,0.0,0.5,none,True,True
98363,1.0,0.0,0.5,none,True,True
98364,1.0,0.0,0.5,none,True,True
98365,1.0,0.0,0.5,none,True,True
98366,1.0,0.0,0.5,none,True,True
98367,1.0,0.0,0.5,none,True,True
98368,1.0,0.0,0.5,none,True,True
98369,1.0,0.0,0.5,none,True,True
98370,1.0,0.0,0.5,none,True,True
98371,1.0,0.0,0.5,none,True,True
98372,1.0,0.0,0.5,none,True,True
98373,1.0,0.0,0.5,none,True,True
98374,1.0,0.0,0.5,none,True,True
98375,1.0,0.0,0.5,none,True,True
98376,1.0,0.0,0.5,none,True,True
98377,1.0,0.0,0.5,none,True,True
98378,1.0,0.0,0.5,none,True,True
98379,1.0,0.0,0.5,none,True,True
98380,1.0,0.0,0.5,none,True,True
98381,1.0,0.0,0.5,none,True,True
98382,1.0,0.0,0.5,none,True,True
98383,1.0,0.0,0.5,none,True,True
98384,1.0,0.0,0.5,none,True,True
98385,1.0,0.0,0.5,none,True,True
98386,1.0,0.0,0.5,none,True,True
98387,1.0,0.0,0.5,none,True,True
98388,1.0,0.0,0.5,none,True,True
98389,1.0,0.0,0.5,none,True,True
98390,1.0,0.0,0.5,none,True,True
98391,1.0,0.0,0.5,none,True,True
98392,1.0,0.0,0.5,none,True,True
98393,1.0,0.0,0.5,none,True,True
98394,1.0,0.0,0.5,none,True,True
98395,1.0,0.0,0.5,none,True,True
98396,1.0,0.0,0.5,none,True,True
98397,1.0,0.0,0.5,none,True,True
98398,1.0,0.0,0.5,none,True,True
98399,1.0,0.0,0.5,none,True,True
98400,1.0,0.0,0.5,none,True,True
98401,1.0,0.0,0.5,none,True,True
98402,1.0,0.0,0.5,none,True,True
98403,1.0,0.0,0.5,none,True,True
98404,1.0,0.0,0.5,none,True,True
98405,1.0,0.0,0.5,none,True,True
98406,1.0,0.0,0.5,none,True,True
98407,1.0,0.0,0.5,none,True,True
98408,1.0,0.0,0.5,none,True,True
98409,1.0,0.0,0.5,none,True,True
98410,1.0,0.0,0.5,none,True,True
98411,1.0,0.0,0.5,none,True,True
98412,1.0,0.0,0.5,none,True,True
98413,1.0,0.0,0.5,none,True,True
98414,1.0,0.0,0.5,none,True,True
98415,1.0,0.0,0.5,none,True,True
98416,1.0,0.0,0.5,none,True,True
98417,1.0,0.0,0.5,none,True,True
98418,1.0,0.0,0.5,none,True,True
98419,1.0,0.0,0.5,none,True,True
98420,1.0,0.0,0.5,none,True,True
98421,1.0,0.0,0.5,none,True,True
98422,1.0,0.0,0.5,none,True,True
98423,1.0,0.0,0.5,none,True,True
98424,1.0,0.0,0.5,none,True,True
98425,1.0,0.0,0.5,none,True,True
98426,1.0,0.0,0.5,none,True,True
98427,1.0,0.0,0.5,none,True,True
98428,1.0,0.0,0.5,none,True,True
98429,1.0,0.0,0.5,none,True,True
98430,1.0,0.0,0.5,none,True,True
98431,1.0,0.0,0.5,none,True,True
98432,1.0,0.0,0.5,none,True,True
98433,1.0,0.0,0.5,none,True,True
98434,1.0,0.0,0.5,none,True,True
98435,1.0,0.0,0.5,none,True,True
98436,1.0,0.0,0.5,none,True,True
98437,1.0,0.0,0.5,none,True,True
98438,1.0,0.0,0.5,none,True,True
98439,1.0,0.0,0.5,none,True,True
98440,1.0,0.0,0.5,none,True,True
98441,1.0,0.0,0.5,none,True,True
98442,1.0,0.0,0.5,none,True,True
98443,1.0,0.0,0.5,none,True,True
98444,1.0,0.0,0.5,none,True,True
98445,1.0,0.0,0.5,none,True,True
98446,1.0,0.0,0.5,none,True,True
98447,1.0,0.0,0.5,none,True,True
98448,1.0,0.0,0.5,none,True,True
98449,1.0,0.0,0.5,none,True,True
98450,1.0,0.0,0.5,none,True,True
98451,1.0,0.0,0.5,none,True,True
98452,1.0,0.0,0.5,none,True,True
98453,1.0,0.0,0.5,none,True,True
98454,1.0,0.0,0.5,none,True,True
98455,1.0,0.0,0.5,none,True,True
98456,1.0,0.0,0.5,none,True,True
98457,1.0,0.0,0.5,none,True,True
98458,1.0,0.0,0.5,none,True,True
98459,1.0,0.0,0.5,none,True,True
98460,1.0,0.0,0.5,none,True,True
98461,1.0,0.0,0.5,none,True,True
98462,1.0,0.0,0.5,none,True,True
98463,1.0,0.0,0.5,none,True,True
98464,1.0,0.0,0.5,none,True,True
98465,1.0,0.0,0.5,none,True,True
98466,1.0,0.0,0.5,none,True,True
98467,1.0,0.0,0.5,none,True,True
98468,1.0,0.0,0.5,none,True,True
98469,1.0,0.0,0.5,none,True,True
98470,1.0,0.0,0.5,none,True,True
98471,1.0,0.0,0.5,none,True,True
98472,1.0,0.0,0.5,none,True,True
98473,1.0,0.0,0.5,none,True,True
98474,1.0,0.0,0.5,none,True,True
98475,1.0,0.0,0.5,none,True,True
98476,1.0,0.0,0.5,none,True,True
98477,1.0,0.0,0.5,none,True,True
98478,1.0,0.0,0.5,none,True,True
98479,1.0,0.0,0.5,none,True,True
98480,1.0,0.0,0.5,none,True,True
98481,1.0,0.0,0.5,none,True,True
98482,1.0,0.0,0.5,none,True,True
98483,1.0,0.0,0.5,none,True,True
98484,1.0,0.0,0.5,none,True,True
98485,1.0,0.0,0.5,none,True,True
98486,1.0,0.0,0.5,none,True,True
98487,1.0,0.0,0.5,none,True,True
98488,1.0,0.0,0.5,none,True,True
98489,1.0,0.0,0.5,none,True,True
98490,1.0,0.0,0.5,none,True,True
98491,1.0,0.0,0.5,none,True,True
98492,1.0,0.0,0.5,none,True,True
98493,1.0,0.0,0.5,none,True,True
98494,1.0,0.0,0.5,none,True,True
98495,1.0,0.0,0.5,none,True,True
98496,1.0,0.0,0.5,none,True,True
98497,1.0,0.0,0.5,none,True,True
98498,1.0,0.0,0.5,none,True,True
98499,1.0,0.0,0.5,none,True,True
98500,1.0,0.0,0.5,none,True,True
98501,1.0,0.0,0.5,none,True,True
98502,1.0,0.0,0.5,none,True,True
98503,1.0,0.0,0.5,none,True,True
98504,1.0,0.0,0.5,none,True,True
98505,1.0,0.0,0.5,none,True,True
98506,1.0,0.0,0.5,none,True,True
98507,1.0,0.0,0.5,none,True,True
98508,1.0,0.0,0.5,none,True,True
98509,1.0,0.0,0.5,none,True,True
98510,1.0,0.0,0.5,none,True,True
98511,1.0,0.0,0.5,none,True,True
98512,1.0,0.0,0.5,none,True,True
98513,1.0,0.0,0.5,none,True,True
98514,1.0,0.0,0.5,none,True,True
98515,1.0,0.0,0.5,none,True,True
98516,1.0,0.0,0.5,none,True,True
98517,1.0,0.0,0.5,none,True,True
98518,1.0,0.0,0.5,none,True,True
98519,1.0,0.0,0.5,none,True,True
98520,1.0,0.0,0.5,none,True,True
98521,1.0,0.0,0.5,none,True,True
98522,1.0,0.0,0.5,none,True,True
98523,1.0,0.0,0.5,none,True,True
98524,1.0,0.0,0.5,none,True,True
98525,1.0,0.0,0.5,none,True,True
98526,1.0,0.0,0.5,none,True,True
98527,1.0,0.0,0.5,none,True,True
98528,1.0,0.0,0.5,none,True,True
98529,1.0,0.0,0.5,none,True,True
98530,1.0,0.0,0.5,none,True,True
98531,1.0,0.0,0.5,none,True,True
98532,1.0,0.0,0.5,none,True,True
98533,1.0,0.0,0.5,none,True,True
98534,1.0,0.0,0.5,none,True,True
98535,1.0,0.0,0.5,none,True,True
98536,1.0,0.0,0.5,none,True,True
98537,1.0,0.0,0.5,none,True,True
98538,1.0,0.0,0.5,none,True,True
98539,1.0,0.0,0.5,none,True,True
98540,1.0,0.0,0.5,none,True,True
98541,1.0,0.0,0.5,none,True,True
98542,1.0,0.0,0.5,none,True,True
98543,1.0,0.0,0.5,none,True,True
98544,1.0,0.0,0.5,none,True,True
98545,1.0,0.0,0.5,none,True,True
98546,1.0,0.0,0.5,none,True,True
98547,1.0,0.0,0.5,none,True,True
98548,1.0,0.0,0.5,none,True,True
98549,1.0,0.0,0.5,none,True,True
98550,1.0,0.0,0.5,none,True,True
98551,1.0,0.0,0.5,none,True,True
98552,1.0,0.0,0.5,none,True,True
98553,1.0,0.0,0.5,none,True,True
98554,1.0,0.0,0.5,none,True,True
98555,1.0,0.0,0.5,none,True,True
98556,1.0,0.0,0.5,none,True,True
98557,1.0,0.0,0.5,none,True,True
98558,1.0,0.0,0.5,none,True,True
98559,1.0,0.0,0.5,none,True,True
98560,1.0,0.0,0.5,none,True,True
98561,1.0,0.0,0.5,none,True,True
98562,1.0,0.0,0.5,none,True,True
98563,1.0,0.0,0.5,none,True,True
98564,1.0,0.0,0.5,none,True,True
98565,1.0,0.0,0.5,none,True,True
98566,1.0,0.0,0.5,none,True,True
98567,1.0,0.0,0.5,none,True,True
98568,1.0,0.0,0.5,none,True,True
98569,1.0,0.0,0.5,none,True,True
98570,1.0,0.0,0.5,none,True,True
98571,1.0,0.0,0.5,none,True,True
98572,1.0,0.0,0.5,none,True,True
98573,1.0,0.0,0.5,none,True,True
98574,1.0,0.0,0.5,none,True,True
98575,1.0,0.0,0.5,none,True,True
98576,1.0,0.0,0.5,none,True,True
98577,1.0,0.0,0.5,none,True,True
98578,1.0,0.0,0.5,none,True,True
98579,1.0,0.0,0.5,none,True,True
98580,1.0,0.0,0.5,none,True,True
98581,1.0,0.0,0.5,none,True,True
98582,1.0,0.0,0.5,none,True,True
98583,1.0,0.0,0.5,none,True,True
98584,1.0,0.0,0.5,none,True,True
98585,1.0,0.0,0.5,none,True,True
98586,1.0,0.0,0.5,none,True,True
98587,1.0,0.0,0.5,none,True,True
98588,1.0,0.0,0.5,none,True,True
98589,1.0,0.0,0.5,none,True,True
98590,1.0,0.0,0.5,none,True,True
98591,1.0,0.0,0.5,none,True,True
98592,1.0,0.0,0.5,none,True,True
98593,1.0,0.0,0.5,none,True,True
98594,1.0,0.0,0.5,none,True,True
98595,1.0,0.0,0.5,none,True,True
98596,1.0,0.0,0.5,none,True,True
98597,1.0,0.0,0.5,none,True,True
98598,1.0,0.0,0.5,none,True,True
98599,1.0,0.0,0.5,none,True,True
98600,1.0,0.0,0.5,none,True,True
98601,1.0,0.0,0.5,none,True,True
98602,1.0,0.0,0.5,none,True,True
98603,1.0,0.0,0.5,none,True,True
98604,1.0,0.0,0.5,none,True,True
98605,1.0,0.0,0.5,none,True,True
98606,1.0,0.0,0.5,none,True,True
98607,1.0,0.0,0.5,none,True,True
98608,1.0,0.0,0.5,none,True,True
98609,1.0,0.0,0.5,none,True,True
98610,1.0,0.0,0.5,none,True,True
98611,1.0,0.0,0.5,none,True,True
98612,1.0,0.0,0.5,none,True,True
98613,1.0,0.0,0.5,none,True,True
98614,1.0,0.0,0.5,none,True,True
98615,1.0,0.0,0.5,none,True,True
98616,1.0,0.0,0.5,none,True,True
98617,1.0,0.0,0.5,none,True,True
98618,1.0,0.0,0.5,none,True,True
98619,1.0,0.0,0.5,none,True,True
98620,1.0,0.0,0.5,none,True,True
98621,1.0,0.0,0.5,none,True,True
98622,1.0,0.0,0.5,none,True,True
98623,1.0,0.0,0.5,none,True,True
98624,1.0,0.0,0.5,none,True,True
98625,1.0,0.0,0.5,none,True,True
98626,1.0,0.0,0.5,none,True,True
98627,1.0,0.0,0.5,none,True,True
98628,1.0,0.0,0.5,none,True,True
98629,1.0,0.0,0.5,none,True,True
98630,1.0,0.0,0.5,none,True,True
98631,1.0,0.0,0.5,none,True,True
98632,1.0,0.0,0.5,none,True,True
98633,1.0,0.0,0.5,none,True,True
98634,1.0,0.0,0.5,none,True,True
98635,1.0,0.0,0.5,none,True,True
98636,1.0,0.0,0.5,none,True,True
98637,1.0,0.0,0.5,none,True,True
98638,1.0,0.0,0.5,none,True,True
98639,1.0,0.0,0.5,none,True,True
98640,1.0,0.0,0.5,none,True,True
98641,1.0,0.0,0.5,none,True,True
98642,1.0,0.0,0.5,none,True,True
98643,1.0,0.0,0.5,none,True,True
98644,1.0,0.0,0.5,none,True,True
98645,1.0,0.0,0.5,none,True,True
98646,1.0,0.0,0.5,none,True,True
98647,1.0,0.0,0.5,none,True,True
98648,1.0,0.0,0.5,none,True,True
98649,1.0,0.0,0.5,none,True,True
98650,1.0,0.0,0.5,none,True,True
98651,1.0,0.0,0.5,none,True,True
98652,1.0,0.0,0.5,none,True,True
98653,1.0,0.0,0.5,none,True,True
98654,1.0,0.0,0.5,none,True,True
98655,1.0,0.0,0.5,none,True,True
98656,1.0,0.0,0.5,none,True,True
98657,1.0,0.0,0.5,none,True,True
98658,1.0,0.0,0.5,none,True,True
98659,1.0,0.0,0.5,none,True,True
98660,1.0,0.0,0.5,none,True,True
98661,1.0,0.0,0.5,none,True,True
98662,1.0,0.0,0.5,none,True,True
98663,1.0,0.0,0.5,none,True,True
98664,1.0,0.0,0.5,none,True,True
98665,1.0,0.0,0.5,none,True,True
98666,1.0,0.0,0.5,none,True,True
98667,1.0,0.0,0.5,none,True,True
98668,1.0,0.0,0.5,none,True,True
98669,1.0,0.0,0.5,none,True,True
98670,1.0,0.0,0.5,none,True,True
98671,1.0,0.0,0.5,none,True,True
98672,1.0,0.0,0.5,none,True,True
98673,1.0,0.0,0.5,none,True,True
98674,1.0,0.0,0.5,none,True,True
98675,1.0,0.0,0.5,none,True,True
98676,1.0,0.0,0.5,none,True,True
98677,1.0,0.0,0.5,none,True,True
98678,1.0,0.0,0.5,none,True,True
98679,1.0,0.0,0.5,none,True,True
98680,1.0,0.0,0.5,none,True,True
98681,1.0,0.0,0.5,none,True,True
98682,1.0,0.0,0.5,none,True,True
98683,1.0,0.0,0.5,none,True,True
98684,1.0,0.0,0.5,none,True,True
98685,1.0,0.0,0.5,none,True,True
98686,1.0,0.0,0.5,none,True,True
98687,1.0,0.0,0.5,none,True,True
98688,1.0,0.0,0.5,none,True,True
98689,1.0,0.0,0.5,none,True,True
98690,1.0,0.0,0.5,none,True,True
98691,1.0,0.0,0.5,none,True,True
98692,1.0,0.0,0.5,none,True,True
98693,1.0,0.0,0.5,none,True,True
98694,1.0,0.0,0.5,none,True,True
98695,1.0,0.0,0.5,none,True,True
98696,1.0,0.0,0.5,none,True,True
98697,1.0,0.0,0.5,none,True,True
98698,1.0,0.0,0.5,none,True,True
98699,1.0,0.0,0.5,none,True,True
98700,1.0,0.0061,0.5,none,True,True
98701,1.0,0.0357,0.5,none,True,True
98702,1.0,0.0812,0.5,none,True,True
98703,1.0,0.1113,0.5,none,True,True
98704,1.0,0.1253,0.5,none,True,True
98705,1.0,0.1408,0.5,none,True,True
98706,1.0,0.0907,0.5,none,True,True
98707,1.0,0.1198,0.5,none,True,True
98708,1.0,0.0467,0.5,none,True,True
98709,1.0,0.0522,0.5,none,True,True
98710,1.0,0.0405,0.5,none,True,True
98711,1.0,0.0313,0.5,none,True,True
98712,1.0,0.0083,0.5,none,True,True
98713,1.0,0.0726,0.5,none,True,True
98714,1.0,0.0793,0.5,none,True,True
98715,1.0,0.0581,0.5,none,True,True
98716,1.0,0.0955,0.5,none,True,True
98717,1.0,0.0839,0.5,none,True,True
98718,1.0,0.0648,0.5,none,True,True
98719,1.0,0.0718,0.5,none,True,True
98720,1.0,0.0589,0.5,none,True,True
98721,1.0,0.0403,0.5,none,True,True
98722,1.0,0.0327,0.5,none,True,True
98723,1.0,0.0277,0.5,none,True,True
98724,1.0,0.017,0.5,none,True,True
98725,1.0,0.0102,0.5,none,True,True
98726,1.0,0.0099,0.5,none,True,True
98727,1.0,0.008,0.5,none,True,True
98728,1.0,0.005,0.5,none,True,True
98729,1.0,0.0063,0.5,none,True,True
98730,1.0,0.009,0.5,none,True,True
98731,1.0,0.0096,0.5,none,True,True
98732,1.0,0.0108,0.5,none,True,True
98733,1.0,0.014,0.5,none,True,True
98734,1.0,0.0161,0.5,none,True,True
98735,1.0,0.0167,0.5,none,True,True
98736,1.0,0.0182,0.5,none,True,True
98737,1.0,0.0196,0.5,none,True,True
98738,1.0,0.0197,0.5,none,True,True
98739,1.0,0.0193,0.5,none,True,True
98740,1.0,0.0193,0.5,none,True,True
98741,1.0,0.0187,0.5,none,True,True
98742,1.0,0.0174,0.5,none,True,True
98743,1.0,0.0163,0.5,none,True,True
98744,1.0,0.0152,0.5,none,True,True
98745,1.0,0.0138,0.5,none,True,True
98746,1.0,0.0123,0.5,none,True,True
98747,1.0,0.0111,0.5,none,True,True
98748,1.0,0.01,0.5,none,True,True
98749,1.0,0.0088,0.5,none,True,True
98750,1.0,0.0078,0.5,none,True,True
98751,1.0,0.0071,0.5,none,True,True
98752,1.0,0.0064,0.5,none,True,True
98753,1.0,0.0057,0.5,none,True,True
98754,1.0,0.0053,0.5,none,True,True
98755,1.0,0.005,0.5,none,True,True
98756,1.0,0.0047,0.5,none,True,True
98757,1.0,0.0045,0.5,none,True,True
98758,1.0,0.0044,0.5,none,True,True
98759,1.0,0.0043,0.5,none,True,True
98760,1.0,0.0042,0.5,none,True,True
98761,1.0,0.0041,0.5,none,True,True
98762,1.0,0.004,0.5,none,True,True
98763,1.0,0.0039,0.5,none,True,True
98764,1.0,0.0038,0.5,none,True,True
98765,1.0,0.0037,0.5,none,True,True
98766,1.0,0.0035,0.5,none,True,True
98767,1.0,0.0033,0.5,none,True,True
98768,1.0,0.0032,0.5,none,True,True
98769,1.0,0.003,0.5,none,True,True
98770,1.0,0.0028,0.5,none,True,True
98771,1.0,0.0026,0.5,none,True,True
98772,1.0,0.0024,0.5,none,True,True
98773,1.0,0.0023,0.5,none,True,True
98774,1.0,0.0021,0.5,none,True,True
98775,1.0,0.0019,0.5,none,True,True
98776,1.0,0.0018,0.5,none,True,True
98777,1.0,0.0017,0.5,none,True,True
98778,1.0,0.0015,0.5,none,True,True
98779,1.0,0.0014,0.5,none,True,True
98780,1.0,0.0013,0.5,none,True,True
98781,1.0,0.0013,0.5,none,True,True
98782,1.0,0.0012,0.5,none,True,True
98783,1.0,0.0011,0.5,none,True,True
98784,1.0,0.0011,0.5,none,True,True
98785,1.0,0.001,0.5,none,True,True
98786,1.0,0.001,0.5,none,True,True
98787,1.0,0.0009,0.5,none,True,True
98788,1.0,0.0009,0.5,none,True,True
98789,1.0,0.0008,0.5,none,True,True
98790,1.0,0.0008,0.5,none,True,True
98791,1.0,0.0008,0.5,none,True,True
98792,1.0,0.0007,0.5,none,True,True
98793,1.0,0.0007,0.5,none,True,True
98794,1.0,0.0006,0.5,none,True,True
98795,1.0,0.0006,0.5,none,True,True
98796,1.0,0.0006,0.5,none,True,True
98797,1.0,0.0005,0.5,none,True,True
98798,1.0,0.0005,0.5,none,True,True
98799,1.0,0.0005,0.5,none,True,True
98800,1.0,0.0004,0.5,none,True,True
98801,1.0,0.0004,0.5,none,True,True
98802,1.0,0.0004,0.5,none,True,True
98803,1.0,0.0004,0.5,none,True,True
98804,1.0,0.0003,0.5,none,True,True
98805,1.0,0.0003,0.5,none,True,True
98806,1.0,0.0003,0.5,none,True,True
98807,1.0,0.0003,0.5,none,True,True
98808,1.0,0.0003,0.5,none,True,True
98809,1.0,0.0003,0.5,none,True,True
98810,1.0,0.0002,0.5,none,True,True
98811,1.0,0.0002,0.5,none,True,True
98812,1.0,0.0002,0.5,none,True,True
98813,1.0,0.0002,0.5,none,True,True
98814,1.0,0.0002,0.5,none,True,True
98815,1.0,0.0002,0.5,none,True,True
98816,1.0,0.0002,0.5,none,True,True
98817,1.0,0.0002,0.5,none,True,True
98818,1.0,0.0002,0.5,none,True,True
98819,1.0,0.0001,0.5,none,True,True
98820,1.0,0.0001,0.5,none,True,True
98821,1.0,0.0001,0.5,none,True,True
98822,1.0,0.0001,0.5,none,True,True
98823,1.0,0.0001,0.5,none,True,True
98824,1.0,0.0001,0.5,none,True,True
98825,1.0,0.0001,0.5,none,True,True
98826,1.0,0.0001,0.5,none,True,True
98827,1.0,0.0001,0.5,none,True,True
98828,1.0,0.0001,0.5,none,True,True
98829,1.0,0.0001,0.5,none,True,True
98830,1.0,0.0001,0.5,none,True,True
98831,1.0,0.0001,0.5,none,True,True
98832,1.0,0.0001,0.5,none,True,True
98833,1.0,0.0001,0.5,none,True,True
98834,1.0,0.0001,0.5,none,True,True
98835,1.0,0.0001,0.5,none,True,True
98836,1.0,0.0001,0.5,none,True,True
98837,1.0,0.0,0.5,none,True,True
98838,1.0,0.0,0.5,none,True,True
98839,1.0,0.0,0.5,none,True,True
98840,1.0,0.0,0.5,none,True,True
98841,1.0,0.0,0.5,none,True,True
98842,1.0,0.0,0.5,none,True,True
98843,1.0,0.0,0.5,none,True,True
98844,1.0,0.0,0.5,none,True,True
98845,1.0,0.0,0.5,none,True,True
98846,1.0,0.0,0.5,none,True,True
98847,1.0,0.0,0.5,none,True,True
98848,1.0,0.0,0.5,none,True,True
98849,1.0,0.0,0.5,none,True,True
98850,1.0,0.0,0.5,none,True,True
98851,1.0,0.0,0.5,none,True,True
98852,1.0,0.0,0.5,none,True,True
98853,1.0,0.0,0.5,none,True,True
98854,1.0,0.0,0.5,none,True,True
98855,1.0,0.0,0.5,none,True,True
98856,1.0,0.0,0.5,none,True,True
98857,1.0,0.0,0.5,none,True,True
98858,1.0,0.0,0.5,none,True,True
98859,1.0,0.0,0.5,none,True,True
98860,1.0,0.0,0.5,none,True,True
98861,1.0,0.0,0.5,none,True,True
98862,1.0,0.0,0.5,none,True,True
98863,1.0,0.0,0.5,none,True,True
98864,1.0,0.0,0.5,none,True,True
98865,1.0,0.0,0.5,none,True,True
98866,1.0,0.0,0.5,none,True,True
98867,1.0,0.0,0.5,none,True,True
98868,1.0,0.0,0.5,none,True,True
98869,1.0,0.0,0.5,none,True,True
98870,1.0,0.0,0.5,none,True,True
98871,1.0,0.0,0.5,none,True,True
98872,1.0,0.0,0.5,none,True,True
98873,1.0,0.0,0.5,none,True,True
98874,1.0,0.0,0.5,none,True,True
98875,1.0,0.0,0.5,none,True,True
98876,1.0,0.0,0.5,none,True,True
98877,1.0,0.0,0.5,none,True,True
98878,1.0,0.0,0.5,none,True,True
98879,1.0,0.0,0.5,none,True,True
98880,1.0,0.0,0.5,none,True,True
98881,1.0,0.0,0.5,none,True,True
98882,1.0,0.0,0.5,none,True,True
98883,1.0,0.0,0.5,none,True,True
98884,1.0,0.0,0.5,none,True,True
98885,1.0,0.0,0.5,none,True,True
98886,1.0,0.0,0.5,none,True,True
98887,1.0,0.0,0.5,none,True,True
98888,1.0,0.0,0.5,none,True,True
98889,1.0,0.0,0.5,none,True,True
98890,1.0,0.0,0.5,none,True,True
98891,1.0,0.0,0.5,none,True,True
98892,1.0,0.0,0.5,none,True,True
98893,1.0,0.0,0.5,none,True,True
98894,1.0,0.0,0.5,none,True,True
98895,1.0,0.0,0.5,none,True,True
98896,1.0,0.0,0.5,none,True,True
98897,1.0,0.0,0.5,none,True,True
98898,1.0,0.0,0.5,none,True,True
98899,1.0,0.0,0.5,none,True,True
98900,1.0,0.0,0.5,none,True,True
98901,1.0,0.0,0.5,none,True,True
98902,1.0,0.0,0.5,none,True,True
98903,1.0,0.0,0.5,none,True,True
98904,1.0,0.0,0.5,none,True,True
98905,1.0,0.0,0.5,none,True,True
98906,1.0,0.0,0.5,none,True,True
98907,1.0,0.0,0.5,none,True,True
98908,1.0,0.0,0.5,none,True,True
98909,1.0,0.0,0.5,none,True,True
98910,1.0,0.0,0.5,none,True,True
98911,1.0,0.0,0.5,none,True,True
98912,1.0,0.0,0.5,none,True,True
98913,1.0,0.0,0.5,none,True,True
98914,1.0,0.0,0.5,none,True,True
98915,1.0,0.0,0.5,none,True,True
98916,1.0,0.0,0.5,none,True,True
98917,1.0,0.0,0.5,none,True,True
98918,1.0,0.0,0.5,none,True,True
98919,1.0,0.0,0.5,none,True,True
98920,1.0,0.0,0.5,none,True,True
98921,1.0,0.0,0.5,none,True,True
98922,1.0,0.0,0.5,none,True,True
98923,1.0,0.0,0.5,none,True,True
98924,1.0,0.0,0.5,none,True,True
98925,1.0,0.0,0.5,none,True,True
98926,1.0,0.0,0.5,none,True,True
98927,1.0,0.0,0.5,none,True,True
98928,1.0,0.0,0.5,none,True,True
98929,1.0,0.0,0.5,none,True,True
98930,1.0,0.0,0.5,none,True,True
98931,1.0,0.0,0.5,none,True,True
98932,1.0,0.0,0.5,none,True,True
98933,1.0,0.0,0.5,none,True,True
98934,1.0,0.0,0.5,none,True,True
98935,1.0,0.0,0.5,none,True,True
98936,1.0,0.0,0.5,none,True,True
98937,1.0,0.0,0.5,none,True,True
98938,1.0,0.0,0.5,none,True,True
98939,1.0,0.0,0.5,none,True,True
98940,1.0,0.0,0.5,none,True,True
98941,1.0,0.0,0.5,none,True,True
98942,1.0,0.0,0.5,none,True,True
98943,1.0,0.0,0.5,none,True,True
98944,1.0,0.0,0.5,none,True,True
98945,1.0,0.0,0.5,none,True,True
98946,1.0,0.0,0.5,none,True,True
98947,1.0,0.0,0.5,none,True,True
98948,1.0,0.0,0.5,none,True,True
98949,1.0,0.0,0.5,none,True,True
98950,1.0,0.0,0.5,none,True,True
98951,1.0,0.0,0.5,none,True,True
98952,1.0,0.0,0.5,none,True,True
98953,1.0,0.0,0.5,none,True,True
98954,1.0,0.0,0.5,none,True,True
98955,1.0,0.0,0.5,none,True,True
98956,1.0,0.0,0.5,none,True,True
98957,1.0,0.0,0.5,none,True,True
98958,1.0,0.0,0.5,none,True,True
98959,1.0,0.0,0.5,none,True,True
98960,1.0,0.0,0.5,none,True,True
98961,1.0,0.0,0.5,none,True,True
98962,1.0,0.0,0.5,none,True,True
98963,1.0,0.0,0.5,none,True,True
98964,1.0,0.0,0.5,none,True,True
98965,1.0,0.0,0.5,none,True,True
98966,1.0,0.0,0.5,none,True,True
98967,1.0,0.0,0.5,none,True,True
98968,1.0,0.0,0.5,none,True,True
98969,1.0,0.0,0.5,none,True,True
98970,1.0,0.0,0.5,none,True,True
98971,1.0,0.0,0.5,none,True,True
98972,1.0,0.0,0.5,none,True,True
98973,1.0,0.0,0.5,none,True,True
98974,1.0,0.0,0.5,none,True,True
98975,1.0,0.0,0.5,none,True,True
98976,1.0,0.0,0.5,none,True,True
98977,1.0,0.0,0.5,none,True,True
98978,1.0,0.0,0.5,none,True,True
98979,1.0,0.0,0.5,none,True,True
98980,1.0,0.0,0.5,none,True,True
98981,1.0,0.0,0.5,none,True,True
98982,1.0,0.0,0.5,none,True,True
98983,1.0,0.0,0.5,none,True,True
98984,1.0,0.0,0.5,none,True,True
98985,1.0,0.0,0.5,none,True,True
98986,1.0,0.0,0.5,none,True,True
98987,1.0,0.0,0.5,none,True,True
98988,1.0,0.0,0.5,none,True,True
98989,1.0,0.0,0.5,none,True,True
98990,1.0,0.0,0.5,none,True,True
98991,1.0,0.0,0.5,none,True,True
98992,1.0,0.0,0.5,none,True,True
98993,1.0,0.0,0.5,none,True,True
98994,1.0,0.0,0.5,none,True,True
98995,1.0,0.0,0.5,none,True,True
98996,1.0,0.0,0.5,none,True,True
98997,1.0,0.0,0.5,none,True,True
98998,1.0,0.0,0.5,none,True,True
98999,1.0,0.0,0.5,none,True,True
99000,1.0,0.0,0.5,none,True,True
99001,1.0,0.0,0.5,none,True,True
99002,1.0,0.0,0.5,none,True,True
99003,1.0,0.0,0.5,none,True,True
99004,1.0,0.0,0.5,none,True,True
99005,1.0,0.0,0.5,none,True,True
99006,1.0,0.0,0.5,none,True,True
99007,1.0,0.0,0.5,none,True,True
99008,1.0,0.0,0.5,none,True,True
99009,1.0,0.0,0.5,none,True,True
99010,1.0,0.0,0.5,none,True,True
99011,1.0,0.0,0.5,none,True,True
99012,1.0,0.0,0.5,none,True,True
99013,1.0,0.0,0.5,none,True,True
99014,1.0,0.0,0.5,none,True,True
99015,1.0,0.0,0.5,none,True,True
99016,1.0,0.0,0.5,none,True,True
99017,1.0,0.0,0.5,none,True,True
99018,1.0,0.0,0.5,none,True,True
99019,1.0,0.0,0.5,none,True,True
99020,1.0,0.0,0.5,none,True,True
99021,1.0,0.0,0.5,none,True,True
99022,1.0,0.0,0.5,none,True,True
99023,1.0,0.0,0.5,none,True,True
99024,1.0,0.0,0.5,none,True,True
99025,1.0,0.0,0.5,none,True,True
99026,1.0,0.0,0.5,none,True,True
99027,1.0,0.0,0.5,none,True,True
99028,1.0,0.0,0.5,none,True,True
99029,1.0,0.0,0.5,none,True,True
99030,1.0,0.0,0.5,none,True,True
99031,1.0,0.0,0.5,none,True,True
99032,1.0,0.0,0.5,none,True,True
99033,1.0,0.0,0.5,none,True,True
99034,1.0,0.0,0.5,none,True,True
99035,1.0,0.0,0.5,none,True,True
99036,1.0,0.0,0.5,none,True,True
99037,1.0,0.0,0.5,none,True,True
99038,1.0,0.0,0.5,none,True,True
99039,1.0,0.0,0.5,none,True,True
99040,1.0,0.0,0.5,none,True,True
99041,1.0,0.0,0.5,none,True,True
99042,1.0,0.0,0.5,none,True,True
99043,1.0,0.0,0.5,none,True,True
99044,1.0,0.0,0.5,none,True,True
99045,1.0,0.0,0.5,none,True,True
99046,1.0,0.0,0.5,none,True,True
99047,1.0,0.0,0.5,none,True,True
99048,1.0,0.0,0.5,none,True,True
99049,1.0,0.0,0.5,none,True,True
99050,1.0,0.0,0.5,none,True,True
99051,1.0,0.0,0.5,none,True,True
99052,1.0,0.0,0.5,none,True,True
99053,1.0,0.0,0.5,none,True,True
99054,1.0,0.0,0.5,none,True,True
99055,1.0,0.0,0.5,none,True,True
99056,1.0,0.0,0.5,none,True,True
99057,1.0,0.0,0.5,none,True,True
99058,1.0,0.0,0.5,none,True,True
99059,1.0,0.0,0.5,none,True,True
99060,1.0,0.0,0.5,none,True,True
99061,1.0,0.0,0.5,none,True,True
99062,1.0,0.0,0.5,none,True,True
99063,1.0,0.0,0.5,none,True,True
99064,1.0,0.0,0.5,none,True,True
99065,1.0,0.0,0.5,none,True,True
99066,1.0,0.0,0.5,none,True,True
99067,1.0,0.0,0.5,none,True,True
99068,1.0,0.0,0.5,none,True,True
99069,1.0,0.0,0.5,none,True,True
99070,1.0,0.0,0.5,none,True,True
99071,1.0,0.0,0.5,none,True,True
99072,1.0,0.0,0.5,none,True,True
99073,1.0,0.0,0.5,none,True,True
99074,1.0,0.0,0.5,none,True,True
99075,1.0,0.0,0.5,none,True,True
99076,1.0,0.0,0.5,none,True,True
99077,1.0,0.0,0.5,none,True,True
99078,1.0,0.0,0.5,none,True,True
99079,1.0,0.0,0.5,none,True,True
99080,1.0,0.0,0.5,none,True,True
99081,1.0,0.0,0.5,none,True,True
99082,1.0,0.0,0.5,none,True,True
99083,1.0,0.0,0.5,none,True,True
99084,1.0,0.0,0.5,none,True,True
99085,1.0,0.0,0.5,none,True,True
99086,1.0,0.0,0.5,none,True,True
99087,1.0,0.0,0.5,none,True,True
99088,1.0,0.0,0.5,none,True,True
99089,1.0,0.0,0.5,none,True,True
99090,1.0,0.0,0.5,none,True,True
99091,1.0,0.0,0.5,none,True,True
99092,1.0,0.0,0.5,none,True,True
99093,1.0,0.0,0.5,none,True,True
99094,1.0,0.0,0.5,none,True,True
99095,1.0,0.0,0.5,none,True,True
99096,1.0,0.0,0.5,none,True,True
99097,1.0,0.0,0.5,none,True,True
99098,1.0,0.0,0.5,none,True,True
99099,1.0,0.0,0.5,none,True,True
99100,1.0,0.0,0.5,none,True,True
99101,1.0,0.0,0.5,none,True,True
99102,1.0,0.0,0.5,none,True,True
99103,1.0,0.0,0.5,none,True,True
99104,1.0,0.0,0.5,none,True,True
99105,1.0,0.0,0.5,none,True,True
99106,1.0,0.0,0.5,none,True,True
99107,1.0,0.0,0.5,none,True,True
99108,1.0,0.0,0.5,none,True,True
99109,1.0,0.0,0.5,none,True,True
99110,1.0,0.0,0.5,none,True,True
99111,1.0,0.0,0.5,none,True,True
99112,1.0,0.0,0.5,none,True,True
99113,1.0,0.0,0.5,none,True,True
99114,1.0,0.0,0.5,none,True,True
99115,1.0,0.0,0.5,none,True,True
99116,1.0,0.0,0.5,none,True,True
99117,1.0,0.0,0.5,none,True,True
99118,1.0,0.0,0.5,none,True,True
99119,1.0,0.0,0.5,none,True,True
99120,1.0,0.0,0.5,none,True,True
99121,1.0,0.0,0.5,none,True,True
99122,1.0,0.0,0.5,none,True,True
99123,1.0,0.0,0.5,none,True,True
99124,1.0,0.0,0.5,none,True,True
99125,1.0,0.0,0.5,none,True,True
99126,1.0,0.0,0.5,none,True,True
99127,1.0,0.0,0.5,none,True,True
99128,1.0,0.0,0.5,none,True,True
99129,1.0,0.0,0.5,none,True,True
99130,1.0,0.0,0.5,none,True,True
99131,1.0,0.0,0.5,none,True,True
99132,1.0,0.0,0.5,none,True,True
99133,1.0,0.0,0.5,none,True,True
99134,1.0,0.0,0.5,none,True,True
99135,1.0,0.0,0.5,none,True,True
99136,1.0,0.0,0.5,none,True,True
99137,1.0,0.0,0.5,none,True,True
99138,1.0,0.0,0.5,none,True,True
99139,1.0,0.0,0.5,none,True,True
99140,1.0,0.0,0.5,none,True,True
99141,1.0,0.0,0.5,none,True,True
99142,1.0,0.0,0.5,none,True,True
99143,1.0,0.0,0.5,none,True,True
99144,1.0,0.0,0.5,none,True,True
99145,1.0,0.0,0.5,none,True,True
99146,1.0,0.0,0.5,none,True,True
99147,1.0,0.0,0.5,none,True,True
99148,1.0,0.0,0.5,none,True,True
99149,1.0,0.0,0.5,none,True,True
99150,1.0,0.0,0.5,none,True,True
99151,1.0,0.0,0.5,none,True,True
99152,1.0,0.0,0.5,none,True,True
99153,1.0,0.0,0.5,none,True,True
99154,1.0,0.0,0.5,none,True,True
99155,1.0,0.0,0.5,none,True,True
99156,1.0,0.0,0.5,none,True,True
99157,1.0,0.0,0.5,none,True,True
99158,1.0,0.0,0.5,none,True,True
99159,1.0,0.0,0.5,none,True,True
99160,1.0,0.0,0.5,none,True,True
99161,1.0,0.0,0.5,none,True,True
99162,1.0,0.0,0.5,none,True,True
99163,1.0,0.0,0.5,none,True,True
99164,1.0,0.0,0.5,none,True,True
99165,1.0,0.0,0.5,none,True,True
99166,1.0,0.0,0.5,none,True,True
99167,1.0,0.0,0.5,none,True,True
99168,1.0,0.0,0.5,none,True,True
99169,1.0,0.0,0.5,none,True,True
99170,1.0,0.0,0.5,none,True,True
99171,1.0,0.0,0.5,none,True,True
99172,1.0,0.0,0.5,none,True,True
99173,1.0,0.0,0.5,none,True,True
99174,1.0,0.0,0.5,none,True,True
99175,1.0,0.0,0.5,none,True,True
99176,1.0,0.0,0.5,none,True,True
99177,1.0,0.0,0.5,none,True,True
99178,1.0,0.0,0.5,none,True,True
99179,1.0,0.0,0.5,none,True,True
99180,1.0,0.0,0.5,none,True,True
99181,1.0,0.0,0.5,none,True,True
99182,1.0,0.0,0.5,none,True,True
99183,1.0,0.0,0.5,none,True,True
99184,1.0,0.0,0.5,none,True,True
99185,1.0,0.0,0.5,none,True,True
99186,1.0,0.0,0.5,none,True,True
99187,1.0,0.0,0.5,none,True,True
99188,1.0,0.0,0.5,none,True,True
99189,1.0,0.0,0.5,none,True,True
99190,1.0,0.0,0.5,none,True,True
99191,1.0,0.0,0.5,none,True,True
99192,1.0,0.0,0.5,none,True,True
99193,1.0,0.0,0.5,none,True,True
99194,1.0,0.0,0.5,none,True,True
99195,1.0,0.0,0.5,none,True,True
99196,1.0,0.0,0.5,none,True,True
99197,1.0,0.0,0.5,none,True,True
99198,1.0,0.0,0.5,none,True,True
99199,1.0,0.0,0.5,none,True,True
99200,1.0,0.0,0.5,none,True,True
99201,1.0,0.0,0.5,none,True,True
99202,1.0,0.0,0.5,none,True,True
99203,1.0,0.0,0.5,none,True,True
99204,1.0,0.0,0.5,none,True,True
99205,1.0,0.0,0.5,none,True,True
99206,1.0,0.0,0.5,none,True,True
99207,1.0,0.0,0.5,none,True,True
99208,1.0,0.0,0.5,none,True,True
99209,1.0,0.0,0.5,none,True,True
99210,1.0,0.0,0.5,none,True,True
99211,1.0,0.0,0.5,none,True,True
99212,1.0,0.0,0.5,none,True,True
99213,1.0,0.0,0.5,none,True,True
99214,1.0,0.0,0.5,none,True,True
99215,1.0,0.0,0.5,none,True,True
99216,1.0,0.0,0.5,none,True,True
99217,1.0,0.0,0.5,none,True,True
99218,1.0,0.0,0.5,none,True,True
99219,1.0,0.0,0.5,none,True,True
99220,1.0,0.0,0.5,none,True,True
99221,1.0,0.0,0.5,none,True,True
99222,1.0,0.0,0.5,none,True,True
99223,1.0,0.0,0.5,none,True,True
99224,1.0,0.0,0.5,none,True,True
99225,1.0,0.0,0.5,none,True,True
99226,1.0,0.0,0.5,none,True,True
99227,1.0,0.0,0.5,none,True,True
99228,1.0,0.0,0.5,none,True,True
99229,1.0,0.0,0.5,none,True,True
99230,1.0,0.0,0.5,none,True,True
99231,1.0,0.0,0.5,none,True,True
99232,1.0,0.0,0.5,none,True,True
99233,1.0,0.0,0.5,none,True,True
99234,1.0,0.0,0.5,none,True,True
99235,1.0,0.0,0.5,none,True,True
99236,1.0,0.0,0.5,none,True,True
99237,1.0,0.0,0.5,none,True,True
99238,1.0,0.0,0.5,none,True,True
99239,1.0,0.0,0.5,none,True,True
99240,1.0,0.0,0.5,none,True,True
99241,1.0,0.0,0.5,none,True,True
99242,1.0,0.0,0.5,none,True,True
99243,1.0,0.0,0.5,none,True,True
99244,1.0,0.0,0.5,none,True,True
99245,1.0,0.0,0.5,none,True,True
99246,1.0,0.0,0.5,none,True,True
99247,1.0,0.0,0.5,none,True,True
99248,1.0,0.0,0.5,none,True,True
99249,1.0,0.0,0.5,none,True,True
99250,1.0,0.0,0.5,none,True,True
99251,1.0,0.0,0.5,none,True,True
99252,1.0,0.0,0.5,none,True,True
99253,1.0,0.0,0.5,none,True,True
99254,1.0,0.0,0.5,none,True,True
99255,1.0,0.0,0.5,none,True,True
99256,1.0,0.0,0.5,none,True,True
99257,1.0,0.0,0.5,none,True,True
99258,1.0,0.0,0.5,none,True,True
99259,1.0,0.0,0.5,none,True,True
99260,1.0,0.0,0.5,none,True,True
99261,1.0,0.0,0.5,none,True,True
99262,1.0,0.0,0.5,none,True,True
99263,1.0,0.0,0.5,none,True,True
99264,1.0,0.0,0.5,none,True,True
99265,1.0,0.0,0.5,none,True,True
99266,1.0,0.0,0.5,none,True,True
99267,1.0,0.0,0.5,none,True,True
99268,1.0,0.0,0.5,none,True,True
99269,1.0,0.0,0.5,none,True,True
99270,1.0,0.0,0.5,none,True,True
99271,1.0,0.0,0.5,none,True,True
99272,1.0,0.0,0.5,none,True,True
99273,1.0,0.0,0.5,none,True,True
99274,1.0,0.0,0.5,none,True,True
99275,1.0,0.0,0.5,none,True,True
99276,1.0,0.0,0.5,none,True,True
99277,1.0,0.0,0.5,none,True,True
99278,1.0,0.0,0.5,none,True,True
99279,1.0,0.0,0.5,none,True,True
99280,1.0,0.0,0.5,none,True,True
99281,1.0,0.0,0.5,none,True,True
99282,1.0,0.0,0.5,none,True,True
99283,1.0,0.0,0.5,none,True,True
99284,1.0,0.0,0.5,none,True,True
99285,1.0,0.0,0.5,none,True,True
99286,1.0,0.0,0.5,none,True,True
99287,1.0,0.0,0.5,none,True,True
99288,1.0,0.0,0.5,none,True,True
99289,1.0,0.0,0.5,none,True,True
99290,1.0,0.0,0.5,none,True,True
99291,1.0,0.0,0.5,none,True,True
99292,1.0,0.0,0.5,none,True,True
99293,1.0,0.0,0.5,none,True,True
99294,1.0,0.0,0.5,none,True,True
99295,1.0,0.0,0.5,none,True,True
99296,1.0,0.0,0.5,none,True,True
99297,1.0,0.0,0.5,none,True,True
99298,1.0,0.0,0.5,none,True,True
99299,1.0,0.0,0.5,none,True,True
99300,1.0,0.0,0.5,none,True,True
99301,1.0,0.0,0.5,none,True,True
99302,1.0,0.0,0.5,none,True,True
99303,1.0,0.0,0.5,none,True,True
99304,1.0,0.0,0.5,none,True,True
99305,1.0,0.0,0.5,none,True,True
99306,1.0,0.0,0.5,none,True,True
99307,1.0,0.0,0.5,none,True,True
99308,1.0,0.0,0.5,none,True,True
99309,1.0,0.0,0.5,none,True,True
99310,1.0,0.0,0.5,none,True,True
99311,1.0,0.0,0.5,none,True,True
99312,1.0,0.0,0.5,none,True,True
99313,1.0,0.0,0.5,none,True,True
99314,1.0,0.0,0.5,none,True,True
99315,1.0,0.0,0.5,none,True,True
99316,1.0,0.0,0.5,none,True,True
99317,1.0,0.0,0.5,none,True,True
99318,1.0,0.0,0.5,none,True,True
99319,1.0,0.0,0.5,none,True,True
99320,1.0,0.0,0.5,none,True,True
99321,1.0,0.0,0.5,none,True,True
99322,1.0,0.0,0.5,none,True,True
99323,1.0,0.0,0.5,none,True,True
99324,1.0,0.0,0.5,none,True,True
99325,1.0,0.0,0.5,none,True,True
99326,1.0,0.0,0.5,none,True,True
99327,1.0,0.0,0.5,none,True,True
99328,1.0,0.0,0.5,none,True,True
99329,1.0,0.0,0.5,none,True,True
99330,1.0,0.0,0.5,none,True,True
99331,1.0,0.0,0.5,none,True,True
99332,1.0,0.0,0.5,none,True,True
99333,1.0,0.0,0.5,none,True,True
99334,1.0,0.0,0.5,none,True,True
99335,1.0,0.0,0.5,none,True,True
99336,1.0,0.0,0.5,none,True,True
99337,1.0,0.0,0.5,none,True,True
99338,1.0,0.0,0.5,none,True,True
99339,1.0,0.0,0.5,none,True,True
99340,1.0,0.0,0.5,none,True,True
99341,1.0,0.0,0.5,none,True,True
99342,1.0,0.0,0.5,none,True,True
99343,1.0,0.0,0.5,none,True,True
99344,1.0,0.0,0.5,none,True,True
99345,1.0,0.0,0.5,none,True,True
99346,1.0,0.0,0.5,none,True,True
99347,1.0,0.0,0.5,none,True,True
99348,1.0,0.0,0.5,none,True,True
99349,1.0,0.0,0.5,none,True,True
99350,1.0,0.0,0.5,none,True,True
99351,1.0,0.0,0.5,none,True,True
99352,1.0,0.0,0.5,none,True,True
99353,1.0,0.0,0.5,none,True,True
99354,1.0,0.0,0.5,none,True,True
99355,1.0,0.0,0.5,none,True,True
99356,1.0,0.0,0.5,none,True,True
99357,1.0,0.0,0.5,none,True,True
99358,1.0,0.0,0.5,none,True,True
99359,1.0,0.0,0.5,none,True,True
99360,1.0,0.0,0.5,none,True,True
99361,1.0,0.0,0.5,none,True,True
99362,1.0,0.0,0.5,none,True,True
99363,1.0,0.0,0.5,none,True,True
99364,1.0,0.0,0.5,none,True,True
99365,1.0,0.0,0.5,none,True,True
99366,1.0,0.0,0.5,none,True,True
99367,1.0,0.0,0.5,none,True,True
99368,1.0,0.0,0.5,none,True,True
99369,1.0,0.0,0.5,none,True,True
99370,1.0,0.0,0.5,none,True,True
99371,1.0,0.0,0.5,none,True,True
99372,1.0,0.0,0.5,none,True,True
99373,1.0,0.0,0.5,none,True,True
99374,1.0,0.0,0.5,none,True,True
99375,1.0,0.0,0.5,none,True,True
99376,1.0,0.0,0.5,none,True,True
99377,1.0,0.0,0.5,none,True,True
99378,1.0,0.0,0.5,none,True,True
99379,1.0,0.0,0.5,none,True,True
99380,1.0,0.0,0.5,none,True,True
99381,1.0,0.0,0.5,none,True,True
99382,1.0,0.0,0.5,none,True,True
99383,1.0,0.0,0.5,none,True,True
99384,1.0,0.0,0.5,none,True,True
99385,1.0,0.0,0.5,none,True,True
99386,1.0,0.0,0.5,none,True,True
99387,1.0,0.0,0.5,none,True,True
99388,1.0,0.0,0.5,none,True,True
99389,1.0,0.0,0.5,none,True,True
99390,1.0,0.0,0.5,none,True,True
99391,1.0,0.0,0.5,none,True,True
99392,1.0,0.0,0.5,none,True,True
99393,1.0,0.0,0.5,none,True,True
99394,1.0,0.0,0.5,none,True,True
99395,1.0,0.0,0.5,none,True,True
99396,1.0,0.0,0.5,none,True,True
99397,1.0,0.0,0.5,none,True,True
99398,1.0,0.0,0.5,none,True,True
99399,1.0,0.0,0.5,none,True,True
99400,1.0,0.0061,0.5,none,True,True
99401,1.0,0.0357,0.5,none,True,True
99402,1.0,0.0812,0.5,none,True,True
99403,1.0,0.1113,0.5,none,True,True
99404,1.0,0.1253,0.5,none,True,True
99405,1.0,0.1408,0.5,none,True,True
99406,1.0,0.0907,0.5,none,True,True
99407,1.0,0.1198,0.5,none,True,True
99408,1.0,0.0467,0.5,none,True,True
99409,1.0,0.0522,0.5,none,True,True
99410,1.0,0.0405,0.5,none,True,True
99411,1.0,0.0313,0.5,none,True,True
99412,1.0,0.0083,0.5,none,True,True
99413,1.0,0.0726,0.5,none,True,True
99414,1.0,0.0793,0.5,none,True,True
99415,1.0,0.0581,0.5,none,True,True
99416,1.0,0.0955,0.5,none,True,True
99417,1.0,0.0839,0.5,none,True,True
99418,1.0,0.0648,0.5,none,True,True
99419,1.0,0.0718,0.5,none,True,True
99420,1.0,0.0589,0.5,none,True,True
99421,1.0,0.0403,0.5,none,True,True
99422,1.0,0.0327,0.5,none,True,True
99423,1.0,0.0277,0.5,none,True,True
99424,1.0,0.017,0.5,none,True,True
99425,1.0,0.0102,0.5,none,True,True
99426,1.0,0.0099,0.5,none,True,True
99427,1.0,0.008,0.5,none,True,True
99428,1.0,0.005,0.5,none,True,True
99429,1.0,0.0063,0.5,none,True,True
99430,1.0,0.009,0.5,none,True,True
99431,1.0,0.0096,0.5,none,True,True
99432,1.0,0.0108,0.5,none,True,True
99433,1.0,0.014,0.5,none,True,True
99434,1.0,0.0161,0.5,none,True,True
99435,1.0,0.0167,0.5,none,True,True
99436,1.0,0.0182,0.5,none,True,True
99437,1.0,0.0196,0.5,none,True,True
99438,1.0,0.0197,0.5,none,True,True
99439,1.0,0.0193,0.5,none,True,True
99440,1.0,0.0193,0.5,none,True,True
99441,1.0,0.0187,0.5,none,True,True
99442,1.0,0.0174,0.5,none,True,True
99443,1.0,0.0163,0.5,none,True,True
99444,1.0,0.0152,0.5,none,True,True
99445,1.0,0.0138,0.5,none,True,True
99446,1.0,0.0123,0.5,none,True,True
99447,1.0,0.0111,0.5,none,True,True
99448,1.0,0.01,0.5,none,True,True
99449,1.0,0.0088,0.5,none,True,True
99450,1.0,0.0078,0.5,none,True,True
99451,1.0,0.0071,0.5,none,True,True
99452,1.0,0.0064,0.5,none,True,True
99453,1.0,0.0057,0.5,none,True,True
99454,1.0,0.0053,0.5,none,True,True
99455,1.0,0.005,0.5,none,True,True
99456,1.0,0.0047,0.5,none,True,True
99457,1.0,0.0045,0.5,none,True,True
99458,1.0,0.0044,0.5,none,True,True
99459,1.0,0.0043,0.5,none,True,True
99460,1.0,0.0042,0.5,none,True,True
99461,1.0,0.0041,0.5,none,True,True
99462,1.0,0.004,0.5,none,True,True
99463,1.0,0.0039,0.5,none,True,True
99464,1.0,0.0038,0.5,none,True,True
99465,1.0,0.0037,0.5,none,True,True
99466,1.0,0.0035,0.5,none,True,True
99467,1.0,0.0033,0.5,none,True,True
99468,1.0,0.0032,0.5,none,True,True
99469,1.0,0.003,0.5,none,True,True
99470,1.0,0.0028,0.5,none,True,True
99471,1.0,0.0026,0.5,none,True,True
99472,1.0,0.0024,0.5,none,True,True
99473,1.0,0.0023,0.5,none,True,True
99474,1.0,0.0021,0.5,none,True,True
99475,1.0,0.0019,0.5,none,True,True
99476,1.0,0.0018,0.5,none,True,True
99477,1.0,0.0017,0.5,none,True,True
99478,1.0,0.0015,0.5,none,True,True
99479,1.0,0.0014,0.5,none,True,True
99480,1.0,0.0013,0.5,none,True,True
99481,1.0,0.0013,0.5,none,True,True
99482,1.0,0.0012,0.5,none,True,True
99483,1.0,0.0011,0.5,none,True,True
99484,1.0,0.0011,0.5,none,True,True
99485,1.0,0.001,0.5,none,True,True
99486,1.0,0.001,0.5,none,True,True
99487,1.0,0.0009,0.5,none,True,True
99488,1.0,0.0009,0.5,none,True,True
99489,1.0,0.0008,0.5,none,True,True
99490,1.0,0.0008,0.5,none,True,True
99491,1.0,0.0008,0.5,none,True,True
99492,1.0,0.0007,0.5,none,True,True
99493,1.0,0.0007,0.5,none,True,True
99494,1.0,0.0006,0.5,none,True,True
99495,1.0,0.0006,0.5,none,True,True
99496,1.0,0.0006,0.5,none,True,True
99497,1.0,0.0005,0.5,none,True,True
99498,1.0,0.0005,0.5,none,True,True
99499,1.0,0.0005,0.5,none,True,True
99500,1.0,0.0004,0.5,none,True,True
99501,1.0,0.0004,0.5,none,True,True
99502,1.0,0.0004,0.5,none,True,True
99503,1.0,0.0004,0.5,none,True,True
99504,1.0,0.0003,0.5,none,True,True
99505,1.0,0.0003,0.5,none,True,True
99506,1.0,0.0003,0.5,none,True,True
99507,1.0,0.0003,0.5,none,True,True
99508,1.0,0.0003,0.5,none,True,True
99509,1.0,0.0003,0.5,none,True,True
99510,1.0,0.0002,0.5,none,True,True
99511,1.0,0.0002,0.5,none,True,True
99512,1.0,0.0002,0.5,none,True,True
99513,1.0,0.0002,0.5,none,True,True
99514,1.0,0.0002,0.5,none,True,True
99515,1.0,0.0002,0.5,none,True,True
99516,1.0,0.0002,0.5,none,True,True
99517,1.0,0.0002,0.5,none,True,True
99518,1.0,0.0002,0.5,none,True,True
99519,1.0,0.0001,0.5,none,True,True
99520,1.0,0.0001,0.5,none,True,True
99521,1.0,0.0001,0.5,none,True,True
99522,1.0,0.0001,0.5,none,True,True
99523,1.0,0.0001,0.5,none,True,True
99524,1.0,0.0001,0.5,none,True,True
99525,1.0,0.0001,0.5,none,True,True
99526,1.0,0.0001,0.5,none,True,True
99527,1.0,0.0001,0.5,none,True,True
99528,1.0,0.0001,0.5,none,True,True
99529,1.0,0.0001,0.5,none,True,True
99530,1.0,0.0001,0.5,none,True,True
99531,1.0,0.0001,0.5,none,True,True
99532,1.0,0.0001,0.5,none,True,True
99533,1.0,0.0001,0.5,none,True,True
99534,1.0,0.0001,0.5,none,True,True
99535,1.0,0.0001,0.5,none,True,True
99536,1.0,0.0001,0.5,none,True,True
99537,1.0,0.0,0.5,none,True,True
99538,1.0,0.0,0.5,none,True,True
99539,1.0,0.0,0.5,none,True,True
99540,1.0,0.0,0.5,none,True,True
99541,1.0,0.0,0.5,none,True,True
99542,1.0,0.0,0.5,none,True,True
99543,1.0,0.0,0.5,none,True,True
99544,1.0,0.0,0.5,none,True,True
99545,1.0,0.0,0.5,none,True,True
99546,1.0,0.0,0.5,none,True,True
99547,1.0,0.0,0.5,none,True,True
99548,1.0,0.0,0.5,none,True,True
99549,1.0,0.0,0.5,none,True,True
99550,1.0,0.0,0.5,none,True,True
99551,1.0,0.0,0.5,none,True,True
99552,1.0,0.0,0.5,none,True,True
99553,1.0,0.0,0.5,none,True,True
99554,1.0,0.0,0.5,none,True,True
99555,1.0,0.0,0.5,none,True,True
99556,1.0,0.0,0.5,none,True,True
99557,1.0,0.0,0.5,none,True,True
99558,1.0,0.0,0.5,none,True,True
99559,1.0,0.0,0.5,none,True,True
99560,1.0,0.0,0.5,none,True,True
99561,1.0,0.0,0.5,none,True,True
99562,1.0,0.0,0.5,none,True,True
99563,1.0,0.0,0.5,none,True,True
99564,1.0,0.0,0.5,none,True,True
99565,1.0,0.0,0.5,none,True,True
99566,1.0,0.0,0.5,none,True,True
99567,1.0,0.0,0.5,none,True,True
99568,1.0,0.0,0.5,none,True,True
99569,1.0,0.0,0.5,none,True,True
99570,1.0,0.0,0.5,none,True,True
99571,1.0,0.0,0.5,none,True,True
99572,1.0,0.0,0.5,none,True,True
99573,1.0,0.0,0.5,none,True,True
99574,1.0,0.0,0.5,none,True,True
99575,1.0,0.0,0.5,none,True,True
99576,1.0,0.0,0.5,none,True,True
99577,1.0,0.0,0.5,none,True,True
99578,1.0,0.0,0.5,none,True,True
99579,1.0,0.0,0.5,none,True,True
99580,1.0,0.0,0.5,none,True,True
99581,1.0,0.0,0.5,none,True,True
99582,1.0,0.0,0.5,none,True,True
99583,1.0,0.0,0.5,none,True,True
99584,1.0,0.0,0.5,none,True,True
99585,1.0,0.0,0.5,none,True,True
99586,1.0,0.0,0.5,none,True,True
99587,1.0,0.0,0.5,none,True,True
99588,1.0,0.0,0.5,none,True,True
99589,1.0,0.0,0.5,none,True,True
99590,1.0,0.0,0.5,none,True,True
99591,1.0,0.0,0.5,none,True,True
99592,1.0,0.0,0.5,none,True,True
99593,1.0,0.0,0.5,none,True,True
99594,1.0,0.0,0.5,none,True,True
99595,1.0,0.0,0.5,none,True,True
99596,1.0,0.0,0.5,none,True,True
99597,1.0,0.0,0.5,none,True,True
99598,1.0,0.0,0.5,none,True,True
99599,1.0,0.0,0.5,none,True,True
99600,1.0,0.0,0.5,none,True,True
99601,1.0,0.0,0.5,none,True,True
99602,1.0,0.0,0.5,none,True,True
99603,1.0,0.0,0.5,none,True,True
99604,1.0,0.0,0.5,none,True,True
99605,1.0,0.0,0.5,none,True,True
99606,1.0,0.0,0.5,none,True,True
99607,1.0,0.0,0.5,none,True,True
99608,1.0,0.0,0.5,none,True,True
99609,1.0,0.0,0.5,none,True,True
99610,1.0,0.0,0.5,none,True,True
99611,1.0,0.0,0.5,none,True,True
99612,1.0,0.0,0.5,none,True,True
99613,1.0,0.0,0.5,none,True,True
99614,1.0,0.0,0.5,none,True,True
99615,1.0,0.0,0.5,none,True,True
99616,1.0,0.0,0.5,none,True,True
99617,1.0,0.0,0.5,none,True,True
99618,1.0,0.0,0.5,none,True,True
99619,1.0,0.0,0.5,none,True,True
99620,1.0,0.0,0.5,none,True,True
99621,1.0,0.0,0.5,none,True,True
99622,1.0,0.0,0.5,none,True,True
99623,1.0,0.0,0.5,none,True,True
99624,1.0,0.0,0.5,none,True,True
99625,1.0,0.0,0.5,none,True,True
99626,1.0,0.0,0.5,none,True,True
99627,1.0,0.0,0.5,none,True,True
99628,1.0,0.0,0.5,none,True,True
99629,1.0,0.0,0.5,none,True,True
99630,1.0,0.0,0.5,none,True,True
99631,1.0,0.0,0.5,none,True,True
99632,1.0,0.0,0.5,none,True,True
99633,1.0,0.0,0.5,none,True,True
99634,1.0,0.0,0.5,none,True,True
99635,1.0,0.0,0.5,none,True,True
99636,1.0,0.0,0.5,none,True,True
99637,1.0,0.0,0.5,none,True,True
99638,1.0,0.0,0.5,none,True,True
99639,1.0,0.0,0.5,none,True,True
99640,1.0,0.0,0.5,none,True,True
99641,1.0,0.0,0.5,none,True,True
99642,1.0,0.0,0.5,none,True,True
99643,1.0,0.0,0.5,none,True,True
99644,1.0,0.0,0.5,none,True,True
99645,1.0,0.0,0.5,none,True,True
99646,1.0,0.0,0.5,none,True,True
99647,1.0,0.0,0.5,none,True,True
99648,1.0,0.0,0.5,none,True,True
99649,1.0,0.0,0.5,none,True,True
99650,1.0,0.0,0.5,none,True,True
99651,1.0,0.0,0.5,none,True,True
99652,1.0,0.0,0.5,none,True,True
99653,1.0,0.0,0.5,none,True,True
99654,1.0,0.0,0.5,none,True,True
99655,1.0,0.0,0.5,none,True,True
99656,1.0,0.0,0.5,none,True,True
99657,1.0,0.0,0.5,none,True,True
99658,1.0,0.0,0.5,none,True,True
99659,1.0,0.0,0.5,none,True,True
99660,1.0,0.0,0.5,none,True,True
99661,1.0,0.0,0.5,none,True,True
99662,1.0,0.0,0.5,none,True,True
99663,1.0,0.0,0.5,none,True,True
99664,1.0,0.0,0.5,none,True,True
99665,1.0,0.0,0.5,none,True,True
99666,1.0,0.0,0.5,none,True,True
99667,1.0,0.0,0.5,none,True,True
99668,1.0,0.0,0.5,none,True,True
99669,1.0,0.0,0.5,none,True,True
99670,1.0,0.0,0.5,none,True,True
99671,1.0,0.0,0.5,none,True,True
99672,1.0,0.0,0.5,none,True,True
99673,1.0,0.0,0.5,none,True,True
99674,1.0,0.0,0.5,none,True,True
99675,1.0,0.0,0.5,none,True,True
99676,1.0,0.0,0.5,none,True,True
99677,1.0,0.0,0.5,none,True,True
99678,1.0,0.0,0.5,none,True,True
99679,1.0,0.0,0.5,none,True,True
99680,1.0,0.0,0.5,none,True,True
99681,1.0,0.0,0.5,none,True,True
99682,1.0,0.0,0.5,none,True,True
99683,1.0,0.0,0.5,none,True,True
99684,1.0,0.0,0.5,none,True,True
99685,1.0,0.0,0.5,none,True,True
99686,1.0,0.0,0.5,none,True,True
99687,1.0,0.0,0.5,none,True,True
99688,1.0,0.0,0.5,none,True,True
99689,1.0,0.0,0.5,none,True,True
99690,1.0,0.0,0.5,none,True,True
99691,1.0,0.0,0.5,none,True,True
99692,1.0,0.0,0.5,none,True,True
99693,1.0,0.0,0.5,none,True,True
99694,1.0,0.0,0.5,none,True,True
99695,1.0,0.0,0.5,none,True,True
99696,1.0,0.0,0.5,none,True,True
99697,1.0,0.0,0.5,none,True,True
99698,1.0,0.0,0.5,none,True,True
99699,1.0,0.0,0.5,none,True,True
99700,1.0,0.0,0.5,none,True,True
99701,1.0,0.0,0.5,none,True,True
99702,1.0,0.0,0.5,none,True,True
99703,1.0,0.0,0.5,none,True,True
99704,1.0,0.0,0.5,none,True,True
99705,1.0,0.0,0.5,none,True,True
99706,1.0,0.0,0.5,none,True,True
99707,1.0,0.0,0.5,none,True,True
99708,1.0,0.0,0.5,none,True,True
99709,1.0,0.0,0.5,none,True,True
99710,1.0,0.0,0.5,none,True,True
99711,1.0,0.0,0.5,none,True,True
99712,1.0,0.0,0.5,none,True,True
99713,1.0,0.0,0.5,none,True,True
99714,1.0,0.0,0.5,none,True,True
99715,1.0,0.0,0.5,none,True,True
99716,1.0,0.0,0.5,none,True,True
99717,1.0,0.0,0.5,none,True,True
99718,1.0,0.0,0.5,none,True,True
99719,1.0,0.0,0.5,none,True,True
99720,1.0,0.0,0.5,none,True,True
99721,1.0,0.0,0.5,none,True,True
99722,1.0,0.0,0.5,none,True,True
99723,1.0,0.0,0.5,none,True,True
99724,1.0,0.0,0.5,none,True,True
99725,1.0,0.0,0.5,none,True,True
99726,1.0,0.0,0.5,none,True,True
99727,1.0,0.0,0.5,none,True,True
99728,1.0,0.0,0.5,none,True,True
99729,1.0,0.0,0.5,none,True,True
99730,1.0,0.0,0.5,none,True,True
99731,1.0,0.0,0.5,none,True,True
99732,1.0,0.0,0.5,none,True,True
99733,1.0,0.0,0.5,none,True,True
99734,1.0,0.0,0.5,none,True,True
99735,1.0,0.0,0.5,none,True,True
99736,1.0,0.0,0.5,none,True,True
99737,1.0,0.0,0.5,none,True,True
99738,1.0,0.0,0.5,none,True,True
99739,1.0,0.0,0.5,none,True,True
99740,1.0,0.0,0.5,none,True,True
99741,1.0,0.0,0.5,none,True,True
99742,1.0,0.0,0.5,none,True,True
99743,1.0,0.0,0.5,none,True,True
99744,1.0,0.0,0.5,none,True,True
99745,1.0,0.0,0.5,none,True,True
99746,1.0,0.0,0.5,none,True,True
99747,1.0,0.0,0.5,none,True,True
99748,1.0,0.0,0.5,none,True,True
99749,1.0,0.0,0.5,none,True,True
99750,1.0,0.0,0.5,none,True,True
99751,1.0,0.0,0.5,none,True,True
99752,1.0,0.0,0.5,none,True,True
99753,1.0,0.0,0.5,none,True,True
99754,1.0,0.0,0.5,none,True,True
99755,1.0,0.0,0.5,none,True,True
99756,1.0,0.0,0.5,none,True,True
99757,1.0,0.0,0.5,none,True,True
99758,1.0,0.0,0.5,none,True,True
99759,1.0,0.0,0.5,none,True,True
99760,1.0,0.0,0.5,none,True,True
99761,1.0,0.0,0.5,none,True,True
99762,1.0,0.0,0.5,none,True,True
99763,1.0,0.0,0.5,none,True,True
99764,1.0,0.0,0.5,none,True,True
99765,1.0,0.0,0.5,none,True,True
99766,1.0,0.0,0.5,none,True,True
99767,1.0,0.0,0.5,none,True,True
99768,1.0,0.0,0.5,none,True,True
99769,1.0,0.0,0.5,none,True,True
99770,1.0,0.0,0.5,none,True,True
99771,1.0,0.0,0.5,none,True,True
99772,1.0,0.0,0.5,none,True,True
99773,1.0,0.0,0.5,none,True,True
99774,1.0,0.0,0.5,none,True,True
99775,1.0,0.0,0.5,none,True,True
99776,1.0,0.0,0.5,none,True,True
99777,1.0,0.0,0.5,none,True,True
99778,1.0,0.0,0.5,none,True,True
99779,1.0,0.0,0.5,none,True,True
99780,1.0,0.0,0.5,none,True,True
99781,1.0,0.0,0.5,none,True,True
99782,1.0,0.0,0.5,none,True,True
99783,1.0,0.0,0.5,none,True,True
99784,1.0,0.0,0.5,none,True,True
99785,1.0,0.0,0.5,none,True,True
99786,1.0,0.0,0.5,none,True,True
99787,1.0,0.0,0.5,none,True,True
99788,1.0,0.0,0.5,none,True,True
99789,1.0,0.0,0.5,none,True,True
99790,1.0,0.0,0.5,none,True,True
99791,1.0,0.0,0.5,none,True,True
99792,1.0,0.0,0.5,none,True,True
99793,1.0,0.0,0.5,none,True,True
99794,1.0,0.0,0.5,none,True,True
99795,1.0,0.0,0.5,none,True,True
99796,1.0,0.0,0.5,none,True,True
99797,1.0,0.0,0.5,none,True,True
99798,1.0,0.0,0.5,none,True,True
99799,1.0,0.0,0.5,none,True,True
99800,1.0,0.0,0.5,none,True,True
99801,1.0,0.0,0.5,none,True,True
99802,1.0,0.0,0.5,none,True,True
99803,1.0,0.0,0.5,none,True,True
99804,1.0,0.0,0.5,none,True,True
99805,1.0,0.0,0.5,none,True,True
99806,1.0,0.0,0.5,none,True,True
99807,1.0,0.0,0.5,none,True,True
99808,1.0,0.0,0.5,none,True,True
99809,1.0,0.0,0.5,none,True,True
99810,1.0,0.0,0.5,none,True,True
99811,1.0,0.0,0.5,none,True,True
99812,1.0,0.0,0.5,none,True,True
99813,1.0,0.0,0.5,none,True,True
99814,1.0,0.0,0.5,none,True,True
99815,1.0,0.0,0.5,none,True,True
99816,1.0,0.0,0.5,none,True,True
99817,1.0,0.0,0.5,none,True,True
99818,1.0,0.0,0.5,none,True,True
99819,1.0,0.0,0.5,none,True,True
99820,1.0,0.0,0.5,none,True,True
99821,1.0,0.0,0.5,none,True,True
99822,1.0,0.0,0.5,none,True,True
99823,1.0,0.0,0.5,none,True,True
99824,1.0,0.0,0.5,none,True,True
99825,1.0,0.0,0.5,none,True,True
99826,1.0,0.0,0.5,none,True,True
99827,1.0,0.0,0.5,none,True,True
99828,1.0,0.0,0.5,none,True,True
99829,1.0,0.0,0.5,none,True,True
99830,1.0,0.0,0.5,none,True,True
99831,1.0,0.0,0.5,none,True,True
99832,1.0,0.0,0.5,none,True,True
99833,1.0,0.0,0.5,none,True,True
99834,1.0,0.0,0.5,none,True,True
99835,1.0,0.0,0.5,none,True,True
99836,1.0,0.0,0.5,none,True,True
99837,1.0,0.0,0.5,none,True,True
99838,1.0,0.0,0.5,none,True,True
99839,1.0,0.0,0.5,none,True,True
99840,1.0,0.0,0.5,none,True,True
99841,1.0,0.0,0.5,none,True,True
99842,1.0,0.0,0.5,none,True,True
99843,1.0,0.0,0.5,none,True,True
99844,1.0,0.0,0.5,none,True,True
99845,1.0,0.0,0.5,none,True,True
99846,1.0,0.0,0.5,none,True,True
99847,1.0,0.0,0.5,none,True,True
99848,1.0,0.0,0.5,none,True,True
99849,1.0,0.0,0.5,none,True,True
99850,1.0,0.0,0.5,none,True,True
99851,1.0,0.0,0.5,none,True,True
99852,1.0,0.0,0.5,none,True,True
99853,1.0,0.0,0.5,none,True,True
99854,1.0,0.0,0.5,none,True,True
99855,1.0,0.0,0.5,none,True,True
99856,1.0,0.0,0.5,none,True,True
99857,1.0,0.0,0.5,none,True,True
99858,1.0,0.0,0.5,none,True,True
99859,1.0,0.0,0.5,none,True,True
99860,1.0,0.0,0.5,none,True,True
99861,1.0,0.0,0.5,none,True,True
99862,1.0,0.0,0.5,none,True,True
99863,1.0,0.0,0.5,none,True,True
99864,1.0,0.0,0.5,none,True,True
99865,1.0,0.0,0.5,none,True,True
99866,1.0,0.0,0.5,none,True,True
99867,1.0,0.0,0.5,none,True,True
99868,1.0,0.0,0.5,none,True,True
99869,1.0,0.0,0.5,none,True,True
99870,1.0,0.0,0.5,none,True,True
99871,1.0,0.0,0.5,none,True,True
99872,1.0,0.0,0.5,none,True,True
99873,1.0,0.0,0.5,none,True,True
99874,1.0,0.0,0.5,none,True,True
99875,1.0,0.0,0.5,none,True,True
99876,1.0,0.0,0.5,none,True,True
99877,1.0,0.0,0.5,none,True,True
99878,1.0,0.0,0.5,none,True,True
99879,1.0,0.0,0.5,none,True,True
99880,1.0,0.0,0.5,none,True,True
99881,1.0,0.0,0.5,none,True,True
99882,1.0,0.0,0.5,none,True,True
99883,1.0,0.0,0.5,none,True,True
99884,1.0,0.0,0.5,none,True,True
99885,1.0,0.0,0.5,none,True,True
99886,1.0,0.0,0.5,none,True,True
99887,1.0,0.0,0.5,none,True,True
99888,1.0,0.0,0.5,none,True,True
99889,1.0,0.0,0.5,none,True,True
99890,1.0,0.0,0.5,none,True,True
99891,1.0,0.0,0.5,none,True,True
99892,1.0,0.0,0.5,none,True,True
99893,1.0,0.0,0.5,none,True,True
99894,1.0,0.0,0.5,none,True,True
99895,1.0,0.0,0.5,none,True,True
99896,1.0,0.0,0.5,none,True,True
99897,1.0,0.0,0.5,none,True,True
99898,1.0,0.0,0.5,none,True,True
99899,1.0,0.0,0.5,none,True,True
99900,1.0,0.0,0.5,none,True,True
99901,1.0,0.0,0.5,none,True,True
99902,1.0,0.0,0.5,none,True,True
99903,1.0,0.0,0.5,none,True,True
99904,1.0,0.0,0.5,none,True,True
99905,1.0,0.0,0.5,none,True,True
99906,1.0,0.0,0.5,none,True,True
99907,1.0,0.0,0.5,none,True,True
99908,1.0,0.0,0.5,none,True,True
99909,1.0,0.0,0.5,none,True,True
99910,1.0,0.0,0.5,none,True,True
99911,1.0,0.0,0.5,none,True,True
99912,1.0,0.0,0.5,none,True,True
99913,1.0,0.0,0.5,none,True,True
99914,1.0,0.0,0.5,none,True,True
99915,1.0,0.0,0.5,none,True,True
99916,1.0,0.0,0.5,none,True,True
99917,1.0,0.0,0.5,none,True,True
99918,1.0,0.0,0.5,none,True,True
99919,1.0,0.0,0.5,none,True,True
99920,1.0,0.0,0.5,none,True,True
99921,1.0,0.0,0.5,none,True,True
99922,1.0,0.0,0.5,none,True,True
99923,1.0,0.0,0.5,none,True,True
99924,1.0,0.0,0.5,none,True,True
99925,1.0,0.0,0.5,none,True,True
99926,1.0,0.0,0.5,none,True,True
99927,1.0,0.0,0.5,none,True,True
99928,1.0,0.0,0.5,none,True,True
99929,1.0,0.0,0.5,none,True,True
99930,1.0,0.0,0.5,none,True,True
99931,1.0,0.0,0.5,none,True,True
99932,1.0,0.0,0.5,none,True,True
99933,1.0,0.0,0.5,none,True,True
99934,1.0,0.0,0.5,none,True,True
99935,1.0,0.0,0.5,none,True,True
99936,1.0,0.0,0.5,none,True,True
99937,1.0,0.0,0.5,none,True,True
99938,1.0,0.0,0.5,none,True,True
99939,1.0,0.0,0.5,none,True,True
99940,1.0,0.0,0.5,none,True,True
99941,1.0,0.0,0.5,none,True,True
99942,1.0,0.0,0.5,none,True,True
99943,1.0,0.0,0.5,none,True,True
99944,1.0,0.0,0.5,none,True,True
99945,1.0,0.0,0.5,none,True,True
99946,1.0,0.0,0.5,none,True,True
99947,1.0,0.0,0.5,none,True,True
99948,1.0,0.0,0.5,none,True,True
99949,1.0,0.0,0.5,none,True,True
99950,1.0,0.0,0.5,none,True,True
99951,1.0,0.0,0.5,none,True,True
99952,1.0,0.0,0.5,none,True,True
99953,1.0,0.0,0.5,none,True,True
99954,1.0,0.0,0.5,none,True,True
99955,1.0,0.0,0.5,none,True,True
99956,1.0,0.0,0.5,none,True,True
99957,1.0,0.0,0.5,none,True,True
99958,1.0,0.0,0.5,none,True,True
99959,1.0,0.0,0.5,none,True,True
99960,1.0,0.0,0.5,none,True,True
99961,1.0,0.0,0.5,none,True,True
99962,1.0,0.0,0.5,none,True,True
99963,1.0,0.0,0.5,none,True,True
99964,1.0,0.0,0.5,none,True,True
99965,1.0,0.0,0.5,none,True,True
99966,1.0,0.0,0.5,none,True,True
99967,1.0,0.0,0.5,none,True,True
99968,1.0,0.0,0.5,none,True,True
99969,1.0,0.0,0.5,none,True,True
99970,1.0,0.0,0.5,none,True,True
99971,1.0,0.0,0.5,none,True,True
99972,1.0,0.0,0.5,none,True,True
99973,1.0,0.0,0.5,none,True,True
99974,1.0,0.0,0.5,none,True,True
99975,1.0,0.0,0.5,none,True,True
99976,1.0,0.0,0.5,none,True,True
99977,1.0,0.0,0.5,none,True,True
99978,1.0,0.0,0.5,none,True,True
99979,1.0,0.0,0.5,none,True,True
99980,1.0,0.0,0.5,none,True,True
99981,1.0,0.0,0.5,none,True,True
99982,1.0,0.0,0.5,none,True,True
99983,1.0,0.0,0.5,none,True,True
99984,1.0,0.0,0.5,none,True,True
99985,1.0,0.0,0.5,none,True,True
99986,1.0,0.0,0.5,none,True,True
99987,1.0,0.0,0.5,none,True,True
99988,1.0,0.0,0.5,none,True,True
99989,1.0,0.0,0.5,none,True,True
99990,1.0,0.0,0.5,none,True,True
99991,1.0,0.0,0.5,none,True,True
99992,1.0,0.0,0.5,none,True,True
99993,1.0,0.0,0.5,none,True,True
99994,1.0,0.0,0.5,none,True,True
99995,1.0,0.0,0.5,none,True,True
99996,1.0,0.0,0.5,none,True,True
99997,1.0,0.0,0.5,none,True,True
99998,1.0,0.0,0.5,none,True,True
99999,1.0,0.0,0.5,none,True,True
100000,1.0,0.0,0.5,none,True,True
100001,1.0,0.0,0.5,none,True,True
100002,1.0,0.0,0.5,none,True,True
100003,1.0,0.0,0.5,none,True,True
100004,1.0,0.0,0.5,none,True,True
100005,1.0,0.0,0.5,none,True,True
100006,1.0,0.0,0.5,none,True,True
100007,1.0,0.0,0.5,none,True,True
100008,1.0,0.0,0.5,none,True,True
100009,1.0,0.0,0.5,none,True,True
100010,1.0,0.0,0.5,none,True,True
100011,1.0,0.0,0.5,none,True,True
100012,1.0,0.0,0.5,none,True,True
100013,1.0,0.0,0.5,none,True,True
100014,1.0,0.0,0.5,none,True,True
100015,1.0,0.0,0.5,none,True,True
100016,1.0,0.0,0.5,none,True,True
100017,1.0,0.0,0.5,none,True,True
100018,1.0,0.0,0.5,none,True,True
100019,1.0,0.0,0.5,none,True,True
100020,1.0,0.0,0.5,none,True,True
100021,1.0,0.0,0.5,none,True,True
100022,1.0,0.0,0.5,none,True,True
100023,1.0,0.0,0.5,none,True,True
100024,1.0,0.0,0.5,none,True,True
100025,1.0,0.0,0.5,none,True,True
100026,1.0,0.0,0.5,none,True,True
100027,1.0,0.0,0.5,none,True,True
100028,1.0,0.0,0.5,none,True,True
100029,1.0,0.0,0.5,none,True,True
100030,1.0,0.0,0.5,none,True,True
100031,1.0,0.0,0.5,none,True,True
100032,1.0,0.0,0.5,none,True,True
100033,1.0,0.0,0.5,none,True,True
100034,1.0,0.0,0.5,none,True,True
100035,1.0,0.0,0.5,none,True,True
100036,1.0,0.0,0.5,none,True,True
100037,1.0,0.0,0.5,none,True,True
100038,1.0,0.0,0.5,none,True,True
100039,1.0,0.0,0.5,none,True,True
100040,1.0,0.0,0.5,none,True,True
100041,1.0,0.0,0.5,none,True,True
100042,1.0,0.0,0.5,none,True,True
100043,1.0,0.0,0.5,none,True,True
100044,1.0,0.0,0.5,none,True,True
100045,1.0,0.0,0.5,none,True,True
100046,1.0,0.0,0.5,none,True,True
100047,1.0,0.0,0.5,none,True,True
100048,1.0,0.0,0.5,none,True,True
100049,1.0,0.0,0.5,none,True,True
100050,1.0,0.0,0.5,none,True,True
100051,1.0,0.0,0.5,none,True,True
100052,1.0,0.0,0.5,none,True,True
100053,1.0,0.0,0.5,none,True,True
100054,1.0,0.0,0.5,none,True,True
100055,1.0,0.0,0.5,none,True,True
100056,1.0,0.0,0.5,none,True,True
100057,1.0,0.0,0.5,none,True,True
100058,1.0,0.0,0.5,none,True,True
100059,1.0,0.0,0.5,none,True,True
100060,1.0,0.0,0.5,none,True,True
100061,1.0,0.0,0.5,none,True,True
100062,1.0,0.0,0.5,none,True,True
100063,1.0,0.0,0.5,none,True,True
100064,1.0,0.0,0.5,none,True,True
100065,1.0,0.0,0.5,none,True,True
100066,1.0,0.0,0.5,none,True,True
100067,1.0,0.0,0.5,none,True,True
100068,1.0,0.0,0.5,none,True,True
100069,1.0,0.0,0.5,none,True,True
100070,1.0,0.0,0.5,none,True,True
100071,1.0,0.0,0.5,none,True,True
100072,1.0,0.0,0.5,none,True,True
100073,1.0,0.0,0.5,none,True,True
100074,1.0,0.0,0.5,none,True,True
100075,1.0,0.0,0.5,none,True,True
100076,1.0,0.0,0.5,none,True,True
100077,1.0,0.0,0.5,none,True,True
100078,1.0,0.0,0.5,none,True,True
100079,1.0,0.0,0.5,none,True,True
100080,1.0,0.0,0.5,none,True,True
100081,1.0,0.0,0.5,none,True,True
100082,1.0,0.0,0.5,none,True,True
100083,1.0,0.0,0.5,none,True,True
100084,1.0,0.0,0.5,none,True,True
100085,1.0,0.0,0.5,none,True,True
100086,1.0,0.0,0.5,none,True,True
100087,1.0,0.0,0.5,none,True,True
100088,1.0,0.0,0.5,none,True,True
100089,1.0,0.0,0.5,none,True,True
100090,1.0,0.0,0.5,none,True,True
100091,1.0,0.0,0.5,none,True,True
100092,1.0,0.0,0.5,none,True,True
100093,1.0,0.0,0.5,none,True,True
100094,1.0,0.0,0.5,none,True,True
100095,1.0,0.0,0.5,none,True,True
100096,1.0,0.0,0.5,none,True,True
100097,1.0,0.0,0.5,none,True,True
100098,1.0,0.0,0.5,none,True,True
100099,1.0,0.0,0.5,none,True,True
100100,1.0,0.0061,0.5,none,True,True
100101,1.0,0.0357,0.5,none,True,True
100102,1.0,0.0812,0.5,none,True,True
100103,1.0,0.1113,0.5,none,True,True
100104,1.0,0.1253,0.5,none,True,True
100105,1.0,0.1408,0.5,none,True,True
100106,1.0,0.0907,0.5,none,True,True
100107,1.0,0.1198,0.5,none,True,True
100108,1.0,0.0467,0.5,none,True,True
100109,1.0,0.0522,0.5,none,True,True
100110,1.0,0.0405,0.5,none,True,True
100111,1.0,0.0313,0.5,none,True,True
100112,1.0,0.0083,0.5,none,True,True
100113,1.0,0.0726,0.5,none,True,True
100114,1.0,0.0793,0.5,none,True,True
100115,1.0,0.0581,0.5,none,True,True
100116,1.0,0.0955,0.5,none,True,True
100117,1.0,0.0839,0.5,none,True,True
100118,1.0,0.0648,0.5,none,True,True
100119,1.0,0.0718,0.5,none,True,True
100120,1.0,0.0589,0.5,none,True,True
100121,1.0,0.0403,0.5,none,True,True
100122,1.0,0.0327,0.5,none,True,True
100123,1.0,0.0277,0.5,none,True,True
100124,1.0,0.017,0.5,none,True,True
100125,1.0,0.0102,0.5,none,True,True
100126,1.0,0.0099,0.5,none,True,True
100127,1.0,0.008,0.5,none,True,True
100128,1.0,0.005,0.5,none,True,True
100129,1.0,0.0063,0.5,none,True,True
100130,1.0,0.009,0.5,none,True,True
100131,1.0,0.0096,0.5,none,True,True
100132,1.0,0.0108,0.5,none,True,True
100133,1.0,0.014,0.5,none,True,True
100134,1.0,0.0161,0.5,none,True,True
100135,1.0,0.0167,0.5,none,True,True
100136,1.0,0.0182,0.5,none,True,True
100137,1.0,0.0196,0.5,none,True,True
100138,1.0,0.0197,0.5,none,True,True
100139,1.0,0.0193,0.5,none,True,True
100140,1.0,0.0193,0.5,none,True,True
100141,1.0,0.0187,0.5,none,True,True
100142,1.0,0.0174,0.5,none,True,True
100143,1.0,0.0163,0.5,none,True,True
100144,1.0,0.0152,0.5,none,True,True
100145,1.0,0.0138,0.5,none,True,True
100146,1.0,0.0123,0.5,none,True,True
100147,1.0,0.0111,0.5,none,True,True
100148,1.0,0.01,0.5,none,True,True
100149,1.0,0.0088,0.5,none,True,True
100150,1.0,0.0078,0.5,none,True,True
100151,1.0,0.0071,0.5,none,True,True
100152,1.0,0.0064,0.5,none,True,True
100153,1.0,0.0057,0.5,none,True,True
100154,1.0,0.0053,0.5,none,True,True
100155,1.0,0.005,0.5,none,True,True
100156,1.0,0.0047,0.5,none,True,True
100157,1.0,0.0045,0.5,none,True,True
100158,1.0,0.0044,0.5,none,True,True
100159,1.0,0.0043,0.5,none,True,True
100160,1.0,0.0042,0.5,none,True,True
100161,1.0,0.0041,0.5,none,True,True
100162,1.0,0.004,0.5,none,True,True
100163,1.0,0.0039,0.5,none,True,True
100164,1.0,0.0038,0.5,none,True,True
100165,1.0,0.0037,0.5,none,True,True
100166,1.0,0.0035,0.5,none,True,True
100167,1.0,0.0033,0.5,none,True,True
100168,1.0,0.0032,0.5,none,True,True
100169,1.0,0.003,0.5,none,True,True
100170,1.0,0.0028,0.5,none,True,True
100171,1.0,0.0026,0.5,none,True,True
100172,1.0,0.0024,0.5,none,True,True
100173,1.0,0.0023,0.5,none,True,True
100174,1.0,0.0021,0.5,none,True,True
100175,1.0,0.0019,0.5,none,True,True
100176,1.0,0.0018,0.5,none,True,True
100177,1.0,0.0017,0.5,none,True,True
100178,1.0,0.0015,0.5,none,True,True
100179,1.0,0.0014,0.5,none,True,True
100180,1.0,0.0013,0.5,none,True,True
100181,1.0,0.0013,0.5,none,True,True
100182,1.0,0.0012,0.5,none,True,True
100183,1.0,0.0011,0.5,none,True,True
100184,1.0,0.0011,0.5,none,True,True
100185,1.0,0.001,0.5,none,True,True
100186,1.0,0.001,0.5,none,True,True
100187,1.0,0.0009,0.5,none,True,True
100188,1.0,0.0009,0.5,none,True,True
100189,1.0,0.0008,0.5,none,True,True
100190,1.0,0.0008,0.5,none,True,True
100191,1.0,0.0008,0.5,none,True,True
100192,1.0,0.0007,0.5,none,True,True
100193,1.0,0.0007,0.5,none,True,True
100194,1.0,0.0006,0.5,none,True,True
100195,1.0,0.0006,0.5,none,True,True
100196,1.0,0.0006,0.5,none,True,True
100197,1.0,0.0005,0.5,none,True,True
100198,1.0,0.0005,0.5,none,True,True
100199,1.0,0.0005,0.5,none,True,True
100200,1.0,0.0004,0.5,none,True,True
100201,1.0,0.0004,0.5,none,True,True
100202,1.0,0.0004,0.5,none,True,True
100203,1.0,0.0004,0.5,none,True,True
100204,1.0,0.0003,0.5,none,True,True
100205,1.0,0.0003,0.5,none,True,True
100206,1.0,0.0003,0.5,none,True,True
100207,1.0,0.0003,0.5,none,True,True
100208,1.0,0.0003,0.5,none,True,True
100209,1.0,0.0003,0.5,none,True,True
100210,1.0,0.0002,0.5,none,True,True
100211,1.0,0.0002,0.5,none,True,True
100212,1.0,0.0002,0.5,none,True,True
100213,1.0,0.0002,0.5,none,True,True
100214,1.0,0.0002,0.5,none,True,True
100215,1.0,0.0002,0.5,none,True,True
100216,1.0,0.0002,0.5,none,True,True
100217,1.0,0.0002,0.5,none,True,True
100218,1.0,0.0002,0.5,none,True,True
100219,1.0,0.0001,0.5,none,True,True
100220,1.0,0.0001,0.5,none,True,True
100221,1.0,0.0001,0.5,none,True,True
100222,1.0,0.0001,0.5,none,True,True
100223,1.0,0.0001,0.5,none,True,True
100224,1.0,0.0001,0.5,none,True,True
100225,1.0,0.0001,0.5,none,True,True
100226,1.0,0.0001,0.5,none,True,True
100227,1.0,0.0001,0.5,none,True,True
100228,1.0,0.0001,0.5,none,True,True
100229,1.0,0.0001,0.5,none,True,True
100230,1.0,0.0001,0.5,none,True,True
100231,1.0,0.0001,0.5,none,True,True
100232,1.0,0.0001,0.5,none,True,True
100233,1.0,0.0001,0.5,none,True,True
100234,1.0,0.0001,0.5,none,True,True
100235,1.0,0.0001,0.5,none,True,True
100236,1.0,0.0001,0.5,none,True,True
100237,1.0,0.0,0.5,none,True,True
100238,1.0,0.0,0.5,none,True,True
100239,1.0,0.0,0.5,none,True,True
100240,1.0,0.0,0.5,none,True,True
100241,1.0,0.0,0.5,none,True,True
100242,1.0,0.0,0.5,none,True,True
100243,1.0,0.0,0.5,none,True,True
100244,1.0,0.0,0.5,none,True,True
100245,1.0,0.0,0.5,none,True,True
100246,1.0,0.0,0.5,none,True,True
100247,1.0,0.0,0.5,none,True,True
100248,1.0,0.0,0.5,none,True,True
100249,1.0,0.0,0.5,none,True,True
100250,1.0,0.0,0.5,none,True,True
100251,1.0,0.0,0.5,none,True,True
100252,1.0,0.0,0.5,none,True,True
100253,1.0,0.0,0.5,none,True,True
100254,1.0,0.0,0.5,none,True,True
100255,1.0,0.0,0.5,none,True,True
100256,1.0,0.0,0.5,none,True,True
100257,1.0,0.0,0.5,none,True,True
100258,1.0,0.0,0.5,none,True,True
100259,1.0,0.0,0.5,none,True,True
100260,1.0,0.0,0.5,none,True,True
100261,1.0,0.0,0.5,none,True,True
100262,1.0,0.0,0.5,none,True,True
100263,1.0,0.0,0.5,none,True,True
100264,1.0,0.0,0.5,none,True,True
100265,1.0,0.0,0.5,none,True,True
100266,1.0,0.0,0.5,none,True,True
100267,1.0,0.0,0.5,none,True,True
100268,1.0,0.0,0.5,none,True,True
100269,1.0,0.0,0.5,none,True,True
100270,1.0,0.0,0.5,none,True,True
100271,1.0,0.0,0.5,none,True,True
100272,1.0,0.0,0.5,none,True,True
100273,1.0,0.0,0.5,none,True,True
100274,1.0,0.0,0.5,none,True,True
100275,1.0,0.0,0.5,none,True,True
100276,1.0,0.0,0.5,none,True,True
100277,1.0,0.0,0.5,none,True,True
100278,1.0,0.0,0.5,none,True,True
100279,1.0,0.0,0.5,none,True,True
100280,1.0,0.0,0.5,none,True,True
100281,1.0,0.0,0.5,none,True,True
100282,1.0,0.0,0.5,none,True,True
100283,1.0,0.0,0.5,none,True,True
100284,1.0,0.0,0.5,none,True,True
100285,1.0,0.0,0.5,none,True,True
100286,1.0,0.0,0.5,none,True,True
100287,1.0,0.0,0.5,none,True,True
100288,1.0,0.0,0.5,none,True,True
100289,1.0,0.0,0.5,none,True,True
100290,1.0,0.0,0.5,none,True,True
100291,1.0,0.0,0.5,none,True,True
100292,1.0,0.0,0.5,none,True,True
100293,1.0,0.0,0.5,none,True,True
100294,1.0,0.0,0.5,none,True,True
100295,1.0,0.0,0.5,none,True,True
100296,1.0,0.0,0.5,none,True,True
100297,1.0,0.0,0.5,none,True,True
100298,1.0,0.0,0.5,none,True,True
100299,1.0,0.0,0.5,none,True,True
100300,1.0,0.0,0.5,none,True,True
100301,1.0,0.0,0.5,none,True,True
100302,1.0,0.0,0.5,none,True,True
100303,1.0,0.0,0.5,none,True,True
100304,1.0,0.0,0.5,none,True,True
100305,1.0,0.0,0.5,none,True,True
100306,1.0,0.0,0.5,none,True,True
100307,1.0,0.0,0.5,none,True,True
100308,1.0,0.0,0.5,none,True,True
100309,1.0,0.0,0.5,none,True,True
100310,1.0,0.0,0.5,none,True,True
100311,1.0,0.0,0.5,none,True,True
100312,1.0,0.0,0.5,none,True,True
100313,1.0,0.0,0.5,none,True,True
100314,1.0,0.0,0.5,none,True,True
100315,1.0,0.0,0.5,none,True,True
100316,1.0,0.0,0.5,none,True,True
100317,1.0,0.0,0.5,none,True,True
100318,1.0,0.0,0.5,none,True,True
100319,1.0,0.0,0.5,none,True,True
100320,1.0,0.0,0.5,none,True,True
100321,1.0,0.0,0.5,none,True,True
100322,1.0,0.0,0.5,none,True,True
100323,1.0,0.0,0.5,none,True,True
100324,1.0,0.0,0.5,none,True,True
100325,1.0,0.0,0.5,none,True,True
100326,1.0,0.0,0.5,none,True,True
100327,1.0,0.0,0.5,none,True,True
100328,1.0,0.0,0.5,none,True,True
100329,1.0,0.0,0.5,none,True,True
100330,1.0,0.0,0.5,none,True,True
100331,1.0,0.0,0.5,none,True,True
100332,1.0,0.0,0.5,none,True,True
100333,1.0,0.0,0.5,none,True,True
100334,1.0,0.0,0.5,none,True,True
100335,1.0,0.0,0.5,none,True,True
100336,1.0,0.0,0.5,none,True,True
100337,1.0,0.0,0.5,none,True,True
100338,1.0,0.0,0.5,none,True,True
100339,1.0,0.0,0.5,none,True,True
100340,1.0,0.0,0.5,none,True,True
100341,1.0,0.0,0.5,none,True,True
100342,1.0,0.0,0.5,none,True,True
100343,1.0,0.0,0.5,none,True,True
100344,1.0,0.0,0.5,none,True,True
100345,1.0,0.0,0.5,none,True,True
100346,1.0,0.0,0.5,none,True,True
100347,1.0,0.0,0.5,none,True,True
100348,1.0,0.0,0.5,none,True,True
100349,1.0,0.0,0.5,none,True,True
100350,1.0,0.0,0.5,none,True,True
100351,1.0,0.0,0.5,none,True,True
100352,1.0,0.0,0.5,none,True,True
100353,1.0,0.0,0.5,none,True,True
100354,1.0,0.0,0.5,none,True,True
100355,1.0,0.0,0.5,none,True,True
100356,1.0,0.0,0.5,none,True,True
100357,1.0,0.0,0.5,none,True,True
100358,1.0,0.0,0.5,none,True,True
100359,1.0,0.0,0.5,none,True,True
100360,1.0,0.0,0.5,none,True,True
100361,1.0,0.0,0.5,none,True,True
100362,1.0,0.0,0.5,none,True,True
100363,1.0,0.0,0.5,none,True,True
100364,1.0,0.0,0.5,none,True,True
100365,1.0,0.0,0.5,none,True,True
100366,1.0,0.0,0.5,none,True,True
100367,1.0,0.0,0.5,none,True,True
100368,1.0,0.0,0.5,none,True,True
100369,1.0,0.0,0.5,none,True,True
100370,1.0,0.0,0.5,none,True,True
100371,1.0,0.0,0.5,none,True,True
100372,1.0,0.0,0.5,none,True,True
100373,1.0,0.0,0.5,none,True,True
100374,1.0,0.0,0.5,none,True,True
100375,1.0,0.0,0.5,none,True,True
100376,1.0,0.0,0.5,none,True,True
100377,1.0,0.0,0.5,none,True,True
100378,1.0,0.0,0.5,none,True,True
100379,1.0,0.0,0.5,none,True,True
100380,1.0,0.0,0.5,none,True,True
100381,1.0,0.0,0.5,none,True,True
100382,1.0,0.0,0.5,none,True,True
100383,1.0,0.0,0.5,none,True,True
100384,1.0,0.0,0.5,none,True,True
100385,1.0,0.0,0.5,none,True,True
100386,1.0,0.0,0.5,none,True,True
100387,1.0,0.0,0.5,none,True,True
100388,1.0,0.0,0.5,none,True,True
100389,1.0,0.0,0.5,none,True,True
100390,1.0,0.0,0.5,none,True,True
100391,1.0,0.0,0.5,none,True,True
100392,1.0,0.0,0.5,none,True,True
100393,1.0,0.0,0.5,none,True,True
100394,1.0,0.0,0.5,none,True,True
100395,1.0,0.0,0.5,none,True,True
100396,1.0,0.0,0.5,none,True,True
100397,1.0,0.0,0.5,none,True,True
100398,1.0,0.0,0.5,none,True,True
100399,1.0,0.0,0.5,none,True,True
100400,1.0,0.0,0.5,none,True,True
100401,1.0,0.0,0.5,none,True,True
100402,1.0,0.0,0.5,none,True,True
100403,1.0,0.0,0.5,none,True,True
100404,1.0,0.0,0.5,none,True,True
100405,1.0,0.0,0.5,none,True,True
100406,1.0,0.0,0.5,none,True,True
100407,1.0,0.0,0.5,none,True,True
100408,1.0,0.0,0.5,none,True,True
100409,1.0,0.0,0.5,none,True,True
100410,1.0,0.0,0.5,none,True,True
100411,1.0,0.0,0.5,none,True,True
100412,1.0,0.0,0.5,none,True,True
100413,1.0,0.0,0.5,none,True,True
100414,1.0,0.0,0.5,none,True,True
100415,1.0,0.0,0.5,none,True,True
100416,1.0,0.0,0.5,none,True,True
100417,1.0,0.0,0.5,none,True,True
100418,1.0,0.0,0.5,none,True,True
100419,1.0,0.0,0.5,none,True,True
100420,1.0,0.0,0.5,none,True,True
100421,1.0,0.0,0.5,none,True,True
100422,1.0,0.0,0.5,none,True,True
100423,1.0,0.0,0.5,none,True,True
100424,1.0,0.0,0.5,none,True,True
100425,1.0,0.0,0.5,none,True,True
100426,1.0,0.0,0.5,none,True,True
100427,1.0,0.0,0.5,none,True,True
100428,1.0,0.0,0.5,none,True,True
100429,1.0,0.0,0.5,none,True,True
100430,1.0,0.0,0.5,none,True,True
100431,1.0,0.0,0.5,none,True,True
100432,1.0,0.0,0.5,none,True,True
100433,1.0,0.0,0.5,none,True,True
100434,1.0,0.0,0.5,none,True,True
100435,1.0,0.0,0.5,none,True,True
100436,1.0,0.0,0.5,none,True,True
100437,1.0,0.0,0.5,none,True,True
100438,1.0,0.0,0.5,none,True,True
100439,1.0,0.0,0.5,none,True,True
100440,1.0,0.0,0.5,none,True,True
100441,1.0,0.0,0.5,none,True,True
100442,1.0,0.0,0.5,none,True,True
100443,1.0,0.0,0.5,none,True,True
100444,1.0,0.0,0.5,none,True,True
100445,1.0,0.0,0.5,none,True,True
100446,1.0,0.0,0.5,none,True,True
100447,1.0,0.0,0.5,none,True,True
100448,1.0,0.0,0.5,none,True,True
100449,1.0,0.0,0.5,none,True,True
100450,1.0,0.0,0.5,none,True,True
100451,1.0,0.0,0.5,none,True,True
100452,1.0,0.0,0.5,none,True,True
100453,1.0,0.0,0.5,none,True,True
100454,1.0,0.0,0.5,none,True,True
100455,1.0,0.0,0.5,none,True,True
100456,1.0,0.0,0.5,none,True,True
100457,1.0,0.0,0.5,none,True,True
100458,1.0,0.0,0.5,none,True,True
100459,1.0,0.0,0.5,none,True,True
100460,1.0,0.0,0.5,none,True,True
100461,1.0,0.0,0.5,none,True,True
100462,1.0,0.0,0.5,none,True,True
100463,1.0,0.0,0.5,none,True,True
100464,1.0,0.0,0.5,none,True,True
100465,1.0,0.0,0.5,none,True,True
100466,1.0,0.0,0.5,none,True,True
100467,1.0,0.0,0.5,none,True,True
100468,1.0,0.0,0.5,none,True,True
100469,1.0,0.0,0.5,none,True,True
100470,1.0,0.0,0.5,none,True,True
100471,1.0,0.0,0.5,none,True,True
100472,1.0,0.0,0.5,none,True,True
100473,1.0,0.0,0.5,none,True,True
100474,1.0,0.0,0.5,none,True,True
100475,1.0,0.0,0.5,none,True,True
100476,1.0,0.0,0.5,none,True,True
100477,1.0,0.0,0.5,none,True,True
100478,1.0,0.0,0.5,none,True,True
100479,1.0,0.0,0.5,none,True,True
100480,1.0,0.0,0.5,none,True,True
100481,1.0,0.0,0.5,none,True,True
100482,1.0,0.0,0.5,none,True,True
100483,1.0,0.0,0.5,none,True,True
100484,1.0,0.0,0.5,none,True,True
100485,1.0,0.0,0.5,none,True,True
100486,1.0,0.0,0.5,none,True,True
100487,1.0,0.0,0.5,none,True,True
100488,1.0,0.0,0.5,none,True,True
100489,1.0,0.0,0.5,none,True,True
100490,1.0,0.0,0.5,none,True,True
100491,1.0,0.0,0.5,none,True,True
100492,1.0,0.0,0.5,none,True,True
100493,1.0,0.0,0.5,none,True,True
100494,1.0,0.0,0.5,none,True,True
100495,1.0,0.0,0.5,none,True,True
100496,1.0,0.0,0.5,none,True,True
100497,1.0,0.0,0.5,none,True,True
100498,1.0,0.0,0.5,none,True,True
100499,1.0,0.0,0.5,none,True,True
100500,1.0,0.0,0.5,none,True,True
100501,1.0,0.0,0.5,none,True,True
100502,1.0,0.0,0.5,none,True,True
100503,1.0,0.0,0.5,none,True,True
100504,1.0,0.0,0.5,none,True,True
100505,1.0,0.0,0.5,none,True,True
100506,1.0,0.0,0.5,none,True,True
100507,1.0,0.0,0.5,none,True,True
100508,1.0,0.0,0.5,none,True,True
100509,1.0,0.0,0.5,none,True,True
100510,1.0,0.0,0.5,none,True,True
100511,1.0,0.0,0.5,none,True,True
100512,1.0,0.0,0.5,none,True,True
100513,1.0,0.0,0.5,none,True,True
100514,1.0,0.0,0.5,none,True,True
100515,1.0,0.0,0.5,none,True,True
100516,1.0,0.0,0.5,none,True,True
100517,1.0,0.0,0.5,none,True,True
100518,1.0,0.0,0.5,none,True,True
100519,1.0,0.0,0.5,none,True,True
100520,1.0,0.0,0.5,none,True,True
100521,1.0,0.0,0.5,none,True,True
100522,1.0,0.0,0.5,none,True,True
100523,1.0,0.0,0.5,none,True,True
100524,1.0,0.0,0.5,none,True,True
100525,1.0,0.0,0.5,none,True,True
100526,1.0,0.0,0.5,none,True,True
100527,1.0,0.0,0.5,none,True,True
100528,1.0,0.0,0.5,none,True,True
100529,1.0,0.0,0.5,none,True,True
100530,1.0,0.0,0.5,none,True,True
100531,1.0,0.0,0.5,none,True,True
100532,1.0,0.0,0.5,none,True,True
100533,1.0,0.0,0.5,none,True,True
100534,1.0,0.0,0.5,none,True,True
100535,1.0,0.0,0.5,none,True,True
100536,1.0,0.0,0.5,none,True,True
100537,1.0,0.0,0.5,none,True,True
100538,1.0,0.0,0.5,none,True,True
100539,1.0,0.0,0.5,none,True,True
100540,1.0,0.0,0.5,none,True,True
100541,1.0,0.0,0.5,none,True,True
100542,1.0,0.0,0.5,none,True,True
100543,1.0,0.0,0.5,none,True,True
100544,1.0,0.0,0.5,none,True,True
100545,1.0,0.0,0.5,none,True,True
100546,1.0,0.0,0.5,none,True,True
100547,1.0,0.0,0.5,none,True,True
100548,1.0,0.0,0.5,none,True,True
100549,1.0,0.0,0.5,none,True,True
100550,1.0,0.0,0.5,none,True,True
100551,1.0,0.0,0.5,none,True,True
100552,1.0,0.0,0.5,none,True,True
100553,1.0,0.0,0.5,none,True,True
100554,1.0,0.0,0.5,none,True,True
100555,1.0,0.0,0.5,none,True,True
100556,1.0,0.0,0.5,none,True,True
100557,1.0,0.0,0.5,none,True,True
100558,1.0,0.0,0.5,none,True,True
100559,1.0,0.0,0.5,none,True,True
100560,1.0,0.0,0.5,none,True,True
100561,1.0,0.0,0.5,none,True,True
100562,1.0,0.0,0.5,none,True,True
100563,1.0,0.0,0.5,none,True,True
100564,1.0,0.0,0.5,none,True,True
100565,1.0,0.0,0.5,none,True,True
100566,1.0,0.0,0.5,none,True,True
100567,1.0,0.0,0.5,none,True,True
100568,1.0,0.0,0.5,none,True,True
100569,1.0,0.0,0.5,none,True,True
100570,1.0,0.0,0.5,none,True,True
100571,1.0,0.0,0.5,none,True,True
100572,1.0,0.0,0.5,none,True,True
100573,1.0,0.0,0.5,none,True,True
100574,1.0,0.0,0.5,none,True,True
100575,1.0,0.0,0.5,none,True,True
100576,1.0,0.0,0.5,none,True,True
100577,1.0,0.0,0.5,none,True,True
100578,1.0,0.0,0.5,none,True,True
100579,1.0,0.0,0.5,none,True,True
100580,1.0,0.0,0.5,none,True,True
100581,1.0,0.0,0.5,none,True,True
100582,1.0,0.0,0.5,none,True,True
100583,1.0,0.0,0.5,none,True,True
100584,1.0,0.0,0.5,none,True,True
100585,1.0,0.0,0.5,none,True,True
100586,1.0,0.0,0.5,none,True,True
100587,1.0,0.0,0.5,none,True,True
100588,1.0,0.0,0.5,none,True,True
100589,1.0,0.0,0.5,none,True,True
100590,1.0,0.0,0.5,none,True,True
100591,1.0,0.0,0.5,none,True,True
100592,1.0,0.0,0.5,none,True,True
100593,1.0,0.0,0.5,none,True,True
100594,1.0,0.0,0.5,none,True,True
100595,1.0,0.0,0.5,none,True,True
100596,1.0,0.0,0.5,none,True,True
100597,1.0,0.0,0.5,none,True,True
100598,1.0,0.0,0.5,none,True,True
100599,1.0,0.0,0.5,none,True,True
100600,1.0,0.0,0.5,none,True,True
100601,1.0,0.0,0.5,none,True,True
100602,1.0,0.0,0.5,none,True,True
100603,1.0,0.0,0.5,none,True,True
100604,1.0,0.0,0.5,none,True,True
100605,1.0,0.0,0.5,none,True,True
100606,1.0,0.0,0.5,none,True,True
100607,1.0,0.0,0.5,none,True,True
100608,1.0,0.0,0.5,none,True,True
100609,1.0,0.0,0.5,none,True,True
100610,1.0,0.0,0.5,none,True,True
100611,1.0,0.0,0.5,none,True,True
100612,1.0,0.0,0.5,none,True,True
100613,1.0,0.0,0.5,none,True,True
100614,1.0,0.0,0.5,none,True,True
100615,1.0,0.0,0.5,none,True,True
100616,1.0,0.0,0.5,none,True,True
100617,1.0,0.0,0.5,none,True,True
100618,1.0,0.0,0.5,none,True,True
100619,1.0,0.0,0.5,none,True,True
100620,1.0,0.0,0.5,none,True,True
100621,1.0,0.0,0.5,none,True,True
100622,1.0,0.0,0.5,none,True,True
100623,1.0,0.0,0.5,none,True,True
100624,1.0,0.0,0.5,none,True,True
100625,1.0,0.0,0.5,none,True,True
100626,1.0,0.0,0.5,none,True,True
100627,1.0,0.0,0.5,none,True,True
100628,1.0,0.0,0.5,none,True,True
100629,1.0,0.0,0.5,none,True,True
100630,1.0,0.0,0.5,none,True,True
100631,1.0,0.0,0.5,none,True,True
100632,1.0,0.0,0.5,none,True,True
100633,1.0,0.0,0.5,none,True,True
100634,1.0,0.0,0.5,none,True,True
100635,1.0,0.0,0.5,none,True,True
100636,1.0,0.0,0.5,none,True,True
100637,1.0,0.0,0.5,none,True,True
100638,1.0,0.0,0.5,none,True,True
100639,1.0,0.0,0.5,none,True,True
100640,1.0,0.0,0.5,none,True,True
100641,1.0,0.0,0.5,none,True,True
100642,1.0,0.0,0.5,none,True,True
100643,1.0,0.0,0.5,none,True,True
100644,1.0,0.0,0.5,none,True,True
100645,1.0,0.0,0.5,none,True,True
100646,1.0,0.0,0.5,none,True,True
100647,1.0,0.0,0.5,none,True,True
100648,1.0,0.0,0.5,none,True,True
100649,1.0,0.0,0.5,none,True,True
100650,1.0,0.0,0.5,none,True,True
100651,1.0,0.0,0.5,none,True,True
100652,1.0,0.0,0.5,none,True,True
100653,1.0,0.0,0.5,none,True,True
100654,1.0,0.0,0.5,none,True,True
100655,1.0,0.0,0.5,none,True,True
100656,1.0,0.0,0.5,none,True,True
100657,1.0,0.0,0.5,none,True,True
100658,1.0,0.0,0.5,none,True,True
100659,1.0,0.0,0.5,none,True,True
100660,1.0,0.0,0.5,none,True,True
100661,1.0,0.0,0.5,none,True,True
100662,1.0,0.0,0.5,none,True,True
100663,1.0,0.0,0.5,none,True,True
100664,1.0,0.0,0.5,none,True,True
100665,1.0,0.0,0.5,none,True,True
100666,1.0,0.0,0.5,none,True,True
100667,1.0,0.0,0.5,none,True,True
100668,1.0,0.0,0.5,none,True,True
100669,1.0,0.0,0.5,none,True,True
100670,1.0,0.0,0.5,none,True,True
100671,1.0,0.0,0.5,none,True,True
100672,1.0,0.0,0.5,none,True,True
100673,1.0,0.0,0.5,none,True,True
100674,1.0,0.0,0.5,none,True,True
100675,1.0,0.0,0.5,none,True,True
100676,1.0,0.0,0.5,none,True,True
100677,1.0,0.0,0.5,none,True,True
100678,1.0,0.0,0.5,none,True,True
100679,1.0,0.0,0.5,none,True,True
100680,1.0,0.0,0.5,none,True,True
100681,1.0,0.0,0.5,none,True,True
100682,1.0,0.0,0.5,none,True,True
100683,1.0,0.0,0.5,none,True,True
100684,1.0,0.0,0.5,none,True,True
100685,1.0,0.0,0.5,none,True,True
100686,1.0,0.0,0.5,none,True,True
100687,1.0,0.0,0.5,none,True,True
100688,1.0,0.0,0.5,none,True,True
100689,1.0,0.0,0.5,none,True,True
100690,1.0,0.0,0.5,none,True,True
100691,1.0,0.0,0.5,none,True,True
100692,1.0,0.0,0.5,none,True,True
100693,1.0,0.0,0.5,none,True,True
100694,1.0,0.0,0.5,none,True,True
100695,1.0,0.0,0.5,none,True,True
100696,1.0,0.0,0.5,none,True,True
100697,1.0,0.0,0.5,none,True,True
100698,1.0,0.0,0.5,none,True,True
100699,1.0,0.0,0.5,none,True,True
100700,1.0,0.0,0.5,none,True,True
100701,1.0,0.0,0.5,none,True,True
100702,1.0,0.0,0.5,none,True,True
100703,1.0,0.0,0.5,none,True,True
100704,1.0,0.0,0.5,none,True,True
100705,1.0,0.0,0.5,none,True,True
100706,1.0,0.0,0.5,none,True,True
100707,1.0,0.0,0.5,none,True,True
100708,1.0,0.0,0.5,none,True,True
100709,1.0,0.0,0.5,none,True,True
100710,1.0,0.0,0.5,none,True,True
100711,1.0,0.0,0.5,none,True,True
100712,1.0,0.0,0.5,none,True,True
100713,1.0,0.0,0.5,none,True,True
100714,1.0,0.0,0.5,none,True,True
100715,1.0,0.0,0.5,none,True,True
100716,1.0,0.0,0.5,none,True,True
100717,1.0,0.0,0.5,none,True,True
100718,1.0,0.0,0.5,none,True,True
100719,1.0,0.0,0.5,none,True,True
100720,1.0,0.0,0.5,none,True,True
100721,1.0,0.0,0.5,none,True,True
100722,1.0,0.0,0.5,none,True,True
100723,1.0,0.0,0.5,none,True,True
100724,1.0,0.0,0.5,none,True,True
100725,1.0,0.0,0.5,none,True,True
100726,1.0,0.0,0.5,none,True,True
100727,1.0,0.0,0.5,none,True,True
100728,1.0,0.0,0.5,none,True,True
100729,1.0,0.0,0.5,none,True,True
100730,1.0,0.0,0.5,none,True,True
100731,1.0,0.0,0.5,none,True,True
100732,1.0,0.0,0.5,none,True,True
100733,1.0,0.0,0.5,none,True,True
100734,1.0,0.0,0.5,none,True,True
100735,1.0,0.0,0.5,none,True,True
100736,1.0,0.0,0.5,none,True,True
100737,1.0,0.0,0.5,none,True,True
100738,1.0,0.0,0.5,none,True,True
100739,1.0,0.0,0.5,none,True,True
100740,1.0,0.0,0.5,none,True,True
100741,1.0,0.0,0.5,none,True,True
100742,1.0,0.0,0.5,none,True,True
100743,1.0,0.0,0.5,none,True,True
100744,1.0,0.0,0.5,none,True,True
100745,1.0,0.0,0.5,none,True,True
100746,1.0,0.0,0.5,none,True,True
100747,1.0,0.0,0.5,none,True,True
100748,1.0,0.0,0.5,none,True,True
100749,1.0,0.0,0.5,none,True,True
100750,1.0,0.0,0.5,none,True,True
100751,1.0,0.0,0.5,none,True,True
100752,1.0,0.0,0.5,none,True,True
100753,1.0,0.0,0.5,none,True,True
100754,1.0,0.0,0.5,none,True,True
100755,1.0,0.0,0.5,none,True,True
100756,1.0,0.0,0.5,none,True,True
100757,1.0,0.0,0.5,none,True,True
100758,1.0,0.0,0.5,none,True,True
100759,1.0,0.0,0.5,none,True,True
100760,1.0,0.0,0.5,none,True,True
100761,1.0,0.0,0.5,none,True,True
100762,1.0,0.0,0.5,none,True,True
100763,1.0,0.0,0.5,none,True,True
100764,1.0,0.0,0.5,none,True,True
100765,1.0,0.0,0.5,none,True,True
100766,1.0,0.0,0.5,none,True,True
100767,1.0,0.0,0.5,none,True,True
100768,1.0,0.0,0.5,none,True,True
100769,1.0,0.0,0.5,none,True,True
100770,1.0,0.0,0.5,none,True,True
100771,1.0,0.0,0.5,none,True,True
100772,1.0,0.0,0.5,none,True,True
100773,1.0,0.0,0.5,none,True,True
100774,1.0,0.0,0.5,none,True,True
100775,1.0,0.0,0.5,none,True,True
100776,1.0,0.0,0.5,none,True,True
100777,1.0,0.0,0.5,none,True,True
100778,1.0,0.0,0.5,none,True,True
100779,1.0,0.0,0.5,none,True,True
100780,1.0,0.0,0.5,none,True,True
100781,1.0,0.0,0.5,none,True,True
100782,1.0,0.0,0.5,none,True,True
100783,1.0,0.0,0.5,none,True,True
100784,1.0,0.0,0.5,none,True,True
100785,1.0,0.0,0.5,none,True,True
100786,1.0,0.0,0.5,none,True,True
100787,1.0,0.0,0.5,none,True,True
100788,1.0,0.0,0.5,none,True,True
100789,1.0,0.0,0.5,none,True,True
100790,1.0,0.0,0.5,none,True,True
100791,1.0,0.0,0.5,none,True,True
100792,1.0,0.0,0.5,none,True,True
100793,1.0,0.0,0.5,none,True,True
100794,1.0,0.0,0.5,none,True,True
100795,1.0,0.0,0.5,none,True,True
100796,1.0,0.0,0.5,none,True,True
100797,1.0,0.0,0.5,none,True,True
100798,1.0,0.0,0.5,none,True,True
100799,1.0,0.0,0.5,none,True,True
100800,1.0,0.0061,0.5,none,True,True
100801,1.0,0.0357,0.5,none,True,True
100802,1.0,0.0812,0.5,none,True,True
100803,1.0,0.1113,0.5,none,True,True
100804,1.0,0.1253,0.5,none,True,True
100805,1.0,0.1408,0.5,none,True,True
100806,1.0,0.0907,0.5,none,True,True
100807,1.0,0.1198,0.5,none,True,True
100808,1.0,0.0467,0.5,none,True,True
100809,1.0,0.0522,0.5,none,True,True
100810,1.0,0.0405,0.5,none,True,True
100811,1.0,0.0313,0.5,none,True,True
100812,1.0,0.0083,0.5,none,True,True
100813,1.0,0.0726,0.5,none,True,True
100814,1.0,0.0793,0.5,none,True,True
100815,1.0,0.0581,0.5,none,True,True
100816,1.0,0.0955,0.5,none,True,True
100817,1.0,0.0839,0.5,none,True,True
100818,1.0,0.0648,0.5,none,True,True
100819,1.0,0.0718,0.5,none,True,True
100820,1.0,0.0589,0.5,none,True,True
100821,1.0,0.0403,0.5,none,True,True
100822,1.0,0.0327,0.5,none,True,True
100823,1.0,0.0277,0.5,none,True,True
100824,1.0,0.017,0.5,none,True,True
100825,1.0,0.0102,0.5,none,True,True
100826,1.0,0.0099,0.5,none,True,True
100827,1.0,0.008,0.5,none,True,True
100828,1.0,0.005,0.5,none,True,True
100829,1.0,0.0063,0.5,none,True,True
100830,1.0,0.009,0.5,none,True,True
100831,1.0,0.0096,0.5,none,True,True
100832,1.0,0.0108,0.5,none,True,True
100833,1.0,0.014,0.5,none,True,True
100834,1.0,0.0161,0.5,none,True,True
100835,1.0,0.0167,0.5,none,True,True
100836,1.0,0.0182,0.5,none,True,True
100837,1.0,0.0196,0.5,none,True,True
100838,1.0,0.0197,0.5,none,True,True
100839,1.0,0.0193,0.5,none,True,True
100840,1.0,0.0193,0.5,none,True,True
100841,1.0,0.0187,0.5,none,True,True
100842,1.0,0.0174,0.5,none,True,True
100843,1.0,0.0163,0.5,none,True,True
100844,1.0,0.0152,0.5,none,True,True
100845,1.0,0.0138,0.5,none,True,True
100846,1.0,0.0123,0.5,none,True,True
100847,1.0,0.0111,0.5,none,True,True
100848,1.0,0.01,0.5,none,True,True
100849,1.0,0.0088,0.5,none,True,True
100850,1.0,0.0078,0.5,none,True,True
100851,1.0,0.0071,0.5,none,True,True
100852,1.0,0.0064,0.5,none,True,True
100853,1.0,0.0057,0.5,none,True,True
100854,1.0,0.0053,0.5,none,True,True
100855,1.0,0.005,0.5,none,True,True
100856,1.0,0.0047,0.5,none,True,True
100857,1.0,0.0045,0.5,none,True,True
100858,1.0,0.0044,0.5,none,True,True
100859,1.0,0.0043,0.5,none,True,True
100860,1.0,0.0042,0.5,none,True,True
100861,1.0,0.0041,0.5,none,True,True
100862,1.0,0.004,0.5,none,True,True
100863,1.0,0.0039,0.5,none,True,True
100864,1.0,0.0038,0.5,none,True,True
100865,1.0,0.0037,0.5,none,True,True
100866,1.0,0.0035,0.5,none,True,True
100867,1.0,0.0033,0.5,none,True,True
100868,1.0,0.0032,0.5,none,True,True
100869,1.0,0.003,0.5,none,True,True
100870,1.0,0.0028,0.5,none,True,True
100871,1.0,0.0026,0.5,none,True,True
100872,1.0,0.0024,0.5,none,True,True
100873,1.0,0.0023,0.5,none,True,True
100874,1.0,0.0021,0.5,none,True,True
100875,1.0,0.0019,0.5,none,True,True
100876,1.0,0.0018,0.5,none,True,True
100877,1.0,0.0017,0.5,none,True,True
100878,1.0,0.0015,0.5,none,True,True
100879,1.0,0.0014,0.5,none,True,True
100880,1.0,0.0013,0.5,none,True,True
100881,1.0,0.0013,0.5,none,True,True
100882,1.0,0.0012,0.5,none,True,True
100883,1.0,0.0011,0.5,none,True,True
100884,1.0,0.0011,0.5,none,True,True
100885,1.0,0.001,0.5,none,True,True
100886,1.0,0.001,0.5,none,True,True
100887,1.0,0.0009,0.5,none,True,True
100888,1.0,0.0009,0.5,none,True,True
100889,1.0,0.0008,0.5,none,True,True
100890,1.0,0.0008,0.5,none,True,True
100891,1.0,0.0008,0.5,none,True,True
100892,1.0,0.0007,0.5,none,True,True
100893,1.0,0.0007,0.5,none,True,True
100894,1.0,0.0006,0.5,none,True,True
100895,1.0,0.0006,0.5,none,True,True
100896,1.0,0.0006,0.5,none,True,True
100897,1.0,0.0005,0.5,none,True,True
100898,1.0,0.0005,0.5,none,True,True
100899,1.0,0.0005,0.5,none,True,True
100900,1.0,0.0004,0.5,none,True,True
100901,1.0,0.0004,0.5,none,True,True
100902,1.0,0.0004,0.5,none,True,True
100903,1.0,0.0004,0.5,none,True,True
100904,1.0,0.0003,0.5,none,True,True
100905,1.0,0.0003,0.5,none,True,True
100906,1.0,0.0003,0.5,none,True,True
100907,1.0,0.0003,0.5,none,True,True
100908,1.0,0.0003,0.5,none,True,True
100909,1.0,0.0003,0.5,none,True,True
100910,1.0,0.0002,0.5,none,True,True
100911,1.0,0.0002,0.5,none,True,True
100912,1.0,0.0002,0.5,none,True,True
100913,1.0,0.0002,0.5,none,True,True
100914,1.0,0.0002,0.5,none,True,True
100915,1.0,0.0002,0.5,none,True,True
100916,1.0,0.0002,0.5,none,True,True
100917,1.0,0.0002,0.5,none,True,True
100918,1.0,0.0002,0.5,none,True,True
100919,1.0,0.0001,0.5,none,True,True
100920,1.0,0.0001,0.5,none,True,True
100921,1.0,0.0001,0.5,none,True,True
100922,1.0,0.0001,0.5,none,True,True
100923,1.0,0.0001,0.5,none,True,True
100924,1.0,0.0001,0.5,none,True,True
100925,1.0,0.0001,0.5,none,True,True
100926,1.0,0.0001,0.5,none,True,True
100927,1.0,0.0001,0.5,none,True,True
100928,1.0,0.0001,0.5,none,True,True
100929,1.0,0.0001,0.5,none,True,True
100930,1.0,0.0001,0.5,none,True,True
100931,1.0,0.0001,0.5,none,True,True
100932,1.0,0.0001,0.5,none,True,True
100933,1.0,0.0001,0.5,none,True,True
100934,1.0,0.0001,0.5,none,True,True
100935,1.0,0.0001,0.5,none,True,True
100936,1.0,0.0001,0.5,none,True,True
100937,1.0,0.0,0.5,none,True,True
100938,1.0,0.0,0.5,none,True,True
100939,1.0,0.0,0.5,none,True,True
100940,1.0,0.0,0.5,none,True,True
100941,1.0,0.0,0.5,none,True,True
100942,1.0,0.0,0.5,none,True,True
100943,1.0,0.0,0.5,none,True,True
100944,1.0,0.0,0.5,none,True,True
100945,1.0,0.0,0.5,none,True,True
100946,1.0,0.0,0.5,none,True,True
100947,1.0,0.0,0.5,none,True,True
100948,1.0,0.0,0.5,none,True,True
100949,1.0,0.0,0.5,none,True,True
100950,1.0,0.0,0.5,none,True,True
100951,1.0,0.0,0.5,none,True,True
100952,1.0,0.0,0.5,none,True,True
100953,1.0,0.0,0.5,none,True,True
100954,1.0,0.0,0.5,none,True,True
100955,1.0,0.0,0.5,none,True,True
100956,1.0,0.0,0.5,none,True,True
100957,1.0,0.0,0.5,none,True,True
100958,1.0,0.0,0.5,none,True,True
100959,1.0,0.0,0.5,none,True,True
100960,1.0,0.0,0.5,none,True,True
100961,1.0,0.0,0.5,none,True,True
100962,1.0,0.0,0.5,none,True,True
100963,1.0,0.0,0.5,none,True,True
100964,1.0,0.0,0.5,none,True,True
100965,1.0,0.0,0.5,none,True,True
100966,1.0,0.0,0.5,none,True,True
100967,1.0,0.0,0.5,none,True,True
100968,1.0,0.0,0.5,none,True,True
100969,1.0,0.0,0.5,none,True,True
100970,1.0,0.0,0.5,none,True,True
100971,1.0,0.0,0.5,none,True,True
100972,1.0,0.0,0.5,none,True,True
100973,1.0,0.0,0.5,none,True,True
100974,1.0,0.0,0.5,none,True,True
100975,1.0,0.0,0.5,none,True,True
100976,1.0,0.0,0.5,none,True,True
100977,1.0,0.0,0.5,none,True,True
100978,1.0,0.0,0.5,none,True,True
100979,1.0,0.0,0.5,none,True,True
100980,1.0,0.0,0.5,none,True,True
100981,1.0,0.0,0.5,none,True,True
100982,1.0,0.0,0.5,none,True,True
100983,1.0,0.0,0.5,none,True,True
100984,1.0,0.0,0.5,none,True,True
100985,1.0,0.0,0.5,none,True,True
100986,1.0,0.0,0.5,none,True,True
100987,1.0,0.0,0.5,none,True,True
100988,1.0,0.0,0.5,none,True,True
100989,1.0,0.0,0.5,none,True,True
100990,1.0,0.0,0.5,none,True,True
100991,1.0,0.0,0.5,none,True,True
100992,1.0,0.0,0.5,none,True,True
100993,1.0,0.0,0.5,none,True,True
100994,1.0,0.0,0.5,none,True,True
100995,1.0,0.0,0.5,none,True,True
100996,1.0,0.0,0.5,none,True,True
100997,1.0,0.0,0.5,none,True,True
100998,1.0,0.0,0.5,none,True,True
100999,1.0,0.0,0.5,none,True,True
101000,1.0,0.0,0.5,none,True,True
101001,1.0,0.0,0.5,none,True,True
101002,1.0,0.0,0.5,none,True,True
101003,1.0,0.0,0.5,none,True,True
101004,1.0,0.0,0.5,none,True,True
101005,1.0,0.0,0.5,none,True,True
101006,1.0,0.0,0.5,none,True,True
101007,1.0,0.0,0.5,none,True,True
101008,1.0,0.0,0.5,none,True,True
101009,1.0,0.0,0.5,none,True,True
101010,1.0,0.0,0.5,none,True,True
101011,1.0,0.0,0.5,none,True,True
101012,1.0,0.0,0.5,none,True,True
101013,1.0,0.0,0.5,none,True,True
101014,1.0,0.0,0.5,none,True,True
101015,1.0,0.0,0.5,none,True,True
101016,1.0,0.0,0.5,none,True,True
101017,1.0,0.0,0.5,none,True,True
101018,1.0,0.0,0.5,none,True,True
101019,1.0,0.0,0.5,none,True,True
101020,1.0,0.0,0.5,none,True,True
101021,1.0,0.0,0.5,none,True,True
101022,1.0,0.0,0.5,none,True,True
101023,1.0,0.0,0.5,none,True,True
101024,1.0,0.0,0.5,none,True,True
101025,1.0,0.0,0.5,none,True,True
101026,1.0,0.0,0.5,none,True,True
101027,1.0,0.0,0.5,none,True,True
101028,1.0,0.0,0.5,none,True,True
101029,1.0,0.0,0.5,none,True,True
101030,1.0,0.0,0.5,none,True,True
101031,1.0,0.0,0.5,none,True,True
101032,1.0,0.0,0.5,none,True,True
101033,1.0,0.0,0.5,none,True,True
101034,1.0,0.0,0.5,none,True,True
101035,1.0,0.0,0.5,none,True,True
101036,1.0,0.0,0.5,none,True,True
101037,1.0,0.0,0.5,none,True,True
101038,1.0,0.0,0.5,none,True,True
101039,1.0,0.0,0.5,none,True,True
101040,1.0,0.0,0.5,none,True,True
101041,1.0,0.0,0.5,none,True,True
101042,1.0,0.0,0.5,none,True,True
101043,1.0,0.0,0.5,none,True,True
101044,1.0,0.0,0.5,none,True,True
101045,1.0,0.0,0.5,none,True,True
101046,1.0,0.0,0.5,none,True,True
101047,1.0,0.0,0.5,none,True,True
101048,1.0,0.0,0.5,none,True,True
101049,1.0,0.0,0.5,none,True,True
101050,1.0,0.0,0.5,none,True,True
101051,1.0,0.0,0.5,none,True,True
101052,1.0,0.0,0.5,none,True,True
101053,1.0,0.0,0.5,none,True,True
101054,1.0,0.0,0.5,none,True,True
101055,1.0,0.0,0.5,none,True,True
101056,1.0,0.0,0.5,none,True,True
101057,1.0,0.0,0.5,none,True,True
101058,1.0,0.0,0.5,none,True,True
101059,1.0,0.0,0.5,none,True,True
101060,1.0,0.0,0.5,none,True,True
101061,1.0,0.0,0.5,none,True,True
101062,1.0,0.0,0.5,none,True,True
101063,1.0,0.0,0.5,none,True,True
101064,1.0,0.0,0.5,none,True,True
101065,1.0,0.0,0.5,none,True,True
101066,1.0,0.0,0.5,none,True,True
101067,1.0,0.0,0.5,none,True,True
101068,1.0,0.0,0.5,none,True,True
101069,1.0,0.0,0.5,none,True,True
101070,1.0,0.0,0.5,none,True,True
101071,1.0,0.0,0.5,none,True,True
101072,1.0,0.0,0.5,none,True,True
101073,1.0,0.0,0.5,none,True,True
101074,1.0,0.0,0.5,none,True,True
101075,1.0,0.0,0.5,none,True,True
101076,1.0,0.0,0.5,none,True,True
101077,1.0,0.0,0.5,none,True,True
101078,1.0,0.0,0.5,none,True,True
101079,1.0,0.0,0.5,none,True,True
101080,1.0,0.0,0.5,none,True,True
101081,1.0,0.0,0.5,none,True,True
101082,1.0,0.0,0.5,none,True,True
101083,1.0,0.0,0.5,none,True,True
101084,1.0,0.0,0.5,none,True,True
101085,1.0,0.0,0.5,none,True,True
101086,1.0,0.0,0.5,none,True,True
101087,1.0,0.0,0.5,none,True,True
101088,1.0,0.0,0.5,none,True,True
101089,1.0,0.0,0.5,none,True,True
101090,1.0,0.0,0.5,none,True,True
101091,1.0,0.0,0.5,none,True,True
101092,1.0,0.0,0.5,none,True,True
101093,1.0,0.0,0.5,none,True,True
101094,1.0,0.0,0.5,none,True,True
101095,1.0,0.0,0.5,none,True,True
101096,1.0,0.0,0.5,none,True,True
101097,1.0,0.0,0.5,none,True,True
101098,1.0,0.0,0.5,none,True,True
101099,1.0,0.0,0.5,none,True,True
101100,1.0,0.0,0.5,none,True,True
101101,1.0,0.0,0.5,none,True,True
101102,1.0,0.0,0.5,none,True,True
101103,1.0,0.0,0.5,none,True,True
101104,1.0,0.0,0.5,none,True,True
101105,1.0,0.0,0.5,none,True,True
101106,1.0,0.0,0.5,none,True,True
101107,1.0,0.0,0.5,none,True,True
101108,1.0,0.0,0.5,none,True,True
101109,1.0,0.0,0.5,none,True,True
101110,1.0,0.0,0.5,none,True,True
101111,1.0,0.0,0.5,none,True,True
101112,1.0,0.0,0.5,none,True,True
101113,1.0,0.0,0.5,none,True,True
101114,1.0,0.0,0.5,none,True,True
101115,1.0,0.0,0.5,none,True,True
101116,1.0,0.0,0.5,none,True,True
101117,1.0,0.0,0.5,none,True,True
101118,1.0,0.0,0.5,none,True,True
101119,1.0,0.0,0.5,none,True,True
101120,1.0,0.0,0.5,none,True,True
101121,1.0,0.0,0.5,none,True,True
101122,1.0,0.0,0.5,none,True,True
101123,1.0,0.0,0.5,none,True,True
101124,1.0,0.0,0.5,none,True,True
101125,1.0,0.0,0.5,none,True,True
101126,1.0,0.0,0.5,none,True,True
101127,1.0,0.0,0.5,none,True,True
101128,1.0,0.0,0.5,none,True,True
101129,1.0,0.0,0.5,none,True,True
101130,1.0,0.0,0.5,none,True,True
101131,1.0,0.0,0.5,none,True,True
101132,1.0,0.0,0.5,none,True,True
101133,1.0,0.0,0.5,none,True,True
101134,1.0,0.0,0.5,none,True,True
101135,1.0,0.0,0.5,none,True,True
101136,1.0,0.0,0.5,none,True,True
101137,1.0,0.0,0.5,none,True,True
101138,1.0,0.0,0.5,none,True,True
101139,1.0,0.0,0.5,none,True,True
101140,1.0,0.0,0.5,none,True,True
101141,1.0,0.0,0.5,none,True,True
101142,1.0,0.0,0.5,none,True,True
101143,1.0,0.0,0.5,none,True,True
101144,1.0,0.0,0.5,none,True,True
101145,1.0,0.0,0.5,none,True,True
101146,1.0,0.0,0.5,none,True,True
101147,1.0,0.0,0.5,none,True,True
101148,1.0,0.0,0.5,none,True,True
101149,1.0,0.0,0.5,none,True,True
101150,1.0,0.0,0.5,none,True,True
101151,1.0,0.0,0.5,none,True,True
101152,1.0,0.0,0.5,none,True,True
101153,1.0,0.0,0.5,none,True,True
101154,1.0,0.0,0.5,none,True,True
101155,1.0,0.0,0.5,none,True,True
101156,1.0,0.0,0.5,none,True,True
101157,1.0,0.0,0.5,none,True,True
101158,1.0,0.0,0.5,none,True,True
101159,1.0,0.0,0.5,none,True,True
101160,1.0,0.0,0.5,none,True,True
101161,1.0,0.0,0.5,none,True,True
101162,1.0,0.0,0.5,none,True,True
101163,1.0,0.0,0.5,none,True,True
101164,1.0,0.0,0.5,none,True,True
101165,1.0,0.0,0.5,none,True,True
101166,1.0,0.0,0.5,none,True,True
101167,1.0,0.0,0.5,none,True,True
101168,1.0,0.0,0.5,none,True,True
101169,1.0,0.0,0.5,none,True,True
101170,1.0,0.0,0.5,none,True,True
101171,1.0,0.0,0.5,none,True,True
101172,1.0,0.0,0.5,none,True,True
101173,1.0,0.0,0.5,none,True,True
101174,1.0,0.0,0.5,none,True,True
101175,1.0,0.0,0.5,none,True,True
101176,1.0,0.0,0.5,none,True,True
101177,1.0,0.0,0.5,none,True,True
101178,1.0,0.0,0.5,none,True,True
101179,1.0,0.0,0.5,none,True,True
101180,1.0,0.0,0.5,none,True,True
101181,1.0,0.0,0.5,none,True,True
101182,1.0,0.0,0.5,none,True,True
101183,1.0,0.0,0.5,none,True,True
101184,1.0,0.0,0.5,none,True,True
101185,1.0,0.0,0.5,none,True,True
101186,1.0,0.0,0.5,none,True,True
101187,1.0,0.0,0.5,none,True,True
101188,1.0,0.0,0.5,none,True,True
101189,1.0,0.0,0.5,none,True,True
101190,1.0,0.0,0.5,none,True,True
101191,1.0,0.0,0.5,none,True,True
101192,1.0,0.0,0.5,none,True,True
101193,1.0,0.0,0.5,none,True,True
101194,1.0,0.0,0.5,none,True,True
101195,1.0,0.0,0.5,none,True,True
101196,1.0,0.0,0.5,none,True,True
101197,1.0,0.0,0.5,none,True,True
101198,1.0,0.0,0.5,none,True,True
101199,1.0,0.0,0.5,none,True,True
101200,1.0,0.0,0.5,none,True,True
101201,1.0,0.0,0.5,none,True,True
101202,1.0,0.0,0.5,none,True,True
101203,1.0,0.0,0.5,none,True,True
101204,1.0,0.0,0.5,none,True,True
101205,1.0,0.0,0.5,none,True,True
101206,1.0,0.0,0.5,none,True,True
101207,1.0,0.0,0.5,none,True,True
101208,1.0,0.0,0.5,none,True,True
101209,1.0,0.0,0.5,none,True,True
101210,1.0,0.0,0.5,none,True,True
101211,1.0,0.0,0.5,none,True,True
101212,1.0,0.0,0.5,none,True,True
101213,1.0,0.0,0.5,none,True,True
101214,1.0,0.0,0.5,none,True,True
101215,1.0,0.0,0.5,none,True,True
101216,1.0,0.0,0.5,none,True,True
101217,1.0,0.0,0.5,none,True,True
101218,1.0,0.0,0.5,none,True,True
101219,1.0,0.0,0.5,none,True,True
101220,1.0,0.0,0.5,none,True,True
101221,1.0,0.0,0.5,none,True,True
101222,1.0,0.0,0.5,none,True,True
101223,1.0,0.0,0.5,none,True,True
101224,1.0,0.0,0.5,none,True,True
101225,1.0,0.0,0.5,none,True,True
101226,1.0,0.0,0.5,none,True,True
101227,1.0,0.0,0.5,none,True,True
101228,1.0,0.0,0.5,none,True,True
101229,1.0,0.0,0.5,none,True,True
101230,1.0,0.0,0.5,none,True,True
101231,1.0,0.0,0.5,none,True,True
101232,1.0,0.0,0.5,none,True,True
101233,1.0,0.0,0.5,none,True,True
101234,1.0,0.0,0.5,none,True,True
101235,1.0,0.0,0.5,none,True,True
101236,1.0,0.0,0.5,none,True,True
101237,1.0,0.0,0.5,none,True,True
101238,1.0,0.0,0.5,none,True,True
101239,1.0,0.0,0.5,none,True,True
101240,1.0,0.0,0.5,none,True,True
101241,1.0,0.0,0.5,none,True,True
101242,1.0,0.0,0.5,none,True,True
101243,1.0,0.0,0.5,none,True,True
101244,1.0,0.0,0.5,none,True,True
101245,1.0,0.0,0.5,none,True,True
101246,1.0,0.0,0.5,none,True,True
101247,1.0,0.0,0.5,none,True,True
101248,1.0,0.0,0.5,none,True,True
101249,1.0,0.0,0.5,none,True,True
101250,1.0,0.0,0.5,none,True,True
101251,1.0,0.0,0.5,none,True,True
101252,1.0,0.0,0.5,none,True,True
101253,1.0,0.0,0.5,none,True,True
101254,1.0,0.0,0.5,none,True,True
101255,1.0,0.0,0.5,none,True,True
101256,1.0,0.0,0.5,none,True,True
101257,1.0,0.0,0.5,none,True,True
101258,1.0,0.0,0.5,none,True,True
101259,1.0,0.0,0.5,none,True,True
101260,1.0,0.0,0.5,none,True,True
101261,1.0,0.0,0.5,none,True,True
101262,1.0,0.0,0.5,none,True,True
101263,1.0,0.0,0.5,none,True,True
101264,1.0,0.0,0.5,none,True,True
101265,1.0,0.0,0.5,none,True,True
101266,1.0,0.0,0.5,none,True,True
101267,1.0,0.0,0.5,none,True,True
101268,1.0,0.0,0.5,none,True,True
101269,1.0,0.0,0.5,none,True,True
101270,1.0,0.0,0.5,none,True,True
101271,1.0,0.0,0.5,none,True,True
101272,1.0,0.0,0.5,none,True,True
101273,1.0,0.0,0.5,none,True,True
101274,1.0,0.0,0.5,none,True,True
101275,1.0,0.0,0.5,none,True,True
101276,1.0,0.0,0.5,none,True,True
101277,1.0,0.0,0.5,none,True,True
101278,1.0,0.0,0.5,none,True,True
101279,1.0,0.0,0.5,none,True,True
101280,1.0,0.0,0.5,none,True,True
101281,1.0,0.0,0.5,none,True,True
101282,1.0,0.0,0.5,none,True,True
101283,1.0,0.0,0.5,none,True,True
101284,1.0,0.0,0.5,none,True,True
101285,1.0,0.0,0.5,none,True,True
101286,1.0,0.0,0.5,none,True,True
101287,1.0,0.0,0.5,none,True,True
101288,1.0,0.0,0.5,none,True,True
101289,1.0,0.0,0.5,none,True,True
101290,1.0,0.0,0.5,none,True,True
101291,1.0,0.0,0.5,none,True,True
101292,1.0,0.0,0.5,none,True,True
101293,1.0,0.0,0.5,none,True,True
101294,1.0,0.0,0.5,none,True,True
101295,1.0,0.0,0.5,none,True,True
101296,1.0,0.0,0.5,none,True,True
101297,1.0,0.0,0.5,none,True,True
101298,1.0,0.0,0.5,none,True,True
101299,1.0,0.0,0.5,none,True,True
101300,1.0,0.0,0.5,none,True,True
101301,1.0,0.0,0.5,none,True,True
101302,1.0,0.0,0.5,none,True,True
101303,1.0,0.0,0.5,none,True,True
101304,1.0,0.0,0.5,none,True,True
101305,1.0,0.0,0.5,none,True,True
101306,1.0,0.0,0.5,none,True,True
101307,1.0,0.0,0.5,none,True,True
101308,1.0,0.0,0.5,none,True,True
101309,1.0,0.0,0.5,none,True,True
101310,1.0,0.0,0.5,none,True,True
101311,1.0,0.0,0.5,none,True,True
101312,1.0,0.0,0.5,none,True,True
101313,1.0,0.0,0.5,none,True,True
101314,1.0,0.0,0.5,none,True,True
101315,1.0,0.0,0.5,none,True,True
101316,1.0,0.0,0.5,none,True,True
101317,1.0,0.0,0.5,none,True,True
101318,1.0,0.0,0.5,none,True,True
101319,1.0,0.0,0.5,none,True,True
101320,1.0,0.0,0.5,none,True,True
101321,1.0,0.0,0.5,none,True,True
101322,1.0,0.0,0.5,none,True,True
101323,1.0,0.0,0.5,none,True,True
101324,1.0,0.0,0.5,none,True,True
101325,1.0,0.0,0.5,none,True,True
101326,1.0,0.0,0.5,none,True,True
101327,1.0,0.0,0.5,none,True,True
101328,1.0,0.0,0.5,none,True,True
101329,1.0,0.0,0.5,none,True,True
101330,1.0,0.0,0.5,none,True,True
101331,1.0,0.0,0.5,none,True,True
101332,1.0,0.0,0.5,none,True,True
101333,1.0,0.0,0.5,none,True,True
101334,1.0,0.0,0.5,none,True,True
101335,1.0,0.0,0.5,none,True,True
101336,1.0,0.0,0.5,none,True,True
101337,1.0,0.0,0.5,none,True,True
101338,1.0,0.0,0.5,none,True,True
101339,1.0,0.0,0.5,none,True,True
101340,1.0,0.0,0.5,none,True,True
101341,1.0,0.0,0.5,none,True,True
101342,1.0,0.0,0.5,none,True,True
101343,1.0,0.0,0.5,none,True,True
101344,1.0,0.0,0.5,none,True,True
101345,1.0,0.0,0.5,none,True,True
101346,1.0,0.0,0.5,none,True,True
101347,1.0,0.0,0.5,none,True,True
101348,1.0,0.0,0.5,none,True,True
101349,1.0,0.0,0.5,none,True,True
101350,1.0,0.0,0.5,none,True,True
101351,1.0,0.0,0.5,none,True,True
101352,1.0,0.0,0.5,none,True,True
101353,1.0,0.0,0.5,none,True,True
101354,1.0,0.0,0.5,none,True,True
101355,1.0,0.0,0.5,none,True,True
101356,1.0,0.0,0.5,none,True,True
101357,1.0,0.0,0.5,none,True,True
101358,1.0,0.0,0.5,none,True,True
101359,1.0,0.0,0.5,none,True,True
101360,1.0,0.0,0.5,none,True,True
101361,1.0,0.0,0.5,none,True,True
101362,1.0,0.0,0.5,none,True,True
101363,1.0,0.0,0.5,none,True,True
101364,1.0,0.0,0.5,none,True,True
101365,1.0,0.0,0.5,none,True,True
101366,1.0,0.0,0.5,none,True,True
101367,1.0,0.0,0.5,none,True,True
101368,1.0,0.0,0.5,none,True,True
101369,1.0,0.0,0.5,none,True,True
101370,1.0,0.0,0.5,none,True,True
101371,1.0,0.0,0.5,none,True,True
101372,1.0,0.0,0.5,none,True,True
101373,1.0,0.0,0.5,none,True,True
101374,1.0,0.0,0.5,none,True,True
101375,1.0,0.0,0.5,none,True,True
101376,1.0,0.0,0.5,none,True,True
101377,1.0,0.0,0.5,none,True,True
101378,1.0,0.0,0.5,none,True,True
101379,1.0,0.0,0.5,none,True,True
101380,1.0,0.0,0.5,none,True,True
101381,1.0,0.0,0.5,none,True,True
101382,1.0,0.0,0.5,none,True,True
101383,1.0,0.0,0.5,none,True,True
101384,1.0,0.0,0.5,none,True,True
101385,1.0,0.0,0.5,none,True,True
101386,1.0,0.0,0.5,none,True,True
101387,1.0,0.0,0.5,none,True,True
101388,1.0,0.0,0.5,none,True,True
101389,1.0,0.0,0.5,none,True,True
101390,1.0,0.0,0.5,none,True,True
101391,1.0,0.0,0.5,none,True,True
101392,1.0,0.0,0.5,none,True,True
101393,1.0,0.0,0.5,none,True,True
101394,1.0,0.0,0.5,none,True,True
101395,1.0,0.0,0.5,none,True,True
101396,1.0,0.0,0.5,none,True,True
101397,1.0,0.0,0.5,none,True,True
101398,1.0,0.0,0.5,none,True,True
101399,1.0,0.0,0.5,none,True,True
101400,1.0,0.0,0.5,none,True,True
101401,1.0,0.0,0.5,none,True,True
101402,1.0,0.0,0.5,none,True,True
101403,1.0,0.0,0.5,none,True,True
101404,1.0,0.0,0.5,none,True,True
101405,1.0,0.0,0.5,none,True,True
101406,1.0,0.0,0.5,none,True,True
101407,1.0,0.0,0.5,none,True,True
101408,1.0,0.0,0.5,none,True,True
101409,1.0,0.0,0.5,none,True,True
101410,1.0,0.0,0.5,none,True,True
101411,1.0,0.0,0.5,none,True,True
101412,1.0,0.0,0.5,none,True,True
101413,1.0,0.0,0.5,none,True,True
101414,1.0,0.0,0.5,none,True,True
101415,1.0,0.0,0.5,none,True,True
101416,1.0,0.0,0.5,none,True,True
101417,1.0,0.0,0.5,none,True,True
101418,1.0,0.0,0.5,none,True,True
101419,1.0,0.0,0.5,none,True,True
101420,1.0,0.0,0.5,none,True,True
101421,1.0,0.0,0.5,none,True,True
101422,1.0,0.0,0.5,none,True,True
101423,1.0,0.0,0.5,none,True,True
101424,1.0,0.0,0.5,none,True,True
101425,1.0,0.0,0.5,none,True,True
101426,1.0,0.0,0.5,none,True,True
101427,1.0,0.0,0.5,none,True,True
101428,1.0,0.0,0.5,none,True,True
101429,1.0,0.0,0.5,none,True,True
101430,1.0,0.0,0.5,none,True,True
101431,1.0,0.0,0.5,none,True,True
101432,1.0,0.0,0.5,none,True,True
101433,1.0,0.0,0.5,none,True,True
101434,1.0,0.0,0.5,none,True,True
101435,1.0,0.0,0.5,none,True,True
101436,1.0,0.0,0.5,none,True,True
101437,1.0,0.0,0.5,none,True,True
101438,1.0,0.0,0.5,none,True,True
101439,1.0,0.0,0.5,none,True,True
101440,1.0,0.0,0.5,none,True,True
101441,1.0,0.0,0.5,none,True,True
101442,1.0,0.0,0.5,none,True,True
101443,1.0,0.0,0.5,none,True,True
101444,1.0,0.0,0.5,none,True,True
101445,1.0,0.0,0.5,none,True,True
101446,1.0,0.0,0.5,none,True,True
101447,1.0,0.0,0.5,none,True,True
101448,1.0,0.0,0.5,none,True,True
101449,1.0,0.0,0.5,none,True,True
101450,1.0,0.0,0.5,none,True,True
101451,1.0,0.0,0.5,none,True,True
101452,1.0,0.0,0.5,none,True,True
101453,1.0,0.0,0.5,none,True,True
101454,1.0,0.0,0.5,none,True,True
101455,1.0,0.0,0.5,none,True,True
101456,1.0,0.0,0.5,none,True,True
101457,1.0,0.0,0.5,none,True,True
101458,1.0,0.0,0.5,none,True,True
101459,1.0,0.0,0.5,none,True,True
101460,1.0,0.0,0.5,none,True,True
101461,1.0,0.0,0.5,none,True,True
101462,1.0,0.0,0.5,none,True,True
101463,1.0,0.0,0.5,none,True,True
101464,1.0,0.0,0.5,none,True,True
101465,1.0,0.0,0.5,none,True,True
101466,1.0,0.0,0.5,none,True,True
101467,1.0,0.0,0.5,none,True,True
101468,1.0,0.0,0.5,none,True,True
101469,1.0,0.0,0.5,none,True,True
101470,1.0,0.0,0.5,none,True,True
101471,1.0,0.0,0.5,none,True,True
101472,1.0,0.0,0.5,none,True,True
101473,1.0,0.0,0.5,none,True,True
101474,1.0,0.0,0.5,none,True,True
101475,1.0,0.0,0.5,none,True,True
101476,1.0,0.0,0.5,none,True,True
101477,1.0,0.0,0.5,none,True,True
101478,1.0,0.0,0.5,none,True,True
101479,1.0,0.0,0.5,none,True,True
101480,1.0,0.0,0.5,none,True,True
101481,1.0,0.0,0.5,none,True,True
101482,1.0,0.0,0.5,none,True,True
101483,1.0,0.0,0.5,none,True,True
101484,1.0,0.0,0.5,none,True,True
101485,1.0,0.0,0.5,none,True,True
101486,1.0,0.0,0.5,none,True,True
101487,1.0,0.0,0.5,none,True,True
101488,1.0,0.0,0.5,none,True,True
101489,1.0,0.0,0.5,none,True,True
101490,1.0,0.0,0.5,none,True,True
101491,1.0,0.0,0.5,none,True,True
101492,1.0,0.0,0.5,none,True,True
101493,1.0,0.0,0.5,none,True,True
101494,1.0,0.0,0.5,none,True,True
101495,1.0,0.0,0.5,none,True,True
101496,1.0,0.0,0.5,none,True,True
101497,1.0,0.0,0.5,none,True,True
101498,1.0,0.0,0.5,none,True,True
101499,1.0,0.0,0.5,none,True,True
101500,1.0,0.0061,0.5,none,True,True
101501,1.0,0.0357,0.5,none,True,True
101502,1.0,0.0812,0.5,none,True,True
101503,1.0,0.1113,0.5,none,True,True
101504,1.0,0.1253,0.5,none,True,True
101505,1.0,0.1408,0.5,none,True,True
101506,1.0,0.0907,0.5,none,True,True
101507,1.0,0.1198,0.5,none,True,True
101508,1.0,0.0467,0.5,none,True,True
101509,1.0,0.0522,0.5,none,True,True
101510,1.0,0.0405,0.5,none,True,True
101511,1.0,0.0313,0.5,none,True,True
101512,1.0,0.0083,0.5,none,True,True
101513,1.0,0.0726,0.5,none,True,True
101514,1.0,0.0793,0.5,none,True,True
101515,1.0,0.0581,0.5,none,True,True
101516,1.0,0.0955,0.5,none,True,True
101517,1.0,0.0839,0.5,none,True,True
101518,1.0,0.0648,0.5,none,True,True
101519,1.0,0.0718,0.5,none,True,True
101520,1.0,0.0589,0.5,none,True,True
101521,1.0,0.0403,0.5,none,True,True
101522,1.0,0.0327,0.5,none,True,True
101523,1.0,0.0277,0.5,none,True,True
101524,1.0,0.017,0.5,none,True,True
101525,1.0,0.0102,0.5,none,True,True
101526,1.0,0.0099,0.5,none,True,True
101527,1.0,0.008,0.5,none,True,True
101528,1.0,0.005,0.5,none,True,True
101529,1.0,0.0063,0.5,none,True,True
101530,1.0,0.009,0.5,none,True,True
101531,1.0,0.0096,0.5,none,True,True
101532,1.0,0.0108,0.5,none,True,True
101533,1.0,0.014,0.5,none,True,True
101534,1.0,0.0161,0.5,none,True,True
101535,1.0,0.0167,0.5,none,True,True
101536,1.0,0.0182,0.5,none,True,True
101537,1.0,0.0196,0.5,none,True,True
101538,1.0,0.0197,0.5,none,True,True
101539,1.0,0.0193,0.5,none,True,True
101540,1.0,0.0193,0.5,none,True,True
101541,1.0,0.0187,0.5,none,True,True
101542,1.0,0.0174,0.5,none,True,True
101543,1.0,0.0163,0.5,none,True,True
101544,1.0,0.0152,0.5,none,True,True
101545,1.0,0.0138,0.5,none,True,True
101546,1.0,0.0123,0.5,none,True,True
101547,1.0,0.0111,0.5,none,True,True
101548,1.0,0.01,0.5,none,True,True
101549,1.0,0.0088,0.5,none,True,True
101550,1.0,0.0078,0.5,none,True,True
101551,1.0,0.0071,0.5,none,True,True
101552,1.0,0.0064,0.5,none,True,True
101553,1.0,0.0057,0.5,none,True,True
101554,1.0,0.0053,0.5,none,True,True
101555,1.0,0.005,0.5,none,True,True
101556,1.0,0.0047,0.5,none,True,True
101557,1.0,0.0045,0.5,none,True,True
101558,1.0,0.0044,0.5,none,True,True
101559,1.0,0.0043,0.5,none,True,True
101560,1.0,0.0042,0.5,none,True,True
101561,1.0,0.0041,0.5,none,True,True
101562,1.0,0.004,0.5,none,True,True
101563,1.0,0.0039,0.5,none,True,True
101564,1.0,0.0038,0.5,none,True,True
101565,1.0,0.0037,0.5,none,True,True
101566,1.0,0.0035,0.5,none,True,True
101567,1.0,0.0033,0.5,none,True,True
101568,1.0,0.0032,0.5,none,True,True
101569,1.0,0.003,0.5,none,True,True
101570,1.0,0.0028,0.5,none,True,True
101571,1.0,0.0026,0.5,none,True,True
101572,1.0,0.0024,0.5,none,True,True
101573,1.0,0.0023,0.5,none,True,True
101574,1.0,0.0021,0.5,none,True,True
101575,1.0,0.0019,0.5,none,True,True
101576,1.0,0.0018,0.5,none,True,True
101577,1.0,0.0017,0.5,none,True,True
101578,1.0,0.0015,0.5,none,True,True
101579,1.0,0.0014,0.5,none,True,True
101580,1.0,0.0013,0.5,none,True,True
101581,1.0,0.0013,0.5,none,True,True
101582,1.0,0.0012,0.5,none,True,True
101583,1.0,0.0011,0.5,none,True,True
101584,1.0,0.0011,0.5,none,True,True
101585,1.0,0.001,0.5,none,True,True
101586,1.0,0.001,0.5,none,True,True
101587,1.0,0.0009,0.5,none,True,True
101588,1.0,0.0009,0.5,none,True,True
101589,1.0,0.0008,0.5,none,True,True
101590,1.0,0.0008,0.5,none,True,True
101591,1.0,0.0008,0.5,none,True,True
101592,1.0,0.0007,0.5,none,True,True
101593,1.0,0.0007,0.5,none,True,True
101594,1.0,0.0006,0.5,none,True,True
101595,1.0,0.0006,0.5,none,True,True
101596,1.0,0.0006,0.5,none,True,True
101597,1.0,0.0005,0.5,none,True,True
101598,1.0,0.0005,0.5,none,True,True
101599,1.0,0.0005,0.5,none,True,True
101600,1.0,0.0004,0.5,none,True,True
101601,1.0,0.0004,0.5,none,True,True
101602,1.0,0.0004,0.5,none,True,True
101603,1.0,0.0004,0.5,none,True,True
101604,1.0,0.0003,0.5,none,True,True
101605,1.0,0.0003,0.5,none,True,True
101606,1.0,0.0003,0.5,none,True,True
101607,1.0,0.0003,0.5,none,True,True
101608,1.0,0.0003,0.5,none,True,True
101609,1.0,0.0003,0.5,none,True,True
101610,1.0,0.0002,0.5,none,True,True
101611,1.0,0.0002,0.5,none,True,True
101612,1.0,0.0002,0.5,none,True,True
101613,1.0,0.0002,0.5,none,True,True
101614,1.0,0.0002,0.5,none,True,True
101615,1.0,0.0002,0.5,none,True,True
101616,1.0,0.0002,0.5,none,True,True
101617,1.0,0.0002,0.5,none,True,True
101618,1.0,0.0002,0.5,none,True,True
101619,1.0,0.0001,0.5,none,True,True
101620,1.0,0.0001,0.5,none,True,True
101621,1.0,0.0001,0.5,none,True,True
101622,1.0,0.0001,0.5,none,True,True
101623,1.0,0.0001,0.5,none,True,True
101624,1.0,0.0001,0.5,none,True,True
101625,1.0,0.0001,0.5,none,True,True
101626,1.0,0.0001,0.5,none,True,True
101627,1.0,0.0001,0.5,none,True,True
101628,1.0,0.0001,0.5,none,True,True
101629,1.0,0.0001,0.5,none,True,True
101630,1.0,0.0001,0.5,none,True,True
101631,1.0,0.0001,0.5,none,True,True
101632,1.0,0.0001,0.5,none,True,True
101633,1.0,0.0001,0.5,none,True,True
101634,1.0,0.0001,0.5,none,True,True
101635,1.0,0.0001,0.5,none,True,True
101636,1.0,0.0001,0.5,none,True,True
101637,1.0,0.0,0.5,none,True,True
101638,1.0,0.0,0.5,none,True,True
101639,1.0,0.0,0.5,none,True,True
101640,1.0,0.0,0.5,none,True,True
101641,1.0,0.0,0.5,none,True,True
101642,1.0,0.0,0.5,none,True,True
101643,1.0,0.0,0.5,none,True,True
101644,1.0,0.0,0.5,none,True,True
101645,1.0,0.0,0.5,none,True,True
101646,1.0,0.0,0.5,none,True,True
101647,1.0,0.0,0.5,none,True,True
101648,1.0,0.0,0.5,none,True,True
101649,1.0,0.0,0.5,none,True,True
101650,1.0,0.0,0.5,none,True,True
101651,1.0,0.0,0.5,none,True,True
101652,1.0,0.0,0.5,none,True,True
101653,1.0,0.0,0.5,none,True,True
101654,1.0,0.0,0.5,none,True,True
101655,1.0,0.0,0.5,none,True,True
101656,1.0,0.0,0.5,none,True,True
101657,1.0,0.0,0.5,none,True,True
101658,1.0,0.0,0.5,none,True,True
101659,1.0,0.0,0.5,none,True,True
101660,1.0,0.0,0.5,none,True,True
101661,1.0,0.0,0.5,none,True,True
101662,1.0,0.0,0.5,none,True,True
101663,1.0,0.0,0.5,none,True,True
101664,1.0,0.0,0.5,none,True,True
101665,1.0,0.0,0.5,none,True,True
101666,1.0,0.0,0.5,none,True,True
101667,1.0,0.0,0.5,none,True,True
101668,1.0,0.0,0.5,none,True,True
101669,1.0,0.0,0.5,none,True,True
101670,1.0,0.0,0.5,none,True,True
101671,1.0,0.0,0.5,none,True,True
101672,1.0,0.0,0.5,none,True,True
101673,1.0,0.0,0.5,none,True,True
101674,1.0,0.0,0.5,none,True,True
101675,1.0,0.0,0.5,none,True,True
101676,1.0,0.0,0.5,none,True,True
101677,1.0,0.0,0.5,none,True,True
101678,1.0,0.0,0.5,none,True,True
101679,1.0,0.0,0.5,none,True,True
101680,1.0,0.0,0.5,none,True,True
101681,1.0,0.0,0.5,none,True,True
101682,1.0,0.0,0.5,none,True,True
101683,1.0,0.0,0.5,none,True,True
101684,1.0,0.0,0.5,none,True,True
101685,1.0,0.0,0.5,none,True,True
101686,1.0,0.0,0.5,none,True,True
101687,1.0,0.0,0.5,none,True,True
101688,1.0,0.0,0.5,none,True,True
101689,1.0,0.0,0.5,none,True,True
101690,1.0,0.0,0.5,none,True,True
101691,1.0,0.0,0.5,none,True,True
101692,1.0,0.0,0.5,none,True,True
101693,1.0,0.0,0.5,none,True,True
101694,1.0,0.0,0.5,none,True,True
101695,1.0,0.0,0.5,none,True,True
101696,1.0,0.0,0.5,none,True,True
101697,1.0,0.0,0.5,none,True,True
101698,1.0,0.0,0.5,none,True,True
101699,1.0,0.0,0.5,none,True,True
101700,1.0,0.0,0.5,none,True,True
101701,1.0,0.0,0.5,none,True,True
101702,1.0,0.0,0.5,none,True,True
101703,1.0,0.0,0.5,none,True,True
101704,1.0,0.0,0.5,none,True,True
101705,1.0,0.0,0.5,none,True,True
101706,1.0,0.0,0.5,none,True,True
101707,1.0,0.0,0.5,none,True,True
101708,1.0,0.0,0.5,none,True,True
101709,1.0,0.0,0.5,none,True,True
101710,1.0,0.0,0.5,none,True,True
101711,1.0,0.0,0.5,none,True,True
101712,1.0,0.0,0.5,none,True,True
101713,1.0,0.0,0.5,none,True,True
101714,1.0,0.0,0.5,none,True,True
101715,1.0,0.0,0.5,none,True,True
101716,1.0,0.0,0.5,none,True,True
101717,1.0,0.0,0.5,none,True,True
101718,1.0,0.0,0.5,none,True,True
101719,1.0,0.0,0.5,none,True,True
101720,1.0,0.0,0.5,none,True,True
101721,1.0,0.0,0.5,none,True,True
101722,1.0,0.0,0.5,none,True,True
101723,1.0,0.0,0.5,none,True,True
101724,1.0,0.0,0.5,none,True,True
101725,1.0,0.0,0.5,none,True,True
101726,1.0,0.0,0.5,none,True,True
101727,1.0,0.0,0.5,none,True,True
101728,1.0,0.0,0.5,none,True,True
101729,1.0,0.0,0.5,none,True,True
101730,1.0,0.0,0.5,none,True,True
101731,1.0,0.0,0.5,none,True,True
101732,1.0,0.0,0.5,none,True,True
101733,1.0,0.0,0.5,none,True,True
101734,1.0,0.0,0.5,none,True,True
101735,1.0,0.0,0.5,none,True,True
101736,1.0,0.0,0.5,none,True,True
101737,1.0,0.0,0.5,none,True,True
101738,1.0,0.0,0.5,none,True,True
101739,1.0,0.0,0.5,none,True,True
101740,1.0,0.0,0.5,none,True,True
101741,1.0,0.0,0.5,none,True,True
101742,1.0,0.0,0.5,none,True,True
101743,1.0,0.0,0.5,none,True,True
101744,1.0,0.0,0.5,none,True,True
101745,1.0,0.0,0.5,none,True,True
101746,1.0,0.0,0.5,none,True,True
101747,1.0,0.0,0.5,none,True,True
101748,1.0,0.0,0.5,none,True,True
101749,1.0,0.0,0.5,none,True,True
101750,1.0,0.0,0.5,none,True,True
101751,1.0,0.0,0.5,none,True,True
101752,1.0,0.0,0.5,none,True,True
101753,1.0,0.0,0.5,none,True,True
101754,1.0,0.0,0.5,none,True,True
101755,1.0,0.0,0.5,none,True,True
101756,1.0,0.0,0.5,none,True,True
101757,1.0,0.0,0.5,none,True,True
101758,1.0,0.0,0.5,none,True,True
101759,1.0,0.0,0.5,none,True,True
101760,1.0,0.0,0.5,none,True,True
101761,1.0,0.0,0.5,none,True,True
101762,1.0,0.0,0.5,none,True,True
101763,1.0,0.0,0.5,none,True,True
101764,1.0,0.0,0.5,none,True,True
101765,1.0,0.0,0.5,none,True,True
101766,1.0,0.0,0.5,none,True,True
101767,1.0,0.0,0.5,none,True,True
101768,1.0,0.0,0.5,none,True,True
101769,1.0,0.0,0.5,none,True,True
101770,1.0,0.0,0.5,none,True,True
101771,1.0,0.0,0.5,none,True,True
101772,1.0,0.0,0.5,none,True,True
101773,1.0,0.0,0.5,none,True,True
101774,1.0,0.0,0.5,none,True,True
101775,1.0,0.0,0.5,none,True,True
101776,1.0,0.0,0.5,none,True,True
101777,1.0,0.0,0.5,none,True,True
101778,1.0,0.0,0.5,none,True,True
101779,1.0,0.0,0.5,none,True,True
101780,1.0,0.0,0.5,none,True,True
101781,1.0,0.0,0.5,none,True,True
101782,1.0,0.0,0.5,none,True,True
101783,1.0,0.0,0.5,none,True,True
101784,1.0,0.0,0.5,none,True,True
101785,1.0,0.0,0.5,none,True,True
101786,1.0,0.0,0.5,none,True,True
101787,1.0,0.0,0.5,none,True,True
101788,1.0,0.0,0.5,none,True,True
101789,1.0,0.0,0.5,none,True,True
101790,1.0,0.0,0.5,none,True,True
101791,1.0,0.0,0.5,none,True,True
101792,1.0,0.0,0.5,none,True,True
101793,1.0,0.0,0.5,none,True,True
101794,1.0,0.0,0.5,none,True,True
101795,1.0,0.0,0.5,none,True,True
101796,1.0,0.0,0.5,none,True,True
101797,1.0,0.0,0.5,none,True,True
101798,1.0,0.0,0.5,none,True,True
101799,1.0,0.0,0.5,none,True,True
101800,1.0,0.0,0.5,none,True,True
101801,1.0,0.0,0.5,none,True,True
101802,1.0,0.0,0.5,none,True,True
101803,1.0,0.0,0.5,none,True,True
101804,1.0,0.0,0.5,none,True,True
101805,1.0,0.0,0.5,none,True,True
101806,1.0,0.0,0.5,none,True,True
101807,1.0,0.0,0.5,none,True,True
101808,1.0,0.0,0.5,none,True,True
101809,1.0,0.0,0.5,none,True,True
101810,1.0,0.0,0.5,none,True,True
101811,1.0,0.0,0.5,none,True,True
101812,1.0,0.0,0.5,none,True,True
101813,1.0,0.0,0.5,none,True,True
101814,1.0,0.0,0.5,none,True,True
101815,1.0,0.0,0.5,none,True,True
101816,1.0,0.0,0.5,none,True,True
101817,1.0,0.0,0.5,none,True,True
101818,1.0,0.0,0.5,none,True,True
101819,1.0,0.0,0.5,none,True,True
101820,1.0,0.0,0.5,none,True,True
101821,1.0,0.0,0.5,none,True,True
101822,1.0,0.0,0.5,none,True,True
101823,1.0,0.0,0.5,none,True,True
101824,1.0,0.0,0.5,none,True,True
101825,1.0,0.0,0.5,none,True,True
101826,1.0,0.0,0.5,none,True,True
101827,1.0,0.0,0.5,none,True,True
101828,1.0,0.0,0.5,none,True,True
101829,1.0,0.0,0.5,none,True,True
101830,1.0,0.0,0.5,none,True,True
101831,1.0,0.0,0.5,none,True,True
101832,1.0,0.0,0.5,none,True,True
101833,1.0,0.0,0.5,none,True,True
101834,1.0,0.0,0.5,none,True,True
101835,1.0,0.0,0.5,none,True,True
101836,1.0,0.0,0.5,none,True,True
101837,1.0,0.0,0.5,none,True,True
101838,1.0,0.0,0.5,none,True,True
101839,1.0,0.0,0.5,none,True,True
101840,1.0,0.0,0.5,none,True,True
101841,1.0,0.0,0.5,none,True,True
101842,1.0,0.0,0.5,none,True,True
101843,1.0,0.0,0.5,none,True,True
101844,1.0,0.0,0.5,none,True,True
101845,1.0,0.0,0.5,none,True,True
101846,1.0,0.0,0.5,none,True,True
101847,1.0,0.0,0.5,none,True,True
101848,1.0,0.0,0.5,none,True,True
101849,1.0,0.0,0.5,none,True,True
101850,1.0,0.0,0.5,none,True,True
101851,1.0,0.0,0.5,none,True,True
101852,1.0,0.0,0.5,none,True,True
101853,1.0,0.0,0.5,none,True,True
101854,1.0,0.0,0.5,none,True,True
101855,1.0,0.0,0.5,none,True,True
101856,1.0,0.0,0.5,none,True,True
101857,1.0,0.0,0.5,none,True,True
101858,1.0,0.0,0.5,none,True,True
101859,1.0,0.0,0.5,none,True,True
101860,1.0,0.0,0.5,none,True,True
101861,1.0,0.0,0.5,none,True,True
101862,1.0,0.0,0.5,none,True,True
101863,1.0,0.0,0.5,none,True,True
101864,1.0,0.0,0.5,none,True,True
101865,1.0,0.0,0.5,none,True,True
101866,1.0,0.0,0.5,none,True,True
101867,1.0,0.0,0.5,none,True,True
101868,1.0,0.0,0.5,none,True,True
101869,1.0,0.0,0.5,none,True,True
101870,1.0,0.0,0.5,none,True,True
101871,1.0,0.0,0.5,none,True,True
101872,1.0,0.0,0.5,none,True,True
101873,1.0,0.0,0.5,none,True,True
101874,1.0,0.0,0.5,none,True,True
101875,1.0,0.0,0.5,none,True,True
101876,1.0,0.0,0.5,none,True,True
101877,1.0,0.0,0.5,none,True,True
101878,1.0,0.0,0.5,none,True,True
101879,1.0,0.0,0.5,none,True,True
101880,1.0,0.0,0.5,none,True,True
101881,1.0,0.0,0.5,none,True,True
101882,1.0,0.0,0.5,none,True,True
101883,1.0,0.0,0.5,none,True,True
101884,1.0,0.0,0.5,none,True,True
101885,1.0,0.0,0.5,none,True,True
101886,1.0,0.0,0.5,none,True,True
101887,1.0,0.0,0.5,none,True,True
101888,1.0,0.0,0.5,none,True,True
101889,1.0,0.0,0.5,none,True,True
101890,1.0,0.0,0.5,none,True,True
101891,1.0,0.0,0.5,none,True,True
101892,1.0,0.0,0.5,none,True,True
101893,1.0,0.0,0.5,none,True,True
101894,1.0,0.0,0.5,none,True,True
101895,1.0,0.0,0.5,none,True,True
101896,1.0,0.0,0.5,none,True,True
101897,1.0,0.0,0.5,none,True,True
101898,1.0,0.0,0.5,none,True,True
101899,1.0,0.0,0.5,none,True,True
101900,1.0,0.0,0.5,none,True,True
101901,1.0,0.0,0.5,none,True,True
101902,1.0,0.0,0.5,none,True,True
101903,1.0,0.0,0.5,none,True,True
101904,1.0,0.0,0.5,none,True,True
101905,1.0,0.0,0.5,none,True,True
101906,1.0,0.0,0.5,none,True,True
101907,1.0,0.0,0.5,none,True,True
101908,1.0,0.0,0.5,none,True,True
101909,1.0,0.0,0.5,none,True,True
101910,1.0,0.0,0.5,none,True,True
101911,1.0,0.0,0.5,none,True,True
101912,1.0,0.0,0.5,none,True,True
101913,1.0,0.0,0.5,none,True,True
101914,1.0,0.0,0.5,none,True,True
101915,1.0,0.0,0.5,none,True,True
101916,1.0,0.0,0.5,none,True,True
101917,1.0,0.0,0.5,none,True,True
101918,1.0,0.0,0.5,none,True,True
101919,1.0,0.0,0.5,none,True,True
101920,1.0,0.0,0.5,none,True,True
101921,1.0,0.0,0.5,none,True,True
101922,1.0,0.0,0.5,none,True,True
101923,1.0,0.0,0.5,none,True,True
101924,1.0,0.0,0.5,none,True,True
101925,1.0,0.0,0.5,none,True,True
101926,1.0,0.0,0.5,none,True,True
101927,1.0,0.0,0.5,none,True,True
101928,1.0,0.0,0.5,none,True,True
101929,1.0,0.0,0.5,none,True,True
101930,1.0,0.0,0.5,none,True,True
101931,1.0,0.0,0.5,none,True,True
101932,1.0,0.0,0.5,none,True,True
101933,1.0,0.0,0.5,none,True,True
101934,1.0,0.0,0.5,none,True,True
101935,1.0,0.0,0.5,none,True,True
101936,1.0,0.0,0.5,none,True,True
101937,1.0,0.0,0.5,none,True,True
101938,1.0,0.0,0.5,none,True,True
101939,1.0,0.0,0.5,none,True,True
101940,1.0,0.0,0.5,none,True,True
101941,1.0,0.0,0.5,none,True,True
101942,1.0,0.0,0.5,none,True,True
101943,1.0,0.0,0.5,none,True,True
101944,1.0,0.0,0.5,none,True,True
101945,1.0,0.0,0.5,none,True,True
101946,1.0,0.0,0.5,none,True,True
101947,1.0,0.0,0.5,none,True,True
101948,1.0,0.0,0.5,none,True,True
101949,1.0,0.0,0.5,none,True,True
101950,1.0,0.0,0.5,none,True,True
101951,1.0,0.0,0.5,none,True,True
101952,1.0,0.0,0.5,none,True,True
101953,1.0,0.0,0.5,none,True,True
101954,1.0,0.0,0.5,none,True,True
101955,1.0,0.0,0.5,none,True,True
101956,1.0,0.0,0.5,none,True,True
101957,1.0,0.0,0.5,none,True,True
101958,1.0,0.0,0.5,none,True,True
101959,1.0,0.0,0.5,none,True,True
101960,1.0,0.0,0.5,none,True,True
101961,1.0,0.0,0.5,none,True,True
101962,1.0,0.0,0.5,none,True,True
101963,1.0,0.0,0.5,none,True,True
101964,1.0,0.0,0.5,none,True,True
101965,1.0,0.0,0.5,none,True,True
101966,1.0,0.0,0.5,none,True,True
101967,1.0,0.0,0.5,none,True,True
101968,1.0,0.0,0.5,none,True,True
101969,1.0,0.0,0.5,none,True,True
101970,1.0,0.0,0.5,none,True,True
101971,1.0,0.0,0.5,none,True,True
101972,1.0,0.0,0.5,none,True,True
101973,1.0,0.0,0.5,none,True,True
101974,1.0,0.0,0.5,none,True,True
101975,1.0,0.0,0.5,none,True,True
101976,1.0,0.0,0.5,none,True,True
101977,1.0,0.0,0.5,none,True,True
101978,1.0,0.0,0.5,none,True,True
101979,1.0,0.0,0.5,none,True,True
101980,1.0,0.0,0.5,none,True,True
101981,1.0,0.0,0.5,none,True,True
101982,1.0,0.0,0.5,none,True,True
101983,1.0,0.0,0.5,none,True,True
101984,1.0,0.0,0.5,none,True,True
101985,1.0,0.0,0.5,none,True,True
101986,1.0,0.0,0.5,none,True,True
101987,1.0,0.0,0.5,none,True,True
101988,1.0,0.0,0.5,none,True,True
101989,1.0,0.0,0.5,none,True,True
101990,1.0,0.0,0.5,none,True,True
101991,1.0,0.0,0.5,none,True,True
101992,1.0,0.0,0.5,none,True,True
101993,1.0,0.0,0.5,none,True,True
101994,1.0,0.0,0.5,none,True,True
101995,1.0,0.0,0.5,none,True,True
101996,1.0,0.0,0.5,none,True,True
101997,1.0,0.0,0.5,none,True,True
101998,1.0,0.0,0.5,none,True,True
101999,1.0,0.0,0.5,none,True,True
102000,1.0,0.0,0.5,none,True,True
102001,1.0,0.0,0.5,none,True,True
102002,1.0,0.0,0.5,none,True,True
102003,1.0,0.0,0.5,none,True,True
102004,1.0,0.0,0.5,none,True,True
102005,1.0,0.0,0.5,none,True,True
102006,1.0,0.0,0.5,none,True,True
102007,1.0,0.0,0.5,none,True,True
102008,1.0,0.0,0.5,none,True,True
102009,1.0,0.0,0.5,none,True,True
102010,1.0,0.0,0.5,none,True,True
102011,1.0,0.0,0.5,none,True,True
102012,1.0,0.0,0.5,none,True,True
102013,1.0,0.0,0.5,none,True,True
102014,1.0,0.0,0.5,none,True,True
102015,1.0,0.0,0.5,none,True,True
102016,1.0,0.0,0.5,none,True,True
102017,1.0,0.0,0.5,none,True,True
102018,1.0,0.0,0.5,none,True,True
102019,1.0,0.0,0.5,none,True,True
102020,1.0,0.0,0.5,none,True,True
102021,1.0,0.0,0.5,none,True,True
102022,1.0,0.0,0.5,none,True,True
102023,1.0,0.0,0.5,none,True,True
102024,1.0,0.0,0.5,none,True,True
102025,1.0,0.0,0.5,none,True,True
102026,1.0,0.0,0.5,none,True,True
102027,1.0,0.0,0.5,none,True,True
102028,1.0,0.0,0.5,none,True,True
102029,1.0,0.0,0.5,none,True,True
102030,1.0,0.0,0.5,none,True,True
102031,1.0,0.0,0.5,none,True,True
102032,1.0,0.0,0.5,none,True,True
102033,1.0,0.0,0.5,none,True,True
102034,1.0,0.0,0.5,none,True,True
102035,1.0,0.0,0.5,none,True,True
102036,1.0,0.0,0.5,none,True,True
102037,1.0,0.0,0.5,none,True,True
102038,1.0,0.0,0.5,none,True,True
102039,1.0,0.0,0.5,none,True,True
102040,1.0,0.0,0.5,none,True,True
102041,1.0,0.0,0.5,none,True,True
102042,1.0,0.0,0.5,none,True,True
102043,1.0,0.0,0.5,none,True,True
102044,1.0,0.0,0.5,none,True,True
102045,1.0,0.0,0.5,none,True,True
102046,1.0,0.0,0.5,none,True,True
102047,1.0,0.0,0.5,none,True,True
102048,1.0,0.0,0.5,none,True,True
102049,1.0,0.0,0.5,none,True,True
102050,1.0,0.0,0.5,none,True,True
102051,1.0,0.0,0.5,none,True,True
102052,1.0,0.0,0.5,none,True,True
102053,1.0,0.0,0.5,none,True,True
102054,1.0,0.0,0.5,none,True,True
102055,1.0,0.0,0.5,none,True,True
102056,1.0,0.0,0.5,none,True,True
102057,1.0,0.0,0.5,none,True,True
102058,1.0,0.0,0.5,none,True,True
102059,1.0,0.0,0.5,none,True,True
102060,1.0,0.0,0.5,none,True,True
102061,1.0,0.0,0.5,none,True,True
102062,1.0,0.0,0.5,none,True,True
102063,1.0,0.0,0.5,none,True,True
102064,1.0,0.0,0.5,none,True,True
102065,1.0,0.0,0.5,none,True,True
102066,1.0,0.0,0.5,none,True,True
102067,1.0,0.0,0.5,none,True,True
102068,1.0,0.0,0.5,none,True,True
102069,1.0,0.0,0.5,none,True,True
102070,1.0,0.0,0.5,none,True,True
102071,1.0,0.0,0.5,none,True,True
102072,1.0,0.0,0.5,none,True,True
102073,1.0,0.0,0.5,none,True,True
102074,1.0,0.0,0.5,none,True,True
102075,1.0,0.0,0.5,none,True,True
102076,1.0,0.0,0.5,none,True,True
102077,1.0,0.0,0.5,none,True,True
102078,1.0,0.0,0.5,none,True,True
102079,1.0,0.0,0.5,none,True,True
102080,1.0,0.0,0.5,none,True,True
102081,1.0,0.0,0.5,none,True,True
102082,1.0,0.0,0.5,none,True,True
102083,1.0,0.0,0.5,none,True,True
102084,1.0,0.0,0.5,none,True,True
102085,1.0,0.0,0.5,none,True,True
102086,1.0,0.0,0.5,none,True,True
102087,1.0,0.0,0.5,none,True,True
102088,1.0,0.0,0.5,none,True,True
102089,1.0,0.0,0.5,none,True,True
102090,1.0,0.0,0.5,none,True,True
102091,1.0,0.0,0.5,none,True,True
102092,1.0,0.0,0.5,none,True,True
102093,1.0,0.0,0.5,none,True,True
102094,1.0,0.0,0.5,none,True,True
102095,1.0,0.0,0.5,none,True,True
102096,1.0,0.0,0.5,none,True,True
102097,1.0,0.0,0.5,none,True,True
102098,1.0,0.0,0.5,none,True,True
102099,1.0,0.0,0.5,none,True,True
102100,1.0,0.0,0.5,none,True,True
102101,1.0,0.0,0.5,none,True,True
102102,1.0,0.0,0.5,none,True,True
102103,1.0,0.0,0.5,none,True,True
102104,1.0,0.0,0.5,none,True,True
102105,1.0,0.0,0.5,none,True,True
102106,1.0,0.0,0.5,none,True,True
102107,1.0,0.0,0.5,none,True,True
102108,1.0,0.0,0.5,none,True,True
102109,1.0,0.0,0.5,none,True,True
102110,1.0,0.0,0.5,none,True,True
102111,1.0,0.0,0.5,none,True,True
102112,1.0,0.0,0.5,none,True,True
102113,1.0,0.0,0.5,none,True,True
102114,1.0,0.0,0.5,none,True,True
102115,1.0,0.0,0.5,none,True,True
102116,1.0,0.0,0.5,none,True,True
102117,1.0,0.0,0.5,none,True,True
102118,1.0,0.0,0.5,none,True,True
102119,1.0,0.0,0.5,none,True,True
102120,1.0,0.0,0.5,none,True,True
102121,1.0,0.0,0.5,none,True,True
102122,1.0,0.0,0.5,none,True,True
102123,1.0,0.0,0.5,none,True,True
102124,1.0,0.0,0.5,none,True,True
102125,1.0,0.0,0.5,none,True,True
102126,1.0,0.0,0.5,none,True,True
102127,1.0,0.0,0.5,none,True,True
102128,1.0,0.0,0.5,none,True,True
102129,1.0,0.0,0.5,none,True,True
102130,1.0,0.0,0.5,none,True,True
102131,1.0,0.0,0.5,none,True,True
102132,1.0,0.0,0.5,none,True,True
102133,1.0,0.0,0.5,none,True,True
102134,1.0,0.0,0.5,none,True,True
102135,1.0,0.0,0.5,none,True,True
102136,1.0,0.0,0.5,none,True,True
102137,1.0,0.0,0.5,none,True,True
102138,1.0,0.0,0.5,none,True,True
102139,1.0,0.0,0.5,none,True,True
102140,1.0,0.0,0.5,none,True,True
102141,1.0,0.0,0.5,none,True,True
102142,1.0,0.0,0.5,none,True,True
102143,1.0,0.0,0.5,none,True,True
102144,1.0,0.0,0.5,none,True,True
102145,1.0,0.0,0.5,none,True,True
102146,1.0,0.0,0.5,none,True,True
102147,1.0,0.0,0.5,none,True,True
102148,1.0,0.0,0.5,none,True,True
102149,1.0,0.0,0.5,none,True,True
102150,1.0,0.0,0.5,none,True,True
102151,1.0,0.0,0.5,none,True,True
102152,1.0,0.0,0.5,none,True,True
102153,1.0,0.0,0.5,none,True,True
102154,1.0,0.0,0.5,none,True,True
102155,1.0,0.0,0.5,none,True,True
102156,1.0,0.0,0.5,none,True,True
102157,1.0,0.0,0.5,none,True,True
102158,1.0,0.0,0.5,none,True,True
102159,1.0,0.0,0.5,none,True,True
102160,1.0,0.0,0.5,none,True,True
102161,1.0,0.0,0.5,none,True,True
102162,1.0,0.0,0.5,none,True,True
102163,1.0,0.0,0.5,none,True,True
102164,1.0,0.0,0.5,none,True,True
102165,1.0,0.0,0.5,none,True,True
102166,1.0,0.0,0.5,none,True,True
102167,1.0,0.0,0.5,none,True,True
102168,1.0,0.0,0.5,none,True,True
102169,1.0,0.0,0.5,none,True,True
102170,1.0,0.0,0.5,none,True,True
102171,1.0,0.0,0.5,none,True,True
102172,1.0,0.0,0.5,none,True,True
102173,1.0,0.0,0.5,none,True,True
102174,1.0,0.0,0.5,none,True,True
102175,1.0,0.0,0.5,none,True,True
102176,1.0,0.0,0.5,none,True,True
102177,1.0,0.0,0.5,none,True,True
102178,1.0,0.0,0.5,none,True,True
102179,1.0,0.0,0.5,none,True,True
102180,1.0,0.0,0.5,none,True,True
102181,1.0,0.0,0.5,none,True,True
102182,1.0,0.0,0.5,none,True,True
102183,1.0,0.0,0.5,none,True,True
102184,1.0,0.0,0.5,none,True,True
102185,1.0,0.0,0.5,none,True,True
102186,1.0,0.0,0.5,none,True,True
102187,1.0,0.0,0.5,none,True,True
102188,1.0,0.0,0.5,none,True,True
102189,1.0,0.0,0.5,none,True,True
102190,1.0,0.0,0.5,none,True,True
102191,1.0,0.0,0.5,none,True,True
102192,1.0,0.0,0.5,none,True,True
102193,1.0,0.0,0.5,none,True,True
102194,1.0,0.0,0.5,none,True,True
102195,1.0,0.0,0.5,none,True,True
102196,1.0,0.0,0.5,none,True,True
102197,1.0,0.0,0.5,none,True,True
102198,1.0,0.0,0.5,none,True,True
102199,1.0,0.0,0.5,none,True,True
102200,1.0,0.0061,0.5,none,True,True
102201,1.0,0.0357,0.5,none,True,True
102202,1.0,0.0812,0.5,none,True,True
102203,1.0,0.1113,0.5,none,True,True
102204,1.0,0.1253,0.5,none,True,True
102205,1.0,0.1408,0.5,none,True,True
102206,1.0,0.0907,0.5,none,True,True
102207,1.0,0.1198,0.5,none,True,True
102208,1.0,0.0467,0.5,none,True,True
102209,1.0,0.0522,0.5,none,True,True
102210,1.0,0.0405,0.5,none,True,True
102211,1.0,0.0313,0.5,none,True,True
102212,1.0,0.0083,0.5,none,True,True
102213,1.0,0.0726,0.5,none,True,True
102214,1.0,0.0793,0.5,none,True,True
102215,1.0,0.0581,0.5,none,True,True
102216,1.0,0.0955,0.5,none,True,True
102217,1.0,0.0839,0.5,none,True,True
102218,1.0,0.0648,0.5,none,True,True
102219,1.0,0.0718,0.5,none,True,True
102220,1.0,0.0589,0.5,none,True,True
102221,1.0,0.0403,0.5,none,True,True
102222,1.0,0.0327,0.5,none,True,True
102223,1.0,0.0277,0.5,none,True,True
102224,1.0,0.017,0.5,none,True,True
102225,1.0,0.0102,0.5,none,True,True
102226,1.0,0.0099,0.5,none,True,True
102227,1.0,0.008,0.5,none,True,True
102228,1.0,0.005,0.5,none,True,True
102229,1.0,0.0063,0.5,none,True,True
102230,1.0,0.009,0.5,none,True,True
102231,1.0,0.0096,0.5,none,True,True
102232,1.0,0.0108,0.5,none,True,True
102233,1.0,0.014,0.5,none,True,True
102234,1.0,0.0161,0.5,none,True,True
102235,1.0,0.0167,0.5,none,True,True
102236,1.0,0.0182,0.5,none,True,True
102237,1.0,0.0196,0.5,none,True,True
102238,1.0,0.0197,0.5,none,True,True
102239,1.0,0.0193,0.5,none,True,True
102240,1.0,0.0193,0.5,none,True,True
102241,1.0,0.0187,0.5,none,True,True
102242,1.0,0.0174,0.5,none,True,True
102243,1.0,0.0163,0.5,none,True,True
102244,1.0,0.0152,0.5,none,True,True
102245,1.0,0.0138,0.5,none,True,True
102246,1.0,0.0123,0.5,none,True,True
102247,1.0,0.0111,0.5,none,True,True
102248,1.0,0.01,0.5,none,True,True
102249,1.0,0.0088,0.5,none,True,True
102250,1.0,0.0078,0.5,none,True,True
102251,1.0,0.0071,0.5,none,True,True
102252,1.0,0.0064,0.5,none,True,True
102253,1.0,0.0057,0.5,none,True,True
102254,1.0,0.0053,0.5,none,True,True
102255,1.0,0.005,0.5,none,True,True
102256,1.0,0.0047,0.5,none,True,True
102257,1.0,0.0045,0.5,none,True,True
102258,1.0,0.0044,0.5,none,True,True
102259,1.0,0.0043,0.5,none,True,True
102260,1.0,0.0042,0.5,none,True,True
102261,1.0,0.0041,0.5,none,True,True
102262,1.0,0.004,0.5,none,True,True
102263,1.0,0.0039,0.5,none,True,True
102264,1.0,0.0038,0.5,none,True,True
102265,1.0,0.0037,0.5,none,True,True
102266,1.0,0.0035,0.5,none,True,True
102267,1.0,0.0033,0.5,none,True,True
102268,1.0,0.0032,0.5,none,True,True
102269,1.0,0.003,0.5,none,True,True
102270,1.0,0.0028,0.5,none,True,True
102271,1.0,0.0026,0.5,none,True,True
102272,1.0,0.0024,0.5,none,True,True
102273,1.0,0.0023,0.5,none,True,True
102274,1.0,0.0021,0.5,none,True,True
102275,1.0,0.0019,0.5,none,True,True
102276,1.0,0.0018,0.5,none,True,True
102277,1.0,0.0017,0.5,none,True,True
102278,1.0,0.0015,0.5,none,True,True
102279,1.0,0.0014,0.5,none,True,True
102280,1.0,0.0013,0.5,none,True,True
102281,1.0,0.0013,0.5,none,True,True
102282,1.0,0.0012,0.5,none,True,True
102283,1.0,0.0011,0.5,none,True,True
102284,1.0,0.0011,0.5,none,True,True
102285,1.0,0.001,0.5,none,True,True
102286,1.0,0.001,0.5,none,True,True
102287,1.0,0.0009,0.5,none,True,True
102288,1.0,0.0009,0.5,none,True,True
102289,1.0,0.0008,0.5,none,True,True
102290,1.0,0.0008,0.5,none,True,True
102291,1.0,0.0008,0.5,none,True,True
102292,1.0,0.0007,0.5,none,True,True
102293,1.0,0.0007,0.5,none,True,True
102294,1.0,0.0006,0.5,none,True,True
102295,1.0,0.0006,0.5,none,True,True
102296,1.0,0.0006,0.5,none,True,True
102297,1.0,0.0005,0.5,none,True,True
102298,1.0,0.0005,0.5,none,True,True
102299,1.0,0.0005,0.5,none,True,True
102300,1.0,0.0004,0.5,none,True,True
102301,1.0,0.0004,0.5,none,True,True
102302,1.0,0.0004,0.5,none,True,True
102303,1.0,0.0004,0.5,none,True,True
102304,1.0,0.0003,0.5,none,True,True
102305,1.0,0.0003,0.5,none,True,True
102306,1.0,0.0003,0.5,none,True,True
102307,1.0,0.0003,0.5,none,True,True
102308,1.0,0.0003,0.5,none,True,True
102309,1.0,0.0003,0.5,none,True,True
102310,1.0,0.0002,0.5,none,True,True
102311,1.0,0.0002,0.5,none,True,True
102312,1.0,0.0002,0.5,none,True,True
102313,1.0,0.0002,0.5,none,True,True
102314,1.0,0.0002,0.5,none,True,True
102315,1.0,0.0002,0.5,none,True,True
102316,1.0,0.0002,0.5,none,True,True
102317,1.0,0.0002,0.5,none,True,True
102318,1.0,0.0002,0.5,none,True,True
102319,1.0,0.0001,0.5,none,True,True
102320,1.0,0.0001,0.5,none,True,True
102321,1.0,0.0001,0.5,none,True,True
102322,1.0,0.0001,0.5,none,True,True
102323,1.0,0.0001,0.5,none,True,True
102324,1.0,0.0001,0.5,none,True,True
102325,1.0,0.0001,0.5,none,True,True
102326,1.0,0.0001,0.5,none,True,True
102327,1.0,0.0001,0.5,none,True,True
102328,1.0,0.0001,0.5,none,True,True
102329,1.0,0.0001,0.5,none,True,True
102330,1.0,0.0001,0.5,none,True,True
102331,1.0,0.0001,0.5,none,True,True
102332,1.0,0.0001,0.5,none,True,True
102333,1.0,0.0001,0.5,none,True,True
102334,1.0,0.0001,0.5,none,True,True
102335,1.0,0.0001,0.5,none,True,True
102336,1.0,0.0001,0.5,none,True,True
102337,1.0,0.0,0.5,none,True,True
102338,1.0,0.0,0.5,none,True,True
102339,1.0,0.0,0.5,none,True,True
102340,1.0,0.0,0.5,none,True,True
102341,1.0,0.0,0.5,none,True,True
102342,1.0,0.0,0.5,none,True,True
102343,1.0,0.0,0.5,none,True,True
102344,1.0,0.0,0.5,none,True,True
102345,1.0,0.0,0.5,none,True,True
102346,1.0,0.0,0.5,none,True,True
102347,1.0,0.0,0.5,none,True,True
102348,1.0,0.0,0.5,none,True,True
102349,1.0,0.0,0.5,none,True,True
102350,1.0,0.0,0.5,none,True,True
102351,1.0,0.0,0.5,none,True,True
102352,1.0,0.0,0.5,none,True,True
102353,1.0,0.0,0.5,none,True,True
102354,1.0,0.0,0.5,none,True,True
102355,1.0,0.0,0.5,none,True,True
102356,1.0,0.0,0.5,none,True,True
102357,1.0,0.0,0.5,none,True,True
102358,1.0,0.0,0.5,none,True,True
102359,1.0,0.0,0.5,none,True,True
102360,1.0,0.0,0.5,none,True,True
102361,1.0,0.0,0.5,none,True,True
102362,1.0,0.0,0.5,none,True,True
102363,1.0,0.0,0.5,none,True,True
102364,1.0,0.0,0.5,none,True,True
102365,1.0,0.0,0.5,none,True,True
102366,1.0,0.0,0.5,none,True,True
102367,1.0,0.0,0.5,none,True,True
102368,1.0,0.0,0.5,none,True,True
102369,1.0,0.0,0.5,none,True,True
102370,1.0,0.0,0.5,none,True,True
102371,1.0,0.0,0.5,none,True,True
102372,1.0,0.0,0.5,none,True,True
102373,1.0,0.0,0.5,none,True,True
102374,1.0,0.0,0.5,none,True,True
102375,1.0,0.0,0.5,none,True,True
102376,1.0,0.0,0.5,none,True,True
102377,1.0,0.0,0.5,none,True,True
102378,1.0,0.0,0.5,none,True,True
102379,1.0,0.0,0.5,none,True,True
102380,1.0,0.0,0.5,none,True,True
102381,1.0,0.0,0.5,none,True,True
102382,1.0,0.0,0.5,none,True,True
102383,1.0,0.0,0.5,none,True,True
102384,1.0,0.0,0.5,none,True,True
102385,1.0,0.0,0.5,none,True,True
102386,1.0,0.0,0.5,none,True,True
102387,1.0,0.0,0.5,none,True,True
102388,1.0,0.0,0.5,none,True,True
102389,1.0,0.0,0.5,none,True,True
102390,1.0,0.0,0.5,none,True,True
102391,1.0,0.0,0.5,none,True,True
102392,1.0,0.0,0.5,none,True,True
102393,1.0,0.0,0.5,none,True,True
102394,1.0,0.0,0.5,none,True,True
102395,1.0,0.0,0.5,none,True,True
102396,1.0,0.0,0.5,none,True,True
102397,1.0,0.0,0.5,none,True,True
102398,1.0,0.0,0.5,none,True,True
102399,1.0,0.0,0.5,none,True,True
102400,1.0,0.0,0.5,none,True,True
102401,1.0,0.0,0.5,none,True,True
102402,1.0,0.0,0.5,none,True,True
102403,1.0,0.0,0.5,none,True,True
102404,1.0,0.0,0.5,none,True,True
102405,1.0,0.0,0.5,none,True,True
102406,1.0,0.0,0.5,none,True,True
102407,1.0,0.0,0.5,none,True,True
102408,1.0,0.0,0.5,none,True,True
102409,1.0,0.0,0.5,none,True,True
102410,1.0,0.0,0.5,none,True,True
102411,1.0,0.0,0.5,none,True,True
102412,1.0,0.0,0.5,none,True,True
102413,1.0,0.0,0.5,none,True,True
102414,1.0,0.0,0.5,none,True,True
102415,1.0,0.0,0.5,none,True,True
102416,1.0,0.0,0.5,none,True,True
102417,1.0,0.0,0.5,none,True,True
102418,1.0,0.0,0.5,none,True,True
102419,1.0,0.0,0.5,none,True,True
102420,1.0,0.0,0.5,none,True,True
102421,1.0,0.0,0.5,none,True,True
102422,1.0,0.0,0.5,none,True,True
102423,1.0,0.0,0.5,none,True,True
102424,1.0,0.0,0.5,none,True,True
102425,1.0,0.0,0.5,none,True,True
102426,1.0,0.0,0.5,none,True,True
102427,1.0,0.0,0.5,none,True,True
102428,1.0,0.0,0.5,none,True,True
102429,1.0,0.0,0.5,none,True,True
102430,1.0,0.0,0.5,none,True,True
102431,1.0,0.0,0.5,none,True,True
102432,1.0,0.0,0.5,none,True,True
102433,1.0,0.0,0.5,none,True,True
102434,1.0,0.0,0.5,none,True,True
102435,1.0,0.0,0.5,none,True,True
102436,1.0,0.0,0.5,none,True,True
102437,1.0,0.0,0.5,none,True,True
102438,1.0,0.0,0.5,none,True,True
102439,1.0,0.0,0.5,none,True,True
102440,1.0,0.0,0.5,none,True,True
102441,1.0,0.0,0.5,none,True,True
102442,1.0,0.0,0.5,none,True,True
102443,1.0,0.0,0.5,none,True,True
102444,1.0,0.0,0.5,none,True,True
102445,1.0,0.0,0.5,none,True,True
102446,1.0,0.0,0.5,none,True,True
102447,1.0,0.0,0.5,none,True,True
102448,1.0,0.0,0.5,none,True,True
102449,1.0,0.0,0.5,none,True,True
102450,1.0,0.0,0.5,none,True,True
102451,1.0,0.0,0.5,none,True,True
102452,1.0,0.0,0.5,none,True,True
102453,1.0,0.0,0.5,none,True,True
102454,1.0,0.0,0.5,none,True,True
102455,1.0,0.0,0.5,none,True,True
102456,1.0,0.0,0.5,none,True,True
102457,1.0,0.0,0.5,none,True,True
102458,1.0,0.0,0.5,none,True,True
102459,1.0,0.0,0.5,none,True,True
102460,1.0,0.0,0.5,none,True,True
102461,1.0,0.0,0.5,none,True,True
102462,1.0,0.0,0.5,none,True,True
102463,1.0,0.0,0.5,none,True,True
102464,1.0,0.0,0.5,none,True,True
102465,1.0,0.0,0.5,none,True,True
102466,1.0,0.0,0.5,none,True,True
102467,1.0,0.0,0.5,none,True,True
102468,1.0,0.0,0.5,none,True,True
102469,1.0,0.0,0.5,none,True,True
102470,1.0,0.0,0.5,none,True,True
102471,1.0,0.0,0.5,none,True,True
102472,1.0,0.0,0.5,none,True,True
102473,1.0,0.0,0.5,none,True,True
102474,1.0,0.0,0.5,none,True,True
102475,1.0,0.0,0.5,none,True,True
102476,1.0,0.0,0.5,none,True,True
102477,1.0,0.0,0.5,none,True,True
102478,1.0,0.0,0.5,none,True,True
102479,1.0,0.0,0.5,none,True,True
102480,1.0,0.0,0.5,none,True,True
102481,1.0,0.0,0.5,none,True,True
102482,1.0,0.0,0.5,none,True,True
102483,1.0,0.0,0.5,none,True,True
102484,1.0,0.0,0.5,none,True,True
102485,1.0,0.0,0.5,none,True,True
102486,1.0,0.0,0.5,none,True,True
102487,1.0,0.0,0.5,none,True,True
102488,1.0,0.0,0.5,none,True,True
102489,1.0,0.0,0.5,none,True,True
102490,1.0,0.0,0.5,none,True,True
102491,1.0,0.0,0.5,none,True,True
102492,1.0,0.0,0.5,none,True,True
102493,1.0,0.0,0.5,none,True,True
102494,1.0,0.0,0.5,none,True,True
102495,1.0,0.0,0.5,none,True,True
102496,1.0,0.0,0.5,none,True,True
102497,1.0,0.0,0.5,none,True,True
102498,1.0,0.0,0.5,none,True,True
102499,1.0,0.0,0.5,none,True,True
102500,1.0,0.0,0.5,none,True,True
102501,1.0,0.0,0.5,none,True,True
102502,1.0,0.0,0.5,none,True,True
102503,1.0,0.0,0.5,none,True,True
102504,1.0,0.0,0.5,none,True,True
102505,1.0,0.0,0.5,none,True,True
102506,1.0,0.0,0.5,none,True,True
102507,1.0,0.0,0.5,none,True,True
102508,1.0,0.0,0.5,none,True,True
102509,1.0,0.0,0.5,none,True,True
102510,1.0,0.0,0.5,none,True,True
102511,1.0,0.0,0.5,none,True,True
102512,1.0,0.0,0.5,none,True,True
102513,1.0,0.0,0.5,none,True,True
102514,1.0,0.0,0.5,none,True,True
102515,1.0,0.0,0.5,none,True,True
102516,1.0,0.0,0.5,none,True,True
102517,1.0,0.0,0.5,none,True,True
102518,1.0,0.0,0.5,none,True,True
102519,1.0,0.0,0.5,none,True,True
102520,1.0,0.0,0.5,none,True,True
102521,1.0,0.0,0.5,none,True,True
102522,1.0,0.0,0.5,none,True,True
102523,1.0,0.0,0.5,none,True,True
102524,1.0,0.0,0.5,none,True,True
102525,1.0,0.0,0.5,none,True,True
102526,1.0,0.0,0.5,none,True,True
102527,1.0,0.0,0.5,none,True,True
102528,1.0,0.0,0.5,none,True,True
102529,1.0,0.0,0.5,none,True,True
102530,1.0,0.0,0.5,none,True,True
102531,1.0,0.0,0.5,none,True,True
102532,1.0,0.0,0.5,none,True,True
102533,1.0,0.0,0.5,none,True,True
102534,1.0,0.0,0.5,none,True,True
102535,1.0,0.0,0.5,none,True,True
102536,1.0,0.0,0.5,none,True,True
102537,1.0,0.0,0.5,none,True,True
102538,1.0,0.0,0.5,none,True,True
102539,1.0,0.0,0.5,none,True,True
102540,1.0,0.0,0.5,none,True,True
102541,1.0,0.0,0.5,none,True,True
102542,1.0,0.0,0.5,none,True,True
102543,1.0,0.0,0.5,none,True,True
102544,1.0,0.0,0.5,none,True,True
102545,1.0,0.0,0.5,none,True,True
102546,1.0,0.0,0.5,none,True,True
102547,1.0,0.0,0.5,none,True,True
102548,1.0,0.0,0.5,none,True,True
102549,1.0,0.0,0.5,none,True,True
102550,1.0,0.0,0.5,none,True,True
102551,1.0,0.0,0.5,none,True,True
102552,1.0,0.0,0.5,none,True,True
102553,1.0,0.0,0.5,none,True,True
102554,1.0,0.0,0.5,none,True,True
102555,1.0,0.0,0.5,none,True,True
102556,1.0,0.0,0.5,none,True,True
102557,1.0,0.0,0.5,none,True,True
102558,1.0,0.0,0.5,none,True,True
102559,1.0,0.0,0.5,none,True,True
102560,1.0,0.0,0.5,none,True,True
102561,1.0,0.0,0.5,none,True,True
102562,1.0,0.0,0.5,none,True,True
102563,1.0,0.0,0.5,none,True,True
102564,1.0,0.0,0.5,none,True,True
102565,1.0,0.0,0.5,none,True,True
102566,1.0,0.0,0.5,none,True,True
102567,1.0,0.0,0.5,none,True,True
102568,1.0,0.0,0.5,none,True,True
102569,1.0,0.0,0.5,none,True,True
102570,1.0,0.0,0.5,none,True,True
102571,1.0,0.0,0.5,none,True,True
102572,1.0,0.0,0.5,none,True,True
102573,1.0,0.0,0.5,none,True,True
102574,1.0,0.0,0.5,none,True,True
102575,1.0,0.0,0.5,none,True,True
102576,1.0,0.0,0.5,none,True,True
102577,1.0,0.0,0.5,none,True,True
102578,1.0,0.0,0.5,none,True,True
102579,1.0,0.0,0.5,none,True,True
102580,1.0,0.0,0.5,none,True,True
102581,1.0,0.0,0.5,none,True,True
102582,1.0,0.0,0.5,none,True,True
102583,1.0,0.0,0.5,none,True,True
102584,1.0,0.0,0.5,none,True,True
102585,1.0,0.0,0.5,none,True,True
102586,1.0,0.0,0.5,none,True,True
102587,1.0,0.0,0.5,none,True,True
102588,1.0,0.0,0.5,none,True,True
102589,1.0,0.0,0.5,none,True,True
102590,1.0,0.0,0.5,none,True,True
102591,1.0,0.0,0.5,none,True,True
102592,1.0,0.0,0.5,none,True,True
102593,1.0,0.0,0.5,none,True,True
102594,1.0,0.0,0.5,none,True,True
102595,1.0,0.0,0.5,none,True,True
102596,1.0,0.0,0.5,none,True,True
102597,1.0,0.0,0.5,none,True,True
102598,1.0,0.0,0.5,none,True,True
102599,1.0,0.0,0.5,none,True,True
102600,1.0,0.0,0.5,none,True,True
102601,1.0,0.0,0.5,none,True,True
102602,1.0,0.0,0.5,none,True,True
102603,1.0,0.0,0.5,none,True,True
102604,1.0,0.0,0.5,none,True,True
102605,1.0,0.0,0.5,none,True,True
102606,1.0,0.0,0.5,none,True,True
102607,1.0,0.0,0.5,none,True,True
102608,1.0,0.0,0.5,none,True,True
102609,1.0,0.0,0.5,none,True,True
102610,1.0,0.0,0.5,none,True,True
102611,1.0,0.0,0.5,none,True,True
102612,1.0,0.0,0.5,none,True,True
102613,1.0,0.0,0.5,none,True,True
102614,1.0,0.0,0.5,none,True,True
102615,1.0,0.0,0.5,none,True,True
102616,1.0,0.0,0.5,none,True,True
102617,1.0,0.0,0.5,none,True,True
102618,1.0,0.0,0.5,none,True,True
102619,1.0,0.0,0.5,none,True,True
102620,1.0,0.0,0.5,none,True,True
102621,1.0,0.0,0.5,none,True,True
102622,1.0,0.0,0.5,none,True,True
102623,1.0,0.0,0.5,none,True,True
102624,1.0,0.0,0.5,none,True,True
102625,1.0,0.0,0.5,none,True,True
102626,1.0,0.0,0.5,none,True,True
102627,1.0,0.0,0.5,none,True,True
102628,1.0,0.0,0.5,none,True,True
102629,1.0,0.0,0.5,none,True,True
102630,1.0,0.0,0.5,none,True,True
102631,1.0,0.0,0.5,none,True,True
102632,1.0,0.0,0.5,none,True,True
102633,1.0,0.0,0.5,none,True,True
102634,1.0,0.0,0.5,none,True,True
102635,1.0,0.0,0.5,none,True,True
102636,1.0,0.0,0.5,none,True,True
102637,1.0,0.0,0.5,none,True,True
102638,1.0,0.0,0.5,none,True,True
102639,1.0,0.0,0.5,none,True,True
102640,1.0,0.0,0.5,none,True,True
102641,1.0,0.0,0.5,none,True,True
102642,1.0,0.0,0.5,none,True,True
102643,1.0,0.0,0.5,none,True,True
102644,1.0,0.0,0.5,none,True,True
102645,1.0,0.0,0.5,none,True,True
102646,1.0,0.0,0.5,none,True,True
102647,1.0,0.0,0.5,none,True,True
102648,1.0,0.0,0.5,none,True,True
102649,1.0,0.0,0.5,none,True,True
102650,1.0,0.0,0.5,none,True,True
102651,1.0,0.0,0.5,none,True,True
102652,1.0,0.0,0.5,none,True,True
102653,1.0,0.0,0.5,none,True,True
102654,1.0,0.0,0.5,none,True,True
102655,1.0,0.0,0.5,none,True,True
102656,1.0,0.0,0.5,none,True,True
102657,1.0,0.0,0.5,none,True,True
102658,1.0,0.0,0.5,none,True,True
102659,1.0,0.0,0.5,none,True,True
102660,1.0,0.0,0.5,none,True,True
102661,1.0,0.0,0.5,none,True,True
102662,1.0,0.0,0.5,none,True,True
102663,1.0,0.0,0.5,none,True,True
102664,1.0,0.0,0.5,none,True,True
102665,1.0,0.0,0.5,none,True,True
102666,1.0,0.0,0.5,none,True,True
102667,1.0,0.0,0.5,none,True,True
102668,1.0,0.0,0.5,none,True,True
102669,1.0,0.0,0.5,none,True,True
102670,1.0,0.0,0.5,none,True,True
102671,1.0,0.0,0.5,none,True,True
102672,1.0,0.0,0.5,none,True,True
102673,1.0,0.0,0.5,none,True,True
102674,1.0,0.0,0.5,none,True,True
102675,1.0,0.0,0.5,none,True,True
102676,1.0,0.0,0.5,none,True,True
102677,1.0,0.0,0.5,none,True,True
102678,1.0,0.0,0.5,none,True,True
102679,1.0,0.0,0.5,none,True,True
102680,1.0,0.0,0.5,none,True,True
102681,1.0,0.0,0.5,none,True,True
102682,1.0,0.0,0.5,none,True,True
102683,1.0,0.0,0.5,none,True,True
102684,1.0,0.0,0.5,none,True,True
102685,1.0,0.0,0.5,none,True,True
102686,1.0,0.0,0.5,none,True,True
102687,1.0,0.0,0.5,none,True,True
102688,1.0,0.0,0.5,none,True,True
102689,1.0,0.0,0.5,none,True,True
102690,1.0,0.0,0.5,none,True,True
102691,1.0,0.0,0.5,none,True,True
102692,1.0,0.0,0.5,none,True,True
102693,1.0,0.0,0.5,none,True,True
102694,1.0,0.0,0.5,none,True,True
102695,1.0,0.0,0.5,none,True,True
102696,1.0,0.0,0.5,none,True,True
102697,1.0,0.0,0.5,none,True,True
102698,1.0,0.0,0.5,none,True,True
102699,1.0,0.0,0.5,none,True,True
102700,1.0,0.0,0.5,none,True,True
102701,1.0,0.0,0.5,none,True,True
102702,1.0,0.0,0.5,none,True,True
102703,1.0,0.0,0.5,none,True,True
102704,1.0,0.0,0.5,none,True,True
102705,1.0,0.0,0.5,none,True,True
102706,1.0,0.0,0.5,none,True,True
102707,1.0,0.0,0.5,none,True,True
102708,1.0,0.0,0.5,none,True,True
102709,1.0,0.0,0.5,none,True,True
102710,1.0,0.0,0.5,none,True,True
102711,1.0,0.0,0.5,none,True,True
102712,1.0,0.0,0.5,none,True,True
102713,1.0,0.0,0.5,none,True,True
102714,1.0,0.0,0.5,none,True,True
102715,1.0,0.0,0.5,none,True,True
102716,1.0,0.0,0.5,none,True,True
102717,1.0,0.0,0.5,none,True,True
102718,1.0,0.0,0.5,none,True,True
102719,1.0,0.0,0.5,none,True,True
102720,1.0,0.0,0.5,none,True,True
102721,1.0,0.0,0.5,none,True,True
102722,1.0,0.0,0.5,none,True,True
102723,1.0,0.0,0.5,none,True,True
102724,1.0,0.0,0.5,none,True,True
102725,1.0,0.0,0.5,none,True,True
102726,1.0,0.0,0.5,none,True,True
102727,1.0,0.0,0.5,none,True,True
102728,1.0,0.0,0.5,none,True,True
102729,1.0,0.0,0.5,none,True,True
102730,1.0,0.0,0.5,none,True,True
102731,1.0,0.0,0.5,none,True,True
102732,1.0,0.0,0.5,none,True,True
102733,1.0,0.0,0.5,none,True,True
102734,1.0,0.0,0.5,none,True,True
102735,1.0,0.0,0.5,none,True,True
102736,1.0,0.0,0.5,none,True,True
102737,1.0,0.0,0.5,none,True,True
102738,1.0,0.0,0.5,none,True,True
102739,1.0,0.0,0.5,none,True,True
102740,1.0,0.0,0.5,none,True,True
102741,1.0,0.0,0.5,none,True,True
102742,1.0,0.0,0.5,none,True,True
102743,1.0,0.0,0.5,none,True,True
102744,1.0,0.0,0.5,none,True,True
102745,1.0,0.0,0.5,none,True,True
102746,1.0,0.0,0.5,none,True,True
102747,1.0,0.0,0.5,none,True,True
102748,1.0,0.0,0.5,none,True,True
102749,1.0,0.0,0.5,none,True,True
102750,1.0,0.0,0.5,none,True,True
102751,1.0,0.0,0.5,none,True,True
102752,1.0,0.0,0.5,none,True,True
102753,1.0,0.0,0.5,none,True,True
102754,1.0,0.0,0.5,none,True,True
102755,1.0,0.0,0.5,none,True,True
102756,1.0,0.0,0.5,none,True,True
102757,1.0,0.0,0.5,none,True,True
102758,1.0,0.0,0.5,none,True,True
102759,1.0,0.0,0.5,none,True,True
102760,1.0,0.0,0.5,none,True,True
102761,1.0,0.0,0.5,none,True,True
102762,1.0,0.0,0.5,none,True,True
102763,1.0,0.0,0.5,none,True,True
102764,1.0,0.0,0.5,none,True,True
102765,1.0,0.0,0.5,none,True,True
102766,1.0,0.0,0.5,none,True,True
102767,1.0,0.0,0.5,none,True,True
102768,1.0,0.0,0.5,none,True,True
102769,1.0,0.0,0.5,none,True,True
102770,1.0,0.0,0.5,none,True,True
102771,1.0,0.0,0.5,none,True,True
102772,1.0,0.0,0.5,none,True,True
102773,1.0,0.0,0.5,none,True,True
102774,1.0,0.0,0.5,none,True,True
102775,1.0,0.0,0.5,none,True,True
102776,1.0,0.0,0.5,none,True,True
102777,1.0,0.0,0.5,none,True,True
102778,1.0,0.0,0.5,none,True,True
102779,1.0,0.0,0.5,none,True,True
102780,1.0,0.0,0.5,none,True,True
102781,1.0,0.0,0.5,none,True,True
102782,1.0,0.0,0.5,none,True,True
102783,1.0,0.0,0.5,none,True,True
102784,1.0,0.0,0.5,none,True,True
102785,1.0,0.0,0.5,none,True,True
102786,1.0,0.0,0.5,none,True,True
102787,1.0,0.0,0.5,none,True,True
102788,1.0,0.0,0.5,none,True,True
102789,1.0,0.0,0.5,none,True,True
102790,1.0,0.0,0.5,none,True,True
102791,1.0,0.0,0.5,none,True,True
102792,1.0,0.0,0.5,none,True,True
102793,1.0,0.0,0.5,none,True,True
102794,1.0,0.0,0.5,none,True,True
102795,1.0,0.0,0.5,none,True,True
102796,1.0,0.0,0.5,none,True,True
102797,1.0,0.0,0.5,none,True,True
102798,1.0,0.0,0.5,none,True,True
102799,1.0,0.0,0.5,none,True,True
102800,1.0,0.0,0.5,none,True,True
102801,1.0,0.0,0.5,none,True,True
102802,1.0,0.0,0.5,none,True,True
102803,1.0,0.0,0.5,none,True,True
102804,1.0,0.0,0.5,none,True,True
102805,1.0,0.0,0.5,none,True,True
102806,1.0,0.0,0.5,none,True,True
102807,1.0,0.0,0.5,none,True,True
102808,1.0,0.0,0.5,none,True,True
102809,1.0,0.0,0.5,none,True,True
102810,1.0,0.0,0.5,none,True,True
102811,1.0,0.0,0.5,none,True,True
102812,1.0,0.0,0.5,none,True,True
102813,1.0,0.0,0.5,none,True,True
102814,1.0,0.0,0.5,none,True,True
102815,1.0,0.0,0.5,none,True,True
102816,1.0,0.0,0.5,none,True,True
102817,1.0,0.0,0.5,none,True,True
102818,1.0,0.0,0.5,none,True,True
102819,1.0,0.0,0.5,none,True,True
102820,1.0,0.0,0.5,none,True,True
102821,1.0,0.0,0.5,none,True,True
102822,1.0,0.0,0.5,none,True,True
102823,1.0,0.0,0.5,none,True,True
102824,1.0,0.0,0.5,none,True,True
102825,1.0,0.0,0.5,none,True,True
102826,1.0,0.0,0.5,none,True,True
102827,1.0,0.0,0.5,none,True,True
102828,1.0,0.0,0.5,none,True,True
102829,1.0,0.0,0.5,none,True,True
102830,1.0,0.0,0.5,none,True,True
102831,1.0,0.0,0.5,none,True,True
102832,1.0,0.0,0.5,none,True,True
102833,1.0,0.0,0.5,none,True,True
102834,1.0,0.0,0.5,none,True,True
102835,1.0,0.0,0.5,none,True,True
102836,1.0,0.0,0.5,none,True,True
102837,1.0,0.0,0.5,none,True,True
102838,1.0,0.0,0.5,none,True,True
102839,1.0,0.0,0.5,none,True,True
102840,1.0,0.0,0.5,none,True,True
102841,1.0,0.0,0.5,none,True,True
102842,1.0,0.0,0.5,none,True,True
102843,1.0,0.0,0.5,none,True,True
102844,1.0,0.0,0.5,none,True,True
102845,1.0,0.0,0.5,none,True,True
102846,1.0,0.0,0.5,none,True,True
102847,1.0,0.0,0.5,none,True,True
102848,1.0,0.0,0.5,none,True,True
102849,1.0,0.0,0.5,none,True,True
102850,1.0,0.0,0.5,none,True,True
102851,1.0,0.0,0.5,none,True,True
102852,1.0,0.0,0.5,none,True,True
102853,1.0,0.0,0.5,none,True,True
102854,1.0,0.0,0.5,none,True,True
102855,1.0,0.0,0.5,none,True,True
102856,1.0,0.0,0.5,none,True,True
102857,1.0,0.0,0.5,none,True,True
102858,1.0,0.0,0.5,none,True,True
102859,1.0,0.0,0.5,none,True,True
102860,1.0,0.0,0.5,none,True,True
102861,1.0,0.0,0.5,none,True,True
102862,1.0,0.0,0.5,none,True,True
102863,1.0,0.0,0.5,none,True,True
102864,1.0,0.0,0.5,none,True,True
102865,1.0,0.0,0.5,none,True,True
102866,1.0,0.0,0.5,none,True,True
102867,1.0,0.0,0.5,none,True,True
102868,1.0,0.0,0.5,none,True,True
102869,1.0,0.0,0.5,none,True,True
102870,1.0,0.0,0.5,none,True,True
102871,1.0,0.0,0.5,none,True,True
102872,1.0,0.0,0.5,none,True,True
102873,1.0,0.0,0.5,none,True,True
102874,1.0,0.0,0.5,none,True,True
102875,1.0,0.0,0.5,none,True,True
102876,1.0,0.0,0.5,none,True,True
102877,1.0,0.0,0.5,none,True,True
102878,1.0,0.0,0.5,none,True,True
102879,1.0,0.0,0.5,none,True,True
102880,1.0,0.0,0.5,none,True,True
102881,1.0,0.0,0.5,none,True,True
102882,1.0,0.0,0.5,none,True,True
102883,1.0,0.0,0.5,none,True,True
102884,1.0,0.0,0.5,none,True,True
102885,1.0,0.0,0.5,none,True,True
102886,1.0,0.0,0.5,none,True,True
102887,1.0,0.0,0.5,none,True,True
102888,1.0,0.0,0.5,none,True,True
102889,1.0,0.0,0.5,none,True,True
102890,1.0,0.0,0.5,none,True,True
102891,1.0,0.0,0.5,none,True,True
102892,1.0,0.0,0.5,none,True,True
102893,1.0,0.0,0.5,none,True,True
102894,1.0,0.0,0.5,none,True,True
102895,1.0,0.0,0.5,none,True,True
102896,1.0,0.0,0.5,none,True,True
102897,1.0,0.0,0.5,none,True,True
102898,1.0,0.0,0.5,none,True,True
102899,1.0,0.0,0.5,none,True,True
102900,1.0,0.0061,0.5,none,True,True
102901,1.0,0.0357,0.5,none,True,True
102902,1.0,0.0812,0.5,none,True,True
102903,1.0,0.1113,0.5,none,True,True
102904,1.0,0.1253,0.5,none,True,True
102905,1.0,0.1408,0.5,none,True,True
102906,1.0,0.0907,0.5,none,True,True
102907,1.0,0.1198,0.5,none,True,True
102908,1.0,0.0467,0.5,none,True,True
102909,1.0,0.0522,0.5,none,True,True
102910,1.0,0.0405,0.5,none,True,True
102911,1.0,0.0313,0.5,none,True,True
102912,1.0,0.0083,0.5,none,True,True
102913,1.0,0.0726,0.5,none,True,True
102914,1.0,0.0793,0.5,none,True,True
102915,1.0,0.0581,0.5,none,True,True
102916,1.0,0.0955,0.5,none,True,True
102917,1.0,0.0839,0.5,none,True,True
102918,1.0,0.0648,0.5,none,True,True
102919,1.0,0.0718,0.5,none,True,True
102920,1.0,0.0589,0.5,none,True,True
102921,1.0,0.0403,0.5,none,True,True
102922,1.0,0.0327,0.5,none,True,True
102923,1.0,0.0277,0.5,none,True,True
102924,1.0,0.017,0.5,none,True,True
102925,1.0,0.0102,0.5,none,True,True
102926,1.0,0.0099,0.5,none,True,True
102927,1.0,0.008,0.5,none,True,True
102928,1.0,0.005,0.5,none,True,True
102929,1.0,0.0063,0.5,none,True,True
102930,1.0,0.009,0.5,none,True,True
102931,1.0,0.0096,0.5,none,True,True
102932,1.0,0.0108,0.5,none,True,True
102933,1.0,0.014,0.5,none,True,True
102934,1.0,0.0161,0.5,none,True,True
102935,1.0,0.0167,0.5,none,True,True
102936,1.0,0.0182,0.5,none,True,True
102937,1.0,0.0196,0.5,none,True,True
102938,1.0,0.0197,0.5,none,True,True
102939,1.0,0.0193,0.5,none,True,True
102940,1.0,0.0193,0.5,none,True,True
102941,1.0,0.0187,0.5,none,True,True
102942,1.0,0.0174,0.5,none,True,True
102943,1.0,0.0163,0.5,none,True,True
102944,1.0,0.0152,0.5,none,True,True
102945,1.0,0.0138,0.5,none,True,True
102946,1.0,0.0123,0.5,none,True,True
102947,1.0,0.0111,0.5,none,True,True
102948,1.0,0.01,0.5,none,True,True
102949,1.0,0.0088,0.5,none,True,True
102950,1.0,0.0078,0.5,none,True,True
102951,1.0,0.0071,0.5,none,True,True
102952,1.0,0.0064,0.5,none,True,True
102953,1.0,0.0057,0.5,none,True,True
102954,1.0,0.0053,0.5,none,True,True
102955,1.0,0.005,0.5,none,True,True
102956,1.0,0.0047,0.5,none,True,True
102957,1.0,0.0045,0.5,none,True,True
102958,1.0,0.0044,0.5,none,True,True
102959,1.0,0.0043,0.5,none,True,True
102960,1.0,0.0042,0.5,none,True,True
102961,1.0,0.0041,0.5,none,True,True
102962,1.0,0.004,0.5,none,True,True
102963,1.0,0.0039,0.5,none,True,True
102964,1.0,0.0038,0.5,none,True,True
102965,1.0,0.0037,0.5,none,True,True
102966,1.0,0.0035,0.5,none,True,True
102967,1.0,0.0033,0.5,none,True,True
102968,1.0,0.0032,0.5,none,True,True
102969,1.0,0.003,0.5,none,True,True
102970,1.0,0.0028,0.5,none,True,True
102971,1.0,0.0026,0.5,none,True,True
102972,1.0,0.0024,0.5,none,True,True
102973,1.0,0.0023,0.5,none,True,True
102974,1.0,0.0021,0.5,none,True,True
102975,1.0,0.0019,0.5,none,True,True
102976,1.0,0.0018,0.5,none,True,True
102977,1.0,0.0017,0.5,none,True,True
102978,1.0,0.0015,0.5,none,True,True
102979,1.0,0.0014,0.5,none,True,True
102980,1.0,0.0013,0.5,none,True,True
102981,1.0,0.0013,0.5,none,True,True
102982,1.0,0.0012,0.5,none,True,True
102983,1.0,0.0011,0.5,none,True,True
102984,1.0,0.0011,0.5,none,True,True
102985,1.0,0.001,0.5,none,True,True
102986,1.0,0.001,0.5,none,True,True
102987,1.0,0.0009,0.5,none,True,True
102988,1.0,0.0009,0.5,none,True,True
102989,1.0,0.0008,0.5,none,True,True
102990,1.0,0.0008,0.5,none,True,True
102991,1.0,0.0008,0.5,none,True,True
102992,1.0,0.0007,0.5,none,True,True
102993,1.0,0.0007,0.5,none,True,True
102994,1.0,0.0006,0.5,none,True,True
102995,1.0,0.0006,0.5,none,True,True
102996,1.0,0.0006,0.5,none,True,True
102997,1.0,0.0005,0.5,none,True,True
102998,1.0,0.0005,0.5,none,True,True
102999,1.0,0.0005,0.5,none,True,True
103000,1.0,0.0004,0.5,none,True,True
103001,1.0,0.0004,0.5,none,True,True
103002,1.0,0.0004,0.5,none,True,True
103003,1.0,0.0004,0.5,none,True,True
103004,1.0,0.0003,0.5,none,True,True
103005,1.0,0.0003,0.5,none,True,True
103006,1.0,0.0003,0.5,none,True,True
103007,1.0,0.0003,0.5,none,True,True
103008,1.0,0.0003,0.5,none,True,True
103009,1.0,0.0003,0.5,none,True,True
103010,1.0,0.0002,0.5,none,True,True
103011,1.0,0.0002,0.5,none,True,True
103012,1.0,0.0002,0.5,none,True,True
103013,1.0,0.0002,0.5,none,True,True
103014,1.0,0.0002,0.5,none,True,True
103015,1.0,0.0002,0.5,none,True,True
103016,1.0,0.0002,0.5,none,True,True
103017,1.0,0.0002,0.5,none,True,True
103018,1.0,0.0002,0.5,none,True,True
103019,1.0,0.0001,0.5,none,True,True
103020,1.0,0.0001,0.5,none,True,True
103021,1.0,0.0001,0.5,none,True,True
103022,1.0,0.0001,0.5,none,True,True
103023,1.0,0.0001,0.5,none,True,True
103024,1.0,0.0001,0.5,none,True,True
103025,1.0,0.0001,0.5,none,True,True
103026,1.0,0.0001,0.5,none,True,True
103027,1.0,0.0001,0.5,none,True,True
103028,1.0,0.0001,0.5,none,True,True
103029,1.0,0.0001,0.5,none,True,True
103030,1.0,0.0001,0.5,none,True,True
103031,1.0,0.0001,0.5,none,True,True
103032,1.0,0.0001,0.5,none,True,True
103033,1.0,0.0001,0.5,none,True,True
103034,1.0,0.0001,0.5,none,True,True
103035,1.0,0.0001,0.5,none,True,True
103036,1.0,0.0001,0.5,none,True,True
103037,1.0,0.0,0.5,none,True,True
103038,1.0,0.0,0.5,none,True,True
103039,1.0,0.0,0.5,none,True,True
103040,1.0,0.0,0.5,none,True,True
103041,1.0,0.0,0.5,none,True,True
103042,1.0,0.0,0.5,none,True,True
103043,1.0,0.0,0.5,none,True,True
103044,1.0,0.0,0.5,none,True,True
103045,1.0,0.0,0.5,none,True,True
103046,1.0,0.0,0.5,none,True,True
103047,1.0,0.0,0.5,none,True,True
103048,1.0,0.0,0.5,none,True,True
103049,1.0,0.0,0.5,none,True,True
103050,1.0,0.0,0.5,none,True,True
103051,1.0,0.0,0.5,none,True,True
103052,1.0,0.0,0.5,none,True,True
103053,1.0,0.0,0.5,none,True,True
103054,1.0,0.0,0.5,none,True,True
103055,1.0,0.0,0.5,none,True,True
103056,1.0,0.0,0.5,none,True,True
103057,1.0,0.0,0.5,none,True,True
103058,1.0,0.0,0.5,none,True,True
103059,1.0,0.0,0.5,none,True,True
103060,1.0,0.0,0.5,none,True,True
103061,1.0,0.0,0.5,none,True,True
103062,1.0,0.0,0.5,none,True,True
103063,1.0,0.0,0.5,none,True,True
103064,1.0,0.0,0.5,none,True,True
103065,1.0,0.0,0.5,none,True,True
103066,1.0,0.0,0.5,none,True,True
103067,1.0,0.0,0.5,none,True,True
103068,1.0,0.0,0.5,none,True,True
103069,1.0,0.0,0.5,none,True,True
103070,1.0,0.0,0.5,none,True,True
103071,1.0,0.0,0.5,none,True,True
103072,1.0,0.0,0.5,none,True,True
103073,1.0,0.0,0.5,none,True,True
103074,1.0,0.0,0.5,none,True,True
103075,1.0,0.0,0.5,none,True,True
103076,1.0,0.0,0.5,none,True,True
103077,1.0,0.0,0.5,none,True,True
103078,1.0,0.0,0.5,none,True,True
103079,1.0,0.0,0.5,none,True,True
103080,1.0,0.0,0.5,none,True,True
103081,1.0,0.0,0.5,none,True,True
103082,1.0,0.0,0.5,none,True,True
103083,1.0,0.0,0.5,none,True,True
103084,1.0,0.0,0.5,none,True,True
103085,1.0,0.0,0.5,none,True,True
103086,1.0,0.0,0.5,none,True,True
103087,1.0,0.0,0.5,none,True,True
103088,1.0,0.0,0.5,none,True,True
103089,1.0,0.0,0.5,none,True,True
103090,1.0,0.0,0.5,none,True,True
103091,1.0,0.0,0.5,none,True,True
103092,1.0,0.0,0.5,none,True,True
103093,1.0,0.0,0.5,none,True,True
103094,1.0,0.0,0.5,none,True,True
103095,1.0,0.0,0.5,none,True,True
103096,1.0,0.0,0.5,none,True,True
103097,1.0,0.0,0.5,none,True,True
103098,1.0,0.0,0.5,none,True,True
103099,1.0,0.0,0.5,none,True,True
103100,1.0,0.0,0.5,none,True,True
103101,1.0,0.0,0.5,none,True,True
103102,1.0,0.0,0.5,none,True,True
103103,1.0,0.0,0.5,none,True,True
103104,1.0,0.0,0.5,none,True,True
103105,1.0,0.0,0.5,none,True,True
103106,1.0,0.0,0.5,none,True,True
103107,1.0,0.0,0.5,none,True,True
103108,1.0,0.0,0.5,none,True,True
103109,1.0,0.0,0.5,none,True,True
103110,1.0,0.0,0.5,none,True,True
103111,1.0,0.0,0.5,none,True,True
103112,1.0,0.0,0.5,none,True,True
103113,1.0,0.0,0.5,none,True,True
103114,1.0,0.0,0.5,none,True,True
103115,1.0,0.0,0.5,none,True,True
103116,1.0,0.0,0.5,none,True,True
103117,1.0,0.0,0.5,none,True,True
103118,1.0,0.0,0.5,none,True,True
103119,1.0,0.0,0.5,none,True,True
103120,1.0,0.0,0.5,none,True,True
103121,1.0,0.0,0.5,none,True,True
103122,1.0,0.0,0.5,none,True,True
103123,1.0,0.0,0.5,none,True,True
103124,1.0,0.0,0.5,none,True,True
103125,1.0,0.0,0.5,none,True,True
103126,1.0,0.0,0.5,none,True,True
103127,1.0,0.0,0.5,none,True,True
103128,1.0,0.0,0.5,none,True,True
103129,1.0,0.0,0.5,none,True,True
103130,1.0,0.0,0.5,none,True,True
103131,1.0,0.0,0.5,none,True,True
103132,1.0,0.0,0.5,none,True,True
103133,1.0,0.0,0.5,none,True,True
103134,1.0,0.0,0.5,none,True,True
103135,1.0,0.0,0.5,none,True,True
103136,1.0,0.0,0.5,none,True,True
103137,1.0,0.0,0.5,none,True,True
103138,1.0,0.0,0.5,none,True,True
103139,1.0,0.0,0.5,none,True,True
103140,1.0,0.0,0.5,none,True,True
103141,1.0,0.0,0.5,none,True,True
103142,1.0,0.0,0.5,none,True,True
103143,1.0,0.0,0.5,none,True,True
103144,1.0,0.0,0.5,none,True,True
103145,1.0,0.0,0.5,none,True,True
103146,1.0,0.0,0.5,none,True,True
103147,1.0,0.0,0.5,none,True,True
103148,1.0,0.0,0.5,none,True,True
103149,1.0,0.0,0.5,none,True,True
103150,1.0,0.0,0.5,none,True,True
103151,1.0,0.0,0.5,none,True,True
103152,1.0,0.0,0.5,none,True,True
103153,1.0,0.0,0.5,none,True,True
103154,1.0,0.0,0.5,none,True,True
103155,1.0,0.0,0.5,none,True,True
103156,1.0,0.0,0.5,none,True,True
103157,1.0,0.0,0.5,none,True,True
103158,1.0,0.0,0.5,none,True,True
103159,1.0,0.0,0.5,none,True,True
103160,1.0,0.0,0.5,none,True,True
103161,1.0,0.0,0.5,none,True,True
103162,1.0,0.0,0.5,none,True,True
103163,1.0,0.0,0.5,none,True,True
103164,1.0,0.0,0.5,none,True,True
103165,1.0,0.0,0.5,none,True,True
103166,1.0,0.0,0.5,none,True,True
103167,1.0,0.0,0.5,none,True,True
103168,1.0,0.0,0.5,none,True,True
103169,1.0,0.0,0.5,none,True,True
103170,1.0,0.0,0.5,none,True,True
103171,1.0,0.0,0.5,none,True,True
103172,1.0,0.0,0.5,none,True,True
103173,1.0,0.0,0.5,none,True,True
103174,1.0,0.0,0.5,none,True,True
103175,1.0,0.0,0.5,none,True,True
103176,1.0,0.0,0.5,none,True,True
103177,1.0,0.0,0.5,none,True,True
103178,1.0,0.0,0.5,none,True,True
103179,1.0,0.0,0.5,none,True,True
103180,1.0,0.0,0.5,none,True,True
103181,1.0,0.0,0.5,none,True,True
103182,1.0,0.0,0.5,none,True,True
103183,1.0,0.0,0.5,none,True,True
103184,1.0,0.0,0.5,none,True,True
103185,1.0,0.0,0.5,none,True,True
103186,1.0,0.0,0.5,none,True,True
103187,1.0,0.0,0.5,none,True,True
103188,1.0,0.0,0.5,none,True,True
103189,1.0,0.0,0.5,none,True,True
103190,1.0,0.0,0.5,none,True,True
103191,1.0,0.0,0.5,none,True,True
103192,1.0,0.0,0.5,none,True,True
103193,1.0,0.0,0.5,none,True,True
103194,1.0,0.0,0.5,none,True,True
103195,1.0,0.0,0.5,none,True,True
103196,1.0,0.0,0.5,none,True,True
103197,1.0,0.0,0.5,none,True,True
103198,1.0,0.0,0.5,none,True,True
103199,1.0,0.0,0.5,none,True,True
103200,1.0,0.0,0.5,none,True,True
103201,1.0,0.0,0.5,none,True,True
103202,1.0,0.0,0.5,none,True,True
103203,1.0,0.0,0.5,none,True,True
103204,1.0,0.0,0.5,none,True,True
103205,1.0,0.0,0.5,none,True,True
103206,1.0,0.0,0.5,none,True,True
103207,1.0,0.0,0.5,none,True,True
103208,1.0,0.0,0.5,none,True,True
103209,1.0,0.0,0.5,none,True,True
103210,1.0,0.0,0.5,none,True,True
103211,1.0,0.0,0.5,none,True,True
103212,1.0,0.0,0.5,none,True,True
103213,1.0,0.0,0.5,none,True,True
103214,1.0,0.0,0.5,none,True,True
103215,1.0,0.0,0.5,none,True,True
103216,1.0,0.0,0.5,none,True,True
103217,1.0,0.0,0.5,none,True,True
103218,1.0,0.0,0.5,none,True,True
103219,1.0,0.0,0.5,none,True,True
103220,1.0,0.0,0.5,none,True,True
103221,1.0,0.0,0.5,none,True,True
103222,1.0,0.0,0.5,none,True,True
103223,1.0,0.0,0.5,none,True,True
103224,1.0,0.0,0.5,none,True,True
103225,1.0,0.0,0.5,none,True,True
103226,1.0,0.0,0.5,none,True,True
103227,1.0,0.0,0.5,none,True,True
103228,1.0,0.0,0.5,none,True,True
103229,1.0,0.0,0.5,none,True,True
103230,1.0,0.0,0.5,none,True,True
103231,1.0,0.0,0.5,none,True,True
103232,1.0,0.0,0.5,none,True,True
103233,1.0,0.0,0.5,none,True,True
103234,1.0,0.0,0.5,none,True,True
103235,1.0,0.0,0.5,none,True,True
103236,1.0,0.0,0.5,none,True,True
103237,1.0,0.0,0.5,none,True,True
103238,1.0,0.0,0.5,none,True,True
103239,1.0,0.0,0.5,none,True,True
103240,1.0,0.0,0.5,none,True,True
103241,1.0,0.0,0.5,none,True,True
103242,1.0,0.0,0.5,none,True,True
103243,1.0,0.0,0.5,none,True,True
103244,1.0,0.0,0.5,none,True,True
103245,1.0,0.0,0.5,none,True,True
103246,1.0,0.0,0.5,none,True,True
103247,1.0,0.0,0.5,none,True,True
103248,1.0,0.0,0.5,none,True,True
103249,1.0,0.0,0.5,none,True,True
103250,1.0,0.0,0.5,none,True,True
103251,1.0,0.0,0.5,none,True,True
103252,1.0,0.0,0.5,none,True,True
103253,1.0,0.0,0.5,none,True,True
103254,1.0,0.0,0.5,none,True,True
103255,1.0,0.0,0.5,none,True,True
103256,1.0,0.0,0.5,none,True,True
103257,1.0,0.0,0.5,none,True,True
103258,1.0,0.0,0.5,none,True,True
103259,1.0,0.0,0.5,none,True,True
103260,1.0,0.0,0.5,none,True,True
103261,1.0,0.0,0.5,none,True,True
103262,1.0,0.0,0.5,none,True,True
103263,1.0,0.0,0.5,none,True,True
103264,1.0,0.0,0.5,none,True,True
103265,1.0,0.0,0.5,none,True,True
103266,1.0,0.0,0.5,none,True,True
103267,1.0,0.0,0.5,none,True,True
103268,1.0,0.0,0.5,none,True,True
103269,1.0,0.0,0.5,none,True,True
103270,1.0,0.0,0.5,none,True,True
103271,1.0,0.0,0.5,none,True,True
103272,1.0,0.0,0.5,none,True,True
103273,1.0,0.0,0.5,none,True,True
103274,1.0,0.0,0.5,none,True,True
103275,1.0,0.0,0.5,none,True,True
103276,1.0,0.0,0.5,none,True,True
103277,1.0,0.0,0.5,none,True,True
103278,1.0,0.0,0.5,none,True,True
103279,1.0,0.0,0.5,none,True,True
103280,1.0,0.0,0.5,none,True,True
103281,1.0,0.0,0.5,none,True,True
103282,1.0,0.0,0.5,none,True,True
103283,1.0,0.0,0.5,none,True,True
103284,1.0,0.0,0.5,none,True,True
103285,1.0,0.0,0.5,none,True,True
103286,1.0,0.0,0.5,none,True,True
103287,1.0,0.0,0.5,none,True,True
103288,1.0,0.0,0.5,none,True,True
103289,1.0,0.0,0.5,none,True,True
103290,1.0,0.0,0.5,none,True,True
103291,1.0,0.0,0.5,none,True,True
103292,1.0,0.0,0.5,none,True,True
103293,1.0,0.0,0.5,none,True,True
103294,1.0,0.0,0.5,none,True,True
103295,1.0,0.0,0.5,none,True,True
103296,1.0,0.0,0.5,none,True,True
103297,1.0,0.0,0.5,none,True,True
103298,1.0,0.0,0.5,none,True,True
103299,1.0,0.0,0.5,none,True,True
103300,1.0,0.0,0.5,none,True,True
103301,1.0,0.0,0.5,none,True,True
103302,1.0,0.0,0.5,none,True,True
103303,1.0,0.0,0.5,none,True,True
103304,1.0,0.0,0.5,none,True,True
103305,1.0,0.0,0.5,none,True,True
103306,1.0,0.0,0.5,none,True,True
103307,1.0,0.0,0.5,none,True,True
103308,1.0,0.0,0.5,none,True,True
103309,1.0,0.0,0.5,none,True,True
103310,1.0,0.0,0.5,none,True,True
103311,1.0,0.0,0.5,none,True,True
103312,1.0,0.0,0.5,none,True,True
103313,1.0,0.0,0.5,none,True,True
103314,1.0,0.0,0.5,none,True,True
103315,1.0,0.0,0.5,none,True,True
103316,1.0,0.0,0.5,none,True,True
103317,1.0,0.0,0.5,none,True,True
103318,1.0,0.0,0.5,none,True,True
103319,1.0,0.0,0.5,none,True,True
103320,1.0,0.0,0.5,none,True,True
103321,1.0,0.0,0.5,none,True,True
103322,1.0,0.0,0.5,none,True,True
103323,1.0,0.0,0.5,none,True,True
103324,1.0,0.0,0.5,none,True,True
103325,1.0,0.0,0.5,none,True,True
103326,1.0,0.0,0.5,none,True,True
103327,1.0,0.0,0.5,none,True,True
103328,1.0,0.0,0.5,none,True,True
103329,1.0,0.0,0.5,none,True,True
103330,1.0,0.0,0.5,none,True,True
103331,1.0,0.0,0.5,none,True,True
103332,1.0,0.0,0.5,none,True,True
103333,1.0,0.0,0.5,none,True,True
103334,1.0,0.0,0.5,none,True,True
103335,1.0,0.0,0.5,none,True,True
103336,1.0,0.0,0.5,none,True,True
103337,1.0,0.0,0.5,none,True,True
103338,1.0,0.0,0.5,none,True,True
103339,1.0,0.0,0.5,none,True,True
103340,1.0,0.0,0.5,none,True,True
103341,1.0,0.0,0.5,none,True,True
103342,1.0,0.0,0.5,none,True,True
103343,1.0,0.0,0.5,none,True,True
103344,1.0,0.0,0.5,none,True,True
103345,1.0,0.0,0.5,none,True,True
103346,1.0,0.0,0.5,none,True,True
103347,1.0,0.0,0.5,none,True,True
103348,1.0,0.0,0.5,none,True,True
103349,1.0,0.0,0.5,none,True,True
103350,1.0,0.0,0.5,none,True,True
103351,1.0,0.0,0.5,none,True,True
103352,1.0,0.0,0.5,none,True,True
103353,1.0,0.0,0.5,none,True,True
103354,1.0,0.0,0.5,none,True,True
103355,1.0,0.0,0.5,none,True,True
103356,1.0,0.0,0.5,none,True,True
103357,1.0,0.0,0.5,none,True,True
103358,1.0,0.0,0.5,none,True,True
103359,1.0,0.0,0.5,none,True,True
103360,1.0,0.0,0.5,none,True,True
103361,1.0,0.0,0.5,none,True,True
103362,1.0,0.0,0.5,none,True,True
103363,1.0,0.0,0.5,none,True,True
103364,1.0,0.0,0.5,none,True,True
103365,1.0,0.0,0.5,none,True,True
103366,1.0,0.0,0.5,none,True,True
103367,1.0,0.0,0.5,none,True,True
103368,1.0,0.0,0.5,none,True,True
103369,1.0,0.0,0.5,none,True,True
103370,1.0,0.0,0.5,none,True,True
103371,1.0,0.0,0.5,none,True,True
103372,1.0,0.0,0.5,none,True,True
103373,1.0,0.0,0.5,none,True,True
103374,1.0,0.0,0.5,none,True,True
103375,1.0,0.0,0.5,none,True,True
103376,1.0,0.0,0.5,none,True,True
103377,1.0,0.0,0.5,none,True,True
103378,1.0,0.0,0.5,none,True,True
103379,1.0,0.0,0.5,none,True,True
103380,1.0,0.0,0.5,none,True,True
103381,1.0,0.0,0.5,none,True,True
103382,1.0,0.0,0.5,none,True,True
103383,1.0,0.0,0.5,none,True,True
103384,1.0,0.0,0.5,none,True,True
103385,1.0,0.0,0.5,none,True,True
103386,1.0,0.0,0.5,none,True,True
103387,1.0,0.0,0.5,none,True,True
103388,1.0,0.0,0.5,none,True,True
103389,1.0,0.0,0.5,none,True,True
103390,1.0,0.0,0.5,none,True,True
103391,1.0,0.0,0.5,none,True,True
103392,1.0,0.0,0.5,none,True,True
103393,1.0,0.0,0.5,none,True,True
103394,1.0,0.0,0.5,none,True,True
103395,1.0,0.0,0.5,none,True,True
103396,1.0,0.0,0.5,none,True,True
103397,1.0,0.0,0.5,none,True,True
103398,1.0,0.0,0.5,none,True,True
103399,1.0,0.0,0.5,none,True,True
103400,1.0,0.0,0.5,none,True,True
103401,1.0,0.0,0.5,none,True,True
103402,1.0,0.0,0.5,none,True,True
103403,1.0,0.0,0.5,none,True,True
103404,1.0,0.0,0.5,none,True,True
103405,1.0,0.0,0.5,none,True,True
103406,1.0,0.0,0.5,none,True,True
103407,1.0,0.0,0.5,none,True,True
103408,1.0,0.0,0.5,none,True,True
103409,1.0,0.0,0.5,none,True,True
103410,1.0,0.0,0.5,none,True,True
103411,1.0,0.0,0.5,none,True,True
103412,1.0,0.0,0.5,none,True,True
103413,1.0,0.0,0.5,none,True,True
103414,1.0,0.0,0.5,none,True,True
103415,1.0,0.0,0.5,none,True,True
103416,1.0,0.0,0.5,none,True,True
103417,1.0,0.0,0.5,none,True,True
103418,1.0,0.0,0.5,none,True,True
103419,1.0,0.0,0.5,none,True,True
103420,1.0,0.0,0.5,none,True,True
103421,1.0,0.0,0.5,none,True,True
103422,1.0,0.0,0.5,none,True,True
103423,1.0,0.0,0.5,none,True,True
103424,1.0,0.0,0.5,none,True,True
103425,1.0,0.0,0.5,none,True,True
103426,1.0,0.0,0.5,none,True,True
103427,1.0,0.0,0.5,none,True,True
103428,1.0,0.0,0.5,none,True,True
103429,1.0,0.0,0.5,none,True,True
103430,1.0,0.0,0.5,none,True,True
103431,1.0,0.0,0.5,none,True,True
103432,1.0,0.0,0.5,none,True,True
103433,1.0,0.0,0.5,none,True,True
103434,1.0,0.0,0.5,none,True,True
103435,1.0,0.0,0.5,none,True,True
103436,1.0,0.0,0.5,none,True,True
103437,1.0,0.0,0.5,none,True,True
103438,1.0,0.0,0.5,none,True,True
103439,1.0,0.0,0.5,none,True,True
103440,1.0,0.0,0.5,none,True,True
103441,1.0,0.0,0.5,none,True,True
103442,1.0,0.0,0.5,none,True,True
103443,1.0,0.0,0.5,none,True,True
103444,1.0,0.0,0.5,none,True,True
103445,1.0,0.0,0.5,none,True,True
103446,1.0,0.0,0.5,none,True,True
103447,1.0,0.0,0.5,none,True,True
103448,1.0,0.0,0.5,none,True,True
103449,1.0,0.0,0.5,none,True,True
103450,1.0,0.0,0.5,none,True,True
103451,1.0,0.0,0.5,none,True,True
103452,1.0,0.0,0.5,none,True,True
103453,1.0,0.0,0.5,none,True,True
103454,1.0,0.0,0.5,none,True,True
103455,1.0,0.0,0.5,none,True,True
103456,1.0,0.0,0.5,none,True,True
103457,1.0,0.0,0.5,none,True,True
103458,1.0,0.0,0.5,none,True,True
103459,1.0,0.0,0.5,none,True,True
103460,1.0,0.0,0.5,none,True,True
103461,1.0,0.0,0.5,none,True,True
103462,1.0,0.0,0.5,none,True,True
103463,1.0,0.0,0.5,none,True,True
103464,1.0,0.0,0.5,none,True,True
103465,1.0,0.0,0.5,none,True,True
103466,1.0,0.0,0.5,none,True,True
103467,1.0,0.0,0.5,none,True,True
103468,1.0,0.0,0.5,none,True,True
103469,1.0,0.0,0.5,none,True,True
103470,1.0,0.0,0.5,none,True,True
103471,1.0,0.0,0.5,none,True,True
103472,1.0,0.0,0.5,none,True,True
103473,1.0,0.0,0.5,none,True,True
103474,1.0,0.0,0.5,none,True,True
103475,1.0,0.0,0.5,none,True,True
103476,1.0,0.0,0.5,none,True,True
103477,1.0,0.0,0.5,none,True,True
103478,1.0,0.0,0.5,none,True,True
103479,1.0,0.0,0.5,none,True,True
103480,1.0,0.0,0.5,none,True,True
103481,1.0,0.0,0.5,none,True,True
103482,1.0,0.0,0.5,none,True,True
103483,1.0,0.0,0.5,none,True,True
103484,1.0,0.0,0.5,none,True,True
103485,1.0,0.0,0.5,none,True,True
103486,1.0,0.0,0.5,none,True,True
103487,1.0,0.0,0.5,none,True,True
103488,1.0,0.0,0.5,none,True,True
103489,1.0,0.0,0.5,none,True,True
103490,1.0,0.0,0.5,none,True,True
103491,1.0,0.0,0.5,none,True,True
103492,1.0,0.0,0.5,none,True,True
103493,1.0,0.0,0.5,none,True,True
103494,1.0,0.0,0.5,none,True,True
103495,1.0,0.0,0.5,none,True,True
103496,1.0,0.0,0.5,none,True,True
103497,1.0,0.0,0.5,none,True,True
103498,1.0,0.0,0.5,none,True,True
103499,1.0,0.0,0.5,none,True,True
103500,1.0,0.0,0.5,none,True,True
103501,1.0,0.0,0.5,none,True,True
103502,1.0,0.0,0.5,none,True,True
103503,1.0,0.0,0.5,none,True,True
103504,1.0,0.0,0.5,none,True,True
103505,1.0,0.0,0.5,none,True,True
103506,1.0,0.0,0.5,none,True,True
103507,1.0,0.0,0.5,none,True,True
103508,1.0,0.0,0.5,none,True,True
103509,1.0,0.0,0.5,none,True,True
103510,1.0,0.0,0.5,none,True,True
103511,1.0,0.0,0.5,none,True,True
103512,1.0,0.0,0.5,none,True,True
103513,1.0,0.0,0.5,none,True,True
103514,1.0,0.0,0.5,none,True,True
103515,1.0,0.0,0.5,none,True,True
103516,1.0,0.0,0.5,none,True,True
103517,1.0,0.0,0.5,none,True,True
103518,1.0,0.0,0.5,none,True,True
103519,1.0,0.0,0.5,none,True,True
103520,1.0,0.0,0.5,none,True,True
103521,1.0,0.0,0.5,none,True,True
103522,1.0,0.0,0.5,none,True,True
103523,1.0,0.0,0.5,none,True,True
103524,1.0,0.0,0.5,none,True,True
103525,1.0,0.0,0.5,none,True,True
103526,1.0,0.0,0.5,none,True,True
103527,1.0,0.0,0.5,none,True,True
103528,1.0,0.0,0.5,none,True,True
103529,1.0,0.0,0.5,none,True,True
103530,1.0,0.0,0.5,none,True,True
103531,1.0,0.0,0.5,none,True,True
103532,1.0,0.0,0.5,none,True,True
103533,1.0,0.0,0.5,none,True,True
103534,1.0,0.0,0.5,none,True,True
103535,1.0,0.0,0.5,none,True,True
103536,1.0,0.0,0.5,none,True,True
103537,1.0,0.0,0.5,none,True,True
103538,1.0,0.0,0.5,none,True,True
103539,1.0,0.0,0.5,none,True,True
103540,1.0,0.0,0.5,none,True,True
103541,1.0,0.0,0.5,none,True,True
103542,1.0,0.0,0.5,none,True,True
103543,1.0,0.0,0.5,none,True,True
103544,1.0,0.0,0.5,none,True,True
103545,1.0,0.0,0.5,none,True,True
103546,1.0,0.0,0.5,none,True,True
103547,1.0,0.0,0.5,none,True,True
103548,1.0,0.0,0.5,none,True,True
103549,1.0,0.0,0.5,none,True,True
103550,1.0,0.0,0.5,none,True,True
103551,1.0,0.0,0.5,none,True,True
103552,1.0,0.0,0.5,none,True,True
103553,1.0,0.0,0.5,none,True,True
103554,1.0,0.0,0.5,none,True,True
103555,1.0,0.0,0.5,none,True,True
103556,1.0,0.0,0.5,none,True,True
103557,1.0,0.0,0.5,none,True,True
103558,1.0,0.0,0.5,none,True,True
103559,1.0,0.0,0.5,none,True,True
103560,1.0,0.0,0.5,none,True,True
103561,1.0,0.0,0.5,none,True,True
103562,1.0,0.0,0.5,none,True,True
103563,1.0,0.0,0.5,none,True,True
103564,1.0,0.0,0.5,none,True,True
103565,1.0,0.0,0.5,none,True,True
103566,1.0,0.0,0.5,none,True,True
103567,1.0,0.0,0.5,none,True,True
103568,1.0,0.0,0.5,none,True,True
103569,1.0,0.0,0.5,none,True,True
103570,1.0,0.0,0.5,none,True,True
103571,1.0,0.0,0.5,none,True,True
103572,1.0,0.0,0.5,none,True,True
103573,1.0,0.0,0.5,none,True,True
103574,1.0,0.0,0.5,none,True,True
103575,1.0,0.0,0.5,none,True,True
103576,1.0,0.0,0.5,none,True,True
103577,1.0,0.0,0.5,none,True,True
103578,1.0,0.0,0.5,none,True,True
103579,1.0,0.0,0.5,none,True,True
103580,1.0,0.0,0.5,none,True,True
103581,1.0,0.0,0.5,none,True,True
103582,1.0,0.0,0.5,none,True,True
103583,1.0,0.0,0.5,none,True,True
103584,1.0,0.0,0.5,none,True,True
103585,1.0,0.0,0.5,none,True,True
103586,1.0,0.0,0.5,none,True,True
103587,1.0,0.0,0.5,none,True,True
103588,1.0,0.0,0.5,none,True,True
103589,1.0,0.0,0.5,none,True,True
103590,1.0,0.0,0.5,none,True,True
103591,1.0,0.0,0.5,none,True,True
103592,1.0,0.0,0.5,none,True,True
103593,1.0,0.0,0.5,none,True,True
103594,1.0,0.0,0.5,none,True,True
103595,1.0,0.0,0.5,none,True,True
103596,1.0,0.0,0.5,none,True,True
103597,1.0,0.0,0.5,none,True,True
103598,1.0,0.0,0.5,none,True,True
103599,1.0,0.0,0.5,none,True,True
103600,1.0,0.0061,0.5,none,True,True
103601,1.0,0.0357,0.5,none,True,True
103602,1.0,0.0812,0.5,none,True,True
103603,1.0,0.1113,0.5,none,True,True
103604,1.0,0.1253,0.5,none,True,True
103605,1.0,0.1408,0.5,none,True,True
103606,1.0,0.0907,0.5,none,True,True
103607,1.0,0.1198,0.5,none,True,True
103608,1.0,0.0467,0.5,none,True,True
103609,1.0,0.0522,0.5,none,True,True
103610,1.0,0.0405,0.5,none,True,True
103611,1.0,0.0313,0.5,none,True,True
103612,1.0,0.0083,0.5,none,True,True
103613,1.0,0.0726,0.5,none,True,True
103614,1.0,0.0793,0.5,none,True,True
103615,1.0,0.0581,0.5,none,True,True
103616,1.0,0.0955,0.5,none,True,True
103617,1.0,0.0839,0.5,none,True,True
103618,1.0,0.0648,0.5,none,True,True
103619,1.0,0.0718,0.5,none,True,True
103620,1.0,0.0589,0.5,none,True,True
103621,1.0,0.0403,0.5,none,True,True
103622,1.0,0.0327,0.5,none,True,True
103623,1.0,0.0277,0.5,none,True,True
103624,1.0,0.017,0.5,none,True,True
103625,1.0,0.0102,0.5,none,True,True
103626,1.0,0.0099,0.5,none,True,True
103627,1.0,0.008,0.5,none,True,True
103628,1.0,0.005,0.5,none,True,True
103629,1.0,0.0063,0.5,none,True,True
103630,1.0,0.009,0.5,none,True,True
103631,1.0,0.0096,0.5,none,True,True
103632,1.0,0.0108,0.5,none,True,True
103633,1.0,0.014,0.5,none,True,True
103634,1.0,0.0161,0.5,none,True,True
103635,1.0,0.0167,0.5,none,True,True
103636,1.0,0.0182,0.5,none,True,True
103637,1.0,0.0196,0.5,none,True,True
103638,1.0,0.0197,0.5,none,True,True
103639,1.0,0.0193,0.5,none,True,True
103640,1.0,0.0193,0.5,none,True,True
103641,1.0,0.0187,0.5,none,True,True
103642,1.0,0.0174,0.5,none,True,True
103643,1.0,0.0163,0.5,none,True,True
103644,1.0,0.0152,0.5,none,True,True
103645,1.0,0.0138,0.5,none,True,True
103646,1.0,0.0123,0.5,none,True,True
103647,1.0,0.0111,0.5,none,True,True
103648,1.0,0.01,0.5,none,True,True
103649,1.0,0.0088,0.5,none,True,True
103650,1.0,0.0078,0.5,none,True,True
103651,1.0,0.0071,0.5,none,True,True
103652,1.0,0.0064,0.5,none,True,True
103653,1.0,0.0057,0.5,none,True,True
103654,1.0,0.0053,0.5,none,True,True
103655,1.0,0.005,0.5,none,True,True
103656,1.0,0.0047,0.5,none,True,True
103657,1.0,0.0045,0.5,none,True,True
103658,1.0,0.0044,0.5,none,True,True
103659,1.0,0.0043,0.5,none,True,True
103660,1.0,0.0042,0.5,none,True,True
103661,1.0,0.0041,0.5,none,True,True
103662,1.0,0.004,0.5,none,True,True
103663,1.0,0.0039,0.5,none,True,True
103664,1.0,0.0038,0.5,none,True,True
103665,1.0,0.0037,0.5,none,True,True
103666,1.0,0.0035,0.5,none,True,True
103667,1.0,0.0033,0.5,none,True,True
103668,1.0,0.0032,0.5,none,True,True
103669,1.0,0.003,0.5,none,True,True
103670,1.0,0.0028,0.5,none,True,True
103671,1.0,0.0026,0.5,none,True,True
103672,1.0,0.0024,0.5,none,True,True
103673,1.0,0.0023,0.5,none,True,True
103674,1.0,0.0021,0.5,none,True,True
103675,1.0,0.0019,0.5,none,True,True
103676,1.0,0.0018,0.5,none,True,True
103677,1.0,0.0017,0.5,none,True,True
103678,1.0,0.0015,0.5,none,True,True
103679,1.0,0.0014,0.5,none,True,True
103680,1.0,0.0013,0.5,none,True,True
103681,1.0,0.0013,0.5,none,True,True
103682,1.0,0.0012,0.5,none,True,True
103683,1.0,0.0011,0.5,none,True,True
103684,1.0,0.0011,0.5,none,True,True
103685,1.0,0.001,0.5,none,True,True
103686,1.0,0.001,0.5,none,True,True
103687,1.0,0.0009,0.5,none,True,True
103688,1.0,0.0009,0.5,none,True,True
103689,1.0,0.0008,0.5,none,True,True
103690,1.0,0.0008,0.5,none,True,True
103691,1.0,0.0008,0.5,none,True,True
103692,1.0,0.0007,0.5,none,True,True
103693,1.0,0.0007,0.5,none,True,True
103694,1.0,0.0006,0.5,none,True,True
103695,1.0,0.0006,0.5,none,True,True
103696,1.0,0.0006,0.5,none,True,True
103697,1.0,0.0005,0.5,none,True,True
103698,1.0,0.0005,0.5,none,True,True
103699,1.0,0.0005,0.5,none,True,True
103700,1.0,0.0004,0.5,none,True,True
103701,1.0,0.0004,0.5,none,True,True
103702,1.0,0.0004,0.5,none,True,True
103703,1.0,0.0004,0.5,none,True,True
103704,1.0,0.0003,0.5,none,True,True
103705,1.0,0.0003,0.5,none,True,True
103706,1.0,0.0003,0.5,none,True,True
103707,1.0,0.0003,0.5,none,True,True
103708,1.0,0.0003,0.5,none,True,True
103709,1.0,0.0003,0.5,none,True,True
103710,1.0,0.0002,0.5,none,True,True
103711,1.0,0.0002,0.5,none,True,True
103712,1.0,0.0002,0.5,none,True,True
103713,1.0,0.0002,0.5,none,True,True
103714,1.0,0.0002,0.5,none,True,True
103715,1.0,0.0002,0.5,none,True,True
103716,1.0,0.0002,0.5,none,True,True
103717,1.0,0.0002,0.5,none,True,True
103718,1.0,0.0002,0.5,none,True,True
103719,1.0,0.0001,0.5,none,True,True
103720,1.0,0.0001,0.5,none,True,True
103721,1.0,0.0001,0.5,none,True,True
103722,1.0,0.0001,0.5,none,True,True
103723,1.0,0.0001,0.5,none,True,True
103724,1.0,0.0001,0.5,none,True,True
103725,1.0,0.0001,0.5,none,True,True
103726,1.0,0.0001,0.5,none,True,True
103727,1.0,0.0001,0.5,none,True,True
103728,1.0,0.0001,0.5,none,True,True
103729,1.0,0.0001,0.5,none,True,True
103730,1.0,0.0001,0.5,none,True,True
103731,1.0,0.0001,0.5,none,True,True
103732,1.0,0.0001,0.5,none,True,True
103733,1.0,0.0001,0.5,none,True,True
103734,1.0,0.0001,0.5,none,True,True
103735,1.0,0.0001,0.5,none,True,True
103736,1.0,0.0001,0.5,none,True,True
103737,1.0,0.0,0.5,none,True,True
103738,1.0,0.0,0.5,none,True,True
103739,1.0,0.0,0.5,none,True,True
103740,1.0,0.0,0.5,none,True,True
103741,1.0,0.0,0.5,none,True,True
103742,1.0,0.0,0.5,none,True,True
103743,1.0,0.0,0.5,none,True,True
103744,1.0,0.0,0.5,none,True,True
103745,1.0,0.0,0.5,none,True,True
103746,1.0,0.0,0.5,none,True,True
103747,1.0,0.0,0.5,none,True,True
103748,1.0,0.0,0.5,none,True,True
103749,1.0,0.0,0.5,none,True,True
103750,1.0,0.0,0.5,none,True,True
103751,1.0,0.0,0.5,none,True,True
103752,1.0,0.0,0.5,none,True,True
103753,1.0,0.0,0.5,none,True,True
103754,1.0,0.0,0.5,none,True,True
103755,1.0,0.0,0.5,none,True,True
103756,1.0,0.0,0.5,none,True,True
103757,1.0,0.0,0.5,none,True,True
103758,1.0,0.0,0.5,none,True,True
103759,1.0,0.0,0.5,none,True,True
103760,1.0,0.0,0.5,none,True,True
103761,1.0,0.0,0.5,none,True,True
103762,1.0,0.0,0.5,none,True,True
103763,1.0,0.0,0.5,none,True,True
103764,1.0,0.0,0.5,none,True,True
103765,1.0,0.0,0.5,none,True,True
103766,1.0,0.0,0.5,none,True,True
103767,1.0,0.0,0.5,none,True,True
103768,1.0,0.0,0.5,none,True,True
103769,1.0,0.0,0.5,none,True,True
103770,1.0,0.0,0.5,none,True,True
103771,1.0,0.0,0.5,none,True,True
103772,1.0,0.0,0.5,none,True,True
103773,1.0,0.0,0.5,none,True,True
103774,1.0,0.0,0.5,none,True,True
103775,1.0,0.0,0.5,none,True,True
103776,1.0,0.0,0.5,none,True,True
103777,1.0,0.0,0.5,none,True,True
103778,1.0,0.0,0.5,none,True,True
103779,1.0,0.0,0.5,none,True,True
103780,1.0,0.0,0.5,none,True,True
103781,1.0,0.0,0.5,none,True,True
103782,1.0,0.0,0.5,none,True,True
103783,1.0,0.0,0.5,none,True,True
103784,1.0,0.0,0.5,none,True,True
103785,1.0,0.0,0.5,none,True,True
103786,1.0,0.0,0.5,none,True,True
103787,1.0,0.0,0.5,none,True,True
103788,1.0,0.0,0.5,none,True,True
103789,1.0,0.0,0.5,none,True,True
103790,1.0,0.0,0.5,none,True,True
103791,1.0,0.0,0.5,none,True,True
103792,1.0,0.0,0.5,none,True,True
103793,1.0,0.0,0.5,none,True,True
103794,1.0,0.0,0.5,none,True,True
103795,1.0,0.0,0.5,none,True,True
103796,1.0,0.0,0.5,none,True,True
103797,1.0,0.0,0.5,none,True,True
103798,1.0,0.0,0.5,none,True,True
103799,1.0,0.0,0.5,none,True,True
103800,1.0,0.0,0.5,none,True,True
103801,1.0,0.0,0.5,none,True,True
103802,1.0,0.0,0.5,none,True,True
103803,1.0,0.0,0.5,none,True,True
103804,1.0,0.0,0.5,none,True,True
103805,1.0,0.0,0.5,none,True,True
103806,1.0,0.0,0.5,none,True,True
103807,1.0,0.0,0.5,none,True,True
103808,1.0,0.0,0.5,none,True,True
103809,1.0,0.0,0.5,none,True,True
103810,1.0,0.0,0.5,none,True,True
103811,1.0,0.0,0.5,none,True,True
103812,1.0,0.0,0.5,none,True,True
103813,1.0,0.0,0.5,none,True,True
103814,1.0,0.0,0.5,none,True,True
103815,1.0,0.0,0.5,none,True,True
103816,1.0,0.0,0.5,none,True,True
103817,1.0,0.0,0.5,none,True,True
103818,1.0,0.0,0.5,none,True,True
103819,1.0,0.0,0.5,none,True,True
103820,1.0,0.0,0.5,none,True,True
103821,1.0,0.0,0.5,none,True,True
103822,1.0,0.0,0.5,none,True,True
103823,1.0,0.0,0.5,none,True,True
103824,1.0,0.0,0.5,none,True,True
103825,1.0,0.0,0.5,none,True,True
103826,1.0,0.0,0.5,none,True,True
103827,1.0,0.0,0.5,none,True,True
103828,1.0,0.0,0.5,none,True,True
103829,1.0,0.0,0.5,none,True,True
103830,1.0,0.0,0.5,none,True,True
103831,1.0,0.0,0.5,none,True,True
103832,1.0,0.0,0.5,none,True,True
103833,1.0,0.0,0.5,none,True,True
103834,1.0,0.0,0.5,none,True,True
103835,1.0,0.0,0.5,none,True,True
103836,1.0,0.0,0.5,none,True,True
103837,1.0,0.0,0.5,none,True,True
103838,1.0,0.0,0.5,none,True,True
103839,1.0,0.0,0.5,none,True,True
103840,1.0,0.0,0.5,none,True,True
103841,1.0,0.0,0.5,none,True,True
103842,1.0,0.0,0.5,none,True,True
103843,1.0,0.0,0.5,none,True,True
103844,1.0,0.0,0.5,none,True,True
103845,1.0,0.0,0.5,none,True,True
103846,1.0,0.0,0.5,none,True,True
103847,1.0,0.0,0.5,none,True,True
103848,1.0,0.0,0.5,none,True,True
103849,1.0,0.0,0.5,none,True,True
103850,1.0,0.0,0.5,none,True,True
103851,1.0,0.0,0.5,none,True,True
103852,1.0,0.0,0.5,none,True,True
103853,1.0,0.0,0.5,none,True,True
103854,1.0,0.0,0.5,none,True,True
103855,1.0,0.0,0.5,none,True,True
103856,1.0,0.0,0.5,none,True,True
103857,1.0,0.0,0.5,none,True,True
103858,1.0,0.0,0.5,none,True,True
103859,1.0,0.0,0.5,none,True,True
103860,1.0,0.0,0.5,none,True,True
103861,1.0,0.0,0.5,none,True,True
103862,1.0,0.0,0.5,none,True,True
103863,1.0,0.0,0.5,none,True,True
103864,1.0,0.0,0.5,none,True,True
103865,1.0,0.0,0.5,none,True,True
103866,1.0,0.0,0.5,none,True,True
103867,1.0,0.0,0.5,none,True,True
103868,1.0,0.0,0.5,none,True,True
103869,1.0,0.0,0.5,none,True,True
103870,1.0,0.0,0.5,none,True,True
103871,1.0,0.0,0.5,none,True,True
103872,1.0,0.0,0.5,none,True,True
103873,1.0,0.0,0.5,none,True,True
103874,1.0,0.0,0.5,none,True,True
103875,1.0,0.0,0.5,none,True,True
103876,1.0,0.0,0.5,none,True,True
103877,1.0,0.0,0.5,none,True,True
103878,1.0,0.0,0.5,none,True,True
103879,1.0,0.0,0.5,none,True,True
103880,1.0,0.0,0.5,none,True,True
103881,1.0,0.0,0.5,none,True,True
103882,1.0,0.0,0.5,none,True,True
103883,1.0,0.0,0.5,none,True,True
103884,1.0,0.0,0.5,none,True,True
103885,1.0,0.0,0.5,none,True,True
103886,1.0,0.0,0.5,none,True,True
103887,1.0,0.0,0.5,none,True,True
103888,1.0,0.0,0.5,none,True,True
103889,1.0,0.0,0.5,none,True,True
103890,1.0,0.0,0.5,none,True,True
103891,1.0,0.0,0.5,none,True,True
103892,1.0,0.0,0.5,none,True,True
103893,1.0,0.0,0.5,none,True,True
103894,1.0,0.0,0.5,none,True,True
103895,1.0,0.0,0.5,none,True,True
103896,1.0,0.0,0.5,none,True,True
103897,1.0,0.0,0.5,none,True,True
103898,1.0,0.0,0.5,none,True,True
103899,1.0,0.0,0.5,none,True,True
103900,1.0,0.0,0.5,none,True,True
103901,1.0,0.0,0.5,none,True,True
103902,1.0,0.0,0.5,none,True,True
103903,1.0,0.0,0.5,none,True,True
103904,1.0,0.0,0.5,none,True,True
103905,1.0,0.0,0.5,none,True,True
103906,1.0,0.0,0.5,none,True,True
103907,1.0,0.0,0.5,none,True,True
103908,1.0,0.0,0.5,none,True,True
103909,1.0,0.0,0.5,none,True,True
103910,1.0,0.0,0.5,none,True,True
103911,1.0,0.0,0.5,none,True,True
103912,1.0,0.0,0.5,none,True,True
103913,1.0,0.0,0.5,none,True,True
103914,1.0,0.0,0.5,none,True,True
103915,1.0,0.0,0.5,none,True,True
103916,1.0,0.0,0.5,none,True,True
103917,1.0,0.0,0.5,none,True,True
103918,1.0,0.0,0.5,none,True,True
103919,1.0,0.0,0.5,none,True,True
103920,1.0,0.0,0.5,none,True,True
103921,1.0,0.0,0.5,none,True,True
103922,1.0,0.0,0.5,none,True,True
103923,1.0,0.0,0.5,none,True,True
103924,1.0,0.0,0.5,none,True,True
103925,1.0,0.0,0.5,none,True,True
103926,1.0,0.0,0.5,none,True,True
103927,1.0,0.0,0.5,none,True,True
103928,1.0,0.0,0.5,none,True,True
103929,1.0,0.0,0.5,none,True,True
103930,1.0,0.0,0.5,none,True,True
103931,1.0,0.0,0.5,none,True,True
103932,1.0,0.0,0.5,none,True,True
103933,1.0,0.0,0.5,none,True,True
103934,1.0,0.0,0.5,none,True,True
103935,1.0,0.0,0.5,none,True,True
103936,1.0,0.0,0.5,none,True,True
103937,1.0,0.0,0.5,none,True,True
103938,1.0,0.0,0.5,none,True,True
103939,1.0,0.0,0.5,none,True,True
103940,1.0,0.0,0.5,none,True,True
103941,1.0,0.0,0.5,none,True,True
103942,1.0,0.0,0.5,none,True,True
103943,1.0,0.0,0.5,none,True,True
103944,1.0,0.0,0.5,none,True,True
103945,1.0,0.0,0.5,none,True,True
103946,1.0,0.0,0.5,none,True,True
103947,1.0,0.0,0.5,none,True,True
103948,1.0,0.0,0.5,none,True,True
103949,1.0,0.0,0.5,none,True,True
103950,1.0,0.0,0.5,none,True,True
103951,1.0,0.0,0.5,none,True,True
103952,1.0,0.0,0.5,none,True,True
103953,1.0,0.0,0.5,none,True,True
103954,1.0,0.0,0.5,none,True,True
103955,1.0,0.0,0.5,none,True,True
103956,1.0,0.0,0.5,none,True,True
103957,1.0,0.0,0.5,none,True,True
103958,1.0,0.0,0.5,none,True,True
103959,1.0,0.0,0.5,none,True,True
103960,1.0,0.0,0.5,none,True,True
103961,1.0,0.0,0.5,none,True,True
103962,1.0,0.0,0.5,none,True,True
103963,1.0,0.0,0.5,none,True,True
103964,1.0,0.0,0.5,none,True,True
103965,1.0,0.0,0.5,none,True,True
103966,1.0,0.0,0.5,none,True,True
103967,1.0,0.0,0.5,none,True,True
103968,1.0,0.0,0.5,none,True,True
103969,1.0,0.0,0.5,none,True,True
103970,1.0,0.0,0.5,none,True,True
103971,1.0,0.0,0.5,none,True,True
103972,1.0,0.0,0.5,none,True,True
103973,1.0,0.0,0.5,none,True,True
103974,1.0,0.0,0.5,none,True,True
103975,1.0,0.0,0.5,none,True,True
103976,1.0,0.0,0.5,none,True,True
103977,1.0,0.0,0.5,none,True,True
103978,1.0,0.0,0.5,none,True,True
103979,1.0,0.0,0.5,none,True,True
103980,1.0,0.0,0.5,none,True,True
103981,1.0,0.0,0.5,none,True,True
103982,1.0,0.0,0.5,none,True,True
103983,1.0,0.0,0.5,none,True,True
103984,1.0,0.0,0.5,none,True,True
103985,1.0,0.0,0.5,none,True,True
103986,1.0,0.0,0.5,none,True,True
103987,1.0,0.0,0.5,none,True,True
103988,1.0,0.0,0.5,none,True,True
103989,1.0,0.0,0.5,none,True,True
103990,1.0,0.0,0.5,none,True,True
103991,1.0,0.0,0.5,none,True,True
103992,1.0,0.0,0.5,none,True,True
103993,1.0,0.0,0.5,none,True,True
103994,1.0,0.0,0.5,none,True,True
103995,1.0,0.0,0.5,none,True,True
103996,1.0,0.0,0.5,none,True,True
103997,1.0,0.0,0.5,none,True,True
103998,1.0,0.0,0.5,none,True,True
103999,1.0,0.0,0.5,none,True,True
104000,1.0,0.0,0.5,none,True,True
104001,1.0,0.0,0.5,none,True,True
104002,1.0,0.0,0.5,none,True,True
104003,1.0,0.0,0.5,none,True,True
104004,1.0,0.0,0.5,none,True,True
104005,1.0,0.0,0.5,none,True,True
104006,1.0,0.0,0.5,none,True,True
104007,1.0,0.0,0.5,none,True,True
104008,1.0,0.0,0.5,none,True,True
104009,1.0,0.0,0.5,none,True,True
104010,1.0,0.0,0.5,none,True,True
104011,1.0,0.0,0.5,none,True,True
104012,1.0,0.0,0.5,none,True,True
104013,1.0,0.0,0.5,none,True,True
104014,1.0,0.0,0.5,none,True,True
104015,1.0,0.0,0.5,none,True,True
104016,1.0,0.0,0.5,none,True,True
104017,1.0,0.0,0.5,none,True,True
104018,1.0,0.0,0.5,none,True,True
104019,1.0,0.0,0.5,none,True,True
104020,1.0,0.0,0.5,none,True,True
104021,1.0,0.0,0.5,none,True,True
104022,1.0,0.0,0.5,none,True,True
104023,1.0,0.0,0.5,none,True,True
104024,1.0,0.0,0.5,none,True,True
104025,1.0,0.0,0.5,none,True,True
104026,1.0,0.0,0.5,none,True,True
104027,1.0,0.0,0.5,none,True,True
104028,1.0,0.0,0.5,none,True,True
104029,1.0,0.0,0.5,none,True,True
104030,1.0,0.0,0.5,none,True,True
104031,1.0,0.0,0.5,none,True,True
104032,1.0,0.0,0.5,none,True,True
104033,1.0,0.0,0.5,none,True,True
104034,1.0,0.0,0.5,none,True,True
104035,1.0,0.0,0.5,none,True,True
104036,1.0,0.0,0.5,none,True,True
104037,1.0,0.0,0.5,none,True,True
104038,1.0,0.0,0.5,none,True,True
104039,1.0,0.0,0.5,none,True,True
104040,1.0,0.0,0.5,none,True,True
104041,1.0,0.0,0.5,none,True,True
104042,1.0,0.0,0.5,none,True,True
104043,1.0,0.0,0.5,none,True,True
104044,1.0,0.0,0.5,none,True,True
104045,1.0,0.0,0.5,none,True,True
104046,1.0,0.0,0.5,none,True,True
104047,1.0,0.0,0.5,none,True,True
104048,1.0,0.0,0.5,none,True,True
104049,1.0,0.0,0.5,none,True,True
104050,1.0,0.0,0.5,none,True,True
104051,1.0,0.0,0.5,none,True,True
104052,1.0,0.0,0.5,none,True,True
104053,1.0,0.0,0.5,none,True,True
104054,1.0,0.0,0.5,none,True,True
104055,1.0,0.0,0.5,none,True,True
104056,1.0,0.0,0.5,none,True,True
104057,1.0,0.0,0.5,none,True,True
104058,1.0,0.0,0.5,none,True,True
104059,1.0,0.0,0.5,none,True,True
104060,1.0,0.0,0.5,none,True,True
104061,1.0,0.0,0.5,none,True,True
104062,1.0,0.0,0.5,none,True,True
104063,1.0,0.0,0.5,none,True,True
104064,1.0,0.0,0.5,none,True,True
104065,1.0,0.0,0.5,none,True,True
104066,1.0,0.0,0.5,none,True,True
104067,1.0,0.0,0.5,none,True,True
104068,1.0,0.0,0.5,none,True,True
104069,1.0,0.0,0.5,none,True,True
104070,1.0,0.0,0.5,none,True,True
104071,1.0,0.0,0.5,none,True,True
104072,1.0,0.0,0.5,none,True,True
104073,1.0,0.0,0.5,none,True,True
104074,1.0,0.0,0.5,none,True,True
104075,1.0,0.0,0.5,none,True,True
104076,1.0,0.0,0.5,none,True,True
104077,1.0,0.0,0.5,none,True,True
104078,1.0,0.0,0.5,none,True,True
104079,1.0,0.0,0.5,none,True,True
104080,1.0,0.0,0.5,none,True,True
104081,1.0,0.0,0.5,none,True,True
104082,1.0,0.0,0.5,none,True,True
104083,1.0,0.0,0.5,none,True,True
104084,1.0,0.0,0.5,none,True,True
104085,1.0,0.0,0.5,none,True,True
104086,1.0,0.0,0.5,none,True,True
104087,1.0,0.0,0.5,none,True,True
104088,1.0,0.0,0.5,none,True,True
104089,1.0,0.0,0.5,none,True,True
104090,1.0,0.0,0.5,none,True,True
104091,1.0,0.0,0.5,none,True,True
104092,1.0,0.0,0.5,none,True,True
104093,1.0,0.0,0.5,none,True,True
104094,1.0,0.0,0.5,none,True,True
104095,1.0,0.0,0.5,none,True,True
104096,1.0,0.0,0.5,none,True,True
104097,1.0,0.0,0.5,none,True,True
104098,1.0,0.0,0.5,none,True,True
104099,1.0,0.0,0.5,none,True,True
104100,1.0,0.0,0.5,none,True,True
104101,1.0,0.0,0.5,none,True,True
104102,1.0,0.0,0.5,none,True,True
104103,1.0,0.0,0.5,none,True,True
104104,1.0,0.0,0.5,none,True,True
104105,1.0,0.0,0.5,none,True,True
104106,1.0,0.0,0.5,none,True,True
104107,1.0,0.0,0.5,none,True,True
104108,1.0,0.0,0.5,none,True,True
104109,1.0,0.0,0.5,none,True,True
104110,1.0,0.0,0.5,none,True,True
104111,1.0,0.0,0.5,none,True,True
104112,1.0,0.0,0.5,none,True,True
104113,1.0,0.0,0.5,none,True,True
104114,1.0,0.0,0.5,none,True,True
104115,1.0,0.0,0.5,none,True,True
104116,1.0,0.0,0.5,none,True,True
104117,1.0,0.0,0.5,none,True,True
104118,1.0,0.0,0.5,none,True,True
104119,1.0,0.0,0.5,none,True,True
104120,1.0,0.0,0.5,none,True,True
104121,1.0,0.0,0.5,none,True,True
104122,1.0,0.0,0.5,none,True,True
104123,1.0,0.0,0.5,none,True,True
104124,1.0,0.0,0.5,none,True,True
104125,1.0,0.0,0.5,none,True,True
104126,1.0,0.0,0.5,none,True,True
104127,1.0,0.0,0.5,none,True,True
104128,1.0,0.0,0.5,none,True,True
104129,1.0,0.0,0.5,none,True,True
104130,1.0,0.0,0.5,none,True,True
104131,1.0,0.0,0.5,none,True,True
104132,1.0,0.0,0.5,none,True,True
104133,1.0,0.0,0.5,none,True,True
104134,1.0,0.0,0.5,none,True,True
104135,1.0,0.0,0.5,none,True,True
104136,1.0,0.0,0.5,none,True,True
104137,1.0,0.0,0.5,none,True,True
104138,1.0,0.0,0.5,none,True,True
104139,1.0,0.0,0.5,none,True,True
104140,1.0,0.0,0.5,none,True,True
104141,1.0,0.0,0.5,none,True,True
104142,1.0,0.0,0.5,none,True,True
104143,1.0,0.0,0.5,none,True,True
104144,1.0,0.0,0.5,none,True,True
104145,1.0,0.0,0.5,none,True,True
104146,1.0,0.0,0.5,none,True,True
104147,1.0,0.0,0.5,none,True,True
104148,1.0,0.0,0.5,none,True,True
104149,1.0,0.0,0.5,none,True,True
104150,1.0,0.0,0.5,none,True,True
104151,1.0,0.0,0.5,none,True,True
104152,1.0,0.0,0.5,none,True,True
104153,1.0,0.0,0.5,none,True,True
104154,1.0,0.0,0.5,none,True,True
104155,1.0,0.0,0.5,none,True,True
104156,1.0,0.0,0.5,none,True,True
104157,1.0,0.0,0.5,none,True,True
104158,1.0,0.0,0.5,none,True,True
104159,1.0,0.0,0.5,none,True,True
104160,1.0,0.0,0.5,none,True,True
104161,1.0,0.0,0.5,none,True,True
104162,1.0,0.0,0.5,none,True,True
104163,1.0,0.0,0.5,none,True,True
104164,1.0,0.0,0.5,none,True,True
104165,1.0,0.0,0.5,none,True,True
104166,1.0,0.0,0.5,none,True,True
104167,1.0,0.0,0.5,none,True,True
104168,1.0,0.0,0.5,none,True,True
104169,1.0,0.0,0.5,none,True,True
104170,1.0,0.0,0.5,none,True,True
104171,1.0,0.0,0.5,none,True,True
104172,1.0,0.0,0.5,none,True,True
104173,1.0,0.0,0.5,none,True,True
104174,1.0,0.0,0.5,none,True,True
104175,1.0,0.0,0.5,none,True,True
104176,1.0,0.0,0.5,none,True,True
104177,1.0,0.0,0.5,none,True,True
104178,1.0,0.0,0.5,none,True,True
104179,1.0,0.0,0.5,none,True,True
104180,1.0,0.0,0.5,none,True,True
104181,1.0,0.0,0.5,none,True,True
104182,1.0,0.0,0.5,none,True,True
104183,1.0,0.0,0.5,none,True,True
104184,1.0,0.0,0.5,none,True,True
104185,1.0,0.0,0.5,none,True,True
104186,1.0,0.0,0.5,none,True,True
104187,1.0,0.0,0.5,none,True,True
104188,1.0,0.0,0.5,none,True,True
104189,1.0,0.0,0.5,none,True,True
104190,1.0,0.0,0.5,none,True,True
104191,1.0,0.0,0.5,none,True,True
104192,1.0,0.0,0.5,none,True,True
104193,1.0,0.0,0.5,none,True,True
104194,1.0,0.0,0.5,none,True,True
104195,1.0,0.0,0.5,none,True,True
104196,1.0,0.0,0.5,none,True,True
104197,1.0,0.0,0.5,none,True,True
104198,1.0,0.0,0.5,none,True,True
104199,1.0,0.0,0.5,none,True,True
104200,1.0,0.0,0.5,none,True,True
104201,1.0,0.0,0.5,none,True,True
104202,1.0,0.0,0.5,none,True,True
104203,1.0,0.0,0.5,none,True,True
104204,1.0,0.0,0.5,none,True,True
104205,1.0,0.0,0.5,none,True,True
104206,1.0,0.0,0.5,none,True,True
104207,1.0,0.0,0.5,none,True,True
104208,1.0,0.0,0.5,none,True,True
104209,1.0,0.0,0.5,none,True,True
104210,1.0,0.0,0.5,none,True,True
104211,1.0,0.0,0.5,none,True,True
104212,1.0,0.0,0.5,none,True,True
104213,1.0,0.0,0.5,none,True,True
104214,1.0,0.0,0.5,none,True,True
104215,1.0,0.0,0.5,none,True,True
104216,1.0,0.0,0.5,none,True,True
104217,1.0,0.0,0.5,none,True,True
104218,1.0,0.0,0.5,none,True,True
104219,1.0,0.0,0.5,none,True,True
104220,1.0,0.0,0.5,none,True,True
104221,1.0,0.0,0.5,none,True,True
104222,1.0,0.0,0.5,none,True,True
104223,1.0,0.0,0.5,none,True,True
104224,1.0,0.0,0.5,none,True,True
104225,1.0,0.0,0.5,none,True,True
104226,1.0,0.0,0.5,none,True,True
104227,1.0,0.0,0.5,none,True,True
104228,1.0,0.0,0.5,none,True,True
104229,1.0,0.0,0.5,none,True,True
104230,1.0,0.0,0.5,none,True,True
104231,1.0,0.0,0.5,none,True,True
104232,1.0,0.0,0.5,none,True,True
104233,1.0,0.0,0.5,none,True,True
104234,1.0,0.0,0.5,none,True,True
104235,1.0,0.0,0.5,none,True,True
104236,1.0,0.0,0.5,none,True,True
104237,1.0,0.0,0.5,none,True,True
104238,1.0,0.0,0.5,none,True,True
104239,1.0,0.0,0.5,none,True,True
104240,1.0,0.0,0.5,none,True,True
104241,1.0,0.0,0.5,none,True,True
104242,1.0,0.0,0.5,none,True,True
104243,1.0,0.0,0.5,none,True,True
104244,1.0,0.0,0.5,none,True,True
104245,1.0,0.0,0.5,none,True,True
104246,1.0,0.0,0.5,none,True,True
104247,1.0,0.0,0.5,none,True,True
104248,1.0,0.0,0.5,none,True,True
104249,1.0,0.0,0.5,none,True,True
104250,1.0,0.0,0.5,none,True,True
104251,1.0,0.0,0.5,none,True,True
104252,1.0,0.0,0.5,none,True,True
104253,1.0,0.0,0.5,none,True,True
104254,1.0,0.0,0.5,none,True,True
104255,1.0,0.0,0.5,none,True,True
104256,1.0,0.0,0.5,none,True,True
104257,1.0,0.0,0.5,none,True,True
104258,1.0,0.0,0.5,none,True,True
104259,1.0,0.0,0.5,none,True,True
104260,1.0,0.0,0.5,none,True,True
104261,1.0,0.0,0.5,none,True,True
104262,1.0,0.0,0.5,none,True,True
104263,1.0,0.0,0.5,none,True,True
104264,1.0,0.0,0.5,none,True,True
104265,1.0,0.0,0.5,none,True,True
104266,1.0,0.0,0.5,none,True,True
104267,1.0,0.0,0.5,none,True,True
104268,1.0,0.0,0.5,none,True,True
104269,1.0,0.0,0.5,none,True,True
104270,1.0,0.0,0.5,none,True,True
104271,1.0,0.0,0.5,none,True,True
104272,1.0,0.0,0.5,none,True,True
104273,1.0,0.0,0.5,none,True,True
104274,1.0,0.0,0.5,none,True,True
104275,1.0,0.0,0.5,none,True,True
104276,1.0,0.0,0.5,none,True,True
104277,1.0,0.0,0.5,none,True,True
104278,1.0,0.0,0.5,none,True,True
104279,1.0,0.0,0.5,none,True,True
104280,1.0,0.0,0.5,none,True,True
104281,1.0,0.0,0.5,none,True,True
104282,1.0,0.0,0.5,none,True,True
104283,1.0,0.0,0.5,none,True,True
104284,1.0,0.0,0.5,none,True,True
104285,1.0,0.0,0.5,none,True,True
104286,1.0,0.0,0.5,none,True,True
104287,1.0,0.0,0.5,none,True,True
104288,1.0,0.0,0.5,none,True,True
104289,1.0,0.0,0.5,none,True,True
104290,1.0,0.0,0.5,none,True,True
104291,1.0,0.0,0.5,none,True,True
104292,1.0,0.0,0.5,none,True,True
104293,1.0,0.0,0.5,none,True,True
104294,1.0,0.0,0.5,none,True,True
104295,1.0,0.0,0.5,none,True,True
104296,1.0,0.0,0.5,none,True,True
104297,1.0,0.0,0.5,none,True,True
104298,1.0,0.0,0.5,none,True,True
104299,1.0,0.0,0.5,none,True,True
104300,1.0,0.0061,0.5,none,True,True
104301,1.0,0.0357,0.5,none,True,True
104302,1.0,0.0812,0.5,none,True,True
104303,1.0,0.1113,0.5,none,True,True
104304,1.0,0.1253,0.5,none,True,True
104305,1.0,0.1408,0.5,none,True,True
104306,1.0,0.0907,0.5,none,True,True
104307,1.0,0.1198,0.5,none,True,True
104308,1.0,0.0467,0.5,none,True,True
104309,1.0,0.0522,0.5,none,True,True
104310,1.0,0.0405,0.5,none,True,True
104311,1.0,0.0313,0.5,none,True,True
104312,1.0,0.0083,0.5,none,True,True
104313,1.0,0.0726,0.5,none,True,True
104314,1.0,0.0793,0.5,none,True,True
104315,1.0,0.0581,0.5,none,True,True
104316,1.0,0.0955,0.5,none,True,True
104317,1.0,0.0839,0.5,none,True,True
104318,1.0,0.0648,0.5,none,True,True
104319,1.0,0.0718,0.5,none,True,True
104320,1.0,0.0589,0.5,none,True,True
104321,1.0,0.0403,0.5,none,True,True
104322,1.0,0.0327,0.5,none,True,True
104323,1.0,0.0277,0.5,none,True,True
104324,1.0,0.017,0.5,none,True,True
104325,1.0,0.0102,0.5,none,True,True
104326,1.0,0.0099,0.5,none,True,True
104327,1.0,0.008,0.5,none,True,True
104328,1.0,0.005,0.5,none,True,True
104329,1.0,0.0063,0.5,none,True,True
104330,1.0,0.009,0.5,none,True,True
104331,1.0,0.0096,0.5,none,True,True
104332,1.0,0.0108,0.5,none,True,True
104333,1.0,0.014,0.5,none,True,True
104334,1.0,0.0161,0.5,none,True,True
104335,1.0,0.0167,0.5,none,True,True
104336,1.0,0.0182,0.5,none,True,True
104337,1.0,0.0196,0.5,none,True,True
104338,1.0,0.0197,0.5,none,True,True
104339,1.0,0.0193,0.5,none,True,True
104340,1.0,0.0193,0.5,none,True,True
104341,1.0,0.0187,0.5,none,True,True
104342,1.0,0.0174,0.5,none,True,True
104343,1.0,0.0163,0.5,none,True,True
104344,1.0,0.0152,0.5,none,True,True
104345,1.0,0.0138,0.5,none,True,True
104346,1.0,0.0123,0.5,none,True,True
104347,1.0,0.0111,0.5,none,True,True
104348,1.0,0.01,0.5,none,True,True
104349,1.0,0.0088,0.5,none,True,True
104350,1.0,0.0078,0.5,none,True,True
104351,1.0,0.0071,0.5,none,True,True
104352,1.0,0.0064,0.5,none,True,True
104353,1.0,0.0057,0.5,none,True,True
104354,1.0,0.0053,0.5,none,True,True
104355,1.0,0.005,0.5,none,True,True
104356,1.0,0.0047,0.5,none,True,True
104357,1.0,0.0045,0.5,none,True,True
104358,1.0,0.0044,0.5,none,True,True
104359,1.0,0.0043,0.5,none,True,True
104360,1.0,0.0042,0.5,none,True,True
104361,1.0,0.0041,0.5,none,True,True
104362,1.0,0.004,0.5,none,True,True
104363,1.0,0.0039,0.5,none,True,True
104364,1.0,0.0038,0.5,none,True,True
104365,1.0,0.0037,0.5,none,True,True
104366,1.0,0.0035,0.5,none,True,True
104367,1.0,0.0033,0.5,none,True,True
104368,1.0,0.0032,0.5,none,True,True
104369,1.0,0.003,0.5,none,True,True
104370,1.0,0.0028,0.5,none,True,True
104371,1.0,0.0026,0.5,none,True,True
104372,1.0,0.0024,0.5,none,True,True
104373,1.0,0.0023,0.5,none,True,True
104374,1.0,0.0021,0.5,none,True,True
104375,1.0,0.0019,0.5,none,True,True
104376,1.0,0.0018,0.5,none,True,True
104377,1.0,0.0017,0.5,none,True,True
104378,1.0,0.0015,0.5,none,True,True
104379,1.0,0.0014,0.5,none,True,True
104380,1.0,0.0013,0.5,none,True,True
104381,1.0,0.0013,0.5,none,True,True
104382,1.0,0.0012,0.5,none,True,True
104383,1.0,0.0011,0.5,none,True,True
104384,1.0,0.0011,0.5,none,True,True
104385,1.0,0.001,0.5,none,True,True
104386,1.0,0.001,0.5,none,True,True
104387,1.0,0.0009,0.5,none,True,True
104388,1.0,0.0009,0.5,none,True,True
104389,1.0,0.0008,0.5,none,True,True
104390,1.0,0.0008,0.5,none,True,True
104391,1.0,0.0008,0.5,none,True,True
104392,1.0,0.0007,0.5,none,True,True
104393,1.0,0.0007,0.5,none,True,True
104394,1.0,0.0006,0.5,none,True,True
104395,1.0,0.0006,0.5,none,True,True
104396,1.0,0.0006,0.5,none,True,True
104397,1.0,0.0005,0.5,none,True,True
104398,1.0,0.0005,0.5,none,True,True
104399,1.0,0.0005,0.5,none,True,True
104400,1.0,0.0004,0.5,none,True,True
104401,1.0,0.0004,0.5,none,True,True
104402,1.0,0.0004,0.5,none,True,True
104403,1.0,0.0004,0.5,none,True,True
104404,1.0,0.0003,0.5,none,True,True
104405,1.0,0.0003,0.5,none,True,True
104406,1.0,0.0003,0.5,none,True,True
104407,1.0,0.0003,0.5,none,True,True
104408,1.0,0.0003,0.5,none,True,True
104409,1.0,0.0003,0.5,none,True,True
104410,1.0,0.0002,0.5,none,True,True
104411,1.0,0.0002,0.5,none,True,True
104412,1.0,0.0002,0.5,none,True,True
104413,1.0,0.0002,0.5,none,True,True
104414,1.0,0.0002,0.5,none,True,True
104415,1.0,0.0002,0.5,none,True,True
104416,1.0,0.0002,0.5,none,True,True
104417,1.0,0.0002,0.5,none,True,True
104418,1.0,0.0002,0.5,none,True,True
104419,1.0,0.0001,0.5,none,True,True
104420,1.0,0.0001,0.5,none,True,True
104421,1.0,0.0001,0.5,none,True,True
104422,1.0,0.0001,0.5,none,True,True
104423,1.0,0.0001,0.5,none,True,True
104424,1.0,0.0001,0.5,none,True,True
104425,1.0,0.0001,0.5,none,True,True
104426,1.0,0.0001,0.5,none,True,True
104427,1.0,0.0001,0.5,none,True,True
104428,1.0,0.0001,0.5,none,True,True
104429,1.0,0.0001,0.5,none,True,True
104430,1.0,0.0001,0.5,none,True,True
104431,1.0,0.0001,0.5,none,True,True
104432,1.0,0.0001,0.5,none,True,True
104433,1.0,0.0001,0.5,none,True,True
104434,1.0,0.0001,0.5,none,True,True
104435,1.0,0.0001,0.5,none,True,True
104436,1.0,0.0001,0.5,none,True,True
104437,1.0,0.0,0.5,none,True,True
104438,1.0,0.0,0.5,none,True,True
104439,1.0,0.0,0.5,none,True,True
104440,1.0,0.0,0.5,none,True,True
104441,1.0,0.0,0.5,none,True,True
104442,1.0,0.0,0.5,none,True,True
104443,1.0,0.0,0.5,none,True,True
104444,1.0,0.0,0.5,none,True,True
104445,1.0,0.0,0.5,none,True,True
104446,1.0,0.0,0.5,none,True,True
104447,1.0,0.0,0.5,none,True,True
104448,1.0,0.0,0.5,none,True,True
104449,1.0,0.0,0.5,none,True,True
104450,1.0,0.0,0.5,none,True,True
104451,1.0,0.0,0.5,none,True,True
104452,1.0,0.0,0.5,none,True,True
104453,1.0,0.0,0.5,none,True,True
104454,1.0,0.0,0.5,none,True,True
104455,1.0,0.0,0.5,none,True,True
104456,1.0,0.0,0.5,none,True,True
104457,1.0,0.0,0.5,none,True,True
104458,1.0,0.0,0.5,none,True,True
104459,1.0,0.0,0.5,none,True,True
104460,1.0,0.0,0.5,none,True,True
104461,1.0,0.0,0.5,none,True,True
104462,1.0,0.0,0.5,none,True,True
104463,1.0,0.0,0.5,none,True,True
104464,1.0,0.0,0.5,none,True,True
104465,1.0,0.0,0.5,none,True,True
104466,1.0,0.0,0.5,none,True,True
104467,1.0,0.0,0.5,none,True,True
104468,1.0,0.0,0.5,none,True,True
104469,1.0,0.0,0.5,none,True,True
104470,1.0,0.0,0.5,none,True,True
104471,1.0,0.0,0.5,none,True,True
104472,1.0,0.0,0.5,none,True,True
104473,1.0,0.0,0.5,none,True,True
104474,1.0,0.0,0.5,none,True,True
104475,1.0,0.0,0.5,none,True,True
104476,1.0,0.0,0.5,none,True,True
104477,1.0,0.0,0.5,none,True,True
104478,1.0,0.0,0.5,none,True,True
104479,1.0,0.0,0.5,none,True,True
104480,1.0,0.0,0.5,none,True,True
104481,1.0,0.0,0.5,none,True,True
104482,1.0,0.0,0.5,none,True,True
104483,1.0,0.0,0.5,none,True,True
104484,1.0,0.0,0.5,none,True,True
104485,1.0,0.0,0.5,none,True,True
104486,1.0,0.0,0.5,none,True,True
104487,1.0,0.0,0.5,none,True,True
104488,1.0,0.0,0.5,none,True,True
104489,1.0,0.0,0.5,none,True,True
104490,1.0,0.0,0.5,none,True,True
104491,1.0,0.0,0.5,none,True,True
104492,1.0,0.0,0.5,none,True,True
104493,1.0,0.0,0.5,none,True,True
104494,1.0,0.0,0.5,none,True,True
104495,1.0,0.0,0.5,none,True,True
104496,1.0,0.0,0.5,none,True,True
104497,1.0,0.0,0.5,none,True,True
104498,1.0,0.0,0.5,none,True,True
104499,1.0,0.0,0.5,none,True,True
104500,1.0,0.0,0.5,none,True,True
104501,1.0,0.0,0.5,none,True,True
104502,1.0,0.0,0.5,none,True,True
104503,1.0,0.0,0.5,none,True,True
104504,1.0,0.0,0.5,none,True,True
104505,1.0,0.0,0.5,none,True,True
104506,1.0,0.0,0.5,none,True,True
104507,1.0,0.0,0.5,none,True,True
104508,1.0,0.0,0.5,none,True,True
104509,1.0,0.0,0.5,none,True,True
104510,1.0,0.0,0.5,none,True,True
104511,1.0,0.0,0.5,none,True,True
104512,1.0,0.0,0.5,none,True,True
104513,1.0,0.0,0.5,none,True,True
104514,1.0,0.0,0.5,none,True,True
104515,1.0,0.0,0.5,none,True,True
104516,1.0,0.0,0.5,none,True,True
104517,1.0,0.0,0.5,none,True,True
104518,1.0,0.0,0.5,none,True,True
104519,1.0,0.0,0.5,none,True,True
104520,1.0,0.0,0.5,none,True,True
104521,1.0,0.0,0.5,none,True,True
104522,1.0,0.0,0.5,none,True,True
104523,1.0,0.0,0.5,none,True,True
104524,1.0,0.0,0.5,none,True,True
104525,1.0,0.0,0.5,none,True,True
104526,1.0,0.0,0.5,none,True,True
104527,1.0,0.0,0.5,none,True,True
104528,1.0,0.0,0.5,none,True,True
104529,1.0,0.0,0.5,none,True,True
104530,1.0,0.0,0.5,none,True,True
104531,1.0,0.0,0.5,none,True,True
104532,1.0,0.0,0.5,none,True,True
104533,1.0,0.0,0.5,none,True,True
104534,1.0,0.0,0.5,none,True,True
104535,1.0,0.0,0.5,none,True,True
104536,1.0,0.0,0.5,none,True,True
104537,1.0,0.0,0.5,none,True,True
104538,1.0,0.0,0.5,none,True,True
104539,1.0,0.0,0.5,none,True,True
104540,1.0,0.0,0.5,none,True,True
104541,1.0,0.0,0.5,none,True,True
104542,1.0,0.0,0.5,none,True,True
104543,1.0,0.0,0.5,none,True,True
104544,1.0,0.0,0.5,none,True,True
104545,1.0,0.0,0.5,none,True,True
104546,1.0,0.0,0.5,none,True,True
104547,1.0,0.0,0.5,none,True,True
104548,1.0,0.0,0.5,none,True,True
104549,1.0,0.0,0.5,none,True,True
104550,1.0,0.0,0.5,none,True,True
104551,1.0,0.0,0.5,none,True,True
104552,1.0,0.0,0.5,none,True,True
104553,1.0,0.0,0.5,none,True,True
104554,1.0,0.0,0.5,none,True,True
104555,1.0,0.0,0.5,none,True,True
104556,1.0,0.0,0.5,none,True,True
104557,1.0,0.0,0.5,none,True,True
104558,1.0,0.0,0.5,none,True,True
104559,1.0,0.0,0.5,none,True,True
104560,1.0,0.0,0.5,none,True,True
104561,1.0,0.0,0.5,none,True,True
104562,1.0,0.0,0.5,none,True,True
104563,1.0,0.0,0.5,none,True,True
104564,1.0,0.0,0.5,none,True,True
104565,1.0,0.0,0.5,none,True,True
104566,1.0,0.0,0.5,none,True,True
104567,1.0,0.0,0.5,none,True,True
104568,1.0,0.0,0.5,none,True,True
104569,1.0,0.0,0.5,none,True,True
104570,1.0,0.0,0.5,none,True,True
104571,1.0,0.0,0.5,none,True,True
104572,1.0,0.0,0.5,none,True,True
104573,1.0,0.0,0.5,none,True,True
104574,1.0,0.0,0.5,none,True,True
104575,1.0,0.0,0.5,none,True,True
104576,1.0,0.0,0.5,none,True,True
104577,1.0,0.0,0.5,none,True,True
104578,1.0,0.0,0.5,none,True,True
104579,1.0,0.0,0.5,none,True,True
104580,1.0,0.0,0.5,none,True,True
104581,1.0,0.0,0.5,none,True,True
104582,1.0,0.0,0.5,none,True,True
104583,1.0,0.0,0.5,none,True,True
104584,1.0,0.0,0.5,none,True,True
104585,1.0,0.0,0.5,none,True,True
104586,1.0,0.0,0.5,none,True,True
104587,1.0,0.0,0.5,none,True,True
104588,1.0,0.0,0.5,none,True,True
104589,1.0,0.0,0.5,none,True,True
104590,1.0,0.0,0.5,none,True,True
104591,1.0,0.0,0.5,none,True,True
104592,1.0,0.0,0.5,none,True,True
104593,1.0,0.0,0.5,none,True,True
104594,1.0,0.0,0.5,none,True,True
104595,1.0,0.0,0.5,none,True,True
104596,1.0,0.0,0.5,none,True,True
104597,1.0,0.0,0.5,none,True,True
104598,1.0,0.0,0.5,none,True,True
104599,1.0,0.0,0.5,none,True,True
104600,1.0,0.0,0.5,none,True,True
104601,1.0,0.0,0.5,none,True,True
104602,1.0,0.0,0.5,none,True,True
104603,1.0,0.0,0.5,none,True,True
104604,1.0,0.0,0.5,none,True,True
104605,1.0,0.0,0.5,none,True,True
104606,1.0,0.0,0.5,none,True,True
104607,1.0,0.0,0.5,none,True,True
104608,1.0,0.0,0.5,none,True,True
104609,1.0,0.0,0.5,none,True,True
104610,1.0,0.0,0.5,none,True,True
104611,1.0,0.0,0.5,none,True,True
104612,1.0,0.0,0.5,none,True,True
104613,1.0,0.0,0.5,none,True,True
104614,1.0,0.0,0.5,none,True,True
104615,1.0,0.0,0.5,none,True,True
104616,1.0,0.0,0.5,none,True,True
104617,1.0,0.0,0.5,none,True,True
104618,1.0,0.0,0.5,none,True,True
104619,1.0,0.0,0.5,none,True,True
104620,1.0,0.0,0.5,none,True,True
104621,1.0,0.0,0.5,none,True,True
104622,1.0,0.0,0.5,none,True,True
104623,1.0,0.0,0.5,none,True,True
104624,1.0,0.0,0.5,none,True,True
104625,1.0,0.0,0.5,none,True,True
104626,1.0,0.0,0.5,none,True,True
104627,1.0,0.0,0.5,none,True,True
104628,1.0,0.0,0.5,none,True,True
104629,1.0,0.0,0.5,none,True,True
104630,1.0,0.0,0.5,none,True,True
104631,1.0,0.0,0.5,none,True,True
104632,1.0,0.0,0.5,none,True,True
104633,1.0,0.0,0.5,none,True,True
104634,1.0,0.0,0.5,none,True,True
104635,1.0,0.0,0.5,none,True,True
104636,1.0,0.0,0.5,none,True,True
104637,1.0,0.0,0.5,none,True,True
104638,1.0,0.0,0.5,none,True,True
104639,1.0,0.0,0.5,none,True,True
104640,1.0,0.0,0.5,none,True,True
104641,1.0,0.0,0.5,none,True,True
104642,1.0,0.0,0.5,none,True,True
104643,1.0,0.0,0.5,none,True,True
104644,1.0,0.0,0.5,none,True,True
104645,1.0,0.0,0.5,none,True,True
104646,1.0,0.0,0.5,none,True,True
104647,1.0,0.0,0.5,none,True,True
104648,1.0,0.0,0.5,none,True,True
104649,1.0,0.0,0.5,none,True,True
104650,1.0,0.0,0.5,none,True,True
104651,1.0,0.0,0.5,none,True,True
104652,1.0,0.0,0.5,none,True,True
104653,1.0,0.0,0.5,none,True,True
104654,1.0,0.0,0.5,none,True,True
104655,1.0,0.0,0.5,none,True,True
104656,1.0,0.0,0.5,none,True,True
104657,1.0,0.0,0.5,none,True,True
104658,1.0,0.0,0.5,none,True,True
104659,1.0,0.0,0.5,none,True,True
104660,1.0,0.0,0.5,none,True,True
104661,1.0,0.0,0.5,none,True,True
104662,1.0,0.0,0.5,none,True,True
104663,1.0,0.0,0.5,none,True,True
104664,1.0,0.0,0.5,none,True,True
104665,1.0,0.0,0.5,none,True,True
104666,1.0,0.0,0.5,none,True,True
104667,1.0,0.0,0.5,none,True,True
104668,1.0,0.0,0.5,none,True,True
104669,1.0,0.0,0.5,none,True,True
104670,1.0,0.0,0.5,none,True,True
104671,1.0,0.0,0.5,none,True,True
104672,1.0,0.0,0.5,none,True,True
104673,1.0,0.0,0.5,none,True,True
104674,1.0,0.0,0.5,none,True,True
104675,1.0,0.0,0.5,none,True,True
104676,1.0,0.0,0.5,none,True,True
104677,1.0,0.0,0.5,none,True,True
104678,1.0,0.0,0.5,none,True,True
104679,1.0,0.0,0.5,none,True,True
104680,1.0,0.0,0.5,none,True,True
104681,1.0,0.0,0.5,none,True,True
104682,1.0,0.0,0.5,none,True,True
104683,1.0,0.0,0.5,none,True,True
104684,1.0,0.0,0.5,none,True,True
104685,1.0,0.0,0.5,none,True,True
104686,1.0,0.0,0.5,none,True,True
104687,1.0,0.0,0.5,none,True,True
104688,1.0,0.0,0.5,none,True,True
104689,1.0,0.0,0.5,none,True,True
104690,1.0,0.0,0.5,none,True,True
104691,1.0,0.0,0.5,none,True,True
104692,1.0,0.0,0.5,none,True,True
104693,1.0,0.0,0.5,none,True,True
104694,1.0,0.0,0.5,none,True,True
104695,1.0,0.0,0.5,none,True,True
104696,1.0,0.0,0.5,none,True,True
104697,1.0,0.0,0.5,none,True,True
104698,1.0,0.0,0.5,none,True,True
104699,1.0,0.0,0.5,none,True,True
104700,1.0,0.0,0.5,none,True,True
104701,1.0,0.0,0.5,none,True,True
104702,1.0,0.0,0.5,none,True,True
104703,1.0,0.0,0.5,none,True,True
104704,1.0,0.0,0.5,none,True,True
104705,1.0,0.0,0.5,none,True,True
104706,1.0,0.0,0.5,none,True,True
104707,1.0,0.0,0.5,none,True,True
104708,1.0,0.0,0.5,none,True,True
104709,1.0,0.0,0.5,none,True,True
104710,1.0,0.0,0.5,none,True,True
104711,1.0,0.0,0.5,none,True,True
104712,1.0,0.0,0.5,none,True,True
104713,1.0,0.0,0.5,none,True,True
104714,1.0,0.0,0.5,none,True,True
104715,1.0,0.0,0.5,none,True,True
104716,1.0,0.0,0.5,none,True,True
104717,1.0,0.0,0.5,none,True,True
104718,1.0,0.0,0.5,none,True,True
104719,1.0,0.0,0.5,none,True,True
104720,1.0,0.0,0.5,none,True,True
104721,1.0,0.0,0.5,none,True,True
104722,1.0,0.0,0.5,none,True,True
104723,1.0,0.0,0.5,none,True,True
104724,1.0,0.0,0.5,none,True,True
104725,1.0,0.0,0.5,none,True,True
104726,1.0,0.0,0.5,none,True,True
104727,1.0,0.0,0.5,none,True,True
104728,1.0,0.0,0.5,none,True,True
104729,1.0,0.0,0.5,none,True,True
104730,1.0,0.0,0.5,none,True,True
104731,1.0,0.0,0.5,none,True,True
104732,1.0,0.0,0.5,none,True,True
104733,1.0,0.0,0.5,none,True,True
104734,1.0,0.0,0.5,none,True,True
104735,1.0,0.0,0.5,none,True,True
104736,1.0,0.0,0.5,none,True,True
104737,1.0,0.0,0.5,none,True,True
104738,1.0,0.0,0.5,none,True,True
104739,1.0,0.0,0.5,none,True,True
104740,1.0,0.0,0.5,none,True,True
104741,1.0,0.0,0.5,none,True,True
104742,1.0,0.0,0.5,none,True,True
104743,1.0,0.0,0.5,none,True,True
104744,1.0,0.0,0.5,none,True,True
104745,1.0,0.0,0.5,none,True,True
104746,1.0,0.0,0.5,none,True,True
104747,1.0,0.0,0.5,none,True,True
104748,1.0,0.0,0.5,none,True,True
104749,1.0,0.0,0.5,none,True,True
104750,1.0,0.0,0.5,none,True,True
104751,1.0,0.0,0.5,none,True,True
104752,1.0,0.0,0.5,none,True,True
104753,1.0,0.0,0.5,none,True,True
104754,1.0,0.0,0.5,none,True,True
104755,1.0,0.0,0.5,none,True,True
104756,1.0,0.0,0.5,none,True,True
104757,1.0,0.0,0.5,none,True,True
104758,1.0,0.0,0.5,none,True,True
104759,1.0,0.0,0.5,none,True,True
104760,1.0,0.0,0.5,none,True,True
104761,1.0,0.0,0.5,none,True,True
104762,1.0,0.0,0.5,none,True,True
104763,1.0,0.0,0.5,none,True,True
104764,1.0,0.0,0.5,none,True,True
104765,1.0,0.0,0.5,none,True,True
104766,1.0,0.0,0.5,none,True,True
104767,1.0,0.0,0.5,none,True,True
104768,1.0,0.0,0.5,none,True,True
104769,1.0,0.0,0.5,none,True,True
104770,1.0,0.0,0.5,none,True,True
104771,1.0,0.0,0.5,none,True,True
104772,1.0,0.0,0.5,none,True,True
104773,1.0,0.0,0.5,none,True,True
104774,1.0,0.0,0.5,none,True,True
104775,1.0,0.0,0.5,none,True,True
104776,1.0,0.0,0.5,none,True,True
104777,1.0,0.0,0.5,none,True,True
104778,1.0,0.0,0.5,none,True,True
104779,1.0,0.0,0.5,none,True,True
104780,1.0,0.0,0.5,none,True,True
104781,1.0,0.0,0.5,none,True,True
104782,1.0,0.0,0.5,none,True,True
104783,1.0,0.0,0.5,none,True,True
104784,1.0,0.0,0.5,none,True,True
104785,1.0,0.0,0.5,none,True,True
104786,1.0,0.0,0.5,none,True,True
104787,1.0,0.0,0.5,none,True,True
104788,1.0,0.0,0.5,none,True,True
104789,1.0,0.0,0.5,none,True,True
104790,1.0,0.0,0.5,none,True,True
104791,1.0,0.0,0.5,none,True,True
104792,1.0,0.0,0.5,none,True,True
104793,1.0,0.0,0.5,none,True,True
104794,1.0,0.0,0.5,none,True,True
104795,1.0,0.0,0.5,none,True,True
104796,1.0,0.0,0.5,none,True,True
104797,1.0,0.0,0.5,none,True,True
104798,1.0,0.0,0.5,none,True,True
104799,1.0,0.0,0.5,none,True,True
104800,1.0,0.0,0.5,none,True,True
104801,1.0,0.0,0.5,none,True,True
104802,1.0,0.0,0.5,none,True,True
104803,1.0,0.0,0.5,none,True,True
104804,1.0,0.0,0.5,none,True,True
104805,1.0,0.0,0.5,none,True,True
104806,1.0,0.0,0.5,none,True,True
104807,1.0,0.0,0.5,none,True,True
104808,1.0,0.0,0.5,none,True,True
104809,1.0,0.0,0.5,none,True,True
104810,1.0,0.0,0.5,none,True,True
104811,1.0,0.0,0.5,none,True,True
104812,1.0,0.0,0.5,none,True,True
104813,1.0,0.0,0.5,none,True,True
104814,1.0,0.0,0.5,none,True,True
104815,1.0,0.0,0.5,none,True,True
104816,1.0,0.0,0.5,none,True,True
104817,1.0,0.0,0.5,none,True,True
104818,1.0,0.0,0.5,none,True,True
104819,1.0,0.0,0.5,none,True,True
104820,1.0,0.0,0.5,none,True,True
104821,1.0,0.0,0.5,none,True,True
104822,1.0,0.0,0.5,none,True,True
104823,1.0,0.0,0.5,none,True,True
104824,1.0,0.0,0.5,none,True,True
104825,1.0,0.0,0.5,none,True,True
104826,1.0,0.0,0.5,none,True,True
104827,1.0,0.0,0.5,none,True,True
104828,1.0,0.0,0.5,none,True,True
104829,1.0,0.0,0.5,none,True,True
104830,1.0,0.0,0.5,none,True,True
104831,1.0,0.0,0.5,none,True,True
104832,1.0,0.0,0.5,none,True,True
104833,1.0,0.0,0.5,none,True,True
104834,1.0,0.0,0.5,none,True,True
104835,1.0,0.0,0.5,none,True,True
104836,1.0,0.0,0.5,none,True,True
104837,1.0,0.0,0.5,none,True,True
104838,1.0,0.0,0.5,none,True,True
104839,1.0,0.0,0.5,none,True,True
104840,1.0,0.0,0.5,none,True,True
104841,1.0,0.0,0.5,none,True,True
104842,1.0,0.0,0.5,none,True,True
104843,1.0,0.0,0.5,none,True,True
104844,1.0,0.0,0.5,none,True,True
104845,1.0,0.0,0.5,none,True,True
104846,1.0,0.0,0.5,none,True,True
104847,1.0,0.0,0.5,none,True,True
104848,1.0,0.0,0.5,none,True,True
104849,1.0,0.0,0.5,none,True,True
104850,1.0,0.0,0.5,none,True,True
104851,1.0,0.0,0.5,none,True,True
104852,1.0,0.0,0.5,none,True,True
104853,1.0,0.0,0.5,none,True,True
104854,1.0,0.0,0.5,none,True,True
104855,1.0,0.0,0.5,none,True,True
104856,1.0,0.0,0.5,none,True,True
104857,1.0,0.0,0.5,none,True,True
104858,1.0,0.0,0.5,none,True,True
104859,1.0,0.0,0.5,none,True,True
104860,1.0,0.0,0.5,none,True,True
104861,1.0,0.0,0.5,none,True,True
104862,1.0,0.0,0.5,none,True,True
104863,1.0,0.0,0.5,none,True,True
104864,1.0,0.0,0.5,none,True,True
104865,1.0,0.0,0.5,none,True,True
104866,1.0,0.0,0.5,none,True,True
104867,1.0,0.0,0.5,none,True,True
104868,1.0,0.0,0.5,none,True,True
104869,1.0,0.0,0.5,none,True,True
104870,1.0,0.0,0.5,none,True,True
104871,1.0,0.0,0.5,none,True,True
104872,1.0,0.0,0.5,none,True,True
104873,1.0,0.0,0.5,none,True,True
104874,1.0,0.0,0.5,none,True,True
104875,1.0,0.0,0.5,none,True,True
104876,1.0,0.0,0.5,none,True,True
104877,1.0,0.0,0.5,none,True,True
104878,1.0,0.0,0.5,none,True,True
104879,1.0,0.0,0.5,none,True,True
104880,1.0,0.0,0.5,none,True,True
104881,1.0,0.0,0.5,none,True,True
104882,1.0,0.0,0.5,none,True,True
104883,1.0,0.0,0.5,none,True,True
104884,1.0,0.0,0.5,none,True,True
104885,1.0,0.0,0.5,none,True,True
104886,1.0,0.0,0.5,none,True,True
104887,1.0,0.0,0.5,none,True,True
104888,1.0,0.0,0.5,none,True,True
104889,1.0,0.0,0.5,none,True,True
104890,1.0,0.0,0.5,none,True,True
104891,1.0,0.0,0.5,none,True,True
104892,1.0,0.0,0.5,none,True,True
104893,1.0,0.0,0.5,none,True,True
104894,1.0,0.0,0.5,none,True,True
104895,1.0,0.0,0.5,none,True,True
104896,1.0,0.0,0.5,none,True,True
104897,1.0,0.0,0.5,none,True,True
104898,1.0,0.0,0.5,none,True,True
104899,1.0,0.0,0.5,none,True,True
104900,1.0,0.0,0.5,none,True,True
104901,1.0,0.0,0.5,none,True,True
104902,1.0,0.0,0.5,none,True,True
104903,1.0,0.0,0.5,none,True,True
104904,1.0,0.0,0.5,none,True,True
104905,1.0,0.0,0.5,none,True,True
104906,1.0,0.0,0.5,none,True,True
104907,1.0,0.0,0.5,none,True,True
104908,1.0,0.0,0.5,none,True,True
104909,1.0,0.0,0.5,none,True,True
104910,1.0,0.0,0.5,none,True,True
104911,1.0,0.0,0.5,none,True,True
104912,1.0,0.0,0.5,none,True,True
104913,1.0,0.0,0.5,none,True,True
104914,1.0,0.0,0.5,none,True,True
104915,1.0,0.0,0.5,none,True,True
104916,1.0,0.0,0.5,none,True,True
104917,1.0,0.0,0.5,none,True,True
104918,1.0,0.0,0.5,none,True,True
104919,1.0,0.0,0.5,none,True,True
104920,1.0,0.0,0.5,none,True,True
104921,1.0,0.0,0.5,none,True,True
104922,1.0,0.0,0.5,none,True,True
104923,1.0,0.0,0.5,none,True,True
104924,1.0,0.0,0.5,none,True,True
104925,1.0,0.0,0.5,none,True,True
104926,1.0,0.0,0.5,none,True,True
104927,1.0,0.0,0.5,none,True,True
104928,1.0,0.0,0.5,none,True,True
104929,1.0,0.0,0.5,none,True,True
104930,1.0,0.0,0.5,none,True,True
104931,1.0,0.0,0.5,none,True,True
104932,1.0,0.0,0.5,none,True,True
104933,1.0,0.0,0.5,none,True,True
104934,1.0,0.0,0.5,none,True,True
104935,1.0,0.0,0.5,none,True,True
104936,1.0,0.0,0.5,none,True,True
104937,1.0,0.0,0.5,none,True,True
104938,1.0,0.0,0.5,none,True,True
104939,1.0,0.0,0.5,none,True,True
104940,1.0,0.0,0.5,none,True,True
104941,1.0,0.0,0.5,none,True,True
104942,1.0,0.0,0.5,none,True,True
104943,1.0,0.0,0.5,none,True,True
104944,1.0,0.0,0.5,none,True,True
104945,1.0,0.0,0.5,none,True,True
104946,1.0,0.0,0.5,none,True,True
104947,1.0,0.0,0.5,none,True,True
104948,1.0,0.0,0.5,none,True,True
104949,1.0,0.0,0.5,none,True,True
104950,1.0,0.0,0.5,none,True,True
104951,1.0,0.0,0.5,none,True,True
104952,1.0,0.0,0.5,none,True,True
104953,1.0,0.0,0.5,none,True,True
104954,1.0,0.0,0.5,none,True,True
104955,1.0,0.0,0.5,none,True,True
104956,1.0,0.0,0.5,none,True,True
104957,1.0,0.0,0.5,none,True,True
104958,1.0,0.0,0.5,none,True,True
104959,1.0,0.0,0.5,none,True,True
104960,1.0,0.0,0.5,none,True,True
104961,1.0,0.0,0.5,none,True,True
104962,1.0,0.0,0.5,none,True,True
104963,1.0,0.0,0.5,none,True,True
104964,1.0,0.0,0.5,none,True,True
104965,1.0,0.0,0.5,none,True,True
104966,1.0,0.0,0.5,none,True,True
104967,1.0,0.0,0.5,none,True,True
104968,1.0,0.0,0.5,none,True,True
104969,1.0,0.0,0.5,none,True,True
104970,1.0,0.0,0.5,none,True,True
104971,1.0,0.0,0.5,none,True,True
104972,1.0,0.0,0.5,none,True,True
104973,1.0,0.0,0.5,none,True,True
104974,1.0,0.0,0.5,none,True,True
104975,1.0,0.0,0.5,none,True,True
104976,1.0,0.0,0.5,none,True,True
104977,1.0,0.0,0.5,none,True,True
104978,1.0,0.0,0.5,none,True,True
104979,1.0,0.0,0.5,none,True,True
104980,1.0,0.0,0.5,none,True,True
104981,1.0,0.0,0.5,none,True,True
104982,1.0,0.0,0.5,none,True,True
104983,1.0,0.0,0.5,none,True,True
104984,1.0,0.0,0.5,none,True,True
104985,1.0,0.0,0.5,none,True,True
104986,1.0,0.0,0.5,none,True,True
104987,1.0,0.0,0.5,none,True,True
104988,1.0,0.0,0.5,none,True,True
104989,1.0,0.0,0.5,none,True,True
104990,1.0,0.0,0.5,none,True,True
104991,1.0,0.0,0.5,none,True,True
104992,1.0,0.0,0.5,none,True,True
104993,1.0,0.0,0.5,none,True,True
104994,1.0,0.0,0.5,none,True,True
104995,1.0,0.0,0.5,none,True,True
104996,1.0,0.0,0.5,none,True,True
104997,1.0,0.0,0.5,none,True,True
104998,1.0,0.0,0.5,none,True,True
104999,1.0,0.0,0.5,none,True,True
105000,1.0,0.0061,0.5,none,True,True
105001,1.0,0.0357,0.5,none,True,True
105002,1.0,0.0812,0.5,none,True,True
105003,1.0,0.1113,0.5,none,True,True
105004,1.0,0.1253,0.5,none,True,True
105005,1.0,0.1408,0.5,none,True,True
105006,1.0,0.0907,0.5,none,True,True
105007,1.0,0.1198,0.5,none,True,True
105008,1.0,0.0467,0.5,none,True,True
105009,1.0,0.0522,0.5,none,True,True
105010,1.0,0.0405,0.5,none,True,True
105011,1.0,0.0313,0.5,none,True,True
105012,1.0,0.0083,0.5,none,True,True
105013,1.0,0.0726,0.5,none,True,True
105014,1.0,0.0793,0.5,none,True,True
105015,1.0,0.0581,0.5,none,True,True
105016,1.0,0.0955,0.5,none,True,True
105017,1.0,0.0839,0.5,none,True,True
105018,1.0,0.0648,0.5,none,True,True
105019,1.0,0.0718,0.5,none,True,True
105020,1.0,0.0589,0.5,none,True,True
105021,1.0,0.0403,0.5,none,True,True
105022,1.0,0.0327,0.5,none,True,True
105023,1.0,0.0277,0.5,none,True,True
105024,1.0,0.017,0.5,none,True,True
105025,1.0,0.0102,0.5,none,True,True
105026,1.0,0.0099,0.5,none,True,True
105027,1.0,0.008,0.5,none,True,True
105028,1.0,0.005,0.5,none,True,True
105029,1.0,0.0063,0.5,none,True,True
105030,1.0,0.009,0.5,none,True,True
105031,1.0,0.0096,0.5,none,True,True
105032,1.0,0.0108,0.5,none,True,True
105033,1.0,0.014,0.5,none,True,True
105034,1.0,0.0161,0.5,none,True,True
105035,1.0,0.0167,0.5,none,True,True
105036,1.0,0.0182,0.5,none,True,True
105037,1.0,0.0196,0.5,none,True,True
105038,1.0,0.0197,0.5,none,True,True
105039,1.0,0.0193,0.5,none,True,True
105040,1.0,0.0193,0.5,none,True,True
105041,1.0,0.0187,0.5,none,True,True
105042,1.0,0.0174,0.5,none,True,True
105043,1.0,0.0163,0.5,none,True,True
105044,1.0,0.0152,0.5,none,True,True
105045,1.0,0.0138,0.5,none,True,True
105046,1.0,0.0123,0.5,none,True,True
105047,1.0,0.0111,0.5,none,True,True
105048,1.0,0.01,0.5,none,True,True
105049,1.0,0.0088,0.5,none,True,True
105050,1.0,0.0078,0.5,none,True,True
105051,1.0,0.0071,0.5,none,True,True
105052,1.0,0.0064,0.5,none,True,True
105053,1.0,0.0057,0.5,none,True,True
105054,1.0,0.0053,0.5,none,True,True
105055,1.0,0.005,0.5,none,True,True
105056,1.0,0.0047,0.5,none,True,True
105057,1.0,0.0045,0.5,none,True,True
105058,1.0,0.0044,0.5,none,True,True
105059,1.0,0.0043,0.5,none,True,True
105060,1.0,0.0042,0.5,none,True,True
105061,1.0,0.0041,0.5,none,True,True
105062,1.0,0.004,0.5,none,True,True
105063,1.0,0.0039,0.5,none,True,True
105064,1.0,0.0038,0.5,none,True,True
105065,1.0,0.0037,0.5,none,True,True
105066,1.0,0.0035,0.5,none,True,True
105067,1.0,0.0033,0.5,none,True,True
105068,1.0,0.0032,0.5,none,True,True
105069,1.0,0.003,0.5,none,True,True
105070,1.0,0.0028,0.5,none,True,True
105071,1.0,0.0026,0.5,none,True,True
105072,1.0,0.0024,0.5,none,True,True
105073,1.0,0.0023,0.5,none,True,True
105074,1.0,0.0021,0.5,none,True,True
105075,1.0,0.0019,0.5,none,True,True
105076,1.0,0.0018,0.5,none,True,True
105077,1.0,0.0017,0.5,none,True,True
105078,1.0,0.0015,0.5,none,True,True
105079,1.0,0.0014,0.5,none,True,True
105080,1.0,0.0013,0.5,none,True,True
105081,1.0,0.0013,0.5,none,True,True
105082,1.0,0.0012,0.5,none,True,True
105083,1.0,0.0011,0.5,none,True,True
105084,1.0,0.0011,0.5,none,True,True
105085,1.0,0.001,0.5,none,True,True
105086,1.0,0.001,0.5,none,True,True
105087,1.0,0.0009,0.5,none,True,True
105088,1.0,0.0009,0.5,none,True,True
105089,1.0,0.0008,0.5,none,True,True
105090,1.0,0.0008,0.5,none,True,True
105091,1.0,0.0008,0.5,none,True,True
105092,1.0,0.0007,0.5,none,True,True
105093,1.0,0.0007,0.5,none,True,True
105094,1.0,0.0006,0.5,none,True,True
105095,1.0,0.0006,0.5,none,True,True
105096,1.0,0.0006,0.5,none,True,True
105097,1.0,0.0005,0.5,none,True,True
105098,1.0,0.0005,0.5,none,True,True
105099,1.0,0.0005,0.5,none,True,True
105100,1.0,0.0004,0.5,none,True,True
105101,1.0,0.0004,0.5,none,True,True
105102,1.0,0.0004,0.5,none,True,True
105103,1.0,0.0004,0.5,none,True,True
105104,1.0,0.0003,0.5,none,True,True
105105,1.0,0.0003,0.5,none,True,True
105106,1.0,0.0003,0.5,none,True,True
105107,1.0,0.0003,0.5,none,True,True
105108,1.0,0.0003,0.5,none,True,True
105109,1.0,0.0003,0.5,none,True,True
105110,1.0,0.0002,0.5,none,True,True
105111,1.0,0.0002,0.5,none,True,True
105112,1.0,0.0002,0.5,none,True,True
105113,1.0,0.0002,0.5,none,True,True
105114,1.0,0.0002,0.5,none,True,True
105115,1.0,0.0002,0.5,none,True,True
105116,1.0,0.0002,0.5,none,True,True
105117,1.0,0.0002,0.5,none,True,True
105118,1.0,0.0002,0.5,none,True,True
105119,1.0,0.0001,0.5,none,True,True
105120,1.0,0.0001,0.5,none,True,True
105121,1.0,0.0001,0.5,none,True,True
105122,1.0,0.0001,0.5,none,True,True
105123,1.0,0.0001,0.5,none,True,True
105124,1.0,0.0001,0.5,none,True,True
105125,1.0,0.0001,0.5,none,True,True
105126,1.0,0.0001,0.5,none,True,True
105127,1.0,0.0001,0.5,none,True,True
105128,1.0,0.0001,0.5,none,True,True
105129,1.0,0.0001,0.5,none,True,True
105130,1.0,0.0001,0.5,none,True,True
105131,1.0,0.0001,0.5,none,True,True
105132,1.0,0.0001,0.5,none,True,True
105133,1.0,0.0001,0.5,none,True,True
105134,1.0,0.0001,0.5,none,True,True
105135,1.0,0.0001,0.5,none,True,True
105136,1.0,0.0001,0.5,none,True,True
105137,1.0,0.0,0.5,none,True,True
105138,1.0,0.0,0.5,none,True,True
105139,1.0,0.0,0.5,none,True,True
105140,1.0,0.0,0.5,none,True,True
105141,1.0,0.0,0.5,none,True,True
105142,1.0,0.0,0.5,none,True,True
105143,1.0,0.0,0.5,none,True,True
105144,1.0,0.0,0.5,none,True,True
105145,1.0,0.0,0.5,none,True,True
105146,1.0,0.0,0.5,none,True,True
105147,1.0,0.0,0.5,none,True,True
105148,1.0,0.0,0.5,none,True,True
105149,1.0,0.0,0.5,none,True,True
105150,1.0,0.0,0.5,none,True,True
105151,1.0,0.0,0.5,none,True,True
105152,1.0,0.0,0.5,none,True,True
105153,1.0,0.0,0.5,none,True,True
105154,1.0,0.0,0.5,none,True,True
105155,1.0,0.0,0.5,none,True,True
105156,1.0,0.0,0.5,none,True,True
105157,1.0,0.0,0.5,none,True,True
105158,1.0,0.0,0.5,none,True,True
105159,1.0,0.0,0.5,none,True,True
105160,1.0,0.0,0.5,none,True,True
105161,1.0,0.0,0.5,none,True,True
105162,1.0,0.0,0.5,none,True,True
105163,1.0,0.0,0.5,none,True,True
105164,1.0,0.0,0.5,none,True,True
105165,1.0,0.0,0.5,none,True,True
105166,1.0,0.0,0.5,none,True,True
105167,1.0,0.0,0.5,none,True,True
105168,1.0,0.0,0.5,none,True,True
105169,1.0,0.0,0.5,none,True,True
105170,1.0,0.0,0.5,none,True,True
105171,1.0,0.0,0.5,none,True,True
105172,1.0,0.0,0.5,none,True,True
105173,1.0,0.0,0.5,none,True,True
105174,1.0,0.0,0.5,none,True,True
105175,1.0,0.0,0.5,none,True,True
105176,1.0,0.0,0.5,none,True,True
105177,1.0,0.0,0.5,none,True,True
105178,1.0,0.0,0.5,none,True,True
105179,1.0,0.0,0.5,none,True,True
105180,1.0,0.0,0.5,none,True,True
105181,1.0,0.0,0.5,none,True,True
105182,1.0,0.0,0.5,none,True,True
105183,1.0,0.0,0.5,none,True,True
105184,1.0,0.0,0.5,none,True,True
105185,1.0,0.0,0.5,none,True,True
105186,1.0,0.0,0.5,none,True,True
105187,1.0,0.0,0.5,none,True,True
105188,1.0,0.0,0.5,none,True,True
105189,1.0,0.0,0.5,none,True,True
105190,1.0,0.0,0.5,none,True,True
105191,1.0,0.0,0.5,none,True,True
105192,1.0,0.0,0.5,none,True,True
105193,1.0,0.0,0.5,none,True,True
105194,1.0,0.0,0.5,none,True,True
105195,1.0,0.0,0.5,none,True,True
105196,1.0,0.0,0.5,none,True,True
105197,1.0,0.0,0.5,none,True,True
105198,1.0,0.0,0.5,none,True,True
105199,1.0,0.0,0.5,none,True,True
105200,1.0,0.0,0.5,none,True,True
105201,1.0,0.0,0.5,none,True,True
105202,1.0,0.0,0.5,none,True,True
105203,1.0,0.0,0.5,none,True,True
105204,1.0,0.0,0.5,none,True,True
105205,1.0,0.0,0.5,none,True,True
105206,1.0,0.0,0.5,none,True,True
105207,1.0,0.0,0.5,none,True,True
105208,1.0,0.0,0.5,none,True,True
105209,1.0,0.0,0.5,none,True,True
105210,1.0,0.0,0.5,none,True,True
105211,1.0,0.0,0.5,none,True,True
105212,1.0,0.0,0.5,none,True,True
105213,1.0,0.0,0.5,none,True,True
105214,1.0,0.0,0.5,none,True,True
105215,1.0,0.0,0.5,none,True,True
105216,1.0,0.0,0.5,none,True,True
105217,1.0,0.0,0.5,none,True,True
105218,1.0,0.0,0.5,none,True,True
105219,1.0,0.0,0.5,none,True,True
105220,1.0,0.0,0.5,none,True,True
105221,1.0,0.0,0.5,none,True,True
105222,1.0,0.0,0.5,none,True,True
105223,1.0,0.0,0.5,none,True,True
105224,1.0,0.0,0.5,none,True,True
105225,1.0,0.0,0.5,none,True,True
105226,1.0,0.0,0.5,none,True,True
105227,1.0,0.0,0.5,none,True,True
105228,1.0,0.0,0.5,none,True,True
105229,1.0,0.0,0.5,none,True,True
105230,1.0,0.0,0.5,none,True,True
105231,1.0,0.0,0.5,none,True,True
105232,1.0,0.0,0.5,none,True,True
105233,1.0,0.0,0.5,none,True,True
105234,1.0,0.0,0.5,none,True,True
105235,1.0,0.0,0.5,none,True,True
105236,1.0,0.0,0.5,none,True,True
105237,1.0,0.0,0.5,none,True,True
105238,1.0,0.0,0.5,none,True,True
105239,1.0,0.0,0.5,none,True,True
105240,1.0,0.0,0.5,none,True,True
105241,1.0,0.0,0.5,none,True,True
105242,1.0,0.0,0.5,none,True,True
105243,1.0,0.0,0.5,none,True,True
105244,1.0,0.0,0.5,none,True,True
105245,1.0,0.0,0.5,none,True,True
105246,1.0,0.0,0.5,none,True,True
105247,1.0,0.0,0.5,none,True,True
105248,1.0,0.0,0.5,none,True,True
105249,1.0,0.0,0.5,none,True,True
105250,1.0,0.0,0.5,none,True,True
105251,1.0,0.0,0.5,none,True,True
105252,1.0,0.0,0.5,none,True,True
105253,1.0,0.0,0.5,none,True,True
105254,1.0,0.0,0.5,none,True,True
105255,1.0,0.0,0.5,none,True,True
105256,1.0,0.0,0.5,none,True,True
105257,1.0,0.0,0.5,none,True,True
105258,1.0,0.0,0.5,none,True,True
105259,1.0,0.0,0.5,none,True,True
105260,1.0,0.0,0.5,none,True,True
105261,1.0,0.0,0.5,none,True,True
105262,1.0,0.0,0.5,none,True,True
105263,1.0,0.0,0.5,none,True,True
105264,1.0,0.0,0.5,none,True,True
105265,1.0,0.0,0.5,none,True,True
105266,1.0,0.0,0.5,none,True,True
105267,1.0,0.0,0.5,none,True,True
105268,1.0,0.0,0.5,none,True,True
105269,1.0,0.0,0.5,none,True,True
105270,1.0,0.0,0.5,none,True,True
105271,1.0,0.0,0.5,none,True,True
105272,1.0,0.0,0.5,none,True,True
105273,1.0,0.0,0.5,none,True,True
105274,1.0,0.0,0.5,none,True,True
105275,1.0,0.0,0.5,none,True,True
105276,1.0,0.0,0.5,none,True,True
105277,1.0,0.0,0.5,none,True,True
105278,1.0,0.0,0.5,none,True,True
105279,1.0,0.0,0.5,none,True,True
105280,1.0,0.0,0.5,none,True,True
105281,1.0,0.0,0.5,none,True,True
105282,1.0,0.0,0.5,none,True,True
105283,1.0,0.0,0.5,none,True,True
105284,1.0,0.0,0.5,none,True,True
105285,1.0,0.0,0.5,none,True,True
105286,1.0,0.0,0.5,none,True,True
105287,1.0,0.0,0.5,none,True,True
105288,1.0,0.0,0.5,none,True,True
105289,1.0,0.0,0.5,none,True,True
105290,1.0,0.0,0.5,none,True,True
105291,1.0,0.0,0.5,none,True,True
105292,1.0,0.0,0.5,none,True,True
105293,1.0,0.0,0.5,none,True,True
105294,1.0,0.0,0.5,none,True,True
105295,1.0,0.0,0.5,none,True,True
105296,1.0,0.0,0.5,none,True,True
105297,1.0,0.0,0.5,none,True,True
105298,1.0,0.0,0.5,none,True,True
105299,1.0,0.0,0.5,none,True,True
105300,1.0,0.0,0.5,none,True,True
105301,1.0,0.0,0.5,none,True,True
105302,1.0,0.0,0.5,none,True,True
105303,1.0,0.0,0.5,none,True,True
105304,1.0,0.0,0.5,none,True,True
105305,1.0,0.0,0.5,none,True,True
105306,1.0,0.0,0.5,none,True,True
105307,1.0,0.0,0.5,none,True,True
105308,1.0,0.0,0.5,none,True,True
105309,1.0,0.0,0.5,none,True,True
105310,1.0,0.0,0.5,none,True,True
105311,1.0,0.0,0.5,none,True,True
105312,1.0,0.0,0.5,none,True,True
105313,1.0,0.0,0.5,none,True,True
105314,1.0,0.0,0.5,none,True,True
105315,1.0,0.0,0.5,none,True,True
105316,1.0,0.0,0.5,none,True,True
105317,1.0,0.0,0.5,none,True,True
105318,1.0,0.0,0.5,none,True,True
105319,1.0,0.0,0.5,none,True,True
105320,1.0,0.0,0.5,none,True,True
105321,1.0,0.0,0.5,none,True,True
105322,1.0,0.0,0.5,none,True,True
105323,1.0,0.0,0.5,none,True,True
105324,1.0,0.0,0.5,none,True,True
105325,1.0,0.0,0.5,none,True,True
105326,1.0,0.0,0.5,none,True,True
105327,1.0,0.0,0.5,none,True,True
105328,1.0,0.0,0.5,none,True,True
105329,1.0,0.0,0.5,none,True,True
105330,1.0,0.0,0.5,none,True,True
105331,1.0,0.0,0.5,none,True,True
105332,1.0,0.0,0.5,none,True,True
105333,1.0,0.0,0.5,none,True,True
105334,1.0,0.0,0.5,none,True,True
105335,1.0,0.0,0.5,none,True,True
105336,1.0,0.0,0.5,none,True,True
105337,1.0,0.0,0.5,none,True,True
105338,1.0,0.0,0.5,none,True,True
105339,1.0,0.0,0.5,none,True,True
105340,1.0,0.0,0.5,none,True,True
105341,1.0,0.0,0.5,none,True,True
105342,1.0,0.0,0.5,none,True,True
105343,1.0,0.0,0.5,none,True,True
105344,1.0,0.0,0.5,none,True,True
105345,1.0,0.0,0.5,none,True,True
105346,1.0,0.0,0.5,none,True,True
105347,1.0,0.0,0.5,none,True,True
105348,1.0,0.0,0.5,none,True,True
105349,1.0,0.0,0.5,none,True,True
105350,1.0,0.0,0.5,none,True,True
105351,1.0,0.0,0.5,none,True,True
105352,1.0,0.0,0.5,none,True,True
105353,1.0,0.0,0.5,none,True,True
105354,1.0,0.0,0.5,none,True,True
105355,1.0,0.0,0.5,none,True,True
105356,1.0,0.0,0.5,none,True,True
105357,1.0,0.0,0.5,none,True,True
105358,1.0,0.0,0.5,none,True,True
105359,1.0,0.0,0.5,none,True,True
105360,1.0,0.0,0.5,none,True,True
105361,1.0,0.0,0.5,none,True,True
105362,1.0,0.0,0.5,none,True,True
105363,1.0,0.0,0.5,none,True,True
105364,1.0,0.0,0.5,none,True,True
105365,1.0,0.0,0.5,none,True,True
105366,1.0,0.0,0.5,none,True,True
105367,1.0,0.0,0.5,none,True,True
105368,1.0,0.0,0.5,none,True,True
105369,1.0,0.0,0.5,none,True,True
105370,1.0,0.0,0.5,none,True,True
105371,1.0,0.0,0.5,none,True,True
105372,1.0,0.0,0.5,none,True,True
105373,1.0,0.0,0.5,none,True,True
105374,1.0,0.0,0.5,none,True,True
105375,1.0,0.0,0.5,none,True,True
105376,1.0,0.0,0.5,none,True,True
105377,1.0,0.0,0.5,none,True,True
105378,1.0,0.0,0.5,none,True,True
105379,1.0,0.0,0.5,none,True,True
105380,1.0,0.0,0.5,none,True,True
105381,1.0,0.0,0.5,none,True,True
105382,1.0,0.0,0.5,none,True,True
105383,1.0,0.0,0.5,none,True,True
105384,1.0,0.0,0.5,none,True,True
105385,1.0,0.0,0.5,none,True,True
105386,1.0,0.0,0.5,none,True,True
105387,1.0,0.0,0.5,none,True,True
105388,1.0,0.0,0.5,none,True,True
105389,1.0,0.0,0.5,none,True,True
105390,1.0,0.0,0.5,none,True,True
105391,1.0,0.0,0.5,none,True,True
105392,1.0,0.0,0.5,none,True,True
105393,1.0,0.0,0.5,none,True,True
105394,1.0,0.0,0.5,none,True,True
105395,1.0,0.0,0.5,none,True,True
105396,1.0,0.0,0.5,none,True,True
105397,1.0,0.0,0.5,none,True,True
105398,1.0,0.0,0.5,none,True,True
105399,1.0,0.0,0.5,none,True,True
105400,1.0,0.0,0.5,none,True,True
105401,1.0,0.0,0.5,none,True,True
105402,1.0,0.0,0.5,none,True,True
105403,1.0,0.0,0.5,none,True,True
105404,1.0,0.0,0.5,none,True,True
105405,1.0,0.0,0.5,none,True,True
105406,1.0,0.0,0.5,none,True,True
105407,1.0,0.0,0.5,none,True,True
105408,1.0,0.0,0.5,none,True,True
105409,1.0,0.0,0.5,none,True,True
105410,1.0,0.0,0.5,none,True,True
105411,1.0,0.0,0.5,none,True,True
105412,1.0,0.0,0.5,none,True,True
105413,1.0,0.0,0.5,none,True,True
105414,1.0,0.0,0.5,none,True,True
105415,1.0,0.0,0.5,none,True,True
105416,1.0,0.0,0.5,none,True,True
105417,1.0,0.0,0.5,none,True,True
105418,1.0,0.0,0.5,none,True,True
105419,1.0,0.0,0.5,none,True,True
105420,1.0,0.0,0.5,none,True,True
105421,1.0,0.0,0.5,none,True,True
105422,1.0,0.0,0.5,none,True,True
105423,1.0,0.0,0.5,none,True,True
105424,1.0,0.0,0.5,none,True,True
105425,1.0,0.0,0.5,none,True,True
105426,1.0,0.0,0.5,none,True,True
105427,1.0,0.0,0.5,none,True,True
105428,1.0,0.0,0.5,none,True,True
105429,1.0,0.0,0.5,none,True,True
105430,1.0,0.0,0.5,none,True,True
105431,1.0,0.0,0.5,none,True,True
105432,1.0,0.0,0.5,none,True,True
105433,1.0,0.0,0.5,none,True,True
105434,1.0,0.0,0.5,none,True,True
105435,1.0,0.0,0.5,none,True,True
105436,1.0,0.0,0.5,none,True,True
105437,1.0,0.0,0.5,none,True,True
105438,1.0,0.0,0.5,none,True,True
105439,1.0,0.0,0.5,none,True,True
105440,1.0,0.0,0.5,none,True,True
105441,1.0,0.0,0.5,none,True,True
105442,1.0,0.0,0.5,none,True,True
105443,1.0,0.0,0.5,none,True,True
105444,1.0,0.0,0.5,none,True,True
105445,1.0,0.0,0.5,none,True,True
105446,1.0,0.0,0.5,none,True,True
105447,1.0,0.0,0.5,none,True,True
105448,1.0,0.0,0.5,none,True,True
105449,1.0,0.0,0.5,none,True,True
105450,1.0,0.0,0.5,none,True,True
105451,1.0,0.0,0.5,none,True,True
105452,1.0,0.0,0.5,none,True,True
105453,1.0,0.0,0.5,none,True,True
105454,1.0,0.0,0.5,none,True,True
105455,1.0,0.0,0.5,none,True,True
105456,1.0,0.0,0.5,none,True,True
105457,1.0,0.0,0.5,none,True,True
105458,1.0,0.0,0.5,none,True,True
105459,1.0,0.0,0.5,none,True,True
105460,1.0,0.0,0.5,none,True,True
105461,1.0,0.0,0.5,none,True,True
105462,1.0,0.0,0.5,none,True,True
105463,1.0,0.0,0.5,none,True,True
105464,1.0,0.0,0.5,none,True,True
105465,1.0,0.0,0.5,none,True,True
105466,1.0,0.0,0.5,none,True,True
105467,1.0,0.0,0.5,none,True,True
105468,1.0,0.0,0.5,none,True,True
105469,1.0,0.0,0.5,none,True,True
105470,1.0,0.0,0.5,none,True,True
105471,1.0,0.0,0.5,none,True,True
105472,1.0,0.0,0.5,none,True,True
105473,1.0,0.0,0.5,none,True,True
105474,1.0,0.0,0.5,none,True,True
105475,1.0,0.0,0.5,none,True,True
105476,1.0,0.0,0.5,none,True,True
105477,1.0,0.0,0.5,none,True,True
105478,1.0,0.0,0.5,none,True,True
105479,1.0,0.0,0.5,none,True,True
105480,1.0,0.0,0.5,none,True,True
105481,1.0,0.0,0.5,none,True,True
105482,1.0,0.0,0.5,none,True,True
105483,1.0,0.0,0.5,none,True,True
105484,1.0,0.0,0.5,none,True,True
105485,1.0,0.0,0.5,none,True,True
105486,1.0,0.0,0.5,none,True,True
105487,1.0,0.0,0.5,none,True,True
105488,1.0,0.0,0.5,none,True,True
105489,1.0,0.0,0.5,none,True,True
105490,1.0,0.0,0.5,none,True,True
105491,1.0,0.0,0.5,none,True,True
105492,1.0,0.0,0.5,none,True,True
105493,1.0,0.0,0.5,none,True,True
105494,1.0,0.0,0.5,none,True,True
105495,1.0,0.0,0.5,none,True,True
105496,1.0,0.0,0.5,none,True,True
105497,1.0,0.0,0.5,none,True,True
105498,1.0,0.0,0.5,none,True,True
105499,1.0,0.0,0.5,none,True,True
105500,1.0,0.0,0.5,none,True,True
105501,1.0,0.0,0.5,none,True,True
105502,1.0,0.0,0.5,none,True,True
105503,1.0,0.0,0.5,none,True,True
105504,1.0,0.0,0.5,none,True,True
105505,1.0,0.0,0.5,none,True,True
105506,1.0,0.0,0.5,none,True,True
105507,1.0,0.0,0.5,none,True,True
105508,1.0,0.0,0.5,none,True,True
105509,1.0,0.0,0.5,none,True,True
105510,1.0,0.0,0.5,none,True,True
105511,1.0,0.0,0.5,none,True,True
105512,1.0,0.0,0.5,none,True,True
105513,1.0,0.0,0.5,none,True,True
105514,1.0,0.0,0.5,none,True,True
105515,1.0,0.0,0.5,none,True,True
105516,1.0,0.0,0.5,none,True,True
105517,1.0,0.0,0.5,none,True,True
105518,1.0,0.0,0.5,none,True,True
105519,1.0,0.0,0.5,none,True,True
105520,1.0,0.0,0.5,none,True,True
105521,1.0,0.0,0.5,none,True,True
105522,1.0,0.0,0.5,none,True,True
105523,1.0,0.0,0.5,none,True,True
105524,1.0,0.0,0.5,none,True,True
105525,1.0,0.0,0.5,none,True,True
105526,1.0,0.0,0.5,none,True,True
105527,1.0,0.0,0.5,none,True,True
105528,1.0,0.0,0.5,none,True,True
105529,1.0,0.0,0.5,none,True,True
105530,1.0,0.0,0.5,none,True,True
105531,1.0,0.0,0.5,none,True,True
105532,1.0,0.0,0.5,none,True,True
105533,1.0,0.0,0.5,none,True,True
105534,1.0,0.0,0.5,none,True,True
105535,1.0,0.0,0.5,none,True,True
105536,1.0,0.0,0.5,none,True,True
105537,1.0,0.0,0.5,none,True,True
105538,1.0,0.0,0.5,none,True,True
105539,1.0,0.0,0.5,none,True,True
105540,1.0,0.0,0.5,none,True,True
105541,1.0,0.0,0.5,none,True,True
105542,1.0,0.0,0.5,none,True,True
105543,1.0,0.0,0.5,none,True,True
105544,1.0,0.0,0.5,none,True,True
105545,1.0,0.0,0.5,none,True,True
105546,1.0,0.0,0.5,none,True,True
105547,1.0,0.0,0.5,none,True,True
105548,1.0,0.0,0.5,none,True,True
105549,1.0,0.0,0.5,none,True,True
105550,1.0,0.0,0.5,none,True,True
105551,1.0,0.0,0.5,none,True,True
105552,1.0,0.0,0.5,none,True,True
105553,1.0,0.0,0.5,none,True,True
105554,1.0,0.0,0.5,none,True,True
105555,1.0,0.0,0.5,none,True,True
105556,1.0,0.0,0.5,none,True,True
105557,1.0,0.0,0.5,none,True,True
105558,1.0,0.0,0.5,none,True,True
105559,1.0,0.0,0.5,none,True,True
105560,1.0,0.0,0.5,none,True,True
105561,1.0,0.0,0.5,none,True,True
105562,1.0,0.0,0.5,none,True,True
105563,1.0,0.0,0.5,none,True,True
105564,1.0,0.0,0.5,none,True,True
105565,1.0,0.0,0.5,none,True,True
105566,1.0,0.0,0.5,none,True,True
105567,1.0,0.0,0.5,none,True,True
105568,1.0,0.0,0.5,none,True,True
105569,1.0,0.0,0.5,none,True,True
105570,1.0,0.0,0.5,none,True,True
105571,1.0,0.0,0.5,none,True,True
105572,1.0,0.0,0.5,none,True,True
105573,1.0,0.0,0.5,none,True,True
105574,1.0,0.0,0.5,none,True,True
105575,1.0,0.0,0.5,none,True,True
105576,1.0,0.0,0.5,none,True,True
105577,1.0,0.0,0.5,none,True,True
105578,1.0,0.0,0.5,none,True,True
105579,1.0,0.0,0.5,none,True,True
105580,1.0,0.0,0.5,none,True,True
105581,1.0,0.0,0.5,none,True,True
105582,1.0,0.0,0.5,none,True,True
105583,1.0,0.0,0.5,none,True,True
105584,1.0,0.0,0.5,none,True,True
105585,1.0,0.0,0.5,none,True,True
105586,1.0,0.0,0.5,none,True,True
105587,1.0,0.0,0.5,none,True,True
105588,1.0,0.0,0.5,none,True,True
105589,1.0,0.0,0.5,none,True,True
105590,1.0,0.0,0.5,none,True,True
105591,1.0,0.0,0.5,none,True,True
105592,1.0,0.0,0.5,none,True,True
105593,1.0,0.0,0.5,none,True,True
105594,1.0,0.0,0.5,none,True,True
105595,1.0,0.0,0.5,none,True,True
105596,1.0,0.0,0.5,none,True,True
105597,1.0,0.0,0.5,none,True,True
105598,1.0,0.0,0.5,none,True,True
105599,1.0,0.0,0.5,none,True,True
105600,1.0,0.0,0.5,none,True,True
105601,1.0,0.0,0.5,none,True,True
105602,1.0,0.0,0.5,none,True,True
105603,1.0,0.0,0.5,none,True,True
105604,1.0,0.0,0.5,none,True,True
105605,1.0,0.0,0.5,none,True,True
105606,1.0,0.0,0.5,none,True,True
105607,1.0,0.0,0.5,none,True,True
105608,1.0,0.0,0.5,none,True,True
105609,1.0,0.0,0.5,none,True,True
105610,1.0,0.0,0.5,none,True,True
105611,1.0,0.0,0.5,none,True,True
105612,1.0,0.0,0.5,none,True,True
105613,1.0,0.0,0.5,none,True,True
105614,1.0,0.0,0.5,none,True,True
105615,1.0,0.0,0.5,none,True,True
105616,1.0,0.0,0.5,none,True,True
105617,1.0,0.0,0.5,none,True,True
105618,1.0,0.0,0.5,none,True,True
105619,1.0,0.0,0.5,none,True,True
105620,1.0,0.0,0.5,none,True,True
105621,1.0,0.0,0.5,none,True,True
105622,1.0,0.0,0.5,none,True,True
105623,1.0,0.0,0.5,none,True,True
105624,1.0,0.0,0.5,none,True,True
105625,1.0,0.0,0.5,none,True,True
105626,1.0,0.0,0.5,none,True,True
105627,1.0,0.0,0.5,none,True,True
105628,1.0,0.0,0.5,none,True,True
105629,1.0,0.0,0.5,none,True,True
105630,1.0,0.0,0.5,none,True,True
105631,1.0,0.0,0.5,none,True,True
105632,1.0,0.0,0.5,none,True,True
105633,1.0,0.0,0.5,none,True,True
105634,1.0,0.0,0.5,none,True,True
105635,1.0,0.0,0.5,none,True,True
105636,1.0,0.0,0.5,none,True,True
105637,1.0,0.0,0.5,none,True,True
105638,1.0,0.0,0.5,none,True,True
105639,1.0,0.0,0.5,none,True,True
105640,1.0,0.0,0.5,none,True,True
105641,1.0,0.0,0.5,none,True,True
105642,1.0,0.0,0.5,none,True,True
105643,1.0,0.0,0.5,none,True,True
105644,1.0,0.0,0.5,none,True,True
105645,1.0,0.0,0.5,none,True,True
105646,1.0,0.0,0.5,none,True,True
105647,1.0,0.0,0.5,none,True,True
105648,1.0,0.0,0.5,none,True,True
105649,1.0,0.0,0.5,none,True,True
105650,1.0,0.0,0.5,none,True,True
105651,1.0,0.0,0.5,none,True,True
105652,1.0,0.0,0.5,none,True,True
105653,1.0,0.0,0.5,none,True,True
105654,1.0,0.0,0.5,none,True,True
105655,1.0,0.0,0.5,none,True,True
105656,1.0,0.0,0.5,none,True,True
105657,1.0,0.0,0.5,none,True,True
105658,1.0,0.0,0.5,none,True,True
105659,1.0,0.0,0.5,none,True,True
105660,1.0,0.0,0.5,none,True,True
105661,1.0,0.0,0.5,none,True,True
105662,1.0,0.0,0.5,none,True,True
105663,1.0,0.0,0.5,none,True,True
105664,1.0,0.0,0.5,none,True,True
105665,1.0,0.0,0.5,none,True,True
105666,1.0,0.0,0.5,none,True,True
105667,1.0,0.0,0.5,none,True,True
105668,1.0,0.0,0.5,none,True,True
105669,1.0,0.0,0.5,none,True,True
105670,1.0,0.0,0.5,none,True,True
105671,1.0,0.0,0.5,none,True,True
105672,1.0,0.0,0.5,none,True,True
105673,1.0,0.0,0.5,none,True,True
105674,1.0,0.0,0.5,none,True,True
105675,1.0,0.0,0.5,none,True,True
105676,1.0,0.0,0.5,none,True,True
105677,1.0,0.0,0.5,none,True,True
105678,1.0,0.0,0.5,none,True,True
105679,1.0,0.0,0.5,none,True,True
105680,1.0,0.0,0.5,none,True,True
105681,1.0,0.0,0.5,none,True,True
105682,1.0,0.0,0.5,none,True,True
105683,1.0,0.0,0.5,none,True,True
105684,1.0,0.0,0.5,none,True,True
105685,1.0,0.0,0.5,none,True,True
105686,1.0,0.0,0.5,none,True,True
105687,1.0,0.0,0.5,none,True,True
105688,1.0,0.0,0.5,none,True,True
105689,1.0,0.0,0.5,none,True,True
105690,1.0,0.0,0.5,none,True,True
105691,1.0,0.0,0.5,none,True,True
105692,1.0,0.0,0.5,none,True,True
105693,1.0,0.0,0.5,none,True,True
105694,1.0,0.0,0.5,none,True,True
105695,1.0,0.0,0.5,none,True,True
105696,1.0,0.0,0.5,none,True,True
105697,1.0,0.0,0.5,none,True,True
105698,1.0,0.0,0.5,none,True,True
105699,1.0,0.0,0.5,none,True,True
105700,1.0,0.0061,0.5,none,True,True
105701,1.0,0.0357,0.5,none,True,True
105702,1.0,0.0812,0.5,none,True,True
105703,1.0,0.1113,0.5,none,True,True
105704,1.0,0.1253,0.5,none,True,True
105705,1.0,0.1408,0.5,none,True,True
105706,1.0,0.0907,0.5,none,True,True
105707,1.0,0.1198,0.5,none,True,True
105708,1.0,0.0467,0.5,none,True,True
105709,1.0,0.0522,0.5,none,True,True
105710,1.0,0.0405,0.5,none,True,True
105711,1.0,0.0313,0.5,none,True,True
105712,1.0,0.0083,0.5,none,True,True
105713,1.0,0.0726,0.5,none,True,True
105714,1.0,0.0793,0.5,none,True,True
105715,1.0,0.0581,0.5,none,True,True
105716,1.0,0.0955,0.5,none,True,True
105717,1.0,0.0839,0.5,none,True,True
105718,1.0,0.0648,0.5,none,True,True
105719,1.0,0.0718,0.5,none,True,True
105720,1.0,0.0589,0.5,none,True,True
105721,1.0,0.0403,0.5,none,True,True
105722,1.0,0.0327,0.5,none,True,True
105723,1.0,0.0277,0.5,none,True,True
105724,1.0,0.017,0.5,none,True,True
105725,1.0,0.0102,0.5,none,True,True
105726,1.0,0.0099,0.5,none,True,True
105727,1.0,0.008,0.5,none,True,True
105728,1.0,0.005,0.5,none,True,True
105729,1.0,0.0063,0.5,none,True,True
105730,1.0,0.009,0.5,none,True,True
105731,1.0,0.0096,0.5,none,True,True
105732,1.0,0.0108,0.5,none,True,True
105733,1.0,0.014,0.5,none,True,True
105734,1.0,0.0161,0.5,none,True,True
105735,1.0,0.0167,0.5,none,True,True
105736,1.0,0.0182,0.5,none,True,True
105737,1.0,0.0196,0.5,none,True,True
105738,1.0,0.0197,0.5,none,True,True
105739,1.0,0.0193,0.5,none,True,True
105740,1.0,0.0193,0.5,none,True,True
105741,1.0,0.0187,0.5,none,True,True
105742,1.0,0.0174,0.5,none,True,True
105743,1.0,0.0163,0.5,none,True,True
105744,1.0,0.0152,0.5,none,True,True
105745,1.0,0.0138,0.5,none,True,True
105746,1.0,0.0123,0.5,none,True,True
105747,1.0,0.0111,0.5,none,True,True
105748,1.0,0.01,0.5,none,True,True
105749,1.0,0.0088,0.5,none,True,True
105750,1.0,0.0078,0.5,none,True,True
105751,1.0,0.0071,0.5,none,True,True
105752,1.0,0.0064,0.5,none,True,True
105753,1.0,0.0057,0.5,none,True,True
105754,1.0,0.0053,0.5,none,True,True
105755,1.0,0.005,0.5,none,True,True
105756,1.0,0.0047,0.5,none,True,True
105757,1.0,0.0045,0.5,none,True,True
105758,1.0,0.0044,0.5,none,True,True
105759,1.0,0.0043,0.5,none,True,True
105760,1.0,0.0042,0.5,none,True,True
105761,1.0,0.0041,0.5,none,True,True
105762,1.0,0.004,0.5,none,True,True
105763,1.0,0.0039,0.5,none,True,True
105764,1.0,0.0038,0.5,none,True,True
105765,1.0,0.0037,0.5,none,True,True
105766,1.0,0.0035,0.5,none,True,True
105767,1.0,0.0033,0.5,none,True,True
105768,1.0,0.0032,0.5,none,True,True
105769,1.0,0.003,0.5,none,True,True
105770,1.0,0.0028,0.5,none,True,True
105771,1.0,0.0026,0.5,none,True,True
105772,1.0,0.0024,0.5,none,True,True
105773,1.0,0.0023,0.5,none,True,True
105774,1.0,0.0021,0.5,none,True,True
105775,1.0,0.0019,0.5,none,True,True
105776,1.0,0.0018,0.5,none,True,True
105777,1.0,0.0017,0.5,none,True,True
105778,1.0,0.0015,0.5,none,True,True
105779,1.0,0.0014,0.5,none,True,True
105780,1.0,0.0013,0.5,none,True,True
105781,1.0,0.0013,0.5,none,True,True
105782,1.0,0.0012,0.5,none,True,True
105783,1.0,0.0011,0.5,none,True,True
105784,1.0,0.0011,0.5,none,True,True
105785,1.0,0.001,0.5,none,True,True
105786,1.0,0.001,0.5,none,True,True
105787,1.0,0.0009,0.5,none,True,True
105788,1.0,0.0009,0.5,none,True,True
105789,1.0,0.0008,0.5,none,True,True
105790,1.0,0.0008,0.5,none,True,True
105791,1.0,0.0008,0.5,none,True,True
105792,1.0,0.0007,0.5,none,True,True
105793,1.0,0.0007,0.5,none,True,True
105794,1.0,0.0006,0.5,none,True,True
105795,1.0,0.0006,0.5,none,True,True
105796,1.0,0.0006,0.5,none,True,True
105797,1.0,0.0005,0.5,none,True,True
105798,1.0,0.0005,0.5,none,True,True
105799,1.0,0.0005,0.5,none,True,True
105800,1.0,0.0004,0.5,none,True,True
105801,1.0,0.0004,0.5,none,True,True
105802,1.0,0.0004,0.5,none,True,True
105803,1.0,0.0004,0.5,none,True,True
105804,1.0,0.0003,0.5,none,True,True
105805,1.0,0.0003,0.5,none,True,True
105806,1.0,0.0003,0.5,none,True,True
105807,1.0,0.0003,0.5,none,True,True
105808,1.0,0.0003,0.5,none,True,True
105809,1.0,0.0003,0.5,none,True,True
105810,1.0,0.0002,0.5,none,True,True
105811,1.0,0.0002,0.5,none,True,True
105812,1.0,0.0002,0.5,none,True,True
105813,1.0,0.0002,0.5,none,True,True
105814,1.0,0.0002,0.5,none,True,True
105815,1.0,0.0002,0.5,none,True,True
105816,1.0,0.0002,0.5,none,True,True
105817,1.0,0.0002,0.5,none,True,True
105818,1.0,0.0002,0.5,none,True,True
105819,1.0,0.0001,0.5,none,True,True
105820,1.0,0.0001,0.5,none,True,True
105821,1.0,0.0001,0.5,none,True,True
105822,1.0,0.0001,0.5,none,True,True
105823,1.0,0.0001,0.5,none,True,True
105824,1.0,0.0001,0.5,none,True,True
105825,1.0,0.0001,0.5,none,True,True
105826,1.0,0.0001,0.5,none,True,True
105827,1.0,0.0001,0.5,none,True,True
105828,1.0,0.0001,0.5,none,True,True
105829,1.0,0.0001,0.5,none,True,True
105830,1.0,0.0001,0.5,none,True,True
105831,1.0,0.0001,0.5,none,True,True
105832,1.0,0.0001,0.5,none,True,True
105833,1.0,0.0001,0.5,none,True,True
105834,1.0,0.0001,0.5,none,True,True
105835,1.0,0.0001,0.5,none,True,True
105836,1.0,0.0001,0.5,none,True,True
105837,1.0,0.0,0.5,none,True,True
105838,1.0,0.0,0.5,none,True,True
105839,1.0,0.0,0.5,none,True,True
105840,1.0,0.0,0.5,none,True,True
105841,1.0,0.0,0.5,none,True,True
105842,1.0,0.0,0.5,none,True,True
105843,1.0,0.0,0.5,none,True,True
105844,1.0,0.0,0.5,none,True,True
105845,1.0,0.0,0.5,none,True,True
105846,1.0,0.0,0.5,none,True,True
105847,1.0,0.0,0.5,none,True,True
105848,1.0,0.0,0.5,none,True,True
105849,1.0,0.0,0.5,none,True,True
105850,1.0,0.0,0.5,none,True,True
105851,1.0,0.0,0.5,none,True,True
105852,1.0,0.0,0.5,none,True,True
105853,1.0,0.0,0.5,none,True,True
105854,1.0,0.0,0.5,none,True,True
105855,1.0,0.0,0.5,none,True,True
105856,1.0,0.0,0.5,none,True,True
105857,1.0,0.0,0.5,none,True,True
105858,1.0,0.0,0.5,none,True,True
105859,1.0,0.0,0.5,none,True,True
105860,1.0,0.0,0.5,none,True,True
105861,1.0,0.0,0.5,none,True,True
105862,1.0,0.0,0.5,none,True,True
105863,1.0,0.0,0.5,none,True,True
105864,1.0,0.0,0.5,none,True,True
105865,1.0,0.0,0.5,none,True,True
105866,1.0,0.0,0.5,none,True,True
105867,1.0,0.0,0.5,none,True,True
105868,1.0,0.0,0.5,none,True,True
105869,1.0,0.0,0.5,none,True,True
105870,1.0,0.0,0.5,none,True,True
105871,1.0,0.0,0.5,none,True,True
105872,1.0,0.0,0.5,none,True,True
105873,1.0,0.0,0.5,none,True,True
105874,1.0,0.0,0.5,none,True,True
105875,1.0,0.0,0.5,none,True,True
105876,1.0,0.0,0.5,none,True,True
105877,1.0,0.0,0.5,none,True,True
105878,1.0,0.0,0.5,none,True,True
105879,1.0,0.0,0.5,none,True,True
105880,1.0,0.0,0.5,none,True,True
105881,1.0,0.0,0.5,none,True,True
105882,1.0,0.0,0.5,none,True,True
105883,1.0,0.0,0.5,none,True,True
105884,1.0,0.0,0.5,none,True,True
105885,1.0,0.0,0.5,none,True,True
105886,1.0,0.0,0.5,none,True,True
105887,1.0,0.0,0.5,none,True,True
105888,1.0,0.0,0.5,none,True,True
105889,1.0,0.0,0.5,none,True,True
105890,1.0,0.0,0.5,none,True,True
105891,1.0,0.0,0.5,none,True,True
105892,1.0,0.0,0.5,none,True,True
105893,1.0,0.0,0.5,none,True,True
105894,1.0,0.0,0.5,none,True,True
105895,1.0,0.0,0.5,none,True,True
105896,1.0,0.0,0.5,none,True,True
105897,1.0,0.0,0.5,none,True,True
105898,1.0,0.0,0.5,none,True,True
105899,1.0,0.0,0.5,none,True,True
105900,1.0,0.0,0.5,none,True,True
105901,1.0,0.0,0.5,none,True,True
105902,1.0,0.0,0.5,none,True,True
105903,1.0,0.0,0.5,none,True,True
105904,1.0,0.0,0.5,none,True,True
105905,1.0,0.0,0.5,none,True,True
105906,1.0,0.0,0.5,none,True,True
105907,1.0,0.0,0.5,none,True,True
105908,1.0,0.0,0.5,none,True,True
105909,1.0,0.0,0.5,none,True,True
105910,1.0,0.0,0.5,none,True,True
105911,1.0,0.0,0.5,none,True,True
105912,1.0,0.0,0.5,none,True,True
105913,1.0,0.0,0.5,none,True,True
105914,1.0,0.0,0.5,none,True,True
105915,1.0,0.0,0.5,none,True,True
105916,1.0,0.0,0.5,none,True,True
105917,1.0,0.0,0.5,none,True,True
105918,1.0,0.0,0.5,none,True,True
105919,1.0,0.0,0.5,none,True,True
105920,1.0,0.0,0.5,none,True,True
105921,1.0,0.0,0.5,none,True,True
105922,1.0,0.0,0.5,none,True,True
105923,1.0,0.0,0.5,none,True,True
105924,1.0,0.0,0.5,none,True,True
105925,1.0,0.0,0.5,none,True,True
105926,1.0,0.0,0.5,none,True,True
105927,1.0,0.0,0.5,none,True,True
105928,1.0,0.0,0.5,none,True,True
105929,1.0,0.0,0.5,none,True,True
105930,1.0,0.0,0.5,none,True,True
105931,1.0,0.0,0.5,none,True,True
105932,1.0,0.0,0.5,none,True,True
105933,1.0,0.0,0.5,none,True,True
105934,1.0,0.0,0.5,none,True,True
105935,1.0,0.0,0.5,none,True,True
105936,1.0,0.0,0.5,none,True,True
105937,1.0,0.0,0.5,none,True,True
105938,1.0,0.0,0.5,none,True,True
105939,1.0,0.0,0.5,none,True,True
105940,1.0,0.0,0.5,none,True,True
105941,1.0,0.0,0.5,none,True,True
105942,1.0,0.0,0.5,none,True,True
105943,1.0,0.0,0.5,none,True,True
105944,1.0,0.0,0.5,none,True,True
105945,1.0,0.0,0.5,none,True,True
105946,1.0,0.0,0.5,none,True,True
105947,1.0,0.0,0.5,none,True,True
105948,1.0,0.0,0.5,none,True,True
105949,1.0,0.0,0.5,none,True,True
105950,1.0,0.0,0.5,none,True,True
105951,1.0,0.0,0.5,none,True,True
105952,1.0,0.0,0.5,none,True,True
105953,1.0,0.0,0.5,none,True,True
105954,1.0,0.0,0.5,none,True,True
105955,1.0,0.0,0.5,none,True,True
105956,1.0,0.0,0.5,none,True,True
105957,1.0,0.0,0.5,none,True,True
105958,1.0,0.0,0.5,none,True,True
105959,1.0,0.0,0.5,none,True,True
105960,1.0,0.0,0.5,none,True,True
105961,1.0,0.0,0.5,none,True,True
105962,1.0,0.0,0.5,none,True,True
105963,1.0,0.0,0.5,none,True,True
105964,1.0,0.0,0.5,none,True,True
105965,1.0,0.0,0.5,none,True,True
105966,1.0,0.0,0.5,none,True,True
105967,1.0,0.0,0.5,none,True,True
105968,1.0,0.0,0.5,none,True,True
105969,1.0,0.0,0.5,none,True,True
105970,1.0,0.0,0.5,none,True,True
105971,1.0,0.0,0.5,none,True,True
105972,1.0,0.0,0.5,none,True,True
105973,1.0,0.0,0.5,none,True,True
105974,1.0,0.0,0.5,none,True,True
105975,1.0,0.0,0.5,none,True,True
105976,1.0,0.0,0.5,none,True,True
105977,1.0,0.0,0.5,none,True,True
105978,1.0,0.0,0.5,none,True,True
105979,1.0,0.0,0.5,none,True,True
105980,1.0,0.0,0.5,none,True,True
105981,1.0,0.0,0.5,none,True,True
105982,1.0,0.0,0.5,none,True,True
105983,1.0,0.0,0.5,none,True,True
105984,1.0,0.0,0.5,none,True,True
105985,1.0,0.0,0.5,none,True,True
105986,1.0,0.0,0.5,none,True,True
105987,1.0,0.0,0.5,none,True,True
105988,1.0,0.0,0.5,none,True,True
105989,1.0,0.0,0.5,none,True,True
105990,1.0,0.0,0.5,none,True,True
105991,1.0,0.0,0.5,none,True,True
105992,1.0,0.0,0.5,none,True,True
105993,1.0,0.0,0.5,none,True,True
105994,1.0,0.0,0.5,none,True,True
105995,1.0,0.0,0.5,none,True,True
105996,1.0,0.0,0.5,none,True,True
105997,1.0,0.0,0.5,none,True,True
105998,1.0,0.0,0.5,none,True,True
105999,1.0,0.0,0.5,none,True,True
106000,1.0,0.0,0.5,none,True,True
106001,1.0,0.0,0.5,none,True,True
106002,1.0,0.0,0.5,none,True,True
106003,1.0,0.0,0.5,none,True,True
106004,1.0,0.0,0.5,none,True,True
106005,1.0,0.0,0.5,none,True,True
106006,1.0,0.0,0.5,none,True,True
106007,1.0,0.0,0.5,none,True,True
106008,1.0,0.0,0.5,none,True,True
106009,1.0,0.0,0.5,none,True,True
106010,1.0,0.0,0.5,none,True,True
106011,1.0,0.0,0.5,none,True,True
106012,1.0,0.0,0.5,none,True,True
106013,1.0,0.0,0.5,none,True,True
106014,1.0,0.0,0.5,none,True,True
106015,1.0,0.0,0.5,none,True,True
106016,1.0,0.0,0.5,none,True,True
106017,1.0,0.0,0.5,none,True,True
106018,1.0,0.0,0.5,none,True,True
106019,1.0,0.0,0.5,none,True,True
106020,1.0,0.0,0.5,none,True,True
106021,1.0,0.0,0.5,none,True,True
106022,1.0,0.0,0.5,none,True,True
106023,1.0,0.0,0.5,none,True,True
106024,1.0,0.0,0.5,none,True,True
106025,1.0,0.0,0.5,none,True,True
106026,1.0,0.0,0.5,none,True,True
106027,1.0,0.0,0.5,none,True,True
106028,1.0,0.0,0.5,none,True,True
106029,1.0,0.0,0.5,none,True,True
106030,1.0,0.0,0.5,none,True,True
106031,1.0,0.0,0.5,none,True,True
106032,1.0,0.0,0.5,none,True,True
106033,1.0,0.0,0.5,none,True,True
106034,1.0,0.0,0.5,none,True,True
106035,1.0,0.0,0.5,none,True,True
106036,1.0,0.0,0.5,none,True,True
106037,1.0,0.0,0.5,none,True,True
106038,1.0,0.0,0.5,none,True,True
106039,1.0,0.0,0.5,none,True,True
106040,1.0,0.0,0.5,none,True,True
106041,1.0,0.0,0.5,none,True,True
106042,1.0,0.0,0.5,none,True,True
106043,1.0,0.0,0.5,none,True,True
106044,1.0,0.0,0.5,none,True,True
106045,1.0,0.0,0.5,none,True,True
106046,1.0,0.0,0.5,none,True,True
106047,1.0,0.0,0.5,none,True,True
106048,1.0,0.0,0.5,none,True,True
106049,1.0,0.0,0.5,none,True,True
106050,1.0,0.0,0.5,none,True,True
106051,1.0,0.0,0.5,none,True,True
106052,1.0,0.0,0.5,none,True,True
106053,1.0,0.0,0.5,none,True,True
106054,1.0,0.0,0.5,none,True,True
106055,1.0,0.0,0.5,none,True,True
106056,1.0,0.0,0.5,none,True,True
106057,1.0,0.0,0.5,none,True,True
106058,1.0,0.0,0.5,none,True,True
106059,1.0,0.0,0.5,none,True,True
106060,1.0,0.0,0.5,none,True,True
106061,1.0,0.0,0.5,none,True,True
106062,1.0,0.0,0.5,none,True,True
106063,1.0,0.0,0.5,none,True,True
106064,1.0,0.0,0.5,none,True,True
106065,1.0,0.0,0.5,none,True,True
106066,1.0,0.0,0.5,none,True,True
106067,1.0,0.0,0.5,none,True,True
106068,1.0,0.0,0.5,none,True,True
106069,1.0,0.0,0.5,none,True,True
106070,1.0,0.0,0.5,none,True,True
106071,1.0,0.0,0.5,none,True,True
106072,1.0,0.0,0.5,none,True,True
106073,1.0,0.0,0.5,none,True,True
106074,1.0,0.0,0.5,none,True,True
106075,1.0,0.0,0.5,none,True,True
106076,1.0,0.0,0.5,none,True,True
106077,1.0,0.0,0.5,none,True,True
106078,1.0,0.0,0.5,none,True,True
106079,1.0,0.0,0.5,none,True,True
106080,1.0,0.0,0.5,none,True,True
106081,1.0,0.0,0.5,none,True,True
106082,1.0,0.0,0.5,none,True,True
106083,1.0,0.0,0.5,none,True,True
106084,1.0,0.0,0.5,none,True,True
106085,1.0,0.0,0.5,none,True,True
106086,1.0,0.0,0.5,none,True,True
106087,1.0,0.0,0.5,none,True,True
106088,1.0,0.0,0.5,none,True,True
106089,1.0,0.0,0.5,none,True,True
106090,1.0,0.0,0.5,none,True,True
106091,1.0,0.0,0.5,none,True,True
106092,1.0,0.0,0.5,none,True,True
106093,1.0,0.0,0.5,none,True,True
106094,1.0,0.0,0.5,none,True,True
106095,1.0,0.0,0.5,none,True,True
106096,1.0,0.0,0.5,none,True,True
106097,1.0,0.0,0.5,none,True,True
106098,1.0,0.0,0.5,none,True,True
106099,1.0,0.0,0.5,none,True,True
106100,1.0,0.0,0.5,none,True,True
106101,1.0,0.0,0.5,none,True,True
106102,1.0,0.0,0.5,none,True,True
106103,1.0,0.0,0.5,none,True,True
106104,1.0,0.0,0.5,none,True,True
106105,1.0,0.0,0.5,none,True,True
106106,1.0,0.0,0.5,none,True,True
106107,1.0,0.0,0.5,none,True,True
106108,1.0,0.0,0.5,none,True,True
106109,1.0,0.0,0.5,none,True,True
106110,1.0,0.0,0.5,none,True,True
106111,1.0,0.0,0.5,none,True,True
106112,1.0,0.0,0.5,none,True,True
106113,1.0,0.0,0.5,none,True,True
106114,1.0,0.0,0.5,none,True,True
106115,1.0,0.0,0.5,none,True,True
106116,1.0,0.0,0.5,none,True,True
106117,1.0,0.0,0.5,none,True,True
106118,1.0,0.0,0.5,none,True,True
106119,1.0,0.0,0.5,none,True,True
106120,1.0,0.0,0.5,none,True,True
106121,1.0,0.0,0.5,none,True,True
106122,1.0,0.0,0.5,none,True,True
106123,1.0,0.0,0.5,none,True,True
106124,1.0,0.0,0.5,none,True,True
106125,1.0,0.0,0.5,none,True,True
106126,1.0,0.0,0.5,none,True,True
106127,1.0,0.0,0.5,none,True,True
106128,1.0,0.0,0.5,none,True,True
106129,1.0,0.0,0.5,none,True,True
106130,1.0,0.0,0.5,none,True,True
106131,1.0,0.0,0.5,none,True,True
106132,1.0,0.0,0.5,none,True,True
106133,1.0,0.0,0.5,none,True,True
106134,1.0,0.0,0.5,none,True,True
106135,1.0,0.0,0.5,none,True,True
106136,1.0,0.0,0.5,none,True,True
106137,1.0,0.0,0.5,none,True,True
106138,1.0,0.0,0.5,none,True,True
106139,1.0,0.0,0.5,none,True,True
106140,1.0,0.0,0.5,none,True,True
106141,1.0,0.0,0.5,none,True,True
106142,1.0,0.0,0.5,none,True,True
106143,1.0,0.0,0.5,none,True,True
106144,1.0,0.0,0.5,none,True,True
106145,1.0,0.0,0.5,none,True,True
106146,1.0,0.0,0.5,none,True,True
106147,1.0,0.0,0.5,none,True,True
106148,1.0,0.0,0.5,none,True,True
106149,1.0,0.0,0.5,none,True,True
106150,1.0,0.0,0.5,none,True,True
106151,1.0,0.0,0.5,none,True,True
106152,1.0,0.0,0.5,none,True,True
106153,1.0,0.0,0.5,none,True,True
106154,1.0,0.0,0.5,none,True,True
106155,1.0,0.0,0.5,none,True,True
106156,1.0,0.0,0.5,none,True,True
106157,1.0,0.0,0.5,none,True,True
106158,1.0,0.0,0.5,none,True,True
106159,1.0,0.0,0.5,none,True,True
106160,1.0,0.0,0.5,none,True,True
106161,1.0,0.0,0.5,none,True,True
106162,1.0,0.0,0.5,none,True,True
106163,1.0,0.0,0.5,none,True,True
106164,1.0,0.0,0.5,none,True,True
106165,1.0,0.0,0.5,none,True,True
106166,1.0,0.0,0.5,none,True,True
106167,1.0,0.0,0.5,none,True,True
106168,1.0,0.0,0.5,none,True,True
106169,1.0,0.0,0.5,none,True,True
106170,1.0,0.0,0.5,none,True,True
106171,1.0,0.0,0.5,none,True,True
106172,1.0,0.0,0.5,none,True,True
106173,1.0,0.0,0.5,none,True,True
106174,1.0,0.0,0.5,none,True,True
106175,1.0,0.0,0.5,none,True,True
106176,1.0,0.0,0.5,none,True,True
106177,1.0,0.0,0.5,none,True,True
106178,1.0,0.0,0.5,none,True,True
106179,1.0,0.0,0.5,none,True,True
106180,1.0,0.0,0.5,none,True,True
106181,1.0,0.0,0.5,none,True,True
106182,1.0,0.0,0.5,none,True,True
106183,1.0,0.0,0.5,none,True,True
106184,1.0,0.0,0.5,none,True,True
106185,1.0,0.0,0.5,none,True,True
106186,1.0,0.0,0.5,none,True,True
106187,1.0,0.0,0.5,none,True,True
106188,1.0,0.0,0.5,none,True,True
106189,1.0,0.0,0.5,none,True,True
106190,1.0,0.0,0.5,none,True,True
106191,1.0,0.0,0.5,none,True,True
106192,1.0,0.0,0.5,none,True,True
106193,1.0,0.0,0.5,none,True,True
106194,1.0,0.0,0.5,none,True,True
106195,1.0,0.0,0.5,none,True,True
106196,1.0,0.0,0.5,none,True,True
106197,1.0,0.0,0.5,none,True,True
106198,1.0,0.0,0.5,none,True,True
106199,1.0,0.0,0.5,none,True,True
106200,1.0,0.0,0.5,none,True,True
106201,1.0,0.0,0.5,none,True,True
106202,1.0,0.0,0.5,none,True,True
106203,1.0,0.0,0.5,none,True,True
106204,1.0,0.0,0.5,none,True,True
106205,1.0,0.0,0.5,none,True,True
106206,1.0,0.0,0.5,none,True,True
106207,1.0,0.0,0.5,none,True,True
106208,1.0,0.0,0.5,none,True,True
106209,1.0,0.0,0.5,none,True,True
106210,1.0,0.0,0.5,none,True,True
106211,1.0,0.0,0.5,none,True,True
106212,1.0,0.0,0.5,none,True,True
106213,1.0,0.0,0.5,none,True,True
106214,1.0,0.0,0.5,none,True,True
106215,1.0,0.0,0.5,none,True,True
106216,1.0,0.0,0.5,none,True,True
106217,1.0,0.0,0.5,none,True,True
106218,1.0,0.0,0.5,none,True,True
106219,1.0,0.0,0.5,none,True,True
106220,1.0,0.0,0.5,none,True,True
106221,1.0,0.0,0.5,none,True,True
106222,1.0,0.0,0.5,none,True,True
106223,1.0,0.0,0.5,none,True,True
106224,1.0,0.0,0.5,none,True,True
106225,1.0,0.0,0.5,none,True,True
106226,1.0,0.0,0.5,none,True,True
106227,1.0,0.0,0.5,none,True,True
106228,1.0,0.0,0.5,none,True,True
106229,1.0,0.0,0.5,none,True,True
106230,1.0,0.0,0.5,none,True,True
106231,1.0,0.0,0.5,none,True,True
106232,1.0,0.0,0.5,none,True,True
106233,1.0,0.0,0.5,none,True,True
106234,1.0,0.0,0.5,none,True,True
106235,1.0,0.0,0.5,none,True,True
106236,1.0,0.0,0.5,none,True,True
106237,1.0,0.0,0.5,none,True,True
106238,1.0,0.0,0.5,none,True,True
106239,1.0,0.0,0.5,none,True,True
106240,1.0,0.0,0.5,none,True,True
106241,1.0,0.0,0.5,none,True,True
106242,1.0,0.0,0.5,none,True,True
106243,1.0,0.0,0.5,none,True,True
106244,1.0,0.0,0.5,none,True,True
106245,1.0,0.0,0.5,none,True,True
106246,1.0,0.0,0.5,none,True,True
106247,1.0,0.0,0.5,none,True,True
106248,1.0,0.0,0.5,none,True,True
106249,1.0,0.0,0.5,none,True,True
106250,1.0,0.0,0.5,none,True,True
106251,1.0,0.0,0.5,none,True,True
106252,1.0,0.0,0.5,none,True,True
106253,1.0,0.0,0.5,none,True,True
106254,1.0,0.0,0.5,none,True,True
106255,1.0,0.0,0.5,none,True,True
106256,1.0,0.0,0.5,none,True,True
106257,1.0,0.0,0.5,none,True,True
106258,1.0,0.0,0.5,none,True,True
106259,1.0,0.0,0.5,none,True,True
106260,1.0,0.0,0.5,none,True,True
106261,1.0,0.0,0.5,none,True,True
106262,1.0,0.0,0.5,none,True,True
106263,1.0,0.0,0.5,none,True,True
106264,1.0,0.0,0.5,none,True,True
106265,1.0,0.0,0.5,none,True,True
106266,1.0,0.0,0.5,none,True,True
106267,1.0,0.0,0.5,none,True,True
106268,1.0,0.0,0.5,none,True,True
106269,1.0,0.0,0.5,none,True,True
106270,1.0,0.0,0.5,none,True,True
106271,1.0,0.0,0.5,none,True,True
106272,1.0,0.0,0.5,none,True,True
106273,1.0,0.0,0.5,none,True,True
106274,1.0,0.0,0.5,none,True,True
106275,1.0,0.0,0.5,none,True,True
106276,1.0,0.0,0.5,none,True,True
106277,1.0,0.0,0.5,none,True,True
106278,1.0,0.0,0.5,none,True,True
106279,1.0,0.0,0.5,none,True,True
106280,1.0,0.0,0.5,none,True,True
106281,1.0,0.0,0.5,none,True,True
106282,1.0,0.0,0.5,none,True,True
106283,1.0,0.0,0.5,none,True,True
106284,1.0,0.0,0.5,none,True,True
106285,1.0,0.0,0.5,none,True,True
106286,1.0,0.0,0.5,none,True,True
106287,1.0,0.0,0.5,none,True,True
106288,1.0,0.0,0.5,none,True,True
106289,1.0,0.0,0.5,none,True,True
106290,1.0,0.0,0.5,none,True,True
106291,1.0,0.0,0.5,none,True,True
106292,1.0,0.0,0.5,none,True,True
106293,1.0,0.0,0.5,none,True,True
106294,1.0,0.0,0.5,none,True,True
106295,1.0,0.0,0.5,none,True,True
106296,1.0,0.0,0.5,none,True,True
106297,1.0,0.0,0.5,none,True,True
106298,1.0,0.0,0.5,none,True,True
106299,1.0,0.0,0.5,none,True,True
106300,1.0,0.0,0.5,none,True,True
106301,1.0,0.0,0.5,none,True,True
106302,1.0,0.0,0.5,none,True,True
106303,1.0,0.0,0.5,none,True,True
106304,1.0,0.0,0.5,none,True,True
106305,1.0,0.0,0.5,none,True,True
106306,1.0,0.0,0.5,none,True,True
106307,1.0,0.0,0.5,none,True,True
106308,1.0,0.0,0.5,none,True,True
106309,1.0,0.0,0.5,none,True,True
106310,1.0,0.0,0.5,none,True,True
106311,1.0,0.0,0.5,none,True,True
106312,1.0,0.0,0.5,none,True,True
106313,1.0,0.0,0.5,none,True,True
106314,1.0,0.0,0.5,none,True,True
106315,1.0,0.0,0.5,none,True,True
106316,1.0,0.0,0.5,none,True,True
106317,1.0,0.0,0.5,none,True,True
106318,1.0,0.0,0.5,none,True,True
106319,1.0,0.0,0.5,none,True,True
106320,1.0,0.0,0.5,none,True,True
106321,1.0,0.0,0.5,none,True,True
106322,1.0,0.0,0.5,none,True,True
106323,1.0,0.0,0.5,none,True,True
106324,1.0,0.0,0.5,none,True,True
106325,1.0,0.0,0.5,none,True,True
106326,1.0,0.0,0.5,none,True,True
106327,1.0,0.0,0.5,none,True,True
106328,1.0,0.0,0.5,none,True,True
106329,1.0,0.0,0.5,none,True,True
106330,1.0,0.0,0.5,none,True,True
106331,1.0,0.0,0.5,none,True,True
106332,1.0,0.0,0.5,none,True,True
106333,1.0,0.0,0.5,none,True,True
106334,1.0,0.0,0.5,none,True,True
106335,1.0,0.0,0.5,none,True,True
106336,1.0,0.0,0.5,none,True,True
106337,1.0,0.0,0.5,none,True,True
106338,1.0,0.0,0.5,none,True,True
106339,1.0,0.0,0.5,none,True,True
106340,1.0,0.0,0.5,none,True,True
106341,1.0,0.0,0.5,none,True,True
106342,1.0,0.0,0.5,none,True,True
106343,1.0,0.0,0.5,none,True,True
106344,1.0,0.0,0.5,none,True,True
106345,1.0,0.0,0.5,none,True,True
106346,1.0,0.0,0.5,none,True,True
106347,1.0,0.0,0.5,none,True,True
106348,1.0,0.0,0.5,none,True,True
106349,1.0,0.0,0.5,none,True,True
106350,1.0,0.0,0.5,none,True,True
106351,1.0,0.0,0.5,none,True,True
106352,1.0,0.0,0.5,none,True,True
106353,1.0,0.0,0.5,none,True,True
106354,1.0,0.0,0.5,none,True,True
106355,1.0,0.0,0.5,none,True,True
106356,1.0,0.0,0.5,none,True,True
106357,1.0,0.0,0.5,none,True,True
106358,1.0,0.0,0.5,none,True,True
106359,1.0,0.0,0.5,none,True,True
106360,1.0,0.0,0.5,none,True,True
106361,1.0,0.0,0.5,none,True,True
106362,1.0,0.0,0.5,none,True,True
106363,1.0,0.0,0.5,none,True,True
106364,1.0,0.0,0.5,none,True,True
106365,1.0,0.0,0.5,none,True,True
106366,1.0,0.0,0.5,none,True,True
106367,1.0,0.0,0.5,none,True,True
106368,1.0,0.0,0.5,none,True,True
106369,1.0,0.0,0.5,none,True,True
106370,1.0,0.0,0.5,none,True,True
106371,1.0,0.0,0.5,none,True,True
106372,1.0,0.0,0.5,none,True,True
106373,1.0,0.0,0.5,none,True,True
106374,1.0,0.0,0.5,none,True,True
106375,1.0,0.0,0.5,none,True,True
106376,1.0,0.0,0.5,none,True,True
106377,1.0,0.0,0.5,none,True,True
106378,1.0,0.0,0.5,none,True,True
106379,1.0,0.0,0.5,none,True,True
106380,1.0,0.0,0.5,none,True,True
106381,1.0,0.0,0.5,none,True,True
106382,1.0,0.0,0.5,none,True,True
106383,1.0,0.0,0.5,none,True,True
106384,1.0,0.0,0.5,none,True,True
106385,1.0,0.0,0.5,none,True,True
106386,1.0,0.0,0.5,none,True,True
106387,1.0,0.0,0.5,none,True,True
106388,1.0,0.0,0.5,none,True,True
106389,1.0,0.0,0.5,none,True,True
106390,1.0,0.0,0.5,none,True,True
106391,1.0,0.0,0.5,none,True,True
106392,1.0,0.0,0.5,none,True,True
106393,1.0,0.0,0.5,none,True,True
106394,1.0,0.0,0.5,none,True,True
106395,1.0,0.0,0.5,none,True,True
106396,1.0,0.0,0.5,none,True,True
106397,1.0,0.0,0.5,none,True,True
106398,1.0,0.0,0.5,none,True,True
106399,1.0,0.0,0.5,none,True,True
106400,1.0,0.0061,0.5,none,True,True
106401,1.0,0.0357,0.5,none,True,True
106402,1.0,0.0812,0.5,none,True,True
106403,1.0,0.1113,0.5,none,True,True
106404,1.0,0.1253,0.5,none,True,True
106405,1.0,0.1408,0.5,none,True,True
106406,1.0,0.0907,0.5,none,True,True
106407,1.0,0.1198,0.5,none,True,True
106408,1.0,0.0467,0.5,none,True,True
106409,1.0,0.0522,0.5,none,True,True
106410,1.0,0.0405,0.5,none,True,True
106411,1.0,0.0313,0.5,none,True,True
106412,1.0,0.0083,0.5,none,True,True
106413,1.0,0.0726,0.5,none,True,True
106414,1.0,0.0793,0.5,none,True,True
106415,1.0,0.0581,0.5,none,True,True
106416,1.0,0.0955,0.5,none,True,True
106417,1.0,0.0839,0.5,none,True,True
106418,1.0,0.0648,0.5,none,True,True
106419,1.0,0.0718,0.5,none,True,True
106420,1.0,0.0589,0.5,none,True,True
106421,1.0,0.0403,0.5,none,True,True
106422,1.0,0.0327,0.5,none,True,True
106423,1.0,0.0277,0.5,none,True,True
106424,1.0,0.017,0.5,none,True,True
106425,1.0,0.0102,0.5,none,True,True
106426,1.0,0.0099,0.5,none,True,True
106427,1.0,0.008,0.5,none,True,True
106428,1.0,0.005,0.5,none,True,True
106429,1.0,0.0063,0.5,none,True,True
106430,1.0,0.009,0.5,none,True,True
106431,1.0,0.0096,0.5,none,True,True
106432,1.0,0.0108,0.5,none,True,True
106433,1.0,0.014,0.5,none,True,True
106434,1.0,0.0161,0.5,none,True,True
106435,1.0,0.0167,0.5,none,True,True
106436,1.0,0.0182,0.5,none,True,True
106437,1.0,0.0196,0.5,none,True,True
106438,1.0,0.0197,0.5,none,True,True
106439,1.0,0.0193,0.5,none,True,True
106440,1.0,0.0193,0.5,none,True,True
106441,1.0,0.0187,0.5,none,True,True
106442,1.0,0.0174,0.5,none,True,True
106443,1.0,0.0163,0.5,none,True,True
106444,1.0,0.0152,0.5,none,True,True
106445,1.0,0.0138,0.5,none,True,True
106446,1.0,0.0123,0.5,none,True,True
106447,1.0,0.0111,0.5,none,True,True
106448,1.0,0.01,0.5,none,True,True
106449,1.0,0.0088,0.5,none,True,True
106450,1.0,0.0078,0.5,none,True,True
106451,1.0,0.0071,0.5,none,True,True
106452,1.0,0.0064,0.5,none,True,True
106453,1.0,0.0057,0.5,none,True,True
106454,1.0,0.0053,0.5,none,True,True
106455,1.0,0.005,0.5,none,True,True
106456,1.0,0.0047,0.5,none,True,True
106457,1.0,0.0045,0.5,none,True,True
106458,1.0,0.0044,0.5,none,True,True
106459,1.0,0.0043,0.5,none,True,True
106460,1.0,0.0042,0.5,none,True,True
106461,1.0,0.0041,0.5,none,True,True
106462,1.0,0.004,0.5,none,True,True
106463,1.0,0.0039,0.5,none,True,True
106464,1.0,0.0038,0.5,none,True,True
106465,1.0,0.0037,0.5,none,True,True
106466,1.0,0.0035,0.5,none,True,True
106467,1.0,0.0033,0.5,none,True,True
106468,1.0,0.0032,0.5,none,True,True
106469,1.0,0.003,0.5,none,True,True
106470,1.0,0.0028,0.5,none,True,True
106471,1.0,0.0026,0.5,none,True,True
106472,1.0,0.0024,0.5,none,True,True
106473,1.0,0.0023,0.5,none,True,True
106474,1.0,0.0021,0.5,none,True,True
106475,1.0,0.0019,0.5,none,True,True
106476,1.0,0.0018,0.5,none,True,True
106477,1.0,0.0017,0.5,none,True,True
106478,1.0,0.0015,0.5,none,True,True
106479,1.0,0.0014,0.5,none,True,True
106480,1.0,0.0013,0.5,none,True,True
106481,1.0,0.0013,0.5,none,True,True
106482,1.0,0.0012,0.5,none,True,True
106483,1.0,0.0011,0.5,none,True,True
106484,1.0,0.0011,0.5,none,True,True
106485,1.0,0.001,0.5,none,True,True
106486,1.0,0.001,0.5,none,True,True
106487,1.0,0.0009,0.5,none,True,True
106488,1.0,0.0009,0.5,none,True,True
106489,1.0,0.0008,0.5,none,True,True
106490,1.0,0.0008,0.5,none,True,True
106491,1.0,0.0008,0.5,none,True,True
106492,1.0,0.0007,0.5,none,True,True
106493,1.0,0.0007,0.5,none,True,True
106494,1.0,0.0006,0.5,none,True,True
106495,1.0,0.0006,0.5,none,True,True
106496,1.0,0.0006,0.5,none,True,True
106497,1.0,0.0005,0.5,none,True,True
106498,1.0,0.0005,0.5,none,True,True
106499,1.0,0.0005,0.5,none,True,True
106500,1.0,0.0004,0.5,none,True,True
106501,1.0,0.0004,0.5,none,True,True
106502,1.0,0.0004,0.5,none,True,True
106503,1.0,0.0004,0.5,none,True,True
106504,1.0,0.0003,0.5,none,True,True
106505,1.0,0.0003,0.5,none,True,True
106506,1.0,0.0003,0.5,none,True,True
106507,1.0,0.0003,0.5,none,True,True
106508,1.0,0.0003,0.5,none,True,True
106509,1.0,0.0003,0.5,none,True,True
106510,1.0,0.0002,0.5,none,True,True
106511,1.0,0.0002,0.5,none,True,True
106512,1.0,0.0002,0.5,none,True,True
106513,1.0,0.0002,0.5,none,True,True
106514,1.0,0.0002,0.5,none,True,True
106515,1.0,0.0002,0.5,none,True,True
106516,1.0,0.0002,0.5,none,True,True
106517,1.0,0.0002,0.5,none,True,True
106518,1.0,0.0002,0.5,none,True,True
106519,1.0,0.0001,0.5,none,True,True
106520,1.0,0.0001,0.5,none,True,True
106521,1.0,0.0001,0.5,none,True,True
106522,1.0,0.0001,0.5,none,True,True
106523,1.0,0.0001,0.5,none,True,True
106524,1.0,0.0001,0.5,none,True,True
106525,1.0,0.0001,0.5,none,True,True
106526,1.0,0.0001,0.5,none,True,True
106527,1.0,0.0001,0.5,none,True,True
106528,1.0,0.0001,0.5,none,True,True
106529,1.0,0.0001,0.5,none,True,True
106530,1.0,0.0001,0.5,none,True,True
106531,1.0,0.0001,0.5,none,True,True
106532,1.0,0.0001,0.5,none,True,True
106533,1.0,0.0001,0.5,none,True,True
106534,1.0,0.0001,0.5,none,True,True
106535,1.0,0.0001,0.5,none,True,True
106536,1.0,0.0001,0.5,none,True,True
106537,1.0,0.0,0.5,none,True,True
106538,1.0,0.0,0.5,none,True,True
106539,1.0,0.0,0.5,none,True,True
106540,1.0,0.0,0.5,none,True,True
106541,1.0,0.0,0.5,none,True,True
106542,1.0,0.0,0.5,none,True,True
106543,1.0,0.0,0.5,none,True,True
106544,1.0,0.0,0.5,none,True,True
106545,1.0,0.0,0.5,none,True,True
106546,1.0,0.0,0.5,none,True,True
106547,1.0,0.0,0.5,none,True,True
106548,1.0,0.0,0.5,none,True,True
106549,1.0,0.0,0.5,none,True,True
106550,1.0,0.0,0.5,none,True,True
106551,1.0,0.0,0.5,none,True,True
106552,1.0,0.0,0.5,none,True,True
106553,1.0,0.0,0.5,none,True,True
106554,1.0,0.0,0.5,none,True,True
106555,1.0,0.0,0.5,none,True,True
106556,1.0,0.0,0.5,none,True,True
106557,1.0,0.0,0.5,none,True,True
106558,1.0,0.0,0.5,none,True,True
106559,1.0,0.0,0.5,none,True,True
106560,1.0,0.0,0.5,none,True,True
106561,1.0,0.0,0.5,none,True,True
106562,1.0,0.0,0.5,none,True,True
106563,1.0,0.0,0.5,none,True,True
106564,1.0,0.0,0.5,none,True,True
106565,1.0,0.0,0.5,none,True,True
106566,1.0,0.0,0.5,none,True,True
106567,1.0,0.0,0.5,none,True,True
106568,1.0,0.0,0.5,none,True,True
106569,1.0,0.0,0.5,none,True,True
106570,1.0,0.0,0.5,none,True,True
106571,1.0,0.0,0.5,none,True,True
106572,1.0,0.0,0.5,none,True,True
106573,1.0,0.0,0.5,none,True,True
106574,1.0,0.0,0.5,none,True,True
106575,1.0,0.0,0.5,none,True,True
106576,1.0,0.0,0.5,none,True,True
106577,1.0,0.0,0.5,none,True,True
106578,1.0,0.0,0.5,none,True,True
106579,1.0,0.0,0.5,none,True,True
106580,1.0,0.0,0.5,none,True,True
106581,1.0,0.0,0.5,none,True,True
106582,1.0,0.0,0.5,none,True,True
106583,1.0,0.0,0.5,none,True,True
106584,1.0,0.0,0.5,none,True,True
106585,1.0,0.0,0.5,none,True,True
106586,1.0,0.0,0.5,none,True,True
106587,1.0,0.0,0.5,none,True,True
106588,1.0,0.0,0.5,none,True,True
106589,1.0,0.0,0.5,none,True,True
106590,1.0,0.0,0.5,none,True,True
106591,1.0,0.0,0.5,none,True,True
106592,1.0,0.0,0.5,none,True,True
106593,1.0,0.0,0.5,none,True,True
106594,1.0,0.0,0.5,none,True,True
106595,1.0,0.0,0.5,none,True,True
106596,1.0,0.0,0.5,none,True,True
106597,1.0,0.0,0.5,none,True,True
106598,1.0,0.0,0.5,none,True,True
106599,1.0,0.0,0.5,none,True,True
106600,1.0,0.0,0.5,none,True,True
106601,1.0,0.0,0.5,none,True,True
106602,1.0,0.0,0.5,none,True,True
106603,1.0,0.0,0.5,none,True,True
106604,1.0,0.0,0.5,none,True,True
106605,1.0,0.0,0.5,none,True,True
106606,1.0,0.0,0.5,none,True,True
106607,1.0,0.0,0.5,none,True,True
106608,1.0,0.0,0.5,none,True,True
106609,1.0,0.0,0.5,none,True,True
106610,1.0,0.0,0.5,none,True,True
106611,1.0,0.0,0.5,none,True,True
106612,1.0,0.0,0.5,none,True,True
106613,1.0,0.0,0.5,none,True,True
106614,1.0,0.0,0.5,none,True,True
106615,1.0,0.0,0.5,none,True,True
106616,1.0,0.0,0.5,none,True,True
106617,1.0,0.0,0.5,none,True,True
106618,1.0,0.0,0.5,none,True,True
106619,1.0,0.0,0.5,none,True,True
106620,1.0,0.0,0.5,none,True,True
106621,1.0,0.0,0.5,none,True,True
106622,1.0,0.0,0.5,none,True,True
106623,1.0,0.0,0.5,none,True,True
106624,1.0,0.0,0.5,none,True,True
106625,1.0,0.0,0.5,none,True,True
106626,1.0,0.0,0.5,none,True,True
106627,1.0,0.0,0.5,none,True,True
106628,1.0,0.0,0.5,none,True,True
106629,1.0,0.0,0.5,none,True,True
106630,1.0,0.0,0.5,none,True,True
106631,1.0,0.0,0.5,none,True,True
106632,1.0,0.0,0.5,none,True,True
106633,1.0,0.0,0.5,none,True,True
106634,1.0,0.0,0.5,none,True,True
106635,1.0,0.0,0.5,none,True,True
106636,1.0,0.0,0.5,none,True,True
106637,1.0,0.0,0.5,none,True,True
106638,1.0,0.0,0.5,none,True,True
106639,1.0,0.0,0.5,none,True,True
106640,1.0,0.0,0.5,none,True,True
106641,1.0,0.0,0.5,none,True,True
106642,1.0,0.0,0.5,none,True,True
106643,1.0,0.0,0.5,none,True,True
106644,1.0,0.0,0.5,none,True,True
106645,1.0,0.0,0.5,none,True,True
106646,1.0,0.0,0.5,none,True,True
106647,1.0,0.0,0.5,none,True,True
106648,1.0,0.0,0.5,none,True,True
106649,1.0,0.0,0.5,none,True,True
106650,1.0,0.0,0.5,none,True,True
106651,1.0,0.0,0.5,none,True,True
106652,1.0,0.0,0.5,none,True,True
106653,1.0,0.0,0.5,none,True,True
106654,1.0,0.0,0.5,none,True,True
106655,1.0,0.0,0.5,none,True,True
106656,1.0,0.0,0.5,none,True,True
106657,1.0,0.0,0.5,none,True,True
106658,1.0,0.0,0.5,none,True,True
106659,1.0,0.0,0.5,none,True,True
106660,1.0,0.0,0.5,none,True,True
106661,1.0,0.0,0.5,none,True,True
106662,1.0,0.0,0.5,none,True,True
106663,1.0,0.0,0.5,none,True,True
106664,1.0,0.0,0.5,none,True,True
106665,1.0,0.0,0.5,none,True,True
106666,1.0,0.0,0.5,none,True,True
106667,1.0,0.0,0.5,none,True,True
106668,1.0,0.0,0.5,none,True,True
106669,1.0,0.0,0.5,none,True,True
106670,1.0,0.0,0.5,none,True,True
106671,1.0,0.0,0.5,none,True,True
106672,1.0,0.0,0.5,none,True,True
106673,1.0,0.0,0.5,none,True,True
106674,1.0,0.0,0.5,none,True,True
106675,1.0,0.0,0.5,none,True,True
106676,1.0,0.0,0.5,none,True,True
106677,1.0,0.0,0.5,none,True,True
106678,1.0,0.0,0.5,none,True,True
106679,1.0,0.0,0.5,none,True,True
106680,1.0,0.0,0.5,none,True,True
106681,1.0,0.0,0.5,none,True,True
106682,1.0,0.0,0.5,none,True,True
106683,1.0,0.0,0.5,none,True,True
106684,1.0,0.0,0.5,none,True,True
106685,1.0,0.0,0.5,none,True,True
106686,1.0,0.0,0.5,none,True,True
106687,1.0,0.0,0.5,none,True,True
106688,1.0,0.0,0.5,none,True,True
106689,1.0,0.0,0.5,none,True,True
106690,1.0,0.0,0.5,none,True,True
106691,1.0,0.0,0.5,none,True,True
106692,1.0,0.0,0.5,none,True,True
106693,1.0,0.0,0.5,none,True,True
106694,1.0,0.0,0.5,none,True,True
106695,1.0,0.0,0.5,none,True,True
106696,1.0,0.0,0.5,none,True,True
106697,1.0,0.0,0.5,none,True,True
106698,1.0,0.0,0.5,none,True,True
106699,1.0,0.0,0.5,none,True,True
106700,1.0,0.0,0.5,none,True,True
106701,1.0,0.0,0.5,none,True,True
106702,1.0,0.0,0.5,none,True,True
106703,1.0,0.0,0.5,none,True,True
106704,1.0,0.0,0.5,none,True,True
106705,1.0,0.0,0.5,none,True,True
106706,1.0,0.0,0.5,none,True,True
106707,1.0,0.0,0.5,none,True,True
106708,1.0,0.0,0.5,none,True,True
106709,1.0,0.0,0.5,none,True,True
106710,1.0,0.0,0.5,none,True,True
106711,1.0,0.0,0.5,none,True,True
106712,1.0,0.0,0.5,none,True,True
106713,1.0,0.0,0.5,none,True,True
106714,1.0,0.0,0.5,none,True,True
106715,1.0,0.0,0.5,none,True,True
106716,1.0,0.0,0.5,none,True,True
106717,1.0,0.0,0.5,none,True,True
106718,1.0,0.0,0.5,none,True,True
106719,1.0,0.0,0.5,none,True,True
106720,1.0,0.0,0.5,none,True,True
106721,1.0,0.0,0.5,none,True,True
106722,1.0,0.0,0.5,none,True,True
106723,1.0,0.0,0.5,none,True,True
106724,1.0,0.0,0.5,none,True,True
106725,1.0,0.0,0.5,none,True,True
106726,1.0,0.0,0.5,none,True,True
106727,1.0,0.0,0.5,none,True,True
106728,1.0,0.0,0.5,none,True,True
106729,1.0,0.0,0.5,none,True,True
106730,1.0,0.0,0.5,none,True,True
106731,1.0,0.0,0.5,none,True,True
106732,1.0,0.0,0.5,none,True,True
106733,1.0,0.0,0.5,none,True,True
106734,1.0,0.0,0.5,none,True,True
106735,1.0,0.0,0.5,none,True,True
106736,1.0,0.0,0.5,none,True,True
106737,1.0,0.0,0.5,none,True,True
106738,1.0,0.0,0.5,none,True,True
106739,1.0,0.0,0.5,none,True,True
106740,1.0,0.0,0.5,none,True,True
106741,1.0,0.0,0.5,none,True,True
106742,1.0,0.0,0.5,none,True,True
106743,1.0,0.0,0.5,none,True,True
106744,1.0,0.0,0.5,none,True,True
106745,1.0,0.0,0.5,none,True,True
106746,1.0,0.0,0.5,none,True,True
106747,1.0,0.0,0.5,none,True,True
106748,1.0,0.0,0.5,none,True,True
106749,1.0,0.0,0.5,none,True,True
106750,1.0,0.0,0.5,none,True,True
106751,1.0,0.0,0.5,none,True,True
106752,1.0,0.0,0.5,none,True,True
106753,1.0,0.0,0.5,none,True,True
106754,1.0,0.0,0.5,none,True,True
106755,1.0,0.0,0.5,none,True,True
106756,1.0,0.0,0.5,none,True,True
106757,1.0,0.0,0.5,none,True,True
106758,1.0,0.0,0.5,none,True,True
106759,1.0,0.0,0.5,none,True,True
106760,1.0,0.0,0.5,none,True,True
106761,1.0,0.0,0.5,none,True,True
106762,1.0,0.0,0.5,none,True,True
106763,1.0,0.0,0.5,none,True,True
106764,1.0,0.0,0.5,none,True,True
106765,1.0,0.0,0.5,none,True,True
106766,1.0,0.0,0.5,none,True,True
106767,1.0,0.0,0.5,none,True,True
106768,1.0,0.0,0.5,none,True,True
106769,1.0,0.0,0.5,none,True,True
106770,1.0,0.0,0.5,none,True,True
106771,1.0,0.0,0.5,none,True,True
106772,1.0,0.0,0.5,none,True,True
106773,1.0,0.0,0.5,none,True,True
106774,1.0,0.0,0.5,none,True,True
106775,1.0,0.0,0.5,none,True,True
106776,1.0,0.0,0.5,none,True,True
106777,1.0,0.0,0.5,none,True,True
106778,1.0,0.0,0.5,none,True,True
106779,1.0,0.0,0.5,none,True,True
106780,1.0,0.0,0.5,none,True,True
106781,1.0,0.0,0.5,none,True,True
106782,1.0,0.0,0.5,none,True,True
106783,1.0,0.0,0.5,none,True,True
106784,1.0,0.0,0.5,none,True,True
106785,1.0,0.0,0.5,none,True,True
106786,1.0,0.0,0.5,none,True,True
106787,1.0,0.0,0.5,none,True,True
106788,1.0,0.0,0.5,none,True,True
106789,1.0,0.0,0.5,none,True,True
106790,1.0,0.0,0.5,none,True,True
106791,1.0,0.0,0.5,none,True,True
106792,1.0,0.0,0.5,none,True,True
106793,1.0,0.0,0.5,none,True,True
106794,1.0,0.0,0.5,none,True,True
106795,1.0,0.0,0.5,none,True,True
106796,1.0,0.0,0.5,none,True,True
106797,1.0,0.0,0.5,none,True,True
106798,1.0,0.0,0.5,none,True,True
106799,1.0,0.0,0.5,none,True,True
106800,1.0,0.0,0.5,none,True,True
106801,1.0,0.0,0.5,none,True,True
106802,1.0,0.0,0.5,none,True,True
106803,1.0,0.0,0.5,none,True,True
106804,1.0,0.0,0.5,none,True,True
106805,1.0,0.0,0.5,none,True,True
106806,1.0,0.0,0.5,none,True,True
106807,1.0,0.0,0.5,none,True,True
106808,1.0,0.0,0.5,none,True,True
106809,1.0,0.0,0.5,none,True,True
106810,1.0,0.0,0.5,none,True,True
106811,1.0,0.0,0.5,none,True,True
106812,1.0,0.0,0.5,none,True,True
106813,1.0,0.0,0.5,none,True,True
106814,1.0,0.0,0.5,none,True,True
106815,1.0,0.0,0.5,none,True,True
106816,1.0,0.0,0.5,none,True,True
106817,1.0,0.0,0.5,none,True,True
106818,1.0,0.0,0.5,none,True,True
106819,1.0,0.0,0.5,none,True,True
106820,1.0,0.0,0.5,none,True,True
106821,1.0,0.0,0.5,none,True,True
106822,1.0,0.0,0.5,none,True,True
106823,1.0,0.0,0.5,none,True,True
106824,1.0,0.0,0.5,none,True,True
106825,1.0,0.0,0.5,none,True,True
106826,1.0,0.0,0.5,none,True,True
106827,1.0,0.0,0.5,none,True,True
106828,1.0,0.0,0.5,none,True,True
106829,1.0,0.0,0.5,none,True,True
106830,1.0,0.0,0.5,none,True,True
106831,1.0,0.0,0.5,none,True,True
106832,1.0,0.0,0.5,none,True,True
106833,1.0,0.0,0.5,none,True,True
106834,1.0,0.0,0.5,none,True,True
106835,1.0,0.0,0.5,none,True,True
106836,1.0,0.0,0.5,none,True,True
106837,1.0,0.0,0.5,none,True,True
106838,1.0,0.0,0.5,none,True,True
106839,1.0,0.0,0.5,none,True,True
106840,1.0,0.0,0.5,none,True,True
106841,1.0,0.0,0.5,none,True,True
106842,1.0,0.0,0.5,none,True,True
106843,1.0,0.0,0.5,none,True,True
106844,1.0,0.0,0.5,none,True,True
106845,1.0,0.0,0.5,none,True,True
106846,1.0,0.0,0.5,none,True,True
106847,1.0,0.0,0.5,none,True,True
106848,1.0,0.0,0.5,none,True,True
106849,1.0,0.0,0.5,none,True,True
106850,1.0,0.0,0.5,none,True,True
106851,1.0,0.0,0.5,none,True,True
106852,1.0,0.0,0.5,none,True,True
106853,1.0,0.0,0.5,none,True,True
106854,1.0,0.0,0.5,none,True,True
106855,1.0,0.0,0.5,none,True,True
106856,1.0,0.0,0.5,none,True,True
106857,1.0,0.0,0.5,none,True,True
106858,1.0,0.0,0.5,none,True,True
106859,1.0,0.0,0.5,none,True,True
106860,1.0,0.0,0.5,none,True,True
106861,1.0,0.0,0.5,none,True,True
106862,1.0,0.0,0.5,none,True,True
106863,1.0,0.0,0.5,none,True,True
106864,1.0,0.0,0.5,none,True,True
106865,1.0,0.0,0.5,none,True,True
106866,1.0,0.0,0.5,none,True,True
106867,1.0,0.0,0.5,none,True,True
106868,1.0,0.0,0.5,none,True,True
106869,1.0,0.0,0.5,none,True,True
106870,1.0,0.0,0.5,none,True,True
106871,1.0,0.0,0.5,none,True,True
106872,1.0,0.0,0.5,none,True,True
106873,1.0,0.0,0.5,none,True,True
106874,1.0,0.0,0.5,none,True,True
106875,1.0,0.0,0.5,none,True,True
106876,1.0,0.0,0.5,none,True,True
106877,1.0,0.0,0.5,none,True,True
106878,1.0,0.0,0.5,none,True,True
106879,1.0,0.0,0.5,none,True,True
106880,1.0,0.0,0.5,none,True,True
106881,1.0,0.0,0.5,none,True,True
106882,1.0,0.0,0.5,none,True,True
106883,1.0,0.0,0.5,none,True,True
106884,1.0,0.0,0.5,none,True,True
106885,1.0,0.0,0.5,none,True,True
106886,1.0,0.0,0.5,none,True,True
106887,1.0,0.0,0.5,none,True,True
106888,1.0,0.0,0.5,none,True,True
106889,1.0,0.0,0.5,none,True,True
106890,1.0,0.0,0.5,none,True,True
106891,1.0,0.0,0.5,none,True,True
106892,1.0,0.0,0.5,none,True,True
106893,1.0,0.0,0.5,none,True,True
106894,1.0,0.0,0.5,none,True,True
106895,1.0,0.0,0.5,none,True,True
106896,1.0,0.0,0.5,none,True,True
106897,1.0,0.0,0.5,none,True,True
106898,1.0,0.0,0.5,none,True,True
106899,1.0,0.0,0.5,none,True,True
106900,1.0,0.0,0.5,none,True,True
106901,1.0,0.0,0.5,none,True,True
106902,1.0,0.0,0.5,none,True,True
106903,1.0,0.0,0.5,none,True,True
106904,1.0,0.0,0.5,none,True,True
106905,1.0,0.0,0.5,none,True,True
106906,1.0,0.0,0.5,none,True,True
106907,1.0,0.0,0.5,none,True,True
106908,1.0,0.0,0.5,none,True,True
106909,1.0,0.0,0.5,none,True,True
106910,1.0,0.0,0.5,none,True,True
106911,1.0,0.0,0.5,none,True,True
106912,1.0,0.0,0.5,none,True,True
106913,1.0,0.0,0.5,none,True,True
106914,1.0,0.0,0.5,none,True,True
106915,1.0,0.0,0.5,none,True,True
106916,1.0,0.0,0.5,none,True,True
106917,1.0,0.0,0.5,none,True,True
106918,1.0,0.0,0.5,none,True,True
106919,1.0,0.0,0.5,none,True,True
106920,1.0,0.0,0.5,none,True,True
106921,1.0,0.0,0.5,none,True,True
106922,1.0,0.0,0.5,none,True,True
106923,1.0,0.0,0.5,none,True,True
106924,1.0,0.0,0.5,none,True,True
106925,1.0,0.0,0.5,none,True,True
106926,1.0,0.0,0.5,none,True,True
106927,1.0,0.0,0.5,none,True,True
106928,1.0,0.0,0.5,none,True,True
106929,1.0,0.0,0.5,none,True,True
106930,1.0,0.0,0.5,none,True,True
106931,1.0,0.0,0.5,none,True,True
106932,1.0,0.0,0.5,none,True,True
106933,1.0,0.0,0.5,none,True,True
106934,1.0,0.0,0.5,none,True,True
106935,1.0,0.0,0.5,none,True,True
106936,1.0,0.0,0.5,none,True,True
106937,1.0,0.0,0.5,none,True,True
106938,1.0,0.0,0.5,none,True,True
106939,1.0,0.0,0.5,none,True,True
106940,1.0,0.0,0.5,none,True,True
106941,1.0,0.0,0.5,none,True,True
106942,1.0,0.0,0.5,none,True,True
106943,1.0,0.0,0.5,none,True,True
106944,1.0,0.0,0.5,none,True,True
106945,1.0,0.0,0.5,none,True,True
106946,1.0,0.0,0.5,none,True,True
106947,1.0,0.0,0.5,none,True,True
106948,1.0,0.0,0.5,none,True,True
106949,1.0,0.0,0.5,none,True,True
106950,1.0,0.0,0.5,none,True,True
106951,1.0,0.0,0.5,none,True,True
106952,1.0,0.0,0.5,none,True,True
106953,1.0,0.0,0.5,none,True,True
106954,1.0,0.0,0.5,none,True,True
106955,1.0,0.0,0.5,none,True,True
106956,1.0,0.0,0.5,none,True,True
106957,1.0,0.0,0.5,none,True,True
106958,1.0,0.0,0.5,none,True,True
106959,1.0,0.0,0.5,none,True,True
106960,1.0,0.0,0.5,none,True,True
106961,1.0,0.0,0.5,none,True,True
106962,1.0,0.0,0.5,none,True,True
106963,1.0,0.0,0.5,none,True,True
106964,1.0,0.0,0.5,none,True,True
106965,1.0,0.0,0.5,none,True,True
106966,1.0,0.0,0.5,none,True,True
106967,1.0,0.0,0.5,none,True,True
106968,1.0,0.0,0.5,none,True,True
106969,1.0,0.0,0.5,none,True,True
106970,1.0,0.0,0.5,none,True,True
106971,1.0,0.0,0.5,none,True,True
106972,1.0,0.0,0.5,none,True,True
106973,1.0,0.0,0.5,none,True,True
106974,1.0,0.0,0.5,none,True,True
106975,1.0,0.0,0.5,none,True,True
106976,1.0,0.0,0.5,none,True,True
106977,1.0,0.0,0.5,none,True,True
106978,1.0,0.0,0.5,none,True,True
106979,1.0,0.0,0.5,none,True,True
106980,1.0,0.0,0.5,none,True,True
106981,1.0,0.0,0.5,none,True,True
106982,1.0,0.0,0.5,none,True,True
106983,1.0,0.0,0.5,none,True,True
106984,1.0,0.0,0.5,none,True,True
106985,1.0,0.0,0.5,none,True,True
106986,1.0,0.0,0.5,none,True,True
106987,1.0,0.0,0.5,none,True,True
106988,1.0,0.0,0.5,none,True,True
106989,1.0,0.0,0.5,none,True,True
106990,1.0,0.0,0.5,none,True,True
106991,1.0,0.0,0.5,none,True,True
106992,1.0,0.0,0.5,none,True,True
106993,1.0,0.0,0.5,none,True,True
106994,1.0,0.0,0.5,none,True,True
106995,1.0,0.0,0.5,none,True,True
106996,1.0,0.0,0.5,none,True,True
106997,1.0,0.0,0.5,none,True,True
106998,1.0,0.0,0.5,none,True,True
106999,1.0,0.0,0.5,none,True,True
107000,1.0,0.0,0.5,none,True,True
107001,1.0,0.0,0.5,none,True,True
107002,1.0,0.0,0.5,none,True,True
107003,1.0,0.0,0.5,none,True,True
107004,1.0,0.0,0.5,none,True,True
107005,1.0,0.0,0.5,none,True,True
107006,1.0,0.0,0.5,none,True,True
107007,1.0,0.0,0.5,none,True,True
107008,1.0,0.0,0.5,none,True,True
107009,1.0,0.0,0.5,none,True,True
107010,1.0,0.0,0.5,none,True,True
107011,1.0,0.0,0.5,none,True,True
107012,1.0,0.0,0.5,none,True,True
107013,1.0,0.0,0.5,none,True,True
107014,1.0,0.0,0.5,none,True,True
107015,1.0,0.0,0.5,none,True,True
107016,1.0,0.0,0.5,none,True,True
107017,1.0,0.0,0.5,none,True,True
107018,1.0,0.0,0.5,none,True,True
107019,1.0,0.0,0.5,none,True,True
107020,1.0,0.0,0.5,none,True,True
107021,1.0,0.0,0.5,none,True,True
107022,1.0,0.0,0.5,none,True,True
107023,1.0,0.0,0.5,none,True,True
107024,1.0,0.0,0.5,none,True,True
107025,1.0,0.0,0.5,none,True,True
107026,1.0,0.0,0.5,none,True,True
107027,1.0,0.0,0.5,none,True,True
107028,1.0,0.0,0.5,none,True,True
107029,1.0,0.0,0.5,none,True,True
107030,1.0,0.0,0.5,none,True,True
107031,1.0,0.0,0.5,none,True,True
107032,1.0,0.0,0.5,none,True,True
107033,1.0,0.0,0.5,none,True,True
107034,1.0,0.0,0.5,none,True,True
107035,1.0,0.0,0.5,none,True,True
107036,1.0,0.0,0.5,none,True,True
107037,1.0,0.0,0.5,none,True,True
107038,1.0,0.0,0.5,none,True,True
107039,1.0,0.0,0.5,none,True,True
107040,1.0,0.0,0.5,none,True,True
107041,1.0,0.0,0.5,none,True,True
107042,1.0,0.0,0.5,none,True,True
107043,1.0,0.0,0.5,none,True,True
107044,1.0,0.0,0.5,none,True,True
107045,1.0,0.0,0.5,none,True,True
107046,1.0,0.0,0.5,none,True,True
107047,1.0,0.0,0.5,none,True,True
107048,1.0,0.0,0.5,none,True,True
107049,1.0,0.0,0.5,none,True,True
107050,1.0,0.0,0.5,none,True,True
107051,1.0,0.0,0.5,none,True,True
107052,1.0,0.0,0.5,none,True,True
107053,1.0,0.0,0.5,none,True,True
107054,1.0,0.0,0.5,none,True,True
107055,1.0,0.0,0.5,none,True,True
107056,1.0,0.0,0.5,none,True,True
107057,1.0,0.0,0.5,none,True,True
107058,1.0,0.0,0.5,none,True,True
107059,1.0,0.0,0.5,none,True,True
107060,1.0,0.0,0.5,none,True,True
107061,1.0,0.0,0.5,none,True,True
107062,1.0,0.0,0.5,none,True,True
107063,1.0,0.0,0.5,none,True,True
107064,1.0,0.0,0.5,none,True,True
107065,1.0,0.0,0.5,none,True,True
107066,1.0,0.0,0.5,none,True,True
107067,1.0,0.0,0.5,none,True,True
107068,1.0,0.0,0.5,none,True,True
107069,1.0,0.0,0.5,none,True,True
107070,1.0,0.0,0.5,none,True,True
107071,1.0,0.0,0.5,none,True,True
107072,1.0,0.0,0.5,none,True,True
107073,1.0,0.0,0.5,none,True,True
107074,1.0,0.0,0.5,none,True,True
107075,1.0,0.0,0.5,none,True,True
107076,1.0,0.0,0.5,none,True,True
107077,1.0,0.0,0.5,none,True,True
107078,1.0,0.0,0.5,none,True,True
107079,1.0,0.0,0.5,none,True,True
107080,1.0,0.0,0.5,none,True,True
107081,1.0,0.0,0.5,none,True,True
107082,1.0,0.0,0.5,none,True,True
107083,1.0,0.0,0.5,none,True,True
107084,1.0,0.0,0.5,none,True,True
107085,1.0,0.0,0.5,none,True,True
107086,1.0,0.0,0.5,none,True,True
107087,1.0,0.0,0.5,none,True,True
107088,1.0,0.0,0.5,none,True,True
107089,1.0,0.0,0.5,none,True,True
107090,1.0,0.0,0.5,none,True,True
107091,1.0,0.0,0.5,none,True,True
107092,1.0,0.0,0.5,none,True,True
107093,1.0,0.0,0.5,none,True,True
107094,1.0,0.0,0.5,none,True,True
107095,1.0,0.0,0.5,none,True,True
107096,1.0,0.0,0.5,none,True,True
107097,1.0,0.0,0.5,none,True,True
107098,1.0,0.0,0.5,none,True,True
107099,1.0,0.0,0.5,none,True,True
107100,1.0,0.0061,0.5,none,True,True
107101,1.0,0.0357,0.5,none,True,True
107102,1.0,0.0812,0.5,none,True,True
107103,1.0,0.1113,0.5,none,True,True
107104,1.0,0.1253,0.5,none,True,True
107105,1.0,0.1408,0.5,none,True,True
107106,1.0,0.0907,0.5,none,True,True
107107,1.0,0.1198,0.5,none,True,True
107108,1.0,0.0467,0.5,none,True,True
107109,1.0,0.0522,0.5,none,True,True
107110,1.0,0.0405,0.5,none,True,True
107111,1.0,0.0313,0.5,none,True,True
107112,1.0,0.0083,0.5,none,True,True
107113,1.0,0.0726,0.5,none,True,True
107114,1.0,0.0793,0.5,none,True,True
107115,1.0,0.0581,0.5,none,True,True
107116,1.0,0.0955,0.5,none,True,True
107117,1.0,0.0839,0.5,none,True,True
107118,1.0,0.0648,0.5,none,True,True
107119,1.0,0.0718,0.5,none,True,True
107120,1.0,0.0589,0.5,none,True,True
107121,1.0,0.0403,0.5,none,True,True
107122,1.0,0.0327,0.5,none,True,True
107123,1.0,0.0277,0.5,none,True,True
107124,1.0,0.017,0.5,none,True,True
107125,1.0,0.0102,0.5,none,True,True
107126,1.0,0.0099,0.5,none,True,True
107127,1.0,0.008,0.5,none,True,True
107128,1.0,0.005,0.5,none,True,True
107129,1.0,0.0063,0.5,none,True,True
107130,1.0,0.009,0.5,none,True,True
107131,1.0,0.0096,0.5,none,True,True
107132,1.0,0.0108,0.5,none,True,True
107133,1.0,0.014,0.5,none,True,True
107134,1.0,0.0161,0.5,none,True,True
107135,1.0,0.0167,0.5,none,True,True
107136,1.0,0.0182,0.5,none,True,True
107137,1.0,0.0196,0.5,none,True,True
107138,1.0,0.0197,0.5,none,True,True
107139,1.0,0.0193,0.5,none,True,True
107140,1.0,0.0193,0.5,none,True,True
107141,1.0,0.0187,0.5,none,True,True
107142,1.0,0.0174,0.5,none,True,True
107143,1.0,0.0163,0.5,none,True,True
107144,1.0,0.0152,0.5,none,True,True
107145,1.0,0.0138,0.5,none,True,True
107146,1.0,0.0123,0.5,none,True,True
107147,1.0,0.0111,0.5,none,True,True
107148,1.0,0.01,0.5,none,True,True
107149,1.0,0.0088,0.5,none,True,True
107150,1.0,0.0078,0.5,none,True,True
107151,1.0,0.0071,0.5,none,True,True
107152,1.0,0.0064,0.5,none,True,True
107153,1.0,0.0057,0.5,none,True,True
107154,1.0,0.0053,0.5,none,True,True
107155,1.0,0.005,0.5,none,True,True
107156,1.0,0.0047,0.5,none,True,True
107157,1.0,0.0045,0.5,none,True,True
107158,1.0,0.0044,0.5,none,True,True
107159,1.0,0.0043,0.5,none,True,True
107160,1.0,0.0042,0.5,none,True,True
107161,1.0,0.0041,0.5,none,True,True
107162,1.0,0.004,0.5,none,True,True
107163,1.0,0.0039,0.5,none,True,True
107164,1.0,0.0038,0.5,none,True,True
107165,1.0,0.0037,0.5,none,True,True
107166,1.0,0.0035,0.5,none,True,True
107167,1.0,0.0033,0.5,none,True,True
107168,1.0,0.0032,0.5,none,True,True
107169,1.0,0.003,0.5,none,True,True
107170,1.0,0.0028,0.5,none,True,True
107171,1.0,0.0026,0.5,none,True,True
107172,1.0,0.0024,0.5,none,True,True
107173,1.0,0.0023,0.5,none,True,True
107174,1.0,0.0021,0.5,none,True,True
107175,1.0,0.0019,0.5,none,True,True
107176,1.0,0.0018,0.5,none,True,True
107177,1.0,0.0017,0.5,none,True,True
107178,1.0,0.0015,0.5,none,True,True
107179,1.0,0.0014,0.5,none,True,True
107180,1.0,0.0013,0.5,none,True,True
107181,1.0,0.0013,0.5,none,True,True
107182,1.0,0.0012,0.5,none,True,True
107183,1.0,0.0011,0.5,none,True,True
107184,1.0,0.0011,0.5,none,True,True
107185,1.0,0.001,0.5,none,True,True
107186,1.0,0.001,0.5,none,True,True
107187,1.0,0.0009,0.5,none,True,True
107188,1.0,0.0009,0.5,none,True,True
107189,1.0,0.0008,0.5,none,True,True
107190,1.0,0.0008,0.5,none,True,True
107191,1.0,0.0008,0.5,none,True,True
107192,1.0,0.0007,0.5,none,True,True
107193,1.0,0.0007,0.5,none,True,True
107194,1.0,0.0006,0.5,none,True,True
107195,1.0,0.0006,0.5,none,True,True
107196,1.0,0.0006,0.5,none,True,True
107197,1.0,0.0005,0.5,none,True,True
107198,1.0,0.0005,0.5,none,True,True
107199,1.0,0.0005,0.5,none,True,True
107200,1.0,0.0004,0.5,none,True,True
107201,1.0,0.0004,0.5,none,True,True
107202,1.0,0.0004,0.5,none,True,True
107203,1.0,0.0004,0.5,none,True,True
107204,1.0,0.0003,0.5,none,True,True
107205,1.0,0.0003,0.5,none,True,True
107206,1.0,0.0003,0.5,none,True,True
107207,1.0,0.0003,0.5,none,True,True
107208,1.0,0.0003,0.5,none,True,True
107209,1.0,0.0003,0.5,none,True,True
107210,1.0,0.0002,0.5,none,True,True
107211,1.0,0.0002,0.5,none,True,True
107212,1.0,0.0002,0.5,none,True,True
107213,1.0,0.0002,0.5,none,True,True
107214,1.0,0.0002,0.5,none,True,True
107215,1.0,0.0002,0.5,none,True,True
107216,1.0,0.0002,0.5,none,True,True
107217,1.0,0.0002,0.5,none,True,True
107218,1.0,0.0002,0.5,none,True,True
107219,1.0,0.0001,0.5,none,True,True
107220,1.0,0.0001,0.5,none,True,True
107221,1.0,0.0001,0.5,none,True,True
107222,1.0,0.0001,0.5,none,True,True
107223,1.0,0.0001,0.5,none,True,True
107224,1.0,0.0001,0.5,none,True,True
107225,1.0,0.0001,0.5,none,True,True
107226,1.0,0.0001,0.5,none,True,True
107227,1.0,0.0001,0.5,none,True,True
107228,1.0,0.0001,0.5,none,True,True
107229,1.0,0.0001,0.5,none,True,True
107230,1.0,0.0001,0.5,none,True,True
107231,1.0,0.0001,0.5,none,True,True
107232,1.0,0.0001,0.5,none,True,True
107233,1.0,0.0001,0.5,none,True,True
107234,1.0,0.0001,0.5,none,True,True
107235,1.0,0.0001,0.5,none,True,True
107236,1.0,0.0001,0.5,none,True,True
107237,1.0,0.0,0.5,none,True,True
107238,1.0,0.0,0.5,none,True,True
107239,1.0,0.0,0.5,none,True,True
107240,1.0,0.0,0.5,none,True,True
107241,1.0,0.0,0.5,none,True,True
107242,1.0,0.0,0.5,none,True,True
107243,1.0,0.0,0.5,none,True,True
107244,1.0,0.0,0.5,none,True,True
107245,1.0,0.0,0.5,none,True,True
107246,1.0,0.0,0.5,none,True,True
107247,1.0,0.0,0.5,none,True,True
107248,1.0,0.0,0.5,none,True,True
107249,1.0,0.0,0.5,none,True,True
107250,1.0,0.0,0.5,none,True,True
107251,1.0,0.0,0.5,none,True,True
107252,1.0,0.0,0.5,none,True,True
107253,1.0,0.0,0.5,none,True,True
107254,1.0,0.0,0.5,none,True,True
107255,1.0,0.0,0.5,none,True,True
107256,1.0,0.0,0.5,none,True,True
107257,1.0,0.0,0.5,none,True,True
107258,1.0,0.0,0.5,none,True,True
107259,1.0,0.0,0.5,none,True,True
107260,1.0,0.0,0.5,none,True,True
107261,1.0,0.0,0.5,none,True,True
107262,1.0,0.0,0.5,none,True,True
107263,1.0,0.0,0.5,none,True,True
107264,1.0,0.0,0.5,none,True,True
107265,1.0,0.0,0.5,none,True,True
107266,1.0,0.0,0.5,none,True,True
107267,1.0,0.0,0.5,none,True,True
107268,1.0,0.0,0.5,none,True,True
107269,1.0,0.0,0.5,none,True,True
107270,1.0,0.0,0.5,none,True,True
107271,1.0,0.0,0.5,none,True,True
107272,1.0,0.0,0.5,none,True,True
107273,1.0,0.0,0.5,none,True,True
107274,1.0,0.0,0.5,none,True,True
107275,1.0,0.0,0.5,none,True,True
107276,1.0,0.0,0.5,none,True,True
107277,1.0,0.0,0.5,none,True,True
107278,1.0,0.0,0.5,none,True,True
107279,1.0,0.0,0.5,none,True,True
107280,1.0,0.0,0.5,none,True,True
107281,1.0,0.0,0.5,none,True,True
107282,1.0,0.0,0.5,none,True,True
107283,1.0,0.0,0.5,none,True,True
107284,1.0,0.0,0.5,none,True,True
107285,1.0,0.0,0.5,none,True,True
107286,1.0,0.0,0.5,none,True,True
107287,1.0,0.0,0.5,none,True,True
107288,1.0,0.0,0.5,none,True,True
107289,1.0,0.0,0.5,none,True,True
107290,1.0,0.0,0.5,none,True,True
107291,1.0,0.0,0.5,none,True,True
107292,1.0,0.0,0.5,none,True,True
107293,1.0,0.0,0.5,none,True,True
107294,1.0,0.0,0.5,none,True,True
107295,1.0,0.0,0.5,none,True,True
107296,1.0,0.0,0.5,none,True,True
107297,1.0,0.0,0.5,none,True,True
107298,1.0,0.0,0.5,none,True,True
107299,1.0,0.0,0.5,none,True,True
107300,1.0,0.0,0.5,none,True,True
107301,1.0,0.0,0.5,none,True,True
107302,1.0,0.0,0.5,none,True,True
107303,1.0,0.0,0.5,none,True,True
107304,1.0,0.0,0.5,none,True,True
107305,1.0,0.0,0.5,none,True,True
107306,1.0,0.0,0.5,none,True,True
107307,1.0,0.0,0.5,none,True,True
107308,1.0,0.0,0.5,none,True,True
107309,1.0,0.0,0.5,none,True,True
107310,1.0,0.0,0.5,none,True,True
107311,1.0,0.0,0.5,none,True,True
107312,1.0,0.0,0.5,none,True,True
107313,1.0,0.0,0.5,none,True,True
107314,1.0,0.0,0.5,none,True,True
107315,1.0,0.0,0.5,none,True,True
107316,1.0,0.0,0.5,none,True,True
107317,1.0,0.0,0.5,none,True,True
107318,1.0,0.0,0.5,none,True,True
107319,1.0,0.0,0.5,none,True,True
107320,1.0,0.0,0.5,none,True,True
107321,1.0,0.0,0.5,none,True,True
107322,1.0,0.0,0.5,none,True,True
107323,1.0,0.0,0.5,none,True,True
107324,1.0,0.0,0.5,none,True,True
107325,1.0,0.0,0.5,none,True,True
107326,1.0,0.0,0.5,none,True,True
107327,1.0,0.0,0.5,none,True,True
107328,1.0,0.0,0.5,none,True,True
107329,1.0,0.0,0.5,none,True,True
107330,1.0,0.0,0.5,none,True,True
107331,1.0,0.0,0.5,none,True,True
107332,1.0,0.0,0.5,none,True,True
107333,1.0,0.0,0.5,none,True,True
107334,1.0,0.0,0.5,none,True,True
107335,1.0,0.0,0.5,none,True,True
107336,1.0,0.0,0.5,none,True,True
107337,1.0,0.0,0.5,none,True,True
107338,1.0,0.0,0.5,none,True,True
107339,1.0,0.0,0.5,none,True,True
107340,1.0,0.0,0.5,none,True,True
107341,1.0,0.0,0.5,none,True,True
107342,1.0,0.0,0.5,none,True,True
107343,1.0,0.0,0.5,none,True,True
107344,1.0,0.0,0.5,none,True,True
107345,1.0,0.0,0.5,none,True,True
107346,1.0,0.0,0.5,none,True,True
107347,1.0,0.0,0.5,none,True,True
107348,1.0,0.0,0.5,none,True,True
107349,1.0,0.0,0.5,none,True,True
107350,1.0,0.0,0.5,none,True,True
107351,1.0,0.0,0.5,none,True,True
107352,1.0,0.0,0.5,none,True,True
107353,1.0,0.0,0.5,none,True,True
107354,1.0,0.0,0.5,none,True,True
107355,1.0,0.0,0.5,none,True,True
107356,1.0,0.0,0.5,none,True,True
107357,1.0,0.0,0.5,none,True,True
107358,1.0,0.0,0.5,none,True,True
107359,1.0,0.0,0.5,none,True,True
107360,1.0,0.0,0.5,none,True,True
107361,1.0,0.0,0.5,none,True,True
107362,1.0,0.0,0.5,none,True,True
107363,1.0,0.0,0.5,none,True,True
107364,1.0,0.0,0.5,none,True,True
107365,1.0,0.0,0.5,none,True,True
107366,1.0,0.0,0.5,none,True,True
107367,1.0,0.0,0.5,none,True,True
107368,1.0,0.0,0.5,none,True,True
107369,1.0,0.0,0.5,none,True,True
107370,1.0,0.0,0.5,none,True,True
107371,1.0,0.0,0.5,none,True,True
107372,1.0,0.0,0.5,none,True,True
107373,1.0,0.0,0.5,none,True,True
107374,1.0,0.0,0.5,none,True,True
107375,1.0,0.0,0.5,none,True,True
107376,1.0,0.0,0.5,none,True,True
107377,1.0,0.0,0.5,none,True,True
107378,1.0,0.0,0.5,none,True,True
107379,1.0,0.0,0.5,none,True,True
107380,1.0,0.0,0.5,none,True,True
107381,1.0,0.0,0.5,none,True,True
107382,1.0,0.0,0.5,none,True,True
107383,1.0,0.0,0.5,none,True,True
107384,1.0,0.0,0.5,none,True,True
107385,1.0,0.0,0.5,none,True,True
107386,1.0,0.0,0.5,none,True,True
107387,1.0,0.0,0.5,none,True,True
107388,1.0,0.0,0.5,none,True,True
107389,1.0,0.0,0.5,none,True,True
107390,1.0,0.0,0.5,none,True,True
107391,1.0,0.0,0.5,none,True,True
107392,1.0,0.0,0.5,none,True,True
107393,1.0,0.0,0.5,none,True,True
107394,1.0,0.0,0.5,none,True,True
107395,1.0,0.0,0.5,none,True,True
107396,1.0,0.0,0.5,none,True,True
107397,1.0,0.0,0.5,none,True,True
107398,1.0,0.0,0.5,none,True,True
107399,1.0,0.0,0.5,none,True,True
107400,1.0,0.0,0.5,none,True,True
107401,1.0,0.0,0.5,none,True,True
107402,1.0,0.0,0.5,none,True,True
107403,1.0,0.0,0.5,none,True,True
107404,1.0,0.0,0.5,none,True,True
107405,1.0,0.0,0.5,none,True,True
107406,1.0,0.0,0.5,none,True,True
107407,1.0,0.0,0.5,none,True,True
107408,1.0,0.0,0.5,none,True,True
107409,1.0,0.0,0.5,none,True,True
107410,1.0,0.0,0.5,none,True,True
107411,1.0,0.0,0.5,none,True,True
107412,1.0,0.0,0.5,none,True,True
107413,1.0,0.0,0.5,none,True,True
107414,1.0,0.0,0.5,none,True,True
107415,1.0,0.0,0.5,none,True,True
107416,1.0,0.0,0.5,none,True,True
107417,1.0,0.0,0.5,none,True,True
107418,1.0,0.0,0.5,none,True,True
107419,1.0,0.0,0.5,none,True,True
107420,1.0,0.0,0.5,none,True,True
107421,1.0,0.0,0.5,none,True,True
107422,1.0,0.0,0.5,none,True,True
107423,1.0,0.0,0.5,none,True,True
107424,1.0,0.0,0.5,none,True,True
107425,1.0,0.0,0.5,none,True,True
107426,1.0,0.0,0.5,none,True,True
107427,1.0,0.0,0.5,none,True,True
107428,1.0,0.0,0.5,none,True,True
107429,1.0,0.0,0.5,none,True,True
107430,1.0,0.0,0.5,none,True,True
107431,1.0,0.0,0.5,none,True,True
107432,1.0,0.0,0.5,none,True,True
107433,1.0,0.0,0.5,none,True,True
107434,1.0,0.0,0.5,none,True,True
107435,1.0,0.0,0.5,none,True,True
107436,1.0,0.0,0.5,none,True,True
107437,1.0,0.0,0.5,none,True,True
107438,1.0,0.0,0.5,none,True,True
107439,1.0,0.0,0.5,none,True,True
107440,1.0,0.0,0.5,none,True,True
107441,1.0,0.0,0.5,none,True,True
107442,1.0,0.0,0.5,none,True,True
107443,1.0,0.0,0.5,none,True,True
107444,1.0,0.0,0.5,none,True,True
107445,1.0,0.0,0.5,none,True,True
107446,1.0,0.0,0.5,none,True,True
107447,1.0,0.0,0.5,none,True,True
107448,1.0,0.0,0.5,none,True,True
107449,1.0,0.0,0.5,none,True,True
107450,1.0,0.0,0.5,none,True,True
107451,1.0,0.0,0.5,none,True,True
107452,1.0,0.0,0.5,none,True,True
107453,1.0,0.0,0.5,none,True,True
107454,1.0,0.0,0.5,none,True,True
107455,1.0,0.0,0.5,none,True,True
107456,1.0,0.0,0.5,none,True,True
107457,1.0,0.0,0.5,none,True,True
107458,1.0,0.0,0.5,none,True,True
107459,1.0,0.0,0.5,none,True,True
107460,1.0,0.0,0.5,none,True,True
107461,1.0,0.0,0.5,none,True,True
107462,1.0,0.0,0.5,none,True,True
107463,1.0,0.0,0.5,none,True,True
107464,1.0,0.0,0.5,none,True,True
107465,1.0,0.0,0.5,none,True,True
107466,1.0,0.0,0.5,none,True,True
107467,1.0,0.0,0.5,none,True,True
107468,1.0,0.0,0.5,none,True,True
107469,1.0,0.0,0.5,none,True,True
107470,1.0,0.0,0.5,none,True,True
107471,1.0,0.0,0.5,none,True,True
107472,1.0,0.0,0.5,none,True,True
107473,1.0,0.0,0.5,none,True,True
107474,1.0,0.0,0.5,none,True,True
107475,1.0,0.0,0.5,none,True,True
107476,1.0,0.0,0.5,none,True,True
107477,1.0,0.0,0.5,none,True,True
107478,1.0,0.0,0.5,none,True,True
107479,1.0,0.0,0.5,none,True,True
107480,1.0,0.0,0.5,none,True,True
107481,1.0,0.0,0.5,none,True,True
107482,1.0,0.0,0.5,none,True,True
107483,1.0,0.0,0.5,none,True,True
107484,1.0,0.0,0.5,none,True,True
107485,1.0,0.0,0.5,none,True,True
107486,1.0,0.0,0.5,none,True,True
107487,1.0,0.0,0.5,none,True,True
107488,1.0,0.0,0.5,none,True,True
107489,1.0,0.0,0.5,none,True,True
107490,1.0,0.0,0.5,none,True,True
107491,1.0,0.0,0.5,none,True,True
107492,1.0,0.0,0.5,none,True,True
107493,1.0,0.0,0.5,none,True,True
107494,1.0,0.0,0.5,none,True,True
107495,1.0,0.0,0.5,none,True,True
107496,1.0,0.0,0.5,none,True,True
107497,1.0,0.0,0.5,none,True,True
107498,1.0,0.0,0.5,none,True,True
107499,1.0,0.0,0.5,none,True,True
107500,1.0,0.0,0.5,none,True,True
107501,1.0,0.0,0.5,none,True,True
107502,1.0,0.0,0.5,none,True,True
107503,1.0,0.0,0.5,none,True,True
107504,1.0,0.0,0.5,none,True,True
107505,1.0,0.0,0.5,none,True,True
107506,1.0,0.0,0.5,none,True,True
107507,1.0,0.0,0.5,none,True,True
107508,1.0,0.0,0.5,none,True,True
107509,1.0,0.0,0.5,none,True,True
107510,1.0,0.0,0.5,none,True,True
107511,1.0,0.0,0.5,none,True,True
107512,1.0,0.0,0.5,none,True,True
107513,1.0,0.0,0.5,none,True,True
107514,1.0,0.0,0.5,none,True,True
107515,1.0,0.0,0.5,none,True,True
107516,1.0,0.0,0.5,none,True,True
107517,1.0,0.0,0.5,none,True,True
107518,1.0,0.0,0.5,none,True,True
107519,1.0,0.0,0.5,none,True,True
107520,1.0,0.0,0.5,none,True,True
107521,1.0,0.0,0.5,none,True,True
107522,1.0,0.0,0.5,none,True,True
107523,1.0,0.0,0.5,none,True,True
107524,1.0,0.0,0.5,none,True,True
107525,1.0,0.0,0.5,none,True,True
107526,1.0,0.0,0.5,none,True,True
107527,1.0,0.0,0.5,none,True,True
107528,1.0,0.0,0.5,none,True,True
107529,1.0,0.0,0.5,none,True,True
107530,1.0,0.0,0.5,none,True,True
107531,1.0,0.0,0.5,none,True,True
107532,1.0,0.0,0.5,none,True,True
107533,1.0,0.0,0.5,none,True,True
107534,1.0,0.0,0.5,none,True,True
107535,1.0,0.0,0.5,none,True,True
107536,1.0,0.0,0.5,none,True,True
107537,1.0,0.0,0.5,none,True,True
107538,1.0,0.0,0.5,none,True,True
107539,1.0,0.0,0.5,none,True,True
107540,1.0,0.0,0.5,none,True,True
107541,1.0,0.0,0.5,none,True,True
107542,1.0,0.0,0.5,none,True,True
107543,1.0,0.0,0.5,none,True,True
107544,1.0,0.0,0.5,none,True,True
107545,1.0,0.0,0.5,none,True,True
107546,1.0,0.0,0.5,none,True,True
107547,1.0,0.0,0.5,none,True,True
107548,1.0,0.0,0.5,none,True,True
107549,1.0,0.0,0.5,none,True,True
107550,1.0,0.0,0.5,none,True,True
107551,1.0,0.0,0.5,none,True,True
107552,1.0,0.0,0.5,none,True,True
107553,1.0,0.0,0.5,none,True,True
107554,1.0,0.0,0.5,none,True,True
107555,1.0,0.0,0.5,none,True,True
107556,1.0,0.0,0.5,none,True,True
107557,1.0,0.0,0.5,none,True,True
107558,1.0,0.0,0.5,none,True,True
107559,1.0,0.0,0.5,none,True,True
107560,1.0,0.0,0.5,none,True,True
107561,1.0,0.0,0.5,none,True,True
107562,1.0,0.0,0.5,none,True,True
107563,1.0,0.0,0.5,none,True,True
107564,1.0,0.0,0.5,none,True,True
107565,1.0,0.0,0.5,none,True,True
107566,1.0,0.0,0.5,none,True,True
107567,1.0,0.0,0.5,none,True,True
107568,1.0,0.0,0.5,none,True,True
107569,1.0,0.0,0.5,none,True,True
107570,1.0,0.0,0.5,none,True,True
107571,1.0,0.0,0.5,none,True,True
107572,1.0,0.0,0.5,none,True,True
107573,1.0,0.0,0.5,none,True,True
107574,1.0,0.0,0.5,none,True,True
107575,1.0,0.0,0.5,none,True,True
107576,1.0,0.0,0.5,none,True,True
107577,1.0,0.0,0.5,none,True,True
107578,1.0,0.0,0.5,none,True,True
107579,1.0,0.0,0.5,none,True,True
107580,1.0,0.0,0.5,none,True,True
107581,1.0,0.0,0.5,none,True,True
107582,1.0,0.0,0.5,none,True,True
107583,1.0,0.0,0.5,none,True,True
107584,1.0,0.0,0.5,none,True,True
107585,1.0,0.0,0.5,none,True,True
107586,1.0,0.0,0.5,none,True,True
107587,1.0,0.0,0.5,none,True,True
107588,1.0,0.0,0.5,none,True,True
107589,1.0,0.0,0.5,none,True,True
107590,1.0,0.0,0.5,none,True,True
107591,1.0,0.0,0.5,none,True,True
107592,1.0,0.0,0.5,none,True,True
107593,1.0,0.0,0.5,none,True,True
107594,1.0,0.0,0.5,none,True,True
107595,1.0,0.0,0.5,none,True,True
107596,1.0,0.0,0.5,none,True,True
107597,1.0,0.0,0.5,none,True,True
107598,1.0,0.0,0.5,none,True,True
107599,1.0,0.0,0.5,none,True,True
107600,1.0,0.0,0.5,none,True,True
107601,1.0,0.0,0.5,none,True,True
107602,1.0,0.0,0.5,none,True,True
107603,1.0,0.0,0.5,none,True,True
107604,1.0,0.0,0.5,none,True,True
107605,1.0,0.0,0.5,none,True,True
107606,1.0,0.0,0.5,none,True,True
107607,1.0,0.0,0.5,none,True,True
107608,1.0,0.0,0.5,none,True,True
107609,1.0,0.0,0.5,none,True,True
107610,1.0,0.0,0.5,none,True,True
107611,1.0,0.0,0.5,none,True,True
107612,1.0,0.0,0.5,none,True,True
107613,1.0,0.0,0.5,none,True,True
107614,1.0,0.0,0.5,none,True,True
107615,1.0,0.0,0.5,none,True,True
107616,1.0,0.0,0.5,none,True,True
107617,1.0,0.0,0.5,none,True,True
107618,1.0,0.0,0.5,none,True,True
107619,1.0,0.0,0.5,none,True,True
107620,1.0,0.0,0.5,none,True,True
107621,1.0,0.0,0.5,none,True,True
107622,1.0,0.0,0.5,none,True,True
107623,1.0,0.0,0.5,none,True,True
107624,1.0,0.0,0.5,none,True,True
107625,1.0,0.0,0.5,none,True,True
107626,1.0,0.0,0.5,none,True,True
107627,1.0,0.0,0.5,none,True,True
107628,1.0,0.0,0.5,none,True,True
107629,1.0,0.0,0.5,none,True,True
107630,1.0,0.0,0.5,none,True,True
107631,1.0,0.0,0.5,none,True,True
107632,1.0,0.0,0.5,none,True,True
107633,1.0,0.0,0.5,none,True,True
107634,1.0,0.0,0.5,none,True,True
107635,1.0,0.0,0.5,none,True,True
107636,1.0,0.0,0.5,none,True,True
107637,1.0,0.0,0.5,none,True,True
107638,1.0,0.0,0.5,none,True,True
107639,1.0,0.0,0.5,none,True,True
107640,1.0,0.0,0.5,none,True,True
107641,1.0,0.0,0.5,none,True,True
107642,1.0,0.0,0.5,none,True,True
107643,1.0,0.0,0.5,none,True,True
107644,1.0,0.0,0.5,none,True,True
107645,1.0,0.0,0.5,none,True,True
107646,1.0,0.0,0.5,none,True,True
107647,1.0,0.0,0.5,none,True,True
107648,1.0,0.0,0.5,none,True,True
107649,1.0,0.0,0.5,none,True,True
107650,1.0,0.0,0.5,none,True,True
107651,1.0,0.0,0.5,none,True,True
107652,1.0,0.0,0.5,none,True,True
107653,1.0,0.0,0.5,none,True,True
107654,1.0,0.0,0.5,none,True,True
107655,1.0,0.0,0.5,none,True,True
107656,1.0,0.0,0.5,none,True,True
107657,1.0,0.0,0.5,none,True,True
107658,1.0,0.0,0.5,none,True,True
107659,1.0,0.0,0.5,none,True,True
107660,1.0,0.0,0.5,none,True,True
107661,1.0,0.0,0.5,none,True,True
107662,1.0,0.0,0.5,none,True,True
107663,1.0,0.0,0.5,none,True,True
107664,1.0,0.0,0.5,none,True,True
107665,1.0,0.0,0.5,none,True,True
107666,1.0,0.0,0.5,none,True,True
107667,1.0,0.0,0.5,none,True,True
107668,1.0,0.0,0.5,none,True,True
107669,1.0,0.0,0.5,none,True,True
107670,1.0,0.0,0.5,none,True,True
107671,1.0,0.0,0.5,none,True,True
107672,1.0,0.0,0.5,none,True,True
107673,1.0,0.0,0.5,none,True,True
107674,1.0,0.0,0.5,none,True,True
107675,1.0,0.0,0.5,none,True,True
107676,1.0,0.0,0.5,none,True,True
107677,1.0,0.0,0.5,none,True,True
107678,1.0,0.0,0.5,none,True,True
107679,1.0,0.0,0.5,none,True,True
107680,1.0,0.0,0.5,none,True,True
107681,1.0,0.0,0.5,none,True,True
107682,1.0,0.0,0.5,none,True,True
107683,1.0,0.0,0.5,none,True,True
107684,1.0,0.0,0.5,none,True,True
107685,1.0,0.0,0.5,none,True,True
107686,1.0,0.0,0.5,none,True,True
107687,1.0,0.0,0.5,none,True,True
107688,1.0,0.0,0.5,none,True,True
107689,1.0,0.0,0.5,none,True,True
107690,1.0,0.0,0.5,none,True,True
107691,1.0,0.0,0.5,none,True,True
107692,1.0,0.0,0.5,none,True,True
107693,1.0,0.0,0.5,none,True,True
107694,1.0,0.0,0.5,none,True,True
107695,1.0,0.0,0.5,none,True,True
107696,1.0,0.0,0.5,none,True,True
107697,1.0,0.0,0.5,none,True,True
107698,1.0,0.0,0.5,none,True,True
107699,1.0,0.0,0.5,none,True,True
107700,1.0,0.0,0.5,none,True,True
107701,1.0,0.0,0.5,none,True,True
107702,1.0,0.0,0.5,none,True,True
107703,1.0,0.0,0.5,none,True,True
107704,1.0,0.0,0.5,none,True,True
107705,1.0,0.0,0.5,none,True,True
107706,1.0,0.0,0.5,none,True,True
107707,1.0,0.0,0.5,none,True,True
107708,1.0,0.0,0.5,none,True,True
107709,1.0,0.0,0.5,none,True,True
107710,1.0,0.0,0.5,none,True,True
107711,1.0,0.0,0.5,none,True,True
107712,1.0,0.0,0.5,none,True,True
107713,1.0,0.0,0.5,none,True,True
107714,1.0,0.0,0.5,none,True,True
107715,1.0,0.0,0.5,none,True,True
107716,1.0,0.0,0.5,none,True,True
107717,1.0,0.0,0.5,none,True,True
107718,1.0,0.0,0.5,none,True,True
107719,1.0,0.0,0.5,none,True,True
107720,1.0,0.0,0.5,none,True,True
107721,1.0,0.0,0.5,none,True,True
107722,1.0,0.0,0.5,none,True,True
107723,1.0,0.0,0.5,none,True,True
107724,1.0,0.0,0.5,none,True,True
107725,1.0,0.0,0.5,none,True,True
107726,1.0,0.0,0.5,none,True,True
107727,1.0,0.0,0.5,none,True,True
107728,1.0,0.0,0.5,none,True,True
107729,1.0,0.0,0.5,none,True,True
107730,1.0,0.0,0.5,none,True,True
107731,1.0,0.0,0.5,none,True,True
107732,1.0,0.0,0.5,none,True,True
107733,1.0,0.0,0.5,none,True,True
107734,1.0,0.0,0.5,none,True,True
107735,1.0,0.0,0.5,none,True,True
107736,1.0,0.0,0.5,none,True,True
107737,1.0,0.0,0.5,none,True,True
107738,1.0,0.0,0.5,none,True,True
107739,1.0,0.0,0.5,none,True,True
107740,1.0,0.0,0.5,none,True,True
107741,1.0,0.0,0.5,none,True,True
107742,1.0,0.0,0.5,none,True,True
107743,1.0,0.0,0.5,none,True,True
107744,1.0,0.0,0.5,none,True,True
107745,1.0,0.0,0.5,none,True,True
107746,1.0,0.0,0.5,none,True,True
107747,1.0,0.0,0.5,none,True,True
107748,1.0,0.0,0.5,none,True,True
107749,1.0,0.0,0.5,none,True,True
107750,1.0,0.0,0.5,none,True,True
107751,1.0,0.0,0.5,none,True,True
107752,1.0,0.0,0.5,none,True,True
107753,1.0,0.0,0.5,none,True,True
107754,1.0,0.0,0.5,none,True,True
107755,1.0,0.0,0.5,none,True,True
107756,1.0,0.0,0.5,none,True,True
107757,1.0,0.0,0.5,none,True,True
107758,1.0,0.0,0.5,none,True,True
107759,1.0,0.0,0.5,none,True,True
107760,1.0,0.0,0.5,none,True,True
107761,1.0,0.0,0.5,none,True,True
107762,1.0,0.0,0.5,none,True,True
107763,1.0,0.0,0.5,none,True,True
107764,1.0,0.0,0.5,none,True,True
107765,1.0,0.0,0.5,none,True,True
107766,1.0,0.0,0.5,none,True,True
107767,1.0,0.0,0.5,none,True,True
107768,1.0,0.0,0.5,none,True,True
107769,1.0,0.0,0.5,none,True,True
107770,1.0,0.0,0.5,none,True,True
107771,1.0,0.0,0.5,none,True,True
107772,1.0,0.0,0.5,none,True,True
107773,1.0,0.0,0.5,none,True,True
107774,1.0,0.0,0.5,none,True,True
107775,1.0,0.0,0.5,none,True,True
107776,1.0,0.0,0.5,none,True,True
107777,1.0,0.0,0.5,none,True,True
107778,1.0,0.0,0.5,none,True,True
107779,1.0,0.0,0.5,none,True,True
107780,1.0,0.0,0.5,none,True,True
107781,1.0,0.0,0.5,none,True,True
107782,1.0,0.0,0.5,none,True,True
107783,1.0,0.0,0.5,none,True,True
107784,1.0,0.0,0.5,none,True,True
107785,1.0,0.0,0.5,none,True,True
107786,1.0,0.0,0.5,none,True,True
107787,1.0,0.0,0.5,none,True,True
107788,1.0,0.0,0.5,none,True,True
107789,1.0,0.0,0.5,none,True,True
107790,1.0,0.0,0.5,none,True,True
107791,1.0,0.0,0.5,none,True,True
107792,1.0,0.0,0.5,none,True,True
107793,1.0,0.0,0.5,none,True,True
107794,1.0,0.0,0.5,none,True,True
107795,1.0,0.0,0.5,none,True,True
107796,1.0,0.0,0.5,none,True,True
107797,1.0,0.0,0.5,none,True,True
107798,1.0,0.0,0.5,none,True,True
107799,1.0,0.0,0.5,none,True,True
107800,1.0,0.0061,0.5,none,True,True
107801,1.0,0.0357,0.5,none,True,True
107802,1.0,0.0812,0.5,none,True,True
107803,1.0,0.1113,0.5,none,True,True
107804,1.0,0.1253,0.5,none,True,True
107805,1.0,0.1408,0.5,none,True,True
107806,1.0,0.0907,0.5,none,True,True
107807,1.0,0.1198,0.5,none,True,True
107808,1.0,0.0467,0.5,none,True,True
107809,1.0,0.0522,0.5,none,True,True
107810,1.0,0.0405,0.5,none,True,True
107811,1.0,0.0313,0.5,none,True,True
107812,1.0,0.0083,0.5,none,True,True
107813,1.0,0.0726,0.5,none,True,True
107814,1.0,0.0793,0.5,none,True,True
107815,1.0,0.0581,0.5,none,True,True
107816,1.0,0.0955,0.5,none,True,True
107817,1.0,0.0839,0.5,none,True,True
107818,1.0,0.0648,0.5,none,True,True
107819,1.0,0.0718,0.5,none,True,True
107820,1.0,0.0589,0.5,none,True,True
107821,1.0,0.0403,0.5,none,True,True
107822,1.0,0.0327,0.5,none,True,True
107823,1.0,0.0277,0.5,none,True,True
107824,1.0,0.017,0.5,none,True,True
107825,1.0,0.0102,0.5,none,True,True
107826,1.0,0.0099,0.5,none,True,True
107827,1.0,0.008,0.5,none,True,True
107828,1.0,0.005,0.5,none,True,True
107829,1.0,0.0063,0.5,none,True,True
107830,1.0,0.009,0.5,none,True,True
107831,1.0,0.0096,0.5,none,True,True
107832,1.0,0.0108,0.5,none,True,True
107833,1.0,0.014,0.5,none,True,True
107834,1.0,0.0161,0.5,none,True,True
107835,1.0,0.0167,0.5,none,True,True
107836,1.0,0.0182,0.5,none,True,True
107837,1.0,0.0196,0.5,none,True,True
107838,1.0,0.0197,0.5,none,True,True
107839,1.0,0.0193,0.5,none,True,True
107840,1.0,0.0193,0.5,none,True,True
107841,1.0,0.0187,0.5,none,True,True
107842,1.0,0.0174,0.5,none,True,True
107843,1.0,0.0163,0.5,none,True,True
107844,1.0,0.0152,0.5,none,True,True
107845,1.0,0.0138,0.5,none,True,True
107846,1.0,0.0123,0.5,none,True,True
107847,1.0,0.0111,0.5,none,True,True
107848,1.0,0.01,0.5,none,True,True
107849,1.0,0.0088,0.5,none,True,True
107850,1.0,0.0078,0.5,none,True,True
107851,1.0,0.0071,0.5,none,True,True
107852,1.0,0.0064,0.5,none,True,True
107853,1.0,0.0057,0.5,none,True,True
107854,1.0,0.0053,0.5,none,True,True
107855,1.0,0.005,0.5,none,True,True
107856,1.0,0.0047,0.5,none,True,True
107857,1.0,0.0045,0.5,none,True,True
107858,1.0,0.0044,0.5,none,True,True
107859,1.0,0.0043,0.5,none,True,True
107860,1.0,0.0042,0.5,none,True,True
107861,1.0,0.0041,0.5,none,True,True
107862,1.0,0.004,0.5,none,True,True
107863,1.0,0.0039,0.5,none,True,True
107864,1.0,0.0038,0.5,none,True,True
107865,1.0,0.0037,0.5,none,True,True
107866,1.0,0.0035,0.5,none,True,True
107867,1.0,0.0033,0.5,none,True,True
107868,1.0,0.0032,0.5,none,True,True
107869,1.0,0.003,0.5,none,True,True
107870,1.0,0.0028,0.5,none,True,True
107871,1.0,0.0026,0.5,none,True,True
107872,1.0,0.0024,0.5,none,True,True
107873,1.0,0.0023,0.5,none,True,True
107874,1.0,0.0021,0.5,none,True,True
107875,1.0,0.0019,0.5,none,True,True
107876,1.0,0.0018,0.5,none,True,True
107877,1.0,0.0017,0.5,none,True,True
107878,1.0,0.0015,0.5,none,True,True
107879,1.0,0.0014,0.5,none,True,True
107880,1.0,0.0013,0.5,none,True,True
107881,1.0,0.0013,0.5,none,True,True
107882,1.0,0.0012,0.5,none,True,True
107883,1.0,0.0011,0.5,none,True,True
107884,1.0,0.0011,0.5,none,True,True
107885,1.0,0.001,0.5,none,True,True
107886,1.0,0.001,0.5,none,True,True
107887,1.0,0.0009,0.5,none,True,True
107888,1.0,0.0009,0.5,none,True,True
107889,1.0,0.0008,0.5,none,True,True
107890,1.0,0.0008,0.5,none,True,True
107891,1.0,0.0008,0.5,none,True,True
107892,1.0,0.0007,0.5,none,True,True
107893,1.0,0.0007,0.5,none,True,True
107894,1.0,0.0006,0.5,none,True,True
107895,1.0,0.0006,0.5,none,True,True
107896,1.0,0.0006,0.5,none,True,True
107897,1.0,0.0005,0.5,none,True,True
107898,1.0,0.0005,0.5,none,True,True
107899,1.0,0.0005,0.5,none,True,True
107900,1.0,0.0004,0.5,none,True,True
107901,1.0,0.0004,0.5,none,True,True
107902,1.0,0.0004,0.5,none,True,True
107903,1.0,0.0004,0.5,none,True,True
107904,1.0,0.0003,0.5,none,True,True
107905,1.0,0.0003,0.5,none,True,True
107906,1.0,0.0003,0.5,none,True,True
107907,1.0,0.0003,0.5,none,True,True
107908,1.0,0.0003,0.5,none,True,True
107909,1.0,0.0003,0.5,none,True,True
107910,1.0,0.0002,0.5,none,True,True
107911,1.0,0.0002,0.5,none,True,True
107912,1.0,0.0002,0.5,none,True,True
107913,1.0,0.0002,0.5,none,True,True
107914,1.0,0.0002,0.5,none,True,True
107915,1.0,0.0002,0.5,none,True,True
107916,1.0,0.0002,0.5,none,True,True
107917,1.0,0.0002,0.5,none,True,True
107918,1.0,0.0002,0.5,none,True,True
107919,1.0,0.0001,0.5,none,True,True
107920,1.0,0.0001,0.5,none,True,True
107921,1.0,0.0001,0.5,none,True,True
107922,1.0,0.0001,0.5,none,True,True
107923,1.0,0.0001,0.5,none,True,True
107924,1.0,0.0001,0.5,none,True,True
107925,1.0,0.0001,0.5,none,True,True
107926,1.0,0.0001,0.5,none,True,True
107927,1.0,0.0001,0.5,none,True,True
107928,1.0,0.0001,0.5,none,True,True
107929,1.0,0.0001,0.5,none,True,True
107930,1.0,0.0001,0.5,none,True,True
107931,1.0,0.0001,0.5,none,True,True
107932,1.0,0.0001,0.5,none,True,True
107933,1.0,0.0001,0.5,none,True,True
107934,1.0,0.0001,0.5,none,True,True
107935,1.0,0.0001,0.5,none,True,True
107936,1.0,0.0001,0.5,none,True,True
107937,1.0,0.0,0.5,none,True,True
107938,1.0,0.0,0.5,none,True,True
107939,1.0,0.0,0.5,none,True,True
107940,1.0,0.0,0.5,none,True,True
107941,1.0,0.0,0.5,none,True,True
107942,1.0,0.0,0.5,none,True,True
107943,1.0,0.0,0.5,none,True,True
107944,1.0,0.0,0.5,none,True,True
107945,1.0,0.0,0.5,none,True,True
107946,1.0,0.0,0.5,none,True,True
107947,1.0,0.0,0.5,none,True,True
107948,1.0,0.0,0.5,none,True,True
107949,1.0,0.0,0.5,none,True,True
107950,1.0,0.0,0.5,none,True,True
107951,1.0,0.0,0.5,none,True,True
107952,1.0,0.0,0.5,none,True,True
107953,1.0,0.0,0.5,none,True,True
107954,1.0,0.0,0.5,none,True,True
107955,1.0,0.0,0.5,none,True,True
107956,1.0,0.0,0.5,none,True,True
107957,1.0,0.0,0.5,none,True,True
107958,1.0,0.0,0.5,none,True,True
107959,1.0,0.0,0.5,none,True,True
107960,1.0,0.0,0.5,none,True,True
107961,1.0,0.0,0.5,none,True,True
107962,1.0,0.0,0.5,none,True,True
107963,1.0,0.0,0.5,none,True,True
107964,1.0,0.0,0.5,none,True,True
107965,1.0,0.0,0.5,none,True,True
107966,1.0,0.0,0.5,none,True,True
107967,1.0,0.0,0.5,none,True,True
107968,1.0,0.0,0.5,none,True,True
107969,1.0,0.0,0.5,none,True,True
107970,1.0,0.0,0.5,none,True,True
107971,1.0,0.0,0.5,none,True,True
107972,1.0,0.0,0.5,none,True,True
107973,1.0,0.0,0.5,none,True,True
107974,1.0,0.0,0.5,none,True,True
107975,1.0,0.0,0.5,none,True,True
107976,1.0,0.0,0.5,none,True,True
107977,1.0,0.0,0.5,none,True,True
107978,1.0,0.0,0.5,none,True,True
107979,1.0,0.0,0.5,none,True,True
107980,1.0,0.0,0.5,none,True,True
107981,1.0,0.0,0.5,none,True,True
107982,1.0,0.0,0.5,none,True,True
107983,1.0,0.0,0.5,none,True,True
107984,1.0,0.0,0.5,none,True,True
107985,1.0,0.0,0.5,none,True,True
107986,1.0,0.0,0.5,none,True,True
107987,1.0,0.0,0.5,none,True,True
107988,1.0,0.0,0.5,none,True,True
107989,1.0,0.0,0.5,none,True,True
107990,1.0,0.0,0.5,none,True,True
107991,1.0,0.0,0.5,none,True,True
107992,1.0,0.0,0.5,none,True,True
107993,1.0,0.0,0.5,none,True,True
107994,1.0,0.0,0.5,none,True,True
107995,1.0,0.0,0.5,none,True,True
107996,1.0,0.0,0.5,none,True,True
107997,1.0,0.0,0.5,none,True,True
107998,1.0,0.0,0.5,none,True,True
107999,1.0,0.0,0.5,none,True,True
108000,1.0,0.0,0.5,none,True,True
108001,1.0,0.0,0.5,none,True,True
108002,1.0,0.0,0.5,none,True,True
108003,1.0,0.0,0.5,none,True,True
108004,1.0,0.0,0.5,none,True,True
108005,1.0,0.0,0.5,none,True,True
108006,1.0,0.0,0.5,none,True,True
108007,1.0,0.0,0.5,none,True,True
108008,1.0,0.0,0.5,none,True,True
108009,1.0,0.0,0.5,none,True,True
108010,1.0,0.0,0.5,none,True,True
108011,1.0,0.0,0.5,none,True,True
108012,1.0,0.0,0.5,none,True,True
108013,1.0,0.0,0.5,none,True,True
108014,1.0,0.0,0.5,none,True,True
108015,1.0,0.0,0.5,none,True,True
108016,1.0,0.0,0.5,none,True,True
108017,1.0,0.0,0.5,none,True,True
108018,1.0,0.0,0.5,none,True,True
108019,1.0,0.0,0.5,none,True,True
108020,1.0,0.0,0.5,none,True,True
108021,1.0,0.0,0.5,none,True,True
108022,1.0,0.0,0.5,none,True,True
108023,1.0,0.0,0.5,none,True,True
108024,1.0,0.0,0.5,none,True,True
108025,1.0,0.0,0.5,none,True,True
108026,1.0,0.0,0.5,none,True,True
108027,1.0,0.0,0.5,none,True,True
108028,1.0,0.0,0.5,none,True,True
108029,1.0,0.0,0.5,none,True,True
108030,1.0,0.0,0.5,none,True,True
108031,1.0,0.0,0.5,none,True,True
108032,1.0,0.0,0.5,none,True,True
108033,1.0,0.0,0.5,none,True,True
108034,1.0,0.0,0.5,none,True,True
108035,1.0,0.0,0.5,none,True,True
108036,1.0,0.0,0.5,none,True,True
108037,1.0,0.0,0.5,none,True,True
108038,1.0,0.0,0.5,none,True,True
108039,1.0,0.0,0.5,none,True,True
108040,1.0,0.0,0.5,none,True,True
108041,1.0,0.0,0.5,none,True,True
108042,1.0,0.0,0.5,none,True,True
108043,1.0,0.0,0.5,none,True,True
108044,1.0,0.0,0.5,none,True,True
108045,1.0,0.0,0.5,none,True,True
108046,1.0,0.0,0.5,none,True,True
108047,1.0,0.0,0.5,none,True,True
108048,1.0,0.0,0.5,none,True,True
108049,1.0,0.0,0.5,none,True,True
108050,1.0,0.0,0.5,none,True,True
108051,1.0,0.0,0.5,none,True,True
108052,1.0,0.0,0.5,none,True,True
108053,1.0,0.0,0.5,none,True,True
108054,1.0,0.0,0.5,none,True,True
108055,1.0,0.0,0.5,none,True,True
108056,1.0,0.0,0.5,none,True,True
108057,1.0,0.0,0.5,none,True,True
108058,1.0,0.0,0.5,none,True,True
108059,1.0,0.0,0.5,none,True,True
108060,1.0,0.0,0.5,none,True,True
108061,1.0,0.0,0.5,none,True,True
108062,1.0,0.0,0.5,none,True,True
108063,1.0,0.0,0.5,none,True,True
108064,1.0,0.0,0.5,none,True,True
108065,1.0,0.0,0.5,none,True,True
108066,1.0,0.0,0.5,none,True,True
108067,1.0,0.0,0.5,none,True,True
108068,1.0,0.0,0.5,none,True,True
108069,1.0,0.0,0.5,none,True,True
108070,1.0,0.0,0.5,none,True,True
108071,1.0,0.0,0.5,none,True,True
108072,1.0,0.0,0.5,none,True,True
108073,1.0,0.0,0.5,none,True,True
108074,1.0,0.0,0.5,none,True,True
108075,1.0,0.0,0.5,none,True,True
108076,1.0,0.0,0.5,none,True,True
108077,1.0,0.0,0.5,none,True,True
108078,1.0,0.0,0.5,none,True,True
108079,1.0,0.0,0.5,none,True,True
108080,1.0,0.0,0.5,none,True,True
108081,1.0,0.0,0.5,none,True,True
108082,1.0,0.0,0.5,none,True,True
108083,1.0,0.0,0.5,none,True,True
108084,1.0,0.0,0.5,none,True,True
108085,1.0,0.0,0.5,none,True,True
108086,1.0,0.0,0.5,none,True,True
108087,1.0,0.0,0.5,none,True,True
108088,1.0,0.0,0.5,none,True,True
108089,1.0,0.0,0.5,none,True,True
108090,1.0,0.0,0.5,none,True,True
108091,1.0,0.0,0.5,none,True,True
108092,1.0,0.0,0.5,none,True,True
108093,1.0,0.0,0.5,none,True,True
108094,1.0,0.0,0.5,none,True,True
108095,1.0,0.0,0.5,none,True,True
108096,1.0,0.0,0.5,none,True,True
108097,1.0,0.0,0.5,none,True,True
108098,1.0,0.0,0.5,none,True,True
108099,1.0,0.0,0.5,none,True,True
108100,1.0,0.0,0.5,none,True,True
108101,1.0,0.0,0.5,none,True,True
108102,1.0,0.0,0.5,none,True,True
108103,1.0,0.0,0.5,none,True,True
108104,1.0,0.0,0.5,none,True,True
108105,1.0,0.0,0.5,none,True,True
108106,1.0,0.0,0.5,none,True,True
108107,1.0,0.0,0.5,none,True,True
108108,1.0,0.0,0.5,none,True,True
108109,1.0,0.0,0.5,none,True,True
108110,1.0,0.0,0.5,none,True,True
108111,1.0,0.0,0.5,none,True,True
108112,1.0,0.0,0.5,none,True,True
108113,1.0,0.0,0.5,none,True,True
108114,1.0,0.0,0.5,none,True,True
108115,1.0,0.0,0.5,none,True,True
108116,1.0,0.0,0.5,none,True,True
108117,1.0,0.0,0.5,none,True,True
108118,1.0,0.0,0.5,none,True,True
108119,1.0,0.0,0.5,none,True,True
108120,1.0,0.0,0.5,none,True,True
108121,1.0,0.0,0.5,none,True,True
108122,1.0,0.0,0.5,none,True,True
108123,1.0,0.0,0.5,none,True,True
108124,1.0,0.0,0.5,none,True,True
108125,1.0,0.0,0.5,none,True,True
108126,1.0,0.0,0.5,none,True,True
108127,1.0,0.0,0.5,none,True,True
108128,1.0,0.0,0.5,none,True,True
108129,1.0,0.0,0.5,none,True,True
108130,1.0,0.0,0.5,none,True,True
108131,1.0,0.0,0.5,none,True,True
108132,1.0,0.0,0.5,none,True,True
108133,1.0,0.0,0.5,none,True,True
108134,1.0,0.0,0.5,none,True,True
108135,1.0,0.0,0.5,none,True,True
108136,1.0,0.0,0.5,none,True,True
108137,1.0,0.0,0.5,none,True,True
108138,1.0,0.0,0.5,none,True,True
108139,1.0,0.0,0.5,none,True,True
108140,1.0,0.0,0.5,none,True,True
108141,1.0,0.0,0.5,none,True,True
108142,1.0,0.0,0.5,none,True,True
108143,1.0,0.0,0.5,none,True,True
108144,1.0,0.0,0.5,none,True,True
108145,1.0,0.0,0.5,none,True,True
108146,1.0,0.0,0.5,none,True,True
108147,1.0,0.0,0.5,none,True,True
108148,1.0,0.0,0.5,none,True,True
108149,1.0,0.0,0.5,none,True,True
108150,1.0,0.0,0.5,none,True,True
108151,1.0,0.0,0.5,none,True,True
108152,1.0,0.0,0.5,none,True,True
108153,1.0,0.0,0.5,none,True,True
108154,1.0,0.0,0.5,none,True,True
108155,1.0,0.0,0.5,none,True,True
108156,1.0,0.0,0.5,none,True,True
108157,1.0,0.0,0.5,none,True,True
108158,1.0,0.0,0.5,none,True,True
108159,1.0,0.0,0.5,none,True,True
108160,1.0,0.0,0.5,none,True,True
108161,1.0,0.0,0.5,none,True,True
108162,1.0,0.0,0.5,none,True,True
108163,1.0,0.0,0.5,none,True,True
108164,1.0,0.0,0.5,none,True,True
108165,1.0,0.0,0.5,none,True,True
108166,1.0,0.0,0.5,none,True,True
108167,1.0,0.0,0.5,none,True,True
108168,1.0,0.0,0.5,none,True,True
108169,1.0,0.0,0.5,none,True,True
108170,1.0,0.0,0.5,none,True,True
108171,1.0,0.0,0.5,none,True,True
108172,1.0,0.0,0.5,none,True,True
108173,1.0,0.0,0.5,none,True,True
108174,1.0,0.0,0.5,none,True,True
108175,1.0,0.0,0.5,none,True,True
108176,1.0,0.0,0.5,none,True,True
108177,1.0,0.0,0.5,none,True,True
108178,1.0,0.0,0.5,none,True,True
108179,1.0,0.0,0.5,none,True,True
108180,1.0,0.0,0.5,none,True,True
108181,1.0,0.0,0.5,none,True,True
108182,1.0,0.0,0.5,none,True,True
108183,1.0,0.0,0.5,none,True,True
108184,1.0,0.0,0.5,none,True,True
108185,1.0,0.0,0.5,none,True,True
108186,1.0,0.0,0.5,none,True,True
108187,1.0,0.0,0.5,none,True,True
108188,1.0,0.0,0.5,none,True,True
108189,1.0,0.0,0.5,none,True,True
108190,1.0,0.0,0.5,none,True,True
108191,1.0,0.0,0.5,none,True,True
108192,1.0,0.0,0.5,none,True,True
108193,1.0,0.0,0.5,none,True,True
108194,1.0,0.0,0.5,none,True,True
108195,1.0,0.0,0.5,none,True,True
108196,1.0,0.0,0.5,none,True,True
108197,1.0,0.0,0.5,none,True,True
108198,1.0,0.0,0.5,none,True,True
108199,1.0,0.0,0.5,none,True,True
108200,1.0,0.0,0.5,none,True,True
108201,1.0,0.0,0.5,none,True,True
108202,1.0,0.0,0.5,none,True,True
108203,1.0,0.0,0.5,none,True,True
108204,1.0,0.0,0.5,none,True,True
108205,1.0,0.0,0.5,none,True,True
108206,1.0,0.0,0.5,none,True,True
108207,1.0,0.0,0.5,none,True,True
108208,1.0,0.0,0.5,none,True,True
108209,1.0,0.0,0.5,none,True,True
108210,1.0,0.0,0.5,none,True,True
108211,1.0,0.0,0.5,none,True,True
108212,1.0,0.0,0.5,none,True,True
108213,1.0,0.0,0.5,none,True,True
108214,1.0,0.0,0.5,none,True,True
108215,1.0,0.0,0.5,none,True,True
108216,1.0,0.0,0.5,none,True,True
108217,1.0,0.0,0.5,none,True,True
108218,1.0,0.0,0.5,none,True,True
108219,1.0,0.0,0.5,none,True,True
108220,1.0,0.0,0.5,none,True,True
108221,1.0,0.0,0.5,none,True,True
108222,1.0,0.0,0.5,none,True,True
108223,1.0,0.0,0.5,none,True,True
108224,1.0,0.0,0.5,none,True,True
108225,1.0,0.0,0.5,none,True,True
108226,1.0,0.0,0.5,none,True,True
108227,1.0,0.0,0.5,none,True,True
108228,1.0,0.0,0.5,none,True,True
108229,1.0,0.0,0.5,none,True,True
108230,1.0,0.0,0.5,none,True,True
108231,1.0,0.0,0.5,none,True,True
108232,1.0,0.0,0.5,none,True,True
108233,1.0,0.0,0.5,none,True,True
108234,1.0,0.0,0.5,none,True,True
108235,1.0,0.0,0.5,none,True,True
108236,1.0,0.0,0.5,none,True,True
108237,1.0,0.0,0.5,none,True,True
108238,1.0,0.0,0.5,none,True,True
108239,1.0,0.0,0.5,none,True,True
108240,1.0,0.0,0.5,none,True,True
108241,1.0,0.0,0.5,none,True,True
108242,1.0,0.0,0.5,none,True,True
108243,1.0,0.0,0.5,none,True,True
108244,1.0,0.0,0.5,none,True,True
108245,1.0,0.0,0.5,none,True,True
108246,1.0,0.0,0.5,none,True,True
108247,1.0,0.0,0.5,none,True,True
108248,1.0,0.0,0.5,none,True,True
108249,1.0,0.0,0.5,none,True,True
108250,1.0,0.0,0.5,none,True,True
108251,1.0,0.0,0.5,none,True,True
108252,1.0,0.0,0.5,none,True,True
108253,1.0,0.0,0.5,none,True,True
108254,1.0,0.0,0.5,none,True,True
108255,1.0,0.0,0.5,none,True,True
108256,1.0,0.0,0.5,none,True,True
108257,1.0,0.0,0.5,none,True,True
108258,1.0,0.0,0.5,none,True,True
108259,1.0,0.0,0.5,none,True,True
108260,1.0,0.0,0.5,none,True,True
108261,1.0,0.0,0.5,none,True,True
108262,1.0,0.0,0.5,none,True,True
108263,1.0,0.0,0.5,none,True,True
108264,1.0,0.0,0.5,none,True,True
108265,1.0,0.0,0.5,none,True,True
108266,1.0,0.0,0.5,none,True,True
108267,1.0,0.0,0.5,none,True,True
108268,1.0,0.0,0.5,none,True,True
108269,1.0,0.0,0.5,none,True,True
108270,1.0,0.0,0.5,none,True,True
108271,1.0,0.0,0.5,none,True,True
108272,1.0,0.0,0.5,none,True,True
108273,1.0,0.0,0.5,none,True,True
108274,1.0,0.0,0.5,none,True,True
108275,1.0,0.0,0.5,none,True,True
108276,1.0,0.0,0.5,none,True,True
108277,1.0,0.0,0.5,none,True,True
108278,1.0,0.0,0.5,none,True,True
108279,1.0,0.0,0.5,none,True,True
108280,1.0,0.0,0.5,none,True,True
108281,1.0,0.0,0.5,none,True,True
108282,1.0,0.0,0.5,none,True,True
108283,1.0,0.0,0.5,none,True,True
108284,1.0,0.0,0.5,none,True,True
108285,1.0,0.0,0.5,none,True,True
108286,1.0,0.0,0.5,none,True,True
108287,1.0,0.0,0.5,none,True,True
108288,1.0,0.0,0.5,none,True,True
108289,1.0,0.0,0.5,none,True,True
108290,1.0,0.0,0.5,none,True,True
108291,1.0,0.0,0.5,none,True,True
108292,1.0,0.0,0.5,none,True,True
108293,1.0,0.0,0.5,none,True,True
108294,1.0,0.0,0.5,none,True,True
108295,1.0,0.0,0.5,none,True,True
108296,1.0,0.0,0.5,none,True,True
108297,1.0,0.0,0.5,none,True,True
108298,1.0,0.0,0.5,none,True,True
108299,1.0,0.0,0.5,none,True,True
108300,1.0,0.0,0.5,none,True,True
108301,1.0,0.0,0.5,none,True,True
108302,1.0,0.0,0.5,none,True,True
108303,1.0,0.0,0.5,none,True,True
108304,1.0,0.0,0.5,none,True,True
108305,1.0,0.0,0.5,none,True,True
108306,1.0,0.0,0.5,none,True,True
108307,1.0,0.0,0.5,none,True,True
108308,1.0,0.0,0.5,none,True,True
108309,1.0,0.0,0.5,none,True,True
108310,1.0,0.0,0.5,none,True,True
108311,1.0,0.0,0.5,none,True,True
108312,1.0,0.0,0.5,none,True,True
108313,1.0,0.0,0.5,none,True,True
108314,1.0,0.0,0.5,none,True,True
108315,1.0,0.0,0.5,none,True,True
108316,1.0,0.0,0.5,none,True,True
108317,1.0,0.0,0.5,none,True,True
108318,1.0,0.0,0.5,none,True,True
108319,1.0,0.0,0.5,none,True,True
108320,1.0,0.0,0.5,none,True,True
108321,1.0,0.0,0.5,none,True,True
108322,1.0,0.0,0.5,none,True,True
108323,1.0,0.0,0.5,none,True,True
108324,1.0,0.0,0.5,none,True,True
108325,1.0,0.0,0.5,none,True,True
108326,1.0,0.0,0.5,none,True,True
108327,1.0,0.0,0.5,none,True,True
108328,1.0,0.0,0.5,none,True,True
108329,1.0,0.0,0.5,none,True,True
108330,1.0,0.0,0.5,none,True,True
108331,1.0,0.0,0.5,none,True,True
108332,1.0,0.0,0.5,none,True,True
108333,1.0,0.0,0.5,none,True,True
108334,1.0,0.0,0.5,none,True,True
108335,1.0,0.0,0.5,none,True,True
108336,1.0,0.0,0.5,none,True,True
108337,1.0,0.0,0.5,none,True,True
108338,1.0,0.0,0.5,none,True,True
108339,1.0,0.0,0.5,none,True,True
108340,1.0,0.0,0.5,none,True,True
108341,1.0,0.0,0.5,none,True,True
108342,1.0,0.0,0.5,none,True,True
108343,1.0,0.0,0.5,none,True,True
108344,1.0,0.0,0.5,none,True,True
108345,1.0,0.0,0.5,none,True,True
108346,1.0,0.0,0.5,none,True,True
108347,1.0,0.0,0.5,none,True,True
108348,1.0,0.0,0.5,none,True,True
108349,1.0,0.0,0.5,none,True,True
108350,1.0,0.0,0.5,none,True,True
108351,1.0,0.0,0.5,none,True,True
108352,1.0,0.0,0.5,none,True,True
108353,1.0,0.0,0.5,none,True,True
108354,1.0,0.0,0.5,none,True,True
108355,1.0,0.0,0.5,none,True,True
108356,1.0,0.0,0.5,none,True,True
108357,1.0,0.0,0.5,none,True,True
108358,1.0,0.0,0.5,none,True,True
108359,1.0,0.0,0.5,none,True,True
108360,1.0,0.0,0.5,none,True,True
108361,1.0,0.0,0.5,none,True,True
108362,1.0,0.0,0.5,none,True,True
108363,1.0,0.0,0.5,none,True,True
108364,1.0,0.0,0.5,none,True,True
108365,1.0,0.0,0.5,none,True,True
108366,1.0,0.0,0.5,none,True,True
108367,1.0,0.0,0.5,none,True,True
108368,1.0,0.0,0.5,none,True,True
108369,1.0,0.0,0.5,none,True,True
108370,1.0,0.0,0.5,none,True,True
108371,1.0,0.0,0.5,none,True,True
108372,1.0,0.0,0.5,none,True,True
108373,1.0,0.0,0.5,none,True,True
108374,1.0,0.0,0.5,none,True,True
108375,1.0,0.0,0.5,none,True,True
108376,1.0,0.0,0.5,none,True,True
108377,1.0,0.0,0.5,none,True,True
108378,1.0,0.0,0.5,none,True,True
108379,1.0,0.0,0.5,none,True,True
108380,1.0,0.0,0.5,none,True,True
108381,1.0,0.0,0.5,none,True,True
108382,1.0,0.0,0.5,none,True,True
108383,1.0,0.0,0.5,none,True,True
108384,1.0,0.0,0.5,none,True,True
108385,1.0,0.0,0.5,none,True,True
108386,1.0,0.0,0.5,none,True,True
108387,1.0,0.0,0.5,none,True,True
108388,1.0,0.0,0.5,none,True,True
108389,1.0,0.0,0.5,none,True,True
108390,1.0,0.0,0.5,none,True,True
108391,1.0,0.0,0.5,none,True,True
108392,1.0,0.0,0.5,none,True,True
108393,1.0,0.0,0.5,none,True,True
108394,1.0,0.0,0.5,none,True,True
108395,1.0,0.0,0.5,none,True,True
108396,1.0,0.0,0.5,none,True,True
108397,1.0,0.0,0.5,none,True,True
108398,1.0,0.0,0.5,none,True,True
108399,1.0,0.0,0.5,none,True,True
108400,1.0,0.0,0.5,none,True,True
108401,1.0,0.0,0.5,none,True,True
108402,1.0,0.0,0.5,none,True,True
108403,1.0,0.0,0.5,none,True,True
108404,1.0,0.0,0.5,none,True,True
108405,1.0,0.0,0.5,none,True,True
108406,1.0,0.0,0.5,none,True,True
108407,1.0,0.0,0.5,none,True,True
108408,1.0,0.0,0.5,none,True,True
108409,1.0,0.0,0.5,none,True,True
108410,1.0,0.0,0.5,none,True,True
108411,1.0,0.0,0.5,none,True,True
108412,1.0,0.0,0.5,none,True,True
108413,1.0,0.0,0.5,none,True,True
108414,1.0,0.0,0.5,none,True,True
108415,1.0,0.0,0.5,none,True,True
108416,1.0,0.0,0.5,none,True,True
108417,1.0,0.0,0.5,none,True,True
108418,1.0,0.0,0.5,none,True,True
108419,1.0,0.0,0.5,none,True,True
108420,1.0,0.0,0.5,none,True,True
108421,1.0,0.0,0.5,none,True,True
108422,1.0,0.0,0.5,none,True,True
108423,1.0,0.0,0.5,none,True,True
108424,1.0,0.0,0.5,none,True,True
108425,1.0,0.0,0.5,none,True,True
108426,1.0,0.0,0.5,none,True,True
108427,1.0,0.0,0.5,none,True,True
108428,1.0,0.0,0.5,none,True,True
108429,1.0,0.0,0.5,none,True,True
108430,1.0,0.0,0.5,none,True,True
108431,1.0,0.0,0.5,none,True,True
108432,1.0,0.0,0.5,none,True,True
108433,1.0,0.0,0.5,none,True,True
108434,1.0,0.0,0.5,none,True,True
108435,1.0,0.0,0.5,none,True,True
108436,1.0,0.0,0.5,none,True,True
108437,1.0,0.0,0.5,none,True,True
108438,1.0,0.0,0.5,none,True,True
108439,1.0,0.0,0.5,none,True,True
108440,1.0,0.0,0.5,none,True,True
108441,1.0,0.0,0.5,none,True,True
108442,1.0,0.0,0.5,none,True,True
108443,1.0,0.0,0.5,none,True,True
108444,1.0,0.0,0.5,none,True,True
108445,1.0,0.0,0.5,none,True,True
108446,1.0,0.0,0.5,none,True,True
108447,1.0,0.0,0.5,none,True,True
108448,1.0,0.0,0.5,none,True,True
108449,1.0,0.0,0.5,none,True,True
108450,1.0,0.0,0.5,none,True,True
108451,1.0,0.0,0.5,none,True,True
108452,1.0,0.0,0.5,none,True,True
108453,1.0,0.0,0.5,none,True,True
108454,1.0,0.0,0.5,none,True,True
108455,1.0,0.0,0.5,none,True,True
108456,1.0,0.0,0.5,none,True,True
108457,1.0,0.0,0.5,none,True,True
108458,1.0,0.0,0.5,none,True,True
108459,1.0,0.0,0.5,none,True,True
108460,1.0,0.0,0.5,none,True,True
108461,1.0,0.0,0.5,none,True,True
108462,1.0,0.0,0.5,none,True,True
108463,1.0,0.0,0.5,none,True,True
108464,1.0,0.0,0.5,none,True,True
108465,1.0,0.0,0.5,none,True,True
108466,1.0,0.0,0.5,none,True,True
108467,1.0,0.0,0.5,none,True,True
108468,1.0,0.0,0.5,none,True,True
108469,1.0,0.0,0.5,none,True,True
108470,1.0,0.0,0.5,none,True,True
108471,1.0,0.0,0.5,none,True,True
108472,1.0,0.0,0.5,none,True,True
108473,1.0,0.0,0.5,none,True,True
108474,1.0,0.0,0.5,none,True,True
108475,1.0,0.0,0.5,none,True,True
108476,1.0,0.0,0.5,none,True,True
108477,1.0,0.0,0.5,none,True,True
108478,1.0,0.0,0.5,none,True,True
108479,1.0,0.0,0.5,none,True,True
108480,1.0,0.0,0.5,none,True,True
108481,1.0,0.0,0.5,none,True,True
108482,1.0,0.0,0.5,none,True,True
108483,1.0,0.0,0.5,none,True,True
108484,1.0,0.0,0.5,none,True,True
108485,1.0,0.0,0.5,none,True,True
108486,1.0,0.0,0.5,none,True,True
108487,1.0,0.0,0.5,none,True,True
108488,1.0,0.0,0.5,none,True,True
108489,1.0,0.0,0.5,none,True,True
108490,1.0,0.0,0.5,none,True,True
108491,1.0,0.0,0.5,none,True,True
108492,1.0,0.0,0.5,none,True,True
108493,1.0,0.0,0.5,none,True,True
108494,1.0,0.0,0.5,none,True,True
108495,1.0,0.0,0.5,none,True,True
108496,1.0,0.0,0.5,none,True,True
108497,1.0,0.0,0.5,none,True,True
108498,1.0,0.0,0.5,none,True,True
108499,1.0,0.0,0.5,none,True,True
108500,1.0,0.0061,0.5,none,True,True
108501,1.0,0.0357,0.5,none,True,True
108502,1.0,0.0812,0.5,none,True,True
108503,1.0,0.1113,0.5,none,True,True
108504,1.0,0.1253,0.5,none,True,True
108505,1.0,0.1408,0.5,none,True,True
108506,1.0,0.0907,0.5,none,True,True
108507,1.0,0.1198,0.5,none,True,True
108508,1.0,0.0467,0.5,none,True,True
108509,1.0,0.0522,0.5,none,True,True
108510,1.0,0.0405,0.5,none,True,True
108511,1.0,0.0313,0.5,none,True,True
108512,1.0,0.0083,0.5,none,True,True
108513,1.0,0.0726,0.5,none,True,True
108514,1.0,0.0793,0.5,none,True,True
108515,1.0,0.0581,0.5,none,True,True
108516,1.0,0.0955,0.5,none,True,True
108517,1.0,0.0839,0.5,none,True,True
108518,1.0,0.0648,0.5,none,True,True
108519,1.0,0.0718,0.5,none,True,True
108520,1.0,0.0589,0.5,none,True,True
108521,1.0,0.0403,0.5,none,True,True
108522,1.0,0.0327,0.5,none,True,True
108523,1.0,0.0277,0.5,none,True,True
108524,1.0,0.017,0.5,none,True,True
108525,1.0,0.0102,0.5,none,True,True
108526,1.0,0.0099,0.5,none,True,True
108527,1.0,0.008,0.5,none,True,True
108528,1.0,0.005,0.5,none,True,True
108529,1.0,0.0063,0.5,none,True,True
108530,1.0,0.009,0.5,none,True,True
108531,1.0,0.0096,0.5,none,True,True
108532,1.0,0.0108,0.5,none,True,True
108533,1.0,0.014,0.5,none,True,True
108534,1.0,0.0161,0.5,none,True,True
108535,1.0,0.0167,0.5,none,True,True
108536,1.0,0.0182,0.5,none,True,True
108537,1.0,0.0196,0.5,none,True,True
108538,1.0,0.0197,0.5,none,True,True
108539,1.0,0.0193,0.5,none,True,True
108540,1.0,0.0193,0.5,none,True,True
108541,1.0,0.0187,0.5,none,True,True
108542,1.0,0.0174,0.5,none,True,True
108543,1.0,0.0163,0.5,none,True,True
108544,1.0,0.0152,0.5,none,True,True
108545,1.0,0.0138,0.5,none,True,True
108546,1.0,0.0123,0.5,none,True,True
108547,1.0,0.0111,0.5,none,True,True
108548,1.0,0.01,0.5,none,True,True
108549,1.0,0.0088,0.5,none,True,True
108550,1.0,0.0078,0.5,none,True,True
108551,1.0,0.0071,0.5,none,True,True
108552,1.0,0.0064,0.5,none,True,True
108553,1.0,0.0057,0.5,none,True,True
108554,1.0,0.0053,0.5,none,True,True
108555,1.0,0.005,0.5,none,True,True
108556,1.0,0.0047,0.5,none,True,True
108557,1.0,0.0045,0.5,none,True,True
108558,1.0,0.0044,0.5,none,True,True
108559,1.0,0.0043,0.5,none,True,True
108560,1.0,0.0042,0.5,none,True,True
108561,1.0,0.0041,0.5,none,True,True
108562,1.0,0.004,0.5,none,True,True
108563,1.0,0.0039,0.5,none,True,True
108564,1.0,0.0038,0.5,none,True,True
108565,1.0,0.0037,0.5,none,True,True
108566,1.0,0.0035,0.5,none,True,True
108567,1.0,0.0033,0.5,none,True,True
108568,1.0,0.0032,0.5,none,True,True
108569,1.0,0.003,0.5,none,True,True
108570,1.0,0.0028,0.5,none,True,True
108571,1.0,0.0026,0.5,none,True,True
108572,1.0,0.0024,0.5,none,True,True
108573,1.0,0.0023,0.5,none,True,True
108574,1.0,0.0021,0.5,none,True,True
108575,1.0,0.0019,0.5,none,True,True
108576,1.0,0.0018,0.5,none,True,True
108577,1.0,0.0017,0.5,none,True,True
108578,1.0,0.0015,0.5,none,True,True
108579,1.0,0.0014,0.5,none,True,True
108580,1.0,0.0013,0.5,none,True,True
108581,1.0,0.0013,0.5,none,True,True
108582,1.0,0.0012,0.5,none,True,True
108583,1.0,0.0011,0.5,none,True,True
108584,1.0,0.0011,0.5,none,True,True
108585,1.0,0.001,0.5,none,True,True
108586,1.0,0.001,0.5,none,True,True
108587,1.0,0.0009,0.5,none,True,True
108588,1.0,0.0009,0.5,none,True,True
108589,1.0,0.0008,0.5,none,True,True
108590,1.0,0.0008,0.5,none,True,True
108591,1.0,0.0008,0.5,none,True,True
108592,1.0,0.0007,0.5,none,True,True
108593,1.0,0.0007,0.5,none,True,True
108594,1.0,0.0006,0.5,none,True,True
108595,1.0,0.0006,0.5,none,True,True
108596,1.0,0.0006,0.5,none,True,True
108597,1.0,0.0005,0.5,none,True,True
108598,1.0,0.0005,0.5,none,True,True
108599,1.0,0.0005,0.5,none,True,True
108600,1.0,0.0004,0.5,none,True,True
108601,1.0,0.0004,0.5,none,True,True
108602,1.0,0.0004,0.5,none,True,True
108603,1.0,0.0004,0.5,none,True,True
108604,1.0,0.0003,0.5,none,True,True
108605,1.0,0.0003,0.5,none,True,True
108606,1.0,0.0003,0.5,none,True,True
108607,1.0,0.0003,0.5,none,True,True
108608,1.0,0.0003,0.5,none,True,True
108609,1.0,0.0003,0.5,none,True,True
108610,1.0,0.0002,0.5,none,True,True
108611,1.0,0.0002,0.5,none,True,True
108612,1.0,0.0002,0.5,none,True,True
108613,1.0,0.0002,0.5,none,True,True
108614,1.0,0.0002,0.5,none,True,True
108615,1.0,0.0002,0.5,none,True,True
108616,1.0,0.0002,0.5,none,True,True
108617,1.0,0.0002,0.5,none,True,True
108618,1.0,0.0002,0.5,none,True,True
108619,1.0,0.0001,0.5,none,True,True
108620,1.0,0.0001,0.5,none,True,True
108621,1.0,0.0001,0.5,none,True,True
108622,1.0,0.0001,0.5,none,True,True
108623,1.0,0.0001,0.5,none,True,True
108624,1.0,0.0001,0.5,none,True,True
108625,1.0,0.0001,0.5,none,True,True
108626,1.0,0.0001,0.5,none,True,True
108627,1.0,0.0001,0.5,none,True,True
108628,1.0,0.0001,0.5,none,True,True
108629,1.0,0.0001,0.5,none,True,True
108630,1.0,0.0001,0.5,none,True,True
108631,1.0,0.0001,0.5,none,True,True
108632,1.0,0.0001,0.5,none,True,True
108633,1.0,0.0001,0.5,none,True,True
108634,1.0,0.0001,0.5,none,True,True
108635,1.0,0.0001,0.5,none,True,True
108636,1.0,0.0001,0.5,none,True,True
108637,1.0,0.0,0.5,none,True,True
108638,1.0,0.0,0.5,none,True,True
108639,1.0,0.0,0.5,none,True,True
108640,1.0,0.0,0.5,none,True,True
108641,1.0,0.0,0.5,none,True,True
108642,1.0,0.0,0.5,none,True,True
108643,1.0,0.0,0.5,none,True,True
108644,1.0,0.0,0.5,none,True,True
108645,1.0,0.0,0.5,none,True,True
108646,1.0,0.0,0.5,none,True,True
108647,1.0,0.0,0.5,none,True,True
108648,1.0,0.0,0.5,none,True,True
108649,1.0,0.0,0.5,none,True,True
108650,1.0,0.0,0.5,none,True,True
108651,1.0,0.0,0.5,none,True,True
108652,1.0,0.0,0.5,none,True,True
108653,1.0,0.0,0.5,none,True,True
108654,1.0,0.0,0.5,none,True,True
108655,1.0,0.0,0.5,none,True,True
108656,1.0,0.0,0.5,none,True,True
108657,1.0,0.0,0.5,none,True,True
108658,1.0,0.0,0.5,none,True,True
108659,1.0,0.0,0.5,none,True,True
108660,1.0,0.0,0.5,none,True,True
108661,1.0,0.0,0.5,none,True,True
108662,1.0,0.0,0.5,none,True,True
108663,1.0,0.0,0.5,none,True,True
108664,1.0,0.0,0.5,none,True,True
108665,1.0,0.0,0.5,none,True,True
108666,1.0,0.0,0.5,none,True,True
108667,1.0,0.0,0.5,none,True,True
108668,1.0,0.0,0.5,none,True,True
108669,1.0,0.0,0.5,none,True,True
108670,1.0,0.0,0.5,none,True,True
108671,1.0,0.0,0.5,none,True,True
108672,1.0,0.0,0.5,none,True,True
108673,1.0,0.0,0.5,none,True,True
108674,1.0,0.0,0.5,none,True,True
108675,1.0,0.0,0.5,none,True,True
108676,1.0,0.0,0.5,none,True,True
108677,1.0,0.0,0.5,none,True,True
108678,1.0,0.0,0.5,none,True,True
108679,1.0,0.0,0.5,none,True,True
108680,1.0,0.0,0.5,none,True,True
108681,1.0,0.0,0.5,none,True,True
108682,1.0,0.0,0.5,none,True,True
108683,1.0,0.0,0.5,none,True,True
108684,1.0,0.0,0.5,none,True,True
108685,1.0,0.0,0.5,none,True,True
108686,1.0,0.0,0.5,none,True,True
108687,1.0,0.0,0.5,none,True,True
108688,1.0,0.0,0.5,none,True,True
108689,1.0,0.0,0.5,none,True,True
108690,1.0,0.0,0.5,none,True,True
108691,1.0,0.0,0.5,none,True,True
108692,1.0,0.0,0.5,none,True,True
108693,1.0,0.0,0.5,none,True,True
108694,1.0,0.0,0.5,none,True,True
108695,1.0,0.0,0.5,none,True,True
108696,1.0,0.0,0.5,none,True,True
108697,1.0,0.0,0.5,none,True,True
108698,1.0,0.0,0.5,none,True,True
108699,1.0,0.0,0.5,none,True,True
108700,1.0,0.0,0.5,none,True,True
108701,1.0,0.0,0.5,none,True,True
108702,1.0,0.0,0.5,none,True,True
108703,1.0,0.0,0.5,none,True,True
108704,1.0,0.0,0.5,none,True,True
108705,1.0,0.0,0.5,none,True,True
108706,1.0,0.0,0.5,none,True,True
108707,1.0,0.0,0.5,none,True,True
108708,1.0,0.0,0.5,none,True,True
108709,1.0,0.0,0.5,none,True,True
108710,1.0,0.0,0.5,none,True,True
108711,1.0,0.0,0.5,none,True,True
108712,1.0,0.0,0.5,none,True,True
108713,1.0,0.0,0.5,none,True,True
108714,1.0,0.0,0.5,none,True,True
108715,1.0,0.0,0.5,none,True,True
108716,1.0,0.0,0.5,none,True,True
108717,1.0,0.0,0.5,none,True,True
108718,1.0,0.0,0.5,none,True,True
108719,1.0,0.0,0.5,none,True,True
108720,1.0,0.0,0.5,none,True,True
108721,1.0,0.0,0.5,none,True,True
108722,1.0,0.0,0.5,none,True,True
108723,1.0,0.0,0.5,none,True,True
108724,1.0,0.0,0.5,none,True,True
108725,1.0,0.0,0.5,none,True,True
108726,1.0,0.0,0.5,none,True,True
108727,1.0,0.0,0.5,none,True,True
108728,1.0,0.0,0.5,none,True,True
108729,1.0,0.0,0.5,none,True,True
108730,1.0,0.0,0.5,none,True,True
108731,1.0,0.0,0.5,none,True,True
108732,1.0,0.0,0.5,none,True,True
108733,1.0,0.0,0.5,none,True,True
108734,1.0,0.0,0.5,none,True,True
108735,1.0,0.0,0.5,none,True,True
108736,1.0,0.0,0.5,none,True,True
108737,1.0,0.0,0.5,none,True,True
108738,1.0,0.0,0.5,none,True,True
108739,1.0,0.0,0.5,none,True,True
108740,1.0,0.0,0.5,none,True,True
108741,1.0,0.0,0.5,none,True,True
108742,1.0,0.0,0.5,none,True,True
108743,1.0,0.0,0.5,none,True,True
108744,1.0,0.0,0.5,none,True,True
108745,1.0,0.0,0.5,none,True,True
108746,1.0,0.0,0.5,none,True,True
108747,1.0,0.0,0.5,none,True,True
108748,1.0,0.0,0.5,none,True,True
108749,1.0,0.0,0.5,none,True,True
108750,1.0,0.0,0.5,none,True,True
108751,1.0,0.0,0.5,none,True,True
108752,1.0,0.0,0.5,none,True,True
108753,1.0,0.0,0.5,none,True,True
108754,1.0,0.0,0.5,none,True,True
108755,1.0,0.0,0.5,none,True,True
108756,1.0,0.0,0.5,none,True,True
108757,1.0,0.0,0.5,none,True,True
108758,1.0,0.0,0.5,none,True,True
108759,1.0,0.0,0.5,none,True,True
108760,1.0,0.0,0.5,none,True,True
108761,1.0,0.0,0.5,none,True,True
108762,1.0,0.0,0.5,none,True,True
108763,1.0,0.0,0.5,none,True,True
108764,1.0,0.0,0.5,none,True,True
108765,1.0,0.0,0.5,none,True,True
108766,1.0,0.0,0.5,none,True,True
108767,1.0,0.0,0.5,none,True,True
108768,1.0,0.0,0.5,none,True,True
108769,1.0,0.0,0.5,none,True,True
108770,1.0,0.0,0.5,none,True,True
108771,1.0,0.0,0.5,none,True,True
108772,1.0,0.0,0.5,none,True,True
108773,1.0,0.0,0.5,none,True,True
108774,1.0,0.0,0.5,none,True,True
108775,1.0,0.0,0.5,none,True,True
108776,1.0,0.0,0.5,none,True,True
108777,1.0,0.0,0.5,none,True,True
108778,1.0,0.0,0.5,none,True,True
108779,1.0,0.0,0.5,none,True,True
108780,1.0,0.0,0.5,none,True,True
108781,1.0,0.0,0.5,none,True,True
108782,1.0,0.0,0.5,none,True,True
108783,1.0,0.0,0.5,none,True,True
108784,1.0,0.0,0.5,none,True,True
108785,1.0,0.0,0.5,none,True,True
108786,1.0,0.0,0.5,none,True,True
108787,1.0,0.0,0.5,none,True,True
108788,1.0,0.0,0.5,none,True,True
108789,1.0,0.0,0.5,none,True,True
108790,1.0,0.0,0.5,none,True,True
108791,1.0,0.0,0.5,none,True,True
108792,1.0,0.0,0.5,none,True,True
108793,1.0,0.0,0.5,none,True,True
108794,1.0,0.0,0.5,none,True,True
108795,1.0,0.0,0.5,none,True,True
108796,1.0,0.0,0.5,none,True,True
108797,1.0,0.0,0.5,none,True,True
108798,1.0,0.0,0.5,none,True,True
108799,1.0,0.0,0.5,none,True,True
108800,1.0,0.0,0.5,none,True,True
108801,1.0,0.0,0.5,none,True,True
108802,1.0,0.0,0.5,none,True,True
108803,1.0,0.0,0.5,none,True,True
108804,1.0,0.0,0.5,none,True,True
108805,1.0,0.0,0.5,none,True,True
108806,1.0,0.0,0.5,none,True,True
108807,1.0,0.0,0.5,none,True,True
108808,1.0,0.0,0.5,none,True,True
108809,1.0,0.0,0.5,none,True,True
108810,1.0,0.0,0.5,none,True,True
108811,1.0,0.0,0.5,none,True,True
108812,1.0,0.0,0.5,none,True,True
108813,1.0,0.0,0.5,none,True,True
108814,1.0,0.0,0.5,none,True,True
108815,1.0,0.0,0.5,none,True,True
108816,1.0,0.0,0.5,none,True,True
108817,1.0,0.0,0.5,none,True,True
108818,1.0,0.0,0.5,none,True,True
108819,1.0,0.0,0.5,none,True,True
108820,1.0,0.0,0.5,none,True,True
108821,1.0,0.0,0.5,none,True,True
108822,1.0,0.0,0.5,none,True,True
108823,1.0,0.0,0.5,none,True,True
108824,1.0,0.0,0.5,none,True,True
108825,1.0,0.0,0.5,none,True,True
108826,1.0,0.0,0.5,none,True,True
108827,1.0,0.0,0.5,none,True,True
108828,1.0,0.0,0.5,none,True,True
108829,1.0,0.0,0.5,none,True,True
108830,1.0,0.0,0.5,none,True,True
108831,1.0,0.0,0.5,none,True,True
108832,1.0,0.0,0.5,none,True,True
108833,1.0,0.0,0.5,none,True,True
108834,1.0,0.0,0.5,none,True,True
108835,1.0,0.0,0.5,none,True,True
108836,1.0,0.0,0.5,none,True,True
108837,1.0,0.0,0.5,none,True,True
108838,1.0,0.0,0.5,none,True,True
108839,1.0,0.0,0.5,none,True,True
108840,1.0,0.0,0.5,none,True,True
108841,1.0,0.0,0.5,none,True,True
108842,1.0,0.0,0.5,none,True,True
108843,1.0,0.0,0.5,none,True,True
108844,1.0,0.0,0.5,none,True,True
108845,1.0,0.0,0.5,none,True,True
108846,1.0,0.0,0.5,none,True,True
108847,1.0,0.0,0.5,none,True,True
108848,1.0,0.0,0.5,none,True,True
108849,1.0,0.0,0.5,none,True,True
108850,1.0,0.0,0.5,none,True,True
108851,1.0,0.0,0.5,none,True,True
108852,1.0,0.0,0.5,none,True,True
108853,1.0,0.0,0.5,none,True,True
108854,1.0,0.0,0.5,none,True,True
108855,1.0,0.0,0.5,none,True,True
108856,1.0,0.0,0.5,none,True,True
108857,1.0,0.0,0.5,none,True,True
108858,1.0,0.0,0.5,none,True,True
108859,1.0,0.0,0.5,none,True,True
108860,1.0,0.0,0.5,none,True,True
108861,1.0,0.0,0.5,none,True,True
108862,1.0,0.0,0.5,none,True,True
108863,1.0,0.0,0.5,none,True,True
108864,1.0,0.0,0.5,none,True,True
108865,1.0,0.0,0.5,none,True,True
108866,1.0,0.0,0.5,none,True,True
108867,1.0,0.0,0.5,none,True,True
108868,1.0,0.0,0.5,none,True,True
108869,1.0,0.0,0.5,none,True,True
108870,1.0,0.0,0.5,none,True,True
108871,1.0,0.0,0.5,none,True,True
108872,1.0,0.0,0.5,none,True,True
108873,1.0,0.0,0.5,none,True,True
108874,1.0,0.0,0.5,none,True,True
108875,1.0,0.0,0.5,none,True,True
108876,1.0,0.0,0.5,none,True,True
108877,1.0,0.0,0.5,none,True,True
108878,1.0,0.0,0.5,none,True,True
108879,1.0,0.0,0.5,none,True,True
108880,1.0,0.0,0.5,none,True,True
108881,1.0,0.0,0.5,none,True,True
108882,1.0,0.0,0.5,none,True,True
108883,1.0,0.0,0.5,none,True,True
108884,1.0,0.0,0.5,none,True,True
108885,1.0,0.0,0.5,none,True,True
108886,1.0,0.0,0.5,none,True,True
108887,1.0,0.0,0.5,none,True,True
108888,1.0,0.0,0.5,none,True,True
108889,1.0,0.0,0.5,none,True,True
108890,1.0,0.0,0.5,none,True,True
108891,1.0,0.0,0.5,none,True,True
108892,1.0,0.0,0.5,none,True,True
108893,1.0,0.0,0.5,none,True,True
108894,1.0,0.0,0.5,none,True,True
108895,1.0,0.0,0.5,none,True,True
108896,1.0,0.0,0.5,none,True,True
108897,1.0,0.0,0.5,none,True,True
108898,1.0,0.0,0.5,none,True,True
108899,1.0,0.0,0.5,none,True,True
108900,1.0,0.0,0.5,none,True,True
108901,1.0,0.0,0.5,none,True,True
108902,1.0,0.0,0.5,none,True,True
108903,1.0,0.0,0.5,none,True,True
108904,1.0,0.0,0.5,none,True,True
108905,1.0,0.0,0.5,none,True,True
108906,1.0,0.0,0.5,none,True,True
108907,1.0,0.0,0.5,none,True,True
108908,1.0,0.0,0.5,none,True,True
108909,1.0,0.0,0.5,none,True,True
108910,1.0,0.0,0.5,none,True,True
108911,1.0,0.0,0.5,none,True,True
108912,1.0,0.0,0.5,none,True,True
108913,1.0,0.0,0.5,none,True,True
108914,1.0,0.0,0.5,none,True,True
108915,1.0,0.0,0.5,none,True,True
108916,1.0,0.0,0.5,none,True,True
108917,1.0,0.0,0.5,none,True,True
108918,1.0,0.0,0.5,none,True,True
108919,1.0,0.0,0.5,none,True,True
108920,1.0,0.0,0.5,none,True,True
108921,1.0,0.0,0.5,none,True,True
108922,1.0,0.0,0.5,none,True,True
108923,1.0,0.0,0.5,none,True,True
108924,1.0,0.0,0.5,none,True,True
108925,1.0,0.0,0.5,none,True,True
108926,1.0,0.0,0.5,none,True,True
108927,1.0,0.0,0.5,none,True,True
108928,1.0,0.0,0.5,none,True,True
108929,1.0,0.0,0.5,none,True,True
108930,1.0,0.0,0.5,none,True,True
108931,1.0,0.0,0.5,none,True,True
108932,1.0,0.0,0.5,none,True,True
108933,1.0,0.0,0.5,none,True,True
108934,1.0,0.0,0.5,none,True,True
108935,1.0,0.0,0.5,none,True,True
108936,1.0,0.0,0.5,none,True,True
108937,1.0,0.0,0.5,none,True,True
108938,1.0,0.0,0.5,none,True,True
108939,1.0,0.0,0.5,none,True,True
108940,1.0,0.0,0.5,none,True,True
108941,1.0,0.0,0.5,none,True,True
108942,1.0,0.0,0.5,none,True,True
108943,1.0,0.0,0.5,none,True,True
108944,1.0,0.0,0.5,none,True,True
108945,1.0,0.0,0.5,none,True,True
108946,1.0,0.0,0.5,none,True,True
108947,1.0,0.0,0.5,none,True,True
108948,1.0,0.0,0.5,none,True,True
108949,1.0,0.0,0.5,none,True,True
108950,1.0,0.0,0.5,none,True,True
108951,1.0,0.0,0.5,none,True,True
108952,1.0,0.0,0.5,none,True,True
108953,1.0,0.0,0.5,none,True,True
108954,1.0,0.0,0.5,none,True,True
108955,1.0,0.0,0.5,none,True,True
108956,1.0,0.0,0.5,none,True,True
108957,1.0,0.0,0.5,none,True,True
108958,1.0,0.0,0.5,none,True,True
108959,1.0,0.0,0.5,none,True,True
108960,1.0,0.0,0.5,none,True,True
108961,1.0,0.0,0.5,none,True,True
108962,1.0,0.0,0.5,none,True,True
108963,1.0,0.0,0.5,none,True,True
108964,1.0,0.0,0.5,none,True,True
108965,1.0,0.0,0.5,none,True,True
108966,1.0,0.0,0.5,none,True,True
108967,1.0,0.0,0.5,none,True,True
108968,1.0,0.0,0.5,none,True,True
108969,1.0,0.0,0.5,none,True,True
108970,1.0,0.0,0.5,none,True,True
108971,1.0,0.0,0.5,none,True,True
108972,1.0,0.0,0.5,none,True,True
108973,1.0,0.0,0.5,none,True,True
108974,1.0,0.0,0.5,none,True,True
108975,1.0,0.0,0.5,none,True,True
108976,1.0,0.0,0.5,none,True,True
108977,1.0,0.0,0.5,none,True,True
108978,1.0,0.0,0.5,none,True,True
108979,1.0,0.0,0.5,none,True,True
108980,1.0,0.0,0.5,none,True,True
108981,1.0,0.0,0.5,none,True,True
108982,1.0,0.0,0.5,none,True,True
108983,1.0,0.0,0.5,none,True,True
108984,1.0,0.0,0.5,none,True,True
108985,1.0,0.0,0.5,none,True,True
108986,1.0,0.0,0.5,none,True,True
108987,1.0,0.0,0.5,none,True,True
108988,1.0,0.0,0.5,none,True,True
108989,1.0,0.0,0.5,none,True,True
108990,1.0,0.0,0.5,none,True,True
108991,1.0,0.0,0.5,none,True,True
108992,1.0,0.0,0.5,none,True,True
108993,1.0,0.0,0.5,none,True,True
108994,1.0,0.0,0.5,none,True,True
108995,1.0,0.0,0.5,none,True,True
108996,1.0,0.0,0.5,none,True,True
108997,1.0,0.0,0.5,none,True,True
108998,1.0,0.0,0.5,none,True,True
108999,1.0,0.0,0.5,none,True,True
109000,1.0,0.0,0.5,none,True,True
109001,1.0,0.0,0.5,none,True,True
109002,1.0,0.0,0.5,none,True,True
109003,1.0,0.0,0.5,none,True,True
109004,1.0,0.0,0.5,none,True,True
109005,1.0,0.0,0.5,none,True,True
109006,1.0,0.0,0.5,none,True,True
109007,1.0,0.0,0.5,none,True,True
109008,1.0,0.0,0.5,none,True,True
109009,1.0,0.0,0.5,none,True,True
109010,1.0,0.0,0.5,none,True,True
109011,1.0,0.0,0.5,none,True,True
109012,1.0,0.0,0.5,none,True,True
109013,1.0,0.0,0.5,none,True,True
109014,1.0,0.0,0.5,none,True,True
109015,1.0,0.0,0.5,none,True,True
109016,1.0,0.0,0.5,none,True,True
109017,1.0,0.0,0.5,none,True,True
109018,1.0,0.0,0.5,none,True,True
109019,1.0,0.0,0.5,none,True,True
109020,1.0,0.0,0.5,none,True,True
109021,1.0,0.0,0.5,none,True,True
109022,1.0,0.0,0.5,none,True,True
109023,1.0,0.0,0.5,none,True,True
109024,1.0,0.0,0.5,none,True,True
109025,1.0,0.0,0.5,none,True,True
109026,1.0,0.0,0.5,none,True,True
109027,1.0,0.0,0.5,none,True,True
109028,1.0,0.0,0.5,none,True,True
109029,1.0,0.0,0.5,none,True,True
109030,1.0,0.0,0.5,none,True,True
109031,1.0,0.0,0.5,none,True,True
109032,1.0,0.0,0.5,none,True,True
109033,1.0,0.0,0.5,none,True,True
109034,1.0,0.0,0.5,none,True,True
109035,1.0,0.0,0.5,none,True,True
109036,1.0,0.0,0.5,none,True,True
109037,1.0,0.0,0.5,none,True,True
109038,1.0,0.0,0.5,none,True,True
109039,1.0,0.0,0.5,none,True,True
109040,1.0,0.0,0.5,none,True,True
109041,1.0,0.0,0.5,none,True,True
109042,1.0,0.0,0.5,none,True,True
109043,1.0,0.0,0.5,none,True,True
109044,1.0,0.0,0.5,none,True,True
109045,1.0,0.0,0.5,none,True,True
109046,1.0,0.0,0.5,none,True,True
109047,1.0,0.0,0.5,none,True,True
109048,1.0,0.0,0.5,none,True,True
109049,1.0,0.0,0.5,none,True,True
109050,1.0,0.0,0.5,none,True,True
109051,1.0,0.0,0.5,none,True,True
109052,1.0,0.0,0.5,none,True,True
109053,1.0,0.0,0.5,none,True,True
109054,1.0,0.0,0.5,none,True,True
109055,1.0,0.0,0.5,none,True,True
109056,1.0,0.0,0.5,none,True,True
109057,1.0,0.0,0.5,none,True,True
109058,1.0,0.0,0.5,none,True,True
109059,1.0,0.0,0.5,none,True,True
109060,1.0,0.0,0.5,none,True,True
109061,1.0,0.0,0.5,none,True,True
109062,1.0,0.0,0.5,none,True,True
109063,1.0,0.0,0.5,none,True,True
109064,1.0,0.0,0.5,none,True,True
109065,1.0,0.0,0.5,none,True,True
109066,1.0,0.0,0.5,none,True,True
109067,1.0,0.0,0.5,none,True,True
109068,1.0,0.0,0.5,none,True,True
109069,1.0,0.0,0.5,none,True,True
109070,1.0,0.0,0.5,none,True,True
109071,1.0,0.0,0.5,none,True,True
109072,1.0,0.0,0.5,none,True,True
109073,1.0,0.0,0.5,none,True,True
109074,1.0,0.0,0.5,none,True,True
109075,1.0,0.0,0.5,none,True,True
109076,1.0,0.0,0.5,none,True,True
109077,1.0,0.0,0.5,none,True,True
109078,1.0,0.0,0.5,none,True,True
109079,1.0,0.0,0.5,none,True,True
109080,1.0,0.0,0.5,none,True,True
109081,1.0,0.0,0.5,none,True,True
109082,1.0,0.0,0.5,none,True,True
109083,1.0,0.0,0.5,none,True,True
109084,1.0,0.0,0.5,none,True,True
109085,1.0,0.0,0.5,none,True,True
109086,1.0,0.0,0.5,none,True,True
109087,1.0,0.0,0.5,none,True,True
109088,1.0,0.0,0.5,none,True,True
109089,1.0,0.0,0.5,none,True,True
109090,1.0,0.0,0.5,none,True,True
109091,1.0,0.0,0.5,none,True,True
109092,1.0,0.0,0.5,none,True,True
109093,1.0,0.0,0.5,none,True,True
109094,1.0,0.0,0.5,none,True,True
109095,1.0,0.0,0.5,none,True,True
109096,1.0,0.0,0.5,none,True,True
109097,1.0,0.0,0.5,none,True,True
109098,1.0,0.0,0.5,none,True,True
109099,1.0,0.0,0.5,none,True,True
109100,1.0,0.0,0.5,none,True,True
109101,1.0,0.0,0.5,none,True,True
109102,1.0,0.0,0.5,none,True,True
109103,1.0,0.0,0.5,none,True,True
109104,1.0,0.0,0.5,none,True,True
109105,1.0,0.0,0.5,none,True,True
109106,1.0,0.0,0.5,none,True,True
109107,1.0,0.0,0.5,none,True,True
109108,1.0,0.0,0.5,none,True,True
109109,1.0,0.0,0.5,none,True,True
109110,1.0,0.0,0.5,none,True,True
109111,1.0,0.0,0.5,none,True,True
109112,1.0,0.0,0.5,none,True,True
109113,1.0,0.0,0.5,none,True,True
109114,1.0,0.0,0.5,none,True,True
109115,1.0,0.0,0.5,none,True,True
109116,1.0,0.0,0.5,none,True,True
109117,1.0,0.0,0.5,none,True,True
109118,1.0,0.0,0.5,none,True,True
109119,1.0,0.0,0.5,none,True,True
109120,1.0,0.0,0.5,none,True,True
109121,1.0,0.0,0.5,none,True,True
109122,1.0,0.0,0.5,none,True,True
109123,1.0,0.0,0.5,none,True,True
109124,1.0,0.0,0.5,none,True,True
109125,1.0,0.0,0.5,none,True,True
109126,1.0,0.0,0.5,none,True,True
109127,1.0,0.0,0.5,none,True,True
109128,1.0,0.0,0.5,none,True,True
109129,1.0,0.0,0.5,none,True,True
109130,1.0,0.0,0.5,none,True,True
109131,1.0,0.0,0.5,none,True,True
109132,1.0,0.0,0.5,none,True,True
109133,1.0,0.0,0.5,none,True,True
109134,1.0,0.0,0.5,none,True,True
109135,1.0,0.0,0.5,none,True,True
109136,1.0,0.0,0.5,none,True,True
109137,1.0,0.0,0.5,none,True,True
109138,1.0,0.0,0.5,none,True,True
109139,1.0,0.0,0.5,none,True,True
109140,1.0,0.0,0.5,none,True,True
109141,1.0,0.0,0.5,none,True,True
109142,1.0,0.0,0.5,none,True,True
109143,1.0,0.0,0.5,none,True,True
109144,1.0,0.0,0.5,none,True,True
109145,1.0,0.0,0.5,none,True,True
109146,1.0,0.0,0.5,none,True,True
109147,1.0,0.0,0.5,none,True,True
109148,1.0,0.0,0.5,none,True,True
109149,1.0,0.0,0.5,none,True,True
109150,1.0,0.0,0.5,none,True,True
109151,1.0,0.0,0.5,none,True,True
109152,1.0,0.0,0.5,none,True,True
109153,1.0,0.0,0.5,none,True,True
109154,1.0,0.0,0.5,none,True,True
109155,1.0,0.0,0.5,none,True,True
109156,1.0,0.0,0.5,none,True,True
109157,1.0,0.0,0.5,none,True,True
109158,1.0,0.0,0.5,none,True,True
109159,1.0,0.0,0.5,none,True,True
109160,1.0,0.0,0.5,none,True,True
109161,1.0,0.0,0.5,none,True,True
109162,1.0,0.0,0.5,none,True,True
109163,1.0,0.0,0.5,none,True,True
109164,1.0,0.0,0.5,none,True,True
109165,1.0,0.0,0.5,none,True,True
109166,1.0,0.0,0.5,none,True,True
109167,1.0,0.0,0.5,none,True,True
109168,1.0,0.0,0.5,none,True,True
109169,1.0,0.0,0.5,none,True,True
109170,1.0,0.0,0.5,none,True,True
109171,1.0,0.0,0.5,none,True,True
109172,1.0,0.0,0.5,none,True,True
109173,1.0,0.0,0.5,none,True,True
109174,1.0,0.0,0.5,none,True,True
109175,1.0,0.0,0.5,none,True,True
109176,1.0,0.0,0.5,none,True,True
109177,1.0,0.0,0.5,none,True,True
109178,1.0,0.0,0.5,none,True,True
109179,1.0,0.0,0.5,none,True,True
109180,1.0,0.0,0.5,none,True,True
109181,1.0,0.0,0.5,none,True,True
109182,1.0,0.0,0.5,none,True,True
109183,1.0,0.0,0.5,none,True,True
109184,1.0,0.0,0.5,none,True,True
109185,1.0,0.0,0.5,none,True,True
109186,1.0,0.0,0.5,none,True,True
109187,1.0,0.0,0.5,none,True,True
109188,1.0,0.0,0.5,none,True,True
109189,1.0,0.0,0.5,none,True,True
109190,1.0,0.0,0.5,none,True,True
109191,1.0,0.0,0.5,none,True,True
109192,1.0,0.0,0.5,none,True,True
109193,1.0,0.0,0.5,none,True,True
109194,1.0,0.0,0.5,none,True,True
109195,1.0,0.0,0.5,none,True,True
109196,1.0,0.0,0.5,none,True,True
109197,1.0,0.0,0.5,none,True,True
109198,1.0,0.0,0.5,none,True,True
109199,1.0,0.0,0.5,none,True,True
109200,1.0,0.0061,0.5,none,True,True
109201,1.0,0.0357,0.5,none,True,True
109202,1.0,0.0812,0.5,none,True,True
109203,1.0,0.1113,0.5,none,True,True
109204,1.0,0.1253,0.5,none,True,True
109205,1.0,0.1408,0.5,none,True,True
109206,1.0,0.0907,0.5,none,True,True
109207,1.0,0.1198,0.5,none,True,True
109208,1.0,0.0467,0.5,none,True,True
109209,1.0,0.0522,0.5,none,True,True
109210,1.0,0.0405,0.5,none,True,True
109211,1.0,0.0313,0.5,none,True,True
109212,1.0,0.0083,0.5,none,True,True
109213,1.0,0.0726,0.5,none,True,True
109214,1.0,0.0793,0.5,none,True,True
109215,1.0,0.0581,0.5,none,True,True
109216,1.0,0.0955,0.5,none,True,True
109217,1.0,0.0839,0.5,none,True,True
109218,1.0,0.0648,0.5,none,True,True
109219,1.0,0.0718,0.5,none,True,True
109220,1.0,0.0589,0.5,none,True,True
109221,1.0,0.0403,0.5,none,True,True
109222,1.0,0.0327,0.5,none,True,True
109223,1.0,0.0277,0.5,none,True,True
109224,1.0,0.017,0.5,none,True,True
109225,1.0,0.0102,0.5,none,True,True
109226,1.0,0.0099,0.5,none,True,True
109227,1.0,0.008,0.5,none,True,True
109228,1.0,0.005,0.5,none,True,True
109229,1.0,0.0063,0.5,none,True,True
109230,1.0,0.009,0.5,none,True,True
109231,1.0,0.0096,0.5,none,True,True
109232,1.0,0.0108,0.5,none,True,True
109233,1.0,0.014,0.5,none,True,True
109234,1.0,0.0161,0.5,none,True,True
109235,1.0,0.0167,0.5,none,True,True
109236,1.0,0.0182,0.5,none,True,True
109237,1.0,0.0196,0.5,none,True,True
109238,1.0,0.0197,0.5,none,True,True
109239,1.0,0.0193,0.5,none,True,True
109240,1.0,0.0193,0.5,none,True,True
109241,1.0,0.0187,0.5,none,True,True
109242,1.0,0.0174,0.5,none,True,True
109243,1.0,0.0163,0.5,none,True,True
109244,1.0,0.0152,0.5,none,True,True
109245,1.0,0.0138,0.5,none,True,True
109246,1.0,0.0123,0.5,none,True,True
109247,1.0,0.0111,0.5,none,True,True
109248,1.0,0.01,0.5,none,True,True
109249,1.0,0.0088,0.5,none,True,True
109250,1.0,0.0078,0.5,none,True,True
109251,1.0,0.0071,0.5,none,True,True
109252,1.0,0.0064,0.5,none,True,True
109253,1.0,0.0057,0.5,none,True,True
109254,1.0,0.0053,0.5,none,True,True
109255,1.0,0.005,0.5,none,True,True
109256,1.0,0.0047,0.5,none,True,True
109257,1.0,0.0045,0.5,none,True,True
109258,1.0,0.0044,0.5,none,True,True
109259,1.0,0.0043,0.5,none,True,True
109260,1.0,0.0042,0.5,none,True,True
109261,1.0,0.0041,0.5,none,True,True
109262,1.0,0.004,0.5,none,True,True
109263,1.0,0.0039,0.5,none,True,True
109264,1.0,0.0038,0.5,none,True,True
109265,1.0,0.0037,0.5,none,True,True
109266,1.0,0.0035,0.5,none,True,True
109267,1.0,0.0033,0.5,none,True,True
109268,1.0,0.0032,0.5,none,True,True
109269,1.0,0.003,0.5,none,True,True
109270,1.0,0.0028,0.5,none,True,True
109271,1.0,0.0026,0.5,none,True,True
109272,1.0,0.0024,0.5,none,True,True
109273,1.0,0.0023,0.5,none,True,True
109274,1.0,0.0021,0.5,none,True,True
109275,1.0,0.0019,0.5,none,True,True
109276,1.0,0.0018,0.5,none,True,True
109277,1.0,0.0017,0.5,none,True,True
109278,1.0,0.0015,0.5,none,True,True
109279,1.0,0.0014,0.5,none,True,True
109280,1.0,0.0013,0.5,none,True,True
109281,1.0,0.0013,0.5,none,True,True
109282,1.0,0.0012,0.5,none,True,True
109283,1.0,0.0011,0.5,none,True,True
109284,1.0,0.0011,0.5,none,True,True
109285,1.0,0.001,0.5,none,True,True
109286,1.0,0.001,0.5,none,True,True
109287,1.0,0.0009,0.5,none,True,True
109288,1.0,0.0009,0.5,none,True,True
109289,1.0,0.0008,0.5,none,True,True
109290,1.0,0.0008,0.5,none,True,True
109291,1.0,0.0008,0.5,none,True,True
109292,1.0,0.0007,0.5,none,True,True
109293,1.0,0.0007,0.5,none,True,True
109294,1.0,0.0006,0.5,none,True,True
109295,1.0,0.0006,0.5,none,True,True
109296,1.0,0.0006,0.5,none,True,True
109297,1.0,0.0005,0.5,none,True,True
109298,1.0,0.0005,0.5,none,True,True
109299,1.0,0.0005,0.5,none,True,True
109300,1.0,0.0004,0.5,none,True,True
109301,1.0,0.0004,0.5,none,True,True
109302,1.0,0.0004,0.5,none,True,True
109303,1.0,0.0004,0.5,none,True,True
109304,1.0,0.0003,0.5,none,True,True
109305,1.0,0.0003,0.5,none,True,True
109306,1.0,0.0003,0.5,none,True,True
109307,1.0,0.0003,0.5,none,True,True
109308,1.0,0.0003,0.5,none,True,True
109309,1.0,0.0003,0.5,none,True,True
109310,1.0,0.0002,0.5,none,True,True
109311,1.0,0.0002,0.5,none,True,True
109312,1.0,0.0002,0.5,none,True,True
109313,1.0,0.0002,0.5,none,True,True
109314,1.0,0.0002,0.5,none,True,True
109315,1.0,0.0002,0.5,none,True,True
109316,1.0,0.0002,0.5,none,True,True
109317,1.0,0.0002,0.5,none,True,True
109318,1.0,0.0002,0.5,none,True,True
109319,1.0,0.0001,0.5,none,True,True
109320,1.0,0.0001,0.5,none,True,True
109321,1.0,0.0001,0.5,none,True,True
109322,1.0,0.0001,0.5,none,True,True
109323,1.0,0.0001,0.5,none,True,True
109324,1.0,0.0001,0.5,none,True,True
109325,1.0,0.0001,0.5,none,True,True
109326,1.0,0.0001,0.5,none,True,True
109327,1.0,0.0001,0.5,none,True,True
109328,1.0,0.0001,0.5,none,True,True
109329,1.0,0.0001,0.5,none,True,True
109330,1.0,0.0001,0.5,none,True,True
109331,1.0,0.0001,0.5,none,True,True
109332,1.0,0.0001,0.5,none,True,True
109333,1.0,0.0001,0.5,none,True,True
109334,1.0,0.0001,0.5,none,True,True
109335,1.0,0.0001,0.5,none,True,True
109336,1.0,0.0001,0.5,none,True,True
109337,1.0,0.0,0.5,none,True,True
109338,1.0,0.0,0.5,none,True,True
109339,1.0,0.0,0.5,none,True,True
109340,1.0,0.0,0.5,none,True,True
109341,1.0,0.0,0.5,none,True,True
109342,1.0,0.0,0.5,none,True,True
109343,1.0,0.0,0.5,none,True,True
109344,1.0,0.0,0.5,none,True,True
109345,1.0,0.0,0.5,none,True,True
109346,1.0,0.0,0.5,none,True,True
109347,1.0,0.0,0.5,none,True,True
109348,1.0,0.0,0.5,none,True,True
109349,1.0,0.0,0.5,none,True,True
109350,1.0,0.0,0.5,none,True,True
109351,1.0,0.0,0.5,none,True,True
109352,1.0,0.0,0.5,none,True,True
109353,1.0,0.0,0.5,none,True,True
109354,1.0,0.0,0.5,none,True,True
109355,1.0,0.0,0.5,none,True,True
109356,1.0,0.0,0.5,none,True,True
109357,1.0,0.0,0.5,none,True,True
109358,1.0,0.0,0.5,none,True,True
109359,1.0,0.0,0.5,none,True,True
109360,1.0,0.0,0.5,none,True,True
109361,1.0,0.0,0.5,none,True,True
109362,1.0,0.0,0.5,none,True,True
109363,1.0,0.0,0.5,none,True,True
109364,1.0,0.0,0.5,none,True,True
109365,1.0,0.0,0.5,none,True,True
109366,1.0,0.0,0.5,none,True,True
109367,1.0,0.0,0.5,none,True,True
109368,1.0,0.0,0.5,none,True,True
109369,1.0,0.0,0.5,none,True,True
109370,1.0,0.0,0.5,none,True,True
109371,1.0,0.0,0.5,none,True,True
109372,1.0,0.0,0.5,none,True,True
109373,1.0,0.0,0.5,none,True,True
109374,1.0,0.0,0.5,none,True,True
109375,1.0,0.0,0.5,none,True,True
109376,1.0,0.0,0.5,none,True,True
109377,1.0,0.0,0.5,none,True,True
109378,1.0,0.0,0.5,none,True,True
109379,1.0,0.0,0.5,none,True,True
109380,1.0,0.0,0.5,none,True,True
109381,1.0,0.0,0.5,none,True,True
109382,1.0,0.0,0.5,none,True,True
109383,1.0,0.0,0.5,none,True,True
109384,1.0,0.0,0.5,none,True,True
109385,1.0,0.0,0.5,none,True,True
109386,1.0,0.0,0.5,none,True,True
109387,1.0,0.0,0.5,none,True,True
109388,1.0,0.0,0.5,none,True,True
109389,1.0,0.0,0.5,none,True,True
109390,1.0,0.0,0.5,none,True,True
109391,1.0,0.0,0.5,none,True,True
109392,1.0,0.0,0.5,none,True,True
109393,1.0,0.0,0.5,none,True,True
109394,1.0,0.0,0.5,none,True,True
109395,1.0,0.0,0.5,none,True,True
109396,1.0,0.0,0.5,none,True,True
109397,1.0,0.0,0.5,none,True,True
109398,1.0,0.0,0.5,none,True,True
109399,1.0,0.0,0.5,none,True,True
109400,1.0,0.0,0.5,none,True,True
109401,1.0,0.0,0.5,none,True,True
109402,1.0,0.0,0.5,none,True,True
109403,1.0,0.0,0.5,none,True,True
109404,1.0,0.0,0.5,none,True,True
109405,1.0,0.0,0.5,none,True,True
109406,1.0,0.0,0.5,none,True,True
109407,1.0,0.0,0.5,none,True,True
109408,1.0,0.0,0.5,none,True,True
109409,1.0,0.0,0.5,none,True,True
109410,1.0,0.0,0.5,none,True,True
109411,1.0,0.0,0.5,none,True,True
109412,1.0,0.0,0.5,none,True,True
109413,1.0,0.0,0.5,none,True,True
109414,1.0,0.0,0.5,none,True,True
109415,1.0,0.0,0.5,none,True,True
109416,1.0,0.0,0.5,none,True,True
109417,1.0,0.0,0.5,none,True,True
109418,1.0,0.0,0.5,none,True,True
109419,1.0,0.0,0.5,none,True,True
109420,1.0,0.0,0.5,none,True,True
109421,1.0,0.0,0.5,none,True,True
109422,1.0,0.0,0.5,none,True,True
109423,1.0,0.0,0.5,none,True,True
109424,1.0,0.0,0.5,none,True,True
109425,1.0,0.0,0.5,none,True,True
109426,1.0,0.0,0.5,none,True,True
109427,1.0,0.0,0.5,none,True,True
109428,1.0,0.0,0.5,none,True,True
109429,1.0,0.0,0.5,none,True,True
109430,1.0,0.0,0.5,none,True,True
109431,1.0,0.0,0.5,none,True,True
109432,1.0,0.0,0.5,none,True,True
109433,1.0,0.0,0.5,none,True,True
109434,1.0,0.0,0.5,none,True,True
109435,1.0,0.0,0.5,none,True,True
109436,1.0,0.0,0.5,none,True,True
109437,1.0,0.0,0.5,none,True,True
109438,1.0,0.0,0.5,none,True,True
109439,1.0,0.0,0.5,none,True,True
109440,1.0,0.0,0.5,none,True,True
109441,1.0,0.0,0.5,none,True,True
109442,1.0,0.0,0.5,none,True,True
109443,1.0,0.0,0.5,none,True,True
109444,1.0,0.0,0.5,none,True,True
109445,1.0,0.0,0.5,none,True,True
109446,1.0,0.0,0.5,none,True,True
109447,1.0,0.0,0.5,none,True,True
109448,1.0,0.0,0.5,none,True,True
109449,1.0,0.0,0.5,none,True,True
109450,1.0,0.0,0.5,none,True,True
109451,1.0,0.0,0.5,none,True,True
109452,1.0,0.0,0.5,none,True,True
109453,1.0,0.0,0.5,none,True,True
109454,1.0,0.0,0.5,none,True,True
109455,1.0,0.0,0.5,none,True,True
109456,1.0,0.0,0.5,none,True,True
109457,1.0,0.0,0.5,none,True,True
109458,1.0,0.0,0.5,none,True,True
109459,1.0,0.0,0.5,none,True,True
109460,1.0,0.0,0.5,none,True,True
109461,1.0,0.0,0.5,none,True,True
109462,1.0,0.0,0.5,none,True,True
109463,1.0,0.0,0.5,none,True,True
109464,1.0,0.0,0.5,none,True,True
109465,1.0,0.0,0.5,none,True,True
109466,1.0,0.0,0.5,none,True,True
109467,1.0,0.0,0.5,none,True,True
109468,1.0,0.0,0.5,none,True,True
109469,1.0,0.0,0.5,none,True,True
109470,1.0,0.0,0.5,none,True,True
109471,1.0,0.0,0.5,none,True,True
109472,1.0,0.0,0.5,none,True,True
109473,1.0,0.0,0.5,none,True,True
109474,1.0,0.0,0.5,none,True,True
109475,1.0,0.0,0.5,none,True,True
109476,1.0,0.0,0.5,none,True,True
109477,1.0,0.0,0.5,none,True,True
109478,1.0,0.0,0.5,none,True,True
109479,1.0,0.0,0.5,none,True,True
109480,1.0,0.0,0.5,none,True,True
109481,1.0,0.0,0.5,none,True,True
109482,1.0,0.0,0.5,none,True,True
109483,1.0,0.0,0.5,none,True,True
109484,1.0,0.0,0.5,none,True,True
109485,1.0,0.0,0.5,none,True,True
109486,1.0,0.0,0.5,none,True,True
109487,1.0,0.0,0.5,none,True,True
109488,1.0,0.0,0.5,none,True,True
109489,1.0,0.0,0.5,none,True,True
109490,1.0,0.0,0.5,none,True,True
109491,1.0,0.0,0.5,none,True,True
109492,1.0,0.0,0.5,none,True,True
109493,1.0,0.0,0.5,none,True,True
109494,1.0,0.0,0.5,none,True,True
109495,1.0,0.0,0.5,none,True,True
109496,1.0,0.0,0.5,none,True,True
109497,1.0,0.0,0.5,none,True,True
109498,1.0,0.0,0.5,none,True,True
109499,1.0,0.0,0.5,none,True,True
109500,1.0,0.0,0.5,none,True,True
109501,1.0,0.0,0.5,none,True,True
109502,1.0,0.0,0.5,none,True,True
109503,1.0,0.0,0.5,none,True,True
109504,1.0,0.0,0.5,none,True,True
109505,1.0,0.0,0.5,none,True,True
109506,1.0,0.0,0.5,none,True,True
109507,1.0,0.0,0.5,none,True,True
109508,1.0,0.0,0.5,none,True,True
109509,1.0,0.0,0.5,none,True,True
109510,1.0,0.0,0.5,none,True,True
109511,1.0,0.0,0.5,none,True,True
109512,1.0,0.0,0.5,none,True,True
109513,1.0,0.0,0.5,none,True,True
109514,1.0,0.0,0.5,none,True,True
109515,1.0,0.0,0.5,none,True,True
109516,1.0,0.0,0.5,none,True,True
109517,1.0,0.0,0.5,none,True,True
109518,1.0,0.0,0.5,none,True,True
109519,1.0,0.0,0.5,none,True,True
109520,1.0,0.0,0.5,none,True,True
109521,1.0,0.0,0.5,none,True,True
109522,1.0,0.0,0.5,none,True,True
109523,1.0,0.0,0.5,none,True,True
109524,1.0,0.0,0.5,none,True,True
109525,1.0,0.0,0.5,none,True,True
109526,1.0,0.0,0.5,none,True,True
109527,1.0,0.0,0.5,none,True,True
109528,1.0,0.0,0.5,none,True,True
109529,1.0,0.0,0.5,none,True,True
109530,1.0,0.0,0.5,none,True,True
109531,1.0,0.0,0.5,none,True,True
109532,1.0,0.0,0.5,none,True,True
109533,1.0,0.0,0.5,none,True,True
109534,1.0,0.0,0.5,none,True,True
109535,1.0,0.0,0.5,none,True,True
109536,1.0,0.0,0.5,none,True,True
109537,1.0,0.0,0.5,none,True,True
109538,1.0,0.0,0.5,none,True,True
109539,1.0,0.0,0.5,none,True,True
109540,1.0,0.0,0.5,none,True,True
109541,1.0,0.0,0.5,none,True,True
109542,1.0,0.0,0.5,none,True,True
109543,1.0,0.0,0.5,none,True,True
109544,1.0,0.0,0.5,none,True,True
109545,1.0,0.0,0.5,none,True,True
109546,1.0,0.0,0.5,none,True,True
109547,1.0,0.0,0.5,none,True,True
109548,1.0,0.0,0.5,none,True,True
109549,1.0,0.0,0.5,none,True,True
109550,1.0,0.0,0.5,none,True,True
109551,1.0,0.0,0.5,none,True,True
109552,1.0,0.0,0.5,none,True,True
109553,1.0,0.0,0.5,none,True,True
109554,1.0,0.0,0.5,none,True,True
109555,1.0,0.0,0.5,none,True,True
109556,1.0,0.0,0.5,none,True,True
109557,1.0,0.0,0.5,none,True,True
109558,1.0,0.0,0.5,none,True,True
109559,1.0,0.0,0.5,none,True,True
109560,1.0,0.0,0.5,none,True,True
109561,1.0,0.0,0.5,none,True,True
109562,1.0,0.0,0.5,none,True,True
109563,1.0,0.0,0.5,none,True,True
109564,1.0,0.0,0.5,none,True,True
109565,1.0,0.0,0.5,none,True,True
109566,1.0,0.0,0.5,none,True,True
109567,1.0,0.0,0.5,none,True,True
109568,1.0,0.0,0.5,none,True,True
109569,1.0,0.0,0.5,none,True,True
109570,1.0,0.0,0.5,none,True,True
109571,1.0,0.0,0.5,none,True,True
109572,1.0,0.0,0.5,none,True,True
109573,1.0,0.0,0.5,none,True,True
109574,1.0,0.0,0.5,none,True,True
109575,1.0,0.0,0.5,none,True,True
109576,1.0,0.0,0.5,none,True,True
109577,1.0,0.0,0.5,none,True,True
109578,1.0,0.0,0.5,none,True,True
109579,1.0,0.0,0.5,none,True,True
109580,1.0,0.0,0.5,none,True,True
109581,1.0,0.0,0.5,none,True,True
109582,1.0,0.0,0.5,none,True,True
109583,1.0,0.0,0.5,none,True,True
109584,1.0,0.0,0.5,none,True,True
109585,1.0,0.0,0.5,none,True,True
109586,1.0,0.0,0.5,none,True,True
109587,1.0,0.0,0.5,none,True,True
109588,1.0,0.0,0.5,none,True,True
109589,1.0,0.0,0.5,none,True,True
109590,1.0,0.0,0.5,none,True,True
109591,1.0,0.0,0.5,none,True,True
109592,1.0,0.0,0.5,none,True,True
109593,1.0,0.0,0.5,none,True,True
109594,1.0,0.0,0.5,none,True,True
109595,1.0,0.0,0.5,none,True,True
109596,1.0,0.0,0.5,none,True,True
109597,1.0,0.0,0.5,none,True,True
109598,1.0,0.0,0.5,none,True,True
109599,1.0,0.0,0.5,none,True,True
109600,1.0,0.0,0.5,none,True,True
109601,1.0,0.0,0.5,none,True,True
109602,1.0,0.0,0.5,none,True,True
109603,1.0,0.0,0.5,none,True,True
109604,1.0,0.0,0.5,none,True,True
109605,1.0,0.0,0.5,none,True,True
109606,1.0,0.0,0.5,none,True,True
109607,1.0,0.0,0.5,none,True,True
109608,1.0,0.0,0.5,none,True,True
109609,1.0,0.0,0.5,none,True,True
109610,1.0,0.0,0.5,none,True,True
109611,1.0,0.0,0.5,none,True,True
109612,1.0,0.0,0.5,none,True,True
109613,1.0,0.0,0.5,none,True,True
109614,1.0,0.0,0.5,none,True,True
109615,1.0,0.0,0.5,none,True,True
109616,1.0,0.0,0.5,none,True,True
109617,1.0,0.0,0.5,none,True,True
109618,1.0,0.0,0.5,none,True,True
109619,1.0,0.0,0.5,none,True,True
109620,1.0,0.0,0.5,none,True,True
109621,1.0,0.0,0.5,none,True,True
109622,1.0,0.0,0.5,none,True,True
109623,1.0,0.0,0.5,none,True,True
109624,1.0,0.0,0.5,none,True,True
109625,1.0,0.0,0.5,none,True,True
109626,1.0,0.0,0.5,none,True,True
109627,1.0,0.0,0.5,none,True,True
109628,1.0,0.0,0.5,none,True,True
109629,1.0,0.0,0.5,none,True,True
109630,1.0,0.0,0.5,none,True,True
109631,1.0,0.0,0.5,none,True,True
109632,1.0,0.0,0.5,none,True,True
109633,1.0,0.0,0.5,none,True,True
109634,1.0,0.0,0.5,none,True,True
109635,1.0,0.0,0.5,none,True,True
109636,1.0,0.0,0.5,none,True,True
109637,1.0,0.0,0.5,none,True,True
109638,1.0,0.0,0.5,none,True,True
109639,1.0,0.0,0.5,none,True,True
109640,1.0,0.0,0.5,none,True,True
109641,1.0,0.0,0.5,none,True,True
109642,1.0,0.0,0.5,none,True,True
109643,1.0,0.0,0.5,none,True,True
109644,1.0,0.0,0.5,none,True,True
109645,1.0,0.0,0.5,none,True,True
109646,1.0,0.0,0.5,none,True,True
109647,1.0,0.0,0.5,none,True,True
109648,1.0,0.0,0.5,none,True,True
109649,1.0,0.0,0.5,none,True,True
109650,1.0,0.0,0.5,none,True,True
109651,1.0,0.0,0.5,none,True,True
109652,1.0,0.0,0.5,none,True,True
109653,1.0,0.0,0.5,none,True,True
109654,1.0,0.0,0.5,none,True,True
109655,1.0,0.0,0.5,none,True,True
109656,1.0,0.0,0.5,none,True,True
109657,1.0,0.0,0.5,none,True,True
109658,1.0,0.0,0.5,none,True,True
109659,1.0,0.0,0.5,none,True,True
109660,1.0,0.0,0.5,none,True,True
109661,1.0,0.0,0.5,none,True,True
109662,1.0,0.0,0.5,none,True,True
109663,1.0,0.0,0.5,none,True,True
109664,1.0,0.0,0.5,none,True,True
109665,1.0,0.0,0.5,none,True,True
109666,1.0,0.0,0.5,none,True,True
109667,1.0,0.0,0.5,none,True,True
109668,1.0,0.0,0.5,none,True,True
109669,1.0,0.0,0.5,none,True,True
109670,1.0,0.0,0.5,none,True,True
109671,1.0,0.0,0.5,none,True,True
109672,1.0,0.0,0.5,none,True,True
109673,1.0,0.0,0.5,none,True,True
109674,1.0,0.0,0.5,none,True,True
109675,1.0,0.0,0.5,none,True,True
109676,1.0,0.0,0.5,none,True,True
109677,1.0,0.0,0.5,none,True,True
109678,1.0,0.0,0.5,none,True,True
109679,1.0,0.0,0.5,none,True,True
109680,1.0,0.0,0.5,none,True,True
109681,1.0,0.0,0.5,none,True,True
109682,1.0,0.0,0.5,none,True,True
109683,1.0,0.0,0.5,none,True,True
109684,1.0,0.0,0.5,none,True,True
109685,1.0,0.0,0.5,none,True,True
109686,1.0,0.0,0.5,none,True,True
109687,1.0,0.0,0.5,none,True,True
109688,1.0,0.0,0.5,none,True,True
109689,1.0,0.0,0.5,none,True,True
109690,1.0,0.0,0.5,none,True,True
109691,1.0,0.0,0.5,none,True,True
109692,1.0,0.0,0.5,none,True,True
109693,1.0,0.0,0.5,none,True,True
109694,1.0,0.0,0.5,none,True,True
109695,1.0,0.0,0.5,none,True,True
109696,1.0,0.0,0.5,none,True,True
109697,1.0,0.0,0.5,none,True,True
109698,1.0,0.0,0.5,none,True,True
109699,1.0,0.0,0.5,none,True,True
109700,1.0,0.0,0.5,none,True,True
109701,1.0,0.0,0.5,none,True,True
109702,1.0,0.0,0.5,none,True,True
109703,1.0,0.0,0.5,none,True,True
109704,1.0,0.0,0.5,none,True,True
109705,1.0,0.0,0.5,none,True,True
109706,1.0,0.0,0.5,none,True,True
109707,1.0,0.0,0.5,none,True,True
109708,1.0,0.0,0.5,none,True,True
109709,1.0,0.0,0.5,none,True,True
109710,1.0,0.0,0.5,none,True,True
109711,1.0,0.0,0.5,none,True,True
109712,1.0,0.0,0.5,none,True,True
109713,1.0,0.0,0.5,none,True,True
109714,1.0,0.0,0.5,none,True,True
109715,1.0,0.0,0.5,none,True,True
109716,1.0,0.0,0.5,none,True,True
109717,1.0,0.0,0.5,none,True,True
109718,1.0,0.0,0.5,none,True,True
109719,1.0,0.0,0.5,none,True,True
109720,1.0,0.0,0.5,none,True,True
109721,1.0,0.0,0.5,none,True,True
109722,1.0,0.0,0.5,none,True,True
109723,1.0,0.0,0.5,none,True,True
109724,1.0,0.0,0.5,none,True,True
109725,1.0,0.0,0.5,none,True,True
109726,1.0,0.0,0.5,none,True,True
109727,1.0,0.0,0.5,none,True,True
109728,1.0,0.0,0.5,none,True,True
109729,1.0,0.0,0.5,none,True,True
109730,1.0,0.0,0.5,none,True,True
109731,1.0,0.0,0.5,none,True,True
109732,1.0,0.0,0.5,none,True,True
109733,1.0,0.0,0.5,none,True,True
109734,1.0,0.0,0.5,none,True,True
109735,1.0,0.0,0.5,none,True,True
109736,1.0,0.0,0.5,none,True,True
109737,1.0,0.0,0.5,none,True,True
109738,1.0,0.0,0.5,none,True,True
109739,1.0,0.0,0.5,none,True,True
109740,1.0,0.0,0.5,none,True,True
109741,1.0,0.0,0.5,none,True,True
109742,1.0,0.0,0.5,none,True,True
109743,1.0,0.0,0.5,none,True,True
109744,1.0,0.0,0.5,none,True,True
109745,1.0,0.0,0.5,none,True,True
109746,1.0,0.0,0.5,none,True,True
109747,1.0,0.0,0.5,none,True,True
109748,1.0,0.0,0.5,none,True,True
109749,1.0,0.0,0.5,none,True,True
109750,1.0,0.0,0.5,none,True,True
109751,1.0,0.0,0.5,none,True,True
109752,1.0,0.0,0.5,none,True,True
109753,1.0,0.0,0.5,none,True,True
109754,1.0,0.0,0.5,none,True,True
109755,1.0,0.0,0.5,none,True,True
109756,1.0,0.0,0.5,none,True,True
109757,1.0,0.0,0.5,none,True,True
109758,1.0,0.0,0.5,none,True,True
109759,1.0,0.0,0.5,none,True,True
109760,1.0,0.0,0.5,none,True,True
109761,1.0,0.0,0.5,none,True,True
109762,1.0,0.0,0.5,none,True,True
109763,1.0,0.0,0.5,none,True,True
109764,1.0,0.0,0.5,none,True,True
109765,1.0,0.0,0.5,none,True,True
109766,1.0,0.0,0.5,none,True,True
109767,1.0,0.0,0.5,none,True,True
109768,1.0,0.0,0.5,none,True,True
109769,1.0,0.0,0.5,none,True,True
109770,1.0,0.0,0.5,none,True,True
109771,1.0,0.0,0.5,none,True,True
109772,1.0,0.0,0.5,none,True,True
109773,1.0,0.0,0.5,none,True,True
109774,1.0,0.0,0.5,none,True,True
109775,1.0,0.0,0.5,none,True,True
109776,1.0,0.0,0.5,none,True,True
109777,1.0,0.0,0.5,none,True,True
109778,1.0,0.0,0.5,none,True,True
109779,1.0,0.0,0.5,none,True,True
109780,1.0,0.0,0.5,none,True,True
109781,1.0,0.0,0.5,none,True,True
109782,1.0,0.0,0.5,none,True,True
109783,1.0,0.0,0.5,none,True,True
109784,1.0,0.0,0.5,none,True,True
109785,1.0,0.0,0.5,none,True,True
109786,1.0,0.0,0.5,none,True,True
109787,1.0,0.0,0.5,none,True,True
109788,1.0,0.0,0.5,none,True,True
109789,1.0,0.0,0.5,none,True,True
109790,1.0,0.0,0.5,none,True,True
109791,1.0,0.0,0.5,none,True,True
109792,1.0,0.0,0.5,none,True,True
109793,1.0,0.0,0.5,none,True,True
109794,1.0,0.0,0.5,none,True,True
109795,1.0,0.0,0.5,none,True,True
109796,1.0,0.0,0.5,none,True,True
109797,1.0,0.0,0.5,none,True,True
109798,1.0,0.0,0.5,none,True,True
109799,1.0,0.0,0.5,none,True,True
109800,1.0,0.0,0.5,none,True,True
109801,1.0,0.0,0.5,none,True,True
109802,1.0,0.0,0.5,none,True,True
109803,1.0,0.0,0.5,none,True,True
109804,1.0,0.0,0.5,none,True,True
109805,1.0,0.0,0.5,none,True,True
109806,1.0,0.0,0.5,none,True,True
109807,1.0,0.0,0.5,none,True,True
109808,1.0,0.0,0.5,none,True,True
109809,1.0,0.0,0.5,none,True,True
109810,1.0,0.0,0.5,none,True,True
109811,1.0,0.0,0.5,none,True,True
109812,1.0,0.0,0.5,none,True,True
109813,1.0,0.0,0.5,none,True,True
109814,1.0,0.0,0.5,none,True,True
109815,1.0,0.0,0.5,none,True,True
109816,1.0,0.0,0.5,none,True,True
109817,1.0,0.0,0.5,none,True,True
109818,1.0,0.0,0.5,none,True,True
109819,1.0,0.0,0.5,none,True,True
109820,1.0,0.0,0.5,none,True,True
109821,1.0,0.0,0.5,none,True,True
109822,1.0,0.0,0.5,none,True,True
109823,1.0,0.0,0.5,none,True,True
109824,1.0,0.0,0.5,none,True,True
109825,1.0,0.0,0.5,none,True,True
109826,1.0,0.0,0.5,none,True,True
109827,1.0,0.0,0.5,none,True,True
109828,1.0,0.0,0.5,none,True,True
109829,1.0,0.0,0.5,none,True,True
109830,1.0,0.0,0.5,none,True,True
109831,1.0,0.0,0.5,none,True,True
109832,1.0,0.0,0.5,none,True,True
109833,1.0,0.0,0.5,none,True,True
109834,1.0,0.0,0.5,none,True,True
109835,1.0,0.0,0.5,none,True,True
109836,1.0,0.0,0.5,none,True,True
109837,1.0,0.0,0.5,none,True,True
109838,1.0,0.0,0.5,none,True,True
109839,1.0,0.0,0.5,none,True,True
109840,1.0,0.0,0.5,none,True,True
109841,1.0,0.0,0.5,none,True,True
109842,1.0,0.0,0.5,none,True,True
109843,1.0,0.0,0.5,none,True,True
109844,1.0,0.0,0.5,none,True,True
109845,1.0,0.0,0.5,none,True,True
109846,1.0,0.0,0.5,none,True,True
109847,1.0,0.0,0.5,none,True,True
109848,1.0,0.0,0.5,none,True,True
109849,1.0,0.0,0.5,none,True,True
109850,1.0,0.0,0.5,none,True,True
109851,1.0,0.0,0.5,none,True,True
109852,1.0,0.0,0.5,none,True,True
109853,1.0,0.0,0.5,none,True,True
109854,1.0,0.0,0.5,none,True,True
109855,1.0,0.0,0.5,none,True,True
109856,1.0,0.0,0.5,none,True,True
109857,1.0,0.0,0.5,none,True,True
109858,1.0,0.0,0.5,none,True,True
109859,1.0,0.0,0.5,none,True,True
109860,1.0,0.0,0.5,none,True,True
109861,1.0,0.0,0.5,none,True,True
109862,1.0,0.0,0.5,none,True,True
109863,1.0,0.0,0.5,none,True,True
109864,1.0,0.0,0.5,none,True,True
109865,1.0,0.0,0.5,none,True,True
109866,1.0,0.0,0.5,none,True,True
109867,1.0,0.0,0.5,none,True,True
109868,1.0,0.0,0.5,none,True,True
109869,1.0,0.0,0.5,none,True,True
109870,1.0,0.0,0.5,none,True,True
109871,1.0,0.0,0.5,none,True,True
109872,1.0,0.0,0.5,none,True,True
109873,1.0,0.0,0.5,none,True,True
109874,1.0,0.0,0.5,none,True,True
109875,1.0,0.0,0.5,none,True,True
109876,1.0,0.0,0.5,none,True,True
109877,1.0,0.0,0.5,none,True,True
109878,1.0,0.0,0.5,none,True,True
109879,1.0,0.0,0.5,none,True,True
109880,1.0,0.0,0.5,none,True,True
109881,1.0,0.0,0.5,none,True,True
109882,1.0,0.0,0.5,none,True,True
109883,1.0,0.0,0.5,none,True,True
109884,1.0,0.0,0.5,none,True,True
109885,1.0,0.0,0.5,none,True,True
109886,1.0,0.0,0.5,none,True,True
109887,1.0,0.0,0.5,none,True,True
109888,1.0,0.0,0.5,none,True,True
109889,1.0,0.0,0.5,none,True,True
109890,1.0,0.0,0.5,none,True,True
109891,1.0,0.0,0.5,none,True,True
109892,1.0,0.0,0.5,none,True,True
109893,1.0,0.0,0.5,none,True,True
109894,1.0,0.0,0.5,none,True,True
109895,1.0,0.0,0.5,none,True,True
109896,1.0,0.0,0.5,none,True,True
109897,1.0,0.0,0.5,none,True,True
109898,1.0,0.0,0.5,none,True,True
109899,1.0,0.0,0.5,none,True,True
109900,1.0,0.0061,0.5,none,True,True
109901,1.0,0.0357,0.5,none,True,True
109902,1.0,0.0812,0.5,none,True,True
109903,1.0,0.1113,0.5,none,True,True
109904,1.0,0.1253,0.5,none,True,True
109905,1.0,0.1408,0.5,none,True,True
109906,1.0,0.0907,0.5,none,True,True
109907,1.0,0.1198,0.5,none,True,True
109908,1.0,0.0467,0.5,none,True,True
109909,1.0,0.0522,0.5,none,True,True
109910,1.0,0.0405,0.5,none,True,True
109911,1.0,0.0313,0.5,none,True,True
109912,1.0,0.0083,0.5,none,True,True
109913,1.0,0.0726,0.5,none,True,True
109914,1.0,0.0793,0.5,none,True,True
109915,1.0,0.0581,0.5,none,True,True
109916,1.0,0.0955,0.5,none,True,True
109917,1.0,0.0839,0.5,none,True,True
109918,1.0,0.0648,0.5,none,True,True
109919,1.0,0.0718,0.5,none,True,True
109920,1.0,0.0589,0.5,none,True,True
109921,1.0,0.0403,0.5,none,True,True
109922,1.0,0.0327,0.5,none,True,True
109923,1.0,0.0277,0.5,none,True,True
109924,1.0,0.017,0.5,none,True,True
109925,1.0,0.0102,0.5,none,True,True
109926,1.0,0.0099,0.5,none,True,True
109927,1.0,0.008,0.5,none,True,True
109928,1.0,0.005,0.5,none,True,True
109929,1.0,0.0063,0.5,none,True,True
109930,1.0,0.009,0.5,none,True,True
109931,1.0,0.0096,0.5,none,True,True
109932,1.0,0.0108,0.5,none,True,True
109933,1.0,0.014,0.5,none,True,True
109934,1.0,0.0161,0.5,none,True,True
109935,1.0,0.0167,0.5,none,True,True
109936,1.0,0.0182,0.5,none,True,True
109937,1.0,0.0196,0.5,none,True,True
109938,1.0,0.0197,0.5,none,True,True
109939,1.0,0.0193,0.5,none,True,True
109940,1.0,0.0193,0.5,none,True,True
109941,1.0,0.0187,0.5,none,True,True
109942,1.0,0.0174,0.5,none,True,True
109943,1.0,0.0163,0.5,none,True,True
109944,1.0,0.0152,0.5,none,True,True
109945,1.0,0.0138,0.5,none,True,True
109946,1.0,0.0123,0.5,none,True,True
109947,1.0,0.0111,0.5,none,True,True
109948,1.0,0.01,0.5,none,True,True
109949,1.0,0.0088,0.5,none,True,True
109950,1.0,0.0078,0.5,none,True,True
109951,1.0,0.0071,0.5,none,True,True
109952,1.0,0.0064,0.5,none,True,True
109953,1.0,0.0057,0.5,none,True,True
109954,1.0,0.0053,0.5,none,True,True
109955,1.0,0.005,0.5,none,True,True
109956,1.0,0.0047,0.5,none,True,True
109957,1.0,0.0045,0.5,none,True,True
109958,1.0,0.0044,0.5,none,True,True
109959,1.0,0.0043,0.5,none,True,True
109960,1.0,0.0042,0.5,none,True,True
109961,1.0,0.0041,0.5,none,True,True
109962,1.0,0.004,0.5,none,True,True
109963,1.0,0.0039,0.5,none,True,True
109964,1.0,0.0038,0.5,none,True,True
109965,1.0,0.0037,0.5,none,True,True
109966,1.0,0.0035,0.5,none,True,True
109967,1.0,0.0033,0.5,none,True,True
109968,1.0,0.0032,0.5,none,True,True
109969,1.0,0.003,0.5,none,True,True
109970,1.0,0.0028,0.5,none,True,True
109971,1.0,0.0026,0.5,none,True,True
109972,1.0,0.0024,0.5,none,True,True
109973,1.0,0.0023,0.5,none,True,True
109974,1.0,0.0021,0.5,none,True,True
109975,1.0,0.0019,0.5,none,True,True
109976,1.0,0.0018,0.5,none,True,True
109977,1.0,0.0017,0.5,none,True,True
109978,1.0,0.0015,0.5,none,True,True
109979,1.0,0.0014,0.5,none,True,True
109980,1.0,0.0013,0.5,none,True,True
109981,1.0,0.0013,0.5,none,True,True
109982,1.0,0.0012,0.5,none,True,True
109983,1.0,0.0011,0.5,none,True,True
109984,1.0,0.0011,0.5,none,True,True
109985,1.0,0.001,0.5,none,True,True
109986,1.0,0.001,0.5,none,True,True
109987,1.0,0.0009,0.5,none,True,True
109988,1.0,0.0009,0.5,none,True,True
109989,1.0,0.0008,0.5,none,True,True
109990,1.0,0.0008,0.5,none,True,True
109991,1.0,0.0008,0.5,none,True,True
109992,1.0,0.0007,0.5,none,True,True
109993,1.0,0.0007,0.5,none,True,True
109994,1.0,0.0006,0.5,none,True,True
109995,1.0,0.0006,0.5,none,True,True
109996,1.0,0.0006,0.5,none,True,True
109997,1.0,0.0005,0.5,none,True,True
109998,1.0,0.0005,0.5,none,True,True
109999,1.0,0.0005,0.5,none,True,True
110000,1.0,0.0004,0.5,none,True,True
110001,1.0,0.0004,0.5,none,True,True
110002,1.0,0.0004,0.5,none,True,True
110003,1.0,0.0004,0.5,none,True,True
110004,1.0,0.0003,0.5,none,True,True
110005,1.0,0.0003,0.5,none,True,True
110006,1.0,0.0003,0.5,none,True,True
110007,1.0,0.0003,0.5,none,True,True
110008,1.0,0.0003,0.5,none,True,True
110009,1.0,0.0003,0.5,none,True,True
110010,1.0,0.0002,0.5,none,True,True
110011,1.0,0.0002,0.5,none,True,True
110012,1.0,0.0002,0.5,none,True,True
110013,1.0,0.0002,0.5,none,True,True
110014,1.0,0.0002,0.5,none,True,True
110015,1.0,0.0002,0.5,none,True,True
110016,1.0,0.0002,0.5,none,True,True
110017,1.0,0.0002,0.5,none,True,True
110018,1.0,0.0002,0.5,none,True,True
110019,1.0,0.0001,0.5,none,True,True
110020,1.0,0.0001,0.5,none,True,True
110021,1.0,0.0001,0.5,none,True,True
110022,1.0,0.0001,0.5,none,True,True
110023,1.0,0.0001,0.5,none,True,True
110024,1.0,0.0001,0.5,none,True,True
110025,1.0,0.0001,0.5,none,True,True
110026,1.0,0.0001,0.5,none,True,True
110027,1.0,0.0001,0.5,none,True,True
110028,1.0,0.0001,0.5,none,True,True
110029,1.0,0.0001,0.5,none,True,True
110030,1.0,0.0001,0.5,none,True,True
110031,1.0,0.0001,0.5,none,True,True
110032,1.0,0.0001,0.5,none,True,True
110033,1.0,0.0001,0.5,none,True,True
110034,1.0,0.0001,0.5,none,True,True
110035,1.0,0.0001,0.5,none,True,True
110036,1.0,0.0001,0.5,none,True,True
110037,1.0,0.0,0.5,none,True,True
110038,1.0,0.0,0.5,none,True,True
110039,1.0,0.0,0.5,none,True,True
110040,1.0,0.0,0.5,none,True,True
110041,1.0,0.0,0.5,none,True,True
110042,1.0,0.0,0.5,none,True,True
110043,1.0,0.0,0.5,none,True,True
110044,1.0,0.0,0.5,none,True,True
110045,1.0,0.0,0.5,none,True,True
110046,1.0,0.0,0.5,none,True,True
110047,1.0,0.0,0.5,none,True,True
110048,1.0,0.0,0.5,none,True,True
110049,1.0,0.0,0.5,none,True,True
110050,1.0,0.0,0.5,none,True,True
110051,1.0,0.0,0.5,none,True,True
110052,1.0,0.0,0.5,none,True,True
110053,1.0,0.0,0.5,none,True,True
110054,1.0,0.0,0.5,none,True,True
110055,1.0,0.0,0.5,none,True,True
110056,1.0,0.0,0.5,none,True,True
110057,1.0,0.0,0.5,none,True,True
110058,1.0,0.0,0.5,none,True,True
110059,1.0,0.0,0.5,none,True,True
110060,1.0,0.0,0.5,none,True,True
110061,1.0,0.0,0.5,none,True,True
110062,1.0,0.0,0.5,none,True,True
110063,1.0,0.0,0.5,none,True,True
110064,1.0,0.0,0.5,none,True,True
110065,1.0,0.0,0.5,none,True,True
110066,1.0,0.0,0.5,none,True,True
110067,1.0,0.0,0.5,none,True,True
110068,1.0,0.0,0.5,none,True,True
110069,1.0,0.0,0.5,none,True,True
110070,1.0,0.0,0.5,none,True,True
110071,1.0,0.0,0.5,none,True,True
110072,1.0,0.0,0.5,none,True,True
110073,1.0,0.0,0.5,none,True,True
110074,1.0,0.0,0.5,none,True,True
110075,1.0,0.0,0.5,none,True,True
110076,1.0,0.0,0.5,none,True,True
110077,1.0,0.0,0.5,none,True,True
110078,1.0,0.0,0.5,none,True,True
110079,1.0,0.0,0.5,none,True,True
110080,1.0,0.0,0.5,none,True,True
110081,1.0,0.0,0.5,none,True,True
110082,1.0,0.0,0.5,none,True,True
110083,1.0,0.0,0.5,none,True,True
110084,1.0,0.0,0.5,none,True,True
110085,1.0,0.0,0.5,none,True,True
110086,1.0,0.0,0.5,none,True,True
110087,1.0,0.0,0.5,none,True,True
110088,1.0,0.0,0.5,none,True,True
110089,1.0,0.0,0.5,none,True,True
110090,1.0,0.0,0.5,none,True,True
110091,1.0,0.0,0.5,none,True,True
110092,1.0,0.0,0.5,none,True,True
110093,1.0,0.0,0.5,none,True,True
110094,1.0,0.0,0.5,none,True,True
110095,1.0,0.0,0.5,none,True,True
110096,1.0,0.0,0.5,none,True,True
110097,1.0,0.0,0.5,none,True,True
110098,1.0,0.0,0.5,none,True,True
110099,1.0,0.0,0.5,none,True,True
110100,1.0,0.0,0.5,none,True,True
110101,1.0,0.0,0.5,none,True,True
110102,1.0,0.0,0.5,none,True,True
110103,1.0,0.0,0.5,none,True,True
110104,1.0,0.0,0.5,none,True,True
110105,1.0,0.0,0.5,none,True,True
110106,1.0,0.0,0.5,none,True,True
110107,1.0,0.0,0.5,none,True,True
110108,1.0,0.0,0.5,none,True,True
110109,1.0,0.0,0.5,none,True,True
110110,1.0,0.0,0.5,none,True,True
110111,1.0,0.0,0.5,none,True,True
110112,1.0,0.0,0.5,none,True,True
110113,1.0,0.0,0.5,none,True,True
110114,1.0,0.0,0.5,none,True,True
110115,1.0,0.0,0.5,none,True,True
110116,1.0,0.0,0.5,none,True,True
110117,1.0,0.0,0.5,none,True,True
110118,1.0,0.0,0.5,none,True,True
110119,1.0,0.0,0.5,none,True,True
110120,1.0,0.0,0.5,none,True,True
110121,1.0,0.0,0.5,none,True,True
110122,1.0,0.0,0.5,none,True,True
110123,1.0,0.0,0.5,none,True,True
110124,1.0,0.0,0.5,none,True,True
110125,1.0,0.0,0.5,none,True,True
110126,1.0,0.0,0.5,none,True,True
110127,1.0,0.0,0.5,none,True,True
110128,1.0,0.0,0.5,none,True,True
110129,1.0,0.0,0.5,none,True,True
110130,1.0,0.0,0.5,none,True,True
110131,1.0,0.0,0.5,none,True,True
110132,1.0,0.0,0.5,none,True,True
110133,1.0,0.0,0.5,none,True,True
110134,1.0,0.0,0.5,none,True,True
110135,1.0,0.0,0.5,none,True,True
110136,1.0,0.0,0.5,none,True,True
110137,1.0,0.0,0.5,none,True,True
110138,1.0,0.0,0.5,none,True,True
110139,1.0,0.0,0.5,none,True,True
110140,1.0,0.0,0.5,none,True,True
110141,1.0,0.0,0.5,none,True,True
110142,1.0,0.0,0.5,none,True,True
110143,1.0,0.0,0.5,none,True,True
110144,1.0,0.0,0.5,none,True,True
110145,1.0,0.0,0.5,none,True,True
110146,1.0,0.0,0.5,none,True,True
110147,1.0,0.0,0.5,none,True,True
110148,1.0,0.0,0.5,none,True,True
110149,1.0,0.0,0.5,none,True,True
110150,1.0,0.0,0.5,none,True,True
110151,1.0,0.0,0.5,none,True,True
110152,1.0,0.0,0.5,none,True,True
110153,1.0,0.0,0.5,none,True,True
110154,1.0,0.0,0.5,none,True,True
110155,1.0,0.0,0.5,none,True,True
110156,1.0,0.0,0.5,none,True,True
110157,1.0,0.0,0.5,none,True,True
110158,1.0,0.0,0.5,none,True,True
110159,1.0,0.0,0.5,none,True,True
110160,1.0,0.0,0.5,none,True,True
110161,1.0,0.0,0.5,none,True,True
110162,1.0,0.0,0.5,none,True,True
110163,1.0,0.0,0.5,none,True,True
110164,1.0,0.0,0.5,none,True,True
110165,1.0,0.0,0.5,none,True,True
110166,1.0,0.0,0.5,none,True,True
110167,1.0,0.0,0.5,none,True,True
110168,1.0,0.0,0.5,none,True,True
110169,1.0,0.0,0.5,none,True,True
110170,1.0,0.0,0.5,none,True,True
110171,1.0,0.0,0.5,none,True,True
110172,1.0,0.0,0.5,none,True,True
110173,1.0,0.0,0.5,none,True,True
110174,1.0,0.0,0.5,none,True,True
110175,1.0,0.0,0.5,none,True,True
110176,1.0,0.0,0.5,none,True,True
110177,1.0,0.0,0.5,none,True,True
110178,1.0,0.0,0.5,none,True,True
110179,1.0,0.0,0.5,none,True,True
110180,1.0,0.0,0.5,none,True,True
110181,1.0,0.0,0.5,none,True,True
110182,1.0,0.0,0.5,none,True,True
110183,1.0,0.0,0.5,none,True,True
110184,1.0,0.0,0.5,none,True,True
110185,1.0,0.0,0.5,none,True,True
110186,1.0,0.0,0.5,none,True,True
110187,1.0,0.0,0.5,none,True,True
110188,1.0,0.0,0.5,none,True,True
110189,1.0,0.0,0.5,none,True,True
110190,1.0,0.0,0.5,none,True,True
110191,1.0,0.0,0.5,none,True,True
110192,1.0,0.0,0.5,none,True,True
110193,1.0,0.0,0.5,none,True,True
110194,1.0,0.0,0.5,none,True,True
110195,1.0,0.0,0.5,none,True,True
110196,1.0,0.0,0.5,none,True,True
110197,1.0,0.0,0.5,none,True,True
110198,1.0,0.0,0.5,none,True,True
110199,1.0,0.0,0.5,none,True,True
110200,1.0,0.0,0.5,none,True,True
110201,1.0,0.0,0.5,none,True,True
110202,1.0,0.0,0.5,none,True,True
110203,1.0,0.0,0.5,none,True,True
110204,1.0,0.0,0.5,none,True,True
110205,1.0,0.0,0.5,none,True,True
110206,1.0,0.0,0.5,none,True,True
110207,1.0,0.0,0.5,none,True,True
110208,1.0,0.0,0.5,none,True,True
110209,1.0,0.0,0.5,none,True,True
110210,1.0,0.0,0.5,none,True,True
110211,1.0,0.0,0.5,none,True,True
110212,1.0,0.0,0.5,none,True,True
110213,1.0,0.0,0.5,none,True,True
110214,1.0,0.0,0.5,none,True,True
110215,1.0,0.0,0.5,none,True,True
110216,1.0,0.0,0.5,none,True,True
110217,1.0,0.0,0.5,none,True,True
110218,1.0,0.0,0.5,none,True,True
110219,1.0,0.0,0.5,none,True,True
110220,1.0,0.0,0.5,none,True,True
110221,1.0,0.0,0.5,none,True,True
110222,1.0,0.0,0.5,none,True,True
110223,1.0,0.0,0.5,none,True,True
110224,1.0,0.0,0.5,none,True,True
110225,1.0,0.0,0.5,none,True,True
110226,1.0,0.0,0.5,none,True,True
110227,1.0,0.0,0.5,none,True,True
110228,1.0,0.0,0.5,none,True,True
110229,1.0,0.0,0.5,none,True,True
110230,1.0,0.0,0.5,none,True,True
110231,1.0,0.0,0.5,none,True,True
110232,1.0,0.0,0.5,none,True,True
110233,1.0,0.0,0.5,none,True,True
110234,1.0,0.0,0.5,none,True,True
110235,1.0,0.0,0.5,none,True,True
110236,1.0,0.0,0.5,none,True,True
110237,1.0,0.0,0.5,none,True,True
110238,1.0,0.0,0.5,none,True,True
110239,1.0,0.0,0.5,none,True,True
110240,1.0,0.0,0.5,none,True,True
110241,1.0,0.0,0.5,none,True,True
110242,1.0,0.0,0.5,none,True,True
110243,1.0,0.0,0.5,none,True,True
110244,1.0,0.0,0.5,none,True,True
110245,1.0,0.0,0.5,none,True,True
110246,1.0,0.0,0.5,none,True,True
110247,1.0,0.0,0.5,none,True,True
110248,1.0,0.0,0.5,none,True,True
110249,1.0,0.0,0.5,none,True,True
110250,1.0,0.0,0.5,none,True,True
110251,1.0,0.0,0.5,none,True,True
110252,1.0,0.0,0.5,none,True,True
110253,1.0,0.0,0.5,none,True,True
110254,1.0,0.0,0.5,none,True,True
110255,1.0,0.0,0.5,none,True,True
110256,1.0,0.0,0.5,none,True,True
110257,1.0,0.0,0.5,none,True,True
110258,1.0,0.0,0.5,none,True,True
110259,1.0,0.0,0.5,none,True,True
110260,1.0,0.0,0.5,none,True,True
110261,1.0,0.0,0.5,none,True,True
110262,1.0,0.0,0.5,none,True,True
110263,1.0,0.0,0.5,none,True,True
110264,1.0,0.0,0.5,none,True,True
110265,1.0,0.0,0.5,none,True,True
110266,1.0,0.0,0.5,none,True,True
110267,1.0,0.0,0.5,none,True,True
110268,1.0,0.0,0.5,none,True,True
110269,1.0,0.0,0.5,none,True,True
110270,1.0,0.0,0.5,none,True,True
110271,1.0,0.0,0.5,none,True,True
110272,1.0,0.0,0.5,none,True,True
110273,1.0,0.0,0.5,none,True,True
110274,1.0,0.0,0.5,none,True,True
110275,1.0,0.0,0.5,none,True,True
110276,1.0,0.0,0.5,none,True,True
110277,1.0,0.0,0.5,none,True,True
110278,1.0,0.0,0.5,none,True,True
110279,1.0,0.0,0.5,none,True,True
110280,1.0,0.0,0.5,none,True,True
110281,1.0,0.0,0.5,none,True,True
110282,1.0,0.0,0.5,none,True,True
110283,1.0,0.0,0.5,none,True,True
110284,1.0,0.0,0.5,none,True,True
110285,1.0,0.0,0.5,none,True,True
110286,1.0,0.0,0.5,none,True,True
110287,1.0,0.0,0.5,none,True,True
110288,1.0,0.0,0.5,none,True,True
110289,1.0,0.0,0.5,none,True,True
110290,1.0,0.0,0.5,none,True,True
110291,1.0,0.0,0.5,none,True,True
110292,1.0,0.0,0.5,none,True,True
110293,1.0,0.0,0.5,none,True,True
110294,1.0,0.0,0.5,none,True,True
110295,1.0,0.0,0.5,none,True,True
110296,1.0,0.0,0.5,none,True,True
110297,1.0,0.0,0.5,none,True,True
110298,1.0,0.0,0.5,none,True,True
110299,1.0,0.0,0.5,none,True,True
110300,1.0,0.0,0.5,none,True,True
110301,1.0,0.0,0.5,none,True,True
110302,1.0,0.0,0.5,none,True,True
110303,1.0,0.0,0.5,none,True,True
110304,1.0,0.0,0.5,none,True,True
110305,1.0,0.0,0.5,none,True,True
110306,1.0,0.0,0.5,none,True,True
110307,1.0,0.0,0.5,none,True,True
110308,1.0,0.0,0.5,none,True,True
110309,1.0,0.0,0.5,none,True,True
110310,1.0,0.0,0.5,none,True,True
110311,1.0,0.0,0.5,none,True,True
110312,1.0,0.0,0.5,none,True,True
110313,1.0,0.0,0.5,none,True,True
110314,1.0,0.0,0.5,none,True,True
110315,1.0,0.0,0.5,none,True,True
110316,1.0,0.0,0.5,none,True,True
110317,1.0,0.0,0.5,none,True,True
110318,1.0,0.0,0.5,none,True,True
110319,1.0,0.0,0.5,none,True,True
110320,1.0,0.0,0.5,none,True,True
110321,1.0,0.0,0.5,none,True,True
110322,1.0,0.0,0.5,none,True,True
110323,1.0,0.0,0.5,none,True,True
110324,1.0,0.0,0.5,none,True,True
110325,1.0,0.0,0.5,none,True,True
110326,1.0,0.0,0.5,none,True,True
110327,1.0,0.0,0.5,none,True,True
110328,1.0,0.0,0.5,none,True,True
110329,1.0,0.0,0.5,none,True,True
110330,1.0,0.0,0.5,none,True,True
110331,1.0,0.0,0.5,none,True,True
110332,1.0,0.0,0.5,none,True,True
110333,1.0,0.0,0.5,none,True,True
110334,1.0,0.0,0.5,none,True,True
110335,1.0,0.0,0.5,none,True,True
110336,1.0,0.0,0.5,none,True,True
110337,1.0,0.0,0.5,none,True,True
110338,1.0,0.0,0.5,none,True,True
110339,1.0,0.0,0.5,none,True,True
110340,1.0,0.0,0.5,none,True,True
110341,1.0,0.0,0.5,none,True,True
110342,1.0,0.0,0.5,none,True,True
110343,1.0,0.0,0.5,none,True,True
110344,1.0,0.0,0.5,none,True,True
110345,1.0,0.0,0.5,none,True,True
110346,1.0,0.0,0.5,none,True,True
110347,1.0,0.0,0.5,none,True,True
110348,1.0,0.0,0.5,none,True,True
110349,1.0,0.0,0.5,none,True,True
110350,1.0,0.0,0.5,none,True,True
110351,1.0,0.0,0.5,none,True,True
110352,1.0,0.0,0.5,none,True,True
110353,1.0,0.0,0.5,none,True,True
110354,1.0,0.0,0.5,none,True,True
110355,1.0,0.0,0.5,none,True,True
110356,1.0,0.0,0.5,none,True,True
110357,1.0,0.0,0.5,none,True,True
110358,1.0,0.0,0.5,none,True,True
110359,1.0,0.0,0.5,none,True,True
110360,1.0,0.0,0.5,none,True,True
110361,1.0,0.0,0.5,none,True,True
110362,1.0,0.0,0.5,none,True,True
110363,1.0,0.0,0.5,none,True,True
110364,1.0,0.0,0.5,none,True,True
110365,1.0,0.0,0.5,none,True,True
110366,1.0,0.0,0.5,none,True,True
110367,1.0,0.0,0.5,none,True,True
110368,1.0,0.0,0.5,none,True,True
110369,1.0,0.0,0.5,none,True,True
110370,1.0,0.0,0.5,none,True,True
110371,1.0,0.0,0.5,none,True,True
110372,1.0,0.0,0.5,none,True,True
110373,1.0,0.0,0.5,none,True,True
110374,1.0,0.0,0.5,none,True,True
110375,1.0,0.0,0.5,none,True,True
110376,1.0,0.0,0.5,none,True,True
110377,1.0,0.0,0.5,none,True,True
110378,1.0,0.0,0.5,none,True,True
110379,1.0,0.0,0.5,none,True,True
110380,1.0,0.0,0.5,none,True,True
110381,1.0,0.0,0.5,none,True,True
110382,1.0,0.0,0.5,none,True,True
110383,1.0,0.0,0.5,none,True,True
110384,1.0,0.0,0.5,none,True,True
110385,1.0,0.0,0.5,none,True,True
110386,1.0,0.0,0.5,none,True,True
110387,1.0,0.0,0.5,none,True,True
110388,1.0,0.0,0.5,none,True,True
110389,1.0,0.0,0.5,none,True,True
110390,1.0,0.0,0.5,none,True,True
110391,1.0,0.0,0.5,none,True,True
110392,1.0,0.0,0.5,none,True,True
110393,1.0,0.0,0.5,none,True,True
110394,1.0,0.0,0.5,none,True,True
110395,1.0,0.0,0.5,none,True,True
110396,1.0,0.0,0.5,none,True,True
110397,1.0,0.0,0.5,none,True,True
110398,1.0,0.0,0.5,none,True,True
110399,1.0,0.0,0.5,none,True,True
110400,1.0,0.0,0.5,none,True,True
110401,1.0,0.0,0.5,none,True,True
110402,1.0,0.0,0.5,none,True,True
110403,1.0,0.0,0.5,none,True,True
110404,1.0,0.0,0.5,none,True,True
110405,1.0,0.0,0.5,none,True,True
110406,1.0,0.0,0.5,none,True,True
110407,1.0,0.0,0.5,none,True,True
110408,1.0,0.0,0.5,none,True,True
110409,1.0,0.0,0.5,none,True,True
110410,1.0,0.0,0.5,none,True,True
110411,1.0,0.0,0.5,none,True,True
110412,1.0,0.0,0.5,none,True,True
110413,1.0,0.0,0.5,none,True,True
110414,1.0,0.0,0.5,none,True,True
110415,1.0,0.0,0.5,none,True,True
110416,1.0,0.0,0.5,none,True,True
110417,1.0,0.0,0.5,none,True,True
110418,1.0,0.0,0.5,none,True,True
110419,1.0,0.0,0.5,none,True,True
110420,1.0,0.0,0.5,none,True,True
110421,1.0,0.0,0.5,none,True,True
110422,1.0,0.0,0.5,none,True,True
110423,1.0,0.0,0.5,none,True,True
110424,1.0,0.0,0.5,none,True,True
110425,1.0,0.0,0.5,none,True,True
110426,1.0,0.0,0.5,none,True,True
110427,1.0,0.0,0.5,none,True,True
110428,1.0,0.0,0.5,none,True,True
110429,1.0,0.0,0.5,none,True,True
110430,1.0,0.0,0.5,none,True,True
110431,1.0,0.0,0.5,none,True,True
110432,1.0,0.0,0.5,none,True,True
110433,1.0,0.0,0.5,none,True,True
110434,1.0,0.0,0.5,none,True,True
110435,1.0,0.0,0.5,none,True,True
110436,1.0,0.0,0.5,none,True,True
110437,1.0,0.0,0.5,none,True,True
110438,1.0,0.0,0.5,none,True,True
110439,1.0,0.0,0.5,none,True,True
110440,1.0,0.0,0.5,none,True,True
110441,1.0,0.0,0.5,none,True,True
110442,1.0,0.0,0.5,none,True,True
110443,1.0,0.0,0.5,none,True,True
110444,1.0,0.0,0.5,none,True,True
110445,1.0,0.0,0.5,none,True,True
110446,1.0,0.0,0.5,none,True,True
110447,1.0,0.0,0.5,none,True,True
110448,1.0,0.0,0.5,none,True,True
110449,1.0,0.0,0.5,none,True,True
110450,1.0,0.0,0.5,none,True,True
110451,1.0,0.0,0.5,none,True,True
110452,1.0,0.0,0.5,none,True,True
110453,1.0,0.0,0.5,none,True,True
110454,1.0,0.0,0.5,none,True,True
110455,1.0,0.0,0.5,none,True,True
110456,1.0,0.0,0.5,none,True,True
110457,1.0,0.0,0.5,none,True,True
110458,1.0,0.0,0.5,none,True,True
110459,1.0,0.0,0.5,none,True,True
110460,1.0,0.0,0.5,none,True,True
110461,1.0,0.0,0.5,none,True,True
110462,1.0,0.0,0.5,none,True,True
110463,1.0,0.0,0.5,none,True,True
110464,1.0,0.0,0.5,none,True,True
110465,1.0,0.0,0.5,none,True,True
110466,1.0,0.0,0.5,none,True,True
110467,1.0,0.0,0.5,none,True,True
110468,1.0,0.0,0.5,none,True,True
110469,1.0,0.0,0.5,none,True,True
110470,1.0,0.0,0.5,none,True,True
110471,1.0,0.0,0.5,none,True,True
110472,1.0,0.0,0.5,none,True,True
110473,1.0,0.0,0.5,none,True,True
110474,1.0,0.0,0.5,none,True,True
110475,1.0,0.0,0.5,none,True,True
110476,1.0,0.0,0.5,none,True,True
110477,1.0,0.0,0.5,none,True,True
110478,1.0,0.0,0.5,none,True,True
110479,1.0,0.0,0.5,none,True,True
110480,1.0,0.0,0.5,none,True,True
110481,1.0,0.0,0.5,none,True,True
110482,1.0,0.0,0.5,none,True,True
110483,1.0,0.0,0.5,none,True,True
110484,1.0,0.0,0.5,none,True,True
110485,1.0,0.0,0.5,none,True,True
110486,1.0,0.0,0.5,none,True,True
110487,1.0,0.0,0.5,none,True,True
110488,1.0,0.0,0.5,none,True,True
110489,1.0,0.0,0.5,none,True,True
110490,1.0,0.0,0.5,none,True,True
110491,1.0,0.0,0.5,none,True,True
110492,1.0,0.0,0.5,none,True,True
110493,1.0,0.0,0.5,none,True,True
110494,1.0,0.0,0.5,none,True,True
110495,1.0,0.0,0.5,none,True,True
110496,1.0,0.0,0.5,none,True,True
110497,1.0,0.0,0.5,none,True,True
110498,1.0,0.0,0.5,none,True,True
110499,1.0,0.0,0.5,none,True,True
110500,1.0,0.0,0.5,none,True,True
110501,1.0,0.0,0.5,none,True,True
110502,1.0,0.0,0.5,none,True,True
110503,1.0,0.0,0.5,none,True,True
110504,1.0,0.0,0.5,none,True,True
110505,1.0,0.0,0.5,none,True,True
110506,1.0,0.0,0.5,none,True,True
110507,1.0,0.0,0.5,none,True,True
110508,1.0,0.0,0.5,none,True,True
110509,1.0,0.0,0.5,none,True,True
110510,1.0,0.0,0.5,none,True,True
110511,1.0,0.0,0.5,none,True,True
110512,1.0,0.0,0.5,none,True,True
110513,1.0,0.0,0.5,none,True,True
110514,1.0,0.0,0.5,none,True,True
110515,1.0,0.0,0.5,none,True,True
110516,1.0,0.0,0.5,none,True,True
110517,1.0,0.0,0.5,none,True,True
110518,1.0,0.0,0.5,none,True,True
110519,1.0,0.0,0.5,none,True,True
110520,1.0,0.0,0.5,none,True,True
110521,1.0,0.0,0.5,none,True,True
110522,1.0,0.0,0.5,none,True,True
110523,1.0,0.0,0.5,none,True,True
110524,1.0,0.0,0.5,none,True,True
110525,1.0,0.0,0.5,none,True,True
110526,1.0,0.0,0.5,none,True,True
110527,1.0,0.0,0.5,none,True,True
110528,1.0,0.0,0.5,none,True,True
110529,1.0,0.0,0.5,none,True,True
110530,1.0,0.0,0.5,none,True,True
110531,1.0,0.0,0.5,none,True,True
110532,1.0,0.0,0.5,none,True,True
110533,1.0,0.0,0.5,none,True,True
110534,1.0,0.0,0.5,none,True,True
110535,1.0,0.0,0.5,none,True,True
110536,1.0,0.0,0.5,none,True,True
110537,1.0,0.0,0.5,none,True,True
110538,1.0,0.0,0.5,none,True,True
110539,1.0,0.0,0.5,none,True,True
110540,1.0,0.0,0.5,none,True,True
110541,1.0,0.0,0.5,none,True,True
110542,1.0,0.0,0.5,none,True,True
110543,1.0,0.0,0.5,none,True,True
110544,1.0,0.0,0.5,none,True,True
110545,1.0,0.0,0.5,none,True,True
110546,1.0,0.0,0.5,none,True,True
110547,1.0,0.0,0.5,none,True,True
110548,1.0,0.0,0.5,none,True,True
110549,1.0,0.0,0.5,none,True,True
110550,1.0,0.0,0.5,none,True,True
110551,1.0,0.0,0.5,none,True,True
110552,1.0,0.0,0.5,none,True,True
110553,1.0,0.0,0.5,none,True,True
110554,1.0,0.0,0.5,none,True,True
110555,1.0,0.0,0.5,none,True,True
110556,1.0,0.0,0.5,none,True,True
110557,1.0,0.0,0.5,none,True,True
110558,1.0,0.0,0.5,none,True,True
110559,1.0,0.0,0.5,none,True,True
110560,1.0,0.0,0.5,none,True,True
110561,1.0,0.0,0.5,none,True,True
110562,1.0,0.0,0.5,none,True,True
110563,1.0,0.0,0.5,none,True,True
110564,1.0,0.0,0.5,none,True,True
110565,1.0,0.0,0.5,none,True,True
110566,1.0,0.0,0.5,none,True,True
110567,1.0,0.0,0.5,none,True,True
110568,1.0,0.0,0.5,none,True,True
110569,1.0,0.0,0.5,none,True,True
110570,1.0,0.0,0.5,none,True,True
110571,1.0,0.0,0.5,none,True,True
110572,1.0,0.0,0.5,none,True,True
110573,1.0,0.0,0.5,none,True,True
110574,1.0,0.0,0.5,none,True,True
110575,1.0,0.0,0.5,none,True,True
110576,1.0,0.0,0.5,none,True,True
110577,1.0,0.0,0.5,none,True,True
110578,1.0,0.0,0.5,none,True,True
110579,1.0,0.0,0.5,none,True,True
110580,1.0,0.0,0.5,none,True,True
110581,1.0,0.0,0.5,none,True,True
110582,1.0,0.0,0.5,none,True,True
110583,1.0,0.0,0.5,none,True,True
110584,1.0,0.0,0.5,none,True,True
110585,1.0,0.0,0.5,none,True,True
110586,1.0,0.0,0.5,none,True,True
110587,1.0,0.0,0.5,none,True,True
110588,1.0,0.0,0.5,none,True,True
110589,1.0,0.0,0.5,none,True,True
110590,1.0,0.0,0.5,none,True,True
110591,1.0,0.0,0.5,none,True,True
110592,1.0,0.0,0.5,none,True,True
110593,1.0,0.0,0.5,none,True,True
110594,1.0,0.0,0.5,none,True,True
110595,1.0,0.0,0.5,none,True,True
110596,1.0,0.0,0.5,none,True,True
110597,1.0,0.0,0.5,none,True,True
110598,1.0,0.0,0.5,none,True,True
110599,1.0,0.0,0.5,none,True,True
110600,1.0,0.0061,0.5,none,True,True
110601,1.0,0.0357,0.5,none,True,True
110602,1.0,0.0812,0.5,none,True,True
110603,1.0,0.1113,0.5,none,True,True
110604,1.0,0.1253,0.5,none,True,True
110605,1.0,0.1408,0.5,none,True,True
110606,1.0,0.0907,0.5,none,True,True
110607,1.0,0.1198,0.5,none,True,True
110608,1.0,0.0467,0.5,none,True,True
110609,1.0,0.0522,0.5,none,True,True
110610,1.0,0.0405,0.5,none,True,True
110611,1.0,0.0313,0.5,none,True,True
110612,1.0,0.0083,0.5,none,True,True
110613,1.0,0.0726,0.5,none,True,True
110614,1.0,0.0793,0.5,none,True,True
110615,1.0,0.0581,0.5,none,True,True
110616,1.0,0.0955,0.5,none,True,True
110617,1.0,0.0839,0.5,none,True,True
110618,1.0,0.0648,0.5,none,True,True
110619,1.0,0.0718,0.5,none,True,True
110620,1.0,0.0589,0.5,none,True,True
110621,1.0,0.0403,0.5,none,True,True
110622,1.0,0.0327,0.5,none,True,True
110623,1.0,0.0277,0.5,none,True,True
110624,1.0,0.017,0.5,none,True,True
110625,1.0,0.0102,0.5,none,True,True
110626,1.0,0.0099,0.5,none,True,True
110627,1.0,0.008,0.5,none,True,True
110628,1.0,0.005,0.5,none,True,True
110629,1.0,0.0063,0.5,none,True,True
110630,1.0,0.009,0.5,none,True,True
110631,1.0,0.0096,0.5,none,True,True
110632,1.0,0.0108,0.5,none,True,True
110633,1.0,0.014,0.5,none,True,True
110634,1.0,0.0161,0.5,none,True,True
110635,1.0,0.0167,0.5,none,True,True
110636,1.0,0.0182,0.5,none,True,True
110637,1.0,0.0196,0.5,none,True,True
110638,1.0,0.0197,0.5,none,True,True
110639,1.0,0.0193,0.5,none,True,True
110640,1.0,0.0193,0.5,none,True,True
110641,1.0,0.0187,0.5,none,True,True
110642,1.0,0.0174,0.5,none,True,True
110643,1.0,0.0163,0.5,none,True,True
110644,1.0,0.0152,0.5,none,True,True
110645,1.0,0.0138,0.5,none,True,True
110646,1.0,0.0123,0.5,none,True,True
110647,1.0,0.0111,0.5,none,True,True
110648,1.0,0.01,0.5,none,True,True
110649,1.0,0.0088,0.5,none,True,True
110650,1.0,0.0078,0.5,none,True,True
110651,1.0,0.0071,0.5,none,True,True
110652,1.0,0.0064,0.5,none,True,True
110653,1.0,0.0057,0.5,none,True,True
110654,1.0,0.0053,0.5,none,True,True
110655,1.0,0.005,0.5,none,True,True
110656,1.0,0.0047,0.5,none,True,True
110657,1.0,0.0045,0.5,none,True,True
110658,1.0,0.0044,0.5,none,True,True
110659,1.0,0.0043,0.5,none,True,True
110660,1.0,0.0042,0.5,none,True,True
110661,1.0,0.0041,0.5,none,True,True
110662,1.0,0.004,0.5,none,True,True
110663,1.0,0.0039,0.5,none,True,True
110664,1.0,0.0038,0.5,none,True,True
110665,1.0,0.0037,0.5,none,True,True
110666,1.0,0.0035,0.5,none,True,True
110667,1.0,0.0033,0.5,none,True,True
110668,1.0,0.0032,0.5,none,True,True
110669,1.0,0.003,0.5,none,True,True
110670,1.0,0.0028,0.5,none,True,True
110671,1.0,0.0026,0.5,none,True,True
110672,1.0,0.0024,0.5,none,True,True
110673,1.0,0.0023,0.5,none,True,True
110674,1.0,0.0021,0.5,none,True,True
110675,1.0,0.0019,0.5,none,True,True
110676,1.0,0.0018,0.5,none,True,True
110677,1.0,0.0017,0.5,none,True,True
110678,1.0,0.0015,0.5,none,True,True
110679,1.0,0.0014,0.5,none,True,True
110680,1.0,0.0013,0.5,none,True,True
110681,1.0,0.0013,0.5,none,True,True
110682,1.0,0.0012,0.5,none,True,True
110683,1.0,0.0011,0.5,none,True,True
110684,1.0,0.0011,0.5,none,True,True
110685,1.0,0.001,0.5,none,True,True
110686,1.0,0.001,0.5,none,True,True
110687,1.0,0.0009,0.5,none,True,True
110688,1.0,0.0009,0.5,none,True,True
110689,1.0,0.0008,0.5,none,True,True
110690,1.0,0.0008,0.5,none,True,True
110691,1.0,0.0008,0.5,none,True,True
110692,1.0,0.0007,0.5,none,True,True
110693,1.0,0.0007,0.5,none,True,True
110694,1.0,0.0006,0.5,none,True,True
110695,1.0,0.0006,0.5,none,True,True
110696,1.0,0.0006,0.5,none,True,True
110697,1.0,0.0005,0.5,none,True,True
110698,1.0,0.0005,0.5,none,True,True
110699,1.0,0.0005,0.5,none,True,True
110700,1.0,0.0004,0.5,none,True,True
110701,1.0,0.0004,0.5,none,True,True
110702,1.0,0.0004,0.5,none,True,True
110703,1.0,0.0004,0.5,none,True,True
110704,1.0,0.0003,0.5,none,True,True
110705,1.0,0.0003,0.5,none,True,True
110706,1.0,0.0003,0.5,none,True,True
110707,1.0,0.0003,0.5,none,True,True
110708,1.0,0.0003,0.5,none,True,True
110709,1.0,0.0003,0.5,none,True,True
110710,1.0,0.0002,0.5,none,True,True
110711,1.0,0.0002,0.5,none,True,True
110712,1.0,0.0002,0.5,none,True,True
110713,1.0,0.0002,0.5,none,True,True
110714,1.0,0.0002,0.5,none,True,True
110715,1.0,0.0002,0.5,none,True,True
110716,1.0,0.0002,0.5,none,True,True
110717,1.0,0.0002,0.5,none,True,True
110718,1.0,0.0002,0.5,none,True,True
110719,1.0,0.0001,0.5,none,True,True
110720,1.0,0.0001,0.5,none,True,True
110721,1.0,0.0001,0.5,none,True,True
110722,1.0,0.0001,0.5,none,True,True
110723,1.0,0.0001,0.5,none,True,True
110724,1.0,0.0001,0.5,none,True,True
110725,1.0,0.0001,0.5,none,True,True
110726,1.0,0.0001,0.5,none,True,True
110727,1.0,0.0001,0.5,none,True,True
110728,1.0,0.0001,0.5,none,True,True
110729,1.0,0.0001,0.5,none,True,True
110730,1.0,0.0001,0.5,none,True,True
110731,1.0,0.0001,0.5,none,True,True
110732,1.0,0.0001,0.5,none,True,True
110733,1.0,0.0001,0.5,none,True,True
110734,1.0,0.0001,0.5,none,True,True
110735,1.0,0.0001,0.5,none,True,True
110736,1.0,0.0001,0.5,none,True,True
110737,1.0,0.0,0.5,none,True,True
110738,1.0,0.0,0.5,none,True,True
110739,1.0,0.0,0.5,none,True,True
110740,1.0,0.0,0.5,none,True,True
110741,1.0,0.0,0.5,none,True,True
110742,1.0,0.0,0.5,none,True,True
110743,1.0,0.0,0.5,none,True,True
110744,1.0,0.0,0.5,none,True,True
110745,1.0,0.0,0.5,none,True,True
110746,1.0,0.0,0.5,none,True,True
110747,1.0,0.0,0.5,none,True,True
110748,1.0,0.0,0.5,none,True,True
110749,1.0,0.0,0.5,none,True,True
110750,1.0,0.0,0.5,none,True,True
110751,1.0,0.0,0.5,none,True,True
110752,1.0,0.0,0.5,none,True,True
110753,1.0,0.0,0.5,none,True,True
110754,1.0,0.0,0.5,none,True,True
110755,1.0,0.0,0.5,none,True,True
110756,1.0,0.0,0.5,none,True,True
110757,1.0,0.0,0.5,none,True,True
110758,1.0,0.0,0.5,none,True,True
110759,1.0,0.0,0.5,none,True,True
110760,1.0,0.0,0.5,none,True,True
110761,1.0,0.0,0.5,none,True,True
110762,1.0,0.0,0.5,none,True,True
110763,1.0,0.0,0.5,none,True,True
110764,1.0,0.0,0.5,none,True,True
110765,1.0,0.0,0.5,none,True,True
110766,1.0,0.0,0.5,none,True,True
110767,1.0,0.0,0.5,none,True,True
110768,1.0,0.0,0.5,none,True,True
110769,1.0,0.0,0.5,none,True,True
110770,1.0,0.0,0.5,none,True,True
110771,1.0,0.0,0.5,none,True,True
110772,1.0,0.0,0.5,none,True,True
110773,1.0,0.0,0.5,none,True,True
110774,1.0,0.0,0.5,none,True,True
110775,1.0,0.0,0.5,none,True,True
110776,1.0,0.0,0.5,none,True,True
110777,1.0,0.0,0.5,none,True,True
110778,1.0,0.0,0.5,none,True,True
110779,1.0,0.0,0.5,none,True,True
110780,1.0,0.0,0.5,none,True,True
110781,1.0,0.0,0.5,none,True,True
110782,1.0,0.0,0.5,none,True,True
110783,1.0,0.0,0.5,none,True,True
110784,1.0,0.0,0.5,none,True,True
110785,1.0,0.0,0.5,none,True,True
110786,1.0,0.0,0.5,none,True,True
110787,1.0,0.0,0.5,none,True,True
110788,1.0,0.0,0.5,none,True,True
110789,1.0,0.0,0.5,none,True,True
110790,1.0,0.0,0.5,none,True,True
110791,1.0,0.0,0.5,none,True,True
110792,1.0,0.0,0.5,none,True,True
110793,1.0,0.0,0.5,none,True,True
110794,1.0,0.0,0.5,none,True,True
110795,1.0,0.0,0.5,none,True,True
110796,1.0,0.0,0.5,none,True,True
110797,1.0,0.0,0.5,none,True,True
110798,1.0,0.0,0.5,none,True,True
110799,1.0,0.0,0.5,none,True,True
110800,1.0,0.0,0.5,none,True,True
110801,1.0,0.0,0.5,none,True,True
110802,1.0,0.0,0.5,none,True,True
110803,1.0,0.0,0.5,none,True,True
110804,1.0,0.0,0.5,none,True,True
110805,1.0,0.0,0.5,none,True,True
110806,1.0,0.0,0.5,none,True,True
110807,1.0,0.0,0.5,none,True,True
110808,1.0,0.0,0.5,none,True,True
110809,1.0,0.0,0.5,none,True,True
110810,1.0,0.0,0.5,none,True,True
110811,1.0,0.0,0.5,none,True,True
110812,1.0,0.0,0.5,none,True,True
110813,1.0,0.0,0.5,none,True,True
110814,1.0,0.0,0.5,none,True,True
110815,1.0,0.0,0.5,none,True,True
110816,1.0,0.0,0.5,none,True,True
110817,1.0,0.0,0.5,none,True,True
110818,1.0,0.0,0.5,none,True,True
110819,1.0,0.0,0.5,none,True,True
110820,1.0,0.0,0.5,none,True,True
110821,1.0,0.0,0.5,none,True,True
110822,1.0,0.0,0.5,none,True,True
110823,1.0,0.0,0.5,none,True,True
110824,1.0,0.0,0.5,none,True,True
110825,1.0,0.0,0.5,none,True,True
110826,1.0,0.0,0.5,none,True,True
110827,1.0,0.0,0.5,none,True,True
110828,1.0,0.0,0.5,none,True,True
110829,1.0,0.0,0.5,none,True,True
110830,1.0,0.0,0.5,none,True,True
110831,1.0,0.0,0.5,none,True,True
110832,1.0,0.0,0.5,none,True,True
110833,1.0,0.0,0.5,none,True,True
110834,1.0,0.0,0.5,none,True,True
110835,1.0,0.0,0.5,none,True,True
110836,1.0,0.0,0.5,none,True,True
110837,1.0,0.0,0.5,none,True,True
110838,1.0,0.0,0.5,none,True,True
110839,1.0,0.0,0.5,none,True,True
110840,1.0,0.0,0.5,none,True,True
110841,1.0,0.0,0.5,none,True,True
110842,1.0,0.0,0.5,none,True,True
110843,1.0,0.0,0.5,none,True,True
110844,1.0,0.0,0.5,none,True,True
110845,1.0,0.0,0.5,none,True,True
110846,1.0,0.0,0.5,none,True,True
110847,1.0,0.0,0.5,none,True,True
110848,1.0,0.0,0.5,none,True,True
110849,1.0,0.0,0.5,none,True,True
110850,1.0,0.0,0.5,none,True,True
110851,1.0,0.0,0.5,none,True,True
110852,1.0,0.0,0.5,none,True,True
110853,1.0,0.0,0.5,none,True,True
110854,1.0,0.0,0.5,none,True,True
110855,1.0,0.0,0.5,none,True,True
110856,1.0,0.0,0.5,none,True,True
110857,1.0,0.0,0.5,none,True,True
110858,1.0,0.0,0.5,none,True,True
110859,1.0,0.0,0.5,none,True,True
110860,1.0,0.0,0.5,none,True,True
110861,1.0,0.0,0.5,none,True,True
110862,1.0,0.0,0.5,none,True,True
110863,1.0,0.0,0.5,none,True,True
110864,1.0,0.0,0.5,none,True,True
110865,1.0,0.0,0.5,none,True,True
110866,1.0,0.0,0.5,none,True,True
110867,1.0,0.0,0.5,none,True,True
110868,1.0,0.0,0.5,none,True,True
110869,1.0,0.0,0.5,none,True,True
110870,1.0,0.0,0.5,none,True,True
110871,1.0,0.0,0.5,none,True,True
110872,1.0,0.0,0.5,none,True,True
110873,1.0,0.0,0.5,none,True,True
110874,1.0,0.0,0.5,none,True,True
110875,1.0,0.0,0.5,none,True,True
110876,1.0,0.0,0.5,none,True,True
110877,1.0,0.0,0.5,none,True,True
110878,1.0,0.0,0.5,none,True,True
110879,1.0,0.0,0.5,none,True,True
110880,1.0,0.0,0.5,none,True,True
110881,1.0,0.0,0.5,none,True,True
110882,1.0,0.0,0.5,none,True,True
110883,1.0,0.0,0.5,none,True,True
110884,1.0,0.0,0.5,none,True,True
110885,1.0,0.0,0.5,none,True,True
110886,1.0,0.0,0.5,none,True,True
110887,1.0,0.0,0.5,none,True,True
110888,1.0,0.0,0.5,none,True,True
110889,1.0,0.0,0.5,none,True,True
110890,1.0,0.0,0.5,none,True,True
110891,1.0,0.0,0.5,none,True,True
110892,1.0,0.0,0.5,none,True,True
110893,1.0,0.0,0.5,none,True,True
110894,1.0,0.0,0.5,none,True,True
110895,1.0,0.0,0.5,none,True,True
110896,1.0,0.0,0.5,none,True,True
110897,1.0,0.0,0.5,none,True,True
110898,1.0,0.0,0.5,none,True,True
110899,1.0,0.0,0.5,none,True,True
110900,1.0,0.0,0.5,none,True,True
110901,1.0,0.0,0.5,none,True,True
110902,1.0,0.0,0.5,none,True,True
110903,1.0,0.0,0.5,none,True,True
110904,1.0,0.0,0.5,none,True,True
110905,1.0,0.0,0.5,none,True,True
110906,1.0,0.0,0.5,none,True,True
110907,1.0,0.0,0.5,none,True,True
110908,1.0,0.0,0.5,none,True,True
110909,1.0,0.0,0.5,none,True,True
110910,1.0,0.0,0.5,none,True,True
110911,1.0,0.0,0.5,none,True,True
110912,1.0,0.0,0.5,none,True,True
110913,1.0,0.0,0.5,none,True,True
110914,1.0,0.0,0.5,none,True,True
110915,1.0,0.0,0.5,none,True,True
110916,1.0,0.0,0.5,none,True,True
110917,1.0,0.0,0.5,none,True,True
110918,1.0,0.0,0.5,none,True,True
110919,1.0,0.0,0.5,none,True,True
110920,1.0,0.0,0.5,none,True,True
110921,1.0,0.0,0.5,none,True,True
110922,1.0,0.0,0.5,none,True,True
110923,1.0,0.0,0.5,none,True,True
110924,1.0,0.0,0.5,none,True,True
110925,1.0,0.0,0.5,none,True,True
110926,1.0,0.0,0.5,none,True,True
110927,1.0,0.0,0.5,none,True,True
110928,1.0,0.0,0.5,none,True,True
110929,1.0,0.0,0.5,none,True,True
110930,1.0,0.0,0.5,none,True,True
110931,1.0,0.0,0.5,none,True,True
110932,1.0,0.0,0.5,none,True,True
110933,1.0,0.0,0.5,none,True,True
110934,1.0,0.0,0.5,none,True,True
110935,1.0,0.0,0.5,none,True,True
110936,1.0,0.0,0.5,none,True,True
110937,1.0,0.0,0.5,none,True,True
110938,1.0,0.0,0.5,none,True,True
110939,1.0,0.0,0.5,none,True,True
110940,1.0,0.0,0.5,none,True,True
110941,1.0,0.0,0.5,none,True,True
110942,1.0,0.0,0.5,none,True,True
110943,1.0,0.0,0.5,none,True,True
110944,1.0,0.0,0.5,none,True,True
110945,1.0,0.0,0.5,none,True,True
110946,1.0,0.0,0.5,none,True,True
110947,1.0,0.0,0.5,none,True,True
110948,1.0,0.0,0.5,none,True,True
110949,1.0,0.0,0.5,none,True,True
110950,1.0,0.0,0.5,none,True,True
110951,1.0,0.0,0.5,none,True,True
110952,1.0,0.0,0.5,none,True,True
110953,1.0,0.0,0.5,none,True,True
110954,1.0,0.0,0.5,none,True,True
110955,1.0,0.0,0.5,none,True,True
110956,1.0,0.0,0.5,none,True,True
110957,1.0,0.0,0.5,none,True,True
110958,1.0,0.0,0.5,none,True,True
110959,1.0,0.0,0.5,none,True,True
110960,1.0,0.0,0.5,none,True,True
110961,1.0,0.0,0.5,none,True,True
110962,1.0,0.0,0.5,none,True,True
110963,1.0,0.0,0.5,none,True,True
110964,1.0,0.0,0.5,none,True,True
110965,1.0,0.0,0.5,none,True,True
110966,1.0,0.0,0.5,none,True,True
110967,1.0,0.0,0.5,none,True,True
110968,1.0,0.0,0.5,none,True,True
110969,1.0,0.0,0.5,none,True,True
110970,1.0,0.0,0.5,none,True,True
110971,1.0,0.0,0.5,none,True,True
110972,1.0,0.0,0.5,none,True,True
110973,1.0,0.0,0.5,none,True,True
110974,1.0,0.0,0.5,none,True,True
110975,1.0,0.0,0.5,none,True,True
110976,1.0,0.0,0.5,none,True,True
110977,1.0,0.0,0.5,none,True,True
110978,1.0,0.0,0.5,none,True,True
110979,1.0,0.0,0.5,none,True,True
110980,1.0,0.0,0.5,none,True,True
110981,1.0,0.0,0.5,none,True,True
110982,1.0,0.0,0.5,none,True,True
110983,1.0,0.0,0.5,none,True,True
110984,1.0,0.0,0.5,none,True,True
110985,1.0,0.0,0.5,none,True,True
110986,1.0,0.0,0.5,none,True,True
110987,1.0,0.0,0.5,none,True,True
110988,1.0,0.0,0.5,none,True,True
110989,1.0,0.0,0.5,none,True,True
110990,1.0,0.0,0.5,none,True,True
110991,1.0,0.0,0.5,none,True,True
110992,1.0,0.0,0.5,none,True,True
110993,1.0,0.0,0.5,none,True,True
110994,1.0,0.0,0.5,none,True,True
110995,1.0,0.0,0.5,none,True,True
110996,1.0,0.0,0.5,none,True,True
110997,1.0,0.0,0.5,none,True,True
110998,1.0,0.0,0.5,none,True,True
110999,1.0,0.0,0.5,none,True,True
111000,1.0,0.0,0.5,none,True,True
111001,1.0,0.0,0.5,none,True,True
111002,1.0,0.0,0.5,none,True,True
111003,1.0,0.0,0.5,none,True,True
111004,1.0,0.0,0.5,none,True,True
111005,1.0,0.0,0.5,none,True,True
111006,1.0,0.0,0.5,none,True,True
111007,1.0,0.0,0.5,none,True,True
111008,1.0,0.0,0.5,none,True,True
111009,1.0,0.0,0.5,none,True,True
111010,1.0,0.0,0.5,none,True,True
111011,1.0,0.0,0.5,none,True,True
111012,1.0,0.0,0.5,none,True,True
111013,1.0,0.0,0.5,none,True,True
111014,1.0,0.0,0.5,none,True,True
111015,1.0,0.0,0.5,none,True,True
111016,1.0,0.0,0.5,none,True,True
111017,1.0,0.0,0.5,none,True,True
111018,1.0,0.0,0.5,none,True,True
111019,1.0,0.0,0.5,none,True,True
111020,1.0,0.0,0.5,none,True,True
111021,1.0,0.0,0.5,none,True,True
111022,1.0,0.0,0.5,none,True,True
111023,1.0,0.0,0.5,none,True,True
111024,1.0,0.0,0.5,none,True,True
111025,1.0,0.0,0.5,none,True,True
111026,1.0,0.0,0.5,none,True,True
111027,1.0,0.0,0.5,none,True,True
111028,1.0,0.0,0.5,none,True,True
111029,1.0,0.0,0.5,none,True,True
111030,1.0,0.0,0.5,none,True,True
111031,1.0,0.0,0.5,none,True,True
111032,1.0,0.0,0.5,none,True,True
111033,1.0,0.0,0.5,none,True,True
111034,1.0,0.0,0.5,none,True,True
111035,1.0,0.0,0.5,none,True,True
111036,1.0,0.0,0.5,none,True,True
111037,1.0,0.0,0.5,none,True,True
111038,1.0,0.0,0.5,none,True,True
111039,1.0,0.0,0.5,none,True,True
111040,1.0,0.0,0.5,none,True,True
111041,1.0,0.0,0.5,none,True,True
111042,1.0,0.0,0.5,none,True,True
111043,1.0,0.0,0.5,none,True,True
111044,1.0,0.0,0.5,none,True,True
111045,1.0,0.0,0.5,none,True,True
111046,1.0,0.0,0.5,none,True,True
111047,1.0,0.0,0.5,none,True,True
111048,1.0,0.0,0.5,none,True,True
111049,1.0,0.0,0.5,none,True,True
111050,1.0,0.0,0.5,none,True,True
111051,1.0,0.0,0.5,none,True,True
111052,1.0,0.0,0.5,none,True,True
111053,1.0,0.0,0.5,none,True,True
111054,1.0,0.0,0.5,none,True,True
111055,1.0,0.0,0.5,none,True,True
111056,1.0,0.0,0.5,none,True,True
111057,1.0,0.0,0.5,none,True,True
111058,1.0,0.0,0.5,none,True,True
111059,1.0,0.0,0.5,none,True,True
111060,1.0,0.0,0.5,none,True,True
111061,1.0,0.0,0.5,none,True,True
111062,1.0,0.0,0.5,none,True,True
111063,1.0,0.0,0.5,none,True,True
111064,1.0,0.0,0.5,none,True,True
111065,1.0,0.0,0.5,none,True,True
111066,1.0,0.0,0.5,none,True,True
111067,1.0,0.0,0.5,none,True,True
111068,1.0,0.0,0.5,none,True,True
111069,1.0,0.0,0.5,none,True,True
111070,1.0,0.0,0.5,none,True,True
111071,1.0,0.0,0.5,none,True,True
111072,1.0,0.0,0.5,none,True,True
111073,1.0,0.0,0.5,none,True,True
111074,1.0,0.0,0.5,none,True,True
111075,1.0,0.0,0.5,none,True,True
111076,1.0,0.0,0.5,none,True,True
111077,1.0,0.0,0.5,none,True,True
111078,1.0,0.0,0.5,none,True,True
111079,1.0,0.0,0.5,none,True,True
111080,1.0,0.0,0.5,none,True,True
111081,1.0,0.0,0.5,none,True,True
111082,1.0,0.0,0.5,none,True,True
111083,1.0,0.0,0.5,none,True,True
111084,1.0,0.0,0.5,none,True,True
111085,1.0,0.0,0.5,none,True,True
111086,1.0,0.0,0.5,none,True,True
111087,1.0,0.0,0.5,none,True,True
111088,1.0,0.0,0.5,none,True,True
111089,1.0,0.0,0.5,none,True,True
111090,1.0,0.0,0.5,none,True,True
111091,1.0,0.0,0.5,none,True,True
111092,1.0,0.0,0.5,none,True,True
111093,1.0,0.0,0.5,none,True,True
111094,1.0,0.0,0.5,none,True,True
111095,1.0,0.0,0.5,none,True,True
111096,1.0,0.0,0.5,none,True,True
111097,1.0,0.0,0.5,none,True,True
111098,1.0,0.0,0.5,none,True,True
111099,1.0,0.0,0.5,none,True,True
111100,1.0,0.0,0.5,none,True,True
111101,1.0,0.0,0.5,none,True,True
111102,1.0,0.0,0.5,none,True,True
111103,1.0,0.0,0.5,none,True,True
111104,1.0,0.0,0.5,none,True,True
111105,1.0,0.0,0.5,none,True,True
111106,1.0,0.0,0.5,none,True,True
111107,1.0,0.0,0.5,none,True,True
111108,1.0,0.0,0.5,none,True,True
111109,1.0,0.0,0.5,none,True,True
111110,1.0,0.0,0.5,none,True,True
111111,1.0,0.0,0.5,none,True,True
111112,1.0,0.0,0.5,none,True,True
111113,1.0,0.0,0.5,none,True,True
111114,1.0,0.0,0.5,none,True,True
111115,1.0,0.0,0.5,none,True,True
111116,1.0,0.0,0.5,none,True,True
111117,1.0,0.0,0.5,none,True,True
111118,1.0,0.0,0.5,none,True,True
111119,1.0,0.0,0.5,none,True,True
111120,1.0,0.0,0.5,none,True,True
111121,1.0,0.0,0.5,none,True,True
111122,1.0,0.0,0.5,none,True,True
111123,1.0,0.0,0.5,none,True,True
111124,1.0,0.0,0.5,none,True,True
111125,1.0,0.0,0.5,none,True,True
111126,1.0,0.0,0.5,none,True,True
111127,1.0,0.0,0.5,none,True,True
111128,1.0,0.0,0.5,none,True,True
111129,1.0,0.0,0.5,none,True,True
111130,1.0,0.0,0.5,none,True,True
111131,1.0,0.0,0.5,none,True,True
111132,1.0,0.0,0.5,none,True,True
111133,1.0,0.0,0.5,none,True,True
111134,1.0,0.0,0.5,none,True,True
111135,1.0,0.0,0.5,none,True,True
111136,1.0,0.0,0.5,none,True,True
111137,1.0,0.0,0.5,none,True,True
111138,1.0,0.0,0.5,none,True,True
111139,1.0,0.0,0.5,none,True,True
111140,1.0,0.0,0.5,none,True,True
111141,1.0,0.0,0.5,none,True,True
111142,1.0,0.0,0.5,none,True,True
111143,1.0,0.0,0.5,none,True,True
111144,1.0,0.0,0.5,none,True,True
111145,1.0,0.0,0.5,none,True,True
111146,1.0,0.0,0.5,none,True,True
111147,1.0,0.0,0.5,none,True,True
111148,1.0,0.0,0.5,none,True,True
111149,1.0,0.0,0.5,none,True,True
111150,1.0,0.0,0.5,none,True,True
111151,1.0,0.0,0.5,none,True,True
111152,1.0,0.0,0.5,none,True,True
111153,1.0,0.0,0.5,none,True,True
111154,1.0,0.0,0.5,none,True,True
111155,1.0,0.0,0.5,none,True,True
111156,1.0,0.0,0.5,none,True,True
111157,1.0,0.0,0.5,none,True,True
111158,1.0,0.0,0.5,none,True,True
111159,1.0,0.0,0.5,none,True,True
111160,1.0,0.0,0.5,none,True,True
111161,1.0,0.0,0.5,none,True,True
111162,1.0,0.0,0.5,none,True,True
111163,1.0,0.0,0.5,none,True,True
111164,1.0,0.0,0.5,none,True,True
111165,1.0,0.0,0.5,none,True,True
111166,1.0,0.0,0.5,none,True,True
111167,1.0,0.0,0.5,none,True,True
111168,1.0,0.0,0.5,none,True,True
111169,1.0,0.0,0.5,none,True,True
111170,1.0,0.0,0.5,none,True,True
111171,1.0,0.0,0.5,none,True,True
111172,1.0,0.0,0.5,none,True,True
111173,1.0,0.0,0.5,none,True,True
111174,1.0,0.0,0.5,none,True,True
111175,1.0,0.0,0.5,none,True,True
111176,1.0,0.0,0.5,none,True,True
111177,1.0,0.0,0.5,none,True,True
111178,1.0,0.0,0.5,none,True,True
111179,1.0,0.0,0.5,none,True,True
111180,1.0,0.0,0.5,none,True,True
111181,1.0,0.0,0.5,none,True,True
111182,1.0,0.0,0.5,none,True,True
111183,1.0,0.0,0.5,none,True,True
111184,1.0,0.0,0.5,none,True,True
111185,1.0,0.0,0.5,none,True,True
111186,1.0,0.0,0.5,none,True,True
111187,1.0,0.0,0.5,none,True,True
111188,1.0,0.0,0.5,none,True,True
111189,1.0,0.0,0.5,none,True,True
111190,1.0,0.0,0.5,none,True,True
111191,1.0,0.0,0.5,none,True,True
111192,1.0,0.0,0.5,none,True,True
111193,1.0,0.0,0.5,none,True,True
111194,1.0,0.0,0.5,none,True,True
111195,1.0,0.0,0.5,none,True,True
111196,1.0,0.0,0.5,none,True,True
111197,1.0,0.0,0.5,none,True,True
111198,1.0,0.0,0.5,none,True,True
111199,1.0,0.0,0.5,none,True,True
111200,1.0,0.0,0.5,none,True,True
111201,1.0,0.0,0.5,none,True,True
111202,1.0,0.0,0.5,none,True,True
111203,1.0,0.0,0.5,none,True,True
111204,1.0,0.0,0.5,none,True,True
111205,1.0,0.0,0.5,none,True,True
111206,1.0,0.0,0.5,none,True,True
111207,1.0,0.0,0.5,none,True,True
111208,1.0,0.0,0.5,none,True,True
111209,1.0,0.0,0.5,none,True,True
111210,1.0,0.0,0.5,none,True,True
111211,1.0,0.0,0.5,none,True,True
111212,1.0,0.0,0.5,none,True,True
111213,1.0,0.0,0.5,none,True,True
111214,1.0,0.0,0.5,none,True,True
111215,1.0,0.0,0.5,none,True,True
111216,1.0,0.0,0.5,none,True,True
111217,1.0,0.0,0.5,none,True,True
111218,1.0,0.0,0.5,none,True,True
111219,1.0,0.0,0.5,none,True,True
111220,1.0,0.0,0.5,none,True,True
111221,1.0,0.0,0.5,none,True,True
111222,1.0,0.0,0.5,none,True,True
111223,1.0,0.0,0.5,none,True,True
111224,1.0,0.0,0.5,none,True,True
111225,1.0,0.0,0.5,none,True,True
111226,1.0,0.0,0.5,none,True,True
111227,1.0,0.0,0.5,none,True,True
111228,1.0,0.0,0.5,none,True,True
111229,1.0,0.0,0.5,none,True,True
111230,1.0,0.0,0.5,none,True,True
111231,1.0,0.0,0.5,none,True,True
111232,1.0,0.0,0.5,none,True,True
111233,1.0,0.0,0.5,none,True,True
111234,1.0,0.0,0.5,none,True,True
111235,1.0,0.0,0.5,none,True,True
111236,1.0,0.0,0.5,none,True,True
111237,1.0,0.0,0.5,none,True,True
111238,1.0,0.0,0.5,none,True,True
111239,1.0,0.0,0.5,none,True,True
111240,1.0,0.0,0.5,none,True,True
111241,1.0,0.0,0.5,none,True,True
111242,1.0,0.0,0.5,none,True,True
111243,1.0,0.0,0.5,none,True,True
111244,1.0,0.0,0.5,none,True,True
111245,1.0,0.0,0.5,none,True,True
111246,1.0,0.0,0.5,none,True,True
111247,1.0,0.0,0.5,none,True,True
111248,1.0,0.0,0.5,none,True,True
111249,1.0,0.0,0.5,none,True,True
111250,1.0,0.0,0.5,none,True,True
111251,1.0,0.0,0.5,none,True,True
111252,1.0,0.0,0.5,none,True,True
111253,1.0,0.0,0.5,none,True,True
111254,1.0,0.0,0.5,none,True,True
111255,1.0,0.0,0.5,none,True,True
111256,1.0,0.0,0.5,none,True,True
111257,1.0,0.0,0.5,none,True,True
111258,1.0,0.0,0.5,none,True,True
111259,1.0,0.0,0.5,none,True,True
111260,1.0,0.0,0.5,none,True,True
111261,1.0,0.0,0.5,none,True,True
111262,1.0,0.0,0.5,none,True,True
111263,1.0,0.0,0.5,none,True,True
111264,1.0,0.0,0.5,none,True,True
111265,1.0,0.0,0.5,none,True,True
111266,1.0,0.0,0.5,none,True,True
111267,1.0,0.0,0.5,none,True,True
111268,1.0,0.0,0.5,none,True,True
111269,1.0,0.0,0.5,none,True,True
111270,1.0,0.0,0.5,none,True,True
111271,1.0,0.0,0.5,none,True,True
111272,1.0,0.0,0.5,none,True,True
111273,1.0,0.0,0.5,none,True,True
111274,1.0,0.0,0.5,none,True,True
111275,1.0,0.0,0.5,none,True,True
111276,1.0,0.0,0.5,none,True,True
111277,1.0,0.0,0.5,none,True,True
111278,1.0,0.0,0.5,none,True,True
111279,1.0,0.0,0.5,none,True,True
111280,1.0,0.0,0.5,none,True,True
111281,1.0,0.0,0.5,none,True,True
111282,1.0,0.0,0.5,none,True,True
111283,1.0,0.0,0.5,none,True,True
111284,1.0,0.0,0.5,none,True,True
111285,1.0,0.0,0.5,none,True,True
111286,1.0,0.0,0.5,none,True,True
111287,1.0,0.0,0.5,none,True,True
111288,1.0,0.0,0.5,none,True,True
111289,1.0,0.0,0.5,none,True,True
111290,1.0,0.0,0.5,none,True,True
111291,1.0,0.0,0.5,none,True,True
111292,1.0,0.0,0.5,none,True,True
111293,1.0,0.0,0.5,none,True,True
111294,1.0,0.0,0.5,none,True,True
111295,1.0,0.0,0.5,none,True,True
111296,1.0,0.0,0.5,none,True,True
111297,1.0,0.0,0.5,none,True,True
111298,1.0,0.0,0.5,none,True,True
111299,1.0,0.0,0.5,none,True,True
111300,1.0,0.0061,0.5,none,True,True
111301,1.0,0.0357,0.5,none,True,True
111302,1.0,0.0812,0.5,none,True,True
111303,1.0,0.1113,0.5,none,True,True
111304,1.0,0.1253,0.5,none,True,True
111305,1.0,0.1408,0.5,none,True,True
111306,1.0,0.0907,0.5,none,True,True
111307,1.0,0.1198,0.5,none,True,True
111308,1.0,0.0467,0.5,none,True,True
111309,1.0,0.0522,0.5,none,True,True
111310,1.0,0.0405,0.5,none,True,True
111311,1.0,0.0313,0.5,none,True,True
111312,1.0,0.0083,0.5,none,True,True
111313,1.0,0.0726,0.5,none,True,True
111314,1.0,0.0793,0.5,none,True,True
111315,1.0,0.0581,0.5,none,True,True
111316,1.0,0.0955,0.5,none,True,True
111317,1.0,0.0839,0.5,none,True,True
111318,1.0,0.0648,0.5,none,True,True
111319,1.0,0.0718,0.5,none,True,True
111320,1.0,0.0589,0.5,none,True,True
111321,1.0,0.0403,0.5,none,True,True
111322,1.0,0.0327,0.5,none,True,True
111323,1.0,0.0277,0.5,none,True,True
111324,1.0,0.017,0.5,none,True,True
111325,1.0,0.0102,0.5,none,True,True
111326,1.0,0.0099,0.5,none,True,True
111327,1.0,0.008,0.5,none,True,True
111328,1.0,0.005,0.5,none,True,True
111329,1.0,0.0063,0.5,none,True,True
111330,1.0,0.009,0.5,none,True,True
111331,1.0,0.0096,0.5,none,True,True
111332,1.0,0.0108,0.5,none,True,True
111333,1.0,0.014,0.5,none,True,True
111334,1.0,0.0161,0.5,none,True,True
111335,1.0,0.0167,0.5,none,True,True
111336,1.0,0.0182,0.5,none,True,True
111337,1.0,0.0196,0.5,none,True,True
111338,1.0,0.0197,0.5,none,True,True
111339,1.0,0.0193,0.5,none,True,True
111340,1.0,0.0193,0.5,none,True,True
111341,1.0,0.0187,0.5,none,True,True
111342,1.0,0.0174,0.5,none,True,True
111343,1.0,0.0163,0.5,none,True,True
111344,1.0,0.0152,0.5,none,True,True
111345,1.0,0.0138,0.5,none,True,True
111346,1.0,0.0123,0.5,none,True,True
111347,1.0,0.0111,0.5,none,True,True
111348,1.0,0.01,0.5,none,True,True
111349,1.0,0.0088,0.5,none,True,True
111350,1.0,0.0078,0.5,none,True,True
111351,1.0,0.0071,0.5,none,True,True
111352,1.0,0.0064,0.5,none,True,True
111353,1.0,0.0057,0.5,none,True,True
111354,1.0,0.0053,0.5,none,True,True
111355,1.0,0.005,0.5,none,True,True
111356,1.0,0.0047,0.5,none,True,True
111357,1.0,0.0045,0.5,none,True,True
111358,1.0,0.0044,0.5,none,True,True
111359,1.0,0.0043,0.5,none,True,True
111360,1.0,0.0042,0.5,none,True,True
111361,1.0,0.0041,0.5,none,True,True
111362,1.0,0.004,0.5,none,True,True
111363,1.0,0.0039,0.5,none,True,True
111364,1.0,0.0038,0.5,none,True,True
111365,1.0,0.0037,0.5,none,True,True
111366,1.0,0.0035,0.5,none,True,True
111367,1.0,0.0033,0.5,none,True,True
111368,1.0,0.0032,0.5,none,True,True
111369,1.0,0.003,0.5,none,True,True
111370,1.0,0.0028,0.5,none,True,True
111371,1.0,0.0026,0.5,none,True,True
111372,1.0,0.0024,0.5,none,True,True
111373,1.0,0.0023,0.5,none,True,True
111374,1.0,0.0021,0.5,none,True,True
111375,1.0,0.0019,0.5,none,True,True
111376,1.0,0.0018,0.5,none,True,True
111377,1.0,0.0017,0.5,none,True,True
111378,1.0,0.0015,0.5,none,True,True
111379,1.0,0.0014,0.5,none,True,True
111380,1.0,0.0013,0.5,none,True,True
111381,1.0,0.0013,0.5,none,True,True
111382,1.0,0.0012,0.5,none,True,True
111383,1.0,0.0011,0.5,none,True,True
111384,1.0,0.0011,0.5,none,True,True
111385,1.0,0.001,0.5,none,True,True
111386,1.0,0.001,0.5,none,True,True
111387,1.0,0.0009,0.5,none,True,True
111388,1.0,0.0009,0.5,none,True,True
111389,1.0,0.0008,0.5,none,True,True
111390,1.0,0.0008,0.5,none,True,True
111391,1.0,0.0008,0.5,none,True,True
111392,1.0,0.0007,0.5,none,True,True
111393,1.0,0.0007,0.5,none,True,True
111394,1.0,0.0006,0.5,none,True,True
111395,1.0,0.0006,0.5,none,True,True
111396,1.0,0.0006,0.5,none,True,True
111397,1.0,0.0005,0.5,none,True,True
111398,1.0,0.0005,0.5,none,True,True
111399,1.0,0.0005,0.5,none,True,True
111400,1.0,0.0004,0.5,none,True,True
111401,1.0,0.0004,0.5,none,True,True
111402,1.0,0.0004,0.5,none,True,True
111403,1.0,0.0004,0.5,none,True,True
111404,1.0,0.0003,0.5,none,True,True
111405,1.0,0.0003,0.5,none,True,True
111406,1.0,0.0003,0.5,none,True,True
111407,1.0,0.0003,0.5,none,True,True
111408,1.0,0.0003,0.5,none,True,True
111409,1.0,0.0003,0.5,none,True,True
111410,1.0,0.0002,0.5,none,True,True
111411,1.0,0.0002,0.5,none,True,True
111412,1.0,0.0002,0.5,none,True,True
111413,1.0,0.0002,0.5,none,True,True
111414,1.0,0.0002,0.5,none,True,True
111415,1.0,0.0002,0.5,none,True,True
111416,1.0,0.0002,0.5,none,True,True
111417,1.0,0.0002,0.5,none,True,True
111418,1.0,0.0002,0.5,none,True,True
111419,1.0,0.0001,0.5,none,True,True
111420,1.0,0.0001,0.5,none,True,True
111421,1.0,0.0001,0.5,none,True,True
111422,1.0,0.0001,0.5,none,True,True
111423,1.0,0.0001,0.5,none,True,True
111424,1.0,0.0001,0.5,none,True,True
111425,1.0,0.0001,0.5,none,True,True
111426,1.0,0.0001,0.5,none,True,True
111427,1.0,0.0001,0.5,none,True,True
111428,1.0,0.0001,0.5,none,True,True
111429,1.0,0.0001,0.5,none,True,True
111430,1.0,0.0001,0.5,none,True,True
111431,1.0,0.0001,0.5,none,True,True
111432,1.0,0.0001,0.5,none,True,True
111433,1.0,0.0001,0.5,none,True,True
111434,1.0,0.0001,0.5,none,True,True
111435,1.0,0.0001,0.5,none,True,True
111436,1.0,0.0001,0.5,none,True,True
111437,1.0,0.0,0.5,none,True,True
111438,1.0,0.0,0.5,none,True,True
111439,1.0,0.0,0.5,none,True,True
111440,1.0,0.0,0.5,none,True,True
111441,1.0,0.0,0.5,none,True,True
111442,1.0,0.0,0.5,none,True,True
111443,1.0,0.0,0.5,none,True,True
111444,1.0,0.0,0.5,none,True,True
111445,1.0,0.0,0.5,none,True,True
111446,1.0,0.0,0.5,none,True,True
111447,1.0,0.0,0.5,none,True,True
111448,1.0,0.0,0.5,none,True,True
111449,1.0,0.0,0.5,none,True,True
111450,1.0,0.0,0.5,none,True,True
111451,1.0,0.0,0.5,none,True,True
111452,1.0,0.0,0.5,none,True,True
111453,1.0,0.0,0.5,none,True,True
111454,1.0,0.0,0.5,none,True,True
111455,1.0,0.0,0.5,none,True,True
111456,1.0,0.0,0.5,none,True,True
111457,1.0,0.0,0.5,none,True,True
111458,1.0,0.0,0.5,none,True,True
111459,1.0,0.0,0.5,none,True,True
111460,1.0,0.0,0.5,none,True,True
111461,1.0,0.0,0.5,none,True,True
111462,1.0,0.0,0.5,none,True,True
111463,1.0,0.0,0.5,none,True,True
111464,1.0,0.0,0.5,none,True,True
111465,1.0,0.0,0.5,none,True,True
111466,1.0,0.0,0.5,none,True,True
111467,1.0,0.0,0.5,none,True,True
111468,1.0,0.0,0.5,none,True,True
111469,1.0,0.0,0.5,none,True,True
111470,1.0,0.0,0.5,none,True,True
111471,1.0,0.0,0.5,none,True,True
111472,1.0,0.0,0.5,none,True,True
111473,1.0,0.0,0.5,none,True,True
111474,1.0,0.0,0.5,none,True,True
111475,1.0,0.0,0.5,none,True,True
111476,1.0,0.0,0.5,none,True,True
111477,1.0,0.0,0.5,none,True,True
111478,1.0,0.0,0.5,none,True,True
111479,1.0,0.0,0.5,none,True,True
111480,1.0,0.0,0.5,none,True,True
111481,1.0,0.0,0.5,none,True,True
111482,1.0,0.0,0.5,none,True,True
111483,1.0,0.0,0.5,none,True,True
111484,1.0,0.0,0.5,none,True,True
111485,1.0,0.0,0.5,none,True,True
111486,1.0,0.0,0.5,none,True,True
111487,1.0,0.0,0.5,none,True,True
111488,1.0,0.0,0.5,none,True,True
111489,1.0,0.0,0.5,none,True,True
111490,1.0,0.0,0.5,none,True,True
111491,1.0,0.0,0.5,none,True,True
111492,1.0,0.0,0.5,none,True,True
111493,1.0,0.0,0.5,none,True,True
111494,1.0,0.0,0.5,none,True,True
111495,1.0,0.0,0.5,none,True,True
111496,1.0,0.0,0.5,none,True,True
111497,1.0,0.0,0.5,none,True,True
111498,1.0,0.0,0.5,none,True,True
111499,1.0,0.0,0.5,none,True,True
111500,1.0,0.0,0.5,none,True,True
111501,1.0,0.0,0.5,none,True,True
111502,1.0,0.0,0.5,none,True,True
111503,1.0,0.0,0.5,none,True,True
111504,1.0,0.0,0.5,none,True,True
111505,1.0,0.0,0.5,none,True,True
111506,1.0,0.0,0.5,none,True,True
111507,1.0,0.0,0.5,none,True,True
111508,1.0,0.0,0.5,none,True,True
111509,1.0,0.0,0.5,none,True,True
111510,1.0,0.0,0.5,none,True,True
111511,1.0,0.0,0.5,none,True,True
111512,1.0,0.0,0.5,none,True,True
111513,1.0,0.0,0.5,none,True,True
111514,1.0,0.0,0.5,none,True,True
111515,1.0,0.0,0.5,none,True,True
111516,1.0,0.0,0.5,none,True,True
111517,1.0,0.0,0.5,none,True,True
111518,1.0,0.0,0.5,none,True,True
111519,1.0,0.0,0.5,none,True,True
111520,1.0,0.0,0.5,none,True,True
111521,1.0,0.0,0.5,none,True,True
111522,1.0,0.0,0.5,none,True,True
111523,1.0,0.0,0.5,none,True,True
111524,1.0,0.0,0.5,none,True,True
111525,1.0,0.0,0.5,none,True,True
111526,1.0,0.0,0.5,none,True,True
111527,1.0,0.0,0.5,none,True,True
111528,1.0,0.0,0.5,none,True,True
111529,1.0,0.0,0.5,none,True,True
111530,1.0,0.0,0.5,none,True,True
111531,1.0,0.0,0.5,none,True,True
111532,1.0,0.0,0.5,none,True,True
111533,1.0,0.0,0.5,none,True,True
111534,1.0,0.0,0.5,none,True,True
111535,1.0,0.0,0.5,none,True,True
111536,1.0,0.0,0.5,none,True,True
111537,1.0,0.0,0.5,none,True,True
111538,1.0,0.0,0.5,none,True,True
111539,1.0,0.0,0.5,none,True,True
111540,1.0,0.0,0.5,none,True,True
111541,1.0,0.0,0.5,none,True,True
111542,1.0,0.0,0.5,none,True,True
111543,1.0,0.0,0.5,none,True,True
111544,1.0,0.0,0.5,none,True,True
111545,1.0,0.0,0.5,none,True,True
111546,1.0,0.0,0.5,none,True,True
111547,1.0,0.0,0.5,none,True,True
111548,1.0,0.0,0.5,none,True,True
111549,1.0,0.0,0.5,none,True,True
111550,1.0,0.0,0.5,none,True,True
111551,1.0,0.0,0.5,none,True,True
111552,1.0,0.0,0.5,none,True,True
111553,1.0,0.0,0.5,none,True,True
111554,1.0,0.0,0.5,none,True,True
111555,1.0,0.0,0.5,none,True,True
111556,1.0,0.0,0.5,none,True,True
111557,1.0,0.0,0.5,none,True,True
111558,1.0,0.0,0.5,none,True,True
111559,1.0,0.0,0.5,none,True,True
111560,1.0,0.0,0.5,none,True,True
111561,1.0,0.0,0.5,none,True,True
111562,1.0,0.0,0.5,none,True,True
111563,1.0,0.0,0.5,none,True,True
111564,1.0,0.0,0.5,none,True,True
111565,1.0,0.0,0.5,none,True,True
111566,1.0,0.0,0.5,none,True,True
111567,1.0,0.0,0.5,none,True,True
111568,1.0,0.0,0.5,none,True,True
111569,1.0,0.0,0.5,none,True,True
111570,1.0,0.0,0.5,none,True,True
111571,1.0,0.0,0.5,none,True,True
111572,1.0,0.0,0.5,none,True,True
111573,1.0,0.0,0.5,none,True,True
111574,1.0,0.0,0.5,none,True,True
111575,1.0,0.0,0.5,none,True,True
111576,1.0,0.0,0.5,none,True,True
111577,1.0,0.0,0.5,none,True,True
111578,1.0,0.0,0.5,none,True,True
111579,1.0,0.0,0.5,none,True,True
111580,1.0,0.0,0.5,none,True,True
111581,1.0,0.0,0.5,none,True,True
111582,1.0,0.0,0.5,none,True,True
111583,1.0,0.0,0.5,none,True,True
111584,1.0,0.0,0.5,none,True,True
111585,1.0,0.0,0.5,none,True,True
111586,1.0,0.0,0.5,none,True,True
111587,1.0,0.0,0.5,none,True,True
111588,1.0,0.0,0.5,none,True,True
111589,1.0,0.0,0.5,none,True,True
111590,1.0,0.0,0.5,none,True,True
111591,1.0,0.0,0.5,none,True,True
111592,1.0,0.0,0.5,none,True,True
111593,1.0,0.0,0.5,none,True,True
111594,1.0,0.0,0.5,none,True,True
111595,1.0,0.0,0.5,none,True,True
111596,1.0,0.0,0.5,none,True,True
111597,1.0,0.0,0.5,none,True,True
111598,1.0,0.0,0.5,none,True,True
111599,1.0,0.0,0.5,none,True,True
111600,1.0,0.0,0.5,none,True,True
111601,1.0,0.0,0.5,none,True,True
111602,1.0,0.0,0.5,none,True,True
111603,1.0,0.0,0.5,none,True,True
111604,1.0,0.0,0.5,none,True,True
111605,1.0,0.0,0.5,none,True,True
111606,1.0,0.0,0.5,none,True,True
111607,1.0,0.0,0.5,none,True,True
111608,1.0,0.0,0.5,none,True,True
111609,1.0,0.0,0.5,none,True,True
111610,1.0,0.0,0.5,none,True,True
111611,1.0,0.0,0.5,none,True,True
111612,1.0,0.0,0.5,none,True,True
111613,1.0,0.0,0.5,none,True,True
111614,1.0,0.0,0.5,none,True,True
111615,1.0,0.0,0.5,none,True,True
111616,1.0,0.0,0.5,none,True,True
111617,1.0,0.0,0.5,none,True,True
111618,1.0,0.0,0.5,none,True,True
111619,1.0,0.0,0.5,none,True,True
111620,1.0,0.0,0.5,none,True,True
111621,1.0,0.0,0.5,none,True,True
111622,1.0,0.0,0.5,none,True,True
111623,1.0,0.0,0.5,none,True,True
111624,1.0,0.0,0.5,none,True,True
111625,1.0,0.0,0.5,none,True,True
111626,1.0,0.0,0.5,none,True,True
111627,1.0,0.0,0.5,none,True,True
111628,1.0,0.0,0.5,none,True,True
111629,1.0,0.0,0.5,none,True,True
111630,1.0,0.0,0.5,none,True,True
111631,1.0,0.0,0.5,none,True,True
111632,1.0,0.0,0.5,none,True,True
111633,1.0,0.0,0.5,none,True,True
111634,1.0,0.0,0.5,none,True,True
111635,1.0,0.0,0.5,none,True,True
111636,1.0,0.0,0.5,none,True,True
111637,1.0,0.0,0.5,none,True,True
111638,1.0,0.0,0.5,none,True,True
111639,1.0,0.0,0.5,none,True,True
111640,1.0,0.0,0.5,none,True,True
111641,1.0,0.0,0.5,none,True,True
111642,1.0,0.0,0.5,none,True,True
111643,1.0,0.0,0.5,none,True,True
111644,1.0,0.0,0.5,none,True,True
111645,1.0,0.0,0.5,none,True,True
111646,1.0,0.0,0.5,none,True,True
111647,1.0,0.0,0.5,none,True,True
111648,1.0,0.0,0.5,none,True,True
111649,1.0,0.0,0.5,none,True,True
111650,1.0,0.0,0.5,none,True,True
111651,1.0,0.0,0.5,none,True,True
111652,1.0,0.0,0.5,none,True,True
111653,1.0,0.0,0.5,none,True,True
111654,1.0,0.0,0.5,none,True,True
111655,1.0,0.0,0.5,none,True,True
111656,1.0,0.0,0.5,none,True,True
111657,1.0,0.0,0.5,none,True,True
111658,1.0,0.0,0.5,none,True,True
111659,1.0,0.0,0.5,none,True,True
111660,1.0,0.0,0.5,none,True,True
111661,1.0,0.0,0.5,none,True,True
111662,1.0,0.0,0.5,none,True,True
111663,1.0,0.0,0.5,none,True,True
111664,1.0,0.0,0.5,none,True,True
111665,1.0,0.0,0.5,none,True,True
111666,1.0,0.0,0.5,none,True,True
111667,1.0,0.0,0.5,none,True,True
111668,1.0,0.0,0.5,none,True,True
111669,1.0,0.0,0.5,none,True,True
111670,1.0,0.0,0.5,none,True,True
111671,1.0,0.0,0.5,none,True,True
111672,1.0,0.0,0.5,none,True,True
111673,1.0,0.0,0.5,none,True,True
111674,1.0,0.0,0.5,none,True,True
111675,1.0,0.0,0.5,none,True,True
111676,1.0,0.0,0.5,none,True,True
111677,1.0,0.0,0.5,none,True,True
111678,1.0,0.0,0.5,none,True,True
111679,1.0,0.0,0.5,none,True,True
111680,1.0,0.0,0.5,none,True,True
111681,1.0,0.0,0.5,none,True,True
111682,1.0,0.0,0.5,none,True,True
111683,1.0,0.0,0.5,none,True,True
111684,1.0,0.0,0.5,none,True,True
111685,1.0,0.0,0.5,none,True,True
111686,1.0,0.0,0.5,none,True,True
111687,1.0,0.0,0.5,none,True,True
111688,1.0,0.0,0.5,none,True,True
111689,1.0,0.0,0.5,none,True,True
111690,1.0,0.0,0.5,none,True,True
111691,1.0,0.0,0.5,none,True,True
111692,1.0,0.0,0.5,none,True,True
111693,1.0,0.0,0.5,none,True,True
111694,1.0,0.0,0.5,none,True,True
111695,1.0,0.0,0.5,none,True,True
111696,1.0,0.0,0.5,none,True,True
111697,1.0,0.0,0.5,none,True,True
111698,1.0,0.0,0.5,none,True,True
111699,1.0,0.0,0.5,none,True,True
111700,1.0,0.0,0.5,none,True,True
111701,1.0,0.0,0.5,none,True,True
111702,1.0,0.0,0.5,none,True,True
111703,1.0,0.0,0.5,none,True,True
111704,1.0,0.0,0.5,none,True,True
111705,1.0,0.0,0.5,none,True,True
111706,1.0,0.0,0.5,none,True,True
111707,1.0,0.0,0.5,none,True,True
111708,1.0,0.0,0.5,none,True,True
111709,1.0,0.0,0.5,none,True,True
111710,1.0,0.0,0.5,none,True,True
111711,1.0,0.0,0.5,none,True,True
111712,1.0,0.0,0.5,none,True,True
111713,1.0,0.0,0.5,none,True,True
111714,1.0,0.0,0.5,none,True,True
111715,1.0,0.0,0.5,none,True,True
111716,1.0,0.0,0.5,none,True,True
111717,1.0,0.0,0.5,none,True,True
111718,1.0,0.0,0.5,none,True,True
111719,1.0,0.0,0.5,none,True,True
111720,1.0,0.0,0.5,none,True,True
111721,1.0,0.0,0.5,none,True,True
111722,1.0,0.0,0.5,none,True,True
111723,1.0,0.0,0.5,none,True,True
111724,1.0,0.0,0.5,none,True,True
111725,1.0,0.0,0.5,none,True,True
111726,1.0,0.0,0.5,none,True,True
111727,1.0,0.0,0.5,none,True,True
111728,1.0,0.0,0.5,none,True,True
111729,1.0,0.0,0.5,none,True,True
111730,1.0,0.0,0.5,none,True,True
111731,1.0,0.0,0.5,none,True,True
111732,1.0,0.0,0.5,none,True,True
111733,1.0,0.0,0.5,none,True,True
111734,1.0,0.0,0.5,none,True,True
111735,1.0,0.0,0.5,none,True,True
111736,1.0,0.0,0.5,none,True,True
111737,1.0,0.0,0.5,none,True,True
111738,1.0,0.0,0.5,none,True,True
111739,1.0,0.0,0.5,none,True,True
111740,1.0,0.0,0.5,none,True,True
111741,1.0,0.0,0.5,none,True,True
111742,1.0,0.0,0.5,none,True,True
111743,1.0,0.0,0.5,none,True,True
111744,1.0,0.0,0.5,none,True,True
111745,1.0,0.0,0.5,none,True,True
111746,1.0,0.0,0.5,none,True,True
111747,1.0,0.0,0.5,none,True,True
111748,1.0,0.0,0.5,none,True,True
111749,1.0,0.0,0.5,none,True,True
111750,1.0,0.0,0.5,none,True,True
111751,1.0,0.0,0.5,none,True,True
111752,1.0,0.0,0.5,none,True,True
111753,1.0,0.0,0.5,none,True,True
111754,1.0,0.0,0.5,none,True,True
111755,1.0,0.0,0.5,none,True,True
111756,1.0,0.0,0.5,none,True,True
111757,1.0,0.0,0.5,none,True,True
111758,1.0,0.0,0.5,none,True,True
111759,1.0,0.0,0.5,none,True,True
111760,1.0,0.0,0.5,none,True,True
111761,1.0,0.0,0.5,none,True,True
111762,1.0,0.0,0.5,none,True,True
111763,1.0,0.0,0.5,none,True,True
111764,1.0,0.0,0.5,none,True,True
111765,1.0,0.0,0.5,none,True,True
111766,1.0,0.0,0.5,none,True,True
111767,1.0,0.0,0.5,none,True,True
111768,1.0,0.0,0.5,none,True,True
111769,1.0,0.0,0.5,none,True,True
111770,1.0,0.0,0.5,none,True,True
111771,1.0,0.0,0.5,none,True,True
111772,1.0,0.0,0.5,none,True,True
111773,1.0,0.0,0.5,none,True,True
111774,1.0,0.0,0.5,none,True,True
111775,1.0,0.0,0.5,none,True,True
111776,1.0,0.0,0.5,none,True,True
111777,1.0,0.0,0.5,none,True,True
111778,1.0,0.0,0.5,none,True,True
111779,1.0,0.0,0.5,none,True,True
111780,1.0,0.0,0.5,none,True,True
111781,1.0,0.0,0.5,none,True,True
111782,1.0,0.0,0.5,none,True,True
111783,1.0,0.0,0.5,none,True,True
111784,1.0,0.0,0.5,none,True,True
111785,1.0,0.0,0.5,none,True,True
111786,1.0,0.0,0.5,none,True,True
111787,1.0,0.0,0.5,none,True,True
111788,1.0,0.0,0.5,none,True,True
111789,1.0,0.0,0.5,none,True,True
111790,1.0,0.0,0.5,none,True,True
111791,1.0,0.0,0.5,none,True,True
111792,1.0,0.0,0.5,none,True,True
111793,1.0,0.0,0.5,none,True,True
111794,1.0,0.0,0.5,none,True,True
111795,1.0,0.0,0.5,none,True,True
111796,1.0,0.0,0.5,none,True,True
111797,1.0,0.0,0.5,none,True,True
111798,1.0,0.0,0.5,none,True,True
111799,1.0,0.0,0.5,none,True,True
111800,1.0,0.0,0.5,none,True,True
111801,1.0,0.0,0.5,none,True,True
111802,1.0,0.0,0.5,none,True,True
111803,1.0,0.0,0.5,none,True,True
111804,1.0,0.0,0.5,none,True,True
111805,1.0,0.0,0.5,none,True,True
111806,1.0,0.0,0.5,none,True,True
111807,1.0,0.0,0.5,none,True,True
111808,1.0,0.0,0.5,none,True,True
111809,1.0,0.0,0.5,none,True,True
111810,1.0,0.0,0.5,none,True,True
111811,1.0,0.0,0.5,none,True,True
111812,1.0,0.0,0.5,none,True,True
111813,1.0,0.0,0.5,none,True,True
111814,1.0,0.0,0.5,none,True,True
111815,1.0,0.0,0.5,none,True,True
111816,1.0,0.0,0.5,none,True,True
111817,1.0,0.0,0.5,none,True,True
111818,1.0,0.0,0.5,none,True,True
111819,1.0,0.0,0.5,none,True,True
111820,1.0,0.0,0.5,none,True,True
111821,1.0,0.0,0.5,none,True,True
111822,1.0,0.0,0.5,none,True,True
111823,1.0,0.0,0.5,none,True,True
111824,1.0,0.0,0.5,none,True,True
111825,1.0,0.0,0.5,none,True,True
111826,1.0,0.0,0.5,none,True,True
111827,1.0,0.0,0.5,none,True,True
111828,1.0,0.0,0.5,none,True,True
111829,1.0,0.0,0.5,none,True,True
111830,1.0,0.0,0.5,none,True,True
111831,1.0,0.0,0.5,none,True,True
111832,1.0,0.0,0.5,none,True,True
111833,1.0,0.0,0.5,none,True,True
111834,1.0,0.0,0.5,none,True,True
111835,1.0,0.0,0.5,none,True,True
111836,1.0,0.0,0.5,none,True,True
111837,1.0,0.0,0.5,none,True,True
111838,1.0,0.0,0.5,none,True,True
111839,1.0,0.0,0.5,none,True,True
111840,1.0,0.0,0.5,none,True,True
111841,1.0,0.0,0.5,none,True,True
111842,1.0,0.0,0.5,none,True,True
111843,1.0,0.0,0.5,none,True,True
111844,1.0,0.0,0.5,none,True,True
111845,1.0,0.0,0.5,none,True,True
111846,1.0,0.0,0.5,none,True,True
111847,1.0,0.0,0.5,none,True,True
111848,1.0,0.0,0.5,none,True,True
111849,1.0,0.0,0.5,none,True,True
111850,1.0,0.0,0.5,none,True,True
111851,1.0,0.0,0.5,none,True,True
111852,1.0,0.0,0.5,none,True,True
111853,1.0,0.0,0.5,none,True,True
111854,1.0,0.0,0.5,none,True,True
111855,1.0,0.0,0.5,none,True,True
111856,1.0,0.0,0.5,none,True,True
111857,1.0,0.0,0.5,none,True,True
111858,1.0,0.0,0.5,none,True,True
111859,1.0,0.0,0.5,none,True,True
111860,1.0,0.0,0.5,none,True,True
111861,1.0,0.0,0.5,none,True,True
111862,1.0,0.0,0.5,none,True,True
111863,1.0,0.0,0.5,none,True,True
111864,1.0,0.0,0.5,none,True,True
111865,1.0,0.0,0.5,none,True,True
111866,1.0,0.0,0.5,none,True,True
111867,1.0,0.0,0.5,none,True,True
111868,1.0,0.0,0.5,none,True,True
111869,1.0,0.0,0.5,none,True,True
111870,1.0,0.0,0.5,none,True,True
111871,1.0,0.0,0.5,none,True,True
111872,1.0,0.0,0.5,none,True,True
111873,1.0,0.0,0.5,none,True,True
111874,1.0,0.0,0.5,none,True,True
111875,1.0,0.0,0.5,none,True,True
111876,1.0,0.0,0.5,none,True,True
111877,1.0,0.0,0.5,none,True,True
111878,1.0,0.0,0.5,none,True,True
111879,1.0,0.0,0.5,none,True,True
111880,1.0,0.0,0.5,none,True,True
111881,1.0,0.0,0.5,none,True,True
111882,1.0,0.0,0.5,none,True,True
111883,1.0,0.0,0.5,none,True,True
111884,1.0,0.0,0.5,none,True,True
111885,1.0,0.0,0.5,none,True,True
111886,1.0,0.0,0.5,none,True,True
111887,1.0,0.0,0.5,none,True,True
111888,1.0,0.0,0.5,none,True,True
111889,1.0,0.0,0.5,none,True,True
111890,1.0,0.0,0.5,none,True,True
111891,1.0,0.0,0.5,none,True,True
111892,1.0,0.0,0.5,none,True,True
111893,1.0,0.0,0.5,none,True,True
111894,1.0,0.0,0.5,none,True,True
111895,1.0,0.0,0.5,none,True,True
111896,1.0,0.0,0.5,none,True,True
111897,1.0,0.0,0.5,none,True,True
111898,1.0,0.0,0.5,none,True,True
111899,1.0,0.0,0.5,none,True,True
111900,1.0,0.0,0.5,none,True,True
111901,1.0,0.0,0.5,none,True,True
111902,1.0,0.0,0.5,none,True,True
111903,1.0,0.0,0.5,none,True,True
111904,1.0,0.0,0.5,none,True,True
111905,1.0,0.0,0.5,none,True,True
111906,1.0,0.0,0.5,none,True,True
111907,1.0,0.0,0.5,none,True,True
111908,1.0,0.0,0.5,none,True,True
111909,1.0,0.0,0.5,none,True,True
111910,1.0,0.0,0.5,none,True,True
111911,1.0,0.0,0.5,none,True,True
111912,1.0,0.0,0.5,none,True,True
111913,1.0,0.0,0.5,none,True,True
111914,1.0,0.0,0.5,none,True,True
111915,1.0,0.0,0.5,none,True,True
111916,1.0,0.0,0.5,none,True,True
111917,1.0,0.0,0.5,none,True,True
111918,1.0,0.0,0.5,none,True,True
111919,1.0,0.0,0.5,none,True,True
111920,1.0,0.0,0.5,none,True,True
111921,1.0,0.0,0.5,none,True,True
111922,1.0,0.0,0.5,none,True,True
111923,1.0,0.0,0.5,none,True,True
111924,1.0,0.0,0.5,none,True,True
111925,1.0,0.0,0.5,none,True,True
111926,1.0,0.0,0.5,none,True,True
111927,1.0,0.0,0.5,none,True,True
111928,1.0,0.0,0.5,none,True,True
111929,1.0,0.0,0.5,none,True,True
111930,1.0,0.0,0.5,none,True,True
111931,1.0,0.0,0.5,none,True,True
111932,1.0,0.0,0.5,none,True,True
111933,1.0,0.0,0.5,none,True,True
111934,1.0,0.0,0.5,none,True,True
111935,1.0,0.0,0.5,none,True,True
111936,1.0,0.0,0.5,none,True,True
111937,1.0,0.0,0.5,none,True,True
111938,1.0,0.0,0.5,none,True,True
111939,1.0,0.0,0.5,none,True,True
111940,1.0,0.0,0.5,none,True,True
111941,1.0,0.0,0.5,none,True,True
111942,1.0,0.0,0.5,none,True,True
111943,1.0,0.0,0.5,none,True,True
111944,1.0,0.0,0.5,none,True,True
111945,1.0,0.0,0.5,none,True,True
111946,1.0,0.0,0.5,none,True,True
111947,1.0,0.0,0.5,none,True,True
111948,1.0,0.0,0.5,none,True,True
111949,1.0,0.0,0.5,none,True,True
111950,1.0,0.0,0.5,none,True,True
111951,1.0,0.0,0.5,none,True,True
111952,1.0,0.0,0.5,none,True,True
111953,1.0,0.0,0.5,none,True,True
111954,1.0,0.0,0.5,none,True,True
111955,1.0,0.0,0.5,none,True,True
111956,1.0,0.0,0.5,none,True,True
111957,1.0,0.0,0.5,none,True,True
111958,1.0,0.0,0.5,none,True,True
111959,1.0,0.0,0.5,none,True,True
111960,1.0,0.0,0.5,none,True,True
111961,1.0,0.0,0.5,none,True,True
111962,1.0,0.0,0.5,none,True,True
111963,1.0,0.0,0.5,none,True,True
111964,1.0,0.0,0.5,none,True,True
111965,1.0,0.0,0.5,none,True,True
111966,1.0,0.0,0.5,none,True,True
111967,1.0,0.0,0.5,none,True,True
111968,1.0,0.0,0.5,none,True,True
111969,1.0,0.0,0.5,none,True,True
111970,1.0,0.0,0.5,none,True,True
111971,1.0,0.0,0.5,none,True,True
111972,1.0,0.0,0.5,none,True,True
111973,1.0,0.0,0.5,none,True,True
111974,1.0,0.0,0.5,none,True,True
111975,1.0,0.0,0.5,none,True,True
111976,1.0,0.0,0.5,none,True,True
111977,1.0,0.0,0.5,none,True,True
111978,1.0,0.0,0.5,none,True,True
111979,1.0,0.0,0.5,none,True,True
111980,1.0,0.0,0.5,none,True,True
111981,1.0,0.0,0.5,none,True,True
111982,1.0,0.0,0.5,none,True,True
111983,1.0,0.0,0.5,none,True,True
111984,1.0,0.0,0.5,none,True,True
111985,1.0,0.0,0.5,none,True,True
111986,1.0,0.0,0.5,none,True,True
111987,1.0,0.0,0.5,none,True,True
111988,1.0,0.0,0.5,none,True,True
111989,1.0,0.0,0.5,none,True,True
111990,1.0,0.0,0.5,none,True,True
111991,1.0,0.0,0.5,none,True,True
111992,1.0,0.0,0.5,none,True,True
111993,1.0,0.0,0.5,none,True,True
111994,1.0,0.0,0.5,none,True,True
111995,1.0,0.0,0.5,none,True,True
111996,1.0,0.0,0.5,none,True,True
111997,1.0,0.0,0.5,none,True,True
111998,1.0,0.0,0.5,none,True,True
111999,1.0,0.0,0.5,none,True,True
112000,1.0,0.0061,0.5,none,True,True
112001,1.0,0.0357,0.5,none,True,True
112002,1.0,0.0812,0.5,none,True,True
112003,1.0,0.1113,0.5,none,True,True
112004,1.0,0.1253,0.5,none,True,True
112005,1.0,0.1408,0.5,none,True,True
112006,1.0,0.0907,0.5,none,True,True
112007,1.0,0.1198,0.5,none,True,True
112008,1.0,0.0467,0.5,none,True,True
112009,1.0,0.0522,0.5,none,True,True
112010,1.0,0.0405,0.5,none,True,True
112011,1.0,0.0313,0.5,none,True,True
112012,1.0,0.0083,0.5,none,True,True
112013,1.0,0.0726,0.5,none,True,True
112014,1.0,0.0793,0.5,none,True,True
112015,1.0,0.0581,0.5,none,True,True
112016,1.0,0.0955,0.5,none,True,True
112017,1.0,0.0839,0.5,none,True,True
112018,1.0,0.0648,0.5,none,True,True
112019,1.0,0.0718,0.5,none,True,True
112020,1.0,0.0589,0.5,none,True,True
112021,1.0,0.0403,0.5,none,True,True
112022,1.0,0.0327,0.5,none,True,True
112023,1.0,0.0277,0.5,none,True,True
112024,1.0,0.017,0.5,none,True,True
112025,1.0,0.0102,0.5,none,True,True
112026,1.0,0.0099,0.5,none,True,True
112027,1.0,0.008,0.5,none,True,True
112028,1.0,0.005,0.5,none,True,True
112029,1.0,0.0063,0.5,none,True,True
112030,1.0,0.009,0.5,none,True,True
112031,1.0,0.0096,0.5,none,True,True
112032,1.0,0.0108,0.5,none,True,True
112033,1.0,0.014,0.5,none,True,True
112034,1.0,0.0161,0.5,none,True,True
112035,1.0,0.0167,0.5,none,True,True
112036,1.0,0.0182,0.5,none,True,True
112037,1.0,0.0196,0.5,none,True,True
112038,1.0,0.0197,0.5,none,True,True
112039,1.0,0.0193,0.5,none,True,True
112040,1.0,0.0193,0.5,none,True,True
112041,1.0,0.0187,0.5,none,True,True
112042,1.0,0.0174,0.5,none,True,True
112043,1.0,0.0163,0.5,none,True,True
112044,1.0,0.0152,0.5,none,True,True
112045,1.0,0.0138,0.5,none,True,True
112046,1.0,0.0123,0.5,none,True,True
112047,1.0,0.0111,0.5,none,True,True
112048,1.0,0.01,0.5,none,True,True
112049,1.0,0.0088,0.5,none,True,True
112050,1.0,0.0078,0.5,none,True,True
112051,1.0,0.0071,0.5,none,True,True
112052,1.0,0.0064,0.5,none,True,True
112053,1.0,0.0057,0.5,none,True,True
112054,1.0,0.0053,0.5,none,True,True
112055,1.0,0.005,0.5,none,True,True
112056,1.0,0.0047,0.5,none,True,True
112057,1.0,0.0045,0.5,none,True,True
112058,1.0,0.0044,0.5,none,True,True
112059,1.0,0.0043,0.5,none,True,True
112060,1.0,0.0042,0.5,none,True,True
112061,1.0,0.0041,0.5,none,True,True
112062,1.0,0.004,0.5,none,True,True
112063,1.0,0.0039,0.5,none,True,True
112064,1.0,0.0038,0.5,none,True,True
112065,1.0,0.0037,0.5,none,True,True
112066,1.0,0.0035,0.5,none,True,True
112067,1.0,0.0033,0.5,none,True,True
112068,1.0,0.0032,0.5,none,True,True
112069,1.0,0.003,0.5,none,True,True
112070,1.0,0.0028,0.5,none,True,True
112071,1.0,0.0026,0.5,none,True,True
112072,1.0,0.0024,0.5,none,True,True
112073,1.0,0.0023,0.5,none,True,True
112074,1.0,0.0021,0.5,none,True,True
112075,1.0,0.0019,0.5,none,True,True
112076,1.0,0.0018,0.5,none,True,True
112077,1.0,0.0017,0.5,none,True,True
112078,1.0,0.0015,0.5,none,True,True
112079,1.0,0.0014,0.5,none,True,True
112080,1.0,0.0013,0.5,none,True,True
112081,1.0,0.0013,0.5,none,True,True
112082,1.0,0.0012,0.5,none,True,True
112083,1.0,0.0011,0.5,none,True,True
112084,1.0,0.0011,0.5,none,True,True
112085,1.0,0.001,0.5,none,True,True
112086,1.0,0.001,0.5,none,True,True
112087,1.0,0.0009,0.5,none,True,True
112088,1.0,0.0009,0.5,none,True,True
112089,1.0,0.0008,0.5,none,True,True
112090,1.0,0.0008,0.5,none,True,True
112091,1.0,0.0008,0.5,none,True,True
112092,1.0,0.0007,0.5,none,True,True
112093,1.0,0.0007,0.5,none,True,True
112094,1.0,0.0006,0.5,none,True,True
112095,1.0,0.0006,0.5,none,True,True
112096,1.0,0.0006,0.5,none,True,True
112097,1.0,0.0005,0.5,none,True,True
112098,1.0,0.0005,0.5,none,True,True
112099,1.0,0.0005,0.5,none,True,True
112100,1.0,0.0004,0.5,none,True,True
112101,1.0,0.0004,0.5,none,True,True
112102,1.0,0.0004,0.5,none,True,True
112103,1.0,0.0004,0.5,none,True,True
112104,1.0,0.0003,0.5,none,True,True
112105,1.0,0.0003,0.5,none,True,True
112106,1.0,0.0003,0.5,none,True,True
112107,1.0,0.0003,0.5,none,True,True
112108,1.0,0.0003,0.5,none,True,True
112109,1.0,0.0003,0.5,none,True,True
112110,1.0,0.0002,0.5,none,True,True
112111,1.0,0.0002,0.5,none,True,True
112112,1.0,0.0002,0.5,none,True,True
112113,1.0,0.0002,0.5,none,True,True
112114,1.0,0.0002,0.5,none,True,True
112115,1.0,0.0002,0.5,none,True,True
112116,1.0,0.0002,0.5,none,True,True
112117,1.0,0.0002,0.5,none,True,True
112118,1.0,0.0002,0.5,none,True,True
112119,1.0,0.0001,0.5,none,True,True
112120,1.0,0.0001,0.5,none,True,True
112121,1.0,0.0001,0.5,none,True,True
112122,1.0,0.0001,0.5,none,True,True
112123,1.0,0.0001,0.5,none,True,True
112124,1.0,0.0001,0.5,none,True,True
112125,1.0,0.0001,0.5,none,True,True
112126,1.0,0.0001,0.5,none,True,True
112127,1.0,0.0001,0.5,none,True,True
112128,1.0,0.0001,0.5,none,True,True
112129,1.0,0.0001,0.5,none,True,True
112130,1.0,0.0001,0.5,none,True,True
112131,1.0,0.0001,0.5,none,True,True
112132,1.0,0.0001,0.5,none,True,True
112133,1.0,0.0001,0.5,none,True,True
112134,1.0,0.0001,0.5,none,True,True
112135,1.0,0.0001,0.5,none,True,True
112136,1.0,0.0001,0.5,none,True,True
112137,1.0,0.0,0.5,none,True,True
112138,1.0,0.0,0.5,none,True,True
112139,1.0,0.0,0.5,none,True,True
112140,1.0,0.0,0.5,none,True,True
112141,1.0,0.0,0.5,none,True,True
112142,1.0,0.0,0.5,none,True,True
112143,1.0,0.0,0.5,none,True,True
112144,1.0,0.0,0.5,none,True,True
112145,1.0,0.0,0.5,none,True,True
112146,1.0,0.0,0.5,none,True,True
112147,1.0,0.0,0.5,none,True,True
112148,1.0,0.0,0.5,none,True,True
112149,1.0,0.0,0.5,none,True,True
112150,1.0,0.0,0.5,none,True,True
112151,1.0,0.0,0.5,none,True,True
112152,1.0,0.0,0.5,none,True,True
112153,1.0,0.0,0.5,none,True,True
112154,1.0,0.0,0.5,none,True,True
112155,1.0,0.0,0.5,none,True,True
112156,1.0,0.0,0.5,none,True,True
112157,1.0,0.0,0.5,none,True,True
112158,1.0,0.0,0.5,none,True,True
112159,1.0,0.0,0.5,none,True,True
112160,1.0,0.0,0.5,none,True,True
112161,1.0,0.0,0.5,none,True,True
112162,1.0,0.0,0.5,none,True,True
112163,1.0,0.0,0.5,none,True,True
112164,1.0,0.0,0.5,none,True,True
112165,1.0,0.0,0.5,none,True,True
112166,1.0,0.0,0.5,none,True,True
112167,1.0,0.0,0.5,none,True,True
112168,1.0,0.0,0.5,none,True,True
112169,1.0,0.0,0.5,none,True,True
112170,1.0,0.0,0.5,none,True,True
112171,1.0,0.0,0.5,none,True,True
112172,1.0,0.0,0.5,none,True,True
112173,1.0,0.0,0.5,none,True,True
112174,1.0,0.0,0.5,none,True,True
112175,1.0,0.0,0.5,none,True,True
112176,1.0,0.0,0.5,none,True,True
112177,1.0,0.0,0.5,none,True,True
112178,1.0,0.0,0.5,none,True,True
112179,1.0,0.0,0.5,none,True,True
112180,1.0,0.0,0.5,none,True,True
112181,1.0,0.0,0.5,none,True,True
112182,1.0,0.0,0.5,none,True,True
112183,1.0,0.0,0.5,none,True,True
112184,1.0,0.0,0.5,none,True,True
112185,1.0,0.0,0.5,none,True,True
112186,1.0,0.0,0.5,none,True,True
112187,1.0,0.0,0.5,none,True,True
112188,1.0,0.0,0.5,none,True,True
112189,1.0,0.0,0.5,none,True,True
112190,1.0,0.0,0.5,none,True,True
112191,1.0,0.0,0.5,none,True,True
112192,1.0,0.0,0.5,none,True,True
112193,1.0,0.0,0.5,none,True,True
112194,1.0,0.0,0.5,none,True,True
112195,1.0,0.0,0.5,none,True,True
112196,1.0,0.0,0.5,none,True,True
112197,1.0,0.0,0.5,none,True,True
112198,1.0,0.0,0.5,none,True,True
112199,1.0,0.0,0.5,none,True,True
112200,1.0,0.0,0.5,none,True,True
112201,1.0,0.0,0.5,none,True,True
112202,1.0,0.0,0.5,none,True,True
112203,1.0,0.0,0.5,none,True,True
112204,1.0,0.0,0.5,none,True,True
112205,1.0,0.0,0.5,none,True,True
112206,1.0,0.0,0.5,none,True,True
112207,1.0,0.0,0.5,none,True,True
112208,1.0,0.0,0.5,none,True,True
112209,1.0,0.0,0.5,none,True,True
112210,1.0,0.0,0.5,none,True,True
112211,1.0,0.0,0.5,none,True,True
112212,1.0,0.0,0.5,none,True,True
112213,1.0,0.0,0.5,none,True,True
112214,1.0,0.0,0.5,none,True,True
112215,1.0,0.0,0.5,none,True,True
112216,1.0,0.0,0.5,none,True,True
112217,1.0,0.0,0.5,none,True,True
112218,1.0,0.0,0.5,none,True,True
112219,1.0,0.0,0.5,none,True,True
112220,1.0,0.0,0.5,none,True,True
112221,1.0,0.0,0.5,none,True,True
112222,1.0,0.0,0.5,none,True,True
112223,1.0,0.0,0.5,none,True,True
112224,1.0,0.0,0.5,none,True,True
112225,1.0,0.0,0.5,none,True,True
112226,1.0,0.0,0.5,none,True,True
112227,1.0,0.0,0.5,none,True,True
112228,1.0,0.0,0.5,none,True,True
112229,1.0,0.0,0.5,none,True,True
112230,1.0,0.0,0.5,none,True,True
112231,1.0,0.0,0.5,none,True,True
112232,1.0,0.0,0.5,none,True,True
112233,1.0,0.0,0.5,none,True,True
112234,1.0,0.0,0.5,none,True,True
112235,1.0,0.0,0.5,none,True,True
112236,1.0,0.0,0.5,none,True,True
112237,1.0,0.0,0.5,none,True,True
112238,1.0,0.0,0.5,none,True,True
112239,1.0,0.0,0.5,none,True,True
112240,1.0,0.0,0.5,none,True,True
112241,1.0,0.0,0.5,none,True,True
112242,1.0,0.0,0.5,none,True,True
112243,1.0,0.0,0.5,none,True,True
112244,1.0,0.0,0.5,none,True,True
112245,1.0,0.0,0.5,none,True,True
112246,1.0,0.0,0.5,none,True,True
112247,1.0,0.0,0.5,none,True,True
112248,1.0,0.0,0.5,none,True,True
112249,1.0,0.0,0.5,none,True,True
112250,1.0,0.0,0.5,none,True,True
112251,1.0,0.0,0.5,none,True,True
112252,1.0,0.0,0.5,none,True,True
112253,1.0,0.0,0.5,none,True,True
112254,1.0,0.0,0.5,none,True,True
112255,1.0,0.0,0.5,none,True,True
112256,1.0,0.0,0.5,none,True,True
112257,1.0,0.0,0.5,none,True,True
112258,1.0,0.0,0.5,none,True,True
112259,1.0,0.0,0.5,none,True,True
112260,1.0,0.0,0.5,none,True,True
112261,1.0,0.0,0.5,none,True,True
112262,1.0,0.0,0.5,none,True,True
112263,1.0,0.0,0.5,none,True,True
112264,1.0,0.0,0.5,none,True,True
112265,1.0,0.0,0.5,none,True,True
112266,1.0,0.0,0.5,none,True,True
112267,1.0,0.0,0.5,none,True,True
112268,1.0,0.0,0.5,none,True,True
112269,1.0,0.0,0.5,none,True,True
112270,1.0,0.0,0.5,none,True,True
112271,1.0,0.0,0.5,none,True,True
112272,1.0,0.0,0.5,none,True,True
112273,1.0,0.0,0.5,none,True,True
112274,1.0,0.0,0.5,none,True,True
112275,1.0,0.0,0.5,none,True,True
112276,1.0,0.0,0.5,none,True,True
112277,1.0,0.0,0.5,none,True,True
112278,1.0,0.0,0.5,none,True,True
112279,1.0,0.0,0.5,none,True,True
112280,1.0,0.0,0.5,none,True,True
112281,1.0,0.0,0.5,none,True,True
112282,1.0,0.0,0.5,none,True,True
112283,1.0,0.0,0.5,none,True,True
112284,1.0,0.0,0.5,none,True,True
112285,1.0,0.0,0.5,none,True,True
112286,1.0,0.0,0.5,none,True,True
112287,1.0,0.0,0.5,none,True,True
112288,1.0,0.0,0.5,none,True,True
112289,1.0,0.0,0.5,none,True,True
112290,1.0,0.0,0.5,none,True,True
112291,1.0,0.0,0.5,none,True,True
112292,1.0,0.0,0.5,none,True,True
112293,1.0,0.0,0.5,none,True,True
112294,1.0,0.0,0.5,none,True,True
112295,1.0,0.0,0.5,none,True,True
112296,1.0,0.0,0.5,none,True,True
112297,1.0,0.0,0.5,none,True,True
112298,1.0,0.0,0.5,none,True,True
112299,1.0,0.0,0.5,none,True,True
112300,1.0,0.0,0.5,none,True,True
112301,1.0,0.0,0.5,none,True,True
112302,1.0,0.0,0.5,none,True,True
112303,1.0,0.0,0.5,none,True,True
112304,1.0,0.0,0.5,none,True,True
112305,1.0,0.0,0.5,none,True,True
112306,1.0,0.0,0.5,none,True,True
112307,1.0,0.0,0.5,none,True,True
112308,1.0,0.0,0.5,none,True,True
112309,1.0,0.0,0.5,none,True,True
112310,1.0,0.0,0.5,none,True,True
112311,1.0,0.0,0.5,none,True,True
112312,1.0,0.0,0.5,none,True,True
112313,1.0,0.0,0.5,none,True,True
112314,1.0,0.0,0.5,none,True,True
112315,1.0,0.0,0.5,none,True,True
112316,1.0,0.0,0.5,none,True,True
112317,1.0,0.0,0.5,none,True,True
112318,1.0,0.0,0.5,none,True,True
112319,1.0,0.0,0.5,none,True,True
112320,1.0,0.0,0.5,none,True,True
112321,1.0,0.0,0.5,none,True,True
112322,1.0,0.0,0.5,none,True,True
112323,1.0,0.0,0.5,none,True,True
112324,1.0,0.0,0.5,none,True,True
112325,1.0,0.0,0.5,none,True,True
112326,1.0,0.0,0.5,none,True,True
112327,1.0,0.0,0.5,none,True,True
112328,1.0,0.0,0.5,none,True,True
112329,1.0,0.0,0.5,none,True,True
112330,1.0,0.0,0.5,none,True,True
112331,1.0,0.0,0.5,none,True,True
112332,1.0,0.0,0.5,none,True,True
112333,1.0,0.0,0.5,none,True,True
112334,1.0,0.0,0.5,none,True,True
112335,1.0,0.0,0.5,none,True,True
112336,1.0,0.0,0.5,none,True,True
112337,1.0,0.0,0.5,none,True,True
112338,1.0,0.0,0.5,none,True,True
112339,1.0,0.0,0.5,none,True,True
112340,1.0,0.0,0.5,none,True,True
112341,1.0,0.0,0.5,none,True,True
112342,1.0,0.0,0.5,none,True,True
112343,1.0,0.0,0.5,none,True,True
112344,1.0,0.0,0.5,none,True,True
112345,1.0,0.0,0.5,none,True,True
112346,1.0,0.0,0.5,none,True,True
112347,1.0,0.0,0.5,none,True,True
112348,1.0,0.0,0.5,none,True,True
112349,1.0,0.0,0.5,none,True,True
112350,1.0,0.0,0.5,none,True,True
112351,1.0,0.0,0.5,none,True,True
112352,1.0,0.0,0.5,none,True,True
112353,1.0,0.0,0.5,none,True,True
112354,1.0,0.0,0.5,none,True,True
112355,1.0,0.0,0.5,none,True,True
112356,1.0,0.0,0.5,none,True,True
112357,1.0,0.0,0.5,none,True,True
112358,1.0,0.0,0.5,none,True,True
112359,1.0,0.0,0.5,none,True,True
112360,1.0,0.0,0.5,none,True,True
112361,1.0,0.0,0.5,none,True,True
112362,1.0,0.0,0.5,none,True,True
112363,1.0,0.0,0.5,none,True,True
112364,1.0,0.0,0.5,none,True,True
112365,1.0,0.0,0.5,none,True,True
112366,1.0,0.0,0.5,none,True,True
112367,1.0,0.0,0.5,none,True,True
112368,1.0,0.0,0.5,none,True,True
112369,1.0,0.0,0.5,none,True,True
112370,1.0,0.0,0.5,none,True,True
112371,1.0,0.0,0.5,none,True,True
112372,1.0,0.0,0.5,none,True,True
112373,1.0,0.0,0.5,none,True,True
112374,1.0,0.0,0.5,none,True,True
112375,1.0,0.0,0.5,none,True,True
112376,1.0,0.0,0.5,none,True,True
112377,1.0,0.0,0.5,none,True,True
112378,1.0,0.0,0.5,none,True,True
112379,1.0,0.0,0.5,none,True,True
112380,1.0,0.0,0.5,none,True,True
112381,1.0,0.0,0.5,none,True,True
112382,1.0,0.0,0.5,none,True,True
112383,1.0,0.0,0.5,none,True,True
112384,1.0,0.0,0.5,none,True,True
112385,1.0,0.0,0.5,none,True,True
112386,1.0,0.0,0.5,none,True,True
112387,1.0,0.0,0.5,none,True,True
112388,1.0,0.0,0.5,none,True,True
112389,1.0,0.0,0.5,none,True,True
112390,1.0,0.0,0.5,none,True,True
112391,1.0,0.0,0.5,none,True,True
112392,1.0,0.0,0.5,none,True,True
112393,1.0,0.0,0.5,none,True,True
112394,1.0,0.0,0.5,none,True,True
112395,1.0,0.0,0.5,none,True,True
112396,1.0,0.0,0.5,none,True,True
112397,1.0,0.0,0.5,none,True,True
112398,1.0,0.0,0.5,none,True,True
112399,1.0,0.0,0.5,none,True,True
112400,1.0,0.0,0.5,none,True,True
112401,1.0,0.0,0.5,none,True,True
112402,1.0,0.0,0.5,none,True,True
112403,1.0,0.0,0.5,none,True,True
112404,1.0,0.0,0.5,none,True,True
112405,1.0,0.0,0.5,none,True,True
112406,1.0,0.0,0.5,none,True,True
112407,1.0,0.0,0.5,none,True,True
112408,1.0,0.0,0.5,none,True,True
112409,1.0,0.0,0.5,none,True,True
112410,1.0,0.0,0.5,none,True,True
112411,1.0,0.0,0.5,none,True,True
112412,1.0,0.0,0.5,none,True,True
112413,1.0,0.0,0.5,none,True,True
112414,1.0,0.0,0.5,none,True,True
112415,1.0,0.0,0.5,none,True,True
112416,1.0,0.0,0.5,none,True,True
112417,1.0,0.0,0.5,none,True,True
112418,1.0,0.0,0.5,none,True,True
112419,1.0,0.0,0.5,none,True,True
112420,1.0,0.0,0.5,none,True,True
112421,1.0,0.0,0.5,none,True,True
112422,1.0,0.0,0.5,none,True,True
112423,1.0,0.0,0.5,none,True,True
112424,1.0,0.0,0.5,none,True,True
112425,1.0,0.0,0.5,none,True,True
112426,1.0,0.0,0.5,none,True,True
112427,1.0,0.0,0.5,none,True,True
112428,1.0,0.0,0.5,none,True,True
112429,1.0,0.0,0.5,none,True,True
112430,1.0,0.0,0.5,none,True,True
112431,1.0,0.0,0.5,none,True,True
112432,1.0,0.0,0.5,none,True,True
112433,1.0,0.0,0.5,none,True,True
112434,1.0,0.0,0.5,none,True,True
112435,1.0,0.0,0.5,none,True,True
112436,1.0,0.0,0.5,none,True,True
112437,1.0,0.0,0.5,none,True,True
112438,1.0,0.0,0.5,none,True,True
112439,1.0,0.0,0.5,none,True,True
112440,1.0,0.0,0.5,none,True,True
112441,1.0,0.0,0.5,none,True,True
112442,1.0,0.0,0.5,none,True,True
112443,1.0,0.0,0.5,none,True,True
112444,1.0,0.0,0.5,none,True,True
112445,1.0,0.0,0.5,none,True,True
112446,1.0,0.0,0.5,none,True,True
112447,1.0,0.0,0.5,none,True,True
112448,1.0,0.0,0.5,none,True,True
112449,1.0,0.0,0.5,none,True,True
112450,1.0,0.0,0.5,none,True,True
112451,1.0,0.0,0.5,none,True,True
112452,1.0,0.0,0.5,none,True,True
112453,1.0,0.0,0.5,none,True,True
112454,1.0,0.0,0.5,none,True,True
112455,1.0,0.0,0.5,none,True,True
112456,1.0,0.0,0.5,none,True,True
112457,1.0,0.0,0.5,none,True,True
112458,1.0,0.0,0.5,none,True,True
112459,1.0,0.0,0.5,none,True,True
112460,1.0,0.0,0.5,none,True,True
112461,1.0,0.0,0.5,none,True,True
112462,1.0,0.0,0.5,none,True,True
112463,1.0,0.0,0.5,none,True,True
112464,1.0,0.0,0.5,none,True,True
112465,1.0,0.0,0.5,none,True,True
112466,1.0,0.0,0.5,none,True,True
112467,1.0,0.0,0.5,none,True,True
112468,1.0,0.0,0.5,none,True,True
112469,1.0,0.0,0.5,none,True,True
112470,1.0,0.0,0.5,none,True,True
112471,1.0,0.0,0.5,none,True,True
112472,1.0,0.0,0.5,none,True,True
112473,1.0,0.0,0.5,none,True,True
112474,1.0,0.0,0.5,none,True,True
112475,1.0,0.0,0.5,none,True,True
112476,1.0,0.0,0.5,none,True,True
112477,1.0,0.0,0.5,none,True,True
112478,1.0,0.0,0.5,none,True,True
112479,1.0,0.0,0.5,none,True,True
112480,1.0,0.0,0.5,none,True,True
112481,1.0,0.0,0.5,none,True,True
112482,1.0,0.0,0.5,none,True,True
112483,1.0,0.0,0.5,none,True,True
112484,1.0,0.0,0.5,none,True,True
112485,1.0,0.0,0.5,none,True,True
112486,1.0,0.0,0.5,none,True,True
112487,1.0,0.0,0.5,none,True,True
112488,1.0,0.0,0.5,none,True,True
112489,1.0,0.0,0.5,none,True,True
112490,1.0,0.0,0.5,none,True,True
112491,1.0,0.0,0.5,none,True,True
112492,1.0,0.0,0.5,none,True,True
112493,1.0,0.0,0.5,none,True,True
112494,1.0,0.0,0.5,none,True,True
112495,1.0,0.0,0.5,none,True,True
112496,1.0,0.0,0.5,none,True,True
112497,1.0,0.0,0.5,none,True,True
112498,1.0,0.0,0.5,none,True,True
112499,1.0,0.0,0.5,none,True,True
112500,1.0,0.0,0.5,none,True,True
112501,1.0,0.0,0.5,none,True,True
112502,1.0,0.0,0.5,none,True,True
112503,1.0,0.0,0.5,none,True,True
112504,1.0,0.0,0.5,none,True,True
112505,1.0,0.0,0.5,none,True,True
112506,1.0,0.0,0.5,none,True,True
112507,1.0,0.0,0.5,none,True,True
112508,1.0,0.0,0.5,none,True,True
112509,1.0,0.0,0.5,none,True,True
112510,1.0,0.0,0.5,none,True,True
112511,1.0,0.0,0.5,none,True,True
112512,1.0,0.0,0.5,none,True,True
112513,1.0,0.0,0.5,none,True,True
112514,1.0,0.0,0.5,none,True,True
112515,1.0,0.0,0.5,none,True,True
112516,1.0,0.0,0.5,none,True,True
112517,1.0,0.0,0.5,none,True,True
112518,1.0,0.0,0.5,none,True,True
112519,1.0,0.0,0.5,none,True,True
112520,1.0,0.0,0.5,none,True,True
112521,1.0,0.0,0.5,none,True,True
112522,1.0,0.0,0.5,none,True,True
112523,1.0,0.0,0.5,none,True,True
112524,1.0,0.0,0.5,none,True,True
112525,1.0,0.0,0.5,none,True,True
112526,1.0,0.0,0.5,none,True,True
112527,1.0,0.0,0.5,none,True,True
112528,1.0,0.0,0.5,none,True,True
112529,1.0,0.0,0.5,none,True,True
112530,1.0,0.0,0.5,none,True,True
112531,1.0,0.0,0.5,none,True,True
112532,1.0,0.0,0.5,none,True,True
112533,1.0,0.0,0.5,none,True,True
112534,1.0,0.0,0.5,none,True,True
112535,1.0,0.0,0.5,none,True,True
112536,1.0,0.0,0.5,none,True,True
112537,1.0,0.0,0.5,none,True,True
112538,1.0,0.0,0.5,none,True,True
112539,1.0,0.0,0.5,none,True,True
112540,1.0,0.0,0.5,none,True,True
112541,1.0,0.0,0.5,none,True,True
112542,1.0,0.0,0.5,none,True,True
112543,1.0,0.0,0.5,none,True,True
112544,1.0,0.0,0.5,none,True,True
112545,1.0,0.0,0.5,none,True,True
112546,1.0,0.0,0.5,none,True,True
112547,1.0,0.0,0.5,none,True,True
112548,1.0,0.0,0.5,none,True,True
112549,1.0,0.0,0.5,none,True,True
112550,1.0,0.0,0.5,none,True,True
112551,1.0,0.0,0.5,none,True,True
112552,1.0,0.0,0.5,none,True,True
112553,1.0,0.0,0.5,none,True,True
112554,1.0,0.0,0.5,none,True,True
112555,1.0,0.0,0.5,none,True,True
112556,1.0,0.0,0.5,none,True,True
112557,1.0,0.0,0.5,none,True,True
112558,1.0,0.0,0.5,none,True,True
112559,1.0,0.0,0.5,none,True,True
112560,1.0,0.0,0.5,none,True,True
112561,1.0,0.0,0.5,none,True,True
112562,1.0,0.0,0.5,none,True,True
112563,1.0,0.0,0.5,none,True,True
112564,1.0,0.0,0.5,none,True,True
112565,1.0,0.0,0.5,none,True,True
112566,1.0,0.0,0.5,none,True,True
112567,1.0,0.0,0.5,none,True,True
112568,1.0,0.0,0.5,none,True,True
112569,1.0,0.0,0.5,none,True,True
112570,1.0,0.0,0.5,none,True,True
112571,1.0,0.0,0.5,none,True,True
112572,1.0,0.0,0.5,none,True,True
112573,1.0,0.0,0.5,none,True,True
112574,1.0,0.0,0.5,none,True,True
112575,1.0,0.0,0.5,none,True,True
112576,1.0,0.0,0.5,none,True,True
112577,1.0,0.0,0.5,none,True,True
112578,1.0,0.0,0.5,none,True,True
112579,1.0,0.0,0.5,none,True,True
112580,1.0,0.0,0.5,none,True,True
112581,1.0,0.0,0.5,none,True,True
112582,1.0,0.0,0.5,none,True,True
112583,1.0,0.0,0.5,none,True,True
112584,1.0,0.0,0.5,none,True,True
112585,1.0,0.0,0.5,none,True,True
112586,1.0,0.0,0.5,none,True,True
112587,1.0,0.0,0.5,none,True,True
112588,1.0,0.0,0.5,none,True,True
112589,1.0,0.0,0.5,none,True,True
112590,1.0,0.0,0.5,none,True,True
112591,1.0,0.0,0.5,none,True,True
112592,1.0,0.0,0.5,none,True,True
112593,1.0,0.0,0.5,none,True,True
112594,1.0,0.0,0.5,none,True,True
112595,1.0,0.0,0.5,none,True,True
112596,1.0,0.0,0.5,none,True,True
112597,1.0,0.0,0.5,none,True,True
112598,1.0,0.0,0.5,none,True,True
112599,1.0,0.0,0.5,none,True,True
112600,1.0,0.0,0.5,none,True,True
112601,1.0,0.0,0.5,none,True,True
112602,1.0,0.0,0.5,none,True,True
112603,1.0,0.0,0.5,none,True,True
112604,1.0,0.0,0.5,none,True,True
112605,1.0,0.0,0.5,none,True,True
112606,1.0,0.0,0.5,none,True,True
112607,1.0,0.0,0.5,none,True,True
112608,1.0,0.0,0.5,none,True,True
112609,1.0,0.0,0.5,none,True,True
112610,1.0,0.0,0.5,none,True,True
112611,1.0,0.0,0.5,none,True,True
112612,1.0,0.0,0.5,none,True,True
112613,1.0,0.0,0.5,none,True,True
112614,1.0,0.0,0.5,none,True,True
112615,1.0,0.0,0.5,none,True,True
112616,1.0,0.0,0.5,none,True,True
112617,1.0,0.0,0.5,none,True,True
112618,1.0,0.0,0.5,none,True,True
112619,1.0,0.0,0.5,none,True,True
112620,1.0,0.0,0.5,none,True,True
112621,1.0,0.0,0.5,none,True,True
112622,1.0,0.0,0.5,none,True,True
112623,1.0,0.0,0.5,none,True,True
112624,1.0,0.0,0.5,none,True,True
112625,1.0,0.0,0.5,none,True,True
112626,1.0,0.0,0.5,none,True,True
112627,1.0,0.0,0.5,none,True,True
112628,1.0,0.0,0.5,none,True,True
112629,1.0,0.0,0.5,none,True,True
112630,1.0,0.0,0.5,none,True,True
112631,1.0,0.0,0.5,none,True,True
112632,1.0,0.0,0.5,none,True,True
112633,1.0,0.0,0.5,none,True,True
112634,1.0,0.0,0.5,none,True,True
112635,1.0,0.0,0.5,none,True,True
112636,1.0,0.0,0.5,none,True,True
112637,1.0,0.0,0.5,none,True,True
112638,1.0,0.0,0.5,none,True,True
112639,1.0,0.0,0.5,none,True,True
112640,1.0,0.0,0.5,none,True,True
112641,1.0,0.0,0.5,none,True,True
112642,1.0,0.0,0.5,none,True,True
112643,1.0,0.0,0.5,none,True,True
112644,1.0,0.0,0.5,none,True,True
112645,1.0,0.0,0.5,none,True,True
112646,1.0,0.0,0.5,none,True,True
112647,1.0,0.0,0.5,none,True,True
112648,1.0,0.0,0.5,none,True,True
112649,1.0,0.0,0.5,none,True,True
112650,1.0,0.0,0.5,none,True,True
112651,1.0,0.0,0.5,none,True,True
112652,1.0,0.0,0.5,none,True,True
112653,1.0,0.0,0.5,none,True,True
112654,1.0,0.0,0.5,none,True,True
112655,1.0,0.0,0.5,none,True,True
112656,1.0,0.0,0.5,none,True,True
112657,1.0,0.0,0.5,none,True,True
112658,1.0,0.0,0.5,none,True,True
112659,1.0,0.0,0.5,none,True,True
112660,1.0,0.0,0.5,none,True,True
112661,1.0,0.0,0.5,none,True,True
112662,1.0,0.0,0.5,none,True,True
112663,1.0,0.0,0.5,none,True,True
112664,1.0,0.0,0.5,none,True,True
112665,1.0,0.0,0.5,none,True,True
112666,1.0,0.0,0.5,none,True,True
112667,1.0,0.0,0.5,none,True,True
112668,1.0,0.0,0.5,none,True,True
112669,1.0,0.0,0.5,none,True,True
112670,1.0,0.0,0.5,none,True,True
112671,1.0,0.0,0.5,none,True,True
112672,1.0,0.0,0.5,none,True,True
112673,1.0,0.0,0.5,none,True,True
112674,1.0,0.0,0.5,none,True,True
112675,1.0,0.0,0.5,none,True,True
112676,1.0,0.0,0.5,none,True,True
112677,1.0,0.0,0.5,none,True,True
112678,1.0,0.0,0.5,none,True,True
112679,1.0,0.0,0.5,none,True,True
112680,1.0,0.0,0.5,none,True,True
112681,1.0,0.0,0.5,none,True,True
112682,1.0,0.0,0.5,none,True,True
112683,1.0,0.0,0.5,none,True,True
112684,1.0,0.0,0.5,none,True,True
112685,1.0,0.0,0.5,none,True,True
112686,1.0,0.0,0.5,none,True,True
112687,1.0,0.0,0.5,none,True,True
112688,1.0,0.0,0.5,none,True,True
112689,1.0,0.0,0.5,none,True,True
112690,1.0,0.0,0.5,none,True,True
112691,1.0,0.0,0.5,none,True,True
112692,1.0,0.0,0.5,none,True,True
112693,1.0,0.0,0.5,none,True,True
112694,1.0,0.0,0.5,none,True,True
112695,1.0,0.0,0.5,none,True,True
112696,1.0,0.0,0.5,none,True,True
112697,1.0,0.0,0.5,none,True,True
112698,1.0,0.0,0.5,none,True,True
112699,1.0,0.0,0.5,none,True,True
112700,1.0,0.0061,0.5,none,True,True
112701,1.0,0.0357,0.5,none,True,True
112702,1.0,0.0812,0.5,none,True,True
112703,1.0,0.1113,0.5,none,True,True
112704,1.0,0.1253,0.5,none,True,True
112705,1.0,0.1408,0.5,none,True,True
112706,1.0,0.0907,0.5,none,True,True
112707,1.0,0.1198,0.5,none,True,True
112708,1.0,0.0467,0.5,none,True,True
112709,1.0,0.0522,0.5,none,True,True
112710,1.0,0.0405,0.5,none,True,True
112711,1.0,0.0313,0.5,none,True,True
112712,1.0,0.0083,0.5,none,True,True
112713,1.0,0.0726,0.5,none,True,True
112714,1.0,0.0793,0.5,none,True,True
112715,1.0,0.0581,0.5,none,True,True
112716,1.0,0.0955,0.5,none,True,True
112717,1.0,0.0839,0.5,none,True,True
112718,1.0,0.0648,0.5,none,True,True
112719,1.0,0.0718,0.5,none,True,True
112720,1.0,0.0589,0.5,none,True,True
112721,1.0,0.0403,0.5,none,True,True
112722,1.0,0.0327,0.5,none,True,True
112723,1.0,0.0277,0.5,none,True,True
112724,1.0,0.017,0.5,none,True,True
112725,1.0,0.0102,0.5,none,True,True
112726,1.0,0.0099,0.5,none,True,True
112727,1.0,0.008,0.5,none,True,True
112728,1.0,0.005,0.5,none,True,True
112729,1.0,0.0063,0.5,none,True,True
112730,1.0,0.009,0.5,none,True,True
112731,1.0,0.0096,0.5,none,True,True
112732,1.0,0.0108,0.5,none,True,True
112733,1.0,0.014,0.5,none,True,True
112734,1.0,0.0161,0.5,none,True,True
112735,1.0,0.0167,0.5,none,True,True
112736,1.0,0.0182,0.5,none,True,True
112737,1.0,0.0196,0.5,none,True,True
112738,1.0,0.0197,0.5,none,True,True
112739,1.0,0.0193,0.5,none,True,True
112740,1.0,0.0193,0.5,none,True,True
112741,1.0,0.0187,0.5,none,True,True
112742,1.0,0.0174,0.5,none,True,True
112743,1.0,0.0163,0.5,none,True,True
112744,1.0,0.0152,0.5,none,True,True
112745,1.0,0.0138,0.5,none,True,True
112746,1.0,0.0123,0.5,none,True,True
112747,1.0,0.0111,0.5,none,True,True
112748,1.0,0.01,0.5,none,True,True
112749,1.0,0.0088,0.5,none,True,True
112750,1.0,0.0078,0.5,none,True,True
112751,1.0,0.0071,0.5,none,True,True
112752,1.0,0.0064,0.5,none,True,True
112753,1.0,0.0057,0.5,none,True,True
112754,1.0,0.0053,0.5,none,True,True
112755,1.0,0.005,0.5,none,True,True
112756,1.0,0.0047,0.5,none,True,True
112757,1.0,0.0045,0.5,none,True,True
112758,1.0,0.0044,0.5,none,True,True
112759,1.0,0.0043,0.5,none,True,True
112760,1.0,0.0042,0.5,none,True,True
112761,1.0,0.0041,0.5,none,True,True
112762,1.0,0.004,0.5,none,True,True
112763,1.0,0.0039,0.5,none,True,True
112764,1.0,0.0038,0.5,none,True,True
112765,1.0,0.0037,0.5,none,True,True
112766,1.0,0.0035,0.5,none,True,True
112767,1.0,0.0033,0.5,none,True,True
112768,1.0,0.0032,0.5,none,True,True
112769,1.0,0.003,0.5,none,True,True
112770,1.0,0.0028,0.5,none,True,True
112771,1.0,0.0026,0.5,none,True,True
112772,1.0,0.0024,0.5,none,True,True
112773,1.0,0.0023,0.5,none,True,True
112774,1.0,0.0021,0.5,none,True,True
112775,1.0,0.0019,0.5,none,True,True
112776,1.0,0.0018,0.5,none,True,True
112777,1.0,0.0017,0.5,none,True,True
112778,1.0,0.0015,0.5,none,True,True
112779,1.0,0.0014,0.5,none,True,True
112780,1.0,0.0013,0.5,none,True,True
112781,1.0,0.0013,0.5,none,True,True
112782,1.0,0.0012,0.5,none,True,True
112783,1.0,0.0011,0.5,none,True,True
112784,1.0,0.0011,0.5,none,True,True
112785,1.0,0.001,0.5,none,True,True
112786,1.0,0.001,0.5,none,True,True
112787,1.0,0.0009,0.5,none,True,True
112788,1.0,0.0009,0.5,none,True,True
112789,1.0,0.0008,0.5,none,True,True
112790,1.0,0.0008,0.5,none,True,True
112791,1.0,0.0008,0.5,none,True,True
112792,1.0,0.0007,0.5,none,True,True
112793,1.0,0.0007,0.5,none,True,True
112794,1.0,0.0006,0.5,none,True,True
112795,1.0,0.0006,0.5,none,True,True
112796,1.0,0.0006,0.5,none,True,True
112797,1.0,0.0005,0.5,none,True,True
112798,1.0,0.0005,0.5,none,True,True
112799,1.0,0.0005,0.5,none,True,True
112800,1.0,0.0004,0.5,none,True,True
112801,1.0,0.0004,0.5,none,True,True
112802,1.0,0.0004,0.5,none,True,True
112803,1.0,0.0004,0.5,none,True,True
112804,1.0,0.0003,0.5,none,True,True
112805,1.0,0.0003,0.5,none,True,True
112806,1.0,0.0003,0.5,none,True,True
112807,1.0,0.0003,0.5,none,True,True
112808,1.0,0.0003,0.5,none,True,True
112809,1.0,0.0003,0.5,none,True,True
112810,1.0,0.0002,0.5,none,True,True
112811,1.0,0.0002,0.5,none,True,True
112812,1.0,0.0002,0.5,none,True,True
112813,1.0,0.0002,0.5,none,True,True
112814,1.0,0.0002,0.5,none,True,True
112815,1.0,0.0002,0.5,none,True,True
112816,1.0,0.0002,0.5,none,True,True
112817,1.0,0.0002,0.5,none,True,True
112818,1.0,0.0002,0.5,none,True,True
112819,1.0,0.0001,0.5,none,True,True
112820,1.0,0.0001,0.5,none,True,True
112821,1.0,0.0001,0.5,none,True,True
112822,1.0,0.0001,0.5,none,True,True
112823,1.0,0.0001,0.5,none,True,True
112824,1.0,0.0001,0.5,none,True,True
112825,1.0,0.0001,0.5,none,True,True
112826,1.0,0.0001,0.5,none,True,True
112827,1.0,0.0001,0.5,none,True,True
112828,1.0,0.0001,0.5,none,True,True
112829,1.0,0.0001,0.5,none,True,True
112830,1.0,0.0001,0.5,none,True,True
112831,1.0,0.0001,0.5,none,True,True
112832,1.0,0.0001,0.5,none,True,True
112833,1.0,0.0001,0.5,none,True,True
112834,1.0,0.0001,0.5,none,True,True
112835,1.0,0.0001,0.5,none,True,True
112836,1.0,0.0001,0.5,none,True,True
112837,1.0,0.0,0.5,none,True,True
112838,1.0,0.0,0.5,none,True,True
112839,1.0,0.0,0.5,none,True,True
112840,1.0,0.0,0.5,none,True,True
112841,1.0,0.0,0.5,none,True,True
112842,1.0,0.0,0.5,none,True,True
112843,1.0,0.0,0.5,none,True,True
112844,1.0,0.0,0.5,none,True,True
112845,1.0,0.0,0.5,none,True,True
112846,1.0,0.0,0.5,none,True,True
112847,1.0,0.0,0.5,none,True,True
112848,1.0,0.0,0.5,none,True,True
112849,1.0,0.0,0.5,none,True,True
112850,1.0,0.0,0.5,none,True,True
112851,1.0,0.0,0.5,none,True,True
112852,1.0,0.0,0.5,none,True,True
112853,1.0,0.0,0.5,none,True,True
112854,1.0,0.0,0.5,none,True,True
112855,1.0,0.0,0.5,none,True,True
112856,1.0,0.0,0.5,none,True,True
112857,1.0,0.0,0.5,none,True,True
112858,1.0,0.0,0.5,none,True,True
112859,1.0,0.0,0.5,none,True,True
112860,1.0,0.0,0.5,none,True,True
112861,1.0,0.0,0.5,none,True,True
112862,1.0,0.0,0.5,none,True,True
112863,1.0,0.0,0.5,none,True,True
112864,1.0,0.0,0.5,none,True,True
112865,1.0,0.0,0.5,none,True,True
112866,1.0,0.0,0.5,none,True,True
112867,1.0,0.0,0.5,none,True,True
112868,1.0,0.0,0.5,none,True,True
112869,1.0,0.0,0.5,none,True,True
112870,1.0,0.0,0.5,none,True,True
112871,1.0,0.0,0.5,none,True,True
112872,1.0,0.0,0.5,none,True,True
112873,1.0,0.0,0.5,none,True,True
112874,1.0,0.0,0.5,none,True,True
112875,1.0,0.0,0.5,none,True,True
112876,1.0,0.0,0.5,none,True,True
112877,1.0,0.0,0.5,none,True,True
112878,1.0,0.0,0.5,none,True,True
112879,1.0,0.0,0.5,none,True,True
112880,1.0,0.0,0.5,none,True,True
112881,1.0,0.0,0.5,none,True,True
112882,1.0,0.0,0.5,none,True,True
112883,1.0,0.0,0.5,none,True,True
112884,1.0,0.0,0.5,none,True,True
112885,1.0,0.0,0.5,none,True,True
112886,1.0,0.0,0.5,none,True,True
112887,1.0,0.0,0.5,none,True,True
112888,1.0,0.0,0.5,none,True,True
112889,1.0,0.0,0.5,none,True,True
112890,1.0,0.0,0.5,none,True,True
112891,1.0,0.0,0.5,none,True,True
112892,1.0,0.0,0.5,none,True,True
112893,1.0,0.0,0.5,none,True,True
112894,1.0,0.0,0.5,none,True,True
112895,1.0,0.0,0.5,none,True,True
112896,1.0,0.0,0.5,none,True,True
112897,1.0,0.0,0.5,none,True,True
112898,1.0,0.0,0.5,none,True,True
112899,1.0,0.0,0.5,none,True,True
112900,1.0,0.0,0.5,none,True,True
112901,1.0,0.0,0.5,none,True,True
112902,1.0,0.0,0.5,none,True,True
112903,1.0,0.0,0.5,none,True,True
112904,1.0,0.0,0.5,none,True,True
112905,1.0,0.0,0.5,none,True,True
112906,1.0,0.0,0.5,none,True,True
112907,1.0,0.0,0.5,none,True,True
112908,1.0,0.0,0.5,none,True,True
112909,1.0,0.0,0.5,none,True,True
112910,1.0,0.0,0.5,none,True,True
112911,1.0,0.0,0.5,none,True,True
112912,1.0,0.0,0.5,none,True,True
112913,1.0,0.0,0.5,none,True,True
112914,1.0,0.0,0.5,none,True,True
112915,1.0,0.0,0.5,none,True,True
112916,1.0,0.0,0.5,none,True,True
112917,1.0,0.0,0.5,none,True,True
112918,1.0,0.0,0.5,none,True,True
112919,1.0,0.0,0.5,none,True,True
112920,1.0,0.0,0.5,none,True,True
112921,1.0,0.0,0.5,none,True,True
112922,1.0,0.0,0.5,none,True,True
112923,1.0,0.0,0.5,none,True,True
112924,1.0,0.0,0.5,none,True,True
112925,1.0,0.0,0.5,none,True,True
112926,1.0,0.0,0.5,none,True,True
112927,1.0,0.0,0.5,none,True,True
112928,1.0,0.0,0.5,none,True,True
112929,1.0,0.0,0.5,none,True,True
112930,1.0,0.0,0.5,none,True,True
112931,1.0,0.0,0.5,none,True,True
112932,1.0,0.0,0.5,none,True,True
112933,1.0,0.0,0.5,none,True,True
112934,1.0,0.0,0.5,none,True,True
112935,1.0,0.0,0.5,none,True,True
112936,1.0,0.0,0.5,none,True,True
112937,1.0,0.0,0.5,none,True,True
112938,1.0,0.0,0.5,none,True,True
112939,1.0,0.0,0.5,none,True,True
112940,1.0,0.0,0.5,none,True,True
112941,1.0,0.0,0.5,none,True,True
112942,1.0,0.0,0.5,none,True,True
112943,1.0,0.0,0.5,none,True,True
112944,1.0,0.0,0.5,none,True,True
112945,1.0,0.0,0.5,none,True,True
112946,1.0,0.0,0.5,none,True,True
112947,1.0,0.0,0.5,none,True,True
112948,1.0,0.0,0.5,none,True,True
112949,1.0,0.0,0.5,none,True,True
112950,1.0,0.0,0.5,none,True,True
112951,1.0,0.0,0.5,none,True,True
112952,1.0,0.0,0.5,none,True,True
112953,1.0,0.0,0.5,none,True,True
112954,1.0,0.0,0.5,none,True,True
112955,1.0,0.0,0.5,none,True,True
112956,1.0,0.0,0.5,none,True,True
112957,1.0,0.0,0.5,none,True,True
112958,1.0,0.0,0.5,none,True,True
112959,1.0,0.0,0.5,none,True,True
112960,1.0,0.0,0.5,none,True,True
112961,1.0,0.0,0.5,none,True,True
112962,1.0,0.0,0.5,none,True,True
112963,1.0,0.0,0.5,none,True,True
112964,1.0,0.0,0.5,none,True,True
112965,1.0,0.0,0.5,none,True,True
112966,1.0,0.0,0.5,none,True,True
112967,1.0,0.0,0.5,none,True,True
112968,1.0,0.0,0.5,none,True,True
112969,1.0,0.0,0.5,none,True,True
112970,1.0,0.0,0.5,none,True,True
112971,1.0,0.0,0.5,none,True,True
112972,1.0,0.0,0.5,none,True,True
112973,1.0,0.0,0.5,none,True,True
112974,1.0,0.0,0.5,none,True,True
112975,1.0,0.0,0.5,none,True,True
112976,1.0,0.0,0.5,none,True,True
112977,1.0,0.0,0.5,none,True,True
112978,1.0,0.0,0.5,none,True,True
112979,1.0,0.0,0.5,none,True,True
112980,1.0,0.0,0.5,none,True,True
112981,1.0,0.0,0.5,none,True,True
112982,1.0,0.0,0.5,none,True,True
112983,1.0,0.0,0.5,none,True,True
112984,1.0,0.0,0.5,none,True,True
112985,1.0,0.0,0.5,none,True,True
112986,1.0,0.0,0.5,none,True,True
112987,1.0,0.0,0.5,none,True,True
112988,1.0,0.0,0.5,none,True,True
112989,1.0,0.0,0.5,none,True,True
112990,1.0,0.0,0.5,none,True,True
112991,1.0,0.0,0.5,none,True,True
112992,1.0,0.0,0.5,none,True,True
112993,1.0,0.0,0.5,none,True,True
112994,1.0,0.0,0.5,none,True,True
112995,1.0,0.0,0.5,none,True,True
112996,1.0,0.0,0.5,none,True,True
112997,1.0,0.0,0.5,none,True,True
112998,1.0,0.0,0.5,none,True,True
112999,1.0,0.0,0.5,none,True,True
113000,1.0,0.0,0.5,none,True,True
113001,1.0,0.0,0.5,none,True,True
113002,1.0,0.0,0.5,none,True,True
113003,1.0,0.0,0.5,none,True,True
113004,1.0,0.0,0.5,none,True,True
113005,1.0,0.0,0.5,none,True,True
113006,1.0,0.0,0.5,none,True,True
113007,1.0,0.0,0.5,none,True,True
113008,1.0,0.0,0.5,none,True,True
113009,1.0,0.0,0.5,none,True,True
113010,1.0,0.0,0.5,none,True,True
113011,1.0,0.0,0.5,none,True,True
113012,1.0,0.0,0.5,none,True,True
113013,1.0,0.0,0.5,none,True,True
113014,1.0,0.0,0.5,none,True,True
113015,1.0,0.0,0.5,none,True,True
113016,1.0,0.0,0.5,none,True,True
113017,1.0,0.0,0.5,none,True,True
113018,1.0,0.0,0.5,none,True,True
113019,1.0,0.0,0.5,none,True,True
113020,1.0,0.0,0.5,none,True,True
113021,1.0,0.0,0.5,none,True,True
113022,1.0,0.0,0.5,none,True,True
113023,1.0,0.0,0.5,none,True,True
113024,1.0,0.0,0.5,none,True,True
113025,1.0,0.0,0.5,none,True,True
113026,1.0,0.0,0.5,none,True,True
113027,1.0,0.0,0.5,none,True,True
113028,1.0,0.0,0.5,none,True,True
113029,1.0,0.0,0.5,none,True,True
113030,1.0,0.0,0.5,none,True,True
113031,1.0,0.0,0.5,none,True,True
113032,1.0,0.0,0.5,none,True,True
113033,1.0,0.0,0.5,none,True,True
113034,1.0,0.0,0.5,none,True,True
113035,1.0,0.0,0.5,none,True,True
113036,1.0,0.0,0.5,none,True,True
113037,1.0,0.0,0.5,none,True,True
113038,1.0,0.0,0.5,none,True,True
113039,1.0,0.0,0.5,none,True,True
113040,1.0,0.0,0.5,none,True,True
113041,1.0,0.0,0.5,none,True,True
113042,1.0,0.0,0.5,none,True,True
113043,1.0,0.0,0.5,none,True,True
113044,1.0,0.0,0.5,none,True,True
113045,1.0,0.0,0.5,none,True,True
113046,1.0,0.0,0.5,none,True,True
113047,1.0,0.0,0.5,none,True,True
113048,1.0,0.0,0.5,none,True,True
113049,1.0,0.0,0.5,none,True,True
113050,1.0,0.0,0.5,none,True,True
113051,1.0,0.0,0.5,none,True,True
113052,1.0,0.0,0.5,none,True,True
113053,1.0,0.0,0.5,none,True,True
113054,1.0,0.0,0.5,none,True,True
113055,1.0,0.0,0.5,none,True,True
113056,1.0,0.0,0.5,none,True,True
113057,1.0,0.0,0.5,none,True,True
113058,1.0,0.0,0.5,none,True,True
113059,1.0,0.0,0.5,none,True,True
113060,1.0,0.0,0.5,none,True,True
113061,1.0,0.0,0.5,none,True,True
113062,1.0,0.0,0.5,none,True,True
113063,1.0,0.0,0.5,none,True,True
113064,1.0,0.0,0.5,none,True,True
113065,1.0,0.0,0.5,none,True,True
113066,1.0,0.0,0.5,none,True,True
113067,1.0,0.0,0.5,none,True,True
113068,1.0,0.0,0.5,none,True,True
113069,1.0,0.0,0.5,none,True,True
113070,1.0,0.0,0.5,none,True,True
113071,1.0,0.0,0.5,none,True,True
113072,1.0,0.0,0.5,none,True,True
113073,1.0,0.0,0.5,none,True,True
113074,1.0,0.0,0.5,none,True,True
113075,1.0,0.0,0.5,none,True,True
113076,1.0,0.0,0.5,none,True,True
113077,1.0,0.0,0.5,none,True,True
113078,1.0,0.0,0.5,none,True,True
113079,1.0,0.0,0.5,none,True,True
113080,1.0,0.0,0.5,none,True,True
113081,1.0,0.0,0.5,none,True,True
113082,1.0,0.0,0.5,none,True,True
113083,1.0,0.0,0.5,none,True,True
113084,1.0,0.0,0.5,none,True,True
113085,1.0,0.0,0.5,none,True,True
113086,1.0,0.0,0.5,none,True,True
113087,1.0,0.0,0.5,none,True,True
113088,1.0,0.0,0.5,none,True,True
113089,1.0,0.0,0.5,none,True,True
113090,1.0,0.0,0.5,none,True,True
113091,1.0,0.0,0.5,none,True,True
113092,1.0,0.0,0.5,none,True,True
113093,1.0,0.0,0.5,none,True,True
113094,1.0,0.0,0.5,none,True,True
113095,1.0,0.0,0.5,none,True,True
113096,1.0,0.0,0.5,none,True,True
113097,1.0,0.0,0.5,none,True,True
113098,1.0,0.0,0.5,none,True,True
113099,1.0,0.0,0.5,none,True,True
113100,1.0,0.0,0.5,none,True,True
113101,1.0,0.0,0.5,none,True,True
113102,1.0,0.0,0.5,none,True,True
113103,1.0,0.0,0.5,none,True,True
113104,1.0,0.0,0.5,none,True,True
113105,1.0,0.0,0.5,none,True,True
113106,1.0,0.0,0.5,none,True,True
113107,1.0,0.0,0.5,none,True,True
113108,1.0,0.0,0.5,none,True,True
113109,1.0,0.0,0.5,none,True,True
113110,1.0,0.0,0.5,none,True,True
113111,1.0,0.0,0.5,none,True,True
113112,1.0,0.0,0.5,none,True,True
113113,1.0,0.0,0.5,none,True,True
113114,1.0,0.0,0.5,none,True,True
113115,1.0,0.0,0.5,none,True,True
113116,1.0,0.0,0.5,none,True,True
113117,1.0,0.0,0.5,none,True,True
113118,1.0,0.0,0.5,none,True,True
113119,1.0,0.0,0.5,none,True,True
113120,1.0,0.0,0.5,none,True,True
113121,1.0,0.0,0.5,none,True,True
113122,1.0,0.0,0.5,none,True,True
113123,1.0,0.0,0.5,none,True,True
113124,1.0,0.0,0.5,none,True,True
113125,1.0,0.0,0.5,none,True,True
113126,1.0,0.0,0.5,none,True,True
113127,1.0,0.0,0.5,none,True,True
113128,1.0,0.0,0.5,none,True,True
113129,1.0,0.0,0.5,none,True,True
113130,1.0,0.0,0.5,none,True,True
113131,1.0,0.0,0.5,none,True,True
113132,1.0,0.0,0.5,none,True,True
113133,1.0,0.0,0.5,none,True,True
113134,1.0,0.0,0.5,none,True,True
113135,1.0,0.0,0.5,none,True,True
113136,1.0,0.0,0.5,none,True,True
113137,1.0,0.0,0.5,none,True,True
113138,1.0,0.0,0.5,none,True,True
113139,1.0,0.0,0.5,none,True,True
113140,1.0,0.0,0.5,none,True,True
113141,1.0,0.0,0.5,none,True,True
113142,1.0,0.0,0.5,none,True,True
113143,1.0,0.0,0.5,none,True,True
113144,1.0,0.0,0.5,none,True,True
113145,1.0,0.0,0.5,none,True,True
113146,1.0,0.0,0.5,none,True,True
113147,1.0,0.0,0.5,none,True,True
113148,1.0,0.0,0.5,none,True,True
113149,1.0,0.0,0.5,none,True,True
113150,1.0,0.0,0.5,none,True,True
113151,1.0,0.0,0.5,none,True,True
113152,1.0,0.0,0.5,none,True,True
113153,1.0,0.0,0.5,none,True,True
113154,1.0,0.0,0.5,none,True,True
113155,1.0,0.0,0.5,none,True,True
113156,1.0,0.0,0.5,none,True,True
113157,1.0,0.0,0.5,none,True,True
113158,1.0,0.0,0.5,none,True,True
113159,1.0,0.0,0.5,none,True,True
113160,1.0,0.0,0.5,none,True,True
113161,1.0,0.0,0.5,none,True,True
113162,1.0,0.0,0.5,none,True,True
113163,1.0,0.0,0.5,none,True,True
113164,1.0,0.0,0.5,none,True,True
113165,1.0,0.0,0.5,none,True,True
113166,1.0,0.0,0.5,none,True,True
113167,1.0,0.0,0.5,none,True,True
113168,1.0,0.0,0.5,none,True,True
113169,1.0,0.0,0.5,none,True,True
113170,1.0,0.0,0.5,none,True,True
113171,1.0,0.0,0.5,none,True,True
113172,1.0,0.0,0.5,none,True,True
113173,1.0,0.0,0.5,none,True,True
113174,1.0,0.0,0.5,none,True,True
113175,1.0,0.0,0.5,none,True,True
113176,1.0,0.0,0.5,none,True,True
113177,1.0,0.0,0.5,none,True,True
113178,1.0,0.0,0.5,none,True,True
113179,1.0,0.0,0.5,none,True,True
113180,1.0,0.0,0.5,none,True,True
113181,1.0,0.0,0.5,none,True,True
113182,1.0,0.0,0.5,none,True,True
113183,1.0,0.0,0.5,none,True,True
113184,1.0,0.0,0.5,none,True,True
113185,1.0,0.0,0.5,none,True,True
113186,1.0,0.0,0.5,none,True,True
113187,1.0,0.0,0.5,none,True,True
113188,1.0,0.0,0.5,none,True,True
113189,1.0,0.0,0.5,none,True,True
113190,1.0,0.0,0.5,none,True,True
113191,1.0,0.0,0.5,none,True,True
113192,1.0,0.0,0.5,none,True,True
113193,1.0,0.0,0.5,none,True,True
113194,1.0,0.0,0.5,none,True,True
113195,1.0,0.0,0.5,none,True,True
113196,1.0,0.0,0.5,none,True,True
113197,1.0,0.0,0.5,none,True,True
113198,1.0,0.0,0.5,none,True,True
113199,1.0,0.0,0.5,none,True,True
113200,1.0,0.0,0.5,none,True,True
113201,1.0,0.0,0.5,none,True,True
113202,1.0,0.0,0.5,none,True,True
113203,1.0,0.0,0.5,none,True,True
113204,1.0,0.0,0.5,none,True,True
113205,1.0,0.0,0.5,none,True,True
113206,1.0,0.0,0.5,none,True,True
113207,1.0,0.0,0.5,none,True,True
113208,1.0,0.0,0.5,none,True,True
113209,1.0,0.0,0.5,none,True,True
113210,1.0,0.0,0.5,none,True,True
113211,1.0,0.0,0.5,none,True,True
113212,1.0,0.0,0.5,none,True,True
113213,1.0,0.0,0.5,none,True,True
113214,1.0,0.0,0.5,none,True,True
113215,1.0,0.0,0.5,none,True,True
113216,1.0,0.0,0.5,none,True,True
113217,1.0,0.0,0.5,none,True,True
113218,1.0,0.0,0.5,none,True,True
113219,1.0,0.0,0.5,none,True,True
113220,1.0,0.0,0.5,none,True,True
113221,1.0,0.0,0.5,none,True,True
113222,1.0,0.0,0.5,none,True,True
113223,1.0,0.0,0.5,none,True,True
113224,1.0,0.0,0.5,none,True,True
113225,1.0,0.0,0.5,none,True,True
113226,1.0,0.0,0.5,none,True,True
113227,1.0,0.0,0.5,none,True,True
113228,1.0,0.0,0.5,none,True,True
113229,1.0,0.0,0.5,none,True,True
113230,1.0,0.0,0.5,none,True,True
113231,1.0,0.0,0.5,none,True,True
113232,1.0,0.0,0.5,none,True,True
113233,1.0,0.0,0.5,none,True,True
113234,1.0,0.0,0.5,none,True,True
113235,1.0,0.0,0.5,none,True,True
113236,1.0,0.0,0.5,none,True,True
113237,1.0,0.0,0.5,none,True,True
113238,1.0,0.0,0.5,none,True,True
113239,1.0,0.0,0.5,none,True,True
113240,1.0,0.0,0.5,none,True,True
113241,1.0,0.0,0.5,none,True,True
113242,1.0,0.0,0.5,none,True,True
113243,1.0,0.0,0.5,none,True,True
113244,1.0,0.0,0.5,none,True,True
113245,1.0,0.0,0.5,none,True,True
113246,1.0,0.0,0.5,none,True,True
113247,1.0,0.0,0.5,none,True,True
113248,1.0,0.0,0.5,none,True,True
113249,1.0,0.0,0.5,none,True,True
113250,1.0,0.0,0.5,none,True,True
113251,1.0,0.0,0.5,none,True,True
113252,1.0,0.0,0.5,none,True,True
113253,1.0,0.0,0.5,none,True,True
113254,1.0,0.0,0.5,none,True,True
113255,1.0,0.0,0.5,none,True,True
113256,1.0,0.0,0.5,none,True,True
113257,1.0,0.0,0.5,none,True,True
113258,1.0,0.0,0.5,none,True,True
113259,1.0,0.0,0.5,none,True,True
113260,1.0,0.0,0.5,none,True,True
113261,1.0,0.0,0.5,none,True,True
113262,1.0,0.0,0.5,none,True,True
113263,1.0,0.0,0.5,none,True,True
113264,1.0,0.0,0.5,none,True,True
113265,1.0,0.0,0.5,none,True,True
113266,1.0,0.0,0.5,none,True,True
113267,1.0,0.0,0.5,none,True,True
113268,1.0,0.0,0.5,none,True,True
113269,1.0,0.0,0.5,none,True,True
113270,1.0,0.0,0.5,none,True,True
113271,1.0,0.0,0.5,none,True,True
113272,1.0,0.0,0.5,none,True,True
113273,1.0,0.0,0.5,none,True,True
113274,1.0,0.0,0.5,none,True,True
113275,1.0,0.0,0.5,none,True,True
113276,1.0,0.0,0.5,none,True,True
113277,1.0,0.0,0.5,none,True,True
113278,1.0,0.0,0.5,none,True,True
113279,1.0,0.0,0.5,none,True,True
113280,1.0,0.0,0.5,none,True,True
113281,1.0,0.0,0.5,none,True,True
113282,1.0,0.0,0.5,none,True,True
113283,1.0,0.0,0.5,none,True,True
113284,1.0,0.0,0.5,none,True,True
113285,1.0,0.0,0.5,none,True,True
113286,1.0,0.0,0.5,none,True,True
113287,1.0,0.0,0.5,none,True,True
113288,1.0,0.0,0.5,none,True,True
113289,1.0,0.0,0.5,none,True,True
113290,1.0,0.0,0.5,none,True,True
113291,1.0,0.0,0.5,none,True,True
113292,1.0,0.0,0.5,none,True,True
113293,1.0,0.0,0.5,none,True,True
113294,1.0,0.0,0.5,none,True,True
113295,1.0,0.0,0.5,none,True,True
113296,1.0,0.0,0.5,none,True,True
113297,1.0,0.0,0.5,none,True,True
113298,1.0,0.0,0.5,none,True,True
113299,1.0,0.0,0.5,none,True,True
113300,1.0,0.0,0.5,none,True,True
113301,1.0,0.0,0.5,none,True,True
113302,1.0,0.0,0.5,none,True,True
113303,1.0,0.0,0.5,none,True,True
113304,1.0,0.0,0.5,none,True,True
113305,1.0,0.0,0.5,none,True,True
113306,1.0,0.0,0.5,none,True,True
113307,1.0,0.0,0.5,none,True,True
113308,1.0,0.0,0.5,none,True,True
113309,1.0,0.0,0.5,none,True,True
113310,1.0,0.0,0.5,none,True,True
113311,1.0,0.0,0.5,none,True,True
113312,1.0,0.0,0.5,none,True,True
113313,1.0,0.0,0.5,none,True,True
113314,1.0,0.0,0.5,none,True,True
113315,1.0,0.0,0.5,none,True,True
113316,1.0,0.0,0.5,none,True,True
113317,1.0,0.0,0.5,none,True,True
113318,1.0,0.0,0.5,none,True,True
113319,1.0,0.0,0.5,none,True,True
113320,1.0,0.0,0.5,none,True,True
113321,1.0,0.0,0.5,none,True,True
113322,1.0,0.0,0.5,none,True,True
113323,1.0,0.0,0.5,none,True,True
113324,1.0,0.0,0.5,none,True,True
113325,1.0,0.0,0.5,none,True,True
113326,1.0,0.0,0.5,none,True,True
113327,1.0,0.0,0.5,none,True,True
113328,1.0,0.0,0.5,none,True,True
113329,1.0,0.0,0.5,none,True,True
113330,1.0,0.0,0.5,none,True,True
113331,1.0,0.0,0.5,none,True,True
113332,1.0,0.0,0.5,none,True,True
113333,1.0,0.0,0.5,none,True,True
113334,1.0,0.0,0.5,none,True,True
113335,1.0,0.0,0.5,none,True,True
113336,1.0,0.0,0.5,none,True,True
113337,1.0,0.0,0.5,none,True,True
113338,1.0,0.0,0.5,none,True,True
113339,1.0,0.0,0.5,none,True,True
113340,1.0,0.0,0.5,none,True,True
113341,1.0,0.0,0.5,none,True,True
113342,1.0,0.0,0.5,none,True,True
113343,1.0,0.0,0.5,none,True,True
113344,1.0,0.0,0.5,none,True,True
113345,1.0,0.0,0.5,none,True,True
113346,1.0,0.0,0.5,none,True,True
113347,1.0,0.0,0.5,none,True,True
113348,1.0,0.0,0.5,none,True,True
113349,1.0,0.0,0.5,none,True,True
113350,1.0,0.0,0.5,none,True,True
113351,1.0,0.0,0.5,none,True,True
113352,1.0,0.0,0.5,none,True,True
113353,1.0,0.0,0.5,none,True,True
113354,1.0,0.0,0.5,none,True,True
113355,1.0,0.0,0.5,none,True,True
113356,1.0,0.0,0.5,none,True,True
113357,1.0,0.0,0.5,none,True,True
113358,1.0,0.0,0.5,none,True,True
113359,1.0,0.0,0.5,none,True,True
113360,1.0,0.0,0.5,none,True,True
113361,1.0,0.0,0.5,none,True,True
113362,1.0,0.0,0.5,none,True,True
113363,1.0,0.0,0.5,none,True,True
113364,1.0,0.0,0.5,none,True,True
113365,1.0,0.0,0.5,none,True,True
113366,1.0,0.0,0.5,none,True,True
113367,1.0,0.0,0.5,none,True,True
113368,1.0,0.0,0.5,none,True,True
113369,1.0,0.0,0.5,none,True,True
113370,1.0,0.0,0.5,none,True,True
113371,1.0,0.0,0.5,none,True,True
113372,1.0,0.0,0.5,none,True,True
113373,1.0,0.0,0.5,none,True,True
113374,1.0,0.0,0.5,none,True,True
113375,1.0,0.0,0.5,none,True,True
113376,1.0,0.0,0.5,none,True,True
113377,1.0,0.0,0.5,none,True,True
113378,1.0,0.0,0.5,none,True,True
113379,1.0,0.0,0.5,none,True,True
113380,1.0,0.0,0.5,none,True,True
113381,1.0,0.0,0.5,none,True,True
113382,1.0,0.0,0.5,none,True,True
113383,1.0,0.0,0.5,none,True,True
113384,1.0,0.0,0.5,none,True,True
113385,1.0,0.0,0.5,none,True,True
113386,1.0,0.0,0.5,none,True,True
113387,1.0,0.0,0.5,none,True,True
113388,1.0,0.0,0.5,none,True,True
113389,1.0,0.0,0.5,none,True,True
113390,1.0,0.0,0.5,none,True,True
113391,1.0,0.0,0.5,none,True,True
113392,1.0,0.0,0.5,none,True,True
113393,1.0,0.0,0.5,none,True,True
113394,1.0,0.0,0.5,none,True,True
113395,1.0,0.0,0.5,none,True,True
113396,1.0,0.0,0.5,none,True,True
113397,1.0,0.0,0.5,none,True,True
113398,1.0,0.0,0.5,none,True,True
113399,1.0,0.0,0.5,none,True,True
113400,1.0,0.0061,0.5,none,True,True
113401,1.0,0.0357,0.5,none,True,True
113402,1.0,0.0812,0.5,none,True,True
113403,1.0,0.1113,0.5,none,True,True
113404,1.0,0.1253,0.5,none,True,True
113405,1.0,0.1408,0.5,none,True,True
113406,1.0,0.0907,0.5,none,True,True
113407,1.0,0.1198,0.5,none,True,True
113408,1.0,0.0467,0.5,none,True,True
113409,1.0,0.0522,0.5,none,True,True
113410,1.0,0.0405,0.5,none,True,True
113411,1.0,0.0313,0.5,none,True,True
113412,1.0,0.0083,0.5,none,True,True
113413,1.0,0.0726,0.5,none,True,True
113414,1.0,0.0793,0.5,none,True,True
113415,1.0,0.0581,0.5,none,True,True
113416,1.0,0.0955,0.5,none,True,True
113417,1.0,0.0839,0.5,none,True,True
113418,1.0,0.0648,0.5,none,True,True
113419,1.0,0.0718,0.5,none,True,True
113420,1.0,0.0589,0.5,none,True,True
113421,1.0,0.0403,0.5,none,True,True
113422,1.0,0.0327,0.5,none,True,True
113423,1.0,0.0277,0.5,none,True,True
113424,1.0,0.017,0.5,none,True,True
113425,1.0,0.0102,0.5,none,True,True
113426,1.0,0.0099,0.5,none,True,True
113427,1.0,0.008,0.5,none,True,True
113428,1.0,0.005,0.5,none,True,True
113429,1.0,0.0063,0.5,none,True,True
113430,1.0,0.009,0.5,none,True,True
113431,1.0,0.0096,0.5,none,True,True
113432,1.0,0.0108,0.5,none,True,True
113433,1.0,0.014,0.5,none,True,True
113434,1.0,0.0161,0.5,none,True,True
113435,1.0,0.0167,0.5,none,True,True
113436,1.0,0.0182,0.5,none,True,True
113437,1.0,0.0196,0.5,none,True,True
113438,1.0,0.0197,0.5,none,True,True
113439,1.0,0.0193,0.5,none,True,True
113440,1.0,0.0193,0.5,none,True,True
113441,1.0,0.0187,0.5,none,True,True
113442,1.0,0.0174,0.5,none,True,True
113443,1.0,0.0163,0.5,none,True,True
113444,1.0,0.0152,0.5,none,True,True
113445,1.0,0.0138,0.5,none,True,True
113446,1.0,0.0123,0.5,none,True,True
113447,1.0,0.0111,0.5,none,True,True
113448,1.0,0.01,0.5,none,True,True
113449,1.0,0.0088,0.5,none,True,True
113450,1.0,0.0078,0.5,none,True,True
113451,1.0,0.0071,0.5,none,True,True
113452,1.0,0.0064,0.5,none,True,True
113453,1.0,0.0057,0.5,none,True,True
113454,1.0,0.0053,0.5,none,True,True
113455,1.0,0.005,0.5,none,True,True
113456,1.0,0.0047,0.5,none,True,True
113457,1.0,0.0045,0.5,none,True,True
113458,1.0,0.0044,0.5,none,True,True
113459,1.0,0.0043,0.5,none,True,True
113460,1.0,0.0042,0.5,none,True,True
113461,1.0,0.0041,0.5,none,True,True
113462,1.0,0.004,0.5,none,True,True
113463,1.0,0.0039,0.5,none,True,True
113464,1.0,0.0038,0.5,none,True,True
113465,1.0,0.0037,0.5,none,True,True
113466,1.0,0.0035,0.5,none,True,True
113467,1.0,0.0033,0.5,none,True,True
113468,1.0,0.0032,0.5,none,True,True
113469,1.0,0.003,0.5,none,True,True
113470,1.0,0.0028,0.5,none,True,True
113471,1.0,0.0026,0.5,none,True,True
113472,1.0,0.0024,0.5,none,True,True
113473,1.0,0.0023,0.5,none,True,True
113474,1.0,0.0021,0.5,none,True,True
113475,1.0,0.0019,0.5,none,True,True
113476,1.0,0.0018,0.5,none,True,True
113477,1.0,0.0017,0.5,none,True,True
113478,1.0,0.0015,0.5,none,True,True
113479,1.0,0.0014,0.5,none,True,True
113480,1.0,0.0013,0.5,none,True,True
113481,1.0,0.0013,0.5,none,True,True
113482,1.0,0.0012,0.5,none,True,True
113483,1.0,0.0011,0.5,none,True,True
113484,1.0,0.0011,0.5,none,True,True
113485,1.0,0.001,0.5,none,True,True
113486,1.0,0.001,0.5,none,True,True
113487,1.0,0.0009,0.5,none,True,True
113488,1.0,0.0009,0.5,none,True,True
113489,1.0,0.0008,0.5,none,True,True
113490,1.0,0.0008,0.5,none,True,True
113491,1.0,0.0008,0.5,none,True,True
113492,1.0,0.0007,0.5,none,True,True
113493,1.0,0.0007,0.5,none,True,True
113494,1.0,0.0006,0.5,none,True,True
113495,1.0,0.0006,0.5,none,True,True
113496,1.0,0.0006,0.5,none,True,True
113497,1.0,0.0005,0.5,none,True,True
113498,1.0,0.0005,0.5,none,True,True
113499,1.0,0.0005,0.5,none,True,True
113500,1.0,0.0004,0.5,none,True,True
113501,1.0,0.0004,0.5,none,True,True
113502,1.0,0.0004,0.5,none,True,True
113503,1.0,0.0004,0.5,none,True,True
113504,1.0,0.0003,0.5,none,True,True
113505,1.0,0.0003,0.5,none,True,True
113506,1.0,0.0003,0.5,none,True,True
113507,1.0,0.0003,0.5,none,True,True
113508,1.0,0.0003,0.5,none,True,True
113509,1.0,0.0003,0.5,none,True,True
113510,1.0,0.0002,0.5,none,True,True
113511,1.0,0.0002,0.5,none,True,True
113512,1.0,0.0002,0.5,none,True,True
113513,1.0,0.0002,0.5,none,True,True
113514,1.0,0.0002,0.5,none,True,True
113515,1.0,0.0002,0.5,none,True,True
113516,1.0,0.0002,0.5,none,True,True
113517,1.0,0.0002,0.5,none,True,True
113518,1.0,0.0002,0.5,none,True,True
113519,1.0,0.0001,0.5,none,True,True
113520,1.0,0.0001,0.5,none,True,True
113521,1.0,0.0001,0.5,none,True,True
113522,1.0,0.0001,0.5,none,True,True
113523,1.0,0.0001,0.5,none,True,True
113524,1.0,0.0001,0.5,none,True,True
113525,1.0,0.0001,0.5,none,True,True
113526,1.0,0.0001,0.5,none,True,True
113527,1.0,0.0001,0.5,none,True,True
113528,1.0,0.0001,0.5,none,True,True
113529,1.0,0.0001,0.5,none,True,True
113530,1.0,0.0001,0.5,none,True,True
113531,1.0,0.0001,0.5,none,True,True
113532,1.0,0.0001,0.5,none,True,True
113533,1.0,0.0001,0.5,none,True,True
113534,1.0,0.0001,0.5,none,True,True
113535,1.0,0.0001,0.5,none,True,True
113536,1.0,0.0001,0.5,none,True,True
113537,1.0,0.0,0.5,none,True,True
113538,1.0,0.0,0.5,none,True,True
113539,1.0,0.0,0.5,none,True,True
113540,1.0,0.0,0.5,none,True,True
113541,1.0,0.0,0.5,none,True,True
113542,1.0,0.0,0.5,none,True,True
113543,1.0,0.0,0.5,none,True,True
113544,1.0,0.0,0.5,none,True,True
113545,1.0,0.0,0.5,none,True,True
113546,1.0,0.0,0.5,none,True,True
113547,1.0,0.0,0.5,none,True,True
113548,1.0,0.0,0.5,none,True,True
113549,1.0,0.0,0.5,none,True,True
113550,1.0,0.0,0.5,none,True,True
113551,1.0,0.0,0.5,none,True,True
113552,1.0,0.0,0.5,none,True,True
113553,1.0,0.0,0.5,none,True,True
113554,1.0,0.0,0.5,none,True,True
113555,1.0,0.0,0.5,none,True,True
113556,1.0,0.0,0.5,none,True,True
113557,1.0,0.0,0.5,none,True,True
113558,1.0,0.0,0.5,none,True,True
113559,1.0,0.0,0.5,none,True,True
113560,1.0,0.0,0.5,none,True,True
113561,1.0,0.0,0.5,none,True,True
113562,1.0,0.0,0.5,none,True,True
113563,1.0,0.0,0.5,none,True,True
113564,1.0,0.0,0.5,none,True,True
113565,1.0,0.0,0.5,none,True,True
113566,1.0,0.0,0.5,none,True,True
113567,1.0,0.0,0.5,none,True,True
113568,1.0,0.0,0.5,none,True,True
113569,1.0,0.0,0.5,none,True,True
113570,1.0,0.0,0.5,none,True,True
113571,1.0,0.0,0.5,none,True,True
113572,1.0,0.0,0.5,none,True,True
113573,1.0,0.0,0.5,none,True,True
113574,1.0,0.0,0.5,none,True,True
113575,1.0,0.0,0.5,none,True,True
113576,1.0,0.0,0.5,none,True,True
113577,1.0,0.0,0.5,none,True,True
113578,1.0,0.0,0.5,none,True,True
113579,1.0,0.0,0.5,none,True,True
113580,1.0,0.0,0.5,none,True,True
113581,1.0,0.0,0.5,none,True,True
113582,1.0,0.0,0.5,none,True,True
113583,1.0,0.0,0.5,none,True,True
113584,1.0,0.0,0.5,none,True,True
113585,1.0,0.0,0.5,none,True,True
113586,1.0,0.0,0.5,none,True,True
113587,1.0,0.0,0.5,none,True,True
113588,1.0,0.0,0.5,none,True,True
113589,1.0,0.0,0.5,none,True,True
113590,1.0,0.0,0.5,none,True,True
113591,1.0,0.0,0.5,none,True,True
113592,1.0,0.0,0.5,none,True,True
113593,1.0,0.0,0.5,none,True,True
113594,1.0,0.0,0.5,none,True,True
113595,1.0,0.0,0.5,none,True,True
113596,1.0,0.0,0.5,none,True,True
113597,1.0,0.0,0.5,none,True,True
113598,1.0,0.0,0.5,none,True,True
113599,1.0,0.0,0.5,none,True,True
113600,1.0,0.0,0.5,none,True,True
113601,1.0,0.0,0.5,none,True,True
113602,1.0,0.0,0.5,none,True,True
113603,1.0,0.0,0.5,none,True,True
113604,1.0,0.0,0.5,none,True,True
113605,1.0,0.0,0.5,none,True,True
113606,1.0,0.0,0.5,none,True,True
113607,1.0,0.0,0.5,none,True,True
113608,1.0,0.0,0.5,none,True,True
113609,1.0,0.0,0.5,none,True,True
113610,1.0,0.0,0.5,none,True,True
113611,1.0,0.0,0.5,none,True,True
113612,1.0,0.0,0.5,none,True,True
113613,1.0,0.0,0.5,none,True,True
113614,1.0,0.0,0.5,none,True,True
113615,1.0,0.0,0.5,none,True,True
113616,1.0,0.0,0.5,none,True,True
113617,1.0,0.0,0.5,none,True,True
113618,1.0,0.0,0.5,none,True,True
113619,1.0,0.0,0.5,none,True,True
113620,1.0,0.0,0.5,none,True,True
113621,1.0,0.0,0.5,none,True,True
113622,1.0,0.0,0.5,none,True,True
113623,1.0,0.0,0.5,none,True,True
113624,1.0,0.0,0.5,none,True,True
113625,1.0,0.0,0.5,none,True,True
113626,1.0,0.0,0.5,none,True,True
113627,1.0,0.0,0.5,none,True,True
113628,1.0,0.0,0.5,none,True,True
113629,1.0,0.0,0.5,none,True,True
113630,1.0,0.0,0.5,none,True,True
113631,1.0,0.0,0.5,none,True,True
113632,1.0,0.0,0.5,none,True,True
113633,1.0,0.0,0.5,none,True,True
113634,1.0,0.0,0.5,none,True,True
113635,1.0,0.0,0.5,none,True,True
113636,1.0,0.0,0.5,none,True,True
113637,1.0,0.0,0.5,none,True,True
113638,1.0,0.0,0.5,none,True,True
113639,1.0,0.0,0.5,none,True,True
113640,1.0,0.0,0.5,none,True,True
113641,1.0,0.0,0.5,none,True,True
113642,1.0,0.0,0.5,none,True,True
113643,1.0,0.0,0.5,none,True,True
113644,1.0,0.0,0.5,none,True,True
113645,1.0,0.0,0.5,none,True,True
113646,1.0,0.0,0.5,none,True,True
113647,1.0,0.0,0.5,none,True,True
113648,1.0,0.0,0.5,none,True,True
113649,1.0,0.0,0.5,none,True,True
113650,1.0,0.0,0.5,none,True,True
113651,1.0,0.0,0.5,none,True,True
113652,1.0,0.0,0.5,none,True,True
113653,1.0,0.0,0.5,none,True,True
113654,1.0,0.0,0.5,none,True,True
113655,1.0,0.0,0.5,none,True,True
113656,1.0,0.0,0.5,none,True,True
113657,1.0,0.0,0.5,none,True,True
113658,1.0,0.0,0.5,none,True,True
113659,1.0,0.0,0.5,none,True,True
113660,1.0,0.0,0.5,none,True,True
113661,1.0,0.0,0.5,none,True,True
113662,1.0,0.0,0.5,none,True,True
113663,1.0,0.0,0.5,none,True,True
113664,1.0,0.0,0.5,none,True,True
113665,1.0,0.0,0.5,none,True,True
113666,1.0,0.0,0.5,none,True,True
113667,1.0,0.0,0.5,none,True,True
113668,1.0,0.0,0.5,none,True,True
113669,1.0,0.0,0.5,none,True,True
113670,1.0,0.0,0.5,none,True,True
113671,1.0,0.0,0.5,none,True,True
113672,1.0,0.0,0.5,none,True,True
113673,1.0,0.0,0.5,none,True,True
113674,1.0,0.0,0.5,none,True,True
113675,1.0,0.0,0.5,none,True,True
113676,1.0,0.0,0.5,none,True,True
113677,1.0,0.0,0.5,none,True,True
113678,1.0,0.0,0.5,none,True,True
113679,1.0,0.0,0.5,none,True,True
113680,1.0,0.0,0.5,none,True,True
113681,1.0,0.0,0.5,none,True,True
113682,1.0,0.0,0.5,none,True,True
113683,1.0,0.0,0.5,none,True,True
113684,1.0,0.0,0.5,none,True,True
113685,1.0,0.0,0.5,none,True,True
113686,1.0,0.0,0.5,none,True,True
113687,1.0,0.0,0.5,none,True,True
113688,1.0,0.0,0.5,none,True,True
113689,1.0,0.0,0.5,none,True,True
113690,1.0,0.0,0.5,none,True,True
113691,1.0,0.0,0.5,none,True,True
113692,1.0,0.0,0.5,none,True,True
113693,1.0,0.0,0.5,none,True,True
113694,1.0,0.0,0.5,none,True,True
113695,1.0,0.0,0.5,none,True,True
113696,1.0,0.0,0.5,none,True,True
113697,1.0,0.0,0.5,none,True,True
113698,1.0,0.0,0.5,none,True,True
113699,1.0,0.0,0.5,none,True,True
113700,1.0,0.0,0.5,none,True,True
113701,1.0,0.0,0.5,none,True,True
113702,1.0,0.0,0.5,none,True,True
113703,1.0,0.0,0.5,none,True,True
113704,1.0,0.0,0.5,none,True,True
113705,1.0,0.0,0.5,none,True,True
113706,1.0,0.0,0.5,none,True,True
113707,1.0,0.0,0.5,none,True,True
113708,1.0,0.0,0.5,none,True,True
113709,1.0,0.0,0.5,none,True,True
113710,1.0,0.0,0.5,none,True,True
113711,1.0,0.0,0.5,none,True,True
113712,1.0,0.0,0.5,none,True,True
113713,1.0,0.0,0.5,none,True,True
113714,1.0,0.0,0.5,none,True,True
113715,1.0,0.0,0.5,none,True,True
113716,1.0,0.0,0.5,none,True,True
113717,1.0,0.0,0.5,none,True,True
113718,1.0,0.0,0.5,none,True,True
113719,1.0,0.0,0.5,none,True,True
113720,1.0,0.0,0.5,none,True,True
113721,1.0,0.0,0.5,none,True,True
113722,1.0,0.0,0.5,none,True,True
113723,1.0,0.0,0.5,none,True,True
113724,1.0,0.0,0.5,none,True,True
113725,1.0,0.0,0.5,none,True,True
113726,1.0,0.0,0.5,none,True,True
113727,1.0,0.0,0.5,none,True,True
113728,1.0,0.0,0.5,none,True,True
113729,1.0,0.0,0.5,none,True,True
113730,1.0,0.0,0.5,none,True,True
113731,1.0,0.0,0.5,none,True,True
113732,1.0,0.0,0.5,none,True,True
113733,1.0,0.0,0.5,none,True,True
113734,1.0,0.0,0.5,none,True,True
113735,1.0,0.0,0.5,none,True,True
113736,1.0,0.0,0.5,none,True,True
113737,1.0,0.0,0.5,none,True,True
113738,1.0,0.0,0.5,none,True,True
113739,1.0,0.0,0.5,none,True,True
113740,1.0,0.0,0.5,none,True,True
113741,1.0,0.0,0.5,none,True,True
113742,1.0,0.0,0.5,none,True,True
113743,1.0,0.0,0.5,none,True,True
113744,1.0,0.0,0.5,none,True,True
113745,1.0,0.0,0.5,none,True,True
113746,1.0,0.0,0.5,none,True,True
113747,1.0,0.0,0.5,none,True,True
113748,1.0,0.0,0.5,none,True,True
113749,1.0,0.0,0.5,none,True,True
113750,1.0,0.0,0.5,none,True,True
113751,1.0,0.0,0.5,none,True,True
113752,1.0,0.0,0.5,none,True,True
113753,1.0,0.0,0.5,none,True,True
113754,1.0,0.0,0.5,none,True,True
113755,1.0,0.0,0.5,none,True,True
113756,1.0,0.0,0.5,none,True,True
113757,1.0,0.0,0.5,none,True,True
113758,1.0,0.0,0.5,none,True,True
113759,1.0,0.0,0.5,none,True,True
113760,1.0,0.0,0.5,none,True,True
113761,1.0,0.0,0.5,none,True,True
113762,1.0,0.0,0.5,none,True,True
113763,1.0,0.0,0.5,none,True,True
113764,1.0,0.0,0.5,none,True,True
113765,1.0,0.0,0.5,none,True,True
113766,1.0,0.0,0.5,none,True,True
113767,1.0,0.0,0.5,none,True,True
113768,1.0,0.0,0.5,none,True,True
113769,1.0,0.0,0.5,none,True,True
113770,1.0,0.0,0.5,none,True,True
113771,1.0,0.0,0.5,none,True,True
113772,1.0,0.0,0.5,none,True,True
113773,1.0,0.0,0.5,none,True,True
113774,1.0,0.0,0.5,none,True,True
113775,1.0,0.0,0.5,none,True,True
113776,1.0,0.0,0.5,none,True,True
113777,1.0,0.0,0.5,none,True,True
113778,1.0,0.0,0.5,none,True,True
113779,1.0,0.0,0.5,none,True,True
113780,1.0,0.0,0.5,none,True,True
113781,1.0,0.0,0.5,none,True,True
113782,1.0,0.0,0.5,none,True,True
113783,1.0,0.0,0.5,none,True,True
113784,1.0,0.0,0.5,none,True,True
113785,1.0,0.0,0.5,none,True,True
113786,1.0,0.0,0.5,none,True,True
113787,1.0,0.0,0.5,none,True,True
113788,1.0,0.0,0.5,none,True,True
113789,1.0,0.0,0.5,none,True,True
113790,1.0,0.0,0.5,none,True,True
113791,1.0,0.0,0.5,none,True,True
113792,1.0,0.0,0.5,none,True,True
113793,1.0,0.0,0.5,none,True,True
113794,1.0,0.0,0.5,none,True,True
113795,1.0,0.0,0.5,none,True,True
113796,1.0,0.0,0.5,none,True,True
113797,1.0,0.0,0.5,none,True,True
113798,1.0,0.0,0.5,none,True,True
113799,1.0,0.0,0.5,none,True,True
113800,1.0,0.0,0.5,none,True,True
113801,1.0,0.0,0.5,none,True,True
113802,1.0,0.0,0.5,none,True,True
113803,1.0,0.0,0.5,none,True,True
113804,1.0,0.0,0.5,none,True,True
113805,1.0,0.0,0.5,none,True,True
113806,1.0,0.0,0.5,none,True,True
113807,1.0,0.0,0.5,none,True,True
113808,1.0,0.0,0.5,none,True,True
113809,1.0,0.0,0.5,none,True,True
113810,1.0,0.0,0.5,none,True,True
113811,1.0,0.0,0.5,none,True,True
113812,1.0,0.0,0.5,none,True,True
113813,1.0,0.0,0.5,none,True,True
113814,1.0,0.0,0.5,none,True,True
113815,1.0,0.0,0.5,none,True,True
113816,1.0,0.0,0.5,none,True,True
113817,1.0,0.0,0.5,none,True,True
113818,1.0,0.0,0.5,none,True,True
113819,1.0,0.0,0.5,none,True,True
113820,1.0,0.0,0.5,none,True,True
113821,1.0,0.0,0.5,none,True,True
113822,1.0,0.0,0.5,none,True,True
113823,1.0,0.0,0.5,none,True,True
113824,1.0,0.0,0.5,none,True,True
113825,1.0,0.0,0.5,none,True,True
113826,1.0,0.0,0.5,none,True,True
113827,1.0,0.0,0.5,none,True,True
113828,1.0,0.0,0.5,none,True,True
113829,1.0,0.0,0.5,none,True,True
113830,1.0,0.0,0.5,none,True,True
113831,1.0,0.0,0.5,none,True,True
113832,1.0,0.0,0.5,none,True,True
113833,1.0,0.0,0.5,none,True,True
113834,1.0,0.0,0.5,none,True,True
113835,1.0,0.0,0.5,none,True,True
113836,1.0,0.0,0.5,none,True,True
113837,1.0,0.0,0.5,none,True,True
113838,1.0,0.0,0.5,none,True,True
113839,1.0,0.0,0.5,none,True,True
113840,1.0,0.0,0.5,none,True,True
113841,1.0,0.0,0.5,none,True,True
113842,1.0,0.0,0.5,none,True,True
113843,1.0,0.0,0.5,none,True,True
113844,1.0,0.0,0.5,none,True,True
113845,1.0,0.0,0.5,none,True,True
113846,1.0,0.0,0.5,none,True,True
113847,1.0,0.0,0.5,none,True,True
113848,1.0,0.0,0.5,none,True,True
113849,1.0,0.0,0.5,none,True,True
113850,1.0,0.0,0.5,none,True,True
113851,1.0,0.0,0.5,none,True,True
113852,1.0,0.0,0.5,none,True,True
113853,1.0,0.0,0.5,none,True,True
113854,1.0,0.0,0.5,none,True,True
113855,1.0,0.0,0.5,none,True,True
113856,1.0,0.0,0.5,none,True,True
113857,1.0,0.0,0.5,none,True,True
113858,1.0,0.0,0.5,none,True,True
113859,1.0,0.0,0.5,none,True,True
113860,1.0,0.0,0.5,none,True,True
113861,1.0,0.0,0.5,none,True,True
113862,1.0,0.0,0.5,none,True,True
113863,1.0,0.0,0.5,none,True,True
113864,1.0,0.0,0.5,none,True,True
113865,1.0,0.0,0.5,none,True,True
113866,1.0,0.0,0.5,none,True,True
113867,1.0,0.0,0.5,none,True,True
113868,1.0,0.0,0.5,none,True,True
113869,1.0,0.0,0.5,none,True,True
113870,1.0,0.0,0.5,none,True,True
113871,1.0,0.0,0.5,none,True,True
113872,1.0,0.0,0.5,none,True,True
113873,1.0,0.0,0.5,none,True,True
113874,1.0,0.0,0.5,none,True,True
113875,1.0,0.0,0.5,none,True,True
113876,1.0,0.0,0.5,none,True,True
113877,1.0,0.0,0.5,none,True,True
113878,1.0,0.0,0.5,none,True,True
113879,1.0,0.0,0.5,none,True,True
113880,1.0,0.0,0.5,none,True,True
113881,1.0,0.0,0.5,none,True,True
113882,1.0,0.0,0.5,none,True,True
113883,1.0,0.0,0.5,none,True,True
113884,1.0,0.0,0.5,none,True,True
113885,1.0,0.0,0.5,none,True,True
113886,1.0,0.0,0.5,none,True,True
113887,1.0,0.0,0.5,none,True,True
113888,1.0,0.0,0.5,none,True,True
113889,1.0,0.0,0.5,none,True,True
113890,1.0,0.0,0.5,none,True,True
113891,1.0,0.0,0.5,none,True,True
113892,1.0,0.0,0.5,none,True,True
113893,1.0,0.0,0.5,none,True,True
113894,1.0,0.0,0.5,none,True,True
113895,1.0,0.0,0.5,none,True,True
113896,1.0,0.0,0.5,none,True,True
113897,1.0,0.0,0.5,none,True,True
113898,1.0,0.0,0.5,none,True,True
113899,1.0,0.0,0.5,none,True,True
113900,1.0,0.0,0.5,none,True,True
113901,1.0,0.0,0.5,none,True,True
113902,1.0,0.0,0.5,none,True,True
113903,1.0,0.0,0.5,none,True,True
113904,1.0,0.0,0.5,none,True,True
113905,1.0,0.0,0.5,none,True,True
113906,1.0,0.0,0.5,none,True,True
113907,1.0,0.0,0.5,none,True,True
113908,1.0,0.0,0.5,none,True,True
113909,1.0,0.0,0.5,none,True,True
113910,1.0,0.0,0.5,none,True,True
113911,1.0,0.0,0.5,none,True,True
113912,1.0,0.0,0.5,none,True,True
113913,1.0,0.0,0.5,none,True,True
113914,1.0,0.0,0.5,none,True,True
113915,1.0,0.0,0.5,none,True,True
113916,1.0,0.0,0.5,none,True,True
113917,1.0,0.0,0.5,none,True,True
113918,1.0,0.0,0.5,none,True,True
113919,1.0,0.0,0.5,none,True,True
113920,1.0,0.0,0.5,none,True,True
113921,1.0,0.0,0.5,none,True,True
113922,1.0,0.0,0.5,none,True,True
113923,1.0,0.0,0.5,none,True,True
113924,1.0,0.0,0.5,none,True,True
113925,1.0,0.0,0.5,none,True,True
113926,1.0,0.0,0.5,none,True,True
113927,1.0,0.0,0.5,none,True,True
113928,1.0,0.0,0.5,none,True,True
113929,1.0,0.0,0.5,none,True,True
113930,1.0,0.0,0.5,none,True,True
113931,1.0,0.0,0.5,none,True,True
113932,1.0,0.0,0.5,none,True,True
113933,1.0,0.0,0.5,none,True,True
113934,1.0,0.0,0.5,none,True,True
113935,1.0,0.0,0.5,none,True,True
113936,1.0,0.0,0.5,none,True,True
113937,1.0,0.0,0.5,none,True,True
113938,1.0,0.0,0.5,none,True,True
113939,1.0,0.0,0.5,none,True,True
113940,1.0,0.0,0.5,none,True,True
113941,1.0,0.0,0.5,none,True,True
113942,1.0,0.0,0.5,none,True,True
113943,1.0,0.0,0.5,none,True,True
113944,1.0,0.0,0.5,none,True,True
113945,1.0,0.0,0.5,none,True,True
113946,1.0,0.0,0.5,none,True,True
113947,1.0,0.0,0.5,none,True,True
113948,1.0,0.0,0.5,none,True,True
113949,1.0,0.0,0.5,none,True,True
113950,1.0,0.0,0.5,none,True,True
113951,1.0,0.0,0.5,none,True,True
113952,1.0,0.0,0.5,none,True,True
113953,1.0,0.0,0.5,none,True,True
113954,1.0,0.0,0.5,none,True,True
113955,1.0,0.0,0.5,none,True,True
113956,1.0,0.0,0.5,none,True,True
113957,1.0,0.0,0.5,none,True,True
113958,1.0,0.0,0.5,none,True,True
113959,1.0,0.0,0.5,none,True,True
113960,1.0,0.0,0.5,none,True,True
113961,1.0,0.0,0.5,none,True,True
113962,1.0,0.0,0.5,none,True,True
113963,1.0,0.0,0.5,none,True,True
113964,1.0,0.0,0.5,none,True,True
113965,1.0,0.0,0.5,none,True,True
113966,1.0,0.0,0.5,none,True,True
113967,1.0,0.0,0.5,none,True,True
113968,1.0,0.0,0.5,none,True,True
113969,1.0,0.0,0.5,none,True,True
113970,1.0,0.0,0.5,none,True,True
113971,1.0,0.0,0.5,none,True,True
113972,1.0,0.0,0.5,none,True,True
113973,1.0,0.0,0.5,none,True,True
113974,1.0,0.0,0.5,none,True,True
113975,1.0,0.0,0.5,none,True,True
113976,1.0,0.0,0.5,none,True,True
113977,1.0,0.0,0.5,none,True,True
113978,1.0,0.0,0.5,none,True,True
113979,1.0,0.0,0.5,none,True,True
113980,1.0,0.0,0.5,none,True,True
113981,1.0,0.0,0.5,none,True,True
113982,1.0,0.0,0.5,none,True,True
113983,1.0,0.0,0.5,none,True,True
113984,1.0,0.0,0.5,none,True,True
113985,1.0,0.0,0.5,none,True,True
113986,1.0,0.0,0.5,none,True,True
113987,1.0,0.0,0.5,none,True,True
113988,1.0,0.0,0.5,none,True,True
113989,1.0,0.0,0.5,none,True,True
113990,1.0,0.0,0.5,none,True,True
113991,1.0,0.0,0.5,none,True,True
113992,1.0,0.0,0.5,none,True,True
113993,1.0,0.0,0.5,none,True,True
113994,1.0,0.0,0.5,none,True,True
113995,1.0,0.0,0.5,none,True,True
113996,1.0,0.0,0.5,none,True,True
113997,1.0,0.0,0.5,none,True,True
113998,1.0,0.0,0.5,none,True,True
113999,1.0,0.0,0.5,none,True,True
114000,1.0,0.0,0.5,none,True,True
114001,1.0,0.0,0.5,none,True,True
114002,1.0,0.0,0.5,none,True,True
114003,1.0,0.0,0.5,none,True,True
114004,1.0,0.0,0.5,none,True,True
114005,1.0,0.0,0.5,none,True,True
114006,1.0,0.0,0.5,none,True,True
114007,1.0,0.0,0.5,none,True,True
114008,1.0,0.0,0.5,none,True,True
114009,1.0,0.0,0.5,none,True,True
114010,1.0,0.0,0.5,none,True,True
114011,1.0,0.0,0.5,none,True,True
114012,1.0,0.0,0.5,none,True,True
114013,1.0,0.0,0.5,none,True,True
114014,1.0,0.0,0.5,none,True,True
114015,1.0,0.0,0.5,none,True,True
114016,1.0,0.0,0.5,none,True,True
114017,1.0,0.0,0.5,none,True,True
114018,1.0,0.0,0.5,none,True,True
114019,1.0,0.0,0.5,none,True,True
114020,1.0,0.0,0.5,none,True,True
114021,1.0,0.0,0.5,none,True,True
114022,1.0,0.0,0.5,none,True,True
114023,1.0,0.0,0.5,none,True,True
114024,1.0,0.0,0.5,none,True,True
114025,1.0,0.0,0.5,none,True,True
114026,1.0,0.0,0.5,none,True,True
114027,1.0,0.0,0.5,none,True,True
114028,1.0,0.0,0.5,none,True,True
114029,1.0,0.0,0.5,none,True,True
114030,1.0,0.0,0.5,none,True,True
114031,1.0,0.0,0.5,none,True,True
114032,1.0,0.0,0.5,none,True,True
114033,1.0,0.0,0.5,none,True,True
114034,1.0,0.0,0.5,none,True,True
114035,1.0,0.0,0.5,none,True,True
114036,1.0,0.0,0.5,none,True,True
114037,1.0,0.0,0.5,none,True,True
114038,1.0,0.0,0.5,none,True,True
114039,1.0,0.0,0.5,none,True,True
114040,1.0,0.0,0.5,none,True,True
114041,1.0,0.0,0.5,none,True,True
114042,1.0,0.0,0.5,none,True,True
114043,1.0,0.0,0.5,none,True,True
114044,1.0,0.0,0.5,none,True,True
114045,1.0,0.0,0.5,none,True,True
114046,1.0,0.0,0.5,none,True,True
114047,1.0,0.0,0.5,none,True,True
114048,1.0,0.0,0.5,none,True,True
114049,1.0,0.0,0.5,none,True,True
114050,1.0,0.0,0.5,none,True,True
114051,1.0,0.0,0.5,none,True,True
114052,1.0,0.0,0.5,none,True,True
114053,1.0,0.0,0.5,none,True,True
114054,1.0,0.0,0.5,none,True,True
114055,1.0,0.0,0.5,none,True,True
114056,1.0,0.0,0.5,none,True,True
114057,1.0,0.0,0.5,none,True,True
114058,1.0,0.0,0.5,none,True,True
114059,1.0,0.0,0.5,none,True,True
114060,1.0,0.0,0.5,none,True,True
114061,1.0,0.0,0.5,none,True,True
114062,1.0,0.0,0.5,none,True,True
114063,1.0,0.0,0.5,none,True,True
114064,1.0,0.0,0.5,none,True,True
114065,1.0,0.0,0.5,none,True,True
114066,1.0,0.0,0.5,none,True,True
114067,1.0,0.0,0.5,none,True,True
114068,1.0,0.0,0.5,none,True,True
114069,1.0,0.0,0.5,none,True,True
114070,1.0,0.0,0.5,none,True,True
114071,1.0,0.0,0.5,none,True,True
114072,1.0,0.0,0.5,none,True,True
114073,1.0,0.0,0.5,none,True,True
114074,1.0,0.0,0.5,none,True,True
114075,1.0,0.0,0.5,none,True,True
114076,1.0,0.0,0.5,none,True,True
114077,1.0,0.0,0.5,none,True,True
114078,1.0,0.0,0.5,none,True,True
114079,1.0,0.0,0.5,none,True,True
114080,1.0,0.0,0.5,none,True,True
114081,1.0,0.0,0.5,none,True,True
114082,1.0,0.0,0.5,none,True,True
114083,1.0,0.0,0.5,none,True,True
114084,1.0,0.0,0.5,none,True,True
114085,1.0,0.0,0.5,none,True,True
114086,1.0,0.0,0.5,none,True,True
114087,1.0,0.0,0.5,none,True,True
114088,1.0,0.0,0.5,none,True,True
114089,1.0,0.0,0.5,none,True,True
114090,1.0,0.0,0.5,none,True,True
114091,1.0,0.0,0.5,none,True,True
114092,1.0,0.0,0.5,none,True,True
114093,1.0,0.0,0.5,none,True,True
114094,1.0,0.0,0.5,none,True,True
114095,1.0,0.0,0.5,none,True,True
114096,1.0,0.0,0.5,none,True,True
114097,1.0,0.0,0.5,none,True,True
114098,1.0,0.0,0.5,none,True,True
114099,1.0,0.0,0.5,none,True,True
114100,1.0,0.0061,0.5,none,True,True
114101,1.0,0.0357,0.5,none,True,True
114102,1.0,0.0812,0.5,none,True,True
114103,1.0,0.1113,0.5,none,True,True
114104,1.0,0.1253,0.5,none,True,True
114105,1.0,0.1408,0.5,none,True,True
114106,1.0,0.0907,0.5,none,True,True
114107,1.0,0.1198,0.5,none,True,True
114108,1.0,0.0467,0.5,none,True,True
114109,1.0,0.0522,0.5,none,True,True
114110,1.0,0.0405,0.5,none,True,True
114111,1.0,0.0313,0.5,none,True,True
114112,1.0,0.0083,0.5,none,True,True
114113,1.0,0.0726,0.5,none,True,True
114114,1.0,0.0793,0.5,none,True,True
114115,1.0,0.0581,0.5,none,True,True
114116,1.0,0.0955,0.5,none,True,True
114117,1.0,0.0839,0.5,none,True,True
114118,1.0,0.0648,0.5,none,True,True
114119,1.0,0.0718,0.5,none,True,True
114120,1.0,0.0589,0.5,none,True,True
114121,1.0,0.0403,0.5,none,True,True
114122,1.0,0.0327,0.5,none,True,True
114123,1.0,0.0277,0.5,none,True,True
114124,1.0,0.017,0.5,none,True,True
114125,1.0,0.0102,0.5,none,True,True
114126,1.0,0.0099,0.5,none,True,True
114127,1.0,0.008,0.5,none,True,True
114128,1.0,0.005,0.5,none,True,True
114129,1.0,0.0063,0.5,none,True,True
114130,1.0,0.009,0.5,none,True,True
114131,1.0,0.0096,0.5,none,True,True
114132,1.0,0.0108,0.5,none,True,True
114133,1.0,0.014,0.5,none,True,True
114134,1.0,0.0161,0.5,none,True,True
114135,1.0,0.0167,0.5,none,True,True
114136,1.0,0.0182,0.5,none,True,True
114137,1.0,0.0196,0.5,none,True,True
114138,1.0,0.0197,0.5,none,True,True
114139,1.0,0.0193,0.5,none,True,True
114140,1.0,0.0193,0.5,none,True,True
114141,1.0,0.0187,0.5,none,True,True
114142,1.0,0.0174,0.5,none,True,True
114143,1.0,0.0163,0.5,none,True,True
114144,1.0,0.0152,0.5,none,True,True
114145,1.0,0.0138,0.5,none,True,True
114146,1.0,0.0123,0.5,none,True,True
114147,1.0,0.0111,0.5,none,True,True
114148,1.0,0.01,0.5,none,True,True
114149,1.0,0.0088,0.5,none,True,True
114150,1.0,0.0078,0.5,none,True,True
114151,1.0,0.0071,0.5,none,True,True
114152,1.0,0.0064,0.5,none,True,True
114153,1.0,0.0057,0.5,none,True,True
114154,1.0,0.0053,0.5,none,True,True
114155,1.0,0.005,0.5,none,True,True
114156,1.0,0.0047,0.5,none,True,True
114157,1.0,0.0045,0.5,none,True,True
114158,1.0,0.0044,0.5,none,True,True
114159,1.0,0.0043,0.5,none,True,True
114160,1.0,0.0042,0.5,none,True,True
114161,1.0,0.0041,0.5,none,True,True
114162,1.0,0.004,0.5,none,True,True
114163,1.0,0.0039,0.5,none,True,True
114164,1.0,0.0038,0.5,none,True,True
114165,1.0,0.0037,0.5,none,True,True
114166,1.0,0.0035,0.5,none,True,True
114167,1.0,0.0033,0.5,none,True,True
114168,1.0,0.0032,0.5,none,True,True
114169,1.0,0.003,0.5,none,True,True
114170,1.0,0.0028,0.5,none,True,True
114171,1.0,0.0026,0.5,none,True,True
114172,1.0,0.0024,0.5,none,True,True
114173,1.0,0.0023,0.5,none,True,True
114174,1.0,0.0021,0.5,none,True,True
114175,1.0,0.0019,0.5,none,True,True
114176,1.0,0.0018,0.5,none,True,True
114177,1.0,0.0017,0.5,none,True,True
114178,1.0,0.0015,0.5,none,True,True
114179,1.0,0.0014,0.5,none,True,True
114180,1.0,0.0013,0.5,none,True,True
114181,1.0,0.0013,0.5,none,True,True
114182,1.0,0.0012,0.5,none,True,True
114183,1.0,0.0011,0.5,none,True,True
114184,1.0,0.0011,0.5,none,True,True
114185,1.0,0.001,0.5,none,True,True
114186,1.0,0.001,0.5,none,True,True
114187,1.0,0.0009,0.5,none,True,True
114188,1.0,0.0009,0.5,none,True,True
114189,1.0,0.0008,0.5,none,True,True
114190,1.0,0.0008,0.5,none,True,True
114191,1.0,0.0008,0.5,none,True,True
114192,1.0,0.0007,0.5,none,True,True
114193,1.0,0.0007,0.5,none,True,True
114194,1.0,0.0006,0.5,none,True,True
114195,1.0,0.0006,0.5,none,True,True
114196,1.0,0.0006,0.5,none,True,True
114197,1.0,0.0005,0.5,none,True,True
114198,1.0,0.0005,0.5,none,True,True
114199,1.0,0.0005,0.5,none,True,True
114200,1.0,0.0004,0.5,none,True,True
114201,1.0,0.0004,0.5,none,True,True
114202,1.0,0.0004,0.5,none,True,True
114203,1.0,0.0004,0.5,none,True,True
114204,1.0,0.0003,0.5,none,True,True
114205,1.0,0.0003,0.5,none,True,True
114206,1.0,0.0003,0.5,none,True,True
114207,1.0,0.0003,0.5,none,True,True
114208,1.0,0.0003,0.5,none,True,True
114209,1.0,0.0003,0.5,none,True,True
114210,1.0,0.0002,0.5,none,True,True
114211,1.0,0.0002,0.5,none,True,True
114212,1.0,0.0002,0.5,none,True,True
114213,1.0,0.0002,0.5,none,True,True
114214,1.0,0.0002,0.5,none,True,True
114215,1.0,0.0002,0.5,none,True,True
114216,1.0,0.0002,0.5,none,True,True
114217,1.0,0.0002,0.5,none,True,True
114218,1.0,0.0002,0.5,none,True,True
114219,1.0,0.0001,0.5,none,True,True
114220,1.0,0.0001,0.5,none,True,True
114221,1.0,0.0001,0.5,none,True,True
114222,1.0,0.0001,0.5,none,True,True
114223,1.0,0.0001,0.5,none,True,True
114224,1.0,0.0001,0.5,none,True,True
114225,1.0,0.0001,0.5,none,True,True
114226,1.0,0.0001,0.5,none,True,True
114227,1.0,0.0001,0.5,none,True,True
114228,1.0,0.0001,0.5,none,True,True
114229,1.0,0.0001,0.5,none,True,True
114230,1.0,0.0001,0.5,none,True,True
114231,1.0,0.0001,0.5,none,True,True
114232,1.0,0.0001,0.5,none,True,True
114233,1.0,0.0001,0.5,none,True,True
114234,1.0,0.0001,0.5,none,True,True
114235,1.0,0.0001,0.5,none,True,True
114236,1.0,0.0001,0.5,none,True,True
114237,1.0,0.0,0.5,none,True,True
114238,1.0,0.0,0.5,none,True,True
114239,1.0,0.0,0.5,none,True,True
114240,1.0,0.0,0.5,none,True,True
114241,1.0,0.0,0.5,none,True,True
114242,1.0,0.0,0.5,none,True,True
114243,1.0,0.0,0.5,none,True,True
114244,1.0,0.0,0.5,none,True,True
114245,1.0,0.0,0.5,none,True,True
114246,1.0,0.0,0.5,none,True,True
114247,1.0,0.0,0.5,none,True,True
114248,1.0,0.0,0.5,none,True,True
114249,1.0,0.0,0.5,none,True,True
114250,1.0,0.0,0.5,none,True,True
114251,1.0,0.0,0.5,none,True,True
114252,1.0,0.0,0.5,none,True,True
114253,1.0,0.0,0.5,none,True,True
114254,1.0,0.0,0.5,none,True,True
114255,1.0,0.0,0.5,none,True,True
114256,1.0,0.0,0.5,none,True,True
114257,1.0,0.0,0.5,none,True,True
114258,1.0,0.0,0.5,none,True,True
114259,1.0,0.0,0.5,none,True,True
114260,1.0,0.0,0.5,none,True,True
114261,1.0,0.0,0.5,none,True,True
114262,1.0,0.0,0.5,none,True,True
114263,1.0,0.0,0.5,none,True,True
114264,1.0,0.0,0.5,none,True,True
114265,1.0,0.0,0.5,none,True,True
114266,1.0,0.0,0.5,none,True,True
114267,1.0,0.0,0.5,none,True,True
114268,1.0,0.0,0.5,none,True,True
114269,1.0,0.0,0.5,none,True,True
114270,1.0,0.0,0.5,none,True,True
114271,1.0,0.0,0.5,none,True,True
114272,1.0,0.0,0.5,none,True,True
114273,1.0,0.0,0.5,none,True,True
114274,1.0,0.0,0.5,none,True,True
114275,1.0,0.0,0.5,none,True,True
114276,1.0,0.0,0.5,none,True,True
114277,1.0,0.0,0.5,none,True,True
114278,1.0,0.0,0.5,none,True,True
114279,1.0,0.0,0.5,none,True,True
114280,1.0,0.0,0.5,none,True,True
114281,1.0,0.0,0.5,none,True,True
114282,1.0,0.0,0.5,none,True,True
114283,1.0,0.0,0.5,none,True,True
114284,1.0,0.0,0.5,none,True,True
114285,1.0,0.0,0.5,none,True,True
114286,1.0,0.0,0.5,none,True,True
114287,1.0,0.0,0.5,none,True,True
114288,1.0,0.0,0.5,none,True,True
114289,1.0,0.0,0.5,none,True,True
114290,1.0,0.0,0.5,none,True,True
114291,1.0,0.0,0.5,none,True,True
114292,1.0,0.0,0.5,none,True,True
114293,1.0,0.0,0.5,none,True,True
114294,1.0,0.0,0.5,none,True,True
114295,1.0,0.0,0.5,none,True,True
114296,1.0,0.0,0.5,none,True,True
114297,1.0,0.0,0.5,none,True,True
114298,1.0,0.0,0.5,none,True,True
114299,1.0,0.0,0.5,none,True,True
114300,1.0,0.0,0.5,none,True,True
114301,1.0,0.0,0.5,none,True,True
114302,1.0,0.0,0.5,none,True,True
114303,1.0,0.0,0.5,none,True,True
114304,1.0,0.0,0.5,none,True,True
114305,1.0,0.0,0.5,none,True,True
114306,1.0,0.0,0.5,none,True,True
114307,1.0,0.0,0.5,none,True,True
114308,1.0,0.0,0.5,none,True,True
114309,1.0,0.0,0.5,none,True,True
114310,1.0,0.0,0.5,none,True,True
114311,1.0,0.0,0.5,none,True,True
114312,1.0,0.0,0.5,none,True,True
114313,1.0,0.0,0.5,none,True,True
114314,1.0,0.0,0.5,none,True,True
114315,1.0,0.0,0.5,none,True,True
114316,1.0,0.0,0.5,none,True,True
114317,1.0,0.0,0.5,none,True,True
114318,1.0,0.0,0.5,none,True,True
114319,1.0,0.0,0.5,none,True,True
114320,1.0,0.0,0.5,none,True,True
114321,1.0,0.0,0.5,none,True,True
114322,1.0,0.0,0.5,none,True,True
114323,1.0,0.0,0.5,none,True,True
114324,1.0,0.0,0.5,none,True,True
114325,1.0,0.0,0.5,none,True,True
114326,1.0,0.0,0.5,none,True,True
114327,1.0,0.0,0.5,none,True,True
114328,1.0,0.0,0.5,none,True,True
114329,1.0,0.0,0.5,none,True,True
114330,1.0,0.0,0.5,none,True,True
114331,1.0,0.0,0.5,none,True,True
114332,1.0,0.0,0.5,none,True,True
114333,1.0,0.0,0.5,none,True,True
114334,1.0,0.0,0.5,none,True,True
114335,1.0,0.0,0.5,none,True,True
114336,1.0,0.0,0.5,none,True,True
114337,1.0,0.0,0.5,none,True,True
114338,1.0,0.0,0.5,none,True,True
114339,1.0,0.0,0.5,none,True,True
114340,1.0,0.0,0.5,none,True,True
114341,1.0,0.0,0.5,none,True,True
114342,1.0,0.0,0.5,none,True,True
114343,1.0,0.0,0.5,none,True,True
114344,1.0,0.0,0.5,none,True,True
114345,1.0,0.0,0.5,none,True,True
114346,1.0,0.0,0.5,none,True,True
114347,1.0,0.0,0.5,none,True,True
114348,1.0,0.0,0.5,none,True,True
114349,1.0,0.0,0.5,none,True,True
114350,1.0,0.0,0.5,none,True,True
114351,1.0,0.0,0.5,none,True,True
114352,1.0,0.0,0.5,none,True,True
114353,1.0,0.0,0.5,none,True,True
114354,1.0,0.0,0.5,none,True,True
114355,1.0,0.0,0.5,none,True,True
114356,1.0,0.0,0.5,none,True,True
114357,1.0,0.0,0.5,none,True,True
114358,1.0,0.0,0.5,none,True,True
114359,1.0,0.0,0.5,none,True,True
114360,1.0,0.0,0.5,none,True,True
114361,1.0,0.0,0.5,none,True,True
114362,1.0,0.0,0.5,none,True,True
114363,1.0,0.0,0.5,none,True,True
114364,1.0,0.0,0.5,none,True,True
114365,1.0,0.0,0.5,none,True,True
114366,1.0,0.0,0.5,none,True,True
114367,1.0,0.0,0.5,none,True,True
114368,1.0,0.0,0.5,none,True,True
114369,1.0,0.0,0.5,none,True,True
114370,1.0,0.0,0.5,none,True,True
114371,1.0,0.0,0.5,none,True,True
114372,1.0,0.0,0.5,none,True,True
114373,1.0,0.0,0.5,none,True,True
114374,1.0,0.0,0.5,none,True,True
114375,1.0,0.0,0.5,none,True,True
114376,1.0,0.0,0.5,none,True,True
114377,1.0,0.0,0.5,none,True,True
114378,1.0,0.0,0.5,none,True,True
114379,1.0,0.0,0.5,none,True,True
114380,1.0,0.0,0.5,none,True,True
114381,1.0,0.0,0.5,none,True,True
114382,1.0,0.0,0.5,none,True,True
114383,1.0,0.0,0.5,none,True,True
114384,1.0,0.0,0.5,none,True,True
114385,1.0,0.0,0.5,none,True,True
114386,1.0,0.0,0.5,none,True,True
114387,1.0,0.0,0.5,none,True,True
114388,1.0,0.0,0.5,none,True,True
114389,1.0,0.0,0.5,none,True,True
114390,1.0,0.0,0.5,none,True,True
114391,1.0,0.0,0.5,none,True,True
114392,1.0,0.0,0.5,none,True,True
114393,1.0,0.0,0.5,none,True,True
114394,1.0,0.0,0.5,none,True,True
114395,1.0,0.0,0.5,none,True,True
114396,1.0,0.0,0.5,none,True,True
114397,1.0,0.0,0.5,none,True,True
114398,1.0,0.0,0.5,none,True,True
114399,1.0,0.0,0.5,none,True,True
114400,1.0,0.0,0.5,none,True,True
114401,1.0,0.0,0.5,none,True,True
114402,1.0,0.0,0.5,none,True,True
114403,1.0,0.0,0.5,none,True,True
114404,1.0,0.0,0.5,none,True,True
114405,1.0,0.0,0.5,none,True,True
114406,1.0,0.0,0.5,none,True,True
114407,1.0,0.0,0.5,none,True,True
114408,1.0,0.0,0.5,none,True,True
114409,1.0,0.0,0.5,none,True,True
114410,1.0,0.0,0.5,none,True,True
114411,1.0,0.0,0.5,none,True,True
114412,1.0,0.0,0.5,none,True,True
114413,1.0,0.0,0.5,none,True,True
114414,1.0,0.0,0.5,none,True,True
114415,1.0,0.0,0.5,none,True,True
114416,1.0,0.0,0.5,none,True,True
114417,1.0,0.0,0.5,none,True,True
114418,1.0,0.0,0.5,none,True,True
114419,1.0,0.0,0.5,none,True,True
114420,1.0,0.0,0.5,none,True,True
114421,1.0,0.0,0.5,none,True,True
114422,1.0,0.0,0.5,none,True,True
114423,1.0,0.0,0.5,none,True,True
114424,1.0,0.0,0.5,none,True,True
114425,1.0,0.0,0.5,none,True,True
114426,1.0,0.0,0.5,none,True,True
114427,1.0,0.0,0.5,none,True,True
114428,1.0,0.0,0.5,none,True,True
114429,1.0,0.0,0.5,none,True,True
114430,1.0,0.0,0.5,none,True,True
114431,1.0,0.0,0.5,none,True,True
114432,1.0,0.0,0.5,none,True,True
114433,1.0,0.0,0.5,none,True,True
114434,1.0,0.0,0.5,none,True,True
114435,1.0,0.0,0.5,none,True,True
114436,1.0,0.0,0.5,none,True,True
114437,1.0,0.0,0.5,none,True,True
114438,1.0,0.0,0.5,none,True,True
114439,1.0,0.0,0.5,none,True,True
114440,1.0,0.0,0.5,none,True,True
114441,1.0,0.0,0.5,none,True,True
114442,1.0,0.0,0.5,none,True,True
114443,1.0,0.0,0.5,none,True,True
114444,1.0,0.0,0.5,none,True,True
114445,1.0,0.0,0.5,none,True,True
114446,1.0,0.0,0.5,none,True,True
114447,1.0,0.0,0.5,none,True,True
114448,1.0,0.0,0.5,none,True,True
114449,1.0,0.0,0.5,none,True,True
114450,1.0,0.0,0.5,none,True,True
114451,1.0,0.0,0.5,none,True,True
114452,1.0,0.0,0.5,none,True,True
114453,1.0,0.0,0.5,none,True,True
114454,1.0,0.0,0.5,none,True,True
114455,1.0,0.0,0.5,none,True,True
114456,1.0,0.0,0.5,none,True,True
114457,1.0,0.0,0.5,none,True,True
114458,1.0,0.0,0.5,none,True,True
114459,1.0,0.0,0.5,none,True,True
114460,1.0,0.0,0.5,none,True,True
114461,1.0,0.0,0.5,none,True,True
114462,1.0,0.0,0.5,none,True,True
114463,1.0,0.0,0.5,none,True,True
114464,1.0,0.0,0.5,none,True,True
114465,1.0,0.0,0.5,none,True,True
114466,1.0,0.0,0.5,none,True,True
114467,1.0,0.0,0.5,none,True,True
114468,1.0,0.0,0.5,none,True,True
114469,1.0,0.0,0.5,none,True,True
114470,1.0,0.0,0.5,none,True,True
114471,1.0,0.0,0.5,none,True,True
114472,1.0,0.0,0.5,none,True,True
114473,1.0,0.0,0.5,none,True,True
114474,1.0,0.0,0.5,none,True,True
114475,1.0,0.0,0.5,none,True,True
114476,1.0,0.0,0.5,none,True,True
114477,1.0,0.0,0.5,none,True,True
114478,1.0,0.0,0.5,none,True,True
114479,1.0,0.0,0.5,none,True,True
114480,1.0,0.0,0.5,none,True,True
114481,1.0,0.0,0.5,none,True,True
114482,1.0,0.0,0.5,none,True,True
114483,1.0,0.0,0.5,none,True,True
114484,1.0,0.0,0.5,none,True,True
114485,1.0,0.0,0.5,none,True,True
114486,1.0,0.0,0.5,none,True,True
114487,1.0,0.0,0.5,none,True,True
114488,1.0,0.0,0.5,none,True,True
114489,1.0,0.0,0.5,none,True,True
114490,1.0,0.0,0.5,none,True,True
114491,1.0,0.0,0.5,none,True,True
114492,1.0,0.0,0.5,none,True,True
114493,1.0,0.0,0.5,none,True,True
114494,1.0,0.0,0.5,none,True,True
114495,1.0,0.0,0.5,none,True,True
114496,1.0,0.0,0.5,none,True,True
114497,1.0,0.0,0.5,none,True,True
114498,1.0,0.0,0.5,none,True,True
114499,1.0,0.0,0.5,none,True,True
114500,1.0,0.0,0.5,none,True,True
114501,1.0,0.0,0.5,none,True,True
114502,1.0,0.0,0.5,none,True,True
114503,1.0,0.0,0.5,none,True,True
114504,1.0,0.0,0.5,none,True,True
114505,1.0,0.0,0.5,none,True,True
114506,1.0,0.0,0.5,none,True,True
114507,1.0,0.0,0.5,none,True,True
114508,1.0,0.0,0.5,none,True,True
114509,1.0,0.0,0.5,none,True,True
114510,1.0,0.0,0.5,none,True,True
114511,1.0,0.0,0.5,none,True,True
114512,1.0,0.0,0.5,none,True,True
114513,1.0,0.0,0.5,none,True,True
114514,1.0,0.0,0.5,none,True,True
114515,1.0,0.0,0.5,none,True,True
114516,1.0,0.0,0.5,none,True,True
114517,1.0,0.0,0.5,none,True,True
114518,1.0,0.0,0.5,none,True,True
114519,1.0,0.0,0.5,none,True,True
114520,1.0,0.0,0.5,none,True,True
114521,1.0,0.0,0.5,none,True,True
114522,1.0,0.0,0.5,none,True,True
114523,1.0,0.0,0.5,none,True,True
114524,1.0,0.0,0.5,none,True,True
114525,1.0,0.0,0.5,none,True,True
114526,1.0,0.0,0.5,none,True,True
114527,1.0,0.0,0.5,none,True,True
114528,1.0,0.0,0.5,none,True,True
114529,1.0,0.0,0.5,none,True,True
114530,1.0,0.0,0.5,none,True,True
114531,1.0,0.0,0.5,none,True,True
114532,1.0,0.0,0.5,none,True,True
114533,1.0,0.0,0.5,none,True,True
114534,1.0,0.0,0.5,none,True,True
114535,1.0,0.0,0.5,none,True,True
114536,1.0,0.0,0.5,none,True,True
114537,1.0,0.0,0.5,none,True,True
114538,1.0,0.0,0.5,none,True,True
114539,1.0,0.0,0.5,none,True,True
114540,1.0,0.0,0.5,none,True,True
114541,1.0,0.0,0.5,none,True,True
114542,1.0,0.0,0.5,none,True,True
114543,1.0,0.0,0.5,none,True,True
114544,1.0,0.0,0.5,none,True,True
114545,1.0,0.0,0.5,none,True,True
114546,1.0,0.0,0.5,none,True,True
114547,1.0,0.0,0.5,none,True,True
114548,1.0,0.0,0.5,none,True,True
114549,1.0,0.0,0.5,none,True,True
114550,1.0,0.0,0.5,none,True,True
114551,1.0,0.0,0.5,none,True,True
114552,1.0,0.0,0.5,none,True,True
114553,1.0,0.0,0.5,none,True,True
114554,1.0,0.0,0.5,none,True,True
114555,1.0,0.0,0.5,none,True,True
114556,1.0,0.0,0.5,none,True,True
114557,1.0,0.0,0.5,none,True,True
114558,1.0,0.0,0.5,none,True,True
114559,1.0,0.0,0.5,none,True,True
114560,1.0,0.0,0.5,none,True,True
114561,1.0,0.0,0.5,none,True,True
114562,1.0,0.0,0.5,none,True,True
114563,1.0,0.0,0.5,none,True,True
114564,1.0,0.0,0.5,none,True,True
114565,1.0,0.0,0.5,none,True,True
114566,1.0,0.0,0.5,none,True,True
114567,1.0,0.0,0.5,none,True,True
114568,1.0,0.0,0.5,none,True,True
114569,1.0,0.0,0.5,none,True,True
114570,1.0,0.0,0.5,none,True,True
114571,1.0,0.0,0.5,none,True,True
114572,1.0,0.0,0.5,none,True,True
114573,1.0,0.0,0.5,none,True,True
114574,1.0,0.0,0.5,none,True,True
114575,1.0,0.0,0.5,none,True,True
114576,1.0,0.0,0.5,none,True,True
114577,1.0,0.0,0.5,none,True,True
114578,1.0,0.0,0.5,none,True,True
114579,1.0,0.0,0.5,none,True,True
114580,1.0,0.0,0.5,none,True,True
114581,1.0,0.0,0.5,none,True,True
114582,1.0,0.0,0.5,none,True,True
114583,1.0,0.0,0.5,none,True,True
114584,1.0,0.0,0.5,none,True,True
114585,1.0,0.0,0.5,none,True,True
114586,1.0,0.0,0.5,none,True,True
114587,1.0,0.0,0.5,none,True,True
114588,1.0,0.0,0.5,none,True,True
114589,1.0,0.0,0.5,none,True,True
114590,1.0,0.0,0.5,none,True,True
114591,1.0,0.0,0.5,none,True,True
114592,1.0,0.0,0.5,none,True,True
114593,1.0,0.0,0.5,none,True,True
114594,1.0,0.0,0.5,none,True,True
114595,1.0,0.0,0.5,none,True,True
114596,1.0,0.0,0.5,none,True,True
114597,1.0,0.0,0.5,none,True,True
114598,1.0,0.0,0.5,none,True,True
114599,1.0,0.0,0.5,none,True,True
114600,1.0,0.0,0.5,none,True,True
114601,1.0,0.0,0.5,none,True,True
114602,1.0,0.0,0.5,none,True,True
114603,1.0,0.0,0.5,none,True,True
114604,1.0,0.0,0.5,none,True,True
114605,1.0,0.0,0.5,none,True,True
114606,1.0,0.0,0.5,none,True,True
114607,1.0,0.0,0.5,none,True,True
114608,1.0,0.0,0.5,none,True,True
114609,1.0,0.0,0.5,none,True,True
114610,1.0,0.0,0.5,none,True,True
114611,1.0,0.0,0.5,none,True,True
114612,1.0,0.0,0.5,none,True,True
114613,1.0,0.0,0.5,none,True,True
114614,1.0,0.0,0.5,none,True,True
114615,1.0,0.0,0.5,none,True,True
114616,1.0,0.0,0.5,none,True,True
114617,1.0,0.0,0.5,none,True,True
114618,1.0,0.0,0.5,none,True,True
114619,1.0,0.0,0.5,none,True,True
114620,1.0,0.0,0.5,none,True,True
114621,1.0,0.0,0.5,none,True,True
114622,1.0,0.0,0.5,none,True,True
114623,1.0,0.0,0.5,none,True,True
114624,1.0,0.0,0.5,none,True,True
114625,1.0,0.0,0.5,none,True,True
114626,1.0,0.0,0.5,none,True,True
114627,1.0,0.0,0.5,none,True,True
114628,1.0,0.0,0.5,none,True,True
114629,1.0,0.0,0.5,none,True,True
114630,1.0,0.0,0.5,none,True,True
114631,1.0,0.0,0.5,none,True,True
114632,1.0,0.0,0.5,none,True,True
114633,1.0,0.0,0.5,none,True,True
114634,1.0,0.0,0.5,none,True,True
114635,1.0,0.0,0.5,none,True,True
114636,1.0,0.0,0.5,none,True,True
114637,1.0,0.0,0.5,none,True,True
114638,1.0,0.0,0.5,none,True,True
114639,1.0,0.0,0.5,none,True,True
114640,1.0,0.0,0.5,none,True,True
114641,1.0,0.0,0.5,none,True,True
114642,1.0,0.0,0.5,none,True,True
114643,1.0,0.0,0.5,none,True,True
114644,1.0,0.0,0.5,none,True,True
114645,1.0,0.0,0.5,none,True,True
114646,1.0,0.0,0.5,none,True,True
114647,1.0,0.0,0.5,none,True,True
114648,1.0,0.0,0.5,none,True,True
114649,1.0,0.0,0.5,none,True,True
114650,1.0,0.0,0.5,none,True,True
114651,1.0,0.0,0.5,none,True,True
114652,1.0,0.0,0.5,none,True,True
114653,1.0,0.0,0.5,none,True,True
114654,1.0,0.0,0.5,none,True,True
114655,1.0,0.0,0.5,none,True,True
114656,1.0,0.0,0.5,none,True,True
114657,1.0,0.0,0.5,none,True,True
114658,1.0,0.0,0.5,none,True,True
114659,1.0,0.0,0.5,none,True,True
114660,1.0,0.0,0.5,none,True,True
114661,1.0,0.0,0.5,none,True,True
114662,1.0,0.0,0.5,none,True,True
114663,1.0,0.0,0.5,none,True,True
114664,1.0,0.0,0.5,none,True,True
114665,1.0,0.0,0.5,none,True,True
114666,1.0,0.0,0.5,none,True,True
114667,1.0,0.0,0.5,none,True,True
114668,1.0,0.0,0.5,none,True,True
114669,1.0,0.0,0.5,none,True,True
114670,1.0,0.0,0.5,none,True,True
114671,1.0,0.0,0.5,none,True,True
114672,1.0,0.0,0.5,none,True,True
114673,1.0,0.0,0.5,none,True,True
114674,1.0,0.0,0.5,none,True,True
114675,1.0,0.0,0.5,none,True,True
114676,1.0,0.0,0.5,none,True,True
114677,1.0,0.0,0.5,none,True,True
114678,1.0,0.0,0.5,none,True,True
114679,1.0,0.0,0.5,none,True,True
114680,1.0,0.0,0.5,none,True,True
114681,1.0,0.0,0.5,none,True,True
114682,1.0,0.0,0.5,none,True,True
114683,1.0,0.0,0.5,none,True,True
114684,1.0,0.0,0.5,none,True,True
114685,1.0,0.0,0.5,none,True,True
114686,1.0,0.0,0.5,none,True,True
114687,1.0,0.0,0.5,none,True,True
114688,1.0,0.0,0.5,none,True,True
114689,1.0,0.0,0.5,none,True,True
114690,1.0,0.0,0.5,none,True,True
114691,1.0,0.0,0.5,none,True,True
114692,1.0,0.0,0.5,none,True,True
114693,1.0,0.0,0.5,none,True,True
114694,1.0,0.0,0.5,none,True,True
114695,1.0,0.0,0.5,none,True,True
114696,1.0,0.0,0.5,none,True,True
114697,1.0,0.0,0.5,none,True,True
114698,1.0,0.0,0.5,none,True,True
114699,1.0,0.0,0.5,none,True,True
114700,1.0,0.0,0.5,none,True,True
114701,1.0,0.0,0.5,none,True,True
114702,1.0,0.0,0.5,none,True,True
114703,1.0,0.0,0.5,none,True,True
114704,1.0,0.0,0.5,none,True,True
114705,1.0,0.0,0.5,none,True,True
114706,1.0,0.0,0.5,none,True,True
114707,1.0,0.0,0.5,none,True,True
114708,1.0,0.0,0.5,none,True,True
114709,1.0,0.0,0.5,none,True,True
114710,1.0,0.0,0.5,none,True,True
114711,1.0,0.0,0.5,none,True,True
114712,1.0,0.0,0.5,none,True,True
114713,1.0,0.0,0.5,none,True,True
114714,1.0,0.0,0.5,none,True,True
114715,1.0,0.0,0.5,none,True,True
114716,1.0,0.0,0.5,none,True,True
114717,1.0,0.0,0.5,none,True,True
114718,1.0,0.0,0.5,none,True,True
114719,1.0,0.0,0.5,none,True,True
114720,1.0,0.0,0.5,none,True,True
114721,1.0,0.0,0.5,none,True,True
114722,1.0,0.0,0.5,none,True,True
114723,1.0,0.0,0.5,none,True,True
114724,1.0,0.0,0.5,none,True,True
114725,1.0,0.0,0.5,none,True,True
114726,1.0,0.0,0.5,none,True,True
114727,1.0,0.0,0.5,none,True,True
114728,1.0,0.0,0.5,none,True,True
114729,1.0,0.0,0.5,none,True,True
114730,1.0,0.0,0.5,none,True,True
114731,1.0,0.0,0.5,none,True,True
114732,1.0,0.0,0.5,none,True,True
114733,1.0,0.0,0.5,none,True,True
114734,1.0,0.0,0.5,none,True,True
114735,1.0,0.0,0.5,none,True,True
114736,1.0,0.0,0.5,none,True,True
114737,1.0,0.0,0.5,none,True,True
114738,1.0,0.0,0.5,none,True,True
114739,1.0,0.0,0.5,none,True,True
114740,1.0,0.0,0.5,none,True,True
114741,1.0,0.0,0.5,none,True,True
114742,1.0,0.0,0.5,none,True,True
114743,1.0,0.0,0.5,none,True,True
114744,1.0,0.0,0.5,none,True,True
114745,1.0,0.0,0.5,none,True,True
114746,1.0,0.0,0.5,none,True,True
114747,1.0,0.0,0.5,none,True,True
114748,1.0,0.0,0.5,none,True,True
114749,1.0,0.0,0.5,none,True,True
114750,1.0,0.0,0.5,none,True,True
114751,1.0,0.0,0.5,none,True,True
114752,1.0,0.0,0.5,none,True,True
114753,1.0,0.0,0.5,none,True,True
114754,1.0,0.0,0.5,none,True,True
114755,1.0,0.0,0.5,none,True,True
114756,1.0,0.0,0.5,none,True,True
114757,1.0,0.0,0.5,none,True,True
114758,1.0,0.0,0.5,none,True,True
114759,1.0,0.0,0.5,none,True,True
114760,1.0,0.0,0.5,none,True,True
114761,1.0,0.0,0.5,none,True,True
114762,1.0,0.0,0.5,none,True,True
114763,1.0,0.0,0.5,none,True,True
114764,1.0,0.0,0.5,none,True,True
114765,1.0,0.0,0.5,none,True,True
114766,1.0,0.0,0.5,none,True,True
114767,1.0,0.0,0.5,none,True,True
114768,1.0,0.0,0.5,none,True,True
114769,1.0,0.0,0.5,none,True,True
114770,1.0,0.0,0.5,none,True,True
114771,1.0,0.0,0.5,none,True,True
114772,1.0,0.0,0.5,none,True,True
114773,1.0,0.0,0.5,none,True,True
114774,1.0,0.0,0.5,none,True,True
114775,1.0,0.0,0.5,none,True,True
114776,1.0,0.0,0.5,none,True,True
114777,1.0,0.0,0.5,none,True,True
114778,1.0,0.0,0.5,none,True,True
114779,1.0,0.0,0.5,none,True,True
114780,1.0,0.0,0.5,none,True,True
114781,1.0,0.0,0.5,none,True,True
114782,1.0,0.0,0.5,none,True,True
114783,1.0,0.0,0.5,none,True,True
114784,1.0,0.0,0.5,none,True,True
114785,1.0,0.0,0.5,none,True,True
114786,1.0,0.0,0.5,none,True,True
114787,1.0,0.0,0.5,none,True,True
114788,1.0,0.0,0.5,none,True,True
114789,1.0,0.0,0.5,none,True,True
114790,1.0,0.0,0.5,none,True,True
114791,1.0,0.0,0.5,none,True,True
114792,1.0,0.0,0.5,none,True,True
114793,1.0,0.0,0.5,none,True,True
114794,1.0,0.0,0.5,none,True,True
114795,1.0,0.0,0.5,none,True,True
114796,1.0,0.0,0.5,none,True,True
114797,1.0,0.0,0.5,none,True,True
114798,1.0,0.0,0.5,none,True,True
114799,1.0,0.0,0.5,none,True,True
114800,1.0,0.0061,0.5,none,True,True
114801,1.0,0.0357,0.5,none,True,True
114802,1.0,0.0812,0.5,none,True,True
114803,1.0,0.1113,0.5,none,True,True
114804,1.0,0.1253,0.5,none,True,True
114805,1.0,0.1408,0.5,none,True,True
114806,1.0,0.0907,0.5,none,True,True
114807,1.0,0.1198,0.5,none,True,True
114808,1.0,0.0467,0.5,none,True,True
114809,1.0,0.0522,0.5,none,True,True
114810,1.0,0.0405,0.5,none,True,True
114811,1.0,0.0313,0.5,none,True,True
114812,1.0,0.0083,0.5,none,True,True
114813,1.0,0.0726,0.5,none,True,True
114814,1.0,0.0793,0.5,none,True,True
114815,1.0,0.0581,0.5,none,True,True
114816,1.0,0.0955,0.5,none,True,True
114817,1.0,0.0839,0.5,none,True,True
114818,1.0,0.0648,0.5,none,True,True
114819,1.0,0.0718,0.5,none,True,True
114820,1.0,0.0589,0.5,none,True,True
114821,1.0,0.0403,0.5,none,True,True
114822,1.0,0.0327,0.5,none,True,True
114823,1.0,0.0277,0.5,none,True,True
114824,1.0,0.017,0.5,none,True,True
114825,1.0,0.0102,0.5,none,True,True
114826,1.0,0.0099,0.5,none,True,True
114827,1.0,0.008,0.5,none,True,True
114828,1.0,0.005,0.5,none,True,True
114829,1.0,0.0063,0.5,none,True,True
114830,1.0,0.009,0.5,none,True,True
114831,1.0,0.0096,0.5,none,True,True
114832,1.0,0.0108,0.5,none,True,True
114833,1.0,0.014,0.5,none,True,True
114834,1.0,0.0161,0.5,none,True,True
114835,1.0,0.0167,0.5,none,True,True
114836,1.0,0.0182,0.5,none,True,True
114837,1.0,0.0196,0.5,none,True,True
114838,1.0,0.0197,0.5,none,True,True
114839,1.0,0.0193,0.5,none,True,True
114840,1.0,0.0193,0.5,none,True,True
114841,1.0,0.0187,0.5,none,True,True
114842,1.0,0.0174,0.5,none,True,True
114843,1.0,0.0163,0.5,none,True,True
114844,1.0,0.0152,0.5,none,True,True
114845,1.0,0.0138,0.5,none,True,True
114846,1.0,0.0123,0.5,none,True,True
114847,1.0,0.0111,0.5,none,True,True
114848,1.0,0.01,0.5,none,True,True
114849,1.0,0.0088,0.5,none,True,True
114850,1.0,0.0078,0.5,none,True,True
114851,1.0,0.0071,0.5,none,True,True
114852,1.0,0.0064,0.5,none,True,True
114853,1.0,0.0057,0.5,none,True,True
114854,1.0,0.0053,0.5,none,True,True
114855,1.0,0.005,0.5,none,True,True
114856,1.0,0.0047,0.5,none,True,True
114857,1.0,0.0045,0.5,none,True,True
114858,1.0,0.0044,0.5,none,True,True
114859,1.0,0.0043,0.5,none,True,True
114860,1.0,0.0042,0.5,none,True,True
114861,1.0,0.0041,0.5,none,True,True
114862,1.0,0.004,0.5,none,True,True
114863,1.0,0.0039,0.5,none,True,True
114864,1.0,0.0038,0.5,none,True,True
114865,1.0,0.0037,0.5,none,True,True
114866,1.0,0.0035,0.5,none,True,True
114867,1.0,0.0033,0.5,none,True,True
114868,1.0,0.0032,0.5,none,True,True
114869,1.0,0.003,0.5,none,True,True
114870,1.0,0.0028,0.5,none,True,True
114871,1.0,0.0026,0.5,none,True,True
114872,1.0,0.0024,0.5,none,True,True
114873,1.0,0.0023,0.5,none,True,True
114874,1.0,0.0021,0.5,none,True,True
114875,1.0,0.0019,0.5,none,True,True
114876,1.0,0.0018,0.5,none,True,True
114877,1.0,0.0017,0.5,none,True,True
114878,1.0,0.0015,0.5,none,True,True
114879,1.0,0.0014,0.5,none,True,True
114880,1.0,0.0013,0.5,none,True,True
114881,1.0,0.0013,0.5,none,True,True
114882,1.0,0.0012,0.5,none,True,True
114883,1.0,0.0011,0.5,none,True,True
114884,1.0,0.0011,0.5,none,True,True
114885,1.0,0.001,0.5,none,True,True
114886,1.0,0.001,0.5,none,True,True
114887,1.0,0.0009,0.5,none,True,True
114888,1.0,0.0009,0.5,none,True,True
114889,1.0,0.0008,0.5,none,True,True
114890,1.0,0.0008,0.5,none,True,True
114891,1.0,0.0008,0.5,none,True,True
114892,1.0,0.0007,0.5,none,True,True
114893,1.0,0.0007,0.5,none,True,True
114894,1.0,0.0006,0.5,none,True,True
114895,1.0,0.0006,0.5,none,True,True
114896,1.0,0.0006,0.5,none,True,True
114897,1.0,0.0005,0.5,none,True,True
114898,1.0,0.0005,0.5,none,True,True
114899,1.0,0.0005,0.5,none,True,True
114900,1.0,0.0004,0.5,none,True,True
114901,1.0,0.0004,0.5,none,True,True
114902,1.0,0.0004,0.5,none,True,True
114903,1.0,0.0004,0.5,none,True,True
114904,1.0,0.0003,0.5,none,True,True
114905,1.0,0.0003,0.5,none,True,True
114906,1.0,0.0003,0.5,none,True,True
114907,1.0,0.0003,0.5,none,True,True
114908,1.0,0.0003,0.5,none,True,True
114909,1.0,0.0003,0.5,none,True,True
114910,1.0,0.0002,0.5,none,True,True
114911,1.0,0.0002,0.5,none,True,True
114912,1.0,0.0002,0.5,none,True,True
114913,1.0,0.0002,0.5,none,True,True
114914,1.0,0.0002,0.5,none,True,True
114915,1.0,0.0002,0.5,none,True,True
114916,1.0,0.0002,0.5,none,True,True
114917,1.0,0.0002,0.5,none,True,True
114918,1.0,0.0002,0.5,none,True,True
114919,1.0,0.0001,0.5,none,True,True
114920,1.0,0.0001,0.5,none,True,True
114921,1.0,0.0001,0.5,none,True,True
114922,1.0,0.0001,0.5,none,True,True
114923,1.0,0.0001,0.5,none,True,True
114924,1.0,0.0001,0.5,none,True,True
114925,1.0,0.0001,0.5,none,True,True
114926,1.0,0.0001,0.5,none,True,True
114927,1.0,0.0001,0.5,none,True,True
114928,1.0,0.0001,0.5,none,True,True
114929,1.0,0.0001,0.5,none,True,True
114930,1.0,0.0001,0.5,none,True,True
114931,1.0,0.0001,0.5,none,True,True
114932,1.0,0.0001,0.5,none,True,True
114933,1.0,0.0001,0.5,none,True,True
114934,1.0,0.0001,0.5,none,True,True
114935,1.0,0.0001,0.5,none,True,True
114936,1.0,0.0001,0.5,none,True,True
114937,1.0,0.0,0.5,none,True,True
114938,1.0,0.0,0.5,none,True,True
114939,1.0,0.0,0.5,none,True,True
114940,1.0,0.0,0.5,none,True,True
114941,1.0,0.0,0.5,none,True,True
114942,1.0,0.0,0.5,none,True,True
114943,1.0,0.0,0.5,none,True,True
114944,1.0,0.0,0.5,none,True,True
114945,1.0,0.0,0.5,none,True,True
114946,1.0,0.0,0.5,none,True,True
114947,1.0,0.0,0.5,none,True,True
114948,1.0,0.0,0.5,none,True,True
114949,1.0,0.0,0.5,none,True,True
114950,1.0,0.0,0.5,none,True,True
114951,1.0,0.0,0.5,none,True,True
114952,1.0,0.0,0.5,none,True,True
114953,1.0,0.0,0.5,none,True,True
114954,1.0,0.0,0.5,none,True,True
114955,1.0,0.0,0.5,none,True,True
114956,1.0,0.0,0.5,none,True,True
114957,1.0,0.0,0.5,none,True,True
114958,1.0,0.0,0.5,none,True,True
114959,1.0,0.0,0.5,none,True,True
114960,1.0,0.0,0.5,none,True,True
114961,1.0,0.0,0.5,none,True,True
114962,1.0,0.0,0.5,none,True,True
114963,1.0,0.0,0.5,none,True,True
114964,1.0,0.0,0.5,none,True,True
114965,1.0,0.0,0.5,none,True,True
114966,1.0,0.0,0.5,none,True,True
114967,1.0,0.0,0.5,none,True,True
114968,1.0,0.0,0.5,none,True,True
114969,1.0,0.0,0.5,none,True,True
114970,1.0,0.0,0.5,none,True,True
114971,1.0,0.0,0.5,none,True,True
114972,1.0,0.0,0.5,none,True,True
114973,1.0,0.0,0.5,none,True,True
114974,1.0,0.0,0.5,none,True,True
114975,1.0,0.0,0.5,none,True,True
114976,1.0,0.0,0.5,none,True,True
114977,1.0,0.0,0.5,none,True,True
114978,1.0,0.0,0.5,none,True,True
114979,1.0,0.0,0.5,none,True,True
114980,1.0,0.0,0.5,none,True,True
114981,1.0,0.0,0.5,none,True,True
114982,1.0,0.0,0.5,none,True,True
114983,1.0,0.0,0.5,none,True,True
114984,1.0,0.0,0.5,none,True,True
114985,1.0,0.0,0.5,none,True,True
114986,1.0,0.0,0.5,none,True,True
114987,1.0,0.0,0.5,none,True,True
114988,1.0,0.0,0.5,none,True,True
114989,1.0,0.0,0.5,none,True,True
114990,1.0,0.0,0.5,none,True,True
114991,1.0,0.0,0.5,none,True,True
114992,1.0,0.0,0.5,none,True,True
114993,1.0,0.0,0.5,none,True,True
114994,1.0,0.0,0.5,none,True,True
114995,1.0,0.0,0.5,none,True,True
114996,1.0,0.0,0.5,none,True,True
114997,1.0,0.0,0.5,none,True,True
114998,1.0,0.0,0.5,none,True,True
114999,1.0,0.0,0.5,none,True,True
115000,1.0,0.0,0.5,none,True,True
115001,1.0,0.0,0.5,none,True,True
115002,1.0,0.0,0.5,none,True,True
115003,1.0,0.0,0.5,none,True,True
115004,1.0,0.0,0.5,none,True,True
115005,1.0,0.0,0.5,none,True,True
115006,1.0,0.0,0.5,none,True,True
115007,1.0,0.0,0.5,none,True,True
115008,1.0,0.0,0.5,none,True,True
115009,1.0,0.0,0.5,none,True,True
115010,1.0,0.0,0.5,none,True,True
115011,1.0,0.0,0.5,none,True,True
115012,1.0,0.0,0.5,none,True,True
115013,1.0,0.0,0.5,none,True,True
115014,1.0,0.0,0.5,none,True,True
115015,1.0,0.0,0.5,none,True,True
115016,1.0,0.0,0.5,none,True,True
115017,1.0,0.0,0.5,none,True,True
115018,1.0,0.0,0.5,none,True,True
115019,1.0,0.0,0.5,none,True,True
115020,1.0,0.0,0.5,none,True,True
115021,1.0,0.0,0.5,none,True,True
115022,1.0,0.0,0.5,none,True,True
115023,1.0,0.0,0.5,none,True,True
115024,1.0,0.0,0.5,none,True,True
115025,1.0,0.0,0.5,none,True,True
115026,1.0,0.0,0.5,none,True,True
115027,1.0,0.0,0.5,none,True,True
115028,1.0,0.0,0.5,none,True,True
115029,1.0,0.0,0.5,none,True,True
115030,1.0,0.0,0.5,none,True,True
115031,1.0,0.0,0.5,none,True,True
115032,1.0,0.0,0.5,none,True,True
115033,1.0,0.0,0.5,none,True,True
115034,1.0,0.0,0.5,none,True,True
115035,1.0,0.0,0.5,none,True,True
115036,1.0,0.0,0.5,none,True,True
115037,1.0,0.0,0.5,none,True,True
115038,1.0,0.0,0.5,none,True,True
115039,1.0,0.0,0.5,none,True,True
115040,1.0,0.0,0.5,none,True,True
115041,1.0,0.0,0.5,none,True,True
115042,1.0,0.0,0.5,none,True,True
115043,1.0,0.0,0.5,none,True,True
115044,1.0,0.0,0.5,none,True,True
115045,1.0,0.0,0.5,none,True,True
115046,1.0,0.0,0.5,none,True,True
115047,1.0,0.0,0.5,none,True,True
115048,1.0,0.0,0.5,none,True,True
115049,1.0,0.0,0.5,none,True,True
115050,1.0,0.0,0.5,none,True,True
115051,1.0,0.0,0.5,none,True,True
115052,1.0,0.0,0.5,none,True,True
115053,1.0,0.0,0.5,none,True,True
115054,1.0,0.0,0.5,none,True,True
115055,1.0,0.0,0.5,none,True,True
115056,1.0,0.0,0.5,none,True,True
115057,1.0,0.0,0.5,none,True,True
115058,1.0,0.0,0.5,none,True,True
115059,1.0,0.0,0.5,none,True,True
115060,1.0,0.0,0.5,none,True,True
115061,1.0,0.0,0.5,none,True,True
115062,1.0,0.0,0.5,none,True,True
115063,1.0,0.0,0.5,none,True,True
115064,1.0,0.0,0.5,none,True,True
115065,1.0,0.0,0.5,none,True,True
115066,1.0,0.0,0.5,none,True,True
115067,1.0,0.0,0.5,none,True,True
115068,1.0,0.0,0.5,none,True,True
115069,1.0,0.0,0.5,none,True,True
115070,1.0,0.0,0.5,none,True,True
115071,1.0,0.0,0.5,none,True,True
115072,1.0,0.0,0.5,none,True,True
115073,1.0,0.0,0.5,none,True,True
115074,1.0,0.0,0.5,none,True,True
115075,1.0,0.0,0.5,none,True,True
115076,1.0,0.0,0.5,none,True,True
115077,1.0,0.0,0.5,none,True,True
115078,1.0,0.0,0.5,none,True,True
115079,1.0,0.0,0.5,none,True,True
115080,1.0,0.0,0.5,none,True,True
115081,1.0,0.0,0.5,none,True,True
115082,1.0,0.0,0.5,none,True,True
115083,1.0,0.0,0.5,none,True,True
115084,1.0,0.0,0.5,none,True,True
115085,1.0,0.0,0.5,none,True,True
115086,1.0,0.0,0.5,none,True,True
115087,1.0,0.0,0.5,none,True,True
115088,1.0,0.0,0.5,none,True,True
115089,1.0,0.0,0.5,none,True,True
115090,1.0,0.0,0.5,none,True,True
115091,1.0,0.0,0.5,none,True,True
115092,1.0,0.0,0.5,none,True,True
115093,1.0,0.0,0.5,none,True,True
115094,1.0,0.0,0.5,none,True,True
115095,1.0,0.0,0.5,none,True,True
115096,1.0,0.0,0.5,none,True,True
115097,1.0,0.0,0.5,none,True,True
115098,1.0,0.0,0.5,none,True,True
115099,1.0,0.0,0.5,none,True,True
115100,1.0,0.0,0.5,none,True,True
115101,1.0,0.0,0.5,none,True,True
115102,1.0,0.0,0.5,none,True,True
115103,1.0,0.0,0.5,none,True,True
115104,1.0,0.0,0.5,none,True,True
115105,1.0,0.0,0.5,none,True,True
115106,1.0,0.0,0.5,none,True,True
115107,1.0,0.0,0.5,none,True,True
115108,1.0,0.0,0.5,none,True,True
115109,1.0,0.0,0.5,none,True,True
115110,1.0,0.0,0.5,none,True,True
115111,1.0,0.0,0.5,none,True,True
115112,1.0,0.0,0.5,none,True,True
115113,1.0,0.0,0.5,none,True,True
115114,1.0,0.0,0.5,none,True,True
115115,1.0,0.0,0.5,none,True,True
115116,1.0,0.0,0.5,none,True,True
115117,1.0,0.0,0.5,none,True,True
115118,1.0,0.0,0.5,none,True,True
115119,1.0,0.0,0.5,none,True,True
115120,1.0,0.0,0.5,none,True,True
115121,1.0,0.0,0.5,none,True,True
115122,1.0,0.0,0.5,none,True,True
115123,1.0,0.0,0.5,none,True,True
115124,1.0,0.0,0.5,none,True,True
115125,1.0,0.0,0.5,none,True,True
115126,1.0,0.0,0.5,none,True,True
115127,1.0,0.0,0.5,none,True,True
115128,1.0,0.0,0.5,none,True,True
115129,1.0,0.0,0.5,none,True,True
115130,1.0,0.0,0.5,none,True,True
115131,1.0,0.0,0.5,none,True,True
115132,1.0,0.0,0.5,none,True,True
115133,1.0,0.0,0.5,none,True,True
115134,1.0,0.0,0.5,none,True,True
115135,1.0,0.0,0.5,none,True,True
115136,1.0,0.0,0.5,none,True,True
115137,1.0,0.0,0.5,none,True,True
115138,1.0,0.0,0.5,none,True,True
115139,1.0,0.0,0.5,none,True,True
115140,1.0,0.0,0.5,none,True,True
115141,1.0,0.0,0.5,none,True,True
115142,1.0,0.0,0.5,none,True,True
115143,1.0,0.0,0.5,none,True,True
115144,1.0,0.0,0.5,none,True,True
115145,1.0,0.0,0.5,none,True,True
115146,1.0,0.0,0.5,none,True,True
115147,1.0,0.0,0.5,none,True,True
115148,1.0,0.0,0.5,none,True,True
115149,1.0,0.0,0.5,none,True,True
115150,1.0,0.0,0.5,none,True,True
115151,1.0,0.0,0.5,none,True,True
115152,1.0,0.0,0.5,none,True,True
115153,1.0,0.0,0.5,none,True,True
115154,1.0,0.0,0.5,none,True,True
115155,1.0,0.0,0.5,none,True,True
115156,1.0,0.0,0.5,none,True,True
115157,1.0,0.0,0.5,none,True,True
115158,1.0,0.0,0.5,none,True,True
115159,1.0,0.0,0.5,none,True,True
115160,1.0,0.0,0.5,none,True,True
115161,1.0,0.0,0.5,none,True,True
115162,1.0,0.0,0.5,none,True,True
115163,1.0,0.0,0.5,none,True,True
115164,1.0,0.0,0.5,none,True,True
115165,1.0,0.0,0.5,none,True,True
115166,1.0,0.0,0.5,none,True,True
115167,1.0,0.0,0.5,none,True,True
115168,1.0,0.0,0.5,none,True,True
115169,1.0,0.0,0.5,none,True,True
115170,1.0,0.0,0.5,none,True,True
115171,1.0,0.0,0.5,none,True,True
115172,1.0,0.0,0.5,none,True,True
115173,1.0,0.0,0.5,none,True,True
115174,1.0,0.0,0.5,none,True,True
115175,1.0,0.0,0.5,none,True,True
115176,1.0,0.0,0.5,none,True,True
115177,1.0,0.0,0.5,none,True,True
115178,1.0,0.0,0.5,none,True,True
115179,1.0,0.0,0.5,none,True,True
115180,1.0,0.0,0.5,none,True,True
115181,1.0,0.0,0.5,none,True,True
115182,1.0,0.0,0.5,none,True,True
115183,1.0,0.0,0.5,none,True,True
115184,1.0,0.0,0.5,none,True,True
115185,1.0,0.0,0.5,none,True,True
115186,1.0,0.0,0.5,none,True,True
115187,1.0,0.0,0.5,none,True,True
115188,1.0,0.0,0.5,none,True,True
115189,1.0,0.0,0.5,none,True,True
115190,1.0,0.0,0.5,none,True,True
115191,1.0,0.0,0.5,none,True,True
115192,1.0,0.0,0.5,none,True,True
115193,1.0,0.0,0.5,none,True,True
115194,1.0,0.0,0.5,none,True,True
115195,1.0,0.0,0.5,none,True,True
115196,1.0,0.0,0.5,none,True,True
115197,1.0,0.0,0.5,none,True,True
115198,1.0,0.0,0.5,none,True,True
115199,1.0,0.0,0.5,none,True,True
115200,1.0,0.0,0.5,none,True,True
115201,1.0,0.0,0.5,none,True,True
115202,1.0,0.0,0.5,none,True,True
115203,1.0,0.0,0.5,none,True,True
115204,1.0,0.0,0.5,none,True,True
115205,1.0,0.0,0.5,none,True,True
115206,1.0,0.0,0.5,none,True,True
115207,1.0,0.0,0.5,none,True,True
115208,1.0,0.0,0.5,none,True,True
115209,1.0,0.0,0.5,none,True,True
115210,1.0,0.0,0.5,none,True,True
115211,1.0,0.0,0.5,none,True,True
115212,1.0,0.0,0.5,none,True,True
115213,1.0,0.0,0.5,none,True,True
115214,1.0,0.0,0.5,none,True,True
115215,1.0,0.0,0.5,none,True,True
115216,1.0,0.0,0.5,none,True,True
115217,1.0,0.0,0.5,none,True,True
115218,1.0,0.0,0.5,none,True,True
115219,1.0,0.0,0.5,none,True,True
115220,1.0,0.0,0.5,none,True,True
115221,1.0,0.0,0.5,none,True,True
115222,1.0,0.0,0.5,none,True,True
115223,1.0,0.0,0.5,none,True,True
115224,1.0,0.0,0.5,none,True,True
115225,1.0,0.0,0.5,none,True,True
115226,1.0,0.0,0.5,none,True,True
115227,1.0,0.0,0.5,none,True,True
115228,1.0,0.0,0.5,none,True,True
115229,1.0,0.0,0.5,none,True,True
115230,1.0,0.0,0.5,none,True,True
115231,1.0,0.0,0.5,none,True,True
115232,1.0,0.0,0.5,none,True,True
115233,1.0,0.0,0.5,none,True,True
115234,1.0,0.0,0.5,none,True,True
115235,1.0,0.0,0.5,none,True,True
115236,1.0,0.0,0.5,none,True,True
115237,1.0,0.0,0.5,none,True,True
115238,1.0,0.0,0.5,none,True,True
115239,1.0,0.0,0.5,none,True,True
115240,1.0,0.0,0.5,none,True,True
115241,1.0,0.0,0.5,none,True,True
115242,1.0,0.0,0.5,none,True,True
115243,1.0,0.0,0.5,none,True,True
115244,1.0,0.0,0.5,none,True,True
115245,1.0,0.0,0.5,none,True,True
115246,1.0,0.0,0.5,none,True,True
115247,1.0,0.0,0.5,none,True,True
115248,1.0,0.0,0.5,none,True,True
115249,1.0,0.0,0.5,none,True,True
115250,1.0,0.0,0.5,none,True,True
115251,1.0,0.0,0.5,none,True,True
115252,1.0,0.0,0.5,none,True,True
115253,1.0,0.0,0.5,none,True,True
115254,1.0,0.0,0.5,none,True,True
115255,1.0,0.0,0.5,none,True,True
115256,1.0,0.0,0.5,none,True,True
115257,1.0,0.0,0.5,none,True,True
115258,1.0,0.0,0.5,none,True,True
115259,1.0,0.0,0.5,none,True,True
115260,1.0,0.0,0.5,none,True,True
115261,1.0,0.0,0.5,none,True,True
115262,1.0,0.0,0.5,none,True,True
115263,1.0,0.0,0.5,none,True,True
115264,1.0,0.0,0.5,none,True,True
115265,1.0,0.0,0.5,none,True,True
115266,1.0,0.0,0.5,none,True,True
115267,1.0,0.0,0.5,none,True,True
115268,1.0,0.0,0.5,none,True,True
115269,1.0,0.0,0.5,none,True,True
115270,1.0,0.0,0.5,none,True,True
115271,1.0,0.0,0.5,none,True,True
115272,1.0,0.0,0.5,none,True,True
115273,1.0,0.0,0.5,none,True,True
115274,1.0,0.0,0.5,none,True,True
115275,1.0,0.0,0.5,none,True,True
115276,1.0,0.0,0.5,none,True,True
115277,1.0,0.0,0.5,none,True,True
115278,1.0,0.0,0.5,none,True,True
115279,1.0,0.0,0.5,none,True,True
115280,1.0,0.0,0.5,none,True,True
115281,1.0,0.0,0.5,none,True,True
115282,1.0,0.0,0.5,none,True,True
115283,1.0,0.0,0.5,none,True,True
115284,1.0,0.0,0.5,none,True,True
115285,1.0,0.0,0.5,none,True,True
115286,1.0,0.0,0.5,none,True,True
115287,1.0,0.0,0.5,none,True,True
115288,1.0,0.0,0.5,none,True,True
115289,1.0,0.0,0.5,none,True,True
115290,1.0,0.0,0.5,none,True,True
115291,1.0,0.0,0.5,none,True,True
115292,1.0,0.0,0.5,none,True,True
115293,1.0,0.0,0.5,none,True,True
115294,1.0,0.0,0.5,none,True,True
115295,1.0,0.0,0.5,none,True,True
115296,1.0,0.0,0.5,none,True,True
115297,1.0,0.0,0.5,none,True,True
115298,1.0,0.0,0.5,none,True,True
115299,1.0,0.0,0.5,none,True,True
115300,1.0,0.0,0.5,none,True,True
115301,1.0,0.0,0.5,none,True,True
115302,1.0,0.0,0.5,none,True,True
115303,1.0,0.0,0.5,none,True,True
115304,1.0,0.0,0.5,none,True,True
115305,1.0,0.0,0.5,none,True,True
115306,1.0,0.0,0.5,none,True,True
115307,1.0,0.0,0.5,none,True,True
115308,1.0,0.0,0.5,none,True,True
115309,1.0,0.0,0.5,none,True,True
115310,1.0,0.0,0.5,none,True,True
115311,1.0,0.0,0.5,none,True,True
115312,1.0,0.0,0.5,none,True,True
115313,1.0,0.0,0.5,none,True,True
115314,1.0,0.0,0.5,none,True,True
115315,1.0,0.0,0.5,none,True,True
115316,1.0,0.0,0.5,none,True,True
115317,1.0,0.0,0.5,none,True,True
115318,1.0,0.0,0.5,none,True,True
115319,1.0,0.0,0.5,none,True,True
115320,1.0,0.0,0.5,none,True,True
115321,1.0,0.0,0.5,none,True,True
115322,1.0,0.0,0.5,none,True,True
115323,1.0,0.0,0.5,none,True,True
115324,1.0,0.0,0.5,none,True,True
115325,1.0,0.0,0.5,none,True,True
115326,1.0,0.0,0.5,none,True,True
115327,1.0,0.0,0.5,none,True,True
115328,1.0,0.0,0.5,none,True,True
115329,1.0,0.0,0.5,none,True,True
115330,1.0,0.0,0.5,none,True,True
115331,1.0,0.0,0.5,none,True,True
115332,1.0,0.0,0.5,none,True,True
115333,1.0,0.0,0.5,none,True,True
115334,1.0,0.0,0.5,none,True,True
115335,1.0,0.0,0.5,none,True,True
115336,1.0,0.0,0.5,none,True,True
115337,1.0,0.0,0.5,none,True,True
115338,1.0,0.0,0.5,none,True,True
115339,1.0,0.0,0.5,none,True,True
115340,1.0,0.0,0.5,none,True,True
115341,1.0,0.0,0.5,none,True,True
115342,1.0,0.0,0.5,none,True,True
115343,1.0,0.0,0.5,none,True,True
115344,1.0,0.0,0.5,none,True,True
115345,1.0,0.0,0.5,none,True,True
115346,1.0,0.0,0.5,none,True,True
115347,1.0,0.0,0.5,none,True,True
115348,1.0,0.0,0.5,none,True,True
115349,1.0,0.0,0.5,none,True,True
115350,1.0,0.0,0.5,none,True,True
115351,1.0,0.0,0.5,none,True,True
115352,1.0,0.0,0.5,none,True,True
115353,1.0,0.0,0.5,none,True,True
115354,1.0,0.0,0.5,none,True,True
115355,1.0,0.0,0.5,none,True,True
115356,1.0,0.0,0.5,none,True,True
115357,1.0,0.0,0.5,none,True,True
115358,1.0,0.0,0.5,none,True,True
115359,1.0,0.0,0.5,none,True,True
115360,1.0,0.0,0.5,none,True,True
115361,1.0,0.0,0.5,none,True,True
115362,1.0,0.0,0.5,none,True,True
115363,1.0,0.0,0.5,none,True,True
115364,1.0,0.0,0.5,none,True,True
115365,1.0,0.0,0.5,none,True,True
115366,1.0,0.0,0.5,none,True,True
115367,1.0,0.0,0.5,none,True,True
115368,1.0,0.0,0.5,none,True,True
115369,1.0,0.0,0.5,none,True,True
115370,1.0,0.0,0.5,none,True,True
115371,1.0,0.0,0.5,none,True,True
115372,1.0,0.0,0.5,none,True,True
115373,1.0,0.0,0.5,none,True,True
115374,1.0,0.0,0.5,none,True,True
115375,1.0,0.0,0.5,none,True,True
115376,1.0,0.0,0.5,none,True,True
115377,1.0,0.0,0.5,none,True,True
115378,1.0,0.0,0.5,none,True,True
115379,1.0,0.0,0.5,none,True,True
115380,1.0,0.0,0.5,none,True,True
115381,1.0,0.0,0.5,none,True,True
115382,1.0,0.0,0.5,none,True,True
115383,1.0,0.0,0.5,none,True,True
115384,1.0,0.0,0.5,none,True,True
115385,1.0,0.0,0.5,none,True,True
115386,1.0,0.0,0.5,none,True,True
115387,1.0,0.0,0.5,none,True,True
115388,1.0,0.0,0.5,none,True,True
115389,1.0,0.0,0.5,none,True,True
115390,1.0,0.0,0.5,none,True,True
115391,1.0,0.0,0.5,none,True,True
115392,1.0,0.0,0.5,none,True,True
115393,1.0,0.0,0.5,none,True,True
115394,1.0,0.0,0.5,none,True,True
115395,1.0,0.0,0.5,none,True,True
115396,1.0,0.0,0.5,none,True,True
115397,1.0,0.0,0.5,none,True,True
115398,1.0,0.0,0.5,none,True,True
115399,1.0,0.0,0.5,none,True,True
115400,1.0,0.0,0.5,none,True,True
115401,1.0,0.0,0.5,none,True,True
115402,1.0,0.0,0.5,none,True,True
115403,1.0,0.0,0.5,none,True,True
115404,1.0,0.0,0.5,none,True,True
115405,1.0,0.0,0.5,none,True,True
115406,1.0,0.0,0.5,none,True,True
115407,1.0,0.0,0.5,none,True,True
115408,1.0,0.0,0.5,none,True,True
115409,1.0,0.0,0.5,none,True,True
115410,1.0,0.0,0.5,none,True,True
115411,1.0,0.0,0.5,none,True,True
115412,1.0,0.0,0.5,none,True,True
115413,1.0,0.0,0.5,none,True,True
115414,1.0,0.0,0.5,none,True,True
115415,1.0,0.0,0.5,none,True,True
115416,1.0,0.0,0.5,none,True,True
115417,1.0,0.0,0.5,none,True,True
115418,1.0,0.0,0.5,none,True,True
115419,1.0,0.0,0.5,none,True,True
115420,1.0,0.0,0.5,none,True,True
115421,1.0,0.0,0.5,none,True,True
115422,1.0,0.0,0.5,none,True,True
115423,1.0,0.0,0.5,none,True,True
115424,1.0,0.0,0.5,none,True,True
115425,1.0,0.0,0.5,none,True,True
115426,1.0,0.0,0.5,none,True,True
115427,1.0,0.0,0.5,none,True,True
115428,1.0,0.0,0.5,none,True,True
115429,1.0,0.0,0.5,none,True,True
115430,1.0,0.0,0.5,none,True,True
115431,1.0,0.0,0.5,none,True,True
115432,1.0,0.0,0.5,none,True,True
115433,1.0,0.0,0.5,none,True,True
115434,1.0,0.0,0.5,none,True,True
115435,1.0,0.0,0.5,none,True,True
115436,1.0,0.0,0.5,none,True,True
115437,1.0,0.0,0.5,none,True,True
115438,1.0,0.0,0.5,none,True,True
115439,1.0,0.0,0.5,none,True,True
115440,1.0,0.0,0.5,none,True,True
115441,1.0,0.0,0.5,none,True,True
115442,1.0,0.0,0.5,none,True,True
115443,1.0,0.0,0.5,none,True,True
115444,1.0,0.0,0.5,none,True,True
115445,1.0,0.0,0.5,none,True,True
115446,1.0,0.0,0.5,none,True,True
115447,1.0,0.0,0.5,none,True,True
115448,1.0,0.0,0.5,none,True,True
115449,1.0,0.0,0.5,none,True,True
115450,1.0,0.0,0.5,none,True,True
115451,1.0,0.0,0.5,none,True,True
115452,1.0,0.0,0.5,none,True,True
115453,1.0,0.0,0.5,none,True,True
115454,1.0,0.0,0.5,none,True,True
115455,1.0,0.0,0.5,none,True,True
115456,1.0,0.0,0.5,none,True,True
115457,1.0,0.0,0.5,none,True,True
115458,1.0,0.0,0.5,none,True,True
115459,1.0,0.0,0.5,none,True,True
115460,1.0,0.0,0.5,none,True,True
115461,1.0,0.0,0.5,none,True,True
115462,1.0,0.0,0.5,none,True,True
115463,1.0,0.0,0.5,none,True,True
115464,1.0,0.0,0.5,none,True,True
115465,1.0,0.0,0.5,none,True,True
115466,1.0,0.0,0.5,none,True,True
115467,1.0,0.0,0.5,none,True,True
115468,1.0,0.0,0.5,none,True,True
115469,1.0,0.0,0.5,none,True,True
115470,1.0,0.0,0.5,none,True,True
115471,1.0,0.0,0.5,none,True,True
115472,1.0,0.0,0.5,none,True,True
115473,1.0,0.0,0.5,none,True,True
115474,1.0,0.0,0.5,none,True,True
115475,1.0,0.0,0.5,none,True,True
115476,1.0,0.0,0.5,none,True,True
115477,1.0,0.0,0.5,none,True,True
115478,1.0,0.0,0.5,none,True,True
115479,1.0,0.0,0.5,none,True,True
115480,1.0,0.0,0.5,none,True,True
115481,1.0,0.0,0.5,none,True,True
115482,1.0,0.0,0.5,none,True,True
115483,1.0,0.0,0.5,none,True,True
115484,1.0,0.0,0.5,none,True,True
115485,1.0,0.0,0.5,none,True,True
115486,1.0,0.0,0.5,none,True,True
115487,1.0,0.0,0.5,none,True,True
115488,1.0,0.0,0.5,none,True,True
115489,1.0,0.0,0.5,none,True,True
115490,1.0,0.0,0.5,none,True,True
115491,1.0,0.0,0.5,none,True,True
115492,1.0,0.0,0.5,none,True,True
115493,1.0,0.0,0.5,none,True,True
115494,1.0,0.0,0.5,none,True,True
115495,1.0,0.0,0.5,none,True,True
115496,1.0,0.0,0.5,none,True,True
115497,1.0,0.0,0.5,none,True,True
115498,1.0,0.0,0.5,none,True,True
115499,1.0,0.0,0.5,none,True,True
115500,1.0,0.0061,0.5,none,True,True
115501,1.0,0.0357,0.5,none,True,True
115502,1.0,0.0812,0.5,none,True,True
115503,1.0,0.1113,0.5,none,True,True
115504,1.0,0.1253,0.5,none,True,True
115505,1.0,0.1408,0.5,none,True,True
115506,1.0,0.0907,0.5,none,True,True
115507,1.0,0.1198,0.5,none,True,True
115508,1.0,0.0467,0.5,none,True,True
115509,1.0,0.0522,0.5,none,True,True
115510,1.0,0.0405,0.5,none,True,True
115511,1.0,0.0313,0.5,none,True,True
115512,1.0,0.0083,0.5,none,True,True
115513,1.0,0.0726,0.5,none,True,True
115514,1.0,0.0793,0.5,none,True,True
115515,1.0,0.0581,0.5,none,True,True
115516,1.0,0.0955,0.5,none,True,True
115517,1.0,0.0839,0.5,none,True,True
115518,1.0,0.0648,0.5,none,True,True
115519,1.0,0.0718,0.5,none,True,True
115520,1.0,0.0589,0.5,none,True,True
115521,1.0,0.0403,0.5,none,True,True
115522,1.0,0.0327,0.5,none,True,True
115523,1.0,0.0277,0.5,none,True,True
115524,1.0,0.017,0.5,none,True,True
115525,1.0,0.0102,0.5,none,True,True
115526,1.0,0.0099,0.5,none,True,True
115527,1.0,0.008,0.5,none,True,True
115528,1.0,0.005,0.5,none,True,True
115529,1.0,0.0063,0.5,none,True,True
115530,1.0,0.009,0.5,none,True,True
115531,1.0,0.0096,0.5,none,True,True
115532,1.0,0.0108,0.5,none,True,True
115533,1.0,0.014,0.5,none,True,True
115534,1.0,0.0161,0.5,none,True,True
115535,1.0,0.0167,0.5,none,True,True
115536,1.0,0.0182,0.5,none,True,True
115537,1.0,0.0196,0.5,none,True,True
115538,1.0,0.0197,0.5,none,True,True
115539,1.0,0.0193,0.5,none,True,True
115540,1.0,0.0193,0.5,none,True,True
115541,1.0,0.0187,0.5,none,True,True
115542,1.0,0.0174,0.5,none,True,True
115543,1.0,0.0163,0.5,none,True,True
115544,1.0,0.0152,0.5,none,True,True
115545,1.0,0.0138,0.5,none,True,True
115546,1.0,0.0123,0.5,none,True,True
115547,1.0,0.0111,0.5,none,True,True
115548,1.0,0.01,0.5,none,True,True
115549,1.0,0.0088,0.5,none,True,True
115550,1.0,0.0078,0.5,none,True,True
115551,1.0,0.0071,0.5,none,True,True
115552,1.0,0.0064,0.5,none,True,True
115553,1.0,0.0057,0.5,none,True,True
115554,1.0,0.0053,0.5,none,True,True
115555,1.0,0.005,0.5,none,True,True
115556,1.0,0.0047,0.5,none,True,True
115557,1.0,0.0045,0.5,none,True,True
115558,1.0,0.0044,0.5,none,True,True
115559,1.0,0.0043,0.5,none,True,True
115560,1.0,0.0042,0.5,none,True,True
115561,1.0,0.0041,0.5,none,True,True
115562,1.0,0.004,0.5,none,True,True
115563,1.0,0.0039,0.5,none,True,True
115564,1.0,0.0038,0.5,none,True,True
115565,1.0,0.0037,0.5,none,True,True
115566,1.0,0.0035,0.5,none,True,True
115567,1.0,0.0033,0.5,none,True,True
115568,1.0,0.0032,0.5,none,True,True
115569,1.0,0.003,0.5,none,True,True
115570,1.0,0.0028,0.5,none,True,True
115571,1.0,0.0026,0.5,none,True,True
115572,1.0,0.0024,0.5,none,True,True
115573,1.0,0.0023,0.5,none,True,True
115574,1.0,0.0021,0.5,none,True,True
115575,1.0,0.0019,0.5,none,True,True
115576,1.0,0.0018,0.5,none,True,True
115577,1.0,0.0017,0.5,none,True,True
115578,1.0,0.0015,0.5,none,True,True
115579,1.0,0.0014,0.5,none,True,True
115580,1.0,0.0013,0.5,none,True,True
115581,1.0,0.0013,0.5,none,True,True
115582,1.0,0.0012,0.5,none,True,True
115583,1.0,0.0011,0.5,none,True,True
115584,1.0,0.0011,0.5,none,True,True
115585,1.0,0.001,0.5,none,True,True
115586,1.0,0.001,0.5,none,True,True
115587,1.0,0.0009,0.5,none,True,True
115588,1.0,0.0009,0.5,none,True,True
115589,1.0,0.0008,0.5,none,True,True
115590,1.0,0.0008,0.5,none,True,True
115591,1.0,0.0008,0.5,none,True,True
115592,1.0,0.0007,0.5,none,True,True
115593,1.0,0.0007,0.5,none,True,True
115594,1.0,0.0006,0.5,none,True,True
115595,1.0,0.0006,0.5,none,True,True
115596,1.0,0.0006,0.5,none,True,True
115597,1.0,0.0005,0.5,none,True,True
115598,1.0,0.0005,0.5,none,True,True
115599,1.0,0.0005,0.5,none,True,True
115600,1.0,0.0004,0.5,none,True,True
115601,1.0,0.0004,0.5,none,True,True
115602,1.0,0.0004,0.5,none,True,True
115603,1.0,0.0004,0.5,none,True,True
115604,1.0,0.0003,0.5,none,True,True
115605,1.0,0.0003,0.5,none,True,True
115606,1.0,0.0003,0.5,none,True,True
115607,1.0,0.0003,0.5,none,True,True
115608,1.0,0.0003,0.5,none,True,True
115609,1.0,0.0003,0.5,none,True,True
115610,1.0,0.0002,0.5,none,True,True
115611,1.0,0.0002,0.5,none,True,True
115612,1.0,0.0002,0.5,none,True,True
115613,1.0,0.0002,0.5,none,True,True
115614,1.0,0.0002,0.5,none,True,True
115615,1.0,0.0002,0.5,none,True,True
115616,1.0,0.0002,0.5,none,True,True
115617,1.0,0.0002,0.5,none,True,True
115618,1.0,0.0002,0.5,none,True,True
115619,1.0,0.0001,0.5,none,True,True
115620,1.0,0.0001,0.5,none,True,True
115621,1.0,0.0001,0.5,none,True,True
115622,1.0,0.0001,0.5,none,True,True
115623,1.0,0.0001,0.5,none,True,True
115624,1.0,0.0001,0.5,none,True,True
115625,1.0,0.0001,0.5,none,True,True
115626,1.0,0.0001,0.5,none,True,True
115627,1.0,0.0001,0.5,none,True,True
115628,1.0,0.0001,0.5,none,True,True
115629,1.0,0.0001,0.5,none,True,True
115630,1.0,0.0001,0.5,none,True,True
115631,1.0,0.0001,0.5,none,True,True
115632,1.0,0.0001,0.5,none,True,True
115633,1.0,0.0001,0.5,none,True,True
115634,1.0,0.0001,0.5,none,True,True
115635,1.0,0.0001,0.5,none,True,True
115636,1.0,0.0001,0.5,none,True,True
115637,1.0,0.0,0.5,none,True,True
115638,1.0,0.0,0.5,none,True,True
115639,1.0,0.0,0.5,none,True,True
115640,1.0,0.0,0.5,none,True,True
115641,1.0,0.0,0.5,none,True,True
115642,1.0,0.0,0.5,none,True,True
115643,1.0,0.0,0.5,none,True,True
115644,1.0,0.0,0.5,none,True,True
115645,1.0,0.0,0.5,none,True,True
115646,1.0,0.0,0.5,none,True,True
115647,1.0,0.0,0.5,none,True,True
115648,1.0,0.0,0.5,none,True,True
115649,1.0,0.0,0.5,none,True,True
115650,1.0,0.0,0.5,none,True,True
115651,1.0,0.0,0.5,none,True,True
115652,1.0,0.0,0.5,none,True,True
115653,1.0,0.0,0.5,none,True,True
115654,1.0,0.0,0.5,none,True,True
115655,1.0,0.0,0.5,none,True,True
115656,1.0,0.0,0.5,none,True,True
115657,1.0,0.0,0.5,none,True,True
115658,1.0,0.0,0.5,none,True,True
115659,1.0,0.0,0.5,none,True,True
115660,1.0,0.0,0.5,none,True,True
115661,1.0,0.0,0.5,none,True,True
115662,1.0,0.0,0.5,none,True,True
115663,1.0,0.0,0.5,none,True,True
115664,1.0,0.0,0.5,none,True,True
115665,1.0,0.0,0.5,none,True,True
115666,1.0,0.0,0.5,none,True,True
115667,1.0,0.0,0.5,none,True,True
115668,1.0,0.0,0.5,none,True,True
115669,1.0,0.0,0.5,none,True,True
115670,1.0,0.0,0.5,none,True,True
115671,1.0,0.0,0.5,none,True,True
115672,1.0,0.0,0.5,none,True,True
115673,1.0,0.0,0.5,none,True,True
115674,1.0,0.0,0.5,none,True,True
115675,1.0,0.0,0.5,none,True,True
115676,1.0,0.0,0.5,none,True,True
115677,1.0,0.0,0.5,none,True,True
115678,1.0,0.0,0.5,none,True,True
115679,1.0,0.0,0.5,none,True,True
115680,1.0,0.0,0.5,none,True,True
115681,1.0,0.0,0.5,none,True,True
115682,1.0,0.0,0.5,none,True,True
115683,1.0,0.0,0.5,none,True,True
115684,1.0,0.0,0.5,none,True,True
115685,1.0,0.0,0.5,none,True,True
115686,1.0,0.0,0.5,none,True,True
115687,1.0,0.0,0.5,none,True,True
115688,1.0,0.0,0.5,none,True,True
115689,1.0,0.0,0.5,none,True,True
115690,1.0,0.0,0.5,none,True,True
115691,1.0,0.0,0.5,none,True,True
115692,1.0,0.0,0.5,none,True,True
115693,1.0,0.0,0.5,none,True,True
115694,1.0,0.0,0.5,none,True,True
115695,1.0,0.0,0.5,none,True,True
115696,1.0,0.0,0.5,none,True,True
115697,1.0,0.0,0.5,none,True,True
115698,1.0,0.0,0.5,none,True,True
115699,1.0,0.0,0.5,none,True,True
115700,1.0,0.0,0.5,none,True,True
115701,1.0,0.0,0.5,none,True,True
115702,1.0,0.0,0.5,none,True,True
115703,1.0,0.0,0.5,none,True,True
115704,1.0,0.0,0.5,none,True,True
115705,1.0,0.0,0.5,none,True,True
115706,1.0,0.0,0.5,none,True,True
115707,1.0,0.0,0.5,none,True,True
115708,1.0,0.0,0.5,none,True,True
115709,1.0,0.0,0.5,none,True,True
115710,1.0,0.0,0.5,none,True,True
115711,1.0,0.0,0.5,none,True,True
115712,1.0,0.0,0.5,none,True,True
115713,1.0,0.0,0.5,none,True,True
115714,1.0,0.0,0.5,none,True,True
115715,1.0,0.0,0.5,none,True,True
115716,1.0,0.0,0.5,none,True,True
115717,1.0,0.0,0.5,none,True,True
115718,1.0,0.0,0.5,none,True,True
115719,1.0,0.0,0.5,none,True,True
115720,1.0,0.0,0.5,none,True,True
115721,1.0,0.0,0.5,none,True,True
115722,1.0,0.0,0.5,none,True,True
115723,1.0,0.0,0.5,none,True,True
115724,1.0,0.0,0.5,none,True,True
115725,1.0,0.0,0.5,none,True,True
115726,1.0,0.0,0.5,none,True,True
115727,1.0,0.0,0.5,none,True,True
115728,1.0,0.0,0.5,none,True,True
115729,1.0,0.0,0.5,none,True,True
115730,1.0,0.0,0.5,none,True,True
115731,1.0,0.0,0.5,none,True,True
115732,1.0,0.0,0.5,none,True,True
115733,1.0,0.0,0.5,none,True,True
115734,1.0,0.0,0.5,none,True,True
115735,1.0,0.0,0.5,none,True,True
115736,1.0,0.0,0.5,none,True,True
115737,1.0,0.0,0.5,none,True,True
115738,1.0,0.0,0.5,none,True,True
115739,1.0,0.0,0.5,none,True,True
115740,1.0,0.0,0.5,none,True,True
115741,1.0,0.0,0.5,none,True,True
115742,1.0,0.0,0.5,none,True,True
115743,1.0,0.0,0.5,none,True,True
115744,1.0,0.0,0.5,none,True,True
115745,1.0,0.0,0.5,none,True,True
115746,1.0,0.0,0.5,none,True,True
115747,1.0,0.0,0.5,none,True,True
115748,1.0,0.0,0.5,none,True,True
115749,1.0,0.0,0.5,none,True,True
115750,1.0,0.0,0.5,none,True,True
115751,1.0,0.0,0.5,none,True,True
115752,1.0,0.0,0.5,none,True,True
115753,1.0,0.0,0.5,none,True,True
115754,1.0,0.0,0.5,none,True,True
115755,1.0,0.0,0.5,none,True,True
115756,1.0,0.0,0.5,none,True,True
115757,1.0,0.0,0.5,none,True,True
115758,1.0,0.0,0.5,none,True,True
115759,1.0,0.0,0.5,none,True,True
115760,1.0,0.0,0.5,none,True,True
115761,1.0,0.0,0.5,none,True,True
115762,1.0,0.0,0.5,none,True,True
115763,1.0,0.0,0.5,none,True,True
115764,1.0,0.0,0.5,none,True,True
115765,1.0,0.0,0.5,none,True,True
115766,1.0,0.0,0.5,none,True,True
115767,1.0,0.0,0.5,none,True,True
115768,1.0,0.0,0.5,none,True,True
115769,1.0,0.0,0.5,none,True,True
115770,1.0,0.0,0.5,none,True,True
115771,1.0,0.0,0.5,none,True,True
115772,1.0,0.0,0.5,none,True,True
115773,1.0,0.0,0.5,none,True,True
115774,1.0,0.0,0.5,none,True,True
115775,1.0,0.0,0.5,none,True,True
115776,1.0,0.0,0.5,none,True,True
115777,1.0,0.0,0.5,none,True,True
115778,1.0,0.0,0.5,none,True,True
115779,1.0,0.0,0.5,none,True,True
115780,1.0,0.0,0.5,none,True,True
115781,1.0,0.0,0.5,none,True,True
115782,1.0,0.0,0.5,none,True,True
115783,1.0,0.0,0.5,none,True,True
115784,1.0,0.0,0.5,none,True,True
115785,1.0,0.0,0.5,none,True,True
115786,1.0,0.0,0.5,none,True,True
115787,1.0,0.0,0.5,none,True,True
115788,1.0,0.0,0.5,none,True,True
115789,1.0,0.0,0.5,none,True,True
115790,1.0,0.0,0.5,none,True,True
115791,1.0,0.0,0.5,none,True,True
115792,1.0,0.0,0.5,none,True,True
115793,1.0,0.0,0.5,none,True,True
115794,1.0,0.0,0.5,none,True,True
115795,1.0,0.0,0.5,none,True,True
115796,1.0,0.0,0.5,none,True,True
115797,1.0,0.0,0.5,none,True,True
115798,1.0,0.0,0.5,none,True,True
115799,1.0,0.0,0.5,none,True,True
115800,1.0,0.0,0.5,none,True,True
115801,1.0,0.0,0.5,none,True,True
115802,1.0,0.0,0.5,none,True,True
115803,1.0,0.0,0.5,none,True,True
115804,1.0,0.0,0.5,none,True,True
115805,1.0,0.0,0.5,none,True,True
115806,1.0,0.0,0.5,none,True,True
115807,1.0,0.0,0.5,none,True,True
115808,1.0,0.0,0.5,none,True,True
115809,1.0,0.0,0.5,none,True,True
115810,1.0,0.0,0.5,none,True,True
115811,1.0,0.0,0.5,none,True,True
115812,1.0,0.0,0.5,none,True,True
115813,1.0,0.0,0.5,none,True,True
115814,1.0,0.0,0.5,none,True,True
115815,1.0,0.0,0.5,none,True,True
115816,1.0,0.0,0.5,none,True,True
115817,1.0,0.0,0.5,none,True,True
115818,1.0,0.0,0.5,none,True,True
115819,1.0,0.0,0.5,none,True,True
115820,1.0,0.0,0.5,none,True,True
115821,1.0,0.0,0.5,none,True,True
115822,1.0,0.0,0.5,none,True,True
115823,1.0,0.0,0.5,none,True,True
115824,1.0,0.0,0.5,none,True,True
115825,1.0,0.0,0.5,none,True,True
115826,1.0,0.0,0.5,none,True,True
115827,1.0,0.0,0.5,none,True,True
115828,1.0,0.0,0.5,none,True,True
115829,1.0,0.0,0.5,none,True,True
115830,1.0,0.0,0.5,none,True,True
115831,1.0,0.0,0.5,none,True,True
115832,1.0,0.0,0.5,none,True,True
115833,1.0,0.0,0.5,none,True,True
115834,1.0,0.0,0.5,none,True,True
115835,1.0,0.0,0.5,none,True,True
115836,1.0,0.0,0.5,none,True,True
115837,1.0,0.0,0.5,none,True,True
115838,1.0,0.0,0.5,none,True,True
115839,1.0,0.0,0.5,none,True,True
115840,1.0,0.0,0.5,none,True,True
115841,1.0,0.0,0.5,none,True,True
115842,1.0,0.0,0.5,none,True,True
115843,1.0,0.0,0.5,none,True,True
115844,1.0,0.0,0.5,none,True,True
115845,1.0,0.0,0.5,none,True,True
115846,1.0,0.0,0.5,none,True,True
115847,1.0,0.0,0.5,none,True,True
115848,1.0,0.0,0.5,none,True,True
115849,1.0,0.0,0.5,none,True,True
115850,1.0,0.0,0.5,none,True,True
115851,1.0,0.0,0.5,none,True,True
115852,1.0,0.0,0.5,none,True,True
115853,1.0,0.0,0.5,none,True,True
115854,1.0,0.0,0.5,none,True,True
115855,1.0,0.0,0.5,none,True,True
115856,1.0,0.0,0.5,none,True,True
115857,1.0,0.0,0.5,none,True,True
115858,1.0,0.0,0.5,none,True,True
115859,1.0,0.0,0.5,none,True,True
115860,1.0,0.0,0.5,none,True,True
115861,1.0,0.0,0.5,none,True,True
115862,1.0,0.0,0.5,none,True,True
115863,1.0,0.0,0.5,none,True,True
115864,1.0,0.0,0.5,none,True,True
115865,1.0,0.0,0.5,none,True,True
115866,1.0,0.0,0.5,none,True,True
115867,1.0,0.0,0.5,none,True,True
115868,1.0,0.0,0.5,none,True,True
115869,1.0,0.0,0.5,none,True,True
115870,1.0,0.0,0.5,none,True,True
115871,1.0,0.0,0.5,none,True,True
115872,1.0,0.0,0.5,none,True,True
115873,1.0,0.0,0.5,none,True,True
115874,1.0,0.0,0.5,none,True,True
115875,1.0,0.0,0.5,none,True,True
115876,1.0,0.0,0.5,none,True,True
115877,1.0,0.0,0.5,none,True,True
115878,1.0,0.0,0.5,none,True,True
115879,1.0,0.0,0.5,none,True,True
115880,1.0,0.0,0.5,none,True,True
115881,1.0,0.0,0.5,none,True,True
115882,1.0,0.0,0.5,none,True,True
115883,1.0,0.0,0.5,none,True,True
115884,1.0,0.0,0.5,none,True,True
115885,1.0,0.0,0.5,none,True,True
115886,1.0,0.0,0.5,none,True,True
115887,1.0,0.0,0.5,none,True,True
115888,1.0,0.0,0.5,none,True,True
115889,1.0,0.0,0.5,none,True,True
115890,1.0,0.0,0.5,none,True,True
115891,1.0,0.0,0.5,none,True,True
115892,1.0,0.0,0.5,none,True,True
115893,1.0,0.0,0.5,none,True,True
115894,1.0,0.0,0.5,none,True,True
115895,1.0,0.0,0.5,none,True,True
115896,1.0,0.0,0.5,none,True,True
115897,1.0,0.0,0.5,none,True,True
115898,1.0,0.0,0.5,none,True,True
115899,1.0,0.0,0.5,none,True,True
115900,1.0,0.0,0.5,none,True,True
115901,1.0,0.0,0.5,none,True,True
115902,1.0,0.0,0.5,none,True,True
115903,1.0,0.0,0.5,none,True,True
115904,1.0,0.0,0.5,none,True,True
115905,1.0,0.0,0.5,none,True,True
115906,1.0,0.0,0.5,none,True,True
115907,1.0,0.0,0.5,none,True,True
115908,1.0,0.0,0.5,none,True,True
115909,1.0,0.0,0.5,none,True,True
115910,1.0,0.0,0.5,none,True,True
115911,1.0,0.0,0.5,none,True,True
115912,1.0,0.0,0.5,none,True,True
115913,1.0,0.0,0.5,none,True,True
115914,1.0,0.0,0.5,none,True,True
115915,1.0,0.0,0.5,none,True,True
115916,1.0,0.0,0.5,none,True,True
115917,1.0,0.0,0.5,none,True,True
115918,1.0,0.0,0.5,none,True,True
115919,1.0,0.0,0.5,none,True,True
115920,1.0,0.0,0.5,none,True,True
115921,1.0,0.0,0.5,none,True,True
115922,1.0,0.0,0.5,none,True,True
115923,1.0,0.0,0.5,none,True,True
115924,1.0,0.0,0.5,none,True,True
115925,1.0,0.0,0.5,none,True,True
115926,1.0,0.0,0.5,none,True,True
115927,1.0,0.0,0.5,none,True,True
115928,1.0,0.0,0.5,none,True,True
115929,1.0,0.0,0.5,none,True,True
115930,1.0,0.0,0.5,none,True,True
115931,1.0,0.0,0.5,none,True,True
115932,1.0,0.0,0.5,none,True,True
115933,1.0,0.0,0.5,none,True,True
115934,1.0,0.0,0.5,none,True,True
115935,1.0,0.0,0.5,none,True,True
115936,1.0,0.0,0.5,none,True,True
115937,1.0,0.0,0.5,none,True,True
115938,1.0,0.0,0.5,none,True,True
115939,1.0,0.0,0.5,none,True,True
115940,1.0,0.0,0.5,none,True,True
115941,1.0,0.0,0.5,none,True,True
115942,1.0,0.0,0.5,none,True,True
115943,1.0,0.0,0.5,none,True,True
115944,1.0,0.0,0.5,none,True,True
115945,1.0,0.0,0.5,none,True,True
115946,1.0,0.0,0.5,none,True,True
115947,1.0,0.0,0.5,none,True,True
115948,1.0,0.0,0.5,none,True,True
115949,1.0,0.0,0.5,none,True,True
115950,1.0,0.0,0.5,none,True,True
115951,1.0,0.0,0.5,none,True,True
115952,1.0,0.0,0.5,none,True,True
115953,1.0,0.0,0.5,none,True,True
115954,1.0,0.0,0.5,none,True,True
115955,1.0,0.0,0.5,none,True,True
115956,1.0,0.0,0.5,none,True,True
115957,1.0,0.0,0.5,none,True,True
115958,1.0,0.0,0.5,none,True,True
115959,1.0,0.0,0.5,none,True,True
115960,1.0,0.0,0.5,none,True,True
115961,1.0,0.0,0.5,none,True,True
115962,1.0,0.0,0.5,none,True,True
115963,1.0,0.0,0.5,none,True,True
115964,1.0,0.0,0.5,none,True,True
115965,1.0,0.0,0.5,none,True,True
115966,1.0,0.0,0.5,none,True,True
115967,1.0,0.0,0.5,none,True,True
115968,1.0,0.0,0.5,none,True,True
115969,1.0,0.0,0.5,none,True,True
115970,1.0,0.0,0.5,none,True,True
115971,1.0,0.0,0.5,none,True,True
115972,1.0,0.0,0.5,none,True,True
115973,1.0,0.0,0.5,none,True,True
115974,1.0,0.0,0.5,none,True,True
115975,1.0,0.0,0.5,none,True,True
115976,1.0,0.0,0.5,none,True,True
115977,1.0,0.0,0.5,none,True,True
115978,1.0,0.0,0.5,none,True,True
115979,1.0,0.0,0.5,none,True,True
115980,1.0,0.0,0.5,none,True,True
115981,1.0,0.0,0.5,none,True,True
115982,1.0,0.0,0.5,none,True,True
115983,1.0,0.0,0.5,none,True,True
115984,1.0,0.0,0.5,none,True,True
115985,1.0,0.0,0.5,none,True,True
115986,1.0,0.0,0.5,none,True,True
115987,1.0,0.0,0.5,none,True,True
115988,1.0,0.0,0.5,none,True,True
115989,1.0,0.0,0.5,none,True,True
115990,1.0,0.0,0.5,none,True,True
115991,1.0,0.0,0.5,none,True,True
115992,1.0,0.0,0.5,none,True,True
115993,1.0,0.0,0.5,none,True,True
115994,1.0,0.0,0.5,none,True,True
115995,1.0,0.0,0.5,none,True,True
115996,1.0,0.0,0.5,none,True,True
115997,1.0,0.0,0.5,none,True,True
115998,1.0,0.0,0.5,none,True,True
115999,1.0,0.0,0.5,none,True,True
116000,1.0,0.0,0.5,none,True,True
116001,1.0,0.0,0.5,none,True,True
116002,1.0,0.0,0.5,none,True,True
116003,1.0,0.0,0.5,none,True,True
116004,1.0,0.0,0.5,none,True,True
116005,1.0,0.0,0.5,none,True,True
116006,1.0,0.0,0.5,none,True,True
116007,1.0,0.0,0.5,none,True,True
116008,1.0,0.0,0.5,none,True,True
116009,1.0,0.0,0.5,none,True,True
116010,1.0,0.0,0.5,none,True,True
116011,1.0,0.0,0.5,none,True,True
116012,1.0,0.0,0.5,none,True,True
116013,1.0,0.0,0.5,none,True,True
116014,1.0,0.0,0.5,none,True,True
116015,1.0,0.0,0.5,none,True,True
116016,1.0,0.0,0.5,none,True,True
116017,1.0,0.0,0.5,none,True,True
116018,1.0,0.0,0.5,none,True,True
116019,1.0,0.0,0.5,none,True,True
116020,1.0,0.0,0.5,none,True,True
116021,1.0,0.0,0.5,none,True,True
116022,1.0,0.0,0.5,none,True,True
116023,1.0,0.0,0.5,none,True,True
116024,1.0,0.0,0.5,none,True,True
116025,1.0,0.0,0.5,none,True,True
116026,1.0,0.0,0.5,none,True,True
116027,1.0,0.0,0.5,none,True,True
116028,1.0,0.0,0.5,none,True,True
116029,1.0,0.0,0.5,none,True,True
116030,1.0,0.0,0.5,none,True,True
116031,1.0,0.0,0.5,none,True,True
116032,1.0,0.0,0.5,none,True,True
116033,1.0,0.0,0.5,none,True,True
116034,1.0,0.0,0.5,none,True,True
116035,1.0,0.0,0.5,none,True,True
116036,1.0,0.0,0.5,none,True,True
116037,1.0,0.0,0.5,none,True,True
116038,1.0,0.0,0.5,none,True,True
116039,1.0,0.0,0.5,none,True,True
116040,1.0,0.0,0.5,none,True,True
116041,1.0,0.0,0.5,none,True,True
116042,1.0,0.0,0.5,none,True,True
116043,1.0,0.0,0.5,none,True,True
116044,1.0,0.0,0.5,none,True,True
116045,1.0,0.0,0.5,none,True,True
116046,1.0,0.0,0.5,none,True,True
116047,1.0,0.0,0.5,none,True,True
116048,1.0,0.0,0.5,none,True,True
116049,1.0,0.0,0.5,none,True,True
116050,1.0,0.0,0.5,none,True,True
116051,1.0,0.0,0.5,none,True,True
116052,1.0,0.0,0.5,none,True,True
116053,1.0,0.0,0.5,none,True,True
116054,1.0,0.0,0.5,none,True,True
116055,1.0,0.0,0.5,none,True,True
116056,1.0,0.0,0.5,none,True,True
116057,1.0,0.0,0.5,none,True,True
116058,1.0,0.0,0.5,none,True,True
116059,1.0,0.0,0.5,none,True,True
116060,1.0,0.0,0.5,none,True,True
116061,1.0,0.0,0.5,none,True,True
116062,1.0,0.0,0.5,none,True,True
116063,1.0,0.0,0.5,none,True,True
116064,1.0,0.0,0.5,none,True,True
116065,1.0,0.0,0.5,none,True,True
116066,1.0,0.0,0.5,none,True,True
116067,1.0,0.0,0.5,none,True,True
116068,1.0,0.0,0.5,none,True,True
116069,1.0,0.0,0.5,none,True,True
116070,1.0,0.0,0.5,none,True,True
116071,1.0,0.0,0.5,none,True,True
116072,1.0,0.0,0.5,none,True,True
116073,1.0,0.0,0.5,none,True,True
116074,1.0,0.0,0.5,none,True,True
116075,1.0,0.0,0.5,none,True,True
116076,1.0,0.0,0.5,none,True,True
116077,1.0,0.0,0.5,none,True,True
116078,1.0,0.0,0.5,none,True,True
116079,1.0,0.0,0.5,none,True,True
116080,1.0,0.0,0.5,none,True,True
116081,1.0,0.0,0.5,none,True,True
116082,1.0,0.0,0.5,none,True,True
116083,1.0,0.0,0.5,none,True,True
116084,1.0,0.0,0.5,none,True,True
116085,1.0,0.0,0.5,none,True,True
116086,1.0,0.0,0.5,none,True,True
116087,1.0,0.0,0.5,none,True,True
116088,1.0,0.0,0.5,none,True,True
116089,1.0,0.0,0.5,none,True,True
116090,1.0,0.0,0.5,none,True,True
116091,1.0,0.0,0.5,none,True,True
116092,1.0,0.0,0.5,none,True,True
116093,1.0,0.0,0.5,none,True,True
116094,1.0,0.0,0.5,none,True,True
116095,1.0,0.0,0.5,none,True,True
116096,1.0,0.0,0.5,none,True,True
116097,1.0,0.0,0.5,none,True,True
116098,1.0,0.0,0.5,none,True,True
116099,1.0,0.0,0.5,none,True,True
116100,1.0,0.0,0.5,none,True,True
116101,1.0,0.0,0.5,none,True,True
116102,1.0,0.0,0.5,none,True,True
116103,1.0,0.0,0.5,none,True,True
116104,1.0,0.0,0.5,none,True,True
116105,1.0,0.0,0.5,none,True,True
116106,1.0,0.0,0.5,none,True,True
116107,1.0,0.0,0.5,none,True,True
116108,1.0,0.0,0.5,none,True,True
116109,1.0,0.0,0.5,none,True,True
116110,1.0,0.0,0.5,none,True,True
116111,1.0,0.0,0.5,none,True,True
116112,1.0,0.0,0.5,none,True,True
116113,1.0,0.0,0.5,none,True,True
116114,1.0,0.0,0.5,none,True,True
116115,1.0,0.0,0.5,none,True,True
116116,1.0,0.0,0.5,none,True,True
116117,1.0,0.0,0.5,none,True,True
116118,1.0,0.0,0.5,none,True,True
116119,1.0,0.0,0.5,none,True,True
116120,1.0,0.0,0.5,none,True,True
116121,1.0,0.0,0.5,none,True,True
116122,1.0,0.0,0.5,none,True,True
116123,1.0,0.0,0.5,none,True,True
116124,1.0,0.0,0.5,none,True,True
116125,1.0,0.0,0.5,none,True,True
116126,1.0,0.0,0.5,none,True,True
116127,1.0,0.0,0.5,none,True,True
116128,1.0,0.0,0.5,none,True,True
116129,1.0,0.0,0.5,none,True,True
116130,1.0,0.0,0.5,none,True,True
116131,1.0,0.0,0.5,none,True,True
116132,1.0,0.0,0.5,none,True,True
116133,1.0,0.0,0.5,none,True,True
116134,1.0,0.0,0.5,none,True,True
116135,1.0,0.0,0.5,none,True,True
116136,1.0,0.0,0.5,none,True,True
116137,1.0,0.0,0.5,none,True,True
116138,1.0,0.0,0.5,none,True,True
116139,1.0,0.0,0.5,none,True,True
116140,1.0,0.0,0.5,none,True,True
116141,1.0,0.0,0.5,none,True,True
116142,1.0,0.0,0.5,none,True,True
116143,1.0,0.0,0.5,none,True,True
116144,1.0,0.0,0.5,none,True,True
116145,1.0,0.0,0.5,none,True,True
116146,1.0,0.0,0.5,none,True,True
116147,1.0,0.0,0.5,none,True,True
116148,1.0,0.0,0.5,none,True,True
116149,1.0,0.0,0.5,none,True,True
116150,1.0,0.0,0.5,none,True,True
116151,1.0,0.0,0.5,none,True,True
116152,1.0,0.0,0.5,none,True,True
116153,1.0,0.0,0.5,none,True,True
116154,1.0,0.0,0.5,none,True,True
116155,1.0,0.0,0.5,none,True,True
116156,1.0,0.0,0.5,none,True,True
116157,1.0,0.0,0.5,none,True,True
116158,1.0,0.0,0.5,none,True,True
116159,1.0,0.0,0.5,none,True,True
116160,1.0,0.0,0.5,none,True,True
116161,1.0,0.0,0.5,none,True,True
116162,1.0,0.0,0.5,none,True,True
116163,1.0,0.0,0.5,none,True,True
116164,1.0,0.0,0.5,none,True,True
116165,1.0,0.0,0.5,none,True,True
116166,1.0,0.0,0.5,none,True,True
116167,1.0,0.0,0.5,none,True,True
116168,1.0,0.0,0.5,none,True,True
116169,1.0,0.0,0.5,none,True,True
116170,1.0,0.0,0.5,none,True,True
116171,1.0,0.0,0.5,none,True,True
116172,1.0,0.0,0.5,none,True,True
116173,1.0,0.0,0.5,none,True,True
116174,1.0,0.0,0.5,none,True,True
116175,1.0,0.0,0.5,none,True,True
116176,1.0,0.0,0.5,none,True,True
116177,1.0,0.0,0.5,none,True,True
116178,1.0,0.0,0.5,none,True,True
116179,1.0,0.0,0.5,none,True,True
116180,1.0,0.0,0.5,none,True,True
116181,1.0,0.0,0.5,none,True,True
116182,1.0,0.0,0.5,none,True,True
116183,1.0,0.0,0.5,none,True,True
116184,1.0,0.0,0.5,none,True,True
116185,1.0,0.0,0.5,none,True,True
116186,1.0,0.0,0.5,none,True,True
116187,1.0,0.0,0.5,none,True,True
116188,1.0,0.0,0.5,none,True,True
116189,1.0,0.0,0.5,none,True,True
116190,1.0,0.0,0.5,none,True,True
116191,1.0,0.0,0.5,none,True,True
116192,1.0,0.0,0.5,none,True,True
116193,1.0,0.0,0.5,none,True,True
116194,1.0,0.0,0.5,none,True,True
116195,1.0,0.0,0.5,none,True,True
116196,1.0,0.0,0.5,none,True,True
116197,1.0,0.0,0.5,none,True,True
116198,1.0,0.0,0.5,none,True,True
116199,1.0,0.0,0.5,none,True,True
116200,1.0,0.0061,0.5,none,True,True
116201,1.0,0.0357,0.5,none,True,True
116202,1.0,0.0812,0.5,none,True,True
116203,1.0,0.1113,0.5,none,True,True
116204,1.0,0.1253,0.5,none,True,True
116205,1.0,0.1408,0.5,none,True,True
116206,1.0,0.0907,0.5,none,True,True
116207,1.0,0.1198,0.5,none,True,True
116208,1.0,0.0467,0.5,none,True,True
116209,1.0,0.0522,0.5,none,True,True
116210,1.0,0.0405,0.5,none,True,True
116211,1.0,0.0313,0.5,none,True,True
116212,1.0,0.0083,0.5,none,True,True
116213,1.0,0.0726,0.5,none,True,True
116214,1.0,0.0793,0.5,none,True,True
116215,1.0,0.0581,0.5,none,True,True
116216,1.0,0.0955,0.5,none,True,True
116217,1.0,0.0839,0.5,none,True,True
116218,1.0,0.0648,0.5,none,True,True
116219,1.0,0.0718,0.5,none,True,True
116220,1.0,0.0589,0.5,none,True,True
116221,1.0,0.0403,0.5,none,True,True
116222,1.0,0.0327,0.5,none,True,True
116223,1.0,0.0277,0.5,none,True,True
116224,1.0,0.017,0.5,none,True,True
116225,1.0,0.0102,0.5,none,True,True
116226,1.0,0.0099,0.5,none,True,True
116227,1.0,0.008,0.5,none,True,True
116228,1.0,0.005,0.5,none,True,True
116229,1.0,0.0063,0.5,none,True,True
116230,1.0,0.009,0.5,none,True,True
116231,1.0,0.0096,0.5,none,True,True
116232,1.0,0.0108,0.5,none,True,True
116233,1.0,0.014,0.5,none,True,True
116234,1.0,0.0161,0.5,none,True,True
116235,1.0,0.0167,0.5,none,True,True
116236,1.0,0.0182,0.5,none,True,True
116237,1.0,0.0196,0.5,none,True,True
116238,1.0,0.0197,0.5,none,True,True
116239,1.0,0.0193,0.5,none,True,True
116240,1.0,0.0193,0.5,none,True,True
116241,1.0,0.0187,0.5,none,True,True
116242,1.0,0.0174,0.5,none,True,True
116243,1.0,0.0163,0.5,none,True,True
116244,1.0,0.0152,0.5,none,True,True
116245,1.0,0.0138,0.5,none,True,True
116246,1.0,0.0123,0.5,none,True,True
116247,1.0,0.0111,0.5,none,True,True
116248,1.0,0.01,0.5,none,True,True
116249,1.0,0.0088,0.5,none,True,True
116250,1.0,0.0078,0.5,none,True,True
116251,1.0,0.0071,0.5,none,True,True
116252,1.0,0.0064,0.5,none,True,True
116253,1.0,0.0057,0.5,none,True,True
116254,1.0,0.0053,0.5,none,True,True
116255,1.0,0.005,0.5,none,True,True
116256,1.0,0.0047,0.5,none,True,True
116257,1.0,0.0045,0.5,none,True,True
116258,1.0,0.0044,0.5,none,True,True
116259,1.0,0.0043,0.5,none,True,True
116260,1.0,0.0042,0.5,none,True,True
116261,1.0,0.0041,0.5,none,True,True
116262,1.0,0.004,0.5,none,True,True
116263,1.0,0.0039,0.5,none,True,True
116264,1.0,0.0038,0.5,none,True,True
116265,1.0,0.0037,0.5,none,True,True
116266,1.0,0.0035,0.5,none,True,True
116267,1.0,0.0033,0.5,none,True,True
116268,1.0,0.0032,0.5,none,True,True
116269,1.0,0.003,0.5,none,True,True
116270,1.0,0.0028,0.5,none,True,True
116271,1.0,0.0026,0.5,none,True,True
116272,1.0,0.0024,0.5,none,True,True
116273,1.0,0.0023,0.5,none,True,True
116274,1.0,0.0021,0.5,none,True,True
116275,1.0,0.0019,0.5,none,True,True
116276,1.0,0.0018,0.5,none,True,True
116277,1.0,0.0017,0.5,none,True,True
116278,1.0,0.0015,0.5,none,True,True
116279,1.0,0.0014,0.5,none,True,True
116280,1.0,0.0013,0.5,none,True,True
116281,1.0,0.0013,0.5,none,True,True
116282,1.0,0.0012,0.5,none,True,True
116283,1.0,0.0011,0.5,none,True,True
116284,1.0,0.0011,0.5,none,True,True
116285,1.0,0.001,0.5,none,True,True
116286,1.0,0.001,0.5,none,True,True
116287,1.0,0.0009,0.5,none,True,True
116288,1.0,0.0009,0.5,none,True,True
116289,1.0,0.0008,0.5,none,True,True
116290,1.0,0.0008,0.5,none,True,True
116291,1.0,0.0008,0.5,none,True,True
116292,1.0,0.0007,0.5,none,True,True
116293,1.0,0.0007,0.5,none,True,True
116294,1.0,0.0006,0.5,none,True,True
116295,1.0,0.0006,0.5,none,True,True
116296,1.0,0.0006,0.5,none,True,True
116297,1.0,0.0005,0.5,none,True,True
116298,1.0,0.0005,0.5,none,True,True
116299,1.0,0.0005,0.5,none,True,True
116300,1.0,0.0004,0.5,none,True,True
116301,1.0,0.0004,0.5,none,True,True
116302,1.0,0.0004,0.5,none,True,True
116303,1.0,0.0004,0.5,none,True,True
116304,1.0,0.0003,0.5,none,True,True
116305,1.0,0.0003,0.5,none,True,True
116306,1.0,0.0003,0.5,none,True,True
116307,1.0,0.0003,0.5,none,True,True
116308,1.0,0.0003,0.5,none,True,True
116309,1.0,0.0003,0.5,none,True,True
116310,1.0,0.0002,0.5,none,True,True
116311,1.0,0.0002,0.5,none,True,True
116312,1.0,0.0002,0.5,none,True,True
116313,1.0,0.0002,0.5,none,True,True
116314,1.0,0.0002,0.5,none,True,True
116315,1.0,0.0002,0.5,none,True,True
116316,1.0,0.0002,0.5,none,True,True
116317,1.0,0.0002,0.5,none,True,True
116318,1.0,0.0002,0.5,none,True,True
116319,1.0,0.0001,0.5,none,True,True
116320,1.0,0.0001,0.5,none,True,True
116321,1.0,0.0001,0.5,none,True,True
116322,1.0,0.0001,0.5,none,True,True
116323,1.0,0.0001,0.5,none,True,True
116324,1.0,0.0001,0.5,none,True,True
116325,1.0,0.0001,0.5,none,True,True
116326,1.0,0.0001,0.5,none,True,True
116327,1.0,0.0001,0.5,none,True,True
116328,1.0,0.0001,0.5,none,True,True
116329,1.0,0.0001,0.5,none,True,True
116330,1.0,0.0001,0.5,none,True,True
116331,1.0,0.0001,0.5,none,True,True
116332,1.0,0.0001,0.5,none,True,True
116333,1.0,0.0001,0.5,none,True,True
116334,1.0,0.0001,0.5,none,True,True
116335,1.0,0.0001,0.5,none,True,True
116336,1.0,0.0001,0.5,none,True,True
116337,1.0,0.0,0.5,none,True,True
116338,1.0,0.0,0.5,none,True,True
116339,1.0,0.0,0.5,none,True,True
116340,1.0,0.0,0.5,none,True,True
116341,1.0,0.0,0.5,none,True,True
116342,1.0,0.0,0.5,none,True,True
116343,1.0,0.0,0.5,none,True,True
116344,1.0,0.0,0.5,none,True,True
116345,1.0,0.0,0.5,none,True,True
116346,1.0,0.0,0.5,none,True,True
116347,1.0,0.0,0.5,none,True,True
116348,1.0,0.0,0.5,none,True,True
116349,1.0,0.0,0.5,none,True,True
116350,1.0,0.0,0.5,none,True,True
116351,1.0,0.0,0.5,none,True,True
116352,1.0,0.0,0.5,none,True,True
116353,1.0,0.0,0.5,none,True,True
116354,1.0,0.0,0.5,none,True,True
116355,1.0,0.0,0.5,none,True,True
116356,1.0,0.0,0.5,none,True,True
116357,1.0,0.0,0.5,none,True,True
116358,1.0,0.0,0.5,none,True,True
116359,1.0,0.0,0.5,none,True,True
116360,1.0,0.0,0.5,none,True,True
116361,1.0,0.0,0.5,none,True,True
116362,1.0,0.0,0.5,none,True,True
116363,1.0,0.0,0.5,none,True,True
116364,1.0,0.0,0.5,none,True,True
116365,1.0,0.0,0.5,none,True,True
116366,1.0,0.0,0.5,none,True,True
116367,1.0,0.0,0.5,none,True,True
116368,1.0,0.0,0.5,none,True,True
116369,1.0,0.0,0.5,none,True,True
116370,1.0,0.0,0.5,none,True,True
116371,1.0,0.0,0.5,none,True,True
116372,1.0,0.0,0.5,none,True,True
116373,1.0,0.0,0.5,none,True,True
116374,1.0,0.0,0.5,none,True,True
116375,1.0,0.0,0.5,none,True,True
116376,1.0,0.0,0.5,none,True,True
116377,1.0,0.0,0.5,none,True,True
116378,1.0,0.0,0.5,none,True,True
116379,1.0,0.0,0.5,none,True,True
116380,1.0,0.0,0.5,none,True,True
116381,1.0,0.0,0.5,none,True,True
116382,1.0,0.0,0.5,none,True,True
116383,1.0,0.0,0.5,none,True,True
116384,1.0,0.0,0.5,none,True,True
116385,1.0,0.0,0.5,none,True,True
116386,1.0,0.0,0.5,none,True,True
116387,1.0,0.0,0.5,none,True,True
116388,1.0,0.0,0.5,none,True,True
116389,1.0,0.0,0.5,none,True,True
116390,1.0,0.0,0.5,none,True,True
116391,1.0,0.0,0.5,none,True,True
116392,1.0,0.0,0.5,none,True,True
116393,1.0,0.0,0.5,none,True,True
116394,1.0,0.0,0.5,none,True,True
116395,1.0,0.0,0.5,none,True,True
116396,1.0,0.0,0.5,none,True,True
116397,1.0,0.0,0.5,none,True,True
116398,1.0,0.0,0.5,none,True,True
116399,1.0,0.0,0.5,none,True,True
116400,1.0,0.0,0.5,none,True,True
116401,1.0,0.0,0.5,none,True,True
116402,1.0,0.0,0.5,none,True,True
116403,1.0,0.0,0.5,none,True,True
116404,1.0,0.0,0.5,none,True,True
116405,1.0,0.0,0.5,none,True,True
116406,1.0,0.0,0.5,none,True,True
116407,1.0,0.0,0.5,none,True,True
116408,1.0,0.0,0.5,none,True,True
116409,1.0,0.0,0.5,none,True,True
116410,1.0,0.0,0.5,none,True,True
116411,1.0,0.0,0.5,none,True,True
116412,1.0,0.0,0.5,none,True,True
116413,1.0,0.0,0.5,none,True,True
116414,1.0,0.0,0.5,none,True,True
116415,1.0,0.0,0.5,none,True,True
116416,1.0,0.0,0.5,none,True,True
116417,1.0,0.0,0.5,none,True,True
116418,1.0,0.0,0.5,none,True,True
116419,1.0,0.0,0.5,none,True,True
116420,1.0,0.0,0.5,none,True,True
116421,1.0,0.0,0.5,none,True,True
116422,1.0,0.0,0.5,none,True,True
116423,1.0,0.0,0.5,none,True,True
116424,1.0,0.0,0.5,none,True,True
116425,1.0,0.0,0.5,none,True,True
116426,1.0,0.0,0.5,none,True,True
116427,1.0,0.0,0.5,none,True,True
116428,1.0,0.0,0.5,none,True,True
116429,1.0,0.0,0.5,none,True,True
116430,1.0,0.0,0.5,none,True,True
116431,1.0,0.0,0.5,none,True,True
116432,1.0,0.0,0.5,none,True,True
116433,1.0,0.0,0.5,none,True,True
116434,1.0,0.0,0.5,none,True,True
116435,1.0,0.0,0.5,none,True,True
116436,1.0,0.0,0.5,none,True,True
116437,1.0,0.0,0.5,none,True,True
116438,1.0,0.0,0.5,none,True,True
116439,1.0,0.0,0.5,none,True,True
116440,1.0,0.0,0.5,none,True,True
116441,1.0,0.0,0.5,none,True,True
116442,1.0,0.0,0.5,none,True,True
116443,1.0,0.0,0.5,none,True,True
116444,1.0,0.0,0.5,none,True,True
116445,1.0,0.0,0.5,none,True,True
116446,1.0,0.0,0.5,none,True,True
116447,1.0,0.0,0.5,none,True,True
116448,1.0,0.0,0.5,none,True,True
116449,1.0,0.0,0.5,none,True,True
116450,1.0,0.0,0.5,none,True,True
116451,1.0,0.0,0.5,none,True,True
116452,1.0,0.0,0.5,none,True,True
116453,1.0,0.0,0.5,none,True,True
116454,1.0,0.0,0.5,none,True,True
116455,1.0,0.0,0.5,none,True,True
116456,1.0,0.0,0.5,none,True,True
116457,1.0,0.0,0.5,none,True,True
116458,1.0,0.0,0.5,none,True,True
116459,1.0,0.0,0.5,none,True,True
116460,1.0,0.0,0.5,none,True,True
116461,1.0,0.0,0.5,none,True,True
116462,1.0,0.0,0.5,none,True,True
116463,1.0,0.0,0.5,none,True,True
116464,1.0,0.0,0.5,none,True,True
116465,1.0,0.0,0.5,none,True,True
116466,1.0,0.0,0.5,none,True,True
116467,1.0,0.0,0.5,none,True,True
116468,1.0,0.0,0.5,none,True,True
116469,1.0,0.0,0.5,none,True,True
116470,1.0,0.0,0.5,none,True,True
116471,1.0,0.0,0.5,none,True,True
116472,1.0,0.0,0.5,none,True,True
116473,1.0,0.0,0.5,none,True,True
116474,1.0,0.0,0.5,none,True,True
116475,1.0,0.0,0.5,none,True,True
116476,1.0,0.0,0.5,none,True,True
116477,1.0,0.0,0.5,none,True,True
116478,1.0,0.0,0.5,none,True,True
116479,1.0,0.0,0.5,none,True,True
116480,1.0,0.0,0.5,none,True,True
116481,1.0,0.0,0.5,none,True,True
116482,1.0,0.0,0.5,none,True,True
116483,1.0,0.0,0.5,none,True,True
116484,1.0,0.0,0.5,none,True,True
116485,1.0,0.0,0.5,none,True,True
116486,1.0,0.0,0.5,none,True,True
116487,1.0,0.0,0.5,none,True,True
116488,1.0,0.0,0.5,none,True,True
116489,1.0,0.0,0.5,none,True,True
116490,1.0,0.0,0.5,none,True,True
116491,1.0,0.0,0.5,none,True,True
116492,1.0,0.0,0.5,none,True,True
116493,1.0,0.0,0.5,none,True,True
116494,1.0,0.0,0.5,none,True,True
116495,1.0,0.0,0.5,none,True,True
116496,1.0,0.0,0.5,none,True,True
116497,1.0,0.0,0.5,none,True,True
116498,1.0,0.0,0.5,none,True,True
116499,1.0,0.0,0.5,none,True,True
116500,1.0,0.0,0.5,none,True,True
116501,1.0,0.0,0.5,none,True,True
116502,1.0,0.0,0.5,none,True,True
116503,1.0,0.0,0.5,none,True,True
116504,1.0,0.0,0.5,none,True,True
116505,1.0,0.0,0.5,none,True,True
116506,1.0,0.0,0.5,none,True,True
116507,1.0,0.0,0.5,none,True,True
116508,1.0,0.0,0.5,none,True,True
116509,1.0,0.0,0.5,none,True,True
116510,1.0,0.0,0.5,none,True,True
116511,1.0,0.0,0.5,none,True,True
116512,1.0,0.0,0.5,none,True,True
116513,1.0,0.0,0.5,none,True,True
116514,1.0,0.0,0.5,none,True,True
116515,1.0,0.0,0.5,none,True,True
116516,1.0,0.0,0.5,none,True,True
116517,1.0,0.0,0.5,none,True,True
116518,1.0,0.0,0.5,none,True,True
116519,1.0,0.0,0.5,none,True,True
116520,1.0,0.0,0.5,none,True,True
116521,1.0,0.0,0.5,none,True,True
116522,1.0,0.0,0.5,none,True,True
116523,1.0,0.0,0.5,none,True,True
116524,1.0,0.0,0.5,none,True,True
116525,1.0,0.0,0.5,none,True,True
116526,1.0,0.0,0.5,none,True,True
116527,1.0,0.0,0.5,none,True,True
116528,1.0,0.0,0.5,none,True,True
116529,1.0,0.0,0.5,none,True,True
116530,1.0,0.0,0.5,none,True,True
116531,1.0,0.0,0.5,none,True,True
116532,1.0,0.0,0.5,none,True,True
116533,1.0,0.0,0.5,none,True,True
116534,1.0,0.0,0.5,none,True,True
116535,1.0,0.0,0.5,none,True,True
116536,1.0,0.0,0.5,none,True,True
116537,1.0,0.0,0.5,none,True,True
116538,1.0,0.0,0.5,none,True,True
116539,1.0,0.0,0.5,none,True,True
116540,1.0,0.0,0.5,none,True,True
116541,1.0,0.0,0.5,none,True,True
116542,1.0,0.0,0.5,none,True,True
116543,1.0,0.0,0.5,none,True,True
116544,1.0,0.0,0.5,none,True,True
116545,1.0,0.0,0.5,none,True,True
116546,1.0,0.0,0.5,none,True,True
116547,1.0,0.0,0.5,none,True,True
116548,1.0,0.0,0.5,none,True,True
116549,1.0,0.0,0.5,none,True,True
116550,1.0,0.0,0.5,none,True,True
116551,1.0,0.0,0.5,none,True,True
116552,1.0,0.0,0.5,none,True,True
116553,1.0,0.0,0.5,none,True,True
116554,1.0,0.0,0.5,none,True,True
116555,1.0,0.0,0.5,none,True,True
116556,1.0,0.0,0.5,none,True,True
116557,1.0,0.0,0.5,none,True,True
116558,1.0,0.0,0.5,none,True,True
116559,1.0,0.0,0.5,none,True,True
116560,1.0,0.0,0.5,none,True,True
116561,1.0,0.0,0.5,none,True,True
116562,1.0,0.0,0.5,none,True,True
116563,1.0,0.0,0.5,none,True,True
116564,1.0,0.0,0.5,none,True,True
116565,1.0,0.0,0.5,none,True,True
116566,1.0,0.0,0.5,none,True,True
116567,1.0,0.0,0.5,none,True,True
116568,1.0,0.0,0.5,none,True,True
116569,1.0,0.0,0.5,none,True,True
116570,1.0,0.0,0.5,none,True,True
116571,1.0,0.0,0.5,none,True,True
116572,1.0,0.0,0.5,none,True,True
116573,1.0,0.0,0.5,none,True,True
116574,1.0,0.0,0.5,none,True,True
116575,1.0,0.0,0.5,none,True,True
116576,1.0,0.0,0.5,none,True,True
116577,1.0,0.0,0.5,none,True,True
116578,1.0,0.0,0.5,none,True,True
116579,1.0,0.0,0.5,none,True,True
116580,1.0,0.0,0.5,none,True,True
116581,1.0,0.0,0.5,none,True,True
116582,1.0,0.0,0.5,none,True,True
116583,1.0,0.0,0.5,none,True,True
116584,1.0,0.0,0.5,none,True,True
116585,1.0,0.0,0.5,none,True,True
116586,1.0,0.0,0.5,none,True,True
116587,1.0,0.0,0.5,none,True,True
116588,1.0,0.0,0.5,none,True,True
116589,1.0,0.0,0.5,none,True,True
116590,1.0,0.0,0.5,none,True,True
116591,1.0,0.0,0.5,none,True,True
116592,1.0,0.0,0.5,none,True,True
116593,1.0,0.0,0.5,none,True,True
116594,1.0,0.0,0.5,none,True,True
116595,1.0,0.0,0.5,none,True,True
116596,1.0,0.0,0.5,none,True,True
116597,1.0,0.0,0.5,none,True,True
116598,1.0,0.0,0.5,none,True,True
116599,1.0,0.0,0.5,none,True,True
116600,1.0,0.0,0.5,none,True,True
116601,1.0,0.0,0.5,none,True,True
116602,1.0,0.0,0.5,none,True,True
116603,1.0,0.0,0.5,none,True,True
116604,1.0,0.0,0.5,none,True,True
116605,1.0,0.0,0.5,none,True,True
116606,1.0,0.0,0.5,none,True,True
116607,1.0,0.0,0.5,none,True,True
116608,1.0,0.0,0.5,none,True,True
116609,1.0,0.0,0.5,none,True,True
116610,1.0,0.0,0.5,none,True,True
116611,1.0,0.0,0.5,none,True,True
116612,1.0,0.0,0.5,none,True,True
116613,1.0,0.0,0.5,none,True,True
116614,1.0,0.0,0.5,none,True,True
116615,1.0,0.0,0.5,none,True,True
116616,1.0,0.0,0.5,none,True,True
116617,1.0,0.0,0.5,none,True,True
116618,1.0,0.0,0.5,none,True,True
116619,1.0,0.0,0.5,none,True,True
116620,1.0,0.0,0.5,none,True,True
116621,1.0,0.0,0.5,none,True,True
116622,1.0,0.0,0.5,none,True,True
116623,1.0,0.0,0.5,none,True,True
116624,1.0,0.0,0.5,none,True,True
116625,1.0,0.0,0.5,none,True,True
116626,1.0,0.0,0.5,none,True,True
116627,1.0,0.0,0.5,none,True,True
116628,1.0,0.0,0.5,none,True,True
116629,1.0,0.0,0.5,none,True,True
116630,1.0,0.0,0.5,none,True,True
116631,1.0,0.0,0.5,none,True,True
116632,1.0,0.0,0.5,none,True,True
116633,1.0,0.0,0.5,none,True,True
116634,1.0,0.0,0.5,none,True,True
116635,1.0,0.0,0.5,none,True,True
116636,1.0,0.0,0.5,none,True,True
116637,1.0,0.0,0.5,none,True,True
116638,1.0,0.0,0.5,none,True,True
116639,1.0,0.0,0.5,none,True,True
116640,1.0,0.0,0.5,none,True,True
116641,1.0,0.0,0.5,none,True,True
116642,1.0,0.0,0.5,none,True,True
116643,1.0,0.0,0.5,none,True,True
116644,1.0,0.0,0.5,none,True,True
116645,1.0,0.0,0.5,none,True,True
116646,1.0,0.0,0.5,none,True,True
116647,1.0,0.0,0.5,none,True,True
116648,1.0,0.0,0.5,none,True,True
116649,1.0,0.0,0.5,none,True,True
116650,1.0,0.0,0.5,none,True,True
116651,1.0,0.0,0.5,none,True,True
116652,1.0,0.0,0.5,none,True,True
116653,1.0,0.0,0.5,none,True,True
116654,1.0,0.0,0.5,none,True,True
116655,1.0,0.0,0.5,none,True,True
116656,1.0,0.0,0.5,none,True,True
116657,1.0,0.0,0.5,none,True,True
116658,1.0,0.0,0.5,none,True,True
116659,1.0,0.0,0.5,none,True,True
116660,1.0,0.0,0.5,none,True,True
116661,1.0,0.0,0.5,none,True,True
116662,1.0,0.0,0.5,none,True,True
116663,1.0,0.0,0.5,none,True,True
116664,1.0,0.0,0.5,none,True,True
116665,1.0,0.0,0.5,none,True,True
116666,1.0,0.0,0.5,none,True,True
116667,1.0,0.0,0.5,none,True,True
116668,1.0,0.0,0.5,none,True,True
116669,1.0,0.0,0.5,none,True,True
116670,1.0,0.0,0.5,none,True,True
116671,1.0,0.0,0.5,none,True,True
116672,1.0,0.0,0.5,none,True,True
116673,1.0,0.0,0.5,none,True,True
116674,1.0,0.0,0.5,none,True,True
116675,1.0,0.0,0.5,none,True,True
116676,1.0,0.0,0.5,none,True,True
116677,1.0,0.0,0.5,none,True,True
116678,1.0,0.0,0.5,none,True,True
116679,1.0,0.0,0.5,none,True,True
116680,1.0,0.0,0.5,none,True,True
116681,1.0,0.0,0.5,none,True,True
116682,1.0,0.0,0.5,none,True,True
116683,1.0,0.0,0.5,none,True,True
116684,1.0,0.0,0.5,none,True,True
116685,1.0,0.0,0.5,none,True,True
116686,1.0,0.0,0.5,none,True,True
116687,1.0,0.0,0.5,none,True,True
116688,1.0,0.0,0.5,none,True,True
116689,1.0,0.0,0.5,none,True,True
116690,1.0,0.0,0.5,none,True,True
116691,1.0,0.0,0.5,none,True,True
116692,1.0,0.0,0.5,none,True,True
116693,1.0,0.0,0.5,none,True,True
116694,1.0,0.0,0.5,none,True,True
116695,1.0,0.0,0.5,none,True,True
116696,1.0,0.0,0.5,none,True,True
116697,1.0,0.0,0.5,none,True,True
116698,1.0,0.0,0.5,none,True,True
116699,1.0,0.0,0.5,none,True,True
116700,1.0,0.0,0.5,none,True,True
116701,1.0,0.0,0.5,none,True,True
116702,1.0,0.0,0.5,none,True,True
116703,1.0,0.0,0.5,none,True,True
116704,1.0,0.0,0.5,none,True,True
116705,1.0,0.0,0.5,none,True,True
116706,1.0,0.0,0.5,none,True,True
116707,1.0,0.0,0.5,none,True,True
116708,1.0,0.0,0.5,none,True,True
116709,1.0,0.0,0.5,none,True,True
116710,1.0,0.0,0.5,none,True,True
116711,1.0,0.0,0.5,none,True,True
116712,1.0,0.0,0.5,none,True,True
116713,1.0,0.0,0.5,none,True,True
116714,1.0,0.0,0.5,none,True,True
116715,1.0,0.0,0.5,none,True,True
116716,1.0,0.0,0.5,none,True,True
116717,1.0,0.0,0.5,none,True,True
116718,1.0,0.0,0.5,none,True,True
116719,1.0,0.0,0.5,none,True,True
116720,1.0,0.0,0.5,none,True,True
116721,1.0,0.0,0.5,none,True,True
116722,1.0,0.0,0.5,none,True,True
116723,1.0,0.0,0.5,none,True,True
116724,1.0,0.0,0.5,none,True,True
116725,1.0,0.0,0.5,none,True,True
116726,1.0,0.0,0.5,none,True,True
116727,1.0,0.0,0.5,none,True,True
116728,1.0,0.0,0.5,none,True,True
116729,1.0,0.0,0.5,none,True,True
116730,1.0,0.0,0.5,none,True,True
116731,1.0,0.0,0.5,none,True,True
116732,1.0,0.0,0.5,none,True,True
116733,1.0,0.0,0.5,none,True,True
116734,1.0,0.0,0.5,none,True,True
116735,1.0,0.0,0.5,none,True,True
116736,1.0,0.0,0.5,none,True,True
116737,1.0,0.0,0.5,none,True,True
116738,1.0,0.0,0.5,none,True,True
116739,1.0,0.0,0.5,none,True,True
116740,1.0,0.0,0.5,none,True,True
116741,1.0,0.0,0.5,none,True,True
116742,1.0,0.0,0.5,none,True,True
116743,1.0,0.0,0.5,none,True,True
116744,1.0,0.0,0.5,none,True,True
116745,1.0,0.0,0.5,none,True,True
116746,1.0,0.0,0.5,none,True,True
116747,1.0,0.0,0.5,none,True,True
116748,1.0,0.0,0.5,none,True,True
116749,1.0,0.0,0.5,none,True,True
116750,1.0,0.0,0.5,none,True,True
116751,1.0,0.0,0.5,none,True,True
116752,1.0,0.0,0.5,none,True,True
116753,1.0,0.0,0.5,none,True,True
116754,1.0,0.0,0.5,none,True,True
116755,1.0,0.0,0.5,none,True,True
116756,1.0,0.0,0.5,none,True,True
116757,1.0,0.0,0.5,none,True,True
116758,1.0,0.0,0.5,none,True,True
116759,1.0,0.0,0.5,none,True,True
116760,1.0,0.0,0.5,none,True,True
116761,1.0,0.0,0.5,none,True,True
116762,1.0,0.0,0.5,none,True,True
116763,1.0,0.0,0.5,none,True,True
116764,1.0,0.0,0.5,none,True,True
116765,1.0,0.0,0.5,none,True,True
116766,1.0,0.0,0.5,none,True,True
116767,1.0,0.0,0.5,none,True,True
116768,1.0,0.0,0.5,none,True,True
116769,1.0,0.0,0.5,none,True,True
116770,1.0,0.0,0.5,none,True,True
116771,1.0,0.0,0.5,none,True,True
116772,1.0,0.0,0.5,none,True,True
116773,1.0,0.0,0.5,none,True,True
116774,1.0,0.0,0.5,none,True,True
116775,1.0,0.0,0.5,none,True,True
116776,1.0,0.0,0.5,none,True,True
116777,1.0,0.0,0.5,none,True,True
116778,1.0,0.0,0.5,none,True,True
116779,1.0,0.0,0.5,none,True,True
116780,1.0,0.0,0.5,none,True,True
116781,1.0,0.0,0.5,none,True,True
116782,1.0,0.0,0.5,none,True,True
116783,1.0,0.0,0.5,none,True,True
116784,1.0,0.0,0.5,none,True,True
116785,1.0,0.0,0.5,none,True,True
116786,1.0,0.0,0.5,none,True,True
116787,1.0,0.0,0.5,none,True,True
116788,1.0,0.0,0.5,none,True,True
116789,1.0,0.0,0.5,none,True,True
116790,1.0,0.0,0.5,none,True,True
116791,1.0,0.0,0.5,none,True,True
116792,1.0,0.0,0.5,none,True,True
116793,1.0,0.0,0.5,none,True,True
116794,1.0,0.0,0.5,none,True,True
116795,1.0,0.0,0.5,none,True,True
116796,1.0,0.0,0.5,none,True,True
116797,1.0,0.0,0.5,none,True,True
116798,1.0,0.0,0.5,none,True,True
116799,1.0,0.0,0.5,none,True,True
116800,1.0,0.0,0.5,none,True,True
116801,1.0,0.0,0.5,none,True,True
116802,1.0,0.0,0.5,none,True,True
116803,1.0,0.0,0.5,none,True,True
116804,1.0,0.0,0.5,none,True,True
116805,1.0,0.0,0.5,none,True,True
116806,1.0,0.0,0.5,none,True,True
116807,1.0,0.0,0.5,none,True,True
116808,1.0,0.0,0.5,none,True,True
116809,1.0,0.0,0.5,none,True,True
116810,1.0,0.0,0.5,none,True,True
116811,1.0,0.0,0.5,none,True,True
116812,1.0,0.0,0.5,none,True,True
116813,1.0,0.0,0.5,none,True,True
116814,1.0,0.0,0.5,none,True,True
116815,1.0,0.0,0.5,none,True,True
116816,1.0,0.0,0.5,none,True,True
116817,1.0,0.0,0.5,none,True,True
116818,1.0,0.0,0.5,none,True,True
116819,1.0,0.0,0.5,none,True,True
116820,1.0,0.0,0.5,none,True,True
116821,1.0,0.0,0.5,none,True,True
116822,1.0,0.0,0.5,none,True,True
116823,1.0,0.0,0.5,none,True,True
116824,1.0,0.0,0.5,none,True,True
116825,1.0,0.0,0.5,none,True,True
116826,1.0,0.0,0.5,none,True,True
116827,1.0,0.0,0.5,none,True,True
116828,1.0,0.0,0.5,none,True,True
116829,1.0,0.0,0.5,none,True,True
116830,1.0,0.0,0.5,none,True,True
116831,1.0,0.0,0.5,none,True,True
116832,1.0,0.0,0.5,none,True,True
116833,1.0,0.0,0.5,none,True,True
116834,1.0,0.0,0.5,none,True,True
116835,1.0,0.0,0.5,none,True,True
116836,1.0,0.0,0.5,none,True,True
116837,1.0,0.0,0.5,none,True,True
116838,1.0,0.0,0.5,none,True,True
116839,1.0,0.0,0.5,none,True,True
116840,1.0,0.0,0.5,none,True,True
116841,1.0,0.0,0.5,none,True,True
116842,1.0,0.0,0.5,none,True,True
116843,1.0,0.0,0.5,none,True,True
116844,1.0,0.0,0.5,none,True,True
116845,1.0,0.0,0.5,none,True,True
116846,1.0,0.0,0.5,none,True,True
116847,1.0,0.0,0.5,none,True,True
116848,1.0,0.0,0.5,none,True,True
116849,1.0,0.0,0.5,none,True,True
116850,1.0,0.0,0.5,none,True,True
116851,1.0,0.0,0.5,none,True,True
116852,1.0,0.0,0.5,none,True,True
116853,1.0,0.0,0.5,none,True,True
116854,1.0,0.0,0.5,none,True,True
116855,1.0,0.0,0.5,none,True,True
116856,1.0,0.0,0.5,none,True,True
116857,1.0,0.0,0.5,none,True,True
116858,1.0,0.0,0.5,none,True,True
116859,1.0,0.0,0.5,none,True,True
116860,1.0,0.0,0.5,none,True,True
116861,1.0,0.0,0.5,none,True,True
116862,1.0,0.0,0.5,none,True,True
116863,1.0,0.0,0.5,none,True,True
116864,1.0,0.0,0.5,none,True,True
116865,1.0,0.0,0.5,none,True,True
116866,1.0,0.0,0.5,none,True,True
116867,1.0,0.0,0.5,none,True,True
116868,1.0,0.0,0.5,none,True,True
116869,1.0,0.0,0.5,none,True,True
116870,1.0,0.0,0.5,none,True,True
116871,1.0,0.0,0.5,none,True,True
116872,1.0,0.0,0.5,none,True,True
116873,1.0,0.0,0.5,none,True,True
116874,1.0,0.0,0.5,none,True,True
116875,1.0,0.0,0.5,none,True,True
116876,1.0,0.0,0.5,none,True,True
116877,1.0,0.0,0.5,none,True,True
116878,1.0,0.0,0.5,none,True,True
116879,1.0,0.0,0.5,none,True,True
116880,1.0,0.0,0.5,none,True,True
116881,1.0,0.0,0.5,none,True,True
116882,1.0,0.0,0.5,none,True,True
116883,1.0,0.0,0.5,none,True,True
116884,1.0,0.0,0.5,none,True,True
116885,1.0,0.0,0.5,none,True,True
116886,1.0,0.0,0.5,none,True,True
116887,1.0,0.0,0.5,none,True,True
116888,1.0,0.0,0.5,none,True,True
116889,1.0,0.0,0.5,none,True,True
116890,1.0,0.0,0.5,none,True,True
116891,1.0,0.0,0.5,none,True,True
116892,1.0,0.0,0.5,none,True,True
116893,1.0,0.0,0.5,none,True,True
116894,1.0,0.0,0.5,none,True,True
116895,1.0,0.0,0.5,none,True,True
116896,1.0,0.0,0.5,none,True,True
116897,1.0,0.0,0.5,none,True,True
116898,1.0,0.0,0.5,none,True,True
116899,1.0,0.0,0.5,none,True,True
116900,1.0,0.0061,0.5,none,True,True
116901,1.0,0.0357,0.5,none,True,True
116902,1.0,0.0812,0.5,none,True,True
116903,1.0,0.1113,0.5,none,True,True
116904,1.0,0.1253,0.5,none,True,True
116905,1.0,0.1408,0.5,none,True,True
116906,1.0,0.0907,0.5,none,True,True
116907,1.0,0.1198,0.5,none,True,True
116908,1.0,0.0467,0.5,none,True,True
116909,1.0,0.0522,0.5,none,True,True
116910,1.0,0.0405,0.5,none,True,True
116911,1.0,0.0313,0.5,none,True,True
116912,1.0,0.0083,0.5,none,True,True
116913,1.0,0.0726,0.5,none,True,True
116914,1.0,0.0793,0.5,none,True,True
116915,1.0,0.0581,0.5,none,True,True
116916,1.0,0.0955,0.5,none,True,True
116917,1.0,0.0839,0.5,none,True,True
116918,1.0,0.0648,0.5,none,True,True
116919,1.0,0.0718,0.5,none,True,True
116920,1.0,0.0589,0.5,none,True,True
116921,1.0,0.0403,0.5,none,True,True
116922,1.0,0.0327,0.5,none,True,True
116923,1.0,0.0277,0.5,none,True,True
116924,1.0,0.017,0.5,none,True,True
116925,1.0,0.0102,0.5,none,True,True
116926,1.0,0.0099,0.5,none,True,True
116927,1.0,0.008,0.5,none,True,True
116928,1.0,0.005,0.5,none,True,True
116929,1.0,0.0063,0.5,none,True,True
116930,1.0,0.009,0.5,none,True,True
116931,1.0,0.0096,0.5,none,True,True
116932,1.0,0.0108,0.5,none,True,True
116933,1.0,0.014,0.5,none,True,True
116934,1.0,0.0161,0.5,none,True,True
116935,1.0,0.0167,0.5,none,True,True
116936,1.0,0.0182,0.5,none,True,True
116937,1.0,0.0196,0.5,none,True,True
116938,1.0,0.0197,0.5,none,True,True
116939,1.0,0.0193,0.5,none,True,True
116940,1.0,0.0193,0.5,none,True,True
116941,1.0,0.0187,0.5,none,True,True
116942,1.0,0.0174,0.5,none,True,True
116943,1.0,0.0163,0.5,none,True,True
116944,1.0,0.0152,0.5,none,True,True
116945,1.0,0.0138,0.5,none,True,True
116946,1.0,0.0123,0.5,none,True,True
116947,1.0,0.0111,0.5,none,True,True
116948,1.0,0.01,0.5,none,True,True
116949,1.0,0.0088,0.5,none,True,True
116950,1.0,0.0078,0.5,none,True,True
116951,1.0,0.0071,0.5,none,True,True
116952,1.0,0.0064,0.5,none,True,True
116953,1.0,0.0057,0.5,none,True,True
116954,1.0,0.0053,0.5,none,True,True
116955,1.0,0.005,0.5,none,True,True
116956,1.0,0.0047,0.5,none,True,True
116957,1.0,0.0045,0.5,none,True,True
116958,1.0,0.0044,0.5,none,True,True
116959,1.0,0.0043,0.5,none,True,True
116960,1.0,0.0042,0.5,none,True,True
116961,1.0,0.0041,0.5,none,True,True
116962,1.0,0.004,0.5,none,True,True
116963,1.0,0.0039,0.5,none,True,True
116964,1.0,0.0038,0.5,none,True,True
116965,1.0,0.0037,0.5,none,True,True
116966,1.0,0.0035,0.5,none,True,True
116967,1.0,0.0033,0.5,none,True,True
116968,1.0,0.0032,0.5,none,True,True
116969,1.0,0.003,0.5,none,True,True
116970,1.0,0.0028,0.5,none,True,True
116971,1.0,0.0026,0.5,none,True,True
116972,1.0,0.0024,0.5,none,True,True
116973,1.0,0.0023,0.5,none,True,True
116974,1.0,0.0021,0.5,none,True,True
116975,1.0,0.0019,0.5,none,True,True
116976,1.0,0.0018,0.5,none,True,True
116977,1.0,0.0017,0.5,none,True,True
116978,1.0,0.0015,0.5,none,True,True
116979,1.0,0.0014,0.5,none,True,True
116980,1.0,0.0013,0.5,none,True,True
116981,1.0,0.0013,0.5,none,True,True
116982,1.0,0.0012,0.5,none,True,True
116983,1.0,0.0011,0.5,none,True,True
116984,1.0,0.0011,0.5,none,True,True
116985,1.0,0.001,0.5,none,True,True
116986,1.0,0.001,0.5,none,True,True
116987,1.0,0.0009,0.5,none,True,True
116988,1.0,0.0009,0.5,none,True,True
116989,1.0,0.0008,0.5,none,True,True
116990,1.0,0.0008,0.5,none,True,True
116991,1.0,0.0008,0.5,none,True,True
116992,1.0,0.0007,0.5,none,True,True
116993,1.0,0.0007,0.5,none,True,True
116994,1.0,0.0006,0.5,none,True,True
116995,1.0,0.0006,0.5,none,True,True
116996,1.0,0.0006,0.5,none,True,True
116997,1.0,0.0005,0.5,none,True,True
116998,1.0,0.0005,0.5,none,True,True
116999,1.0,0.0005,0.5,none,True,True
117000,1.0,0.0004,0.5,none,True,True
117001,1.0,0.0004,0.5,none,True,True
117002,1.0,0.0004,0.5,none,True,True
117003,1.0,0.0004,0.5,none,True,True
117004,1.0,0.0003,0.5,none,True,True
117005,1.0,0.0003,0.5,none,True,True
117006,1.0,0.0003,0.5,none,True,True
117007,1.0,0.0003,0.5,none,True,True
117008,1.0,0.0003,0.5,none,True,True
117009,1.0,0.0003,0.5,none,True,True
117010,1.0,0.0002,0.5,none,True,True
117011,1.0,0.0002,0.5,none,True,True
117012,1.0,0.0002,0.5,none,True,True
117013,1.0,0.0002,0.5,none,True,True
117014,1.0,0.0002,0.5,none,True,True
117015,1.0,0.0002,0.5,none,True,True
117016,1.0,0.0002,0.5,none,True,True
117017,1.0,0.0002,0.5,none,True,True
117018,1.0,0.0002,0.5,none,True,True
117019,1.0,0.0001,0.5,none,True,True
117020,1.0,0.0001,0.5,none,True,True
117021,1.0,0.0001,0.5,none,True,True
117022,1.0,0.0001,0.5,none,True,True
117023,1.0,0.0001,0.5,none,True,True
117024,1.0,0.0001,0.5,none,True,True
117025,1.0,0.0001,0.5,none,True,True
117026,1.0,0.0001,0.5,none,True,True
117027,1.0,0.0001,0.5,none,True,True
117028,1.0,0.0001,0.5,none,True,True
117029,1.0,0.0001,0.5,none,True,True
117030,1.0,0.0001,0.5,none,True,True
117031,1.0,0.0001,0.5,none,True,True
117032,1.0,0.0001,0.5,none,True,True
117033,1.0,0.0001,0.5,none,True,True
117034,1.0,0.0001,0.5,none,True,True
117035,1.0,0.0001,0.5,none,True,True
117036,1.0,0.0001,0.5,none,True,True
117037,1.0,0.0,0.5,none,True,True
117038,1.0,0.0,0.5,none,True,True
117039,1.0,0.0,0.5,none,True,True
117040,1.0,0.0,0.5,none,True,True
117041,1.0,0.0,0.5,none,True,True
117042,1.0,0.0,0.5,none,True,True
117043,1.0,0.0,0.5,none,True,True
117044,1.0,0.0,0.5,none,True,True
117045,1.0,0.0,0.5,none,True,True
117046,1.0,0.0,0.5,none,True,True
117047,1.0,0.0,0.5,none,True,True
117048,1.0,0.0,0.5,none,True,True
117049,1.0,0.0,0.5,none,True,True
117050,1.0,0.0,0.5,none,True,True
117051,1.0,0.0,0.5,none,True,True
117052,1.0,0.0,0.5,none,True,True
117053,1.0,0.0,0.5,none,True,True
117054,1.0,0.0,0.5,none,True,True
117055,1.0,0.0,0.5,none,True,True
117056,1.0,0.0,0.5,none,True,True
117057,1.0,0.0,0.5,none,True,True
117058,1.0,0.0,0.5,none,True,True
117059,1.0,0.0,0.5,none,True,True
117060,1.0,0.0,0.5,none,True,True
117061,1.0,0.0,0.5,none,True,True
117062,1.0,0.0,0.5,none,True,True
117063,1.0,0.0,0.5,none,True,True
117064,1.0,0.0,0.5,none,True,True
117065,1.0,0.0,0.5,none,True,True
117066,1.0,0.0,0.5,none,True,True
117067,1.0,0.0,0.5,none,True,True
117068,1.0,0.0,0.5,none,True,True
117069,1.0,0.0,0.5,none,True,True
117070,1.0,0.0,0.5,none,True,True
117071,1.0,0.0,0.5,none,True,True
117072,1.0,0.0,0.5,none,True,True
117073,1.0,0.0,0.5,none,True,True
117074,1.0,0.0,0.5,none,True,True
117075,1.0,0.0,0.5,none,True,True
117076,1.0,0.0,0.5,none,True,True
117077,1.0,0.0,0.5,none,True,True
117078,1.0,0.0,0.5,none,True,True
117079,1.0,0.0,0.5,none,True,True
117080,1.0,0.0,0.5,none,True,True
117081,1.0,0.0,0.5,none,True,True
117082,1.0,0.0,0.5,none,True,True
117083,1.0,0.0,0.5,none,True,True
117084,1.0,0.0,0.5,none,True,True
117085,1.0,0.0,0.5,none,True,True
117086,1.0,0.0,0.5,none,True,True
117087,1.0,0.0,0.5,none,True,True
117088,1.0,0.0,0.5,none,True,True
117089,1.0,0.0,0.5,none,True,True
117090,1.0,0.0,0.5,none,True,True
117091,1.0,0.0,0.5,none,True,True
117092,1.0,0.0,0.5,none,True,True
117093,1.0,0.0,0.5,none,True,True
117094,1.0,0.0,0.5,none,True,True
117095,1.0,0.0,0.5,none,True,True
117096,1.0,0.0,0.5,none,True,True
117097,1.0,0.0,0.5,none,True,True
117098,1.0,0.0,0.5,none,True,True
117099,1.0,0.0,0.5,none,True,True
117100,1.0,0.0,0.5,none,True,True
117101,1.0,0.0,0.5,none,True,True
117102,1.0,0.0,0.5,none,True,True
117103,1.0,0.0,0.5,none,True,True
117104,1.0,0.0,0.5,none,True,True
117105,1.0,0.0,0.5,none,True,True
117106,1.0,0.0,0.5,none,True,True
117107,1.0,0.0,0.5,none,True,True
117108,1.0,0.0,0.5,none,True,True
117109,1.0,0.0,0.5,none,True,True
117110,1.0,0.0,0.5,none,True,True
117111,1.0,0.0,0.5,none,True,True
117112,1.0,0.0,0.5,none,True,True
117113,1.0,0.0,0.5,none,True,True
117114,1.0,0.0,0.5,none,True,True
117115,1.0,0.0,0.5,none,True,True
117116,1.0,0.0,0.5,none,True,True
117117,1.0,0.0,0.5,none,True,True
117118,1.0,0.0,0.5,none,True,True
117119,1.0,0.0,0.5,none,True,True
117120,1.0,0.0,0.5,none,True,True
117121,1.0,0.0,0.5,none,True,True
117122,1.0,0.0,0.5,none,True,True
117123,1.0,0.0,0.5,none,True,True
117124,1.0,0.0,0.5,none,True,True
117125,1.0,0.0,0.5,none,True,True
117126,1.0,0.0,0.5,none,True,True
117127,1.0,0.0,0.5,none,True,True
117128,1.0,0.0,0.5,none,True,True
117129,1.0,0.0,0.5,none,True,True
117130,1.0,0.0,0.5,none,True,True
117131,1.0,0.0,0.5,none,True,True
117132,1.0,0.0,0.5,none,True,True
117133,1.0,0.0,0.5,none,True,True
117134,1.0,0.0,0.5,none,True,True
117135,1.0,0.0,0.5,none,True,True
117136,1.0,0.0,0.5,none,True,True
117137,1.0,0.0,0.5,none,True,True
117138,1.0,0.0,0.5,none,True,True
117139,1.0,0.0,0.5,none,True,True
117140,1.0,0.0,0.5,none,True,True
117141,1.0,0.0,0.5,none,True,True
117142,1.0,0.0,0.5,none,True,True
117143,1.0,0.0,0.5,none,True,True
117144,1.0,0.0,0.5,none,True,True
117145,1.0,0.0,0.5,none,True,True
117146,1.0,0.0,0.5,none,True,True
117147,1.0,0.0,0.5,none,True,True
117148,1.0,0.0,0.5,none,True,True
117149,1.0,0.0,0.5,none,True,True
117150,1.0,0.0,0.5,none,True,True
117151,1.0,0.0,0.5,none,True,True
117152,1.0,0.0,0.5,none,True,True
117153,1.0,0.0,0.5,none,True,True
117154,1.0,0.0,0.5,none,True,True
117155,1.0,0.0,0.5,none,True,True
117156,1.0,0.0,0.5,none,True,True
117157,1.0,0.0,0.5,none,True,True
117158,1.0,0.0,0.5,none,True,True
117159,1.0,0.0,0.5,none,True,True
117160,1.0,0.0,0.5,none,True,True
117161,1.0,0.0,0.5,none,True,True
117162,1.0,0.0,0.5,none,True,True
117163,1.0,0.0,0.5,none,True,True
117164,1.0,0.0,0.5,none,True,True
117165,1.0,0.0,0.5,none,True,True
117166,1.0,0.0,0.5,none,True,True
117167,1.0,0.0,0.5,none,True,True
117168,1.0,0.0,0.5,none,True,True
117169,1.0,0.0,0.5,none,True,True
117170,1.0,0.0,0.5,none,True,True
117171,1.0,0.0,0.5,none,True,True
117172,1.0,0.0,0.5,none,True,True
117173,1.0,0.0,0.5,none,True,True
117174,1.0,0.0,0.5,none,True,True
117175,1.0,0.0,0.5,none,True,True
117176,1.0,0.0,0.5,none,True,True
117177,1.0,0.0,0.5,none,True,True
117178,1.0,0.0,0.5,none,True,True
117179,1.0,0.0,0.5,none,True,True
117180,1.0,0.0,0.5,none,True,True
117181,1.0,0.0,0.5,none,True,True
117182,1.0,0.0,0.5,none,True,True
117183,1.0,0.0,0.5,none,True,True
117184,1.0,0.0,0.5,none,True,True
117185,1.0,0.0,0.5,none,True,True
117186,1.0,0.0,0.5,none,True,True
117187,1.0,0.0,0.5,none,True,True
117188,1.0,0.0,0.5,none,True,True
117189,1.0,0.0,0.5,none,True,True
117190,1.0,0.0,0.5,none,True,True
117191,1.0,0.0,0.5,none,True,True
117192,1.0,0.0,0.5,none,True,True
117193,1.0,0.0,0.5,none,True,True
117194,1.0,0.0,0.5,none,True,True
117195,1.0,0.0,0.5,none,True,True
117196,1.0,0.0,0.5,none,True,True
117197,1.0,0.0,0.5,none,True,True
117198,1.0,0.0,0.5,none,True,True
117199,1.0,0.0,0.5,none,True,True
117200,1.0,0.0,0.5,none,True,True
117201,1.0,0.0,0.5,none,True,True
117202,1.0,0.0,0.5,none,True,True
117203,1.0,0.0,0.5,none,True,True
117204,1.0,0.0,0.5,none,True,True
117205,1.0,0.0,0.5,none,True,True
117206,1.0,0.0,0.5,none,True,True
117207,1.0,0.0,0.5,none,True,True
117208,1.0,0.0,0.5,none,True,True
117209,1.0,0.0,0.5,none,True,True
117210,1.0,0.0,0.5,none,True,True
117211,1.0,0.0,0.5,none,True,True
117212,1.0,0.0,0.5,none,True,True
117213,1.0,0.0,0.5,none,True,True
117214,1.0,0.0,0.5,none,True,True
117215,1.0,0.0,0.5,none,True,True
117216,1.0,0.0,0.5,none,True,True
117217,1.0,0.0,0.5,none,True,True
117218,1.0,0.0,0.5,none,True,True
117219,1.0,0.0,0.5,none,True,True
117220,1.0,0.0,0.5,none,True,True
117221,1.0,0.0,0.5,none,True,True
117222,1.0,0.0,0.5,none,True,True
117223,1.0,0.0,0.5,none,True,True
117224,1.0,0.0,0.5,none,True,True
117225,1.0,0.0,0.5,none,True,True
117226,1.0,0.0,0.5,none,True,True
117227,1.0,0.0,0.5,none,True,True
117228,1.0,0.0,0.5,none,True,True
117229,1.0,0.0,0.5,none,True,True
117230,1.0,0.0,0.5,none,True,True
117231,1.0,0.0,0.5,none,True,True
117232,1.0,0.0,0.5,none,True,True
117233,1.0,0.0,0.5,none,True,True
117234,1.0,0.0,0.5,none,True,True
117235,1.0,0.0,0.5,none,True,True
117236,1.0,0.0,0.5,none,True,True
117237,1.0,0.0,0.5,none,True,True
117238,1.0,0.0,0.5,none,True,True
117239,1.0,0.0,0.5,none,True,True
117240,1.0,0.0,0.5,none,True,True
117241,1.0,0.0,0.5,none,True,True
117242,1.0,0.0,0.5,none,True,True
117243,1.0,0.0,0.5,none,True,True
117244,1.0,0.0,0.5,none,True,True
117245,1.0,0.0,0.5,none,True,True
117246,1.0,0.0,0.5,none,True,True
117247,1.0,0.0,0.5,none,True,True
117248,1.0,0.0,0.5,none,True,True
117249,1.0,0.0,0.5,none,True,True
117250,1.0,0.0,0.5,none,True,True
117251,1.0,0.0,0.5,none,True,True
117252,1.0,0.0,0.5,none,True,True
117253,1.0,0.0,0.5,none,True,True
117254,1.0,0.0,0.5,none,True,True
117255,1.0,0.0,0.5,none,True,True
117256,1.0,0.0,0.5,none,True,True
117257,1.0,0.0,0.5,none,True,True
117258,1.0,0.0,0.5,none,True,True
117259,1.0,0.0,0.5,none,True,True
117260,1.0,0.0,0.5,none,True,True
117261,1.0,0.0,0.5,none,True,True
117262,1.0,0.0,0.5,none,True,True
117263,1.0,0.0,0.5,none,True,True
117264,1.0,0.0,0.5,none,True,True
117265,1.0,0.0,0.5,none,True,True
117266,1.0,0.0,0.5,none,True,True
117267,1.0,0.0,0.5,none,True,True
117268,1.0,0.0,0.5,none,True,True
117269,1.0,0.0,0.5,none,True,True
117270,1.0,0.0,0.5,none,True,True
117271,1.0,0.0,0.5,none,True,True
117272,1.0,0.0,0.5,none,True,True
117273,1.0,0.0,0.5,none,True,True
117274,1.0,0.0,0.5,none,True,True
117275,1.0,0.0,0.5,none,True,True
117276,1.0,0.0,0.5,none,True,True
117277,1.0,0.0,0.5,none,True,True
117278,1.0,0.0,0.5,none,True,True
117279,1.0,0.0,0.5,none,True,True
117280,1.0,0.0,0.5,none,True,True
117281,1.0,0.0,0.5,none,True,True
117282,1.0,0.0,0.5,none,True,True
117283,1.0,0.0,0.5,none,True,True
117284,1.0,0.0,0.5,none,True,True
117285,1.0,0.0,0.5,none,True,True
117286,1.0,0.0,0.5,none,True,True
117287,1.0,0.0,0.5,none,True,True
117288,1.0,0.0,0.5,none,True,True
117289,1.0,0.0,0.5,none,True,True
117290,1.0,0.0,0.5,none,True,True
117291,1.0,0.0,0.5,none,True,True
117292,1.0,0.0,0.5,none,True,True
117293,1.0,0.0,0.5,none,True,True
117294,1.0,0.0,0.5,none,True,True
117295,1.0,0.0,0.5,none,True,True
117296,1.0,0.0,0.5,none,True,True
117297,1.0,0.0,0.5,none,True,True
117298,1.0,0.0,0.5,none,True,True
117299,1.0,0.0,0.5,none,True,True
117300,1.0,0.0,0.5,none,True,True
117301,1.0,0.0,0.5,none,True,True
117302,1.0,0.0,0.5,none,True,True
117303,1.0,0.0,0.5,none,True,True
117304,1.0,0.0,0.5,none,True,True
117305,1.0,0.0,0.5,none,True,True
117306,1.0,0.0,0.5,none,True,True
117307,1.0,0.0,0.5,none,True,True
117308,1.0,0.0,0.5,none,True,True
117309,1.0,0.0,0.5,none,True,True
117310,1.0,0.0,0.5,none,True,True
117311,1.0,0.0,0.5,none,True,True
117312,1.0,0.0,0.5,none,True,True
117313,1.0,0.0,0.5,none,True,True
117314,1.0,0.0,0.5,none,True,True
117315,1.0,0.0,0.5,none,True,True
117316,1.0,0.0,0.5,none,True,True
117317,1.0,0.0,0.5,none,True,True
117318,1.0,0.0,0.5,none,True,True
117319,1.0,0.0,0.5,none,True,True
117320,1.0,0.0,0.5,none,True,True
117321,1.0,0.0,0.5,none,True,True
117322,1.0,0.0,0.5,none,True,True
117323,1.0,0.0,0.5,none,True,True
117324,1.0,0.0,0.5,none,True,True
117325,1.0,0.0,0.5,none,True,True
117326,1.0,0.0,0.5,none,True,True
117327,1.0,0.0,0.5,none,True,True
117328,1.0,0.0,0.5,none,True,True
117329,1.0,0.0,0.5,none,True,True
117330,1.0,0.0,0.5,none,True,True
117331,1.0,0.0,0.5,none,True,True
117332,1.0,0.0,0.5,none,True,True
117333,1.0,0.0,0.5,none,True,True
117334,1.0,0.0,0.5,none,True,True
117335,1.0,0.0,0.5,none,True,True
117336,1.0,0.0,0.5,none,True,True
117337,1.0,0.0,0.5,none,True,True
117338,1.0,0.0,0.5,none,True,True
117339,1.0,0.0,0.5,none,True,True
117340,1.0,0.0,0.5,none,True,True
117341,1.0,0.0,0.5,none,True,True
117342,1.0,0.0,0.5,none,True,True
117343,1.0,0.0,0.5,none,True,True
117344,1.0,0.0,0.5,none,True,True
117345,1.0,0.0,0.5,none,True,True
117346,1.0,0.0,0.5,none,True,True
117347,1.0,0.0,0.5,none,True,True
117348,1.0,0.0,0.5,none,True,True
117349,1.0,0.0,0.5,none,True,True
117350,1.0,0.0,0.5,none,True,True
117351,1.0,0.0,0.5,none,True,True
117352,1.0,0.0,0.5,none,True,True
117353,1.0,0.0,0.5,none,True,True
117354,1.0,0.0,0.5,none,True,True
117355,1.0,0.0,0.5,none,True,True
117356,1.0,0.0,0.5,none,True,True
117357,1.0,0.0,0.5,none,True,True
117358,1.0,0.0,0.5,none,True,True
117359,1.0,0.0,0.5,none,True,True
117360,1.0,0.0,0.5,none,True,True
117361,1.0,0.0,0.5,none,True,True
117362,1.0,0.0,0.5,none,True,True
117363,1.0,0.0,0.5,none,True,True
117364,1.0,0.0,0.5,none,True,True
117365,1.0,0.0,0.5,none,True,True
117366,1.0,0.0,0.5,none,True,True
117367,1.0,0.0,0.5,none,True,True
117368,1.0,0.0,0.5,none,True,True
117369,1.0,0.0,0.5,none,True,True
117370,1.0,0.0,0.5,none,True,True
117371,1.0,0.0,0.5,none,True,True
117372,1.0,0.0,0.5,none,True,True
117373,1.0,0.0,0.5,none,True,True
117374,1.0,0.0,0.5,none,True,True
117375,1.0,0.0,0.5,none,True,True
117376,1.0,0.0,0.5,none,True,True
117377,1.0,0.0,0.5,none,True,True
117378,1.0,0.0,0.5,none,True,True
117379,1.0,0.0,0.5,none,True,True
117380,1.0,0.0,0.5,none,True,True
117381,1.0,0.0,0.5,none,True,True
117382,1.0,0.0,0.5,none,True,True
117383,1.0,0.0,0.5,none,True,True
117384,1.0,0.0,0.5,none,True,True
117385,1.0,0.0,0.5,none,True,True
117386,1.0,0.0,0.5,none,True,True
117387,1.0,0.0,0.5,none,True,True
117388,1.0,0.0,0.5,none,True,True
117389,1.0,0.0,0.5,none,True,True
117390,1.0,0.0,0.5,none,True,True
117391,1.0,0.0,0.5,none,True,True
117392,1.0,0.0,0.5,none,True,True
117393,1.0,0.0,0.5,none,True,True
117394,1.0,0.0,0.5,none,True,True
117395,1.0,0.0,0.5,none,True,True
117396,1.0,0.0,0.5,none,True,True
117397,1.0,0.0,0.5,none,True,True
117398,1.0,0.0,0.5,none,True,True
117399,1.0,0.0,0.5,none,True,True
117400,1.0,0.0,0.5,none,True,True
117401,1.0,0.0,0.5,none,True,True
117402,1.0,0.0,0.5,none,True,True
117403,1.0,0.0,0.5,none,True,True
117404,1.0,0.0,0.5,none,True,True
117405,1.0,0.0,0.5,none,True,True
117406,1.0,0.0,0.5,none,True,True
117407,1.0,0.0,0.5,none,True,True
117408,1.0,0.0,0.5,none,True,True
117409,1.0,0.0,0.5,none,True,True
117410,1.0,0.0,0.5,none,True,True
117411,1.0,0.0,0.5,none,True,True
117412,1.0,0.0,0.5,none,True,True
117413,1.0,0.0,0.5,none,True,True
117414,1.0,0.0,0.5,none,True,True
117415,1.0,0.0,0.5,none,True,True
117416,1.0,0.0,0.5,none,True,True
117417,1.0,0.0,0.5,none,True,True
117418,1.0,0.0,0.5,none,True,True
117419,1.0,0.0,0.5,none,True,True
117420,1.0,0.0,0.5,none,True,True
117421,1.0,0.0,0.5,none,True,True
117422,1.0,0.0,0.5,none,True,True
117423,1.0,0.0,0.5,none,True,True
117424,1.0,0.0,0.5,none,True,True
117425,1.0,0.0,0.5,none,True,True
117426,1.0,0.0,0.5,none,True,True
117427,1.0,0.0,0.5,none,True,True
117428,1.0,0.0,0.5,none,True,True
117429,1.0,0.0,0.5,none,True,True
117430,1.0,0.0,0.5,none,True,True
117431,1.0,0.0,0.5,none,True,True
117432,1.0,0.0,0.5,none,True,True
117433,1.0,0.0,0.5,none,True,True
117434,1.0,0.0,0.5,none,True,True
117435,1.0,0.0,0.5,none,True,True
117436,1.0,0.0,0.5,none,True,True
117437,1.0,0.0,0.5,none,True,True
117438,1.0,0.0,0.5,none,True,True
117439,1.0,0.0,0.5,none,True,True
117440,1.0,0.0,0.5,none,True,True
117441,1.0,0.0,0.5,none,True,True
117442,1.0,0.0,0.5,none,True,True
117443,1.0,0.0,0.5,none,True,True
117444,1.0,0.0,0.5,none,True,True
117445,1.0,0.0,0.5,none,True,True
117446,1.0,0.0,0.5,none,True,True
117447,1.0,0.0,0.5,none,True,True
117448,1.0,0.0,0.5,none,True,True
117449,1.0,0.0,0.5,none,True,True
117450,1.0,0.0,0.5,none,True,True
117451,1.0,0.0,0.5,none,True,True
117452,1.0,0.0,0.5,none,True,True
117453,1.0,0.0,0.5,none,True,True
117454,1.0,0.0,0.5,none,True,True
117455,1.0,0.0,0.5,none,True,True
117456,1.0,0.0,0.5,none,True,True
117457,1.0,0.0,0.5,none,True,True
117458,1.0,0.0,0.5,none,True,True
117459,1.0,0.0,0.5,none,True,True
117460,1.0,0.0,0.5,none,True,True
117461,1.0,0.0,0.5,none,True,True
117462,1.0,0.0,0.5,none,True,True
117463,1.0,0.0,0.5,none,True,True
117464,1.0,0.0,0.5,none,True,True
117465,1.0,0.0,0.5,none,True,True
117466,1.0,0.0,0.5,none,True,True
117467,1.0,0.0,0.5,none,True,True
117468,1.0,0.0,0.5,none,True,True
117469,1.0,0.0,0.5,none,True,True
117470,1.0,0.0,0.5,none,True,True
117471,1.0,0.0,0.5,none,True,True
117472,1.0,0.0,0.5,none,True,True
117473,1.0,0.0,0.5,none,True,True
117474,1.0,0.0,0.5,none,True,True
117475,1.0,0.0,0.5,none,True,True
117476,1.0,0.0,0.5,none,True,True
117477,1.0,0.0,0.5,none,True,True
117478,1.0,0.0,0.5,none,True,True
117479,1.0,0.0,0.5,none,True,True
117480,1.0,0.0,0.5,none,True,True
117481,1.0,0.0,0.5,none,True,True
117482,1.0,0.0,0.5,none,True,True
117483,1.0,0.0,0.5,none,True,True
117484,1.0,0.0,0.5,none,True,True
117485,1.0,0.0,0.5,none,True,True
117486,1.0,0.0,0.5,none,True,True
117487,1.0,0.0,0.5,none,True,True
117488,1.0,0.0,0.5,none,True,True
117489,1.0,0.0,0.5,none,True,True
117490,1.0,0.0,0.5,none,True,True
117491,1.0,0.0,0.5,none,True,True
117492,1.0,0.0,0.5,none,True,True
117493,1.0,0.0,0.5,none,True,True
117494,1.0,0.0,0.5,none,True,True
117495,1.0,0.0,0.5,none,True,True
117496,1.0,0.0,0.5,none,True,True
117497,1.0,0.0,0.5,none,True,True
117498,1.0,0.0,0.5,none,True,True
117499,1.0,0.0,0.5,none,True,True
117500,1.0,0.0,0.5,none,True,True
117501,1.0,0.0,0.5,none,True,True
117502,1.0,0.0,0.5,none,True,True
117503,1.0,0.0,0.5,none,True,True
117504,1.0,0.0,0.5,none,True,True
117505,1.0,0.0,0.5,none,True,True
117506,1.0,0.0,0.5,none,True,True
117507,1.0,0.0,0.5,none,True,True
117508,1.0,0.0,0.5,none,True,True
117509,1.0,0.0,0.5,none,True,True
117510,1.0,0.0,0.5,none,True,True
117511,1.0,0.0,0.5,none,True,True
117512,1.0,0.0,0.5,none,True,True
117513,1.0,0.0,0.5,none,True,True
117514,1.0,0.0,0.5,none,True,True
117515,1.0,0.0,0.5,none,True,True
117516,1.0,0.0,0.5,none,True,True
117517,1.0,0.0,0.5,none,True,True
117518,1.0,0.0,0.5,none,True,True
117519,1.0,0.0,0.5,none,True,True
117520,1.0,0.0,0.5,none,True,True
117521,1.0,0.0,0.5,none,True,True
117522,1.0,0.0,0.5,none,True,True
117523,1.0,0.0,0.5,none,True,True
117524,1.0,0.0,0.5,none,True,True
117525,1.0,0.0,0.5,none,True,True
117526,1.0,0.0,0.5,none,True,True
117527,1.0,0.0,0.5,none,True,True
117528,1.0,0.0,0.5,none,True,True
117529,1.0,0.0,0.5,none,True,True
117530,1.0,0.0,0.5,none,True,True
117531,1.0,0.0,0.5,none,True,True
117532,1.0,0.0,0.5,none,True,True
117533,1.0,0.0,0.5,none,True,True
117534,1.0,0.0,0.5,none,True,True
117535,1.0,0.0,0.5,none,True,True
117536,1.0,0.0,0.5,none,True,True
117537,1.0,0.0,0.5,none,True,True
117538,1.0,0.0,0.5,none,True,True
117539,1.0,0.0,0.5,none,True,True
117540,1.0,0.0,0.5,none,True,True
117541,1.0,0.0,0.5,none,True,True
117542,1.0,0.0,0.5,none,True,True
117543,1.0,0.0,0.5,none,True,True
117544,1.0,0.0,0.5,none,True,True
117545,1.0,0.0,0.5,none,True,True
117546,1.0,0.0,0.5,none,True,True
117547,1.0,0.0,0.5,none,True,True
117548,1.0,0.0,0.5,none,True,True
117549,1.0,0.0,0.5,none,True,True
117550,1.0,0.0,0.5,none,True,True
117551,1.0,0.0,0.5,none,True,True
117552,1.0,0.0,0.5,none,True,True
117553,1.0,0.0,0.5,none,True,True
117554,1.0,0.0,0.5,none,True,True
117555,1.0,0.0,0.5,none,True,True
117556,1.0,0.0,0.5,none,True,True
117557,1.0,0.0,0.5,none,True,True
117558,1.0,0.0,0.5,none,True,True
117559,1.0,0.0,0.5,none,True,True
117560,1.0,0.0,0.5,none,True,True
117561,1.0,0.0,0.5,none,True,True
117562,1.0,0.0,0.5,none,True,True
117563,1.0,0.0,0.5,none,True,True
117564,1.0,0.0,0.5,none,True,True
117565,1.0,0.0,0.5,none,True,True
117566,1.0,0.0,0.5,none,True,True
117567,1.0,0.0,0.5,none,True,True
117568,1.0,0.0,0.5,none,True,True
117569,1.0,0.0,0.5,none,True,True
117570,1.0,0.0,0.5,none,True,True
117571,1.0,0.0,0.5,none,True,True
117572,1.0,0.0,0.5,none,True,True
117573,1.0,0.0,0.5,none,True,True
117574,1.0,0.0,0.5,none,True,True
117575,1.0,0.0,0.5,none,True,True
117576,1.0,0.0,0.5,none,True,True
117577,1.0,0.0,0.5,none,True,True
117578,1.0,0.0,0.5,none,True,True
117579,1.0,0.0,0.5,none,True,True
117580,1.0,0.0,0.5,none,True,True
117581,1.0,0.0,0.5,none,True,True
117582,1.0,0.0,0.5,none,True,True
117583,1.0,0.0,0.5,none,True,True
117584,1.0,0.0,0.5,none,True,True
117585,1.0,0.0,0.5,none,True,True
117586,1.0,0.0,0.5,none,True,True
117587,1.0,0.0,0.5,none,True,True
117588,1.0,0.0,0.5,none,True,True
117589,1.0,0.0,0.5,none,True,True
117590,1.0,0.0,0.5,none,True,True
117591,1.0,0.0,0.5,none,True,True
117592,1.0,0.0,0.5,none,True,True
117593,1.0,0.0,0.5,none,True,True
117594,1.0,0.0,0.5,none,True,True
117595,1.0,0.0,0.5,none,True,True
117596,1.0,0.0,0.5,none,True,True
117597,1.0,0.0,0.5,none,True,True
117598,1.0,0.0,0.5,none,True,True
117599,1.0,0.0,0.5,none,True,True
117600,1.0,0.0061,0.5,none,True,True
117601,1.0,0.0357,0.5,none,True,True
117602,1.0,0.0812,0.5,none,True,True
117603,1.0,0.1113,0.5,none,True,True
117604,1.0,0.1253,0.5,none,True,True
117605,1.0,0.1408,0.5,none,True,True
117606,1.0,0.0907,0.5,none,True,True
117607,1.0,0.1198,0.5,none,True,True
117608,1.0,0.0467,0.5,none,True,True
117609,1.0,0.0522,0.5,none,True,True
117610,1.0,0.0405,0.5,none,True,True
117611,1.0,0.0313,0.5,none,True,True
117612,1.0,0.0083,0.5,none,True,True
117613,1.0,0.0726,0.5,none,True,True
117614,1.0,0.0793,0.5,none,True,True
117615,1.0,0.0581,0.5,none,True,True
117616,1.0,0.0955,0.5,none,True,True
117617,1.0,0.0839,0.5,none,True,True
117618,1.0,0.0648,0.5,none,True,True
117619,1.0,0.0718,0.5,none,True,True
117620,1.0,0.0589,0.5,none,True,True
117621,1.0,0.0403,0.5,none,True,True
117622,1.0,0.0327,0.5,none,True,True
117623,1.0,0.0277,0.5,none,True,True
117624,1.0,0.017,0.5,none,True,True
117625,1.0,0.0102,0.5,none,True,True
117626,1.0,0.0099,0.5,none,True,True
117627,1.0,0.008,0.5,none,True,True
117628,1.0,0.005,0.5,none,True,True
117629,1.0,0.0063,0.5,none,True,True
117630,1.0,0.009,0.5,none,True,True
117631,1.0,0.0096,0.5,none,True,True
117632,1.0,0.0108,0.5,none,True,True
117633,1.0,0.014,0.5,none,True,True
117634,1.0,0.0161,0.5,none,True,True
117635,1.0,0.0167,0.5,none,True,True
117636,1.0,0.0182,0.5,none,True,True
117637,1.0,0.0196,0.5,none,True,True
117638,1.0,0.0197,0.5,none,True,True
117639,1.0,0.0193,0.5,none,True,True
117640,1.0,0.0193,0.5,none,True,True
117641,1.0,0.0187,0.5,none,True,True
117642,1.0,0.0174,0.5,none,True,True
117643,1.0,0.0163,0.5,none,True,True
117644,1.0,0.0152,0.5,none,True,True
117645,1.0,0.0138,0.5,none,True,True
117646,1.0,0.0123,0.5,none,True,True
117647,1.0,0.0111,0.5,none,True,True
117648,1.0,0.01,0.5,none,True,True
117649,1.0,0.0088,0.5,none,True,True
117650,1.0,0.0078,0.5,none,True,True
117651,1.0,0.0071,0.5,none,True,True
117652,1.0,0.0064,0.5,none,True,True
117653,1.0,0.0057,0.5,none,True,True
117654,1.0,0.0053,0.5,none,True,True
117655,1.0,0.005,0.5,none,True,True
117656,1.0,0.0047,0.5,none,True,True
117657,1.0,0.0045,0.5,none,True,True
117658,1.0,0.0044,0.5,none,True,True
117659,1.0,0.0043,0.5,none,True,True
117660,1.0,0.0042,0.5,none,True,True
117661,1.0,0.0041,0.5,none,True,True
117662,1.0,0.004,0.5,none,True,True
117663,1.0,0.0039,0.5,none,True,True
117664,1.0,0.0038,0.5,none,True,True
117665,1.0,0.0037,0.5,none,True,True
117666,1.0,0.0035,0.5,none,True,True
117667,1.0,0.0033,0.5,none,True,True
117668,1.0,0.0032,0.5,none,True,True
117669,1.0,0.003,0.5,none,True,True
117670,1.0,0.0028,0.5,none,True,True
117671,1.0,0.0026,0.5,none,True,True
117672,1.0,0.0024,0.5,none,True,True
117673,1.0,0.0023,0.5,none,True,True
117674,1.0,0.0021,0.5,none,True,True
117675,1.0,0.0019,0.5,none,True,True
117676,1.0,0.0018,0.5,none,True,True
117677,1.0,0.0017,0.5,none,True,True
117678,1.0,0.0015,0.5,none,True,True
117679,1.0,0.0014,0.5,none,True,True
117680,1.0,0.0013,0.5,none,True,True
117681,1.0,0.0013,0.5,none,True,True
117682,1.0,0.0012,0.5,none,True,True
117683,1.0,0.0011,0.5,none,True,True
117684,1.0,0.0011,0.5,none,True,True
117685,1.0,0.001,0.5,none,True,True
117686,1.0,0.001,0.5,none,True,True
117687,1.0,0.0009,0.5,none,True,True
117688,1.0,0.0009,0.5,none,True,True
117689,1.0,0.0008,0.5,none,True,True
117690,1.0,0.0008,0.5,none,True,True
117691,1.0,0.0008,0.5,none,True,True
117692,1.0,0.0007,0.5,none,True,True
117693,1.0,0.0007,0.5,none,True,True
117694,1.0,0.0006,0.5,none,True,True
117695,1.0,0.0006,0.5,none,True,True
117696,1.0,0.0006,0.5,none,True,True
117697,1.0,0.0005,0.5,none,True,True
117698,1.0,0.0005,0.5,none,True,True
117699,1.0,0.0005,0.5,none,True,True
117700,1.0,0.0004,0.5,none,True,True
117701,1.0,0.0004,0.5,none,True,True
117702,1.0,0.0004,0.5,none,True,True
117703,1.0,0.0004,0.5,none,True,True
117704,1.0,0.0003,0.5,none,True,True
117705,1.0,0.0003,0.5,none,True,True
117706,1.0,0.0003,0.5,none,True,True
117707,1.0,0.0003,0.5,none,True,True
117708,1.0,0.0003,0.5,none,True,True
117709,1.0,0.0003,0.5,none,True,True
117710,1.0,0.0002,0.5,none,True,True
117711,1.0,0.0002,0.5,none,True,True
117712,1.0,0.0002,0.5,none,True,True
117713,1.0,0.0002,0.5,none,True,True
117714,1.0,0.0002,0.5,none,True,True
117715,1.0,0.0002,0.5,none,True,True
117716,1.0,0.0002,0.5,none,True,True
117717,1.0,0.0002,0.5,none,True,True
117718,1.0,0.0002,0.5,none,True,True
117719,1.0,0.0001,0.5,none,True,True
117720,1.0,0.0001,0.5,none,True,True
117721,1.0,0.0001,0.5,none,True,True
117722,1.0,0.0001,0.5,none,True,True
117723,1.0,0.0001,0.5,none,True,True
117724,1.0,0.0001,0.5,none,True,True
117725,1.0,0.0001,0.5,none,True,True
117726,1.0,0.0001,0.5,none,True,True
117727,1.0,0.0001,0.5,none,True,True
117728,1.0,0.0001,0.5,none,True,True
117729,1.0,0.0001,0.5,none,True,True
117730,1.0,0.0001,0.5,none,True,True
117731,1.0,0.0001,0.5,none,True,True
117732,1.0,0.0001,0.5,none,True,True
117733,1.0,0.0001,0.5,none,True,True
117734,1.0,0.0001,0.5,none,True,True
117735,1.0,0.0001,0.5,none,True,True
117736,1.0,0.0001,0.5,none,True,True
117737,1.0,0.0,0.5,none,True,True
117738,1.0,0.0,0.5,none,True,True
117739,1.0,0.0,0.5,none,True,True
117740,1.0,0.0,0.5,none,True,True
117741,1.0,0.0,0.5,none,True,True
117742,1.0,0.0,0.5,none,True,True
117743,1.0,0.0,0.5,none,True,True
117744,1.0,0.0,0.5,none,True,True
117745,1.0,0.0,0.5,none,True,True
117746,1.0,0.0,0.5,none,True,True
117747,1.0,0.0,0.5,none,True,True
117748,1.0,0.0,0.5,none,True,True
117749,1.0,0.0,0.5,none,True,True
117750,1.0,0.0,0.5,none,True,True
117751,1.0,0.0,0.5,none,True,True
117752,1.0,0.0,0.5,none,True,True
117753,1.0,0.0,0.5,none,True,True
117754,1.0,0.0,0.5,none,True,True
117755,1.0,0.0,0.5,none,True,True
117756,1.0,0.0,0.5,none,True,True
117757,1.0,0.0,0.5,none,True,True
117758,1.0,0.0,0.5,none,True,True
117759,1.0,0.0,0.5,none,True,True
117760,1.0,0.0,0.5,none,True,True
117761,1.0,0.0,0.5,none,True,True
117762,1.0,0.0,0.5,none,True,True
117763,1.0,0.0,0.5,none,True,True
117764,1.0,0.0,0.5,none,True,True
117765,1.0,0.0,0.5,none,True,True
117766,1.0,0.0,0.5,none,True,True
117767,1.0,0.0,0.5,none,True,True
117768,1.0,0.0,0.5,none,True,True
117769,1.0,0.0,0.5,none,True,True
117770,1.0,0.0,0.5,none,True,True
117771,1.0,0.0,0.5,none,True,True
117772,1.0,0.0,0.5,none,True,True
117773,1.0,0.0,0.5,none,True,True
117774,1.0,0.0,0.5,none,True,True
117775,1.0,0.0,0.5,none,True,True
117776,1.0,0.0,0.5,none,True,True
117777,1.0,0.0,0.5,none,True,True
117778,1.0,0.0,0.5,none,True,True
117779,1.0,0.0,0.5,none,True,True
117780,1.0,0.0,0.5,none,True,True
117781,1.0,0.0,0.5,none,True,True
117782,1.0,0.0,0.5,none,True,True
117783,1.0,0.0,0.5,none,True,True
117784,1.0,0.0,0.5,none,True,True
117785,1.0,0.0,0.5,none,True,True
117786,1.0,0.0,0.5,none,True,True
117787,1.0,0.0,0.5,none,True,True
117788,1.0,0.0,0.5,none,True,True
117789,1.0,0.0,0.5,none,True,True
117790,1.0,0.0,0.5,none,True,True
117791,1.0,0.0,0.5,none,True,True
117792,1.0,0.0,0.5,none,True,True
117793,1.0,0.0,0.5,none,True,True
117794,1.0,0.0,0.5,none,True,True
117795,1.0,0.0,0.5,none,True,True
117796,1.0,0.0,0.5,none,True,True
117797,1.0,0.0,0.5,none,True,True
117798,1.0,0.0,0.5,none,True,True
117799,1.0,0.0,0.5,none,True,True
117800,1.0,0.0,0.5,none,True,True
117801,1.0,0.0,0.5,none,True,True
117802,1.0,0.0,0.5,none,True,True
117803,1.0,0.0,0.5,none,True,True
117804,1.0,0.0,0.5,none,True,True
117805,1.0,0.0,0.5,none,True,True
117806,1.0,0.0,0.5,none,True,True
117807,1.0,0.0,0.5,none,True,True
117808,1.0,0.0,0.5,none,True,True
117809,1.0,0.0,0.5,none,True,True
117810,1.0,0.0,0.5,none,True,True
117811,1.0,0.0,0.5,none,True,True
117812,1.0,0.0,0.5,none,True,True
117813,1.0,0.0,0.5,none,True,True
117814,1.0,0.0,0.5,none,True,True
117815,1.0,0.0,0.5,none,True,True
117816,1.0,0.0,0.5,none,True,True
117817,1.0,0.0,0.5,none,True,True
117818,1.0,0.0,0.5,none,True,True
117819,1.0,0.0,0.5,none,True,True
117820,1.0,0.0,0.5,none,True,True
117821,1.0,0.0,0.5,none,True,True
117822,1.0,0.0,0.5,none,True,True
117823,1.0,0.0,0.5,none,True,True
117824,1.0,0.0,0.5,none,True,True
117825,1.0,0.0,0.5,none,True,True
117826,1.0,0.0,0.5,none,True,True
117827,1.0,0.0,0.5,none,True,True
117828,1.0,0.0,0.5,none,True,True
117829,1.0,0.0,0.5,none,True,True
117830,1.0,0.0,0.5,none,True,True
117831,1.0,0.0,0.5,none,True,True
117832,1.0,0.0,0.5,none,True,True
117833,1.0,0.0,0.5,none,True,True
117834,1.0,0.0,0.5,none,True,True
117835,1.0,0.0,0.5,none,True,True
117836,1.0,0.0,0.5,none,True,True
117837,1.0,0.0,0.5,none,True,True
117838,1.0,0.0,0.5,none,True,True
117839,1.0,0.0,0.5,none,True,True
117840,1.0,0.0,0.5,none,True,True
117841,1.0,0.0,0.5,none,True,True
117842,1.0,0.0,0.5,none,True,True
117843,1.0,0.0,0.5,none,True,True
117844,1.0,0.0,0.5,none,True,True
117845,1.0,0.0,0.5,none,True,True
117846,1.0,0.0,0.5,none,True,True
117847,1.0,0.0,0.5,none,True,True
117848,1.0,0.0,0.5,none,True,True
117849,1.0,0.0,0.5,none,True,True
117850,1.0,0.0,0.5,none,True,True
117851,1.0,0.0,0.5,none,True,True
117852,1.0,0.0,0.5,none,True,True
117853,1.0,0.0,0.5,none,True,True
117854,1.0,0.0,0.5,none,True,True
117855,1.0,0.0,0.5,none,True,True
117856,1.0,0.0,0.5,none,True,True
117857,1.0,0.0,0.5,none,True,True
117858,1.0,0.0,0.5,none,True,True
117859,1.0,0.0,0.5,none,True,True
117860,1.0,0.0,0.5,none,True,True
117861,1.0,0.0,0.5,none,True,True
117862,1.0,0.0,0.5,none,True,True
117863,1.0,0.0,0.5,none,True,True
117864,1.0,0.0,0.5,none,True,True
117865,1.0,0.0,0.5,none,True,True
117866,1.0,0.0,0.5,none,True,True
117867,1.0,0.0,0.5,none,True,True
117868,1.0,0.0,0.5,none,True,True
117869,1.0,0.0,0.5,none,True,True
117870,1.0,0.0,0.5,none,True,True
117871,1.0,0.0,0.5,none,True,True
117872,1.0,0.0,0.5,none,True,True
117873,1.0,0.0,0.5,none,True,True
117874,1.0,0.0,0.5,none,True,True
117875,1.0,0.0,0.5,none,True,True
117876,1.0,0.0,0.5,none,True,True
117877,1.0,0.0,0.5,none,True,True
117878,1.0,0.0,0.5,none,True,True
117879,1.0,0.0,0.5,none,True,True
117880,1.0,0.0,0.5,none,True,True
117881,1.0,0.0,0.5,none,True,True
117882,1.0,0.0,0.5,none,True,True
117883,1.0,0.0,0.5,none,True,True
117884,1.0,0.0,0.5,none,True,True
117885,1.0,0.0,0.5,none,True,True
117886,1.0,0.0,0.5,none,True,True
117887,1.0,0.0,0.5,none,True,True
117888,1.0,0.0,0.5,none,True,True
117889,1.0,0.0,0.5,none,True,True
117890,1.0,0.0,0.5,none,True,True
117891,1.0,0.0,0.5,none,True,True
117892,1.0,0.0,0.5,none,True,True
117893,1.0,0.0,0.5,none,True,True
117894,1.0,0.0,0.5,none,True,True
117895,1.0,0.0,0.5,none,True,True
117896,1.0,0.0,0.5,none,True,True
117897,1.0,0.0,0.5,none,True,True
117898,1.0,0.0,0.5,none,True,True
117899,1.0,0.0,0.5,none,True,True
117900,1.0,0.0,0.5,none,True,True
117901,1.0,0.0,0.5,none,True,True
117902,1.0,0.0,0.5,none,True,True
117903,1.0,0.0,0.5,none,True,True
117904,1.0,0.0,0.5,none,True,True
117905,1.0,0.0,0.5,none,True,True
117906,1.0,0.0,0.5,none,True,True
117907,1.0,0.0,0.5,none,True,True
117908,1.0,0.0,0.5,none,True,True
117909,1.0,0.0,0.5,none,True,True
117910,1.0,0.0,0.5,none,True,True
117911,1.0,0.0,0.5,none,True,True
117912,1.0,0.0,0.5,none,True,True
117913,1.0,0.0,0.5,none,True,True
117914,1.0,0.0,0.5,none,True,True
117915,1.0,0.0,0.5,none,True,True
117916,1.0,0.0,0.5,none,True,True
117917,1.0,0.0,0.5,none,True,True
117918,1.0,0.0,0.5,none,True,True
117919,1.0,0.0,0.5,none,True,True
117920,1.0,0.0,0.5,none,True,True
117921,1.0,0.0,0.5,none,True,True
117922,1.0,0.0,0.5,none,True,True
117923,1.0,0.0,0.5,none,True,True
117924,1.0,0.0,0.5,none,True,True
117925,1.0,0.0,0.5,none,True,True
117926,1.0,0.0,0.5,none,True,True
117927,1.0,0.0,0.5,none,True,True
117928,1.0,0.0,0.5,none,True,True
117929,1.0,0.0,0.5,none,True,True
117930,1.0,0.0,0.5,none,True,True
117931,1.0,0.0,0.5,none,True,True
117932,1.0,0.0,0.5,none,True,True
117933,1.0,0.0,0.5,none,True,True
117934,1.0,0.0,0.5,none,True,True
117935,1.0,0.0,0.5,none,True,True
117936,1.0,0.0,0.5,none,True,True
117937,1.0,0.0,0.5,none,True,True
117938,1.0,0.0,0.5,none,True,True
117939,1.0,0.0,0.5,none,True,True
117940,1.0,0.0,0.5,none,True,True
117941,1.0,0.0,0.5,none,True,True
117942,1.0,0.0,0.5,none,True,True
117943,1.0,0.0,0.5,none,True,True
117944,1.0,0.0,0.5,none,True,True
117945,1.0,0.0,0.5,none,True,True
117946,1.0,0.0,0.5,none,True,True
117947,1.0,0.0,0.5,none,True,True
117948,1.0,0.0,0.5,none,True,True
117949,1.0,0.0,0.5,none,True,True
117950,1.0,0.0,0.5,none,True,True
117951,1.0,0.0,0.5,none,True,True
117952,1.0,0.0,0.5,none,True,True
117953,1.0,0.0,0.5,none,True,True
117954,1.0,0.0,0.5,none,True,True
117955,1.0,0.0,0.5,none,True,True
117956,1.0,0.0,0.5,none,True,True
117957,1.0,0.0,0.5,none,True,True
117958,1.0,0.0,0.5,none,True,True
117959,1.0,0.0,0.5,none,True,True
117960,1.0,0.0,0.5,none,True,True
117961,1.0,0.0,0.5,none,True,True
117962,1.0,0.0,0.5,none,True,True
117963,1.0,0.0,0.5,none,True,True
117964,1.0,0.0,0.5,none,True,True
117965,1.0,0.0,0.5,none,True,True
117966,1.0,0.0,0.5,none,True,True
117967,1.0,0.0,0.5,none,True,True
117968,1.0,0.0,0.5,none,True,True
117969,1.0,0.0,0.5,none,True,True
117970,1.0,0.0,0.5,none,True,True
117971,1.0,0.0,0.5,none,True,True
117972,1.0,0.0,0.5,none,True,True
117973,1.0,0.0,0.5,none,True,True
117974,1.0,0.0,0.5,none,True,True
117975,1.0,0.0,0.5,none,True,True
117976,1.0,0.0,0.5,none,True,True
117977,1.0,0.0,0.5,none,True,True
117978,1.0,0.0,0.5,none,True,True
117979,1.0,0.0,0.5,none,True,True
117980,1.0,0.0,0.5,none,True,True
117981,1.0,0.0,0.5,none,True,True
117982,1.0,0.0,0.5,none,True,True
117983,1.0,0.0,0.5,none,True,True
117984,1.0,0.0,0.5,none,True,True
117985,1.0,0.0,0.5,none,True,True
117986,1.0,0.0,0.5,none,True,True
117987,1.0,0.0,0.5,none,True,True
117988,1.0,0.0,0.5,none,True,True
117989,1.0,0.0,0.5,none,True,True
117990,1.0,0.0,0.5,none,True,True
117991,1.0,0.0,0.5,none,True,True
117992,1.0,0.0,0.5,none,True,True
117993,1.0,0.0,0.5,none,True,True
117994,1.0,0.0,0.5,none,True,True
117995,1.0,0.0,0.5,none,True,True
117996,1.0,0.0,0.5,none,True,True
117997,1.0,0.0,0.5,none,True,True
117998,1.0,0.0,0.5,none,True,True
117999,1.0,0.0,0.5,none,True,True
118000,1.0,0.0,0.5,none,True,True
118001,1.0,0.0,0.5,none,True,True
118002,1.0,0.0,0.5,none,True,True
118003,1.0,0.0,0.5,none,True,True
118004,1.0,0.0,0.5,none,True,True
118005,1.0,0.0,0.5,none,True,True
118006,1.0,0.0,0.5,none,True,True
118007,1.0,0.0,0.5,none,True,True
118008,1.0,0.0,0.5,none,True,True
118009,1.0,0.0,0.5,none,True,True
118010,1.0,0.0,0.5,none,True,True
118011,1.0,0.0,0.5,none,True,True
118012,1.0,0.0,0.5,none,True,True
118013,1.0,0.0,0.5,none,True,True
118014,1.0,0.0,0.5,none,True,True
118015,1.0,0.0,0.5,none,True,True
118016,1.0,0.0,0.5,none,True,True
118017,1.0,0.0,0.5,none,True,True
118018,1.0,0.0,0.5,none,True,True
118019,1.0,0.0,0.5,none,True,True
118020,1.0,0.0,0.5,none,True,True
118021,1.0,0.0,0.5,none,True,True
118022,1.0,0.0,0.5,none,True,True
118023,1.0,0.0,0.5,none,True,True
118024,1.0,0.0,0.5,none,True,True
118025,1.0,0.0,0.5,none,True,True
118026,1.0,0.0,0.5,none,True,True
118027,1.0,0.0,0.5,none,True,True
118028,1.0,0.0,0.5,none,True,True
118029,1.0,0.0,0.5,none,True,True
118030,1.0,0.0,0.5,none,True,True
118031,1.0,0.0,0.5,none,True,True
118032,1.0,0.0,0.5,none,True,True
118033,1.0,0.0,0.5,none,True,True
118034,1.0,0.0,0.5,none,True,True
118035,1.0,0.0,0.5,none,True,True
118036,1.0,0.0,0.5,none,True,True
118037,1.0,0.0,0.5,none,True,True
118038,1.0,0.0,0.5,none,True,True
118039,1.0,0.0,0.5,none,True,True
118040,1.0,0.0,0.5,none,True,True
118041,1.0,0.0,0.5,none,True,True
118042,1.0,0.0,0.5,none,True,True
118043,1.0,0.0,0.5,none,True,True
118044,1.0,0.0,0.5,none,True,True
118045,1.0,0.0,0.5,none,True,True
118046,1.0,0.0,0.5,none,True,True
118047,1.0,0.0,0.5,none,True,True
118048,1.0,0.0,0.5,none,True,True
118049,1.0,0.0,0.5,none,True,True
118050,1.0,0.0,0.5,none,True,True
118051,1.0,0.0,0.5,none,True,True
118052,1.0,0.0,0.5,none,True,True
118053,1.0,0.0,0.5,none,True,True
118054,1.0,0.0,0.5,none,True,True
118055,1.0,0.0,0.5,none,True,True
118056,1.0,0.0,0.5,none,True,True
118057,1.0,0.0,0.5,none,True,True
118058,1.0,0.0,0.5,none,True,True
118059,1.0,0.0,0.5,none,True,True
118060,1.0,0.0,0.5,none,True,True
118061,1.0,0.0,0.5,none,True,True
118062,1.0,0.0,0.5,none,True,True
118063,1.0,0.0,0.5,none,True,True
118064,1.0,0.0,0.5,none,True,True
118065,1.0,0.0,0.5,none,True,True
118066,1.0,0.0,0.5,none,True,True
118067,1.0,0.0,0.5,none,True,True
118068,1.0,0.0,0.5,none,True,True
118069,1.0,0.0,0.5,none,True,True
118070,1.0,0.0,0.5,none,True,True
118071,1.0,0.0,0.5,none,True,True
118072,1.0,0.0,0.5,none,True,True
118073,1.0,0.0,0.5,none,True,True
118074,1.0,0.0,0.5,none,True,True
118075,1.0,0.0,0.5,none,True,True
118076,1.0,0.0,0.5,none,True,True
118077,1.0,0.0,0.5,none,True,True
118078,1.0,0.0,0.5,none,True,True
118079,1.0,0.0,0.5,none,True,True
118080,1.0,0.0,0.5,none,True,True
118081,1.0,0.0,0.5,none,True,True
118082,1.0,0.0,0.5,none,True,True
118083,1.0,0.0,0.5,none,True,True
118084,1.0,0.0,0.5,none,True,True
118085,1.0,0.0,0.5,none,True,True
118086,1.0,0.0,0.5,none,True,True
118087,1.0,0.0,0.5,none,True,True
118088,1.0,0.0,0.5,none,True,True
118089,1.0,0.0,0.5,none,True,True
118090,1.0,0.0,0.5,none,True,True
118091,1.0,0.0,0.5,none,True,True
118092,1.0,0.0,0.5,none,True,True
118093,1.0,0.0,0.5,none,True,True
118094,1.0,0.0,0.5,none,True,True
118095,1.0,0.0,0.5,none,True,True
118096,1.0,0.0,0.5,none,True,True
118097,1.0,0.0,0.5,none,True,True
118098,1.0,0.0,0.5,none,True,True
118099,1.0,0.0,0.5,none,True,True
118100,1.0,0.0,0.5,none,True,True
118101,1.0,0.0,0.5,none,True,True
118102,1.0,0.0,0.5,none,True,True
118103,1.0,0.0,0.5,none,True,True
118104,1.0,0.0,0.5,none,True,True
118105,1.0,0.0,0.5,none,True,True
118106,1.0,0.0,0.5,none,True,True
118107,1.0,0.0,0.5,none,True,True
118108,1.0,0.0,0.5,none,True,True
118109,1.0,0.0,0.5,none,True,True
118110,1.0,0.0,0.5,none,True,True
118111,1.0,0.0,0.5,none,True,True
118112,1.0,0.0,0.5,none,True,True
118113,1.0,0.0,0.5,none,True,True
118114,1.0,0.0,0.5,none,True,True
118115,1.0,0.0,0.5,none,True,True
118116,1.0,0.0,0.5,none,True,True
118117,1.0,0.0,0.5,none,True,True
118118,1.0,0.0,0.5,none,True,True
118119,1.0,0.0,0.5,none,True,True
118120,1.0,0.0,0.5,none,True,True
118121,1.0,0.0,0.5,none,True,True
118122,1.0,0.0,0.5,none,True,True
118123,1.0,0.0,0.5,none,True,True
118124,1.0,0.0,0.5,none,True,True
118125,1.0,0.0,0.5,none,True,True
118126,1.0,0.0,0.5,none,True,True
118127,1.0,0.0,0.5,none,True,True
118128,1.0,0.0,0.5,none,True,True
118129,1.0,0.0,0.5,none,True,True
118130,1.0,0.0,0.5,none,True,True
118131,1.0,0.0,0.5,none,True,True
118132,1.0,0.0,0.5,none,True,True
118133,1.0,0.0,0.5,none,True,True
118134,1.0,0.0,0.5,none,True,True
118135,1.0,0.0,0.5,none,True,True
118136,1.0,0.0,0.5,none,True,True
118137,1.0,0.0,0.5,none,True,True
118138,1.0,0.0,0.5,none,True,True
118139,1.0,0.0,0.5,none,True,True
118140,1.0,0.0,0.5,none,True,True
118141,1.0,0.0,0.5,none,True,True
118142,1.0,0.0,0.5,none,True,True
118143,1.0,0.0,0.5,none,True,True
118144,1.0,0.0,0.5,none,True,True
118145,1.0,0.0,0.5,none,True,True
118146,1.0,0.0,0.5,none,True,True
118147,1.0,0.0,0.5,none,True,True
118148,1.0,0.0,0.5,none,True,True
118149,1.0,0.0,0.5,none,True,True
118150,1.0,0.0,0.5,none,True,True
118151,1.0,0.0,0.5,none,True,True
118152,1.0,0.0,0.5,none,True,True
118153,1.0,0.0,0.5,none,True,True
118154,1.0,0.0,0.5,none,True,True
118155,1.0,0.0,0.5,none,True,True
118156,1.0,0.0,0.5,none,True,True
118157,1.0,0.0,0.5,none,True,True
118158,1.0,0.0,0.5,none,True,True
118159,1.0,0.0,0.5,none,True,True
118160,1.0,0.0,0.5,none,True,True
118161,1.0,0.0,0.5,none,True,True
118162,1.0,0.0,0.5,none,True,True
118163,1.0,0.0,0.5,none,True,True
118164,1.0,0.0,0.5,none,True,True
118165,1.0,0.0,0.5,none,True,True
118166,1.0,0.0,0.5,none,True,True
118167,1.0,0.0,0.5,none,True,True
118168,1.0,0.0,0.5,none,True,True
118169,1.0,0.0,0.5,none,True,True
118170,1.0,0.0,0.5,none,True,True
118171,1.0,0.0,0.5,none,True,True
118172,1.0,0.0,0.5,none,True,True
118173,1.0,0.0,0.5,none,True,True
118174,1.0,0.0,0.5,none,True,True
118175,1.0,0.0,0.5,none,True,True
118176,1.0,0.0,0.5,none,True,True
118177,1.0,0.0,0.5,none,True,True
118178,1.0,0.0,0.5,none,True,True
118179,1.0,0.0,0.5,none,True,True
118180,1.0,0.0,0.5,none,True,True
118181,1.0,0.0,0.5,none,True,True
118182,1.0,0.0,0.5,none,True,True
118183,1.0,0.0,0.5,none,True,True
118184,1.0,0.0,0.5,none,True,True
118185,1.0,0.0,0.5,none,True,True
118186,1.0,0.0,0.5,none,True,True
118187,1.0,0.0,0.5,none,True,True
118188,1.0,0.0,0.5,none,True,True
118189,1.0,0.0,0.5,none,True,True
118190,1.0,0.0,0.5,none,True,True
118191,1.0,0.0,0.5,none,True,True
118192,1.0,0.0,0.5,none,True,True
118193,1.0,0.0,0.5,none,True,True
118194,1.0,0.0,0.5,none,True,True
118195,1.0,0.0,0.5,none,True,True
118196,1.0,0.0,0.5,none,True,True
118197,1.0,0.0,0.5,none,True,True
118198,1.0,0.0,0.5,none,True,True
118199,1.0,0.0,0.5,none,True,True
118200,1.0,0.0,0.5,none,True,True
118201,1.0,0.0,0.5,none,True,True
118202,1.0,0.0,0.5,none,True,True
118203,1.0,0.0,0.5,none,True,True
118204,1.0,0.0,0.5,none,True,True
118205,1.0,0.0,0.5,none,True,True
118206,1.0,0.0,0.5,none,True,True
118207,1.0,0.0,0.5,none,True,True
118208,1.0,0.0,0.5,none,True,True
118209,1.0,0.0,0.5,none,True,True
118210,1.0,0.0,0.5,none,True,True
118211,1.0,0.0,0.5,none,True,True
118212,1.0,0.0,0.5,none,True,True
118213,1.0,0.0,0.5,none,True,True
118214,1.0,0.0,0.5,none,True,True
118215,1.0,0.0,0.5,none,True,True
118216,1.0,0.0,0.5,none,True,True
118217,1.0,0.0,0.5,none,True,True
118218,1.0,0.0,0.5,none,True,True
118219,1.0,0.0,0.5,none,True,True
118220,1.0,0.0,0.5,none,True,True
118221,1.0,0.0,0.5,none,True,True
118222,1.0,0.0,0.5,none,True,True
118223,1.0,0.0,0.5,none,True,True
118224,1.0,0.0,0.5,none,True,True
118225,1.0,0.0,0.5,none,True,True
118226,1.0,0.0,0.5,none,True,True
118227,1.0,0.0,0.5,none,True,True
118228,1.0,0.0,0.5,none,True,True
118229,1.0,0.0,0.5,none,True,True
118230,1.0,0.0,0.5,none,True,True
118231,1.0,0.0,0.5,none,True,True
118232,1.0,0.0,0.5,none,True,True
118233,1.0,0.0,0.5,none,True,True
118234,1.0,0.0,0.5,none,True,True
118235,1.0,0.0,0.5,none,True,True
118236,1.0,0.0,0.5,none,True,True
118237,1.0,0.0,0.5,none,True,True
118238,1.0,0.0,0.5,none,True,True
118239,1.0,0.0,0.5,none,True,True
118240,1.0,0.0,0.5,none,True,True
118241,1.0,0.0,0.5,none,True,True
118242,1.0,0.0,0.5,none,True,True
118243,1.0,0.0,0.5,none,True,True
118244,1.0,0.0,0.5,none,True,True
118245,1.0,0.0,0.5,none,True,True
118246,1.0,0.0,0.5,none,True,True
118247,1.0,0.0,0.5,none,True,True
118248,1.0,0.0,0.5,none,True,True
118249,1.0,0.0,0.5,none,True,True
118250,1.0,0.0,0.5,none,True,True
118251,1.0,0.0,0.5,none,True,True
118252,1.0,0.0,0.5,none,True,True
118253,1.0,0.0,0.5,none,True,True
118254,1.0,0.0,0.5,none,True,True
118255,1.0,0.0,0.5,none,True,True
118256,1.0,0.0,0.5,none,True,True
118257,1.0,0.0,0.5,none,True,True
118258,1.0,0.0,0.5,none,True,True
118259,1.0,0.0,0.5,none,True,True
118260,1.0,0.0,0.5,none,True,True
118261,1.0,0.0,0.5,none,True,True
118262,1.0,0.0,0.5,none,True,True
118263,1.0,0.0,0.5,none,True,True
118264,1.0,0.0,0.5,none,True,True
118265,1.0,0.0,0.5,none,True,True
118266,1.0,0.0,0.5,none,True,True
118267,1.0,0.0,0.5,none,True,True
118268,1.0,0.0,0.5,none,True,True
118269,1.0,0.0,0.5,none,True,True
118270,1.0,0.0,0.5,none,True,True
118271,1.0,0.0,0.5,none,True,True
118272,1.0,0.0,0.5,none,True,True
118273,1.0,0.0,0.5,none,True,True
118274,1.0,0.0,0.5,none,True,True
118275,1.0,0.0,0.5,none,True,True
118276,1.0,0.0,0.5,none,True,True
118277,1.0,0.0,0.5,none,True,True
118278,1.0,0.0,0.5,none,True,True
118279,1.0,0.0,0.5,none,True,True
118280,1.0,0.0,0.5,none,True,True
118281,1.0,0.0,0.5,none,True,True
118282,1.0,0.0,0.5,none,True,True
118283,1.0,0.0,0.5,none,True,True
118284,1.0,0.0,0.5,none,True,True
118285,1.0,0.0,0.5,none,True,True
118286,1.0,0.0,0.5,none,True,True
118287,1.0,0.0,0.5,none,True,True
118288,1.0,0.0,0.5,none,True,True
118289,1.0,0.0,0.5,none,True,True
118290,1.0,0.0,0.5,none,True,True
118291,1.0,0.0,0.5,none,True,True
118292,1.0,0.0,0.5,none,True,True
118293,1.0,0.0,0.5,none,True,True
118294,1.0,0.0,0.5,none,True,True
118295,1.0,0.0,0.5,none,True,True
118296,1.0,0.0,0.5,none,True,True
118297,1.0,0.0,0.5,none,True,True
118298,1.0,0.0,0.5,none,True,True
118299,1.0,0.0,0.5,none,True,True
118300,1.0,0.0061,0.5,none,True,True
118301,1.0,0.0357,0.5,none,True,True
118302,1.0,0.0812,0.5,none,True,True
118303,1.0,0.1113,0.5,none,True,True
118304,1.0,0.1253,0.5,none,True,True
118305,1.0,0.1408,0.5,none,True,True
118306,1.0,0.0907,0.5,none,True,True
118307,1.0,0.1198,0.5,none,True,True
118308,1.0,0.0467,0.5,none,True,True
118309,1.0,0.0522,0.5,none,True,True
118310,1.0,0.0405,0.5,none,True,True
118311,1.0,0.0313,0.5,none,True,True
118312,1.0,0.0083,0.5,none,True,True
118313,1.0,0.0726,0.5,none,True,True
118314,1.0,0.0793,0.5,none,True,True
118315,1.0,0.0581,0.5,none,True,True
118316,1.0,0.0955,0.5,none,True,True
118317,1.0,0.0839,0.5,none,True,True
118318,1.0,0.0648,0.5,none,True,True
118319,1.0,0.0718,0.5,none,True,True
118320,1.0,0.0589,0.5,none,True,True
118321,1.0,0.0403,0.5,none,True,True
118322,1.0,0.0327,0.5,none,True,True
118323,1.0,0.0277,0.5,none,True,True
118324,1.0,0.017,0.5,none,True,True
118325,1.0,0.0102,0.5,none,True,True
118326,1.0,0.0099,0.5,none,True,True
118327,1.0,0.008,0.5,none,True,True
118328,1.0,0.005,0.5,none,True,True
118329,1.0,0.0063,0.5,none,True,True
118330,1.0,0.009,0.5,none,True,True
118331,1.0,0.0096,0.5,none,True,True
118332,1.0,0.0108,0.5,none,True,True
118333,1.0,0.014,0.5,none,True,True
118334,1.0,0.0161,0.5,none,True,True
118335,1.0,0.0167,0.5,none,True,True
118336,1.0,0.0182,0.5,none,True,True
118337,1.0,0.0196,0.5,none,True,True
118338,1.0,0.0197,0.5,none,True,True
118339,1.0,0.0193,0.5,none,True,True
118340,1.0,0.0193,0.5,none,True,True
118341,1.0,0.0187,0.5,none,True,True
118342,1.0,0.0174,0.5,none,True,True
118343,1.0,0.0163,0.5,none,True,True
118344,1.0,0.0152,0.5,none,True,True
118345,1.0,0.0138,0.5,none,True,True
118346,1.0,0.0123,0.5,none,True,True
118347,1.0,0.0111,0.5,none,True,True
118348,1.0,0.01,0.5,none,True,True
118349,1.0,0.0088,0.5,none,True,True
118350,1.0,0.0078,0.5,none,True,True
118351,1.0,0.0071,0.5,none,True,True
118352,1.0,0.0064,0.5,none,True,True
118353,1.0,0.0057,0.5,none,True,True
118354,1.0,0.0053,0.5,none,True,True
118355,1.0,0.005,0.5,none,True,True
118356,1.0,0.0047,0.5,none,True,True
118357,1.0,0.0045,0.5,none,True,True
118358,1.0,0.0044,0.5,none,True,True
118359,1.0,0.0043,0.5,none,True,True
118360,1.0,0.0042,0.5,none,True,True
118361,1.0,0.0041,0.5,none,True,True
118362,1.0,0.004,0.5,none,True,True
118363,1.0,0.0039,0.5,none,True,True
118364,1.0,0.0038,0.5,none,True,True
118365,1.0,0.0037,0.5,none,True,True
118366,1.0,0.0035,0.5,none,True,True
118367,1.0,0.0033,0.5,none,True,True
118368,1.0,0.0032,0.5,none,True,True
118369,1.0,0.003,0.5,none,True,True
118370,1.0,0.0028,0.5,none,True,True
118371,1.0,0.0026,0.5,none,True,True
118372,1.0,0.0024,0.5,none,True,True
118373,1.0,0.0023,0.5,none,True,True
118374,1.0,0.0021,0.5,none,True,True
118375,1.0,0.0019,0.5,none,True,True
118376,1.0,0.0018,0.5,none,True,True
118377,1.0,0.0017,0.5,none,True,True
118378,1.0,0.0015,0.5,none,True,True
118379,1.0,0.0014,0.5,none,True,True
118380,1.0,0.0013,0.5,none,True,True
118381,1.0,0.0013,0.5,none,True,True
118382,1.0,0.0012,0.5,none,True,True
118383,1.0,0.0011,0.5,none,True,True
118384,1.0,0.0011,0.5,none,True,True
118385,1.0,0.001,0.5,none,True,True
118386,1.0,0.001,0.5,none,True,True
118387,1.0,0.0009,0.5,none,True,True
118388,1.0,0.0009,0.5,none,True,True
118389,1.0,0.0008,0.5,none,True,True
118390,1.0,0.0008,0.5,none,True,True
118391,1.0,0.0008,0.5,none,True,True
118392,1.0,0.0007,0.5,none,True,True
118393,1.0,0.0007,0.5,none,True,True
118394,1.0,0.0006,0.5,none,True,True
118395,1.0,0.0006,0.5,none,True,True
118396,1.0,0.0006,0.5,none,True,True
118397,1.0,0.0005,0.5,none,True,True
118398,1.0,0.0005,0.5,none,True,True
118399,1.0,0.0005,0.5,none,True,True
118400,1.0,0.0004,0.5,none,True,True
118401,1.0,0.0004,0.5,none,True,True
118402,1.0,0.0004,0.5,none,True,True
118403,1.0,0.0004,0.5,none,True,True
118404,1.0,0.0003,0.5,none,True,True
118405,1.0,0.0003,0.5,none,True,True
118406,1.0,0.0003,0.5,none,True,True
118407,1.0,0.0003,0.5,none,True,True
118408,1.0,0.0003,0.5,none,True,True
118409,1.0,0.0003,0.5,none,True,True
118410,1.0,0.0002,0.5,none,True,True
118411,1.0,0.0002,0.5,none,True,True
118412,1.0,0.0002,0.5,none,True,True
118413,1.0,0.0002,0.5,none,True,True
118414,1.0,0.0002,0.5,none,True,True
118415,1.0,0.0002,0.5,none,True,True
118416,1.0,0.0002,0.5,none,True,True
118417,1.0,0.0002,0.5,none,True,True
118418,1.0,0.0002,0.5,none,True,True
118419,1.0,0.0001,0.5,none,True,True
118420,1.0,0.0001,0.5,none,True,True
118421,1.0,0.0001,0.5,none,True,True
118422,1.0,0.0001,0.5,none,True,True
118423,1.0,0.0001,0.5,none,True,True
118424,1.0,0.0001,0.5,none,True,True
118425,1.0,0.0001,0.5,none,True,True
118426,1.0,0.0001,0.5,none,True,True
118427,1.0,0.0001,0.5,none,True,True
118428,1.0,0.0001,0.5,none,True,True
118429,1.0,0.0001,0.5,none,True,True
118430,1.0,0.0001,0.5,none,True,True
118431,1.0,0.0001,0.5,none,True,True
118432,1.0,0.0001,0.5,none,True,True
118433,1.0,0.0001,0.5,none,True,True
118434,1.0,0.0001,0.5,none,True,True
118435,1.0,0.0001,0.5,none,True,True
118436,1.0,0.0001,0.5,none,True,True
118437,1.0,0.0,0.5,none,True,True
118438,1.0,0.0,0.5,none,True,True
118439,1.0,0.0,0.5,none,True,True
118440,1.0,0.0,0.5,none,True,True
118441,1.0,0.0,0.5,none,True,True
118442,1.0,0.0,0.5,none,True,True
118443,1.0,0.0,0.5,none,True,True
118444,1.0,0.0,0.5,none,True,True
118445,1.0,0.0,0.5,none,True,True
118446,1.0,0.0,0.5,none,True,True
118447,1.0,0.0,0.5,none,True,True
118448,1.0,0.0,0.5,none,True,True
118449,1.0,0.0,0.5,none,True,True
118450,1.0,0.0,0.5,none,True,True
118451,1.0,0.0,0.5,none,True,True
118452,1.0,0.0,0.5,none,True,True
118453,1.0,0.0,0.5,none,True,True
118454,1.0,0.0,0.5,none,True,True
118455,1.0,0.0,0.5,none,True,True
118456,1.0,0.0,0.5,none,True,True
118457,1.0,0.0,0.5,none,True,True
118458,1.0,0.0,0.5,none,True,True
118459,1.0,0.0,0.5,none,True,True
118460,1.0,0.0,0.5,none,True,True
118461,1.0,0.0,0.5,none,True,True
118462,1.0,0.0,0.5,none,True,True
118463,1.0,0.0,0.5,none,True,True
118464,1.0,0.0,0.5,none,True,True
118465,1.0,0.0,0.5,none,True,True
118466,1.0,0.0,0.5,none,True,True
118467,1.0,0.0,0.5,none,True,True
118468,1.0,0.0,0.5,none,True,True
118469,1.0,0.0,0.5,none,True,True
118470,1.0,0.0,0.5,none,True,True
118471,1.0,0.0,0.5,none,True,True
118472,1.0,0.0,0.5,none,True,True
118473,1.0,0.0,0.5,none,True,True
118474,1.0,0.0,0.5,none,True,True
118475,1.0,0.0,0.5,none,True,True
118476,1.0,0.0,0.5,none,True,True
118477,1.0,0.0,0.5,none,True,True
118478,1.0,0.0,0.5,none,True,True
118479,1.0,0.0,0.5,none,True,True
118480,1.0,0.0,0.5,none,True,True
118481,1.0,0.0,0.5,none,True,True
118482,1.0,0.0,0.5,none,True,True
118483,1.0,0.0,0.5,none,True,True
118484,1.0,0.0,0.5,none,True,True
118485,1.0,0.0,0.5,none,True,True
118486,1.0,0.0,0.5,none,True,True
118487,1.0,0.0,0.5,none,True,True
118488,1.0,0.0,0.5,none,True,True
118489,1.0,0.0,0.5,none,True,True
118490,1.0,0.0,0.5,none,True,True
118491,1.0,0.0,0.5,none,True,True
118492,1.0,0.0,0.5,none,True,True
118493,1.0,0.0,0.5,none,True,True
118494,1.0,0.0,0.5,none,True,True
118495,1.0,0.0,0.5,none,True,True
118496,1.0,0.0,0.5,none,True,True
118497,1.0,0.0,0.5,none,True,True
118498,1.0,0.0,0.5,none,True,True
118499,1.0,0.0,0.5,none,True,True
118500,1.0,0.0,0.5,none,True,True
118501,1.0,0.0,0.5,none,True,True
118502,1.0,0.0,0.5,none,True,True
118503,1.0,0.0,0.5,none,True,True
118504,1.0,0.0,0.5,none,True,True
118505,1.0,0.0,0.5,none,True,True
118506,1.0,0.0,0.5,none,True,True
118507,1.0,0.0,0.5,none,True,True
118508,1.0,0.0,0.5,none,True,True
118509,1.0,0.0,0.5,none,True,True
118510,1.0,0.0,0.5,none,True,True
118511,1.0,0.0,0.5,none,True,True
118512,1.0,0.0,0.5,none,True,True
118513,1.0,0.0,0.5,none,True,True
118514,1.0,0.0,0.5,none,True,True
118515,1.0,0.0,0.5,none,True,True
118516,1.0,0.0,0.5,none,True,True
118517,1.0,0.0,0.5,none,True,True
118518,1.0,0.0,0.5,none,True,True
118519,1.0,0.0,0.5,none,True,True
118520,1.0,0.0,0.5,none,True,True
118521,1.0,0.0,0.5,none,True,True
118522,1.0,0.0,0.5,none,True,True
118523,1.0,0.0,0.5,none,True,True
118524,1.0,0.0,0.5,none,True,True
118525,1.0,0.0,0.5,none,True,True
118526,1.0,0.0,0.5,none,True,True
118527,1.0,0.0,0.5,none,True,True
118528,1.0,0.0,0.5,none,True,True
118529,1.0,0.0,0.5,none,True,True
118530,1.0,0.0,0.5,none,True,True
118531,1.0,0.0,0.5,none,True,True
118532,1.0,0.0,0.5,none,True,True
118533,1.0,0.0,0.5,none,True,True
118534,1.0,0.0,0.5,none,True,True
118535,1.0,0.0,0.5,none,True,True
118536,1.0,0.0,0.5,none,True,True
118537,1.0,0.0,0.5,none,True,True
118538,1.0,0.0,0.5,none,True,True
118539,1.0,0.0,0.5,none,True,True
118540,1.0,0.0,0.5,none,True,True
118541,1.0,0.0,0.5,none,True,True
118542,1.0,0.0,0.5,none,True,True
118543,1.0,0.0,0.5,none,True,True
118544,1.0,0.0,0.5,none,True,True
118545,1.0,0.0,0.5,none,True,True
118546,1.0,0.0,0.5,none,True,True
118547,1.0,0.0,0.5,none,True,True
118548,1.0,0.0,0.5,none,True,True
118549,1.0,0.0,0.5,none,True,True
118550,1.0,0.0,0.5,none,True,True
118551,1.0,0.0,0.5,none,True,True
118552,1.0,0.0,0.5,none,True,True
118553,1.0,0.0,0.5,none,True,True
118554,1.0,0.0,0.5,none,True,True
118555,1.0,0.0,0.5,none,True,True
118556,1.0,0.0,0.5,none,True,True
118557,1.0,0.0,0.5,none,True,True
118558,1.0,0.0,0.5,none,True,True
118559,1.0,0.0,0.5,none,True,True
118560,1.0,0.0,0.5,none,True,True
118561,1.0,0.0,0.5,none,True,True
118562,1.0,0.0,0.5,none,True,True
118563,1.0,0.0,0.5,none,True,True
118564,1.0,0.0,0.5,none,True,True
118565,1.0,0.0,0.5,none,True,True
118566,1.0,0.0,0.5,none,True,True
118567,1.0,0.0,0.5,none,True,True
118568,1.0,0.0,0.5,none,True,True
118569,1.0,0.0,0.5,none,True,True
118570,1.0,0.0,0.5,none,True,True
118571,1.0,0.0,0.5,none,True,True
118572,1.0,0.0,0.5,none,True,True
118573,1.0,0.0,0.5,none,True,True
118574,1.0,0.0,0.5,none,True,True
118575,1.0,0.0,0.5,none,True,True
118576,1.0,0.0,0.5,none,True,True
118577,1.0,0.0,0.5,none,True,True
118578,1.0,0.0,0.5,none,True,True
118579,1.0,0.0,0.5,none,True,True
118580,1.0,0.0,0.5,none,True,True
118581,1.0,0.0,0.5,none,True,True
118582,1.0,0.0,0.5,none,True,True
118583,1.0,0.0,0.5,none,True,True
118584,1.0,0.0,0.5,none,True,True
118585,1.0,0.0,0.5,none,True,True
118586,1.0,0.0,0.5,none,True,True
118587,1.0,0.0,0.5,none,True,True
118588,1.0,0.0,0.5,none,True,True
118589,1.0,0.0,0.5,none,True,True
118590,1.0,0.0,0.5,none,True,True
118591,1.0,0.0,0.5,none,True,True
118592,1.0,0.0,0.5,none,True,True
118593,1.0,0.0,0.5,none,True,True
118594,1.0,0.0,0.5,none,True,True
118595,1.0,0.0,0.5,none,True,True
118596,1.0,0.0,0.5,none,True,True
118597,1.0,0.0,0.5,none,True,True
118598,1.0,0.0,0.5,none,True,True
118599,1.0,0.0,0.5,none,True,True
118600,1.0,0.0,0.5,none,True,True
118601,1.0,0.0,0.5,none,True,True
118602,1.0,0.0,0.5,none,True,True
118603,1.0,0.0,0.5,none,True,True
118604,1.0,0.0,0.5,none,True,True
118605,1.0,0.0,0.5,none,True,True
118606,1.0,0.0,0.5,none,True,True
118607,1.0,0.0,0.5,none,True,True
118608,1.0,0.0,0.5,none,True,True
118609,1.0,0.0,0.5,none,True,True
118610,1.0,0.0,0.5,none,True,True
118611,1.0,0.0,0.5,none,True,True
118612,1.0,0.0,0.5,none,True,True
118613,1.0,0.0,0.5,none,True,True
118614,1.0,0.0,0.5,none,True,True
118615,1.0,0.0,0.5,none,True,True
118616,1.0,0.0,0.5,none,True,True
118617,1.0,0.0,0.5,none,True,True
118618,1.0,0.0,0.5,none,True,True
118619,1.0,0.0,0.5,none,True,True
118620,1.0,0.0,0.5,none,True,True
118621,1.0,0.0,0.5,none,True,True
118622,1.0,0.0,0.5,none,True,True
118623,1.0,0.0,0.5,none,True,True
118624,1.0,0.0,0.5,none,True,True
118625,1.0,0.0,0.5,none,True,True
118626,1.0,0.0,0.5,none,True,True
118627,1.0,0.0,0.5,none,True,True
118628,1.0,0.0,0.5,none,True,True
118629,1.0,0.0,0.5,none,True,True
118630,1.0,0.0,0.5,none,True,True
118631,1.0,0.0,0.5,none,True,True
118632,1.0,0.0,0.5,none,True,True
118633,1.0,0.0,0.5,none,True,True
118634,1.0,0.0,0.5,none,True,True
118635,1.0,0.0,0.5,none,True,True
118636,1.0,0.0,0.5,none,True,True
118637,1.0,0.0,0.5,none,True,True
118638,1.0,0.0,0.5,none,True,True
118639,1.0,0.0,0.5,none,True,True
118640,1.0,0.0,0.5,none,True,True
118641,1.0,0.0,0.5,none,True,True
118642,1.0,0.0,0.5,none,True,True
118643,1.0,0.0,0.5,none,True,True
118644,1.0,0.0,0.5,none,True,True
118645,1.0,0.0,0.5,none,True,True
118646,1.0,0.0,0.5,none,True,True
118647,1.0,0.0,0.5,none,True,True
118648,1.0,0.0,0.5,none,True,True
118649,1.0,0.0,0.5,none,True,True
118650,1.0,0.0,0.5,none,True,True
118651,1.0,0.0,0.5,none,True,True
118652,1.0,0.0,0.5,none,True,True
118653,1.0,0.0,0.5,none,True,True
118654,1.0,0.0,0.5,none,True,True
118655,1.0,0.0,0.5,none,True,True
118656,1.0,0.0,0.5,none,True,True
118657,1.0,0.0,0.5,none,True,True
118658,1.0,0.0,0.5,none,True,True
118659,1.0,0.0,0.5,none,True,True
118660,1.0,0.0,0.5,none,True,True
118661,1.0,0.0,0.5,none,True,True
118662,1.0,0.0,0.5,none,True,True
118663,1.0,0.0,0.5,none,True,True
118664,1.0,0.0,0.5,none,True,True
118665,1.0,0.0,0.5,none,True,True
118666,1.0,0.0,0.5,none,True,True
118667,1.0,0.0,0.5,none,True,True
118668,1.0,0.0,0.5,none,True,True
118669,1.0,0.0,0.5,none,True,True
118670,1.0,0.0,0.5,none,True,True
118671,1.0,0.0,0.5,none,True,True
118672,1.0,0.0,0.5,none,True,True
118673,1.0,0.0,0.5,none,True,True
118674,1.0,0.0,0.5,none,True,True
118675,1.0,0.0,0.5,none,True,True
118676,1.0,0.0,0.5,none,True,True
118677,1.0,0.0,0.5,none,True,True
118678,1.0,0.0,0.5,none,True,True
118679,1.0,0.0,0.5,none,True,True
118680,1.0,0.0,0.5,none,True,True
118681,1.0,0.0,0.5,none,True,True
118682,1.0,0.0,0.5,none,True,True
118683,1.0,0.0,0.5,none,True,True
118684,1.0,0.0,0.5,none,True,True
118685,1.0,0.0,0.5,none,True,True
118686,1.0,0.0,0.5,none,True,True
118687,1.0,0.0,0.5,none,True,True
118688,1.0,0.0,0.5,none,True,True
118689,1.0,0.0,0.5,none,True,True
118690,1.0,0.0,0.5,none,True,True
118691,1.0,0.0,0.5,none,True,True
118692,1.0,0.0,0.5,none,True,True
118693,1.0,0.0,0.5,none,True,True
118694,1.0,0.0,0.5,none,True,True
118695,1.0,0.0,0.5,none,True,True
118696,1.0,0.0,0.5,none,True,True
118697,1.0,0.0,0.5,none,True,True
118698,1.0,0.0,0.5,none,True,True
118699,1.0,0.0,0.5,none,True,True
118700,1.0,0.0,0.5,none,True,True
118701,1.0,0.0,0.5,none,True,True
118702,1.0,0.0,0.5,none,True,True
118703,1.0,0.0,0.5,none,True,True
118704,1.0,0.0,0.5,none,True,True
118705,1.0,0.0,0.5,none,True,True
118706,1.0,0.0,0.5,none,True,True
118707,1.0,0.0,0.5,none,True,True
118708,1.0,0.0,0.5,none,True,True
118709,1.0,0.0,0.5,none,True,True
118710,1.0,0.0,0.5,none,True,True
118711,1.0,0.0,0.5,none,True,True
118712,1.0,0.0,0.5,none,True,True
118713,1.0,0.0,0.5,none,True,True
118714,1.0,0.0,0.5,none,True,True
118715,1.0,0.0,0.5,none,True,True
118716,1.0,0.0,0.5,none,True,True
118717,1.0,0.0,0.5,none,True,True
118718,1.0,0.0,0.5,none,True,True
118719,1.0,0.0,0.5,none,True,True
118720,1.0,0.0,0.5,none,True,True
118721,1.0,0.0,0.5,none,True,True
118722,1.0,0.0,0.5,none,True,True
118723,1.0,0.0,0.5,none,True,True
118724,1.0,0.0,0.5,none,True,True
118725,1.0,0.0,0.5,none,True,True
118726,1.0,0.0,0.5,none,True,True
118727,1.0,0.0,0.5,none,True,True
118728,1.0,0.0,0.5,none,True,True
118729,1.0,0.0,0.5,none,True,True
118730,1.0,0.0,0.5,none,True,True
118731,1.0,0.0,0.5,none,True,True
118732,1.0,0.0,0.5,none,True,True
118733,1.0,0.0,0.5,none,True,True
118734,1.0,0.0,0.5,none,True,True
118735,1.0,0.0,0.5,none,True,True
118736,1.0,0.0,0.5,none,True,True
118737,1.0,0.0,0.5,none,True,True
118738,1.0,0.0,0.5,none,True,True
118739,1.0,0.0,0.5,none,True,True
118740,1.0,0.0,0.5,none,True,True
118741,1.0,0.0,0.5,none,True,True
118742,1.0,0.0,0.5,none,True,True
118743,1.0,0.0,0.5,none,True,True
118744,1.0,0.0,0.5,none,True,True
118745,1.0,0.0,0.5,none,True,True
118746,1.0,0.0,0.5,none,True,True
118747,1.0,0.0,0.5,none,True,True
118748,1.0,0.0,0.5,none,True,True
118749,1.0,0.0,0.5,none,True,True
118750,1.0,0.0,0.5,none,True,True
118751,1.0,0.0,0.5,none,True,True
118752,1.0,0.0,0.5,none,True,True
118753,1.0,0.0,0.5,none,True,True
118754,1.0,0.0,0.5,none,True,True
118755,1.0,0.0,0.5,none,True,True
118756,1.0,0.0,0.5,none,True,True
118757,1.0,0.0,0.5,none,True,True
118758,1.0,0.0,0.5,none,True,True
118759,1.0,0.0,0.5,none,True,True
118760,1.0,0.0,0.5,none,True,True
118761,1.0,0.0,0.5,none,True,True
118762,1.0,0.0,0.5,none,True,True
118763,1.0,0.0,0.5,none,True,True
118764,1.0,0.0,0.5,none,True,True
118765,1.0,0.0,0.5,none,True,True
118766,1.0,0.0,0.5,none,True,True
118767,1.0,0.0,0.5,none,True,True
118768,1.0,0.0,0.5,none,True,True
118769,1.0,0.0,0.5,none,True,True
118770,1.0,0.0,0.5,none,True,True
118771,1.0,0.0,0.5,none,True,True
118772,1.0,0.0,0.5,none,True,True
118773,1.0,0.0,0.5,none,True,True
118774,1.0,0.0,0.5,none,True,True
118775,1.0,0.0,0.5,none,True,True
118776,1.0,0.0,0.5,none,True,True
118777,1.0,0.0,0.5,none,True,True
118778,1.0,0.0,0.5,none,True,True
118779,1.0,0.0,0.5,none,True,True
118780,1.0,0.0,0.5,none,True,True
118781,1.0,0.0,0.5,none,True,True
118782,1.0,0.0,0.5,none,True,True
118783,1.0,0.0,0.5,none,True,True
118784,1.0,0.0,0.5,none,True,True
118785,1.0,0.0,0.5,none,True,True
118786,1.0,0.0,0.5,none,True,True
118787,1.0,0.0,0.5,none,True,True
118788,1.0,0.0,0.5,none,True,True
118789,1.0,0.0,0.5,none,True,True
118790,1.0,0.0,0.5,none,True,True
118791,1.0,0.0,0.5,none,True,True
118792,1.0,0.0,0.5,none,True,True
118793,1.0,0.0,0.5,none,True,True
118794,1.0,0.0,0.5,none,True,True
118795,1.0,0.0,0.5,none,True,True
118796,1.0,0.0,0.5,none,True,True
118797,1.0,0.0,0.5,none,True,True
118798,1.0,0.0,0.5,none,True,True
118799,1.0,0.0,0.5,none,True,True
118800,1.0,0.0,0.5,none,True,True
118801,1.0,0.0,0.5,none,True,True
118802,1.0,0.0,0.5,none,True,True
118803,1.0,0.0,0.5,none,True,True
118804,1.0,0.0,0.5,none,True,True
118805,1.0,0.0,0.5,none,True,True
118806,1.0,0.0,0.5,none,True,True
118807,1.0,0.0,0.5,none,True,True
118808,1.0,0.0,0.5,none,True,True
118809,1.0,0.0,0.5,none,True,True
118810,1.0,0.0,0.5,none,True,True
118811,1.0,0.0,0.5,none,True,True
118812,1.0,0.0,0.5,none,True,True
118813,1.0,0.0,0.5,none,True,True
118814,1.0,0.0,0.5,none,True,True
118815,1.0,0.0,0.5,none,True,True
118816,1.0,0.0,0.5,none,True,True
118817,1.0,0.0,0.5,none,True,True
118818,1.0,0.0,0.5,none,True,True
118819,1.0,0.0,0.5,none,True,True
118820,1.0,0.0,0.5,none,True,True
118821,1.0,0.0,0.5,none,True,True
118822,1.0,0.0,0.5,none,True,True
118823,1.0,0.0,0.5,none,True,True
118824,1.0,0.0,0.5,none,True,True
118825,1.0,0.0,0.5,none,True,True
118826,1.0,0.0,0.5,none,True,True
118827,1.0,0.0,0.5,none,True,True
118828,1.0,0.0,0.5,none,True,True
118829,1.0,0.0,0.5,none,True,True
118830,1.0,0.0,0.5,none,True,True
118831,1.0,0.0,0.5,none,True,True
118832,1.0,0.0,0.5,none,True,True
118833,1.0,0.0,0.5,none,True,True
118834,1.0,0.0,0.5,none,True,True
118835,1.0,0.0,0.5,none,True,True
118836,1.0,0.0,0.5,none,True,True
118837,1.0,0.0,0.5,none,True,True
118838,1.0,0.0,0.5,none,True,True
118839,1.0,0.0,0.5,none,True,True
118840,1.0,0.0,0.5,none,True,True
118841,1.0,0.0,0.5,none,True,True
118842,1.0,0.0,0.5,none,True,True
118843,1.0,0.0,0.5,none,True,True
118844,1.0,0.0,0.5,none,True,True
118845,1.0,0.0,0.5,none,True,True
118846,1.0,0.0,0.5,none,True,True
118847,1.0,0.0,0.5,none,True,True
118848,1.0,0.0,0.5,none,True,True
118849,1.0,0.0,0.5,none,True,True
118850,1.0,0.0,0.5,none,True,True
118851,1.0,0.0,0.5,none,True,True
118852,1.0,0.0,0.5,none,True,True
118853,1.0,0.0,0.5,none,True,True
118854,1.0,0.0,0.5,none,True,True
118855,1.0,0.0,0.5,none,True,True
118856,1.0,0.0,0.5,none,True,True
118857,1.0,0.0,0.5,none,True,True
118858,1.0,0.0,0.5,none,True,True
118859,1.0,0.0,0.5,none,True,True
118860,1.0,0.0,0.5,none,True,True
118861,1.0,0.0,0.5,none,True,True
118862,1.0,0.0,0.5,none,True,True
118863,1.0,0.0,0.5,none,True,True
118864,1.0,0.0,0.5,none,True,True
118865,1.0,0.0,0.5,none,True,True
118866,1.0,0.0,0.5,none,True,True
118867,1.0,0.0,0.5,none,True,True
118868,1.0,0.0,0.5,none,True,True
118869,1.0,0.0,0.5,none,True,True
118870,1.0,0.0,0.5,none,True,True
118871,1.0,0.0,0.5,none,True,True
118872,1.0,0.0,0.5,none,True,True
118873,1.0,0.0,0.5,none,True,True
118874,1.0,0.0,0.5,none,True,True
118875,1.0,0.0,0.5,none,True,True
118876,1.0,0.0,0.5,none,True,True
118877,1.0,0.0,0.5,none,True,True
118878,1.0,0.0,0.5,none,True,True
118879,1.0,0.0,0.5,none,True,True
118880,1.0,0.0,0.5,none,True,True
118881,1.0,0.0,0.5,none,True,True
118882,1.0,0.0,0.5,none,True,True
118883,1.0,0.0,0.5,none,True,True
118884,1.0,0.0,0.5,none,True,True
118885,1.0,0.0,0.5,none,True,True
118886,1.0,0.0,0.5,none,True,True
118887,1.0,0.0,0.5,none,True,True
118888,1.0,0.0,0.5,none,True,True
118889,1.0,0.0,0.5,none,True,True
118890,1.0,0.0,0.5,none,True,True
118891,1.0,0.0,0.5,none,True,True
118892,1.0,0.0,0.5,none,True,True
118893,1.0,0.0,0.5,none,True,True
118894,1.0,0.0,0.5,none,True,True
118895,1.0,0.0,0.5,none,True,True
118896,1.0,0.0,0.5,none,True,True
118897,1.0,0.0,0.5,none,True,True
118898,1.0,0.0,0.5,none,True,True
118899,1.0,0.0,0.5,none,True,True
118900,1.0,0.0,0.5,none,True,True
118901,1.0,0.0,0.5,none,True,True
118902,1.0,0.0,0.5,none,True,True
118903,1.0,0.0,0.5,none,True,True
118904,1.0,0.0,0.5,none,True,True
118905,1.0,0.0,0.5,none,True,True
118906,1.0,0.0,0.5,none,True,True
118907,1.0,0.0,0.5,none,True,True
118908,1.0,0.0,0.5,none,True,True
118909,1.0,0.0,0.5,none,True,True
118910,1.0,0.0,0.5,none,True,True
118911,1.0,0.0,0.5,none,True,True
118912,1.0,0.0,0.5,none,True,True
118913,1.0,0.0,0.5,none,True,True
118914,1.0,0.0,0.5,none,True,True
118915,1.0,0.0,0.5,none,True,True
118916,1.0,0.0,0.5,none,True,True
118917,1.0,0.0,0.5,none,True,True
118918,1.0,0.0,0.5,none,True,True
118919,1.0,0.0,0.5,none,True,True
118920,1.0,0.0,0.5,none,True,True
118921,1.0,0.0,0.5,none,True,True
118922,1.0,0.0,0.5,none,True,True
118923,1.0,0.0,0.5,none,True,True
118924,1.0,0.0,0.5,none,True,True
118925,1.0,0.0,0.5,none,True,True
118926,1.0,0.0,0.5,none,True,True
118927,1.0,0.0,0.5,none,True,True
118928,1.0,0.0,0.5,none,True,True
118929,1.0,0.0,0.5,none,True,True
118930,1.0,0.0,0.5,none,True,True
118931,1.0,0.0,0.5,none,True,True
118932,1.0,0.0,0.5,none,True,True
118933,1.0,0.0,0.5,none,True,True
118934,1.0,0.0,0.5,none,True,True
118935,1.0,0.0,0.5,none,True,True
118936,1.0,0.0,0.5,none,True,True
118937,1.0,0.0,0.5,none,True,True
118938,1.0,0.0,0.5,none,True,True
118939,1.0,0.0,0.5,none,True,True
118940,1.0,0.0,0.5,none,True,True
118941,1.0,0.0,0.5,none,True,True
118942,1.0,0.0,0.5,none,True,True
118943,1.0,0.0,0.5,none,True,True
118944,1.0,0.0,0.5,none,True,True
118945,1.0,0.0,0.5,none,True,True
118946,1.0,0.0,0.5,none,True,True
118947,1.0,0.0,0.5,none,True,True
118948,1.0,0.0,0.5,none,True,True
118949,1.0,0.0,0.5,none,True,True
118950,1.0,0.0,0.5,none,True,True
118951,1.0,0.0,0.5,none,True,True
118952,1.0,0.0,0.5,none,True,True
118953,1.0,0.0,0.5,none,True,True
118954,1.0,0.0,0.5,none,True,True
118955,1.0,0.0,0.5,none,True,True
118956,1.0,0.0,0.5,none,True,True
118957,1.0,0.0,0.5,none,True,True
118958,1.0,0.0,0.5,none,True,True
118959,1.0,0.0,0.5,none,True,True
118960,1.0,0.0,0.5,none,True,True
118961,1.0,0.0,0.5,none,True,True
118962,1.0,0.0,0.5,none,True,True
118963,1.0,0.0,0.5,none,True,True
118964,1.0,0.0,0.5,none,True,True
118965,1.0,0.0,0.5,none,True,True
118966,1.0,0.0,0.5,none,True,True
118967,1.0,0.0,0.5,none,True,True
118968,1.0,0.0,0.5,none,True,True
118969,1.0,0.0,0.5,none,True,True
118970,1.0,0.0,0.5,none,True,True
118971,1.0,0.0,0.5,none,True,True
118972,1.0,0.0,0.5,none,True,True
118973,1.0,0.0,0.5,none,True,True
118974,1.0,0.0,0.5,none,True,True
118975,1.0,0.0,0.5,none,True,True
118976,1.0,0.0,0.5,none,True,True
118977,1.0,0.0,0.5,none,True,True
118978,1.0,0.0,0.5,none,True,True
118979,1.0,0.0,0.5,none,True,True
118980,1.0,0.0,0.5,none,True,True
118981,1.0,0.0,0.5,none,True,True
118982,1.0,0.0,0.5,none,True,True
118983,1.0,0.0,0.5,none,True,True
118984,1.0,0.0,0.5,none,True,True
118985,1.0,0.0,0.5,none,True,True
118986,1.0,0.0,0.5,none,True,True
118987,1.0,0.0,0.5,none,True,True
118988,1.0,0.0,0.5,none,True,True
118989,1.0,0.0,0.5,none,True,True
118990,1.0,0.0,0.5,none,True,True
118991,1.0,0.0,0.5,none,True,True
118992,1.0,0.0,0.5,none,True,True
118993,1.0,0.0,0.5,none,True,True
118994,1.0,0.0,0.5,none,True,True
118995,1.0,0.0,0.5,none,True,True
118996,1.0,0.0,0.5,none,True,True
118997,1.0,0.0,0.5,none,True,True
118998,1.0,0.0,0.5,none,True,True
118999,1.0,0.0,0.5,none,True,True
119000,1.0,0.0061,0.5,none,True,True
119001,1.0,0.0357,0.5,none,True,True
119002,1.0,0.0812,0.5,none,True,True
119003,1.0,0.1113,0.5,none,True,True
119004,1.0,0.1253,0.5,none,True,True
119005,1.0,0.1408,0.5,none,True,True
119006,1.0,0.0907,0.5,none,True,True
119007,1.0,0.1198,0.5,none,True,True
119008,1.0,0.0467,0.5,none,True,True
119009,1.0,0.0522,0.5,none,True,True
119010,1.0,0.0405,0.5,none,True,True
119011,1.0,0.0313,0.5,none,True,True
119012,1.0,0.0083,0.5,none,True,True
119013,1.0,0.0726,0.5,none,True,True
119014,1.0,0.0793,0.5,none,True,True
119015,1.0,0.0581,0.5,none,True,True
119016,1.0,0.0955,0.5,none,True,True
119017,1.0,0.0839,0.5,none,True,True
119018,1.0,0.0648,0.5,none,True,True
119019,1.0,0.0718,0.5,none,True,True
119020,1.0,0.0589,0.5,none,True,True
119021,1.0,0.0403,0.5,none,True,True
119022,1.0,0.0327,0.5,none,True,True
119023,1.0,0.0277,0.5,none,True,True
119024,1.0,0.017,0.5,none,True,True
119025,1.0,0.0102,0.5,none,True,True
119026,1.0,0.0099,0.5,none,True,True
119027,1.0,0.008,0.5,none,True,True
119028,1.0,0.005,0.5,none,True,True
119029,1.0,0.0063,0.5,none,True,True
119030,1.0,0.009,0.5,none,True,True
119031,1.0,0.0096,0.5,none,True,True
119032,1.0,0.0108,0.5,none,True,True
119033,1.0,0.014,0.5,none,True,True
119034,1.0,0.0161,0.5,none,True,True
119035,1.0,0.0167,0.5,none,True,True
119036,1.0,0.0182,0.5,none,True,True
119037,1.0,0.0196,0.5,none,True,True
119038,1.0,0.0197,0.5,none,True,True
119039,1.0,0.0193,0.5,none,True,True
119040,1.0,0.0193,0.5,none,True,True
119041,1.0,0.0187,0.5,none,True,True
119042,1.0,0.0174,0.5,none,True,True
119043,1.0,0.0163,0.5,none,True,True
119044,1.0,0.0152,0.5,none,True,True
119045,1.0,0.0138,0.5,none,True,True
119046,1.0,0.0123,0.5,none,True,True
119047,1.0,0.0111,0.5,none,True,True
119048,1.0,0.01,0.5,none,True,True
119049,1.0,0.0088,0.5,none,True,True
119050,1.0,0.0078,0.5,none,True,True
119051,1.0,0.0071,0.5,none,True,True
119052,1.0,0.0064,0.5,none,True,True
119053,1.0,0.0057,0.5,none,True,True
119054,1.0,0.0053,0.5,none,True,True
119055,1.0,0.005,0.5,none,True,True
119056,1.0,0.0047,0.5,none,True,True
119057,1.0,0.0045,0.5,none,True,True
119058,1.0,0.0044,0.5,none,True,True
119059,1.0,0.0043,0.5,none,True,True
119060,1.0,0.0042,0.5,none,True,True
119061,1.0,0.0041,0.5,none,True,True
119062,1.0,0.004,0.5,none,True,True
119063,1.0,0.0039,0.5,none,True,True
119064,1.0,0.0038,0.5,none,True,True
119065,1.0,0.0037,0.5,none,True,True
119066,1.0,0.0035,0.5,none,True,True
119067,1.0,0.0033,0.5,none,True,True
119068,1.0,0.0032,0.5,none,True,True
119069,1.0,0.003,0.5,none,True,True
119070,1.0,0.0028,0.5,none,True,True
119071,1.0,0.0026,0.5,none,True,True
119072,1.0,0.0024,0.5,none,True,True
119073,1.0,0.0023,0.5,none,True,True
119074,1.0,0.0021,0.5,none,True,True
119075,1.0,0.0019,0.5,none,True,True
119076,1.0,0.0018,0.5,none,True,True
119077,1.0,0.0017,0.5,none,True,True
119078,1.0,0.0015,0.5,none,True,True
119079,1.0,0.0014,0.5,none,True,True
119080,1.0,0.0013,0.5,none,True,True
119081,1.0,0.0013,0.5,none,True,True
119082,1.0,0.0012,0.5,none,True,True
119083,1.0,0.0011,0.5,none,True,True
119084,1.0,0.0011,0.5,none,True,True
119085,1.0,0.001,0.5,none,True,True
119086,1.0,0.001,0.5,none,True,True
119087,1.0,0.0009,0.5,none,True,True
119088,1.0,0.0009,0.5,none,True,True
119089,1.0,0.0008,0.5,none,True,True
119090,1.0,0.0008,0.5,none,True,True
119091,1.0,0.0008,0.5,none,True,True
119092,1.0,0.0007,0.5,none,True,True
119093,1.0,0.0007,0.5,none,True,True
119094,1.0,0.0006,0.5,none,True,True
119095,1.0,0.0006,0.5,none,True,True
119096,1.0,0.0006,0.5,none,True,True
119097,1.0,0.0005,0.5,none,True,True
119098,1.0,0.0005,0.5,none,True,True
119099,1.0,0.0005,0.5,none,True,True
119100,1.0,0.0004,0.5,none,True,True
119101,1.0,0.0004,0.5,none,True,True
119102,1.0,0.0004,0.5,none,True,True
119103,1.0,0.0004,0.5,none,True,True
119104,1.0,0.0003,0.5,none,True,True
119105,1.0,0.0003,0.5,none,True,True
119106,1.0,0.0003,0.5,none,True,True
119107,1.0,0.0003,0.5,none,True,True
119108,1.0,0.0003,0.5,none,True,True
119109,1.0,0.0003,0.5,none,True,True
119110,1.0,0.0002,0.5,none,True,True
119111,1.0,0.0002,0.5,none,True,True
119112,1.0,0.0002,0.5,none,True,True
119113,1.0,0.0002,0.5,none,True,True
119114,1.0,0.0002,0.5,none,True,True
119115,1.0,0.0002,0.5,none,True,True
119116,1.0,0.0002,0.5,none,True,True
119117,1.0,0.0002,0.5,none,True,True
119118,1.0,0.0002,0.5,none,True,True
119119,1.0,0.0001,0.5,none,True,True
119120,1.0,0.0001,0.5,none,True,True
119121,1.0,0.0001,0.5,none,True,True
119122,1.0,0.0001,0.5,none,True,True
119123,1.0,0.0001,0.5,none,True,True
119124,1.0,0.0001,0.5,none,True,True
119125,1.0,0.0001,0.5,none,True,True
119126,1.0,0.0001,0.5,none,True,True
119127,1.0,0.0001,0.5,none,True,True
119128,1.0,0.0001,0.5,none,True,True
119129,1.0,0.0001,0.5,none,True,True
119130,1.0,0.0001,0.5,none,True,True
119131,1.0,0.0001,0.5,none,True,True
119132,1.0,0.0001,0.5,none,True,True
119133,1.0,0.0001,0.5,none,True,True
119134,1.0,0.0001,0.5,none,True,True
119135,1.0,0.0001,0.5,none,True,True
119136,1.0,0.0001,0.5,none,True,True
119137,1.0,0.0,0.5,none,True,True
119138,1.0,0.0,0.5,none,True,True
119139,1.0,0.0,0.5,none,True,True
119140,1.0,0.0,0.5,none,True,True
119141,1.0,0.0,0.5,none,True,True
119142,1.0,0.0,0.5,none,True,True
119143,1.0,0.0,0.5,none,True,True
119144,1.0,0.0,0.5,none,True,True
119145,1.0,0.0,0.5,none,True,True
119146,1.0,0.0,0.5,none,True,True
119147,1.0,0.0,0.5,none,True,True
119148,1.0,0.0,0.5,none,True,True
119149,1.0,0.0,0.5,none,True,True
119150,1.0,0.0,0.5,none,True,True
119151,1.0,0.0,0.5,none,True,True
119152,1.0,0.0,0.5,none,True,True
119153,1.0,0.0,0.5,none,True,True
119154,1.0,0.0,0.5,none,True,True
119155,1.0,0.0,0.5,none,True,True
119156,1.0,0.0,0.5,none,True,True
119157,1.0,0.0,0.5,none,True,True
119158,1.0,0.0,0.5,none,True,True
119159,1.0,0.0,0.5,none,True,True
119160,1.0,0.0,0.5,none,True,True
119161,1.0,0.0,0.5,none,True,True
119162,1.0,0.0,0.5,none,True,True
119163,1.0,0.0,0.5,none,True,True
119164,1.0,0.0,0.5,none,True,True
119165,1.0,0.0,0.5,none,True,True
119166,1.0,0.0,0.5,none,True,True
119167,1.0,0.0,0.5,none,True,True
119168,1.0,0.0,0.5,none,True,True
119169,1.0,0.0,0.5,none,True,True
119170,1.0,0.0,0.5,none,True,True
119171,1.0,0.0,0.5,none,True,True
119172,1.0,0.0,0.5,none,True,True
119173,1.0,0.0,0.5,none,True,True
119174,1.0,0.0,0.5,none,True,True
119175,1.0,0.0,0.5,none,True,True
119176,1.0,0.0,0.5,none,True,True
119177,1.0,0.0,0.5,none,True,True
119178,1.0,0.0,0.5,none,True,True
119179,1.0,0.0,0.5,none,True,True
119180,1.0,0.0,0.5,none,True,True
119181,1.0,0.0,0.5,none,True,True
119182,1.0,0.0,0.5,none,True,True
119183,1.0,0.0,0.5,none,True,True
119184,1.0,0.0,0.5,none,True,True
119185,1.0,0.0,0.5,none,True,True
119186,1.0,0.0,0.5,none,True,True
119187,1.0,0.0,0.5,none,True,True
119188,1.0,0.0,0.5,none,True,True
119189,1.0,0.0,0.5,none,True,True
119190,1.0,0.0,0.5,none,True,True
119191,1.0,0.0,0.5,none,True,True
119192,1.0,0.0,0.5,none,True,True
119193,1.0,0.0,0.5,none,True,True
119194,1.0,0.0,0.5,none,True,True
119195,1.0,0.0,0.5,none,True,True
119196,1.0,0.0,0.5,none,True,True
119197,1.0,0.0,0.5,none,True,True
119198,1.0,0.0,0.5,none,True,True
119199,1.0,0.0,0.5,none,True,True
119200,1.0,0.0,0.5,none,True,True
119201,1.0,0.0,0.5,none,True,True
119202,1.0,0.0,0.5,none,True,True
119203,1.0,0.0,0.5,none,True,True
119204,1.0,0.0,0.5,none,True,True
119205,1.0,0.0,0.5,none,True,True
119206,1.0,0.0,0.5,none,True,True
119207,1.0,0.0,0.5,none,True,True
119208,1.0,0.0,0.5,none,True,True
119209,1.0,0.0,0.5,none,True,True
119210,1.0,0.0,0.5,none,True,True
119211,1.0,0.0,0.5,none,True,True
119212,1.0,0.0,0.5,none,True,True
119213,1.0,0.0,0.5,none,True,True
119214,1.0,0.0,0.5,none,True,True
119215,1.0,0.0,0.5,none,True,True
119216,1.0,0.0,0.5,none,True,True
119217,1.0,0.0,0.5,none,True,True
119218,1.0,0.0,0.5,none,True,True
119219,1.0,0.0,0.5,none,True,True
119220,1.0,0.0,0.5,none,True,True
119221,1.0,0.0,0.5,none,True,True
119222,1.0,0.0,0.5,none,True,True
119223,1.0,0.0,0.5,none,True,True
119224,1.0,0.0,0.5,none,True,True
119225,1.0,0.0,0.5,none,True,True
119226,1.0,0.0,0.5,none,True,True
119227,1.0,0.0,0.5,none,True,True
119228,1.0,0.0,0.5,none,True,True
119229,1.0,0.0,0.5,none,True,True
119230,1.0,0.0,0.5,none,True,True
119231,1.0,0.0,0.5,none,True,True
119232,1.0,0.0,0.5,none,True,True
119233,1.0,0.0,0.5,none,True,True
119234,1.0,0.0,0.5,none,True,True
119235,1.0,0.0,0.5,none,True,True
119236,1.0,0.0,0.5,none,True,True
119237,1.0,0.0,0.5,none,True,True
119238,1.0,0.0,0.5,none,True,True
119239,1.0,0.0,0.5,none,True,True
119240,1.0,0.0,0.5,none,True,True
119241,1.0,0.0,0.5,none,True,True
119242,1.0,0.0,0.5,none,True,True
119243,1.0,0.0,0.5,none,True,True
119244,1.0,0.0,0.5,none,True,True
119245,1.0,0.0,0.5,none,True,True
119246,1.0,0.0,0.5,none,True,True
119247,1.0,0.0,0.5,none,True,True
119248,1.0,0.0,0.5,none,True,True
119249,1.0,0.0,0.5,none,True,True
119250,1.0,0.0,0.5,none,True,True
119251,1.0,0.0,0.5,none,True,True
119252,1.0,0.0,0.5,none,True,True
119253,1.0,0.0,0.5,none,True,True
119254,1.0,0.0,0.5,none,True,True
119255,1.0,0.0,0.5,none,True,True
119256,1.0,0.0,0.5,none,True,True
119257,1.0,0.0,0.5,none,True,True
119258,1.0,0.0,0.5,none,True,True
119259,1.0,0.0,0.5,none,True,True
119260,1.0,0.0,0.5,none,True,True
119261,1.0,0.0,0.5,none,True,True
119262,1.0,0.0,0.5,none,True,True
119263,1.0,0.0,0.5,none,True,True
119264,1.0,0.0,0.5,none,True,True
119265,1.0,0.0,0.5,none,True,True
119266,1.0,0.0,0.5,none,True,True
119267,1.0,0.0,0.5,none,True,True
119268,1.0,0.0,0.5,none,True,True
119269,1.0,0.0,0.5,none,True,True
119270,1.0,0.0,0.5,none,True,True
119271,1.0,0.0,0.5,none,True,True
119272,1.0,0.0,0.5,none,True,True
119273,1.0,0.0,0.5,none,True,True
119274,1.0,0.0,0.5,none,True,True
119275,1.0,0.0,0.5,none,True,True
119276,1.0,0.0,0.5,none,True,True
119277,1.0,0.0,0.5,none,True,True
119278,1.0,0.0,0.5,none,True,True
119279,1.0,0.0,0.5,none,True,True
119280,1.0,0.0,0.5,none,True,True
119281,1.0,0.0,0.5,none,True,True
119282,1.0,0.0,0.5,none,True,True
119283,1.0,0.0,0.5,none,True,True
119284,1.0,0.0,0.5,none,True,True
119285,1.0,0.0,0.5,none,True,True
119286,1.0,0.0,0.5,none,True,True
119287,1.0,0.0,0.5,none,True,True
119288,1.0,0.0,0.5,none,True,True
119289,1.0,0.0,0.5,none,True,True
119290,1.0,0.0,0.5,none,True,True
119291,1.0,0.0,0.5,none,True,True
119292,1.0,0.0,0.5,none,True,True
119293,1.0,0.0,0.5,none,True,True
119294,1.0,0.0,0.5,none,True,True
119295,1.0,0.0,0.5,none,True,True
119296,1.0,0.0,0.5,none,True,True
119297,1.0,0.0,0.5,none,True,True
119298,1.0,0.0,0.5,none,True,True
119299,1.0,0.0,0.5,none,True,True
119300,1.0,0.0,0.5,none,True,True
119301,1.0,0.0,0.5,none,True,True
119302,1.0,0.0,0.5,none,True,True
119303,1.0,0.0,0.5,none,True,True
119304,1.0,0.0,0.5,none,True,True
119305,1.0,0.0,0.5,none,True,True
119306,1.0,0.0,0.5,none,True,True
119307,1.0,0.0,0.5,none,True,True
119308,1.0,0.0,0.5,none,True,True
119309,1.0,0.0,0.5,none,True,True
119310,1.0,0.0,0.5,none,True,True
119311,1.0,0.0,0.5,none,True,True
119312,1.0,0.0,0.5,none,True,True
119313,1.0,0.0,0.5,none,True,True
119314,1.0,0.0,0.5,none,True,True
119315,1.0,0.0,0.5,none,True,True
119316,1.0,0.0,0.5,none,True,True
119317,1.0,0.0,0.5,none,True,True
119318,1.0,0.0,0.5,none,True,True
119319,1.0,0.0,0.5,none,True,True
119320,1.0,0.0,0.5,none,True,True
119321,1.0,0.0,0.5,none,True,True
119322,1.0,0.0,0.5,none,True,True
119323,1.0,0.0,0.5,none,True,True
119324,1.0,0.0,0.5,none,True,True
119325,1.0,0.0,0.5,none,True,True
119326,1.0,0.0,0.5,none,True,True
119327,1.0,0.0,0.5,none,True,True
119328,1.0,0.0,0.5,none,True,True
119329,1.0,0.0,0.5,none,True,True
119330,1.0,0.0,0.5,none,True,True
119331,1.0,0.0,0.5,none,True,True
119332,1.0,0.0,0.5,none,True,True
119333,1.0,0.0,0.5,none,True,True
119334,1.0,0.0,0.5,none,True,True
119335,1.0,0.0,0.5,none,True,True
119336,1.0,0.0,0.5,none,True,True
119337,1.0,0.0,0.5,none,True,True
119338,1.0,0.0,0.5,none,True,True
119339,1.0,0.0,0.5,none,True,True
119340,1.0,0.0,0.5,none,True,True
119341,1.0,0.0,0.5,none,True,True
119342,1.0,0.0,0.5,none,True,True
119343,1.0,0.0,0.5,none,True,True
119344,1.0,0.0,0.5,none,True,True
119345,1.0,0.0,0.5,none,True,True
119346,1.0,0.0,0.5,none,True,True
119347,1.0,0.0,0.5,none,True,True
119348,1.0,0.0,0.5,none,True,True
119349,1.0,0.0,0.5,none,True,True
119350,1.0,0.0,0.5,none,True,True
119351,1.0,0.0,0.5,none,True,True
119352,1.0,0.0,0.5,none,True,True
119353,1.0,0.0,0.5,none,True,True
119354,1.0,0.0,0.5,none,True,True
119355,1.0,0.0,0.5,none,True,True
119356,1.0,0.0,0.5,none,True,True
119357,1.0,0.0,0.5,none,True,True
119358,1.0,0.0,0.5,none,True,True
119359,1.0,0.0,0.5,none,True,True
119360,1.0,0.0,0.5,none,True,True
119361,1.0,0.0,0.5,none,True,True
119362,1.0,0.0,0.5,none,True,True
119363,1.0,0.0,0.5,none,True,True
119364,1.0,0.0,0.5,none,True,True
119365,1.0,0.0,0.5,none,True,True
119366,1.0,0.0,0.5,none,True,True
119367,1.0,0.0,0.5,none,True,True
119368,1.0,0.0,0.5,none,True,True
119369,1.0,0.0,0.5,none,True,True
119370,1.0,0.0,0.5,none,True,True
119371,1.0,0.0,0.5,none,True,True
119372,1.0,0.0,0.5,none,True,True
119373,1.0,0.0,0.5,none,True,True
119374,1.0,0.0,0.5,none,True,True
119375,1.0,0.0,0.5,none,True,True
119376,1.0,0.0,0.5,none,True,True
119377,1.0,0.0,0.5,none,True,True
119378,1.0,0.0,0.5,none,True,True
119379,1.0,0.0,0.5,none,True,True
119380,1.0,0.0,0.5,none,True,True
119381,1.0,0.0,0.5,none,True,True
119382,1.0,0.0,0.5,none,True,True
119383,1.0,0.0,0.5,none,True,True
119384,1.0,0.0,0.5,none,True,True
119385,1.0,0.0,0.5,none,True,True
119386,1.0,0.0,0.5,none,True,True
119387,1.0,0.0,0.5,none,True,True
119388,1.0,0.0,0.5,none,True,True
119389,1.0,0.0,0.5,none,True,True
119390,1.0,0.0,0.5,none,True,True
119391,1.0,0.0,0.5,none,True,True
119392,1.0,0.0,0.5,none,True,True
119393,1.0,0.0,0.5,none,True,True
119394,1.0,0.0,0.5,none,True,True
119395,1.0,0.0,0.5,none,True,True
119396,1.0,0.0,0.5,none,True,True
119397,1.0,0.0,0.5,none,True,True
119398,1.0,0.0,0.5,none,True,True
119399,1.0,0.0,0.5,none,True,True
119400,1.0,0.0,0.5,none,True,True
119401,1.0,0.0,0.5,none,True,True
119402,1.0,0.0,0.5,none,True,True
119403,1.0,0.0,0.5,none,True,True
119404,1.0,0.0,0.5,none,True,True
119405,1.0,0.0,0.5,none,True,True
119406,1.0,0.0,0.5,none,True,True
119407,1.0,0.0,0.5,none,True,True
119408,1.0,0.0,0.5,none,True,True
119409,1.0,0.0,0.5,none,True,True
119410,1.0,0.0,0.5,none,True,True
119411,1.0,0.0,0.5,none,True,True
119412,1.0,0.0,0.5,none,True,True
119413,1.0,0.0,0.5,none,True,True
119414,1.0,0.0,0.5,none,True,True
119415,1.0,0.0,0.5,none,True,True
119416,1.0,0.0,0.5,none,True,True
119417,1.0,0.0,0.5,none,True,True
119418,1.0,0.0,0.5,none,True,True
119419,1.0,0.0,0.5,none,True,True
119420,1.0,0.0,0.5,none,True,True
119421,1.0,0.0,0.5,none,True,True
119422,1.0,0.0,0.5,none,True,True
119423,1.0,0.0,0.5,none,True,True
119424,1.0,0.0,0.5,none,True,True
119425,1.0,0.0,0.5,none,True,True
119426,1.0,0.0,0.5,none,True,True
119427,1.0,0.0,0.5,none,True,True
119428,1.0,0.0,0.5,none,True,True
119429,1.0,0.0,0.5,none,True,True
119430,1.0,0.0,0.5,none,True,True
119431,1.0,0.0,0.5,none,True,True
119432,1.0,0.0,0.5,none,True,True
119433,1.0,0.0,0.5,none,True,True
119434,1.0,0.0,0.5,none,True,True
119435,1.0,0.0,0.5,none,True,True
119436,1.0,0.0,0.5,none,True,True
119437,1.0,0.0,0.5,none,True,True
119438,1.0,0.0,0.5,none,True,True
119439,1.0,0.0,0.5,none,True,True
119440,1.0,0.0,0.5,none,True,True
119441,1.0,0.0,0.5,none,True,True
119442,1.0,0.0,0.5,none,True,True
119443,1.0,0.0,0.5,none,True,True
119444,1.0,0.0,0.5,none,True,True
119445,1.0,0.0,0.5,none,True,True
119446,1.0,0.0,0.5,none,True,True
119447,1.0,0.0,0.5,none,True,True
119448,1.0,0.0,0.5,none,True,True
119449,1.0,0.0,0.5,none,True,True
119450,1.0,0.0,0.5,none,True,True
119451,1.0,0.0,0.5,none,True,True
119452,1.0,0.0,0.5,none,True,True
119453,1.0,0.0,0.5,none,True,True
119454,1.0,0.0,0.5,none,True,True
119455,1.0,0.0,0.5,none,True,True
119456,1.0,0.0,0.5,none,True,True
119457,1.0,0.0,0.5,none,True,True
119458,1.0,0.0,0.5,none,True,True
119459,1.0,0.0,0.5,none,True,True
119460,1.0,0.0,0.5,none,True,True
119461,1.0,0.0,0.5,none,True,True
119462,1.0,0.0,0.5,none,True,True
119463,1.0,0.0,0.5,none,True,True
119464,1.0,0.0,0.5,none,True,True
119465,1.0,0.0,0.5,none,True,True
119466,1.0,0.0,0.5,none,True,True
119467,1.0,0.0,0.5,none,True,True
119468,1.0,0.0,0.5,none,True,True
119469,1.0,0.0,0.5,none,True,True
119470,1.0,0.0,0.5,none,True,True
119471,1.0,0.0,0.5,none,True,True
119472,1.0,0.0,0.5,none,True,True
119473,1.0,0.0,0.5,none,True,True
119474,1.0,0.0,0.5,none,True,True
119475,1.0,0.0,0.5,none,True,True
119476,1.0,0.0,0.5,none,True,True
119477,1.0,0.0,0.5,none,True,True
119478,1.0,0.0,0.5,none,True,True
119479,1.0,0.0,0.5,none,True,True
119480,1.0,0.0,0.5,none,True,True
119481,1.0,0.0,0.5,none,True,True
119482,1.0,0.0,0.5,none,True,True
119483,1.0,0.0,0.5,none,True,True
119484,1.0,0.0,0.5,none,True,True
119485,1.0,0.0,0.5,none,True,True
119486,1.0,0.0,0.5,none,True,True
119487,1.0,0.0,0.5,none,True,True
119488,1.0,0.0,0.5,none,True,True
119489,1.0,0.0,0.5,none,True,True
119490,1.0,0.0,0.5,none,True,True
119491,1.0,0.0,0.5,none,True,True
119492,1.0,0.0,0.5,none,True,True
119493,1.0,0.0,0.5,none,True,True
119494,1.0,0.0,0.5,none,True,True
119495,1.0,0.0,0.5,none,True,True
119496,1.0,0.0,0.5,none,True,True
119497,1.0,0.0,0.5,none,True,True
119498,1.0,0.0,0.5,none,True,True
119499,1.0,0.0,0.5,none,True,True
119500,1.0,0.0,0.5,none,True,True
119501,1.0,0.0,0.5,none,True,True
119502,1.0,0.0,0.5,none,True,True
119503,1.0,0.0,0.5,none,True,True
119504,1.0,0.0,0.5,none,True,True
119505,1.0,0.0,0.5,none,True,True
119506,1.0,0.0,0.5,none,True,True
119507,1.0,0.0,0.5,none,True,True
119508,1.0,0.0,0.5,none,True,True
119509,1.0,0.0,0.5,none,True,True
119510,1.0,0.0,0.5,none,True,True
119511,1.0,0.0,0.5,none,True,True
119512,1.0,0.0,0.5,none,True,True
119513,1.0,0.0,0.5,none,True,True
119514,1.0,0.0,0.5,none,True,True
119515,1.0,0.0,0.5,none,True,True
119516,1.0,0.0,0.5,none,True,True
119517,1.0,0.0,0.5,none,True,True
119518,1.0,0.0,0.5,none,True,True
119519,1.0,0.0,0.5,none,True,True
119520,1.0,0.0,0.5,none,True,True
119521,1.0,0.0,0.5,none,True,True
119522,1.0,0.0,0.5,none,True,True
119523,1.0,0.0,0.5,none,True,True
119524,1.0,0.0,0.5,none,True,True
119525,1.0,0.0,0.5,none,True,True
119526,1.0,0.0,0.5,none,True,True
119527,1.0,0.0,0.5,none,True,True
119528,1.0,0.0,0.5,none,True,True
119529,1.0,0.0,0.5,none,True,True
119530,1.0,0.0,0.5,none,True,True
119531,1.0,0.0,0.5,none,True,True
119532,1.0,0.0,0.5,none,True,True
119533,1.0,0.0,0.5,none,True,True
119534,1.0,0.0,0.5,none,True,True
119535,1.0,0.0,0.5,none,True,True
119536,1.0,0.0,0.5,none,True,True
119537,1.0,0.0,0.5,none,True,True
119538,1.0,0.0,0.5,none,True,True
119539,1.0,0.0,0.5,none,True,True
119540,1.0,0.0,0.5,none,True,True
119541,1.0,0.0,0.5,none,True,True
119542,1.0,0.0,0.5,none,True,True
119543,1.0,0.0,0.5,none,True,True
119544,1.0,0.0,0.5,none,True,True
119545,1.0,0.0,0.5,none,True,True
119546,1.0,0.0,0.5,none,True,True
119547,1.0,0.0,0.5,none,True,True
119548,1.0,0.0,0.5,none,True,True
119549,1.0,0.0,0.5,none,True,True
119550,1.0,0.0,0.5,none,True,True
119551,1.0,0.0,0.5,none,True,True
119552,1.0,0.0,0.5,none,True,True
119553,1.0,0.0,0.5,none,True,True
119554,1.0,0.0,0.5,none,True,True
119555,1.0,0.0,0.5,none,True,True
119556,1.0,0.0,0.5,none,True,True
119557,1.0,0.0,0.5,none,True,True
119558,1.0,0.0,0.5,none,True,True
119559,1.0,0.0,0.5,none,True,True
119560,1.0,0.0,0.5,none,True,True
119561,1.0,0.0,0.5,none,True,True
119562,1.0,0.0,0.5,none,True,True
119563,1.0,0.0,0.5,none,True,True
119564,1.0,0.0,0.5,none,True,True
119565,1.0,0.0,0.5,none,True,True
119566,1.0,0.0,0.5,none,True,True
119567,1.0,0.0,0.5,none,True,True
119568,1.0,0.0,0.5,none,True,True
119569,1.0,0.0,0.5,none,True,True
119570,1.0,0.0,0.5,none,True,True
119571,1.0,0.0,0.5,none,True,True
119572,1.0,0.0,0.5,none,True,True
119573,1.0,0.0,0.5,none,True,True
119574,1.0,0.0,0.5,none,True,True
119575,1.0,0.0,0.5,none,True,True
119576,1.0,0.0,0.5,none,True,True
119577,1.0,0.0,0.5,none,True,True
119578,1.0,0.0,0.5,none,True,True
119579,1.0,0.0,0.5,none,True,True
119580,1.0,0.0,0.5,none,True,True
119581,1.0,0.0,0.5,none,True,True
119582,1.0,0.0,0.5,none,True,True
119583,1.0,0.0,0.5,none,True,True
119584,1.0,0.0,0.5,none,True,True
119585,1.0,0.0,0.5,none,True,True
119586,1.0,0.0,0.5,none,True,True
119587,1.0,0.0,0.5,none,True,True
119588,1.0,0.0,0.5,none,True,True
119589,1.0,0.0,0.5,none,True,True
119590,1.0,0.0,0.5,none,True,True
119591,1.0,0.0,0.5,none,True,True
119592,1.0,0.0,0.5,none,True,True
119593,1.0,0.0,0.5,none,True,True
119594,1.0,0.0,0.5,none,True,True
119595,1.0,0.0,0.5,none,True,True
119596,1.0,0.0,0.5,none,True,True
119597,1.0,0.0,0.5,none,True,True
119598,1.0,0.0,0.5,none,True,True
119599,1.0,0.0,0.5,none,True,True
119600,1.0,0.0,0.5,none,True,True
119601,1.0,0.0,0.5,none,True,True
119602,1.0,0.0,0.5,none,True,True
119603,1.0,0.0,0.5,none,True,True
119604,1.0,0.0,0.5,none,True,True
119605,1.0,0.0,0.5,none,True,True
119606,1.0,0.0,0.5,none,True,True
119607,1.0,0.0,0.5,none,True,True
119608,1.0,0.0,0.5,none,True,True
119609,1.0,0.0,0.5,none,True,True
119610,1.0,0.0,0.5,none,True,True
119611,1.0,0.0,0.5,none,True,True
119612,1.0,0.0,0.5,none,True,True
119613,1.0,0.0,0.5,none,True,True
119614,1.0,0.0,0.5,none,True,True
119615,1.0,0.0,0.5,none,True,True
119616,1.0,0.0,0.5,none,True,True
119617,1.0,0.0,0.5,none,True,True
119618,1.0,0.0,0.5,none,True,True
119619,1.0,0.0,0.5,none,True,True
119620,1.0,0.0,0.5,none,True,True
119621,1.0,0.0,0.5,none,True,True
119622,1.0,0.0,0.5,none,True,True
119623,1.0,0.0,0.5,none,True,True
119624,1.0,0.0,0.5,none,True,True
119625,1.0,0.0,0.5,none,True,True
119626,1.0,0.0,0.5,none,True,True
119627,1.0,0.0,0.5,none,True,True
119628,1.0,0.0,0.5,none,True,True
119629,1.0,0.0,0.5,none,True,True
119630,1.0,0.0,0.5,none,True,True
119631,1.0,0.0,0.5,none,True,True
119632,1.0,0.0,0.5,none,True,True
119633,1.0,0.0,0.5,none,True,True
119634,1.0,0.0,0.5,none,True,True
119635,1.0,0.0,0.5,none,True,True
119636,1.0,0.0,0.5,none,True,True
119637,1.0,0.0,0.5,none,True,True
119638,1.0,0.0,0.5,none,True,True
119639,1.0,0.0,0.5,none,True,True
119640,1.0,0.0,0.5,none,True,True
119641,1.0,0.0,0.5,none,True,True
119642,1.0,0.0,0.5,none,True,True
119643,1.0,0.0,0.5,none,True,True
119644,1.0,0.0,0.5,none,True,True
119645,1.0,0.0,0.5,none,True,True
119646,1.0,0.0,0.5,none,True,True
119647,1.0,0.0,0.5,none,True,True
119648,1.0,0.0,0.5,none,True,True
119649,1.0,0.0,0.5,none,True,True
119650,1.0,0.0,0.5,none,True,True
119651,1.0,0.0,0.5,none,True,True
119652,1.0,0.0,0.5,none,True,True
119653,1.0,0.0,0.5,none,True,True
119654,1.0,0.0,0.5,none,True,True
119655,1.0,0.0,0.5,none,True,True
119656,1.0,0.0,0.5,none,True,True
119657,1.0,0.0,0.5,none,True,True
119658,1.0,0.0,0.5,none,True,True
119659,1.0,0.0,0.5,none,True,True
119660,1.0,0.0,0.5,none,True,True
119661,1.0,0.0,0.5,none,True,True
119662,1.0,0.0,0.5,none,True,True
119663,1.0,0.0,0.5,none,True,True
119664,1.0,0.0,0.5,none,True,True
119665,1.0,0.0,0.5,none,True,True
119666,1.0,0.0,0.5,none,True,True
119667,1.0,0.0,0.5,none,True,True
119668,1.0,0.0,0.5,none,True,True
119669,1.0,0.0,0.5,none,True,True
119670,1.0,0.0,0.5,none,True,True
119671,1.0,0.0,0.5,none,True,True
119672,1.0,0.0,0.5,none,True,True
119673,1.0,0.0,0.5,none,True,True
119674,1.0,0.0,0.5,none,True,True
119675,1.0,0.0,0.5,none,True,True
119676,1.0,0.0,0.5,none,True,True
119677,1.0,0.0,0.5,none,True,True
119678,1.0,0.0,0.5,none,True,True
119679,1.0,0.0,0.5,none,True,True
119680,1.0,0.0,0.5,none,True,True
119681,1.0,0.0,0.5,none,True,True
119682,1.0,0.0,0.5,none,True,True
119683,1.0,0.0,0.5,none,True,True
119684,1.0,0.0,0.5,none,True,True
119685,1.0,0.0,0.5,none,True,True
119686,1.0,0.0,0.5,none,True,True
119687,1.0,0.0,0.5,none,True,True
119688,1.0,0.0,0.5,none,True,True
119689,1.0,0.0,0.5,none,True,True
119690,1.0,0.0,0.5,none,True,True
119691,1.0,0.0,0.5,none,True,True
119692,1.0,0.0,0.5,none,True,True
119693,1.0,0.0,0.5,none,True,True
119694,1.0,0.0,0.5,none,True,True
119695,1.0,0.0,0.5,none,True,True
119696,1.0,0.0,0.5,none,True,True
119697,1.0,0.0,0.5,none,True,True
119698,1.0,0.0,0.5,none,True,True
119699,1.0,0.0,0.5,none,True,True
119700,1.0,0.0061,0.5,none,True,True
119701,1.0,0.0357,0.5,none,True,True
119702,1.0,0.0812,0.5,none,True,True
119703,1.0,0.1113,0.5,none,True,True
119704,1.0,0.1253,0.5,none,True,True
119705,1.0,0.1408,0.5,none,True,True
119706,1.0,0.0907,0.5,none,True,True
119707,1.0,0.1198,0.5,none,True,True
119708,1.0,0.0467,0.5,none,True,True
119709,1.0,0.0522,0.5,none,True,True
119710,1.0,0.0405,0.5,none,True,True
119711,1.0,0.0313,0.5,none,True,True
119712,1.0,0.0083,0.5,none,True,True
119713,1.0,0.0726,0.5,none,True,True
119714,1.0,0.0793,0.5,none,True,True
119715,1.0,0.0581,0.5,none,True,True
119716,1.0,0.0955,0.5,none,True,True
119717,1.0,0.0839,0.5,none,True,True
119718,1.0,0.0648,0.5,none,True,True
119719,1.0,0.0718,0.5,none,True,True
119720,1.0,0.0589,0.5,none,True,True
119721,1.0,0.0403,0.5,none,True,True
119722,1.0,0.0327,0.5,none,True,True
119723,1.0,0.0277,0.5,none,True,True
119724,1.0,0.017,0.5,none,True,True
119725,1.0,0.0102,0.5,none,True,True
119726,1.0,0.0099,0.5,none,True,True
119727,1.0,0.008,0.5,none,True,True
119728,1.0,0.005,0.5,none,True,True
119729,1.0,0.0063,0.5,none,True,True
119730,1.0,0.009,0.5,none,True,True
119731,1.0,0.0096,0.5,none,True,True
119732,1.0,0.0108,0.5,none,True,True
119733,1.0,0.014,0.5,none,True,True
119734,1.0,0.0161,0.5,none,True,True
119735,1.0,0.0167,0.5,none,True,True
119736,1.0,0.0182,0.5,none,True,True
119737,1.0,0.0196,0.5,none,True,True
119738,1.0,0.0197,0.5,none,True,True
119739,1.0,0.0193,0.5,none,True,True
119740,1.0,0.0193,0.5,none,True,True
119741,1.0,0.0187,0.5,none,True,True
119742,1.0,0.0174,0.5,none,True,True
119743,1.0,0.0163,0.5,none,True,True
119744,1.0,0.0152,0.5,none,True,True
119745,1.0,0.0138,0.5,none,True,True
119746,1.0,0.0123,0.5,none,True,True
119747,1.0,0.0111,0.5,none,True,True
119748,1.0,0.01,0.5,none,True,True
119749,1.0,0.0088,0.5,none,True,True
119750,1.0,0.0078,0.5,none,True,True
119751,1.0,0.0071,0.5,none,True,True
119752,1.0,0.0064,0.5,none,True,True
119753,1.0,0.0057,0.5,none,True,True
119754,1.0,0.0053,0.5,none,True,True
119755,1.0,0.005,0.5,none,True,True
119756,1.0,0.0047,0.5,none,True,True
119757,1.0,0.0045,0.5,none,True,True
119758,1.0,0.0044,0.5,none,True,True
119759,1.0,0.0043,0.5,none,True,True
119760,1.0,0.0042,0.5,none,True,True
119761,1.0,0.0041,0.5,none,True,True
119762,1.0,0.004,0.5,none,True,True
119763,1.0,0.0039,0.5,none,True,True
119764,1.0,0.0038,0.5,none,True,True
119765,1.0,0.0037,0.5,none,True,True
119766,1.0,0.0035,0.5,none,True,True
119767,1.0,0.0033,0.5,none,True,True
119768,1.0,0.0032,0.5,none,True,True
119769,1.0,0.003,0.5,none,True,True
119770,1.0,0.0028,0.5,none,True,True
119771,1.0,0.0026,0.5,none,True,True
119772,1.0,0.0024,0.5,none,True,True
119773,1.0,0.0023,0.5,none,True,True
119774,1.0,0.0021,0.5,none,True,True
119775,1.0,0.0019,0.5,none,True,True
119776,1.0,0.0018,0.5,none,True,True
119777,1.0,0.0017,0.5,none,True,True
119778,1.0,0.0015,0.5,none,True,True
119779,1.0,0.0014,0.5,none,True,True
119780,1.0,0.0013,0.5,none,True,True
119781,1.0,0.0013,0.5,none,True,True
119782,1.0,0.0012,0.5,none,True,True
119783,1.0,0.0011,0.5,none,True,True
119784,1.0,0.0011,0.5,none,True,True
119785,1.0,0.001,0.5,none,True,True
119786,1.0,0.001,0.5,none,True,True
119787,1.0,0.0009,0.5,none,True,True
119788,1.0,0.0009,0.5,none,True,True
119789,1.0,0.0008,0.5,none,True,True
119790,1.0,0.0008,0.5,none,True,True
119791,1.0,0.0008,0.5,none,True,True
119792,1.0,0.0007,0.5,none,True,True
119793,1.0,0.0007,0.5,none,True,True
119794,1.0,0.0006,0.5,none,True,True
119795,1.0,0.0006,0.5,none,True,True
119796,1.0,0.0006,0.5,none,True,True
119797,1.0,0.0005,0.5,none,True,True
119798,1.0,0.0005,0.5,none,True,True
119799,1.0,0.0005,0.5,none,True,True
119800,1.0,0.0004,0.5,none,True,True
119801,1.0,0.0004,0.5,none,True,True
119802,1.0,0.0004,0.5,none,True,True
119803,1.0,0.0004,0.5,none,True,True
119804,1.0,0.0003,0.5,none,True,True
119805,1.0,0.0003,0.5,none,True,True
119806,1.0,0.0003,0.5,none,True,True
119807,1.0,0.0003,0.5,none,True,True
119808,1.0,0.0003,0.5,none,True,True
119809,1.0,0.0003,0.5,none,True,True
119810,1.0,0.0002,0.5,none,True,True
119811,1.0,0.0002,0.5,none,True,True
119812,1.0,0.0002,0.5,none,True,True
119813,1.0,0.0002,0.5,none,True,True
119814,1.0,0.0002,0.5,none,True,True
119815,1.0,0.0002,0.5,none,True,True
119816,1.0,0.0002,0.5,none,True,True
119817,1.0,0.0002,0.5,none,True,True
119818,1.0,0.0002,0.5,none,True,True
119819,1.0,0.0001,0.5,none,True,True
119820,1.0,0.0001,0.5,none,True,True
119821,1.0,0.0001,0.5,none,True,True
119822,1.0,0.0001,0.5,none,True,True
119823,1.0,0.0001,0.5,none,True,True
119824,1.0,0.0001,0.5,none,True,True
119825,1.0,0.0001,0.5,none,True,True
119826,1.0,0.0001,0.5,none,True,True
119827,1.0,0.0001,0.5,none,True,True
119828,1.0,0.0001,0.5,none,True,True
119829,1.0,0.0001,0.5,none,True,True
119830,1.0,0.0001,0.5,none,True,True
119831,1.0,0.0001,0.5,none,True,True
119832,1.0,0.0001,0.5,none,True,True
119833,1.0,0.0001,0.5,none,True,True
119834,1.0,0.0001,0.5,none,True,True
119835,1.0,0.0001,0.5,none,True,True
119836,1.0,0.0001,0.5,none,True,True
119837,1.0,0.0,0.5,none,True,True
119838,1.0,0.0,0.5,none,True,True
119839,1.0,0.0,0.5,none,True,True
119840,1.0,0.0,0.5,none,True,True
119841,1.0,0.0,0.5,none,True,True
119842,1.0,0.0,0.5,none,True,True
119843,1.0,0.0,0.5,none,True,True
119844,1.0,0.0,0.5,none,True,True
119845,1.0,0.0,0.5,none,True,True
119846,1.0,0.0,0.5,none,True,True
119847,1.0,0.0,0.5,none,True,True
119848,1.0,0.0,0.5,none,True,True
119849,1.0,0.0,0.5,none,True,True
119850,1.0,0.0,0.5,none,True,True
119851,1.0,0.0,0.5,none,True,True
119852,1.0,0.0,0.5,none,True,True
119853,1.0,0.0,0.5,none,True,True
119854,1.0,0.0,0.5,none,True,True
119855,1.0,0.0,0.5,none,True,True
119856,1.0,0.0,0.5,none,True,True
119857,1.0,0.0,0.5,none,True,True
119858,1.0,0.0,0.5,none,True,True
119859,1.0,0.0,0.5,none,True,True
119860,1.0,0.0,0.5,none,True,True
119861,1.0,0.0,0.5,none,True,True
119862,1.0,0.0,0.5,none,True,True
119863,1.0,0.0,0.5,none,True,True
119864,1.0,0.0,0.5,none,True,True
119865,1.0,0.0,0.5,none,True,True
119866,1.0,0.0,0.5,none,True,True
119867,1.0,0.0,0.5,none,True,True
119868,1.0,0.0,0.5,none,True,True
119869,1.0,0.0,0.5,none,True,True
119870,1.0,0.0,0.5,none,True,True
119871,1.0,0.0,0.5,none,True,True
119872,1.0,0.0,0.5,none,True,True
119873,1.0,0.0,0.5,none,True,True
119874,1.0,0.0,0.5,none,True,True
119875,1.0,0.0,0.5,none,True,True
119876,1.0,0.0,0.5,none,True,True
119877,1.0,0.0,0.5,none,True,True
119878,1.0,0.0,0.5,none,True,True
119879,1.0,0.0,0.5,none,True,True
119880,1.0,0.0,0.5,none,True,True
119881,1.0,0.0,0.5,none,True,True
119882,1.0,0.0,0.5,none,True,True
119883,1.0,0.0,0.5,none,True,True
119884,1.0,0.0,0.5,none,True,True
119885,1.0,0.0,0.5,none,True,True
119886,1.0,0.0,0.5,none,True,True
119887,1.0,0.0,0.5,none,True,True
119888,1.0,0.0,0.5,none,True,True
119889,1.0,0.0,0.5,none,True,True
119890,1.0,0.0,0.5,none,True,True
119891,1.0,0.0,0.5,none,True,True
119892,1.0,0.0,0.5,none,True,True
119893,1.0,0.0,0.5,none,True,True
119894,1.0,0.0,0.5,none,True,True
119895,1.0,0.0,0.5,none,True,True
119896,1.0,0.0,0.5,none,True,True
119897,1.0,0.0,0.5,none,True,True
119898,1.0,0.0,0.5,none,True,True
119899,1.0,0.0,0.5,none,True,True
119900,1.0,0.0,0.5,none,True,True
119901,1.0,0.0,0.5,none,True,True
119902,1.0,0.0,0.5,none,True,True
119903,1.0,0.0,0.5,none,True,True
119904,1.0,0.0,0.5,none,True,True
119905,1.0,0.0,0.5,none,True,True
119906,1.0,0.0,0.5,none,True,True
119907,1.0,0.0,0.5,none,True,True
119908,1.0,0.0,0.5,none,True,True
119909,1.0,0.0,0.5,none,True,True
119910,1.0,0.0,0.5,none,True,True
119911,1.0,0.0,0.5,none,True,True
119912,1.0,0.0,0.5,none,True,True
119913,1.0,0.0,0.5,none,True,True
119914,1.0,0.0,0.5,none,True,True
119915,1.0,0.0,0.5,none,True,True
119916,1.0,0.0,0.5,none,True,True
119917,1.0,0.0,0.5,none,True,True
119918,1.0,0.0,0.5,none,True,True
119919,1.0,0.0,0.5,none,True,True
119920,1.0,0.0,0.5,none,True,True
119921,1.0,0.0,0.5,none,True,True
119922,1.0,0.0,0.5,none,True,True
119923,1.0,0.0,0.5,none,True,True
119924,1.0,0.0,0.5,none,True,True
119925,1.0,0.0,0.5,none,True,True
119926,1.0,0.0,0.5,none,True,True
119927,1.0,0.0,0.5,none,True,True
119928,1.0,0.0,0.5,none,True,True
119929,1.0,0.0,0.5,none,True,True
119930,1.0,0.0,0.5,none,True,True
119931,1.0,0.0,0.5,none,True,True
119932,1.0,0.0,0.5,none,True,True
119933,1.0,0.0,0.5,none,True,True
119934,1.0,0.0,0.5,none,True,True
119935,1.0,0.0,0.5,none,True,True
119936,1.0,0.0,0.5,none,True,True
119937,1.0,0.0,0.5,none,True,True
119938,1.0,0.0,0.5,none,True,True
119939,1.0,0.0,0.5,none,True,True
119940,1.0,0.0,0.5,none,True,True
119941,1.0,0.0,0.5,none,True,True
119942,1.0,0.0,0.5,none,True,True
119943,1.0,0.0,0.5,none,True,True
119944,1.0,0.0,0.5,none,True,True
119945,1.0,0.0,0.5,none,True,True
119946,1.0,0.0,0.5,none,True,True
119947,1.0,0.0,0.5,none,True,True
119948,1.0,0.0,0.5,none,True,True
119949,1.0,0.0,0.5,none,True,True
119950,1.0,0.0,0.5,none,True,True
119951,1.0,0.0,0.5,none,True,True
119952,1.0,0.0,0.5,none,True,True
119953,1.0,0.0,0.5,none,True,True
119954,1.0,0.0,0.5,none,True,True
119955,1.0,0.0,0.5,none,True,True
119956,1.0,0.0,0.5,none,True,True
119957,1.0,0.0,0.5,none,True,True
119958,1.0,0.0,0.5,none,True,True
119959,1.0,0.0,0.5,none,True,True
119960,1.0,0.0,0.5,none,True,True
119961,1.0,0.0,0.5,none,True,True
119962,1.0,0.0,0.5,none,True,True
119963,1.0,0.0,0.5,none,True,True
119964,1.0,0.0,0.5,none,True,True
119965,1.0,0.0,0.5,none,True,True
119966,1.0,0.0,0.5,none,True,True
119967,1.0,0.0,0.5,none,True,True
119968,1.0,0.0,0.5,none,True,True
119969,1.0,0.0,0.5,none,True,True
119970,1.0,0.0,0.5,none,True,True
119971,1.0,0.0,0.5,none,True,True
119972,1.0,0.0,0.5,none,True,True
119973,1.0,0.0,0.5,none,True,True
119974,1.0,0.0,0.5,none,True,True
119975,1.0,0.0,0.5,none,True,True
119976,1.0,0.0,0.5,none,True,True
119977,1.0,0.0,0.5,none,True,True
119978,1.0,0.0,0.5,none,True,True
119979,1.0,0.0,0.5,none,True,True
119980,1.0,0.0,0.5,none,True,True
119981,1.0,0.0,0.5,none,True,True
119982,1.0,0.0,0.5,none,True,True
119983,1.0,0.0,0.5,none,True,True
119984,1.0,0.0,0.5,none,True,True
119985,1.0,0.0,0.5,none,True,True
119986,1.0,0.0,0.5,none,True,True
119987,1.0,0.0,0.5,none,True,True
119988,1.0,0.0,0.5,none,True,True
119989,1.0,0.0,0.5,none,True,True
119990,1.0,0.0,0.5,none,True,True
119991,1.0,0.0,0.5,none,True,True
119992,1.0,0.0,0.5,none,True,True
119993,1.0,0.0,0.5,none,True,True
119994,1.0,0.0,0.5,none,True,True
119995,1.0,0.0,0.5,none,True,True
119996,1.0,0.0,0.5,none,True,True
119997,1.0,0.0,0.5,none,True,True
119998,1.0,0.0,0.5,none,True,True
119999,1.0,0.0,0.5,none,True,True
120000,1.0,0.0,0.5,none,True,True
120001,1.0,0.0,0.5,none,True,True
120002,1.0,0.0,0.5,none,True,True
120003,1.0,0.0,0.5,none,True,True
120004,1.0,0.0,0.5,none,True,True
120005,1.0,0.0,0.5,none,True,True
120006,1.0,0.0,0.5,none,True,True
120007,1.0,0.0,0.5,none,True,True
120008,1.0,0.0,0.5,none,True,True
120009,1.0,0.0,0.5,none,True,True
120010,1.0,0.0,0.5,none,True,True
120011,1.0,0.0,0.5,none,True,True
120012,1.0,0.0,0.5,none,True,True
120013,1.0,0.0,0.5,none,True,True
120014,1.0,0.0,0.5,none,True,True
120015,1.0,0.0,0.5,none,True,True
120016,1.0,0.0,0.5,none,True,True
120017,1.0,0.0,0.5,none,True,True
120018,1.0,0.0,0.5,none,True,True
120019,1.0,0.0,0.5,none,True,True
120020,1.0,0.0,0.5,none,True,True
120021,1.0,0.0,0.5,none,True,True
120022,1.0,0.0,0.5,none,True,True
120023,1.0,0.0,0.5,none,True,True
120024,1.0,0.0,0.5,none,True,True
120025,1.0,0.0,0.5,none,True,True
120026,1.0,0.0,0.5,none,True,True
120027,1.0,0.0,0.5,none,True,True
120028,1.0,0.0,0.5,none,True,True
120029,1.0,0.0,0.5,none,True,True
120030,1.0,0.0,0.5,none,True,True
120031,1.0,0.0,0.5,none,True,True
120032,1.0,0.0,0.5,none,True,True
120033,1.0,0.0,0.5,none,True,True
120034,1.0,0.0,0.5,none,True,True
120035,1.0,0.0,0.5,none,True,True
120036,1.0,0.0,0.5,none,True,True
120037,1.0,0.0,0.5,none,True,True
120038,1.0,0.0,0.5,none,True,True
120039,1.0,0.0,0.5,none,True,True
120040,1.0,0.0,0.5,none,True,True
120041,1.0,0.0,0.5,none,True,True
120042,1.0,0.0,0.5,none,True,True
120043,1.0,0.0,0.5,none,True,True
120044,1.0,0.0,0.5,none,True,True
120045,1.0,0.0,0.5,none,True,True
120046,1.0,0.0,0.5,none,True,True
120047,1.0,0.0,0.5,none,True,True
120048,1.0,0.0,0.5,none,True,True
120049,1.0,0.0,0.5,none,True,True
120050,1.0,0.0,0.5,none,True,True
120051,1.0,0.0,0.5,none,True,True
120052,1.0,0.0,0.5,none,True,True
120053,1.0,0.0,0.5,none,True,True
120054,1.0,0.0,0.5,none,True,True
120055,1.0,0.0,0.5,none,True,True
120056,1.0,0.0,0.5,none,True,True
120057,1.0,0.0,0.5,none,True,True
120058,1.0,0.0,0.5,none,True,True
120059,1.0,0.0,0.5,none,True,True
120060,1.0,0.0,0.5,none,True,True
120061,1.0,0.0,0.5,none,True,True
120062,1.0,0.0,0.5,none,True,True
120063,1.0,0.0,0.5,none,True,True
120064,1.0,0.0,0.5,none,True,True
120065,1.0,0.0,0.5,none,True,True
120066,1.0,0.0,0.5,none,True,True
120067,1.0,0.0,0.5,none,True,True
120068,1.0,0.0,0.5,none,True,True
120069,1.0,0.0,0.5,none,True,True
120070,1.0,0.0,0.5,none,True,True
120071,1.0,0.0,0.5,none,True,True
120072,1.0,0.0,0.5,none,True,True
120073,1.0,0.0,0.5,none,True,True
120074,1.0,0.0,0.5,none,True,True
120075,1.0,0.0,0.5,none,True,True
120076,1.0,0.0,0.5,none,True,True
120077,1.0,0.0,0.5,none,True,True
120078,1.0,0.0,0.5,none,True,True
120079,1.0,0.0,0.5,none,True,True
120080,1.0,0.0,0.5,none,True,True
120081,1.0,0.0,0.5,none,True,True
120082,1.0,0.0,0.5,none,True,True
120083,1.0,0.0,0.5,none,True,True
120084,1.0,0.0,0.5,none,True,True
120085,1.0,0.0,0.5,none,True,True
120086,1.0,0.0,0.5,none,True,True
120087,1.0,0.0,0.5,none,True,True
120088,1.0,0.0,0.5,none,True,True
120089,1.0,0.0,0.5,none,True,True
120090,1.0,0.0,0.5,none,True,True
120091,1.0,0.0,0.5,none,True,True
120092,1.0,0.0,0.5,none,True,True
120093,1.0,0.0,0.5,none,True,True
120094,1.0,0.0,0.5,none,True,True
120095,1.0,0.0,0.5,none,True,True
120096,1.0,0.0,0.5,none,True,True
120097,1.0,0.0,0.5,none,True,True
120098,1.0,0.0,0.5,none,True,True
120099,1.0,0.0,0.5,none,True,True
120100,1.0,0.0,0.5,none,True,True
120101,1.0,0.0,0.5,none,True,True
120102,1.0,0.0,0.5,none,True,True
120103,1.0,0.0,0.5,none,True,True
120104,1.0,0.0,0.5,none,True,True
120105,1.0,0.0,0.5,none,True,True
120106,1.0,0.0,0.5,none,True,True
120107,1.0,0.0,0.5,none,True,True
120108,1.0,0.0,0.5,none,True,True
120109,1.0,0.0,0.5,none,True,True
120110,1.0,0.0,0.5,none,True,True
120111,1.0,0.0,0.5,none,True,True
120112,1.0,0.0,0.5,none,True,True
120113,1.0,0.0,0.5,none,True,True
120114,1.0,0.0,0.5,none,True,True
120115,1.0,0.0,0.5,none,True,True
120116,1.0,0.0,0.5,none,True,True
120117,1.0,0.0,0.5,none,True,True
120118,1.0,0.0,0.5,none,True,True
120119,1.0,0.0,0.5,none,True,True
120120,1.0,0.0,0.5,none,True,True
120121,1.0,0.0,0.5,none,True,True
120122,1.0,0.0,0.5,none,True,True
120123,1.0,0.0,0.5,none,True,True
120124,1.0,0.0,0.5,none,True,True
120125,1.0,0.0,0.5,none,True,True
120126,1.0,0.0,0.5,none,True,True
120127,1.0,0.0,0.5,none,True,True
120128,1.0,0.0,0.5,none,True,True
120129,1.0,0.0,0.5,none,True,True
120130,1.0,0.0,0.5,none,True,True
120131,1.0,0.0,0.5,none,True,True
120132,1.0,0.0,0.5,none,True,True
120133,1.0,0.0,0.5,none,True,True
120134,1.0,0.0,0.5,none,True,True
120135,1.0,0.0,0.5,none,True,True
120136,1.0,0.0,0.5,none,True,True
120137,1.0,0.0,0.5,none,True,True
120138,1.0,0.0,0.5,none,True,True
120139,1.0,0.0,0.5,none,True,True
120140,1.0,0.0,0.5,none,True,True
120141,1.0,0.0,0.5,none,True,True
120142,1.0,0.0,0.5,none,True,True
120143,1.0,0.0,0.5,none,True,True
120144,1.0,0.0,0.5,none,True,True
120145,1.0,0.0,0.5,none,True,True
120146,1.0,0.0,0.5,none,True,True
120147,1.0,0.0,0.5,none,True,True
120148,1.0,0.0,0.5,none,True,True
120149,1.0,0.0,0.5,none,True,True
120150,1.0,0.0,0.5,none,True,True
120151,1.0,0.0,0.5,none,True,True
120152,1.0,0.0,0.5,none,True,True
120153,1.0,0.0,0.5,none,True,True
120154,1.0,0.0,0.5,none,True,True
120155,1.0,0.0,0.5,none,True,True
120156,1.0,0.0,0.5,none,True,True
120157,1.0,0.0,0.5,none,True,True
120158,1.0,0.0,0.5,none,True,True
120159,1.0,0.0,0.5,none,True,True
120160,1.0,0.0,0.5,none,True,True
120161,1.0,0.0,0.5,none,True,True
120162,1.0,0.0,0.5,none,True,True
120163,1.0,0.0,0.5,none,True,True
120164,1.0,0.0,0.5,none,True,True
120165,1.0,0.0,0.5,none,True,True
120166,1.0,0.0,0.5,none,True,True
120167,1.0,0.0,0.5,none,True,True
120168,1.0,0.0,0.5,none,True,True
120169,1.0,0.0,0.5,none,True,True
120170,1.0,0.0,0.5,none,True,True
120171,1.0,0.0,0.5,none,True,True
120172,1.0,0.0,0.5,none,True,True
120173,1.0,0.0,0.5,none,True,True
120174,1.0,0.0,0.5,none,True,True
120175,1.0,0.0,0.5,none,True,True
120176,1.0,0.0,0.5,none,True,True
120177,1.0,0.0,0.5,none,True,True
120178,1.0,0.0,0.5,none,True,True
120179,1.0,0.0,0.5,none,True,True
120180,1.0,0.0,0.5,none,True,True
120181,1.0,0.0,0.5,none,True,True
120182,1.0,0.0,0.5,none,True,True
120183,1.0,0.0,0.5,none,True,True
120184,1.0,0.0,0.5,none,True,True
120185,1.0,0.0,0.5,none,True,True
120186,1.0,0.0,0.5,none,True,True
120187,1.0,0.0,0.5,none,True,True
120188,1.0,0.0,0.5,none,True,True
120189,1.0,0.0,0.5,none,True,True
120190,1.0,0.0,0.5,none,True,True
120191,1.0,0.0,0.5,none,True,True
120192,1.0,0.0,0.5,none,True,True
120193,1.0,0.0,0.5,none,True,True
120194,1.0,0.0,0.5,none,True,True
120195,1.0,0.0,0.5,none,True,True
120196,1.0,0.0,0.5,none,True,True
120197,1.0,0.0,0.5,none,True,True
120198,1.0,0.0,0.5,none,True,True
120199,1.0,0.0,0.5,none,True,True
120200,1.0,0.0,0.5,none,True,True
120201,1.0,0.0,0.5,none,True,True
120202,1.0,0.0,0.5,none,True,True
120203,1.0,0.0,0.5,none,True,True
120204,1.0,0.0,0.5,none,True,True
120205,1.0,0.0,0.5,none,True,True
120206,1.0,0.0,0.5,none,True,True
120207,1.0,0.0,0.5,none,True,True
120208,1.0,0.0,0.5,none,True,True
120209,1.0,0.0,0.5,none,True,True
120210,1.0,0.0,0.5,none,True,True
120211,1.0,0.0,0.5,none,True,True
120212,1.0,0.0,0.5,none,True,True
120213,1.0,0.0,0.5,none,True,True
120214,1.0,0.0,0.5,none,True,True
120215,1.0,0.0,0.5,none,True,True
120216,1.0,0.0,0.5,none,True,True
120217,1.0,0.0,0.5,none,True,True
120218,1.0,0.0,0.5,none,True,True
120219,1.0,0.0,0.5,none,True,True
120220,1.0,0.0,0.5,none,True,True
120221,1.0,0.0,0.5,none,True,True
120222,1.0,0.0,0.5,none,True,True
120223,1.0,0.0,0.5,none,True,True
120224,1.0,0.0,0.5,none,True,True
120225,1.0,0.0,0.5,none,True,True
120226,1.0,0.0,0.5,none,True,True
120227,1.0,0.0,0.5,none,True,True
120228,1.0,0.0,0.5,none,True,True
120229,1.0,0.0,0.5,none,True,True
120230,1.0,0.0,0.5,none,True,True
120231,1.0,0.0,0.5,none,True,True
120232,1.0,0.0,0.5,none,True,True
120233,1.0,0.0,0.5,none,True,True
120234,1.0,0.0,0.5,none,True,True
120235,1.0,0.0,0.5,none,True,True
120236,1.0,0.0,0.5,none,True,True
120237,1.0,0.0,0.5,none,True,True
120238,1.0,0.0,0.5,none,True,True
120239,1.0,0.0,0.5,none,True,True
120240,1.0,0.0,0.5,none,True,True
120241,1.0,0.0,0.5,none,True,True
120242,1.0,0.0,0.5,none,True,True
120243,1.0,0.0,0.5,none,True,True
120244,1.0,0.0,0.5,none,True,True
120245,1.0,0.0,0.5,none,True,True
120246,1.0,0.0,0.5,none,True,True
120247,1.0,0.0,0.5,none,True,True
120248,1.0,0.0,0.5,none,True,True
120249,1.0,0.0,0.5,none,True,True
120250,1.0,0.0,0.5,none,True,True
120251,1.0,0.0,0.5,none,True,True
120252,1.0,0.0,0.5,none,True,True
120253,1.0,0.0,0.5,none,True,True
120254,1.0,0.0,0.5,none,True,True
120255,1.0,0.0,0.5,none,True,True
120256,1.0,0.0,0.5,none,True,True
120257,1.0,0.0,0.5,none,True,True
120258,1.0,0.0,0.5,none,True,True
120259,1.0,0.0,0.5,none,True,True
120260,1.0,0.0,0.5,none,True,True
120261,1.0,0.0,0.5,none,True,True
120262,1.0,0.0,0.5,none,True,True
120263,1.0,0.0,0.5,none,True,True
120264,1.0,0.0,0.5,none,True,True
120265,1.0,0.0,0.5,none,True,True
120266,1.0,0.0,0.5,none,True,True
120267,1.0,0.0,0.5,none,True,True
120268,1.0,0.0,0.5,none,True,True
120269,1.0,0.0,0.5,none,True,True
120270,1.0,0.0,0.5,none,True,True
120271,1.0,0.0,0.5,none,True,True
120272,1.0,0.0,0.5,none,True,True
120273,1.0,0.0,0.5,none,True,True
120274,1.0,0.0,0.5,none,True,True
120275,1.0,0.0,0.5,none,True,True
120276,1.0,0.0,0.5,none,True,True
120277,1.0,0.0,0.5,none,True,True
120278,1.0,0.0,0.5,none,True,True
120279,1.0,0.0,0.5,none,True,True
120280,1.0,0.0,0.5,none,True,True
120281,1.0,0.0,0.5,none,True,True
120282,1.0,0.0,0.5,none,True,True
120283,1.0,0.0,0.5,none,True,True
120284,1.0,0.0,0.5,none,True,True
120285,1.0,0.0,0.5,none,True,True
120286,1.0,0.0,0.5,none,True,True
120287,1.0,0.0,0.5,none,True,True
120288,1.0,0.0,0.5,none,True,True
120289,1.0,0.0,0.5,none,True,True
120290,1.0,0.0,0.5,none,True,True
120291,1.0,0.0,0.5,none,True,True
120292,1.0,0.0,0.5,none,True,True
120293,1.0,0.0,0.5,none,True,True
120294,1.0,0.0,0.5,none,True,True
120295,1.0,0.0,0.5,none,True,True
120296,1.0,0.0,0.5,none,True,True
120297,1.0,0.0,0.5,none,True,True
120298,1.0,0.0,0.5,none,True,True
120299,1.0,0.0,0.5,none,True,True
120300,1.0,0.0,0.5,none,True,True
120301,1.0,0.0,0.5,none,True,True
120302,1.0,0.0,0.5,none,True,True
120303,1.0,0.0,0.5,none,True,True
120304,1.0,0.0,0.5,none,True,True
120305,1.0,0.0,0.5,none,True,True
120306,1.0,0.0,0.5,none,True,True
120307,1.0,0.0,0.5,none,True,True
120308,1.0,0.0,0.5,none,True,True
120309,1.0,0.0,0.5,none,True,True
120310,1.0,0.0,0.5,none,True,True
120311,1.0,0.0,0.5,none,True,True
120312,1.0,0.0,0.5,none,True,True
120313,1.0,0.0,0.5,none,True,True
120314,1.0,0.0,0.5,none,True,True
120315,1.0,0.0,0.5,none,True,True
120316,1.0,0.0,0.5,none,True,True
120317,1.0,0.0,0.5,none,True,True
120318,1.0,0.0,0.5,none,True,True
120319,1.0,0.0,0.5,none,True,True
120320,1.0,0.0,0.5,none,True,True
120321,1.0,0.0,0.5,none,True,True
120322,1.0,0.0,0.5,none,True,True
120323,1.0,0.0,0.5,none,True,True
120324,1.0,0.0,0.5,none,True,True
120325,1.0,0.0,0.5,none,True,True
120326,1.0,0.0,0.5,none,True,True
120327,1.0,0.0,0.5,none,True,True
120328,1.0,0.0,0.5,none,True,True
120329,1.0,0.0,0.5,none,True,True
120330,1.0,0.0,0.5,none,True,True
120331,1.0,0.0,0.5,none,True,True
120332,1.0,0.0,0.5,none,True,True
120333,1.0,0.0,0.5,none,True,True
120334,1.0,0.0,0.5,none,True,True
120335,1.0,0.0,0.5,none,True,True
120336,1.0,0.0,0.5,none,True,True
120337,1.0,0.0,0.5,none,True,True
120338,1.0,0.0,0.5,none,True,True
120339,1.0,0.0,0.5,none,True,True
120340,1.0,0.0,0.5,none,True,True
120341,1.0,0.0,0.5,none,True,True
120342,1.0,0.0,0.5,none,True,True
120343,1.0,0.0,0.5,none,True,True
120344,1.0,0.0,0.5,none,True,True
120345,1.0,0.0,0.5,none,True,True
120346,1.0,0.0,0.5,none,True,True
120347,1.0,0.0,0.5,none,True,True
120348,1.0,0.0,0.5,none,True,True
120349,1.0,0.0,0.5,none,True,True
120350,1.0,0.0,0.5,none,True,True
120351,1.0,0.0,0.5,none,True,True
120352,1.0,0.0,0.5,none,True,True
120353,1.0,0.0,0.5,none,True,True
120354,1.0,0.0,0.5,none,True,True
120355,1.0,0.0,0.5,none,True,True
120356,1.0,0.0,0.5,none,True,True
120357,1.0,0.0,0.5,none,True,True
120358,1.0,0.0,0.5,none,True,True
120359,1.0,0.0,0.5,none,True,True
120360,1.0,0.0,0.5,none,True,True
120361,1.0,0.0,0.5,none,True,True
120362,1.0,0.0,0.5,none,True,True
120363,1.0,0.0,0.5,none,True,True
120364,1.0,0.0,0.5,none,True,True
120365,1.0,0.0,0.5,none,True,True
120366,1.0,0.0,0.5,none,True,True
120367,1.0,0.0,0.5,none,True,True
120368,1.0,0.0,0.5,none,True,True
120369,1.0,0.0,0.5,none,True,True
120370,1.0,0.0,0.5,none,True,True
120371,1.0,0.0,0.5,none,True,True
120372,1.0,0.0,0.5,none,True,True
120373,1.0,0.0,0.5,none,True,True
120374,1.0,0.0,0.5,none,True,True
120375,1.0,0.0,0.5,none,True,True
120376,1.0,0.0,0.5,none,True,True
120377,1.0,0.0,0.5,none,True,True
120378,1.0,0.0,0.5,none,True,True
120379,1.0,0.0,0.5,none,True,True
120380,1.0,0.0,0.5,none,True,True
120381,1.0,0.0,0.5,none,True,True
120382,1.0,0.0,0.5,none,True,True
120383,1.0,0.0,0.5,none,True,True
120384,1.0,0.0,0.5,none,True,True
120385,1.0,0.0,0.5,none,True,True
120386,1.0,0.0,0.5,none,True,True
120387,1.0,0.0,0.5,none,True,True
120388,1.0,0.0,0.5,none,True,True
120389,1.0,0.0,0.5,none,True,True
120390,1.0,0.0,0.5,none,True,True
120391,1.0,0.0,0.5,none,True,True
120392,1.0,0.0,0.5,none,True,True
120393,1.0,0.0,0.5,none,True,True
120394,1.0,0.0,0.5,none,True,True
120395,1.0,0.0,0.5,none,True,True
120396,1.0,0.0,0.5,none,True,True
120397,1.0,0.0,0.5,none,True,True
120398,1.0,0.0,0.5,none,True,True
120399,1.0,0.0,0.5,none,True,True
120400,1.0,0.0061,0.5,none,True,True
120401,1.0,0.0357,0.5,none,True,True
120402,1.0,0.0812,0.5,none,True,True
120403,1.0,0.1113,0.5,none,True,True
120404,1.0,0.1253,0.5,none,True,True
120405,1.0,0.1408,0.5,none,True,True
120406,1.0,0.0907,0.5,none,True,True
120407,1.0,0.1198,0.5,none,True,True
120408,1.0,0.0467,0.5,none,True,True
120409,1.0,0.0522,0.5,none,True,True
120410,1.0,0.0405,0.5,none,True,True
120411,1.0,0.0313,0.5,none,True,True
120412,1.0,0.0083,0.5,none,True,True
120413,1.0,0.0726,0.5,none,True,True
120414,1.0,0.0793,0.5,none,True,True
120415,1.0,0.0581,0.5,none,True,True
120416,1.0,0.0955,0.5,none,True,True
120417,1.0,0.0839,0.5,none,True,True
120418,1.0,0.0648,0.5,none,True,True
120419,1.0,0.0718,0.5,none,True,True
120420,1.0,0.0589,0.5,none,True,True
120421,1.0,0.0403,0.5,none,True,True
120422,1.0,0.0327,0.5,none,True,True
120423,1.0,0.0277,0.5,none,True,True
120424,1.0,0.017,0.5,none,True,True
120425,1.0,0.0102,0.5,none,True,True
120426,1.0,0.0099,0.5,none,True,True
120427,1.0,0.008,0.5,none,True,True
120428,1.0,0.005,0.5,none,True,True
120429,1.0,0.0063,0.5,none,True,True
120430,1.0,0.009,0.5,none,True,True
120431,1.0,0.0096,0.5,none,True,True
120432,1.0,0.0108,0.5,none,True,True
120433,1.0,0.014,0.5,none,True,True
120434,1.0,0.0161,0.5,none,True,True
120435,1.0,0.0167,0.5,none,True,True
120436,1.0,0.0182,0.5,none,True,True
120437,1.0,0.0196,0.5,none,True,True
120438,1.0,0.0197,0.5,none,True,True
120439,1.0,0.0193,0.5,none,True,True
120440,1.0,0.0193,0.5,none,True,True
120441,1.0,0.0187,0.5,none,True,True
120442,1.0,0.0174,0.5,none,True,True
120443,1.0,0.0163,0.5,none,True,True
120444,1.0,0.0152,0.5,none,True,True
120445,1.0,0.0138,0.5,none,True,True
120446,1.0,0.0123,0.5,none,True,True
120447,1.0,0.0111,0.5,none,True,True
120448,1.0,0.01,0.5,none,True,True
120449,1.0,0.0088,0.5,none,True,True
120450,1.0,0.0078,0.5,none,True,True
120451,1.0,0.0071,0.5,none,True,True
120452,1.0,0.0064,0.5,none,True,True
120453,1.0,0.0057,0.5,none,True,True
120454,1.0,0.0053,0.5,none,True,True
120455,1.0,0.005,0.5,none,True,True
120456,1.0,0.0047,0.5,none,True,True
120457,1.0,0.0045,0.5,none,True,True
120458,1.0,0.0044,0.5,none,True,True
120459,1.0,0.0043,0.5,none,True,True
120460,1.0,0.0042,0.5,none,True,True
120461,1.0,0.0041,0.5,none,True,True
120462,1.0,0.004,0.5,none,True,True
120463,1.0,0.0039,0.5,none,True,True
120464,1.0,0.0038,0.5,none,True,True
120465,1.0,0.0037,0.5,none,True,True
120466,1.0,0.0035,0.5,none,True,True
120467,1.0,0.0033,0.5,none,True,True
120468,1.0,0.0032,0.5,none,True,True
120469,1.0,0.003,0.5,none,True,True
120470,1.0,0.0028,0.5,none,True,True
120471,1.0,0.0026,0.5,none,True,True
120472,1.0,0.0024,0.5,none,True,True
120473,1.0,0.0023,0.5,none,True,True
120474,1.0,0.0021,0.5,none,True,True
120475,1.0,0.0019,0.5,none,True,True
120476,1.0,0.0018,0.5,none,True,True
120477,1.0,0.0017,0.5,none,True,True
120478,1.0,0.0015,0.5,none,True,True
120479,1.0,0.0014,0.5,none,True,True
120480,1.0,0.0013,0.5,none,True,True
120481,1.0,0.0013,0.5,none,True,True
120482,1.0,0.0012,0.5,none,True,True
120483,1.0,0.0011,0.5,none,True,True
120484,1.0,0.0011,0.5,none,True,True
120485,1.0,0.001,0.5,none,True,True
120486,1.0,0.001,0.5,none,True,True
120487,1.0,0.0009,0.5,none,True,True
120488,1.0,0.0009,0.5,none,True,True
120489,1.0,0.0008,0.5,none,True,True
120490,1.0,0.0008,0.5,none,True,True
120491,1.0,0.0008,0.5,none,True,True
120492,1.0,0.0007,0.5,none,True,True
120493,1.0,0.0007,0.5,none,True,True
120494,1.0,0.0006,0.5,none,True,True
120495,1.0,0.0006,0.5,none,True,True
120496,1.0,0.0006,0.5,none,True,True
120497,1.0,0.0005,0.5,none,True,True
120498,1.0,0.0005,0.5,none,True,True
120499,1.0,0.0005,0.5,none,True,True
120500,1.0,0.0004,0.5,none,True,True
120501,1.0,0.0004,0.5,none,True,True
120502,1.0,0.0004,0.5,none,True,True
120503,1.0,0.0004,0.5,none,True,True
120504,1.0,0.0003,0.5,none,True,True
120505,1.0,0.0003,0.5,none,True,True
120506,1.0,0.0003,0.5,none,True,True
120507,1.0,0.0003,0.5,none,True,True
120508,1.0,0.0003,0.5,none,True,True
120509,1.0,0.0003,0.5,none,True,True
120510,1.0,0.0002,0.5,none,True,True
120511,1.0,0.0002,0.5,none,True,True
120512,1.0,0.0002,0.5,none,True,True
120513,1.0,0.0002,0.5,none,True,True
120514,1.0,0.0002,0.5,none,True,True
120515,1.0,0.0002,0.5,none,True,True
120516,1.0,0.0002,0.5,none,True,True
120517,1.0,0.0002,0.5,none,True,True
120518,1.0,0.0002,0.5,none,True,True
120519,1.0,0.0001,0.5,none,True,True
120520,1.0,0.0001,0.5,none,True,True
120521,1.0,0.0001,0.5,none,True,True
120522,1.0,0.0001,0.5,none,True,True
120523,1.0,0.0001,0.5,none,True,True
120524,1.0,0.0001,0.5,none,True,True
120525,1.0,0.0001,0.5,none,True,True
120526,1.0,0.0001,0.5,none,True,True
120527,1.0,0.0001,0.5,none,True,True
120528,1.0,0.0001,0.5,none,True,True
120529,1.0,0.0001,0.5,none,True,True
120530,1.0,0.0001,0.5,none,True,True
120531,1.0,0.0001,0.5,none,True,True
120532,1.0,0.0001,0.5,none,True,True
120533,1.0,0.0001,0.5,none,True,True
120534,1.0,0.0001,0.5,none,True,True
120535,1.0,0.0001,0.5,none,True,True
120536,1.0,0.0001,0.5,none,True,True
120537,1.0,0.0,0.5,none,True,True
120538,1.0,0.0,0.5,none,True,True
120539,1.0,0.0,0.5,none,True,True
120540,1.0,0.0,0.5,none,True,True
120541,1.0,0.0,0.5,none,True,True
120542,1.0,0.0,0.5,none,True,True
120543,1.0,0.0,0.5,none,True,True
120544,1.0,0.0,0.5,none,True,True
120545,1.0,0.0,0.5,none,True,True
120546,1.0,0.0,0.5,none,True,True
120547,1.0,0.0,0.5,none,True,True
120548,1.0,0.0,0.5,none,True,True
120549,1.0,0.0,0.5,none,True,True
120550,1.0,0.0,0.5,none,True,True
120551,1.0,0.0,0.5,none,True,True
120552,1.0,0.0,0.5,none,True,True
120553,1.0,0.0,0.5,none,True,True
120554,1.0,0.0,0.5,none,True,True
120555,1.0,0.0,0.5,none,True,True
120556,1.0,0.0,0.5,none,True,True
120557,1.0,0.0,0.5,none,True,True
120558,1.0,0.0,0.5,none,True,True
120559,1.0,0.0,0.5,none,True,True
120560,1.0,0.0,0.5,none,True,True
120561,1.0,0.0,0.5,none,True,True
120562,1.0,0.0,0.5,none,True,True
120563,1.0,0.0,0.5,none,True,True
120564,1.0,0.0,0.5,none,True,True
120565,1.0,0.0,0.5,none,True,True
120566,1.0,0.0,0.5,none,True,True
120567,1.0,0.0,0.5,none,True,True
120568,1.0,0.0,0.5,none,True,True
120569,1.0,0.0,0.5,none,True,True
120570,1.0,0.0,0.5,none,True,True
120571,1.0,0.0,0.5,none,True,True
120572,1.0,0.0,0.5,none,True,True
120573,1.0,0.0,0.5,none,True,True
120574,1.0,0.0,0.5,none,True,True
120575,1.0,0.0,0.5,none,True,True
120576,1.0,0.0,0.5,none,True,True
120577,1.0,0.0,0.5,none,True,True
120578,1.0,0.0,0.5,none,True,True
120579,1.0,0.0,0.5,none,True,True
120580,1.0,0.0,0.5,none,True,True
120581,1.0,0.0,0.5,none,True,True
120582,1.0,0.0,0.5,none,True,True
120583,1.0,0.0,0.5,none,True,True
120584,1.0,0.0,0.5,none,True,True
120585,1.0,0.0,0.5,none,True,True
120586,1.0,0.0,0.5,none,True,True
120587,1.0,0.0,0.5,none,True,True
120588,1.0,0.0,0.5,none,True,True
120589,1.0,0.0,0.5,none,True,True
120590,1.0,0.0,0.5,none,True,True
120591,1.0,0.0,0.5,none,True,True
120592,1.0,0.0,0.5,none,True,True
120593,1.0,0.0,0.5,none,True,True
120594,1.0,0.0,0.5,none,True,True
120595,1.0,0.0,0.5,none,True,True
120596,1.0,0.0,0.5,none,True,True
120597,1.0,0.0,0.5,none,True,True
120598,1.0,0.0,0.5,none,True,True
120599,1.0,0.0,0.5,none,True,True
120600,1.0,0.0,0.5,none,True,True
120601,1.0,0.0,0.5,none,True,True
120602,1.0,0.0,0.5,none,True,True
120603,1.0,0.0,0.5,none,True,True
120604,1.0,0.0,0.5,none,True,True
120605,1.0,0.0,0.5,none,True,True
120606,1.0,0.0,0.5,none,True,True
120607,1.0,0.0,0.5,none,True,True
120608,1.0,0.0,0.5,none,True,True
120609,1.0,0.0,0.5,none,True,True
120610,1.0,0.0,0.5,none,True,True
120611,1.0,0.0,0.5,none,True,True
120612,1.0,0.0,0.5,none,True,True
120613,1.0,0.0,0.5,none,True,True
120614,1.0,0.0,0.5,none,True,True
120615,1.0,0.0,0.5,none,True,True
120616,1.0,0.0,0.5,none,True,True
120617,1.0,0.0,0.5,none,True,True
120618,1.0,0.0,0.5,none,True,True
120619,1.0,0.0,0.5,none,True,True
120620,1.0,0.0,0.5,none,True,True
120621,1.0,0.0,0.5,none,True,True
120622,1.0,0.0,0.5,none,True,True
120623,1.0,0.0,0.5,none,True,True
120624,1.0,0.0,0.5,none,True,True
120625,1.0,0.0,0.5,none,True,True
120626,1.0,0.0,0.5,none,True,True
120627,1.0,0.0,0.5,none,True,True
120628,1.0,0.0,0.5,none,True,True
120629,1.0,0.0,0.5,none,True,True
120630,1.0,0.0,0.5,none,True,True
120631,1.0,0.0,0.5,none,True,True
120632,1.0,0.0,0.5,none,True,True
120633,1.0,0.0,0.5,none,True,True
120634,1.0,0.0,0.5,none,True,True
120635,1.0,0.0,0.5,none,True,True
120636,1.0,0.0,0.5,none,True,True
120637,1.0,0.0,0.5,none,True,True
120638,1.0,0.0,0.5,none,True,True
120639,1.0,0.0,0.5,none,True,True
120640,1.0,0.0,0.5,none,True,True
120641,1.0,0.0,0.5,none,True,True
120642,1.0,0.0,0.5,none,True,True
120643,1.0,0.0,0.5,none,True,True
120644,1.0,0.0,0.5,none,True,True
120645,1.0,0.0,0.5,none,True,True
120646,1.0,0.0,0.5,none,True,True
120647,1.0,0.0,0.5,none,True,True
120648,1.0,0.0,0.5,none,True,True
120649,1.0,0.0,0.5,none,True,True
120650,1.0,0.0,0.5,none,True,True
120651,1.0,0.0,0.5,none,True,True
120652,1.0,0.0,0.5,none,True,True
120653,1.0,0.0,0.5,none,True,True
120654,1.0,0.0,0.5,none,True,True
120655,1.0,0.0,0.5,none,True,True
120656,1.0,0.0,0.5,none,True,True
120657,1.0,0.0,0.5,none,True,True
120658,1.0,0.0,0.5,none,True,True
120659,1.0,0.0,0.5,none,True,True
120660,1.0,0.0,0.5,none,True,True
120661,1.0,0.0,0.5,none,True,True
120662,1.0,0.0,0.5,none,True,True
120663,1.0,0.0,0.5,none,True,True
120664,1.0,0.0,0.5,none,True,True
120665,1.0,0.0,0.5,none,True,True
120666,1.0,0.0,0.5,none,True,True
120667,1.0,0.0,0.5,none,True,True
120668,1.0,0.0,0.5,none,True,True
120669,1.0,0.0,0.5,none,True,True
120670,1.0,0.0,0.5,none,True,True
120671,1.0,0.0,0.5,none,True,True
120672,1.0,0.0,0.5,none,True,True
120673,1.0,0.0,0.5,none,True,True
120674,1.0,0.0,0.5,none,True,True
120675,1.0,0.0,0.5,none,True,True
120676,1.0,0.0,0.5,none,True,True
120677,1.0,0.0,0.5,none,True,True
120678,1.0,0.0,0.5,none,True,True
120679,1.0,0.0,0.5,none,True,True
120680,1.0,0.0,0.5,none,True,True
120681,1.0,0.0,0.5,none,True,True
120682,1.0,0.0,0.5,none,True,True
120683,1.0,0.0,0.5,none,True,True
120684,1.0,0.0,0.5,none,True,True
120685,1.0,0.0,0.5,none,True,True
120686,1.0,0.0,0.5,none,True,True
120687,1.0,0.0,0.5,none,True,True
120688,1.0,0.0,0.5,none,True,True
120689,1.0,0.0,0.5,none,True,True
120690,1.0,0.0,0.5,none,True,True
120691,1.0,0.0,0.5,none,True,True
120692,1.0,0.0,0.5,none,True,True
120693,1.0,0.0,0.5,none,True,True
120694,1.0,0.0,0.5,none,True,True
120695,1.0,0.0,0.5,none,True,True
120696,1.0,0.0,0.5,none,True,True
120697,1.0,0.0,0.5,none,True,True
120698,1.0,0.0,0.5,none,True,True
120699,1.0,0.0,0.5,none,True,True
120700,1.0,0.0,0.5,none,True,True
120701,1.0,0.0,0.5,none,True,True
120702,1.0,0.0,0.5,none,True,True
120703,1.0,0.0,0.5,none,True,True
120704,1.0,0.0,0.5,none,True,True
120705,1.0,0.0,0.5,none,True,True
120706,1.0,0.0,0.5,none,True,True
120707,1.0,0.0,0.5,none,True,True
120708,1.0,0.0,0.5,none,True,True
120709,1.0,0.0,0.5,none,True,True
120710,1.0,0.0,0.5,none,True,True
120711,1.0,0.0,0.5,none,True,True
120712,1.0,0.0,0.5,none,True,True
120713,1.0,0.0,0.5,none,True,True
120714,1.0,0.0,0.5,none,True,True
120715,1.0,0.0,0.5,none,True,True
120716,1.0,0.0,0.5,none,True,True
120717,1.0,0.0,0.5,none,True,True
120718,1.0,0.0,0.5,none,True,True
120719,1.0,0.0,0.5,none,True,True
120720,1.0,0.0,0.5,none,True,True
120721,1.0,0.0,0.5,none,True,True
120722,1.0,0.0,0.5,none,True,True
120723,1.0,0.0,0.5,none,True,True
120724,1.0,0.0,0.5,none,True,True
120725,1.0,0.0,0.5,none,True,True
120726,1.0,0.0,0.5,none,True,True
120727,1.0,0.0,0.5,none,True,True
120728,1.0,0.0,0.5,none,True,True
120729,1.0,0.0,0.5,none,True,True
120730,1.0,0.0,0.5,none,True,True
120731,1.0,0.0,0.5,none,True,True
120732,1.0,0.0,0.5,none,True,True
120733,1.0,0.0,0.5,none,True,True
120734,1.0,0.0,0.5,none,True,True
120735,1.0,0.0,0.5,none,True,True
120736,1.0,0.0,0.5,none,True,True
120737,1.0,0.0,0.5,none,True,True
120738,1.0,0.0,0.5,none,True,True
120739,1.0,0.0,0.5,none,True,True
120740,1.0,0.0,0.5,none,True,True
120741,1.0,0.0,0.5,none,True,True
120742,1.0,0.0,0.5,none,True,True
120743,1.0,0.0,0.5,none,True,True
120744,1.0,0.0,0.5,none,True,True
120745,1.0,0.0,0.5,none,True,True
120746,1.0,0.0,0.5,none,True,True
120747,1.0,0.0,0.5,none,True,True
120748,1.0,0.0,0.5,none,True,True
120749,1.0,0.0,0.5,none,True,True
120750,1.0,0.0,0.5,none,True,True
120751,1.0,0.0,0.5,none,True,True
120752,1.0,0.0,0.5,none,True,True
120753,1.0,0.0,0.5,none,True,True
120754,1.0,0.0,0.5,none,True,True
120755,1.0,0.0,0.5,none,True,True
120756,1.0,0.0,0.5,none,True,True
120757,1.0,0.0,0.5,none,True,True
120758,1.0,0.0,0.5,none,True,True
120759,1.0,0.0,0.5,none,True,True
120760,1.0,0.0,0.5,none,True,True
120761,1.0,0.0,0.5,none,True,True
120762,1.0,0.0,0.5,none,True,True
120763,1.0,0.0,0.5,none,True,True
120764,1.0,0.0,0.5,none,True,True
120765,1.0,0.0,0.5,none,True,True
120766,1.0,0.0,0.5,none,True,True
120767,1.0,0.0,0.5,none,True,True
120768,1.0,0.0,0.5,none,True,True
120769,1.0,0.0,0.5,none,True,True
120770,1.0,0.0,0.5,none,True,True
120771,1.0,0.0,0.5,none,True,True
120772,1.0,0.0,0.5,none,True,True
120773,1.0,0.0,0.5,none,True,True
120774,1.0,0.0,0.5,none,True,True
120775,1.0,0.0,0.5,none,True,True
120776,1.0,0.0,0.5,none,True,True
120777,1.0,0.0,0.5,none,True,True
120778,1.0,0.0,0.5,none,True,True
120779,1.0,0.0,0.5,none,True,True
120780,1.0,0.0,0.5,none,True,True
120781,1.0,0.0,0.5,none,True,True
120782,1.0,0.0,0.5,none,True,True
120783,1.0,0.0,0.5,none,True,True
120784,1.0,0.0,0.5,none,True,True
120785,1.0,0.0,0.5,none,True,True
120786,1.0,0.0,0.5,none,True,True
120787,1.0,0.0,0.5,none,True,True
120788,1.0,0.0,0.5,none,True,True
120789,1.0,0.0,0.5,none,True,True
120790,1.0,0.0,0.5,none,True,True
120791,1.0,0.0,0.5,none,True,True
120792,1.0,0.0,0.5,none,True,True
120793,1.0,0.0,0.5,none,True,True
120794,1.0,0.0,0.5,none,True,True
120795,1.0,0.0,0.5,none,True,True
120796,1.0,0.0,0.5,none,True,True
120797,1.0,0.0,0.5,none,True,True
120798,1.0,0.0,0.5,none,True,True
120799,1.0,0.0,0.5,none,True,True
120800,1.0,0.0,0.5,none,True,True
120801,1.0,0.0,0.5,none,True,True
120802,1.0,0.0,0.5,none,True,True
120803,1.0,0.0,0.5,none,True,True
120804,1.0,0.0,0.5,none,True,True
120805,1.0,0.0,0.5,none,True,True
120806,1.0,0.0,0.5,none,True,True
120807,1.0,0.0,0.5,none,True,True
120808,1.0,0.0,0.5,none,True,True
120809,1.0,0.0,0.5,none,True,True
120810,1.0,0.0,0.5,none,True,True
120811,1.0,0.0,0.5,none,True,True
120812,1.0,0.0,0.5,none,True,True
120813,1.0,0.0,0.5,none,True,True
120814,1.0,0.0,0.5,none,True,True
120815,1.0,0.0,0.5,none,True,True
120816,1.0,0.0,0.5,none,True,True
120817,1.0,0.0,0.5,none,True,True
120818,1.0,0.0,0.5,none,True,True
120819,1.0,0.0,0.5,none,True,True
120820,1.0,0.0,0.5,none,True,True
120821,1.0,0.0,0.5,none,True,True
120822,1.0,0.0,0.5,none,True,True
120823,1.0,0.0,0.5,none,True,True
120824,1.0,0.0,0.5,none,True,True
120825,1.0,0.0,0.5,none,True,True
120826,1.0,0.0,0.5,none,True,True
120827,1.0,0.0,0.5,none,True,True
120828,1.0,0.0,0.5,none,True,True
120829,1.0,0.0,0.5,none,True,True
120830,1.0,0.0,0.5,none,True,True
120831,1.0,0.0,0.5,none,True,True
120832,1.0,0.0,0.5,none,True,True
120833,1.0,0.0,0.5,none,True,True
120834,1.0,0.0,0.5,none,True,True
120835,1.0,0.0,0.5,none,True,True
120836,1.0,0.0,0.5,none,True,True
120837,1.0,0.0,0.5,none,True,True
120838,1.0,0.0,0.5,none,True,True
120839,1.0,0.0,0.5,none,True,True
120840,1.0,0.0,0.5,none,True,True
120841,1.0,0.0,0.5,none,True,True
120842,1.0,0.0,0.5,none,True,True
120843,1.0,0.0,0.5,none,True,True
120844,1.0,0.0,0.5,none,True,True
120845,1.0,0.0,0.5,none,True,True
120846,1.0,0.0,0.5,none,True,True
120847,1.0,0.0,0.5,none,True,True
120848,1.0,0.0,0.5,none,True,True
120849,1.0,0.0,0.5,none,True,True
120850,1.0,0.0,0.5,none,True,True
120851,1.0,0.0,0.5,none,True,True
120852,1.0,0.0,0.5,none,True,True
120853,1.0,0.0,0.5,none,True,True
120854,1.0,0.0,0.5,none,True,True
120855,1.0,0.0,0.5,none,True,True
120856,1.0,0.0,0.5,none,True,True
120857,1.0,0.0,0.5,none,True,True
120858,1.0,0.0,0.5,none,True,True
120859,1.0,0.0,0.5,none,True,True
120860,1.0,0.0,0.5,none,True,True
120861,1.0,0.0,0.5,none,True,True
120862,1.0,0.0,0.5,none,True,True
120863,1.0,0.0,0.5,none,True,True
120864,1.0,0.0,0.5,none,True,True
120865,1.0,0.0,0.5,none,True,True
120866,1.0,0.0,0.5,none,True,True
120867,1.0,0.0,0.5,none,True,True
120868,1.0,0.0,0.5,none,True,True
120869,1.0,0.0,0.5,none,True,True
120870,1.0,0.0,0.5,none,True,True
120871,1.0,0.0,0.5,none,True,True
120872,1.0,0.0,0.5,none,True,True
120873,1.0,0.0,0.5,none,True,True
120874,1.0,0.0,0.5,none,True,True
120875,1.0,0.0,0.5,none,True,True
120876,1.0,0.0,0.5,none,True,True
120877,1.0,0.0,0.5,none,True,True
120878,1.0,0.0,0.5,none,True,True
120879,1.0,0.0,0.5,none,True,True
120880,1.0,0.0,0.5,none,True,True
120881,1.0,0.0,0.5,none,True,True
120882,1.0,0.0,0.5,none,True,True
120883,1.0,0.0,0.5,none,True,True
120884,1.0,0.0,0.5,none,True,True
120885,1.0,0.0,0.5,none,True,True
120886,1.0,0.0,0.5,none,True,True
120887,1.0,0.0,0.5,none,True,True
120888,1.0,0.0,0.5,none,True,True
120889,1.0,0.0,0.5,none,True,True
120890,1.0,0.0,0.5,none,True,True
120891,1.0,0.0,0.5,none,True,True
120892,1.0,0.0,0.5,none,True,True
120893,1.0,0.0,0.5,none,True,True
120894,1.0,0.0,0.5,none,True,True
120895,1.0,0.0,0.5,none,True,True
120896,1.0,0.0,0.5,none,True,True
120897,1.0,0.0,0.5,none,True,True
120898,1.0,0.0,0.5,none,True,True
120899,1.0,0.0,0.5,none,True,True
120900,1.0,0.0,0.5,none,True,True
120901,1.0,0.0,0.5,none,True,True
120902,1.0,0.0,0.5,none,True,True
120903,1.0,0.0,0.5,none,True,True
120904,1.0,0.0,0.5,none,True,True
120905,1.0,0.0,0.5,none,True,True
120906,1.0,0.0,0.5,none,True,True
120907,1.0,0.0,0.5,none,True,True
120908,1.0,0.0,0.5,none,True,True
120909,1.0,0.0,0.5,none,True,True
120910,1.0,0.0,0.5,none,True,True
120911,1.0,0.0,0.5,none,True,True
120912,1.0,0.0,0.5,none,True,True
120913,1.0,0.0,0.5,none,True,True
120914,1.0,0.0,0.5,none,True,True
120915,1.0,0.0,0.5,none,True,True
120916,1.0,0.0,0.5,none,True,True
120917,1.0,0.0,0.5,none,True,True
120918,1.0,0.0,0.5,none,True,True
120919,1.0,0.0,0.5,none,True,True
120920,1.0,0.0,0.5,none,True,True
120921,1.0,0.0,0.5,none,True,True
120922,1.0,0.0,0.5,none,True,True
120923,1.0,0.0,0.5,none,True,True
120924,1.0,0.0,0.5,none,True,True
120925,1.0,0.0,0.5,none,True,True
120926,1.0,0.0,0.5,none,True,True
120927,1.0,0.0,0.5,none,True,True
120928,1.0,0.0,0.5,none,True,True
120929,1.0,0.0,0.5,none,True,True
120930,1.0,0.0,0.5,none,True,True
120931,1.0,0.0,0.5,none,True,True
120932,1.0,0.0,0.5,none,True,True
120933,1.0,0.0,0.5,none,True,True
120934,1.0,0.0,0.5,none,True,True
120935,1.0,0.0,0.5,none,True,True
120936,1.0,0.0,0.5,none,True,True
120937,1.0,0.0,0.5,none,True,True
120938,1.0,0.0,0.5,none,True,True
120939,1.0,0.0,0.5,none,True,True
120940,1.0,0.0,0.5,none,True,True
120941,1.0,0.0,0.5,none,True,True
120942,1.0,0.0,0.5,none,True,True
120943,1.0,0.0,0.5,none,True,True
120944,1.0,0.0,0.5,none,True,True
120945,1.0,0.0,0.5,none,True,True
120946,1.0,0.0,0.5,none,True,True
120947,1.0,0.0,0.5,none,True,True
120948,1.0,0.0,0.5,none,True,True
120949,1.0,0.0,0.5,none,True,True
120950,1.0,0.0,0.5,none,True,True
120951,1.0,0.0,0.5,none,True,True
120952,1.0,0.0,0.5,none,True,True
120953,1.0,0.0,0.5,none,True,True
120954,1.0,0.0,0.5,none,True,True
120955,1.0,0.0,0.5,none,True,True
120956,1.0,0.0,0.5,none,True,True
120957,1.0,0.0,0.5,none,True,True
120958,1.0,0.0,0.5,none,True,True
120959,1.0,0.0,0.5,none,True,True
120960,1.0,0.0,0.5,none,True,True
120961,1.0,0.0,0.5,none,True,True
120962,1.0,0.0,0.5,none,True,True
120963,1.0,0.0,0.5,none,True,True
120964,1.0,0.0,0.5,none,True,True
120965,1.0,0.0,0.5,none,True,True
120966,1.0,0.0,0.5,none,True,True
120967,1.0,0.0,0.5,none,True,True
120968,1.0,0.0,0.5,none,True,True
120969,1.0,0.0,0.5,none,True,True
120970,1.0,0.0,0.5,none,True,True
120971,1.0,0.0,0.5,none,True,True
120972,1.0,0.0,0.5,none,True,True
120973,1.0,0.0,0.5,none,True,True
120974,1.0,0.0,0.5,none,True,True
120975,1.0,0.0,0.5,none,True,True
120976,1.0,0.0,0.5,none,True,True
120977,1.0,0.0,0.5,none,True,True
120978,1.0,0.0,0.5,none,True,True
120979,1.0,0.0,0.5,none,True,True
120980,1.0,0.0,0.5,none,True,True
120981,1.0,0.0,0.5,none,True,True
120982,1.0,0.0,0.5,none,True,True
120983,1.0,0.0,0.5,none,True,True
120984,1.0,0.0,0.5,none,True,True
120985,1.0,0.0,0.5,none,True,True
120986,1.0,0.0,0.5,none,True,True
120987,1.0,0.0,0.5,none,True,True
120988,1.0,0.0,0.5,none,True,True
120989,1.0,0.0,0.5,none,True,True
120990,1.0,0.0,0.5,none,True,True
120991,1.0,0.0,0.5,none,True,True
120992,1.0,0.0,0.5,none,True,True
120993,1.0,0.0,0.5,none,True,True
120994,1.0,0.0,0.5,none,True,True
120995,1.0,0.0,0.5,none,True,True
120996,1.0,0.0,0.5,none,True,True
120997,1.0,0.0,0.5,none,True,True
120998,1.0,0.0,0.5,none,True,True
120999,1.0,0.0,0.5,none,True,True
121000,1.0,0.0,0.5,none,True,True
121001,1.0,0.0,0.5,none,True,True
121002,1.0,0.0,0.5,none,True,True
121003,1.0,0.0,0.5,none,True,True
121004,1.0,0.0,0.5,none,True,True
121005,1.0,0.0,0.5,none,True,True
121006,1.0,0.0,0.5,none,True,True
121007,1.0,0.0,0.5,none,True,True
121008,1.0,0.0,0.5,none,True,True
121009,1.0,0.0,0.5,none,True,True
121010,1.0,0.0,0.5,none,True,True
121011,1.0,0.0,0.5,none,True,True
121012,1.0,0.0,0.5,none,True,True
121013,1.0,0.0,0.5,none,True,True
121014,1.0,0.0,0.5,none,True,True
121015,1.0,0.0,0.5,none,True,True
121016,1.0,0.0,0.5,none,True,True
121017,1.0,0.0,0.5,none,True,True
121018,1.0,0.0,0.5,none,True,True
121019,1.0,0.0,0.5,none,True,True
121020,1.0,0.0,0.5,none,True,True
121021,1.0,0.0,0.5,none,True,True
121022,1.0,0.0,0.5,none,True,True
121023,1.0,0.0,0.5,none,True,True
121024,1.0,0.0,0.5,none,True,True
121025,1.0,0.0,0.5,none,True,True
121026,1.0,0.0,0.5,none,True,True
121027,1.0,0.0,0.5,none,True,True
121028,1.0,0.0,0.5,none,True,True
121029,1.0,0.0,0.5,none,True,True
121030,1.0,0.0,0.5,none,True,True
121031,1.0,0.0,0.5,none,True,True
121032,1.0,0.0,0.5,none,True,True
121033,1.0,0.0,0.5,none,True,True
121034,1.0,0.0,0.5,none,True,True
121035,1.0,0.0,0.5,none,True,True
121036,1.0,0.0,0.5,none,True,True
121037,1.0,0.0,0.5,none,True,True
121038,1.0,0.0,0.5,none,True,True
121039,1.0,0.0,0.5,none,True,True
121040,1.0,0.0,0.5,none,True,True
121041,1.0,0.0,0.5,none,True,True
121042,1.0,0.0,0.5,none,True,True
121043,1.0,0.0,0.5,none,True,True
121044,1.0,0.0,0.5,none,True,True
121045,1.0,0.0,0.5,none,True,True
121046,1.0,0.0,0.5,none,True,True
121047,1.0,0.0,0.5,none,True,True
121048,1.0,0.0,0.5,none,True,True
121049,1.0,0.0,0.5,none,True,True
121050,1.0,0.0,0.5,none,True,True
121051,1.0,0.0,0.5,none,True,True
121052,1.0,0.0,0.5,none,True,True
121053,1.0,0.0,0.5,none,True,True
121054,1.0,0.0,0.5,none,True,True
121055,1.0,0.0,0.5,none,True,True
121056,1.0,0.0,0.5,none,True,True
121057,1.0,0.0,0.5,none,True,True
121058,1.0,0.0,0.5,none,True,True
121059,1.0,0.0,0.5,none,True,True
121060,1.0,0.0,0.5,none,True,True
121061,1.0,0.0,0.5,none,True,True
121062,1.0,0.0,0.5,none,True,True
121063,1.0,0.0,0.5,none,True,True
121064,1.0,0.0,0.5,none,True,True
121065,1.0,0.0,0.5,none,True,True
121066,1.0,0.0,0.5,none,True,True
121067,1.0,0.0,0.5,none,True,True
121068,1.0,0.0,0.5,none,True,True
121069,1.0,0.0,0.5,none,True,True
121070,1.0,0.0,0.5,none,True,True
121071,1.0,0.0,0.5,none,True,True
121072,1.0,0.0,0.5,none,True,True
121073,1.0,0.0,0.5,none,True,True
121074,1.0,0.0,0.5,none,True,True
121075,1.0,0.0,0.5,none,True,True
121076,1.0,0.0,0.5,none,True,True
121077,1.0,0.0,0.5,none,True,True
121078,1.0,0.0,0.5,none,True,True
121079,1.0,0.0,0.5,none,True,True
121080,1.0,0.0,0.5,none,True,True
121081,1.0,0.0,0.5,none,True,True
121082,1.0,0.0,0.5,none,True,True
121083,1.0,0.0,0.5,none,True,True
121084,1.0,0.0,0.5,none,True,True
121085,1.0,0.0,0.5,none,True,True
121086,1.0,0.0,0.5,none,True,True
121087,1.0,0.0,0.5,none,True,True
121088,1.0,0.0,0.5,none,True,True
121089,1.0,0.0,0.5,none,True,True
121090,1.0,0.0,0.5,none,True,True
121091,1.0,0.0,0.5,none,True,True
121092,1.0,0.0,0.5,none,True,True
121093,1.0,0.0,0.5,none,True,True
121094,1.0,0.0,0.5,none,True,True
121095,1.0,0.0,0.5,none,True,True
121096,1.0,0.0,0.5,none,True,True
121097,1.0,0.0,0.5,none,True,True
121098,1.0,0.0,0.5,none,True,True
121099,1.0,0.0,0.5,none,True,True
121100,1.0,0.0061,0.5,none,True,True
121101,1.0,0.0357,0.5,none,True,True
121102,1.0,0.0812,0.5,none,True,True
121103,1.0,0.1113,0.5,none,True,True
121104,1.0,0.1253,0.5,none,True,True
121105,1.0,0.1408,0.5,none,True,True
121106,1.0,0.0907,0.5,none,True,True
121107,1.0,0.1198,0.5,none,True,True
121108,1.0,0.0467,0.5,none,True,True
121109,1.0,0.0522,0.5,none,True,True
121110,1.0,0.0405,0.5,none,True,True
121111,1.0,0.0313,0.5,none,True,True
121112,1.0,0.0083,0.5,none,True,True
121113,1.0,0.0726,0.5,none,True,True
121114,1.0,0.0793,0.5,none,True,True
121115,1.0,0.0581,0.5,none,True,True
121116,1.0,0.0955,0.5,none,True,True
121117,1.0,0.0839,0.5,none,True,True
121118,1.0,0.0648,0.5,none,True,True
121119,1.0,0.0718,0.5,none,True,True
121120,1.0,0.0589,0.5,none,True,True
121121,1.0,0.0403,0.5,none,True,True
121122,1.0,0.0327,0.5,none,True,True
121123,1.0,0.0277,0.5,none,True,True
121124,1.0,0.017,0.5,none,True,True
121125,1.0,0.0102,0.5,none,True,True
121126,1.0,0.0099,0.5,none,True,True
121127,1.0,0.008,0.5,none,True,True
121128,1.0,0.005,0.5,none,True,True
121129,1.0,0.0063,0.5,none,True,True
121130,1.0,0.009,0.5,none,True,True
121131,1.0,0.0096,0.5,none,True,True
121132,1.0,0.0108,0.5,none,True,True
121133,1.0,0.014,0.5,none,True,True
121134,1.0,0.0161,0.5,none,True,True
121135,1.0,0.0167,0.5,none,True,True
121136,1.0,0.0182,0.5,none,True,True
121137,1.0,0.0196,0.5,none,True,True
121138,1.0,0.0197,0.5,none,True,True
121139,1.0,0.0193,0.5,none,True,True
121140,1.0,0.0193,0.5,none,True,True
121141,1.0,0.0187,0.5,none,True,True
121142,1.0,0.0174,0.5,none,True,True
121143,1.0,0.0163,0.5,none,True,True
121144,1.0,0.0152,0.5,none,True,True
121145,1.0,0.0138,0.5,none,True,True
121146,1.0,0.0123,0.5,none,True,True
121147,1.0,0.0111,0.5,none,True,True
121148,1.0,0.01,0.5,none,True,True
121149,1.0,0.0088,0.5,none,True,True
121150,1.0,0.0078,0.5,none,True,True
121151,1.0,0.0071,0.5,none,True,True
121152,1.0,0.0064,0.5,none,True,True
121153,1.0,0.0057,0.5,none,True,True
121154,1.0,0.0053,0.5,none,True,True
121155,1.0,0.005,0.5,none,True,True
121156,1.0,0.0047,0.5,none,True,True
121157,1.0,0.0045,0.5,none,True,True
121158,1.0,0.0044,0.5,none,True,True
121159,1.0,0.0043,0.5,none,True,True
121160,1.0,0.0042,0.5,none,True,True
121161,1.0,0.0041,0.5,none,True,True
121162,1.0,0.004,0.5,none,True,True
121163,1.0,0.0039,0.5,none,True,True
121164,1.0,0.0038,0.5,none,True,True
121165,1.0,0.0037,0.5,none,True,True
121166,1.0,0.0035,0.5,none,True,True
121167,1.0,0.0033,0.5,none,True,True
121168,1.0,0.0032,0.5,none,True,True
121169,1.0,0.003,0.5,none,True,True
121170,1.0,0.0028,0.5,none,True,True
121171,1.0,0.0026,0.5,none,True,True
121172,1.0,0.0024,0.5,none,True,True
121173,1.0,0.0023,0.5,none,True,True
121174,1.0,0.0021,0.5,none,True,True
121175,1.0,0.0019,0.5,none,True,True
121176,1.0,0.0018,0.5,none,True,True
121177,1.0,0.0017,0.5,none,True,True
121178,1.0,0.0015,0.5,none,True,True
121179,1.0,0.0014,0.5,none,True,True
121180,1.0,0.0013,0.5,none,True,True
121181,1.0,0.0013,0.5,none,True,True
121182,1.0,0.0012,0.5,none,True,True
121183,1.0,0.0011,0.5,none,True,True
121184,1.0,0.0011,0.5,none,True,True
121185,1.0,0.001,0.5,none,True,True
121186,1.0,0.001,0.5,none,True,True
121187,1.0,0.0009,0.5,none,True,True
121188,1.0,0.0009,0.5,none,True,True
121189,1.0,0.0008,0.5,none,True,True
121190,1.0,0.0008,0.5,none,True,True
121191,1.0,0.0008,0.5,none,True,True
121192,1.0,0.0007,0.5,none,True,True
121193,1.0,0.0007,0.5,none,True,True
121194,1.0,0.0006,0.5,none,True,True
121195,1.0,0.0006,0.5,none,True,True
121196,1.0,0.0006,0.5,none,True,True
121197,1.0,0.0005,0.5,none,True,True
121198,1.0,0.0005,0.5,none,True,True
121199,1.0,0.0005,0.5,none,True,True
121200,1.0,0.0004,0.5,none,True,True
121201,1.0,0.0004,0.5,none,True,True
121202,1.0,0.0004,0.5,none,True,True
121203,1.0,0.0004,0.5,none,True,True
121204,1.0,0.0003,0.5,none,True,True
121205,1.0,0.0003,0.5,none,True,True
121206,1.0,0.0003,0.5,none,True,True
121207,1.0,0.0003,0.5,none,True,True
121208,1.0,0.0003,0.5,none,True,True
121209,1.0,0.0003,0.5,none,True,True
121210,1.0,0.0002,0.5,none,True,True
121211,1.0,0.0002,0.5,none,True,True
121212,1.0,0.0002,0.5,none,True,True
121213,1.0,0.0002,0.5,none,True,True
121214,1.0,0.0002,0.5,none,True,True
121215,1.0,0.0002,0.5,none,True,True
121216,1.0,0.0002,0.5,none,True,True
121217,1.0,0.0002,0.5,none,True,True
121218,1.0,0.0002,0.5,none,True,True
121219,1.0,0.0001,0.5,none,True,True
121220,1.0,0.0001,0.5,none,True,True
121221,1.0,0.0001,0.5,none,True,True
121222,1.0,0.0001,0.5,none,True,True
121223,1.0,0.0001,0.5,none,True,True
121224,1.0,0.0001,0.5,none,True,True
121225,1.0,0.0001,0.5,none,True,True
121226,1.0,0.0001,0.5,none,True,True
121227,1.0,0.0001,0.5,none,True,True
121228,1.0,0.0001,0.5,none,True,True
121229,1.0,0.0001,0.5,none,True,True
121230,1.0,0.0001,0.5,none,True,True
121231,1.0,0.0001,0.5,none,True,True
121232,1.0,0.0001,0.5,none,True,True
121233,1.0,0.0001,0.5,none,True,True
121234,1.0,0.0001,0.5,none,True,True
121235,1.0,0.0001,0.5,none,True,True
121236,1.0,0.0001,0.5,none,True,True
121237,1.0,0.0,0.5,none,True,True
121238,1.0,0.0,0.5,none,True,True
121239,1.0,0.0,0.5,none,True,True
121240,1.0,0.0,0.5,none,True,True
121241,1.0,0.0,0.5,none,True,True
121242,1.0,0.0,0.5,none,True,True
121243,1.0,0.0,0.5,none,True,True
121244,1.0,0.0,0.5,none,True,True
121245,1.0,0.0,0.5,none,True,True
121246,1.0,0.0,0.5,none,True,True
121247,1.0,0.0,0.5,none,True,True
121248,1.0,0.0,0.5,none,True,True
121249,1.0,0.0,0.5,none,True,True
121250,1.0,0.0,0.5,none,True,True
121251,1.0,0.0,0.5,none,True,True
121252,1.0,0.0,0.5,none,True,True
121253,1.0,0.0,0.5,none,True,True
121254,1.0,0.0,0.5,none,True,True
121255,1.0,0.0,0.5,none,True,True
121256,1.0,0.0,0.5,none,True,True
121257,1.0,0.0,0.5,none,True,True
121258,1.0,0.0,0.5,none,True,True
121259,1.0,0.0,0.5,none,True,True
121260,1.0,0.0,0.5,none,True,True
121261,1.0,0.0,0.5,none,True,True
121262,1.0,0.0,0.5,none,True,True
121263,1.0,0.0,0.5,none,True,True
121264,1.0,0.0,0.5,none,True,True
121265,1.0,0.0,0.5,none,True,True
121266,1.0,0.0,0.5,none,True,True
121267,1.0,0.0,0.5,none,True,True
121268,1.0,0.0,0.5,none,True,True
121269,1.0,0.0,0.5,none,True,True
121270,1.0,0.0,0.5,none,True,True
121271,1.0,0.0,0.5,none,True,True
121272,1.0,0.0,0.5,none,True,True
121273,1.0,0.0,0.5,none,True,True
121274,1.0,0.0,0.5,none,True,True
121275,1.0,0.0,0.5,none,True,True
121276,1.0,0.0,0.5,none,True,True
121277,1.0,0.0,0.5,none,True,True
121278,1.0,0.0,0.5,none,True,True
121279,1.0,0.0,0.5,none,True,True
121280,1.0,0.0,0.5,none,True,True
121281,1.0,0.0,0.5,none,True,True
121282,1.0,0.0,0.5,none,True,True
121283,1.0,0.0,0.5,none,True,True
121284,1.0,0.0,0.5,none,True,True
121285,1.0,0.0,0.5,none,True,True
121286,1.0,0.0,0.5,none,True,True
121287,1.0,0.0,0.5,none,True,True
121288,1.0,0.0,0.5,none,True,True
121289,1.0,0.0,0.5,none,True,True
121290,1.0,0.0,0.5,none,True,True
121291,1.0,0.0,0.5,none,True,True
121292,1.0,0.0,0.5,none,True,True
121293,1.0,0.0,0.5,none,True,True
121294,1.0,0.0,0.5,none,True,True
121295,1.0,0.0,0.5,none,True,True
121296,1.0,0.0,0.5,none,True,True
121297,1.0,0.0,0.5,none,True,True
121298,1.0,0.0,0.5,none,True,True
121299,1.0,0.0,0.5,none,True,True
121300,1.0,0.0,0.5,none,True,True
121301,1.0,0.0,0.5,none,True,True
121302,1.0,0.0,0.5,none,True,True
121303,1.0,0.0,0.5,none,True,True
121304,1.0,0.0,0.5,none,True,True
121305,1.0,0.0,0.5,none,True,True
121306,1.0,0.0,0.5,none,True,True
121307,1.0,0.0,0.5,none,True,True
121308,1.0,0.0,0.5,none,True,True
121309,1.0,0.0,0.5,none,True,True
121310,1.0,0.0,0.5,none,True,True
121311,1.0,0.0,0.5,none,True,True
121312,1.0,0.0,0.5,none,True,True
121313,1.0,0.0,0.5,none,True,True
121314,1.0,0.0,0.5,none,True,True
121315,1.0,0.0,0.5,none,True,True
121316,1.0,0.0,0.5,none,True,True
121317,1.0,0.0,0.5,none,True,True
121318,1.0,0.0,0.5,none,True,True
121319,1.0,0.0,0.5,none,True,True
121320,1.0,0.0,0.5,none,True,True
121321,1.0,0.0,0.5,none,True,True
121322,1.0,0.0,0.5,none,True,True
121323,1.0,0.0,0.5,none,True,True
121324,1.0,0.0,0.5,none,True,True
121325,1.0,0.0,0.5,none,True,True
121326,1.0,0.0,0.5,none,True,True
121327,1.0,0.0,0.5,none,True,True
121328,1.0,0.0,0.5,none,True,True
121329,1.0,0.0,0.5,none,True,True
121330,1.0,0.0,0.5,none,True,True
121331,1.0,0.0,0.5,none,True,True
121332,1.0,0.0,0.5,none,True,True
121333,1.0,0.0,0.5,none,True,True
121334,1.0,0.0,0.5,none,True,True
121335,1.0,0.0,0.5,none,True,True
121336,1.0,0.0,0.5,none,True,True
121337,1.0,0.0,0.5,none,True,True
121338,1.0,0.0,0.5,none,True,True
121339,1.0,0.0,0.5,none,True,True
121340,1.0,0.0,0.5,none,True,True
121341,1.0,0.0,0.5,none,True,True
121342,1.0,0.0,0.5,none,True,True
121343,1.0,0.0,0.5,none,True,True
121344,1.0,0.0,0.5,none,True,True
121345,1.0,0.0,0.5,none,True,True
121346,1.0,0.0,0.5,none,True,True
121347,1.0,0.0,0.5,none,True,True
121348,1.0,0.0,0.5,none,True,True
121349,1.0,0.0,0.5,none,True,True
121350,1.0,0.0,0.5,none,True,True
121351,1.0,0.0,0.5,none,True,True
121352,1.0,0.0,0.5,none,True,True
121353,1.0,0.0,0.5,none,True,True
121354,1.0,0.0,0.5,none,True,True
121355,1.0,0.0,0.5,none,True,True
121356,1.0,0.0,0.5,none,True,True
121357,1.0,0.0,0.5,none,True,True
121358,1.0,0.0,0.5,none,True,True
121359,1.0,0.0,0.5,none,True,True
121360,1.0,0.0,0.5,none,True,True
121361,1.0,0.0,0.5,none,True,True
121362,1.0,0.0,0.5,none,True,True
121363,1.0,0.0,0.5,none,True,True
121364,1.0,0.0,0.5,none,True,True
121365,1.0,0.0,0.5,none,True,True
121366,1.0,0.0,0.5,none,True,True
121367,1.0,0.0,0.5,none,True,True
121368,1.0,0.0,0.5,none,True,True
121369,1.0,0.0,0.5,none,True,True
121370,1.0,0.0,0.5,none,True,True
121371,1.0,0.0,0.5,none,True,True
121372,1.0,0.0,0.5,none,True,True
121373,1.0,0.0,0.5,none,True,True
121374,1.0,0.0,0.5,none,True,True
121375,1.0,0.0,0.5,none,True,True
121376,1.0,0.0,0.5,none,True,True
121377,1.0,0.0,0.5,none,True,True
121378,1.0,0.0,0.5,none,True,True
121379,1.0,0.0,0.5,none,True,True
121380,1.0,0.0,0.5,none,True,True
121381,1.0,0.0,0.5,none,True,True
121382,1.0,0.0,0.5,none,True,True
121383,1.0,0.0,0.5,none,True,True
121384,1.0,0.0,0.5,none,True,True
121385,1.0,0.0,0.5,none,True,True
121386,1.0,0.0,0.5,none,True,True
121387,1.0,0.0,0.5,none,True,True
121388,1.0,0.0,0.5,none,True,True
121389,1.0,0.0,0.5,none,True,True
121390,1.0,0.0,0.5,none,True,True
121391,1.0,0.0,0.5,none,True,True
121392,1.0,0.0,0.5,none,True,True
121393,1.0,0.0,0.5,none,True,True
121394,1.0,0.0,0.5,none,True,True
121395,1.0,0.0,0.5,none,True,True
121396,1.0,0.0,0.5,none,True,True
121397,1.0,0.0,0.5,none,True,True
121398,1.0,0.0,0.5,none,True,True
121399,1.0,0.0,0.5,none,True,True
121400,1.0,0.0,0.5,none,True,True
121401,1.0,0.0,0.5,none,True,True
121402,1.0,0.0,0.5,none,True,True
121403,1.0,0.0,0.5,none,True,True
121404,1.0,0.0,0.5,none,True,True
121405,1.0,0.0,0.5,none,True,True
121406,1.0,0.0,0.5,none,True,True
121407,1.0,0.0,0.5,none,True,True
121408,1.0,0.0,0.5,none,True,True
121409,1.0,0.0,0.5,none,True,True
121410,1.0,0.0,0.5,none,True,True
121411,1.0,0.0,0.5,none,True,True
121412,1.0,0.0,0.5,none,True,True
121413,1.0,0.0,0.5,none,True,True
121414,1.0,0.0,0.5,none,True,True
121415,1.0,0.0,0.5,none,True,True
121416,1.0,0.0,0.5,none,True,True
121417,1.0,0.0,0.5,none,True,True
121418,1.0,0.0,0.5,none,True,True
121419,1.0,0.0,0.5,none,True,True
121420,1.0,0.0,0.5,none,True,True
121421,1.0,0.0,0.5,none,True,True
121422,1.0,0.0,0.5,none,True,True
121423,1.0,0.0,0.5,none,True,True
121424,1.0,0.0,0.5,none,True,True
121425,1.0,0.0,0.5,none,True,True
121426,1.0,0.0,0.5,none,True,True
121427,1.0,0.0,0.5,none,True,True
121428,1.0,0.0,0.5,none,True,True
121429,1.0,0.0,0.5,none,True,True
121430,1.0,0.0,0.5,none,True,True
121431,1.0,0.0,0.5,none,True,True
121432,1.0,0.0,0.5,none,True,True
121433,1.0,0.0,0.5,none,True,True
121434,1.0,0.0,0.5,none,True,True
121435,1.0,0.0,0.5,none,True,True
121436,1.0,0.0,0.5,none,True,True
121437,1.0,0.0,0.5,none,True,True
121438,1.0,0.0,0.5,none,True,True
121439,1.0,0.0,0.5,none,True,True
121440,1.0,0.0,0.5,none,True,True
121441,1.0,0.0,0.5,none,True,True
121442,1.0,0.0,0.5,none,True,True
121443,1.0,0.0,0.5,none,True,True
121444,1.0,0.0,0.5,none,True,True
121445,1.0,0.0,0.5,none,True,True
121446,1.0,0.0,0.5,none,True,True
121447,1.0,0.0,0.5,none,True,True
121448,1.0,0.0,0.5,none,True,True
121449,1.0,0.0,0.5,none,True,True
121450,1.0,0.0,0.5,none,True,True
121451,1.0,0.0,0.5,none,True,True
121452,1.0,0.0,0.5,none,True,True
121453,1.0,0.0,0.5,none,True,True
121454,1.0,0.0,0.5,none,True,True
121455,1.0,0.0,0.5,none,True,True
121456,1.0,0.0,0.5,none,True,True
121457,1.0,0.0,0.5,none,True,True
121458,1.0,0.0,0.5,none,True,True
121459,1.0,0.0,0.5,none,True,True
121460,1.0,0.0,0.5,none,True,True
121461,1.0,0.0,0.5,none,True,True
121462,1.0,0.0,0.5,none,True,True
121463,1.0,0.0,0.5,none,True,True
121464,1.0,0.0,0.5,none,True,True
121465,1.0,0.0,0.5,none,True,True
121466,1.0,0.0,0.5,none,True,True
121467,1.0,0.0,0.5,none,True,True
121468,1.0,0.0,0.5,none,True,True
121469,1.0,0.0,0.5,none,True,True
121470,1.0,0.0,0.5,none,True,True
121471,1.0,0.0,0.5,none,True,True
121472,1.0,0.0,0.5,none,True,True
121473,1.0,0.0,0.5,none,True,True
121474,1.0,0.0,0.5,none,True,True
121475,1.0,0.0,0.5,none,True,True
121476,1.0,0.0,0.5,none,True,True
121477,1.0,0.0,0.5,none,True,True
121478,1.0,0.0,0.5,none,True,True
121479,1.0,0.0,0.5,none,True,True
121480,1.0,0.0,0.5,none,True,True
121481,1.0,0.0,0.5,none,True,True
121482,1.0,0.0,0.5,none,True,True
121483,1.0,0.0,0.5,none,True,True
121484,1.0,0.0,0.5,none,True,True
121485,1.0,0.0,0.5,none,True,True
121486,1.0,0.0,0.5,none,True,True
121487,1.0,0.0,0.5,none,True,True
121488,1.0,0.0,0.5,none,True,True
121489,1.0,0.0,0.5,none,True,True
121490,1.0,0.0,0.5,none,True,True
121491,1.0,0.0,0.5,none,True,True
121492,1.0,0.0,0.5,none,True,True
121493,1.0,0.0,0.5,none,True,True
121494,1.0,0.0,0.5,none,True,True
121495,1.0,0.0,0.5,none,True,True
121496,1.0,0.0,0.5,none,True,True
121497,1.0,0.0,0.5,none,True,True
121498,1.0,0.0,0.5,none,True,True
121499,1.0,0.0,0.5,none,True,True
121500,1.0,0.0,0.5,none,True,True
121501,1.0,0.0,0.5,none,True,True
121502,1.0,0.0,0.5,none,True,True
121503,1.0,0.0,0.5,none,True,True
121504,1.0,0.0,0.5,none,True,True
121505,1.0,0.0,0.5,none,True,True
121506,1.0,0.0,0.5,none,True,True
121507,1.0,0.0,0.5,none,True,True
121508,1.0,0.0,0.5,none,True,True
121509,1.0,0.0,0.5,none,True,True
121510,1.0,0.0,0.5,none,True,True
121511,1.0,0.0,0.5,none,True,True
121512,1.0,0.0,0.5,none,True,True
121513,1.0,0.0,0.5,none,True,True
121514,1.0,0.0,0.5,none,True,True
121515,1.0,0.0,0.5,none,True,True
121516,1.0,0.0,0.5,none,True,True
121517,1.0,0.0,0.5,none,True,True
121518,1.0,0.0,0.5,none,True,True
121519,1.0,0.0,0.5,none,True,True
121520,1.0,0.0,0.5,none,True,True
121521,1.0,0.0,0.5,none,True,True
121522,1.0,0.0,0.5,none,True,True
121523,1.0,0.0,0.5,none,True,True
121524,1.0,0.0,0.5,none,True,True
121525,1.0,0.0,0.5,none,True,True
121526,1.0,0.0,0.5,none,True,True
121527,1.0,0.0,0.5,none,True,True
121528,1.0,0.0,0.5,none,True,True
121529,1.0,0.0,0.5,none,True,True
121530,1.0,0.0,0.5,none,True,True
121531,1.0,0.0,0.5,none,True,True
121532,1.0,0.0,0.5,none,True,True
121533,1.0,0.0,0.5,none,True,True
121534,1.0,0.0,0.5,none,True,True
121535,1.0,0.0,0.5,none,True,True
121536,1.0,0.0,0.5,none,True,True
121537,1.0,0.0,0.5,none,True,True
121538,1.0,0.0,0.5,none,True,True
121539,1.0,0.0,0.5,none,True,True
121540,1.0,0.0,0.5,none,True,True
121541,1.0,0.0,0.5,none,True,True
121542,1.0,0.0,0.5,none,True,True
121543,1.0,0.0,0.5,none,True,True
121544,1.0,0.0,0.5,none,True,True
121545,1.0,0.0,0.5,none,True,True
121546,1.0,0.0,0.5,none,True,True
121547,1.0,0.0,0.5,none,True,True
121548,1.0,0.0,0.5,none,True,True
121549,1.0,0.0,0.5,none,True,True
121550,1.0,0.0,0.5,none,True,True
121551,1.0,0.0,0.5,none,True,True
121552,1.0,0.0,0.5,none,True,True
121553,1.0,0.0,0.5,none,True,True
121554,1.0,0.0,0.5,none,True,True
121555,1.0,0.0,0.5,none,True,True
121556,1.0,0.0,0.5,none,True,True
121557,1.0,0.0,0.5,none,True,True
121558,1.0,0.0,0.5,none,True,True
121559,1.0,0.0,0.5,none,True,True
121560,1.0,0.0,0.5,none,True,True
121561,1.0,0.0,0.5,none,True,True
121562,1.0,0.0,0.5,none,True,True
121563,1.0,0.0,0.5,none,True,True
121564,1.0,0.0,0.5,none,True,True
121565,1.0,0.0,0.5,none,True,True
121566,1.0,0.0,0.5,none,True,True
121567,1.0,0.0,0.5,none,True,True
121568,1.0,0.0,0.5,none,True,True
121569,1.0,0.0,0.5,none,True,True
121570,1.0,0.0,0.5,none,True,True
121571,1.0,0.0,0.5,none,True,True
121572,1.0,0.0,0.5,none,True,True
121573,1.0,0.0,0.5,none,True,True
121574,1.0,0.0,0.5,none,True,True
121575,1.0,0.0,0.5,none,True,True
121576,1.0,0.0,0.5,none,True,True
121577,1.0,0.0,0.5,none,True,True
121578,1.0,0.0,0.5,none,True,True
121579,1.0,0.0,0.5,none,True,True
121580,1.0,0.0,0.5,none,True,True
121581,1.0,0.0,0.5,none,True,True
121582,1.0,0.0,0.5,none,True,True
121583,1.0,0.0,0.5,none,True,True
121584,1.0,0.0,0.5,none,True,True
121585,1.0,0.0,0.5,none,True,True
121586,1.0,0.0,0.5,none,True,True
121587,1.0,0.0,0.5,none,True,True
121588,1.0,0.0,0.5,none,True,True
121589,1.0,0.0,0.5,none,True,True
121590,1.0,0.0,0.5,none,True,True
121591,1.0,0.0,0.5,none,True,True
121592,1.0,0.0,0.5,none,True,True
121593,1.0,0.0,0.5,none,True,True
121594,1.0,0.0,0.5,none,True,True
121595,1.0,0.0,0.5,none,True,True
121596,1.0,0.0,0.5,none,True,True
121597,1.0,0.0,0.5,none,True,True
121598,1.0,0.0,0.5,none,True,True
121599,1.0,0.0,0.5,none,True,True
121600,1.0,0.0,0.5,none,True,True
121601,1.0,0.0,0.5,none,True,True
121602,1.0,0.0,0.5,none,True,True
121603,1.0,0.0,0.5,none,True,True
121604,1.0,0.0,0.5,none,True,True
121605,1.0,0.0,0.5,none,True,True
121606,1.0,0.0,0.5,none,True,True
121607,1.0,0.0,0.5,none,True,True
121608,1.0,0.0,0.5,none,True,True
121609,1.0,0.0,0.5,none,True,True
121610,1.0,0.0,0.5,none,True,True
121611,1.0,0.0,0.5,none,True,True
121612,1.0,0.0,0.5,none,True,True
121613,1.0,0.0,0.5,none,True,True
121614,1.0,0.0,0.5,none,True,True
121615,1.0,0.0,0.5,none,True,True
121616,1.0,0.0,0.5,none,True,True
121617,1.0,0.0,0.5,none,True,True
121618,1.0,0.0,0.5,none,True,True
121619,1.0,0.0,0.5,none,True,True
121620,1.0,0.0,0.5,none,True,True
121621,1.0,0.0,0.5,none,True,True
121622,1.0,0.0,0.5,none,True,True
121623,1.0,0.0,0.5,none,True,True
121624,1.0,0.0,0.5,none,True,True
121625,1.0,0.0,0.5,none,True,True
121626,1.0,0.0,0.5,none,True,True
121627,1.0,0.0,0.5,none,True,True
121628,1.0,0.0,0.5,none,True,True
121629,1.0,0.0,0.5,none,True,True
121630,1.0,0.0,0.5,none,True,True
121631,1.0,0.0,0.5,none,True,True
121632,1.0,0.0,0.5,none,True,True
121633,1.0,0.0,0.5,none,True,True
121634,1.0,0.0,0.5,none,True,True
121635,1.0,0.0,0.5,none,True,True
121636,1.0,0.0,0.5,none,True,True
121637,1.0,0.0,0.5,none,True,True
121638,1.0,0.0,0.5,none,True,True
121639,1.0,0.0,0.5,none,True,True
121640,1.0,0.0,0.5,none,True,True
121641,1.0,0.0,0.5,none,True,True
121642,1.0,0.0,0.5,none,True,True
121643,1.0,0.0,0.5,none,True,True
121644,1.0,0.0,0.5,none,True,True
121645,1.0,0.0,0.5,none,True,True
121646,1.0,0.0,0.5,none,True,True
121647,1.0,0.0,0.5,none,True,True
121648,1.0,0.0,0.5,none,True,True
121649,1.0,0.0,0.5,none,True,True
121650,1.0,0.0,0.5,none,True,True
121651,1.0,0.0,0.5,none,True,True
121652,1.0,0.0,0.5,none,True,True
121653,1.0,0.0,0.5,none,True,True
121654,1.0,0.0,0.5,none,True,True
121655,1.0,0.0,0.5,none,True,True
121656,1.0,0.0,0.5,none,True,True
121657,1.0,0.0,0.5,none,True,True
121658,1.0,0.0,0.5,none,True,True
121659,1.0,0.0,0.5,none,True,True
121660,1.0,0.0,0.5,none,True,True
121661,1.0,0.0,0.5,none,True,True
121662,1.0,0.0,0.5,none,True,True
121663,1.0,0.0,0.5,none,True,True
121664,1.0,0.0,0.5,none,True,True
121665,1.0,0.0,0.5,none,True,True
121666,1.0,0.0,0.5,none,True,True
121667,1.0,0.0,0.5,none,True,True
121668,1.0,0.0,0.5,none,True,True
121669,1.0,0.0,0.5,none,True,True
121670,1.0,0.0,0.5,none,True,True
121671,1.0,0.0,0.5,none,True,True
121672,1.0,0.0,0.5,none,True,True
121673,1.0,0.0,0.5,none,True,True
121674,1.0,0.0,0.5,none,True,True
121675,1.0,0.0,0.5,none,True,True
121676,1.0,0.0,0.5,none,True,True
121677,1.0,0.0,0.5,none,True,True
121678,1.0,0.0,0.5,none,True,True
121679,1.0,0.0,0.5,none,True,True
121680,1.0,0.0,0.5,none,True,True
121681,1.0,0.0,0.5,none,True,True
121682,1.0,0.0,0.5,none,True,True
121683,1.0,0.0,0.5,none,True,True
121684,1.0,0.0,0.5,none,True,True
121685,1.0,0.0,0.5,none,True,True
121686,1.0,0.0,0.5,none,True,True
121687,1.0,0.0,0.5,none,True,True
121688,1.0,0.0,0.5,none,True,True
121689,1.0,0.0,0.5,none,True,True
121690,1.0,0.0,0.5,none,True,True
121691,1.0,0.0,0.5,none,True,True
121692,1.0,0.0,0.5,none,True,True
121693,1.0,0.0,0.5,none,True,True
121694,1.0,0.0,0.5,none,True,True
121695,1.0,0.0,0.5,none,True,True
121696,1.0,0.0,0.5,none,True,True
121697,1.0,0.0,0.5,none,True,True
121698,1.0,0.0,0.5,none,True,True
121699,1.0,0.0,0.5,none,True,True
121700,1.0,0.0,0.5,none,True,True
121701,1.0,0.0,0.5,none,True,True
121702,1.0,0.0,0.5,none,True,True
121703,1.0,0.0,0.5,none,True,True
121704,1.0,0.0,0.5,none,True,True
121705,1.0,0.0,0.5,none,True,True
121706,1.0,0.0,0.5,none,True,True
121707,1.0,0.0,0.5,none,True,True
121708,1.0,0.0,0.5,none,True,True
121709,1.0,0.0,0.5,none,True,True
121710,1.0,0.0,0.5,none,True,True
121711,1.0,0.0,0.5,none,True,True
121712,1.0,0.0,0.5,none,True,True
121713,1.0,0.0,0.5,none,True,True
121714,1.0,0.0,0.5,none,True,True
121715,1.0,0.0,0.5,none,True,True
121716,1.0,0.0,0.5,none,True,True
121717,1.0,0.0,0.5,none,True,True
121718,1.0,0.0,0.5,none,True,True
121719,1.0,0.0,0.5,none,True,True
121720,1.0,0.0,0.5,none,True,True
121721,1.0,0.0,0.5,none,True,True
121722,1.0,0.0,0.5,none,True,True
121723,1.0,0.0,0.5,none,True,True
121724,1.0,0.0,0.5,none,True,True
121725,1.0,0.0,0.5,none,True,True
121726,1.0,0.0,0.5,none,True,True
121727,1.0,0.0,0.5,none,True,True
121728,1.0,0.0,0.5,none,True,True
121729,1.0,0.0,0.5,none,True,True
121730,1.0,0.0,0.5,none,True,True
121731,1.0,0.0,0.5,none,True,True
121732,1.0,0.0,0.5,none,True,True
121733,1.0,0.0,0.5,none,True,True
121734,1.0,0.0,0.5,none,True,True
121735,1.0,0.0,0.5,none,True,True
121736,1.0,0.0,0.5,none,True,True
121737,1.0,0.0,0.5,none,True,True
121738,1.0,0.0,0.5,none,True,True
121739,1.0,0.0,0.5,none,True,True
121740,1.0,0.0,0.5,none,True,True
121741,1.0,0.0,0.5,none,True,True
121742,1.0,0.0,0.5,none,True,True
121743,1.0,0.0,0.5,none,True,True
121744,1.0,0.0,0.5,none,True,True
121745,1.0,0.0,0.5,none,True,True
121746,1.0,0.0,0.5,none,True,True
121747,1.0,0.0,0.5,none,True,True
121748,1.0,0.0,0.5,none,True,True
121749,1.0,0.0,0.5,none,True,True
121750,1.0,0.0,0.5,none,True,True
121751,1.0,0.0,0.5,none,True,True
121752,1.0,0.0,0.5,none,True,True
121753,1.0,0.0,0.5,none,True,True
121754,1.0,0.0,0.5,none,True,True
121755,1.0,0.0,0.5,none,True,True
121756,1.0,0.0,0.5,none,True,True
121757,1.0,0.0,0.5,none,True,True
121758,1.0,0.0,0.5,none,True,True
121759,1.0,0.0,0.5,none,True,True
121760,1.0,0.0,0.5,none,True,True
121761,1.0,0.0,0.5,none,True,True
121762,1.0,0.0,0.5,none,True,True
121763,1.0,0.0,0.5,none,True,True
121764,1.0,0.0,0.5,none,True,True
121765,1.0,0.0,0.5,none,True,True
121766,1.0,0.0,0.5,none,True,True
121767,1.0,0.0,0.5,none,True,True
121768,1.0,0.0,0.5,none,True,True
121769,1.0,0.0,0.5,none,True,True
121770,1.0,0.0,0.5,none,True,True
121771,1.0,0.0,0.5,none,True,True
121772,1.0,0.0,0.5,none,True,True
121773,1.0,0.0,0.5,none,True,True
121774,1.0,0.0,0.5,none,True,True
121775,1.0,0.0,0.5,none,True,True
121776,1.0,0.0,0.5,none,True,True
121777,1.0,0.0,0.5,none,True,True
121778,1.0,0.0,0.5,none,True,True
121779,1.0,0.0,0.5,none,True,True
121780,1.0,0.0,0.5,none,True,True
121781,1.0,0.0,0.5,none,True,True
121782,1.0,0.0,0.5,none,True,True
121783,1.0,0.0,0.5,none,True,True
121784,1.0,0.0,0.5,none,True,True
121785,1.0,0.0,0.5,none,True,True
121786,1.0,0.0,0.5,none,True,True
121787,1.0,0.0,0.5,none,True,True
121788,1.0,0.0,0.5,none,True,True
121789,1.0,0.0,0.5,none,True,True
121790,1.0,0.0,0.5,none,True,True
121791,1.0,0.0,0.5,none,True,True
121792,1.0,0.0,0.5,none,True,True
121793,1.0,0.0,0.5,none,True,True
121794,1.0,0.0,0.5,none,True,True
121795,1.0,0.0,0.5,none,True,True
121796,1.0,0.0,0.5,none,True,True
121797,1.0,0.0,0.5,none,True,True
121798,1.0,0.0,0.5,none,True,True
121799,1.0,0.0,0.5,none,True,True
121800,1.0,0.0061,0.5,none,True,True
121801,1.0,0.0357,0.5,none,True,True
121802,1.0,0.0812,0.5,none,True,True
121803,1.0,0.1113,0.5,none,True,True
121804,1.0,0.1253,0.5,none,True,True
121805,1.0,0.1408,0.5,none,True,True
121806,1.0,0.0907,0.5,none,True,True
121807,1.0,0.1198,0.5,none,True,True
121808,1.0,0.0467,0.5,none,True,True
121809,1.0,0.0522,0.5,none,True,True
121810,1.0,0.0405,0.5,none,True,True
121811,1.0,0.0313,0.5,none,True,True
121812,1.0,0.0083,0.5,none,True,True
121813,1.0,0.0726,0.5,none,True,True
121814,1.0,0.0793,0.5,none,True,True
121815,1.0,0.0581,0.5,none,True,True
121816,1.0,0.0955,0.5,none,True,True
121817,1.0,0.0839,0.5,none,True,True
121818,1.0,0.0648,0.5,none,True,True
121819,1.0,0.0718,0.5,none,True,True
121820,1.0,0.0589,0.5,none,True,True
121821,1.0,0.0403,0.5,none,True,True
121822,1.0,0.0327,0.5,none,True,True
121823,1.0,0.0277,0.5,none,True,True
121824,1.0,0.017,0.5,none,True,True
121825,1.0,0.0102,0.5,none,True,True
121826,1.0,0.0099,0.5,none,True,True
121827,1.0,0.008,0.5,none,True,True
121828,1.0,0.005,0.5,none,True,True
121829,1.0,0.0063,0.5,none,True,True
121830,1.0,0.009,0.5,none,True,True
121831,1.0,0.0096,0.5,none,True,True
121832,1.0,0.0108,0.5,none,True,True
121833,1.0,0.014,0.5,none,True,True
121834,1.0,0.0161,0.5,none,True,True
121835,1.0,0.0167,0.5,none,True,True
121836,1.0,0.0182,0.5,none,True,True
121837,1.0,0.0196,0.5,none,True,True
121838,1.0,0.0197,0.5,none,True,True
121839,1.0,0.0193,0.5,none,True,True
121840,1.0,0.0193,0.5,none,True,True
121841,1.0,0.0187,0.5,none,True,True
121842,1.0,0.0174,0.5,none,True,True
121843,1.0,0.0163,0.5,none,True,True
121844,1.0,0.0152,0.5,none,True,True
121845,1.0,0.0138,0.5,none,True,True
121846,1.0,0.0123,0.5,none,True,True
121847,1.0,0.0111,0.5,none,True,True
121848,1.0,0.01,0.5,none,True,True
121849,1.0,0.0088,0.5,none,True,True
121850,1.0,0.0078,0.5,none,True,True
121851,1.0,0.0071,0.5,none,True,True
121852,1.0,0.0064,0.5,none,True,True
121853,1.0,0.0057,0.5,none,True,True
121854,1.0,0.0053,0.5,none,True,True
121855,1.0,0.005,0.5,none,True,True
121856,1.0,0.0047,0.5,none,True,True
121857,1.0,0.0045,0.5,none,True,True
121858,1.0,0.0044,0.5,none,True,True
121859,1.0,0.0043,0.5,none,True,True
121860,1.0,0.0042,0.5,none,True,True
121861,1.0,0.0041,0.5,none,True,True
121862,1.0,0.004,0.5,none,True,True
121863,1.0,0.0039,0.5,none,True,True
121864,1.0,0.0038,0.5,none,True,True
121865,1.0,0.0037,0.5,none,True,True
121866,1.0,0.0035,0.5,none,True,True
121867,1.0,0.0033,0.5,none,True,True
121868,1.0,0.0032,0.5,none,True,True
121869,1.0,0.003,0.5,none,True,True
121870,1.0,0.0028,0.5,none,True,True
121871,1.0,0.0026,0.5,none,True,True
121872,1.0,0.0024,0.5,none,True,True
121873,1.0,0.0023,0.5,none,True,True
121874,1.0,0.0021,0.5,none,True,True
121875,1.0,0.0019,0.5,none,True,True
121876,1.0,0.0018,0.5,none,True,True
121877,1.0,0.0017,0.5,none,True,True
121878,1.0,0.0015,0.5,none,True,True
121879,1.0,0.0014,0.5,none,True,True
121880,1.0,0.0013,0.5,none,True,True
121881,1.0,0.0013,0.5,none,True,True
121882,1.0,0.0012,0.5,none,True,True
121883,1.0,0.0011,0.5,none,True,True
121884,1.0,0.0011,0.5,none,True,True
121885,1.0,0.001,0.5,none,True,True
121886,1.0,0.001,0.5,none,True,True
121887,1.0,0.0009,0.5,none,True,True
121888,1.0,0.0009,0.5,none,True,True
121889,1.0,0.0008,0.5,none,True,True
121890,1.0,0.0008,0.5,none,True,True
121891,1.0,0.0008,0.5,none,True,True
121892,1.0,0.0007,0.5,none,True,True
121893,1.0,0.0007,0.5,none,True,True
121894,1.0,0.0006,0.5,none,True,True
121895,1.0,0.0006,0.5,none,True,True
121896,1.0,0.0006,0.5,none,True,True
121897,1.0,0.0005,0.5,none,True,True
121898,1.0,0.0005,0.5,none,True,True
121899,1.0,0.0005,0.5,none,True,True
121900,1.0,0.0004,0.5,none,True,True
121901,1.0,0.0004,0.5,none,True,True
121902,1.0,0.0004,0.5,none,True,True
121903,1.0,0.0004,0.5,none,True,True
121904,1.0,0.0003,0.5,none,True,True
121905,1.0,0.0003,0.5,none,True,True
121906,1.0,0.0003,0.5,none,True,True
121907,1.0,0.0003,0.5,none,True,True
121908,1.0,0.0003,0.5,none,True,True
121909,1.0,0.0003,0.5,none,True,True
121910,1.0,0.0002,0.5,none,True,True
121911,1.0,0.0002,0.5,none,True,True
121912,1.0,0.0002,0.5,none,True,True
121913,1.0,0.0002,0.5,none,True,True
121914,1.0,0.0002,0.5,none,True,True
121915,1.0,0.0002,0.5,none,True,True
121916,1.0,0.0002,0.5,none,True,True
121917,1.0,0.0002,0.5,none,True,True
121918,1.0,0.0002,0.5,none,True,True
121919,1.0,0.0001,0.5,none,True,True
121920,1.0,0.0001,0.5,none,True,True
121921,1.0,0.0001,0.5,none,True,True
121922,1.0,0.0001,0.5,none,True,True
121923,1.0,0.0001,0.5,none,True,True
121924,1.0,0.0001,0.5,none,True,True
121925,1.0,0.0001,0.5,none,True,True
121926,1.0,0.0001,0.5,none,True,True
121927,1.0,0.0001,0.5,none,True,True
121928,1.0,0.0001,0.5,none,True,True
121929,1.0,0.0001,0.5,none,True,True
121930,1.0,0.0001,0.5,none,True,True
121931,1.0,0.0001,0.5,none,True,True
121932,1.0,0.0001,0.5,none,True,True
121933,1.0,0.0001,0.5,none,True,True
121934,1.0,0.0001,0.5,none,True,True
121935,1.0,0.0001,0.5,none,True,True
121936,1.0,0.0001,0.5,none,True,True
121937,1.0,0.0,0.5,none,True,True
121938,1.0,0.0,0.5,none,True,True
121939,1.0,0.0,0.5,none,True,True
121940,1.0,0.0,0.5,none,True,True
121941,1.0,0.0,0.5,none,True,True
121942,1.0,0.0,0.5,none,True,True
121943,1.0,0.0,0.5,none,True,True
121944,1.0,0.0,0.5,none,True,True
121945,1.0,0.0,0.5,none,True,True
121946,1.0,0.0,0.5,none,True,True
121947,1.0,0.0,0.5,none,True,True
121948,1.0,0.0,0.5,none,True,True
121949,1.0,0.0,0.5,none,True,True
121950,1.0,0.0,0.5,none,True,True
121951,1.0,0.0,0.5,none,True,True
121952,1.0,0.0,0.5,none,True,True
121953,1.0,0.0,0.5,none,True,True
121954,1.0,0.0,0.5,none,True,True
121955,1.0,0.0,0.5,none,True,True
121956,1.0,0.0,0.5,none,True,True
121957,1.0,0.0,0.5,none,True,True
121958,1.0,0.0,0.5,none,True,True
121959,1.0,0.0,0.5,none,True,True
121960,1.0,0.0,0.5,none,True,True
121961,1.0,0.0,0.5,none,True,True
121962,1.0,0.0,0.5,none,True,True
121963,1.0,0.0,0.5,none,True,True
121964,1.0,0.0,0.5,none,True,True
121965,1.0,0.0,0.5,none,True,True
121966,1.0,0.0,0.5,none,True,True
121967,1.0,0.0,0.5,none,True,True
121968,1.0,0.0,0.5,none,True,True
121969,1.0,0.0,0.5,none,True,True
121970,1.0,0.0,0.5,none,True,True
121971,1.0,0.0,0.5,none,True,True
121972,1.0,0.0,0.5,none,True,True
121973,1.0,0.0,0.5,none,True,True
121974,1.0,0.0,0.5,none,True,True
121975,1.0,0.0,0.5,none,True,True
121976,1.0,0.0,0.5,none,True,True
121977,1.0,0.0,0.5,none,True,True
121978,1.0,0.0,0.5,none,True,True
121979,1.0,0.0,0.5,none,True,True
121980,1.0,0.0,0.5,none,True,True
121981,1.0,0.0,0.5,none,True,True
121982,1.0,0.0,0.5,none,True,True
121983,1.0,0.0,0.5,none,True,True
121984,1.0,0.0,0.5,none,True,True
121985,1.0,0.0,0.5,none,True,True
121986,1.0,0.0,0.5,none,True,True
121987,1.0,0.0,0.5,none,True,True
121988,1.0,0.0,0.5,none,True,True
121989,1.0,0.0,0.5,none,True,True
121990,1.0,0.0,0.5,none,True,True
121991,1.0,0.0,0.5,none,True,True
121992,1.0,0.0,0.5,none,True,True
121993,1.0,0.0,0.5,none,True,True
121994,1.0,0.0,0.5,none,True,True
121995,1.0,0.0,0.5,none,True,True
121996,1.0,0.0,0.5,none,True,True
121997,1.0,0.0,0.5,none,True,True
121998,1.0,0.0,0.5,none,True,True
121999,1.0,0.0,0.5,none,True,True
122000,1.0,0.0,0.5,none,True,True
122001,1.0,0.0,0.5,none,True,True
122002,1.0,0.0,0.5,none,True,True
122003,1.0,0.0,0.5,none,True,True
122004,1.0,0.0,0.5,none,True,True
122005,1.0,0.0,0.5,none,True,True
122006,1.0,0.0,0.5,none,True,True
122007,1.0,0.0,0.5,none,True,True
122008,1.0,0.0,0.5,none,True,True
122009,1.0,0.0,0.5,none,True,True
122010,1.0,0.0,0.5,none,True,True
122011,1.0,0.0,0.5,none,True,True
122012,1.0,0.0,0.5,none,True,True
122013,1.0,0.0,0.5,none,True,True
122014,1.0,0.0,0.5,none,True,True
122015,1.0,0.0,0.5,none,True,True
122016,1.0,0.0,0.5,none,True,True
122017,1.0,0.0,0.5,none,True,True
122018,1.0,0.0,0.5,none,True,True
122019,1.0,0.0,0.5,none,True,True
122020,1.0,0.0,0.5,none,True,True
122021,1.0,0.0,0.5,none,True,True
122022,1.0,0.0,0.5,none,True,True
122023,1.0,0.0,0.5,none,True,True
122024,1.0,0.0,0.5,none,True,True
122025,1.0,0.0,0.5,none,True,True
122026,1.0,0.0,0.5,none,True,True
122027,1.0,0.0,0.5,none,True,True
122028,1.0,0.0,0.5,none,True,True
122029,1.0,0.0,0.5,none,True,True
122030,1.0,0.0,0.5,none,True,True
122031,1.0,0.0,0.5,none,True,True
122032,1.0,0.0,0.5,none,True,True
122033,1.0,0.0,0.5,none,True,True
122034,1.0,0.0,0.5,none,True,True
122035,1.0,0.0,0.5,none,True,True
122036,1.0,0.0,0.5,none,True,True
122037,1.0,0.0,0.5,none,True,True
122038,1.0,0.0,0.5,none,True,True
122039,1.0,0.0,0.5,none,True,True
122040,1.0,0.0,0.5,none,True,True
122041,1.0,0.0,0.5,none,True,True
122042,1.0,0.0,0.5,none,True,True
122043,1.0,0.0,0.5,none,True,True
122044,1.0,0.0,0.5,none,True,True
122045,1.0,0.0,0.5,none,True,True
122046,1.0,0.0,0.5,none,True,True
122047,1.0,0.0,0.5,none,True,True
122048,1.0,0.0,0.5,none,True,True
122049,1.0,0.0,0.5,none,True,True
122050,1.0,0.0,0.5,none,True,True
122051,1.0,0.0,0.5,none,True,True
122052,1.0,0.0,0.5,none,True,True
122053,1.0,0.0,0.5,none,True,True
122054,1.0,0.0,0.5,none,True,True
122055,1.0,0.0,0.5,none,True,True
122056,1.0,0.0,0.5,none,True,True
122057,1.0,0.0,0.5,none,True,True
122058,1.0,0.0,0.5,none,True,True
122059,1.0,0.0,0.5,none,True,True
122060,1.0,0.0,0.5,none,True,True
122061,1.0,0.0,0.5,none,True,True
122062,1.0,0.0,0.5,none,True,True
122063,1.0,0.0,0.5,none,True,True
122064,1.0,0.0,0.5,none,True,True
122065,1.0,0.0,0.5,none,True,True
122066,1.0,0.0,0.5,none,True,True
122067,1.0,0.0,0.5,none,True,True
122068,1.0,0.0,0.5,none,True,True
122069,1.0,0.0,0.5,none,True,True
122070,1.0,0.0,0.5,none,True,True
122071,1.0,0.0,0.5,none,True,True
122072,1.0,0.0,0.5,none,True,True
122073,1.0,0.0,0.5,none,True,True
122074,1.0,0.0,0.5,none,True,True
122075,1.0,0.0,0.5,none,True,True
122076,1.0,0.0,0.5,none,True,True
122077,1.0,0.0,0.5,none,True,True
122078,1.0,0.0,0.5,none,True,True
122079,1.0,0.0,0.5,none,True,True
122080,1.0,0.0,0.5,none,True,True
122081,1.0,0.0,0.5,none,True,True
122082,1.0,0.0,0.5,none,True,True
122083,1.0,0.0,0.5,none,True,True
122084,1.0,0.0,0.5,none,True,True
122085,1.0,0.0,0.5,none,True,True
122086,1.0,0.0,0.5,none,True,True
122087,1.0,0.0,0.5,none,True,True
122088,1.0,0.0,0.5,none,True,True
122089,1.0,0.0,0.5,none,True,True
122090,1.0,0.0,0.5,none,True,True
122091,1.0,0.0,0.5,none,True,True
122092,1.0,0.0,0.5,none,True,True
122093,1.0,0.0,0.5,none,True,True
122094,1.0,0.0,0.5,none,True,True
122095,1.0,0.0,0.5,none,True,True
122096,1.0,0.0,0.5,none,True,True
122097,1.0,0.0,0.5,none,True,True
122098,1.0,0.0,0.5,none,True,True
122099,1.0,0.0,0.5,none,True,True
122100,1.0,0.0,0.5,none,True,True
122101,1.0,0.0,0.5,none,True,True
122102,1.0,0.0,0.5,none,True,True
122103,1.0,0.0,0.5,none,True,True
122104,1.0,0.0,0.5,none,True,True
122105,1.0,0.0,0.5,none,True,True
122106,1.0,0.0,0.5,none,True,True
122107,1.0,0.0,0.5,none,True,True
122108,1.0,0.0,0.5,none,True,True
122109,1.0,0.0,0.5,none,True,True
122110,1.0,0.0,0.5,none,True,True
122111,1.0,0.0,0.5,none,True,True
122112,1.0,0.0,0.5,none,True,True
122113,1.0,0.0,0.5,none,True,True
122114,1.0,0.0,0.5,none,True,True
122115,1.0,0.0,0.5,none,True,True
122116,1.0,0.0,0.5,none,True,True
122117,1.0,0.0,0.5,none,True,True
122118,1.0,0.0,0.5,none,True,True
122119,1.0,0.0,0.5,none,True,True
122120,1.0,0.0,0.5,none,True,True
122121,1.0,0.0,0.5,none,True,True
122122,1.0,0.0,0.5,none,True,True
122123,1.0,0.0,0.5,none,True,True
122124,1.0,0.0,0.5,none,True,True
122125,1.0,0.0,0.5,none,True,True
122126,1.0,0.0,0.5,none,True,True
122127,1.0,0.0,0.5,none,True,True
122128,1.0,0.0,0.5,none,True,True
122129,1.0,0.0,0.5,none,True,True
122130,1.0,0.0,0.5,none,True,True
122131,1.0,0.0,0.5,none,True,True
122132,1.0,0.0,0.5,none,True,True
122133,1.0,0.0,0.5,none,True,True
122134,1.0,0.0,0.5,none,True,True
122135,1.0,0.0,0.5,none,True,True
122136,1.0,0.0,0.5,none,True,True
122137,1.0,0.0,0.5,none,True,True
122138,1.0,0.0,0.5,none,True,True
122139,1.0,0.0,0.5,none,True,True
122140,1.0,0.0,0.5,none,True,True
122141,1.0,0.0,0.5,none,True,True
122142,1.0,0.0,0.5,none,True,True
122143,1.0,0.0,0.5,none,True,True
122144,1.0,0.0,0.5,none,True,True
122145,1.0,0.0,0.5,none,True,True
122146,1.0,0.0,0.5,none,True,True
122147,1.0,0.0,0.5,none,True,True
122148,1.0,0.0,0.5,none,True,True
122149,1.0,0.0,0.5,none,True,True
122150,1.0,0.0,0.5,none,True,True
122151,1.0,0.0,0.5,none,True,True
122152,1.0,0.0,0.5,none,True,True
122153,1.0,0.0,0.5,none,True,True
122154,1.0,0.0,0.5,none,True,True
122155,1.0,0.0,0.5,none,True,True
122156,1.0,0.0,0.5,none,True,True
122157,1.0,0.0,0.5,none,True,True
122158,1.0,0.0,0.5,none,True,True
122159,1.0,0.0,0.5,none,True,True
122160,1.0,0.0,0.5,none,True,True
122161,1.0,0.0,0.5,none,True,True
122162,1.0,0.0,0.5,none,True,True
122163,1.0,0.0,0.5,none,True,True
122164,1.0,0.0,0.5,none,True,True
122165,1.0,0.0,0.5,none,True,True
122166,1.0,0.0,0.5,none,True,True
122167,1.0,0.0,0.5,none,True,True
122168,1.0,0.0,0.5,none,True,True
122169,1.0,0.0,0.5,none,True,True
122170,1.0,0.0,0.5,none,True,True
122171,1.0,0.0,0.5,none,True,True
122172,1.0,0.0,0.5,none,True,True
122173,1.0,0.0,0.5,none,True,True
122174,1.0,0.0,0.5,none,True,True
122175,1.0,0.0,0.5,none,True,True
122176,1.0,0.0,0.5,none,True,True
122177,1.0,0.0,0.5,none,True,True
122178,1.0,0.0,0.5,none,True,True
122179,1.0,0.0,0.5,none,True,True
122180,1.0,0.0,0.5,none,True,True
122181,1.0,0.0,0.5,none,True,True
122182,1.0,0.0,0.5,none,True,True
122183,1.0,0.0,0.5,none,True,True
122184,1.0,0.0,0.5,none,True,True
122185,1.0,0.0,0.5,none,True,True
122186,1.0,0.0,0.5,none,True,True
122187,1.0,0.0,0.5,none,True,True
122188,1.0,0.0,0.5,none,True,True
122189,1.0,0.0,0.5,none,True,True
122190,1.0,0.0,0.5,none,True,True
122191,1.0,0.0,0.5,none,True,True
122192,1.0,0.0,0.5,none,True,True
122193,1.0,0.0,0.5,none,True,True
122194,1.0,0.0,0.5,none,True,True
122195,1.0,0.0,0.5,none,True,True
122196,1.0,0.0,0.5,none,True,True
122197,1.0,0.0,0.5,none,True,True
122198,1.0,0.0,0.5,none,True,True
122199,1.0,0.0,0.5,none,True,True
122200,1.0,0.0,0.5,none,True,True
122201,1.0,0.0,0.5,none,True,True
122202,1.0,0.0,0.5,none,True,True
122203,1.0,0.0,0.5,none,True,True
122204,1.0,0.0,0.5,none,True,True
122205,1.0,0.0,0.5,none,True,True
122206,1.0,0.0,0.5,none,True,True
122207,1.0,0.0,0.5,none,True,True
122208,1.0,0.0,0.5,none,True,True
122209,1.0,0.0,0.5,none,True,True
122210,1.0,0.0,0.5,none,True,True
122211,1.0,0.0,0.5,none,True,True
122212,1.0,0.0,0.5,none,True,True
122213,1.0,0.0,0.5,none,True,True
122214,1.0,0.0,0.5,none,True,True
122215,1.0,0.0,0.5,none,True,True
122216,1.0,0.0,0.5,none,True,True
122217,1.0,0.0,0.5,none,True,True
122218,1.0,0.0,0.5,none,True,True
122219,1.0,0.0,0.5,none,True,True
122220,1.0,0.0,0.5,none,True,True
122221,1.0,0.0,0.5,none,True,True
122222,1.0,0.0,0.5,none,True,True
122223,1.0,0.0,0.5,none,True,True
122224,1.0,0.0,0.5,none,True,True
122225,1.0,0.0,0.5,none,True,True
122226,1.0,0.0,0.5,none,True,True
122227,1.0,0.0,0.5,none,True,True
122228,1.0,0.0,0.5,none,True,True
122229,1.0,0.0,0.5,none,True,True
122230,1.0,0.0,0.5,none,True,True
122231,1.0,0.0,0.5,none,True,True
122232,1.0,0.0,0.5,none,True,True
122233,1.0,0.0,0.5,none,True,True
122234,1.0,0.0,0.5,none,True,True
122235,1.0,0.0,0.5,none,True,True
122236,1.0,0.0,0.5,none,True,True
122237,1.0,0.0,0.5,none,True,True
122238,1.0,0.0,0.5,none,True,True
122239,1.0,0.0,0.5,none,True,True
122240,1.0,0.0,0.5,none,True,True
122241,1.0,0.0,0.5,none,True,True
122242,1.0,0.0,0.5,none,True,True
122243,1.0,0.0,0.5,none,True,True
122244,1.0,0.0,0.5,none,True,True
122245,1.0,0.0,0.5,none,True,True
122246,1.0,0.0,0.5,none,True,True
122247,1.0,0.0,0.5,none,True,True
122248,1.0,0.0,0.5,none,True,True
122249,1.0,0.0,0.5,none,True,True
122250,1.0,0.0,0.5,none,True,True
122251,1.0,0.0,0.5,none,True,True
122252,1.0,0.0,0.5,none,True,True
122253,1.0,0.0,0.5,none,True,True
122254,1.0,0.0,0.5,none,True,True
122255,1.0,0.0,0.5,none,True,True
122256,1.0,0.0,0.5,none,True,True
122257,1.0,0.0,0.5,none,True,True
122258,1.0,0.0,0.5,none,True,True
122259,1.0,0.0,0.5,none,True,True
122260,1.0,0.0,0.5,none,True,True
122261,1.0,0.0,0.5,none,True,True
122262,1.0,0.0,0.5,none,True,True
122263,1.0,0.0,0.5,none,True,True
122264,1.0,0.0,0.5,none,True,True
122265,1.0,0.0,0.5,none,True,True
122266,1.0,0.0,0.5,none,True,True
122267,1.0,0.0,0.5,none,True,True
122268,1.0,0.0,0.5,none,True,True
122269,1.0,0.0,0.5,none,True,True
122270,1.0,0.0,0.5,none,True,True
122271,1.0,0.0,0.5,none,True,True
122272,1.0,0.0,0.5,none,True,True
122273,1.0,0.0,0.5,none,True,True
122274,1.0,0.0,0.5,none,True,True
122275,1.0,0.0,0.5,none,True,True
122276,1.0,0.0,0.5,none,True,True
122277,1.0,0.0,0.5,none,True,True
122278,1.0,0.0,0.5,none,True,True
122279,1.0,0.0,0.5,none,True,True
122280,1.0,0.0,0.5,none,True,True
122281,1.0,0.0,0.5,none,True,True
122282,1.0,0.0,0.5,none,True,True
122283,1.0,0.0,0.5,none,True,True
122284,1.0,0.0,0.5,none,True,True
122285,1.0,0.0,0.5,none,True,True
122286,1.0,0.0,0.5,none,True,True
122287,1.0,0.0,0.5,none,True,True
122288,1.0,0.0,0.5,none,True,True
122289,1.0,0.0,0.5,none,True,True
122290,1.0,0.0,0.5,none,True,True
122291,1.0,0.0,0.5,none,True,True
122292,1.0,0.0,0.5,none,True,True
122293,1.0,0.0,0.5,none,True,True
122294,1.0,0.0,0.5,none,True,True
122295,1.0,0.0,0.5,none,True,True
122296,1.0,0.0,0.5,none,True,True
122297,1.0,0.0,0.5,none,True,True
122298,1.0,0.0,0.5,none,True,True
122299,1.0,0.0,0.5,none,True,True
122300,1.0,0.0,0.5,none,True,True
122301,1.0,0.0,0.5,none,True,True
122302,1.0,0.0,0.5,none,True,True
122303,1.0,0.0,0.5,none,True,True
122304,1.0,0.0,0.5,none,True,True
122305,1.0,0.0,0.5,none,True,True
122306,1.0,0.0,0.5,none,True,True
122307,1.0,0.0,0.5,none,True,True
122308,1.0,0.0,0.5,none,True,True
122309,1.0,0.0,0.5,none,True,True
122310,1.0,0.0,0.5,none,True,True
122311,1.0,0.0,0.5,none,True,True
122312,1.0,0.0,0.5,none,True,True
122313,1.0,0.0,0.5,none,True,True
122314,1.0,0.0,0.5,none,True,True
122315,1.0,0.0,0.5,none,True,True
122316,1.0,0.0,0.5,none,True,True
122317,1.0,0.0,0.5,none,True,True
122318,1.0,0.0,0.5,none,True,True
122319,1.0,0.0,0.5,none,True,True
122320,1.0,0.0,0.5,none,True,True
122321,1.0,0.0,0.5,none,True,True
122322,1.0,0.0,0.5,none,True,True
122323,1.0,0.0,0.5,none,True,True
122324,1.0,0.0,0.5,none,True,True
122325,1.0,0.0,0.5,none,True,True
122326,1.0,0.0,0.5,none,True,True
122327,1.0,0.0,0.5,none,True,True
122328,1.0,0.0,0.5,none,True,True
122329,1.0,0.0,0.5,none,True,True
122330,1.0,0.0,0.5,none,True,True
122331,1.0,0.0,0.5,none,True,True
122332,1.0,0.0,0.5,none,True,True
122333,1.0,0.0,0.5,none,True,True
122334,1.0,0.0,0.5,none,True,True
122335,1.0,0.0,0.5,none,True,True
122336,1.0,0.0,0.5,none,True,True
122337,1.0,0.0,0.5,none,True,True
122338,1.0,0.0,0.5,none,True,True
122339,1.0,0.0,0.5,none,True,True
122340,1.0,0.0,0.5,none,True,True
122341,1.0,0.0,0.5,none,True,True
122342,1.0,0.0,0.5,none,True,True
122343,1.0,0.0,0.5,none,True,True
122344,1.0,0.0,0.5,none,True,True
122345,1.0,0.0,0.5,none,True,True
122346,1.0,0.0,0.5,none,True,True
122347,1.0,0.0,0.5,none,True,True
122348,1.0,0.0,0.5,none,True,True
122349,1.0,0.0,0.5,none,True,True
122350,1.0,0.0,0.5,none,True,True
122351,1.0,0.0,0.5,none,True,True
122352,1.0,0.0,0.5,none,True,True
122353,1.0,0.0,0.5,none,True,True
122354,1.0,0.0,0.5,none,True,True
122355,1.0,0.0,0.5,none,True,True
122356,1.0,0.0,0.5,none,True,True
122357,1.0,0.0,0.5,none,True,True
122358,1.0,0.0,0.5,none,True,True
122359,1.0,0.0,0.5,none,True,True
122360,1.0,0.0,0.5,none,True,True
122361,1.0,0.0,0.5,none,True,True
122362,1.0,0.0,0.5,none,True,True
122363,1.0,0.0,0.5,none,True,True
122364,1.0,0.0,0.5,none,True,True
122365,1.0,0.0,0.5,none,True,True
122366,1.0,0.0,0.5,none,True,True
122367,1.0,0.0,0.5,none,True,True
122368,1.0,0.0,0.5,none,True,True
122369,1.0,0.0,0.5,none,True,True
122370,1.0,0.0,0.5,none,True,True
122371,1.0,0.0,0.5,none,True,True
122372,1.0,0.0,0.5,none,True,True
122373,1.0,0.0,0.5,none,True,True
122374,1.0,0.0,0.5,none,True,True
122375,1.0,0.0,0.5,none,True,True
122376,1.0,0.0,0.5,none,True,True
122377,1.0,0.0,0.5,none,True,True
122378,1.0,0.0,0.5,none,True,True
122379,1.0,0.0,0.5,none,True,True
122380,1.0,0.0,0.5,none,True,True
122381,1.0,0.0,0.5,none,True,True
122382,1.0,0.0,0.5,none,True,True
122383,1.0,0.0,0.5,none,True,True
122384,1.0,0.0,0.5,none,True,True
122385,1.0,0.0,0.5,none,True,True
122386,1.0,0.0,0.5,none,True,True
122387,1.0,0.0,0.5,none,True,True
122388,1.0,0.0,0.5,none,True,True
122389,1.0,0.0,0.5,none,True,True
122390,1.0,0.0,0.5,none,True,True
122391,1.0,0.0,0.5,none,True,True
122392,1.0,0.0,0.5,none,True,True
122393,1.0,0.0,0.5,none,True,True
122394,1.0,0.0,0.5,none,True,True
122395,1.0,0.0,0.5,none,True,True
122396,1.0,0.0,0.5,none,True,True
122397,1.0,0.0,0.5,none,True,True
122398,1.0,0.0,0.5,none,True,True
122399,1.0,0.0,0.5,none,True,True
122400,1.0,0.0,0.5,none,True,True
122401,1.0,0.0,0.5,none,True,True
122402,1.0,0.0,0.5,none,True,True
122403,1.0,0.0,0.5,none,True,True
122404,1.0,0.0,0.5,none,True,True
122405,1.0,0.0,0.5,none,True,True
122406,1.0,0.0,0.5,none,True,True
122407,1.0,0.0,0.5,none,True,True
122408,1.0,0.0,0.5,none,True,True
122409,1.0,0.0,0.5,none,True,True
122410,1.0,0.0,0.5,none,True,True
122411,1.0,0.0,0.5,none,True,True
122412,1.0,0.0,0.5,none,True,True
122413,1.0,0.0,0.5,none,True,True
122414,1.0,0.0,0.5,none,True,True
122415,1.0,0.0,0.5,none,True,True
122416,1.0,0.0,0.5,none,True,True
122417,1.0,0.0,0.5,none,True,True
122418,1.0,0.0,0.5,none,True,True
122419,1.0,0.0,0.5,none,True,True
122420,1.0,0.0,0.5,none,True,True
122421,1.0,0.0,0.5,none,True,True
122422,1.0,0.0,0.5,none,True,True
122423,1.0,0.0,0.5,none,True,True
122424,1.0,0.0,0.5,none,True,True
122425,1.0,0.0,0.5,none,True,True
122426,1.0,0.0,0.5,none,True,True
122427,1.0,0.0,0.5,none,True,True
122428,1.0,0.0,0.5,none,True,True
122429,1.0,0.0,0.5,none,True,True
122430,1.0,0.0,0.5,none,True,True
122431,1.0,0.0,0.5,none,True,True
122432,1.0,0.0,0.5,none,True,True
122433,1.0,0.0,0.5,none,True,True
122434,1.0,0.0,0.5,none,True,True
122435,1.0,0.0,0.5,none,True,True
122436,1.0,0.0,0.5,none,True,True
122437,1.0,0.0,0.5,none,True,True
122438,1.0,0.0,0.5,none,True,True
122439,1.0,0.0,0.5,none,True,True
122440,1.0,0.0,0.5,none,True,True
122441,1.0,0.0,0.5,none,True,True
122442,1.0,0.0,0.5,none,True,True
122443,1.0,0.0,0.5,none,True,True
122444,1.0,0.0,0.5,none,True,True
122445,1.0,0.0,0.5,none,True,True
122446,1.0,0.0,0.5,none,True,True
122447,1.0,0.0,0.5,none,True,True
122448,1.0,0.0,0.5,none,True,True
122449,1.0,0.0,0.5,none,True,True
122450,1.0,0.0,0.5,none,True,True
122451,1.0,0.0,0.5,none,True,True
122452,1.0,0.0,0.5,none,True,True
122453,1.0,0.0,0.5,none,True,True
122454,1.0,0.0,0.5,none,True,True
122455,1.0,0.0,0.5,none,True,True
122456,1.0,0.0,0.5,none,True,True
122457,1.0,0.0,0.5,none,True,True
122458,1.0,0.0,0.5,none,True,True
122459,1.0,0.0,0.5,none,True,True
122460,1.0,0.0,0.5,none,True,True
122461,1.0,0.0,0.5,none,True,True
122462,1.0,0.0,0.5,none,True,True
122463,1.0,0.0,0.5,none,True,True
122464,1.0,0.0,0.5,none,True,True
122465,1.0,0.0,0.5,none,True,True
122466,1.0,0.0,0.5,none,True,True
122467,1.0,0.0,0.5,none,True,True
122468,1.0,0.0,0.5,none,True,True
122469,1.0,0.0,0.5,none,True,True
122470,1.0,0.0,0.5,none,True,True
122471,1.0,0.0,0.5,none,True,True
122472,1.0,0.0,0.5,none,True,True
122473,1.0,0.0,0.5,none,True,True
122474,1.0,0.0,0.5,none,True,True
122475,1.0,0.0,0.5,none,True,True
122476,1.0,0.0,0.5,none,True,True
122477,1.0,0.0,0.5,none,True,True
122478,1.0,0.0,0.5,none,True,True
122479,1.0,0.0,0.5,none,True,True
122480,1.0,0.0,0.5,none,True,True
122481,1.0,0.0,0.5,none,True,True
122482,1.0,0.0,0.5,none,True,True
122483,1.0,0.0,0.5,none,True,True
122484,1.0,0.0,0.5,none,True,True
122485,1.0,0.0,0.5,none,True,True
122486,1.0,0.0,0.5,none,True,True
122487,1.0,0.0,0.5,none,True,True
122488,1.0,0.0,0.5,none,True,True
122489,1.0,0.0,0.5,none,True,True
122490,1.0,0.0,0.5,none,True,True
122491,1.0,0.0,0.5,none,True,True
122492,1.0,0.0,0.5,none,True,True
122493,1.0,0.0,0.5,none,True,True
122494,1.0,0.0,0.5,none,True,True
122495,1.0,0.0,0.5,none,True,True
122496,1.0,0.0,0.5,none,True,True
122497,1.0,0.0,0.5,none,True,True
122498,1.0,0.0,0.5,none,True,True
122499,1.0,0.0,0.5,none,True,True
122500,1.0,0.0061,0.5,none,True,True
122501,1.0,0.0357,0.5,none,True,True
122502,1.0,0.0812,0.5,none,True,True
122503,1.0,0.1113,0.5,none,True,True
122504,1.0,0.1253,0.5,none,True,True
122505,1.0,0.1408,0.5,none,True,True
122506,1.0,0.0907,0.5,none,True,True
122507,1.0,0.1198,0.5,none,True,True
122508,1.0,0.0467,0.5,none,True,True
122509,1.0,0.0522,0.5,none,True,True
122510,1.0,0.0405,0.5,none,True,True
122511,1.0,0.0313,0.5,none,True,True
122512,1.0,0.0083,0.5,none,True,True
122513,1.0,0.0726,0.5,none,True,True
122514,1.0,0.0793,0.5,none,True,True
122515,1.0,0.0581,0.5,none,True,True
122516,1.0,0.0955,0.5,none,True,True
122517,1.0,0.0839,0.5,none,True,True
122518,1.0,0.0648,0.5,none,True,True
122519,1.0,0.0718,0.5,none,True,True
122520,1.0,0.0589,0.5,none,True,True
122521,1.0,0.0403,0.5,none,True,True
122522,1.0,0.0327,0.5,none,True,True
122523,1.0,0.0277,0.5,none,True,True
122524,1.0,0.017,0.5,none,True,True
122525,1.0,0.0102,0.5,none,True,True
122526,1.0,0.0099,0.5,none,True,True
122527,1.0,0.008,0.5,none,True,True
122528,1.0,0.005,0.5,none,True,True
122529,1.0,0.0063,0.5,none,True,True
122530,1.0,0.009,0.5,none,True,True
122531,1.0,0.0096,0.5,none,True,True
122532,1.0,0.0108,0.5,none,True,True
122533,1.0,0.014,0.5,none,True,True
122534,1.0,0.0161,0.5,none,True,True
122535,1.0,0.0167,0.5,none,True,True
122536,1.0,0.0182,0.5,none,True,True
122537,1.0,0.0196,0.5,none,True,True
122538,1.0,0.0197,0.5,none,True,True
122539,1.0,0.0193,0.5,none,True,True
122540,1.0,0.0193,0.5,none,True,True
122541,1.0,0.0187,0.5,none,True,True
122542,1.0,0.0174,0.5,none,True,True
122543,1.0,0.0163,0.5,none,True,True
122544,1.0,0.0152,0.5,none,True,True
122545,1.0,0.0138,0.5,none,True,True
122546,1.0,0.0123,0.5,none,True,True
122547,1.0,0.0111,0.5,none,True,True
122548,1.0,0.01,0.5,none,True,True
122549,1.0,0.0088,0.5,none,True,True
122550,1.0,0.0078,0.5,none,True,True
122551,1.0,0.0071,0.5,none,True,True
122552,1.0,0.0064,0.5,none,True,True
122553,1.0,0.0057,0.5,none,True,True
122554,1.0,0.0053,0.5,none,True,True
122555,1.0,0.005,0.5,none,True,True
122556,1.0,0.0047,0.5,none,True,True
122557,1.0,0.0045,0.5,none,True,True
122558,1.0,0.0044,0.5,none,True,True
122559,1.0,0.0043,0.5,none,True,True
122560,1.0,0.0042,0.5,none,True,True
122561,1.0,0.0041,0.5,none,True,True
122562,1.0,0.004,0.5,none,True,True
122563,1.0,0.0039,0.5,none,True,True
122564,1.0,0.0038,0.5,none,True,True
122565,1.0,0.0037,0.5,none,True,True
122566,1.0,0.0035,0.5,none,True,True
122567,1.0,0.0033,0.5,none,True,True
122568,1.0,0.0032,0.5,none,True,True
122569,1.0,0.003,0.5,none,True,True
122570,1.0,0.0028,0.5,none,True,True
122571,1.0,0.0026,0.5,none,True,True
122572,1.0,0.0024,0.5,none,True,True
122573,1.0,0.0023,0.5,none,True,True
122574,1.0,0.0021,0.5,none,True,True
122575,1.0,0.0019,0.5,none,True,True
122576,1.0,0.0018,0.5,none,True,True
122577,1.0,0.0017,0.5,none,True,True
122578,1.0,0.0015,0.5,none,True,True
122579,1.0,0.0014,0.5,none,True,True
122580,1.0,0.0013,0.5,none,True,True
122581,1.0,0.0013,0.5,none,True,True
122582,1.0,0.0012,0.5,none,True,True
122583,1.0,0.0011,0.5,none,True,True
122584,1.0,0.0011,0.5,none,True,True
122585,1.0,0.001,0.5,none,True,True
122586,1.0,0.001,0.5,none,True,True
122587,1.0,0.0009,0.5,none,True,True
122588,1.0,0.0009,0.5,none,True,True
122589,1.0,0.0008,0.5,none,True,True
122590,1.0,0.0008,0.5,none,True,True
122591,1.0,0.0008,0.5,none,True,True
122592,1.0,0.0007,0.5,none,True,True
122593,1.0,0.0007,0.5,none,True,True
122594,1.0,0.0006,0.5,none,True,True
122595,1.0,0.0006,0.5,none,True,True
122596,1.0,0.0006,0.5,none,True,True
122597,1.0,0.0005,0.5,none,True,True
122598,1.0,0.0005,0.5,none,True,True
122599,1.0,0.0005,0.5,none,True,True
122600,1.0,0.0004,0.5,none,True,True
122601,1.0,0.0004,0.5,none,True,True
122602,1.0,0.0004,0.5,none,True,True
122603,1.0,0.0004,0.5,none,True,True
122604,1.0,0.0003,0.5,none,True,True
122605,1.0,0.0003,0.5,none,True,True
122606,1.0,0.0003,0.5,none,True,True
122607,1.0,0.0003,0.5,none,True,True
122608,1.0,0.0003,0.5,none,True,True
122609,1.0,0.0003,0.5,none,True,True
122610,1.0,0.0002,0.5,none,True,True
122611,1.0,0.0002,0.5,none,True,True
122612,1.0,0.0002,0.5,none,True,True
122613,1.0,0.0002,0.5,none,True,True
122614,1.0,0.0002,0.5,none,True,True
122615,1.0,0.0002,0.5,none,True,True
122616,1.0,0.0002,0.5,none,True,True
122617,1.0,0.0002,0.5,none,True,True
122618,1.0,0.0002,0.5,none,True,True
122619,1.0,0.0001,0.5,none,True,True
122620,1.0,0.0001,0.5,none,True,True
122621,1.0,0.0001,0.5,none,True,True
122622,1.0,0.0001,0.5,none,True,True
122623,1.0,0.0001,0.5,none,True,True
122624,1.0,0.0001,0.5,none,True,True
122625,1.0,0.0001,0.5,none,True,True
122626,1.0,0.0001,0.5,none,True,True
122627,1.0,0.0001,0.5,none,True,True
122628,1.0,0.0001,0.5,none,True,True
122629,1.0,0.0001,0.5,none,True,True
122630,1.0,0.0001,0.5,none,True,True
122631,1.0,0.0001,0.5,none,True,True
122632,1.0,0.0001,0.5,none,True,True
122633,1.0,0.0001,0.5,none,True,True
122634,1.0,0.0001,0.5,none,True,True
122635,1.0,0.0001,0.5,none,True,True
122636,1.0,0.0001,0.5,none,True,True
122637,1.0,0.0,0.5,none,True,True
122638,1.0,0.0,0.5,none,True,True
122639,1.0,0.0,0.5,none,True,True
122640,1.0,0.0,0.5,none,True,True
122641,1.0,0.0,0.5,none,True,True
122642,1.0,0.0,0.5,none,True,True
122643,1.0,0.0,0.5,none,True,True
122644,1.0,0.0,0.5,none,True,True
122645,1.0,0.0,0.5,none,True,True
122646,1.0,0.0,0.5,none,True,True
122647,1.0,0.0,0.5,none,True,True
122648,1.0,0.0,0.5,none,True,True
122649,1.0,0.0,0.5,none,True,True
122650,1.0,0.0,0.5,none,True,True
122651,1.0,0.0,0.5,none,True,True
122652,1.0,0.0,0.5,none,True,True
122653,1.0,0.0,0.5,none,True,True
122654,1.0,0.0,0.5,none,True,True
122655,1.0,0.0,0.5,none,True,True
122656,1.0,0.0,0.5,none,True,True
122657,1.0,0.0,0.5,none,True,True
122658,1.0,0.0,0.5,none,True,True
122659,1.0,0.0,0.5,none,True,True
122660,1.0,0.0,0.5,none,True,True
122661,1.0,0.0,0.5,none,True,True
122662,1.0,0.0,0.5,none,True,True
122663,1.0,0.0,0.5,none,True,True
122664,1.0,0.0,0.5,none,True,True
122665,1.0,0.0,0.5,none,True,True
122666,1.0,0.0,0.5,none,True,True
122667,1.0,0.0,0.5,none,True,True
122668,1.0,0.0,0.5,none,True,True
122669,1.0,0.0,0.5,none,True,True
122670,1.0,0.0,0.5,none,True,True
122671,1.0,0.0,0.5,none,True,True
122672,1.0,0.0,0.5,none,True,True
122673,1.0,0.0,0.5,none,True,True
122674,1.0,0.0,0.5,none,True,True
122675,1.0,0.0,0.5,none,True,True
122676,1.0,0.0,0.5,none,True,True
122677,1.0,0.0,0.5,none,True,True
122678,1.0,0.0,0.5,none,True,True
122679,1.0,0.0,0.5,none,True,True
122680,1.0,0.0,0.5,none,True,True
122681,1.0,0.0,0.5,none,True,True
122682,1.0,0.0,0.5,none,True,True
122683,1.0,0.0,0.5,none,True,True
122684,1.0,0.0,0.5,none,True,True
122685,1.0,0.0,0.5,none,True,True
122686,1.0,0.0,0.5,none,True,True
122687,1.0,0.0,0.5,none,True,True
122688,1.0,0.0,0.5,none,True,True
122689,1.0,0.0,0.5,none,True,True
122690,1.0,0.0,0.5,none,True,True
122691,1.0,0.0,0.5,none,True,True
122692,1.0,0.0,0.5,none,True,True
122693,1.0,0.0,0.5,none,True,True
122694,1.0,0.0,0.5,none,True,True
122695,1.0,0.0,0.5,none,True,True
122696,1.0,0.0,0.5,none,True,True
122697,1.0,0.0,0.5,none,True,True
122698,1.0,0.0,0.5,none,True,True
122699,1.0,0.0,0.5,none,True,True
122700,1.0,0.0,0.5,none,True,True
122701,1.0,0.0,0.5,none,True,True
122702,1.0,0.0,0.5,none,True,True
122703,1.0,0.0,0.5,none,True,True
122704,1.0,0.0,0.5,none,True,True
122705,1.0,0.0,0.5,none,True,True
122706,1.0,0.0,0.5,none,True,True
122707,1.0,0.0,0.5,none,True,True
122708,1.0,0.0,0.5,none,True,True
122709,1.0,0.0,0.5,none,True,True
122710,1.0,0.0,0.5,none,True,True
122711,1.0,0.0,0.5,none,True,True
122712,1.0,0.0,0.5,none,True,True
122713,1.0,0.0,0.5,none,True,True
122714,1.0,0.0,0.5,none,True,True
122715,1.0,0.0,0.5,none,True,True
122716,1.0,0.0,0.5,none,True,True
122717,1.0,0.0,0.5,none,True,True
122718,1.0,0.0,0.5,none,True,True
122719,1.0,0.0,0.5,none,True,True
122720,1.0,0.0,0.5,none,True,True
122721,1.0,0.0,0.5,none,True,True
122722,1.0,0.0,0.5,none,True,True
122723,1.0,0.0,0.5,none,True,True
122724,1.0,0.0,0.5,none,True,True
122725,1.0,0.0,0.5,none,True,True
122726,1.0,0.0,0.5,none,True,True
122727,1.0,0.0,0.5,none,True,True
122728,1.0,0.0,0.5,none,True,True
122729,1.0,0.0,0.5,none,True,True
122730,1.0,0.0,0.5,none,True,True
122731,1.0,0.0,0.5,none,True,True
122732,1.0,0.0,0.5,none,True,True
122733,1.0,0.0,0.5,none,True,True
122734,1.0,0.0,0.5,none,True,True
122735,1.0,0.0,0.5,none,True,True
122736,1.0,0.0,0.5,none,True,True
122737,1.0,0.0,0.5,none,True,True
122738,1.0,0.0,0.5,none,True,True
122739,1.0,0.0,0.5,none,True,True
122740,1.0,0.0,0.5,none,True,True
122741,1.0,0.0,0.5,none,True,True
122742,1.0,0.0,0.5,none,True,True
122743,1.0,0.0,0.5,none,True,True
122744,1.0,0.0,0.5,none,True,True
122745,1.0,0.0,0.5,none,True,True
122746,1.0,0.0,0.5,none,True,True
122747,1.0,0.0,0.5,none,True,True
122748,1.0,0.0,0.5,none,True,True
122749,1.0,0.0,0.5,none,True,True
122750,1.0,0.0,0.5,none,True,True
122751,1.0,0.0,0.5,none,True,True
122752,1.0,0.0,0.5,none,True,True
122753,1.0,0.0,0.5,none,True,True
122754,1.0,0.0,0.5,none,True,True
122755,1.0,0.0,0.5,none,True,True
122756,1.0,0.0,0.5,none,True,True
122757,1.0,0.0,0.5,none,True,True
122758,1.0,0.0,0.5,none,True,True
122759,1.0,0.0,0.5,none,True,True
122760,1.0,0.0,0.5,none,True,True
122761,1.0,0.0,0.5,none,True,True
122762,1.0,0.0,0.5,none,True,True
122763,1.0,0.0,0.5,none,True,True
122764,1.0,0.0,0.5,none,True,True
122765,1.0,0.0,0.5,none,True,True
122766,1.0,0.0,0.5,none,True,True
122767,1.0,0.0,0.5,none,True,True
122768,1.0,0.0,0.5,none,True,True
122769,1.0,0.0,0.5,none,True,True
122770,1.0,0.0,0.5,none,True,True
122771,1.0,0.0,0.5,none,True,True
122772,1.0,0.0,0.5,none,True,True
122773,1.0,0.0,0.5,none,True,True
122774,1.0,0.0,0.5,none,True,True
122775,1.0,0.0,0.5,none,True,True
122776,1.0,0.0,0.5,none,True,True
122777,1.0,0.0,0.5,none,True,True
122778,1.0,0.0,0.5,none,True,True
122779,1.0,0.0,0.5,none,True,True
122780,1.0,0.0,0.5,none,True,True
122781,1.0,0.0,0.5,none,True,True
122782,1.0,0.0,0.5,none,True,True
122783,1.0,0.0,0.5,none,True,True
122784,1.0,0.0,0.5,none,True,True
122785,1.0,0.0,0.5,none,True,True
122786,1.0,0.0,0.5,none,True,True
122787,1.0,0.0,0.5,none,True,True
122788,1.0,0.0,0.5,none,True,True
122789,1.0,0.0,0.5,none,True,True
122790,1.0,0.0,0.5,none,True,True
122791,1.0,0.0,0.5,none,True,True
122792,1.0,0.0,0.5,none,True,True
122793,1.0,0.0,0.5,none,True,True
122794,1.0,0.0,0.5,none,True,True
122795,1.0,0.0,0.5,none,True,True
122796,1.0,0.0,0.5,none,True,True
122797,1.0,0.0,0.5,none,True,True
122798,1.0,0.0,0.5,none,True,True
122799,1.0,0.0,0.5,none,True,True
122800,1.0,0.0,0.5,none,True,True
122801,1.0,0.0,0.5,none,True,True
122802,1.0,0.0,0.5,none,True,True
122803,1.0,0.0,0.5,none,True,True
122804,1.0,0.0,0.5,none,True,True
122805,1.0,0.0,0.5,none,True,True
122806,1.0,0.0,0.5,none,True,True
122807,1.0,0.0,0.5,none,True,True
122808,1.0,0.0,0.5,none,True,True
122809,1.0,0.0,0.5,none,True,True
122810,1.0,0.0,0.5,none,True,True
122811,1.0,0.0,0.5,none,True,True
122812,1.0,0.0,0.5,none,True,True
122813,1.0,0.0,0.5,none,True,True
122814,1.0,0.0,0.5,none,True,True
122815,1.0,0.0,0.5,none,True,True
122816,1.0,0.0,0.5,none,True,True
122817,1.0,0.0,0.5,none,True,True
122818,1.0,0.0,0.5,none,True,True
122819,1.0,0.0,0.5,none,True,True
122820,1.0,0.0,0.5,none,True,True
122821,1.0,0.0,0.5,none,True,True
122822,1.0,0.0,0.5,none,True,True
122823,1.0,0.0,0.5,none,True,True
122824,1.0,0.0,0.5,none,True,True
122825,1.0,0.0,0.5,none,True,True
122826,1.0,0.0,0.5,none,True,True
122827,1.0,0.0,0.5,none,True,True
122828,1.0,0.0,0.5,none,True,True
122829,1.0,0.0,0.5,none,True,True
122830,1.0,0.0,0.5,none,True,True
122831,1.0,0.0,0.5,none,True,True
122832,1.0,0.0,0.5,none,True,True
122833,1.0,0.0,0.5,none,True,True
122834,1.0,0.0,0.5,none,True,True
122835,1.0,0.0,0.5,none,True,True
122836,1.0,0.0,0.5,none,True,True
122837,1.0,0.0,0.5,none,True,True
122838,1.0,0.0,0.5,none,True,True
122839,1.0,0.0,0.5,none,True,True
122840,1.0,0.0,0.5,none,True,True
122841,1.0,0.0,0.5,none,True,True
122842,1.0,0.0,0.5,none,True,True
122843,1.0,0.0,0.5,none,True,True
122844,1.0,0.0,0.5,none,True,True
122845,1.0,0.0,0.5,none,True,True
122846,1.0,0.0,0.5,none,True,True
122847,1.0,0.0,0.5,none,True,True
122848,1.0,0.0,0.5,none,True,True
122849,1.0,0.0,0.5,none,True,True
122850,1.0,0.0,0.5,none,True,True
122851,1.0,0.0,0.5,none,True,True
122852,1.0,0.0,0.5,none,True,True
122853,1.0,0.0,0.5,none,True,True
122854,1.0,0.0,0.5,none,True,True
122855,1.0,0.0,0.5,none,True,True
122856,1.0,0.0,0.5,none,True,True
122857,1.0,0.0,0.5,none,True,True
122858,1.0,0.0,0.5,none,True,True
122859,1.0,0.0,0.5,none,True,True
122860,1.0,0.0,0.5,none,True,True
122861,1.0,0.0,0.5,none,True,True
122862,1.0,0.0,0.5,none,True,True
122863,1.0,0.0,0.5,none,True,True
122864,1.0,0.0,0.5,none,True,True
122865,1.0,0.0,0.5,none,True,True
122866,1.0,0.0,0.5,none,True,True
122867,1.0,0.0,0.5,none,True,True
122868,1.0,0.0,0.5,none,True,True
122869,1.0,0.0,0.5,none,True,True
122870,1.0,0.0,0.5,none,True,True
122871,1.0,0.0,0.5,none,True,True
122872,1.0,0.0,0.5,none,True,True
122873,1.0,0.0,0.5,none,True,True
122874,1.0,0.0,0.5,none,True,True
122875,1.0,0.0,0.5,none,True,True
122876,1.0,0.0,0.5,none,True,True
122877,1.0,0.0,0.5,none,True,True
122878,1.0,0.0,0.5,none,True,True
122879,1.0,0.0,0.5,none,True,True
122880,1.0,0.0,0.5,none,True,True
122881,1.0,0.0,0.5,none,True,True
122882,1.0,0.0,0.5,none,True,True
122883,1.0,0.0,0.5,none,True,True
122884,1.0,0.0,0.5,none,True,True
122885,1.0,0.0,0.5,none,True,True
122886,1.0,0.0,0.5,none,True,True
122887,1.0,0.0,0.5,none,True,True
122888,1.0,0.0,0.5,none,True,True
122889,1.0,0.0,0.5,none,True,True
122890,1.0,0.0,0.5,none,True,True
122891,1.0,0.0,0.5,none,True,True
122892,1.0,0.0,0.5,none,True,True
122893,1.0,0.0,0.5,none,True,True
122894,1.0,0.0,0.5,none,True,True
122895,1.0,0.0,0.5,none,True,True
122896,1.0,0.0,0.5,none,True,True
122897,1.0,0.0,0.5,none,True,True
122898,1.0,0.0,0.5,none,True,True
122899,1.0,0.0,0.5,none,True,True
122900,1.0,0.0,0.5,none,True,True
122901,1.0,0.0,0.5,none,True,True
122902,1.0,0.0,0.5,none,True,True
122903,1.0,0.0,0.5,none,True,True
122904,1.0,0.0,0.5,none,True,True
122905,1.0,0.0,0.5,none,True,True
122906,1.0,0.0,0.5,none,True,True
122907,1.0,0.0,0.5,none,True,True
122908,1.0,0.0,0.5,none,True,True
122909,1.0,0.0,0.5,none,True,True
122910,1.0,0.0,0.5,none,True,True
122911,1.0,0.0,0.5,none,True,True
122912,1.0,0.0,0.5,none,True,True
122913,1.0,0.0,0.5,none,True,True
122914,1.0,0.0,0.5,none,True,True
122915,1.0,0.0,0.5,none,True,True
122916,1.0,0.0,0.5,none,True,True
122917,1.0,0.0,0.5,none,True,True
122918,1.0,0.0,0.5,none,True,True
122919,1.0,0.0,0.5,none,True,True
122920,1.0,0.0,0.5,none,True,True
122921,1.0,0.0,0.5,none,True,True
122922,1.0,0.0,0.5,none,True,True
122923,1.0,0.0,0.5,none,True,True
122924,1.0,0.0,0.5,none,True,True
122925,1.0,0.0,0.5,none,True,True
122926,1.0,0.0,0.5,none,True,True
122927,1.0,0.0,0.5,none,True,True
122928,1.0,0.0,0.5,none,True,True
122929,1.0,0.0,0.5,none,True,True
122930,1.0,0.0,0.5,none,True,True
122931,1.0,0.0,0.5,none,True,True
122932,1.0,0.0,0.5,none,True,True
122933,1.0,0.0,0.5,none,True,True
122934,1.0,0.0,0.5,none,True,True
122935,1.0,0.0,0.5,none,True,True
122936,1.0,0.0,0.5,none,True,True
122937,1.0,0.0,0.5,none,True,True
122938,1.0,0.0,0.5,none,True,True
122939,1.0,0.0,0.5,none,True,True
122940,1.0,0.0,0.5,none,True,True
122941,1.0,0.0,0.5,none,True,True
122942,1.0,0.0,0.5,none,True,True
122943,1.0,0.0,0.5,none,True,True
122944,1.0,0.0,0.5,none,True,True
122945,1.0,0.0,0.5,none,True,True
122946,1.0,0.0,0.5,none,True,True
122947,1.0,0.0,0.5,none,True,True
122948,1.0,0.0,0.5,none,True,True
122949,1.0,0.0,0.5,none,True,True
122950,1.0,0.0,0.5,none,True,True
122951,1.0,0.0,0.5,none,True,True
122952,1.0,0.0,0.5,none,True,True
122953,1.0,0.0,0.5,none,True,True
122954,1.0,0.0,0.5,none,True,True
122955,1.0,0.0,0.5,none,True,True
122956,1.0,0.0,0.5,none,True,True
122957,1.0,0.0,0.5,none,True,True
122958,1.0,0.0,0.5,none,True,True
122959,1.0,0.0,0.5,none,True,True
122960,1.0,0.0,0.5,none,True,True
122961,1.0,0.0,0.5,none,True,True
122962,1.0,0.0,0.5,none,True,True
122963,1.0,0.0,0.5,none,True,True
122964,1.0,0.0,0.5,none,True,True
122965,1.0,0.0,0.5,none,True,True
122966,1.0,0.0,0.5,none,True,True
122967,1.0,0.0,0.5,none,True,True
122968,1.0,0.0,0.5,none,True,True
122969,1.0,0.0,0.5,none,True,True
122970,1.0,0.0,0.5,none,True,True
122971,1.0,0.0,0.5,none,True,True
122972,1.0,0.0,0.5,none,True,True
122973,1.0,0.0,0.5,none,True,True
122974,1.0,0.0,0.5,none,True,True
122975,1.0,0.0,0.5,none,True,True
122976,1.0,0.0,0.5,none,True,True
122977,1.0,0.0,0.5,none,True,True
122978,1.0,0.0,0.5,none,True,True
122979,1.0,0.0,0.5,none,True,True
122980,1.0,0.0,0.5,none,True,True
122981,1.0,0.0,0.5,none,True,True
122982,1.0,0.0,0.5,none,True,True
122983,1.0,0.0,0.5,none,True,True
122984,1.0,0.0,0.5,none,True,True
122985,1.0,0.0,0.5,none,True,True
122986,1.0,0.0,0.5,none,True,True
122987,1.0,0.0,0.5,none,True,True
122988,1.0,0.0,0.5,none,True,True
122989,1.0,0.0,0.5,none,True,True
122990,1.0,0.0,0.5,none,True,True
122991,1.0,0.0,0.5,none,True,True
122992,1.0,0.0,0.5,none,True,True
122993,1.0,0.0,0.5,none,True,True
122994,1.0,0.0,0.5,none,True,True
122995,1.0,0.0,0.5,none,True,True
122996,1.0,0.0,0.5,none,True,True
122997,1.0,0.0,0.5,none,True,True
122998,1.0,0.0,0.5,none,True,True
122999,1.0,0.0,0.5,none,True,True
123000,1.0,0.0,0.5,none,True,True
123001,1.0,0.0,0.5,none,True,True
123002,1.0,0.0,0.5,none,True,True
123003,1.0,0.0,0.5,none,True,True
123004,1.0,0.0,0.5,none,True,True
123005,1.0,0.0,0.5,none,True,True
123006,1.0,0.0,0.5,none,True,True
123007,1.0,0.0,0.5,none,True,True
123008,1.0,0.0,0.5,none,True,True
123009,1.0,0.0,0.5,none,True,True
123010,1.0,0.0,0.5,none,True,True
123011,1.0,0.0,0.5,none,True,True
123012,1.0,0.0,0.5,none,True,True
123013,1.0,0.0,0.5,none,True,True
123014,1.0,0.0,0.5,none,True,True
123015,1.0,0.0,0.5,none,True,True
123016,1.0,0.0,0.5,none,True,True
123017,1.0,0.0,0.5,none,True,True
123018,1.0,0.0,0.5,none,True,True
123019,1.0,0.0,0.5,none,True,True
123020,1.0,0.0,0.5,none,True,True
123021,1.0,0.0,0.5,none,True,True
123022,1.0,0.0,0.5,none,True,True
123023,1.0,0.0,0.5,none,True,True
123024,1.0,0.0,0.5,none,True,True
123025,1.0,0.0,0.5,none,True,True
123026,1.0,0.0,0.5,none,True,True
123027,1.0,0.0,0.5,none,True,True
123028,1.0,0.0,0.5,none,True,True
123029,1.0,0.0,0.5,none,True,True
123030,1.0,0.0,0.5,none,True,True
123031,1.0,0.0,0.5,none,True,True
123032,1.0,0.0,0.5,none,True,True
123033,1.0,0.0,0.5,none,True,True
123034,1.0,0.0,0.5,none,True,True
123035,1.0,0.0,0.5,none,True,True
123036,1.0,0.0,0.5,none,True,True
123037,1.0,0.0,0.5,none,True,True
123038,1.0,0.0,0.5,none,True,True
123039,1.0,0.0,0.5,none,True,True
123040,1.0,0.0,0.5,none,True,True
123041,1.0,0.0,0.5,none,True,True
123042,1.0,0.0,0.5,none,True,True
123043,1.0,0.0,0.5,none,True,True
123044,1.0,0.0,0.5,none,True,True
123045,1.0,0.0,0.5,none,True,True
123046,1.0,0.0,0.5,none,True,True
123047,1.0,0.0,0.5,none,True,True
123048,1.0,0.0,0.5,none,True,True
123049,1.0,0.0,0.5,none,True,True
123050,1.0,0.0,0.5,none,True,True
123051,1.0,0.0,0.5,none,True,True
123052,1.0,0.0,0.5,none,True,True
123053,1.0,0.0,0.5,none,True,True
123054,1.0,0.0,0.5,none,True,True
123055,1.0,0.0,0.5,none,True,True
123056,1.0,0.0,0.5,none,True,True
123057,1.0,0.0,0.5,none,True,True
123058,1.0,0.0,0.5,none,True,True
123059,1.0,0.0,0.5,none,True,True
123060,1.0,0.0,0.5,none,True,True
123061,1.0,0.0,0.5,none,True,True
123062,1.0,0.0,0.5,none,True,True
123063,1.0,0.0,0.5,none,True,True
123064,1.0,0.0,0.5,none,True,True
123065,1.0,0.0,0.5,none,True,True
123066,1.0,0.0,0.5,none,True,True
123067,1.0,0.0,0.5,none,True,True
123068,1.0,0.0,0.5,none,True,True
123069,1.0,0.0,0.5,none,True,True
123070,1.0,0.0,0.5,none,True,True
123071,1.0,0.0,0.5,none,True,True
123072,1.0,0.0,0.5,none,True,True
123073,1.0,0.0,0.5,none,True,True
123074,1.0,0.0,0.5,none,True,True
123075,1.0,0.0,0.5,none,True,True
123076,1.0,0.0,0.5,none,True,True
123077,1.0,0.0,0.5,none,True,True
123078,1.0,0.0,0.5,none,True,True
123079,1.0,0.0,0.5,none,True,True
123080,1.0,0.0,0.5,none,True,True
123081,1.0,0.0,0.5,none,True,True
123082,1.0,0.0,0.5,none,True,True
123083,1.0,0.0,0.5,none,True,True
123084,1.0,0.0,0.5,none,True,True
123085,1.0,0.0,0.5,none,True,True
123086,1.0,0.0,0.5,none,True,True
123087,1.0,0.0,0.5,none,True,True
123088,1.0,0.0,0.5,none,True,True
123089,1.0,0.0,0.5,none,True,True
123090,1.0,0.0,0.5,none,True,True
123091,1.0,0.0,0.5,none,True,True
123092,1.0,0.0,0.5,none,True,True
123093,1.0,0.0,0.5,none,True,True
123094,1.0,0.0,0.5,none,True,True
123095,1.0,0.0,0.5,none,True,True
123096,1.0,0.0,0.5,none,True,True
123097,1.0,0.0,0.5,none,True,True
123098,1.0,0.0,0.5,none,True,True
123099,1.0,0.0,0.5,none,True,True
123100,1.0,0.0,0.5,none,True,True
123101,1.0,0.0,0.5,none,True,True
123102,1.0,0.0,0.5,none,True,True
123103,1.0,0.0,0.5,none,True,True
123104,1.0,0.0,0.5,none,True,True
123105,1.0,0.0,0.5,none,True,True
123106,1.0,0.0,0.5,none,True,True
123107,1.0,0.0,0.5,none,True,True
123108,1.0,0.0,0.5,none,True,True
123109,1.0,0.0,0.5,none,True,True
123110,1.0,0.0,0.5,none,True,True
123111,1.0,0.0,0.5,none,True,True
123112,1.0,0.0,0.5,none,True,True
123113,1.0,0.0,0.5,none,True,True
123114,1.0,0.0,0.5,none,True,True
123115,1.0,0.0,0.5,none,True,True
123116,1.0,0.0,0.5,none,True,True
123117,1.0,0.0,0.5,none,True,True
123118,1.0,0.0,0.5,none,True,True
123119,1.0,0.0,0.5,none,True,True
123120,1.0,0.0,0.5,none,True,True
123121,1.0,0.0,0.5,none,True,True
123122,1.0,0.0,0.5,none,True,True
123123,1.0,0.0,0.5,none,True,True
123124,1.0,0.0,0.5,none,True,True
123125,1.0,0.0,0.5,none,True,True
123126,1.0,0.0,0.5,none,True,True
123127,1.0,0.0,0.5,none,True,True
123128,1.0,0.0,0.5,none,True,True
123129,1.0,0.0,0.5,none,True,True
123130,1.0,0.0,0.5,none,True,True
123131,1.0,0.0,0.5,none,True,True
123132,1.0,0.0,0.5,none,True,True
123133,1.0,0.0,0.5,none,True,True
123134,1.0,0.0,0.5,none,True,True
123135,1.0,0.0,0.5,none,True,True
123136,1.0,0.0,0.5,none,True,True
123137,1.0,0.0,0.5,none,True,True
123138,1.0,0.0,0.5,none,True,True
123139,1.0,0.0,0.5,none,True,True
123140,1.0,0.0,0.5,none,True,True
123141,1.0,0.0,0.5,none,True,True
123142,1.0,0.0,0.5,none,True,True
123143,1.0,0.0,0.5,none,True,True
123144,1.0,0.0,0.5,none,True,True
123145,1.0,0.0,0.5,none,True,True
123146,1.0,0.0,0.5,none,True,True
123147,1.0,0.0,0.5,none,True,True
123148,1.0,0.0,0.5,none,True,True
123149,1.0,0.0,0.5,none,True,True
123150,1.0,0.0,0.5,none,True,True
123151,1.0,0.0,0.5,none,True,True
123152,1.0,0.0,0.5,none,True,True
123153,1.0,0.0,0.5,none,True,True
123154,1.0,0.0,0.5,none,True,True
123155,1.0,0.0,0.5,none,True,True
123156,1.0,0.0,0.5,none,True,True
123157,1.0,0.0,0.5,none,True,True
123158,1.0,0.0,0.5,none,True,True
123159,1.0,0.0,0.5,none,True,True
123160,1.0,0.0,0.5,none,True,True
123161,1.0,0.0,0.5,none,True,True
123162,1.0,0.0,0.5,none,True,True
123163,1.0,0.0,0.5,none,True,True
123164,1.0,0.0,0.5,none,True,True
123165,1.0,0.0,0.5,none,True,True
123166,1.0,0.0,0.5,none,True,True
123167,1.0,0.0,0.5,none,True,True
123168,1.0,0.0,0.5,none,True,True
123169,1.0,0.0,0.5,none,True,True
123170,1.0,0.0,0.5,none,True,True
123171,1.0,0.0,0.5,none,True,True
123172,1.0,0.0,0.5,none,True,True
123173,1.0,0.0,0.5,none,True,True
123174,1.0,0.0,0.5,none,True,True
123175,1.0,0.0,0.5,none,True,True
123176,1.0,0.0,0.5,none,True,True
123177,1.0,0.0,0.5,none,True,True
123178,1.0,0.0,0.5,none,True,True
123179,1.0,0.0,0.5,none,True,True
123180,1.0,0.0,0.5,none,True,True
123181,1.0,0.0,0.5,none,True,True
123182,1.0,0.0,0.5,none,True,True
123183,1.0,0.0,0.5,none,True,True
123184,1.0,0.0,0.5,none,True,True
123185,1.0,0.0,0.5,none,True,True
123186,1.0,0.0,0.5,none,True,True
123187,1.0,0.0,0.5,none,True,True
123188,1.0,0.0,0.5,none,True,True
123189,1.0,0.0,0.5,none,True,True
123190,1.0,0.0,0.5,none,True,True
123191,1.0,0.0,0.5,none,True,True
123192,1.0,0.0,0.5,none,True,True
123193,1.0,0.0,0.5,none,True,True
123194,1.0,0.0,0.5,none,True,True
123195,1.0,0.0,0.5,none,True,True
123196,1.0,0.0,0.5,none,True,True
123197,1.0,0.0,0.5,none,True,True
123198,1.0,0.0,0.5,none,True,True
123199,1.0,0.0,0.5,none,True,True
123200,1.0,0.0061,0.5,none,True,True
123201,1.0,0.0357,0.5,none,True,True
123202,1.0,0.0812,0.5,none,True,True
123203,1.0,0.1113,0.5,none,True,True
123204,1.0,0.1253,0.5,none,True,True
123205,1.0,0.1408,0.5,none,True,True
123206,1.0,0.0907,0.5,none,True,True
123207,1.0,0.1198,0.5,none,True,True
123208,1.0,0.0467,0.5,none,True,True
123209,1.0,0.0522,0.5,none,True,True
123210,1.0,0.0405,0.5,none,True,True
123211,1.0,0.0313,0.5,none,True,True
123212,1.0,0.0083,0.5,none,True,True
123213,1.0,0.0726,0.5,none,True,True
123214,1.0,0.0793,0.5,none,True,True
123215,1.0,0.0581,0.5,none,True,True
123216,1.0,0.0955,0.5,none,True,True
123217,1.0,0.0839,0.5,none,True,True
123218,1.0,0.0648,0.5,none,True,True
123219,1.0,0.0718,0.5,none,True,True
123220,1.0,0.0589,0.5,none,True,True
123221,1.0,0.0403,0.5,none,True,True
123222,1.0,0.0327,0.5,none,True,True
123223,1.0,0.0277,0.5,none,True,True
123224,1.0,0.017,0.5,none,True,True
123225,1.0,0.0102,0.5,none,True,True
123226,1.0,0.0099,0.5,none,True,True
123227,1.0,0.008,0.5,none,True,True
123228,1.0,0.005,0.5,none,True,True
123229,1.0,0.0063,0.5,none,True,True
123230,1.0,0.009,0.5,none,True,True
123231,1.0,0.0096,0.5,none,True,True
123232,1.0,0.0108,0.5,none,True,True
123233,1.0,0.014,0.5,none,True,True
123234,1.0,0.0161,0.5,none,True,True
123235,1.0,0.0167,0.5,none,True,True
123236,1.0,0.0182,0.5,none,True,True
123237,1.0,0.0196,0.5,none,True,True
123238,1.0,0.0197,0.5,none,True,True
123239,1.0,0.0193,0.5,none,True,True
123240,1.0,0.0193,0.5,none,True,True
123241,1.0,0.0187,0.5,none,True,True
123242,1.0,0.0174,0.5,none,True,True
123243,1.0,0.0163,0.5,none,True,True
123244,1.0,0.0152,0.5,none,True,True
123245,1.0,0.0138,0.5,none,True,True
123246,1.0,0.0123,0.5,none,True,True
123247,1.0,0.0111,0.5,none,True,True
123248,1.0,0.01,0.5,none,True,True
123249,1.0,0.0088,0.5,none,True,True
123250,1.0,0.0078,0.5,none,True,True
123251,1.0,0.0071,0.5,none,True,True
123252,1.0,0.0064,0.5,none,True,True
123253,1.0,0.0057,0.5,none,True,True
123254,1.0,0.0053,0.5,none,True,True
123255,1.0,0.005,0.5,none,True,True
123256,1.0,0.0047,0.5,none,True,True
123257,1.0,0.0045,0.5,none,True,True
123258,1.0,0.0044,0.5,none,True,True
123259,1.0,0.0043,0.5,none,True,True
123260,1.0,0.0042,0.5,none,True,True
123261,1.0,0.0041,0.5,none,True,True
123262,1.0,0.004,0.5,none,True,True
123263,1.0,0.0039,0.5,none,True,True
123264,1.0,0.0038,0.5,none,True,True
123265,1.0,0.0037,0.5,none,True,True
123266,1.0,0.0035,0.5,none,True,True
123267,1.0,0.0033,0.5,none,True,True
123268,1.0,0.0032,0.5,none,True,True
123269,1.0,0.003,0.5,none,True,True
123270,1.0,0.0028,0.5,none,True,True
123271,1.0,0.0026,0.5,none,True,True
123272,1.0,0.0024,0.5,none,True,True
123273,1.0,0.0023,0.5,none,True,True
123274,1.0,0.0021,0.5,none,True,True
123275,1.0,0.0019,0.5,none,True,True
123276,1.0,0.0018,0.5,none,True,True
123277,1.0,0.0017,0.5,none,True,True
123278,1.0,0.0015,0.5,none,True,True
123279,1.0,0.0014,0.5,none,True,True
123280,1.0,0.0013,0.5,none,True,True
123281,1.0,0.0013,0.5,none,True,True
123282,1.0,0.0012,0.5,none,True,True
123283,1.0,0.0011,0.5,none,True,True
123284,1.0,0.0011,0.5,none,True,True
123285,1.0,0.001,0.5,none,True,True
123286,1.0,0.001,0.5,none,True,True
123287,1.0,0.0009,0.5,none,True,True
123288,1.0,0.0009,0.5,none,True,True
123289,1.0,0.0008,0.5,none,True,True
123290,1.0,0.0008,0.5,none,True,True
123291,1.0,0.0008,0.5,none,True,True
123292,1.0,0.0007,0.5,none,True,True
123293,1.0,0.0007,0.5,none,True,True
123294,1.0,0.0006,0.5,none,True,True
123295,1.0,0.0006,0.5,none,True,True
123296,1.0,0.0006,0.5,none,True,True
123297,1.0,0.0005,0.5,none,True,True
123298,1.0,0.0005,0.5,none,True,True
123299,1.0,0.0005,0.5,none,True,True
123300,1.0,0.0004,0.5,none,True,True
123301,1.0,0.0004,0.5,none,True,True
123302,1.0,0.0004,0.5,none,True,True
123303,1.0,0.0004,0.5,none,True,True
123304,1.0,0.0003,0.5,none,True,True
123305,1.0,0.0003,0.5,none,True,True
123306,1.0,0.0003,0.5,none,True,True
123307,1.0,0.0003,0.5,none,True,True
123308,1.0,0.0003,0.5,none,True,True
123309,1.0,0.0003,0.5,none,True,True
123310,1.0,0.0002,0.5,none,True,True
123311,1.0,0.0002,0.5,none,True,True
123312,1.0,0.0002,0.5,none,True,True
123313,1.0,0.0002,0.5,none,True,True
123314,1.0,0.0002,0.5,none,True,True
123315,1.0,0.0002,0.5,none,True,True
123316,1.0,0.0002,0.5,none,True,True
123317,1.0,0.0002,0.5,none,True,True
123318,1.0,0.0002,0.5,none,True,True
123319,1.0,0.0001,0.5,none,True,True
123320,1.0,0.0001,0.5,none,True,True
123321,1.0,0.0001,0.5,none,True,True
123322,1.0,0.0001,0.5,none,True,True
123323,1.0,0.0001,0.5,none,True,True
123324,1.0,0.0001,0.5,none,True,True
123325,1.0,0.0001,0.5,none,True,True
123326,1.0,0.0001,0.5,none,True,True
123327,1.0,0.0001,0.5,none,True,True
123328,1.0,0.0001,0.5,none,True,True
123329,1.0,0.0001,0.5,none,True,True
123330,1.0,0.0001,0.5,none,True,True
123331,1.0,0.0001,0.5,none,True,True
123332,1.0,0.0001,0.5,none,True,True
123333,1.0,0.0001,0.5,none,True,True
123334,1.0,0.0001,0.5,none,True,True
123335,1.0,0.0001,0.5,none,True,True
123336,1.0,0.0001,0.5,none,True,True
123337,1.0,0.0,0.5,none,True,True
123338,1.0,0.0,0.5,none,True,True
123339,1.0,0.0,0.5,none,True,True
123340,1.0,0.0,0.5,none,True,True
123341,1.0,0.0,0.5,none,True,True
123342,1.0,0.0,0.5,none,True,True
123343,1.0,0.0,0.5,none,True,True
123344,1.0,0.0,0.5,none,True,True
123345,1.0,0.0,0.5,none,True,True
123346,1.0,0.0,0.5,none,True,True
123347,1.0,0.0,0.5,none,True,True
123348,1.0,0.0,0.5,none,True,True
123349,1.0,0.0,0.5,none,True,True
123350,1.0,0.0,0.5,none,True,True
123351,1.0,0.0,0.5,none,True,True
123352,1.0,0.0,0.5,none,True,True
123353,1.0,0.0,0.5,none,True,True
123354,1.0,0.0,0.5,none,True,True
123355,1.0,0.0,0.5,none,True,True
123356,1.0,0.0,0.5,none,True,True
123357,1.0,0.0,0.5,none,True,True
123358,1.0,0.0,0.5,none,True,True
123359,1.0,0.0,0.5,none,True,True
123360,1.0,0.0,0.5,none,True,True
123361,1.0,0.0,0.5,none,True,True
123362,1.0,0.0,0.5,none,True,True
123363,1.0,0.0,0.5,none,True,True
123364,1.0,0.0,0.5,none,True,True
123365,1.0,0.0,0.5,none,True,True
123366,1.0,0.0,0.5,none,True,True
123367,1.0,0.0,0.5,none,True,True
123368,1.0,0.0,0.5,none,True,True
123369,1.0,0.0,0.5,none,True,True
123370,1.0,0.0,0.5,none,True,True
123371,1.0,0.0,0.5,none,True,True
123372,1.0,0.0,0.5,none,True,True
123373,1.0,0.0,0.5,none,True,True
123374,1.0,0.0,0.5,none,True,True
123375,1.0,0.0,0.5,none,True,True
123376,1.0,0.0,0.5,none,True,True
123377,1.0,0.0,0.5,none,True,True
123378,1.0,0.0,0.5,none,True,True
123379,1.0,0.0,0.5,none,True,True
123380,1.0,0.0,0.5,none,True,True
123381,1.0,0.0,0.5,none,True,True
123382,1.0,0.0,0.5,none,True,True
123383,1.0,0.0,0.5,none,True,True
123384,1.0,0.0,0.5,none,True,True
123385,1.0,0.0,0.5,none,True,True
123386,1.0,0.0,0.5,none,True,True
123387,1.0,0.0,0.5,none,True,True
123388,1.0,0.0,0.5,none,True,True
123389,1.0,0.0,0.5,none,True,True
123390,1.0,0.0,0.5,none,True,True
123391,1.0,0.0,0.5,none,True,True
123392,1.0,0.0,0.5,none,True,True
123393,1.0,0.0,0.5,none,True,True
123394,1.0,0.0,0.5,none,True,True
123395,1.0,0.0,0.5,none,True,True
123396,1.0,0.0,0.5,none,True,True
123397,1.0,0.0,0.5,none,True,True
123398,1.0,0.0,0.5,none,True,True
123399,1.0,0.0,0.5,none,True,True
123400,1.0,0.0,0.5,none,True,True
123401,1.0,0.0,0.5,none,True,True
123402,1.0,0.0,0.5,none,True,True
123403,1.0,0.0,0.5,none,True,True
123404,1.0,0.0,0.5,none,True,True
123405,1.0,0.0,0.5,none,True,True
123406,1.0,0.0,0.5,none,True,True
123407,1.0,0.0,0.5,none,True,True
123408,1.0,0.0,0.5,none,True,True
123409,1.0,0.0,0.5,none,True,True
123410,1.0,0.0,0.5,none,True,True
123411,1.0,0.0,0.5,none,True,True
123412,1.0,0.0,0.5,none,True,True
123413,1.0,0.0,0.5,none,True,True
123414,1.0,0.0,0.5,none,True,True
123415,1.0,0.0,0.5,none,True,True
123416,1.0,0.0,0.5,none,True,True
123417,1.0,0.0,0.5,none,True,True
123418,1.0,0.0,0.5,none,True,True
123419,1.0,0.0,0.5,none,True,True
123420,1.0,0.0,0.5,none,True,True
123421,1.0,0.0,0.5,none,True,True
123422,1.0,0.0,0.5,none,True,True
123423,1.0,0.0,0.5,none,True,True
123424,1.0,0.0,0.5,none,True,True
123425,1.0,0.0,0.5,none,True,True
123426,1.0,0.0,0.5,none,True,True
123427,1.0,0.0,0.5,none,True,True
123428,1.0,0.0,0.5,none,True,True
123429,1.0,0.0,0.5,none,True,True
123430,1.0,0.0,0.5,none,True,True
123431,1.0,0.0,0.5,none,True,True
123432,1.0,0.0,0.5,none,True,True
123433,1.0,0.0,0.5,none,True,True
123434,1.0,0.0,0.5,none,True,True
123435,1.0,0.0,0.5,none,True,True
123436,1.0,0.0,0.5,none,True,True
123437,1.0,0.0,0.5,none,True,True
123438,1.0,0.0,0.5,none,True,True
123439,1.0,0.0,0.5,none,True,True
123440,1.0,0.0,0.5,none,True,True
123441,1.0,0.0,0.5,none,True,True
123442,1.0,0.0,0.5,none,True,True
123443,1.0,0.0,0.5,none,True,True
123444,1.0,0.0,0.5,none,True,True
123445,1.0,0.0,0.5,none,True,True
123446,1.0,0.0,0.5,none,True,True
123447,1.0,0.0,0.5,none,True,True
123448,1.0,0.0,0.5,none,True,True
123449,1.0,0.0,0.5,none,True,True
123450,1.0,0.0,0.5,none,True,True
123451,1.0,0.0,0.5,none,True,True
123452,1.0,0.0,0.5,none,True,True
123453,1.0,0.0,0.5,none,True,True
123454,1.0,0.0,0.5,none,True,True
123455,1.0,0.0,0.5,none,True,True
123456,1.0,0.0,0.5,none,True,True
123457,1.0,0.0,0.5,none,True,True
123458,1.0,0.0,0.5,none,True,True
123459,1.0,0.0,0.5,none,True,True
123460,1.0,0.0,0.5,none,True,True
123461,1.0,0.0,0.5,none,True,True
123462,1.0,0.0,0.5,none,True,True
123463,1.0,0.0,0.5,none,True,True
123464,1.0,0.0,0.5,none,True,True
123465,1.0,0.0,0.5,none,True,True
123466,1.0,0.0,0.5,none,True,True
123467,1.0,0.0,0.5,none,True,True
123468,1.0,0.0,0.5,none,True,True
123469,1.0,0.0,0.5,none,True,True
123470,1.0,0.0,0.5,none,True,True
123471,1.0,0.0,0.5,none,True,True
123472,1.0,0.0,0.5,none,True,True
123473,1.0,0.0,0.5,none,True,True
123474,1.0,0.0,0.5,none,True,True
123475,1.0,0.0,0.5,none,True,True
123476,1.0,0.0,0.5,none,True,True
123477,1.0,0.0,0.5,none,True,True
123478,1.0,0.0,0.5,none,True,True
123479,1.0,0.0,0.5,none,True,True
123480,1.0,0.0,0.5,none,True,True
123481,1.0,0.0,0.5,none,True,True
123482,1.0,0.0,0.5,none,True,True
123483,1.0,0.0,0.5,none,True,True
123484,1.0,0.0,0.5,none,True,True
123485,1.0,0.0,0.5,none,True,True
123486,1.0,0.0,0.5,none,True,True
123487,1.0,0.0,0.5,none,True,True
123488,1.0,0.0,0.5,none,True,True
123489,1.0,0.0,0.5,none,True,True
123490,1.0,0.0,0.5,none,True,True
123491,1.0,0.0,0.5,none,True,True
123492,1.0,0.0,0.5,none,True,True
123493,1.0,0.0,0.5,none,True,True
123494,1.0,0.0,0.5,none,True,True
123495,1.0,0.0,0.5,none,True,True
123496,1.0,0.0,0.5,none,True,True
123497,1.0,0.0,0.5,none,True,True
123498,1.0,0.0,0.5,none,True,True
123499,1.0,0.0,0.5,none,True,True
123500,1.0,0.0,0.5,none,True,True
123501,1.0,0.0,0.5,none,True,True
123502,1.0,0.0,0.5,none,True,True
123503,1.0,0.0,0.5,none,True,True
123504,1.0,0.0,0.5,none,True,True
123505,1.0,0.0,0.5,none,True,True
123506,1.0,0.0,0.5,none,True,True
123507,1.0,0.0,0.5,none,True,True
123508,1.0,0.0,0.5,none,True,True
123509,1.0,0.0,0.5,none,True,True
123510,1.0,0.0,0.5,none,True,True
123511,1.0,0.0,0.5,none,True,True
123512,1.0,0.0,0.5,none,True,True
123513,1.0,0.0,0.5,none,True,True
123514,1.0,0.0,0.5,none,True,True
123515,1.0,0.0,0.5,none,True,True
123516,1.0,0.0,0.5,none,True,True
123517,1.0,0.0,0.5,none,True,True
123518,1.0,0.0,0.5,none,True,True
123519,1.0,0.0,0.5,none,True,True
123520,1.0,0.0,0.5,none,True,True
123521,1.0,0.0,0.5,none,True,True
123522,1.0,0.0,0.5,none,True,True
123523,1.0,0.0,0.5,none,True,True
123524,1.0,0.0,0.5,none,True,True
123525,1.0,0.0,0.5,none,True,True
123526,1.0,0.0,0.5,none,True,True
123527,1.0,0.0,0.5,none,True,True
123528,1.0,0.0,0.5,none,True,True
123529,1.0,0.0,0.5,none,True,True
123530,1.0,0.0,0.5,none,True,True
123531,1.0,0.0,0.5,none,True,True
123532,1.0,0.0,0.5,none,True,True
123533,1.0,0.0,0.5,none,True,True
123534,1.0,0.0,0.5,none,True,True
123535,1.0,0.0,0.5,none,True,True
123536,1.0,0.0,0.5,none,True,True
123537,1.0,0.0,0.5,none,True,True
123538,1.0,0.0,0.5,none,True,True
123539,1.0,0.0,0.5,none,True,True
123540,1.0,0.0,0.5,none,True,True
123541,1.0,0.0,0.5,none,True,True
123542,1.0,0.0,0.5,none,True,True
123543,1.0,0.0,0.5,none,True,True
123544,1.0,0.0,0.5,none,True,True
123545,1.0,0.0,0.5,none,True,True
123546,1.0,0.0,0.5,none,True,True
123547,1.0,0.0,0.5,none,True,True
123548,1.0,0.0,0.5,none,True,True
123549,1.0,0.0,0.5,none,True,True
123550,1.0,0.0,0.5,none,True,True
123551,1.0,0.0,0.5,none,True,True
123552,1.0,0.0,0.5,none,True,True
123553,1.0,0.0,0.5,none,True,True
123554,1.0,0.0,0.5,none,True,True
123555,1.0,0.0,0.5,none,True,True
123556,1.0,0.0,0.5,none,True,True
123557,1.0,0.0,0.5,none,True,True
123558,1.0,0.0,0.5,none,True,True
123559,1.0,0.0,0.5,none,True,True
123560,1.0,0.0,0.5,none,True,True
123561,1.0,0.0,0.5,none,True,True
123562,1.0,0.0,0.5,none,True,True
123563,1.0,0.0,0.5,none,True,True
123564,1.0,0.0,0.5,none,True,True
123565,1.0,0.0,0.5,none,True,True
123566,1.0,0.0,0.5,none,True,True
123567,1.0,0.0,0.5,none,True,True
123568,1.0,0.0,0.5,none,True,True
123569,1.0,0.0,0.5,none,True,True
123570,1.0,0.0,0.5,none,True,True
123571,1.0,0.0,0.5,none,True,True
123572,1.0,0.0,0.5,none,True,True
123573,1.0,0.0,0.5,none,True,True
123574,1.0,0.0,0.5,none,True,True
123575,1.0,0.0,0.5,none,True,True
123576,1.0,0.0,0.5,none,True,True
123577,1.0,0.0,0.5,none,True,True
123578,1.0,0.0,0.5,none,True,True
123579,1.0,0.0,0.5,none,True,True
123580,1.0,0.0,0.5,none,True,True
123581,1.0,0.0,0.5,none,True,True
123582,1.0,0.0,0.5,none,True,True
123583,1.0,0.0,0.5,none,True,True
123584,1.0,0.0,0.5,none,True,True
123585,1.0,0.0,0.5,none,True,True
123586,1.0,0.0,0.5,none,True,True
123587,1.0,0.0,0.5,none,True,True
123588,1.0,0.0,0.5,none,True,True
123589,1.0,0.0,0.5,none,True,True
123590,1.0,0.0,0.5,none,True,True
123591,1.0,0.0,0.5,none,True,True
123592,1.0,0.0,0.5,none,True,True
123593,1.0,0.0,0.5,none,True,True
123594,1.0,0.0,0.5,none,True,True
123595,1.0,0.0,0.5,none,True,True
123596,1.0,0.0,0.5,none,True,True
123597,1.0,0.0,0.5,none,True,True
123598,1.0,0.0,0.5,none,True,True
123599,1.0,0.0,0.5,none,True,True
123600,1.0,0.0,0.5,none,True,True
123601,1.0,0.0,0.5,none,True,True
123602,1.0,0.0,0.5,none,True,True
123603,1.0,0.0,0.5,none,True,True
123604,1.0,0.0,0.5,none,True,True
123605,1.0,0.0,0.5,none,True,True
123606,1.0,0.0,0.5,none,True,True
123607,1.0,0.0,0.5,none,True,True
123608,1.0,0.0,0.5,none,True,True
123609,1.0,0.0,0.5,none,True,True
123610,1.0,0.0,0.5,none,True,True
123611,1.0,0.0,0.5,none,True,True
123612,1.0,0.0,0.5,none,True,True
123613,1.0,0.0,0.5,none,True,True
123614,1.0,0.0,0.5,none,True,True
123615,1.0,0.0,0.5,none,True,True
123616,1.0,0.0,0.5,none,True,True
123617,1.0,0.0,0.5,none,True,True
123618,1.0,0.0,0.5,none,True,True
123619,1.0,0.0,0.5,none,True,True
123620,1.0,0.0,0.5,none,True,True
123621,1.0,0.0,0.5,none,True,True
123622,1.0,0.0,0.5,none,True,True
123623,1.0,0.0,0.5,none,True,True
123624,1.0,0.0,0.5,none,True,True
123625,1.0,0.0,0.5,none,True,True
123626,1.0,0.0,0.5,none,True,True
123627,1.0,0.0,0.5,none,True,True
123628,1.0,0.0,0.5,none,True,True
123629,1.0,0.0,0.5,none,True,True
123630,1.0,0.0,0.5,none,True,True
123631,1.0,0.0,0.5,none,True,True
123632,1.0,0.0,0.5,none,True,True
123633,1.0,0.0,0.5,none,True,True
123634,1.0,0.0,0.5,none,True,True
123635,1.0,0.0,0.5,none,True,True
123636,1.0,0.0,0.5,none,True,True
123637,1.0,0.0,0.5,none,True,True
123638,1.0,0.0,0.5,none,True,True
123639,1.0,0.0,0.5,none,True,True
123640,1.0,0.0,0.5,none,True,True
123641,1.0,0.0,0.5,none,True,True
123642,1.0,0.0,0.5,none,True,True
123643,1.0,0.0,0.5,none,True,True
123644,1.0,0.0,0.5,none,True,True
123645,1.0,0.0,0.5,none,True,True
123646,1.0,0.0,0.5,none,True,True
123647,1.0,0.0,0.5,none,True,True
123648,1.0,0.0,0.5,none,True,True
123649,1.0,0.0,0.5,none,True,True
123650,1.0,0.0,0.5,none,True,True
123651,1.0,0.0,0.5,none,True,True
123652,1.0,0.0,0.5,none,True,True
123653,1.0,0.0,0.5,none,True,True
123654,1.0,0.0,0.5,none,True,True
123655,1.0,0.0,0.5,none,True,True
123656,1.0,0.0,0.5,none,True,True
123657,1.0,0.0,0.5,none,True,True
123658,1.0,0.0,0.5,none,True,True
123659,1.0,0.0,0.5,none,True,True
123660,1.0,0.0,0.5,none,True,True
123661,1.0,0.0,0.5,none,True,True
123662,1.0,0.0,0.5,none,True,True
123663,1.0,0.0,0.5,none,True,True
123664,1.0,0.0,0.5,none,True,True
123665,1.0,0.0,0.5,none,True,True
123666,1.0,0.0,0.5,none,True,True
123667,1.0,0.0,0.5,none,True,True
123668,1.0,0.0,0.5,none,True,True
123669,1.0,0.0,0.5,none,True,True
123670,1.0,0.0,0.5,none,True,True
123671,1.0,0.0,0.5,none,True,True
123672,1.0,0.0,0.5,none,True,True
123673,1.0,0.0,0.5,none,True,True
123674,1.0,0.0,0.5,none,True,True
123675,1.0,0.0,0.5,none,True,True
123676,1.0,0.0,0.5,none,True,True
123677,1.0,0.0,0.5,none,True,True
123678,1.0,0.0,0.5,none,True,True
123679,1.0,0.0,0.5,none,True,True
123680,1.0,0.0,0.5,none,True,True
123681,1.0,0.0,0.5,none,True,True
123682,1.0,0.0,0.5,none,True,True
123683,1.0,0.0,0.5,none,True,True
123684,1.0,0.0,0.5,none,True,True
123685,1.0,0.0,0.5,none,True,True
123686,1.0,0.0,0.5,none,True,True
123687,1.0,0.0,0.5,none,True,True
123688,1.0,0.0,0.5,none,True,True
123689,1.0,0.0,0.5,none,True,True
123690,1.0,0.0,0.5,none,True,True
123691,1.0,0.0,0.5,none,True,True
123692,1.0,0.0,0.5,none,True,True
123693,1.0,0.0,0.5,none,True,True
123694,1.0,0.0,0.5,none,True,True
123695,1.0,0.0,0.5,none,True,True
123696,1.0,0.0,0.5,none,True,True
123697,1.0,0.0,0.5,none,True,True
123698,1.0,0.0,0.5,none,True,True
123699,1.0,0.0,0.5,none,True,True
123700,1.0,0.0,0.5,none,True,True
123701,1.0,0.0,0.5,none,True,True
123702,1.0,0.0,0.5,none,True,True
123703,1.0,0.0,0.5,none,True,True
123704,1.0,0.0,0.5,none,True,True
123705,1.0,0.0,0.5,none,True,True
123706,1.0,0.0,0.5,none,True,True
123707,1.0,0.0,0.5,none,True,True
123708,1.0,0.0,0.5,none,True,True
123709,1.0,0.0,0.5,none,True,True
123710,1.0,0.0,0.5,none,True,True
123711,1.0,0.0,0.5,none,True,True
123712,1.0,0.0,0.5,none,True,True
123713,1.0,0.0,0.5,none,True,True
123714,1.0,0.0,0.5,none,True,True
123715,1.0,0.0,0.5,none,True,True
123716,1.0,0.0,0.5,none,True,True
123717,1.0,0.0,0.5,none,True,True
123718,1.0,0.0,0.5,none,True,True
123719,1.0,0.0,0.5,none,True,True
123720,1.0,0.0,0.5,none,True,True
123721,1.0,0.0,0.5,none,True,True
123722,1.0,0.0,0.5,none,True,True
123723,1.0,0.0,0.5,none,True,True
123724,1.0,0.0,0.5,none,True,True
123725,1.0,0.0,0.5,none,True,True
123726,1.0,0.0,0.5,none,True,True
123727,1.0,0.0,0.5,none,True,True
123728,1.0,0.0,0.5,none,True,True
123729,1.0,0.0,0.5,none,True,True
123730,1.0,0.0,0.5,none,True,True
123731,1.0,0.0,0.5,none,True,True
123732,1.0,0.0,0.5,none,True,True
123733,1.0,0.0,0.5,none,True,True
123734,1.0,0.0,0.5,none,True,True
123735,1.0,0.0,0.5,none,True,True
123736,1.0,0.0,0.5,none,True,True
123737,1.0,0.0,0.5,none,True,True
123738,1.0,0.0,0.5,none,True,True
123739,1.0,0.0,0.5,none,True,True
123740,1.0,0.0,0.5,none,True,True
123741,1.0,0.0,0.5,none,True,True
123742,1.0,0.0,0.5,none,True,True
123743,1.0,0.0,0.5,none,True,True
123744,1.0,0.0,0.5,none,True,True
123745,1.0,0.0,0.5,none,True,True
123746,1.0,0.0,0.5,none,True,True
123747,1.0,0.0,0.5,none,True,True
123748,1.0,0.0,0.5,none,True,True
123749,1.0,0.0,0.5,none,True,True
123750,1.0,0.0,0.5,none,True,True
123751,1.0,0.0,0.5,none,True,True
123752,1.0,0.0,0.5,none,True,True
123753,1.0,0.0,0.5,none,True,True
123754,1.0,0.0,0.5,none,True,True
123755,1.0,0.0,0.5,none,True,True
123756,1.0,0.0,0.5,none,True,True
123757,1.0,0.0,0.5,none,True,True
123758,1.0,0.0,0.5,none,True,True
123759,1.0,0.0,0.5,none,True,True
123760,1.0,0.0,0.5,none,True,True
123761,1.0,0.0,0.5,none,True,True
123762,1.0,0.0,0.5,none,True,True
123763,1.0,0.0,0.5,none,True,True
123764,1.0,0.0,0.5,none,True,True
123765,1.0,0.0,0.5,none,True,True
123766,1.0,0.0,0.5,none,True,True
123767,1.0,0.0,0.5,none,True,True
123768,1.0,0.0,0.5,none,True,True
123769,1.0,0.0,0.5,none,True,True
123770,1.0,0.0,0.5,none,True,True
123771,1.0,0.0,0.5,none,True,True
123772,1.0,0.0,0.5,none,True,True
123773,1.0,0.0,0.5,none,True,True
123774,1.0,0.0,0.5,none,True,True
123775,1.0,0.0,0.5,none,True,True
123776,1.0,0.0,0.5,none,True,True
123777,1.0,0.0,0.5,none,True,True
123778,1.0,0.0,0.5,none,True,True
123779,1.0,0.0,0.5,none,True,True
123780,1.0,0.0,0.5,none,True,True
123781,1.0,0.0,0.5,none,True,True
123782,1.0,0.0,0.5,none,True,True
123783,1.0,0.0,0.5,none,True,True
123784,1.0,0.0,0.5,none,True,True
123785,1.0,0.0,0.5,none,True,True
123786,1.0,0.0,0.5,none,True,True
123787,1.0,0.0,0.5,none,True,True
123788,1.0,0.0,0.5,none,True,True
123789,1.0,0.0,0.5,none,True,True
123790,1.0,0.0,0.5,none,True,True
123791,1.0,0.0,0.5,none,True,True
123792,1.0,0.0,0.5,none,True,True
123793,1.0,0.0,0.5,none,True,True
123794,1.0,0.0,0.5,none,True,True
123795,1.0,0.0,0.5,none,True,True
123796,1.0,0.0,0.5,none,True,True
123797,1.0,0.0,0.5,none,True,True
123798,1.0,0.0,0.5,none,True,True
123799,1.0,0.0,0.5,none,True,True
123800,1.0,0.0,0.5,none,True,True
123801,1.0,0.0,0.5,none,True,True
123802,1.0,0.0,0.5,none,True,True
123803,1.0,0.0,0.5,none,True,True
123804,1.0,0.0,0.5,none,True,True
123805,1.0,0.0,0.5,none,True,True
123806,1.0,0.0,0.5,none,True,True
123807,1.0,0.0,0.5,none,True,True
123808,1.0,0.0,0.5,none,True,True
123809,1.0,0.0,0.5,none,True,True
123810,1.0,0.0,0.5,none,True,True
123811,1.0,0.0,0.5,none,True,True
123812,1.0,0.0,0.5,none,True,True
123813,1.0,0.0,0.5,none,True,True
123814,1.0,0.0,0.5,none,True,True
123815,1.0,0.0,0.5,none,True,True
123816,1.0,0.0,0.5,none,True,True
123817,1.0,0.0,0.5,none,True,True
123818,1.0,0.0,0.5,none,True,True
123819,1.0,0.0,0.5,none,True,True
123820,1.0,0.0,0.5,none,True,True
123821,1.0,0.0,0.5,none,True,True
123822,1.0,0.0,0.5,none,True,True
123823,1.0,0.0,0.5,none,True,True
123824,1.0,0.0,0.5,none,True,True
123825,1.0,0.0,0.5,none,True,True
123826,1.0,0.0,0.5,none,True,True
123827,1.0,0.0,0.5,none,True,True
123828,1.0,0.0,0.5,none,True,True
123829,1.0,0.0,0.5,none,True,True
123830,1.0,0.0,0.5,none,True,True
123831,1.0,0.0,0.5,none,True,True
123832,1.0,0.0,0.5,none,True,True
123833,1.0,0.0,0.5,none,True,True
123834,1.0,0.0,0.5,none,True,True
123835,1.0,0.0,0.5,none,True,True
123836,1.0,0.0,0.5,none,True,True
123837,1.0,0.0,0.5,none,True,True
123838,1.0,0.0,0.5,none,True,True
123839,1.0,0.0,0.5,none,True,True
123840,1.0,0.0,0.5,none,True,True
123841,1.0,0.0,0.5,none,True,True
123842,1.0,0.0,0.5,none,True,True
123843,1.0,0.0,0.5,none,True,True
123844,1.0,0.0,0.5,none,True,True
123845,1.0,0.0,0.5,none,True,True
123846,1.0,0.0,0.5,none,True,True
123847,1.0,0.0,0.5,none,True,True
123848,1.0,0.0,0.5,none,True,True
123849,1.0,0.0,0.5,none,True,True
123850,1.0,0.0,0.5,none,True,True
123851,1.0,0.0,0.5,none,True,True
123852,1.0,0.0,0.5,none,True,True
123853,1.0,0.0,0.5,none,True,True
123854,1.0,0.0,0.5,none,True,True
123855,1.0,0.0,0.5,none,True,True
123856,1.0,0.0,0.5,none,True,True
123857,1.0,0.0,0.5,none,True,True
123858,1.0,0.0,0.5,none,True,True
123859,1.0,0.0,0.5,none,True,True
123860,1.0,0.0,0.5,none,True,True
123861,1.0,0.0,0.5,none,True,True
123862,1.0,0.0,0.5,none,True,True
123863,1.0,0.0,0.5,none,True,True
123864,1.0,0.0,0.5,none,True,True
123865,1.0,0.0,0.5,none,True,True
123866,1.0,0.0,0.5,none,True,True
123867,1.0,0.0,0.5,none,True,True
123868,1.0,0.0,0.5,none,True,True
123869,1.0,0.0,0.5,none,True,True
123870,1.0,0.0,0.5,none,True,True
123871,1.0,0.0,0.5,none,True,True
123872,1.0,0.0,0.5,none,True,True
123873,1.0,0.0,0.5,none,True,True
123874,1.0,0.0,0.5,none,True,True
123875,1.0,0.0,0.5,none,True,True
123876,1.0,0.0,0.5,none,True,True
123877,1.0,0.0,0.5,none,True,True
123878,1.0,0.0,0.5,none,True,True
123879,1.0,0.0,0.5,none,True,True
123880,1.0,0.0,0.5,none,True,True
123881,1.0,0.0,0.5,none,True,True
123882,1.0,0.0,0.5,none,True,True
123883,1.0,0.0,0.5,none,True,True
123884,1.0,0.0,0.5,none,True,True
123885,1.0,0.0,0.5,none,True,True
123886,1.0,0.0,0.5,none,True,True
123887,1.0,0.0,0.5,none,True,True
123888,1.0,0.0,0.5,none,True,True
123889,1.0,0.0,0.5,none,True,True
123890,1.0,0.0,0.5,none,True,True
123891,1.0,0.0,0.5,none,True,True
123892,1.0,0.0,0.5,none,True,True
123893,1.0,0.0,0.5,none,True,True
123894,1.0,0.0,0.5,none,True,True
123895,1.0,0.0,0.5,none,True,True
123896,1.0,0.0,0.5,none,True,True
123897,1.0,0.0,0.5,none,True,True
123898,1.0,0.0,0.5,none,True,True
123899,1.0,0.0,0.5,none,True,True
123900,1.0,0.0061,0.5,none,True,True
123901,1.0,0.0357,0.5,none,True,True
123902,1.0,0.0812,0.5,none,True,True
123903,1.0,0.1113,0.5,none,True,True
123904,1.0,0.1253,0.5,none,True,True
123905,1.0,0.1408,0.5,none,True,True
123906,1.0,0.0907,0.5,none,True,True
123907,1.0,0.1198,0.5,none,True,True
123908,1.0,0.0467,0.5,none,True,True
123909,1.0,0.0522,0.5,none,True,True
123910,1.0,0.0405,0.5,none,True,True
123911,1.0,0.0313,0.5,none,True,True
123912,1.0,0.0083,0.5,none,True,True
123913,1.0,0.0726,0.5,none,True,True
123914,1.0,0.0793,0.5,none,True,True
123915,1.0,0.0581,0.5,none,True,True
123916,1.0,0.0955,0.5,none,True,True
123917,1.0,0.0839,0.5,none,True,True
123918,1.0,0.0648,0.5,none,True,True
123919,1.0,0.0718,0.5,none,True,True
123920,1.0,0.0589,0.5,none,True,True
123921,1.0,0.0403,0.5,none,True,True
123922,1.0,0.0327,0.5,none,True,True
123923,1.0,0.0277,0.5,none,True,True
123924,1.0,0.017,0.5,none,True,True
123925,1.0,0.0102,0.5,none,True,True
123926,1.0,0.0099,0.5,none,True,True
123927,1.0,0.008,0.5,none,True,True
123928,1.0,0.005,0.5,none,True,True
123929,1.0,0.0063,0.5,none,True,True
123930,1.0,0.009,0.5,none,True,True
123931,1.0,0.0096,0.5,none,True,True
123932,1.0,0.0108,0.5,none,True,True
123933,1.0,0.014,0.5,none,True,True
123934,1.0,0.0161,0.5,none,True,True
123935,1.0,0.0167,0.5,none,True,True
123936,1.0,0.0182,0.5,none,True,True
123937,1.0,0.0196,0.5,none,True,True
123938,1.0,0.0197,0.5,none,True,True
123939,1.0,0.0193,0.5,none,True,True
123940,1.0,0.0193,0.5,none,True,True
123941,1.0,0.0187,0.5,none,True,True
123942,1.0,0.0174,0.5,none,True,True
123943,1.0,0.0163,0.5,none,True,True
123944,1.0,0.0152,0.5,none,True,True
123945,1.0,0.0138,0.5,none,True,True
123946,1.0,0.0123,0.5,none,True,True
123947,1.0,0.0111,0.5,none,True,True
123948,1.0,0.01,0.5,none,True,True
123949,1.0,0.0088,0.5,none,True,True
123950,1.0,0.0078,0.5,none,True,True
123951,1.0,0.0071,0.5,none,True,True
123952,1.0,0.0064,0.5,none,True,True
123953,1.0,0.0057,0.5,none,True,True
123954,1.0,0.0053,0.5,none,True,True
123955,1.0,0.005,0.5,none,True,True
123956,1.0,0.0047,0.5,none,True,True
123957,1.0,0.0045,0.5,none,True,True
123958,1.0,0.0044,0.5,none,True,True
123959,1.0,0.0043,0.5,none,True,True
123960,1.0,0.0042,0.5,none,True,True
123961,1.0,0.0041,0.5,none,True,True
123962,1.0,0.004,0.5,none,True,True
123963,1.0,0.0039,0.5,none,True,True
123964,1.0,0.0038,0.5,none,True,True
123965,1.0,0.0037,0.5,none,True,True
123966,1.0,0.0035,0.5,none,True,True
123967,1.0,0.0033,0.5,none,True,True
123968,1.0,0.0032,0.5,none,True,True
123969,1.0,0.003,0.5,none,True,True
123970,1.0,0.0028,0.5,none,True,True
123971,1.0,0.0026,0.5,none,True,True
123972,1.0,0.0024,0.5,none,True,True
123973,1.0,0.0023,0.5,none,True,True
123974,1.0,0.0021,0.5,none,True,True
123975,1.0,0.0019,0.5,none,True,True
123976,1.0,0.0018,0.5,none,True,True
123977,1.0,0.0017,0.5,none,True,True
123978,1.0,0.0015,0.5,none,True,True
123979,1.0,0.0014,0.5,none,True,True
123980,1.0,0.0013,0.5,none,True,True
123981,1.0,0.0013,0.5,none,True,True
123982,1.0,0.0012,0.5,none,True,True
123983,1.0,0.0011,0.5,none,True,True
123984,1.0,0.0011,0.5,none,True,True
123985,1.0,0.001,0.5,none,True,True
123986,1.0,0.001,0.5,none,True,True
123987,1.0,0.0009,0.5,none,True,True
123988,1.0,0.0009,0.5,none,True,True
123989,1.0,0.0008,0.5,none,True,True
123990,1.0,0.0008,0.5,none,True,True
123991,1.0,0.0008,0.5,none,True,True
123992,1.0,0.0007,0.5,none,True,True
123993,1.0,0.0007,0.5,none,True,True
123994,1.0,0.0006,0.5,none,True,True
123995,1.0,0.0006,0.5,none,True,True
123996,1.0,0.0006,0.5,none,True,True
123997,1.0,0.0005,0.5,none,True,True
123998,1.0,0.0005,0.5,none,True,True
123999,1.0,0.0005,0.5,none,True,True
124000,1.0,0.0004,0.5,none,True,True
124001,1.0,0.0004,0.5,none,True,True
124002,1.0,0.0004,0.5,none,True,True
124003,1.0,0.0004,0.5,none,True,True
124004,1.0,0.0003,0.5,none,True,True
124005,1.0,0.0003,0.5,none,True,True
124006,1.0,0.0003,0.5,none,True,True
124007,1.0,0.0003,0.5,none,True,True
124008,1.0,0.0003,0.5,none,True,True
124009,1.0,0.0003,0.5,none,True,True
124010,1.0,0.0002,0.5,none,True,True
124011,1.0,0.0002,0.5,none,True,True
124012,1.0,0.0002,0.5,none,True,True
124013,1.0,0.0002,0.5,none,True,True
124014,1.0,0.0002,0.5,none,True,True
124015,1.0,0.0002,0.5,none,True,True
124016,1.0,0.0002,0.5,none,True,True
124017,1.0,0.0002,0.5,none,True,True
124018,1.0,0.0002,0.5,none,True,True
124019,1.0,0.0001,0.5,none,True,True
124020,1.0,0.0001,0.5,none,True,True
124021,1.0,0.0001,0.5,none,True,True
124022,1.0,0.0001,0.5,none,True,True
124023,1.0,0.0001,0.5,none,True,True
124024,1.0,0.0001,0.5,none,True,True
124025,1.0,0.0001,0.5,none,True,True
124026,1.0,0.0001,0.5,none,True,True
124027,1.0,0.0001,0.5,none,True,True
124028,1.0,0.0001,0.5,none,True,True
124029,1.0,0.0001,0.5,none,True,True
124030,1.0,0.0001,0.5,none,True,True
124031,1.0,0.0001,0.5,none,True,True
124032,1.0,0.0001,0.5,none,True,True
124033,1.0,0.0001,0.5,none,True,True
124034,1.0,0.0001,0.5,none,True,True
124035,1.0,0.0001,0.5,none,True,True
124036,1.0,0.0001,0.5,none,True,True
124037,1.0,0.0,0.5,none,True,True
124038,1.0,0.0,0.5,none,True,True
124039,1.0,0.0,0.5,none,True,True
124040,1.0,0.0,0.5,none,True,True
124041,1.0,0.0,0.5,none,True,True
124042,1.0,0.0,0.5,none,True,True
124043,1.0,0.0,0.5,none,True,True
124044,1.0,0.0,0.5,none,True,True
124045,1.0,0.0,0.5,none,True,True
124046,1.0,0.0,0.5,none,True,True
124047,1.0,0.0,0.5,none,True,True
124048,1.0,0.0,0.5,none,True,True
124049,1.0,0.0,0.5,none,True,True
124050,1.0,0.0,0.5,none,True,True
124051,1.0,0.0,0.5,none,True,True
124052,1.0,0.0,0.5,none,True,True
124053,1.0,0.0,0.5,none,True,True
124054,1.0,0.0,0.5,none,True,True
124055,1.0,0.0,0.5,none,True,True
124056,1.0,0.0,0.5,none,True,True
124057,1.0,0.0,0.5,none,True,True
124058,1.0,0.0,0.5,none,True,True
124059,1.0,0.0,0.5,none,True,True
124060,1.0,0.0,0.5,none,True,True
124061,1.0,0.0,0.5,none,True,True
124062,1.0,0.0,0.5,none,True,True
124063,1.0,0.0,0.5,none,True,True
124064,1.0,0.0,0.5,none,True,True
124065,1.0,0.0,0.5,none,True,True
124066,1.0,0.0,0.5,none,True,True
124067,1.0,0.0,0.5,none,True,True
124068,1.0,0.0,0.5,none,True,True
124069,1.0,0.0,0.5,none,True,True
124070,1.0,0.0,0.5,none,True,True
124071,1.0,0.0,0.5,none,True,True
124072,1.0,0.0,0.5,none,True,True
124073,1.0,0.0,0.5,none,True,True
124074,1.0,0.0,0.5,none,True,True
124075,1.0,0.0,0.5,none,True,True
124076,1.0,0.0,0.5,none,True,True
124077,1.0,0.0,0.5,none,True,True
124078,1.0,0.0,0.5,none,True,True
124079,1.0,0.0,0.5,none,True,True
124080,1.0,0.0,0.5,none,True,True
124081,1.0,0.0,0.5,none,True,True
124082,1.0,0.0,0.5,none,True,True
124083,1.0,0.0,0.5,none,True,True
124084,1.0,0.0,0.5,none,True,True
124085,1.0,0.0,0.5,none,True,True
124086,1.0,0.0,0.5,none,True,True
124087,1.0,0.0,0.5,none,True,True
124088,1.0,0.0,0.5,none,True,True
124089,1.0,0.0,0.5,none,True,True
124090,1.0,0.0,0.5,none,True,True
124091,1.0,0.0,0.5,none,True,True
124092,1.0,0.0,0.5,none,True,True
124093,1.0,0.0,0.5,none,True,True
124094,1.0,0.0,0.5,none,True,True
124095,1.0,0.0,0.5,none,True,True
124096,1.0,0.0,0.5,none,True,True
124097,1.0,0.0,0.5,none,True,True
124098,1.0,0.0,0.5,none,True,True
124099,1.0,0.0,0.5,none,True,True
124100,1.0,0.0,0.5,none,True,True
124101,1.0,0.0,0.5,none,True,True
124102,1.0,0.0,0.5,none,True,True
124103,1.0,0.0,0.5,none,True,True
124104,1.0,0.0,0.5,none,True,True
124105,1.0,0.0,0.5,none,True,True
124106,1.0,0.0,0.5,none,True,True
124107,1.0,0.0,0.5,none,True,True
124108,1.0,0.0,0.5,none,True,True
124109,1.0,0.0,0.5,none,True,True
124110,1.0,0.0,0.5,none,True,True
124111,1.0,0.0,0.5,none,True,True
124112,1.0,0.0,0.5,none,True,True
124113,1.0,0.0,0.5,none,True,True
124114,1.0,0.0,0.5,none,True,True
124115,1.0,0.0,0.5,none,True,True
124116,1.0,0.0,0.5,none,True,True
124117,1.0,0.0,0.5,none,True,True
124118,1.0,0.0,0.5,none,True,True
124119,1.0,0.0,0.5,none,True,True
124120,1.0,0.0,0.5,none,True,True
124121,1.0,0.0,0.5,none,True,True
124122,1.0,0.0,0.5,none,True,True
124123,1.0,0.0,0.5,none,True,True
124124,1.0,0.0,0.5,none,True,True
124125,1.0,0.0,0.5,none,True,True
124126,1.0,0.0,0.5,none,True,True
124127,1.0,0.0,0.5,none,True,True
124128,1.0,0.0,0.5,none,True,True
124129,1.0,0.0,0.5,none,True,True
124130,1.0,0.0,0.5,none,True,True
124131,1.0,0.0,0.5,none,True,True
124132,1.0,0.0,0.5,none,True,True
124133,1.0,0.0,0.5,none,True,True
124134,1.0,0.0,0.5,none,True,True
124135,1.0,0.0,0.5,none,True,True
124136,1.0,0.0,0.5,none,True,True
124137,1.0,0.0,0.5,none,True,True
124138,1.0,0.0,0.5,none,True,True
124139,1.0,0.0,0.5,none,True,True
124140,1.0,0.0,0.5,none,True,True
124141,1.0,0.0,0.5,none,True,True
124142,1.0,0.0,0.5,none,True,True
124143,1.0,0.0,0.5,none,True,True
124144,1.0,0.0,0.5,none,True,True
124145,1.0,0.0,0.5,none,True,True
124146,1.0,0.0,0.5,none,True,True
124147,1.0,0.0,0.5,none,True,True
124148,1.0,0.0,0.5,none,True,True
124149,1.0,0.0,0.5,none,True,True
124150,1.0,0.0,0.5,none,True,True
124151,1.0,0.0,0.5,none,True,True
124152,1.0,0.0,0.5,none,True,True
124153,1.0,0.0,0.5,none,True,True
124154,1.0,0.0,0.5,none,True,True
124155,1.0,0.0,0.5,none,True,True
124156,1.0,0.0,0.5,none,True,True
124157,1.0,0.0,0.5,none,True,True
124158,1.0,0.0,0.5,none,True,True
124159,1.0,0.0,0.5,none,True,True
124160,1.0,0.0,0.5,none,True,True
124161,1.0,0.0,0.5,none,True,True
124162,1.0,0.0,0.5,none,True,True
124163,1.0,0.0,0.5,none,True,True
124164,1.0,0.0,0.5,none,True,True
124165,1.0,0.0,0.5,none,True,True
124166,1.0,0.0,0.5,none,True,True
124167,1.0,0.0,0.5,none,True,True
124168,1.0,0.0,0.5,none,True,True
124169,1.0,0.0,0.5,none,True,True
124170,1.0,0.0,0.5,none,True,True
124171,1.0,0.0,0.5,none,True,True
124172,1.0,0.0,0.5,none,True,True
124173,1.0,0.0,0.5,none,True,True
124174,1.0,0.0,0.5,none,True,True
124175,1.0,0.0,0.5,none,True,True
124176,1.0,0.0,0.5,none,True,True
124177,1.0,0.0,0.5,none,True,True
124178,1.0,0.0,0.5,none,True,True
124179,1.0,0.0,0.5,none,True,True
124180,1.0,0.0,0.5,none,True,True
124181,1.0,0.0,0.5,none,True,True
124182,1.0,0.0,0.5,none,True,True
124183,1.0,0.0,0.5,none,True,True
124184,1.0,0.0,0.5,none,True,True
124185,1.0,0.0,0.5,none,True,True
124186,1.0,0.0,0.5,none,True,True
124187,1.0,0.0,0.5,none,True,True
124188,1.0,0.0,0.5,none,True,True
124189,1.0,0.0,0.5,none,True,True
124190,1.0,0.0,0.5,none,True,True
124191,1.0,0.0,0.5,none,True,True
124192,1.0,0.0,0.5,none,True,True
124193,1.0,0.0,0.5,none,True,True
124194,1.0,0.0,0.5,none,True,True
124195,1.0,0.0,0.5,none,True,True
124196,1.0,0.0,0.5,none,True,True
124197,1.0,0.0,0.5,none,True,True
124198,1.0,0.0,0.5,none,True,True
124199,1.0,0.0,0.5,none,True,True
124200,1.0,0.0,0.5,none,True,True
124201,1.0,0.0,0.5,none,True,True
124202,1.0,0.0,0.5,none,True,True
124203,1.0,0.0,0.5,none,True,True
124204,1.0,0.0,0.5,none,True,True
124205,1.0,0.0,0.5,none,True,True
124206,1.0,0.0,0.5,none,True,True
124207,1.0,0.0,0.5,none,True,True
124208,1.0,0.0,0.5,none,True,True
124209,1.0,0.0,0.5,none,True,True
124210,1.0,0.0,0.5,none,True,True
124211,1.0,0.0,0.5,none,True,True
124212,1.0,0.0,0.5,none,True,True
124213,1.0,0.0,0.5,none,True,True
124214,1.0,0.0,0.5,none,True,True
124215,1.0,0.0,0.5,none,True,True
124216,1.0,0.0,0.5,none,True,True
124217,1.0,0.0,0.5,none,True,True
124218,1.0,0.0,0.5,none,True,True
124219,1.0,0.0,0.5,none,True,True
124220,1.0,0.0,0.5,none,True,True
124221,1.0,0.0,0.5,none,True,True
124222,1.0,0.0,0.5,none,True,True
124223,1.0,0.0,0.5,none,True,True
124224,1.0,0.0,0.5,none,True,True
124225,1.0,0.0,0.5,none,True,True
124226,1.0,0.0,0.5,none,True,True
124227,1.0,0.0,0.5,none,True,True
124228,1.0,0.0,0.5,none,True,True
124229,1.0,0.0,0.5,none,True,True
124230,1.0,0.0,0.5,none,True,True
124231,1.0,0.0,0.5,none,True,True
124232,1.0,0.0,0.5,none,True,True
124233,1.0,0.0,0.5,none,True,True
124234,1.0,0.0,0.5,none,True,True
124235,1.0,0.0,0.5,none,True,True
124236,1.0,0.0,0.5,none,True,True
124237,1.0,0.0,0.5,none,True,True
124238,1.0,0.0,0.5,none,True,True
124239,1.0,0.0,0.5,none,True,True
124240,1.0,0.0,0.5,none,True,True
124241,1.0,0.0,0.5,none,True,True
124242,1.0,0.0,0.5,none,True,True
124243,1.0,0.0,0.5,none,True,True
124244,1.0,0.0,0.5,none,True,True
124245,1.0,0.0,0.5,none,True,True
124246,1.0,0.0,0.5,none,True,True
124247,1.0,0.0,0.5,none,True,True
124248,1.0,0.0,0.5,none,True,True
124249,1.0,0.0,0.5,none,True,True
124250,1.0,0.0,0.5,none,True,True
124251,1.0,0.0,0.5,none,True,True
124252,1.0,0.0,0.5,none,True,True
124253,1.0,0.0,0.5,none,True,True
124254,1.0,0.0,0.5,none,True,True
124255,1.0,0.0,0.5,none,True,True
124256,1.0,0.0,0.5,none,True,True
124257,1.0,0.0,0.5,none,True,True
124258,1.0,0.0,0.5,none,True,True
124259,1.0,0.0,0.5,none,True,True
124260,1.0,0.0,0.5,none,True,True
124261,1.0,0.0,0.5,none,True,True
124262,1.0,0.0,0.5,none,True,True
124263,1.0,0.0,0.5,none,True,True
124264,1.0,0.0,0.5,none,True,True
124265,1.0,0.0,0.5,none,True,True
124266,1.0,0.0,0.5,none,True,True
124267,1.0,0.0,0.5,none,True,True
124268,1.0,0.0,0.5,none,True,True
124269,1.0,0.0,0.5,none,True,True
124270,1.0,0.0,0.5,none,True,True
124271,1.0,0.0,0.5,none,True,True
124272,1.0,0.0,0.5,none,True,True
124273,1.0,0.0,0.5,none,True,True
124274,1.0,0.0,0.5,none,True,True
124275,1.0,0.0,0.5,none,True,True
124276,1.0,0.0,0.5,none,True,True
124277,1.0,0.0,0.5,none,True,True
124278,1.0,0.0,0.5,none,True,True
124279,1.0,0.0,0.5,none,True,True
124280,1.0,0.0,0.5,none,True,True
124281,1.0,0.0,0.5,none,True,True
124282,1.0,0.0,0.5,none,True,True
124283,1.0,0.0,0.5,none,True,True
124284,1.0,0.0,0.5,none,True,True
124285,1.0,0.0,0.5,none,True,True
124286,1.0,0.0,0.5,none,True,True
124287,1.0,0.0,0.5,none,True,True
124288,1.0,0.0,0.5,none,True,True
124289,1.0,0.0,0.5,none,True,True
124290,1.0,0.0,0.5,none,True,True
124291,1.0,0.0,0.5,none,True,True
124292,1.0,0.0,0.5,none,True,True
124293,1.0,0.0,0.5,none,True,True
124294,1.0,0.0,0.5,none,True,True
124295,1.0,0.0,0.5,none,True,True
124296,1.0,0.0,0.5,none,True,True
124297,1.0,0.0,0.5,none,True,True
124298,1.0,0.0,0.5,none,True,True
124299,1.0,0.0,0.5,none,True,True
124300,1.0,0.0,0.5,none,True,True
124301,1.0,0.0,0.5,none,True,True
124302,1.0,0.0,0.5,none,True,True
124303,1.0,0.0,0.5,none,True,True
124304,1.0,0.0,0.5,none,True,True
124305,1.0,0.0,0.5,none,True,True
124306,1.0,0.0,0.5,none,True,True
124307,1.0,0.0,0.5,none,True,True
124308,1.0,0.0,0.5,none,True,True
124309,1.0,0.0,0.5,none,True,True
124310,1.0,0.0,0.5,none,True,True
124311,1.0,0.0,0.5,none,True,True
124312,1.0,0.0,0.5,none,True,True
124313,1.0,0.0,0.5,none,True,True
124314,1.0,0.0,0.5,none,True,True
124315,1.0,0.0,0.5,none,True,True
124316,1.0,0.0,0.5,none,True,True
124317,1.0,0.0,0.5,none,True,True
124318,1.0,0.0,0.5,none,True,True
124319,1.0,0.0,0.5,none,True,True
124320,1.0,0.0,0.5,none,True,True
124321,1.0,0.0,0.5,none,True,True
124322,1.0,0.0,0.5,none,True,True
124323,1.0,0.0,0.5,none,True,True
124324,1.0,0.0,0.5,none,True,True
124325,1.0,0.0,0.5,none,True,True
124326,1.0,0.0,0.5,none,True,True
124327,1.0,0.0,0.5,none,True,True
124328,1.0,0.0,0.5,none,True,True
124329,1.0,0.0,0.5,none,True,True
124330,1.0,0.0,0.5,none,True,True
124331,1.0,0.0,0.5,none,True,True
124332,1.0,0.0,0.5,none,True,True
124333,1.0,0.0,0.5,none,True,True
124334,1.0,0.0,0.5,none,True,True
124335,1.0,0.0,0.5,none,True,True
124336,1.0,0.0,0.5,none,True,True
124337,1.0,0.0,0.5,none,True,True
124338,1.0,0.0,0.5,none,True,True
124339,1.0,0.0,0.5,none,True,True
124340,1.0,0.0,0.5,none,True,True
124341,1.0,0.0,0.5,none,True,True
124342,1.0,0.0,0.5,none,True,True
124343,1.0,0.0,0.5,none,True,True
124344,1.0,0.0,0.5,none,True,True
124345,1.0,0.0,0.5,none,True,True
124346,1.0,0.0,0.5,none,True,True
124347,1.0,0.0,0.5,none,True,True
124348,1.0,0.0,0.5,none,True,True
124349,1.0,0.0,0.5,none,True,True
124350,1.0,0.0,0.5,none,True,True
124351,1.0,0.0,0.5,none,True,True
124352,1.0,0.0,0.5,none,True,True
124353,1.0,0.0,0.5,none,True,True
124354,1.0,0.0,0.5,none,True,True
124355,1.0,0.0,0.5,none,True,True
124356,1.0,0.0,0.5,none,True,True
124357,1.0,0.0,0.5,none,True,True
124358,1.0,0.0,0.5,none,True,True
124359,1.0,0.0,0.5,none,True,True
124360,1.0,0.0,0.5,none,True,True
124361,1.0,0.0,0.5,none,True,True
124362,1.0,0.0,0.5,none,True,True
124363,1.0,0.0,0.5,none,True,True
124364,1.0,0.0,0.5,none,True,True
124365,1.0,0.0,0.5,none,True,True
124366,1.0,0.0,0.5,none,True,True
124367,1.0,0.0,0.5,none,True,True
124368,1.0,0.0,0.5,none,True,True
124369,1.0,0.0,0.5,none,True,True
124370,1.0,0.0,0.5,none,True,True
124371,1.0,0.0,0.5,none,True,True
124372,1.0,0.0,0.5,none,True,True
124373,1.0,0.0,0.5,none,True,True
124374,1.0,0.0,0.5,none,True,True
124375,1.0,0.0,0.5,none,True,True
124376,1.0,0.0,0.5,none,True,True
124377,1.0,0.0,0.5,none,True,True
124378,1.0,0.0,0.5,none,True,True
124379,1.0,0.0,0.5,none,True,True
124380,1.0,0.0,0.5,none,True,True
124381,1.0,0.0,0.5,none,True,True
124382,1.0,0.0,0.5,none,True,True
124383,1.0,0.0,0.5,none,True,True
124384,1.0,0.0,0.5,none,True,True
124385,1.0,0.0,0.5,none,True,True
124386,1.0,0.0,0.5,none,True,True
124387,1.0,0.0,0.5,none,True,True
124388,1.0,0.0,0.5,none,True,True
124389,1.0,0.0,0.5,none,True,True
124390,1.0,0.0,0.5,none,True,True
124391,1.0,0.0,0.5,none,True,True
124392,1.0,0.0,0.5,none,True,True
124393,1.0,0.0,0.5,none,True,True
124394,1.0,0.0,0.5,none,True,True
124395,1.0,0.0,0.5,none,True,True
124396,1.0,0.0,0.5,none,True,True
124397,1.0,0.0,0.5,none,True,True
124398,1.0,0.0,0.5,none,True,True
124399,1.0,0.0,0.5,none,True,True
124400,1.0,0.0,0.5,none,True,True
124401,1.0,0.0,0.5,none,True,True
124402,1.0,0.0,0.5,none,True,True
124403,1.0,0.0,0.5,none,True,True
124404,1.0,0.0,0.5,none,True,True
124405,1.0,0.0,0.5,none,True,True
124406,1.0,0.0,0.5,none,True,True
124407,1.0,0.0,0.5,none,True,True
124408,1.0,0.0,0.5,none,True,True
124409,1.0,0.0,0.5,none,True,True
124410,1.0,0.0,0.5,none,True,True
124411,1.0,0.0,0.5,none,True,True
124412,1.0,0.0,0.5,none,True,True
124413,1.0,0.0,0.5,none,True,True
124414,1.0,0.0,0.5,none,True,True
124415,1.0,0.0,0.5,none,True,True
124416,1.0,0.0,0.5,none,True,True
124417,1.0,0.0,0.5,none,True,True
124418,1.0,0.0,0.5,none,True,True
124419,1.0,0.0,0.5,none,True,True
124420,1.0,0.0,0.5,none,True,True
124421,1.0,0.0,0.5,none,True,True
124422,1.0,0.0,0.5,none,True,True
124423,1.0,0.0,0.5,none,True,True
124424,1.0,0.0,0.5,none,True,True
124425,1.0,0.0,0.5,none,True,True
124426,1.0,0.0,0.5,none,True,True
124427,1.0,0.0,0.5,none,True,True
124428,1.0,0.0,0.5,none,True,True
124429,1.0,0.0,0.5,none,True,True
124430,1.0,0.0,0.5,none,True,True
124431,1.0,0.0,0.5,none,True,True
124432,1.0,0.0,0.5,none,True,True
124433,1.0,0.0,0.5,none,True,True
124434,1.0,0.0,0.5,none,True,True
124435,1.0,0.0,0.5,none,True,True
124436,1.0,0.0,0.5,none,True,True
124437,1.0,0.0,0.5,none,True,True
124438,1.0,0.0,0.5,none,True,True
124439,1.0,0.0,0.5,none,True,True
124440,1.0,0.0,0.5,none,True,True
124441,1.0,0.0,0.5,none,True,True
124442,1.0,0.0,0.5,none,True,True
124443,1.0,0.0,0.5,none,True,True
124444,1.0,0.0,0.5,none,True,True
124445,1.0,0.0,0.5,none,True,True
124446,1.0,0.0,0.5,none,True,True
124447,1.0,0.0,0.5,none,True,True
124448,1.0,0.0,0.5,none,True,True
124449,1.0,0.0,0.5,none,True,True
124450,1.0,0.0,0.5,none,True,True
124451,1.0,0.0,0.5,none,True,True
124452,1.0,0.0,0.5,none,True,True
124453,1.0,0.0,0.5,none,True,True
124454,1.0,0.0,0.5,none,True,True
124455,1.0,0.0,0.5,none,True,True
124456,1.0,0.0,0.5,none,True,True
124457,1.0,0.0,0.5,none,True,True
124458,1.0,0.0,0.5,none,True,True
124459,1.0,0.0,0.5,none,True,True
124460,1.0,0.0,0.5,none,True,True
124461,1.0,0.0,0.5,none,True,True
124462,1.0,0.0,0.5,none,True,True
124463,1.0,0.0,0.5,none,True,True
124464,1.0,0.0,0.5,none,True,True
124465,1.0,0.0,0.5,none,True,True
124466,1.0,0.0,0.5,none,True,True
124467,1.0,0.0,0.5,none,True,True
124468,1.0,0.0,0.5,none,True,True
124469,1.0,0.0,0.5,none,True,True
124470,1.0,0.0,0.5,none,True,True
124471,1.0,0.0,0.5,none,True,True
124472,1.0,0.0,0.5,none,True,True
124473,1.0,0.0,0.5,none,True,True
124474,1.0,0.0,0.5,none,True,True
124475,1.0,0.0,0.5,none,True,True
124476,1.0,0.0,0.5,none,True,True
124477,1.0,0.0,0.5,none,True,True
124478,1.0,0.0,0.5,none,True,True
124479,1.0,0.0,0.5,none,True,True
124480,1.0,0.0,0.5,none,True,True
124481,1.0,0.0,0.5,none,True,True
124482,1.0,0.0,0.5,none,True,True
124483,1.0,0.0,0.5,none,True,True
124484,1.0,0.0,0.5,none,True,True
124485,1.0,0.0,0.5,none,True,True
124486,1.0,0.0,0.5,none,True,True
124487,1.0,0.0,0.5,none,True,True
124488,1.0,0.0,0.5,none,True,True
124489,1.0,0.0,0.5,none,True,True
124490,1.0,0.0,0.5,none,True,True
124491,1.0,0.0,0.5,none,True,True
124492,1.0,0.0,0.5,none,True,True
124493,1.0,0.0,0.5,none,True,True
124494,1.0,0.0,0.5,none,True,True
124495,1.0,0.0,0.5,none,True,True
124496,1.0,0.0,0.5,none,True,True
124497,1.0,0.0,0.5,none,True,True
124498,1.0,0.0,0.5,none,True,True
124499,1.0,0.0,0.5,none,True,True
124500,1.0,0.0,0.5,none,True,True
124501,1.0,0.0,0.5,none,True,True
124502,1.0,0.0,0.5,none,True,True
124503,1.0,0.0,0.5,none,True,True
124504,1.0,0.0,0.5,none,True,True
124505,1.0,0.0,0.5,none,True,True
124506,1.0,0.0,0.5,none,True,True
124507,1.0,0.0,0.5,none,True,True
124508,1.0,0.0,0.5,none,True,True
124509,1.0,0.0,0.5,none,True,True
124510,1.0,0.0,0.5,none,True,True
124511,1.0,0.0,0.5,none,True,True
124512,1.0,0.0,0.5,none,True,True
124513,1.0,0.0,0.5,none,True,True
124514,1.0,0.0,0.5,none,True,True
124515,1.0,0.0,0.5,none,True,True
124516,1.0,0.0,0.5,none,True,True
124517,1.0,0.0,0.5,none,True,True
124518,1.0,0.0,0.5,none,True,True
124519,1.0,0.0,0.5,none,True,True
124520,1.0,0.0,0.5,none,True,True
124521,1.0,0.0,0.5,none,True,True
124522,1.0,0.0,0.5,none,True,True
124523,1.0,0.0,0.5,none,True,True
124524,1.0,0.0,0.5,none,True,True
124525,1.0,0.0,0.5,none,True,True
124526,1.0,0.0,0.5,none,True,True
124527,1.0,0.0,0.5,none,True,True
124528,1.0,0.0,0.5,none,True,True
124529,1.0,0.0,0.5,none,True,True
124530,1.0,0.0,0.5,none,True,True
124531,1.0,0.0,0.5,none,True,True
124532,1.0,0.0,0.5,none,True,True
124533,1.0,0.0,0.5,none,True,True
124534,1.0,0.0,0.5,none,True,True
124535,1.0,0.0,0.5,none,True,True
124536,1.0,0.0,0.5,none,True,True
124537,1.0,0.0,0.5,none,True,True
124538,1.0,0.0,0.5,none,True,True
124539,1.0,0.0,0.5,none,True,True
124540,1.0,0.0,0.5,none,True,True
124541,1.0,0.0,0.5,none,True,True
124542,1.0,0.0,0.5,none,True,True
124543,1.0,0.0,0.5,none,True,True
124544,1.0,0.0,0.5,none,True,True
124545,1.0,0.0,0.5,none,True,True
124546,1.0,0.0,0.5,none,True,True
124547,1.0,0.0,0.5,none,True,True
124548,1.0,0.0,0.5,none,True,True
124549,1.0,0.0,0.5,none,True,True
124550,1.0,0.0,0.5,none,True,True
124551,1.0,0.0,0.5,none,True,True
124552,1.0,0.0,0.5,none,True,True
124553,1.0,0.0,0.5,none,True,True
124554,1.0,0.0,0.5,none,True,True
124555,1.0,0.0,0.5,none,True,True
124556,1.0,0.0,0.5,none,True,True
124557,1.0,0.0,0.5,none,True,True
124558,1.0,0.0,0.5,none,True,True
124559,1.0,0.0,0.5,none,True,True
124560,1.0,0.0,0.5,none,True,True
124561,1.0,0.0,0.5,none,True,True
124562,1.0,0.0,0.5,none,True,True
124563,1.0,0.0,0.5,none,True,True
124564,1.0,0.0,0.5,none,True,True
124565,1.0,0.0,0.5,none,True,True
124566,1.0,0.0,0.5,none,True,True
124567,1.0,0.0,0.5,none,True,True
124568,1.0,0.0,0.5,none,True,True
124569,1.0,0.0,0.5,none,True,True
124570,1.0,0.0,0.5,none,True,True
124571,1.0,0.0,0.5,none,True,True
124572,1.0,0.0,0.5,none,True,True
124573,1.0,0.0,0.5,none,True,True
124574,1.0,0.0,0.5,none,True,True
124575,1.0,0.0,0.5,none,True,True
124576,1.0,0.0,0.5,none,True,True
124577,1.0,0.0,0.5,none,True,True
124578,1.0,0.0,0.5,none,True,True
124579,1.0,0.0,0.5,none,True,True
124580,1.0,0.0,0.5,none,True,True
124581,1.0,0.0,0.5,none,True,True
124582,1.0,0.0,0.5,none,True,True
124583,1.0,0.0,0.5,none,True,True
124584,1.0,0.0,0.5,none,True,True
124585,1.0,0.0,0.5,none,True,True
124586,1.0,0.0,0.5,none,True,True
124587,1.0,0.0,0.5,none,True,True
124588,1.0,0.0,0.5,none,True,True
124589,1.0,0.0,0.5,none,True,True
124590,1.0,0.0,0.5,none,True,True
124591,1.0,0.0,0.5,none,True,True
124592,1.0,0.0,0.5,none,True,True
124593,1.0,0.0,0.5,none,True,True
124594,1.0,0.0,0.5,none,True,True
124595,1.0,0.0,0.5,none,True,True
124596,1.0,0.0,0.5,none,True,True
124597,1.0,0.0,0.5,none,True,True
124598,1.0,0.0,0.5,none,True,True
124599,1.0,0.0,0.5,none,True,True
124600,1.0,0.0061,0.5,none,True,True
124601,1.0,0.0357,0.5,none,True,True
124602,1.0,0.0812,0.5,none,True,True
124603,1.0,0.1113,0.5,none,True,True
124604,1.0,0.1253,0.5,none,True,True
124605,1.0,0.1408,0.5,none,True,True
124606,1.0,0.0907,0.5,none,True,True
124607,1.0,0.1198,0.5,none,True,True
124608,1.0,0.0467,0.5,none,True,True
124609,1.0,0.0522,0.5,none,True,True
124610,1.0,0.0405,0.5,none,True,True
124611,1.0,0.0313,0.5,none,True,True
124612,1.0,0.0083,0.5,none,True,True
124613,1.0,0.0726,0.5,none,True,True
124614,1.0,0.0793,0.5,none,True,True
124615,1.0,0.0581,0.5,none,True,True
124616,1.0,0.0955,0.5,none,True,True
124617,1.0,0.0839,0.5,none,True,True
124618,1.0,0.0648,0.5,none,True,True
124619,1.0,0.0718,0.5,none,True,True
124620,1.0,0.0589,0.5,none,True,True
124621,1.0,0.0403,0.5,none,True,True
124622,1.0,0.0327,0.5,none,True,True
124623,1.0,0.0277,0.5,none,True,True
124624,1.0,0.017,0.5,none,True,True
124625,1.0,0.0102,0.5,none,True,True
124626,1.0,0.0099,0.5,none,True,True
124627,1.0,0.008,0.5,none,True,True
124628,1.0,0.005,0.5,none,True,True
124629,1.0,0.0063,0.5,none,True,True
124630,1.0,0.009,0.5,none,True,True
124631,1.0,0.0096,0.5,none,True,True
124632,1.0,0.0108,0.5,none,True,True
124633,1.0,0.014,0.5,none,True,True
124634,1.0,0.0161,0.5,none,True,True
124635,1.0,0.0167,0.5,none,True,True
124636,1.0,0.0182,0.5,none,True,True
124637,1.0,0.0196,0.5,none,True,True
124638,1.0,0.0197,0.5,none,True,True
124639,1.0,0.0193,0.5,none,True,True
124640,1.0,0.0193,0.5,none,True,True
124641,1.0,0.0187,0.5,none,True,True
124642,1.0,0.0174,0.5,none,True,True
124643,1.0,0.0163,0.5,none,True,True
124644,1.0,0.0152,0.5,none,True,True
124645,1.0,0.0138,0.5,none,True,True
124646,1.0,0.0123,0.5,none,True,True
124647,1.0,0.0111,0.5,none,True,True
124648,1.0,0.01,0.5,none,True,True
124649,1.0,0.0088,0.5,none,True,True
124650,1.0,0.0078,0.5,none,True,True
124651,1.0,0.0071,0.5,none,True,True
124652,1.0,0.0064,0.5,none,True,True
124653,1.0,0.0057,0.5,none,True,True
124654,1.0,0.0053,0.5,none,True,True
124655,1.0,0.005,0.5,none,True,True
124656,1.0,0.0047,0.5,none,True,True
124657,1.0,0.0045,0.5,none,True,True
124658,1.0,0.0044,0.5,none,True,True
124659,1.0,0.0043,0.5,none,True,True
124660,1.0,0.0042,0.5,none,True,True
124661,1.0,0.0041,0.5,none,True,True
124662,1.0,0.004,0.5,none,True,True
124663,1.0,0.0039,0.5,none,True,True
124664,1.0,0.0038,0.5,none,True,True
124665,1.0,0.0037,0.5,none,True,True
124666,1.0,0.0035,0.5,none,True,True
124667,1.0,0.0033,0.5,none,True,True
124668,1.0,0.0032,0.5,none,True,True
124669,1.0,0.003,0.5,none,True,True
124670,1.0,0.0028,0.5,none,True,True
124671,1.0,0.0026,0.5,none,True,True
124672,1.0,0.0024,0.5,none,True,True
124673,1.0,0.0023,0.5,none,True,True
124674,1.0,0.0021,0.5,none,True,True
124675,1.0,0.0019,0.5,none,True,True
124676,1.0,0.0018,0.5,none,True,True
124677,1.0,0.0017,0.5,none,True,True
124678,1.0,0.0015,0.5,none,True,True
124679,1.0,0.0014,0.5,none,True,True
124680,1.0,0.0013,0.5,none,True,True
124681,1.0,0.0013,0.5,none,True,True
124682,1.0,0.0012,0.5,none,True,True
124683,1.0,0.0011,0.5,none,True,True
124684,1.0,0.0011,0.5,none,True,True
124685,1.0,0.001,0.5,none,True,True
124686,1.0,0.001,0.5,none,True,True
124687,1.0,0.0009,0.5,none,True,True
124688,1.0,0.0009,0.5,none,True,True
124689,1.0,0.0008,0.5,none,True,True
124690,1.0,0.0008,0.5,none,True,True
124691,1.0,0.0008,0.5,none,True,True
124692,1.0,0.0007,0.5,none,True,True
124693,1.0,0.0007,0.5,none,True,True
124694,1.0,0.0006,0.5,none,True,True
124695,1.0,0.0006,0.5,none,True,True
124696,1.0,0.0006,0.5,none,True,True
124697,1.0,0.0005,0.5,none,True,True
124698,1.0,0.0005,0.5,none,True,True
124699,1.0,0.0005,0.5,none,True,True
124700,1.0,0.0004,0.5,none,True,True
124701,1.0,0.0004,0.5,none,True,True
124702,1.0,0.0004,0.5,none,True,True
124703,1.0,0.0004,0.5,none,True,True
124704,1.0,0.0003,0.5,none,True,True
124705,1.0,0.0003,0.5,none,True,True
124706,1.0,0.0003,0.5,none,True,True
124707,1.0,0.0003,0.5,none,True,True
124708,1.0,0.0003,0.5,none,True,True
124709,1.0,0.0003,0.5,none,True,True
124710,1.0,0.0002,0.5,none,True,True
124711,1.0,0.0002,0.5,none,True,True
124712,1.0,0.0002,0.5,none,True,True
124713,1.0,0.0002,0.5,none,True,True
124714,1.0,0.0002,0.5,none,True,True
124715,1.0,0.0002,0.5,none,True,True
124716,1.0,0.0002,0.5,none,True,True
124717,1.0,0.0002,0.5,none,True,True
124718,1.0,0.0002,0.5,none,True,True
124719,1.0,0.0001,0.5,none,True,True
124720,1.0,0.0001,0.5,none,True,True
124721,1.0,0.0001,0.5,none,True,True
124722,1.0,0.0001,0.5,none,True,True
124723,1.0,0.0001,0.5,none,True,True
124724,1.0,0.0001,0.5,none,True,True
124725,1.0,0.0001,0.5,none,True,True
124726,1.0,0.0001,0.5,none,True,True
124727,1.0,0.0001,0.5,none,True,True
124728,1.0,0.0001,0.5,none,True,True
124729,1.0,0.0001,0.5,none,True,True
124730,1.0,0.0001,0.5,none,True,True
124731,1.0,0.0001,0.5,none,True,True
124732,1.0,0.0001,0.5,none,True,True
124733,1.0,0.0001,0.5,none,True,True
124734,1.0,0.0001,0.5,none,True,True
124735,1.0,0.0001,0.5,none,True,True
124736,1.0,0.0001,0.5,none,True,True
124737,1.0,0.0,0.5,none,True,True
124738,1.0,0.0,0.5,none,True,True
124739,1.0,0.0,0.5,none,True,True
124740,1.0,0.0,0.5,none,True,True
124741,1.0,0.0,0.5,none,True,True
124742,1.0,0.0,0.5,none,True,True
124743,1.0,0.0,0.5,none,True,True
124744,1.0,0.0,0.5,none,True,True
124745,1.0,0.0,0.5,none,True,True
124746,1.0,0.0,0.5,none,True,True
124747,1.0,0.0,0.5,none,True,True
124748,1.0,0.0,0.5,none,True,True
124749,1.0,0.0,0.5,none,True,True
124750,1.0,0.0,0.5,none,True,True
124751,1.0,0.0,0.5,none,True,True
124752,1.0,0.0,0.5,none,True,True
124753,1.0,0.0,0.5,none,True,True
124754,1.0,0.0,0.5,none,True,True
124755,1.0,0.0,0.5,none,True,True
124756,1.0,0.0,0.5,none,True,True
124757,1.0,0.0,0.5,none,True,True
124758,1.0,0.0,0.5,none,True,True
124759,1.0,0.0,0.5,none,True,True
124760,1.0,0.0,0.5,none,True,True
124761,1.0,0.0,0.5,none,True,True
124762,1.0,0.0,0.5,none,True,True
124763,1.0,0.0,0.5,none,True,True
124764,1.0,0.0,0.5,none,True,True
124765,1.0,0.0,0.5,none,True,True
124766,1.0,0.0,0.5,none,True,True
124767,1.0,0.0,0.5,none,True,True
124768,1.0,0.0,0.5,none,True,True
124769,1.0,0.0,0.5,none,True,True
124770,1.0,0.0,0.5,none,True,True
124771,1.0,0.0,0.5,none,True,True
124772,1.0,0.0,0.5,none,True,True
124773,1.0,0.0,0.5,none,True,True
124774,1.0,0.0,0.5,none,True,True
124775,1.0,0.0,0.5,none,True,True
124776,1.0,0.0,0.5,none,True,True
124777,1.0,0.0,0.5,none,True,True
124778,1.0,0.0,0.5,none,True,True
124779,1.0,0.0,0.5,none,True,True
124780,1.0,0.0,0.5,none,True,True
124781,1.0,0.0,0.5,none,True,True
124782,1.0,0.0,0.5,none,True,True
124783,1.0,0.0,0.5,none,True,True
124784,1.0,0.0,0.5,none,True,True
124785,1.0,0.0,0.5,none,True,True
124786,1.0,0.0,0.5,none,True,True
124787,1.0,0.0,0.5,none,True,True
124788,1.0,0.0,0.5,none,True,True
124789,1.0,0.0,0.5,none,True,True
124790,1.0,0.0,0.5,none,True,True
124791,1.0,0.0,0.5,none,True,True
124792,1.0,0.0,0.5,none,True,True
124793,1.0,0.0,0.5,none,True,True
124794,1.0,0.0,0.5,none,True,True
124795,1.0,0.0,0.5,none,True,True
124796,1.0,0.0,0.5,none,True,True
124797,1.0,0.0,0.5,none,True,True
124798,1.0,0.0,0.5,none,True,True
124799,1.0,0.0,0.5,none,True,True
124800,1.0,0.0,0.5,none,True,True
124801,1.0,0.0,0.5,none,True,True
124802,1.0,0.0,0.5,none,True,True
124803,1.0,0.0,0.5,none,True,True
124804,1.0,0.0,0.5,none,True,True
124805,1.0,0.0,0.5,none,True,True
124806,1.0,0.0,0.5,none,True,True
124807,1.0,0.0,0.5,none,True,True
124808,1.0,0.0,0.5,none,True,True
124809,1.0,0.0,0.5,none,True,True
124810,1.0,0.0,0.5,none,True,True
124811,1.0,0.0,0.5,none,True,True
124812,1.0,0.0,0.5,none,True,True
124813,1.0,0.0,0.5,none,True,True
124814,1.0,0.0,0.5,none,True,True
124815,1.0,0.0,0.5,none,True,True
124816,1.0,0.0,0.5,none,True,True
124817,1.0,0.0,0.5,none,True,True
124818,1.0,0.0,0.5,none,True,True
124819,1.0,0.0,0.5,none,True,True
124820,1.0,0.0,0.5,none,True,True
124821,1.0,0.0,0.5,none,True,True
124822,1.0,0.0,0.5,none,True,True
124823,1.0,0.0,0.5,none,True,True
124824,1.0,0.0,0.5,none,True,True
124825,1.0,0.0,0.5,none,True,True
124826,1.0,0.0,0.5,none,True,True
124827,1.0,0.0,0.5,none,True,True
124828,1.0,0.0,0.5,none,True,True
124829,1.0,0.0,0.5,none,True,True
124830,1.0,0.0,0.5,none,True,True
124831,1.0,0.0,0.5,none,True,True
124832,1.0,0.0,0.5,none,True,True
124833,1.0,0.0,0.5,none,True,True
124834,1.0,0.0,0.5,none,True,True
124835,1.0,0.0,0.5,none,True,True
124836,1.0,0.0,0.5,none,True,True
124837,1.0,0.0,0.5,none,True,True
124838,1.0,0.0,0.5,none,True,True
124839,1.0,0.0,0.5,none,True,True
124840,1.0,0.0,0.5,none,True,True
124841,1.0,0.0,0.5,none,True,True
124842,1.0,0.0,0.5,none,True,True
124843,1.0,0.0,0.5,none,True,True
124844,1.0,0.0,0.5,none,True,True
124845,1.0,0.0,0.5,none,True,True
124846,1.0,0.0,0.5,none,True,True
124847,1.0,0.0,0.5,none,True,True
124848,1.0,0.0,0.5,none,True,True
124849,1.0,0.0,0.5,none,True,True
124850,1.0,0.0,0.5,none,True,True
124851,1.0,0.0,0.5,none,True,True
124852,1.0,0.0,0.5,none,True,True
124853,1.0,0.0,0.5,none,True,True
124854,1.0,0.0,0.5,none,True,True
124855,1.0,0.0,0.5,none,True,True
124856,1.0,0.0,0.5,none,True,True
124857,1.0,0.0,0.5,none,True,True
124858,1.0,0.0,0.5,none,True,True
124859,1.0,0.0,0.5,none,True,True
124860,1.0,0.0,0.5,none,True,True
124861,1.0,0.0,0.5,none,True,True
124862,1.0,0.0,0.5,none,True,True
124863,1.0,0.0,0.5,none,True,True
124864,1.0,0.0,0.5,none,True,True
124865,1.0,0.0,0.5,none,True,True
124866,1.0,0.0,0.5,none,True,True
124867,1.0,0.0,0.5,none,True,True
124868,1.0,0.0,0.5,none,True,True
124869,1.0,0.0,0.5,none,True,True
124870,1.0,0.0,0.5,none,True,True
124871,1.0,0.0,0.5,none,True,True
124872,1.0,0.0,0.5,none,True,True
124873,1.0,0.0,0.5,none,True,True
124874,1.0,0.0,0.5,none,True,True
124875,1.0,0.0,0.5,none,True,True
124876,1.0,0.0,0.5,none,True,True
124877,1.0,0.0,0.5,none,True,True
124878,1.0,0.0,0.5,none,True,True
124879,1.0,0.0,0.5,none,True,True
124880,1.0,0.0,0.5,none,True,True
124881,1.0,0.0,0.5,none,True,True
124882,1.0,0.0,0.5,none,True,True
124883,1.0,0.0,0.5,none,True,True
124884,1.0,0.0,0.5,none,True,True
124885,1.0,0.0,0.5,none,True,True
124886,1.0,0.0,0.5,none,True,True
124887,1.0,0.0,0.5,none,True,True
124888,1.0,0.0,0.5,none,True,True
124889,1.0,0.0,0.5,none,True,True
124890,1.0,0.0,0.5,none,True,True
124891,1.0,0.0,0.5,none,True,True
124892,1.0,0.0,0.5,none,True,True
124893,1.0,0.0,0.5,none,True,True
124894,1.0,0.0,0.5,none,True,True
124895,1.0,0.0,0.5,none,True,True
124896,1.0,0.0,0.5,none,True,True
124897,1.0,0.0,0.5,none,True,True
124898,1.0,0.0,0.5,none,True,True
124899,1.0,0.0,0.5,none,True,True
124900,1.0,0.0,0.5,none,True,True
124901,1.0,0.0,0.5,none,True,True
124902,1.0,0.0,0.5,none,True,True
124903,1.0,0.0,0.5,none,True,True
124904,1.0,0.0,0.5,none,True,True
124905,1.0,0.0,0.5,none,True,True
124906,1.0,0.0,0.5,none,True,True
124907,1.0,0.0,0.5,none,True,True
124908,1.0,0.0,0.5,none,True,True
124909,1.0,0.0,0.5,none,True,True
124910,1.0,0.0,0.5,none,True,True
124911,1.0,0.0,0.5,none,True,True
124912,1.0,0.0,0.5,none,True,True
124913,1.0,0.0,0.5,none,True,True
124914,1.0,0.0,0.5,none,True,True
124915,1.0,0.0,0.5,none,True,True
124916,1.0,0.0,0.5,none,True,True
124917,1.0,0.0,0.5,none,True,True
124918,1.0,0.0,0.5,none,True,True
124919,1.0,0.0,0.5,none,True,True
124920,1.0,0.0,0.5,none,True,True
124921,1.0,0.0,0.5,none,True,True
124922,1.0,0.0,0.5,none,True,True
124923,1.0,0.0,0.5,none,True,True
124924,1.0,0.0,0.5,none,True,True
124925,1.0,0.0,0.5,none,True,True
124926,1.0,0.0,0.5,none,True,True
124927,1.0,0.0,0.5,none,True,True
124928,1.0,0.0,0.5,none,True,True
124929,1.0,0.0,0.5,none,True,True
124930,1.0,0.0,0.5,none,True,True
124931,1.0,0.0,0.5,none,True,True
124932,1.0,0.0,0.5,none,True,True
124933,1.0,0.0,0.5,none,True,True
124934,1.0,0.0,0.5,none,True,True
124935,1.0,0.0,0.5,none,True,True
124936,1.0,0.0,0.5,none,True,True
124937,1.0,0.0,0.5,none,True,True
124938,1.0,0.0,0.5,none,True,True
124939,1.0,0.0,0.5,none,True,True
124940,1.0,0.0,0.5,none,True,True
124941,1.0,0.0,0.5,none,True,True
124942,1.0,0.0,0.5,none,True,True
124943,1.0,0.0,0.5,none,True,True
124944,1.0,0.0,0.5,none,True,True
124945,1.0,0.0,0.5,none,True,True
124946,1.0,0.0,0.5,none,True,True
124947,1.0,0.0,0.5,none,True,True
124948,1.0,0.0,0.5,none,True,True
124949,1.0,0.0,0.5,none,True,True
124950,1.0,0.0,0.5,none,True,True
124951,1.0,0.0,0.5,none,True,True
124952,1.0,0.0,0.5,none,True,True
124953,1.0,0.0,0.5,none,True,True
124954,1.0,0.0,0.5,none,True,True
124955,1.0,0.0,0.5,none,True,True
124956,1.0,0.0,0.5,none,True,True
124957,1.0,0.0,0.5,none,True,True
124958,1.0,0.0,0.5,none,True,True
124959,1.0,0.0,0.5,none,True,True
124960,1.0,0.0,0.5,none,True,True
124961,1.0,0.0,0.5,none,True,True
124962,1.0,0.0,0.5,none,True,True
124963,1.0,0.0,0.5,none,True,True
124964,1.0,0.0,0.5,none,True,True
124965,1.0,0.0,0.5,none,True,True
124966,1.0,0.0,0.5,none,True,True
124967,1.0,0.0,0.5,none,True,True
124968,1.0,0.0,0.5,none,True,True
124969,1.0,0.0,0.5,none,True,True
124970,1.0,0.0,0.5,none,True,True
124971,1.0,0.0,0.5,none,True,True
124972,1.0,0.0,0.5,none,True,True
124973,1.0,0.0,0.5,none,True,True
124974,1.0,0.0,0.5,none,True,True
124975,1.0,0.0,0.5,none,True,True
124976,1.0,0.0,0.5,none,True,True
124977,1.0,0.0,0.5,none,True,True
124978,1.0,0.0,0.5,none,True,True
124979,1.0,0.0,0.5,none,True,True
124980,1.0,0.0,0.5,none,True,True
124981,1.0,0.0,0.5,none,True,True
124982,1.0,0.0,0.5,none,True,True
124983,1.0,0.0,0.5,none,True,True
124984,1.0,0.0,0.5,none,True,True
124985,1.0,0.0,0.5,none,True,True
124986,1.0,0.0,0.5,none,True,True
124987,1.0,0.0,0.5,none,True,True
124988,1.0,0.0,0.5,none,True,True
124989,1.0,0.0,0.5,none,True,True
124990,1.0,0.0,0.5,none,True,True
124991,1.0,0.0,0.5,none,True,True
124992,1.0,0.0,0.5,none,True,True
124993,1.0,0.0,0.5,none,True,True
124994,1.0,0.0,0.5,none,True,True
124995,1.0,0.0,0.5,none,True,True
124996,1.0,0.0,0.5,none,True,True
124997,1.0,0.0,0.5,none,True,True
124998,1.0,0.0,0.5,none,True,True
124999,1.0,0.0,0.5,none,True,True
125000,1.0,0.0,0.5,none,True,True
125001,1.0,0.0,0.5,none,True,True
125002,1.0,0.0,0.5,none,True,True
125003,1.0,0.0,0.5,none,True,True
125004,1.0,0.0,0.5,none,True,True
125005,1.0,0.0,0.5,none,True,True
125006,1.0,0.0,0.5,none,True,True
125007,1.0,0.0,0.5,none,True,True
125008,1.0,0.0,0.5,none,True,True
125009,1.0,0.0,0.5,none,True,True
125010,1.0,0.0,0.5,none,True,True
125011,1.0,0.0,0.5,none,True,True
125012,1.0,0.0,0.5,none,True,True
125013,1.0,0.0,0.5,none,True,True
125014,1.0,0.0,0.5,none,True,True
125015,1.0,0.0,0.5,none,True,True
125016,1.0,0.0,0.5,none,True,True
125017,1.0,0.0,0.5,none,True,True
125018,1.0,0.0,0.5,none,True,True
125019,1.0,0.0,0.5,none,True,True
125020,1.0,0.0,0.5,none,True,True
125021,1.0,0.0,0.5,none,True,True
125022,1.0,0.0,0.5,none,True,True
125023,1.0,0.0,0.5,none,True,True
125024,1.0,0.0,0.5,none,True,True
125025,1.0,0.0,0.5,none,True,True
125026,1.0,0.0,0.5,none,True,True
125027,1.0,0.0,0.5,none,True,True
125028,1.0,0.0,0.5,none,True,True
125029,1.0,0.0,0.5,none,True,True
125030,1.0,0.0,0.5,none,True,True
125031,1.0,0.0,0.5,none,True,True
125032,1.0,0.0,0.5,none,True,True
125033,1.0,0.0,0.5,none,True,True
125034,1.0,0.0,0.5,none,True,True
125035,1.0,0.0,0.5,none,True,True
125036,1.0,0.0,0.5,none,True,True
125037,1.0,0.0,0.5,none,True,True
125038,1.0,0.0,0.5,none,True,True
125039,1.0,0.0,0.5,none,True,True
125040,1.0,0.0,0.5,none,True,True
125041,1.0,0.0,0.5,none,True,True
125042,1.0,0.0,0.5,none,True,True
125043,1.0,0.0,0.5,none,True,True
125044,1.0,0.0,0.5,none,True,True
125045,1.0,0.0,0.5,none,True,True
125046,1.0,0.0,0.5,none,True,True
125047,1.0,0.0,0.5,none,True,True
125048,1.0,0.0,0.5,none,True,True
125049,1.0,0.0,0.5,none,True,True
125050,1.0,0.0,0.5,none,True,True
125051,1.0,0.0,0.5,none,True,True
125052,1.0,0.0,0.5,none,True,True
125053,1.0,0.0,0.5,none,True,True
125054,1.0,0.0,0.5,none,True,True
125055,1.0,0.0,0.5,none,True,True
125056,1.0,0.0,0.5,none,True,True
125057,1.0,0.0,0.5,none,True,True
125058,1.0,0.0,0.5,none,True,True
125059,1.0,0.0,0.5,none,True,True
125060,1.0,0.0,0.5,none,True,True
125061,1.0,0.0,0.5,none,True,True
125062,1.0,0.0,0.5,none,True,True
125063,1.0,0.0,0.5,none,True,True
125064,1.0,0.0,0.5,none,True,True
125065,1.0,0.0,0.5,none,True,True
125066,1.0,0.0,0.5,none,True,True
125067,1.0,0.0,0.5,none,True,True
125068,1.0,0.0,0.5,none,True,True
125069,1.0,0.0,0.5,none,True,True
125070,1.0,0.0,0.5,none,True,True
125071,1.0,0.0,0.5,none,True,True
125072,1.0,0.0,0.5,none,True,True
125073,1.0,0.0,0.5,none,True,True
125074,1.0,0.0,0.5,none,True,True
125075,1.0,0.0,0.5,none,True,True
125076,1.0,0.0,0.5,none,True,True
125077,1.0,0.0,0.5,none,True,True
125078,1.0,0.0,0.5,none,True,True
125079,1.0,0.0,0.5,none,True,True
125080,1.0,0.0,0.5,none,True,True
125081,1.0,0.0,0.5,none,True,True
125082,1.0,0.0,0.5,none,True,True
125083,1.0,0.0,0.5,none,True,True
125084,1.0,0.0,0.5,none,True,True
125085,1.0,0.0,0.5,none,True,True
125086,1.0,0.0,0.5,none,True,True
125087,1.0,0.0,0.5,none,True,True
125088,1.0,0.0,0.5,none,True,True
125089,1.0,0.0,0.5,none,True,True
125090,1.0,0.0,0.5,none,True,True
125091,1.0,0.0,0.5,none,True,True
125092,1.0,0.0,0.5,none,True,True
125093,1.0,0.0,0.5,none,True,True
125094,1.0,0.0,0.5,none,True,True
125095,1.0,0.0,0.5,none,True,True
125096,1.0,0.0,0.5,none,True,True
125097,1.0,0.0,0.5,none,True,True
125098,1.0,0.0,0.5,none,True,True
125099,1.0,0.0,0.5,none,True,True
125100,1.0,0.0,0.5,none,True,True
125101,1.0,0.0,0.5,none,True,True
125102,1.0,0.0,0.5,none,True,True
125103,1.0,0.0,0.5,none,True,True
125104,1.0,0.0,0.5,none,True,True
125105,1.0,0.0,0.5,none,True,True
125106,1.0,0.0,0.5,none,True,True
125107,1.0,0.0,0.5,none,True,True
125108,1.0,0.0,0.5,none,True,True
125109,1.0,0.0,0.5,none,True,True
125110,1.0,0.0,0.5,none,True,True
125111,1.0,0.0,0.5,none,True,True
125112,1.0,0.0,0.5,none,True,True
125113,1.0,0.0,0.5,none,True,True
125114,1.0,0.0,0.5,none,True,True
125115,1.0,0.0,0.5,none,True,True
125116,1.0,0.0,0.5,none,True,True
125117,1.0,0.0,0.5,none,True,True
125118,1.0,0.0,0.5,none,True,True
125119,1.0,0.0,0.5,none,True,True
125120,1.0,0.0,0.5,none,True,True
125121,1.0,0.0,0.5,none,True,True
125122,1.0,0.0,0.5,none,True,True
125123,1.0,0.0,0.5,none,True,True
125124,1.0,0.0,0.5,none,True,True
125125,1.0,0.0,0.5,none,True,True
125126,1.0,0.0,0.5,none,True,True
125127,1.0,0.0,0.5,none,True,True
125128,1.0,0.0,0.5,none,True,True
125129,1.0,0.0,0.5,none,True,True
125130,1.0,0.0,0.5,none,True,True
125131,1.0,0.0,0.5,none,True,True
125132,1.0,0.0,0.5,none,True,True
125133,1.0,0.0,0.5,none,True,True
125134,1.0,0.0,0.5,none,True,True
125135,1.0,0.0,0.5,none,True,True
125136,1.0,0.0,0.5,none,True,True
125137,1.0,0.0,0.5,none,True,True
125138,1.0,0.0,0.5,none,True,True
125139,1.0,0.0,0.5,none,True,True
125140,1.0,0.0,0.5,none,True,True
125141,1.0,0.0,0.5,none,True,True
125142,1.0,0.0,0.5,none,True,True
125143,1.0,0.0,0.5,none,True,True
125144,1.0,0.0,0.5,none,True,True
125145,1.0,0.0,0.5,none,True,True
125146,1.0,0.0,0.5,none,True,True
125147,1.0,0.0,0.5,none,True,True
125148,1.0,0.0,0.5,none,True,True
125149,1.0,0.0,0.5,none,True,True
125150,1.0,0.0,0.5,none,True,True
125151,1.0,0.0,0.5,none,True,True
125152,1.0,0.0,0.5,none,True,True
125153,1.0,0.0,0.5,none,True,True
125154,1.0,0.0,0.5,none,True,True
125155,1.0,0.0,0.5,none,True,True
125156,1.0,0.0,0.5,none,True,True
125157,1.0,0.0,0.5,none,True,True
125158,1.0,0.0,0.5,none,True,True
125159,1.0,0.0,0.5,none,True,True
125160,1.0,0.0,0.5,none,True,True
125161,1.0,0.0,0.5,none,True,True
125162,1.0,0.0,0.5,none,True,True
125163,1.0,0.0,0.5,none,True,True
125164,1.0,0.0,0.5,none,True,True
125165,1.0,0.0,0.5,none,True,True
125166,1.0,0.0,0.5,none,True,True
125167,1.0,0.0,0.5,none,True,True
125168,1.0,0.0,0.5,none,True,True
125169,1.0,0.0,0.5,none,True,True
125170,1.0,0.0,0.5,none,True,True
125171,1.0,0.0,0.5,none,True,True
125172,1.0,0.0,0.5,none,True,True
125173,1.0,0.0,0.5,none,True,True
125174,1.0,0.0,0.5,none,True,True
125175,1.0,0.0,0.5,none,True,True
125176,1.0,0.0,0.5,none,True,True
125177,1.0,0.0,0.5,none,True,True
125178,1.0,0.0,0.5,none,True,True
125179,1.0,0.0,0.5,none,True,True
125180,1.0,0.0,0.5,none,True,True
125181,1.0,0.0,0.5,none,True,True
125182,1.0,0.0,0.5,none,True,True
125183,1.0,0.0,0.5,none,True,True
125184,1.0,0.0,0.5,none,True,True
125185,1.0,0.0,0.5,none,True,True
125186,1.0,0.0,0.5,none,True,True
125187,1.0,0.0,0.5,none,True,True
125188,1.0,0.0,0.5,none,True,True
125189,1.0,0.0,0.5,none,True,True
125190,1.0,0.0,0.5,none,True,True
125191,1.0,0.0,0.5,none,True,True
125192,1.0,0.0,0.5,none,True,True
125193,1.0,0.0,0.5,none,True,True
125194,1.0,0.0,0.5,none,True,True
125195,1.0,0.0,0.5,none,True,True
125196,1.0,0.0,0.5,none,True,True
125197,1.0,0.0,0.5,none,True,True
125198,1.0,0.0,0.5,none,True,True
125199,1.0,0.0,0.5,none,True,True
125200,1.0,0.0,0.5,none,True,True
125201,1.0,0.0,0.5,none,True,True
125202,1.0,0.0,0.5,none,True,True
125203,1.0,0.0,0.5,none,True,True
125204,1.0,0.0,0.5,none,True,True
125205,1.0,0.0,0.5,none,True,True
125206,1.0,0.0,0.5,none,True,True
125207,1.0,0.0,0.5,none,True,True
125208,1.0,0.0,0.5,none,True,True
125209,1.0,0.0,0.5,none,True,True
125210,1.0,0.0,0.5,none,True,True
125211,1.0,0.0,0.5,none,True,True
125212,1.0,0.0,0.5,none,True,True
125213,1.0,0.0,0.5,none,True,True
125214,1.0,0.0,0.5,none,True,True
125215,1.0,0.0,0.5,none,True,True
125216,1.0,0.0,0.5,none,True,True
125217,1.0,0.0,0.5,none,True,True
125218,1.0,0.0,0.5,none,True,True
125219,1.0,0.0,0.5,none,True,True
125220,1.0,0.0,0.5,none,True,True
125221,1.0,0.0,0.5,none,True,True
125222,1.0,0.0,0.5,none,True,True
125223,1.0,0.0,0.5,none,True,True
125224,1.0,0.0,0.5,none,True,True
125225,1.0,0.0,0.5,none,True,True
125226,1.0,0.0,0.5,none,True,True
125227,1.0,0.0,0.5,none,True,True
125228,1.0,0.0,0.5,none,True,True
125229,1.0,0.0,0.5,none,True,True
125230,1.0,0.0,0.5,none,True,True
125231,1.0,0.0,0.5,none,True,True
125232,1.0,0.0,0.5,none,True,True
125233,1.0,0.0,0.5,none,True,True
125234,1.0,0.0,0.5,none,True,True
125235,1.0,0.0,0.5,none,True,True
125236,1.0,0.0,0.5,none,True,True
125237,1.0,0.0,0.5,none,True,True
125238,1.0,0.0,0.5,none,True,True
125239,1.0,0.0,0.5,none,True,True
125240,1.0,0.0,0.5,none,True,True
125241,1.0,0.0,0.5,none,True,True
125242,1.0,0.0,0.5,none,True,True
125243,1.0,0.0,0.5,none,True,True
125244,1.0,0.0,0.5,none,True,True
125245,1.0,0.0,0.5,none,True,True
125246,1.0,0.0,0.5,none,True,True
125247,1.0,0.0,0.5,none,True,True
125248,1.0,0.0,0.5,none,True,True
125249,1.0,0.0,0.5,none,True,True
125250,1.0,0.0,0.5,none,True,True
125251,1.0,0.0,0.5,none,True,True
125252,1.0,0.0,0.5,none,True,True
125253,1.0,0.0,0.5,none,True,True
125254,1.0,0.0,0.5,none,True,True
125255,1.0,0.0,0.5,none,True,True
125256,1.0,0.0,0.5,none,True,True
125257,1.0,0.0,0.5,none,True,True
125258,1.0,0.0,0.5,none,True,True
125259,1.0,0.0,0.5,none,True,True
125260,1.0,0.0,0.5,none,True,True
125261,1.0,0.0,0.5,none,True,True
125262,1.0,0.0,0.5,none,True,True
125263,1.0,0.0,0.5,none,True,True
125264,1.0,0.0,0.5,none,True,True
125265,1.0,0.0,0.5,none,True,True
125266,1.0,0.0,0.5,none,True,True
125267,1.0,0.0,0.5,none,True,True
125268,1.0,0.0,0.5,none,True,True
125269,1.0,0.0,0.5,none,True,True
125270,1.0,0.0,0.5,none,True,True
125271,1.0,0.0,0.5,none,True,True
125272,1.0,0.0,0.5,none,True,True
125273,1.0,0.0,0.5,none,True,True
125274,1.0,0.0,0.5,none,True,True
125275,1.0,0.0,0.5,none,True,True
125276,1.0,0.0,0.5,none,True,True
125277,1.0,0.0,0.5,none,True,True
125278,1.0,0.0,0.5,none,True,True
125279,1.0,0.0,0.5,none,True,True
125280,1.0,0.0,0.5,none,True,True
125281,1.0,0.0,0.5,none,True,True
125282,1.0,0.0,0.5,none,True,True
125283,1.0,0.0,0.5,none,True,True
125284,1.0,0.0,0.5,none,True,True
125285,1.0,0.0,0.5,none,True,True
125286,1.0,0.0,0.5,none,True,True
125287,1.0,0.0,0.5,none,True,True
125288,1.0,0.0,0.5,none,True,True
125289,1.0,0.0,0.5,none,True,True
125290,1.0,0.0,0.5,none,True,True
125291,1.0,0.0,0.5,none,True,True
125292,1.0,0.0,0.5,none,True,True
125293,1.0,0.0,0.5,none,True,True
125294,1.0,0.0,0.5,none,True,True
125295,1.0,0.0,0.5,none,True,True
125296,1.0,0.0,0.5,none,True,True
125297,1.0,0.0,0.5,none,True,True
125298,1.0,0.0,0.5,none,True,True
125299,1.0,0.0,0.5,none,True,True
125300,1.0,0.0061,0.5,none,True,True
125301,1.0,0.0357,0.5,none,True,True
125302,1.0,0.0812,0.5,none,True,True
125303,1.0,0.1113,0.5,none,True,True
125304,1.0,0.1253,0.5,none,True,True
125305,1.0,0.1408,0.5,none,True,True
125306,1.0,0.0907,0.5,none,True,True
125307,1.0,0.1198,0.5,none,True,True
125308,1.0,0.0467,0.5,none,True,True
125309,1.0,0.0522,0.5,none,True,True
125310,1.0,0.0405,0.5,none,True,True
125311,1.0,0.0313,0.5,none,True,True
125312,1.0,0.0083,0.5,none,True,True
125313,1.0,0.0726,0.5,none,True,True
125314,1.0,0.0793,0.5,none,True,True
125315,1.0,0.0581,0.5,none,True,True
125316,1.0,0.0955,0.5,none,True,True
125317,1.0,0.0839,0.5,none,True,True
125318,1.0,0.0648,0.5,none,True,True
125319,1.0,0.0718,0.5,none,True,True
125320,1.0,0.0589,0.5,none,True,True
125321,1.0,0.0403,0.5,none,True,True
125322,1.0,0.0327,0.5,none,True,True
125323,1.0,0.0277,0.5,none,True,True
125324,1.0,0.017,0.5,none,True,True
125325,1.0,0.0102,0.5,none,True,True
125326,1.0,0.0099,0.5,none,True,True
125327,1.0,0.008,0.5,none,True,True
125328,1.0,0.005,0.5,none,True,True
125329,1.0,0.0063,0.5,none,True,True
125330,1.0,0.009,0.5,none,True,True
125331,1.0,0.0096,0.5,none,True,True
125332,1.0,0.0108,0.5,none,True,True
125333,1.0,0.014,0.5,none,True,True
125334,1.0,0.0161,0.5,none,True,True
125335,1.0,0.0167,0.5,none,True,True
125336,1.0,0.0182,0.5,none,True,True
125337,1.0,0.0196,0.5,none,True,True
125338,1.0,0.0197,0.5,none,True,True
125339,1.0,0.0193,0.5,none,True,True
125340,1.0,0.0193,0.5,none,True,True
125341,1.0,0.0187,0.5,none,True,True
125342,1.0,0.0174,0.5,none,True,True
125343,1.0,0.0163,0.5,none,True,True
125344,1.0,0.0152,0.5,none,True,True
125345,1.0,0.0138,0.5,none,True,True
125346,1.0,0.0123,0.5,none,True,True
125347,1.0,0.0111,0.5,none,True,True
125348,1.0,0.01,0.5,none,True,True
125349,1.0,0.0088,0.5,none,True,True
125350,1.0,0.0078,0.5,none,True,True
125351,1.0,0.0071,0.5,none,True,True
125352,1.0,0.0064,0.5,none,True,True
125353,1.0,0.0057,0.5,none,True,True
125354,1.0,0.0053,0.5,none,True,True
125355,1.0,0.005,0.5,none,True,True
125356,1.0,0.0047,0.5,none,True,True
125357,1.0,0.0045,0.5,none,True,True
125358,1.0,0.0044,0.5,none,True,True
125359,1.0,0.0043,0.5,none,True,True
125360,1.0,0.0042,0.5,none,True,True
125361,1.0,0.0041,0.5,none,True,True
125362,1.0,0.004,0.5,none,True,True
125363,1.0,0.0039,0.5,none,True,True
125364,1.0,0.0038,0.5,none,True,True
125365,1.0,0.0037,0.5,none,True,True
125366,1.0,0.0035,0.5,none,True,True
125367,1.0,0.0033,0.5,none,True,True
125368,1.0,0.0032,0.5,none,True,True
125369,1.0,0.003,0.5,none,True,True
125370,1.0,0.0028,0.5,none,True,True
125371,1.0,0.0026,0.5,none,True,True
125372,1.0,0.0024,0.5,none,True,True
125373,1.0,0.0023,0.5,none,True,True
125374,1.0,0.0021,0.5,none,True,True
125375,1.0,0.0019,0.5,none,True,True
125376,1.0,0.0018,0.5,none,True,True
125377,1.0,0.0017,0.5,none,True,True
125378,1.0,0.0015,0.5,none,True,True
125379,1.0,0.0014,0.5,none,True,True
125380,1.0,0.0013,0.5,none,True,True
125381,1.0,0.0013,0.5,none,True,True
125382,1.0,0.0012,0.5,none,True,True
125383,1.0,0.0011,0.5,none,True,True
125384,1.0,0.0011,0.5,none,True,True
125385,1.0,0.001,0.5,none,True,True
125386,1.0,0.001,0.5,none,True,True
125387,1.0,0.0009,0.5,none,True,True
125388,1.0,0.0009,0.5,none,True,True
125389,1.0,0.0008,0.5,none,True,True
125390,1.0,0.0008,0.5,none,True,True
125391,1.0,0.0008,0.5,none,True,True
125392,1.0,0.0007,0.5,none,True,True
125393,1.0,0.0007,0.5,none,True,True
125394,1.0,0.0006,0.5,none,True,True
125395,1.0,0.0006,0.5,none,True,True
125396,1.0,0.0006,0.5,none,True,True
125397,1.0,0.0005,0.5,none,True,True
125398,1.0,0.0005,0.5,none,True,True
125399,1.0,0.0005,0.5,none,True,True
125400,1.0,0.0004,0.5,none,True,True
125401,1.0,0.0004,0.5,none,True,True
125402,1.0,0.0004,0.5,none,True,True
125403,1.0,0.0004,0.5,none,True,True
125404,1.0,0.0003,0.5,none,True,True
125405,1.0,0.0003,0.5,none,True,True
125406,1.0,0.0003,0.5,none,True,True
125407,1.0,0.0003,0.5,none,True,True
125408,1.0,0.0003,0.5,none,True,True
125409,1.0,0.0003,0.5,none,True,True
125410,1.0,0.0002,0.5,none,True,True
125411,1.0,0.0002,0.5,none,True,True
125412,1.0,0.0002,0.5,none,True,True
125413,1.0,0.0002,0.5,none,True,True
125414,1.0,0.0002,0.5,none,True,True
125415,1.0,0.0002,0.5,none,True,True
125416,1.0,0.0002,0.5,none,True,True
125417,1.0,0.0002,0.5,none,True,True
125418,1.0,0.0002,0.5,none,True,True
125419,1.0,0.0001,0.5,none,True,True
125420,1.0,0.0001,0.5,none,True,True
125421,1.0,0.0001,0.5,none,True,True
125422,1.0,0.0001,0.5,none,True,True
125423,1.0,0.0001,0.5,none,True,True
125424,1.0,0.0001,0.5,none,True,True
125425,1.0,0.0001,0.5,none,True,True
125426,1.0,0.0001,0.5,none,True,True
125427,1.0,0.0001,0.5,none,True,True
125428,1.0,0.0001,0.5,none,True,True
125429,1.0,0.0001,0.5,none,True,True
125430,1.0,0.0001,0.5,none,True,True
125431,1.0,0.0001,0.5,none,True,True
125432,1.0,0.0001,0.5,none,True,True
125433,1.0,0.0001,0.5,none,True,True
125434,1.0,0.0001,0.5,none,True,True
125435,1.0,0.0001,0.5,none,True,True
125436,1.0,0.0001,0.5,none,True,True
125437,1.0,0.0,0.5,none,True,True
125438,1.0,0.0,0.5,none,True,True
125439,1.0,0.0,0.5,none,True,True
125440,1.0,0.0,0.5,none,True,True
125441,1.0,0.0,0.5,none,True,True
125442,1.0,0.0,0.5,none,True,True
125443,1.0,0.0,0.5,none,True,True
125444,1.0,0.0,0.5,none,True,True
125445,1.0,0.0,0.5,none,True,True
125446,1.0,0.0,0.5,none,True,True
125447,1.0,0.0,0.5,none,True,True
125448,1.0,0.0,0.5,none,True,True
125449,1.0,0.0,0.5,none,True,True
125450,1.0,0.0,0.5,none,True,True
125451,1.0,0.0,0.5,none,True,True
125452,1.0,0.0,0.5,none,True,True
125453,1.0,0.0,0.5,none,True,True
125454,1.0,0.0,0.5,none,True,True
125455,1.0,0.0,0.5,none,True,True
125456,1.0,0.0,0.5,none,True,True
125457,1.0,0.0,0.5,none,True,True
125458,1.0,0.0,0.5,none,True,True
125459,1.0,0.0,0.5,none,True,True
125460,1.0,0.0,0.5,none,True,True
125461,1.0,0.0,0.5,none,True,True
125462,1.0,0.0,0.5,none,True,True
125463,1.0,0.0,0.5,none,True,True
125464,1.0,0.0,0.5,none,True,True
125465,1.0,0.0,0.5,none,True,True
125466,1.0,0.0,0.5,none,True,True
125467,1.0,0.0,0.5,none,True,True
125468,1.0,0.0,0.5,none,True,True
125469,1.0,0.0,0.5,none,True,True
125470,1.0,0.0,0.5,none,True,True
125471,1.0,0.0,0.5,none,True,True
125472,1.0,0.0,0.5,none,True,True
125473,1.0,0.0,0.5,none,True,True
125474,1.0,0.0,0.5,none,True,True
125475,1.0,0.0,0.5,none,True,True
125476,1.0,0.0,0.5,none,True,True
125477,1.0,0.0,0.5,none,True,True
125478,1.0,0.0,0.5,none,True,True
125479,1.0,0.0,0.5,none,True,True
125480,1.0,0.0,0.5,none,True,True
125481,1.0,0.0,0.5,none,True,True
125482,1.0,0.0,0.5,none,True,True
125483,1.0,0.0,0.5,none,True,True
125484,1.0,0.0,0.5,none,True,True
125485,1.0,0.0,0.5,none,True,True
125486,1.0,0.0,0.5,none,True,True
125487,1.0,0.0,0.5,none,True,True
125488,1.0,0.0,0.5,none,True,True
125489,1.0,0.0,0.5,none,True,True
125490,1.0,0.0,0.5,none,True,True
125491,1.0,0.0,0.5,none,True,True
125492,1.0,0.0,0.5,none,True,True
125493,1.0,0.0,0.5,none,True,True
125494,1.0,0.0,0.5,none,True,True
125495,1.0,0.0,0.5,none,True,True
125496,1.0,0.0,0.5,none,True,True
125497,1.0,0.0,0.5,none,True,True
125498,1.0,0.0,0.5,none,True,True
125499,1.0,0.0,0.5,none,True,True
125500,1.0,0.0,0.5,none,True,True
125501,1.0,0.0,0.5,none,True,True
125502,1.0,0.0,0.5,none,True,True
125503,1.0,0.0,0.5,none,True,True
125504,1.0,0.0,0.5,none,True,True
125505,1.0,0.0,0.5,none,True,True
125506,1.0,0.0,0.5,none,True,True
125507,1.0,0.0,0.5,none,True,True
125508,1.0,0.0,0.5,none,True,True
125509,1.0,0.0,0.5,none,True,True
125510,1.0,0.0,0.5,none,True,True
125511,1.0,0.0,0.5,none,True,True
125512,1.0,0.0,0.5,none,True,True
125513,1.0,0.0,0.5,none,True,True
125514,1.0,0.0,0.5,none,True,True
125515,1.0,0.0,0.5,none,True,True
125516,1.0,0.0,0.5,none,True,True
125517,1.0,0.0,0.5,none,True,True
125518,1.0,0.0,0.5,none,True,True
125519,1.0,0.0,0.5,none,True,True
125520,1.0,0.0,0.5,none,True,True
125521,1.0,0.0,0.5,none,True,True
125522,1.0,0.0,0.5,none,True,True
125523,1.0,0.0,0.5,none,True,True
125524,1.0,0.0,0.5,none,True,True
125525,1.0,0.0,0.5,none,True,True
125526,1.0,0.0,0.5,none,True,True
125527,1.0,0.0,0.5,none,True,True
125528,1.0,0.0,0.5,none,True,True
125529,1.0,0.0,0.5,none,True,True
125530,1.0,0.0,0.5,none,True,True
125531,1.0,0.0,0.5,none,True,True
125532,1.0,0.0,0.5,none,True,True
125533,1.0,0.0,0.5,none,True,True
125534,1.0,0.0,0.5,none,True,True
125535,1.0,0.0,0.5,none,True,True
125536,1.0,0.0,0.5,none,True,True
125537,1.0,0.0,0.5,none,True,True
125538,1.0,0.0,0.5,none,True,True
125539,1.0,0.0,0.5,none,True,True
125540,1.0,0.0,0.5,none,True,True
125541,1.0,0.0,0.5,none,True,True
125542,1.0,0.0,0.5,none,True,True
125543,1.0,0.0,0.5,none,True,True
125544,1.0,0.0,0.5,none,True,True
125545,1.0,0.0,0.5,none,True,True
125546,1.0,0.0,0.5,none,True,True
125547,1.0,0.0,0.5,none,True,True
125548,1.0,0.0,0.5,none,True,True
125549,1.0,0.0,0.5,none,True,True
125550,1.0,0.0,0.5,none,True,True
125551,1.0,0.0,0.5,none,True,True
125552,1.0,0.0,0.5,none,True,True
125553,1.0,0.0,0.5,none,True,True
125554,1.0,0.0,0.5,none,True,True
125555,1.0,0.0,0.5,none,True,True
125556,1.0,0.0,0.5,none,True,True
125557,1.0,0.0,0.5,none,True,True
125558,1.0,0.0,0.5,none,True,True
125559,1.0,0.0,0.5,none,True,True
125560,1.0,0.0,0.5,none,True,True
125561,1.0,0.0,0.5,none,True,True
125562,1.0,0.0,0.5,none,True,True
125563,1.0,0.0,0.5,none,True,True
125564,1.0,0.0,0.5,none,True,True
125565,1.0,0.0,0.5,none,True,True
125566,1.0,0.0,0.5,none,True,True
125567,1.0,0.0,0.5,none,True,True
125568,1.0,0.0,0.5,none,True,True
125569,1.0,0.0,0.5,none,True,True
125570,1.0,0.0,0.5,none,True,True
125571,1.0,0.0,0.5,none,True,True
125572,1.0,0.0,0.5,none,True,True
125573,1.0,0.0,0.5,none,True,True
125574,1.0,0.0,0.5,none,True,True
125575,1.0,0.0,0.5,none,True,True
125576,1.0,0.0,0.5,none,True,True
125577,1.0,0.0,0.5,none,True,True
125578,1.0,0.0,0.5,none,True,True
125579,1.0,0.0,0.5,none,True,True
125580,1.0,0.0,0.5,none,True,True
125581,1.0,0.0,0.5,none,True,True
125582,1.0,0.0,0.5,none,True,True
125583,1.0,0.0,0.5,none,True,True
125584,1.0,0.0,0.5,none,True,True
125585,1.0,0.0,0.5,none,True,True
125586,1.0,0.0,0.5,none,True,True
125587,1.0,0.0,0.5,none,True,True
125588,1.0,0.0,0.5,none,True,True
125589,1.0,0.0,0.5,none,True,True
125590,1.0,0.0,0.5,none,True,True
125591,1.0,0.0,0.5,none,True,True
125592,1.0,0.0,0.5,none,True,True
125593,1.0,0.0,0.5,none,True,True
125594,1.0,0.0,0.5,none,True,True
125595,1.0,0.0,0.5,none,True,True
125596,1.0,0.0,0.5,none,True,True
125597,1.0,0.0,0.5,none,True,True
125598,1.0,0.0,0.5,none,True,True
125599,1.0,0.0,0.5,none,True,True
125600,1.0,0.0,0.5,none,True,True
125601,1.0,0.0,0.5,none,True,True
125602,1.0,0.0,0.5,none,True,True
125603,1.0,0.0,0.5,none,True,True
125604,1.0,0.0,0.5,none,True,True
125605,1.0,0.0,0.5,none,True,True
125606,1.0,0.0,0.5,none,True,True
125607,1.0,0.0,0.5,none,True,True
125608,1.0,0.0,0.5,none,True,True
125609,1.0,0.0,0.5,none,True,True
125610,1.0,0.0,0.5,none,True,True
125611,1.0,0.0,0.5,none,True,True
125612,1.0,0.0,0.5,none,True,True
125613,1.0,0.0,0.5,none,True,True
125614,1.0,0.0,0.5,none,True,True
125615,1.0,0.0,0.5,none,True,True
125616,1.0,0.0,0.5,none,True,True
125617,1.0,0.0,0.5,none,True,True
125618,1.0,0.0,0.5,none,True,True
125619,1.0,0.0,0.5,none,True,True
125620,1.0,0.0,0.5,none,True,True
125621,1.0,0.0,0.5,none,True,True
125622,1.0,0.0,0.5,none,True,True
125623,1.0,0.0,0.5,none,True,True
125624,1.0,0.0,0.5,none,True,True
125625,1.0,0.0,0.5,none,True,True
125626,1.0,0.0,0.5,none,True,True
125627,1.0,0.0,0.5,none,True,True
125628,1.0,0.0,0.5,none,True,True
125629,1.0,0.0,0.5,none,True,True
125630,1.0,0.0,0.5,none,True,True
125631,1.0,0.0,0.5,none,True,True
125632,1.0,0.0,0.5,none,True,True
125633,1.0,0.0,0.5,none,True,True
125634,1.0,0.0,0.5,none,True,True
125635,1.0,0.0,0.5,none,True,True
125636,1.0,0.0,0.5,none,True,True
125637,1.0,0.0,0.5,none,True,True
125638,1.0,0.0,0.5,none,True,True
125639,1.0,0.0,0.5,none,True,True
125640,1.0,0.0,0.5,none,True,True
125641,1.0,0.0,0.5,none,True,True
125642,1.0,0.0,0.5,none,True,True
125643,1.0,0.0,0.5,none,True,True
125644,1.0,0.0,0.5,none,True,True
125645,1.0,0.0,0.5,none,True,True
125646,1.0,0.0,0.5,none,True,True
125647,1.0,0.0,0.5,none,True,True
125648,1.0,0.0,0.5,none,True,True
125649,1.0,0.0,0.5,none,True,True
125650,1.0,0.0,0.5,none,True,True
125651,1.0,0.0,0.5,none,True,True
125652,1.0,0.0,0.5,none,True,True
125653,1.0,0.0,0.5,none,True,True
125654,1.0,0.0,0.5,none,True,True
125655,1.0,0.0,0.5,none,True,True
125656,1.0,0.0,0.5,none,True,True
125657,1.0,0.0,0.5,none,True,True
125658,1.0,0.0,0.5,none,True,True
125659,1.0,0.0,0.5,none,True,True
125660,1.0,0.0,0.5,none,True,True
125661,1.0,0.0,0.5,none,True,True
125662,1.0,0.0,0.5,none,True,True
125663,1.0,0.0,0.5,none,True,True
125664,1.0,0.0,0.5,none,True,True
125665,1.0,0.0,0.5,none,True,True
125666,1.0,0.0,0.5,none,True,True
125667,1.0,0.0,0.5,none,True,True
125668,1.0,0.0,0.5,none,True,True
125669,1.0,0.0,0.5,none,True,True
125670,1.0,0.0,0.5,none,True,True
125671,1.0,0.0,0.5,none,True,True
125672,1.0,0.0,0.5,none,True,True
125673,1.0,0.0,0.5,none,True,True
125674,1.0,0.0,0.5,none,True,True
125675,1.0,0.0,0.5,none,True,True
125676,1.0,0.0,0.5,none,True,True
125677,1.0,0.0,0.5,none,True,True
125678,1.0,0.0,0.5,none,True,True
125679,1.0,0.0,0.5,none,True,True
125680,1.0,0.0,0.5,none,True,True
125681,1.0,0.0,0.5,none,True,True
125682,1.0,0.0,0.5,none,True,True
125683,1.0,0.0,0.5,none,True,True
125684,1.0,0.0,0.5,none,True,True
125685,1.0,0.0,0.5,none,True,True
125686,1.0,0.0,0.5,none,True,True
125687,1.0,0.0,0.5,none,True,True
125688,1.0,0.0,0.5,none,True,True
125689,1.0,0.0,0.5,none,True,True
125690,1.0,0.0,0.5,none,True,True
125691,1.0,0.0,0.5,none,True,True
125692,1.0,0.0,0.5,none,True,True
125693,1.0,0.0,0.5,none,True,True
125694,1.0,0.0,0.5,none,True,True
125695,1.0,0.0,0.5,none,True,True
125696,1.0,0.0,0.5,none,True,True
125697,1.0,0.0,0.5,none,True,True
125698,1.0,0.0,0.5,none,True,True
125699,1.0,0.0,0.5,none,True,True
125700,1.0,0.0,0.5,none,True,True
125701,1.0,0.0,0.5,none,True,True
125702,1.0,0.0,0.5,none,True,True
125703,1.0,0.0,0.5,none,True,True
125704,1.0,0.0,0.5,none,True,True
125705,1.0,0.0,0.5,none,True,True
125706,1.0,0.0,0.5,none,True,True
125707,1.0,0.0,0.5,none,True,True
125708,1.0,0.0,0.5,none,True,True
125709,1.0,0.0,0.5,none,True,True
125710,1.0,0.0,0.5,none,True,True
125711,1.0,0.0,0.5,none,True,True
125712,1.0,0.0,0.5,none,True,True
125713,1.0,0.0,0.5,none,True,True
125714,1.0,0.0,0.5,none,True,True
125715,1.0,0.0,0.5,none,True,True
125716,1.0,0.0,0.5,none,True,True
125717,1.0,0.0,0.5,none,True,True
125718,1.0,0.0,0.5,none,True,True
125719,1.0,0.0,0.5,none,True,True
125720,1.0,0.0,0.5,none,True,True
125721,1.0,0.0,0.5,none,True,True
125722,1.0,0.0,0.5,none,True,True
125723,1.0,0.0,0.5,none,True,True
125724,1.0,0.0,0.5,none,True,True
125725,1.0,0.0,0.5,none,True,True
125726,1.0,0.0,0.5,none,True,True
125727,1.0,0.0,0.5,none,True,True
125728,1.0,0.0,0.5,none,True,True
125729,1.0,0.0,0.5,none,True,True
125730,1.0,0.0,0.5,none,True,True
125731,1.0,0.0,0.5,none,True,True
125732,1.0,0.0,0.5,none,True,True
125733,1.0,0.0,0.5,none,True,True
125734,1.0,0.0,0.5,none,True,True
125735,1.0,0.0,0.5,none,True,True
125736,1.0,0.0,0.5,none,True,True
125737,1.0,0.0,0.5,none,True,True
125738,1.0,0.0,0.5,none,True,True
125739,1.0,0.0,0.5,none,True,True
125740,1.0,0.0,0.5,none,True,True
125741,1.0,0.0,0.5,none,True,True
125742,1.0,0.0,0.5,none,True,True
125743,1.0,0.0,0.5,none,True,True
125744,1.0,0.0,0.5,none,True,True
125745,1.0,0.0,0.5,none,True,True
125746,1.0,0.0,0.5,none,True,True
125747,1.0,0.0,0.5,none,True,True
125748,1.0,0.0,0.5,none,True,True
125749,1.0,0.0,0.5,none,True,True
125750,1.0,0.0,0.5,none,True,True
125751,1.0,0.0,0.5,none,True,True
125752,1.0,0.0,0.5,none,True,True
125753,1.0,0.0,0.5,none,True,True
125754,1.0,0.0,0.5,none,True,True
125755,1.0,0.0,0.5,none,True,True
125756,1.0,0.0,0.5,none,True,True
125757,1.0,0.0,0.5,none,True,True
125758,1.0,0.0,0.5,none,True,True
125759,1.0,0.0,0.5,none,True,True
125760,1.0,0.0,0.5,none,True,True
125761,1.0,0.0,0.5,none,True,True
125762,1.0,0.0,0.5,none,True,True
125763,1.0,0.0,0.5,none,True,True
125764,1.0,0.0,0.5,none,True,True
125765,1.0,0.0,0.5,none,True,True
125766,1.0,0.0,0.5,none,True,True
125767,1.0,0.0,0.5,none,True,True
125768,1.0,0.0,0.5,none,True,True
125769,1.0,0.0,0.5,none,True,True
125770,1.0,0.0,0.5,none,True,True
125771,1.0,0.0,0.5,none,True,True
125772,1.0,0.0,0.5,none,True,True
125773,1.0,0.0,0.5,none,True,True
125774,1.0,0.0,0.5,none,True,True
125775,1.0,0.0,0.5,none,True,True
125776,1.0,0.0,0.5,none,True,True
125777,1.0,0.0,0.5,none,True,True
125778,1.0,0.0,0.5,none,True,True
125779,1.0,0.0,0.5,none,True,True
125780,1.0,0.0,0.5,none,True,True
125781,1.0,0.0,0.5,none,True,True
125782,1.0,0.0,0.5,none,True,True
125783,1.0,0.0,0.5,none,True,True
125784,1.0,0.0,0.5,none,True,True
125785,1.0,0.0,0.5,none,True,True
125786,1.0,0.0,0.5,none,True,True
125787,1.0,0.0,0.5,none,True,True
125788,1.0,0.0,0.5,none,True,True
125789,1.0,0.0,0.5,none,True,True
125790,1.0,0.0,0.5,none,True,True
125791,1.0,0.0,0.5,none,True,True
125792,1.0,0.0,0.5,none,True,True
125793,1.0,0.0,0.5,none,True,True
125794,1.0,0.0,0.5,none,True,True
125795,1.0,0.0,0.5,none,True,True
125796,1.0,0.0,0.5,none,True,True
125797,1.0,0.0,0.5,none,True,True
125798,1.0,0.0,0.5,none,True,True
125799,1.0,0.0,0.5,none,True,True
125800,1.0,0.0,0.5,none,True,True
125801,1.0,0.0,0.5,none,True,True
125802,1.0,0.0,0.5,none,True,True
125803,1.0,0.0,0.5,none,True,True
125804,1.0,0.0,0.5,none,True,True
125805,1.0,0.0,0.5,none,True,True
125806,1.0,0.0,0.5,none,True,True
125807,1.0,0.0,0.5,none,True,True
125808,1.0,0.0,0.5,none,True,True
125809,1.0,0.0,0.5,none,True,True
125810,1.0,0.0,0.5,none,True,True
125811,1.0,0.0,0.5,none,True,True
125812,1.0,0.0,0.5,none,True,True
125813,1.0,0.0,0.5,none,True,True
125814,1.0,0.0,0.5,none,True,True
125815,1.0,0.0,0.5,none,True,True
125816,1.0,0.0,0.5,none,True,True
125817,1.0,0.0,0.5,none,True,True
125818,1.0,0.0,0.5,none,True,True
125819,1.0,0.0,0.5,none,True,True
125820,1.0,0.0,0.5,none,True,True
125821,1.0,0.0,0.5,none,True,True
125822,1.0,0.0,0.5,none,True,True
125823,1.0,0.0,0.5,none,True,True
125824,1.0,0.0,0.5,none,True,True
125825,1.0,0.0,0.5,none,True,True
125826,1.0,0.0,0.5,none,True,True
125827,1.0,0.0,0.5,none,True,True
125828,1.0,0.0,0.5,none,True,True
125829,1.0,0.0,0.5,none,True,True
125830,1.0,0.0,0.5,none,True,True
125831,1.0,0.0,0.5,none,True,True
125832,1.0,0.0,0.5,none,True,True
125833,1.0,0.0,0.5,none,True,True
125834,1.0,0.0,0.5,none,True,True
125835,1.0,0.0,0.5,none,True,True
125836,1.0,0.0,0.5,none,True,True
125837,1.0,0.0,0.5,none,True,True
125838,1.0,0.0,0.5,none,True,True
125839,1.0,0.0,0.5,none,True,True
125840,1.0,0.0,0.5,none,True,True
125841,1.0,0.0,0.5,none,True,True
125842,1.0,0.0,0.5,none,True,True
125843,1.0,0.0,0.5,none,True,True
125844,1.0,0.0,0.5,none,True,True
125845,1.0,0.0,0.5,none,True,True
125846,1.0,0.0,0.5,none,True,True
125847,1.0,0.0,0.5,none,True,True
125848,1.0,0.0,0.5,none,True,True
125849,1.0,0.0,0.5,none,True,True
125850,1.0,0.0,0.5,none,True,True
125851,1.0,0.0,0.5,none,True,True
125852,1.0,0.0,0.5,none,True,True
125853,1.0,0.0,0.5,none,True,True
125854,1.0,0.0,0.5,none,True,True
125855,1.0,0.0,0.5,none,True,True
125856,1.0,0.0,0.5,none,True,True
125857,1.0,0.0,0.5,none,True,True
125858,1.0,0.0,0.5,none,True,True
125859,1.0,0.0,0.5,none,True,True
125860,1.0,0.0,0.5,none,True,True
125861,1.0,0.0,0.5,none,True,True
125862,1.0,0.0,0.5,none,True,True
125863,1.0,0.0,0.5,none,True,True
125864,1.0,0.0,0.5,none,True,True
125865,1.0,0.0,0.5,none,True,True
125866,1.0,0.0,0.5,none,True,True
125867,1.0,0.0,0.5,none,True,True
125868,1.0,0.0,0.5,none,True,True
125869,1.0,0.0,0.5,none,True,True
125870,1.0,0.0,0.5,none,True,True
125871,1.0,0.0,0.5,none,True,True
125872,1.0,0.0,0.5,none,True,True
125873,1.0,0.0,0.5,none,True,True
125874,1.0,0.0,0.5,none,True,True
125875,1.0,0.0,0.5,none,True,True
125876,1.0,0.0,0.5,none,True,True
125877,1.0,0.0,0.5,none,True,True
125878,1.0,0.0,0.5,none,True,True
125879,1.0,0.0,0.5,none,True,True
125880,1.0,0.0,0.5,none,True,True
125881,1.0,0.0,0.5,none,True,True
125882,1.0,0.0,0.5,none,True,True
125883,1.0,0.0,0.5,none,True,True
125884,1.0,0.0,0.5,none,True,True
125885,1.0,0.0,0.5,none,True,True
125886,1.0,0.0,0.5,none,True,True
125887,1.0,0.0,0.5,none,True,True
125888,1.0,0.0,0.5,none,True,True
125889,1.0,0.0,0.5,none,True,True
125890,1.0,0.0,0.5,none,True,True
125891,1.0,0.0,0.5,none,True,True
125892,1.0,0.0,0.5,none,True,True
125893,1.0,0.0,0.5,none,True,True
125894,1.0,0.0,0.5,none,True,True
125895,1.0,0.0,0.5,none,True,True
125896,1.0,0.0,0.5,none,True,True
125897,1.0,0.0,0.5,none,True,True
125898,1.0,0.0,0.5,none,True,True
125899,1.0,0.0,0.5,none,True,True
125900,1.0,0.0,0.5,none,True,True
125901,1.0,0.0,0.5,none,True,True
125902,1.0,0.0,0.5,none,True,True
125903,1.0,0.0,0.5,none,True,True
125904,1.0,0.0,0.5,none,True,True
125905,1.0,0.0,0.5,none,True,True
125906,1.0,0.0,0.5,none,True,True
125907,1.0,0.0,0.5,none,True,True
125908,1.0,0.0,0.5,none,True,True
125909,1.0,0.0,0.5,none,True,True
125910,1.0,0.0,0.5,none,True,True
125911,1.0,0.0,0.5,none,True,True
125912,1.0,0.0,0.5,none,True,True
125913,1.0,0.0,0.5,none,True,True
125914,1.0,0.0,0.5,none,True,True
125915,1.0,0.0,0.5,none,True,True
125916,1.0,0.0,0.5,none,True,True
125917,1.0,0.0,0.5,none,True,True
125918,1.0,0.0,0.5,none,True,True
125919,1.0,0.0,0.5,none,True,True
125920,1.0,0.0,0.5,none,True,True
125921,1.0,0.0,0.5,none,True,True
125922,1.0,0.0,0.5,none,True,True
125923,1.0,0.0,0.5,none,True,True
125924,1.0,0.0,0.5,none,True,True
125925,1.0,0.0,0.5,none,True,True
125926,1.0,0.0,0.5,none,True,True
125927,1.0,0.0,0.5,none,True,True
125928,1.0,0.0,0.5,none,True,True
125929,1.0,0.0,0.5,none,True,True
125930,1.0,0.0,0.5,none,True,True
125931,1.0,0.0,0.5,none,True,True
125932,1.0,0.0,0.5,none,True,True
125933,1.0,0.0,0.5,none,True,True
125934,1.0,0.0,0.5,none,True,True
125935,1.0,0.0,0.5,none,True,True
125936,1.0,0.0,0.5,none,True,True
125937,1.0,0.0,0.5,none,True,True
125938,1.0,0.0,0.5,none,True,True
125939,1.0,0.0,0.5,none,True,True
125940,1.0,0.0,0.5,none,True,True
125941,1.0,0.0,0.5,none,True,True
125942,1.0,0.0,0.5,none,True,True
125943,1.0,0.0,0.5,none,True,True
125944,1.0,0.0,0.5,none,True,True
125945,1.0,0.0,0.5,none,True,True
125946,1.0,0.0,0.5,none,True,True
125947,1.0,0.0,0.5,none,True,True
125948,1.0,0.0,0.5,none,True,True
125949,1.0,0.0,0.5,none,True,True
125950,1.0,0.0,0.5,none,True,True
125951,1.0,0.0,0.5,none,True,True
125952,1.0,0.0,0.5,none,True,True
125953,1.0,0.0,0.5,none,True,True
125954,1.0,0.0,0.5,none,True,True
125955,1.0,0.0,0.5,none,True,True
125956,1.0,0.0,0.5,none,True,True
125957,1.0,0.0,0.5,none,True,True
125958,1.0,0.0,0.5,none,True,True
125959,1.0,0.0,0.5,none,True,True
125960,1.0,0.0,0.5,none,True,True
125961,1.0,0.0,0.5,none,True,True
125962,1.0,0.0,0.5,none,True,True
125963,1.0,0.0,0.5,none,True,True
125964,1.0,0.0,0.5,none,True,True
125965,1.0,0.0,0.5,none,True,True
125966,1.0,0.0,0.5,none,True,True
125967,1.0,0.0,0.5,none,True,True
125968,1.0,0.0,0.5,none,True,True
125969,1.0,0.0,0.5,none,True,True
125970,1.0,0.0,0.5,none,True,True
125971,1.0,0.0,0.5,none,True,True
125972,1.0,0.0,0.5,none,True,True
125973,1.0,0.0,0.5,none,True,True
125974,1.0,0.0,0.5,none,True,True
125975,1.0,0.0,0.5,none,True,True
125976,1.0,0.0,0.5,none,True,True
125977,1.0,0.0,0.5,none,True,True
125978,1.0,0.0,0.5,none,True,True
125979,1.0,0.0,0.5,none,True,True
125980,1.0,0.0,0.5,none,True,True
125981,1.0,0.0,0.5,none,True,True
125982,1.0,0.0,0.5,none,True,True
125983,1.0,0.0,0.5,none,True,True
125984,1.0,0.0,0.5,none,True,True
125985,1.0,0.0,0.5,none,True,True
125986,1.0,0.0,0.5,none,True,True
125987,1.0,0.0,0.5,none,True,True
125988,1.0,0.0,0.5,none,True,True
125989,1.0,0.0,0.5,none,True,True
125990,1.0,0.0,0.5,none,True,True
125991,1.0,0.0,0.5,none,True,True
125992,1.0,0.0,0.5,none,True,True
125993,1.0,0.0,0.5,none,True,True
125994,1.0,0.0,0.5,none,True,True
125995,1.0,0.0,0.5,none,True,True
125996,1.0,0.0,0.5,none,True,True
125997,1.0,0.0,0.5,none,True,True
125998,1.0,0.0,0.5,none,True,True
125999,1.0,0.0,0.5,none,True,True
126000,1.0,0.0061,0.5,none,True,True
126001,1.0,0.0357,0.5,none,True,True
126002,1.0,0.0812,0.5,none,True,True
126003,1.0,0.1113,0.5,none,True,True
126004,1.0,0.1253,0.5,none,True,True
126005,1.0,0.1408,0.5,none,True,True
126006,1.0,0.0907,0.5,none,True,True
126007,1.0,0.1198,0.5,none,True,True
126008,1.0,0.0467,0.5,none,True,True
126009,1.0,0.0522,0.5,none,True,True
126010,1.0,0.0405,0.5,none,True,True
126011,1.0,0.0313,0.5,none,True,True
126012,1.0,0.0083,0.5,none,True,True
126013,1.0,0.0726,0.5,none,True,True
126014,1.0,0.0793,0.5,none,True,True
126015,1.0,0.0581,0.5,none,True,True
126016,1.0,0.0955,0.5,none,True,True
126017,1.0,0.0839,0.5,none,True,True
126018,1.0,0.0648,0.5,none,True,True
126019,1.0,0.0718,0.5,none,True,True
126020,1.0,0.0589,0.5,none,True,True
126021,1.0,0.0403,0.5,none,True,True
126022,1.0,0.0327,0.5,none,True,True
126023,1.0,0.0277,0.5,none,True,True
126024,1.0,0.017,0.5,none,True,True
126025,1.0,0.0102,0.5,none,True,True
126026,1.0,0.0099,0.5,none,True,True
126027,1.0,0.008,0.5,none,True,True
126028,1.0,0.005,0.5,none,True,True
126029,1.0,0.0063,0.5,none,True,True
126030,1.0,0.009,0.5,none,True,True
126031,1.0,0.0096,0.5,none,True,True
126032,1.0,0.0108,0.5,none,True,True
126033,1.0,0.014,0.5,none,True,True
126034,1.0,0.0161,0.5,none,True,True
126035,1.0,0.0167,0.5,none,True,True
126036,1.0,0.0182,0.5,none,True,True
126037,1.0,0.0196,0.5,none,True,True
126038,1.0,0.0197,0.5,none,True,True
126039,1.0,0.0193,0.5,none,True,True
126040,1.0,0.0193,0.5,none,True,True
126041,1.0,0.0187,0.5,none,True,True
126042,1.0,0.0174,0.5,none,True,True
126043,1.0,0.0163,0.5,none,True,True
126044,1.0,0.0152,0.5,none,True,True
126045,1.0,0.0138,0.5,none,True,True
126046,1.0,0.0123,0.5,none,True,True
126047,1.0,0.0111,0.5,none,True,True
126048,1.0,0.01,0.5,none,True,True
126049,1.0,0.0088,0.5,none,True,True
126050,1.0,0.0078,0.5,none,True,True
126051,1.0,0.0071,0.5,none,True,True
126052,1.0,0.0064,0.5,none,True,True
126053,1.0,0.0057,0.5,none,True,True
126054,1.0,0.0053,0.5,none,True,True
126055,1.0,0.005,0.5,none,True,True
126056,1.0,0.0047,0.5,none,True,True
126057,1.0,0.0045,0.5,none,True,True
126058,1.0,0.0044,0.5,none,True,True
126059,1.0,0.0043,0.5,none,True,True
126060,1.0,0.0042,0.5,none,True,True
126061,1.0,0.0041,0.5,none,True,True
126062,1.0,0.004,0.5,none,True,True
126063,1.0,0.0039,0.5,none,True,True
126064,1.0,0.0038,0.5,none,True,True
126065,1.0,0.0037,0.5,none,True,True
126066,1.0,0.0035,0.5,none,True,True
126067,1.0,0.0033,0.5,none,True,True
126068,1.0,0.0032,0.5,none,True,True
126069,1.0,0.003,0.5,none,True,True
126070,1.0,0.0028,0.5,none,True,True
126071,1.0,0.0026,0.5,none,True,True
126072,1.0,0.0024,0.5,none,True,True
126073,1.0,0.0023,0.5,none,True,True
126074,1.0,0.0021,0.5,none,True,True
126075,1.0,0.0019,0.5,none,True,True
126076,1.0,0.0018,0.5,none,True,True
126077,1.0,0.0017,0.5,none,True,True
126078,1.0,0.0015,0.5,none,True,True
126079,1.0,0.0014,0.5,none,True,True
126080,1.0,0.0013,0.5,none,True,True
126081,1.0,0.0013,0.5,none,True,True
126082,1.0,0.0012,0.5,none,True,True
126083,1.0,0.0011,0.5,none,True,True
126084,1.0,0.0011,0.5,none,True,True
126085,1.0,0.001,0.5,none,True,True
126086,1.0,0.001,0.5,none,True,True
126087,1.0,0.0009,0.5,none,True,True
126088,1.0,0.0009,0.5,none,True,True
126089,1.0,0.0008,0.5,none,True,True
126090,1.0,0.0008,0.5,none,True,True
126091,1.0,0.0008,0.5,none,True,True
126092,1.0,0.0007,0.5,none,True,True
126093,1.0,0.0007,0.5,none,True,True
126094,1.0,0.0006,0.5,none,True,True
126095,1.0,0.0006,0.5,none,True,True
126096,1.0,0.0006,0.5,none,True,True
126097,1.0,0.0005,0.5,none,True,True
126098,1.0,0.0005,0.5,none,True,True
126099,1.0,0.0005,0.5,none,True,True
126100,1.0,0.0004,0.5,none,True,True
126101,1.0,0.0004,0.5,none,True,True
126102,1.0,0.0004,0.5,none,True,True
126103,1.0,0.0004,0.5,none,True,True
126104,1.0,0.0003,0.5,none,True,True
126105,1.0,0.0003,0.5,none,True,True
126106,1.0,0.0003,0.5,none,True,True
126107,1.0,0.0003,0.5,none,True,True
126108,1.0,0.0003,0.5,none,True,True
126109,1.0,0.0003,0.5,none,True,True
126110,1.0,0.0002,0.5,none,True,True
126111,1.0,0.0002,0.5,none,True,True
126112,1.0,0.0002,0.5,none,True,True
126113,1.0,0.0002,0.5,none,True,True
126114,1.0,0.0002,0.5,none,True,True
126115,1.0,0.0002,0.5,none,True,True
126116,1.0,0.0002,0.5,none,True,True
126117,1.0,0.0002,0.5,none,True,True
126118,1.0,0.0002,0.5,none,True,True
126119,1.0,0.0001,0.5,none,True,True
126120,1.0,0.0001,0.5,none,True,True
126121,1.0,0.0001,0.5,none,True,True
126122,1.0,0.0001,0.5,none,True,True
126123,1.0,0.0001,0.5,none,True,True
126124,1.0,0.0001,0.5,none,True,True
126125,1.0,0.0001,0.5,none,True,True
126126,1.0,0.0001,0.5,none,True,True
126127,1.0,0.0001,0.5,none,True,True
126128,1.0,0.0001,0.5,none,True,True
126129,1.0,0.0001,0.5,none,True,True
126130,1.0,0.0001,0.5,none,True,True
126131,1.0,0.0001,0.5,none,True,True
126132,1.0,0.0001,0.5,none,True,True
126133,1.0,0.0001,0.5,none,True,True
126134,1.0,0.0001,0.5,none,True,True
126135,1.0,0.0001,0.5,none,True,True
126136,1.0,0.0001,0.5,none,True,True
126137,1.0,0.0,0.5,none,True,True
126138,1.0,0.0,0.5,none,True,True
126139,1.0,0.0,0.5,none,True,True
126140,1.0,0.0,0.5,none,True,True
126141,1.0,0.0,0.5,none,True,True
126142,1.0,0.0,0.5,none,True,True
126143,1.0,0.0,0.5,none,True,True
126144,1.0,0.0,0.5,none,True,True
126145,1.0,0.0,0.5,none,True,True
126146,1.0,0.0,0.5,none,True,True
126147,1.0,0.0,0.5,none,True,True
126148,1.0,0.0,0.5,none,True,True
126149,1.0,0.0,0.5,none,True,True
126150,1.0,0.0,0.5,none,True,True
126151,1.0,0.0,0.5,none,True,True
126152,1.0,0.0,0.5,none,True,True
126153,1.0,0.0,0.5,none,True,True
126154,1.0,0.0,0.5,none,True,True
126155,1.0,0.0,0.5,none,True,True
126156,1.0,0.0,0.5,none,True,True
126157,1.0,0.0,0.5,none,True,True
126158,1.0,0.0,0.5,none,True,True
126159,1.0,0.0,0.5,none,True,True
126160,1.0,0.0,0.5,none,True,True
126161,1.0,0.0,0.5,none,True,True
126162,1.0,0.0,0.5,none,True,True
126163,1.0,0.0,0.5,none,True,True
126164,1.0,0.0,0.5,none,True,True
126165,1.0,0.0,0.5,none,True,True
126166,1.0,0.0,0.5,none,True,True
126167,1.0,0.0,0.5,none,True,True
126168,1.0,0.0,0.5,none,True,True
126169,1.0,0.0,0.5,none,True,True
126170,1.0,0.0,0.5,none,True,True
126171,1.0,0.0,0.5,none,True,True
126172,1.0,0.0,0.5,none,True,True
126173,1.0,0.0,0.5,none,True,True
126174,1.0,0.0,0.5,none,True,True
126175,1.0,0.0,0.5,none,True,True
126176,1.0,0.0,0.5,none,True,True
126177,1.0,0.0,0.5,none,True,True
126178,1.0,0.0,0.5,none,True,True
126179,1.0,0.0,0.5,none,True,True
126180,1.0,0.0,0.5,none,True,True
126181,1.0,0.0,0.5,none,True,True
126182,1.0,0.0,0.5,none,True,True
126183,1.0,0.0,0.5,none,True,True
126184,1.0,0.0,0.5,none,True,True
126185,1.0,0.0,0.5,none,True,True
126186,1.0,0.0,0.5,none,True,True
126187,1.0,0.0,0.5,none,True,True
126188,1.0,0.0,0.5,none,True,True
126189,1.0,0.0,0.5,none,True,True
126190,1.0,0.0,0.5,none,True,True
126191,1.0,0.0,0.5,none,True,True
126192,1.0,0.0,0.5,none,True,True
126193,1.0,0.0,0.5,none,True,True
126194,1.0,0.0,0.5,none,True,True
126195,1.0,0.0,0.5,none,True,True
126196,1.0,0.0,0.5,none,True,True
126197,1.0,0.0,0.5,none,True,True
126198,1.0,0.0,0.5,none,True,True
126199,1.0,0.0,0.5,none,True,True
126200,1.0,0.0,0.5,none,True,True
126201,1.0,0.0,0.5,none,True,True
126202,1.0,0.0,0.5,none,True,True
126203,1.0,0.0,0.5,none,True,True
126204,1.0,0.0,0.5,none,True,True
126205,1.0,0.0,0.5,none,True,True
126206,1.0,0.0,0.5,none,True,True
126207,1.0,0.0,0.5,none,True,True
126208,1.0,0.0,0.5,none,True,True
126209,1.0,0.0,0.5,none,True,True
126210,1.0,0.0,0.5,none,True,True
126211,1.0,0.0,0.5,none,True,True
126212,1.0,0.0,0.5,none,True,True
126213,1.0,0.0,0.5,none,True,True
126214,1.0,0.0,0.5,none,True,True
126215,1.0,0.0,0.5,none,True,True
126216,1.0,0.0,0.5,none,True,True
126217,1.0,0.0,0.5,none,True,True
126218,1.0,0.0,0.5,none,True,True
126219,1.0,0.0,0.5,none,True,True
126220,1.0,0.0,0.5,none,True,True
126221,1.0,0.0,0.5,none,True,True
126222,1.0,0.0,0.5,none,True,True
126223,1.0,0.0,0.5,none,True,True
126224,1.0,0.0,0.5,none,True,True
126225,1.0,0.0,0.5,none,True,True
126226,1.0,0.0,0.5,none,True,True
126227,1.0,0.0,0.5,none,True,True
126228,1.0,0.0,0.5,none,True,True
126229,1.0,0.0,0.5,none,True,True
126230,1.0,0.0,0.5,none,True,True
126231,1.0,0.0,0.5,none,True,True
126232,1.0,0.0,0.5,none,True,True
126233,1.0,0.0,0.5,none,True,True
126234,1.0,0.0,0.5,none,True,True
126235,1.0,0.0,0.5,none,True,True
126236,1.0,0.0,0.5,none,True,True
126237,1.0,0.0,0.5,none,True,True
126238,1.0,0.0,0.5,none,True,True
126239,1.0,0.0,0.5,none,True,True
126240,1.0,0.0,0.5,none,True,True
126241,1.0,0.0,0.5,none,True,True
126242,1.0,0.0,0.5,none,True,True
126243,1.0,0.0,0.5,none,True,True
126244,1.0,0.0,0.5,none,True,True
126245,1.0,0.0,0.5,none,True,True
126246,1.0,0.0,0.5,none,True,True
126247,1.0,0.0,0.5,none,True,True
126248,1.0,0.0,0.5,none,True,True
126249,1.0,0.0,0.5,none,True,True
126250,1.0,0.0,0.5,none,True,True
126251,1.0,0.0,0.5,none,True,True
126252,1.0,0.0,0.5,none,True,True
126253,1.0,0.0,0.5,none,True,True
126254,1.0,0.0,0.5,none,True,True
126255,1.0,0.0,0.5,none,True,True
126256,1.0,0.0,0.5,none,True,True
126257,1.0,0.0,0.5,none,True,True
126258,1.0,0.0,0.5,none,True,True
126259,1.0,0.0,0.5,none,True,True
126260,1.0,0.0,0.5,none,True,True
126261,1.0,0.0,0.5,none,True,True
126262,1.0,0.0,0.5,none,True,True
126263,1.0,0.0,0.5,none,True,True
126264,1.0,0.0,0.5,none,True,True
126265,1.0,0.0,0.5,none,True,True
126266,1.0,0.0,0.5,none,True,True
126267,1.0,0.0,0.5,none,True,True
126268,1.0,0.0,0.5,none,True,True
126269,1.0,0.0,0.5,none,True,True
126270,1.0,0.0,0.5,none,True,True
126271,1.0,0.0,0.5,none,True,True
126272,1.0,0.0,0.5,none,True,True
126273,1.0,0.0,0.5,none,True,True
126274,1.0,0.0,0.5,none,True,True
126275,1.0,0.0,0.5,none,True,True
126276,1.0,0.0,0.5,none,True,True
126277,1.0,0.0,0.5,none,True,True
126278,1.0,0.0,0.5,none,True,True
126279,1.0,0.0,0.5,none,True,True
126280,1.0,0.0,0.5,none,True,True
126281,1.0,0.0,0.5,none,True,True
126282,1.0,0.0,0.5,none,True,True
126283,1.0,0.0,0.5,none,True,True
126284,1.0,0.0,0.5,none,True,True
126285,1.0,0.0,0.5,none,True,True
126286,1.0,0.0,0.5,none,True,True
126287,1.0,0.0,0.5,none,True,True
126288,1.0,0.0,0.5,none,True,True
126289,1.0,0.0,0.5,none,True,True
126290,1.0,0.0,0.5,none,True,True
126291,1.0,0.0,0.5,none,True,True
126292,1.0,0.0,0.5,none,True,True
126293,1.0,0.0,0.5,none,True,True
126294,1.0,0.0,0.5,none,True,True
126295,1.0,0.0,0.5,none,True,True
126296,1.0,0.0,0.5,none,True,True
126297,1.0,0.0,0.5,none,True,True
126298,1.0,0.0,0.5,none,True,True
126299,1.0,0.0,0.5,none,True,True
126300,1.0,0.0,0.5,none,True,True
126301,1.0,0.0,0.5,none,True,True
126302,1.0,0.0,0.5,none,True,True
126303,1.0,0.0,0.5,none,True,True
126304,1.0,0.0,0.5,none,True,True
126305,1.0,0.0,0.5,none,True,True
126306,1.0,0.0,0.5,none,True,True
126307,1.0,0.0,0.5,none,True,True
126308,1.0,0.0,0.5,none,True,True
126309,1.0,0.0,0.5,none,True,True
126310,1.0,0.0,0.5,none,True,True
126311,1.0,0.0,0.5,none,True,True
126312,1.0,0.0,0.5,none,True,True
126313,1.0,0.0,0.5,none,True,True
126314,1.0,0.0,0.5,none,True,True
126315,1.0,0.0,0.5,none,True,True
126316,1.0,0.0,0.5,none,True,True
126317,1.0,0.0,0.5,none,True,True
126318,1.0,0.0,0.5,none,True,True
126319,1.0,0.0,0.5,none,True,True
126320,1.0,0.0,0.5,none,True,True
126321,1.0,0.0,0.5,none,True,True
126322,1.0,0.0,0.5,none,True,True
126323,1.0,0.0,0.5,none,True,True
126324,1.0,0.0,0.5,none,True,True
126325,1.0,0.0,0.5,none,True,True
126326,1.0,0.0,0.5,none,True,True
126327,1.0,0.0,0.5,none,True,True
126328,1.0,0.0,0.5,none,True,True
126329,1.0,0.0,0.5,none,True,True
126330,1.0,0.0,0.5,none,True,True
126331,1.0,0.0,0.5,none,True,True
126332,1.0,0.0,0.5,none,True,True
126333,1.0,0.0,0.5,none,True,True
126334,1.0,0.0,0.5,none,True,True
126335,1.0,0.0,0.5,none,True,True
126336,1.0,0.0,0.5,none,True,True
126337,1.0,0.0,0.5,none,True,True
126338,1.0,0.0,0.5,none,True,True
126339,1.0,0.0,0.5,none,True,True
126340,1.0,0.0,0.5,none,True,True
126341,1.0,0.0,0.5,none,True,True
126342,1.0,0.0,0.5,none,True,True
126343,1.0,0.0,0.5,none,True,True
126344,1.0,0.0,0.5,none,True,True
126345,1.0,0.0,0.5,none,True,True
126346,1.0,0.0,0.5,none,True,True
126347,1.0,0.0,0.5,none,True,True
126348,1.0,0.0,0.5,none,True,True
126349,1.0,0.0,0.5,none,True,True
126350,1.0,0.0,0.5,none,True,True
126351,1.0,0.0,0.5,none,True,True
126352,1.0,0.0,0.5,none,True,True
126353,1.0,0.0,0.5,none,True,True
126354,1.0,0.0,0.5,none,True,True
126355,1.0,0.0,0.5,none,True,True
126356,1.0,0.0,0.5,none,True,True
126357,1.0,0.0,0.5,none,True,True
126358,1.0,0.0,0.5,none,True,True
126359,1.0,0.0,0.5,none,True,True
126360,1.0,0.0,0.5,none,True,True
126361,1.0,0.0,0.5,none,True,True
126362,1.0,0.0,0.5,none,True,True
126363,1.0,0.0,0.5,none,True,True
126364,1.0,0.0,0.5,none,True,True
126365,1.0,0.0,0.5,none,True,True
126366,1.0,0.0,0.5,none,True,True
126367,1.0,0.0,0.5,none,True,True
126368,1.0,0.0,0.5,none,True,True
126369,1.0,0.0,0.5,none,True,True
126370,1.0,0.0,0.5,none,True,True
126371,1.0,0.0,0.5,none,True,True
126372,1.0,0.0,0.5,none,True,True
126373,1.0,0.0,0.5,none,True,True
126374,1.0,0.0,0.5,none,True,True
126375,1.0,0.0,0.5,none,True,True
126376,1.0,0.0,0.5,none,True,True
126377,1.0,0.0,0.5,none,True,True
126378,1.0,0.0,0.5,none,True,True
126379,1.0,0.0,0.5,none,True,True
126380,1.0,0.0,0.5,none,True,True
126381,1.0,0.0,0.5,none,True,True
126382,1.0,0.0,0.5,none,True,True
126383,1.0,0.0,0.5,none,True,True
126384,1.0,0.0,0.5,none,True,True
126385,1.0,0.0,0.5,none,True,True
126386,1.0,0.0,0.5,none,True,True
126387,1.0,0.0,0.5,none,True,True
126388,1.0,0.0,0.5,none,True,True
126389,1.0,0.0,0.5,none,True,True
126390,1.0,0.0,0.5,none,True,True
126391,1.0,0.0,0.5,none,True,True
126392,1.0,0.0,0.5,none,True,True
126393,1.0,0.0,0.5,none,True,True
126394,1.0,0.0,0.5,none,True,True
126395,1.0,0.0,0.5,none,True,True
126396,1.0,0.0,0.5,none,True,True
126397,1.0,0.0,0.5,none,True,True
126398,1.0,0.0,0.5,none,True,True
126399,1.0,0.0,0.5,none,True,True
126400,1.0,0.0,0.5,none,True,True
126401,1.0,0.0,0.5,none,True,True
126402,1.0,0.0,0.5,none,True,True
126403,1.0,0.0,0.5,none,True,True
126404,1.0,0.0,0.5,none,True,True
126405,1.0,0.0,0.5,none,True,True
126406,1.0,0.0,0.5,none,True,True
126407,1.0,0.0,0.5,none,True,True
126408,1.0,0.0,0.5,none,True,True
126409,1.0,0.0,0.5,none,True,True
126410,1.0,0.0,0.5,none,True,True
126411,1.0,0.0,0.5,none,True,True
126412,1.0,0.0,0.5,none,True,True
126413,1.0,0.0,0.5,none,True,True
126414,1.0,0.0,0.5,none,True,True
126415,1.0,0.0,0.5,none,True,True
126416,1.0,0.0,0.5,none,True,True
126417,1.0,0.0,0.5,none,True,True
126418,1.0,0.0,0.5,none,True,True
126419,1.0,0.0,0.5,none,True,True
126420,1.0,0.0,0.5,none,True,True
126421,1.0,0.0,0.5,none,True,True
126422,1.0,0.0,0.5,none,True,True
126423,1.0,0.0,0.5,none,True,True
126424,1.0,0.0,0.5,none,True,True
126425,1.0,0.0,0.5,none,True,True
126426,1.0,0.0,0.5,none,True,True
126427,1.0,0.0,0.5,none,True,True
126428,1.0,0.0,0.5,none,True,True
126429,1.0,0.0,0.5,none,True,True
126430,1.0,0.0,0.5,none,True,True
126431,1.0,0.0,0.5,none,True,True
126432,1.0,0.0,0.5,none,True,True
126433,1.0,0.0,0.5,none,True,True
126434,1.0,0.0,0.5,none,True,True
126435,1.0,0.0,0.5,none,True,True
126436,1.0,0.0,0.5,none,True,True
126437,1.0,0.0,0.5,none,True,True
126438,1.0,0.0,0.5,none,True,True
126439,1.0,0.0,0.5,none,True,True
126440,1.0,0.0,0.5,none,True,True
126441,1.0,0.0,0.5,none,True,True
126442,1.0,0.0,0.5,none,True,True
126443,1.0,0.0,0.5,none,True,True
126444,1.0,0.0,0.5,none,True,True
126445,1.0,0.0,0.5,none,True,True
126446,1.0,0.0,0.5,none,True,True
126447,1.0,0.0,0.5,none,True,True
126448,1.0,0.0,0.5,none,True,True
126449,1.0,0.0,0.5,none,True,True
126450,1.0,0.0,0.5,none,True,True
126451,1.0,0.0,0.5,none,True,True
126452,1.0,0.0,0.5,none,True,True
126453,1.0,0.0,0.5,none,True,True
126454,1.0,0.0,0.5,none,True,True
126455,1.0,0.0,0.5,none,True,True
126456,1.0,0.0,0.5,none,True,True
126457,1.0,0.0,0.5,none,True,True
126458,1.0,0.0,0.5,none,True,True
126459,1.0,0.0,0.5,none,True,True
126460,1.0,0.0,0.5,none,True,True
126461,1.0,0.0,0.5,none,True,True
126462,1.0,0.0,0.5,none,True,True
126463,1.0,0.0,0.5,none,True,True
126464,1.0,0.0,0.5,none,True,True
126465,1.0,0.0,0.5,none,True,True
126466,1.0,0.0,0.5,none,True,True
126467,1.0,0.0,0.5,none,True,True
126468,1.0,0.0,0.5,none,True,True
126469,1.0,0.0,0.5,none,True,True
126470,1.0,0.0,0.5,none,True,True
126471,1.0,0.0,0.5,none,True,True
126472,1.0,0.0,0.5,none,True,True
126473,1.0,0.0,0.5,none,True,True
126474,1.0,0.0,0.5,none,True,True
126475,1.0,0.0,0.5,none,True,True
126476,1.0,0.0,0.5,none,True,True
126477,1.0,0.0,0.5,none,True,True
126478,1.0,0.0,0.5,none,True,True
126479,1.0,0.0,0.5,none,True,True
126480,1.0,0.0,0.5,none,True,True
126481,1.0,0.0,0.5,none,True,True
126482,1.0,0.0,0.5,none,True,True
126483,1.0,0.0,0.5,none,True,True
126484,1.0,0.0,0.5,none,True,True
126485,1.0,0.0,0.5,none,True,True
126486,1.0,0.0,0.5,none,True,True
126487,1.0,0.0,0.5,none,True,True
126488,1.0,0.0,0.5,none,True,True
126489,1.0,0.0,0.5,none,True,True
126490,1.0,0.0,0.5,none,True,True
126491,1.0,0.0,0.5,none,True,True
126492,1.0,0.0,0.5,none,True,True
126493,1.0,0.0,0.5,none,True,True
126494,1.0,0.0,0.5,none,True,True
126495,1.0,0.0,0.5,none,True,True
126496,1.0,0.0,0.5,none,True,True
126497,1.0,0.0,0.5,none,True,True
126498,1.0,0.0,0.5,none,True,True
126499,1.0,0.0,0.5,none,True,True
126500,1.0,0.0,0.5,none,True,True
126501,1.0,0.0,0.5,none,True,True
126502,1.0,0.0,0.5,none,True,True
126503,1.0,0.0,0.5,none,True,True
126504,1.0,0.0,0.5,none,True,True
126505,1.0,0.0,0.5,none,True,True
126506,1.0,0.0,0.5,none,True,True
126507,1.0,0.0,0.5,none,True,True
126508,1.0,0.0,0.5,none,True,True
126509,1.0,0.0,0.5,none,True,True
126510,1.0,0.0,0.5,none,True,True
126511,1.0,0.0,0.5,none,True,True
126512,1.0,0.0,0.5,none,True,True
126513,1.0,0.0,0.5,none,True,True
126514,1.0,0.0,0.5,none,True,True
126515,1.0,0.0,0.5,none,True,True
126516,1.0,0.0,0.5,none,True,True
126517,1.0,0.0,0.5,none,True,True
126518,1.0,0.0,0.5,none,True,True
126519,1.0,0.0,0.5,none,True,True
126520,1.0,0.0,0.5,none,True,True
126521,1.0,0.0,0.5,none,True,True
126522,1.0,0.0,0.5,none,True,True
126523,1.0,0.0,0.5,none,True,True
126524,1.0,0.0,0.5,none,True,True
126525,1.0,0.0,0.5,none,True,True
126526,1.0,0.0,0.5,none,True,True
126527,1.0,0.0,0.5,none,True,True
126528,1.0,0.0,0.5,none,True,True
126529,1.0,0.0,0.5,none,True,True
126530,1.0,0.0,0.5,none,True,True
126531,1.0,0.0,0.5,none,True,True
126532,1.0,0.0,0.5,none,True,True
126533,1.0,0.0,0.5,none,True,True
126534,1.0,0.0,0.5,none,True,True
126535,1.0,0.0,0.5,none,True,True
126536,1.0,0.0,0.5,none,True,True
126537,1.0,0.0,0.5,none,True,True
126538,1.0,0.0,0.5,none,True,True
126539,1.0,0.0,0.5,none,True,True
126540,1.0,0.0,0.5,none,True,True
126541,1.0,0.0,0.5,none,True,True
126542,1.0,0.0,0.5,none,True,True
126543,1.0,0.0,0.5,none,True,True
126544,1.0,0.0,0.5,none,True,True
126545,1.0,0.0,0.5,none,True,True
126546,1.0,0.0,0.5,none,True,True
126547,1.0,0.0,0.5,none,True,True
126548,1.0,0.0,0.5,none,True,True
126549,1.0,0.0,0.5,none,True,True
126550,1.0,0.0,0.5,none,True,True
126551,1.0,0.0,0.5,none,True,True
126552,1.0,0.0,0.5,none,True,True
126553,1.0,0.0,0.5,none,True,True
126554,1.0,0.0,0.5,none,True,True
126555,1.0,0.0,0.5,none,True,True
126556,1.0,0.0,0.5,none,True,True
126557,1.0,0.0,0.5,none,True,True
126558,1.0,0.0,0.5,none,True,True
126559,1.0,0.0,0.5,none,True,True
126560,1.0,0.0,0.5,none,True,True
126561,1.0,0.0,0.5,none,True,True
126562,1.0,0.0,0.5,none,True,True
126563,1.0,0.0,0.5,none,True,True
126564,1.0,0.0,0.5,none,True,True
126565,1.0,0.0,0.5,none,True,True
126566,1.0,0.0,0.5,none,True,True
126567,1.0,0.0,0.5,none,True,True
126568,1.0,0.0,0.5,none,True,True
126569,1.0,0.0,0.5,none,True,True
126570,1.0,0.0,0.5,none,True,True
126571,1.0,0.0,0.5,none,True,True
126572,1.0,0.0,0.5,none,True,True
126573,1.0,0.0,0.5,none,True,True
126574,1.0,0.0,0.5,none,True,True
126575,1.0,0.0,0.5,none,True,True
126576,1.0,0.0,0.5,none,True,True
126577,1.0,0.0,0.5,none,True,True
126578,1.0,0.0,0.5,none,True,True
126579,1.0,0.0,0.5,none,True,True
126580,1.0,0.0,0.5,none,True,True
126581,1.0,0.0,0.5,none,True,True
126582,1.0,0.0,0.5,none,True,True
126583,1.0,0.0,0.5,none,True,True
126584,1.0,0.0,0.5,none,True,True
126585,1.0,0.0,0.5,none,True,True
126586,1.0,0.0,0.5,none,True,True
126587,1.0,0.0,0.5,none,True,True
126588,1.0,0.0,0.5,none,True,True
126589,1.0,0.0,0.5,none,True,True
126590,1.0,0.0,0.5,none,True,True
126591,1.0,0.0,0.5,none,True,True
126592,1.0,0.0,0.5,none,True,True
126593,1.0,0.0,0.5,none,True,True
126594,1.0,0.0,0.5,none,True,True
126595,1.0,0.0,0.5,none,True,True
126596,1.0,0.0,0.5,none,True,True
126597,1.0,0.0,0.5,none,True,True
126598,1.0,0.0,0.5,none,True,True
126599,1.0,0.0,0.5,none,True,True
126600,1.0,0.0,0.5,none,True,True
126601,1.0,0.0,0.5,none,True,True
126602,1.0,0.0,0.5,none,True,True
126603,1.0,0.0,0.5,none,True,True
126604,1.0,0.0,0.5,none,True,True
126605,1.0,0.0,0.5,none,True,True
126606,1.0,0.0,0.5,none,True,True
126607,1.0,0.0,0.5,none,True,True
126608,1.0,0.0,0.5,none,True,True
126609,1.0,0.0,0.5,none,True,True
126610,1.0,0.0,0.5,none,True,True
126611,1.0,0.0,0.5,none,True,True
126612,1.0,0.0,0.5,none,True,True
126613,1.0,0.0,0.5,none,True,True
126614,1.0,0.0,0.5,none,True,True
126615,1.0,0.0,0.5,none,True,True
126616,1.0,0.0,0.5,none,True,True
126617,1.0,0.0,0.5,none,True,True
126618,1.0,0.0,0.5,none,True,True
126619,1.0,0.0,0.5,none,True,True
126620,1.0,0.0,0.5,none,True,True
126621,1.0,0.0,0.5,none,True,True
126622,1.0,0.0,0.5,none,True,True
126623,1.0,0.0,0.5,none,True,True
126624,1.0,0.0,0.5,none,True,True
126625,1.0,0.0,0.5,none,True,True
126626,1.0,0.0,0.5,none,True,True
126627,1.0,0.0,0.5,none,True,True
126628,1.0,0.0,0.5,none,True,True
126629,1.0,0.0,0.5,none,True,True
126630,1.0,0.0,0.5,none,True,True
126631,1.0,0.0,0.5,none,True,True
126632,1.0,0.0,0.5,none,True,True
126633,1.0,0.0,0.5,none,True,True
126634,1.0,0.0,0.5,none,True,True
126635,1.0,0.0,0.5,none,True,True
126636,1.0,0.0,0.5,none,True,True
126637,1.0,0.0,0.5,none,True,True
126638,1.0,0.0,0.5,none,True,True
126639,1.0,0.0,0.5,none,True,True
126640,1.0,0.0,0.5,none,True,True
126641,1.0,0.0,0.5,none,True,True
126642,1.0,0.0,0.5,none,True,True
126643,1.0,0.0,0.5,none,True,True
126644,1.0,0.0,0.5,none,True,True
126645,1.0,0.0,0.5,none,True,True
126646,1.0,0.0,0.5,none,True,True
126647,1.0,0.0,0.5,none,True,True
126648,1.0,0.0,0.5,none,True,True
126649,1.0,0.0,0.5,none,True,True
126650,1.0,0.0,0.5,none,True,True
126651,1.0,0.0,0.5,none,True,True
126652,1.0,0.0,0.5,none,True,True
126653,1.0,0.0,0.5,none,True,True
126654,1.0,0.0,0.5,none,True,True
126655,1.0,0.0,0.5,none,True,True
126656,1.0,0.0,0.5,none,True,True
126657,1.0,0.0,0.5,none,True,True
126658,1.0,0.0,0.5,none,True,True
126659,1.0,0.0,0.5,none,True,True
126660,1.0,0.0,0.5,none,True,True
126661,1.0,0.0,0.5,none,True,True
126662,1.0,0.0,0.5,none,True,True
126663,1.0,0.0,0.5,none,True,True
126664,1.0,0.0,0.5,none,True,True
126665,1.0,0.0,0.5,none,True,True
126666,1.0,0.0,0.5,none,True,True
126667,1.0,0.0,0.5,none,True,True
126668,1.0,0.0,0.5,none,True,True
126669,1.0,0.0,0.5,none,True,True
126670,1.0,0.0,0.5,none,True,True
126671,1.0,0.0,0.5,none,True,True
126672,1.0,0.0,0.5,none,True,True
126673,1.0,0.0,0.5,none,True,True
126674,1.0,0.0,0.5,none,True,True
126675,1.0,0.0,0.5,none,True,True
126676,1.0,0.0,0.5,none,True,True
126677,1.0,0.0,0.5,none,True,True
126678,1.0,0.0,0.5,none,True,True
126679,1.0,0.0,0.5,none,True,True
126680,1.0,0.0,0.5,none,True,True
126681,1.0,0.0,0.5,none,True,True
126682,1.0,0.0,0.5,none,True,True
126683,1.0,0.0,0.5,none,True,True
126684,1.0,0.0,0.5,none,True,True
126685,1.0,0.0,0.5,none,True,True
126686,1.0,0.0,0.5,none,True,True
126687,1.0,0.0,0.5,none,True,True
126688,1.0,0.0,0.5,none,True,True
126689,1.0,0.0,0.5,none,True,True
126690,1.0,0.0,0.5,none,True,True
126691,1.0,0.0,0.5,none,True,True
126692,1.0,0.0,0.5,none,True,True
126693,1.0,0.0,0.5,none,True,True
126694,1.0,0.0,0.5,none,True,True
126695,1.0,0.0,0.5,none,True,True
126696,1.0,0.0,0.5,none,True,True
126697,1.0,0.0,0.5,none,True,True
126698,1.0,0.0,0.5,none,True,True
126699,1.0,0.0,0.5,none,True,True
126700,1.0,0.0061,0.5,none,True,True
126701,1.0,0.0357,0.5,none,True,True
126702,1.0,0.0812,0.5,none,True,True
126703,1.0,0.1113,0.5,none,True,True
126704,1.0,0.1253,0.5,none,True,True
126705,1.0,0.1408,0.5,none,True,True
126706,1.0,0.0907,0.5,none,True,True
126707,1.0,0.1198,0.5,none,True,True
126708,1.0,0.0467,0.5,none,True,True
126709,1.0,0.0522,0.5,none,True,True
126710,1.0,0.0405,0.5,none,True,True
126711,1.0,0.0313,0.5,none,True,True
126712,1.0,0.0083,0.5,none,True,True
126713,1.0,0.0726,0.5,none,True,True
126714,1.0,0.0793,0.5,none,True,True
126715,1.0,0.0581,0.5,none,True,True
126716,1.0,0.0955,0.5,none,True,True
126717,1.0,0.0839,0.5,none,True,True
126718,1.0,0.0648,0.5,none,True,True
126719,1.0,0.0718,0.5,none,True,True
126720,1.0,0.0589,0.5,none,True,True
126721,1.0,0.0403,0.5,none,True,True
126722,1.0,0.0327,0.5,none,True,True
126723,1.0,0.0277,0.5,none,True,True
126724,1.0,0.017,0.5,none,True,True
126725,1.0,0.0102,0.5,none,True,True
126726,1.0,0.0099,0.5,none,True,True
126727,1.0,0.008,0.5,none,True,True
126728,1.0,0.005,0.5,none,True,True
126729,1.0,0.0063,0.5,none,True,True
126730,1.0,0.009,0.5,none,True,True
126731,1.0,0.0096,0.5,none,True,True
126732,1.0,0.0108,0.5,none,True,True
126733,1.0,0.014,0.5,none,True,True
126734,1.0,0.0161,0.5,none,True,True
126735,1.0,0.0167,0.5,none,True,True
126736,1.0,0.0182,0.5,none,True,True
126737,1.0,0.0196,0.5,none,True,True
126738,1.0,0.0197,0.5,none,True,True
126739,1.0,0.0193,0.5,none,True,True
126740,1.0,0.0193,0.5,none,True,True
126741,1.0,0.0187,0.5,none,True,True
126742,1.0,0.0174,0.5,none,True,True
126743,1.0,0.0163,0.5,none,True,True
126744,1.0,0.0152,0.5,none,True,True
126745,1.0,0.0138,0.5,none,True,True
126746,1.0,0.0123,0.5,none,True,True
126747,1.0,0.0111,0.5,none,True,True
126748,1.0,0.01,0.5,none,True,True
126749,1.0,0.0088,0.5,none,True,True
126750,1.0,0.0078,0.5,none,True,True
126751,1.0,0.0071,0.5,none,True,True
126752,1.0,0.0064,0.5,none,True,True
126753,1.0,0.0057,0.5,none,True,True
126754,1.0,0.0053,0.5,none,True,True
126755,1.0,0.005,0.5,none,True,True
126756,1.0,0.0047,0.5,none,True,True
126757,1.0,0.0045,0.5,none,True,True
126758,1.0,0.0044,0.5,none,True,True
126759,1.0,0.0043,0.5,none,True,True
126760,1.0,0.0042,0.5,none,True,True
126761,1.0,0.0041,0.5,none,True,True
126762,1.0,0.004,0.5,none,True,True
126763,1.0,0.0039,0.5,none,True,True
126764,1.0,0.0038,0.5,none,True,True
126765,1.0,0.0037,0.5,none,True,True
126766,1.0,0.0035,0.5,none,True,True
126767,1.0,0.0033,0.5,none,True,True
126768,1.0,0.0032,0.5,none,True,True
126769,1.0,0.003,0.5,none,True,True
126770,1.0,0.0028,0.5,none,True,True
126771,1.0,0.0026,0.5,none,True,True
126772,1.0,0.0024,0.5,none,True,True
126773,1.0,0.0023,0.5,none,True,True
126774,1.0,0.0021,0.5,none,True,True
126775,1.0,0.0019,0.5,none,True,True
126776,1.0,0.0018,0.5,none,True,True
126777,1.0,0.0017,0.5,none,True,True
126778,1.0,0.0015,0.5,none,True,True
126779,1.0,0.0014,0.5,none,True,True
126780,1.0,0.0013,0.5,none,True,True
126781,1.0,0.0013,0.5,none,True,True
126782,1.0,0.0012,0.5,none,True,True
126783,1.0,0.0011,0.5,none,True,True
126784,1.0,0.0011,0.5,none,True,True
126785,1.0,0.001,0.5,none,True,True
126786,1.0,0.001,0.5,none,True,True
126787,1.0,0.0009,0.5,none,True,True
126788,1.0,0.0009,0.5,none,True,True
126789,1.0,0.0008,0.5,none,True,True
126790,1.0,0.0008,0.5,none,True,True
126791,1.0,0.0008,0.5,none,True,True
126792,1.0,0.0007,0.5,none,True,True
126793,1.0,0.0007,0.5,none,True,True
126794,1.0,0.0006,0.5,none,True,True
126795,1.0,0.0006,0.5,none,True,True
126796,1.0,0.0006,0.5,none,True,True
126797,1.0,0.0005,0.5,none,True,True
126798,1.0,0.0005,0.5,none,True,True
126799,1.0,0.0005,0.5,none,True,True
126800,1.0,0.0004,0.5,none,True,True
126801,1.0,0.0004,0.5,none,True,True
126802,1.0,0.0004,0.5,none,True,True
126803,1.0,0.0004,0.5,none,True,True
126804,1.0,0.0003,0.5,none,True,True
126805,1.0,0.0003,0.5,none,True,True
126806,1.0,0.0003,0.5,none,True,True
126807,1.0,0.0003,0.5,none,True,True
126808,1.0,0.0003,0.5,none,True,True
126809,1.0,0.0003,0.5,none,True,True
126810,1.0,0.0002,0.5,none,True,True
126811,1.0,0.0002,0.5,none,True,True
126812,1.0,0.0002,0.5,none,True,True
126813,1.0,0.0002,0.5,none,True,True
126814,1.0,0.0002,0.5,none,True,True
126815,1.0,0.0002,0.5,none,True,True
126816,1.0,0.0002,0.5,none,True,True
126817,1.0,0.0002,0.5,none,True,True
126818,1.0,0.0002,0.5,none,True,True
126819,1.0,0.0001,0.5,none,True,True
126820,1.0,0.0001,0.5,none,True,True
126821,1.0,0.0001,0.5,none,True,True
126822,1.0,0.0001,0.5,none,True,True
126823,1.0,0.0001,0.5,none,True,True
126824,1.0,0.0001,0.5,none,True,True
126825,1.0,0.0001,0.5,none,True,True
126826,1.0,0.0001,0.5,none,True,True
126827,1.0,0.0001,0.5,none,True,True
126828,1.0,0.0001,0.5,none,True,True
126829,1.0,0.0001,0.5,none,True,True
126830,1.0,0.0001,0.5,none,True,True
126831,1.0,0.0001,0.5,none,True,True
126832,1.0,0.0001,0.5,none,True,True
126833,1.0,0.0001,0.5,none,True,True
126834,1.0,0.0001,0.5,none,True,True
126835,1.0,0.0001,0.5,none,True,True
126836,1.0,0.0001,0.5,none,True,True
126837,1.0,0.0,0.5,none,True,True
126838,1.0,0.0,0.5,none,True,True
126839,1.0,0.0,0.5,none,True,True
126840,1.0,0.0,0.5,none,True,True
126841,1.0,0.0,0.5,none,True,True
126842,1.0,0.0,0.5,none,True,True
126843,1.0,0.0,0.5,none,True,True
126844,1.0,0.0,0.5,none,True,True
126845,1.0,0.0,0.5,none,True,True
126846,1.0,0.0,0.5,none,True,True
126847,1.0,0.0,0.5,none,True,True
126848,1.0,0.0,0.5,none,True,True
126849,1.0,0.0,0.5,none,True,True
126850,1.0,0.0,0.5,none,True,True
126851,1.0,0.0,0.5,none,True,True
126852,1.0,0.0,0.5,none,True,True
126853,1.0,0.0,0.5,none,True,True
126854,1.0,0.0,0.5,none,True,True
126855,1.0,0.0,0.5,none,True,True
126856,1.0,0.0,0.5,none,True,True
126857,1.0,0.0,0.5,none,True,True
126858,1.0,0.0,0.5,none,True,True
126859,1.0,0.0,0.5,none,True,True
126860,1.0,0.0,0.5,none,True,True
126861,1.0,0.0,0.5,none,True,True
126862,1.0,0.0,0.5,none,True,True
126863,1.0,0.0,0.5,none,True,True
126864,1.0,0.0,0.5,none,True,True
126865,1.0,0.0,0.5,none,True,True
126866,1.0,0.0,0.5,none,True,True
126867,1.0,0.0,0.5,none,True,True
126868,1.0,0.0,0.5,none,True,True
126869,1.0,0.0,0.5,none,True,True
126870,1.0,0.0,0.5,none,True,True
126871,1.0,0.0,0.5,none,True,True
126872,1.0,0.0,0.5,none,True,True
126873,1.0,0.0,0.5,none,True,True
126874,1.0,0.0,0.5,none,True,True
126875,1.0,0.0,0.5,none,True,True
126876,1.0,0.0,0.5,none,True,True
126877,1.0,0.0,0.5,none,True,True
126878,1.0,0.0,0.5,none,True,True
126879,1.0,0.0,0.5,none,True,True
126880,1.0,0.0,0.5,none,True,True
126881,1.0,0.0,0.5,none,True,True
126882,1.0,0.0,0.5,none,True,True
126883,1.0,0.0,0.5,none,True,True
126884,1.0,0.0,0.5,none,True,True
126885,1.0,0.0,0.5,none,True,True
126886,1.0,0.0,0.5,none,True,True
126887,1.0,0.0,0.5,none,True,True
126888,1.0,0.0,0.5,none,True,True
126889,1.0,0.0,0.5,none,True,True
126890,1.0,0.0,0.5,none,True,True
126891,1.0,0.0,0.5,none,True,True
126892,1.0,0.0,0.5,none,True,True
126893,1.0,0.0,0.5,none,True,True
126894,1.0,0.0,0.5,none,True,True
126895,1.0,0.0,0.5,none,True,True
126896,1.0,0.0,0.5,none,True,True
126897,1.0,0.0,0.5,none,True,True
126898,1.0,0.0,0.5,none,True,True
126899,1.0,0.0,0.5,none,True,True
126900,1.0,0.0,0.5,none,True,True
126901,1.0,0.0,0.5,none,True,True
126902,1.0,0.0,0.5,none,True,True
126903,1.0,0.0,0.5,none,True,True
126904,1.0,0.0,0.5,none,True,True
126905,1.0,0.0,0.5,none,True,True
126906,1.0,0.0,0.5,none,True,True
126907,1.0,0.0,0.5,none,True,True
126908,1.0,0.0,0.5,none,True,True
126909,1.0,0.0,0.5,none,True,True
126910,1.0,0.0,0.5,none,True,True
126911,1.0,0.0,0.5,none,True,True
126912,1.0,0.0,0.5,none,True,True
126913,1.0,0.0,0.5,none,True,True
126914,1.0,0.0,0.5,none,True,True
126915,1.0,0.0,0.5,none,True,True
126916,1.0,0.0,0.5,none,True,True
126917,1.0,0.0,0.5,none,True,True
126918,1.0,0.0,0.5,none,True,True
126919,1.0,0.0,0.5,none,True,True
126920,1.0,0.0,0.5,none,True,True
126921,1.0,0.0,0.5,none,True,True
126922,1.0,0.0,0.5,none,True,True
126923,1.0,0.0,0.5,none,True,True
126924,1.0,0.0,0.5,none,True,True
126925,1.0,0.0,0.5,none,True,True
126926,1.0,0.0,0.5,none,True,True
126927,1.0,0.0,0.5,none,True,True
126928,1.0,0.0,0.5,none,True,True
126929,1.0,0.0,0.5,none,True,True
126930,1.0,0.0,0.5,none,True,True
126931,1.0,0.0,0.5,none,True,True
126932,1.0,0.0,0.5,none,True,True
126933,1.0,0.0,0.5,none,True,True
126934,1.0,0.0,0.5,none,True,True
126935,1.0,0.0,0.5,none,True,True
126936,1.0,0.0,0.5,none,True,True
126937,1.0,0.0,0.5,none,True,True
126938,1.0,0.0,0.5,none,True,True
126939,1.0,0.0,0.5,none,True,True
126940,1.0,0.0,0.5,none,True,True
126941,1.0,0.0,0.5,none,True,True
126942,1.0,0.0,0.5,none,True,True
126943,1.0,0.0,0.5,none,True,True
126944,1.0,0.0,0.5,none,True,True
126945,1.0,0.0,0.5,none,True,True
126946,1.0,0.0,0.5,none,True,True
126947,1.0,0.0,0.5,none,True,True
126948,1.0,0.0,0.5,none,True,True
126949,1.0,0.0,0.5,none,True,True
126950,1.0,0.0,0.5,none,True,True
126951,1.0,0.0,0.5,none,True,True
126952,1.0,0.0,0.5,none,True,True
126953,1.0,0.0,0.5,none,True,True
126954,1.0,0.0,0.5,none,True,True
126955,1.0,0.0,0.5,none,True,True
126956,1.0,0.0,0.5,none,True,True
126957,1.0,0.0,0.5,none,True,True
126958,1.0,0.0,0.5,none,True,True
126959,1.0,0.0,0.5,none,True,True
126960,1.0,0.0,0.5,none,True,True
126961,1.0,0.0,0.5,none,True,True
126962,1.0,0.0,0.5,none,True,True
126963,1.0,0.0,0.5,none,True,True
126964,1.0,0.0,0.5,none,True,True
126965,1.0,0.0,0.5,none,True,True
126966,1.0,0.0,0.5,none,True,True
126967,1.0,0.0,0.5,none,True,True
126968,1.0,0.0,0.5,none,True,True
126969,1.0,0.0,0.5,none,True,True
126970,1.0,0.0,0.5,none,True,True
126971,1.0,0.0,0.5,none,True,True
126972,1.0,0.0,0.5,none,True,True
126973,1.0,0.0,0.5,none,True,True
126974,1.0,0.0,0.5,none,True,True
126975,1.0,0.0,0.5,none,True,True
126976,1.0,0.0,0.5,none,True,True
126977,1.0,0.0,0.5,none,True,True
126978,1.0,0.0,0.5,none,True,True
126979,1.0,0.0,0.5,none,True,True
126980,1.0,0.0,0.5,none,True,True
126981,1.0,0.0,0.5,none,True,True
126982,1.0,0.0,0.5,none,True,True
126983,1.0,0.0,0.5,none,True,True
126984,1.0,0.0,0.5,none,True,True
126985,1.0,0.0,0.5,none,True,True
126986,1.0,0.0,0.5,none,True,True
126987,1.0,0.0,0.5,none,True,True
126988,1.0,0.0,0.5,none,True,True
126989,1.0,0.0,0.5,none,True,True
126990,1.0,0.0,0.5,none,True,True
126991,1.0,0.0,0.5,none,True,True
126992,1.0,0.0,0.5,none,True,True
126993,1.0,0.0,0.5,none,True,True
126994,1.0,0.0,0.5,none,True,True
126995,1.0,0.0,0.5,none,True,True
126996,1.0,0.0,0.5,none,True,True
126997,1.0,0.0,0.5,none,True,True
126998,1.0,0.0,0.5,none,True,True
126999,1.0,0.0,0.5,none,True,True
127000,1.0,0.0,0.5,none,True,True
127001,1.0,0.0,0.5,none,True,True
127002,1.0,0.0,0.5,none,True,True
127003,1.0,0.0,0.5,none,True,True
127004,1.0,0.0,0.5,none,True,True
127005,1.0,0.0,0.5,none,True,True
127006,1.0,0.0,0.5,none,True,True
127007,1.0,0.0,0.5,none,True,True
127008,1.0,0.0,0.5,none,True,True
127009,1.0,0.0,0.5,none,True,True
127010,1.0,0.0,0.5,none,True,True
127011,1.0,0.0,0.5,none,True,True
127012,1.0,0.0,0.5,none,True,True
127013,1.0,0.0,0.5,none,True,True
127014,1.0,0.0,0.5,none,True,True
127015,1.0,0.0,0.5,none,True,True
127016,1.0,0.0,0.5,none,True,True
127017,1.0,0.0,0.5,none,True,True
127018,1.0,0.0,0.5,none,True,True
127019,1.0,0.0,0.5,none,True,True
127020,1.0,0.0,0.5,none,True,True
127021,1.0,0.0,0.5,none,True,True
127022,1.0,0.0,0.5,none,True,True
127023,1.0,0.0,0.5,none,True,True
127024,1.0,0.0,0.5,none,True,True
127025,1.0,0.0,0.5,none,True,True
127026,1.0,0.0,0.5,none,True,True
127027,1.0,0.0,0.5,none,True,True
127028,1.0,0.0,0.5,none,True,True
127029,1.0,0.0,0.5,none,True,True
127030,1.0,0.0,0.5,none,True,True
127031,1.0,0.0,0.5,none,True,True
127032,1.0,0.0,0.5,none,True,True
127033,1.0,0.0,0.5,none,True,True
127034,1.0,0.0,0.5,none,True,True
127035,1.0,0.0,0.5,none,True,True
127036,1.0,0.0,0.5,none,True,True
127037,1.0,0.0,0.5,none,True,True
127038,1.0,0.0,0.5,none,True,True
127039,1.0,0.0,0.5,none,True,True
127040,1.0,0.0,0.5,none,True,True
127041,1.0,0.0,0.5,none,True,True
127042,1.0,0.0,0.5,none,True,True
127043,1.0,0.0,0.5,none,True,True
127044,1.0,0.0,0.5,none,True,True
127045,1.0,0.0,0.5,none,True,True
127046,1.0,0.0,0.5,none,True,True
127047,1.0,0.0,0.5,none,True,True
127048,1.0,0.0,0.5,none,True,True
127049,1.0,0.0,0.5,none,True,True
127050,1.0,0.0,0.5,none,True,True
127051,1.0,0.0,0.5,none,True,True
127052,1.0,0.0,0.5,none,True,True
127053,1.0,0.0,0.5,none,True,True
127054,1.0,0.0,0.5,none,True,True
127055,1.0,0.0,0.5,none,True,True
127056,1.0,0.0,0.5,none,True,True
127057,1.0,0.0,0.5,none,True,True
127058,1.0,0.0,0.5,none,True,True
127059,1.0,0.0,0.5,none,True,True
127060,1.0,0.0,0.5,none,True,True
127061,1.0,0.0,0.5,none,True,True
127062,1.0,0.0,0.5,none,True,True
127063,1.0,0.0,0.5,none,True,True
127064,1.0,0.0,0.5,none,True,True
127065,1.0,0.0,0.5,none,True,True
127066,1.0,0.0,0.5,none,True,True
127067,1.0,0.0,0.5,none,True,True
127068,1.0,0.0,0.5,none,True,True
127069,1.0,0.0,0.5,none,True,True
127070,1.0,0.0,0.5,none,True,True
127071,1.0,0.0,0.5,none,True,True
127072,1.0,0.0,0.5,none,True,True
127073,1.0,0.0,0.5,none,True,True
127074,1.0,0.0,0.5,none,True,True
127075,1.0,0.0,0.5,none,True,True
127076,1.0,0.0,0.5,none,True,True
127077,1.0,0.0,0.5,none,True,True
127078,1.0,0.0,0.5,none,True,True
127079,1.0,0.0,0.5,none,True,True
127080,1.0,0.0,0.5,none,True,True
127081,1.0,0.0,0.5,none,True,True
127082,1.0,0.0,0.5,none,True,True
127083,1.0,0.0,0.5,none,True,True
127084,1.0,0.0,0.5,none,True,True
127085,1.0,0.0,0.5,none,True,True
127086,1.0,0.0,0.5,none,True,True
127087,1.0,0.0,0.5,none,True,True
127088,1.0,0.0,0.5,none,True,True
127089,1.0,0.0,0.5,none,True,True
127090,1.0,0.0,0.5,none,True,True
127091,1.0,0.0,0.5,none,True,True
127092,1.0,0.0,0.5,none,True,True
127093,1.0,0.0,0.5,none,True,True
127094,1.0,0.0,0.5,none,True,True
127095,1.0,0.0,0.5,none,True,True
127096,1.0,0.0,0.5,none,True,True
127097,1.0,0.0,0.5,none,True,True
127098,1.0,0.0,0.5,none,True,True
127099,1.0,0.0,0.5,none,True,True
127100,1.0,0.0,0.5,none,True,True
127101,1.0,0.0,0.5,none,True,True
127102,1.0,0.0,0.5,none,True,True
127103,1.0,0.0,0.5,none,True,True
127104,1.0,0.0,0.5,none,True,True
127105,1.0,0.0,0.5,none,True,True
127106,1.0,0.0,0.5,none,True,True
127107,1.0,0.0,0.5,none,True,True
127108,1.0,0.0,0.5,none,True,True
127109,1.0,0.0,0.5,none,True,True
127110,1.0,0.0,0.5,none,True,True
127111,1.0,0.0,0.5,none,True,True
127112,1.0,0.0,0.5,none,True,True
127113,1.0,0.0,0.5,none,True,True
127114,1.0,0.0,0.5,none,True,True
127115,1.0,0.0,0.5,none,True,True
127116,1.0,0.0,0.5,none,True,True
127117,1.0,0.0,0.5,none,True,True
127118,1.0,0.0,0.5,none,True,True
127119,1.0,0.0,0.5,none,True,True
127120,1.0,0.0,0.5,none,True,True
127121,1.0,0.0,0.5,none,True,True
127122,1.0,0.0,0.5,none,True,True
127123,1.0,0.0,0.5,none,True,True
127124,1.0,0.0,0.5,none,True,True
127125,1.0,0.0,0.5,none,True,True
127126,1.0,0.0,0.5,none,True,True
127127,1.0,0.0,0.5,none,True,True
127128,1.0,0.0,0.5,none,True,True
127129,1.0,0.0,0.5,none,True,True
127130,1.0,0.0,0.5,none,True,True
127131,1.0,0.0,0.5,none,True,True
127132,1.0,0.0,0.5,none,True,True
127133,1.0,0.0,0.5,none,True,True
127134,1.0,0.0,0.5,none,True,True
127135,1.0,0.0,0.5,none,True,True
127136,1.0,0.0,0.5,none,True,True
127137,1.0,0.0,0.5,none,True,True
127138,1.0,0.0,0.5,none,True,True
127139,1.0,0.0,0.5,none,True,True
127140,1.0,0.0,0.5,none,True,True
127141,1.0,0.0,0.5,none,True,True
127142,1.0,0.0,0.5,none,True,True
127143,1.0,0.0,0.5,none,True,True
127144,1.0,0.0,0.5,none,True,True
127145,1.0,0.0,0.5,none,True,True
127146,1.0,0.0,0.5,none,True,True
127147,1.0,0.0,0.5,none,True,True
127148,1.0,0.0,0.5,none,True,True
127149,1.0,0.0,0.5,none,True,True
127150,1.0,0.0,0.5,none,True,True
127151,1.0,0.0,0.5,none,True,True
127152,1.0,0.0,0.5,none,True,True
127153,1.0,0.0,0.5,none,True,True
127154,1.0,0.0,0.5,none,True,True
127155,1.0,0.0,0.5,none,True,True
127156,1.0,0.0,0.5,none,True,True
127157,1.0,0.0,0.5,none,True,True
127158,1.0,0.0,0.5,none,True,True
127159,1.0,0.0,0.5,none,True,True
127160,1.0,0.0,0.5,none,True,True
127161,1.0,0.0,0.5,none,True,True
127162,1.0,0.0,0.5,none,True,True
127163,1.0,0.0,0.5,none,True,True
127164,1.0,0.0,0.5,none,True,True
127165,1.0,0.0,0.5,none,True,True
127166,1.0,0.0,0.5,none,True,True
127167,1.0,0.0,0.5,none,True,True
127168,1.0,0.0,0.5,none,True,True
127169,1.0,0.0,0.5,none,True,True
127170,1.0,0.0,0.5,none,True,True
127171,1.0,0.0,0.5,none,True,True
127172,1.0,0.0,0.5,none,True,True
127173,1.0,0.0,0.5,none,True,True
127174,1.0,0.0,0.5,none,True,True
127175,1.0,0.0,0.5,none,True,True
127176,1.0,0.0,0.5,none,True,True
127177,1.0,0.0,0.5,none,True,True
127178,1.0,0.0,0.5,none,True,True
127179,1.0,0.0,0.5,none,True,True
127180,1.0,0.0,0.5,none,True,True
127181,1.0,0.0,0.5,none,True,True
127182,1.0,0.0,0.5,none,True,True
127183,1.0,0.0,0.5,none,True,True
127184,1.0,0.0,0.5,none,True,True
127185,1.0,0.0,0.5,none,True,True
127186,1.0,0.0,0.5,none,True,True
127187,1.0,0.0,0.5,none,True,True
127188,1.0,0.0,0.5,none,True,True
127189,1.0,0.0,0.5,none,True,True
127190,1.0,0.0,0.5,none,True,True
127191,1.0,0.0,0.5,none,True,True
127192,1.0,0.0,0.5,none,True,True
127193,1.0,0.0,0.5,none,True,True
127194,1.0,0.0,0.5,none,True,True
127195,1.0,0.0,0.5,none,True,True
127196,1.0,0.0,0.5,none,True,True
127197,1.0,0.0,0.5,none,True,True
127198,1.0,0.0,0.5,none,True,True
127199,1.0,0.0,0.5,none,True,True
127200,1.0,0.0,0.5,none,True,True
127201,1.0,0.0,0.5,none,True,True
127202,1.0,0.0,0.5,none,True,True
127203,1.0,0.0,0.5,none,True,True
127204,1.0,0.0,0.5,none,True,True
127205,1.0,0.0,0.5,none,True,True
127206,1.0,0.0,0.5,none,True,True
127207,1.0,0.0,0.5,none,True,True
127208,1.0,0.0,0.5,none,True,True
127209,1.0,0.0,0.5,none,True,True
127210,1.0,0.0,0.5,none,True,True
127211,1.0,0.0,0.5,none,True,True
127212,1.0,0.0,0.5,none,True,True
127213,1.0,0.0,0.5,none,True,True
127214,1.0,0.0,0.5,none,True,True
127215,1.0,0.0,0.5,none,True,True
127216,1.0,0.0,0.5,none,True,True
127217,1.0,0.0,0.5,none,True,True
127218,1.0,0.0,0.5,none,True,True
127219,1.0,0.0,0.5,none,True,True
127220,1.0,0.0,0.5,none,True,True
127221,1.0,0.0,0.5,none,True,True
127222,1.0,0.0,0.5,none,True,True
127223,1.0,0.0,0.5,none,True,True
127224,1.0,0.0,0.5,none,True,True
127225,1.0,0.0,0.5,none,True,True
127226,1.0,0.0,0.5,none,True,True
127227,1.0,0.0,0.5,none,True,True
127228,1.0,0.0,0.5,none,True,True
127229,1.0,0.0,0.5,none,True,True
127230,1.0,0.0,0.5,none,True,True
127231,1.0,0.0,0.5,none,True,True
127232,1.0,0.0,0.5,none,True,True
127233,1.0,0.0,0.5,none,True,True
127234,1.0,0.0,0.5,none,True,True
127235,1.0,0.0,0.5,none,True,True
127236,1.0,0.0,0.5,none,True,True
127237,1.0,0.0,0.5,none,True,True
127238,1.0,0.0,0.5,none,True,True
127239,1.0,0.0,0.5,none,True,True
127240,1.0,0.0,0.5,none,True,True
127241,1.0,0.0,0.5,none,True,True
127242,1.0,0.0,0.5,none,True,True
127243,1.0,0.0,0.5,none,True,True
127244,1.0,0.0,0.5,none,True,True
127245,1.0,0.0,0.5,none,True,True
127246,1.0,0.0,0.5,none,True,True
127247,1.0,0.0,0.5,none,True,True
127248,1.0,0.0,0.5,none,True,True
127249,1.0,0.0,0.5,none,True,True
127250,1.0,0.0,0.5,none,True,True
127251,1.0,0.0,0.5,none,True,True
127252,1.0,0.0,0.5,none,True,True
127253,1.0,0.0,0.5,none,True,True
127254,1.0,0.0,0.5,none,True,True
127255,1.0,0.0,0.5,none,True,True
127256,1.0,0.0,0.5,none,True,True
127257,1.0,0.0,0.5,none,True,True
127258,1.0,0.0,0.5,none,True,True
127259,1.0,0.0,0.5,none,True,True
127260,1.0,0.0,0.5,none,True,True
127261,1.0,0.0,0.5,none,True,True
127262,1.0,0.0,0.5,none,True,True
127263,1.0,0.0,0.5,none,True,True
127264,1.0,0.0,0.5,none,True,True
127265,1.0,0.0,0.5,none,True,True
127266,1.0,0.0,0.5,none,True,True
127267,1.0,0.0,0.5,none,True,True
127268,1.0,0.0,0.5,none,True,True
127269,1.0,0.0,0.5,none,True,True
127270,1.0,0.0,0.5,none,True,True
127271,1.0,0.0,0.5,none,True,True
127272,1.0,0.0,0.5,none,True,True
127273,1.0,0.0,0.5,none,True,True
127274,1.0,0.0,0.5,none,True,True
127275,1.0,0.0,0.5,none,True,True
127276,1.0,0.0,0.5,none,True,True
127277,1.0,0.0,0.5,none,True,True
127278,1.0,0.0,0.5,none,True,True
127279,1.0,0.0,0.5,none,True,True
127280,1.0,0.0,0.5,none,True,True
127281,1.0,0.0,0.5,none,True,True
127282,1.0,0.0,0.5,none,True,True
127283,1.0,0.0,0.5,none,True,True
127284,1.0,0.0,0.5,none,True,True
127285,1.0,0.0,0.5,none,True,True
127286,1.0,0.0,0.5,none,True,True
127287,1.0,0.0,0.5,none,True,True
127288,1.0,0.0,0.5,none,True,True
127289,1.0,0.0,0.5,none,True,True
127290,1.0,0.0,0.5,none,True,True
127291,1.0,0.0,0.5,none,True,True
127292,1.0,0.0,0.5,none,True,True
127293,1.0,0.0,0.5,none,True,True
127294,1.0,0.0,0.5,none,True,True
127295,1.0,0.0,0.5,none,True,True
127296,1.0,0.0,0.5,none,True,True
127297,1.0,0.0,0.5,none,True,True
127298,1.0,0.0,0.5,none,True,True
127299,1.0,0.0,0.5,none,True,True
127300,1.0,0.0,0.5,none,True,True
127301,1.0,0.0,0.5,none,True,True
127302,1.0,0.0,0.5,none,True,True
127303,1.0,0.0,0.5,none,True,True
127304,1.0,0.0,0.5,none,True,True
127305,1.0,0.0,0.5,none,True,True
127306,1.0,0.0,0.5,none,True,True
127307,1.0,0.0,0.5,none,True,True
127308,1.0,0.0,0.5,none,True,True
127309,1.0,0.0,0.5,none,True,True
127310,1.0,0.0,0.5,none,True,True
127311,1.0,0.0,0.5,none,True,True
127312,1.0,0.0,0.5,none,True,True
127313,1.0,0.0,0.5,none,True,True
127314,1.0,0.0,0.5,none,True,True
127315,1.0,0.0,0.5,none,True,True
127316,1.0,0.0,0.5,none,True,True
127317,1.0,0.0,0.5,none,True,True
127318,1.0,0.0,0.5,none,True,True
127319,1.0,0.0,0.5,none,True,True
127320,1.0,0.0,0.5,none,True,True
127321,1.0,0.0,0.5,none,True,True
127322,1.0,0.0,0.5,none,True,True
127323,1.0,0.0,0.5,none,True,True
127324,1.0,0.0,0.5,none,True,True
127325,1.0,0.0,0.5,none,True,True
127326,1.0,0.0,0.5,none,True,True
127327,1.0,0.0,0.5,none,True,True
127328,1.0,0.0,0.5,none,True,True
127329,1.0,0.0,0.5,none,True,True
127330,1.0,0.0,0.5,none,True,True
127331,1.0,0.0,0.5,none,True,True
127332,1.0,0.0,0.5,none,True,True
127333,1.0,0.0,0.5,none,True,True
127334,1.0,0.0,0.5,none,True,True
127335,1.0,0.0,0.5,none,True,True
127336,1.0,0.0,0.5,none,True,True
127337,1.0,0.0,0.5,none,True,True
127338,1.0,0.0,0.5,none,True,True
127339,1.0,0.0,0.5,none,True,True
127340,1.0,0.0,0.5,none,True,True
127341,1.0,0.0,0.5,none,True,True
127342,1.0,0.0,0.5,none,True,True
127343,1.0,0.0,0.5,none,True,True
127344,1.0,0.0,0.5,none,True,True
127345,1.0,0.0,0.5,none,True,True
127346,1.0,0.0,0.5,none,True,True
127347,1.0,0.0,0.5,none,True,True
127348,1.0,0.0,0.5,none,True,True
127349,1.0,0.0,0.5,none,True,True
127350,1.0,0.0,0.5,none,True,True
127351,1.0,0.0,0.5,none,True,True
127352,1.0,0.0,0.5,none,True,True
127353,1.0,0.0,0.5,none,True,True
127354,1.0,0.0,0.5,none,True,True
127355,1.0,0.0,0.5,none,True,True
127356,1.0,0.0,0.5,none,True,True
127357,1.0,0.0,0.5,none,True,True
127358,1.0,0.0,0.5,none,True,True
127359,1.0,0.0,0.5,none,True,True
127360,1.0,0.0,0.5,none,True,True
127361,1.0,0.0,0.5,none,True,True
127362,1.0,0.0,0.5,none,True,True
127363,1.0,0.0,0.5,none,True,True
127364,1.0,0.0,0.5,none,True,True
127365,1.0,0.0,0.5,none,True,True
127366,1.0,0.0,0.5,none,True,True
127367,1.0,0.0,0.5,none,True,True
127368,1.0,0.0,0.5,none,True,True
127369,1.0,0.0,0.5,none,True,True
127370,1.0,0.0,0.5,none,True,True
127371,1.0,0.0,0.5,none,True,True
127372,1.0,0.0,0.5,none,True,True
127373,1.0,0.0,0.5,none,True,True
127374,1.0,0.0,0.5,none,True,True
127375,1.0,0.0,0.5,none,True,True
127376,1.0,0.0,0.5,none,True,True
127377,1.0,0.0,0.5,none,True,True
127378,1.0,0.0,0.5,none,True,True
127379,1.0,0.0,0.5,none,True,True
127380,1.0,0.0,0.5,none,True,True
127381,1.0,0.0,0.5,none,True,True
127382,1.0,0.0,0.5,none,True,True
127383,1.0,0.0,0.5,none,True,True
127384,1.0,0.0,0.5,none,True,True
127385,1.0,0.0,0.5,none,True,True
127386,1.0,0.0,0.5,none,True,True
127387,1.0,0.0,0.5,none,True,True
127388,1.0,0.0,0.5,none,True,True
127389,1.0,0.0,0.5,none,True,True
127390,1.0,0.0,0.5,none,True,True
127391,1.0,0.0,0.5,none,True,True
127392,1.0,0.0,0.5,none,True,True
127393,1.0,0.0,0.5,none,True,True
127394,1.0,0.0,0.5,none,True,True
127395,1.0,0.0,0.5,none,True,True
127396,1.0,0.0,0.5,none,True,True
127397,1.0,0.0,0.5,none,True,True
127398,1.0,0.0,0.5,none,True,True
127399,1.0,0.0,0.5,none,True,True
127400,1.0,0.0061,0.5,none,True,True
127401,1.0,0.0357,0.5,none,True,True
127402,1.0,0.0812,0.5,none,True,True
127403,1.0,0.1113,0.5,none,True,True
127404,1.0,0.1253,0.5,none,True,True
127405,1.0,0.1408,0.5,none,True,True
127406,1.0,0.0907,0.5,none,True,True
127407,1.0,0.1198,0.5,none,True,True
127408,1.0,0.0467,0.5,none,True,True
127409,1.0,0.0522,0.5,none,True,True
127410,1.0,0.0405,0.5,none,True,True
127411,1.0,0.0313,0.5,none,True,True
127412,1.0,0.0083,0.5,none,True,True
127413,1.0,0.0726,0.5,none,True,True
127414,1.0,0.0793,0.5,none,True,True
127415,1.0,0.0581,0.5,none,True,True
127416,1.0,0.0955,0.5,none,True,True
127417,1.0,0.0839,0.5,none,True,True
127418,1.0,0.0648,0.5,none,True,True
127419,1.0,0.0718,0.5,none,True,True
127420,1.0,0.0589,0.5,none,True,True
127421,1.0,0.0403,0.5,none,True,True
127422,1.0,0.0327,0.5,none,True,True
127423,1.0,0.0277,0.5,none,True,True
127424,1.0,0.017,0.5,none,True,True
127425,1.0,0.0102,0.5,none,True,True
127426,1.0,0.0099,0.5,none,True,True
127427,1.0,0.008,0.5,none,True,True
127428,1.0,0.005,0.5,none,True,True
127429,1.0,0.0063,0.5,none,True,True
127430,1.0,0.009,0.5,none,True,True
127431,1.0,0.0096,0.5,none,True,True
127432,1.0,0.0108,0.5,none,True,True
127433,1.0,0.014,0.5,none,True,True
127434,1.0,0.0161,0.5,none,True,True
127435,1.0,0.0167,0.5,none,True,True
127436,1.0,0.0182,0.5,none,True,True
127437,1.0,0.0196,0.5,none,True,True
127438,1.0,0.0197,0.5,none,True,True
127439,1.0,0.0193,0.5,none,True,True
127440,1.0,0.0193,0.5,none,True,True
127441,1.0,0.0187,0.5,none,True,True
127442,1.0,0.0174,0.5,none,True,True
127443,1.0,0.0163,0.5,none,True,True
127444,1.0,0.0152,0.5,none,True,True
127445,1.0,0.0138,0.5,none,True,True
127446,1.0,0.0123,0.5,none,True,True
127447,1.0,0.0111,0.5,none,True,True
127448,1.0,0.01,0.5,none,True,True
127449,1.0,0.0088,0.5,none,True,True
127450,1.0,0.0078,0.5,none,True,True
127451,1.0,0.0071,0.5,none,True,True
127452,1.0,0.0064,0.5,none,True,True
127453,1.0,0.0057,0.5,none,True,True
127454,1.0,0.0053,0.5,none,True,True
127455,1.0,0.005,0.5,none,True,True
127456,1.0,0.0047,0.5,none,True,True
127457,1.0,0.0045,0.5,none,True,True
127458,1.0,0.0044,0.5,none,True,True
127459,1.0,0.0043,0.5,none,True,True
127460,1.0,0.0042,0.5,none,True,True
127461,1.0,0.0041,0.5,none,True,True
127462,1.0,0.004,0.5,none,True,True
127463,1.0,0.0039,0.5,none,True,True
127464,1.0,0.0038,0.5,none,True,True
127465,1.0,0.0037,0.5,none,True,True
127466,1.0,0.0035,0.5,none,True,True
127467,1.0,0.0033,0.5,none,True,True
127468,1.0,0.0032,0.5,none,True,True
127469,1.0,0.003,0.5,none,True,True
127470,1.0,0.0028,0.5,none,True,True
127471,1.0,0.0026,0.5,none,True,True
127472,1.0,0.0024,0.5,none,True,True
127473,1.0,0.0023,0.5,none,True,True
127474,1.0,0.0021,0.5,none,True,True
127475,1.0,0.0019,0.5,none,True,True
127476,1.0,0.0018,0.5,none,True,True
127477,1.0,0.0017,0.5,none,True,True
127478,1.0,0.0015,0.5,none,True,True
127479,1.0,0.0014,0.5,none,True,True
127480,1.0,0.0013,0.5,none,True,True
127481,1.0,0.0013,0.5,none,True,True
127482,1.0,0.0012,0.5,none,True,True
127483,1.0,0.0011,0.5,none,True,True
127484,1.0,0.0011,0.5,none,True,True
127485,1.0,0.001,0.5,none,True,True
127486,1.0,0.001,0.5,none,True,True
127487,1.0,0.0009,0.5,none,True,True
127488,1.0,0.0009,0.5,none,True,True
127489,1.0,0.0008,0.5,none,True,True
127490,1.0,0.0008,0.5,none,True,True
127491,1.0,0.0008,0.5,none,True,True
127492,1.0,0.0007,0.5,none,True,True
127493,1.0,0.0007,0.5,none,True,True
127494,1.0,0.0006,0.5,none,True,True
127495,1.0,0.0006,0.5,none,True,True
127496,1.0,0.0006,0.5,none,True,True
127497,1.0,0.0005,0.5,none,True,True
127498,1.0,0.0005,0.5,none,True,True
127499,1.0,0.0005,0.5,none,True,True
127500,1.0,0.0004,0.5,none,True,True
127501,1.0,0.0004,0.5,none,True,True
127502,1.0,0.0004,0.5,none,True,True
127503,1.0,0.0004,0.5,none,True,True
127504,1.0,0.0003,0.5,none,True,True
127505,1.0,0.0003,0.5,none,True,True
127506,1.0,0.0003,0.5,none,True,True
127507,1.0,0.0003,0.5,none,True,True
127508,1.0,0.0003,0.5,none,True,True
127509,1.0,0.0003,0.5,none,True,True
127510,1.0,0.0002,0.5,none,True,True
127511,1.0,0.0002,0.5,none,True,True
127512,1.0,0.0002,0.5,none,True,True
127513,1.0,0.0002,0.5,none,True,True
127514,1.0,0.0002,0.5,none,True,True
127515,1.0,0.0002,0.5,none,True,True
127516,1.0,0.0002,0.5,none,True,True
127517,1.0,0.0002,0.5,none,True,True
127518,1.0,0.0002,0.5,none,True,True
127519,1.0,0.0001,0.5,none,True,True
127520,1.0,0.0001,0.5,none,True,True
127521,1.0,0.0001,0.5,none,True,True
127522,1.0,0.0001,0.5,none,True,True
127523,1.0,0.0001,0.5,none,True,True
127524,1.0,0.0001,0.5,none,True,True
127525,1.0,0.0001,0.5,none,True,True
127526,1.0,0.0001,0.5,none,True,True
127527,1.0,0.0001,0.5,none,True,True
127528,1.0,0.0001,0.5,none,True,True
127529,1.0,0.0001,0.5,none,True,True
127530,1.0,0.0001,0.5,none,True,True
127531,1.0,0.0001,0.5,none,True,True
127532,1.0,0.0001,0.5,none,True,True
127533,1.0,0.0001,0.5,none,True,True
127534,1.0,0.0001,0.5,none,True,True
127535,1.0,0.0001,0.5,none,True,True
127536,1.0,0.0001,0.5,none,True,True
127537,1.0,0.0,0.5,none,True,True
127538,1.0,0.0,0.5,none,True,True
127539,1.0,0.0,0.5,none,True,True
127540,1.0,0.0,0.5,none,True,True
127541,1.0,0.0,0.5,none,True,True
127542,1.0,0.0,0.5,none,True,True
127543,1.0,0.0,0.5,none,True,True
127544,1.0,0.0,0.5,none,True,True
127545,1.0,0.0,0.5,none,True,True
127546,1.0,0.0,0.5,none,True,True
127547,1.0,0.0,0.5,none,True,True
127548,1.0,0.0,0.5,none,True,True
127549,1.0,0.0,0.5,none,True,True
127550,1.0,0.0,0.5,none,True,True
127551,1.0,0.0,0.5,none,True,True
127552,1.0,0.0,0.5,none,True,True
127553,1.0,0.0,0.5,none,True,True
127554,1.0,0.0,0.5,none,True,True
127555,1.0,0.0,0.5,none,True,True
127556,1.0,0.0,0.5,none,True,True
127557,1.0,0.0,0.5,none,True,True
127558,1.0,0.0,0.5,none,True,True
127559,1.0,0.0,0.5,none,True,True
127560,1.0,0.0,0.5,none,True,True
127561,1.0,0.0,0.5,none,True,True
127562,1.0,0.0,0.5,none,True,True
127563,1.0,0.0,0.5,none,True,True
127564,1.0,0.0,0.5,none,True,True
127565,1.0,0.0,0.5,none,True,True
127566,1.0,0.0,0.5,none,True,True
127567,1.0,0.0,0.5,none,True,True
127568,1.0,0.0,0.5,none,True,True
127569,1.0,0.0,0.5,none,True,True
127570,1.0,0.0,0.5,none,True,True
127571,1.0,0.0,0.5,none,True,True
127572,1.0,0.0,0.5,none,True,True
127573,1.0,0.0,0.5,none,True,True
127574,1.0,0.0,0.5,none,True,True
127575,1.0,0.0,0.5,none,True,True
127576,1.0,0.0,0.5,none,True,True
127577,1.0,0.0,0.5,none,True,True
127578,1.0,0.0,0.5,none,True,True
127579,1.0,0.0,0.5,none,True,True
127580,1.0,0.0,0.5,none,True,True
127581,1.0,0.0,0.5,none,True,True
127582,1.0,0.0,0.5,none,True,True
127583,1.0,0.0,0.5,none,True,True
127584,1.0,0.0,0.5,none,True,True
127585,1.0,0.0,0.5,none,True,True
127586,1.0,0.0,0.5,none,True,True
127587,1.0,0.0,0.5,none,True,True
127588,1.0,0.0,0.5,none,True,True
127589,1.0,0.0,0.5,none,True,True
127590,1.0,0.0,0.5,none,True,True
127591,1.0,0.0,0.5,none,True,True
127592,1.0,0.0,0.5,none,True,True
127593,1.0,0.0,0.5,none,True,True
127594,1.0,0.0,0.5,none,True,True
127595,1.0,0.0,0.5,none,True,True
127596,1.0,0.0,0.5,none,True,True
127597,1.0,0.0,0.5,none,True,True
127598,1.0,0.0,0.5,none,True,True
127599,1.0,0.0,0.5,none,True,True
127600,1.0,0.0,0.5,none,True,True
127601,1.0,0.0,0.5,none,True,True
127602,1.0,0.0,0.5,none,True,True
127603,1.0,0.0,0.5,none,True,True
127604,1.0,0.0,0.5,none,True,True
127605,1.0,0.0,0.5,none,True,True
127606,1.0,0.0,0.5,none,True,True
127607,1.0,0.0,0.5,none,True,True
127608,1.0,0.0,0.5,none,True,True
127609,1.0,0.0,0.5,none,True,True
127610,1.0,0.0,0.5,none,True,True
127611,1.0,0.0,0.5,none,True,True
127612,1.0,0.0,0.5,none,True,True
127613,1.0,0.0,0.5,none,True,True
127614,1.0,0.0,0.5,none,True,True
127615,1.0,0.0,0.5,none,True,True
127616,1.0,0.0,0.5,none,True,True
127617,1.0,0.0,0.5,none,True,True
127618,1.0,0.0,0.5,none,True,True
127619,1.0,0.0,0.5,none,True,True
127620,1.0,0.0,0.5,none,True,True
127621,1.0,0.0,0.5,none,True,True
127622,1.0,0.0,0.5,none,True,True
127623,1.0,0.0,0.5,none,True,True
127624,1.0,0.0,0.5,none,True,True
127625,1.0,0.0,0.5,none,True,True
127626,1.0,0.0,0.5,none,True,True
127627,1.0,0.0,0.5,none,True,True
127628,1.0,0.0,0.5,none,True,True
127629,1.0,0.0,0.5,none,True,True
127630,1.0,0.0,0.5,none,True,True
127631,1.0,0.0,0.5,none,True,True
127632,1.0,0.0,0.5,none,True,True
127633,1.0,0.0,0.5,none,True,True
127634,1.0,0.0,0.5,none,True,True
127635,1.0,0.0,0.5,none,True,True
127636,1.0,0.0,0.5,none,True,True
127637,1.0,0.0,0.5,none,True,True
127638,1.0,0.0,0.5,none,True,True
127639,1.0,0.0,0.5,none,True,True
127640,1.0,0.0,0.5,none,True,True
127641,1.0,0.0,0.5,none,True,True
127642,1.0,0.0,0.5,none,True,True
127643,1.0,0.0,0.5,none,True,True
127644,1.0,0.0,0.5,none,True,True
127645,1.0,0.0,0.5,none,True,True
127646,1.0,0.0,0.5,none,True,True
127647,1.0,0.0,0.5,none,True,True
127648,1.0,0.0,0.5,none,True,True
127649,1.0,0.0,0.5,none,True,True
127650,1.0,0.0,0.5,none,True,True
127651,1.0,0.0,0.5,none,True,True
127652,1.0,0.0,0.5,none,True,True
127653,1.0,0.0,0.5,none,True,True
127654,1.0,0.0,0.5,none,True,True
127655,1.0,0.0,0.5,none,True,True
127656,1.0,0.0,0.5,none,True,True
127657,1.0,0.0,0.5,none,True,True
127658,1.0,0.0,0.5,none,True,True
127659,1.0,0.0,0.5,none,True,True
127660,1.0,0.0,0.5,none,True,True
127661,1.0,0.0,0.5,none,True,True
127662,1.0,0.0,0.5,none,True,True
127663,1.0,0.0,0.5,none,True,True
127664,1.0,0.0,0.5,none,True,True
127665,1.0,0.0,0.5,none,True,True
127666,1.0,0.0,0.5,none,True,True
127667,1.0,0.0,0.5,none,True,True
127668,1.0,0.0,0.5,none,True,True
127669,1.0,0.0,0.5,none,True,True
127670,1.0,0.0,0.5,none,True,True
127671,1.0,0.0,0.5,none,True,True
127672,1.0,0.0,0.5,none,True,True
127673,1.0,0.0,0.5,none,True,True
127674,1.0,0.0,0.5,none,True,True
127675,1.0,0.0,0.5,none,True,True
127676,1.0,0.0,0.5,none,True,True
127677,1.0,0.0,0.5,none,True,True
127678,1.0,0.0,0.5,none,True,True
127679,1.0,0.0,0.5,none,True,True
127680,1.0,0.0,0.5,none,True,True
127681,1.0,0.0,0.5,none,True,True
127682,1.0,0.0,0.5,none,True,True
127683,1.0,0.0,0.5,none,True,True
127684,1.0,0.0,0.5,none,True,True
127685,1.0,0.0,0.5,none,True,True
127686,1.0,0.0,0.5,none,True,True
127687,1.0,0.0,0.5,none,True,True
127688,1.0,0.0,0.5,none,True,True
127689,1.0,0.0,0.5,none,True,True
127690,1.0,0.0,0.5,none,True,True
127691,1.0,0.0,0.5,none,True,True
127692,1.0,0.0,0.5,none,True,True
127693,1.0,0.0,0.5,none,True,True
127694,1.0,0.0,0.5,none,True,True
127695,1.0,0.0,0.5,none,True,True
127696,1.0,0.0,0.5,none,True,True
127697,1.0,0.0,0.5,none,True,True
127698,1.0,0.0,0.5,none,True,True
127699,1.0,0.0,0.5,none,True,True
127700,1.0,0.0,0.5,none,True,True
127701,1.0,0.0,0.5,none,True,True
127702,1.0,0.0,0.5,none,True,True
127703,1.0,0.0,0.5,none,True,True
127704,1.0,0.0,0.5,none,True,True
127705,1.0,0.0,0.5,none,True,True
127706,1.0,0.0,0.5,none,True,True
127707,1.0,0.0,0.5,none,True,True
127708,1.0,0.0,0.5,none,True,True
127709,1.0,0.0,0.5,none,True,True
127710,1.0,0.0,0.5,none,True,True
127711,1.0,0.0,0.5,none,True,True
127712,1.0,0.0,0.5,none,True,True
127713,1.0,0.0,0.5,none,True,True
127714,1.0,0.0,0.5,none,True,True
127715,1.0,0.0,0.5,none,True,True
127716,1.0,0.0,0.5,none,True,True
127717,1.0,0.0,0.5,none,True,True
127718,1.0,0.0,0.5,none,True,True
127719,1.0,0.0,0.5,none,True,True
127720,1.0,0.0,0.5,none,True,True
127721,1.0,0.0,0.5,none,True,True
127722,1.0,0.0,0.5,none,True,True
127723,1.0,0.0,0.5,none,True,True
127724,1.0,0.0,0.5,none,True,True
127725,1.0,0.0,0.5,none,True,True
127726,1.0,0.0,0.5,none,True,True
127727,1.0,0.0,0.5,none,True,True
127728,1.0,0.0,0.5,none,True,True
127729,1.0,0.0,0.5,none,True,True
127730,1.0,0.0,0.5,none,True,True
127731,1.0,0.0,0.5,none,True,True
127732,1.0,0.0,0.5,none,True,True
127733,1.0,0.0,0.5,none,True,True
127734,1.0,0.0,0.5,none,True,True
127735,1.0,0.0,0.5,none,True,True
127736,1.0,0.0,0.5,none,True,True
127737,1.0,0.0,0.5,none,True,True
127738,1.0,0.0,0.5,none,True,True
127739,1.0,0.0,0.5,none,True,True
127740,1.0,0.0,0.5,none,True,True
127741,1.0,0.0,0.5,none,True,True
127742,1.0,0.0,0.5,none,True,True
127743,1.0,0.0,0.5,none,True,True
127744,1.0,0.0,0.5,none,True,True
127745,1.0,0.0,0.5,none,True,True
127746,1.0,0.0,0.5,none,True,True
127747,1.0,0.0,0.5,none,True,True
127748,1.0,0.0,0.5,none,True,True
127749,1.0,0.0,0.5,none,True,True
127750,1.0,0.0,0.5,none,True,True
127751,1.0,0.0,0.5,none,True,True
127752,1.0,0.0,0.5,none,True,True
127753,1.0,0.0,0.5,none,True,True
127754,1.0,0.0,0.5,none,True,True
127755,1.0,0.0,0.5,none,True,True
127756,1.0,0.0,0.5,none,True,True
127757,1.0,0.0,0.5,none,True,True
127758,1.0,0.0,0.5,none,True,True
127759,1.0,0.0,0.5,none,True,True
127760,1.0,0.0,0.5,none,True,True
127761,1.0,0.0,0.5,none,True,True
127762,1.0,0.0,0.5,none,True,True
127763,1.0,0.0,0.5,none,True,True
127764,1.0,0.0,0.5,none,True,True
127765,1.0,0.0,0.5,none,True,True
127766,1.0,0.0,0.5,none,True,True
127767,1.0,0.0,0.5,none,True,True
127768,1.0,0.0,0.5,none,True,True
127769,1.0,0.0,0.5,none,True,True
127770,1.0,0.0,0.5,none,True,True
127771,1.0,0.0,0.5,none,True,True
127772,1.0,0.0,0.5,none,True,True
127773,1.0,0.0,0.5,none,True,True
127774,1.0,0.0,0.5,none,True,True
127775,1.0,0.0,0.5,none,True,True
127776,1.0,0.0,0.5,none,True,True
127777,1.0,0.0,0.5,none,True,True
127778,1.0,0.0,0.5,none,True,True
127779,1.0,0.0,0.5,none,True,True
127780,1.0,0.0,0.5,none,True,True
127781,1.0,0.0,0.5,none,True,True
127782,1.0,0.0,0.5,none,True,True
127783,1.0,0.0,0.5,none,True,True
127784,1.0,0.0,0.5,none,True,True
127785,1.0,0.0,0.5,none,True,True
127786,1.0,0.0,0.5,none,True,True
127787,1.0,0.0,0.5,none,True,True
127788,1.0,0.0,0.5,none,True,True
127789,1.0,0.0,0.5,none,True,True
127790,1.0,0.0,0.5,none,True,True
127791,1.0,0.0,0.5,none,True,True
127792,1.0,0.0,0.5,none,True,True
127793,1.0,0.0,0.5,none,True,True
127794,1.0,0.0,0.5,none,True,True
127795,1.0,0.0,0.5,none,True,True
127796,1.0,0.0,0.5,none,True,True
127797,1.0,0.0,0.5,none,True,True
127798,1.0,0.0,0.5,none,True,True
127799,1.0,0.0,0.5,none,True,True
127800,1.0,0.0,0.5,none,True,True
127801,1.0,0.0,0.5,none,True,True
127802,1.0,0.0,0.5,none,True,True
127803,1.0,0.0,0.5,none,True,True
127804,1.0,0.0,0.5,none,True,True
127805,1.0,0.0,0.5,none,True,True
127806,1.0,0.0,0.5,none,True,True
127807,1.0,0.0,0.5,none,True,True
127808,1.0,0.0,0.5,none,True,True
127809,1.0,0.0,0.5,none,True,True
127810,1.0,0.0,0.5,none,True,True
127811,1.0,0.0,0.5,none,True,True
127812,1.0,0.0,0.5,none,True,True
127813,1.0,0.0,0.5,none,True,True
127814,1.0,0.0,0.5,none,True,True
127815,1.0,0.0,0.5,none,True,True
127816,1.0,0.0,0.5,none,True,True
127817,1.0,0.0,0.5,none,True,True
127818,1.0,0.0,0.5,none,True,True
127819,1.0,0.0,0.5,none,True,True
127820,1.0,0.0,0.5,none,True,True
127821,1.0,0.0,0.5,none,True,True
127822,1.0,0.0,0.5,none,True,True
127823,1.0,0.0,0.5,none,True,True
127824,1.0,0.0,0.5,none,True,True
127825,1.0,0.0,0.5,none,True,True
127826,1.0,0.0,0.5,none,True,True
127827,1.0,0.0,0.5,none,True,True
127828,1.0,0.0,0.5,none,True,True
127829,1.0,0.0,0.5,none,True,True
127830,1.0,0.0,0.5,none,True,True
127831,1.0,0.0,0.5,none,True,True
127832,1.0,0.0,0.5,none,True,True
127833,1.0,0.0,0.5,none,True,True
127834,1.0,0.0,0.5,none,True,True
127835,1.0,0.0,0.5,none,True,True
127836,1.0,0.0,0.5,none,True,True
127837,1.0,0.0,0.5,none,True,True
127838,1.0,0.0,0.5,none,True,True
127839,1.0,0.0,0.5,none,True,True
127840,1.0,0.0,0.5,none,True,True
127841,1.0,0.0,0.5,none,True,True
127842,1.0,0.0,0.5,none,True,True
127843,1.0,0.0,0.5,none,True,True
127844,1.0,0.0,0.5,none,True,True
127845,1.0,0.0,0.5,none,True,True
127846,1.0,0.0,0.5,none,True,True
127847,1.0,0.0,0.5,none,True,True
127848,1.0,0.0,0.5,none,True,True
127849,1.0,0.0,0.5,none,True,True
127850,1.0,0.0,0.5,none,True,True
127851,1.0,0.0,0.5,none,True,True
127852,1.0,0.0,0.5,none,True,True
127853,1.0,0.0,0.5,none,True,True
127854,1.0,0.0,0.5,none,True,True
127855,1.0,0.0,0.5,none,True,True
127856,1.0,0.0,0.5,none,True,True
127857,1.0,0.0,0.5,none,True,True
127858,1.0,0.0,0.5,none,True,True
127859,1.0,0.0,0.5,none,True,True
127860,1.0,0.0,0.5,none,True,True
127861,1.0,0.0,0.5,none,True,True
127862,1.0,0.0,0.5,none,True,True
127863,1.0,0.0,0.5,none,True,True
127864,1.0,0.0,0.5,none,True,True
127865,1.0,0.0,0.5,none,True,True
127866,1.0,0.0,0.5,none,True,True
127867,1.0,0.0,0.5,none,True,True
127868,1.0,0.0,0.5,none,True,True
127869,1.0,0.0,0.5,none,True,True
127870,1.0,0.0,0.5,none,True,True
127871,1.0,0.0,0.5,none,True,True
127872,1.0,0.0,0.5,none,True,True
127873,1.0,0.0,0.5,none,True,True
127874,1.0,0.0,0.5,none,True,True
127875,1.0,0.0,0.5,none,True,True
127876,1.0,0.0,0.5,none,True,True
127877,1.0,0.0,0.5,none,True,True
127878,1.0,0.0,0.5,none,True,True
127879,1.0,0.0,0.5,none,True,True
127880,1.0,0.0,0.5,none,True,True
127881,1.0,0.0,0.5,none,True,True
127882,1.0,0.0,0.5,none,True,True
127883,1.0,0.0,0.5,none,True,True
127884,1.0,0.0,0.5,none,True,True
127885,1.0,0.0,0.5,none,True,True
127886,1.0,0.0,0.5,none,True,True
127887,1.0,0.0,0.5,none,True,True
127888,1.0,0.0,0.5,none,True,True
127889,1.0,0.0,0.5,none,True,True
127890,1.0,0.0,0.5,none,True,True
127891,1.0,0.0,0.5,none,True,True
127892,1.0,0.0,0.5,none,True,True
127893,1.0,0.0,0.5,none,True,True
127894,1.0,0.0,0.5,none,True,True
127895,1.0,0.0,0.5,none,True,True
127896,1.0,0.0,0.5,none,True,True
127897,1.0,0.0,0.5,none,True,True
127898,1.0,0.0,0.5,none,True,True
127899,1.0,0.0,0.5,none,True,True
127900,1.0,0.0,0.5,none,True,True
127901,1.0,0.0,0.5,none,True,True
127902,1.0,0.0,0.5,none,True,True
127903,1.0,0.0,0.5,none,True,True
127904,1.0,0.0,0.5,none,True,True
127905,1.0,0.0,0.5,none,True,True
127906,1.0,0.0,0.5,none,True,True
127907,1.0,0.0,0.5,none,True,True
127908,1.0,0.0,0.5,none,True,True
127909,1.0,0.0,0.5,none,True,True
127910,1.0,0.0,0.5,none,True,True
127911,1.0,0.0,0.5,none,True,True
127912,1.0,0.0,0.5,none,True,True
127913,1.0,0.0,0.5,none,True,True
127914,1.0,0.0,0.5,none,True,True
127915,1.0,0.0,0.5,none,True,True
127916,1.0,0.0,0.5,none,True,True
127917,1.0,0.0,0.5,none,True,True
127918,1.0,0.0,0.5,none,True,True
127919,1.0,0.0,0.5,none,True,True
127920,1.0,0.0,0.5,none,True,True
127921,1.0,0.0,0.5,none,True,True
127922,1.0,0.0,0.5,none,True,True
127923,1.0,0.0,0.5,none,True,True
127924,1.0,0.0,0.5,none,True,True
127925,1.0,0.0,0.5,none,True,True
127926,1.0,0.0,0.5,none,True,True
127927,1.0,0.0,0.5,none,True,True
127928,1.0,0.0,0.5,none,True,True
127929,1.0,0.0,0.5,none,True,True
127930,1.0,0.0,0.5,none,True,True
127931,1.0,0.0,0.5,none,True,True
127932,1.0,0.0,0.5,none,True,True
127933,1.0,0.0,0.5,none,True,True
127934,1.0,0.0,0.5,none,True,True
127935,1.0,0.0,0.5,none,True,True
127936,1.0,0.0,0.5,none,True,True
127937,1.0,0.0,0.5,none,True,True
127938,1.0,0.0,0.5,none,True,True
127939,1.0,0.0,0.5,none,True,True
127940,1.0,0.0,0.5,none,True,True
127941,1.0,0.0,0.5,none,True,True
127942,1.0,0.0,0.5,none,True,True
127943,1.0,0.0,0.5,none,True,True
127944,1.0,0.0,0.5,none,True,True
127945,1.0,0.0,0.5,none,True,True
127946,1.0,0.0,0.5,none,True,True
127947,1.0,0.0,0.5,none,True,True
127948,1.0,0.0,0.5,none,True,True
127949,1.0,0.0,0.5,none,True,True
127950,1.0,0.0,0.5,none,True,True
127951,1.0,0.0,0.5,none,True,True
127952,1.0,0.0,0.5,none,True,True
127953,1.0,0.0,0.5,none,True,True
127954,1.0,0.0,0.5,none,True,True
127955,1.0,0.0,0.5,none,True,True
127956,1.0,0.0,0.5,none,True,True
127957,1.0,0.0,0.5,none,True,True
127958,1.0,0.0,0.5,none,True,True
127959,1.0,0.0,0.5,none,True,True
127960,1.0,0.0,0.5,none,True,True
127961,1.0,0.0,0.5,none,True,True
127962,1.0,0.0,0.5,none,True,True
127963,1.0,0.0,0.5,none,True,True
127964,1.0,0.0,0.5,none,True,True
127965,1.0,0.0,0.5,none,True,True
127966,1.0,0.0,0.5,none,True,True
127967,1.0,0.0,0.5,none,True,True
127968,1.0,0.0,0.5,none,True,True
127969,1.0,0.0,0.5,none,True,True
127970,1.0,0.0,0.5,none,True,True
127971,1.0,0.0,0.5,none,True,True
127972,1.0,0.0,0.5,none,True,True
127973,1.0,0.0,0.5,none,True,True
127974,1.0,0.0,0.5,none,True,True
127975,1.0,0.0,0.5,none,True,True
127976,1.0,0.0,0.5,none,True,True
127977,1.0,0.0,0.5,none,True,True
127978,1.0,0.0,0.5,none,True,True
127979,1.0,0.0,0.5,none,True,True
127980,1.0,0.0,0.5,none,True,True
127981,1.0,0.0,0.5,none,True,True
127982,1.0,0.0,0.5,none,True,True
127983,1.0,0.0,0.5,none,True,True
127984,1.0,0.0,0.5,none,True,True
127985,1.0,0.0,0.5,none,True,True
127986,1.0,0.0,0.5,none,True,True
127987,1.0,0.0,0.5,none,True,True
127988,1.0,0.0,0.5,none,True,True
127989,1.0,0.0,0.5,none,True,True
127990,1.0,0.0,0.5,none,True,True
127991,1.0,0.0,0.5,none,True,True
127992,1.0,0.0,0.5,none,True,True
127993,1.0,0.0,0.5,none,True,True
127994,1.0,0.0,0.5,none,True,True
127995,1.0,0.0,0.5,none,True,True
127996,1.0,0.0,0.5,none,True,True
127997,1.0,0.0,0.5,none,True,True
127998,1.0,0.0,0.5,none,True,True
127999,1.0,0.0,0.5,none,True,True
128000,1.0,0.0,0.5,none,True,True
128001,1.0,0.0,0.5,none,True,True
128002,1.0,0.0,0.5,none,True,True
128003,1.0,0.0,0.5,none,True,True
128004,1.0,0.0,0.5,none,True,True
128005,1.0,0.0,0.5,none,True,True
128006,1.0,0.0,0.5,none,True,True
128007,1.0,0.0,0.5,none,True,True
128008,1.0,0.0,0.5,none,True,True
128009,1.0,0.0,0.5,none,True,True
128010,1.0,0.0,0.5,none,True,True
128011,1.0,0.0,0.5,none,True,True
128012,1.0,0.0,0.5,none,True,True
128013,1.0,0.0,0.5,none,True,True
128014,1.0,0.0,0.5,none,True,True
128015,1.0,0.0,0.5,none,True,True
128016,1.0,0.0,0.5,none,True,True
128017,1.0,0.0,0.5,none,True,True
128018,1.0,0.0,0.5,none,True,True
128019,1.0,0.0,0.5,none,True,True
128020,1.0,0.0,0.5,none,True,True
128021,1.0,0.0,0.5,none,True,True
128022,1.0,0.0,0.5,none,True,True
128023,1.0,0.0,0.5,none,True,True
128024,1.0,0.0,0.5,none,True,True
128025,1.0,0.0,0.5,none,True,True
128026,1.0,0.0,0.5,none,True,True
128027,1.0,0.0,0.5,none,True,True
128028,1.0,0.0,0.5,none,True,True
128029,1.0,0.0,0.5,none,True,True
128030,1.0,0.0,0.5,none,True,True
128031,1.0,0.0,0.5,none,True,True
128032,1.0,0.0,0.5,none,True,True
128033,1.0,0.0,0.5,none,True,True
128034,1.0,0.0,0.5,none,True,True
128035,1.0,0.0,0.5,none,True,True
128036,1.0,0.0,0.5,none,True,True
128037,1.0,0.0,0.5,none,True,True
128038,1.0,0.0,0.5,none,True,True
128039,1.0,0.0,0.5,none,True,True
128040,1.0,0.0,0.5,none,True,True
128041,1.0,0.0,0.5,none,True,True
128042,1.0,0.0,0.5,none,True,True
128043,1.0,0.0,0.5,none,True,True
128044,1.0,0.0,0.5,none,True,True
128045,1.0,0.0,0.5,none,True,True
128046,1.0,0.0,0.5,none,True,True
128047,1.0,0.0,0.5,none,True,True
128048,1.0,0.0,0.5,none,True,True
128049,1.0,0.0,0.5,none,True,True
128050,1.0,0.0,0.5,none,True,True
128051,1.0,0.0,0.5,none,True,True
128052,1.0,0.0,0.5,none,True,True
128053,1.0,0.0,0.5,none,True,True
128054,1.0,0.0,0.5,none,True,True
128055,1.0,0.0,0.5,none,True,True
128056,1.0,0.0,0.5,none,True,True
128057,1.0,0.0,0.5,none,True,True
128058,1.0,0.0,0.5,none,True,True
128059,1.0,0.0,0.5,none,True,True
128060,1.0,0.0,0.5,none,True,True
128061,1.0,0.0,0.5,none,True,True
128062,1.0,0.0,0.5,none,True,True
128063,1.0,0.0,0.5,none,True,True
128064,1.0,0.0,0.5,none,True,True
128065,1.0,0.0,0.5,none,True,True
128066,1.0,0.0,0.5,none,True,True
128067,1.0,0.0,0.5,none,True,True
128068,1.0,0.0,0.5,none,True,True
128069,1.0,0.0,0.5,none,True,True
128070,1.0,0.0,0.5,none,True,True
128071,1.0,0.0,0.5,none,True,True
128072,1.0,0.0,0.5,none,True,True
128073,1.0,0.0,0.5,none,True,True
128074,1.0,0.0,0.5,none,True,True
128075,1.0,0.0,0.5,none,True,True
128076,1.0,0.0,0.5,none,True,True
128077,1.0,0.0,0.5,none,True,True
128078,1.0,0.0,0.5,none,True,True
128079,1.0,0.0,0.5,none,True,True
128080,1.0,0.0,0.5,none,True,True
128081,1.0,0.0,0.5,none,True,True
128082,1.0,0.0,0.5,none,True,True
128083,1.0,0.0,0.5,none,True,True
128084,1.0,0.0,0.5,none,True,True
128085,1.0,0.0,0.5,none,True,True
128086,1.0,0.0,0.5,none,True,True
128087,1.0,0.0,0.5,none,True,True
128088,1.0,0.0,0.5,none,True,True
128089,1.0,0.0,0.5,none,True,True
128090,1.0,0.0,0.5,none,True,True
128091,1.0,0.0,0.5,none,True,True
128092,1.0,0.0,0.5,none,True,True
128093,1.0,0.0,0.5,none,True,True
128094,1.0,0.0,0.5,none,True,True
128095,1.0,0.0,0.5,none,True,True
128096,1.0,0.0,0.5,none,True,True
128097,1.0,0.0,0.5,none,True,True
128098,1.0,0.0,0.5,none,True,True
128099,1.0,0.0,0.5,none,True,True
128100,1.0,0.0061,0.5,none,True,True
128101,1.0,0.0357,0.5,none,True,True
128102,1.0,0.0812,0.5,none,True,True
128103,1.0,0.1113,0.5,none,True,True
128104,1.0,0.1253,0.5,none,True,True
128105,1.0,0.1408,0.5,none,True,True
128106,1.0,0.0907,0.5,none,True,True
128107,1.0,0.1198,0.5,none,True,True
128108,1.0,0.0467,0.5,none,True,True
128109,1.0,0.0522,0.5,none,True,True
128110,1.0,0.0405,0.5,none,True,True
128111,1.0,0.0313,0.5,none,True,True
128112,1.0,0.0083,0.5,none,True,True
128113,1.0,0.0726,0.5,none,True,True
128114,1.0,0.0793,0.5,none,True,True
128115,1.0,0.0581,0.5,none,True,True
128116,1.0,0.0955,0.5,none,True,True
128117,1.0,0.0839,0.5,none,True,True
128118,1.0,0.0648,0.5,none,True,True
128119,1.0,0.0718,0.5,none,True,True
128120,1.0,0.0589,0.5,none,True,True
128121,1.0,0.0403,0.5,none,True,True
128122,1.0,0.0327,0.5,none,True,True
128123,1.0,0.0277,0.5,none,True,True
128124,1.0,0.017,0.5,none,True,True
128125,1.0,0.0102,0.5,none,True,True
128126,1.0,0.0099,0.5,none,True,True
128127,1.0,0.008,0.5,none,True,True
128128,1.0,0.005,0.5,none,True,True
128129,1.0,0.0063,0.5,none,True,True
128130,1.0,0.009,0.5,none,True,True
128131,1.0,0.0096,0.5,none,True,True
128132,1.0,0.0108,0.5,none,True,True
128133,1.0,0.014,0.5,none,True,True
128134,1.0,0.0161,0.5,none,True,True
128135,1.0,0.0167,0.5,none,True,True
128136,1.0,0.0182,0.5,none,True,True
128137,1.0,0.0196,0.5,none,True,True
128138,1.0,0.0197,0.5,none,True,True
128139,1.0,0.0193,0.5,none,True,True
128140,1.0,0.0193,0.5,none,True,True
128141,1.0,0.0187,0.5,none,True,True
128142,1.0,0.0174,0.5,none,True,True
128143,1.0,0.0163,0.5,none,True,True
128144,1.0,0.0152,0.5,none,True,True
128145,1.0,0.0138,0.5,none,True,True
128146,1.0,0.0123,0.5,none,True,True
128147,1.0,0.0111,0.5,none,True,True
128148,1.0,0.01,0.5,none,True,True
128149,1.0,0.0088,0.5,none,True,True
128150,1.0,0.0078,0.5,none,True,True
128151,1.0,0.0071,0.5,none,True,True
128152,1.0,0.0064,0.5,none,True,True
128153,1.0,0.0057,0.5,none,True,True
128154,1.0,0.0053,0.5,none,True,True
128155,1.0,0.005,0.5,none,True,True
128156,1.0,0.0047,0.5,none,True,True
128157,1.0,0.0045,0.5,none,True,True
128158,1.0,0.0044,0.5,none,True,True
128159,1.0,0.0043,0.5,none,True,True
128160,1.0,0.0042,0.5,none,True,True
128161,1.0,0.0041,0.5,none,True,True
128162,1.0,0.004,0.5,none,True,True
128163,1.0,0.0039,0.5,none,True,True
128164,1.0,0.0038,0.5,none,True,True
128165,1.0,0.0037,0.5,none,True,True
128166,1.0,0.0035,0.5,none,True,True
128167,1.0,0.0033,0.5,none,True,True
128168,1.0,0.0032,0.5,none,True,True
128169,1.0,0.003,0.5,none,True,True
128170,1.0,0.0028,0.5,none,True,True
128171,1.0,0.0026,0.5,none,True,True
128172,1.0,0.0024,0.5,none,True,True
128173,1.0,0.0023,0.5,none,True,True
128174,1.0,0.0021,0.5,none,True,True
128175,1.0,0.0019,0.5,none,True,True
128176,1.0,0.0018,0.5,none,True,True
128177,1.0,0.0017,0.5,none,True,True
128178,1.0,0.0015,0.5,none,True,True
128179,1.0,0.0014,0.5,none,True,True
128180,1.0,0.0013,0.5,none,True,True
128181,1.0,0.0013,0.5,none,True,True
128182,1.0,0.0012,0.5,none,True,True
128183,1.0,0.0011,0.5,none,True,True
128184,1.0,0.0011,0.5,none,True,True
128185,1.0,0.001,0.5,none,True,True
128186,1.0,0.001,0.5,none,True,True
128187,1.0,0.0009,0.5,none,True,True
128188,1.0,0.0009,0.5,none,True,True
128189,1.0,0.0008,0.5,none,True,True
128190,1.0,0.0008,0.5,none,True,True
128191,1.0,0.0008,0.5,none,True,True
128192,1.0,0.0007,0.5,none,True,True
128193,1.0,0.0007,0.5,none,True,True
128194,1.0,0.0006,0.5,none,True,True
128195,1.0,0.0006,0.5,none,True,True
128196,1.0,0.0006,0.5,none,True,True
128197,1.0,0.0005,0.5,none,True,True
128198,1.0,0.0005,0.5,none,True,True
128199,1.0,0.0005,0.5,none,True,True
128200,1.0,0.0004,0.5,none,True,True
128201,1.0,0.0004,0.5,none,True,True
128202,1.0,0.0004,0.5,none,True,True
128203,1.0,0.0004,0.5,none,True,True
128204,1.0,0.0003,0.5,none,True,True
128205,1.0,0.0003,0.5,none,True,True
128206,1.0,0.0003,0.5,none,True,True
128207,1.0,0.0003,0.5,none,True,True
128208,1.0,0.0003,0.5,none,True,True
128209,1.0,0.0003,0.5,none,True,True
128210,1.0,0.0002,0.5,none,True,True
128211,1.0,0.0002,0.5,none,True,True
128212,1.0,0.0002,0.5,none,True,True
128213,1.0,0.0002,0.5,none,True,True
128214,1.0,0.0002,0.5,none,True,True
128215,1.0,0.0002,0.5,none,True,True
128216,1.0,0.0002,0.5,none,True,True
128217,1.0,0.0002,0.5,none,True,True
128218,1.0,0.0002,0.5,none,True,True
128219,1.0,0.0001,0.5,none,True,True
128220,1.0,0.0001,0.5,none,True,True
128221,1.0,0.0001,0.5,none,True,True
128222,1.0,0.0001,0.5,none,True,True
128223,1.0,0.0001,0.5,none,True,True
128224,1.0,0.0001,0.5,none,True,True
128225,1.0,0.0001,0.5,none,True,True
128226,1.0,0.0001,0.5,none,True,True
128227,1.0,0.0001,0.5,none,True,True
128228,1.0,0.0001,0.5,none,True,True
128229,1.0,0.0001,0.5,none,True,True
128230,1.0,0.0001,0.5,none,True,True
128231,1.0,0.0001,0.5,none,True,True
128232,1.0,0.0001,0.5,none,True,True
128233,1.0,0.0001,0.5,none,True,True
128234,1.0,0.0001,0.5,none,True,True
128235,1.0,0.0001,0.5,none,True,True
128236,1.0,0.0001,0.5,none,True,True
128237,1.0,0.0,0.5,none,True,True
128238,1.0,0.0,0.5,none,True,True
128239,1.0,0.0,0.5,none,True,True
128240,1.0,0.0,0.5,none,True,True
128241,1.0,0.0,0.5,none,True,True
128242,1.0,0.0,0.5,none,True,True
128243,1.0,0.0,0.5,none,True,True
128244,1.0,0.0,0.5,none,True,True
128245,1.0,0.0,0.5,none,True,True
128246,1.0,0.0,0.5,none,True,True
128247,1.0,0.0,0.5,none,True,True
128248,1.0,0.0,0.5,none,True,True
128249,1.0,0.0,0.5,none,True,True
128250,1.0,0.0,0.5,none,True,True
128251,1.0,0.0,0.5,none,True,True
128252,1.0,0.0,0.5,none,True,True
128253,1.0,0.0,0.5,none,True,True
128254,1.0,0.0,0.5,none,True,True
128255,1.0,0.0,0.5,none,True,True
128256,1.0,0.0,0.5,none,True,True
128257,1.0,0.0,0.5,none,True,True
128258,1.0,0.0,0.5,none,True,True
128259,1.0,0.0,0.5,none,True,True
128260,1.0,0.0,0.5,none,True,True
128261,1.0,0.0,0.5,none,True,True
128262,1.0,0.0,0.5,none,True,True
128263,1.0,0.0,0.5,none,True,True
128264,1.0,0.0,0.5,none,True,True
128265,1.0,0.0,0.5,none,True,True
128266,1.0,0.0,0.5,none,True,True
128267,1.0,0.0,0.5,none,True,True
128268,1.0,0.0,0.5,none,True,True
128269,1.0,0.0,0.5,none,True,True
128270,1.0,0.0,0.5,none,True,True
128271,1.0,0.0,0.5,none,True,True
128272,1.0,0.0,0.5,none,True,True
128273,1.0,0.0,0.5,none,True,True
128274,1.0,0.0,0.5,none,True,True
128275,1.0,0.0,0.5,none,True,True
128276,1.0,0.0,0.5,none,True,True
128277,1.0,0.0,0.5,none,True,True
128278,1.0,0.0,0.5,none,True,True
128279,1.0,0.0,0.5,none,True,True
128280,1.0,0.0,0.5,none,True,True
128281,1.0,0.0,0.5,none,True,True
128282,1.0,0.0,0.5,none,True,True
128283,1.0,0.0,0.5,none,True,True
128284,1.0,0.0,0.5,none,True,True
128285,1.0,0.0,0.5,none,True,True
128286,1.0,0.0,0.5,none,True,True
128287,1.0,0.0,0.5,none,True,True
128288,1.0,0.0,0.5,none,True,True
128289,1.0,0.0,0.5,none,True,True
128290,1.0,0.0,0.5,none,True,True
128291,1.0,0.0,0.5,none,True,True
128292,1.0,0.0,0.5,none,True,True
128293,1.0,0.0,0.5,none,True,True
128294,1.0,0.0,0.5,none,True,True
128295,1.0,0.0,0.5,none,True,True
128296,1.0,0.0,0.5,none,True,True
128297,1.0,0.0,0.5,none,True,True
128298,1.0,0.0,0.5,none,True,True
128299,1.0,0.0,0.5,none,True,True
128300,1.0,0.0,0.5,none,True,True
128301,1.0,0.0,0.5,none,True,True
128302,1.0,0.0,0.5,none,True,True
128303,1.0,0.0,0.5,none,True,True
128304,1.0,0.0,0.5,none,True,True
128305,1.0,0.0,0.5,none,True,True
128306,1.0,0.0,0.5,none,True,True
128307,1.0,0.0,0.5,none,True,True
128308,1.0,0.0,0.5,none,True,True
128309,1.0,0.0,0.5,none,True,True
128310,1.0,0.0,0.5,none,True,True
128311,1.0,0.0,0.5,none,True,True
128312,1.0,0.0,0.5,none,True,True
128313,1.0,0.0,0.5,none,True,True
128314,1.0,0.0,0.5,none,True,True
128315,1.0,0.0,0.5,none,True,True
128316,1.0,0.0,0.5,none,True,True
128317,1.0,0.0,0.5,none,True,True
128318,1.0,0.0,0.5,none,True,True
128319,1.0,0.0,0.5,none,True,True
128320,1.0,0.0,0.5,none,True,True
128321,1.0,0.0,0.5,none,True,True
128322,1.0,0.0,0.5,none,True,True
128323,1.0,0.0,0.5,none,True,True
128324,1.0,0.0,0.5,none,True,True
128325,1.0,0.0,0.5,none,True,True
128326,1.0,0.0,0.5,none,True,True
128327,1.0,0.0,0.5,none,True,True
128328,1.0,0.0,0.5,none,True,True
128329,1.0,0.0,0.5,none,True,True
128330,1.0,0.0,0.5,none,True,True
128331,1.0,0.0,0.5,none,True,True
128332,1.0,0.0,0.5,none,True,True
128333,1.0,0.0,0.5,none,True,True
128334,1.0,0.0,0.5,none,True,True
128335,1.0,0.0,0.5,none,True,True
128336,1.0,0.0,0.5,none,True,True
128337,1.0,0.0,0.5,none,True,True
128338,1.0,0.0,0.5,none,True,True
128339,1.0,0.0,0.5,none,True,True
128340,1.0,0.0,0.5,none,True,True
128341,1.0,0.0,0.5,none,True,True
128342,1.0,0.0,0.5,none,True,True
128343,1.0,0.0,0.5,none,True,True
128344,1.0,0.0,0.5,none,True,True
128345,1.0,0.0,0.5,none,True,True
128346,1.0,0.0,0.5,none,True,True
128347,1.0,0.0,0.5,none,True,True
128348,1.0,0.0,0.5,none,True,True
128349,1.0,0.0,0.5,none,True,True
128350,1.0,0.0,0.5,none,True,True
128351,1.0,0.0,0.5,none,True,True
128352,1.0,0.0,0.5,none,True,True
128353,1.0,0.0,0.5,none,True,True
128354,1.0,0.0,0.5,none,True,True
128355,1.0,0.0,0.5,none,True,True
128356,1.0,0.0,0.5,none,True,True
128357,1.0,0.0,0.5,none,True,True
128358,1.0,0.0,0.5,none,True,True
128359,1.0,0.0,0.5,none,True,True
128360,1.0,0.0,0.5,none,True,True
128361,1.0,0.0,0.5,none,True,True
128362,1.0,0.0,0.5,none,True,True
128363,1.0,0.0,0.5,none,True,True
128364,1.0,0.0,0.5,none,True,True
128365,1.0,0.0,0.5,none,True,True
128366,1.0,0.0,0.5,none,True,True
128367,1.0,0.0,0.5,none,True,True
128368,1.0,0.0,0.5,none,True,True
128369,1.0,0.0,0.5,none,True,True
128370,1.0,0.0,0.5,none,True,True
128371,1.0,0.0,0.5,none,True,True
128372,1.0,0.0,0.5,none,True,True
128373,1.0,0.0,0.5,none,True,True
128374,1.0,0.0,0.5,none,True,True
128375,1.0,0.0,0.5,none,True,True
128376,1.0,0.0,0.5,none,True,True
128377,1.0,0.0,0.5,none,True,True
128378,1.0,0.0,0.5,none,True,True
128379,1.0,0.0,0.5,none,True,True
128380,1.0,0.0,0.5,none,True,True
128381,1.0,0.0,0.5,none,True,True
128382,1.0,0.0,0.5,none,True,True
128383,1.0,0.0,0.5,none,True,True
128384,1.0,0.0,0.5,none,True,True
128385,1.0,0.0,0.5,none,True,True
128386,1.0,0.0,0.5,none,True,True
128387,1.0,0.0,0.5,none,True,True
128388,1.0,0.0,0.5,none,True,True
128389,1.0,0.0,0.5,none,True,True
128390,1.0,0.0,0.5,none,True,True
128391,1.0,0.0,0.5,none,True,True
128392,1.0,0.0,0.5,none,True,True
128393,1.0,0.0,0.5,none,True,True
128394,1.0,0.0,0.5,none,True,True
128395,1.0,0.0,0.5,none,True,True
128396,1.0,0.0,0.5,none,True,True
128397,1.0,0.0,0.5,none,True,True
128398,1.0,0.0,0.5,none,True,True
128399,1.0,0.0,0.5,none,True,True
128400,1.0,0.0,0.5,none,True,True
128401,1.0,0.0,0.5,none,True,True
128402,1.0,0.0,0.5,none,True,True
128403,1.0,0.0,0.5,none,True,True
128404,1.0,0.0,0.5,none,True,True
128405,1.0,0.0,0.5,none,True,True
128406,1.0,0.0,0.5,none,True,True
128407,1.0,0.0,0.5,none,True,True
128408,1.0,0.0,0.5,none,True,True
128409,1.0,0.0,0.5,none,True,True
128410,1.0,0.0,0.5,none,True,True
128411,1.0,0.0,0.5,none,True,True
128412,1.0,0.0,0.5,none,True,True
128413,1.0,0.0,0.5,none,True,True
128414,1.0,0.0,0.5,none,True,True
128415,1.0,0.0,0.5,none,True,True
128416,1.0,0.0,0.5,none,True,True
128417,1.0,0.0,0.5,none,True,True
128418,1.0,0.0,0.5,none,True,True
128419,1.0,0.0,0.5,none,True,True
128420,1.0,0.0,0.5,none,True,True
128421,1.0,0.0,0.5,none,True,True
128422,1.0,0.0,0.5,none,True,True
128423,1.0,0.0,0.5,none,True,True
128424,1.0,0.0,0.5,none,True,True
128425,1.0,0.0,0.5,none,True,True
128426,1.0,0.0,0.5,none,True,True
128427,1.0,0.0,0.5,none,True,True
128428,1.0,0.0,0.5,none,True,True
128429,1.0,0.0,0.5,none,True,True
128430,1.0,0.0,0.5,none,True,True
128431,1.0,0.0,0.5,none,True,True
128432,1.0,0.0,0.5,none,True,True
128433,1.0,0.0,0.5,none,True,True
128434,1.0,0.0,0.5,none,True,True
128435,1.0,0.0,0.5,none,True,True
128436,1.0,0.0,0.5,none,True,True
128437,1.0,0.0,0.5,none,True,True
128438,1.0,0.0,0.5,none,True,True
128439,1.0,0.0,0.5,none,True,True
128440,1.0,0.0,0.5,none,True,True
128441,1.0,0.0,0.5,none,True,True
128442,1.0,0.0,0.5,none,True,True
128443,1.0,0.0,0.5,none,True,True
128444,1.0,0.0,0.5,none,True,True
128445,1.0,0.0,0.5,none,True,True
128446,1.0,0.0,0.5,none,True,True
128447,1.0,0.0,0.5,none,True,True
128448,1.0,0.0,0.5,none,True,True
128449,1.0,0.0,0.5,none,True,True
128450,1.0,0.0,0.5,none,True,True
128451,1.0,0.0,0.5,none,True,True
128452,1.0,0.0,0.5,none,True,True
128453,1.0,0.0,0.5,none,True,True
128454,1.0,0.0,0.5,none,True,True
128455,1.0,0.0,0.5,none,True,True
128456,1.0,0.0,0.5,none,True,True
128457,1.0,0.0,0.5,none,True,True
128458,1.0,0.0,0.5,none,True,True
128459,1.0,0.0,0.5,none,True,True
128460,1.0,0.0,0.5,none,True,True
128461,1.0,0.0,0.5,none,True,True
128462,1.0,0.0,0.5,none,True,True
128463,1.0,0.0,0.5,none,True,True
128464,1.0,0.0,0.5,none,True,True
128465,1.0,0.0,0.5,none,True,True
128466,1.0,0.0,0.5,none,True,True
128467,1.0,0.0,0.5,none,True,True
128468,1.0,0.0,0.5,none,True,True
128469,1.0,0.0,0.5,none,True,True
128470,1.0,0.0,0.5,none,True,True
128471,1.0,0.0,0.5,none,True,True
128472,1.0,0.0,0.5,none,True,True
128473,1.0,0.0,0.5,none,True,True
128474,1.0,0.0,0.5,none,True,True
128475,1.0,0.0,0.5,none,True,True
128476,1.0,0.0,0.5,none,True,True
128477,1.0,0.0,0.5,none,True,True
128478,1.0,0.0,0.5,none,True,True
128479,1.0,0.0,0.5,none,True,True
128480,1.0,0.0,0.5,none,True,True
128481,1.0,0.0,0.5,none,True,True
128482,1.0,0.0,0.5,none,True,True
128483,1.0,0.0,0.5,none,True,True
128484,1.0,0.0,0.5,none,True,True
128485,1.0,0.0,0.5,none,True,True
128486,1.0,0.0,0.5,none,True,True
128487,1.0,0.0,0.5,none,True,True
128488,1.0,0.0,0.5,none,True,True
128489,1.0,0.0,0.5,none,True,True
128490,1.0,0.0,0.5,none,True,True
128491,1.0,0.0,0.5,none,True,True
128492,1.0,0.0,0.5,none,True,True
128493,1.0,0.0,0.5,none,True,True
128494,1.0,0.0,0.5,none,True,True
128495,1.0,0.0,0.5,none,True,True
128496,1.0,0.0,0.5,none,True,True
128497,1.0,0.0,0.5,none,True,True
128498,1.0,0.0,0.5,none,True,True
128499,1.0,0.0,0.5,none,True,True
128500,1.0,0.0,0.5,none,True,True
128501,1.0,0.0,0.5,none,True,True
128502,1.0,0.0,0.5,none,True,True
128503,1.0,0.0,0.5,none,True,True
128504,1.0,0.0,0.5,none,True,True
128505,1.0,0.0,0.5,none,True,True
128506,1.0,0.0,0.5,none,True,True
128507,1.0,0.0,0.5,none,True,True
128508,1.0,0.0,0.5,none,True,True
128509,1.0,0.0,0.5,none,True,True
128510,1.0,0.0,0.5,none,True,True
128511,1.0,0.0,0.5,none,True,True
128512,1.0,0.0,0.5,none,True,True
128513,1.0,0.0,0.5,none,True,True
128514,1.0,0.0,0.5,none,True,True
128515,1.0,0.0,0.5,none,True,True
128516,1.0,0.0,0.5,none,True,True
128517,1.0,0.0,0.5,none,True,True
128518,1.0,0.0,0.5,none,True,True
128519,1.0,0.0,0.5,none,True,True
128520,1.0,0.0,0.5,none,True,True
128521,1.0,0.0,0.5,none,True,True
128522,1.0,0.0,0.5,none,True,True
128523,1.0,0.0,0.5,none,True,True
128524,1.0,0.0,0.5,none,True,True
128525,1.0,0.0,0.5,none,True,True
128526,1.0,0.0,0.5,none,True,True
128527,1.0,0.0,0.5,none,True,True
128528,1.0,0.0,0.5,none,True,True
128529,1.0,0.0,0.5,none,True,True
128530,1.0,0.0,0.5,none,True,True
128531,1.0,0.0,0.5,none,True,True
128532,1.0,0.0,0.5,none,True,True
128533,1.0,0.0,0.5,none,True,True
128534,1.0,0.0,0.5,none,True,True
128535,1.0,0.0,0.5,none,True,True
128536,1.0,0.0,0.5,none,True,True
128537,1.0,0.0,0.5,none,True,True
128538,1.0,0.0,0.5,none,True,True
128539,1.0,0.0,0.5,none,True,True
128540,1.0,0.0,0.5,none,True,True
128541,1.0,0.0,0.5,none,True,True
128542,1.0,0.0,0.5,none,True,True
128543,1.0,0.0,0.5,none,True,True
128544,1.0,0.0,0.5,none,True,True
128545,1.0,0.0,0.5,none,True,True
128546,1.0,0.0,0.5,none,True,True
128547,1.0,0.0,0.5,none,True,True
128548,1.0,0.0,0.5,none,True,True
128549,1.0,0.0,0.5,none,True,True
128550,1.0,0.0,0.5,none,True,True
128551,1.0,0.0,0.5,none,True,True
128552,1.0,0.0,0.5,none,True,True
128553,1.0,0.0,0.5,none,True,True
128554,1.0,0.0,0.5,none,True,True
128555,1.0,0.0,0.5,none,True,True
128556,1.0,0.0,0.5,none,True,True
128557,1.0,0.0,0.5,none,True,True
128558,1.0,0.0,0.5,none,True,True
128559,1.0,0.0,0.5,none,True,True
128560,1.0,0.0,0.5,none,True,True
128561,1.0,0.0,0.5,none,True,True
128562,1.0,0.0,0.5,none,True,True
128563,1.0,0.0,0.5,none,True,True
128564,1.0,0.0,0.5,none,True,True
128565,1.0,0.0,0.5,none,True,True
128566,1.0,0.0,0.5,none,True,True
128567,1.0,0.0,0.5,none,True,True
128568,1.0,0.0,0.5,none,True,True
128569,1.0,0.0,0.5,none,True,True
128570,1.0,0.0,0.5,none,True,True
128571,1.0,0.0,0.5,none,True,True
128572,1.0,0.0,0.5,none,True,True
128573,1.0,0.0,0.5,none,True,True
128574,1.0,0.0,0.5,none,True,True
128575,1.0,0.0,0.5,none,True,True
128576,1.0,0.0,0.5,none,True,True
128577,1.0,0.0,0.5,none,True,True
128578,1.0,0.0,0.5,none,True,True
128579,1.0,0.0,0.5,none,True,True
128580,1.0,0.0,0.5,none,True,True
128581,1.0,0.0,0.5,none,True,True
128582,1.0,0.0,0.5,none,True,True
128583,1.0,0.0,0.5,none,True,True
128584,1.0,0.0,0.5,none,True,True
128585,1.0,0.0,0.5,none,True,True
128586,1.0,0.0,0.5,none,True,True
128587,1.0,0.0,0.5,none,True,True
128588,1.0,0.0,0.5,none,True,True
128589,1.0,0.0,0.5,none,True,True
128590,1.0,0.0,0.5,none,True,True
128591,1.0,0.0,0.5,none,True,True
128592,1.0,0.0,0.5,none,True,True
128593,1.0,0.0,0.5,none,True,True
128594,1.0,0.0,0.5,none,True,True
128595,1.0,0.0,0.5,none,True,True
128596,1.0,0.0,0.5,none,True,True
128597,1.0,0.0,0.5,none,True,True
128598,1.0,0.0,0.5,none,True,True
128599,1.0,0.0,0.5,none,True,True
128600,1.0,0.0,0.5,none,True,True
128601,1.0,0.0,0.5,none,True,True
128602,1.0,0.0,0.5,none,True,True
128603,1.0,0.0,0.5,none,True,True
128604,1.0,0.0,0.5,none,True,True
128605,1.0,0.0,0.5,none,True,True
128606,1.0,0.0,0.5,none,True,True
128607,1.0,0.0,0.5,none,True,True
128608,1.0,0.0,0.5,none,True,True
128609,1.0,0.0,0.5,none,True,True
128610,1.0,0.0,0.5,none,True,True
128611,1.0,0.0,0.5,none,True,True
128612,1.0,0.0,0.5,none,True,True
128613,1.0,0.0,0.5,none,True,True
128614,1.0,0.0,0.5,none,True,True
128615,1.0,0.0,0.5,none,True,True
128616,1.0,0.0,0.5,none,True,True
128617,1.0,0.0,0.5,none,True,True
128618,1.0,0.0,0.5,none,True,True
128619,1.0,0.0,0.5,none,True,True
128620,1.0,0.0,0.5,none,True,True
128621,1.0,0.0,0.5,none,True,True
128622,1.0,0.0,0.5,none,True,True
128623,1.0,0.0,0.5,none,True,True
128624,1.0,0.0,0.5,none,True,True
128625,1.0,0.0,0.5,none,True,True
128626,1.0,0.0,0.5,none,True,True
128627,1.0,0.0,0.5,none,True,True
128628,1.0,0.0,0.5,none,True,True
128629,1.0,0.0,0.5,none,True,True
128630,1.0,0.0,0.5,none,True,True
128631,1.0,0.0,0.5,none,True,True
128632,1.0,0.0,0.5,none,True,True
128633,1.0,0.0,0.5,none,True,True
128634,1.0,0.0,0.5,none,True,True
128635,1.0,0.0,0.5,none,True,True
128636,1.0,0.0,0.5,none,True,True
128637,1.0,0.0,0.5,none,True,True
128638,1.0,0.0,0.5,none,True,True
128639,1.0,0.0,0.5,none,True,True
128640,1.0,0.0,0.5,none,True,True
128641,1.0,0.0,0.5,none,True,True
128642,1.0,0.0,0.5,none,True,True
128643,1.0,0.0,0.5,none,True,True
128644,1.0,0.0,0.5,none,True,True
128645,1.0,0.0,0.5,none,True,True
128646,1.0,0.0,0.5,none,True,True
128647,1.0,0.0,0.5,none,True,True
128648,1.0,0.0,0.5,none,True,True
128649,1.0,0.0,0.5,none,True,True
128650,1.0,0.0,0.5,none,True,True
128651,1.0,0.0,0.5,none,True,True
128652,1.0,0.0,0.5,none,True,True
128653,1.0,0.0,0.5,none,True,True
128654,1.0,0.0,0.5,none,True,True
128655,1.0,0.0,0.5,none,True,True
128656,1.0,0.0,0.5,none,True,True
128657,1.0,0.0,0.5,none,True,True
128658,1.0,0.0,0.5,none,True,True
128659,1.0,0.0,0.5,none,True,True
128660,1.0,0.0,0.5,none,True,True
128661,1.0,0.0,0.5,none,True,True
128662,1.0,0.0,0.5,none,True,True
128663,1.0,0.0,0.5,none,True,True
128664,1.0,0.0,0.5,none,True,True
128665,1.0,0.0,0.5,none,True,True
128666,1.0,0.0,0.5,none,True,True
128667,1.0,0.0,0.5,none,True,True
128668,1.0,0.0,0.5,none,True,True
128669,1.0,0.0,0.5,none,True,True
128670,1.0,0.0,0.5,none,True,True
128671,1.0,0.0,0.5,none,True,True
128672,1.0,0.0,0.5,none,True,True
128673,1.0,0.0,0.5,none,True,True
128674,1.0,0.0,0.5,none,True,True
128675,1.0,0.0,0.5,none,True,True
128676,1.0,0.0,0.5,none,True,True
128677,1.0,0.0,0.5,none,True,True
128678,1.0,0.0,0.5,none,True,True
128679,1.0,0.0,0.5,none,True,True
128680,1.0,0.0,0.5,none,True,True
128681,1.0,0.0,0.5,none,True,True
128682,1.0,0.0,0.5,none,True,True
128683,1.0,0.0,0.5,none,True,True
128684,1.0,0.0,0.5,none,True,True
128685,1.0,0.0,0.5,none,True,True
128686,1.0,0.0,0.5,none,True,True
128687,1.0,0.0,0.5,none,True,True
128688,1.0,0.0,0.5,none,True,True
128689,1.0,0.0,0.5,none,True,True
128690,1.0,0.0,0.5,none,True,True
128691,1.0,0.0,0.5,none,True,True
128692,1.0,0.0,0.5,none,True,True
128693,1.0,0.0,0.5,none,True,True
128694,1.0,0.0,0.5,none,True,True
128695,1.0,0.0,0.5,none,True,True
128696,1.0,0.0,0.5,none,True,True
128697,1.0,0.0,0.5,none,True,True
128698,1.0,0.0,0.5,none,True,True
128699,1.0,0.0,0.5,none,True,True
128700,1.0,0.0,0.5,none,True,True
128701,1.0,0.0,0.5,none,True,True
128702,1.0,0.0,0.5,none,True,True
128703,1.0,0.0,0.5,none,True,True
128704,1.0,0.0,0.5,none,True,True
128705,1.0,0.0,0.5,none,True,True
128706,1.0,0.0,0.5,none,True,True
128707,1.0,0.0,0.5,none,True,True
128708,1.0,0.0,0.5,none,True,True
128709,1.0,0.0,0.5,none,True,True
128710,1.0,0.0,0.5,none,True,True
128711,1.0,0.0,0.5,none,True,True
128712,1.0,0.0,0.5,none,True,True
128713,1.0,0.0,0.5,none,True,True
128714,1.0,0.0,0.5,none,True,True
128715,1.0,0.0,0.5,none,True,True
128716,1.0,0.0,0.5,none,True,True
128717,1.0,0.0,0.5,none,True,True
128718,1.0,0.0,0.5,none,True,True
128719,1.0,0.0,0.5,none,True,True
128720,1.0,0.0,0.5,none,True,True
128721,1.0,0.0,0.5,none,True,True
128722,1.0,0.0,0.5,none,True,True
128723,1.0,0.0,0.5,none,True,True
128724,1.0,0.0,0.5,none,True,True
128725,1.0,0.0,0.5,none,True,True
128726,1.0,0.0,0.5,none,True,True
128727,1.0,0.0,0.5,none,True,True
128728,1.0,0.0,0.5,none,True,True
128729,1.0,0.0,0.5,none,True,True
128730,1.0,0.0,0.5,none,True,True
128731,1.0,0.0,0.5,none,True,True
128732,1.0,0.0,0.5,none,True,True
128733,1.0,0.0,0.5,none,True,True
128734,1.0,0.0,0.5,none,True,True
128735,1.0,0.0,0.5,none,True,True
128736,1.0,0.0,0.5,none,True,True
128737,1.0,0.0,0.5,none,True,True
128738,1.0,0.0,0.5,none,True,True
128739,1.0,0.0,0.5,none,True,True
128740,1.0,0.0,0.5,none,True,True
128741,1.0,0.0,0.5,none,True,True
128742,1.0,0.0,0.5,none,True,True
128743,1.0,0.0,0.5,none,True,True
128744,1.0,0.0,0.5,none,True,True
128745,1.0,0.0,0.5,none,True,True
128746,1.0,0.0,0.5,none,True,True
128747,1.0,0.0,0.5,none,True,True
128748,1.0,0.0,0.5,none,True,True
128749,1.0,0.0,0.5,none,True,True
128750,1.0,0.0,0.5,none,True,True
128751,1.0,0.0,0.5,none,True,True
128752,1.0,0.0,0.5,none,True,True
128753,1.0,0.0,0.5,none,True,True
128754,1.0,0.0,0.5,none,True,True
128755,1.0,0.0,0.5,none,True,True
128756,1.0,0.0,0.5,none,True,True
128757,1.0,0.0,0.5,none,True,True
128758,1.0,0.0,0.5,none,True,True
128759,1.0,0.0,0.5,none,True,True
128760,1.0,0.0,0.5,none,True,True
128761,1.0,0.0,0.5,none,True,True
128762,1.0,0.0,0.5,none,True,True
128763,1.0,0.0,0.5,none,True,True
128764,1.0,0.0,0.5,none,True,True
128765,1.0,0.0,0.5,none,True,True
128766,1.0,0.0,0.5,none,True,True
128767,1.0,0.0,0.5,none,True,True
128768,1.0,0.0,0.5,none,True,True
128769,1.0,0.0,0.5,none,True,True
128770,1.0,0.0,0.5,none,True,True
128771,1.0,0.0,0.5,none,True,True
128772,1.0,0.0,0.5,none,True,True
128773,1.0,0.0,0.5,none,True,True
128774,1.0,0.0,0.5,none,True,True
128775,1.0,0.0,0.5,none,True,True
128776,1.0,0.0,0.5,none,True,True
128777,1.0,0.0,0.5,none,True,True
128778,1.0,0.0,0.5,none,True,True
128779,1.0,0.0,0.5,none,True,True
128780,1.0,0.0,0.5,none,True,True
128781,1.0,0.0,0.5,none,True,True
128782,1.0,0.0,0.5,none,True,True
128783,1.0,0.0,0.5,none,True,True
128784,1.0,0.0,0.5,none,True,True
128785,1.0,0.0,0.5,none,True,True
128786,1.0,0.0,0.5,none,True,True
128787,1.0,0.0,0.5,none,True,True
128788,1.0,0.0,0.5,none,True,True
128789,1.0,0.0,0.5,none,True,True
128790,1.0,0.0,0.5,none,True,True
128791,1.0,0.0,0.5,none,True,True
128792,1.0,0.0,0.5,none,True,True
128793,1.0,0.0,0.5,none,True,True
128794,1.0,0.0,0.5,none,True,True
128795,1.0,0.0,0.5,none,True,True
128796,1.0,0.0,0.5,none,True,True
128797,1.0,0.0,0.5,none,True,True
128798,1.0,0.0,0.5,none,True,True
128799,1.0,0.0,0.5,none,True,True
128800,1.0,0.0061,0.5,none,True,True
128801,1.0,0.0357,0.5,none,True,True
128802,1.0,0.0812,0.5,none,True,True
128803,1.0,0.1113,0.5,none,True,True
128804,1.0,0.1253,0.5,none,True,True
128805,1.0,0.1408,0.5,none,True,True
128806,1.0,0.0907,0.5,none,True,True
128807,1.0,0.1198,0.5,none,True,True
128808,1.0,0.0467,0.5,none,True,True
128809,1.0,0.0522,0.5,none,True,True
128810,1.0,0.0405,0.5,none,True,True
128811,1.0,0.0313,0.5,none,True,True
128812,1.0,0.0083,0.5,none,True,True
128813,1.0,0.0726,0.5,none,True,True
128814,1.0,0.0793,0.5,none,True,True
128815,1.0,0.0581,0.5,none,True,True
128816,1.0,0.0955,0.5,none,True,True
128817,1.0,0.0839,0.5,none,True,True
128818,1.0,0.0648,0.5,none,True,True
128819,1.0,0.0718,0.5,none,True,True
128820,1.0,0.0589,0.5,none,True,True
128821,1.0,0.0403,0.5,none,True,True
128822,1.0,0.0327,0.5,none,True,True
128823,1.0,0.0277,0.5,none,True,True
128824,1.0,0.017,0.5,none,True,True
128825,1.0,0.0102,0.5,none,True,True
128826,1.0,0.0099,0.5,none,True,True
128827,1.0,0.008,0.5,none,True,True
128828,1.0,0.005,0.5,none,True,True
128829,1.0,0.0063,0.5,none,True,True
128830,1.0,0.009,0.5,none,True,True
128831,1.0,0.0096,0.5,none,True,True
128832,1.0,0.0108,0.5,none,True,True
128833,1.0,0.014,0.5,none,True,True
128834,1.0,0.0161,0.5,none,True,True
128835,1.0,0.0167,0.5,none,True,True
128836,1.0,0.0182,0.5,none,True,True
128837,1.0,0.0196,0.5,none,True,True
128838,1.0,0.0197,0.5,none,True,True
128839,1.0,0.0193,0.5,none,True,True
128840,1.0,0.0193,0.5,none,True,True
128841,1.0,0.0187,0.5,none,True,True
128842,1.0,0.0174,0.5,none,True,True
128843,1.0,0.0163,0.5,none,True,True
128844,1.0,0.0152,0.5,none,True,True
128845,1.0,0.0138,0.5,none,True,True
128846,1.0,0.0123,0.5,none,True,True
128847,1.0,0.0111,0.5,none,True,True
128848,1.0,0.01,0.5,none,True,True
128849,1.0,0.0088,0.5,none,True,True
128850,1.0,0.0078,0.5,none,True,True
128851,1.0,0.0071,0.5,none,True,True
128852,1.0,0.0064,0.5,none,True,True
128853,1.0,0.0057,0.5,none,True,True
128854,1.0,0.0053,0.5,none,True,True
128855,1.0,0.005,0.5,none,True,True
128856,1.0,0.0047,0.5,none,True,True
128857,1.0,0.0045,0.5,none,True,True
128858,1.0,0.0044,0.5,none,True,True
128859,1.0,0.0043,0.5,none,True,True
128860,1.0,0.0042,0.5,none,True,True
128861,1.0,0.0041,0.5,none,True,True
128862,1.0,0.004,0.5,none,True,True
128863,1.0,0.0039,0.5,none,True,True
128864,1.0,0.0038,0.5,none,True,True
128865,1.0,0.0037,0.5,none,True,True
128866,1.0,0.0035,0.5,none,True,True
128867,1.0,0.0033,0.5,none,True,True
128868,1.0,0.0032,0.5,none,True,True
128869,1.0,0.003,0.5,none,True,True
128870,1.0,0.0028,0.5,none,True,True
128871,1.0,0.0026,0.5,none,True,True
128872,1.0,0.0024,0.5,none,True,True
128873,1.0,0.0023,0.5,none,True,True
128874,1.0,0.0021,0.5,none,True,True
128875,1.0,0.0019,0.5,none,True,True
128876,1.0,0.0018,0.5,none,True,True
128877,1.0,0.0017,0.5,none,True,True
128878,1.0,0.0015,0.5,none,True,True
128879,1.0,0.0014,0.5,none,True,True
128880,1.0,0.0013,0.5,none,True,True
128881,1.0,0.0013,0.5,none,True,True
128882,1.0,0.0012,0.5,none,True,True
128883,1.0,0.0011,0.5,none,True,True
128884,1.0,0.0011,0.5,none,True,True
128885,1.0,0.001,0.5,none,True,True
128886,1.0,0.001,0.5,none,True,True
128887,1.0,0.0009,0.5,none,True,True
128888,1.0,0.0009,0.5,none,True,True
128889,1.0,0.0008,0.5,none,True,True
128890,1.0,0.0008,0.5,none,True,True
128891,1.0,0.0008,0.5,none,True,True
128892,1.0,0.0007,0.5,none,True,True
128893,1.0,0.0007,0.5,none,True,True
128894,1.0,0.0006,0.5,none,True,True
128895,1.0,0.0006,0.5,none,True,True
128896,1.0,0.0006,0.5,none,True,True
128897,1.0,0.0005,0.5,none,True,True
128898,1.0,0.0005,0.5,none,True,True
128899,1.0,0.0005,0.5,none,True,True
128900,1.0,0.0004,0.5,none,True,True
128901,1.0,0.0004,0.5,none,True,True
128902,1.0,0.0004,0.5,none,True,True
128903,1.0,0.0004,0.5,none,True,True
128904,1.0,0.0003,0.5,none,True,True
128905,1.0,0.0003,0.5,none,True,True
128906,1.0,0.0003,0.5,none,True,True
128907,1.0,0.0003,0.5,none,True,True
128908,1.0,0.0003,0.5,none,True,True
128909,1.0,0.0003,0.5,none,True,True
128910,1.0,0.0002,0.5,none,True,True
128911,1.0,0.0002,0.5,none,True,True
128912,1.0,0.0002,0.5,none,True,True
128913,1.0,0.0002,0.5,none,True,True
128914,1.0,0.0002,0.5,none,True,True
128915,1.0,0.0002,0.5,none,True,True
128916,1.0,0.0002,0.5,none,True,True
128917,1.0,0.0002,0.5,none,True,True
128918,1.0,0.0002,0.5,none,True,True
128919,1.0,0.0001,0.5,none,True,True
128920,1.0,0.0001,0.5,none,True,True
128921,1.0,0.0001,0.5,none,True,True
128922,1.0,0.0001,0.5,none,True,True
128923,1.0,0.0001,0.5,none,True,True
128924,1.0,0.0001,0.5,none,True,True
128925,1.0,0.0001,0.5,none,True,True
128926,1.0,0.0001,0.5,none,True,True
128927,1.0,0.0001,0.5,none,True,True
128928,1.0,0.0001,0.5,none,True,True
128929,1.0,0.0001,0.5,none,True,True
128930,1.0,0.0001,0.5,none,True,True
128931,1.0,0.0001,0.5,none,True,True
128932,1.0,0.0001,0.5,none,True,True
128933,1.0,0.0001,0.5,none,True,True
128934,1.0,0.0001,0.5,none,True,True
128935,1.0,0.0001,0.5,none,True,True
128936,1.0,0.0001,0.5,none,True,True
128937,1.0,0.0,0.5,none,True,True
128938,1.0,0.0,0.5,none,True,True
128939,1.0,0.0,0.5,none,True,True
128940,1.0,0.0,0.5,none,True,True
128941,1.0,0.0,0.5,none,True,True
128942,1.0,0.0,0.5,none,True,True
128943,1.0,0.0,0.5,none,True,True
128944,1.0,0.0,0.5,none,True,True
128945,1.0,0.0,0.5,none,True,True
128946,1.0,0.0,0.5,none,True,True
128947,1.0,0.0,0.5,none,True,True
128948,1.0,0.0,0.5,none,True,True
128949,1.0,0.0,0.5,none,True,True
128950,1.0,0.0,0.5,none,True,True
128951,1.0,0.0,0.5,none,True,True
128952,1.0,0.0,0.5,none,True,True
128953,1.0,0.0,0.5,none,True,True
128954,1.0,0.0,0.5,none,True,True
128955,1.0,0.0,0.5,none,True,True
128956,1.0,0.0,0.5,none,True,True
128957,1.0,0.0,0.5,none,True,True
128958,1.0,0.0,0.5,none,True,True
128959,1.0,0.0,0.5,none,True,True
128960,1.0,0.0,0.5,none,True,True
128961,1.0,0.0,0.5,none,True,True
128962,1.0,0.0,0.5,none,True,True
128963,1.0,0.0,0.5,none,True,True
128964,1.0,0.0,0.5,none,True,True
128965,1.0,0.0,0.5,none,True,True
128966,1.0,0.0,0.5,none,True,True
128967,1.0,0.0,0.5,none,True,True
128968,1.0,0.0,0.5,none,True,True
128969,1.0,0.0,0.5,none,True,True
128970,1.0,0.0,0.5,none,True,True
128971,1.0,0.0,0.5,none,True,True
128972,1.0,0.0,0.5,none,True,True
128973,1.0,0.0,0.5,none,True,True
128974,1.0,0.0,0.5,none,True,True
128975,1.0,0.0,0.5,none,True,True
128976,1.0,0.0,0.5,none,True,True
128977,1.0,0.0,0.5,none,True,True
128978,1.0,0.0,0.5,none,True,True
128979,1.0,0.0,0.5,none,True,True
128980,1.0,0.0,0.5,none,True,True
128981,1.0,0.0,0.5,none,True,True
128982,1.0,0.0,0.5,none,True,True
128983,1.0,0.0,0.5,none,True,True
128984,1.0,0.0,0.5,none,True,True
128985,1.0,0.0,0.5,none,True,True
128986,1.0,0.0,0.5,none,True,True
128987,1.0,0.0,0.5,none,True,True
128988,1.0,0.0,0.5,none,True,True
128989,1.0,0.0,0.5,none,True,True
128990,1.0,0.0,0.5,none,True,True
128991,1.0,0.0,0.5,none,True,True
128992,1.0,0.0,0.5,none,True,True
128993,1.0,0.0,0.5,none,True,True
128994,1.0,0.0,0.5,none,True,True
128995,1.0,0.0,0.5,none,True,True
128996,1.0,0.0,0.5,none,True,True
128997,1.0,0.0,0.5,none,True,True
128998,1.0,0.0,0.5,none,True,True
128999,1.0,0.0,0.5,none,True,True
129000,1.0,0.0,0.5,none,True,True
129001,1.0,0.0,0.5,none,True,True
129002,1.0,0.0,0.5,none,True,True
129003,1.0,0.0,0.5,none,True,True
129004,1.0,0.0,0.5,none,True,True
129005,1.0,0.0,0.5,none,True,True
129006,1.0,0.0,0.5,none,True,True
129007,1.0,0.0,0.5,none,True,True
129008,1.0,0.0,0.5,none,True,True
129009,1.0,0.0,0.5,none,True,True
129010,1.0,0.0,0.5,none,True,True
129011,1.0,0.0,0.5,none,True,True
129012,1.0,0.0,0.5,none,True,True
129013,1.0,0.0,0.5,none,True,True
129014,1.0,0.0,0.5,none,True,True
129015,1.0,0.0,0.5,none,True,True
129016,1.0,0.0,0.5,none,True,True
129017,1.0,0.0,0.5,none,True,True
129018,1.0,0.0,0.5,none,True,True
129019,1.0,0.0,0.5,none,True,True
129020,1.0,0.0,0.5,none,True,True
129021,1.0,0.0,0.5,none,True,True
129022,1.0,0.0,0.5,none,True,True
129023,1.0,0.0,0.5,none,True,True
129024,1.0,0.0,0.5,none,True,True
129025,1.0,0.0,0.5,none,True,True
129026,1.0,0.0,0.5,none,True,True
129027,1.0,0.0,0.5,none,True,True
129028,1.0,0.0,0.5,none,True,True
129029,1.0,0.0,0.5,none,True,True
129030,1.0,0.0,0.5,none,True,True
129031,1.0,0.0,0.5,none,True,True
129032,1.0,0.0,0.5,none,True,True
129033,1.0,0.0,0.5,none,True,True
129034,1.0,0.0,0.5,none,True,True
129035,1.0,0.0,0.5,none,True,True
129036,1.0,0.0,0.5,none,True,True
129037,1.0,0.0,0.5,none,True,True
129038,1.0,0.0,0.5,none,True,True
129039,1.0,0.0,0.5,none,True,True
129040,1.0,0.0,0.5,none,True,True
129041,1.0,0.0,0.5,none,True,True
129042,1.0,0.0,0.5,none,True,True
129043,1.0,0.0,0.5,none,True,True
129044,1.0,0.0,0.5,none,True,True
129045,1.0,0.0,0.5,none,True,True
129046,1.0,0.0,0.5,none,True,True
129047,1.0,0.0,0.5,none,True,True
129048,1.0,0.0,0.5,none,True,True
129049,1.0,0.0,0.5,none,True,True
129050,1.0,0.0,0.5,none,True,True
129051,1.0,0.0,0.5,none,True,True
129052,1.0,0.0,0.5,none,True,True
129053,1.0,0.0,0.5,none,True,True
129054,1.0,0.0,0.5,none,True,True
129055,1.0,0.0,0.5,none,True,True
129056,1.0,0.0,0.5,none,True,True
129057,1.0,0.0,0.5,none,True,True
129058,1.0,0.0,0.5,none,True,True
129059,1.0,0.0,0.5,none,True,True
129060,1.0,0.0,0.5,none,True,True
129061,1.0,0.0,0.5,none,True,True
129062,1.0,0.0,0.5,none,True,True
129063,1.0,0.0,0.5,none,True,True
129064,1.0,0.0,0.5,none,True,True
129065,1.0,0.0,0.5,none,True,True
129066,1.0,0.0,0.5,none,True,True
129067,1.0,0.0,0.5,none,True,True
129068,1.0,0.0,0.5,none,True,True
129069,1.0,0.0,0.5,none,True,True
129070,1.0,0.0,0.5,none,True,True
129071,1.0,0.0,0.5,none,True,True
129072,1.0,0.0,0.5,none,True,True
129073,1.0,0.0,0.5,none,True,True
129074,1.0,0.0,0.5,none,True,True
129075,1.0,0.0,0.5,none,True,True
129076,1.0,0.0,0.5,none,True,True
129077,1.0,0.0,0.5,none,True,True
129078,1.0,0.0,0.5,none,True,True
129079,1.0,0.0,0.5,none,True,True
129080,1.0,0.0,0.5,none,True,True
129081,1.0,0.0,0.5,none,True,True
129082,1.0,0.0,0.5,none,True,True
129083,1.0,0.0,0.5,none,True,True
129084,1.0,0.0,0.5,none,True,True
129085,1.0,0.0,0.5,none,True,True
129086,1.0,0.0,0.5,none,True,True
129087,1.0,0.0,0.5,none,True,True
129088,1.0,0.0,0.5,none,True,True
129089,1.0,0.0,0.5,none,True,True
129090,1.0,0.0,0.5,none,True,True
129091,1.0,0.0,0.5,none,True,True
129092,1.0,0.0,0.5,none,True,True
129093,1.0,0.0,0.5,none,True,True
129094,1.0,0.0,0.5,none,True,True
129095,1.0,0.0,0.5,none,True,True
129096,1.0,0.0,0.5,none,True,True
129097,1.0,0.0,0.5,none,True,True
129098,1.0,0.0,0.5,none,True,True
129099,1.0,0.0,0.5,none,True,True
129100,1.0,0.0,0.5,none,True,True
129101,1.0,0.0,0.5,none,True,True
129102,1.0,0.0,0.5,none,True,True
129103,1.0,0.0,0.5,none,True,True
129104,1.0,0.0,0.5,none,True,True
129105,1.0,0.0,0.5,none,True,True
129106,1.0,0.0,0.5,none,True,True
129107,1.0,0.0,0.5,none,True,True
129108,1.0,0.0,0.5,none,True,True
129109,1.0,0.0,0.5,none,True,True
129110,1.0,0.0,0.5,none,True,True
129111,1.0,0.0,0.5,none,True,True
129112,1.0,0.0,0.5,none,True,True
129113,1.0,0.0,0.5,none,True,True
129114,1.0,0.0,0.5,none,True,True
129115,1.0,0.0,0.5,none,True,True
129116,1.0,0.0,0.5,none,True,True
129117,1.0,0.0,0.5,none,True,True
129118,1.0,0.0,0.5,none,True,True
129119,1.0,0.0,0.5,none,True,True
129120,1.0,0.0,0.5,none,True,True
129121,1.0,0.0,0.5,none,True,True
129122,1.0,0.0,0.5,none,True,True
129123,1.0,0.0,0.5,none,True,True
129124,1.0,0.0,0.5,none,True,True
129125,1.0,0.0,0.5,none,True,True
129126,1.0,0.0,0.5,none,True,True
129127,1.0,0.0,0.5,none,True,True
129128,1.0,0.0,0.5,none,True,True
129129,1.0,0.0,0.5,none,True,True
129130,1.0,0.0,0.5,none,True,True
129131,1.0,0.0,0.5,none,True,True
129132,1.0,0.0,0.5,none,True,True
129133,1.0,0.0,0.5,none,True,True
129134,1.0,0.0,0.5,none,True,True
129135,1.0,0.0,0.5,none,True,True
129136,1.0,0.0,0.5,none,True,True
129137,1.0,0.0,0.5,none,True,True
129138,1.0,0.0,0.5,none,True,True
129139,1.0,0.0,0.5,none,True,True
129140,1.0,0.0,0.5,none,True,True
129141,1.0,0.0,0.5,none,True,True
129142,1.0,0.0,0.5,none,True,True
129143,1.0,0.0,0.5,none,True,True
129144,1.0,0.0,0.5,none,True,True
129145,1.0,0.0,0.5,none,True,True
129146,1.0,0.0,0.5,none,True,True
129147,1.0,0.0,0.5,none,True,True
129148,1.0,0.0,0.5,none,True,True
129149,1.0,0.0,0.5,none,True,True
129150,1.0,0.0,0.5,none,True,True
129151,1.0,0.0,0.5,none,True,True
129152,1.0,0.0,0.5,none,True,True
129153,1.0,0.0,0.5,none,True,True
129154,1.0,0.0,0.5,none,True,True
129155,1.0,0.0,0.5,none,True,True
129156,1.0,0.0,0.5,none,True,True
129157,1.0,0.0,0.5,none,True,True
129158,1.0,0.0,0.5,none,True,True
129159,1.0,0.0,0.5,none,True,True
129160,1.0,0.0,0.5,none,True,True
129161,1.0,0.0,0.5,none,True,True
129162,1.0,0.0,0.5,none,True,True
129163,1.0,0.0,0.5,none,True,True
129164,1.0,0.0,0.5,none,True,True
129165,1.0,0.0,0.5,none,True,True
129166,1.0,0.0,0.5,none,True,True
129167,1.0,0.0,0.5,none,True,True
129168,1.0,0.0,0.5,none,True,True
129169,1.0,0.0,0.5,none,True,True
129170,1.0,0.0,0.5,none,True,True
129171,1.0,0.0,0.5,none,True,True
129172,1.0,0.0,0.5,none,True,True
129173,1.0,0.0,0.5,none,True,True
129174,1.0,0.0,0.5,none,True,True
129175,1.0,0.0,0.5,none,True,True
129176,1.0,0.0,0.5,none,True,True
129177,1.0,0.0,0.5,none,True,True
129178,1.0,0.0,0.5,none,True,True
129179,1.0,0.0,0.5,none,True,True
129180,1.0,0.0,0.5,none,True,True
129181,1.0,0.0,0.5,none,True,True
129182,1.0,0.0,0.5,none,True,True
129183,1.0,0.0,0.5,none,True,True
129184,1.0,0.0,0.5,none,True,True
129185,1.0,0.0,0.5,none,True,True
129186,1.0,0.0,0.5,none,True,True
129187,1.0,0.0,0.5,none,True,True
129188,1.0,0.0,0.5,none,True,True
129189,1.0,0.0,0.5,none,True,True
129190,1.0,0.0,0.5,none,True,True
129191,1.0,0.0,0.5,none,True,True
129192,1.0,0.0,0.5,none,True,True
129193,1.0,0.0,0.5,none,True,True
129194,1.0,0.0,0.5,none,True,True
129195,1.0,0.0,0.5,none,True,True
129196,1.0,0.0,0.5,none,True,True
129197,1.0,0.0,0.5,none,True,True
129198,1.0,0.0,0.5,none,True,True
129199,1.0,0.0,0.5,none,True,True
129200,1.0,0.0,0.5,none,True,True
129201,1.0,0.0,0.5,none,True,True
129202,1.0,0.0,0.5,none,True,True
129203,1.0,0.0,0.5,none,True,True
129204,1.0,0.0,0.5,none,True,True
129205,1.0,0.0,0.5,none,True,True
129206,1.0,0.0,0.5,none,True,True
129207,1.0,0.0,0.5,none,True,True
129208,1.0,0.0,0.5,none,True,True
129209,1.0,0.0,0.5,none,True,True
129210,1.0,0.0,0.5,none,True,True
129211,1.0,0.0,0.5,none,True,True
129212,1.0,0.0,0.5,none,True,True
129213,1.0,0.0,0.5,none,True,True
129214,1.0,0.0,0.5,none,True,True
129215,1.0,0.0,0.5,none,True,True
129216,1.0,0.0,0.5,none,True,True
129217,1.0,0.0,0.5,none,True,True
129218,1.0,0.0,0.5,none,True,True
129219,1.0,0.0,0.5,none,True,True
129220,1.0,0.0,0.5,none,True,True
129221,1.0,0.0,0.5,none,True,True
129222,1.0,0.0,0.5,none,True,True
129223,1.0,0.0,0.5,none,True,True
129224,1.0,0.0,0.5,none,True,True
129225,1.0,0.0,0.5,none,True,True
129226,1.0,0.0,0.5,none,True,True
129227,1.0,0.0,0.5,none,True,True
129228,1.0,0.0,0.5,none,True,True
129229,1.0,0.0,0.5,none,True,True
129230,1.0,0.0,0.5,none,True,True
129231,1.0,0.0,0.5,none,True,True
129232,1.0,0.0,0.5,none,True,True
129233,1.0,0.0,0.5,none,True,True
129234,1.0,0.0,0.5,none,True,True
129235,1.0,0.0,0.5,none,True,True
129236,1.0,0.0,0.5,none,True,True
129237,1.0,0.0,0.5,none,True,True
129238,1.0,0.0,0.5,none,True,True
129239,1.0,0.0,0.5,none,True,True
129240,1.0,0.0,0.5,none,True,True
129241,1.0,0.0,0.5,none,True,True
129242,1.0,0.0,0.5,none,True,True
129243,1.0,0.0,0.5,none,True,True
129244,1.0,0.0,0.5,none,True,True
129245,1.0,0.0,0.5,none,True,True
129246,1.0,0.0,0.5,none,True,True
129247,1.0,0.0,0.5,none,True,True
129248,1.0,0.0,0.5,none,True,True
129249,1.0,0.0,0.5,none,True,True
129250,1.0,0.0,0.5,none,True,True
129251,1.0,0.0,0.5,none,True,True
129252,1.0,0.0,0.5,none,True,True
129253,1.0,0.0,0.5,none,True,True
129254,1.0,0.0,0.5,none,True,True
129255,1.0,0.0,0.5,none,True,True
129256,1.0,0.0,0.5,none,True,True
129257,1.0,0.0,0.5,none,True,True
129258,1.0,0.0,0.5,none,True,True
129259,1.0,0.0,0.5,none,True,True
129260,1.0,0.0,0.5,none,True,True
129261,1.0,0.0,0.5,none,True,True
129262,1.0,0.0,0.5,none,True,True
129263,1.0,0.0,0.5,none,True,True
129264,1.0,0.0,0.5,none,True,True
129265,1.0,0.0,0.5,none,True,True
129266,1.0,0.0,0.5,none,True,True
129267,1.0,0.0,0.5,none,True,True
129268,1.0,0.0,0.5,none,True,True
129269,1.0,0.0,0.5,none,True,True
129270,1.0,0.0,0.5,none,True,True
129271,1.0,0.0,0.5,none,True,True
129272,1.0,0.0,0.5,none,True,True
129273,1.0,0.0,0.5,none,True,True
129274,1.0,0.0,0.5,none,True,True
129275,1.0,0.0,0.5,none,True,True
129276,1.0,0.0,0.5,none,True,True
129277,1.0,0.0,0.5,none,True,True
129278,1.0,0.0,0.5,none,True,True
129279,1.0,0.0,0.5,none,True,True
129280,1.0,0.0,0.5,none,True,True
129281,1.0,0.0,0.5,none,True,True
129282,1.0,0.0,0.5,none,True,True
129283,1.0,0.0,0.5,none,True,True
129284,1.0,0.0,0.5,none,True,True
129285,1.0,0.0,0.5,none,True,True
129286,1.0,0.0,0.5,none,True,True
129287,1.0,0.0,0.5,none,True,True
129288,1.0,0.0,0.5,none,True,True
129289,1.0,0.0,0.5,none,True,True
129290,1.0,0.0,0.5,none,True,True
129291,1.0,0.0,0.5,none,True,True
129292,1.0,0.0,0.5,none,True,True
129293,1.0,0.0,0.5,none,True,True
129294,1.0,0.0,0.5,none,True,True
129295,1.0,0.0,0.5,none,True,True
129296,1.0,0.0,0.5,none,True,True
129297,1.0,0.0,0.5,none,True,True
129298,1.0,0.0,0.5,none,True,True
129299,1.0,0.0,0.5,none,True,True
129300,1.0,0.0,0.5,none,True,True
129301,1.0,0.0,0.5,none,True,True
129302,1.0,0.0,0.5,none,True,True
129303,1.0,0.0,0.5,none,True,True
129304,1.0,0.0,0.5,none,True,True
129305,1.0,0.0,0.5,none,True,True
129306,1.0,0.0,0.5,none,True,True
129307,1.0,0.0,0.5,none,True,True
129308,1.0,0.0,0.5,none,True,True
129309,1.0,0.0,0.5,none,True,True
129310,1.0,0.0,0.5,none,True,True
129311,1.0,0.0,0.5,none,True,True
129312,1.0,0.0,0.5,none,True,True
129313,1.0,0.0,0.5,none,True,True
129314,1.0,0.0,0.5,none,True,True
129315,1.0,0.0,0.5,none,True,True
129316,1.0,0.0,0.5,none,True,True
129317,1.0,0.0,0.5,none,True,True
129318,1.0,0.0,0.5,none,True,True
129319,1.0,0.0,0.5,none,True,True
129320,1.0,0.0,0.5,none,True,True
129321,1.0,0.0,0.5,none,True,True
129322,1.0,0.0,0.5,none,True,True
129323,1.0,0.0,0.5,none,True,True
129324,1.0,0.0,0.5,none,True,True
129325,1.0,0.0,0.5,none,True,True
129326,1.0,0.0,0.5,none,True,True
129327,1.0,0.0,0.5,none,True,True
129328,1.0,0.0,0.5,none,True,True
129329,1.0,0.0,0.5,none,True,True
129330,1.0,0.0,0.5,none,True,True
129331,1.0,0.0,0.5,none,True,True
129332,1.0,0.0,0.5,none,True,True
129333,1.0,0.0,0.5,none,True,True
129334,1.0,0.0,0.5,none,True,True
129335,1.0,0.0,0.5,none,True,True
129336,1.0,0.0,0.5,none,True,True
129337,1.0,0.0,0.5,none,True,True
129338,1.0,0.0,0.5,none,True,True
129339,1.0,0.0,0.5,none,True,True
129340,1.0,0.0,0.5,none,True,True
129341,1.0,0.0,0.5,none,True,True
129342,1.0,0.0,0.5,none,True,True
129343,1.0,0.0,0.5,none,True,True
129344,1.0,0.0,0.5,none,True,True
129345,1.0,0.0,0.5,none,True,True
129346,1.0,0.0,0.5,none,True,True
129347,1.0,0.0,0.5,none,True,True
129348,1.0,0.0,0.5,none,True,True
129349,1.0,0.0,0.5,none,True,True
129350,1.0,0.0,0.5,none,True,True
129351,1.0,0.0,0.5,none,True,True
129352,1.0,0.0,0.5,none,True,True
129353,1.0,0.0,0.5,none,True,True
129354,1.0,0.0,0.5,none,True,True
129355,1.0,0.0,0.5,none,True,True
129356,1.0,0.0,0.5,none,True,True
129357,1.0,0.0,0.5,none,True,True
129358,1.0,0.0,0.5,none,True,True
129359,1.0,0.0,0.5,none,True,True
129360,1.0,0.0,0.5,none,True,True
129361,1.0,0.0,0.5,none,True,True
129362,1.0,0.0,0.5,none,True,True
129363,1.0,0.0,0.5,none,True,True
129364,1.0,0.0,0.5,none,True,True
129365,1.0,0.0,0.5,none,True,True
129366,1.0,0.0,0.5,none,True,True
129367,1.0,0.0,0.5,none,True,True
129368,1.0,0.0,0.5,none,True,True
129369,1.0,0.0,0.5,none,True,True
129370,1.0,0.0,0.5,none,True,True
129371,1.0,0.0,0.5,none,True,True
129372,1.0,0.0,0.5,none,True,True
129373,1.0,0.0,0.5,none,True,True
129374,1.0,0.0,0.5,none,True,True
129375,1.0,0.0,0.5,none,True,True
129376,1.0,0.0,0.5,none,True,True
129377,1.0,0.0,0.5,none,True,True
129378,1.0,0.0,0.5,none,True,True
129379,1.0,0.0,0.5,none,True,True
129380,1.0,0.0,0.5,none,True,True
129381,1.0,0.0,0.5,none,True,True
129382,1.0,0.0,0.5,none,True,True
129383,1.0,0.0,0.5,none,True,True
129384,1.0,0.0,0.5,none,True,True
129385,1.0,0.0,0.5,none,True,True
129386,1.0,0.0,0.5,none,True,True
129387,1.0,0.0,0.5,none,True,True
129388,1.0,0.0,0.5,none,True,True
129389,1.0,0.0,0.5,none,True,True
129390,1.0,0.0,0.5,none,True,True
129391,1.0,0.0,0.5,none,True,True
129392,1.0,0.0,0.5,none,True,True
129393,1.0,0.0,0.5,none,True,True
129394,1.0,0.0,0.5,none,True,True
129395,1.0,0.0,0.5,none,True,True
129396,1.0,0.0,0.5,none,True,True
129397,1.0,0.0,0.5,none,True,True
129398,1.0,0.0,0.5,none,True,True
129399,1.0,0.0,0.5,none,True,True
129400,1.0,0.0,0.5,none,True,True
129401,1.0,0.0,0.5,none,True,True
129402,1.0,0.0,0.5,none,True,True
129403,1.0,0.0,0.5,none,True,True
129404,1.0,0.0,0.5,none,True,True
129405,1.0,0.0,0.5,none,True,True
129406,1.0,0.0,0.5,none,True,True
129407,1.0,0.0,0.5,none,True,True
129408,1.0,0.0,0.5,none,True,True
129409,1.0,0.0,0.5,none,True,True
129410,1.0,0.0,0.5,none,True,True
129411,1.0,0.0,0.5,none,True,True
129412,1.0,0.0,0.5,none,True,True
129413,1.0,0.0,0.5,none,True,True
129414,1.0,0.0,0.5,none,True,True
129415,1.0,0.0,0.5,none,True,True
129416,1.0,0.0,0.5,none,True,True
129417,1.0,0.0,0.5,none,True,True
129418,1.0,0.0,0.5,none,True,True
129419,1.0,0.0,0.5,none,True,True
129420,1.0,0.0,0.5,none,True,True
129421,1.0,0.0,0.5,none,True,True
129422,1.0,0.0,0.5,none,True,True
129423,1.0,0.0,0.5,none,True,True
129424,1.0,0.0,0.5,none,True,True
129425,1.0,0.0,0.5,none,True,True
129426,1.0,0.0,0.5,none,True,True
129427,1.0,0.0,0.5,none,True,True
129428,1.0,0.0,0.5,none,True,True
129429,1.0,0.0,0.5,none,True,True
129430,1.0,0.0,0.5,none,True,True
129431,1.0,0.0,0.5,none,True,True
129432,1.0,0.0,0.5,none,True,True
129433,1.0,0.0,0.5,none,True,True
129434,1.0,0.0,0.5,none,True,True
129435,1.0,0.0,0.5,none,True,True
129436,1.0,0.0,0.5,none,True,True
129437,1.0,0.0,0.5,none,True,True
129438,1.0,0.0,0.5,none,True,True
129439,1.0,0.0,0.5,none,True,True
129440,1.0,0.0,0.5,none,True,True
129441,1.0,0.0,0.5,none,True,True
129442,1.0,0.0,0.5,none,True,True
129443,1.0,0.0,0.5,none,True,True
129444,1.0,0.0,0.5,none,True,True
129445,1.0,0.0,0.5,none,True,True
129446,1.0,0.0,0.5,none,True,True
129447,1.0,0.0,0.5,none,True,True
129448,1.0,0.0,0.5,none,True,True
129449,1.0,0.0,0.5,none,True,True
129450,1.0,0.0,0.5,none,True,True
129451,1.0,0.0,0.5,none,True,True
129452,1.0,0.0,0.5,none,True,True
129453,1.0,0.0,0.5,none,True,True
129454,1.0,0.0,0.5,none,True,True
129455,1.0,0.0,0.5,none,True,True
129456,1.0,0.0,0.5,none,True,True
129457,1.0,0.0,0.5,none,True,True
129458,1.0,0.0,0.5,none,True,True
129459,1.0,0.0,0.5,none,True,True
129460,1.0,0.0,0.5,none,True,True
129461,1.0,0.0,0.5,none,True,True
129462,1.0,0.0,0.5,none,True,True
129463,1.0,0.0,0.5,none,True,True
129464,1.0,0.0,0.5,none,True,True
129465,1.0,0.0,0.5,none,True,True
129466,1.0,0.0,0.5,none,True,True
129467,1.0,0.0,0.5,none,True,True
129468,1.0,0.0,0.5,none,True,True
129469,1.0,0.0,0.5,none,True,True
129470,1.0,0.0,0.5,none,True,True
129471,1.0,0.0,0.5,none,True,True
129472,1.0,0.0,0.5,none,True,True
129473,1.0,0.0,0.5,none,True,True
129474,1.0,0.0,0.5,none,True,True
129475,1.0,0.0,0.5,none,True,True
129476,1.0,0.0,0.5,none,True,True
129477,1.0,0.0,0.5,none,True,True
129478,1.0,0.0,0.5,none,True,True
129479,1.0,0.0,0.5,none,True,True
129480,1.0,0.0,0.5,none,True,True
129481,1.0,0.0,0.5,none,True,True
129482,1.0,0.0,0.5,none,True,True
129483,1.0,0.0,0.5,none,True,True
129484,1.0,0.0,0.5,none,True,True
129485,1.0,0.0,0.5,none,True,True
129486,1.0,0.0,0.5,none,True,True
129487,1.0,0.0,0.5,none,True,True
129488,1.0,0.0,0.5,none,True,True
129489,1.0,0.0,0.5,none,True,True
129490,1.0,0.0,0.5,none,True,True
129491,1.0,0.0,0.5,none,True,True
129492,1.0,0.0,0.5,none,True,True
129493,1.0,0.0,0.5,none,True,True
129494,1.0,0.0,0.5,none,True,True
129495,1.0,0.0,0.5,none,True,True
129496,1.0,0.0,0.5,none,True,True
129497,1.0,0.0,0.5,none,True,True
129498,1.0,0.0,0.5,none,True,True
129499,1.0,0.0,0.5,none,True,True
129500,1.0,0.0061,0.5,none,True,True
129501,1.0,0.0357,0.5,none,True,True
129502,1.0,0.0812,0.5,none,True,True
129503,1.0,0.1113,0.5,none,True,True
129504,1.0,0.1253,0.5,none,True,True
129505,1.0,0.1408,0.5,none,True,True
129506,1.0,0.0907,0.5,none,True,True
129507,1.0,0.1198,0.5,none,True,True
129508,1.0,0.0467,0.5,none,True,True
129509,1.0,0.0522,0.5,none,True,True
129510,1.0,0.0405,0.5,none,True,True
129511,1.0,0.0313,0.5,none,True,True
129512,1.0,0.0083,0.5,none,True,True
129513,1.0,0.0726,0.5,none,True,True
129514,1.0,0.0793,0.5,none,True,True
129515,1.0,0.0581,0.5,none,True,True
129516,1.0,0.0955,0.5,none,True,True
129517,1.0,0.0839,0.5,none,True,True
129518,1.0,0.0648,0.5,none,True,True
129519,1.0,0.0718,0.5,none,True,True
129520,1.0,0.0589,0.5,none,True,True
129521,1.0,0.0403,0.5,none,True,True
129522,1.0,0.0327,0.5,none,True,True
129523,1.0,0.0277,0.5,none,True,True
129524,1.0,0.017,0.5,none,True,True
129525,1.0,0.0102,0.5,none,True,True
129526,1.0,0.0099,0.5,none,True,True
129527,1.0,0.008,0.5,none,True,True
129528,1.0,0.005,0.5,none,True,True
129529,1.0,0.0063,0.5,none,True,True
129530,1.0,0.009,0.5,none,True,True
129531,1.0,0.0096,0.5,none,True,True
129532,1.0,0.0108,0.5,none,True,True
129533,1.0,0.014,0.5,none,True,True
129534,1.0,0.0161,0.5,none,True,True
129535,1.0,0.0167,0.5,none,True,True
129536,1.0,0.0182,0.5,none,True,True
129537,1.0,0.0196,0.5,none,True,True
129538,1.0,0.0197,0.5,none,True,True
129539,1.0,0.0193,0.5,none,True,True
129540,1.0,0.0193,0.5,none,True,True
129541,1.0,0.0187,0.5,none,True,True
129542,1.0,0.0174,0.5,none,True,True
129543,1.0,0.0163,0.5,none,True,True
129544,1.0,0.0152,0.5,none,True,True
129545,1.0,0.0138,0.5,none,True,True
129546,1.0,0.0123,0.5,none,True,True
129547,1.0,0.0111,0.5,none,True,True
129548,1.0,0.01,0.5,none,True,True
129549,1.0,0.0088,0.5,none,True,True
129550,1.0,0.0078,0.5,none,True,True
129551,1.0,0.0071,0.5,none,True,True
129552,1.0,0.0064,0.5,none,True,True
129553,1.0,0.0057,0.5,none,True,True
129554,1.0,0.0053,0.5,none,True,True
129555,1.0,0.005,0.5,none,True,True
129556,1.0,0.0047,0.5,none,True,True
129557,1.0,0.0045,0.5,none,True,True
129558,1.0,0.0044,0.5,none,True,True
129559,1.0,0.0043,0.5,none,True,True
129560,1.0,0.0042,0.5,none,True,True
129561,1.0,0.0041,0.5,none,True,True
129562,1.0,0.004,0.5,none,True,True
129563,1.0,0.0039,0.5,none,True,True
129564,1.0,0.0038,0.5,none,True,True
129565,1.0,0.0037,0.5,none,True,True
129566,1.0,0.0035,0.5,none,True,True
129567,1.0,0.0033,0.5,none,True,True
129568,1.0,0.0032,0.5,none,True,True
129569,1.0,0.003,0.5,none,True,True
129570,1.0,0.0028,0.5,none,True,True
129571,1.0,0.0026,0.5,none,True,True
129572,1.0,0.0024,0.5,none,True,True
129573,1.0,0.0023,0.5,none,True,True
129574,1.0,0.0021,0.5,none,True,True
129575,1.0,0.0019,0.5,none,True,True
129576,1.0,0.0018,0.5,none,True,True
129577,1.0,0.0017,0.5,none,True,True
129578,1.0,0.0015,0.5,none,True,True
129579,1.0,0.0014,0.5,none,True,True
129580,1.0,0.0013,0.5,none,True,True
129581,1.0,0.0013,0.5,none,True,True
129582,1.0,0.0012,0.5,none,True,True
129583,1.0,0.0011,0.5,none,True,True
129584,1.0,0.0011,0.5,none,True,True
129585,1.0,0.001,0.5,none,True,True
129586,1.0,0.001,0.5,none,True,True
129587,1.0,0.0009,0.5,none,True,True
129588,1.0,0.0009,0.5,none,True,True
129589,1.0,0.0008,0.5,none,True,True
129590,1.0,0.0008,0.5,none,True,True
129591,1.0,0.0008,0.5,none,True,True
129592,1.0,0.0007,0.5,none,True,True
129593,1.0,0.0007,0.5,none,True,True
129594,1.0,0.0006,0.5,none,True,True
129595,1.0,0.0006,0.5,none,True,True
129596,1.0,0.0006,0.5,none,True,True
129597,1.0,0.0005,0.5,none,True,True
129598,1.0,0.0005,0.5,none,True,True
129599,1.0,0.0005,0.5,none,True,True
129600,1.0,0.0004,0.5,none,True,True
129601,1.0,0.0004,0.5,none,True,True
129602,1.0,0.0004,0.5,none,True,True
129603,1.0,0.0004,0.5,none,True,True
129604,1.0,0.0003,0.5,none,True,True
129605,1.0,0.0003,0.5,none,True,True
129606,1.0,0.0003,0.5,none,True,True
129607,1.0,0.0003,0.5,none,True,True
129608,1.0,0.0003,0.5,none,True,True
129609,1.0,0.0003,0.5,none,True,True
129610,1.0,0.0002,0.5,none,True,True
129611,1.0,0.0002,0.5,none,True,True
129612,1.0,0.0002,0.5,none,True,True
129613,1.0,0.0002,0.5,none,True,True
129614,1.0,0.0002,0.5,none,True,True
129615,1.0,0.0002,0.5,none,True,True
129616,1.0,0.0002,0.5,none,True,True
129617,1.0,0.0002,0.5,none,True,True
129618,1.0,0.0002,0.5,none,True,True
129619,1.0,0.0001,0.5,none,True,True
129620,1.0,0.0001,0.5,none,True,True
129621,1.0,0.0001,0.5,none,True,True
129622,1.0,0.0001,0.5,none,True,True
129623,1.0,0.0001,0.5,none,True,True
129624,1.0,0.0001,0.5,none,True,True
129625,1.0,0.0001,0.5,none,True,True
129626,1.0,0.0001,0.5,none,True,True
129627,1.0,0.0001,0.5,none,True,True
129628,1.0,0.0001,0.5,none,True,True
129629,1.0,0.0001,0.5,none,True,True
129630,1.0,0.0001,0.5,none,True,True
129631,1.0,0.0001,0.5,none,True,True
129632,1.0,0.0001,0.5,none,True,True
129633,1.0,0.0001,0.5,none,True,True
129634,1.0,0.0001,0.5,none,True,True
129635,1.0,0.0001,0.5,none,True,True
129636,1.0,0.0001,0.5,none,True,True
129637,1.0,0.0,0.5,none,True,True
129638,1.0,0.0,0.5,none,True,True
129639,1.0,0.0,0.5,none,True,True
129640,1.0,0.0,0.5,none,True,True
129641,1.0,0.0,0.5,none,True,True
129642,1.0,0.0,0.5,none,True,True
129643,1.0,0.0,0.5,none,True,True
129644,1.0,0.0,0.5,none,True,True
129645,1.0,0.0,0.5,none,True,True
129646,1.0,0.0,0.5,none,True,True
129647,1.0,0.0,0.5,none,True,True
129648,1.0,0.0,0.5,none,True,True
129649,1.0,0.0,0.5,none,True,True
129650,1.0,0.0,0.5,none,True,True
129651,1.0,0.0,0.5,none,True,True
129652,1.0,0.0,0.5,none,True,True
129653,1.0,0.0,0.5,none,True,True
129654,1.0,0.0,0.5,none,True,True
129655,1.0,0.0,0.5,none,True,True
129656,1.0,0.0,0.5,none,True,True
129657,1.0,0.0,0.5,none,True,True
129658,1.0,0.0,0.5,none,True,True
129659,1.0,0.0,0.5,none,True,True
129660,1.0,0.0,0.5,none,True,True
129661,1.0,0.0,0.5,none,True,True
129662,1.0,0.0,0.5,none,True,True
129663,1.0,0.0,0.5,none,True,True
129664,1.0,0.0,0.5,none,True,True
129665,1.0,0.0,0.5,none,True,True
129666,1.0,0.0,0.5,none,True,True
129667,1.0,0.0,0.5,none,True,True
129668,1.0,0.0,0.5,none,True,True
129669,1.0,0.0,0.5,none,True,True
129670,1.0,0.0,0.5,none,True,True
129671,1.0,0.0,0.5,none,True,True
129672,1.0,0.0,0.5,none,True,True
129673,1.0,0.0,0.5,none,True,True
129674,1.0,0.0,0.5,none,True,True
129675,1.0,0.0,0.5,none,True,True
129676,1.0,0.0,0.5,none,True,True
129677,1.0,0.0,0.5,none,True,True
129678,1.0,0.0,0.5,none,True,True
129679,1.0,0.0,0.5,none,True,True
129680,1.0,0.0,0.5,none,True,True
129681,1.0,0.0,0.5,none,True,True
129682,1.0,0.0,0.5,none,True,True
129683,1.0,0.0,0.5,none,True,True
129684,1.0,0.0,0.5,none,True,True
129685,1.0,0.0,0.5,none,True,True
129686,1.0,0.0,0.5,none,True,True
129687,1.0,0.0,0.5,none,True,True
129688,1.0,0.0,0.5,none,True,True
129689,1.0,0.0,0.5,none,True,True
129690,1.0,0.0,0.5,none,True,True
129691,1.0,0.0,0.5,none,True,True
129692,1.0,0.0,0.5,none,True,True
129693,1.0,0.0,0.5,none,True,True
129694,1.0,0.0,0.5,none,True,True
129695,1.0,0.0,0.5,none,True,True
129696,1.0,0.0,0.5,none,True,True
129697,1.0,0.0,0.5,none,True,True
129698,1.0,0.0,0.5,none,True,True
129699,1.0,0.0,0.5,none,True,True
129700,1.0,0.0,0.5,none,True,True
129701,1.0,0.0,0.5,none,True,True
129702,1.0,0.0,0.5,none,True,True
129703,1.0,0.0,0.5,none,True,True
129704,1.0,0.0,0.5,none,True,True
129705,1.0,0.0,0.5,none,True,True
129706,1.0,0.0,0.5,none,True,True
129707,1.0,0.0,0.5,none,True,True
129708,1.0,0.0,0.5,none,True,True
129709,1.0,0.0,0.5,none,True,True
129710,1.0,0.0,0.5,none,True,True
129711,1.0,0.0,0.5,none,True,True
129712,1.0,0.0,0.5,none,True,True
129713,1.0,0.0,0.5,none,True,True
129714,1.0,0.0,0.5,none,True,True
129715,1.0,0.0,0.5,none,True,True
129716,1.0,0.0,0.5,none,True,True
129717,1.0,0.0,0.5,none,True,True
129718,1.0,0.0,0.5,none,True,True
129719,1.0,0.0,0.5,none,True,True
129720,1.0,0.0,0.5,none,True,True
129721,1.0,0.0,0.5,none,True,True
129722,1.0,0.0,0.5,none,True,True
129723,1.0,0.0,0.5,none,True,True
129724,1.0,0.0,0.5,none,True,True
129725,1.0,0.0,0.5,none,True,True
129726,1.0,0.0,0.5,none,True,True
129727,1.0,0.0,0.5,none,True,True
129728,1.0,0.0,0.5,none,True,True
129729,1.0,0.0,0.5,none,True,True
129730,1.0,0.0,0.5,none,True,True
129731,1.0,0.0,0.5,none,True,True
129732,1.0,0.0,0.5,none,True,True
129733,1.0,0.0,0.5,none,True,True
129734,1.0,0.0,0.5,none,True,True
129735,1.0,0.0,0.5,none,True,True
129736,1.0,0.0,0.5,none,True,True
129737,1.0,0.0,0.5,none,True,True
129738,1.0,0.0,0.5,none,True,True
129739,1.0,0.0,0.5,none,True,True
129740,1.0,0.0,0.5,none,True,True
129741,1.0,0.0,0.5,none,True,True
129742,1.0,0.0,0.5,none,True,True
129743,1.0,0.0,0.5,none,True,True
129744,1.0,0.0,0.5,none,True,True
129745,1.0,0.0,0.5,none,True,True
129746,1.0,0.0,0.5,none,True,True
129747,1.0,0.0,0.5,none,True,True
129748,1.0,0.0,0.5,none,True,True
129749,1.0,0.0,0.5,none,True,True
129750,1.0,0.0,0.5,none,True,True
129751,1.0,0.0,0.5,none,True,True
129752,1.0,0.0,0.5,none,True,True
129753,1.0,0.0,0.5,none,True,True
129754,1.0,0.0,0.5,none,True,True
129755,1.0,0.0,0.5,none,True,True
129756,1.0,0.0,0.5,none,True,True
129757,1.0,0.0,0.5,none,True,True
129758,1.0,0.0,0.5,none,True,True
129759,1.0,0.0,0.5,none,True,True
129760,1.0,0.0,0.5,none,True,True
129761,1.0,0.0,0.5,none,True,True
129762,1.0,0.0,0.5,none,True,True
129763,1.0,0.0,0.5,none,True,True
129764,1.0,0.0,0.5,none,True,True
129765,1.0,0.0,0.5,none,True,True
129766,1.0,0.0,0.5,none,True,True
129767,1.0,0.0,0.5,none,True,True
129768,1.0,0.0,0.5,none,True,True
129769,1.0,0.0,0.5,none,True,True
129770,1.0,0.0,0.5,none,True,True
129771,1.0,0.0,0.5,none,True,True
129772,1.0,0.0,0.5,none,True,True
129773,1.0,0.0,0.5,none,True,True
129774,1.0,0.0,0.5,none,True,True
129775,1.0,0.0,0.5,none,True,True
129776,1.0,0.0,0.5,none,True,True
129777,1.0,0.0,0.5,none,True,True
129778,1.0,0.0,0.5,none,True,True
129779,1.0,0.0,0.5,none,True,True
129780,1.0,0.0,0.5,none,True,True
129781,1.0,0.0,0.5,none,True,True
129782,1.0,0.0,0.5,none,True,True
129783,1.0,0.0,0.5,none,True,True
129784,1.0,0.0,0.5,none,True,True
129785,1.0,0.0,0.5,none,True,True
129786,1.0,0.0,0.5,none,True,True
129787,1.0,0.0,0.5,none,True,True
129788,1.0,0.0,0.5,none,True,True
129789,1.0,0.0,0.5,none,True,True
129790,1.0,0.0,0.5,none,True,True
129791,1.0,0.0,0.5,none,True,True
129792,1.0,0.0,0.5,none,True,True
129793,1.0,0.0,0.5,none,True,True
129794,1.0,0.0,0.5,none,True,True
129795,1.0,0.0,0.5,none,True,True
129796,1.0,0.0,0.5,none,True,True
129797,1.0,0.0,0.5,none,True,True
129798,1.0,0.0,0.5,none,True,True
129799,1.0,0.0,0.5,none,True,True
129800,1.0,0.0,0.5,none,True,True
129801,1.0,0.0,0.5,none,True,True
129802,1.0,0.0,0.5,none,True,True
129803,1.0,0.0,0.5,none,True,True
129804,1.0,0.0,0.5,none,True,True
129805,1.0,0.0,0.5,none,True,True
129806,1.0,0.0,0.5,none,True,True
129807,1.0,0.0,0.5,none,True,True
129808,1.0,0.0,0.5,none,True,True
129809,1.0,0.0,0.5,none,True,True
129810,1.0,0.0,0.5,none,True,True
129811,1.0,0.0,0.5,none,True,True
129812,1.0,0.0,0.5,none,True,True
129813,1.0,0.0,0.5,none,True,True
129814,1.0,0.0,0.5,none,True,True
129815,1.0,0.0,0.5,none,True,True
129816,1.0,0.0,0.5,none,True,True
129817,1.0,0.0,0.5,none,True,True
129818,1.0,0.0,0.5,none,True,True
129819,1.0,0.0,0.5,none,True,True
129820,1.0,0.0,0.5,none,True,True
129821,1.0,0.0,0.5,none,True,True
129822,1.0,0.0,0.5,none,True,True
129823,1.0,0.0,0.5,none,True,True
129824,1.0,0.0,0.5,none,True,True
129825,1.0,0.0,0.5,none,True,True
129826,1.0,0.0,0.5,none,True,True
129827,1.0,0.0,0.5,none,True,True
129828,1.0,0.0,0.5,none,True,True
129829,1.0,0.0,0.5,none,True,True
129830,1.0,0.0,0.5,none,True,True
129831,1.0,0.0,0.5,none,True,True
129832,1.0,0.0,0.5,none,True,True
129833,1.0,0.0,0.5,none,True,True
129834,1.0,0.0,0.5,none,True,True
129835,1.0,0.0,0.5,none,True,True
129836,1.0,0.0,0.5,none,True,True
129837,1.0,0.0,0.5,none,True,True
129838,1.0,0.0,0.5,none,True,True
129839,1.0,0.0,0.5,none,True,True
129840,1.0,0.0,0.5,none,True,True
129841,1.0,0.0,0.5,none,True,True
129842,1.0,0.0,0.5,none,True,True
129843,1.0,0.0,0.5,none,True,True
129844,1.0,0.0,0.5,none,True,True
129845,1.0,0.0,0.5,none,True,True
129846,1.0,0.0,0.5,none,True,True
129847,1.0,0.0,0.5,none,True,True
129848,1.0,0.0,0.5,none,True,True
129849,1.0,0.0,0.5,none,True,True
129850,1.0,0.0,0.5,none,True,True
129851,1.0,0.0,0.5,none,True,True
129852,1.0,0.0,0.5,none,True,True
129853,1.0,0.0,0.5,none,True,True
129854,1.0,0.0,0.5,none,True,True
129855,1.0,0.0,0.5,none,True,True
129856,1.0,0.0,0.5,none,True,True
129857,1.0,0.0,0.5,none,True,True
129858,1.0,0.0,0.5,none,True,True
129859,1.0,0.0,0.5,none,True,True
129860,1.0,0.0,0.5,none,True,True
129861,1.0,0.0,0.5,none,True,True
129862,1.0,0.0,0.5,none,True,True
129863,1.0,0.0,0.5,none,True,True
129864,1.0,0.0,0.5,none,True,True
129865,1.0,0.0,0.5,none,True,True
129866,1.0,0.0,0.5,none,True,True
129867,1.0,0.0,0.5,none,True,True
129868,1.0,0.0,0.5,none,True,True
129869,1.0,0.0,0.5,none,True,True
129870,1.0,0.0,0.5,none,True,True
129871,1.0,0.0,0.5,none,True,True
129872,1.0,0.0,0.5,none,True,True
129873,1.0,0.0,0.5,none,True,True
129874,1.0,0.0,0.5,none,True,True
129875,1.0,0.0,0.5,none,True,True
129876,1.0,0.0,0.5,none,True,True
129877,1.0,0.0,0.5,none,True,True
129878,1.0,0.0,0.5,none,True,True
129879,1.0,0.0,0.5,none,True,True
129880,1.0,0.0,0.5,none,True,True
129881,1.0,0.0,0.5,none,True,True
129882,1.0,0.0,0.5,none,True,True
129883,1.0,0.0,0.5,none,True,True
129884,1.0,0.0,0.5,none,True,True
129885,1.0,0.0,0.5,none,True,True
129886,1.0,0.0,0.5,none,True,True
129887,1.0,0.0,0.5,none,True,True
129888,1.0,0.0,0.5,none,True,True
129889,1.0,0.0,0.5,none,True,True
129890,1.0,0.0,0.5,none,True,True
129891,1.0,0.0,0.5,none,True,True
129892,1.0,0.0,0.5,none,True,True
129893,1.0,0.0,0.5,none,True,True
129894,1.0,0.0,0.5,none,True,True
129895,1.0,0.0,0.5,none,True,True
129896,1.0,0.0,0.5,none,True,True
129897,1.0,0.0,0.5,none,True,True
129898,1.0,0.0,0.5,none,True,True
129899,1.0,0.0,0.5,none,True,True
129900,1.0,0.0,0.5,none,True,True
129901,1.0,0.0,0.5,none,True,True
129902,1.0,0.0,0.5,none,True,True
129903,1.0,0.0,0.5,none,True,True
129904,1.0,0.0,0.5,none,True,True
129905,1.0,0.0,0.5,none,True,True
129906,1.0,0.0,0.5,none,True,True
129907,1.0,0.0,0.5,none,True,True
129908,1.0,0.0,0.5,none,True,True
129909,1.0,0.0,0.5,none,True,True
129910,1.0,0.0,0.5,none,True,True
129911,1.0,0.0,0.5,none,True,True
129912,1.0,0.0,0.5,none,True,True
129913,1.0,0.0,0.5,none,True,True
129914,1.0,0.0,0.5,none,True,True
129915,1.0,0.0,0.5,none,True,True
129916,1.0,0.0,0.5,none,True,True
129917,1.0,0.0,0.5,none,True,True
129918,1.0,0.0,0.5,none,True,True
129919,1.0,0.0,0.5,none,True,True
129920,1.0,0.0,0.5,none,True,True
129921,1.0,0.0,0.5,none,True,True
129922,1.0,0.0,0.5,none,True,True
129923,1.0,0.0,0.5,none,True,True
129924,1.0,0.0,0.5,none,True,True
129925,1.0,0.0,0.5,none,True,True
129926,1.0,0.0,0.5,none,True,True
129927,1.0,0.0,0.5,none,True,True
129928,1.0,0.0,0.5,none,True,True
129929,1.0,0.0,0.5,none,True,True
129930,1.0,0.0,0.5,none,True,True
129931,1.0,0.0,0.5,none,True,True
129932,1.0,0.0,0.5,none,True,True
129933,1.0,0.0,0.5,none,True,True
129934,1.0,0.0,0.5,none,True,True
129935,1.0,0.0,0.5,none,True,True
129936,1.0,0.0,0.5,none,True,True
129937,1.0,0.0,0.5,none,True,True
129938,1.0,0.0,0.5,none,True,True
129939,1.0,0.0,0.5,none,True,True
129940,1.0,0.0,0.5,none,True,True
129941,1.0,0.0,0.5,none,True,True
129942,1.0,0.0,0.5,none,True,True
129943,1.0,0.0,0.5,none,True,True
129944,1.0,0.0,0.5,none,True,True
129945,1.0,0.0,0.5,none,True,True
129946,1.0,0.0,0.5,none,True,True
129947,1.0,0.0,0.5,none,True,True
129948,1.0,0.0,0.5,none,True,True
129949,1.0,0.0,0.5,none,True,True
129950,1.0,0.0,0.5,none,True,True
129951,1.0,0.0,0.5,none,True,True
129952,1.0,0.0,0.5,none,True,True
129953,1.0,0.0,0.5,none,True,True
129954,1.0,0.0,0.5,none,True,True
129955,1.0,0.0,0.5,none,True,True
129956,1.0,0.0,0.5,none,True,True
129957,1.0,0.0,0.5,none,True,True
129958,1.0,0.0,0.5,none,True,True
129959,1.0,0.0,0.5,none,True,True
129960,1.0,0.0,0.5,none,True,True
129961,1.0,0.0,0.5,none,True,True
129962,1.0,0.0,0.5,none,True,True
129963,1.0,0.0,0.5,none,True,True
129964,1.0,0.0,0.5,none,True,True
129965,1.0,0.0,0.5,none,True,True
129966,1.0,0.0,0.5,none,True,True
129967,1.0,0.0,0.5,none,True,True
129968,1.0,0.0,0.5,none,True,True
129969,1.0,0.0,0.5,none,True,True
129970,1.0,0.0,0.5,none,True,True
129971,1.0,0.0,0.5,none,True,True
129972,1.0,0.0,0.5,none,True,True
129973,1.0,0.0,0.5,none,True,True
129974,1.0,0.0,0.5,none,True,True
129975,1.0,0.0,0.5,none,True,True
129976,1.0,0.0,0.5,none,True,True
129977,1.0,0.0,0.5,none,True,True
129978,1.0,0.0,0.5,none,True,True
129979,1.0,0.0,0.5,none,True,True
129980,1.0,0.0,0.5,none,True,True
129981,1.0,0.0,0.5,none,True,True
129982,1.0,0.0,0.5,none,True,True
129983,1.0,0.0,0.5,none,True,True
129984,1.0,0.0,0.5,none,True,True
129985,1.0,0.0,0.5,none,True,True
129986,1.0,0.0,0.5,none,True,True
129987,1.0,0.0,0.5,none,True,True
129988,1.0,0.0,0.5,none,True,True
129989,1.0,0.0,0.5,none,True,True
129990,1.0,0.0,0.5,none,True,True
129991,1.0,0.0,0.5,none,True,True
129992,1.0,0.0,0.5,none,True,True
129993,1.0,0.0,0.5,none,True,True
129994,1.0,0.0,0.5,none,True,True
129995,1.0,0.0,0.5,none,True,True
129996,1.0,0.0,0.5,none,True,True
129997,1.0,0.0,0.5,none,True,True
129998,1.0,0.0,0.5,none,True,True
129999,1.0,0.0,0.5,none,True,True
130000,1.0,0.0,0.5,none,True,True
130001,1.0,0.0,0.5,none,True,True
130002,1.0,0.0,0.5,none,True,True
130003,1.0,0.0,0.5,none,True,True
130004,1.0,0.0,0.5,none,True,True
130005,1.0,0.0,0.5,none,True,True
130006,1.0,0.0,0.5,none,True,True
130007,1.0,0.0,0.5,none,True,True
130008,1.0,0.0,0.5,none,True,True
130009,1.0,0.0,0.5,none,True,True
130010,1.0,0.0,0.5,none,True,True
130011,1.0,0.0,0.5,none,True,True
130012,1.0,0.0,0.5,none,True,True
130013,1.0,0.0,0.5,none,True,True
130014,1.0,0.0,0.5,none,True,True
130015,1.0,0.0,0.5,none,True,True
130016,1.0,0.0,0.5,none,True,True
130017,1.0,0.0,0.5,none,True,True
130018,1.0,0.0,0.5,none,True,True
130019,1.0,0.0,0.5,none,True,True
130020,1.0,0.0,0.5,none,True,True
130021,1.0,0.0,0.5,none,True,True
130022,1.0,0.0,0.5,none,True,True
130023,1.0,0.0,0.5,none,True,True
130024,1.0,0.0,0.5,none,True,True
130025,1.0,0.0,0.5,none,True,True
130026,1.0,0.0,0.5,none,True,True
130027,1.0,0.0,0.5,none,True,True
130028,1.0,0.0,0.5,none,True,True
130029,1.0,0.0,0.5,none,True,True
130030,1.0,0.0,0.5,none,True,True
130031,1.0,0.0,0.5,none,True,True
130032,1.0,0.0,0.5,none,True,True
130033,1.0,0.0,0.5,none,True,True
130034,1.0,0.0,0.5,none,True,True
130035,1.0,0.0,0.5,none,True,True
130036,1.0,0.0,0.5,none,True,True
130037,1.0,0.0,0.5,none,True,True
130038,1.0,0.0,0.5,none,True,True
130039,1.0,0.0,0.5,none,True,True
130040,1.0,0.0,0.5,none,True,True
130041,1.0,0.0,0.5,none,True,True
130042,1.0,0.0,0.5,none,True,True
130043,1.0,0.0,0.5,none,True,True
130044,1.0,0.0,0.5,none,True,True
130045,1.0,0.0,0.5,none,True,True
130046,1.0,0.0,0.5,none,True,True
130047,1.0,0.0,0.5,none,True,True
130048,1.0,0.0,0.5,none,True,True
130049,1.0,0.0,0.5,none,True,True
130050,1.0,0.0,0.5,none,True,True
130051,1.0,0.0,0.5,none,True,True
130052,1.0,0.0,0.5,none,True,True
130053,1.0,0.0,0.5,none,True,True
130054,1.0,0.0,0.5,none,True,True
130055,1.0,0.0,0.5,none,True,True
130056,1.0,0.0,0.5,none,True,True
130057,1.0,0.0,0.5,none,True,True
130058,1.0,0.0,0.5,none,True,True
130059,1.0,0.0,0.5,none,True,True
130060,1.0,0.0,0.5,none,True,True
130061,1.0,0.0,0.5,none,True,True
130062,1.0,0.0,0.5,none,True,True
130063,1.0,0.0,0.5,none,True,True
130064,1.0,0.0,0.5,none,True,True
130065,1.0,0.0,0.5,none,True,True
130066,1.0,0.0,0.5,none,True,True
130067,1.0,0.0,0.5,none,True,True
130068,1.0,0.0,0.5,none,True,True
130069,1.0,0.0,0.5,none,True,True
130070,1.0,0.0,0.5,none,True,True
130071,1.0,0.0,0.5,none,True,True
130072,1.0,0.0,0.5,none,True,True
130073,1.0,0.0,0.5,none,True,True
130074,1.0,0.0,0.5,none,True,True
130075,1.0,0.0,0.5,none,True,True
130076,1.0,0.0,0.5,none,True,True
130077,1.0,0.0,0.5,none,True,True
130078,1.0,0.0,0.5,none,True,True
130079,1.0,0.0,0.5,none,True,True
130080,1.0,0.0,0.5,none,True,True
130081,1.0,0.0,0.5,none,True,True
130082,1.0,0.0,0.5,none,True,True
130083,1.0,0.0,0.5,none,True,True
130084,1.0,0.0,0.5,none,True,True
130085,1.0,0.0,0.5,none,True,True
130086,1.0,0.0,0.5,none,True,True
130087,1.0,0.0,0.5,none,True,True
130088,1.0,0.0,0.5,none,True,True
130089,1.0,0.0,0.5,none,True,True
130090,1.0,0.0,0.5,none,True,True
130091,1.0,0.0,0.5,none,True,True
130092,1.0,0.0,0.5,none,True,True
130093,1.0,0.0,0.5,none,True,True
130094,1.0,0.0,0.5,none,True,True
130095,1.0,0.0,0.5,none,True,True
130096,1.0,0.0,0.5,none,True,True
130097,1.0,0.0,0.5,none,True,True
130098,1.0,0.0,0.5,none,True,True
130099,1.0,0.0,0.5,none,True,True
130100,1.0,0.0,0.5,none,True,True
130101,1.0,0.0,0.5,none,True,True
130102,1.0,0.0,0.5,none,True,True
130103,1.0,0.0,0.5,none,True,True
130104,1.0,0.0,0.5,none,True,True
130105,1.0,0.0,0.5,none,True,True
130106,1.0,0.0,0.5,none,True,True
130107,1.0,0.0,0.5,none,True,True
130108,1.0,0.0,0.5,none,True,True
130109,1.0,0.0,0.5,none,True,True
130110,1.0,0.0,0.5,none,True,True
130111,1.0,0.0,0.5,none,True,True
130112,1.0,0.0,0.5,none,True,True
130113,1.0,0.0,0.5,none,True,True
130114,1.0,0.0,0.5,none,True,True
130115,1.0,0.0,0.5,none,True,True
130116,1.0,0.0,0.5,none,True,True
130117,1.0,0.0,0.5,none,True,True
130118,1.0,0.0,0.5,none,True,True
130119,1.0,0.0,0.5,none,True,True
130120,1.0,0.0,0.5,none,True,True
130121,1.0,0.0,0.5,none,True,True
130122,1.0,0.0,0.5,none,True,True
130123,1.0,0.0,0.5,none,True,True
130124,1.0,0.0,0.5,none,True,True
130125,1.0,0.0,0.5,none,True,True
130126,1.0,0.0,0.5,none,True,True
130127,1.0,0.0,0.5,none,True,True
130128,1.0,0.0,0.5,none,True,True
130129,1.0,0.0,0.5,none,True,True
130130,1.0,0.0,0.5,none,True,True
130131,1.0,0.0,0.5,none,True,True
130132,1.0,0.0,0.5,none,True,True
130133,1.0,0.0,0.5,none,True,True
130134,1.0,0.0,0.5,none,True,True
130135,1.0,0.0,0.5,none,True,True
130136,1.0,0.0,0.5,none,True,True
130137,1.0,0.0,0.5,none,True,True
130138,1.0,0.0,0.5,none,True,True
130139,1.0,0.0,0.5,none,True,True
130140,1.0,0.0,0.5,none,True,True
130141,1.0,0.0,0.5,none,True,True
130142,1.0,0.0,0.5,none,True,True
130143,1.0,0.0,0.5,none,True,True
130144,1.0,0.0,0.5,none,True,True
130145,1.0,0.0,0.5,none,True,True
130146,1.0,0.0,0.5,none,True,True
130147,1.0,0.0,0.5,none,True,True
130148,1.0,0.0,0.5,none,True,True
130149,1.0,0.0,0.5,none,True,True
130150,1.0,0.0,0.5,none,True,True
130151,1.0,0.0,0.5,none,True,True
130152,1.0,0.0,0.5,none,True,True
130153,1.0,0.0,0.5,none,True,True
130154,1.0,0.0,0.5,none,True,True
130155,1.0,0.0,0.5,none,True,True
130156,1.0,0.0,0.5,none,True,True
130157,1.0,0.0,0.5,none,True,True
130158,1.0,0.0,0.5,none,True,True
130159,1.0,0.0,0.5,none,True,True
130160,1.0,0.0,0.5,none,True,True
130161,1.0,0.0,0.5,none,True,True
130162,1.0,0.0,0.5,none,True,True
130163,1.0,0.0,0.5,none,True,True
130164,1.0,0.0,0.5,none,True,True
130165,1.0,0.0,0.5,none,True,True
130166,1.0,0.0,0.5,none,True,True
130167,1.0,0.0,0.5,none,True,True
130168,1.0,0.0,0.5,none,True,True
130169,1.0,0.0,0.5,none,True,True
130170,1.0,0.0,0.5,none,True,True
130171,1.0,0.0,0.5,none,True,True
130172,1.0,0.0,0.5,none,True,True
130173,1.0,0.0,0.5,none,True,True
130174,1.0,0.0,0.5,none,True,True
130175,1.0,0.0,0.5,none,True,True
130176,1.0,0.0,0.5,none,True,True
130177,1.0,0.0,0.5,none,True,True
130178,1.0,0.0,0.5,none,True,True
130179,1.0,0.0,0.5,none,True,True
130180,1.0,0.0,0.5,none,True,True
130181,1.0,0.0,0.5,none,True,True
130182,1.0,0.0,0.5,none,True,True
130183,1.0,0.0,0.5,none,True,True
130184,1.0,0.0,0.5,none,True,True
130185,1.0,0.0,0.5,none,True,True
130186,1.0,0.0,0.5,none,True,True
130187,1.0,0.0,0.5,none,True,True
130188,1.0,0.0,0.5,none,True,True
130189,1.0,0.0,0.5,none,True,True
130190,1.0,0.0,0.5,none,True,True
130191,1.0,0.0,0.5,none,True,True
130192,1.0,0.0,0.5,none,True,True
130193,1.0,0.0,0.5,none,True,True
130194,1.0,0.0,0.5,none,True,True
130195,1.0,0.0,0.5,none,True,True
130196,1.0,0.0,0.5,none,True,True
130197,1.0,0.0,0.5,none,True,True
130198,1.0,0.0,0.5,none,True,True
130199,1.0,0.0,0.5,none,True,True
130200,1.0,0.0061,0.5,none,True,True
130201,1.0,0.0357,0.5,none,True,True
130202,1.0,0.0812,0.5,none,True,True
130203,1.0,0.1113,0.5,none,True,True
130204,1.0,0.1253,0.5,none,True,True
130205,1.0,0.1408,0.5,none,True,True
130206,1.0,0.0907,0.5,none,True,True
130207,1.0,0.1198,0.5,none,True,True
130208,1.0,0.0467,0.5,none,True,True
130209,1.0,0.0522,0.5,none,True,True
130210,1.0,0.0405,0.5,none,True,True
130211,1.0,0.0313,0.5,none,True,True
130212,1.0,0.0083,0.5,none,True,True
130213,1.0,0.0726,0.5,none,True,True
130214,1.0,0.0793,0.5,none,True,True
130215,1.0,0.0581,0.5,none,True,True
130216,1.0,0.0955,0.5,none,True,True
130217,1.0,0.0839,0.5,none,True,True
130218,1.0,0.0648,0.5,none,True,True
130219,1.0,0.0718,0.5,none,True,True
130220,1.0,0.0589,0.5,none,True,True
130221,1.0,0.0403,0.5,none,True,True
130222,1.0,0.0327,0.5,none,True,True
130223,1.0,0.0277,0.5,none,True,True
130224,1.0,0.017,0.5,none,True,True
130225,1.0,0.0102,0.5,none,True,True
130226,1.0,0.0099,0.5,none,True,True
130227,1.0,0.008,0.5,none,True,True
130228,1.0,0.005,0.5,none,True,True
130229,1.0,0.0063,0.5,none,True,True
130230,1.0,0.009,0.5,none,True,True
130231,1.0,0.0096,0.5,none,True,True
130232,1.0,0.0108,0.5,none,True,True
130233,1.0,0.014,0.5,none,True,True
130234,1.0,0.0161,0.5,none,True,True
130235,1.0,0.0167,0.5,none,True,True
130236,1.0,0.0182,0.5,none,True,True
130237,1.0,0.0196,0.5,none,True,True
130238,1.0,0.0197,0.5,none,True,True
130239,1.0,0.0193,0.5,none,True,True
130240,1.0,0.0193,0.5,none,True,True
130241,1.0,0.0187,0.5,none,True,True
130242,1.0,0.0174,0.5,none,True,True
130243,1.0,0.0163,0.5,none,True,True
130244,1.0,0.0152,0.5,none,True,True
130245,1.0,0.0138,0.5,none,True,True
130246,1.0,0.0123,0.5,none,True,True
130247,1.0,0.0111,0.5,none,True,True
130248,1.0,0.01,0.5,none,True,True
130249,1.0,0.0088,0.5,none,True,True
130250,1.0,0.0078,0.5,none,True,True
130251,1.0,0.0071,0.5,none,True,True
130252,1.0,0.0064,0.5,none,True,True
130253,1.0,0.0057,0.5,none,True,True
130254,1.0,0.0053,0.5,none,True,True
130255,1.0,0.005,0.5,none,True,True
130256,1.0,0.0047,0.5,none,True,True
130257,1.0,0.0045,0.5,none,True,True
130258,1.0,0.0044,0.5,none,True,True
130259,1.0,0.0043,0.5,none,True,True
130260,1.0,0.0042,0.5,none,True,True
130261,1.0,0.0041,0.5,none,True,True
130262,1.0,0.004,0.5,none,True,True
130263,1.0,0.0039,0.5,none,True,True
130264,1.0,0.0038,0.5,none,True,True
130265,1.0,0.0037,0.5,none,True,True
130266,1.0,0.0035,0.5,none,True,True
130267,1.0,0.0033,0.5,none,True,True
130268,1.0,0.0032,0.5,none,True,True
130269,1.0,0.003,0.5,none,True,True
130270,1.0,0.0028,0.5,none,True,True
130271,1.0,0.0026,0.5,none,True,True
130272,1.0,0.0024,0.5,none,True,True
130273,1.0,0.0023,0.5,none,True,True
130274,1.0,0.0021,0.5,none,True,True
130275,1.0,0.0019,0.5,none,True,True
130276,1.0,0.0018,0.5,none,True,True
130277,1.0,0.0017,0.5,none,True,True
130278,1.0,0.0015,0.5,none,True,True
130279,1.0,0.0014,0.5,none,True,True
130280,1.0,0.0013,0.5,none,True,True
130281,1.0,0.0013,0.5,none,True,True
130282,1.0,0.0012,0.5,none,True,True
130283,1.0,0.0011,0.5,none,True,True
130284,1.0,0.0011,0.5,none,True,True
130285,1.0,0.001,0.5,none,True,True
130286,1.0,0.001,0.5,none,True,True
130287,1.0,0.0009,0.5,none,True,True
130288,1.0,0.0009,0.5,none,True,True
130289,1.0,0.0008,0.5,none,True,True
130290,1.0,0.0008,0.5,none,True,True
130291,1.0,0.0008,0.5,none,True,True
130292,1.0,0.0007,0.5,none,True,True
130293,1.0,0.0007,0.5,none,True,True
130294,1.0,0.0006,0.5,none,True,True
130295,1.0,0.0006,0.5,none,True,True
130296,1.0,0.0006,0.5,none,True,True
130297,1.0,0.0005,0.5,none,True,True
130298,1.0,0.0005,0.5,none,True,True
130299,1.0,0.0005,0.5,none,True,True
130300,1.0,0.0004,0.5,none,True,True
130301,1.0,0.0004,0.5,none,True,True
130302,1.0,0.0004,0.5,none,True,True
130303,1.0,0.0004,0.5,none,True,True
130304,1.0,0.0003,0.5,none,True,True
130305,1.0,0.0003,0.5,none,True,True
130306,1.0,0.0003,0.5,none,True,True
130307,1.0,0.0003,0.5,none,True,True
130308,1.0,0.0003,0.5,none,True,True
130309,1.0,0.0003,0.5,none,True,True
130310,1.0,0.0002,0.5,none,True,True
130311,1.0,0.0002,0.5,none,True,True
130312,1.0,0.0002,0.5,none,True,True
130313,1.0,0.0002,0.5,none,True,True
130314,1.0,0.0002,0.5,none,True,True
130315,1.0,0.0002,0.5,none,True,True
130316,1.0,0.0002,0.5,none,True,True
130317,1.0,0.0002,0.5,none,True,True
130318,1.0,0.0002,0.5,none,True,True
130319,1.0,0.0001,0.5,none,True,True
130320,1.0,0.0001,0.5,none,True,True
130321,1.0,0.0001,0.5,none,True,True
130322,1.0,0.0001,0.5,none,True,True
130323,1.0,0.0001,0.5,none,True,True
130324,1.0,0.0001,0.5,none,True,True
130325,1.0,0.0001,0.5,none,True,True
130326,1.0,0.0001,0.5,none,True,True
130327,1.0,0.0001,0.5,none,True,True
130328,1.0,0.0001,0.5,none,True,True
130329,1.0,0.0001,0.5,none,True,True
130330,1.0,0.0001,0.5,none,True,True
130331,1.0,0.0001,0.5,none,True,True
130332,1.0,0.0001,0.5,none,True,True
130333,1.0,0.0001,0.5,none,True,True
130334,1.0,0.0001,0.5,none,True,True
130335,1.0,0.0001,0.5,none,True,True
130336,1.0,0.0001,0.5,none,True,True
130337,1.0,0.0,0.5,none,True,True
130338,1.0,0.0,0.5,none,True,True
130339,1.0,0.0,0.5,none,True,True
130340,1.0,0.0,0.5,none,True,True
130341,1.0,0.0,0.5,none,True,True
130342,1.0,0.0,0.5,none,True,True
130343,1.0,0.0,0.5,none,True,True
130344,1.0,0.0,0.5,none,True,True
130345,1.0,0.0,0.5,none,True,True
130346,1.0,0.0,0.5,none,True,True
130347,1.0,0.0,0.5,none,True,True
130348,1.0,0.0,0.5,none,True,True
130349,1.0,0.0,0.5,none,True,True
130350,1.0,0.0,0.5,none,True,True
130351,1.0,0.0,0.5,none,True,True
130352,1.0,0.0,0.5,none,True,True
130353,1.0,0.0,0.5,none,True,True
130354,1.0,0.0,0.5,none,True,True
130355,1.0,0.0,0.5,none,True,True
130356,1.0,0.0,0.5,none,True,True
130357,1.0,0.0,0.5,none,True,True
130358,1.0,0.0,0.5,none,True,True
130359,1.0,0.0,0.5,none,True,True
130360,1.0,0.0,0.5,none,True,True
130361,1.0,0.0,0.5,none,True,True
130362,1.0,0.0,0.5,none,True,True
130363,1.0,0.0,0.5,none,True,True
130364,1.0,0.0,0.5,none,True,True
130365,1.0,0.0,0.5,none,True,True
130366,1.0,0.0,0.5,none,True,True
130367,1.0,0.0,0.5,none,True,True
130368,1.0,0.0,0.5,none,True,True
130369,1.0,0.0,0.5,none,True,True
130370,1.0,0.0,0.5,none,True,True
130371,1.0,0.0,0.5,none,True,True
130372,1.0,0.0,0.5,none,True,True
130373,1.0,0.0,0.5,none,True,True
130374,1.0,0.0,0.5,none,True,True
130375,1.0,0.0,0.5,none,True,True
130376,1.0,0.0,0.5,none,True,True
130377,1.0,0.0,0.5,none,True,True
130378,1.0,0.0,0.5,none,True,True
130379,1.0,0.0,0.5,none,True,True
130380,1.0,0.0,0.5,none,True,True
130381,1.0,0.0,0.5,none,True,True
130382,1.0,0.0,0.5,none,True,True
130383,1.0,0.0,0.5,none,True,True
130384,1.0,0.0,0.5,none,True,True
130385,1.0,0.0,0.5,none,True,True
130386,1.0,0.0,0.5,none,True,True
130387,1.0,0.0,0.5,none,True,True
130388,1.0,0.0,0.5,none,True,True
130389,1.0,0.0,0.5,none,True,True
130390,1.0,0.0,0.5,none,True,True
130391,1.0,0.0,0.5,none,True,True
130392,1.0,0.0,0.5,none,True,True
130393,1.0,0.0,0.5,none,True,True
130394,1.0,0.0,0.5,none,True,True
130395,1.0,0.0,0.5,none,True,True
130396,1.0,0.0,0.5,none,True,True
130397,1.0,0.0,0.5,none,True,True
130398,1.0,0.0,0.5,none,True,True
130399,1.0,0.0,0.5,none,True,True
130400,1.0,0.0,0.5,none,True,True
130401,1.0,0.0,0.5,none,True,True
130402,1.0,0.0,0.5,none,True,True
130403,1.0,0.0,0.5,none,True,True
130404,1.0,0.0,0.5,none,True,True
130405,1.0,0.0,0.5,none,True,True
130406,1.0,0.0,0.5,none,True,True
130407,1.0,0.0,0.5,none,True,True
130408,1.0,0.0,0.5,none,True,True
130409,1.0,0.0,0.5,none,True,True
130410,1.0,0.0,0.5,none,True,True
130411,1.0,0.0,0.5,none,True,True
130412,1.0,0.0,0.5,none,True,True
130413,1.0,0.0,0.5,none,True,True
130414,1.0,0.0,0.5,none,True,True
130415,1.0,0.0,0.5,none,True,True
130416,1.0,0.0,0.5,none,True,True
130417,1.0,0.0,0.5,none,True,True
130418,1.0,0.0,0.5,none,True,True
130419,1.0,0.0,0.5,none,True,True
130420,1.0,0.0,0.5,none,True,True
130421,1.0,0.0,0.5,none,True,True
130422,1.0,0.0,0.5,none,True,True
130423,1.0,0.0,0.5,none,True,True
130424,1.0,0.0,0.5,none,True,True
130425,1.0,0.0,0.5,none,True,True
130426,1.0,0.0,0.5,none,True,True
130427,1.0,0.0,0.5,none,True,True
130428,1.0,0.0,0.5,none,True,True
130429,1.0,0.0,0.5,none,True,True
130430,1.0,0.0,0.5,none,True,True
130431,1.0,0.0,0.5,none,True,True
130432,1.0,0.0,0.5,none,True,True
130433,1.0,0.0,0.5,none,True,True
130434,1.0,0.0,0.5,none,True,True
130435,1.0,0.0,0.5,none,True,True
130436,1.0,0.0,0.5,none,True,True
130437,1.0,0.0,0.5,none,True,True
130438,1.0,0.0,0.5,none,True,True
130439,1.0,0.0,0.5,none,True,True
130440,1.0,0.0,0.5,none,True,True
130441,1.0,0.0,0.5,none,True,True
130442,1.0,0.0,0.5,none,True,True
130443,1.0,0.0,0.5,none,True,True
130444,1.0,0.0,0.5,none,True,True
130445,1.0,0.0,0.5,none,True,True
130446,1.0,0.0,0.5,none,True,True
130447,1.0,0.0,0.5,none,True,True
130448,1.0,0.0,0.5,none,True,True
130449,1.0,0.0,0.5,none,True,True
130450,1.0,0.0,0.5,none,True,True
130451,1.0,0.0,0.5,none,True,True
130452,1.0,0.0,0.5,none,True,True
130453,1.0,0.0,0.5,none,True,True
130454,1.0,0.0,0.5,none,True,True
130455,1.0,0.0,0.5,none,True,True
130456,1.0,0.0,0.5,none,True,True
130457,1.0,0.0,0.5,none,True,True
130458,1.0,0.0,0.5,none,True,True
130459,1.0,0.0,0.5,none,True,True
130460,1.0,0.0,0.5,none,True,True
130461,1.0,0.0,0.5,none,True,True
130462,1.0,0.0,0.5,none,True,True
130463,1.0,0.0,0.5,none,True,True
130464,1.0,0.0,0.5,none,True,True
130465,1.0,0.0,0.5,none,True,True
130466,1.0,0.0,0.5,none,True,True
130467,1.0,0.0,0.5,none,True,True
130468,1.0,0.0,0.5,none,True,True
130469,1.0,0.0,0.5,none,True,True
130470,1.0,0.0,0.5,none,True,True
130471,1.0,0.0,0.5,none,True,True
130472,1.0,0.0,0.5,none,True,True
130473,1.0,0.0,0.5,none,True,True
130474,1.0,0.0,0.5,none,True,True
130475,1.0,0.0,0.5,none,True,True
130476,1.0,0.0,0.5,none,True,True
130477,1.0,0.0,0.5,none,True,True
130478,1.0,0.0,0.5,none,True,True
130479,1.0,0.0,0.5,none,True,True
130480,1.0,0.0,0.5,none,True,True
130481,1.0,0.0,0.5,none,True,True
130482,1.0,0.0,0.5,none,True,True
130483,1.0,0.0,0.5,none,True,True
130484,1.0,0.0,0.5,none,True,True
130485,1.0,0.0,0.5,none,True,True
130486,1.0,0.0,0.5,none,True,True
130487,1.0,0.0,0.5,none,True,True
130488,1.0,0.0,0.5,none,True,True
130489,1.0,0.0,0.5,none,True,True
130490,1.0,0.0,0.5,none,True,True
130491,1.0,0.0,0.5,none,True,True
130492,1.0,0.0,0.5,none,True,True
130493,1.0,0.0,0.5,none,True,True
130494,1.0,0.0,0.5,none,True,True
130495,1.0,0.0,0.5,none,True,True
130496,1.0,0.0,0.5,none,True,True
130497,1.0,0.0,0.5,none,True,True
130498,1.0,0.0,0.5,none,True,True
130499,1.0,0.0,0.5,none,True,True
130500,1.0,0.0,0.5,none,True,True
130501,1.0,0.0,0.5,none,True,True
130502,1.0,0.0,0.5,none,True,True
130503,1.0,0.0,0.5,none,True,True
130504,1.0,0.0,0.5,none,True,True
130505,1.0,0.0,0.5,none,True,True
130506,1.0,0.0,0.5,none,True,True
130507,1.0,0.0,0.5,none,True,True
130508,1.0,0.0,0.5,none,True,True
130509,1.0,0.0,0.5,none,True,True
130510,1.0,0.0,0.5,none,True,True
130511,1.0,0.0,0.5,none,True,True
130512,1.0,0.0,0.5,none,True,True
130513,1.0,0.0,0.5,none,True,True
130514,1.0,0.0,0.5,none,True,True
130515,1.0,0.0,0.5,none,True,True
130516,1.0,0.0,0.5,none,True,True
130517,1.0,0.0,0.5,none,True,True
130518,1.0,0.0,0.5,none,True,True
130519,1.0,0.0,0.5,none,True,True
130520,1.0,0.0,0.5,none,True,True
130521,1.0,0.0,0.5,none,True,True
130522,1.0,0.0,0.5,none,True,True
130523,1.0,0.0,0.5,none,True,True
130524,1.0,0.0,0.5,none,True,True
130525,1.0,0.0,0.5,none,True,True
130526,1.0,0.0,0.5,none,True,True
130527,1.0,0.0,0.5,none,True,True
130528,1.0,0.0,0.5,none,True,True
130529,1.0,0.0,0.5,none,True,True
130530,1.0,0.0,0.5,none,True,True
130531,1.0,0.0,0.5,none,True,True
130532,1.0,0.0,0.5,none,True,True
130533,1.0,0.0,0.5,none,True,True
130534,1.0,0.0,0.5,none,True,True
130535,1.0,0.0,0.5,none,True,True
130536,1.0,0.0,0.5,none,True,True
130537,1.0,0.0,0.5,none,True,True
130538,1.0,0.0,0.5,none,True,True
130539,1.0,0.0,0.5,none,True,True
130540,1.0,0.0,0.5,none,True,True
130541,1.0,0.0,0.5,none,True,True
130542,1.0,0.0,0.5,none,True,True
130543,1.0,0.0,0.5,none,True,True
130544,1.0,0.0,0.5,none,True,True
130545,1.0,0.0,0.5,none,True,True
130546,1.0,0.0,0.5,none,True,True
130547,1.0,0.0,0.5,none,True,True
130548,1.0,0.0,0.5,none,True,True
130549,1.0,0.0,0.5,none,True,True
130550,1.0,0.0,0.5,none,True,True
130551,1.0,0.0,0.5,none,True,True
130552,1.0,0.0,0.5,none,True,True
130553,1.0,0.0,0.5,none,True,True
130554,1.0,0.0,0.5,none,True,True
130555,1.0,0.0,0.5,none,True,True
130556,1.0,0.0,0.5,none,True,True
130557,1.0,0.0,0.5,none,True,True
130558,1.0,0.0,0.5,none,True,True
130559,1.0,0.0,0.5,none,True,True
130560,1.0,0.0,0.5,none,True,True
130561,1.0,0.0,0.5,none,True,True
130562,1.0,0.0,0.5,none,True,True
130563,1.0,0.0,0.5,none,True,True
130564,1.0,0.0,0.5,none,True,True
130565,1.0,0.0,0.5,none,True,True
130566,1.0,0.0,0.5,none,True,True
130567,1.0,0.0,0.5,none,True,True
130568,1.0,0.0,0.5,none,True,True
130569,1.0,0.0,0.5,none,True,True
130570,1.0,0.0,0.5,none,True,True
130571,1.0,0.0,0.5,none,True,True
130572,1.0,0.0,0.5,none,True,True
130573,1.0,0.0,0.5,none,True,True
130574,1.0,0.0,0.5,none,True,True
130575,1.0,0.0,0.5,none,True,True
130576,1.0,0.0,0.5,none,True,True
130577,1.0,0.0,0.5,none,True,True
130578,1.0,0.0,0.5,none,True,True
130579,1.0,0.0,0.5,none,True,True
130580,1.0,0.0,0.5,none,True,True
130581,1.0,0.0,0.5,none,True,True
130582,1.0,0.0,0.5,none,True,True
130583,1.0,0.0,0.5,none,True,True
130584,1.0,0.0,0.5,none,True,True
130585,1.0,0.0,0.5,none,True,True
130586,1.0,0.0,0.5,none,True,True
130587,1.0,0.0,0.5,none,True,True
130588,1.0,0.0,0.5,none,True,True
130589,1.0,0.0,0.5,none,True,True
130590,1.0,0.0,0.5,none,True,True
130591,1.0,0.0,0.5,none,True,True
130592,1.0,0.0,0.5,none,True,True
130593,1.0,0.0,0.5,none,True,True
130594,1.0,0.0,0.5,none,True,True
130595,1.0,0.0,0.5,none,True,True
130596,1.0,0.0,0.5,none,True,True
130597,1.0,0.0,0.5,none,True,True
130598,1.0,0.0,0.5,none,True,True
130599,1.0,0.0,0.5,none,True,True
130600,1.0,0.0,0.5,none,True,True
130601,1.0,0.0,0.5,none,True,True
130602,1.0,0.0,0.5,none,True,True
130603,1.0,0.0,0.5,none,True,True
130604,1.0,0.0,0.5,none,True,True
130605,1.0,0.0,0.5,none,True,True
130606,1.0,0.0,0.5,none,True,True
130607,1.0,0.0,0.5,none,True,True
130608,1.0,0.0,0.5,none,True,True
130609,1.0,0.0,0.5,none,True,True
130610,1.0,0.0,0.5,none,True,True
130611,1.0,0.0,0.5,none,True,True
130612,1.0,0.0,0.5,none,True,True
130613,1.0,0.0,0.5,none,True,True
130614,1.0,0.0,0.5,none,True,True
130615,1.0,0.0,0.5,none,True,True
130616,1.0,0.0,0.5,none,True,True
130617,1.0,0.0,0.5,none,True,True
130618,1.0,0.0,0.5,none,True,True
130619,1.0,0.0,0.5,none,True,True
130620,1.0,0.0,0.5,none,True,True
130621,1.0,0.0,0.5,none,True,True
130622,1.0,0.0,0.5,none,True,True
130623,1.0,0.0,0.5,none,True,True
130624,1.0,0.0,0.5,none,True,True
130625,1.0,0.0,0.5,none,True,True
130626,1.0,0.0,0.5,none,True,True
130627,1.0,0.0,0.5,none,True,True
130628,1.0,0.0,0.5,none,True,True
130629,1.0,0.0,0.5,none,True,True
130630,1.0,0.0,0.5,none,True,True
130631,1.0,0.0,0.5,none,True,True
130632,1.0,0.0,0.5,none,True,True
130633,1.0,0.0,0.5,none,True,True
130634,1.0,0.0,0.5,none,True,True
130635,1.0,0.0,0.5,none,True,True
130636,1.0,0.0,0.5,none,True,True
130637,1.0,0.0,0.5,none,True,True
130638,1.0,0.0,0.5,none,True,True
130639,1.0,0.0,0.5,none,True,True
130640,1.0,0.0,0.5,none,True,True
130641,1.0,0.0,0.5,none,True,True
130642,1.0,0.0,0.5,none,True,True
130643,1.0,0.0,0.5,none,True,True
130644,1.0,0.0,0.5,none,True,True
130645,1.0,0.0,0.5,none,True,True
130646,1.0,0.0,0.5,none,True,True
130647,1.0,0.0,0.5,none,True,True
130648,1.0,0.0,0.5,none,True,True
130649,1.0,0.0,0.5,none,True,True
130650,1.0,0.0,0.5,none,True,True
130651,1.0,0.0,0.5,none,True,True
130652,1.0,0.0,0.5,none,True,True
130653,1.0,0.0,0.5,none,True,True
130654,1.0,0.0,0.5,none,True,True
130655,1.0,0.0,0.5,none,True,True
130656,1.0,0.0,0.5,none,True,True
130657,1.0,0.0,0.5,none,True,True
130658,1.0,0.0,0.5,none,True,True
130659,1.0,0.0,0.5,none,True,True
130660,1.0,0.0,0.5,none,True,True
130661,1.0,0.0,0.5,none,True,True
130662,1.0,0.0,0.5,none,True,True
130663,1.0,0.0,0.5,none,True,True
130664,1.0,0.0,0.5,none,True,True
130665,1.0,0.0,0.5,none,True,True
130666,1.0,0.0,0.5,none,True,True
130667,1.0,0.0,0.5,none,True,True
130668,1.0,0.0,0.5,none,True,True
130669,1.0,0.0,0.5,none,True,True
130670,1.0,0.0,0.5,none,True,True
130671,1.0,0.0,0.5,none,True,True
130672,1.0,0.0,0.5,none,True,True
130673,1.0,0.0,0.5,none,True,True
130674,1.0,0.0,0.5,none,True,True
130675,1.0,0.0,0.5,none,True,True
130676,1.0,0.0,0.5,none,True,True
130677,1.0,0.0,0.5,none,True,True
130678,1.0,0.0,0.5,none,True,True
130679,1.0,0.0,0.5,none,True,True
130680,1.0,0.0,0.5,none,True,True
130681,1.0,0.0,0.5,none,True,True
130682,1.0,0.0,0.5,none,True,True
130683,1.0,0.0,0.5,none,True,True
130684,1.0,0.0,0.5,none,True,True
130685,1.0,0.0,0.5,none,True,True
130686,1.0,0.0,0.5,none,True,True
130687,1.0,0.0,0.5,none,True,True
130688,1.0,0.0,0.5,none,True,True
130689,1.0,0.0,0.5,none,True,True
130690,1.0,0.0,0.5,none,True,True
130691,1.0,0.0,0.5,none,True,True
130692,1.0,0.0,0.5,none,True,True
130693,1.0,0.0,0.5,none,True,True
130694,1.0,0.0,0.5,none,True,True
130695,1.0,0.0,0.5,none,True,True
130696,1.0,0.0,0.5,none,True,True
130697,1.0,0.0,0.5,none,True,True
130698,1.0,0.0,0.5,none,True,True
130699,1.0,0.0,0.5,none,True,True
130700,1.0,0.0,0.5,none,True,True
130701,1.0,0.0,0.5,none,True,True
130702,1.0,0.0,0.5,none,True,True
130703,1.0,0.0,0.5,none,True,True
130704,1.0,0.0,0.5,none,True,True
130705,1.0,0.0,0.5,none,True,True
130706,1.0,0.0,0.5,none,True,True
130707,1.0,0.0,0.5,none,True,True
130708,1.0,0.0,0.5,none,True,True
130709,1.0,0.0,0.5,none,True,True
130710,1.0,0.0,0.5,none,True,True
130711,1.0,0.0,0.5,none,True,True
130712,1.0,0.0,0.5,none,True,True
130713,1.0,0.0,0.5,none,True,True
130714,1.0,0.0,0.5,none,True,True
130715,1.0,0.0,0.5,none,True,True
130716,1.0,0.0,0.5,none,True,True
130717,1.0,0.0,0.5,none,True,True
130718,1.0,0.0,0.5,none,True,True
130719,1.0,0.0,0.5,none,True,True
130720,1.0,0.0,0.5,none,True,True
130721,1.0,0.0,0.5,none,True,True
130722,1.0,0.0,0.5,none,True,True
130723,1.0,0.0,0.5,none,True,True
130724,1.0,0.0,0.5,none,True,True
130725,1.0,0.0,0.5,none,True,True
130726,1.0,0.0,0.5,none,True,True
130727,1.0,0.0,0.5,none,True,True
130728,1.0,0.0,0.5,none,True,True
130729,1.0,0.0,0.5,none,True,True
130730,1.0,0.0,0.5,none,True,True
130731,1.0,0.0,0.5,none,True,True
130732,1.0,0.0,0.5,none,True,True
130733,1.0,0.0,0.5,none,True,True
130734,1.0,0.0,0.5,none,True,True
130735,1.0,0.0,0.5,none,True,True
130736,1.0,0.0,0.5,none,True,True
130737,1.0,0.0,0.5,none,True,True
130738,1.0,0.0,0.5,none,True,True
130739,1.0,0.0,0.5,none,True,True
130740,1.0,0.0,0.5,none,True,True
130741,1.0,0.0,0.5,none,True,True
130742,1.0,0.0,0.5,none,True,True
130743,1.0,0.0,0.5,none,True,True
130744,1.0,0.0,0.5,none,True,True
130745,1.0,0.0,0.5,none,True,True
130746,1.0,0.0,0.5,none,True,True
130747,1.0,0.0,0.5,none,True,True
130748,1.0,0.0,0.5,none,True,True
130749,1.0,0.0,0.5,none,True,True
130750,1.0,0.0,0.5,none,True,True
130751,1.0,0.0,0.5,none,True,True
130752,1.0,0.0,0.5,none,True,True
130753,1.0,0.0,0.5,none,True,True
130754,1.0,0.0,0.5,none,True,True
130755,1.0,0.0,0.5,none,True,True
130756,1.0,0.0,0.5,none,True,True
130757,1.0,0.0,0.5,none,True,True
130758,1.0,0.0,0.5,none,True,True
130759,1.0,0.0,0.5,none,True,True
130760,1.0,0.0,0.5,none,True,True
130761,1.0,0.0,0.5,none,True,True
130762,1.0,0.0,0.5,none,True,True
130763,1.0,0.0,0.5,none,True,True
130764,1.0,0.0,0.5,none,True,True
130765,1.0,0.0,0.5,none,True,True
130766,1.0,0.0,0.5,none,True,True
130767,1.0,0.0,0.5,none,True,True
130768,1.0,0.0,0.5,none,True,True
130769,1.0,0.0,0.5,none,True,True
130770,1.0,0.0,0.5,none,True,True
130771,1.0,0.0,0.5,none,True,True
130772,1.0,0.0,0.5,none,True,True
130773,1.0,0.0,0.5,none,True,True
130774,1.0,0.0,0.5,none,True,True
130775,1.0,0.0,0.5,none,True,True
130776,1.0,0.0,0.5,none,True,True
130777,1.0,0.0,0.5,none,True,True
130778,1.0,0.0,0.5,none,True,True
130779,1.0,0.0,0.5,none,True,True
130780,1.0,0.0,0.5,none,True,True
130781,1.0,0.0,0.5,none,True,True
130782,1.0,0.0,0.5,none,True,True
130783,1.0,0.0,0.5,none,True,True
130784,1.0,0.0,0.5,none,True,True
130785,1.0,0.0,0.5,none,True,True
130786,1.0,0.0,0.5,none,True,True
130787,1.0,0.0,0.5,none,True,True
130788,1.0,0.0,0.5,none,True,True
130789,1.0,0.0,0.5,none,True,True
130790,1.0,0.0,0.5,none,True,True
130791,1.0,0.0,0.5,none,True,True
130792,1.0,0.0,0.5,none,True,True
130793,1.0,0.0,0.5,none,True,True
130794,1.0,0.0,0.5,none,True,True
130795,1.0,0.0,0.5,none,True,True
130796,1.0,0.0,0.5,none,True,True
130797,1.0,0.0,0.5,none,True,True
130798,1.0,0.0,0.5,none,True,True
130799,1.0,0.0,0.5,none,True,True
130800,1.0,0.0,0.5,none,True,True
130801,1.0,0.0,0.5,none,True,True
130802,1.0,0.0,0.5,none,True,True
130803,1.0,0.0,0.5,none,True,True
130804,1.0,0.0,0.5,none,True,True
130805,1.0,0.0,0.5,none,True,True
130806,1.0,0.0,0.5,none,True,True
130807,1.0,0.0,0.5,none,True,True
130808,1.0,0.0,0.5,none,True,True
130809,1.0,0.0,0.5,none,True,True
130810,1.0,0.0,0.5,none,True,True
130811,1.0,0.0,0.5,none,True,True
130812,1.0,0.0,0.5,none,True,True
130813,1.0,0.0,0.5,none,True,True
130814,1.0,0.0,0.5,none,True,True
130815,1.0,0.0,0.5,none,True,True
130816,1.0,0.0,0.5,none,True,True
130817,1.0,0.0,0.5,none,True,True
130818,1.0,0.0,0.5,none,True,True
130819,1.0,0.0,0.5,none,True,True
130820,1.0,0.0,0.5,none,True,True
130821,1.0,0.0,0.5,none,True,True
130822,1.0,0.0,0.5,none,True,True
130823,1.0,0.0,0.5,none,True,True
130824,1.0,0.0,0.5,none,True,True
130825,1.0,0.0,0.5,none,True,True
130826,1.0,0.0,0.5,none,True,True
130827,1.0,0.0,0.5,none,True,True
130828,1.0,0.0,0.5,none,True,True
130829,1.0,0.0,0.5,none,True,True
130830,1.0,0.0,0.5,none,True,True
130831,1.0,0.0,0.5,none,True,True
130832,1.0,0.0,0.5,none,True,True
130833,1.0,0.0,0.5,none,True,True
130834,1.0,0.0,0.5,none,True,True
130835,1.0,0.0,0.5,none,True,True
130836,1.0,0.0,0.5,none,True,True
130837,1.0,0.0,0.5,none,True,True
130838,1.0,0.0,0.5,none,True,True
130839,1.0,0.0,0.5,none,True,True
130840,1.0,0.0,0.5,none,True,True
130841,1.0,0.0,0.5,none,True,True
130842,1.0,0.0,0.5,none,True,True
130843,1.0,0.0,0.5,none,True,True
130844,1.0,0.0,0.5,none,True,True
130845,1.0,0.0,0.5,none,True,True
130846,1.0,0.0,0.5,none,True,True
130847,1.0,0.0,0.5,none,True,True
130848,1.0,0.0,0.5,none,True,True
130849,1.0,0.0,0.5,none,True,True
130850,1.0,0.0,0.5,none,True,True
130851,1.0,0.0,0.5,none,True,True
130852,1.0,0.0,0.5,none,True,True
130853,1.0,0.0,0.5,none,True,True
130854,1.0,0.0,0.5,none,True,True
130855,1.0,0.0,0.5,none,True,True
130856,1.0,0.0,0.5,none,True,True
130857,1.0,0.0,0.5,none,True,True
130858,1.0,0.0,0.5,none,True,True
130859,1.0,0.0,0.5,none,True,True
130860,1.0,0.0,0.5,none,True,True
130861,1.0,0.0,0.5,none,True,True
130862,1.0,0.0,0.5,none,True,True
130863,1.0,0.0,0.5,none,True,True
130864,1.0,0.0,0.5,none,True,True
130865,1.0,0.0,0.5,none,True,True
130866,1.0,0.0,0.5,none,True,True
130867,1.0,0.0,0.5,none,True,True
130868,1.0,0.0,0.5,none,True,True
130869,1.0,0.0,0.5,none,True,True
130870,1.0,0.0,0.5,none,True,True
130871,1.0,0.0,0.5,none,True,True
130872,1.0,0.0,0.5,none,True,True
130873,1.0,0.0,0.5,none,True,True
130874,1.0,0.0,0.5,none,True,True
130875,1.0,0.0,0.5,none,True,True
130876,1.0,0.0,0.5,none,True,True
130877,1.0,0.0,0.5,none,True,True
130878,1.0,0.0,0.5,none,True,True
130879,1.0,0.0,0.5,none,True,True
130880,1.0,0.0,0.5,none,True,True
130881,1.0,0.0,0.5,none,True,True
130882,1.0,0.0,0.5,none,True,True
130883,1.0,0.0,0.5,none,True,True
130884,1.0,0.0,0.5,none,True,True
130885,1.0,0.0,0.5,none,True,True
130886,1.0,0.0,0.5,none,True,True
130887,1.0,0.0,0.5,none,True,True
130888,1.0,0.0,0.5,none,True,True
130889,1.0,0.0,0.5,none,True,True
130890,1.0,0.0,0.5,none,True,True
130891,1.0,0.0,0.5,none,True,True
130892,1.0,0.0,0.5,none,True,True
130893,1.0,0.0,0.5,none,True,True
130894,1.0,0.0,0.5,none,True,True
130895,1.0,0.0,0.5,none,True,True
130896,1.0,0.0,0.5,none,True,True
130897,1.0,0.0,0.5,none,True,True
130898,1.0,0.0,0.5,none,True,True
130899,1.0,0.0,0.5,none,True,True
130900,1.0,0.0061,0.5,none,True,True
130901,1.0,0.0357,0.5,none,True,True
130902,1.0,0.0812,0.5,none,True,True
130903,1.0,0.1113,0.5,none,True,True
130904,1.0,0.1253,0.5,none,True,True
130905,1.0,0.1408,0.5,none,True,True
130906,1.0,0.0907,0.5,none,True,True
130907,1.0,0.1198,0.5,none,True,True
130908,1.0,0.0467,0.5,none,True,True
130909,1.0,0.0522,0.5,none,True,True
130910,1.0,0.0405,0.5,none,True,True
130911,1.0,0.0313,0.5,none,True,True
130912,1.0,0.0083,0.5,none,True,True
130913,1.0,0.0726,0.5,none,True,True
130914,1.0,0.0793,0.5,none,True,True
130915,1.0,0.0581,0.5,none,True,True
130916,1.0,0.0955,0.5,none,True,True
130917,1.0,0.0839,0.5,none,True,True
130918,1.0,0.0648,0.5,none,True,True
130919,1.0,0.0718,0.5,none,True,True
130920,1.0,0.0589,0.5,none,True,True
130921,1.0,0.0403,0.5,none,True,True
130922,1.0,0.0327,0.5,none,True,True
130923,1.0,0.0277,0.5,none,True,True
130924,1.0,0.017,0.5,none,True,True
130925,1.0,0.0102,0.5,none,True,True
130926,1.0,0.0099,0.5,none,True,True
130927,1.0,0.008,0.5,none,True,True
130928,1.0,0.005,0.5,none,True,True
130929,1.0,0.0063,0.5,none,True,True
130930,1.0,0.009,0.5,none,True,True
130931,1.0,0.0096,0.5,none,True,True
130932,1.0,0.0108,0.5,none,True,True
130933,1.0,0.014,0.5,none,True,True
130934,1.0,0.0161,0.5,none,True,True
130935,1.0,0.0167,0.5,none,True,True
130936,1.0,0.0182,0.5,none,True,True
130937,1.0,0.0196,0.5,none,True,True
130938,1.0,0.0197,0.5,none,True,True
130939,1.0,0.0193,0.5,none,True,True
130940,1.0,0.0193,0.5,none,True,True
130941,1.0,0.0187,0.5,none,True,True
130942,1.0,0.0174,0.5,none,True,True
130943,1.0,0.0163,0.5,none,True,True
130944,1.0,0.0152,0.5,none,True,True
130945,1.0,0.0138,0.5,none,True,True
130946,1.0,0.0123,0.5,none,True,True
130947,1.0,0.0111,0.5,none,True,True
130948,1.0,0.01,0.5,none,True,True
130949,1.0,0.0088,0.5,none,True,True
130950,1.0,0.0078,0.5,none,True,True
130951,1.0,0.0071,0.5,none,True,True
130952,1.0,0.0064,0.5,none,True,True
130953,1.0,0.0057,0.5,none,True,True
130954,1.0,0.0053,0.5,none,True,True
130955,1.0,0.005,0.5,none,True,True
130956,1.0,0.0047,0.5,none,True,True
130957,1.0,0.0045,0.5,none,True,True
130958,1.0,0.0044,0.5,none,True,True
130959,1.0,0.0043,0.5,none,True,True
130960,1.0,0.0042,0.5,none,True,True
130961,1.0,0.0041,0.5,none,True,True
130962,1.0,0.004,0.5,none,True,True
130963,1.0,0.0039,0.5,none,True,True
130964,1.0,0.0038,0.5,none,True,True
130965,1.0,0.0037,0.5,none,True,True
130966,1.0,0.0035,0.5,none,True,True
130967,1.0,0.0033,0.5,none,True,True
130968,1.0,0.0032,0.5,none,True,True
130969,1.0,0.003,0.5,none,True,True
130970,1.0,0.0028,0.5,none,True,True
130971,1.0,0.0026,0.5,none,True,True
130972,1.0,0.0024,0.5,none,True,True
130973,1.0,0.0023,0.5,none,True,True
130974,1.0,0.0021,0.5,none,True,True
130975,1.0,0.0019,0.5,none,True,True
130976,1.0,0.0018,0.5,none,True,True
130977,1.0,0.0017,0.5,none,True,True
130978,1.0,0.0015,0.5,none,True,True
130979,1.0,0.0014,0.5,none,True,True
130980,1.0,0.0013,0.5,none,True,True
130981,1.0,0.0013,0.5,none,True,True
130982,1.0,0.0012,0.5,none,True,True
130983,1.0,0.0011,0.5,none,True,True
130984,1.0,0.0011,0.5,none,True,True
130985,1.0,0.001,0.5,none,True,True
130986,1.0,0.001,0.5,none,True,True
130987,1.0,0.0009,0.5,none,True,True
130988,1.0,0.0009,0.5,none,True,True
130989,1.0,0.0008,0.5,none,True,True
130990,1.0,0.0008,0.5,none,True,True
130991,1.0,0.0008,0.5,none,True,True
130992,1.0,0.0007,0.5,none,True,True
130993,1.0,0.0007,0.5,none,True,True
130994,1.0,0.0006,0.5,none,True,True
130995,1.0,0.0006,0.5,none,True,True
130996,1.0,0.0006,0.5,none,True,True
130997,1.0,0.0005,0.5,none,True,True
130998,1.0,0.0005,0.5,none,True,True
130999,1.0,0.0005,0.5,none,True,True
131000,1.0,0.0004,0.5,none,True,True
131001,1.0,0.0004,0.5,none,True,True
131002,1.0,0.0004,0.5,none,True,True
131003,1.0,0.0004,0.5,none,True,True
131004,1.0,0.0003,0.5,none,True,True
131005,1.0,0.0003,0.5,none,True,True
131006,1.0,0.0003,0.5,none,True,True
131007,1.0,0.0003,0.5,none,True,True
131008,1.0,0.0003,0.5,none,True,True
131009,1.0,0.0003,0.5,none,True,True
131010,1.0,0.0002,0.5,none,True,True
131011,1.0,0.0002,0.5,none,True,True
131012,1.0,0.0002,0.5,none,True,True
131013,1.0,0.0002,0.5,none,True,True
131014,1.0,0.0002,0.5,none,True,True
131015,1.0,0.0002,0.5,none,True,True
131016,1.0,0.0002,0.5,none,True,True
131017,1.0,0.0002,0.5,none,True,True
131018,1.0,0.0002,0.5,none,True,True
131019,1.0,0.0001,0.5,none,True,True
131020,1.0,0.0001,0.5,none,True,True
131021,1.0,0.0001,0.5,none,True,True
131022,1.0,0.0001,0.5,none,True,True
131023,1.0,0.0001,0.5,none,True,True
131024,1.0,0.0001,0.5,none,True,True
131025,1.0,0.0001,0.5,none,True,True
131026,1.0,0.0001,0.5,none,True,True
131027,1.0,0.0001,0.5,none,True,True
131028,1.0,0.0001,0.5,none,True,True
131029,1.0,0.0001,0.5,none,True,True
131030,1.0,0.0001,0.5,none,True,True
131031,1.0,0.0001,0.5,none,True,True
131032,1.0,0.0001,0.5,none,True,True
131033,1.0,0.0001,0.5,none,True,True
131034,1.0,0.0001,0.5,none,True,True
131035,1.0,0.0001,0.5,none,True,True
131036,1.0,0.0001,0.5,none,True,True
131037,1.0,0.0,0.5,none,True,True
131038,1.0,0.0,0.5,none,True,True
131039,1.0,0.0,0.5,none,True,True
131040,1.0,0.0,0.5,none,True,True
131041,1.0,0.0,0.5,none,True,True
131042,1.0,0.0,0.5,none,True,True
131043,1.0,0.0,0.5,none,True,True
131044,1.0,0.0,0.5,none,True,True
131045,1.0,0.0,0.5,none,True,True
131046,1.0,0.0,0.5,none,True,True
131047,1.0,0.0,0.5,none,True,True
131048,1.0,0.0,0.5,none,True,True
131049,1.0,0.0,0.5,none,True,True
131050,1.0,0.0,0.5,none,True,True
131051,1.0,0.0,0.5,none,True,True
131052,1.0,0.0,0.5,none,True,True
131053,1.0,0.0,0.5,none,True,True
131054,1.0,0.0,0.5,none,True,True
131055,1.0,0.0,0.5,none,True,True
131056,1.0,0.0,0.5,none,True,True
131057,1.0,0.0,0.5,none,True,True
131058,1.0,0.0,0.5,none,True,True
131059,1.0,0.0,0.5,none,True,True
131060,1.0,0.0,0.5,none,True,True
131061,1.0,0.0,0.5,none,True,True
131062,1.0,0.0,0.5,none,True,True
131063,1.0,0.0,0.5,none,True,True
131064,1.0,0.0,0.5,none,True,True
131065,1.0,0.0,0.5,none,True,True
131066,1.0,0.0,0.5,none,True,True
131067,1.0,0.0,0.5,none,True,True
131068,1.0,0.0,0.5,none,True,True
131069,1.0,0.0,0.5,none,True,True
131070,1.0,0.0,0.5,none,True,True
131071,1.0,0.0,0.5,none,True,True
131072,1.0,0.0,0.5,none,True,True
131073,1.0,0.0,0.5,none,True,True
131074,1.0,0.0,0.5,none,True,True
131075,1.0,0.0,0.5,none,True,True
131076,1.0,0.0,0.5,none,True,True
131077,1.0,0.0,0.5,none,True,True
131078,1.0,0.0,0.5,none,True,True
131079,1.0,0.0,0.5,none,True,True
131080,1.0,0.0,0.5,none,True,True
131081,1.0,0.0,0.5,none,True,True
131082,1.0,0.0,0.5,none,True,True
131083,1.0,0.0,0.5,none,True,True
131084,1.0,0.0,0.5,none,True,True
131085,1.0,0.0,0.5,none,True,True
131086,1.0,0.0,0.5,none,True,True
131087,1.0,0.0,0.5,none,True,True
131088,1.0,0.0,0.5,none,True,True
131089,1.0,0.0,0.5,none,True,True
131090,1.0,0.0,0.5,none,True,True
131091,1.0,0.0,0.5,none,True,True
131092,1.0,0.0,0.5,none,True,True
131093,1.0,0.0,0.5,none,True,True
131094,1.0,0.0,0.5,none,True,True
131095,1.0,0.0,0.5,none,True,True
131096,1.0,0.0,0.5,none,True,True
131097,1.0,0.0,0.5,none,True,True
131098,1.0,0.0,0.5,none,True,True
131099,1.0,0.0,0.5,none,True,True
131100,1.0,0.0,0.5,none,True,True
131101,1.0,0.0,0.5,none,True,True
131102,1.0,0.0,0.5,none,True,True
131103,1.0,0.0,0.5,none,True,True
131104,1.0,0.0,0.5,none,True,True
131105,1.0,0.0,0.5,none,True,True
131106,1.0,0.0,0.5,none,True,True
131107,1.0,0.0,0.5,none,True,True
131108,1.0,0.0,0.5,none,True,True
131109,1.0,0.0,0.5,none,True,True
131110,1.0,0.0,0.5,none,True,True
131111,1.0,0.0,0.5,none,True,True
131112,1.0,0.0,0.5,none,True,True
131113,1.0,0.0,0.5,none,True,True
131114,1.0,0.0,0.5,none,True,True
131115,1.0,0.0,0.5,none,True,True
131116,1.0,0.0,0.5,none,True,True
131117,1.0,0.0,0.5,none,True,True
131118,1.0,0.0,0.5,none,True,True
131119,1.0,0.0,0.5,none,True,True
131120,1.0,0.0,0.5,none,True,True
131121,1.0,0.0,0.5,none,True,True
131122,1.0,0.0,0.5,none,True,True
131123,1.0,0.0,0.5,none,True,True
131124,1.0,0.0,0.5,none,True,True
131125,1.0,0.0,0.5,none,True,True
131126,1.0,0.0,0.5,none,True,True
131127,1.0,0.0,0.5,none,True,True
131128,1.0,0.0,0.5,none,True,True
131129,1.0,0.0,0.5,none,True,True
131130,1.0,0.0,0.5,none,True,True
131131,1.0,0.0,0.5,none,True,True
131132,1.0,0.0,0.5,none,True,True
131133,1.0,0.0,0.5,none,True,True
131134,1.0,0.0,0.5,none,True,True
131135,1.0,0.0,0.5,none,True,True
131136,1.0,0.0,0.5,none,True,True
131137,1.0,0.0,0.5,none,True,True
131138,1.0,0.0,0.5,none,True,True
131139,1.0,0.0,0.5,none,True,True
131140,1.0,0.0,0.5,none,True,True
131141,1.0,0.0,0.5,none,True,True
131142,1.0,0.0,0.5,none,True,True
131143,1.0,0.0,0.5,none,True,True
131144,1.0,0.0,0.5,none,True,True
131145,1.0,0.0,0.5,none,True,True
131146,1.0,0.0,0.5,none,True,True
131147,1.0,0.0,0.5,none,True,True
131148,1.0,0.0,0.5,none,True,True
131149,1.0,0.0,0.5,none,True,True
131150,1.0,0.0,0.5,none,True,True
131151,1.0,0.0,0.5,none,True,True
131152,1.0,0.0,0.5,none,True,True
131153,1.0,0.0,0.5,none,True,True
131154,1.0,0.0,0.5,none,True,True
131155,1.0,0.0,0.5,none,True,True
131156,1.0,0.0,0.5,none,True,True
131157,1.0,0.0,0.5,none,True,True
131158,1.0,0.0,0.5,none,True,True
131159,1.0,0.0,0.5,none,True,True
131160,1.0,0.0,0.5,none,True,True
131161,1.0,0.0,0.5,none,True,True
131162,1.0,0.0,0.5,none,True,True
131163,1.0,0.0,0.5,none,True,True
131164,1.0,0.0,0.5,none,True,True
131165,1.0,0.0,0.5,none,True,True
131166,1.0,0.0,0.5,none,True,True
131167,1.0,0.0,0.5,none,True,True
131168,1.0,0.0,0.5,none,True,True
131169,1.0,0.0,0.5,none,True,True
131170,1.0,0.0,0.5,none,True,True
131171,1.0,0.0,0.5,none,True,True
131172,1.0,0.0,0.5,none,True,True
131173,1.0,0.0,0.5,none,True,True
131174,1.0,0.0,0.5,none,True,True
131175,1.0,0.0,0.5,none,True,True
131176,1.0,0.0,0.5,none,True,True
131177,1.0,0.0,0.5,none,True,True
131178,1.0,0.0,0.5,none,True,True
131179,1.0,0.0,0.5,none,True,True
131180,1.0,0.0,0.5,none,True,True
131181,1.0,0.0,0.5,none,True,True
131182,1.0,0.0,0.5,none,True,True
131183,1.0,0.0,0.5,none,True,True
131184,1.0,0.0,0.5,none,True,True
131185,1.0,0.0,0.5,none,True,True
131186,1.0,0.0,0.5,none,True,True
131187,1.0,0.0,0.5,none,True,True
131188,1.0,0.0,0.5,none,True,True
131189,1.0,0.0,0.5,none,True,True
131190,1.0,0.0,0.5,none,True,True
131191,1.0,0.0,0.5,none,True,True
131192,1.0,0.0,0.5,none,True,True
131193,1.0,0.0,0.5,none,True,True
131194,1.0,0.0,0.5,none,True,True
131195,1.0,0.0,0.5,none,True,True
131196,1.0,0.0,0.5,none,True,True
131197,1.0,0.0,0.5,none,True,True
131198,1.0,0.0,0.5,none,True,True
131199,1.0,0.0,0.5,none,True,True
131200,1.0,0.0,0.5,none,True,True
131201,1.0,0.0,0.5,none,True,True
131202,1.0,0.0,0.5,none,True,True
131203,1.0,0.0,0.5,none,True,True
131204,1.0,0.0,0.5,none,True,True
131205,1.0,0.0,0.5,none,True,True
131206,1.0,0.0,0.5,none,True,True
131207,1.0,0.0,0.5,none,True,True
131208,1.0,0.0,0.5,none,True,True
131209,1.0,0.0,0.5,none,True,True
131210,1.0,0.0,0.5,none,True,True
131211,1.0,0.0,0.5,none,True,True
131212,1.0,0.0,0.5,none,True,True
131213,1.0,0.0,0.5,none,True,True
131214,1.0,0.0,0.5,none,True,True
131215,1.0,0.0,0.5,none,True,True
131216,1.0,0.0,0.5,none,True,True
131217,1.0,0.0,0.5,none,True,True
131218,1.0,0.0,0.5,none,True,True
131219,1.0,0.0,0.5,none,True,True
131220,1.0,0.0,0.5,none,True,True
131221,1.0,0.0,0.5,none,True,True
131222,1.0,0.0,0.5,none,True,True
131223,1.0,0.0,0.5,none,True,True
131224,1.0,0.0,0.5,none,True,True
131225,1.0,0.0,0.5,none,True,True
131226,1.0,0.0,0.5,none,True,True
131227,1.0,0.0,0.5,none,True,True
131228,1.0,0.0,0.5,none,True,True
131229,1.0,0.0,0.5,none,True,True
131230,1.0,0.0,0.5,none,True,True
131231,1.0,0.0,0.5,none,True,True
131232,1.0,0.0,0.5,none,True,True
131233,1.0,0.0,0.5,none,True,True
131234,1.0,0.0,0.5,none,True,True
131235,1.0,0.0,0.5,none,True,True
131236,1.0,0.0,0.5,none,True,True
131237,1.0,0.0,0.5,none,True,True
131238,1.0,0.0,0.5,none,True,True
131239,1.0,0.0,0.5,none,True,True
131240,1.0,0.0,0.5,none,True,True
131241,1.0,0.0,0.5,none,True,True
131242,1.0,0.0,0.5,none,True,True
131243,1.0,0.0,0.5,none,True,True
131244,1.0,0.0,0.5,none,True,True
131245,1.0,0.0,0.5,none,True,True
131246,1.0,0.0,0.5,none,True,True
131247,1.0,0.0,0.5,none,True,True
131248,1.0,0.0,0.5,none,True,True
131249,1.0,0.0,0.5,none,True,True
131250,1.0,0.0,0.5,none,True,True
131251,1.0,0.0,0.5,none,True,True
131252,1.0,0.0,0.5,none,True,True
131253,1.0,0.0,0.5,none,True,True
131254,1.0,0.0,0.5,none,True,True
131255,1.0,0.0,0.5,none,True,True
131256,1.0,0.0,0.5,none,True,True
131257,1.0,0.0,0.5,none,True,True
131258,1.0,0.0,0.5,none,True,True
131259,1.0,0.0,0.5,none,True,True
131260,1.0,0.0,0.5,none,True,True
131261,1.0,0.0,0.5,none,True,True
131262,1.0,0.0,0.5,none,True,True
131263,1.0,0.0,0.5,none,True,True
131264,1.0,0.0,0.5,none,True,True
131265,1.0,0.0,0.5,none,True,True
131266,1.0,0.0,0.5,none,True,True
131267,1.0,0.0,0.5,none,True,True
131268,1.0,0.0,0.5,none,True,True
131269,1.0,0.0,0.5,none,True,True
131270,1.0,0.0,0.5,none,True,True
131271,1.0,0.0,0.5,none,True,True
131272,1.0,0.0,0.5,none,True,True
131273,1.0,0.0,0.5,none,True,True
131274,1.0,0.0,0.5,none,True,True
131275,1.0,0.0,0.5,none,True,True
131276,1.0,0.0,0.5,none,True,True
131277,1.0,0.0,0.5,none,True,True
131278,1.0,0.0,0.5,none,True,True
131279,1.0,0.0,0.5,none,True,True
131280,1.0,0.0,0.5,none,True,True
131281,1.0,0.0,0.5,none,True,True
131282,1.0,0.0,0.5,none,True,True
131283,1.0,0.0,0.5,none,True,True
131284,1.0,0.0,0.5,none,True,True
131285,1.0,0.0,0.5,none,True,True
131286,1.0,0.0,0.5,none,True,True
131287,1.0,0.0,0.5,none,True,True
131288,1.0,0.0,0.5,none,True,True
131289,1.0,0.0,0.5,none,True,True
131290,1.0,0.0,0.5,none,True,True
131291,1.0,0.0,0.5,none,True,True
131292,1.0,0.0,0.5,none,True,True
131293,1.0,0.0,0.5,none,True,True
131294,1.0,0.0,0.5,none,True,True
131295,1.0,0.0,0.5,none,True,True
131296,1.0,0.0,0.5,none,True,True
131297,1.0,0.0,0.5,none,True,True
131298,1.0,0.0,0.5,none,True,True
131299,1.0,0.0,0.5,none,True,True
131300,1.0,0.0,0.5,none,True,True
131301,1.0,0.0,0.5,none,True,True
131302,1.0,0.0,0.5,none,True,True
131303,1.0,0.0,0.5,none,True,True
131304,1.0,0.0,0.5,none,True,True
131305,1.0,0.0,0.5,none,True,True
131306,1.0,0.0,0.5,none,True,True
131307,1.0,0.0,0.5,none,True,True
131308,1.0,0.0,0.5,none,True,True
131309,1.0,0.0,0.5,none,True,True
131310,1.0,0.0,0.5,none,True,True
131311,1.0,0.0,0.5,none,True,True
131312,1.0,0.0,0.5,none,True,True
131313,1.0,0.0,0.5,none,True,True
131314,1.0,0.0,0.5,none,True,True
131315,1.0,0.0,0.5,none,True,True
131316,1.0,0.0,0.5,none,True,True
131317,1.0,0.0,0.5,none,True,True
131318,1.0,0.0,0.5,none,True,True
131319,1.0,0.0,0.5,none,True,True
131320,1.0,0.0,0.5,none,True,True
131321,1.0,0.0,0.5,none,True,True
131322,1.0,0.0,0.5,none,True,True
131323,1.0,0.0,0.5,none,True,True
131324,1.0,0.0,0.5,none,True,True
131325,1.0,0.0,0.5,none,True,True
131326,1.0,0.0,0.5,none,True,True
131327,1.0,0.0,0.5,none,True,True
131328,1.0,0.0,0.5,none,True,True
131329,1.0,0.0,0.5,none,True,True
131330,1.0,0.0,0.5,none,True,True
131331,1.0,0.0,0.5,none,True,True
131332,1.0,0.0,0.5,none,True,True
131333,1.0,0.0,0.5,none,True,True
131334,1.0,0.0,0.5,none,True,True
131335,1.0,0.0,0.5,none,True,True
131336,1.0,0.0,0.5,none,True,True
131337,1.0,0.0,0.5,none,True,True
131338,1.0,0.0,0.5,none,True,True
131339,1.0,0.0,0.5,none,True,True
131340,1.0,0.0,0.5,none,True,True
131341,1.0,0.0,0.5,none,True,True
131342,1.0,0.0,0.5,none,True,True
131343,1.0,0.0,0.5,none,True,True
131344,1.0,0.0,0.5,none,True,True
131345,1.0,0.0,0.5,none,True,True
131346,1.0,0.0,0.5,none,True,True
131347,1.0,0.0,0.5,none,True,True
131348,1.0,0.0,0.5,none,True,True
131349,1.0,0.0,0.5,none,True,True
131350,1.0,0.0,0.5,none,True,True
131351,1.0,0.0,0.5,none,True,True
131352,1.0,0.0,0.5,none,True,True
131353,1.0,0.0,0.5,none,True,True
131354,1.0,0.0,0.5,none,True,True
131355,1.0,0.0,0.5,none,True,True
131356,1.0,0.0,0.5,none,True,True
131357,1.0,0.0,0.5,none,True,True
131358,1.0,0.0,0.5,none,True,True
131359,1.0,0.0,0.5,none,True,True
131360,1.0,0.0,0.5,none,True,True
131361,1.0,0.0,0.5,none,True,True
131362,1.0,0.0,0.5,none,True,True
131363,1.0,0.0,0.5,none,True,True
131364,1.0,0.0,0.5,none,True,True
131365,1.0,0.0,0.5,none,True,True
131366,1.0,0.0,0.5,none,True,True
131367,1.0,0.0,0.5,none,True,True
131368,1.0,0.0,0.5,none,True,True
131369,1.0,0.0,0.5,none,True,True
131370,1.0,0.0,0.5,none,True,True
131371,1.0,0.0,0.5,none,True,True
131372,1.0,0.0,0.5,none,True,True
131373,1.0,0.0,0.5,none,True,True
131374,1.0,0.0,0.5,none,True,True
131375,1.0,0.0,0.5,none,True,True
131376,1.0,0.0,0.5,none,True,True
131377,1.0,0.0,0.5,none,True,True
131378,1.0,0.0,0.5,none,True,True
131379,1.0,0.0,0.5,none,True,True
131380,1.0,0.0,0.5,none,True,True
131381,1.0,0.0,0.5,none,True,True
131382,1.0,0.0,0.5,none,True,True
131383,1.0,0.0,0.5,none,True,True
131384,1.0,0.0,0.5,none,True,True
131385,1.0,0.0,0.5,none,True,True
131386,1.0,0.0,0.5,none,True,True
131387,1.0,0.0,0.5,none,True,True
131388,1.0,0.0,0.5,none,True,True
131389,1.0,0.0,0.5,none,True,True
131390,1.0,0.0,0.5,none,True,True
131391,1.0,0.0,0.5,none,True,True
131392,1.0,0.0,0.5,none,True,True
131393,1.0,0.0,0.5,none,True,True
131394,1.0,0.0,0.5,none,True,True
131395,1.0,0.0,0.5,none,True,True
131396,1.0,0.0,0.5,none,True,True
131397,1.0,0.0,0.5,none,True,True
131398,1.0,0.0,0.5,none,True,True
131399,1.0,0.0,0.5,none,True,True
131400,1.0,0.0,0.5,none,True,True
131401,1.0,0.0,0.5,none,True,True
131402,1.0,0.0,0.5,none,True,True
131403,1.0,0.0,0.5,none,True,True
131404,1.0,0.0,0.5,none,True,True
131405,1.0,0.0,0.5,none,True,True
131406,1.0,0.0,0.5,none,True,True
131407,1.0,0.0,0.5,none,True,True
131408,1.0,0.0,0.5,none,True,True
131409,1.0,0.0,0.5,none,True,True
131410,1.0,0.0,0.5,none,True,True
131411,1.0,0.0,0.5,none,True,True
131412,1.0,0.0,0.5,none,True,True
131413,1.0,0.0,0.5,none,True,True
131414,1.0,0.0,0.5,none,True,True
131415,1.0,0.0,0.5,none,True,True
131416,1.0,0.0,0.5,none,True,True
131417,1.0,0.0,0.5,none,True,True
131418,1.0,0.0,0.5,none,True,True
131419,1.0,0.0,0.5,none,True,True
131420,1.0,0.0,0.5,none,True,True
131421,1.0,0.0,0.5,none,True,True
131422,1.0,0.0,0.5,none,True,True
131423,1.0,0.0,0.5,none,True,True
131424,1.0,0.0,0.5,none,True,True
131425,1.0,0.0,0.5,none,True,True
131426,1.0,0.0,0.5,none,True,True
131427,1.0,0.0,0.5,none,True,True
131428,1.0,0.0,0.5,none,True,True
131429,1.0,0.0,0.5,none,True,True
131430,1.0,0.0,0.5,none,True,True
131431,1.0,0.0,0.5,none,True,True
131432,1.0,0.0,0.5,none,True,True
131433,1.0,0.0,0.5,none,True,True
131434,1.0,0.0,0.5,none,True,True
131435,1.0,0.0,0.5,none,True,True
131436,1.0,0.0,0.5,none,True,True
131437,1.0,0.0,0.5,none,True,True
131438,1.0,0.0,0.5,none,True,True
131439,1.0,0.0,0.5,none,True,True
131440,1.0,0.0,0.5,none,True,True
131441,1.0,0.0,0.5,none,True,True
131442,1.0,0.0,0.5,none,True,True
131443,1.0,0.0,0.5,none,True,True
131444,1.0,0.0,0.5,none,True,True
131445,1.0,0.0,0.5,none,True,True
131446,1.0,0.0,0.5,none,True,True
131447,1.0,0.0,0.5,none,True,True
131448,1.0,0.0,0.5,none,True,True
131449,1.0,0.0,0.5,none,True,True
131450,1.0,0.0,0.5,none,True,True
131451,1.0,0.0,0.5,none,True,True
131452,1.0,0.0,0.5,none,True,True
131453,1.0,0.0,0.5,none,True,True
131454,1.0,0.0,0.5,none,True,True
131455,1.0,0.0,0.5,none,True,True
131456,1.0,0.0,0.5,none,True,True
131457,1.0,0.0,0.5,none,True,True
131458,1.0,0.0,0.5,none,True,True
131459,1.0,0.0,0.5,none,True,True
131460,1.0,0.0,0.5,none,True,True
131461,1.0,0.0,0.5,none,True,True
131462,1.0,0.0,0.5,none,True,True
131463,1.0,0.0,0.5,none,True,True
131464,1.0,0.0,0.5,none,True,True
131465,1.0,0.0,0.5,none,True,True
131466,1.0,0.0,0.5,none,True,True
131467,1.0,0.0,0.5,none,True,True
131468,1.0,0.0,0.5,none,True,True
131469,1.0,0.0,0.5,none,True,True
131470,1.0,0.0,0.5,none,True,True
131471,1.0,0.0,0.5,none,True,True
131472,1.0,0.0,0.5,none,True,True
131473,1.0,0.0,0.5,none,True,True
131474,1.0,0.0,0.5,none,True,True
131475,1.0,0.0,0.5,none,True,True
131476,1.0,0.0,0.5,none,True,True
131477,1.0,0.0,0.5,none,True,True
131478,1.0,0.0,0.5,none,True,True
131479,1.0,0.0,0.5,none,True,True
131480,1.0,0.0,0.5,none,True,True
131481,1.0,0.0,0.5,none,True,True
131482,1.0,0.0,0.5,none,True,True
131483,1.0,0.0,0.5,none,True,True
131484,1.0,0.0,0.5,none,True,True
131485,1.0,0.0,0.5,none,True,True
131486,1.0,0.0,0.5,none,True,True
131487,1.0,0.0,0.5,none,True,True
131488,1.0,0.0,0.5,none,True,True
131489,1.0,0.0,0.5,none,True,True
131490,1.0,0.0,0.5,none,True,True
131491,1.0,0.0,0.5,none,True,True
131492,1.0,0.0,0.5,none,True,True
131493,1.0,0.0,0.5,none,True,True
131494,1.0,0.0,0.5,none,True,True
131495,1.0,0.0,0.5,none,True,True
131496,1.0,0.0,0.5,none,True,True
131497,1.0,0.0,0.5,none,True,True
131498,1.0,0.0,0.5,none,True,True
131499,1.0,0.0,0.5,none,True,True
131500,1.0,0.0,0.5,none,True,True
131501,1.0,0.0,0.5,none,True,True
131502,1.0,0.0,0.5,none,True,True
131503,1.0,0.0,0.5,none,True,True
131504,1.0,0.0,0.5,none,True,True
131505,1.0,0.0,0.5,none,True,True
131506,1.0,0.0,0.5,none,True,True
131507,1.0,0.0,0.5,none,True,True
131508,1.0,0.0,0.5,none,True,True
131509,1.0,0.0,0.5,none,True,True
131510,1.0,0.0,0.5,none,True,True
131511,1.0,0.0,0.5,none,True,True
131512,1.0,0.0,0.5,none,True,True
131513,1.0,0.0,0.5,none,True,True
131514,1.0,0.0,0.5,none,True,True
131515,1.0,0.0,0.5,none,True,True
131516,1.0,0.0,0.5,none,True,True
131517,1.0,0.0,0.5,none,True,True
131518,1.0,0.0,0.5,none,True,True
131519,1.0,0.0,0.5,none,True,True
131520,1.0,0.0,0.5,none,True,True
131521,1.0,0.0,0.5,none,True,True
131522,1.0,0.0,0.5,none,True,True
131523,1.0,0.0,0.5,none,True,True
131524,1.0,0.0,0.5,none,True,True
131525,1.0,0.0,0.5,none,True,True
131526,1.0,0.0,0.5,none,True,True
131527,1.0,0.0,0.5,none,True,True
131528,1.0,0.0,0.5,none,True,True
131529,1.0,0.0,0.5,none,True,True
131530,1.0,0.0,0.5,none,True,True
131531,1.0,0.0,0.5,none,True,True
131532,1.0,0.0,0.5,none,True,True
131533,1.0,0.0,0.5,none,True,True
131534,1.0,0.0,0.5,none,True,True
131535,1.0,0.0,0.5,none,True,True
131536,1.0,0.0,0.5,none,True,True
131537,1.0,0.0,0.5,none,True,True
131538,1.0,0.0,0.5,none,True,True
131539,1.0,0.0,0.5,none,True,True
131540,1.0,0.0,0.5,none,True,True
131541,1.0,0.0,0.5,none,True,True
131542,1.0,0.0,0.5,none,True,True
131543,1.0,0.0,0.5,none,True,True
131544,1.0,0.0,0.5,none,True,True
131545,1.0,0.0,0.5,none,True,True
131546,1.0,0.0,0.5,none,True,True
131547,1.0,0.0,0.5,none,True,True
131548,1.0,0.0,0.5,none,True,True
131549,1.0,0.0,0.5,none,True,True
131550,1.0,0.0,0.5,none,True,True
131551,1.0,0.0,0.5,none,True,True
131552,1.0,0.0,0.5,none,True,True
131553,1.0,0.0,0.5,none,True,True
131554,1.0,0.0,0.5,none,True,True
131555,1.0,0.0,0.5,none,True,True
131556,1.0,0.0,0.5,none,True,True
131557,1.0,0.0,0.5,none,True,True
131558,1.0,0.0,0.5,none,True,True
131559,1.0,0.0,0.5,none,True,True
131560,1.0,0.0,0.5,none,True,True
131561,1.0,0.0,0.5,none,True,True
131562,1.0,0.0,0.5,none,True,True
131563,1.0,0.0,0.5,none,True,True
131564,1.0,0.0,0.5,none,True,True
131565,1.0,0.0,0.5,none,True,True
131566,1.0,0.0,0.5,none,True,True
131567,1.0,0.0,0.5,none,True,True
131568,1.0,0.0,0.5,none,True,True
131569,1.0,0.0,0.5,none,True,True
131570,1.0,0.0,0.5,none,True,True
131571,1.0,0.0,0.5,none,True,True
131572,1.0,0.0,0.5,none,True,True
131573,1.0,0.0,0.5,none,True,True
131574,1.0,0.0,0.5,none,True,True
131575,1.0,0.0,0.5,none,True,True
131576,1.0,0.0,0.5,none,True,True
131577,1.0,0.0,0.5,none,True,True
131578,1.0,0.0,0.5,none,True,True
131579,1.0,0.0,0.5,none,True,True
131580,1.0,0.0,0.5,none,True,True
131581,1.0,0.0,0.5,none,True,True
131582,1.0,0.0,0.5,none,True,True
131583,1.0,0.0,0.5,none,True,True
131584,1.0,0.0,0.5,none,True,True
131585,1.0,0.0,0.5,none,True,True
131586,1.0,0.0,0.5,none,True,True
131587,1.0,0.0,0.5,none,True,True
131588,1.0,0.0,0.5,none,True,True
131589,1.0,0.0,0.5,none,True,True
131590,1.0,0.0,0.5,none,True,True
131591,1.0,0.0,0.5,none,True,True
131592,1.0,0.0,0.5,none,True,True
131593,1.0,0.0,0.5,none,True,True
131594,1.0,0.0,0.5,none,True,True
131595,1.0,0.0,0.5,none,True,True
131596,1.0,0.0,0.5,none,True,True
131597,1.0,0.0,0.5,none,True,True
131598,1.0,0.0,0.5,none,True,True
131599,1.0,0.0,0.5,none,True,True
131600,1.0,0.0061,0.5,none,True,True
131601,1.0,0.0357,0.5,none,True,True
131602,1.0,0.0812,0.5,none,True,True
131603,1.0,0.1113,0.5,none,True,True
131604,1.0,0.1253,0.5,none,True,True
131605,1.0,0.1408,0.5,none,True,True
131606,1.0,0.0907,0.5,none,True,True
131607,1.0,0.1198,0.5,none,True,True
131608,1.0,0.0467,0.5,none,True,True
131609,1.0,0.0522,0.5,none,True,True
131610,1.0,0.0405,0.5,none,True,True
131611,1.0,0.0313,0.5,none,True,True
131612,1.0,0.0083,0.5,none,True,True
131613,1.0,0.0726,0.5,none,True,True
131614,1.0,0.0793,0.5,none,True,True
131615,1.0,0.0581,0.5,none,True,True
131616,1.0,0.0955,0.5,none,True,True
131617,1.0,0.0839,0.5,none,True,True
131618,1.0,0.0648,0.5,none,True,True
131619,1.0,0.0718,0.5,none,True,True
131620,1.0,0.0589,0.5,none,True,True
131621,1.0,0.0403,0.5,none,True,True
131622,1.0,0.0327,0.5,none,True,True
131623,1.0,0.0277,0.5,none,True,True
131624,1.0,0.017,0.5,none,True,True
131625,1.0,0.0102,0.5,none,True,True
131626,1.0,0.0099,0.5,none,True,True
131627,1.0,0.008,0.5,none,True,True
131628,1.0,0.005,0.5,none,True,True
131629,1.0,0.0063,0.5,none,True,True
131630,1.0,0.009,0.5,none,True,True
131631,1.0,0.0096,0.5,none,True,True
131632,1.0,0.0108,0.5,none,True,True
131633,1.0,0.014,0.5,none,True,True
131634,1.0,0.0161,0.5,none,True,True
131635,1.0,0.0167,0.5,none,True,True
131636,1.0,0.0182,0.5,none,True,True
131637,1.0,0.0196,0.5,none,True,True
131638,1.0,0.0197,0.5,none,True,True
131639,1.0,0.0193,0.5,none,True,True
131640,1.0,0.0193,0.5,none,True,True
131641,1.0,0.0187,0.5,none,True,True
131642,1.0,0.0174,0.5,none,True,True
131643,1.0,0.0163,0.5,none,True,True
131644,1.0,0.0152,0.5,none,True,True
131645,1.0,0.0138,0.5,none,True,True
131646,1.0,0.0123,0.5,none,True,True
131647,1.0,0.0111,0.5,none,True,True
131648,1.0,0.01,0.5,none,True,True
131649,1.0,0.0088,0.5,none,True,True
131650,1.0,0.0078,0.5,none,True,True
131651,1.0,0.0071,0.5,none,True,True
131652,1.0,0.0064,0.5,none,True,True
131653,1.0,0.0057,0.5,none,True,True
131654,1.0,0.0053,0.5,none,True,True
131655,1.0,0.005,0.5,none,True,True
131656,1.0,0.0047,0.5,none,True,True
131657,1.0,0.0045,0.5,none,True,True
131658,1.0,0.0044,0.5,none,True,True
131659,1.0,0.0043,0.5,none,True,True
131660,1.0,0.0042,0.5,none,True,True
131661,1.0,0.0041,0.5,none,True,True
131662,1.0,0.004,0.5,none,True,True
131663,1.0,0.0039,0.5,none,True,True
131664,1.0,0.0038,0.5,none,True,True
131665,1.0,0.0037,0.5,none,True,True
131666,1.0,0.0035,0.5,none,True,True
131667,1.0,0.0033,0.5,none,True,True
131668,1.0,0.0032,0.5,none,True,True
131669,1.0,0.003,0.5,none,True,True
131670,1.0,0.0028,0.5,none,True,True
131671,1.0,0.0026,0.5,none,True,True
131672,1.0,0.0024,0.5,none,True,True
131673,1.0,0.0023,0.5,none,True,True
131674,1.0,0.0021,0.5,none,True,True
131675,1.0,0.0019,0.5,none,True,True
131676,1.0,0.0018,0.5,none,True,True
131677,1.0,0.0017,0.5,none,True,True
131678,1.0,0.0015,0.5,none,True,True
131679,1.0,0.0014,0.5,none,True,True
131680,1.0,0.0013,0.5,none,True,True
131681,1.0,0.0013,0.5,none,True,True
131682,1.0,0.0012,0.5,none,True,True
131683,1.0,0.0011,0.5,none,True,True
131684,1.0,0.0011,0.5,none,True,True
131685,1.0,0.001,0.5,none,True,True
131686,1.0,0.001,0.5,none,True,True
131687,1.0,0.0009,0.5,none,True,True
131688,1.0,0.0009,0.5,none,True,True
131689,1.0,0.0008,0.5,none,True,True
131690,1.0,0.0008,0.5,none,True,True
131691,1.0,0.0008,0.5,none,True,True
131692,1.0,0.0007,0.5,none,True,True
131693,1.0,0.0007,0.5,none,True,True
131694,1.0,0.0006,0.5,none,True,True
131695,1.0,0.0006,0.5,none,True,True
131696,1.0,0.0006,0.5,none,True,True
131697,1.0,0.0005,0.5,none,True,True
131698,1.0,0.0005,0.5,none,True,True
131699,1.0,0.0005,0.5,none,True,True
131700,1.0,0.0004,0.5,none,True,True
131701,1.0,0.0004,0.5,none,True,True
131702,1.0,0.0004,0.5,none,True,True
131703,1.0,0.0004,0.5,none,True,True
131704,1.0,0.0003,0.5,none,True,True
131705,1.0,0.0003,0.5,none,True,True
131706,1.0,0.0003,0.5,none,True,True
131707,1.0,0.0003,0.5,none,True,True
131708,1.0,0.0003,0.5,none,True,True
131709,1.0,0.0003,0.5,none,True,True
131710,1.0,0.0002,0.5,none,True,True
131711,1.0,0.0002,0.5,none,True,True
131712,1.0,0.0002,0.5,none,True,True
131713,1.0,0.0002,0.5,none,True,True
131714,1.0,0.0002,0.5,none,True,True
131715,1.0,0.0002,0.5,none,True,True
131716,1.0,0.0002,0.5,none,True,True
131717,1.0,0.0002,0.5,none,True,True
131718,1.0,0.0002,0.5,none,True,True
131719,1.0,0.0001,0.5,none,True,True
131720,1.0,0.0001,0.5,none,True,True
131721,1.0,0.0001,0.5,none,True,True
131722,1.0,0.0001,0.5,none,True,True
131723,1.0,0.0001,0.5,none,True,True
131724,1.0,0.0001,0.5,none,True,True
131725,1.0,0.0001,0.5,none,True,True
131726,1.0,0.0001,0.5,none,True,True
131727,1.0,0.0001,0.5,none,True,True
131728,1.0,0.0001,0.5,none,True,True
131729,1.0,0.0001,0.5,none,True,True
131730,1.0,0.0001,0.5,none,True,True
131731,1.0,0.0001,0.5,none,True,True
131732,1.0,0.0001,0.5,none,True,True
131733,1.0,0.0001,0.5,none,True,True
131734,1.0,0.0001,0.5,none,True,True
131735,1.0,0.0001,0.5,none,True,True
131736,1.0,0.0001,0.5,none,True,True
131737,1.0,0.0,0.5,none,True,True
131738,1.0,0.0,0.5,none,True,True
131739,1.0,0.0,0.5,none,True,True
131740,1.0,0.0,0.5,none,True,True
131741,1.0,0.0,0.5,none,True,True
131742,1.0,0.0,0.5,none,True,True
131743,1.0,0.0,0.5,none,True,True
131744,1.0,0.0,0.5,none,True,True
131745,1.0,0.0,0.5,none,True,True
131746,1.0,0.0,0.5,none,True,True
131747,1.0,0.0,0.5,none,True,True
131748,1.0,0.0,0.5,none,True,True
131749,1.0,0.0,0.5,none,True,True
131750,1.0,0.0,0.5,none,True,True
131751,1.0,0.0,0.5,none,True,True
131752,1.0,0.0,0.5,none,True,True
131753,1.0,0.0,0.5,none,True,True
131754,1.0,0.0,0.5,none,True,True
131755,1.0,0.0,0.5,none,True,True
131756,1.0,0.0,0.5,none,True,True
131757,1.0,0.0,0.5,none,True,True
131758,1.0,0.0,0.5,none,True,True
131759,1.0,0.0,0.5,none,True,True
131760,1.0,0.0,0.5,none,True,True
131761,1.0,0.0,0.5,none,True,True
131762,1.0,0.0,0.5,none,True,True
131763,1.0,0.0,0.5,none,True,True
131764,1.0,0.0,0.5,none,True,True
131765,1.0,0.0,0.5,none,True,True
131766,1.0,0.0,0.5,none,True,True
131767,1.0,0.0,0.5,none,True,True
131768,1.0,0.0,0.5,none,True,True
131769,1.0,0.0,0.5,none,True,True
131770,1.0,0.0,0.5,none,True,True
131771,1.0,0.0,0.5,none,True,True
131772,1.0,0.0,0.5,none,True,True
131773,1.0,0.0,0.5,none,True,True
131774,1.0,0.0,0.5,none,True,True
131775,1.0,0.0,0.5,none,True,True
131776,1.0,0.0,0.5,none,True,True
131777,1.0,0.0,0.5,none,True,True
131778,1.0,0.0,0.5,none,True,True
131779,1.0,0.0,0.5,none,True,True
131780,1.0,0.0,0.5,none,True,True
131781,1.0,0.0,0.5,none,True,True
131782,1.0,0.0,0.5,none,True,True
131783,1.0,0.0,0.5,none,True,True
131784,1.0,0.0,0.5,none,True,True
131785,1.0,0.0,0.5,none,True,True
131786,1.0,0.0,0.5,none,True,True
131787,1.0,0.0,0.5,none,True,True
131788,1.0,0.0,0.5,none,True,True
131789,1.0,0.0,0.5,none,True,True
131790,1.0,0.0,0.5,none,True,True
131791,1.0,0.0,0.5,none,True,True
131792,1.0,0.0,0.5,none,True,True
131793,1.0,0.0,0.5,none,True,True
131794,1.0,0.0,0.5,none,True,True
131795,1.0,0.0,0.5,none,True,True
131796,1.0,0.0,0.5,none,True,True
131797,1.0,0.0,0.5,none,True,True
131798,1.0,0.0,0.5,none,True,True
131799,1.0,0.0,0.5,none,True,True
131800,1.0,0.0,0.5,none,True,True
131801,1.0,0.0,0.5,none,True,True
131802,1.0,0.0,0.5,none,True,True
131803,1.0,0.0,0.5,none,True,True
131804,1.0,0.0,0.5,none,True,True
131805,1.0,0.0,0.5,none,True,True
131806,1.0,0.0,0.5,none,True,True
131807,1.0,0.0,0.5,none,True,True
131808,1.0,0.0,0.5,none,True,True
131809,1.0,0.0,0.5,none,True,True
131810,1.0,0.0,0.5,none,True,True
131811,1.0,0.0,0.5,none,True,True
131812,1.0,0.0,0.5,none,True,True
131813,1.0,0.0,0.5,none,True,True
131814,1.0,0.0,0.5,none,True,True
131815,1.0,0.0,0.5,none,True,True
131816,1.0,0.0,0.5,none,True,True
131817,1.0,0.0,0.5,none,True,True
131818,1.0,0.0,0.5,none,True,True
131819,1.0,0.0,0.5,none,True,True
131820,1.0,0.0,0.5,none,True,True
131821,1.0,0.0,0.5,none,True,True
131822,1.0,0.0,0.5,none,True,True
131823,1.0,0.0,0.5,none,True,True
131824,1.0,0.0,0.5,none,True,True
131825,1.0,0.0,0.5,none,True,True
131826,1.0,0.0,0.5,none,True,True
131827,1.0,0.0,0.5,none,True,True
131828,1.0,0.0,0.5,none,True,True
131829,1.0,0.0,0.5,none,True,True
131830,1.0,0.0,0.5,none,True,True
131831,1.0,0.0,0.5,none,True,True
131832,1.0,0.0,0.5,none,True,True
131833,1.0,0.0,0.5,none,True,True
131834,1.0,0.0,0.5,none,True,True
131835,1.0,0.0,0.5,none,True,True
131836,1.0,0.0,0.5,none,True,True
131837,1.0,0.0,0.5,none,True,True
131838,1.0,0.0,0.5,none,True,True
131839,1.0,0.0,0.5,none,True,True
131840,1.0,0.0,0.5,none,True,True
131841,1.0,0.0,0.5,none,True,True
131842,1.0,0.0,0.5,none,True,True
131843,1.0,0.0,0.5,none,True,True
131844,1.0,0.0,0.5,none,True,True
131845,1.0,0.0,0.5,none,True,True
131846,1.0,0.0,0.5,none,True,True
131847,1.0,0.0,0.5,none,True,True
131848,1.0,0.0,0.5,none,True,True
131849,1.0,0.0,0.5,none,True,True
131850,1.0,0.0,0.5,none,True,True
131851,1.0,0.0,0.5,none,True,True
131852,1.0,0.0,0.5,none,True,True
131853,1.0,0.0,0.5,none,True,True
131854,1.0,0.0,0.5,none,True,True
131855,1.0,0.0,0.5,none,True,True
131856,1.0,0.0,0.5,none,True,True
131857,1.0,0.0,0.5,none,True,True
131858,1.0,0.0,0.5,none,True,True
131859,1.0,0.0,0.5,none,True,True
131860,1.0,0.0,0.5,none,True,True
131861,1.0,0.0,0.5,none,True,True
131862,1.0,0.0,0.5,none,True,True
131863,1.0,0.0,0.5,none,True,True
131864,1.0,0.0,0.5,none,True,True
131865,1.0,0.0,0.5,none,True,True
131866,1.0,0.0,0.5,none,True,True
131867,1.0,0.0,0.5,none,True,True
131868,1.0,0.0,0.5,none,True,True
131869,1.0,0.0,0.5,none,True,True
131870,1.0,0.0,0.5,none,True,True
131871,1.0,0.0,0.5,none,True,True
131872,1.0,0.0,0.5,none,True,True
131873,1.0,0.0,0.5,none,True,True
131874,1.0,0.0,0.5,none,True,True
131875,1.0,0.0,0.5,none,True,True
131876,1.0,0.0,0.5,none,True,True
131877,1.0,0.0,0.5,none,True,True
131878,1.0,0.0,0.5,none,True,True
131879,1.0,0.0,0.5,none,True,True
131880,1.0,0.0,0.5,none,True,True
131881,1.0,0.0,0.5,none,True,True
131882,1.0,0.0,0.5,none,True,True
131883,1.0,0.0,0.5,none,True,True
131884,1.0,0.0,0.5,none,True,True
131885,1.0,0.0,0.5,none,True,True
131886,1.0,0.0,0.5,none,True,True
131887,1.0,0.0,0.5,none,True,True
131888,1.0,0.0,0.5,none,True,True
131889,1.0,0.0,0.5,none,True,True
131890,1.0,0.0,0.5,none,True,True
131891,1.0,0.0,0.5,none,True,True
131892,1.0,0.0,0.5,none,True,True
131893,1.0,0.0,0.5,none,True,True
131894,1.0,0.0,0.5,none,True,True
131895,1.0,0.0,0.5,none,True,True
131896,1.0,0.0,0.5,none,True,True
131897,1.0,0.0,0.5,none,True,True
131898,1.0,0.0,0.5,none,True,True
131899,1.0,0.0,0.5,none,True,True
131900,1.0,0.0,0.5,none,True,True
131901,1.0,0.0,0.5,none,True,True
131902,1.0,0.0,0.5,none,True,True
131903,1.0,0.0,0.5,none,True,True
131904,1.0,0.0,0.5,none,True,True
131905,1.0,0.0,0.5,none,True,True
131906,1.0,0.0,0.5,none,True,True
131907,1.0,0.0,0.5,none,True,True
131908,1.0,0.0,0.5,none,True,True
131909,1.0,0.0,0.5,none,True,True
131910,1.0,0.0,0.5,none,True,True
131911,1.0,0.0,0.5,none,True,True
131912,1.0,0.0,0.5,none,True,True
131913,1.0,0.0,0.5,none,True,True
131914,1.0,0.0,0.5,none,True,True
131915,1.0,0.0,0.5,none,True,True
131916,1.0,0.0,0.5,none,True,True
131917,1.0,0.0,0.5,none,True,True
131918,1.0,0.0,0.5,none,True,True
131919,1.0,0.0,0.5,none,True,True
131920,1.0,0.0,0.5,none,True,True
131921,1.0,0.0,0.5,none,True,True
131922,1.0,0.0,0.5,none,True,True
131923,1.0,0.0,0.5,none,True,True
131924,1.0,0.0,0.5,none,True,True
131925,1.0,0.0,0.5,none,True,True
131926,1.0,0.0,0.5,none,True,True
131927,1.0,0.0,0.5,none,True,True
131928,1.0,0.0,0.5,none,True,True
131929,1.0,0.0,0.5,none,True,True
131930,1.0,0.0,0.5,none,True,True
131931,1.0,0.0,0.5,none,True,True
131932,1.0,0.0,0.5,none,True,True
131933,1.0,0.0,0.5,none,True,True
131934,1.0,0.0,0.5,none,True,True
131935,1.0,0.0,0.5,none,True,True
131936,1.0,0.0,0.5,none,True,True
131937,1.0,0.0,0.5,none,True,True
131938,1.0,0.0,0.5,none,True,True
131939,1.0,0.0,0.5,none,True,True
131940,1.0,0.0,0.5,none,True,True
131941,1.0,0.0,0.5,none,True,True
131942,1.0,0.0,0.5,none,True,True
131943,1.0,0.0,0.5,none,True,True
131944,1.0,0.0,0.5,none,True,True
131945,1.0,0.0,0.5,none,True,True
131946,1.0,0.0,0.5,none,True,True
131947,1.0,0.0,0.5,none,True,True
131948,1.0,0.0,0.5,none,True,True
131949,1.0,0.0,0.5,none,True,True
131950,1.0,0.0,0.5,none,True,True
131951,1.0,0.0,0.5,none,True,True
131952,1.0,0.0,0.5,none,True,True
131953,1.0,0.0,0.5,none,True,True
131954,1.0,0.0,0.5,none,True,True
131955,1.0,0.0,0.5,none,True,True
131956,1.0,0.0,0.5,none,True,True
131957,1.0,0.0,0.5,none,True,True
131958,1.0,0.0,0.5,none,True,True
131959,1.0,0.0,0.5,none,True,True
131960,1.0,0.0,0.5,none,True,True
131961,1.0,0.0,0.5,none,True,True
131962,1.0,0.0,0.5,none,True,True
131963,1.0,0.0,0.5,none,True,True
131964,1.0,0.0,0.5,none,True,True
131965,1.0,0.0,0.5,none,True,True
131966,1.0,0.0,0.5,none,True,True
131967,1.0,0.0,0.5,none,True,True
131968,1.0,0.0,0.5,none,True,True
131969,1.0,0.0,0.5,none,True,True
131970,1.0,0.0,0.5,none,True,True
131971,1.0,0.0,0.5,none,True,True
131972,1.0,0.0,0.5,none,True,True
131973,1.0,0.0,0.5,none,True,True
131974,1.0,0.0,0.5,none,True,True
131975,1.0,0.0,0.5,none,True,True
131976,1.0,0.0,0.5,none,True,True
131977,1.0,0.0,0.5,none,True,True
131978,1.0,0.0,0.5,none,True,True
131979,1.0,0.0,0.5,none,True,True
131980,1.0,0.0,0.5,none,True,True
131981,1.0,0.0,0.5,none,True,True
131982,1.0,0.0,0.5,none,True,True
131983,1.0,0.0,0.5,none,True,True
131984,1.0,0.0,0.5,none,True,True
131985,1.0,0.0,0.5,none,True,True
131986,1.0,0.0,0.5,none,True,True
131987,1.0,0.0,0.5,none,True,True
131988,1.0,0.0,0.5,none,True,True
131989,1.0,0.0,0.5,none,True,True
131990,1.0,0.0,0.5,none,True,True
131991,1.0,0.0,0.5,none,True,True
131992,1.0,0.0,0.5,none,True,True
131993,1.0,0.0,0.5,none,True,True
131994,1.0,0.0,0.5,none,True,True
131995,1.0,0.0,0.5,none,True,True
131996,1.0,0.0,0.5,none,True,True
131997,1.0,0.0,0.5,none,True,True
131998,1.0,0.0,0.5,none,True,True
131999,1.0,0.0,0.5,none,True,True
132000,1.0,0.0,0.5,none,True,True
132001,1.0,0.0,0.5,none,True,True
132002,1.0,0.0,0.5,none,True,True
132003,1.0,0.0,0.5,none,True,True
132004,1.0,0.0,0.5,none,True,True
132005,1.0,0.0,0.5,none,True,True
132006,1.0,0.0,0.5,none,True,True
132007,1.0,0.0,0.5,none,True,True
132008,1.0,0.0,0.5,none,True,True
132009,1.0,0.0,0.5,none,True,True
132010,1.0,0.0,0.5,none,True,True
132011,1.0,0.0,0.5,none,True,True
132012,1.0,0.0,0.5,none,True,True
132013,1.0,0.0,0.5,none,True,True
132014,1.0,0.0,0.5,none,True,True
132015,1.0,0.0,0.5,none,True,True
132016,1.0,0.0,0.5,none,True,True
132017,1.0,0.0,0.5,none,True,True
132018,1.0,0.0,0.5,none,True,True
132019,1.0,0.0,0.5,none,True,True
132020,1.0,0.0,0.5,none,True,True
132021,1.0,0.0,0.5,none,True,True
132022,1.0,0.0,0.5,none,True,True
132023,1.0,0.0,0.5,none,True,True
132024,1.0,0.0,0.5,none,True,True
132025,1.0,0.0,0.5,none,True,True
132026,1.0,0.0,0.5,none,True,True
132027,1.0,0.0,0.5,none,True,True
132028,1.0,0.0,0.5,none,True,True
132029,1.0,0.0,0.5,none,True,True
132030,1.0,0.0,0.5,none,True,True
132031,1.0,0.0,0.5,none,True,True
132032,1.0,0.0,0.5,none,True,True
132033,1.0,0.0,0.5,none,True,True
132034,1.0,0.0,0.5,none,True,True
132035,1.0,0.0,0.5,none,True,True
132036,1.0,0.0,0.5,none,True,True
132037,1.0,0.0,0.5,none,True,True
132038,1.0,0.0,0.5,none,True,True
132039,1.0,0.0,0.5,none,True,True
132040,1.0,0.0,0.5,none,True,True
132041,1.0,0.0,0.5,none,True,True
132042,1.0,0.0,0.5,none,True,True
132043,1.0,0.0,0.5,none,True,True
132044,1.0,0.0,0.5,none,True,True
132045,1.0,0.0,0.5,none,True,True
132046,1.0,0.0,0.5,none,True,True
132047,1.0,0.0,0.5,none,True,True
132048,1.0,0.0,0.5,none,True,True
132049,1.0,0.0,0.5,none,True,True
132050,1.0,0.0,0.5,none,True,True
132051,1.0,0.0,0.5,none,True,True
132052,1.0,0.0,0.5,none,True,True
132053,1.0,0.0,0.5,none,True,True
132054,1.0,0.0,0.5,none,True,True
132055,1.0,0.0,0.5,none,True,True
132056,1.0,0.0,0.5,none,True,True
132057,1.0,0.0,0.5,none,True,True
132058,1.0,0.0,0.5,none,True,True
132059,1.0,0.0,0.5,none,True,True
132060,1.0,0.0,0.5,none,True,True
132061,1.0,0.0,0.5,none,True,True
132062,1.0,0.0,0.5,none,True,True
132063,1.0,0.0,0.5,none,True,True
132064,1.0,0.0,0.5,none,True,True
132065,1.0,0.0,0.5,none,True,True
132066,1.0,0.0,0.5,none,True,True
132067,1.0,0.0,0.5,none,True,True
132068,1.0,0.0,0.5,none,True,True
132069,1.0,0.0,0.5,none,True,True
132070,1.0,0.0,0.5,none,True,True
132071,1.0,0.0,0.5,none,True,True
132072,1.0,0.0,0.5,none,True,True
132073,1.0,0.0,0.5,none,True,True
132074,1.0,0.0,0.5,none,True,True
132075,1.0,0.0,0.5,none,True,True
132076,1.0,0.0,0.5,none,True,True
132077,1.0,0.0,0.5,none,True,True
132078,1.0,0.0,0.5,none,True,True
132079,1.0,0.0,0.5,none,True,True
132080,1.0,0.0,0.5,none,True,True
132081,1.0,0.0,0.5,none,True,True
132082,1.0,0.0,0.5,none,True,True
132083,1.0,0.0,0.5,none,True,True
132084,1.0,0.0,0.5,none,True,True
132085,1.0,0.0,0.5,none,True,True
132086,1.0,0.0,0.5,none,True,True
132087,1.0,0.0,0.5,none,True,True
132088,1.0,0.0,0.5,none,True,True
132089,1.0,0.0,0.5,none,True,True
132090,1.0,0.0,0.5,none,True,True
132091,1.0,0.0,0.5,none,True,True
132092,1.0,0.0,0.5,none,True,True
132093,1.0,0.0,0.5,none,True,True
132094,1.0,0.0,0.5,none,True,True
132095,1.0,0.0,0.5,none,True,True
132096,1.0,0.0,0.5,none,True,True
132097,1.0,0.0,0.5,none,True,True
132098,1.0,0.0,0.5,none,True,True
132099,1.0,0.0,0.5,none,True,True
132100,1.0,0.0,0.5,none,True,True
132101,1.0,0.0,0.5,none,True,True
132102,1.0,0.0,0.5,none,True,True
132103,1.0,0.0,0.5,none,True,True
132104,1.0,0.0,0.5,none,True,True
132105,1.0,0.0,0.5,none,True,True
132106,1.0,0.0,0.5,none,True,True
132107,1.0,0.0,0.5,none,True,True
132108,1.0,0.0,0.5,none,True,True
132109,1.0,0.0,0.5,none,True,True
132110,1.0,0.0,0.5,none,True,True
132111,1.0,0.0,0.5,none,True,True
132112,1.0,0.0,0.5,none,True,True
132113,1.0,0.0,0.5,none,True,True
132114,1.0,0.0,0.5,none,True,True
132115,1.0,0.0,0.5,none,True,True
132116,1.0,0.0,0.5,none,True,True
132117,1.0,0.0,0.5,none,True,True
132118,1.0,0.0,0.5,none,True,True
132119,1.0,0.0,0.5,none,True,True
132120,1.0,0.0,0.5,none,True,True
132121,1.0,0.0,0.5,none,True,True
132122,1.0,0.0,0.5,none,True,True
132123,1.0,0.0,0.5,none,True,True
132124,1.0,0.0,0.5,none,True,True
132125,1.0,0.0,0.5,none,True,True
132126,1.0,0.0,0.5,none,True,True
132127,1.0,0.0,0.5,none,True,True
132128,1.0,0.0,0.5,none,True,True
132129,1.0,0.0,0.5,none,True,True
132130,1.0,0.0,0.5,none,True,True
132131,1.0,0.0,0.5,none,True,True
132132,1.0,0.0,0.5,none,True,True
132133,1.0,0.0,0.5,none,True,True
132134,1.0,0.0,0.5,none,True,True
132135,1.0,0.0,0.5,none,True,True
132136,1.0,0.0,0.5,none,True,True
132137,1.0,0.0,0.5,none,True,True
132138,1.0,0.0,0.5,none,True,True
132139,1.0,0.0,0.5,none,True,True
132140,1.0,0.0,0.5,none,True,True
132141,1.0,0.0,0.5,none,True,True
132142,1.0,0.0,0.5,none,True,True
132143,1.0,0.0,0.5,none,True,True
132144,1.0,0.0,0.5,none,True,True
132145,1.0,0.0,0.5,none,True,True
132146,1.0,0.0,0.5,none,True,True
132147,1.0,0.0,0.5,none,True,True
132148,1.0,0.0,0.5,none,True,True
132149,1.0,0.0,0.5,none,True,True
132150,1.0,0.0,0.5,none,True,True
132151,1.0,0.0,0.5,none,True,True
132152,1.0,0.0,0.5,none,True,True
132153,1.0,0.0,0.5,none,True,True
132154,1.0,0.0,0.5,none,True,True
132155,1.0,0.0,0.5,none,True,True
132156,1.0,0.0,0.5,none,True,True
132157,1.0,0.0,0.5,none,True,True
132158,1.0,0.0,0.5,none,True,True
132159,1.0,0.0,0.5,none,True,True
132160,1.0,0.0,0.5,none,True,True
132161,1.0,0.0,0.5,none,True,True
132162,1.0,0.0,0.5,none,True,True
132163,1.0,0.0,0.5,none,True,True
132164,1.0,0.0,0.5,none,True,True
132165,1.0,0.0,0.5,none,True,True
132166,1.0,0.0,0.5,none,True,True
132167,1.0,0.0,0.5,none,True,True
132168,1.0,0.0,0.5,none,True,True
132169,1.0,0.0,0.5,none,True,True
132170,1.0,0.0,0.5,none,True,True
132171,1.0,0.0,0.5,none,True,True
132172,1.0,0.0,0.5,none,True,True
132173,1.0,0.0,0.5,none,True,True
132174,1.0,0.0,0.5,none,True,True
132175,1.0,0.0,0.5,none,True,True
132176,1.0,0.0,0.5,none,True,True
132177,1.0,0.0,0.5,none,True,True
132178,1.0,0.0,0.5,none,True,True
132179,1.0,0.0,0.5,none,True,True
132180,1.0,0.0,0.5,none,True,True
132181,1.0,0.0,0.5,none,True,True
132182,1.0,0.0,0.5,none,True,True
132183,1.0,0.0,0.5,none,True,True
132184,1.0,0.0,0.5,none,True,True
132185,1.0,0.0,0.5,none,True,True
132186,1.0,0.0,0.5,none,True,True
132187,1.0,0.0,0.5,none,True,True
132188,1.0,0.0,0.5,none,True,True
132189,1.0,0.0,0.5,none,True,True
132190,1.0,0.0,0.5,none,True,True
132191,1.0,0.0,0.5,none,True,True
132192,1.0,0.0,0.5,none,True,True
132193,1.0,0.0,0.5,none,True,True
132194,1.0,0.0,0.5,none,True,True
132195,1.0,0.0,0.5,none,True,True
132196,1.0,0.0,0.5,none,True,True
132197,1.0,0.0,0.5,none,True,True
132198,1.0,0.0,0.5,none,True,True
132199,1.0,0.0,0.5,none,True,True
132200,1.0,0.0,0.5,none,True,True
132201,1.0,0.0,0.5,none,True,True
132202,1.0,0.0,0.5,none,True,True
132203,1.0,0.0,0.5,none,True,True
132204,1.0,0.0,0.5,none,True,True
132205,1.0,0.0,0.5,none,True,True
132206,1.0,0.0,0.5,none,True,True
132207,1.0,0.0,0.5,none,True,True
132208,1.0,0.0,0.5,none,True,True
132209,1.0,0.0,0.5,none,True,True
132210,1.0,0.0,0.5,none,True,True
132211,1.0,0.0,0.5,none,True,True
132212,1.0,0.0,0.5,none,True,True
132213,1.0,0.0,0.5,none,True,True
132214,1.0,0.0,0.5,none,True,True
132215,1.0,0.0,0.5,none,True,True
132216,1.0,0.0,0.5,none,True,True
132217,1.0,0.0,0.5,none,True,True
132218,1.0,0.0,0.5,none,True,True
132219,1.0,0.0,0.5,none,True,True
132220,1.0,0.0,0.5,none,True,True
132221,1.0,0.0,0.5,none,True,True
132222,1.0,0.0,0.5,none,True,True
132223,1.0,0.0,0.5,none,True,True
132224,1.0,0.0,0.5,none,True,True
132225,1.0,0.0,0.5,none,True,True
132226,1.0,0.0,0.5,none,True,True
132227,1.0,0.0,0.5,none,True,True
132228,1.0,0.0,0.5,none,True,True
132229,1.0,0.0,0.5,none,True,True
132230,1.0,0.0,0.5,none,True,True
132231,1.0,0.0,0.5,none,True,True
132232,1.0,0.0,0.5,none,True,True
132233,1.0,0.0,0.5,none,True,True
132234,1.0,0.0,0.5,none,True,True
132235,1.0,0.0,0.5,none,True,True
132236,1.0,0.0,0.5,none,True,True
132237,1.0,0.0,0.5,none,True,True
132238,1.0,0.0,0.5,none,True,True
132239,1.0,0.0,0.5,none,True,True
132240,1.0,0.0,0.5,none,True,True
132241,1.0,0.0,0.5,none,True,True
132242,1.0,0.0,0.5,none,True,True
132243,1.0,0.0,0.5,none,True,True
132244,1.0,0.0,0.5,none,True,True
132245,1.0,0.0,0.5,none,True,True
132246,1.0,0.0,0.5,none,True,True
132247,1.0,0.0,0.5,none,True,True
132248,1.0,0.0,0.5,none,True,True
132249,1.0,0.0,0.5,none,True,True
132250,1.0,0.0,0.5,none,True,True
132251,1.0,0.0,0.5,none,True,True
132252,1.0,0.0,0.5,none,True,True
132253,1.0,0.0,0.5,none,True,True
132254,1.0,0.0,0.5,none,True,True
132255,1.0,0.0,0.5,none,True,True
132256,1.0,0.0,0.5,none,True,True
132257,1.0,0.0,0.5,none,True,True
132258,1.0,0.0,0.5,none,True,True
132259,1.0,0.0,0.5,none,True,True
132260,1.0,0.0,0.5,none,True,True
132261,1.0,0.0,0.5,none,True,True
132262,1.0,0.0,0.5,none,True,True
132263,1.0,0.0,0.5,none,True,True
132264,1.0,0.0,0.5,none,True,True
132265,1.0,0.0,0.5,none,True,True
132266,1.0,0.0,0.5,none,True,True
132267,1.0,0.0,0.5,none,True,True
132268,1.0,0.0,0.5,none,True,True
132269,1.0,0.0,0.5,none,True,True
132270,1.0,0.0,0.5,none,True,True
132271,1.0,0.0,0.5,none,True,True
132272,1.0,0.0,0.5,none,True,True
132273,1.0,0.0,0.5,none,True,True
132274,1.0,0.0,0.5,none,True,True
132275,1.0,0.0,0.5,none,True,True
132276,1.0,0.0,0.5,none,True,True
132277,1.0,0.0,0.5,none,True,True
132278,1.0,0.0,0.5,none,True,True
132279,1.0,0.0,0.5,none,True,True
132280,1.0,0.0,0.5,none,True,True
132281,1.0,0.0,0.5,none,True,True
132282,1.0,0.0,0.5,none,True,True
132283,1.0,0.0,0.5,none,True,True
132284,1.0,0.0,0.5,none,True,True
132285,1.0,0.0,0.5,none,True,True
132286,1.0,0.0,0.5,none,True,True
132287,1.0,0.0,0.5,none,True,True
132288,1.0,0.0,0.5,none,True,True
132289,1.0,0.0,0.5,none,True,True
132290,1.0,0.0,0.5,none,True,True
132291,1.0,0.0,0.5,none,True,True
132292,1.0,0.0,0.5,none,True,True
132293,1.0,0.0,0.5,none,True,True
132294,1.0,0.0,0.5,none,True,True
132295,1.0,0.0,0.5,none,True,True
132296,1.0,0.0,0.5,none,True,True
132297,1.0,0.0,0.5,none,True,True
132298,1.0,0.0,0.5,none,True,True
132299,1.0,0.0,0.5,none,True,True
132300,1.0,0.0061,0.5,none,True,True
132301,1.0,0.0357,0.5,none,True,True
132302,1.0,0.0812,0.5,none,True,True
132303,1.0,0.1113,0.5,none,True,True
132304,1.0,0.1253,0.5,none,True,True
132305,1.0,0.1408,0.5,none,True,True
132306,1.0,0.0907,0.5,none,True,True
132307,1.0,0.1198,0.5,none,True,True
132308,1.0,0.0467,0.5,none,True,True
132309,1.0,0.0522,0.5,none,True,True
132310,1.0,0.0405,0.5,none,True,True
132311,1.0,0.0313,0.5,none,True,True
132312,1.0,0.0083,0.5,none,True,True
132313,1.0,0.0726,0.5,none,True,True
132314,1.0,0.0793,0.5,none,True,True
132315,1.0,0.0581,0.5,none,True,True
132316,1.0,0.0955,0.5,none,True,True
132317,1.0,0.0839,0.5,none,True,True
132318,1.0,0.0648,0.5,none,True,True
132319,1.0,0.0718,0.5,none,True,True
132320,1.0,0.0589,0.5,none,True,True
132321,1.0,0.0403,0.5,none,True,True
132322,1.0,0.0327,0.5,none,True,True
132323,1.0,0.0277,0.5,none,True,True
132324,1.0,0.017,0.5,none,True,True
132325,1.0,0.0102,0.5,none,True,True
132326,1.0,0.0099,0.5,none,True,True
132327,1.0,0.008,0.5,none,True,True
132328,1.0,0.005,0.5,none,True,True
132329,1.0,0.0063,0.5,none,True,True
132330,1.0,0.009,0.5,none,True,True
132331,1.0,0.0096,0.5,none,True,True
132332,1.0,0.0108,0.5,none,True,True
132333,1.0,0.014,0.5,none,True,True
132334,1.0,0.0161,0.5,none,True,True
132335,1.0,0.0167,0.5,none,True,True
132336,1.0,0.0182,0.5,none,True,True
132337,1.0,0.0196,0.5,none,True,True
132338,1.0,0.0197,0.5,none,True,True
132339,1.0,0.0193,0.5,none,True,True
132340,1.0,0.0193,0.5,none,True,True
132341,1.0,0.0187,0.5,none,True,True
132342,1.0,0.0174,0.5,none,True,True
132343,1.0,0.0163,0.5,none,True,True
132344,1.0,0.0152,0.5,none,True,True
132345,1.0,0.0138,0.5,none,True,True
132346,1.0,0.0123,0.5,none,True,True
132347,1.0,0.0111,0.5,none,True,True
132348,1.0,0.01,0.5,none,True,True
132349,1.0,0.0088,0.5,none,True,True
132350,1.0,0.0078,0.5,none,True,True
132351,1.0,0.0071,0.5,none,True,True
132352,1.0,0.0064,0.5,none,True,True
132353,1.0,0.0057,0.5,none,True,True
132354,1.0,0.0053,0.5,none,True,True
132355,1.0,0.005,0.5,none,True,True
132356,1.0,0.0047,0.5,none,True,True
132357,1.0,0.0045,0.5,none,True,True
132358,1.0,0.0044,0.5,none,True,True
132359,1.0,0.0043,0.5,none,True,True
132360,1.0,0.0042,0.5,none,True,True
132361,1.0,0.0041,0.5,none,True,True
132362,1.0,0.004,0.5,none,True,True
132363,1.0,0.0039,0.5,none,True,True
132364,1.0,0.0038,0.5,none,True,True
132365,1.0,0.0037,0.5,none,True,True
132366,1.0,0.0035,0.5,none,True,True
132367,1.0,0.0033,0.5,none,True,True
132368,1.0,0.0032,0.5,none,True,True
132369,1.0,0.003,0.5,none,True,True
132370,1.0,0.0028,0.5,none,True,True
132371,1.0,0.0026,0.5,none,True,True
132372,1.0,0.0024,0.5,none,True,True
132373,1.0,0.0023,0.5,none,True,True
132374,1.0,0.0021,0.5,none,True,True
132375,1.0,0.0019,0.5,none,True,True
132376,1.0,0.0018,0.5,none,True,True
132377,1.0,0.0017,0.5,none,True,True
132378,1.0,0.0015,0.5,none,True,True
132379,1.0,0.0014,0.5,none,True,True
132380,1.0,0.0013,0.5,none,True,True
132381,1.0,0.0013,0.5,none,True,True
132382,1.0,0.0012,0.5,none,True,True
132383,1.0,0.0011,0.5,none,True,True
132384,1.0,0.0011,0.5,none,True,True
132385,1.0,0.001,0.5,none,True,True
132386,1.0,0.001,0.5,none,True,True
132387,1.0,0.0009,0.5,none,True,True
132388,1.0,0.0009,0.5,none,True,True
132389,1.0,0.0008,0.5,none,True,True
132390,1.0,0.0008,0.5,none,True,True
132391,1.0,0.0008,0.5,none,True,True
132392,1.0,0.0007,0.5,none,True,True
132393,1.0,0.0007,0.5,none,True,True
132394,1.0,0.0006,0.5,none,True,True
132395,1.0,0.0006,0.5,none,True,True
132396,1.0,0.0006,0.5,none,True,True
132397,1.0,0.0005,0.5,none,True,True
132398,1.0,0.0005,0.5,none,True,True
132399,1.0,0.0005,0.5,none,True,True
132400,1.0,0.0004,0.5,none,True,True
132401,1.0,0.0004,0.5,none,True,True
132402,1.0,0.0004,0.5,none,True,True
132403,1.0,0.0004,0.5,none,True,True
132404,1.0,0.0003,0.5,none,True,True
132405,1.0,0.0003,0.5,none,True,True
132406,1.0,0.0003,0.5,none,True,True
132407,1.0,0.0003,0.5,none,True,True
132408,1.0,0.0003,0.5,none,True,True
132409,1.0,0.0003,0.5,none,True,True
132410,1.0,0.0002,0.5,none,True,True
132411,1.0,0.0002,0.5,none,True,True
132412,1.0,0.0002,0.5,none,True,True
132413,1.0,0.0002,0.5,none,True,True
132414,1.0,0.0002,0.5,none,True,True
132415,1.0,0.0002,0.5,none,True,True
132416,1.0,0.0002,0.5,none,True,True
132417,1.0,0.0002,0.5,none,True,True
132418,1.0,0.0002,0.5,none,True,True
132419,1.0,0.0001,0.5,none,True,True
132420,1.0,0.0001,0.5,none,True,True
132421,1.0,0.0001,0.5,none,True,True
132422,1.0,0.0001,0.5,none,True,True
132423,1.0,0.0001,0.5,none,True,True
132424,1.0,0.0001,0.5,none,True,True
132425,1.0,0.0001,0.5,none,True,True
132426,1.0,0.0001,0.5,none,True,True
132427,1.0,0.0001,0.5,none,True,True
132428,1.0,0.0001,0.5,none,True,True
132429,1.0,0.0001,0.5,none,True,True
132430,1.0,0.0001,0.5,none,True,True
132431,1.0,0.0001,0.5,none,True,True
132432,1.0,0.0001,0.5,none,True,True
132433,1.0,0.0001,0.5,none,True,True
132434,1.0,0.0001,0.5,none,True,True
132435,1.0,0.0001,0.5,none,True,True
132436,1.0,0.0001,0.5,none,True,True
132437,1.0,0.0,0.5,none,True,True
132438,1.0,0.0,0.5,none,True,True
132439,1.0,0.0,0.5,none,True,True
132440,1.0,0.0,0.5,none,True,True
132441,1.0,0.0,0.5,none,True,True
132442,1.0,0.0,0.5,none,True,True
132443,1.0,0.0,0.5,none,True,True
132444,1.0,0.0,0.5,none,True,True
132445,1.0,0.0,0.5,none,True,True
132446,1.0,0.0,0.5,none,True,True
132447,1.0,0.0,0.5,none,True,True
132448,1.0,0.0,0.5,none,True,True
132449,1.0,0.0,0.5,none,True,True
132450,1.0,0.0,0.5,none,True,True
132451,1.0,0.0,0.5,none,True,True
132452,1.0,0.0,0.5,none,True,True
132453,1.0,0.0,0.5,none,True,True
132454,1.0,0.0,0.5,none,True,True
132455,1.0,0.0,0.5,none,True,True
132456,1.0,0.0,0.5,none,True,True
132457,1.0,0.0,0.5,none,True,True
132458,1.0,0.0,0.5,none,True,True
132459,1.0,0.0,0.5,none,True,True
132460,1.0,0.0,0.5,none,True,True
132461,1.0,0.0,0.5,none,True,True
132462,1.0,0.0,0.5,none,True,True
132463,1.0,0.0,0.5,none,True,True
132464,1.0,0.0,0.5,none,True,True
132465,1.0,0.0,0.5,none,True,True
132466,1.0,0.0,0.5,none,True,True
132467,1.0,0.0,0.5,none,True,True
132468,1.0,0.0,0.5,none,True,True
132469,1.0,0.0,0.5,none,True,True
132470,1.0,0.0,0.5,none,True,True
132471,1.0,0.0,0.5,none,True,True
132472,1.0,0.0,0.5,none,True,True
132473,1.0,0.0,0.5,none,True,True
132474,1.0,0.0,0.5,none,True,True
132475,1.0,0.0,0.5,none,True,True
132476,1.0,0.0,0.5,none,True,True
132477,1.0,0.0,0.5,none,True,True
132478,1.0,0.0,0.5,none,True,True
132479,1.0,0.0,0.5,none,True,True
132480,1.0,0.0,0.5,none,True,True
132481,1.0,0.0,0.5,none,True,True
132482,1.0,0.0,0.5,none,True,True
132483,1.0,0.0,0.5,none,True,True
132484,1.0,0.0,0.5,none,True,True
132485,1.0,0.0,0.5,none,True,True
132486,1.0,0.0,0.5,none,True,True
132487,1.0,0.0,0.5,none,True,True
132488,1.0,0.0,0.5,none,True,True
132489,1.0,0.0,0.5,none,True,True
132490,1.0,0.0,0.5,none,True,True
132491,1.0,0.0,0.5,none,True,True
132492,1.0,0.0,0.5,none,True,True
132493,1.0,0.0,0.5,none,True,True
132494,1.0,0.0,0.5,none,True,True
132495,1.0,0.0,0.5,none,True,True
132496,1.0,0.0,0.5,none,True,True
132497,1.0,0.0,0.5,none,True,True
132498,1.0,0.0,0.5,none,True,True
132499,1.0,0.0,0.5,none,True,True
132500,1.0,0.0,0.5,none,True,True
132501,1.0,0.0,0.5,none,True,True
132502,1.0,0.0,0.5,none,True,True
132503,1.0,0.0,0.5,none,True,True
132504,1.0,0.0,0.5,none,True,True
132505,1.0,0.0,0.5,none,True,True
132506,1.0,0.0,0.5,none,True,True
132507,1.0,0.0,0.5,none,True,True
132508,1.0,0.0,0.5,none,True,True
132509,1.0,0.0,0.5,none,True,True
132510,1.0,0.0,0.5,none,True,True
132511,1.0,0.0,0.5,none,True,True
132512,1.0,0.0,0.5,none,True,True
132513,1.0,0.0,0.5,none,True,True
132514,1.0,0.0,0.5,none,True,True
132515,1.0,0.0,0.5,none,True,True
132516,1.0,0.0,0.5,none,True,True
132517,1.0,0.0,0.5,none,True,True
132518,1.0,0.0,0.5,none,True,True
132519,1.0,0.0,0.5,none,True,True
132520,1.0,0.0,0.5,none,True,True
132521,1.0,0.0,0.5,none,True,True
132522,1.0,0.0,0.5,none,True,True
132523,1.0,0.0,0.5,none,True,True
132524,1.0,0.0,0.5,none,True,True
132525,1.0,0.0,0.5,none,True,True
132526,1.0,0.0,0.5,none,True,True
132527,1.0,0.0,0.5,none,True,True
132528,1.0,0.0,0.5,none,True,True
132529,1.0,0.0,0.5,none,True,True
132530,1.0,0.0,0.5,none,True,True
132531,1.0,0.0,0.5,none,True,True
132532,1.0,0.0,0.5,none,True,True
132533,1.0,0.0,0.5,none,True,True
132534,1.0,0.0,0.5,none,True,True
132535,1.0,0.0,0.5,none,True,True
132536,1.0,0.0,0.5,none,True,True
132537,1.0,0.0,0.5,none,True,True
132538,1.0,0.0,0.5,none,True,True
132539,1.0,0.0,0.5,none,True,True
132540,1.0,0.0,0.5,none,True,True
132541,1.0,0.0,0.5,none,True,True
132542,1.0,0.0,0.5,none,True,True
132543,1.0,0.0,0.5,none,True,True
132544,1.0,0.0,0.5,none,True,True
132545,1.0,0.0,0.5,none,True,True
132546,1.0,0.0,0.5,none,True,True
132547,1.0,0.0,0.5,none,True,True
132548,1.0,0.0,0.5,none,True,True
132549,1.0,0.0,0.5,none,True,True
132550,1.0,0.0,0.5,none,True,True
132551,1.0,0.0,0.5,none,True,True
132552,1.0,0.0,0.5,none,True,True
132553,1.0,0.0,0.5,none,True,True
132554,1.0,0.0,0.5,none,True,True
132555,1.0,0.0,0.5,none,True,True
132556,1.0,0.0,0.5,none,True,True
132557,1.0,0.0,0.5,none,True,True
132558,1.0,0.0,0.5,none,True,True
132559,1.0,0.0,0.5,none,True,True
132560,1.0,0.0,0.5,none,True,True
132561,1.0,0.0,0.5,none,True,True
132562,1.0,0.0,0.5,none,True,True
132563,1.0,0.0,0.5,none,True,True
132564,1.0,0.0,0.5,none,True,True
132565,1.0,0.0,0.5,none,True,True
132566,1.0,0.0,0.5,none,True,True
132567,1.0,0.0,0.5,none,True,True
132568,1.0,0.0,0.5,none,True,True
132569,1.0,0.0,0.5,none,True,True
132570,1.0,0.0,0.5,none,True,True
132571,1.0,0.0,0.5,none,True,True
132572,1.0,0.0,0.5,none,True,True
132573,1.0,0.0,0.5,none,True,True
132574,1.0,0.0,0.5,none,True,True
132575,1.0,0.0,0.5,none,True,True
132576,1.0,0.0,0.5,none,True,True
132577,1.0,0.0,0.5,none,True,True
132578,1.0,0.0,0.5,none,True,True
132579,1.0,0.0,0.5,none,True,True
132580,1.0,0.0,0.5,none,True,True
132581,1.0,0.0,0.5,none,True,True
132582,1.0,0.0,0.5,none,True,True
132583,1.0,0.0,0.5,none,True,True
132584,1.0,0.0,0.5,none,True,True
132585,1.0,0.0,0.5,none,True,True
132586,1.0,0.0,0.5,none,True,True
132587,1.0,0.0,0.5,none,True,True
132588,1.0,0.0,0.5,none,True,True
132589,1.0,0.0,0.5,none,True,True
132590,1.0,0.0,0.5,none,True,True
132591,1.0,0.0,0.5,none,True,True
132592,1.0,0.0,0.5,none,True,True
132593,1.0,0.0,0.5,none,True,True
132594,1.0,0.0,0.5,none,True,True
132595,1.0,0.0,0.5,none,True,True
132596,1.0,0.0,0.5,none,True,True
132597,1.0,0.0,0.5,none,True,True
132598,1.0,0.0,0.5,none,True,True
132599,1.0,0.0,0.5,none,True,True
132600,1.0,0.0,0.5,none,True,True
132601,1.0,0.0,0.5,none,True,True
132602,1.0,0.0,0.5,none,True,True
132603,1.0,0.0,0.5,none,True,True
132604,1.0,0.0,0.5,none,True,True
132605,1.0,0.0,0.5,none,True,True
132606,1.0,0.0,0.5,none,True,True
132607,1.0,0.0,0.5,none,True,True
132608,1.0,0.0,0.5,none,True,True
132609,1.0,0.0,0.5,none,True,True
132610,1.0,0.0,0.5,none,True,True
132611,1.0,0.0,0.5,none,True,True
132612,1.0,0.0,0.5,none,True,True
132613,1.0,0.0,0.5,none,True,True
132614,1.0,0.0,0.5,none,True,True
132615,1.0,0.0,0.5,none,True,True
132616,1.0,0.0,0.5,none,True,True
132617,1.0,0.0,0.5,none,True,True
132618,1.0,0.0,0.5,none,True,True
132619,1.0,0.0,0.5,none,True,True
132620,1.0,0.0,0.5,none,True,True
132621,1.0,0.0,0.5,none,True,True
132622,1.0,0.0,0.5,none,True,True
132623,1.0,0.0,0.5,none,True,True
132624,1.0,0.0,0.5,none,True,True
132625,1.0,0.0,0.5,none,True,True
132626,1.0,0.0,0.5,none,True,True
132627,1.0,0.0,0.5,none,True,True
132628,1.0,0.0,0.5,none,True,True
132629,1.0,0.0,0.5,none,True,True
132630,1.0,0.0,0.5,none,True,True
132631,1.0,0.0,0.5,none,True,True
132632,1.0,0.0,0.5,none,True,True
132633,1.0,0.0,0.5,none,True,True
132634,1.0,0.0,0.5,none,True,True
132635,1.0,0.0,0.5,none,True,True
132636,1.0,0.0,0.5,none,True,True
132637,1.0,0.0,0.5,none,True,True
132638,1.0,0.0,0.5,none,True,True
132639,1.0,0.0,0.5,none,True,True
132640,1.0,0.0,0.5,none,True,True
132641,1.0,0.0,0.5,none,True,True
132642,1.0,0.0,0.5,none,True,True
132643,1.0,0.0,0.5,none,True,True
132644,1.0,0.0,0.5,none,True,True
132645,1.0,0.0,0.5,none,True,True
132646,1.0,0.0,0.5,none,True,True
132647,1.0,0.0,0.5,none,True,True
132648,1.0,0.0,0.5,none,True,True
132649,1.0,0.0,0.5,none,True,True
132650,1.0,0.0,0.5,none,True,True
132651,1.0,0.0,0.5,none,True,True
132652,1.0,0.0,0.5,none,True,True
132653,1.0,0.0,0.5,none,True,True
132654,1.0,0.0,0.5,none,True,True
132655,1.0,0.0,0.5,none,True,True
132656,1.0,0.0,0.5,none,True,True
132657,1.0,0.0,0.5,none,True,True
132658,1.0,0.0,0.5,none,True,True
132659,1.0,0.0,0.5,none,True,True
132660,1.0,0.0,0.5,none,True,True
132661,1.0,0.0,0.5,none,True,True
132662,1.0,0.0,0.5,none,True,True
132663,1.0,0.0,0.5,none,True,True
132664,1.0,0.0,0.5,none,True,True
132665,1.0,0.0,0.5,none,True,True
132666,1.0,0.0,0.5,none,True,True
132667,1.0,0.0,0.5,none,True,True
132668,1.0,0.0,0.5,none,True,True
132669,1.0,0.0,0.5,none,True,True
132670,1.0,0.0,0.5,none,True,True
132671,1.0,0.0,0.5,none,True,True
132672,1.0,0.0,0.5,none,True,True
132673,1.0,0.0,0.5,none,True,True
132674,1.0,0.0,0.5,none,True,True
132675,1.0,0.0,0.5,none,True,True
132676,1.0,0.0,0.5,none,True,True
132677,1.0,0.0,0.5,none,True,True
132678,1.0,0.0,0.5,none,True,True
132679,1.0,0.0,0.5,none,True,True
132680,1.0,0.0,0.5,none,True,True
132681,1.0,0.0,0.5,none,True,True
132682,1.0,0.0,0.5,none,True,True
132683,1.0,0.0,0.5,none,True,True
132684,1.0,0.0,0.5,none,True,True
132685,1.0,0.0,0.5,none,True,True
132686,1.0,0.0,0.5,none,True,True
132687,1.0,0.0,0.5,none,True,True
132688,1.0,0.0,0.5,none,True,True
132689,1.0,0.0,0.5,none,True,True
132690,1.0,0.0,0.5,none,True,True
132691,1.0,0.0,0.5,none,True,True
132692,1.0,0.0,0.5,none,True,True
132693,1.0,0.0,0.5,none,True,True
132694,1.0,0.0,0.5,none,True,True
132695,1.0,0.0,0.5,none,True,True
132696,1.0,0.0,0.5,none,True,True
132697,1.0,0.0,0.5,none,True,True
132698,1.0,0.0,0.5,none,True,True
132699,1.0,0.0,0.5,none,True,True
132700,1.0,0.0,0.5,none,True,True
132701,1.0,0.0,0.5,none,True,True
132702,1.0,0.0,0.5,none,True,True
132703,1.0,0.0,0.5,none,True,True
132704,1.0,0.0,0.5,none,True,True
132705,1.0,0.0,0.5,none,True,True
132706,1.0,0.0,0.5,none,True,True
132707,1.0,0.0,0.5,none,True,True
132708,1.0,0.0,0.5,none,True,True
132709,1.0,0.0,0.5,none,True,True
132710,1.0,0.0,0.5,none,True,True
132711,1.0,0.0,0.5,none,True,True
132712,1.0,0.0,0.5,none,True,True
132713,1.0,0.0,0.5,none,True,True
132714,1.0,0.0,0.5,none,True,True
132715,1.0,0.0,0.5,none,True,True
132716,1.0,0.0,0.5,none,True,True
132717,1.0,0.0,0.5,none,True,True
132718,1.0,0.0,0.5,none,True,True
132719,1.0,0.0,0.5,none,True,True
132720,1.0,0.0,0.5,none,True,True
132721,1.0,0.0,0.5,none,True,True
132722,1.0,0.0,0.5,none,True,True
132723,1.0,0.0,0.5,none,True,True
132724,1.0,0.0,0.5,none,True,True
132725,1.0,0.0,0.5,none,True,True
132726,1.0,0.0,0.5,none,True,True
132727,1.0,0.0,0.5,none,True,True
132728,1.0,0.0,0.5,none,True,True
132729,1.0,0.0,0.5,none,True,True
132730,1.0,0.0,0.5,none,True,True
132731,1.0,0.0,0.5,none,True,True
132732,1.0,0.0,0.5,none,True,True
132733,1.0,0.0,0.5,none,True,True
132734,1.0,0.0,0.5,none,True,True
132735,1.0,0.0,0.5,none,True,True
132736,1.0,0.0,0.5,none,True,True
132737,1.0,0.0,0.5,none,True,True
132738,1.0,0.0,0.5,none,True,True
132739,1.0,0.0,0.5,none,True,True
132740,1.0,0.0,0.5,none,True,True
132741,1.0,0.0,0.5,none,True,True
132742,1.0,0.0,0.5,none,True,True
132743,1.0,0.0,0.5,none,True,True
132744,1.0,0.0,0.5,none,True,True
132745,1.0,0.0,0.5,none,True,True
132746,1.0,0.0,0.5,none,True,True
132747,1.0,0.0,0.5,none,True,True
132748,1.0,0.0,0.5,none,True,True
132749,1.0,0.0,0.5,none,True,True
132750,1.0,0.0,0.5,none,True,True
132751,1.0,0.0,0.5,none,True,True
132752,1.0,0.0,0.5,none,True,True
132753,1.0,0.0,0.5,none,True,True
132754,1.0,0.0,0.5,none,True,True
132755,1.0,0.0,0.5,none,True,True
132756,1.0,0.0,0.5,none,True,True
132757,1.0,0.0,0.5,none,True,True
132758,1.0,0.0,0.5,none,True,True
132759,1.0,0.0,0.5,none,True,True
132760,1.0,0.0,0.5,none,True,True
132761,1.0,0.0,0.5,none,True,True
132762,1.0,0.0,0.5,none,True,True
132763,1.0,0.0,0.5,none,True,True
132764,1.0,0.0,0.5,none,True,True
132765,1.0,0.0,0.5,none,True,True
132766,1.0,0.0,0.5,none,True,True
132767,1.0,0.0,0.5,none,True,True
132768,1.0,0.0,0.5,none,True,True
132769,1.0,0.0,0.5,none,True,True
132770,1.0,0.0,0.5,none,True,True
132771,1.0,0.0,0.5,none,True,True
132772,1.0,0.0,0.5,none,True,True
132773,1.0,0.0,0.5,none,True,True
132774,1.0,0.0,0.5,none,True,True
132775,1.0,0.0,0.5,none,True,True
132776,1.0,0.0,0.5,none,True,True
132777,1.0,0.0,0.5,none,True,True
132778,1.0,0.0,0.5,none,True,True
132779,1.0,0.0,0.5,none,True,True
132780,1.0,0.0,0.5,none,True,True
132781,1.0,0.0,0.5,none,True,True
132782,1.0,0.0,0.5,none,True,True
132783,1.0,0.0,0.5,none,True,True
132784,1.0,0.0,0.5,none,True,True
132785,1.0,0.0,0.5,none,True,True
132786,1.0,0.0,0.5,none,True,True
132787,1.0,0.0,0.5,none,True,True
132788,1.0,0.0,0.5,none,True,True
132789,1.0,0.0,0.5,none,True,True
132790,1.0,0.0,0.5,none,True,True
132791,1.0,0.0,0.5,none,True,True
132792,1.0,0.0,0.5,none,True,True
132793,1.0,0.0,0.5,none,True,True
132794,1.0,0.0,0.5,none,True,True
132795,1.0,0.0,0.5,none,True,True
132796,1.0,0.0,0.5,none,True,True
132797,1.0,0.0,0.5,none,True,True
132798,1.0,0.0,0.5,none,True,True
132799,1.0,0.0,0.5,none,True,True
132800,1.0,0.0,0.5,none,True,True
132801,1.0,0.0,0.5,none,True,True
132802,1.0,0.0,0.5,none,True,True
132803,1.0,0.0,0.5,none,True,True
132804,1.0,0.0,0.5,none,True,True
132805,1.0,0.0,0.5,none,True,True
132806,1.0,0.0,0.5,none,True,True
132807,1.0,0.0,0.5,none,True,True
132808,1.0,0.0,0.5,none,True,True
132809,1.0,0.0,0.5,none,True,True
132810,1.0,0.0,0.5,none,True,True
132811,1.0,0.0,0.5,none,True,True
132812,1.0,0.0,0.5,none,True,True
132813,1.0,0.0,0.5,none,True,True
132814,1.0,0.0,0.5,none,True,True
132815,1.0,0.0,0.5,none,True,True
132816,1.0,0.0,0.5,none,True,True
132817,1.0,0.0,0.5,none,True,True
132818,1.0,0.0,0.5,none,True,True
132819,1.0,0.0,0.5,none,True,True
132820,1.0,0.0,0.5,none,True,True
132821,1.0,0.0,0.5,none,True,True
132822,1.0,0.0,0.5,none,True,True
132823,1.0,0.0,0.5,none,True,True
132824,1.0,0.0,0.5,none,True,True
132825,1.0,0.0,0.5,none,True,True
132826,1.0,0.0,0.5,none,True,True
132827,1.0,0.0,0.5,none,True,True
132828,1.0,0.0,0.5,none,True,True
132829,1.0,0.0,0.5,none,True,True
132830,1.0,0.0,0.5,none,True,True
132831,1.0,0.0,0.5,none,True,True
132832,1.0,0.0,0.5,none,True,True
132833,1.0,0.0,0.5,none,True,True
132834,1.0,0.0,0.5,none,True,True
132835,1.0,0.0,0.5,none,True,True
132836,1.0,0.0,0.5,none,True,True
132837,1.0,0.0,0.5,none,True,True
132838,1.0,0.0,0.5,none,True,True
132839,1.0,0.0,0.5,none,True,True
132840,1.0,0.0,0.5,none,True,True
132841,1.0,0.0,0.5,none,True,True
132842,1.0,0.0,0.5,none,True,True
132843,1.0,0.0,0.5,none,True,True
132844,1.0,0.0,0.5,none,True,True
132845,1.0,0.0,0.5,none,True,True
132846,1.0,0.0,0.5,none,True,True
132847,1.0,0.0,0.5,none,True,True
132848,1.0,0.0,0.5,none,True,True
132849,1.0,0.0,0.5,none,True,True
132850,1.0,0.0,0.5,none,True,True
132851,1.0,0.0,0.5,none,True,True
132852,1.0,0.0,0.5,none,True,True
132853,1.0,0.0,0.5,none,True,True
132854,1.0,0.0,0.5,none,True,True
132855,1.0,0.0,0.5,none,True,True
132856,1.0,0.0,0.5,none,True,True
132857,1.0,0.0,0.5,none,True,True
132858,1.0,0.0,0.5,none,True,True
132859,1.0,0.0,0.5,none,True,True
132860,1.0,0.0,0.5,none,True,True
132861,1.0,0.0,0.5,none,True,True
132862,1.0,0.0,0.5,none,True,True
132863,1.0,0.0,0.5,none,True,True
132864,1.0,0.0,0.5,none,True,True
132865,1.0,0.0,0.5,none,True,True
132866,1.0,0.0,0.5,none,True,True
132867,1.0,0.0,0.5,none,True,True
132868,1.0,0.0,0.5,none,True,True
132869,1.0,0.0,0.5,none,True,True
132870,1.0,0.0,0.5,none,True,True
132871,1.0,0.0,0.5,none,True,True
132872,1.0,0.0,0.5,none,True,True
132873,1.0,0.0,0.5,none,True,True
132874,1.0,0.0,0.5,none,True,True
132875,1.0,0.0,0.5,none,True,True
132876,1.0,0.0,0.5,none,True,True
132877,1.0,0.0,0.5,none,True,True
132878,1.0,0.0,0.5,none,True,True
132879,1.0,0.0,0.5,none,True,True
132880,1.0,0.0,0.5,none,True,True
132881,1.0,0.0,0.5,none,True,True
132882,1.0,0.0,0.5,none,True,True
132883,1.0,0.0,0.5,none,True,True
132884,1.0,0.0,0.5,none,True,True
132885,1.0,0.0,0.5,none,True,True
132886,1.0,0.0,0.5,none,True,True
132887,1.0,0.0,0.5,none,True,True
132888,1.0,0.0,0.5,none,True,True
132889,1.0,0.0,0.5,none,True,True
132890,1.0,0.0,0.5,none,True,True
132891,1.0,0.0,0.5,none,True,True
132892,1.0,0.0,0.5,none,True,True
132893,1.0,0.0,0.5,none,True,True
132894,1.0,0.0,0.5,none,True,True
132895,1.0,0.0,0.5,none,True,True
132896,1.0,0.0,0.5,none,True,True
132897,1.0,0.0,0.5,none,True,True
132898,1.0,0.0,0.5,none,True,True
132899,1.0,0.0,0.5,none,True,True
132900,1.0,0.0,0.5,none,True,True
132901,1.0,0.0,0.5,none,True,True
132902,1.0,0.0,0.5,none,True,True
132903,1.0,0.0,0.5,none,True,True
132904,1.0,0.0,0.5,none,True,True
132905,1.0,0.0,0.5,none,True,True
132906,1.0,0.0,0.5,none,True,True
132907,1.0,0.0,0.5,none,True,True
132908,1.0,0.0,0.5,none,True,True
132909,1.0,0.0,0.5,none,True,True
132910,1.0,0.0,0.5,none,True,True
132911,1.0,0.0,0.5,none,True,True
132912,1.0,0.0,0.5,none,True,True
132913,1.0,0.0,0.5,none,True,True
132914,1.0,0.0,0.5,none,True,True
132915,1.0,0.0,0.5,none,True,True
132916,1.0,0.0,0.5,none,True,True
132917,1.0,0.0,0.5,none,True,True
132918,1.0,0.0,0.5,none,True,True
132919,1.0,0.0,0.5,none,True,True
132920,1.0,0.0,0.5,none,True,True
132921,1.0,0.0,0.5,none,True,True
132922,1.0,0.0,0.5,none,True,True
132923,1.0,0.0,0.5,none,True,True
132924,1.0,0.0,0.5,none,True,True
132925,1.0,0.0,0.5,none,True,True
132926,1.0,0.0,0.5,none,True,True
132927,1.0,0.0,0.5,none,True,True
132928,1.0,0.0,0.5,none,True,True
132929,1.0,0.0,0.5,none,True,True
132930,1.0,0.0,0.5,none,True,True
132931,1.0,0.0,0.5,none,True,True
132932,1.0,0.0,0.5,none,True,True
132933,1.0,0.0,0.5,none,True,True
132934,1.0,0.0,0.5,none,True,True
132935,1.0,0.0,0.5,none,True,True
132936,1.0,0.0,0.5,none,True,True
132937,1.0,0.0,0.5,none,True,True
132938,1.0,0.0,0.5,none,True,True
132939,1.0,0.0,0.5,none,True,True
132940,1.0,0.0,0.5,none,True,True
132941,1.0,0.0,0.5,none,True,True
132942,1.0,0.0,0.5,none,True,True
132943,1.0,0.0,0.5,none,True,True
132944,1.0,0.0,0.5,none,True,True
132945,1.0,0.0,0.5,none,True,True
132946,1.0,0.0,0.5,none,True,True
132947,1.0,0.0,0.5,none,True,True
132948,1.0,0.0,0.5,none,True,True
132949,1.0,0.0,0.5,none,True,True
132950,1.0,0.0,0.5,none,True,True
132951,1.0,0.0,0.5,none,True,True
132952,1.0,0.0,0.5,none,True,True
132953,1.0,0.0,0.5,none,True,True
132954,1.0,0.0,0.5,none,True,True
132955,1.0,0.0,0.5,none,True,True
132956,1.0,0.0,0.5,none,True,True
132957,1.0,0.0,0.5,none,True,True
132958,1.0,0.0,0.5,none,True,True
132959,1.0,0.0,0.5,none,True,True
132960,1.0,0.0,0.5,none,True,True
132961,1.0,0.0,0.5,none,True,True
132962,1.0,0.0,0.5,none,True,True
132963,1.0,0.0,0.5,none,True,True
132964,1.0,0.0,0.5,none,True,True
132965,1.0,0.0,0.5,none,True,True
132966,1.0,0.0,0.5,none,True,True
132967,1.0,0.0,0.5,none,True,True
132968,1.0,0.0,0.5,none,True,True
132969,1.0,0.0,0.5,none,True,True
132970,1.0,0.0,0.5,none,True,True
132971,1.0,0.0,0.5,none,True,True
132972,1.0,0.0,0.5,none,True,True
132973,1.0,0.0,0.5,none,True,True
132974,1.0,0.0,0.5,none,True,True
132975,1.0,0.0,0.5,none,True,True
132976,1.0,0.0,0.5,none,True,True
132977,1.0,0.0,0.5,none,True,True
132978,1.0,0.0,0.5,none,True,True
132979,1.0,0.0,0.5,none,True,True
132980,1.0,0.0,0.5,none,True,True
132981,1.0,0.0,0.5,none,True,True
132982,1.0,0.0,0.5,none,True,True
132983,1.0,0.0,0.5,none,True,True
132984,1.0,0.0,0.5,none,True,True
132985,1.0,0.0,0.5,none,True,True
132986,1.0,0.0,0.5,none,True,True
132987,1.0,0.0,0.5,none,True,True
132988,1.0,0.0,0.5,none,True,True
132989,1.0,0.0,0.5,none,True,True
132990,1.0,0.0,0.5,none,True,True
132991,1.0,0.0,0.5,none,True,True
132992,1.0,0.0,0.5,none,True,True
132993,1.0,0.0,0.5,none,True,True
132994,1.0,0.0,0.5,none,True,True
132995,1.0,0.0,0.5,none,True,True
132996,1.0,0.0,0.5,none,True,True
132997,1.0,0.0,0.5,none,True,True
132998,1.0,0.0,0.5,none,True,True
132999,1.0,0.0,0.5,none,True,True
133000,1.0,0.0061,0.5,none,True,True
133001,1.0,0.0357,0.5,none,True,True
133002,1.0,0.0812,0.5,none,True,True
133003,1.0,0.1113,0.5,none,True,True
133004,1.0,0.1253,0.5,none,True,True
133005,1.0,0.1408,0.5,none,True,True
133006,1.0,0.0907,0.5,none,True,True
133007,1.0,0.1198,0.5,none,True,True
133008,1.0,0.0467,0.5,none,True,True
133009,1.0,0.0522,0.5,none,True,True
133010,1.0,0.0405,0.5,none,True,True
133011,1.0,0.0313,0.5,none,True,True
133012,1.0,0.0083,0.5,none,True,True
133013,1.0,0.0726,0.5,none,True,True
133014,1.0,0.0793,0.5,none,True,True
133015,1.0,0.0581,0.5,none,True,True
133016,1.0,0.0955,0.5,none,True,True
133017,1.0,0.0839,0.5,none,True,True
133018,1.0,0.0648,0.5,none,True,True
133019,1.0,0.0718,0.5,none,True,True
133020,1.0,0.0589,0.5,none,True,True
133021,1.0,0.0403,0.5,none,True,True
133022,1.0,0.0327,0.5,none,True,True
133023,1.0,0.0277,0.5,none,True,True
133024,1.0,0.017,0.5,none,True,True
133025,1.0,0.0102,0.5,none,True,True
133026,1.0,0.0099,0.5,none,True,True
133027,1.0,0.008,0.5,none,True,True
133028,1.0,0.005,0.5,none,True,True
133029,1.0,0.0063,0.5,none,True,True
133030,1.0,0.009,0.5,none,True,True
133031,1.0,0.0096,0.5,none,True,True
133032,1.0,0.0108,0.5,none,True,True
133033,1.0,0.014,0.5,none,True,True
133034,1.0,0.0161,0.5,none,True,True
133035,1.0,0.0167,0.5,none,True,True
133036,1.0,0.0182,0.5,none,True,True
133037,1.0,0.0196,0.5,none,True,True
133038,1.0,0.0197,0.5,none,True,True
133039,1.0,0.0193,0.5,none,True,True
133040,1.0,0.0193,0.5,none,True,True
133041,1.0,0.0187,0.5,none,True,True
133042,1.0,0.0174,0.5,none,True,True
133043,1.0,0.0163,0.5,none,True,True
133044,1.0,0.0152,0.5,none,True,True
133045,1.0,0.0138,0.5,none,True,True
133046,1.0,0.0123,0.5,none,True,True
133047,1.0,0.0111,0.5,none,True,True
133048,1.0,0.01,0.5,none,True,True
133049,1.0,0.0088,0.5,none,True,True
133050,1.0,0.0078,0.5,none,True,True
133051,1.0,0.0071,0.5,none,True,True
133052,1.0,0.0064,0.5,none,True,True
133053,1.0,0.0057,0.5,none,True,True
133054,1.0,0.0053,0.5,none,True,True
133055,1.0,0.005,0.5,none,True,True
133056,1.0,0.0047,0.5,none,True,True
133057,1.0,0.0045,0.5,none,True,True
133058,1.0,0.0044,0.5,none,True,True
133059,1.0,0.0043,0.5,none,True,True
133060,1.0,0.0042,0.5,none,True,True
133061,1.0,0.0041,0.5,none,True,True
133062,1.0,0.004,0.5,none,True,True
133063,1.0,0.0039,0.5,none,True,True
133064,1.0,0.0038,0.5,none,True,True
133065,1.0,0.0037,0.5,none,True,True
133066,1.0,0.0035,0.5,none,True,True
133067,1.0,0.0033,0.5,none,True,True
133068,1.0,0.0032,0.5,none,True,True
133069,1.0,0.003,0.5,none,True,True
133070,1.0,0.0028,0.5,none,True,True
133071,1.0,0.0026,0.5,none,True,True
133072,1.0,0.0024,0.5,none,True,True
133073,1.0,0.0023,0.5,none,True,True
133074,1.0,0.0021,0.5,none,True,True
133075,1.0,0.0019,0.5,none,True,True
133076,1.0,0.0018,0.5,none,True,True
133077,1.0,0.0017,0.5,none,True,True
133078,1.0,0.0015,0.5,none,True,True
133079,1.0,0.0014,0.5,none,True,True
133080,1.0,0.0013,0.5,none,True,True
133081,1.0,0.0013,0.5,none,True,True
133082,1.0,0.0012,0.5,none,True,True
133083,1.0,0.0011,0.5,none,True,True
133084,1.0,0.0011,0.5,none,True,True
133085,1.0,0.001,0.5,none,True,True
133086,1.0,0.001,0.5,none,True,True
133087,1.0,0.0009,0.5,none,True,True
133088,1.0,0.0009,0.5,none,True,True
133089,1.0,0.0008,0.5,none,True,True
133090,1.0,0.0008,0.5,none,True,True
133091,1.0,0.0008,0.5,none,True,True
133092,1.0,0.0007,0.5,none,True,True
133093,1.0,0.0007,0.5,none,True,True
133094,1.0,0.0006,0.5,none,True,True
133095,1.0,0.0006,0.5,none,True,True
133096,1.0,0.0006,0.5,none,True,True
133097,1.0,0.0005,0.5,none,True,True
133098,1.0,0.0005,0.5,none,True,True
133099,1.0,0.0005,0.5,none,True,True
133100,1.0,0.0004,0.5,none,True,True
133101,1.0,0.0004,0.5,none,True,True
133102,1.0,0.0004,0.5,none,True,True
133103,1.0,0.0004,0.5,none,True,True
133104,1.0,0.0003,0.5,none,True,True
133105,1.0,0.0003,0.5,none,True,True
133106,1.0,0.0003,0.5,none,True,True
133107,1.0,0.0003,0.5,none,True,True
133108,1.0,0.0003,0.5,none,True,True
133109,1.0,0.0003,0.5,none,True,True
133110,1.0,0.0002,0.5,none,True,True
133111,1.0,0.0002,0.5,none,True,True
133112,1.0,0.0002,0.5,none,True,True
133113,1.0,0.0002,0.5,none,True,True
133114,1.0,0.0002,0.5,none,True,True
133115,1.0,0.0002,0.5,none,True,True
133116,1.0,0.0002,0.5,none,True,True
133117,1.0,0.0002,0.5,none,True,True
133118,1.0,0.0002,0.5,none,True,True
133119,1.0,0.0001,0.5,none,True,True
133120,1.0,0.0001,0.5,none,True,True
133121,1.0,0.0001,0.5,none,True,True
133122,1.0,0.0001,0.5,none,True,True
133123,1.0,0.0001,0.5,none,True,True
133124,1.0,0.0001,0.5,none,True,True
133125,1.0,0.0001,0.5,none,True,True
133126,1.0,0.0001,0.5,none,True,True
133127,1.0,0.0001,0.5,none,True,True
133128,1.0,0.0001,0.5,none,True,True
133129,1.0,0.0001,0.5,none,True,True
133130,1.0,0.0001,0.5,none,True,True
133131,1.0,0.0001,0.5,none,True,True
133132,1.0,0.0001,0.5,none,True,True
133133,1.0,0.0001,0.5,none,True,True
133134,1.0,0.0001,0.5,none,True,True
133135,1.0,0.0001,0.5,none,True,True
133136,1.0,0.0001,0.5,none,True,True
133137,1.0,0.0,0.5,none,True,True
133138,1.0,0.0,0.5,none,True,True
133139,1.0,0.0,0.5,none,True,True
133140,1.0,0.0,0.5,none,True,True
133141,1.0,0.0,0.5,none,True,True
133142,1.0,0.0,0.5,none,True,True
133143,1.0,0.0,0.5,none,True,True
133144,1.0,0.0,0.5,none,True,True
133145,1.0,0.0,0.5,none,True,True
133146,1.0,0.0,0.5,none,True,True
133147,1.0,0.0,0.5,none,True,True
133148,1.0,0.0,0.5,none,True,True
133149,1.0,0.0,0.5,none,True,True
133150,1.0,0.0,0.5,none,True,True
133151,1.0,0.0,0.5,none,True,True
133152,1.0,0.0,0.5,none,True,True
133153,1.0,0.0,0.5,none,True,True
133154,1.0,0.0,0.5,none,True,True
133155,1.0,0.0,0.5,none,True,True
133156,1.0,0.0,0.5,none,True,True
133157,1.0,0.0,0.5,none,True,True
133158,1.0,0.0,0.5,none,True,True
133159,1.0,0.0,0.5,none,True,True
133160,1.0,0.0,0.5,none,True,True
133161,1.0,0.0,0.5,none,True,True
133162,1.0,0.0,0.5,none,True,True
133163,1.0,0.0,0.5,none,True,True
133164,1.0,0.0,0.5,none,True,True
133165,1.0,0.0,0.5,none,True,True
133166,1.0,0.0,0.5,none,True,True
133167,1.0,0.0,0.5,none,True,True
133168,1.0,0.0,0.5,none,True,True
133169,1.0,0.0,0.5,none,True,True
133170,1.0,0.0,0.5,none,True,True
133171,1.0,0.0,0.5,none,True,True
133172,1.0,0.0,0.5,none,True,True
133173,1.0,0.0,0.5,none,True,True
133174,1.0,0.0,0.5,none,True,True
133175,1.0,0.0,0.5,none,True,True
133176,1.0,0.0,0.5,none,True,True
133177,1.0,0.0,0.5,none,True,True
133178,1.0,0.0,0.5,none,True,True
133179,1.0,0.0,0.5,none,True,True
133180,1.0,0.0,0.5,none,True,True
133181,1.0,0.0,0.5,none,True,True
133182,1.0,0.0,0.5,none,True,True
133183,1.0,0.0,0.5,none,True,True
133184,1.0,0.0,0.5,none,True,True
133185,1.0,0.0,0.5,none,True,True
133186,1.0,0.0,0.5,none,True,True
133187,1.0,0.0,0.5,none,True,True
133188,1.0,0.0,0.5,none,True,True
133189,1.0,0.0,0.5,none,True,True
133190,1.0,0.0,0.5,none,True,True
133191,1.0,0.0,0.5,none,True,True
133192,1.0,0.0,0.5,none,True,True
133193,1.0,0.0,0.5,none,True,True
133194,1.0,0.0,0.5,none,True,True
133195,1.0,0.0,0.5,none,True,True
133196,1.0,0.0,0.5,none,True,True
133197,1.0,0.0,0.5,none,True,True
133198,1.0,0.0,0.5,none,True,True
133199,1.0,0.0,0.5,none,True,True
133200,1.0,0.0,0.5,none,True,True
133201,1.0,0.0,0.5,none,True,True
133202,1.0,0.0,0.5,none,True,True
133203,1.0,0.0,0.5,none,True,True
133204,1.0,0.0,0.5,none,True,True
133205,1.0,0.0,0.5,none,True,True
133206,1.0,0.0,0.5,none,True,True
133207,1.0,0.0,0.5,none,True,True
133208,1.0,0.0,0.5,none,True,True
133209,1.0,0.0,0.5,none,True,True
133210,1.0,0.0,0.5,none,True,True
133211,1.0,0.0,0.5,none,True,True
133212,1.0,0.0,0.5,none,True,True
133213,1.0,0.0,0.5,none,True,True
133214,1.0,0.0,0.5,none,True,True
133215,1.0,0.0,0.5,none,True,True
133216,1.0,0.0,0.5,none,True,True
133217,1.0,0.0,0.5,none,True,True
133218,1.0,0.0,0.5,none,True,True
133219,1.0,0.0,0.5,none,True,True
133220,1.0,0.0,0.5,none,True,True
133221,1.0,0.0,0.5,none,True,True
133222,1.0,0.0,0.5,none,True,True
133223,1.0,0.0,0.5,none,True,True
133224,1.0,0.0,0.5,none,True,True
133225,1.0,0.0,0.5,none,True,True
133226,1.0,0.0,0.5,none,True,True
133227,1.0,0.0,0.5,none,True,True
133228,1.0,0.0,0.5,none,True,True
133229,1.0,0.0,0.5,none,True,True
133230,1.0,0.0,0.5,none,True,True
133231,1.0,0.0,0.5,none,True,True
133232,1.0,0.0,0.5,none,True,True
133233,1.0,0.0,0.5,none,True,True
133234,1.0,0.0,0.5,none,True,True
133235,1.0,0.0,0.5,none,True,True
133236,1.0,0.0,0.5,none,True,True
133237,1.0,0.0,0.5,none,True,True
133238,1.0,0.0,0.5,none,True,True
133239,1.0,0.0,0.5,none,True,True
133240,1.0,0.0,0.5,none,True,True
133241,1.0,0.0,0.5,none,True,True
133242,1.0,0.0,0.5,none,True,True
133243,1.0,0.0,0.5,none,True,True
133244,1.0,0.0,0.5,none,True,True
133245,1.0,0.0,0.5,none,True,True
133246,1.0,0.0,0.5,none,True,True
133247,1.0,0.0,0.5,none,True,True
133248,1.0,0.0,0.5,none,True,True
133249,1.0,0.0,0.5,none,True,True
133250,1.0,0.0,0.5,none,True,True
133251,1.0,0.0,0.5,none,True,True
133252,1.0,0.0,0.5,none,True,True
133253,1.0,0.0,0.5,none,True,True
133254,1.0,0.0,0.5,none,True,True
133255,1.0,0.0,0.5,none,True,True
133256,1.0,0.0,0.5,none,True,True
133257,1.0,0.0,0.5,none,True,True
133258,1.0,0.0,0.5,none,True,True
133259,1.0,0.0,0.5,none,True,True
133260,1.0,0.0,0.5,none,True,True
133261,1.0,0.0,0.5,none,True,True
133262,1.0,0.0,0.5,none,True,True
133263,1.0,0.0,0.5,none,True,True
133264,1.0,0.0,0.5,none,True,True
133265,1.0,0.0,0.5,none,True,True
133266,1.0,0.0,0.5,none,True,True
133267,1.0,0.0,0.5,none,True,True
133268,1.0,0.0,0.5,none,True,True
133269,1.0,0.0,0.5,none,True,True
133270,1.0,0.0,0.5,none,True,True
133271,1.0,0.0,0.5,none,True,True
133272,1.0,0.0,0.5,none,True,True
133273,1.0,0.0,0.5,none,True,True
133274,1.0,0.0,0.5,none,True,True
133275,1.0,0.0,0.5,none,True,True
133276,1.0,0.0,0.5,none,True,True
133277,1.0,0.0,0.5,none,True,True
133278,1.0,0.0,0.5,none,True,True
133279,1.0,0.0,0.5,none,True,True
133280,1.0,0.0,0.5,none,True,True
133281,1.0,0.0,0.5,none,True,True
133282,1.0,0.0,0.5,none,True,True
133283,1.0,0.0,0.5,none,True,True
133284,1.0,0.0,0.5,none,True,True
133285,1.0,0.0,0.5,none,True,True
133286,1.0,0.0,0.5,none,True,True
133287,1.0,0.0,0.5,none,True,True
133288,1.0,0.0,0.5,none,True,True
133289,1.0,0.0,0.5,none,True,True
133290,1.0,0.0,0.5,none,True,True
133291,1.0,0.0,0.5,none,True,True
133292,1.0,0.0,0.5,none,True,True
133293,1.0,0.0,0.5,none,True,True
133294,1.0,0.0,0.5,none,True,True
133295,1.0,0.0,0.5,none,True,True
133296,1.0,0.0,0.5,none,True,True
133297,1.0,0.0,0.5,none,True,True
133298,1.0,0.0,0.5,none,True,True
133299,1.0,0.0,0.5,none,True,True
133300,1.0,0.0,0.5,none,True,True
133301,1.0,0.0,0.5,none,True,True
133302,1.0,0.0,0.5,none,True,True
133303,1.0,0.0,0.5,none,True,True
133304,1.0,0.0,0.5,none,True,True
133305,1.0,0.0,0.5,none,True,True
133306,1.0,0.0,0.5,none,True,True
133307,1.0,0.0,0.5,none,True,True
133308,1.0,0.0,0.5,none,True,True
133309,1.0,0.0,0.5,none,True,True
133310,1.0,0.0,0.5,none,True,True
133311,1.0,0.0,0.5,none,True,True
133312,1.0,0.0,0.5,none,True,True
133313,1.0,0.0,0.5,none,True,True
133314,1.0,0.0,0.5,none,True,True
133315,1.0,0.0,0.5,none,True,True
133316,1.0,0.0,0.5,none,True,True
133317,1.0,0.0,0.5,none,True,True
133318,1.0,0.0,0.5,none,True,True
133319,1.0,0.0,0.5,none,True,True
133320,1.0,0.0,0.5,none,True,True
133321,1.0,0.0,0.5,none,True,True
133322,1.0,0.0,0.5,none,True,True
133323,1.0,0.0,0.5,none,True,True
133324,1.0,0.0,0.5,none,True,True
133325,1.0,0.0,0.5,none,True,True
133326,1.0,0.0,0.5,none,True,True
133327,1.0,0.0,0.5,none,True,True
133328,1.0,0.0,0.5,none,True,True
133329,1.0,0.0,0.5,none,True,True
133330,1.0,0.0,0.5,none,True,True
133331,1.0,0.0,0.5,none,True,True
133332,1.0,0.0,0.5,none,True,True
133333,1.0,0.0,0.5,none,True,True
133334,1.0,0.0,0.5,none,True,True
133335,1.0,0.0,0.5,none,True,True
133336,1.0,0.0,0.5,none,True,True
133337,1.0,0.0,0.5,none,True,True
133338,1.0,0.0,0.5,none,True,True
133339,1.0,0.0,0.5,none,True,True
133340,1.0,0.0,0.5,none,True,True
133341,1.0,0.0,0.5,none,True,True
133342,1.0,0.0,0.5,none,True,True
133343,1.0,0.0,0.5,none,True,True
133344,1.0,0.0,0.5,none,True,True
133345,1.0,0.0,0.5,none,True,True
133346,1.0,0.0,0.5,none,True,True
133347,1.0,0.0,0.5,none,True,True
133348,1.0,0.0,0.5,none,True,True
133349,1.0,0.0,0.5,none,True,True
133350,1.0,0.0,0.5,none,True,True
133351,1.0,0.0,0.5,none,True,True
133352,1.0,0.0,0.5,none,True,True
133353,1.0,0.0,0.5,none,True,True
133354,1.0,0.0,0.5,none,True,True
133355,1.0,0.0,0.5,none,True,True
133356,1.0,0.0,0.5,none,True,True
133357,1.0,0.0,0.5,none,True,True
133358,1.0,0.0,0.5,none,True,True
133359,1.0,0.0,0.5,none,True,True
133360,1.0,0.0,0.5,none,True,True
133361,1.0,0.0,0.5,none,True,True
133362,1.0,0.0,0.5,none,True,True
133363,1.0,0.0,0.5,none,True,True
133364,1.0,0.0,0.5,none,True,True
133365,1.0,0.0,0.5,none,True,True
133366,1.0,0.0,0.5,none,True,True
133367,1.0,0.0,0.5,none,True,True
133368,1.0,0.0,0.5,none,True,True
133369,1.0,0.0,0.5,none,True,True
133370,1.0,0.0,0.5,none,True,True
133371,1.0,0.0,0.5,none,True,True
133372,1.0,0.0,0.5,none,True,True
133373,1.0,0.0,0.5,none,True,True
133374,1.0,0.0,0.5,none,True,True
133375,1.0,0.0,0.5,none,True,True
133376,1.0,0.0,0.5,none,True,True
133377,1.0,0.0,0.5,none,True,True
133378,1.0,0.0,0.5,none,True,True
133379,1.0,0.0,0.5,none,True,True
133380,1.0,0.0,0.5,none,True,True
133381,1.0,0.0,0.5,none,True,True
133382,1.0,0.0,0.5,none,True,True
133383,1.0,0.0,0.5,none,True,True
133384,1.0,0.0,0.5,none,True,True
133385,1.0,0.0,0.5,none,True,True
133386,1.0,0.0,0.5,none,True,True
133387,1.0,0.0,0.5,none,True,True
133388,1.0,0.0,0.5,none,True,True
133389,1.0,0.0,0.5,none,True,True
133390,1.0,0.0,0.5,none,True,True
133391,1.0,0.0,0.5,none,True,True
133392,1.0,0.0,0.5,none,True,True
133393,1.0,0.0,0.5,none,True,True
133394,1.0,0.0,0.5,none,True,True
133395,1.0,0.0,0.5,none,True,True
133396,1.0,0.0,0.5,none,True,True
133397,1.0,0.0,0.5,none,True,True
133398,1.0,0.0,0.5,none,True,True
133399,1.0,0.0,0.5,none,True,True
133400,1.0,0.0,0.5,none,True,True
133401,1.0,0.0,0.5,none,True,True
133402,1.0,0.0,0.5,none,True,True
133403,1.0,0.0,0.5,none,True,True
133404,1.0,0.0,0.5,none,True,True
133405,1.0,0.0,0.5,none,True,True
133406,1.0,0.0,0.5,none,True,True
133407,1.0,0.0,0.5,none,True,True
133408,1.0,0.0,0.5,none,True,True
133409,1.0,0.0,0.5,none,True,True
133410,1.0,0.0,0.5,none,True,True
133411,1.0,0.0,0.5,none,True,True
133412,1.0,0.0,0.5,none,True,True
133413,1.0,0.0,0.5,none,True,True
133414,1.0,0.0,0.5,none,True,True
133415,1.0,0.0,0.5,none,True,True
133416,1.0,0.0,0.5,none,True,True
133417,1.0,0.0,0.5,none,True,True
133418,1.0,0.0,0.5,none,True,True
133419,1.0,0.0,0.5,none,True,True
133420,1.0,0.0,0.5,none,True,True
133421,1.0,0.0,0.5,none,True,True
133422,1.0,0.0,0.5,none,True,True
133423,1.0,0.0,0.5,none,True,True
133424,1.0,0.0,0.5,none,True,True
133425,1.0,0.0,0.5,none,True,True
133426,1.0,0.0,0.5,none,True,True
133427,1.0,0.0,0.5,none,True,True
133428,1.0,0.0,0.5,none,True,True
133429,1.0,0.0,0.5,none,True,True
133430,1.0,0.0,0.5,none,True,True
133431,1.0,0.0,0.5,none,True,True
133432,1.0,0.0,0.5,none,True,True
133433,1.0,0.0,0.5,none,True,True
133434,1.0,0.0,0.5,none,True,True
133435,1.0,0.0,0.5,none,True,True
133436,1.0,0.0,0.5,none,True,True
133437,1.0,0.0,0.5,none,True,True
133438,1.0,0.0,0.5,none,True,True
133439,1.0,0.0,0.5,none,True,True
133440,1.0,0.0,0.5,none,True,True
133441,1.0,0.0,0.5,none,True,True
133442,1.0,0.0,0.5,none,True,True
133443,1.0,0.0,0.5,none,True,True
133444,1.0,0.0,0.5,none,True,True
133445,1.0,0.0,0.5,none,True,True
133446,1.0,0.0,0.5,none,True,True
133447,1.0,0.0,0.5,none,True,True
133448,1.0,0.0,0.5,none,True,True
133449,1.0,0.0,0.5,none,True,True
133450,1.0,0.0,0.5,none,True,True
133451,1.0,0.0,0.5,none,True,True
133452,1.0,0.0,0.5,none,True,True
133453,1.0,0.0,0.5,none,True,True
133454,1.0,0.0,0.5,none,True,True
133455,1.0,0.0,0.5,none,True,True
133456,1.0,0.0,0.5,none,True,True
133457,1.0,0.0,0.5,none,True,True
133458,1.0,0.0,0.5,none,True,True
133459,1.0,0.0,0.5,none,True,True
133460,1.0,0.0,0.5,none,True,True
133461,1.0,0.0,0.5,none,True,True
133462,1.0,0.0,0.5,none,True,True
133463,1.0,0.0,0.5,none,True,True
133464,1.0,0.0,0.5,none,True,True
133465,1.0,0.0,0.5,none,True,True
133466,1.0,0.0,0.5,none,True,True
133467,1.0,0.0,0.5,none,True,True
133468,1.0,0.0,0.5,none,True,True
133469,1.0,0.0,0.5,none,True,True
133470,1.0,0.0,0.5,none,True,True
133471,1.0,0.0,0.5,none,True,True
133472,1.0,0.0,0.5,none,True,True
133473,1.0,0.0,0.5,none,True,True
133474,1.0,0.0,0.5,none,True,True
133475,1.0,0.0,0.5,none,True,True
133476,1.0,0.0,0.5,none,True,True
133477,1.0,0.0,0.5,none,True,True
133478,1.0,0.0,0.5,none,True,True
133479,1.0,0.0,0.5,none,True,True
133480,1.0,0.0,0.5,none,True,True
133481,1.0,0.0,0.5,none,True,True
133482,1.0,0.0,0.5,none,True,True
133483,1.0,0.0,0.5,none,True,True
133484,1.0,0.0,0.5,none,True,True
133485,1.0,0.0,0.5,none,True,True
133486,1.0,0.0,0.5,none,True,True
133487,1.0,0.0,0.5,none,True,True
133488,1.0,0.0,0.5,none,True,True
133489,1.0,0.0,0.5,none,True,True
133490,1.0,0.0,0.5,none,True,True
133491,1.0,0.0,0.5,none,True,True
133492,1.0,0.0,0.5,none,True,True
133493,1.0,0.0,0.5,none,True,True
133494,1.0,0.0,0.5,none,True,True
133495,1.0,0.0,0.5,none,True,True
133496,1.0,0.0,0.5,none,True,True
133497,1.0,0.0,0.5,none,True,True
133498,1.0,0.0,0.5,none,True,True
133499,1.0,0.0,0.5,none,True,True
133500,1.0,0.0,0.5,none,True,True
133501,1.0,0.0,0.5,none,True,True
133502,1.0,0.0,0.5,none,True,True
133503,1.0,0.0,0.5,none,True,True
133504,1.0,0.0,0.5,none,True,True
133505,1.0,0.0,0.5,none,True,True
133506,1.0,0.0,0.5,none,True,True
133507,1.0,0.0,0.5,none,True,True
133508,1.0,0.0,0.5,none,True,True
133509,1.0,0.0,0.5,none,True,True
133510,1.0,0.0,0.5,none,True,True
133511,1.0,0.0,0.5,none,True,True
133512,1.0,0.0,0.5,none,True,True
133513,1.0,0.0,0.5,none,True,True
133514,1.0,0.0,0.5,none,True,True
133515,1.0,0.0,0.5,none,True,True
133516,1.0,0.0,0.5,none,True,True
133517,1.0,0.0,0.5,none,True,True
133518,1.0,0.0,0.5,none,True,True
133519,1.0,0.0,0.5,none,True,True
133520,1.0,0.0,0.5,none,True,True
133521,1.0,0.0,0.5,none,True,True
133522,1.0,0.0,0.5,none,True,True
133523,1.0,0.0,0.5,none,True,True
133524,1.0,0.0,0.5,none,True,True
133525,1.0,0.0,0.5,none,True,True
133526,1.0,0.0,0.5,none,True,True
133527,1.0,0.0,0.5,none,True,True
133528,1.0,0.0,0.5,none,True,True
133529,1.0,0.0,0.5,none,True,True
133530,1.0,0.0,0.5,none,True,True
133531,1.0,0.0,0.5,none,True,True
133532,1.0,0.0,0.5,none,True,True
133533,1.0,0.0,0.5,none,True,True
133534,1.0,0.0,0.5,none,True,True
133535,1.0,0.0,0.5,none,True,True
133536,1.0,0.0,0.5,none,True,True
133537,1.0,0.0,0.5,none,True,True
133538,1.0,0.0,0.5,none,True,True
133539,1.0,0.0,0.5,none,True,True
133540,1.0,0.0,0.5,none,True,True
133541,1.0,0.0,0.5,none,True,True
133542,1.0,0.0,0.5,none,True,True
133543,1.0,0.0,0.5,none,True,True
133544,1.0,0.0,0.5,none,True,True
133545,1.0,0.0,0.5,none,True,True
133546,1.0,0.0,0.5,none,True,True
133547,1.0,0.0,0.5,none,True,True
133548,1.0,0.0,0.5,none,True,True
133549,1.0,0.0,0.5,none,True,True
133550,1.0,0.0,0.5,none,True,True
133551,1.0,0.0,0.5,none,True,True
133552,1.0,0.0,0.5,none,True,True
133553,1.0,0.0,0.5,none,True,True
133554,1.0,0.0,0.5,none,True,True
133555,1.0,0.0,0.5,none,True,True
133556,1.0,0.0,0.5,none,True,True
133557,1.0,0.0,0.5,none,True,True
133558,1.0,0.0,0.5,none,True,True
133559,1.0,0.0,0.5,none,True,True
133560,1.0,0.0,0.5,none,True,True
133561,1.0,0.0,0.5,none,True,True
133562,1.0,0.0,0.5,none,True,True
133563,1.0,0.0,0.5,none,True,True
133564,1.0,0.0,0.5,none,True,True
133565,1.0,0.0,0.5,none,True,True
133566,1.0,0.0,0.5,none,True,True
133567,1.0,0.0,0.5,none,True,True
133568,1.0,0.0,0.5,none,True,True
133569,1.0,0.0,0.5,none,True,True
133570,1.0,0.0,0.5,none,True,True
133571,1.0,0.0,0.5,none,True,True
133572,1.0,0.0,0.5,none,True,True
133573,1.0,0.0,0.5,none,True,True
133574,1.0,0.0,0.5,none,True,True
133575,1.0,0.0,0.5,none,True,True
133576,1.0,0.0,0.5,none,True,True
133577,1.0,0.0,0.5,none,True,True
133578,1.0,0.0,0.5,none,True,True
133579,1.0,0.0,0.5,none,True,True
133580,1.0,0.0,0.5,none,True,True
133581,1.0,0.0,0.5,none,True,True
133582,1.0,0.0,0.5,none,True,True
133583,1.0,0.0,0.5,none,True,True
133584,1.0,0.0,0.5,none,True,True
133585,1.0,0.0,0.5,none,True,True
133586,1.0,0.0,0.5,none,True,True
133587,1.0,0.0,0.5,none,True,True
133588,1.0,0.0,0.5,none,True,True
133589,1.0,0.0,0.5,none,True,True
133590,1.0,0.0,0.5,none,True,True
133591,1.0,0.0,0.5,none,True,True
133592,1.0,0.0,0.5,none,True,True
133593,1.0,0.0,0.5,none,True,True
133594,1.0,0.0,0.5,none,True,True
133595,1.0,0.0,0.5,none,True,True
133596,1.0,0.0,0.5,none,True,True
133597,1.0,0.0,0.5,none,True,True
133598,1.0,0.0,0.5,none,True,True
133599,1.0,0.0,0.5,none,True,True
133600,1.0,0.0,0.5,none,True,True
133601,1.0,0.0,0.5,none,True,True
133602,1.0,0.0,0.5,none,True,True
133603,1.0,0.0,0.5,none,True,True
133604,1.0,0.0,0.5,none,True,True
133605,1.0,0.0,0.5,none,True,True
133606,1.0,0.0,0.5,none,True,True
133607,1.0,0.0,0.5,none,True,True
133608,1.0,0.0,0.5,none,True,True
133609,1.0,0.0,0.5,none,True,True
133610,1.0,0.0,0.5,none,True,True
133611,1.0,0.0,0.5,none,True,True
133612,1.0,0.0,0.5,none,True,True
133613,1.0,0.0,0.5,none,True,True
133614,1.0,0.0,0.5,none,True,True
133615,1.0,0.0,0.5,none,True,True
133616,1.0,0.0,0.5,none,True,True
133617,1.0,0.0,0.5,none,True,True
133618,1.0,0.0,0.5,none,True,True
133619,1.0,0.0,0.5,none,True,True
133620,1.0,0.0,0.5,none,True,True
133621,1.0,0.0,0.5,none,True,True
133622,1.0,0.0,0.5,none,True,True
133623,1.0,0.0,0.5,none,True,True
133624,1.0,0.0,0.5,none,True,True
133625,1.0,0.0,0.5,none,True,True
133626,1.0,0.0,0.5,none,True,True
133627,1.0,0.0,0.5,none,True,True
133628,1.0,0.0,0.5,none,True,True
133629,1.0,0.0,0.5,none,True,True
133630,1.0,0.0,0.5,none,True,True
133631,1.0,0.0,0.5,none,True,True
133632,1.0,0.0,0.5,none,True,True
133633,1.0,0.0,0.5,none,True,True
133634,1.0,0.0,0.5,none,True,True
133635,1.0,0.0,0.5,none,True,True
133636,1.0,0.0,0.5,none,True,True
133637,1.0,0.0,0.5,none,True,True
133638,1.0,0.0,0.5,none,True,True
133639,1.0,0.0,0.5,none,True,True
133640,1.0,0.0,0.5,none,True,True
133641,1.0,0.0,0.5,none,True,True
133642,1.0,0.0,0.5,none,True,True
133643,1.0,0.0,0.5,none,True,True
133644,1.0,0.0,0.5,none,True,True
133645,1.0,0.0,0.5,none,True,True
133646,1.0,0.0,0.5,none,True,True
133647,1.0,0.0,0.5,none,True,True
133648,1.0,0.0,0.5,none,True,True
133649,1.0,0.0,0.5,none,True,True
133650,1.0,0.0,0.5,none,True,True
133651,1.0,0.0,0.5,none,True,True
133652,1.0,0.0,0.5,none,True,True
133653,1.0,0.0,0.5,none,True,True
133654,1.0,0.0,0.5,none,True,True
133655,1.0,0.0,0.5,none,True,True
133656,1.0,0.0,0.5,none,True,True
133657,1.0,0.0,0.5,none,True,True
133658,1.0,0.0,0.5,none,True,True
133659,1.0,0.0,0.5,none,True,True
133660,1.0,0.0,0.5,none,True,True
133661,1.0,0.0,0.5,none,True,True
133662,1.0,0.0,0.5,none,True,True
133663,1.0,0.0,0.5,none,True,True
133664,1.0,0.0,0.5,none,True,True
133665,1.0,0.0,0.5,none,True,True
133666,1.0,0.0,0.5,none,True,True
133667,1.0,0.0,0.5,none,True,True
133668,1.0,0.0,0.5,none,True,True
133669,1.0,0.0,0.5,none,True,True
133670,1.0,0.0,0.5,none,True,True
133671,1.0,0.0,0.5,none,True,True
133672,1.0,0.0,0.5,none,True,True
133673,1.0,0.0,0.5,none,True,True
133674,1.0,0.0,0.5,none,True,True
133675,1.0,0.0,0.5,none,True,True
133676,1.0,0.0,0.5,none,True,True
133677,1.0,0.0,0.5,none,True,True
133678,1.0,0.0,0.5,none,True,True
133679,1.0,0.0,0.5,none,True,True
133680,1.0,0.0,0.5,none,True,True
133681,1.0,0.0,0.5,none,True,True
133682,1.0,0.0,0.5,none,True,True
133683,1.0,0.0,0.5,none,True,True
133684,1.0,0.0,0.5,none,True,True
133685,1.0,0.0,0.5,none,True,True
133686,1.0,0.0,0.5,none,True,True
133687,1.0,0.0,0.5,none,True,True
133688,1.0,0.0,0.5,none,True,True
133689,1.0,0.0,0.5,none,True,True
133690,1.0,0.0,0.5,none,True,True
133691,1.0,0.0,0.5,none,True,True
133692,1.0,0.0,0.5,none,True,True
133693,1.0,0.0,0.5,none,True,True
133694,1.0,0.0,0.5,none,True,True
133695,1.0,0.0,0.5,none,True,True
133696,1.0,0.0,0.5,none,True,True
133697,1.0,0.0,0.5,none,True,True
133698,1.0,0.0,0.5,none,True,True
133699,1.0,0.0,0.5,none,True,True
133700,1.0,0.0061,0.5,none,True,True
133701,1.0,0.0357,0.5,none,True,True
133702,1.0,0.0812,0.5,none,True,True
133703,1.0,0.1113,0.5,none,True,True
133704,1.0,0.1253,0.5,none,True,True
133705,1.0,0.1408,0.5,none,True,True
133706,1.0,0.0907,0.5,none,True,True
133707,1.0,0.1198,0.5,none,True,True
133708,1.0,0.0467,0.5,none,True,True
133709,1.0,0.0522,0.5,none,True,True
133710,1.0,0.0405,0.5,none,True,True
133711,1.0,0.0313,0.5,none,True,True
133712,1.0,0.0083,0.5,none,True,True
133713,1.0,0.0726,0.5,none,True,True
133714,1.0,0.0793,0.5,none,True,True
133715,1.0,0.0581,0.5,none,True,True
133716,1.0,0.0955,0.5,none,True,True
133717,1.0,0.0839,0.5,none,True,True
133718,1.0,0.0648,0.5,none,True,True
133719,1.0,0.0718,0.5,none,True,True
133720,1.0,0.0589,0.5,none,True,True
133721,1.0,0.0403,0.5,none,True,True
133722,1.0,0.0327,0.5,none,True,True
133723,1.0,0.0277,0.5,none,True,True
133724,1.0,0.017,0.5,none,True,True
133725,1.0,0.0102,0.5,none,True,True
133726,1.0,0.0099,0.5,none,True,True
133727,1.0,0.008,0.5,none,True,True
133728,1.0,0.005,0.5,none,True,True
133729,1.0,0.0063,0.5,none,True,True
133730,1.0,0.009,0.5,none,True,True
133731,1.0,0.0096,0.5,none,True,True
133732,1.0,0.0108,0.5,none,True,True
133733,1.0,0.014,0.5,none,True,True
133734,1.0,0.0161,0.5,none,True,True
133735,1.0,0.0167,0.5,none,True,True
133736,1.0,0.0182,0.5,none,True,True
133737,1.0,0.0196,0.5,none,True,True
133738,1.0,0.0197,0.5,none,True,True
133739,1.0,0.0193,0.5,none,True,True
133740,1.0,0.0193,0.5,none,True,True
133741,1.0,0.0187,0.5,none,True,True
133742,1.0,0.0174,0.5,none,True,True
133743,1.0,0.0163,0.5,none,True,True
133744,1.0,0.0152,0.5,none,True,True
133745,1.0,0.0138,0.5,none,True,True
133746,1.0,0.0123,0.5,none,True,True
133747,1.0,0.0111,0.5,none,True,True
133748,1.0,0.01,0.5,none,True,True
133749,1.0,0.0088,0.5,none,True,True
133750,1.0,0.0078,0.5,none,True,True
133751,1.0,0.0071,0.5,none,True,True
133752,1.0,0.0064,0.5,none,True,True
133753,1.0,0.0057,0.5,none,True,True
133754,1.0,0.0053,0.5,none,True,True
133755,1.0,0.005,0.5,none,True,True
133756,1.0,0.0047,0.5,none,True,True
133757,1.0,0.0045,0.5,none,True,True
133758,1.0,0.0044,0.5,none,True,True
133759,1.0,0.0043,0.5,none,True,True
133760,1.0,0.0042,0.5,none,True,True
133761,1.0,0.0041,0.5,none,True,True
133762,1.0,0.004,0.5,none,True,True
133763,1.0,0.0039,0.5,none,True,True
133764,1.0,0.0038,0.5,none,True,True
133765,1.0,0.0037,0.5,none,True,True
133766,1.0,0.0035,0.5,none,True,True
133767,1.0,0.0033,0.5,none,True,True
133768,1.0,0.0032,0.5,none,True,True
133769,1.0,0.003,0.5,none,True,True
133770,1.0,0.0028,0.5,none,True,True
133771,1.0,0.0026,0.5,none,True,True
133772,1.0,0.0024,0.5,none,True,True
133773,1.0,0.0023,0.5,none,True,True
133774,1.0,0.0021,0.5,none,True,True
133775,1.0,0.0019,0.5,none,True,True
133776,1.0,0.0018,0.5,none,True,True
133777,1.0,0.0017,0.5,none,True,True
133778,1.0,0.0015,0.5,none,True,True
133779,1.0,0.0014,0.5,none,True,True
133780,1.0,0.0013,0.5,none,True,True
133781,1.0,0.0013,0.5,none,True,True
133782,1.0,0.0012,0.5,none,True,True
133783,1.0,0.0011,0.5,none,True,True
133784,1.0,0.0011,0.5,none,True,True
133785,1.0,0.001,0.5,none,True,True
133786,1.0,0.001,0.5,none,True,True
133787,1.0,0.0009,0.5,none,True,True
133788,1.0,0.0009,0.5,none,True,True
133789,1.0,0.0008,0.5,none,True,True
133790,1.0,0.0008,0.5,none,True,True
133791,1.0,0.0008,0.5,none,True,True
133792,1.0,0.0007,0.5,none,True,True
133793,1.0,0.0007,0.5,none,True,True
133794,1.0,0.0006,0.5,none,True,True
133795,1.0,0.0006,0.5,none,True,True
133796,1.0,0.0006,0.5,none,True,True
133797,1.0,0.0005,0.5,none,True,True
133798,1.0,0.0005,0.5,none,True,True
133799,1.0,0.0005,0.5,none,True,True
133800,1.0,0.0004,0.5,none,True,True
133801,1.0,0.0004,0.5,none,True,True
133802,1.0,0.0004,0.5,none,True,True
133803,1.0,0.0004,0.5,none,True,True
133804,1.0,0.0003,0.5,none,True,True
133805,1.0,0.0003,0.5,none,True,True
133806,1.0,0.0003,0.5,none,True,True
133807,1.0,0.0003,0.5,none,True,True
133808,1.0,0.0003,0.5,none,True,True
133809,1.0,0.0003,0.5,none,True,True
133810,1.0,0.0002,0.5,none,True,True
133811,1.0,0.0002,0.5,none,True,True
133812,1.0,0.0002,0.5,none,True,True
133813,1.0,0.0002,0.5,none,True,True
133814,1.0,0.0002,0.5,none,True,True
133815,1.0,0.0002,0.5,none,True,True
133816,1.0,0.0002,0.5,none,True,True
133817,1.0,0.0002,0.5,none,True,True
133818,1.0,0.0002,0.5,none,True,True
133819,1.0,0.0001,0.5,none,True,True
133820,1.0,0.0001,0.5,none,True,True
133821,1.0,0.0001,0.5,none,True,True
133822,1.0,0.0001,0.5,none,True,True
133823,1.0,0.0001,0.5,none,True,True
133824,1.0,0.0001,0.5,none,True,True
133825,1.0,0.0001,0.5,none,True,True
133826,1.0,0.0001,0.5,none,True,True
133827,1.0,0.0001,0.5,none,True,True
133828,1.0,0.0001,0.5,none,True,True
133829,1.0,0.0001,0.5,none,True,True
133830,1.0,0.0001,0.5,none,True,True
133831,1.0,0.0001,0.5,none,True,True
133832,1.0,0.0001,0.5,none,True,True
133833,1.0,0.0001,0.5,none,True,True
133834,1.0,0.0001,0.5,none,True,True
133835,1.0,0.0001,0.5,none,True,True
133836,1.0,0.0001,0.5,none,True,True
133837,1.0,0.0,0.5,none,True,True
133838,1.0,0.0,0.5,none,True,True
133839,1.0,0.0,0.5,none,True,True
133840,1.0,0.0,0.5,none,True,True
133841,1.0,0.0,0.5,none,True,True
133842,1.0,0.0,0.5,none,True,True
133843,1.0,0.0,0.5,none,True,True
133844,1.0,0.0,0.5,none,True,True
133845,1.0,0.0,0.5,none,True,True
133846,1.0,0.0,0.5,none,True,True
133847,1.0,0.0,0.5,none,True,True
133848,1.0,0.0,0.5,none,True,True
133849,1.0,0.0,0.5,none,True,True
133850,1.0,0.0,0.5,none,True,True
133851,1.0,0.0,0.5,none,True,True
133852,1.0,0.0,0.5,none,True,True
133853,1.0,0.0,0.5,none,True,True
133854,1.0,0.0,0.5,none,True,True
133855,1.0,0.0,0.5,none,True,True
133856,1.0,0.0,0.5,none,True,True
133857,1.0,0.0,0.5,none,True,True
133858,1.0,0.0,0.5,none,True,True
133859,1.0,0.0,0.5,none,True,True
133860,1.0,0.0,0.5,none,True,True
133861,1.0,0.0,0.5,none,True,True
133862,1.0,0.0,0.5,none,True,True
133863,1.0,0.0,0.5,none,True,True
133864,1.0,0.0,0.5,none,True,True
133865,1.0,0.0,0.5,none,True,True
133866,1.0,0.0,0.5,none,True,True
133867,1.0,0.0,0.5,none,True,True
133868,1.0,0.0,0.5,none,True,True
133869,1.0,0.0,0.5,none,True,True
133870,1.0,0.0,0.5,none,True,True
133871,1.0,0.0,0.5,none,True,True
133872,1.0,0.0,0.5,none,True,True
133873,1.0,0.0,0.5,none,True,True
133874,1.0,0.0,0.5,none,True,True
133875,1.0,0.0,0.5,none,True,True
133876,1.0,0.0,0.5,none,True,True
133877,1.0,0.0,0.5,none,True,True
133878,1.0,0.0,0.5,none,True,True
133879,1.0,0.0,0.5,none,True,True
133880,1.0,0.0,0.5,none,True,True
133881,1.0,0.0,0.5,none,True,True
133882,1.0,0.0,0.5,none,True,True
133883,1.0,0.0,0.5,none,True,True
133884,1.0,0.0,0.5,none,True,True
133885,1.0,0.0,0.5,none,True,True
133886,1.0,0.0,0.5,none,True,True
133887,1.0,0.0,0.5,none,True,True
133888,1.0,0.0,0.5,none,True,True
133889,1.0,0.0,0.5,none,True,True
133890,1.0,0.0,0.5,none,True,True
133891,1.0,0.0,0.5,none,True,True
133892,1.0,0.0,0.5,none,True,True
133893,1.0,0.0,0.5,none,True,True
133894,1.0,0.0,0.5,none,True,True
133895,1.0,0.0,0.5,none,True,True
133896,1.0,0.0,0.5,none,True,True
133897,1.0,0.0,0.5,none,True,True
133898,1.0,0.0,0.5,none,True,True
133899,1.0,0.0,0.5,none,True,True
133900,1.0,0.0,0.5,none,True,True
133901,1.0,0.0,0.5,none,True,True
133902,1.0,0.0,0.5,none,True,True
133903,1.0,0.0,0.5,none,True,True
133904,1.0,0.0,0.5,none,True,True
133905,1.0,0.0,0.5,none,True,True
133906,1.0,0.0,0.5,none,True,True
133907,1.0,0.0,0.5,none,True,True
133908,1.0,0.0,0.5,none,True,True
133909,1.0,0.0,0.5,none,True,True
133910,1.0,0.0,0.5,none,True,True
133911,1.0,0.0,0.5,none,True,True
133912,1.0,0.0,0.5,none,True,True
133913,1.0,0.0,0.5,none,True,True
133914,1.0,0.0,0.5,none,True,True
133915,1.0,0.0,0.5,none,True,True
133916,1.0,0.0,0.5,none,True,True
133917,1.0,0.0,0.5,none,True,True
133918,1.0,0.0,0.5,none,True,True
133919,1.0,0.0,0.5,none,True,True
133920,1.0,0.0,0.5,none,True,True
133921,1.0,0.0,0.5,none,True,True
133922,1.0,0.0,0.5,none,True,True
133923,1.0,0.0,0.5,none,True,True
133924,1.0,0.0,0.5,none,True,True
133925,1.0,0.0,0.5,none,True,True
133926,1.0,0.0,0.5,none,True,True
133927,1.0,0.0,0.5,none,True,True
133928,1.0,0.0,0.5,none,True,True
133929,1.0,0.0,0.5,none,True,True
133930,1.0,0.0,0.5,none,True,True
133931,1.0,0.0,0.5,none,True,True
133932,1.0,0.0,0.5,none,True,True
133933,1.0,0.0,0.5,none,True,True
133934,1.0,0.0,0.5,none,True,True
133935,1.0,0.0,0.5,none,True,True
133936,1.0,0.0,0.5,none,True,True
133937,1.0,0.0,0.5,none,True,True
133938,1.0,0.0,0.5,none,True,True
133939,1.0,0.0,0.5,none,True,True
133940,1.0,0.0,0.5,none,True,True
133941,1.0,0.0,0.5,none,True,True
133942,1.0,0.0,0.5,none,True,True
133943,1.0,0.0,0.5,none,True,True
133944,1.0,0.0,0.5,none,True,True
133945,1.0,0.0,0.5,none,True,True
133946,1.0,0.0,0.5,none,True,True
133947,1.0,0.0,0.5,none,True,True
133948,1.0,0.0,0.5,none,True,True
133949,1.0,0.0,0.5,none,True,True
133950,1.0,0.0,0.5,none,True,True
133951,1.0,0.0,0.5,none,True,True
133952,1.0,0.0,0.5,none,True,True
133953,1.0,0.0,0.5,none,True,True
133954,1.0,0.0,0.5,none,True,True
133955,1.0,0.0,0.5,none,True,True
133956,1.0,0.0,0.5,none,True,True
133957,1.0,0.0,0.5,none,True,True
133958,1.0,0.0,0.5,none,True,True
133959,1.0,0.0,0.5,none,True,True
133960,1.0,0.0,0.5,none,True,True
133961,1.0,0.0,0.5,none,True,True
133962,1.0,0.0,0.5,none,True,True
133963,1.0,0.0,0.5,none,True,True
133964,1.0,0.0,0.5,none,True,True
133965,1.0,0.0,0.5,none,True,True
133966,1.0,0.0,0.5,none,True,True
133967,1.0,0.0,0.5,none,True,True
133968,1.0,0.0,0.5,none,True,True
133969,1.0,0.0,0.5,none,True,True
133970,1.0,0.0,0.5,none,True,True
133971,1.0,0.0,0.5,none,True,True
133972,1.0,0.0,0.5,none,True,True
133973,1.0,0.0,0.5,none,True,True
133974,1.0,0.0,0.5,none,True,True
133975,1.0,0.0,0.5,none,True,True
133976,1.0,0.0,0.5,none,True,True
133977,1.0,0.0,0.5,none,True,True
133978,1.0,0.0,0.5,none,True,True
133979,1.0,0.0,0.5,none,True,True
133980,1.0,0.0,0.5,none,True,True
133981,1.0,0.0,0.5,none,True,True
133982,1.0,0.0,0.5,none,True,True
133983,1.0,0.0,0.5,none,True,True
133984,1.0,0.0,0.5,none,True,True
133985,1.0,0.0,0.5,none,True,True
133986,1.0,0.0,0.5,none,True,True
133987,1.0,0.0,0.5,none,True,True
133988,1.0,0.0,0.5,none,True,True
133989,1.0,0.0,0.5,none,True,True
133990,1.0,0.0,0.5,none,True,True
133991,1.0,0.0,0.5,none,True,True
133992,1.0,0.0,0.5,none,True,True
133993,1.0,0.0,0.5,none,True,True
133994,1.0,0.0,0.5,none,True,True
133995,1.0,0.0,0.5,none,True,True
133996,1.0,0.0,0.5,none,True,True
133997,1.0,0.0,0.5,none,True,True
133998,1.0,0.0,0.5,none,True,True
133999,1.0,0.0,0.5,none,True,True
134000,1.0,0.0,0.5,none,True,True
134001,1.0,0.0,0.5,none,True,True
134002,1.0,0.0,0.5,none,True,True
134003,1.0,0.0,0.5,none,True,True
134004,1.0,0.0,0.5,none,True,True
134005,1.0,0.0,0.5,none,True,True
134006,1.0,0.0,0.5,none,True,True
134007,1.0,0.0,0.5,none,True,True
134008,1.0,0.0,0.5,none,True,True
134009,1.0,0.0,0.5,none,True,True
134010,1.0,0.0,0.5,none,True,True
134011,1.0,0.0,0.5,none,True,True
134012,1.0,0.0,0.5,none,True,True
134013,1.0,0.0,0.5,none,True,True
134014,1.0,0.0,0.5,none,True,True
134015,1.0,0.0,0.5,none,True,True
134016,1.0,0.0,0.5,none,True,True
134017,1.0,0.0,0.5,none,True,True
134018,1.0,0.0,0.5,none,True,True
134019,1.0,0.0,0.5,none,True,True
134020,1.0,0.0,0.5,none,True,True
134021,1.0,0.0,0.5,none,True,True
134022,1.0,0.0,0.5,none,True,True
134023,1.0,0.0,0.5,none,True,True
134024,1.0,0.0,0.5,none,True,True
134025,1.0,0.0,0.5,none,True,True
134026,1.0,0.0,0.5,none,True,True
134027,1.0,0.0,0.5,none,True,True
134028,1.0,0.0,0.5,none,True,True
134029,1.0,0.0,0.5,none,True,True
134030,1.0,0.0,0.5,none,True,True
134031,1.0,0.0,0.5,none,True,True
134032,1.0,0.0,0.5,none,True,True
134033,1.0,0.0,0.5,none,True,True
134034,1.0,0.0,0.5,none,True,True
134035,1.0,0.0,0.5,none,True,True
134036,1.0,0.0,0.5,none,True,True
134037,1.0,0.0,0.5,none,True,True
134038,1.0,0.0,0.5,none,True,True
134039,1.0,0.0,0.5,none,True,True
134040,1.0,0.0,0.5,none,True,True
134041,1.0,0.0,0.5,none,True,True
134042,1.0,0.0,0.5,none,True,True
134043,1.0,0.0,0.5,none,True,True
134044,1.0,0.0,0.5,none,True,True
134045,1.0,0.0,0.5,none,True,True
134046,1.0,0.0,0.5,none,True,True
134047,1.0,0.0,0.5,none,True,True
134048,1.0,0.0,0.5,none,True,True
134049,1.0,0.0,0.5,none,True,True
134050,1.0,0.0,0.5,none,True,True
134051,1.0,0.0,0.5,none,True,True
134052,1.0,0.0,0.5,none,True,True
134053,1.0,0.0,0.5,none,True,True
134054,1.0,0.0,0.5,none,True,True
134055,1.0,0.0,0.5,none,True,True
134056,1.0,0.0,0.5,none,True,True
134057,1.0,0.0,0.5,none,True,True
134058,1.0,0.0,0.5,none,True,True
134059,1.0,0.0,0.5,none,True,True
134060,1.0,0.0,0.5,none,True,True
134061,1.0,0.0,0.5,none,True,True
134062,1.0,0.0,0.5,none,True,True
134063,1.0,0.0,0.5,none,True,True
134064,1.0,0.0,0.5,none,True,True
134065,1.0,0.0,0.5,none,True,True
134066,1.0,0.0,0.5,none,True,True
134067,1.0,0.0,0.5,none,True,True
134068,1.0,0.0,0.5,none,True,True
134069,1.0,0.0,0.5,none,True,True
134070,1.0,0.0,0.5,none,True,True
134071,1.0,0.0,0.5,none,True,True
134072,1.0,0.0,0.5,none,True,True
134073,1.0,0.0,0.5,none,True,True
134074,1.0,0.0,0.5,none,True,True
134075,1.0,0.0,0.5,none,True,True
134076,1.0,0.0,0.5,none,True,True
134077,1.0,0.0,0.5,none,True,True
134078,1.0,0.0,0.5,none,True,True
134079,1.0,0.0,0.5,none,True,True
134080,1.0,0.0,0.5,none,True,True
134081,1.0,0.0,0.5,none,True,True
134082,1.0,0.0,0.5,none,True,True
134083,1.0,0.0,0.5,none,True,True
134084,1.0,0.0,0.5,none,True,True
134085,1.0,0.0,0.5,none,True,True
134086,1.0,0.0,0.5,none,True,True
134087,1.0,0.0,0.5,none,True,True
134088,1.0,0.0,0.5,none,True,True
134089,1.0,0.0,0.5,none,True,True
134090,1.0,0.0,0.5,none,True,True
134091,1.0,0.0,0.5,none,True,True
134092,1.0,0.0,0.5,none,True,True
134093,1.0,0.0,0.5,none,True,True
134094,1.0,0.0,0.5,none,True,True
134095,1.0,0.0,0.5,none,True,True
134096,1.0,0.0,0.5,none,True,True
134097,1.0,0.0,0.5,none,True,True
134098,1.0,0.0,0.5,none,True,True
134099,1.0,0.0,0.5,none,True,True
134100,1.0,0.0,0.5,none,True,True
134101,1.0,0.0,0.5,none,True,True
134102,1.0,0.0,0.5,none,True,True
134103,1.0,0.0,0.5,none,True,True
134104,1.0,0.0,0.5,none,True,True
134105,1.0,0.0,0.5,none,True,True
134106,1.0,0.0,0.5,none,True,True
134107,1.0,0.0,0.5,none,True,True
134108,1.0,0.0,0.5,none,True,True
134109,1.0,0.0,0.5,none,True,True
134110,1.0,0.0,0.5,none,True,True
134111,1.0,0.0,0.5,none,True,True
134112,1.0,0.0,0.5,none,True,True
134113,1.0,0.0,0.5,none,True,True
134114,1.0,0.0,0.5,none,True,True
134115,1.0,0.0,0.5,none,True,True
134116,1.0,0.0,0.5,none,True,True
134117,1.0,0.0,0.5,none,True,True
134118,1.0,0.0,0.5,none,True,True
134119,1.0,0.0,0.5,none,True,True
134120,1.0,0.0,0.5,none,True,True
134121,1.0,0.0,0.5,none,True,True
134122,1.0,0.0,0.5,none,True,True
134123,1.0,0.0,0.5,none,True,True
134124,1.0,0.0,0.5,none,True,True
134125,1.0,0.0,0.5,none,True,True
134126,1.0,0.0,0.5,none,True,True
134127,1.0,0.0,0.5,none,True,True
134128,1.0,0.0,0.5,none,True,True
134129,1.0,0.0,0.5,none,True,True
134130,1.0,0.0,0.5,none,True,True
134131,1.0,0.0,0.5,none,True,True
134132,1.0,0.0,0.5,none,True,True
134133,1.0,0.0,0.5,none,True,True
134134,1.0,0.0,0.5,none,True,True
134135,1.0,0.0,0.5,none,True,True
134136,1.0,0.0,0.5,none,True,True
134137,1.0,0.0,0.5,none,True,True
134138,1.0,0.0,0.5,none,True,True
134139,1.0,0.0,0.5,none,True,True
134140,1.0,0.0,0.5,none,True,True
134141,1.0,0.0,0.5,none,True,True
134142,1.0,0.0,0.5,none,True,True
134143,1.0,0.0,0.5,none,True,True
134144,1.0,0.0,0.5,none,True,True
134145,1.0,0.0,0.5,none,True,True
134146,1.0,0.0,0.5,none,True,True
134147,1.0,0.0,0.5,none,True,True
134148,1.0,0.0,0.5,none,True,True
134149,1.0,0.0,0.5,none,True,True
134150,1.0,0.0,0.5,none,True,True
134151,1.0,0.0,0.5,none,True,True
134152,1.0,0.0,0.5,none,True,True
134153,1.0,0.0,0.5,none,True,True
134154,1.0,0.0,0.5,none,True,True
134155,1.0,0.0,0.5,none,True,True
134156,1.0,0.0,0.5,none,True,True
134157,1.0,0.0,0.5,none,True,True
134158,1.0,0.0,0.5,none,True,True
134159,1.0,0.0,0.5,none,True,True
134160,1.0,0.0,0.5,none,True,True
134161,1.0,0.0,0.5,none,True,True
134162,1.0,0.0,0.5,none,True,True
134163,1.0,0.0,0.5,none,True,True
134164,1.0,0.0,0.5,none,True,True
134165,1.0,0.0,0.5,none,True,True
134166,1.0,0.0,0.5,none,True,True
134167,1.0,0.0,0.5,none,True,True
134168,1.0,0.0,0.5,none,True,True
134169,1.0,0.0,0.5,none,True,True
134170,1.0,0.0,0.5,none,True,True
134171,1.0,0.0,0.5,none,True,True
134172,1.0,0.0,0.5,none,True,True
134173,1.0,0.0,0.5,none,True,True
134174,1.0,0.0,0.5,none,True,True
134175,1.0,0.0,0.5,none,True,True
134176,1.0,0.0,0.5,none,True,True
134177,1.0,0.0,0.5,none,True,True
134178,1.0,0.0,0.5,none,True,True
134179,1.0,0.0,0.5,none,True,True
134180,1.0,0.0,0.5,none,True,True
134181,1.0,0.0,0.5,none,True,True
134182,1.0,0.0,0.5,none,True,True
134183,1.0,0.0,0.5,none,True,True
134184,1.0,0.0,0.5,none,True,True
134185,1.0,0.0,0.5,none,True,True
134186,1.0,0.0,0.5,none,True,True
134187,1.0,0.0,0.5,none,True,True
134188,1.0,0.0,0.5,none,True,True
134189,1.0,0.0,0.5,none,True,True
134190,1.0,0.0,0.5,none,True,True
134191,1.0,0.0,0.5,none,True,True
134192,1.0,0.0,0.5,none,True,True
134193,1.0,0.0,0.5,none,True,True
134194,1.0,0.0,0.5,none,True,True
134195,1.0,0.0,0.5,none,True,True
134196,1.0,0.0,0.5,none,True,True
134197,1.0,0.0,0.5,none,True,True
134198,1.0,0.0,0.5,none,True,True
134199,1.0,0.0,0.5,none,True,True
134200,1.0,0.0,0.5,none,True,True
134201,1.0,0.0,0.5,none,True,True
134202,1.0,0.0,0.5,none,True,True
134203,1.0,0.0,0.5,none,True,True
134204,1.0,0.0,0.5,none,True,True
134205,1.0,0.0,0.5,none,True,True
134206,1.0,0.0,0.5,none,True,True
134207,1.0,0.0,0.5,none,True,True
134208,1.0,0.0,0.5,none,True,True
134209,1.0,0.0,0.5,none,True,True
134210,1.0,0.0,0.5,none,True,True
134211,1.0,0.0,0.5,none,True,True
134212,1.0,0.0,0.5,none,True,True
134213,1.0,0.0,0.5,none,True,True
134214,1.0,0.0,0.5,none,True,True
134215,1.0,0.0,0.5,none,True,True
134216,1.0,0.0,0.5,none,True,True
134217,1.0,0.0,0.5,none,True,True
134218,1.0,0.0,0.5,none,True,True
134219,1.0,0.0,0.5,none,True,True
134220,1.0,0.0,0.5,none,True,True
134221,1.0,0.0,0.5,none,True,True
134222,1.0,0.0,0.5,none,True,True
134223,1.0,0.0,0.5,none,True,True
134224,1.0,0.0,0.5,none,True,True
134225,1.0,0.0,0.5,none,True,True
134226,1.0,0.0,0.5,none,True,True
134227,1.0,0.0,0.5,none,True,True
134228,1.0,0.0,0.5,none,True,True
134229,1.0,0.0,0.5,none,True,True
134230,1.0,0.0,0.5,none,True,True
134231,1.0,0.0,0.5,none,True,True
134232,1.0,0.0,0.5,none,True,True
134233,1.0,0.0,0.5,none,True,True
134234,1.0,0.0,0.5,none,True,True
134235,1.0,0.0,0.5,none,True,True
134236,1.0,0.0,0.5,none,True,True
134237,1.0,0.0,0.5,none,True,True
134238,1.0,0.0,0.5,none,True,True
134239,1.0,0.0,0.5,none,True,True
134240,1.0,0.0,0.5,none,True,True
134241,1.0,0.0,0.5,none,True,True
134242,1.0,0.0,0.5,none,True,True
134243,1.0,0.0,0.5,none,True,True
134244,1.0,0.0,0.5,none,True,True
134245,1.0,0.0,0.5,none,True,True
134246,1.0,0.0,0.5,none,True,True
134247,1.0,0.0,0.5,none,True,True
134248,1.0,0.0,0.5,none,True,True
134249,1.0,0.0,0.5,none,True,True
134250,1.0,0.0,0.5,none,True,True
134251,1.0,0.0,0.5,none,True,True
134252,1.0,0.0,0.5,none,True,True
134253,1.0,0.0,0.5,none,True,True
134254,1.0,0.0,0.5,none,True,True
134255,1.0,0.0,0.5,none,True,True
134256,1.0,0.0,0.5,none,True,True
134257,1.0,0.0,0.5,none,True,True
134258,1.0,0.0,0.5,none,True,True
134259,1.0,0.0,0.5,none,True,True
134260,1.0,0.0,0.5,none,True,True
134261,1.0,0.0,0.5,none,True,True
134262,1.0,0.0,0.5,none,True,True
134263,1.0,0.0,0.5,none,True,True
134264,1.0,0.0,0.5,none,True,True
134265,1.0,0.0,0.5,none,True,True
134266,1.0,0.0,0.5,none,True,True
134267,1.0,0.0,0.5,none,True,True
134268,1.0,0.0,0.5,none,True,True
134269,1.0,0.0,0.5,none,True,True
134270,1.0,0.0,0.5,none,True,True
134271,1.0,0.0,0.5,none,True,True
134272,1.0,0.0,0.5,none,True,True
134273,1.0,0.0,0.5,none,True,True
134274,1.0,0.0,0.5,none,True,True
134275,1.0,0.0,0.5,none,True,True
134276,1.0,0.0,0.5,none,True,True
134277,1.0,0.0,0.5,none,True,True
134278,1.0,0.0,0.5,none,True,True
134279,1.0,0.0,0.5,none,True,True
134280,1.0,0.0,0.5,none,True,True
134281,1.0,0.0,0.5,none,True,True
134282,1.0,0.0,0.5,none,True,True
134283,1.0,0.0,0.5,none,True,True
134284,1.0,0.0,0.5,none,True,True
134285,1.0,0.0,0.5,none,True,True
134286,1.0,0.0,0.5,none,True,True
134287,1.0,0.0,0.5,none,True,True
134288,1.0,0.0,0.5,none,True,True
134289,1.0,0.0,0.5,none,True,True
134290,1.0,0.0,0.5,none,True,True
134291,1.0,0.0,0.5,none,True,True
134292,1.0,0.0,0.5,none,True,True
134293,1.0,0.0,0.5,none,True,True
134294,1.0,0.0,0.5,none,True,True
134295,1.0,0.0,0.5,none,True,True
134296,1.0,0.0,0.5,none,True,True
134297,1.0,0.0,0.5,none,True,True
134298,1.0,0.0,0.5,none,True,True
134299,1.0,0.0,0.5,none,True,True
134300,1.0,0.0,0.5,none,True,True
134301,1.0,0.0,0.5,none,True,True
134302,1.0,0.0,0.5,none,True,True
134303,1.0,0.0,0.5,none,True,True
134304,1.0,0.0,0.5,none,True,True
134305,1.0,0.0,0.5,none,True,True
134306,1.0,0.0,0.5,none,True,True
134307,1.0,0.0,0.5,none,True,True
134308,1.0,0.0,0.5,none,True,True
134309,1.0,0.0,0.5,none,True,True
134310,1.0,0.0,0.5,none,True,True
134311,1.0,0.0,0.5,none,True,True
134312,1.0,0.0,0.5,none,True,True
134313,1.0,0.0,0.5,none,True,True
134314,1.0,0.0,0.5,none,True,True
134315,1.0,0.0,0.5,none,True,True
134316,1.0,0.0,0.5,none,True,True
134317,1.0,0.0,0.5,none,True,True
134318,1.0,0.0,0.5,none,True,True
134319,1.0,0.0,0.5,none,True,True
134320,1.0,0.0,0.5,none,True,True
134321,1.0,0.0,0.5,none,True,True
134322,1.0,0.0,0.5,none,True,True
134323,1.0,0.0,0.5,none,True,True
134324,1.0,0.0,0.5,none,True,True
134325,1.0,0.0,0.5,none,True,True
134326,1.0,0.0,0.5,none,True,True
134327,1.0,0.0,0.5,none,True,True
134328,1.0,0.0,0.5,none,True,True
134329,1.0,0.0,0.5,none,True,True
134330,1.0,0.0,0.5,none,True,True
134331,1.0,0.0,0.5,none,True,True
134332,1.0,0.0,0.5,none,True,True
134333,1.0,0.0,0.5,none,True,True
134334,1.0,0.0,0.5,none,True,True
134335,1.0,0.0,0.5,none,True,True
134336,1.0,0.0,0.5,none,True,True
134337,1.0,0.0,0.5,none,True,True
134338,1.0,0.0,0.5,none,True,True
134339,1.0,0.0,0.5,none,True,True
134340,1.0,0.0,0.5,none,True,True
134341,1.0,0.0,0.5,none,True,True
134342,1.0,0.0,0.5,none,True,True
134343,1.0,0.0,0.5,none,True,True
134344,1.0,0.0,0.5,none,True,True
134345,1.0,0.0,0.5,none,True,True
134346,1.0,0.0,0.5,none,True,True
134347,1.0,0.0,0.5,none,True,True
134348,1.0,0.0,0.5,none,True,True
134349,1.0,0.0,0.5,none,True,True
134350,1.0,0.0,0.5,none,True,True
134351,1.0,0.0,0.5,none,True,True
134352,1.0,0.0,0.5,none,True,True
134353,1.0,0.0,0.5,none,True,True
134354,1.0,0.0,0.5,none,True,True
134355,1.0,0.0,0.5,none,True,True
134356,1.0,0.0,0.5,none,True,True
134357,1.0,0.0,0.5,none,True,True
134358,1.0,0.0,0.5,none,True,True
134359,1.0,0.0,0.5,none,True,True
134360,1.0,0.0,0.5,none,True,True
134361,1.0,0.0,0.5,none,True,True
134362,1.0,0.0,0.5,none,True,True
134363,1.0,0.0,0.5,none,True,True
134364,1.0,0.0,0.5,none,True,True
134365,1.0,0.0,0.5,none,True,True
134366,1.0,0.0,0.5,none,True,True
134367,1.0,0.0,0.5,none,True,True
134368,1.0,0.0,0.5,none,True,True
134369,1.0,0.0,0.5,none,True,True
134370,1.0,0.0,0.5,none,True,True
134371,1.0,0.0,0.5,none,True,True
134372,1.0,0.0,0.5,none,True,True
134373,1.0,0.0,0.5,none,True,True
134374,1.0,0.0,0.5,none,True,True
134375,1.0,0.0,0.5,none,True,True
134376,1.0,0.0,0.5,none,True,True
134377,1.0,0.0,0.5,none,True,True
134378,1.0,0.0,0.5,none,True,True
134379,1.0,0.0,0.5,none,True,True
134380,1.0,0.0,0.5,none,True,True
134381,1.0,0.0,0.5,none,True,True
134382,1.0,0.0,0.5,none,True,True
134383,1.0,0.0,0.5,none,True,True
134384,1.0,0.0,0.5,none,True,True
134385,1.0,0.0,0.5,none,True,True
134386,1.0,0.0,0.5,none,True,True
134387,1.0,0.0,0.5,none,True,True
134388,1.0,0.0,0.5,none,True,True
134389,1.0,0.0,0.5,none,True,True
134390,1.0,0.0,0.5,none,True,True
134391,1.0,0.0,0.5,none,True,True
134392,1.0,0.0,0.5,none,True,True
134393,1.0,0.0,0.5,none,True,True
134394,1.0,0.0,0.5,none,True,True
134395,1.0,0.0,0.5,none,True,True
134396,1.0,0.0,0.5,none,True,True
134397,1.0,0.0,0.5,none,True,True
134398,1.0,0.0,0.5,none,True,True
134399,1.0,0.0,0.5,none,True,True
134400,1.0,0.0061,0.5,none,True,True
134401,1.0,0.0357,0.5,none,True,True
134402,1.0,0.0812,0.5,none,True,True
134403,1.0,0.1113,0.5,none,True,True
134404,1.0,0.1253,0.5,none,True,True
134405,1.0,0.1408,0.5,none,True,True
134406,1.0,0.0907,0.5,none,True,True
134407,1.0,0.1198,0.5,none,True,True
134408,1.0,0.0467,0.5,none,True,True
134409,1.0,0.0522,0.5,none,True,True
134410,1.0,0.0405,0.5,none,True,True
134411,1.0,0.0313,0.5,none,True,True
134412,1.0,0.0083,0.5,none,True,True
134413,1.0,0.0726,0.5,none,True,True
134414,1.0,0.0793,0.5,none,True,True
134415,1.0,0.0581,0.5,none,True,True
134416,1.0,0.0955,0.5,none,True,True
134417,1.0,0.0839,0.5,none,True,True
134418,1.0,0.0648,0.5,none,True,True
134419,1.0,0.0718,0.5,none,True,True
134420,1.0,0.0589,0.5,none,True,True
134421,1.0,0.0403,0.5,none,True,True
134422,1.0,0.0327,0.5,none,True,True
134423,1.0,0.0277,0.5,none,True,True
134424,1.0,0.017,0.5,none,True,True
134425,1.0,0.0102,0.5,none,True,True
134426,1.0,0.0099,0.5,none,True,True
134427,1.0,0.008,0.5,none,True,True
134428,1.0,0.005,0.5,none,True,True
134429,1.0,0.0063,0.5,none,True,True
134430,1.0,0.009,0.5,none,True,True
134431,1.0,0.0096,0.5,none,True,True
134432,1.0,0.0108,0.5,none,True,True
134433,1.0,0.014,0.5,none,True,True
134434,1.0,0.0161,0.5,none,True,True
134435,1.0,0.0167,0.5,none,True,True
134436,1.0,0.0182,0.5,none,True,True
134437,1.0,0.0196,0.5,none,True,True
134438,1.0,0.0197,0.5,none,True,True
134439,1.0,0.0193,0.5,none,True,True
134440,1.0,0.0193,0.5,none,True,True
134441,1.0,0.0187,0.5,none,True,True
134442,1.0,0.0174,0.5,none,True,True
134443,1.0,0.0163,0.5,none,True,True
134444,1.0,0.0152,0.5,none,True,True
134445,1.0,0.0138,0.5,none,True,True
134446,1.0,0.0123,0.5,none,True,True
134447,1.0,0.0111,0.5,none,True,True
134448,1.0,0.01,0.5,none,True,True
134449,1.0,0.0088,0.5,none,True,True
134450,1.0,0.0078,0.5,none,True,True
134451,1.0,0.0071,0.5,none,True,True
134452,1.0,0.0064,0.5,none,True,True
134453,1.0,0.0057,0.5,none,True,True
134454,1.0,0.0053,0.5,none,True,True
134455,1.0,0.005,0.5,none,True,True
134456,1.0,0.0047,0.5,none,True,True
134457,1.0,0.0045,0.5,none,True,True
134458,1.0,0.0044,0.5,none,True,True
134459,1.0,0.0043,0.5,none,True,True
134460,1.0,0.0042,0.5,none,True,True
134461,1.0,0.0041,0.5,none,True,True
134462,1.0,0.004,0.5,none,True,True
134463,1.0,0.0039,0.5,none,True,True
134464,1.0,0.0038,0.5,none,True,True
134465,1.0,0.0037,0.5,none,True,True
134466,1.0,0.0035,0.5,none,True,True
134467,1.0,0.0033,0.5,none,True,True
134468,1.0,0.0032,0.5,none,True,True
134469,1.0,0.003,0.5,none,True,True
134470,1.0,0.0028,0.5,none,True,True
134471,1.0,0.0026,0.5,none,True,True
134472,1.0,0.0024,0.5,none,True,True
134473,1.0,0.0023,0.5,none,True,True
134474,1.0,0.0021,0.5,none,True,True
134475,1.0,0.0019,0.5,none,True,True
134476,1.0,0.0018,0.5,none,True,True
134477,1.0,0.0017,0.5,none,True,True
134478,1.0,0.0015,0.5,none,True,True
134479,1.0,0.0014,0.5,none,True,True
134480,1.0,0.0013,0.5,none,True,True
134481,1.0,0.0013,0.5,none,True,True
134482,1.0,0.0012,0.5,none,True,True
134483,1.0,0.0011,0.5,none,True,True
134484,1.0,0.0011,0.5,none,True,True
134485,1.0,0.001,0.5,none,True,True
134486,1.0,0.001,0.5,none,True,True
134487,1.0,0.0009,0.5,none,True,True
134488,1.0,0.0009,0.5,none,True,True
134489,1.0,0.0008,0.5,none,True,True
134490,1.0,0.0008,0.5,none,True,True
134491,1.0,0.0008,0.5,none,True,True
134492,1.0,0.0007,0.5,none,True,True
134493,1.0,0.0007,0.5,none,True,True
134494,1.0,0.0006,0.5,none,True,True
134495,1.0,0.0006,0.5,none,True,True
134496,1.0,0.0006,0.5,none,True,True
134497,1.0,0.0005,0.5,none,True,True
134498,1.0,0.0005,0.5,none,True,True
134499,1.0,0.0005,0.5,none,True,True
134500,1.0,0.0004,0.5,none,True,True
134501,1.0,0.0004,0.5,none,True,True
134502,1.0,0.0004,0.5,none,True,True
134503,1.0,0.0004,0.5,none,True,True
134504,1.0,0.0003,0.5,none,True,True
134505,1.0,0.0003,0.5,none,True,True
134506,1.0,0.0003,0.5,none,True,True
134507,1.0,0.0003,0.5,none,True,True
134508,1.0,0.0003,0.5,none,True,True
134509,1.0,0.0003,0.5,none,True,True
134510,1.0,0.0002,0.5,none,True,True
134511,1.0,0.0002,0.5,none,True,True
134512,1.0,0.0002,0.5,none,True,True
134513,1.0,0.0002,0.5,none,True,True
134514,1.0,0.0002,0.5,none,True,True
134515,1.0,0.0002,0.5,none,True,True
134516,1.0,0.0002,0.5,none,True,True
134517,1.0,0.0002,0.5,none,True,True
134518,1.0,0.0002,0.5,none,True,True
134519,1.0,0.0001,0.5,none,True,True
134520,1.0,0.0001,0.5,none,True,True
134521,1.0,0.0001,0.5,none,True,True
134522,1.0,0.0001,0.5,none,True,True
134523,1.0,0.0001,0.5,none,True,True
134524,1.0,0.0001,0.5,none,True,True
134525,1.0,0.0001,0.5,none,True,True
134526,1.0,0.0001,0.5,none,True,True
134527,1.0,0.0001,0.5,none,True,True
134528,1.0,0.0001,0.5,none,True,True
134529,1.0,0.0001,0.5,none,True,True
134530,1.0,0.0001,0.5,none,True,True
134531,1.0,0.0001,0.5,none,True,True
134532,1.0,0.0001,0.5,none,True,True
134533,1.0,0.0001,0.5,none,True,True
134534,1.0,0.0001,0.5,none,True,True
134535,1.0,0.0001,0.5,none,True,True
134536,1.0,0.0001,0.5,none,True,True
134537,1.0,0.0,0.5,none,True,True
134538,1.0,0.0,0.5,none,True,True
134539,1.0,0.0,0.5,none,True,True
134540,1.0,0.0,0.5,none,True,True
134541,1.0,0.0,0.5,none,True,True
134542,1.0,0.0,0.5,none,True,True
134543,1.0,0.0,0.5,none,True,True
134544,1.0,0.0,0.5,none,True,True
134545,1.0,0.0,0.5,none,True,True
134546,1.0,0.0,0.5,none,True,True
134547,1.0,0.0,0.5,none,True,True
134548,1.0,0.0,0.5,none,True,True
134549,1.0,0.0,0.5,none,True,True
134550,1.0,0.0,0.5,none,True,True
134551,1.0,0.0,0.5,none,True,True
134552,1.0,0.0,0.5,none,True,True
134553,1.0,0.0,0.5,none,True,True
134554,1.0,0.0,0.5,none,True,True
134555,1.0,0.0,0.5,none,True,True
134556,1.0,0.0,0.5,none,True,True
134557,1.0,0.0,0.5,none,True,True
134558,1.0,0.0,0.5,none,True,True
134559,1.0,0.0,0.5,none,True,True
134560,1.0,0.0,0.5,none,True,True
134561,1.0,0.0,0.5,none,True,True
134562,1.0,0.0,0.5,none,True,True
134563,1.0,0.0,0.5,none,True,True
134564,1.0,0.0,0.5,none,True,True
134565,1.0,0.0,0.5,none,True,True
134566,1.0,0.0,0.5,none,True,True
134567,1.0,0.0,0.5,none,True,True
134568,1.0,0.0,0.5,none,True,True
134569,1.0,0.0,0.5,none,True,True
134570,1.0,0.0,0.5,none,True,True
134571,1.0,0.0,0.5,none,True,True
134572,1.0,0.0,0.5,none,True,True
134573,1.0,0.0,0.5,none,True,True
134574,1.0,0.0,0.5,none,True,True
134575,1.0,0.0,0.5,none,True,True
134576,1.0,0.0,0.5,none,True,True
134577,1.0,0.0,0.5,none,True,True
134578,1.0,0.0,0.5,none,True,True
134579,1.0,0.0,0.5,none,True,True
134580,1.0,0.0,0.5,none,True,True
134581,1.0,0.0,0.5,none,True,True
134582,1.0,0.0,0.5,none,True,True
134583,1.0,0.0,0.5,none,True,True
134584,1.0,0.0,0.5,none,True,True
134585,1.0,0.0,0.5,none,True,True
134586,1.0,0.0,0.5,none,True,True
134587,1.0,0.0,0.5,none,True,True
134588,1.0,0.0,0.5,none,True,True
134589,1.0,0.0,0.5,none,True,True
134590,1.0,0.0,0.5,none,True,True
134591,1.0,0.0,0.5,none,True,True
134592,1.0,0.0,0.5,none,True,True
134593,1.0,0.0,0.5,none,True,True
134594,1.0,0.0,0.5,none,True,True
134595,1.0,0.0,0.5,none,True,True
134596,1.0,0.0,0.5,none,True,True
134597,1.0,0.0,0.5,none,True,True
134598,1.0,0.0,0.5,none,True,True
134599,1.0,0.0,0.5,none,True,True
134600,1.0,0.0,0.5,none,True,True
134601,1.0,0.0,0.5,none,True,True
134602,1.0,0.0,0.5,none,True,True
134603,1.0,0.0,0.5,none,True,True
134604,1.0,0.0,0.5,none,True,True
134605,1.0,0.0,0.5,none,True,True
134606,1.0,0.0,0.5,none,True,True
134607,1.0,0.0,0.5,none,True,True
134608,1.0,0.0,0.5,none,True,True
134609,1.0,0.0,0.5,none,True,True
134610,1.0,0.0,0.5,none,True,True
134611,1.0,0.0,0.5,none,True,True
134612,1.0,0.0,0.5,none,True,True
134613,1.0,0.0,0.5,none,True,True
134614,1.0,0.0,0.5,none,True,True
134615,1.0,0.0,0.5,none,True,True
134616,1.0,0.0,0.5,none,True,True
134617,1.0,0.0,0.5,none,True,True
134618,1.0,0.0,0.5,none,True,True
134619,1.0,0.0,0.5,none,True,True
134620,1.0,0.0,0.5,none,True,True
134621,1.0,0.0,0.5,none,True,True
134622,1.0,0.0,0.5,none,True,True
134623,1.0,0.0,0.5,none,True,True
134624,1.0,0.0,0.5,none,True,True
134625,1.0,0.0,0.5,none,True,True
134626,1.0,0.0,0.5,none,True,True
134627,1.0,0.0,0.5,none,True,True
134628,1.0,0.0,0.5,none,True,True
134629,1.0,0.0,0.5,none,True,True
134630,1.0,0.0,0.5,none,True,True
134631,1.0,0.0,0.5,none,True,True
134632,1.0,0.0,0.5,none,True,True
134633,1.0,0.0,0.5,none,True,True
134634,1.0,0.0,0.5,none,True,True
134635,1.0,0.0,0.5,none,True,True
134636,1.0,0.0,0.5,none,True,True
134637,1.0,0.0,0.5,none,True,True
134638,1.0,0.0,0.5,none,True,True
134639,1.0,0.0,0.5,none,True,True
134640,1.0,0.0,0.5,none,True,True
134641,1.0,0.0,0.5,none,True,True
134642,1.0,0.0,0.5,none,True,True
134643,1.0,0.0,0.5,none,True,True
134644,1.0,0.0,0.5,none,True,True
134645,1.0,0.0,0.5,none,True,True
134646,1.0,0.0,0.5,none,True,True
134647,1.0,0.0,0.5,none,True,True
134648,1.0,0.0,0.5,none,True,True
134649,1.0,0.0,0.5,none,True,True
134650,1.0,0.0,0.5,none,True,True
134651,1.0,0.0,0.5,none,True,True
134652,1.0,0.0,0.5,none,True,True
134653,1.0,0.0,0.5,none,True,True
134654,1.0,0.0,0.5,none,True,True
134655,1.0,0.0,0.5,none,True,True
134656,1.0,0.0,0.5,none,True,True
134657,1.0,0.0,0.5,none,True,True
134658,1.0,0.0,0.5,none,True,True
134659,1.0,0.0,0.5,none,True,True
134660,1.0,0.0,0.5,none,True,True
134661,1.0,0.0,0.5,none,True,True
134662,1.0,0.0,0.5,none,True,True
134663,1.0,0.0,0.5,none,True,True
134664,1.0,0.0,0.5,none,True,True
134665,1.0,0.0,0.5,none,True,True
134666,1.0,0.0,0.5,none,True,True
134667,1.0,0.0,0.5,none,True,True
134668,1.0,0.0,0.5,none,True,True
134669,1.0,0.0,0.5,none,True,True
134670,1.0,0.0,0.5,none,True,True
134671,1.0,0.0,0.5,none,True,True
134672,1.0,0.0,0.5,none,True,True
134673,1.0,0.0,0.5,none,True,True
134674,1.0,0.0,0.5,none,True,True
134675,1.0,0.0,0.5,none,True,True
134676,1.0,0.0,0.5,none,True,True
134677,1.0,0.0,0.5,none,True,True
134678,1.0,0.0,0.5,none,True,True
134679,1.0,0.0,0.5,none,True,True
134680,1.0,0.0,0.5,none,True,True
134681,1.0,0.0,0.5,none,True,True
134682,1.0,0.0,0.5,none,True,True
134683,1.0,0.0,0.5,none,True,True
134684,1.0,0.0,0.5,none,True,True
134685,1.0,0.0,0.5,none,True,True
134686,1.0,0.0,0.5,none,True,True
134687,1.0,0.0,0.5,none,True,True
134688,1.0,0.0,0.5,none,True,True
134689,1.0,0.0,0.5,none,True,True
134690,1.0,0.0,0.5,none,True,True
134691,1.0,0.0,0.5,none,True,True
134692,1.0,0.0,0.5,none,True,True
134693,1.0,0.0,0.5,none,True,True
134694,1.0,0.0,0.5,none,True,True
134695,1.0,0.0,0.5,none,True,True
134696,1.0,0.0,0.5,none,True,True
134697,1.0,0.0,0.5,none,True,True
134698,1.0,0.0,0.5,none,True,True
134699,1.0,0.0,0.5,none,True,True
134700,1.0,0.0,0.5,none,True,True
134701,1.0,0.0,0.5,none,True,True
134702,1.0,0.0,0.5,none,True,True
134703,1.0,0.0,0.5,none,True,True
134704,1.0,0.0,0.5,none,True,True
134705,1.0,0.0,0.5,none,True,True
134706,1.0,0.0,0.5,none,True,True
134707,1.0,0.0,0.5,none,True,True
134708,1.0,0.0,0.5,none,True,True
134709,1.0,0.0,0.5,none,True,True
134710,1.0,0.0,0.5,none,True,True
134711,1.0,0.0,0.5,none,True,True
134712,1.0,0.0,0.5,none,True,True
134713,1.0,0.0,0.5,none,True,True
134714,1.0,0.0,0.5,none,True,True
134715,1.0,0.0,0.5,none,True,True
134716,1.0,0.0,0.5,none,True,True
134717,1.0,0.0,0.5,none,True,True
134718,1.0,0.0,0.5,none,True,True
134719,1.0,0.0,0.5,none,True,True
134720,1.0,0.0,0.5,none,True,True
134721,1.0,0.0,0.5,none,True,True
134722,1.0,0.0,0.5,none,True,True
134723,1.0,0.0,0.5,none,True,True
134724,1.0,0.0,0.5,none,True,True
134725,1.0,0.0,0.5,none,True,True
134726,1.0,0.0,0.5,none,True,True
134727,1.0,0.0,0.5,none,True,True
134728,1.0,0.0,0.5,none,True,True
134729,1.0,0.0,0.5,none,True,True
134730,1.0,0.0,0.5,none,True,True
134731,1.0,0.0,0.5,none,True,True
134732,1.0,0.0,0.5,none,True,True
134733,1.0,0.0,0.5,none,True,True
134734,1.0,0.0,0.5,none,True,True
134735,1.0,0.0,0.5,none,True,True
134736,1.0,0.0,0.5,none,True,True
134737,1.0,0.0,0.5,none,True,True
134738,1.0,0.0,0.5,none,True,True
134739,1.0,0.0,0.5,none,True,True
134740,1.0,0.0,0.5,none,True,True
134741,1.0,0.0,0.5,none,True,True
134742,1.0,0.0,0.5,none,True,True
134743,1.0,0.0,0.5,none,True,True
134744,1.0,0.0,0.5,none,True,True
134745,1.0,0.0,0.5,none,True,True
134746,1.0,0.0,0.5,none,True,True
134747,1.0,0.0,0.5,none,True,True
134748,1.0,0.0,0.5,none,True,True
134749,1.0,0.0,0.5,none,True,True
134750,1.0,0.0,0.5,none,True,True
134751,1.0,0.0,0.5,none,True,True
134752,1.0,0.0,0.5,none,True,True
134753,1.0,0.0,0.5,none,True,True
134754,1.0,0.0,0.5,none,True,True
134755,1.0,0.0,0.5,none,True,True
134756,1.0,0.0,0.5,none,True,True
134757,1.0,0.0,0.5,none,True,True
134758,1.0,0.0,0.5,none,True,True
134759,1.0,0.0,0.5,none,True,True
134760,1.0,0.0,0.5,none,True,True
134761,1.0,0.0,0.5,none,True,True
134762,1.0,0.0,0.5,none,True,True
134763,1.0,0.0,0.5,none,True,True
134764,1.0,0.0,0.5,none,True,True
134765,1.0,0.0,0.5,none,True,True
134766,1.0,0.0,0.5,none,True,True
134767,1.0,0.0,0.5,none,True,True
134768,1.0,0.0,0.5,none,True,True
134769,1.0,0.0,0.5,none,True,True
134770,1.0,0.0,0.5,none,True,True
134771,1.0,0.0,0.5,none,True,True
134772,1.0,0.0,0.5,none,True,True
134773,1.0,0.0,0.5,none,True,True
134774,1.0,0.0,0.5,none,True,True
134775,1.0,0.0,0.5,none,True,True
134776,1.0,0.0,0.5,none,True,True
134777,1.0,0.0,0.5,none,True,True
134778,1.0,0.0,0.5,none,True,True
134779,1.0,0.0,0.5,none,True,True
134780,1.0,0.0,0.5,none,True,True
134781,1.0,0.0,0.5,none,True,True
134782,1.0,0.0,0.5,none,True,True
134783,1.0,0.0,0.5,none,True,True
134784,1.0,0.0,0.5,none,True,True
134785,1.0,0.0,0.5,none,True,True
134786,1.0,0.0,0.5,none,True,True
134787,1.0,0.0,0.5,none,True,True
134788,1.0,0.0,0.5,none,True,True
134789,1.0,0.0,0.5,none,True,True
134790,1.0,0.0,0.5,none,True,True
134791,1.0,0.0,0.5,none,True,True
134792,1.0,0.0,0.5,none,True,True
134793,1.0,0.0,0.5,none,True,True
134794,1.0,0.0,0.5,none,True,True
134795,1.0,0.0,0.5,none,True,True
134796,1.0,0.0,0.5,none,True,True
134797,1.0,0.0,0.5,none,True,True
134798,1.0,0.0,0.5,none,True,True
134799,1.0,0.0,0.5,none,True,True
134800,1.0,0.0,0.5,none,True,True
134801,1.0,0.0,0.5,none,True,True
134802,1.0,0.0,0.5,none,True,True
134803,1.0,0.0,0.5,none,True,True
134804,1.0,0.0,0.5,none,True,True
134805,1.0,0.0,0.5,none,True,True
134806,1.0,0.0,0.5,none,True,True
134807,1.0,0.0,0.5,none,True,True
134808,1.0,0.0,0.5,none,True,True
134809,1.0,0.0,0.5,none,True,True
134810,1.0,0.0,0.5,none,True,True
134811,1.0,0.0,0.5,none,True,True
134812,1.0,0.0,0.5,none,True,True
134813,1.0,0.0,0.5,none,True,True
134814,1.0,0.0,0.5,none,True,True
134815,1.0,0.0,0.5,none,True,True
134816,1.0,0.0,0.5,none,True,True
134817,1.0,0.0,0.5,none,True,True
134818,1.0,0.0,0.5,none,True,True
134819,1.0,0.0,0.5,none,True,True
134820,1.0,0.0,0.5,none,True,True
134821,1.0,0.0,0.5,none,True,True
134822,1.0,0.0,0.5,none,True,True
134823,1.0,0.0,0.5,none,True,True
134824,1.0,0.0,0.5,none,True,True
134825,1.0,0.0,0.5,none,True,True
134826,1.0,0.0,0.5,none,True,True
134827,1.0,0.0,0.5,none,True,True
134828,1.0,0.0,0.5,none,True,True
134829,1.0,0.0,0.5,none,True,True
134830,1.0,0.0,0.5,none,True,True
134831,1.0,0.0,0.5,none,True,True
134832,1.0,0.0,0.5,none,True,True
134833,1.0,0.0,0.5,none,True,True
134834,1.0,0.0,0.5,none,True,True
134835,1.0,0.0,0.5,none,True,True
134836,1.0,0.0,0.5,none,True,True
134837,1.0,0.0,0.5,none,True,True
134838,1.0,0.0,0.5,none,True,True
134839,1.0,0.0,0.5,none,True,True
134840,1.0,0.0,0.5,none,True,True
134841,1.0,0.0,0.5,none,True,True
134842,1.0,0.0,0.5,none,True,True
134843,1.0,0.0,0.5,none,True,True
134844,1.0,0.0,0.5,none,True,True
134845,1.0,0.0,0.5,none,True,True
134846,1.0,0.0,0.5,none,True,True
134847,1.0,0.0,0.5,none,True,True
134848,1.0,0.0,0.5,none,True,True
134849,1.0,0.0,0.5,none,True,True
134850,1.0,0.0,0.5,none,True,True
134851,1.0,0.0,0.5,none,True,True
134852,1.0,0.0,0.5,none,True,True
134853,1.0,0.0,0.5,none,True,True
134854,1.0,0.0,0.5,none,True,True
134855,1.0,0.0,0.5,none,True,True
134856,1.0,0.0,0.5,none,True,True
134857,1.0,0.0,0.5,none,True,True
134858,1.0,0.0,0.5,none,True,True
134859,1.0,0.0,0.5,none,True,True
134860,1.0,0.0,0.5,none,True,True
134861,1.0,0.0,0.5,none,True,True
134862,1.0,0.0,0.5,none,True,True
134863,1.0,0.0,0.5,none,True,True
134864,1.0,0.0,0.5,none,True,True
134865,1.0,0.0,0.5,none,True,True
134866,1.0,0.0,0.5,none,True,True
134867,1.0,0.0,0.5,none,True,True
134868,1.0,0.0,0.5,none,True,True
134869,1.0,0.0,0.5,none,True,True
134870,1.0,0.0,0.5,none,True,True
134871,1.0,0.0,0.5,none,True,True
134872,1.0,0.0,0.5,none,True,True
134873,1.0,0.0,0.5,none,True,True
134874,1.0,0.0,0.5,none,True,True
134875,1.0,0.0,0.5,none,True,True
134876,1.0,0.0,0.5,none,True,True
134877,1.0,0.0,0.5,none,True,True
134878,1.0,0.0,0.5,none,True,True
134879,1.0,0.0,0.5,none,True,True
134880,1.0,0.0,0.5,none,True,True
134881,1.0,0.0,0.5,none,True,True
134882,1.0,0.0,0.5,none,True,True
134883,1.0,0.0,0.5,none,True,True
134884,1.0,0.0,0.5,none,True,True
134885,1.0,0.0,0.5,none,True,True
134886,1.0,0.0,0.5,none,True,True
134887,1.0,0.0,0.5,none,True,True
134888,1.0,0.0,0.5,none,True,True
134889,1.0,0.0,0.5,none,True,True
134890,1.0,0.0,0.5,none,True,True
134891,1.0,0.0,0.5,none,True,True
134892,1.0,0.0,0.5,none,True,True
134893,1.0,0.0,0.5,none,True,True
134894,1.0,0.0,0.5,none,True,True
134895,1.0,0.0,0.5,none,True,True
134896,1.0,0.0,0.5,none,True,True
134897,1.0,0.0,0.5,none,True,True
134898,1.0,0.0,0.5,none,True,True
134899,1.0,0.0,0.5,none,True,True
134900,1.0,0.0,0.5,none,True,True
134901,1.0,0.0,0.5,none,True,True
134902,1.0,0.0,0.5,none,True,True
134903,1.0,0.0,0.5,none,True,True
134904,1.0,0.0,0.5,none,True,True
134905,1.0,0.0,0.5,none,True,True
134906,1.0,0.0,0.5,none,True,True
134907,1.0,0.0,0.5,none,True,True
134908,1.0,0.0,0.5,none,True,True
134909,1.0,0.0,0.5,none,True,True
134910,1.0,0.0,0.5,none,True,True
134911,1.0,0.0,0.5,none,True,True
134912,1.0,0.0,0.5,none,True,True
134913,1.0,0.0,0.5,none,True,True
134914,1.0,0.0,0.5,none,True,True
134915,1.0,0.0,0.5,none,True,True
134916,1.0,0.0,0.5,none,True,True
134917,1.0,0.0,0.5,none,True,True
134918,1.0,0.0,0.5,none,True,True
134919,1.0,0.0,0.5,none,True,True
134920,1.0,0.0,0.5,none,True,True
134921,1.0,0.0,0.5,none,True,True
134922,1.0,0.0,0.5,none,True,True
134923,1.0,0.0,0.5,none,True,True
134924,1.0,0.0,0.5,none,True,True
134925,1.0,0.0,0.5,none,True,True
134926,1.0,0.0,0.5,none,True,True
134927,1.0,0.0,0.5,none,True,True
134928,1.0,0.0,0.5,none,True,True
134929,1.0,0.0,0.5,none,True,True
134930,1.0,0.0,0.5,none,True,True
134931,1.0,0.0,0.5,none,True,True
134932,1.0,0.0,0.5,none,True,True
134933,1.0,0.0,0.5,none,True,True
134934,1.0,0.0,0.5,none,True,True
134935,1.0,0.0,0.5,none,True,True
134936,1.0,0.0,0.5,none,True,True
134937,1.0,0.0,0.5,none,True,True
134938,1.0,0.0,0.5,none,True,True
134939,1.0,0.0,0.5,none,True,True
134940,1.0,0.0,0.5,none,True,True
134941,1.0,0.0,0.5,none,True,True
134942,1.0,0.0,0.5,none,True,True
134943,1.0,0.0,0.5,none,True,True
134944,1.0,0.0,0.5,none,True,True
134945,1.0,0.0,0.5,none,True,True
134946,1.0,0.0,0.5,none,True,True
134947,1.0,0.0,0.5,none,True,True
134948,1.0,0.0,0.5,none,True,True
134949,1.0,0.0,0.5,none,True,True
134950,1.0,0.0,0.5,none,True,True
134951,1.0,0.0,0.5,none,True,True
134952,1.0,0.0,0.5,none,True,True
134953,1.0,0.0,0.5,none,True,True
134954,1.0,0.0,0.5,none,True,True
134955,1.0,0.0,0.5,none,True,True
134956,1.0,0.0,0.5,none,True,True
134957,1.0,0.0,0.5,none,True,True
134958,1.0,0.0,0.5,none,True,True
134959,1.0,0.0,0.5,none,True,True
134960,1.0,0.0,0.5,none,True,True
134961,1.0,0.0,0.5,none,True,True
134962,1.0,0.0,0.5,none,True,True
134963,1.0,0.0,0.5,none,True,True
134964,1.0,0.0,0.5,none,True,True
134965,1.0,0.0,0.5,none,True,True
134966,1.0,0.0,0.5,none,True,True
134967,1.0,0.0,0.5,none,True,True
134968,1.0,0.0,0.5,none,True,True
134969,1.0,0.0,0.5,none,True,True
134970,1.0,0.0,0.5,none,True,True
134971,1.0,0.0,0.5,none,True,True
134972,1.0,0.0,0.5,none,True,True
134973,1.0,0.0,0.5,none,True,True
134974,1.0,0.0,0.5,none,True,True
134975,1.0,0.0,0.5,none,True,True
134976,1.0,0.0,0.5,none,True,True
134977,1.0,0.0,0.5,none,True,True
134978,1.0,0.0,0.5,none,True,True
134979,1.0,0.0,0.5,none,True,True
134980,1.0,0.0,0.5,none,True,True
134981,1.0,0.0,0.5,none,True,True
134982,1.0,0.0,0.5,none,True,True
134983,1.0,0.0,0.5,none,True,True
134984,1.0,0.0,0.5,none,True,True
134985,1.0,0.0,0.5,none,True,True
134986,1.0,0.0,0.5,none,True,True
134987,1.0,0.0,0.5,none,True,True
134988,1.0,0.0,0.5,none,True,True
134989,1.0,0.0,0.5,none,True,True
134990,1.0,0.0,0.5,none,True,True
134991,1.0,0.0,0.5,none,True,True
134992,1.0,0.0,0.5,none,True,True
134993,1.0,0.0,0.5,none,True,True
134994,1.0,0.0,0.5,none,True,True
134995,1.0,0.0,0.5,none,True,True
134996,1.0,0.0,0.5,none,True,True
134997,1.0,0.0,0.5,none,True,True
134998,1.0,0.0,0.5,none,True,True
134999,1.0,0.0,0.5,none,True,True
135000,1.0,0.0,0.5,none,True,True
135001,1.0,0.0,0.5,none,True,True
135002,1.0,0.0,0.5,none,True,True
135003,1.0,0.0,0.5,none,True,True
135004,1.0,0.0,0.5,none,True,True
135005,1.0,0.0,0.5,none,True,True
135006,1.0,0.0,0.5,none,True,True
135007,1.0,0.0,0.5,none,True,True
135008,1.0,0.0,0.5,none,True,True
135009,1.0,0.0,0.5,none,True,True
135010,1.0,0.0,0.5,none,True,True
135011,1.0,0.0,0.5,none,True,True
135012,1.0,0.0,0.5,none,True,True
135013,1.0,0.0,0.5,none,True,True
135014,1.0,0.0,0.5,none,True,True
135015,1.0,0.0,0.5,none,True,True
135016,1.0,0.0,0.5,none,True,True
135017,1.0,0.0,0.5,none,True,True
135018,1.0,0.0,0.5,none,True,True
135019,1.0,0.0,0.5,none,True,True
135020,1.0,0.0,0.5,none,True,True
135021,1.0,0.0,0.5,none,True,True
135022,1.0,0.0,0.5,none,True,True
135023,1.0,0.0,0.5,none,True,True
135024,1.0,0.0,0.5,none,True,True
135025,1.0,0.0,0.5,none,True,True
135026,1.0,0.0,0.5,none,True,True
135027,1.0,0.0,0.5,none,True,True
135028,1.0,0.0,0.5,none,True,True
135029,1.0,0.0,0.5,none,True,True
135030,1.0,0.0,0.5,none,True,True
135031,1.0,0.0,0.5,none,True,True
135032,1.0,0.0,0.5,none,True,True
135033,1.0,0.0,0.5,none,True,True
135034,1.0,0.0,0.5,none,True,True
135035,1.0,0.0,0.5,none,True,True
135036,1.0,0.0,0.5,none,True,True
135037,1.0,0.0,0.5,none,True,True
135038,1.0,0.0,0.5,none,True,True
135039,1.0,0.0,0.5,none,True,True
135040,1.0,0.0,0.5,none,True,True
135041,1.0,0.0,0.5,none,True,True
135042,1.0,0.0,0.5,none,True,True
135043,1.0,0.0,0.5,none,True,True
135044,1.0,0.0,0.5,none,True,True
135045,1.0,0.0,0.5,none,True,True
135046,1.0,0.0,0.5,none,True,True
135047,1.0,0.0,0.5,none,True,True
135048,1.0,0.0,0.5,none,True,True
135049,1.0,0.0,0.5,none,True,True
135050,1.0,0.0,0.5,none,True,True
135051,1.0,0.0,0.5,none,True,True
135052,1.0,0.0,0.5,none,True,True
135053,1.0,0.0,0.5,none,True,True
135054,1.0,0.0,0.5,none,True,True
135055,1.0,0.0,0.5,none,True,True
135056,1.0,0.0,0.5,none,True,True
135057,1.0,0.0,0.5,none,True,True
135058,1.0,0.0,0.5,none,True,True
135059,1.0,0.0,0.5,none,True,True
135060,1.0,0.0,0.5,none,True,True
135061,1.0,0.0,0.5,none,True,True
135062,1.0,0.0,0.5,none,True,True
135063,1.0,0.0,0.5,none,True,True
135064,1.0,0.0,0.5,none,True,True
135065,1.0,0.0,0.5,none,True,True
135066,1.0,0.0,0.5,none,True,True
135067,1.0,0.0,0.5,none,True,True
135068,1.0,0.0,0.5,none,True,True
135069,1.0,0.0,0.5,none,True,True
135070,1.0,0.0,0.5,none,True,True
135071,1.0,0.0,0.5,none,True,True
135072,1.0,0.0,0.5,none,True,True
135073,1.0,0.0,0.5,none,True,True
135074,1.0,0.0,0.5,none,True,True
135075,1.0,0.0,0.5,none,True,True
135076,1.0,0.0,0.5,none,True,True
135077,1.0,0.0,0.5,none,True,True
135078,1.0,0.0,0.5,none,True,True
135079,1.0,0.0,0.5,none,True,True
135080,1.0,0.0,0.5,none,True,True
135081,1.0,0.0,0.5,none,True,True
135082,1.0,0.0,0.5,none,True,True
135083,1.0,0.0,0.5,none,True,True
135084,1.0,0.0,0.5,none,True,True
135085,1.0,0.0,0.5,none,True,True
135086,1.0,0.0,0.5,none,True,True
135087,1.0,0.0,0.5,none,True,True
135088,1.0,0.0,0.5,none,True,True
135089,1.0,0.0,0.5,none,True,True
135090,1.0,0.0,0.5,none,True,True
135091,1.0,0.0,0.5,none,True,True
135092,1.0,0.0,0.5,none,True,True
135093,1.0,0.0,0.5,none,True,True
135094,1.0,0.0,0.5,none,True,True
135095,1.0,0.0,0.5,none,True,True
135096,1.0,0.0,0.5,none,True,True
135097,1.0,0.0,0.5,none,True,True
135098,1.0,0.0,0.5,none,True,True
135099,1.0,0.0,0.5,none,True,True
135100,1.0,0.0061,0.5,none,True,True
135101,1.0,0.0357,0.5,none,True,True
135102,1.0,0.0812,0.5,none,True,True
135103,1.0,0.1113,0.5,none,True,True
135104,1.0,0.1253,0.5,none,True,True
135105,1.0,0.1408,0.5,none,True,True
135106,1.0,0.0907,0.5,none,True,True
135107,1.0,0.1198,0.5,none,True,True
135108,1.0,0.0467,0.5,none,True,True
135109,1.0,0.0522,0.5,none,True,True
135110,1.0,0.0405,0.5,none,True,True
135111,1.0,0.0313,0.5,none,True,True
135112,1.0,0.0083,0.5,none,True,True
135113,1.0,0.0726,0.5,none,True,True
135114,1.0,0.0793,0.5,none,True,True
135115,1.0,0.0581,0.5,none,True,True
135116,1.0,0.0955,0.5,none,True,True
135117,1.0,0.0839,0.5,none,True,True
135118,1.0,0.0648,0.5,none,True,True
135119,1.0,0.0718,0.5,none,True,True
135120,1.0,0.0589,0.5,none,True,True
135121,1.0,0.0403,0.5,none,True,True
135122,1.0,0.0327,0.5,none,True,True
135123,1.0,0.0277,0.5,none,True,True
135124,1.0,0.017,0.5,none,True,True
135125,1.0,0.0102,0.5,none,True,True
135126,1.0,0.0099,0.5,none,True,True
135127,1.0,0.008,0.5,none,True,True
135128,1.0,0.005,0.5,none,True,True
135129,1.0,0.0063,0.5,none,True,True
135130,1.0,0.009,0.5,none,True,True
135131,1.0,0.0096,0.5,none,True,True
135132,1.0,0.0108,0.5,none,True,True
135133,1.0,0.014,0.5,none,True,True
135134,1.0,0.0161,0.5,none,True,True
135135,1.0,0.0167,0.5,none,True,True
135136,1.0,0.0182,0.5,none,True,True
135137,1.0,0.0196,0.5,none,True,True
135138,1.0,0.0197,0.5,none,True,True
135139,1.0,0.0193,0.5,none,True,True
135140,1.0,0.0193,0.5,none,True,True
135141,1.0,0.0187,0.5,none,True,True
135142,1.0,0.0174,0.5,none,True,True
135143,1.0,0.0163,0.5,none,True,True
135144,1.0,0.0152,0.5,none,True,True
135145,1.0,0.0138,0.5,none,True,True
135146,1.0,0.0123,0.5,none,True,True
135147,1.0,0.0111,0.5,none,True,True
135148,1.0,0.01,0.5,none,True,True
135149,1.0,0.0088,0.5,none,True,True
135150,1.0,0.0078,0.5,none,True,True
135151,1.0,0.0071,0.5,none,True,True
135152,1.0,0.0064,0.5,none,True,True
135153,1.0,0.0057,0.5,none,True,True
135154,1.0,0.0053,0.5,none,True,True
135155,1.0,0.005,0.5,none,True,True
135156,1.0,0.0047,0.5,none,True,True
135157,1.0,0.0045,0.5,none,True,True
135158,1.0,0.0044,0.5,none,True,True
135159,1.0,0.0043,0.5,none,True,True
135160,1.0,0.0042,0.5,none,True,True
135161,1.0,0.0041,0.5,none,True,True
135162,1.0,0.004,0.5,none,True,True
135163,1.0,0.0039,0.5,none,True,True
135164,1.0,0.0038,0.5,none,True,True
135165,1.0,0.0037,0.5,none,True,True
135166,1.0,0.0035,0.5,none,True,True
135167,1.0,0.0033,0.5,none,True,True
135168,1.0,0.0032,0.5,none,True,True
135169,1.0,0.003,0.5,none,True,True
135170,1.0,0.0028,0.5,none,True,True
135171,1.0,0.0026,0.5,none,True,True
135172,1.0,0.0024,0.5,none,True,True
135173,1.0,0.0023,0.5,none,True,True
135174,1.0,0.0021,0.5,none,True,True
135175,1.0,0.0019,0.5,none,True,True
135176,1.0,0.0018,0.5,none,True,True
135177,1.0,0.0017,0.5,none,True,True
135178,1.0,0.0015,0.5,none,True,True
135179,1.0,0.0014,0.5,none,True,True
135180,1.0,0.0013,0.5,none,True,True
135181,1.0,0.0013,0.5,none,True,True
135182,1.0,0.0012,0.5,none,True,True
135183,1.0,0.0011,0.5,none,True,True
135184,1.0,0.0011,0.5,none,True,True
135185,1.0,0.001,0.5,none,True,True
135186,1.0,0.001,0.5,none,True,True
135187,1.0,0.0009,0.5,none,True,True
135188,1.0,0.0009,0.5,none,True,True
135189,1.0,0.0008,0.5,none,True,True
135190,1.0,0.0008,0.5,none,True,True
135191,1.0,0.0008,0.5,none,True,True
135192,1.0,0.0007,0.5,none,True,True
135193,1.0,0.0007,0.5,none,True,True
135194,1.0,0.0006,0.5,none,True,True
135195,1.0,0.0006,0.5,none,True,True
135196,1.0,0.0006,0.5,none,True,True
135197,1.0,0.0005,0.5,none,True,True
135198,1.0,0.0005,0.5,none,True,True
135199,1.0,0.0005,0.5,none,True,True
135200,1.0,0.0004,0.5,none,True,True
135201,1.0,0.0004,0.5,none,True,True
135202,1.0,0.0004,0.5,none,True,True
135203,1.0,0.0004,0.5,none,True,True
135204,1.0,0.0003,0.5,none,True,True
135205,1.0,0.0003,0.5,none,True,True
135206,1.0,0.0003,0.5,none,True,True
135207,1.0,0.0003,0.5,none,True,True
135208,1.0,0.0003,0.5,none,True,True
135209,1.0,0.0003,0.5,none,True,True
135210,1.0,0.0002,0.5,none,True,True
135211,1.0,0.0002,0.5,none,True,True
135212,1.0,0.0002,0.5,none,True,True
135213,1.0,0.0002,0.5,none,True,True
135214,1.0,0.0002,0.5,none,True,True
135215,1.0,0.0002,0.5,none,True,True
135216,1.0,0.0002,0.5,none,True,True
135217,1.0,0.0002,0.5,none,True,True
135218,1.0,0.0002,0.5,none,True,True
135219,1.0,0.0001,0.5,none,True,True
135220,1.0,0.0001,0.5,none,True,True
135221,1.0,0.0001,0.5,none,True,True
135222,1.0,0.0001,0.5,none,True,True
135223,1.0,0.0001,0.5,none,True,True
135224,1.0,0.0001,0.5,none,True,True
135225,1.0,0.0001,0.5,none,True,True
135226,1.0,0.0001,0.5,none,True,True
135227,1.0,0.0001,0.5,none,True,True
135228,1.0,0.0001,0.5,none,True,True
135229,1.0,0.0001,0.5,none,True,True
135230,1.0,0.0001,0.5,none,True,True
135231,1.0,0.0001,0.5,none,True,True
135232,1.0,0.0001,0.5,none,True,True
135233,1.0,0.0001,0.5,none,True,True
135234,1.0,0.0001,0.5,none,True,True
135235,1.0,0.0001,0.5,none,True,True
135236,1.0,0.0001,0.5,none,True,True
135237,1.0,0.0,0.5,none,True,True
135238,1.0,0.0,0.5,none,True,True
135239,1.0,0.0,0.5,none,True,True
135240,1.0,0.0,0.5,none,True,True
135241,1.0,0.0,0.5,none,True,True
135242,1.0,0.0,0.5,none,True,True
135243,1.0,0.0,0.5,none,True,True
135244,1.0,0.0,0.5,none,True,True
135245,1.0,0.0,0.5,none,True,True
135246,1.0,0.0,0.5,none,True,True
135247,1.0,0.0,0.5,none,True,True
135248,1.0,0.0,0.5,none,True,True
135249,1.0,0.0,0.5,none,True,True
135250,1.0,0.0,0.5,none,True,True
135251,1.0,0.0,0.5,none,True,True
135252,1.0,0.0,0.5,none,True,True
135253,1.0,0.0,0.5,none,True,True
135254,1.0,0.0,0.5,none,True,True
135255,1.0,0.0,0.5,none,True,True
135256,1.0,0.0,0.5,none,True,True
135257,1.0,0.0,0.5,none,True,True
135258,1.0,0.0,0.5,none,True,True
135259,1.0,0.0,0.5,none,True,True
135260,1.0,0.0,0.5,none,True,True
135261,1.0,0.0,0.5,none,True,True
135262,1.0,0.0,0.5,none,True,True
135263,1.0,0.0,0.5,none,True,True
135264,1.0,0.0,0.5,none,True,True
135265,1.0,0.0,0.5,none,True,True
135266,1.0,0.0,0.5,none,True,True
135267,1.0,0.0,0.5,none,True,True
135268,1.0,0.0,0.5,none,True,True
135269,1.0,0.0,0.5,none,True,True
135270,1.0,0.0,0.5,none,True,True
135271,1.0,0.0,0.5,none,True,True
135272,1.0,0.0,0.5,none,True,True
135273,1.0,0.0,0.5,none,True,True
135274,1.0,0.0,0.5,none,True,True
135275,1.0,0.0,0.5,none,True,True
135276,1.0,0.0,0.5,none,True,True
135277,1.0,0.0,0.5,none,True,True
135278,1.0,0.0,0.5,none,True,True
135279,1.0,0.0,0.5,none,True,True
135280,1.0,0.0,0.5,none,True,True
135281,1.0,0.0,0.5,none,True,True
135282,1.0,0.0,0.5,none,True,True
135283,1.0,0.0,0.5,none,True,True
135284,1.0,0.0,0.5,none,True,True
135285,1.0,0.0,0.5,none,True,True
135286,1.0,0.0,0.5,none,True,True
135287,1.0,0.0,0.5,none,True,True
135288,1.0,0.0,0.5,none,True,True
135289,1.0,0.0,0.5,none,True,True
135290,1.0,0.0,0.5,none,True,True
135291,1.0,0.0,0.5,none,True,True
135292,1.0,0.0,0.5,none,True,True
135293,1.0,0.0,0.5,none,True,True
135294,1.0,0.0,0.5,none,True,True
135295,1.0,0.0,0.5,none,True,True
135296,1.0,0.0,0.5,none,True,True
135297,1.0,0.0,0.5,none,True,True
135298,1.0,0.0,0.5,none,True,True
135299,1.0,0.0,0.5,none,True,True
135300,1.0,0.0,0.5,none,True,True
135301,1.0,0.0,0.5,none,True,True
135302,1.0,0.0,0.5,none,True,True
135303,1.0,0.0,0.5,none,True,True
135304,1.0,0.0,0.5,none,True,True
135305,1.0,0.0,0.5,none,True,True
135306,1.0,0.0,0.5,none,True,True
135307,1.0,0.0,0.5,none,True,True
135308,1.0,0.0,0.5,none,True,True
135309,1.0,0.0,0.5,none,True,True
135310,1.0,0.0,0.5,none,True,True
135311,1.0,0.0,0.5,none,True,True
135312,1.0,0.0,0.5,none,True,True
135313,1.0,0.0,0.5,none,True,True
135314,1.0,0.0,0.5,none,True,True
135315,1.0,0.0,0.5,none,True,True
135316,1.0,0.0,0.5,none,True,True
135317,1.0,0.0,0.5,none,True,True
135318,1.0,0.0,0.5,none,True,True
135319,1.0,0.0,0.5,none,True,True
135320,1.0,0.0,0.5,none,True,True
135321,1.0,0.0,0.5,none,True,True
135322,1.0,0.0,0.5,none,True,True
135323,1.0,0.0,0.5,none,True,True
135324,1.0,0.0,0.5,none,True,True
135325,1.0,0.0,0.5,none,True,True
135326,1.0,0.0,0.5,none,True,True
135327,1.0,0.0,0.5,none,True,True
135328,1.0,0.0,0.5,none,True,True
135329,1.0,0.0,0.5,none,True,True
135330,1.0,0.0,0.5,none,True,True
135331,1.0,0.0,0.5,none,True,True
135332,1.0,0.0,0.5,none,True,True
135333,1.0,0.0,0.5,none,True,True
135334,1.0,0.0,0.5,none,True,True
135335,1.0,0.0,0.5,none,True,True
135336,1.0,0.0,0.5,none,True,True
135337,1.0,0.0,0.5,none,True,True
135338,1.0,0.0,0.5,none,True,True
135339,1.0,0.0,0.5,none,True,True
135340,1.0,0.0,0.5,none,True,True
135341,1.0,0.0,0.5,none,True,True
135342,1.0,0.0,0.5,none,True,True
135343,1.0,0.0,0.5,none,True,True
135344,1.0,0.0,0.5,none,True,True
135345,1.0,0.0,0.5,none,True,True
135346,1.0,0.0,0.5,none,True,True
135347,1.0,0.0,0.5,none,True,True
135348,1.0,0.0,0.5,none,True,True
135349,1.0,0.0,0.5,none,True,True
135350,1.0,0.0,0.5,none,True,True
135351,1.0,0.0,0.5,none,True,True
135352,1.0,0.0,0.5,none,True,True
135353,1.0,0.0,0.5,none,True,True
135354,1.0,0.0,0.5,none,True,True
135355,1.0,0.0,0.5,none,True,True
135356,1.0,0.0,0.5,none,True,True
135357,1.0,0.0,0.5,none,True,True
135358,1.0,0.0,0.5,none,True,True
135359,1.0,0.0,0.5,none,True,True
135360,1.0,0.0,0.5,none,True,True
135361,1.0,0.0,0.5,none,True,True
135362,1.0,0.0,0.5,none,True,True
135363,1.0,0.0,0.5,none,True,True
135364,1.0,0.0,0.5,none,True,True
135365,1.0,0.0,0.5,none,True,True
135366,1.0,0.0,0.5,none,True,True
135367,1.0,0.0,0.5,none,True,True
135368,1.0,0.0,0.5,none,True,True
135369,1.0,0.0,0.5,none,True,True
135370,1.0,0.0,0.5,none,True,True
135371,1.0,0.0,0.5,none,True,True
135372,1.0,0.0,0.5,none,True,True
135373,1.0,0.0,0.5,none,True,True
135374,1.0,0.0,0.5,none,True,True
135375,1.0,0.0,0.5,none,True,True
135376,1.0,0.0,0.5,none,True,True
135377,1.0,0.0,0.5,none,True,True
135378,1.0,0.0,0.5,none,True,True
135379,1.0,0.0,0.5,none,True,True
135380,1.0,0.0,0.5,none,True,True
135381,1.0,0.0,0.5,none,True,True
135382,1.0,0.0,0.5,none,True,True
135383,1.0,0.0,0.5,none,True,True
135384,1.0,0.0,0.5,none,True,True
135385,1.0,0.0,0.5,none,True,True
135386,1.0,0.0,0.5,none,True,True
135387,1.0,0.0,0.5,none,True,True
135388,1.0,0.0,0.5,none,True,True
135389,1.0,0.0,0.5,none,True,True
135390,1.0,0.0,0.5,none,True,True
135391,1.0,0.0,0.5,none,True,True
135392,1.0,0.0,0.5,none,True,True
135393,1.0,0.0,0.5,none,True,True
135394,1.0,0.0,0.5,none,True,True
135395,1.0,0.0,0.5,none,True,True
135396,1.0,0.0,0.5,none,True,True
135397,1.0,0.0,0.5,none,True,True
135398,1.0,0.0,0.5,none,True,True
135399,1.0,0.0,0.5,none,True,True
135400,1.0,0.0,0.5,none,True,True
135401,1.0,0.0,0.5,none,True,True
135402,1.0,0.0,0.5,none,True,True
135403,1.0,0.0,0.5,none,True,True
135404,1.0,0.0,0.5,none,True,True
135405,1.0,0.0,0.5,none,True,True
135406,1.0,0.0,0.5,none,True,True
135407,1.0,0.0,0.5,none,True,True
135408,1.0,0.0,0.5,none,True,True
135409,1.0,0.0,0.5,none,True,True
135410,1.0,0.0,0.5,none,True,True
135411,1.0,0.0,0.5,none,True,True
135412,1.0,0.0,0.5,none,True,True
135413,1.0,0.0,0.5,none,True,True
135414,1.0,0.0,0.5,none,True,True
135415,1.0,0.0,0.5,none,True,True
135416,1.0,0.0,0.5,none,True,True
135417,1.0,0.0,0.5,none,True,True
135418,1.0,0.0,0.5,none,True,True
135419,1.0,0.0,0.5,none,True,True
135420,1.0,0.0,0.5,none,True,True
135421,1.0,0.0,0.5,none,True,True
135422,1.0,0.0,0.5,none,True,True
135423,1.0,0.0,0.5,none,True,True
135424,1.0,0.0,0.5,none,True,True
135425,1.0,0.0,0.5,none,True,True
135426,1.0,0.0,0.5,none,True,True
135427,1.0,0.0,0.5,none,True,True
135428,1.0,0.0,0.5,none,True,True
135429,1.0,0.0,0.5,none,True,True
135430,1.0,0.0,0.5,none,True,True
135431,1.0,0.0,0.5,none,True,True
135432,1.0,0.0,0.5,none,True,True
135433,1.0,0.0,0.5,none,True,True
135434,1.0,0.0,0.5,none,True,True
135435,1.0,0.0,0.5,none,True,True
135436,1.0,0.0,0.5,none,True,True
135437,1.0,0.0,0.5,none,True,True
135438,1.0,0.0,0.5,none,True,True
135439,1.0,0.0,0.5,none,True,True
135440,1.0,0.0,0.5,none,True,True
135441,1.0,0.0,0.5,none,True,True
135442,1.0,0.0,0.5,none,True,True
135443,1.0,0.0,0.5,none,True,True
135444,1.0,0.0,0.5,none,True,True
135445,1.0,0.0,0.5,none,True,True
135446,1.0,0.0,0.5,none,True,True
135447,1.0,0.0,0.5,none,True,True
135448,1.0,0.0,0.5,none,True,True
135449,1.0,0.0,0.5,none,True,True
135450,1.0,0.0,0.5,none,True,True
135451,1.0,0.0,0.5,none,True,True
135452,1.0,0.0,0.5,none,True,True
135453,1.0,0.0,0.5,none,True,True
135454,1.0,0.0,0.5,none,True,True
135455,1.0,0.0,0.5,none,True,True
135456,1.0,0.0,0.5,none,True,True
135457,1.0,0.0,0.5,none,True,True
135458,1.0,0.0,0.5,none,True,True
135459,1.0,0.0,0.5,none,True,True
135460,1.0,0.0,0.5,none,True,True
135461,1.0,0.0,0.5,none,True,True
135462,1.0,0.0,0.5,none,True,True
135463,1.0,0.0,0.5,none,True,True
135464,1.0,0.0,0.5,none,True,True
135465,1.0,0.0,0.5,none,True,True
135466,1.0,0.0,0.5,none,True,True
135467,1.0,0.0,0.5,none,True,True
135468,1.0,0.0,0.5,none,True,True
135469,1.0,0.0,0.5,none,True,True
135470,1.0,0.0,0.5,none,True,True
135471,1.0,0.0,0.5,none,True,True
135472,1.0,0.0,0.5,none,True,True
135473,1.0,0.0,0.5,none,True,True
135474,1.0,0.0,0.5,none,True,True
135475,1.0,0.0,0.5,none,True,True
135476,1.0,0.0,0.5,none,True,True
135477,1.0,0.0,0.5,none,True,True
135478,1.0,0.0,0.5,none,True,True
135479,1.0,0.0,0.5,none,True,True
135480,1.0,0.0,0.5,none,True,True
135481,1.0,0.0,0.5,none,True,True
135482,1.0,0.0,0.5,none,True,True
135483,1.0,0.0,0.5,none,True,True
135484,1.0,0.0,0.5,none,True,True
135485,1.0,0.0,0.5,none,True,True
135486,1.0,0.0,0.5,none,True,True
135487,1.0,0.0,0.5,none,True,True
135488,1.0,0.0,0.5,none,True,True
135489,1.0,0.0,0.5,none,True,True
135490,1.0,0.0,0.5,none,True,True
135491,1.0,0.0,0.5,none,True,True
135492,1.0,0.0,0.5,none,True,True
135493,1.0,0.0,0.5,none,True,True
135494,1.0,0.0,0.5,none,True,True
135495,1.0,0.0,0.5,none,True,True
135496,1.0,0.0,0.5,none,True,True
135497,1.0,0.0,0.5,none,True,True
135498,1.0,0.0,0.5,none,True,True
135499,1.0,0.0,0.5,none,True,True
135500,1.0,0.0,0.5,none,True,True
135501,1.0,0.0,0.5,none,True,True
135502,1.0,0.0,0.5,none,True,True
135503,1.0,0.0,0.5,none,True,True
135504,1.0,0.0,0.5,none,True,True
135505,1.0,0.0,0.5,none,True,True
135506,1.0,0.0,0.5,none,True,True
135507,1.0,0.0,0.5,none,True,True
135508,1.0,0.0,0.5,none,True,True
135509,1.0,0.0,0.5,none,True,True
135510,1.0,0.0,0.5,none,True,True
135511,1.0,0.0,0.5,none,True,True
135512,1.0,0.0,0.5,none,True,True
135513,1.0,0.0,0.5,none,True,True
135514,1.0,0.0,0.5,none,True,True
135515,1.0,0.0,0.5,none,True,True
135516,1.0,0.0,0.5,none,True,True
135517,1.0,0.0,0.5,none,True,True
135518,1.0,0.0,0.5,none,True,True
135519,1.0,0.0,0.5,none,True,True
135520,1.0,0.0,0.5,none,True,True
135521,1.0,0.0,0.5,none,True,True
135522,1.0,0.0,0.5,none,True,True
135523,1.0,0.0,0.5,none,True,True
135524,1.0,0.0,0.5,none,True,True
135525,1.0,0.0,0.5,none,True,True
135526,1.0,0.0,0.5,none,True,True
135527,1.0,0.0,0.5,none,True,True
135528,1.0,0.0,0.5,none,True,True
135529,1.0,0.0,0.5,none,True,True
135530,1.0,0.0,0.5,none,True,True
135531,1.0,0.0,0.5,none,True,True
135532,1.0,0.0,0.5,none,True,True
135533,1.0,0.0,0.5,none,True,True
135534,1.0,0.0,0.5,none,True,True
135535,1.0,0.0,0.5,none,True,True
135536,1.0,0.0,0.5,none,True,True
135537,1.0,0.0,0.5,none,True,True
135538,1.0,0.0,0.5,none,True,True
135539,1.0,0.0,0.5,none,True,True
135540,1.0,0.0,0.5,none,True,True
135541,1.0,0.0,0.5,none,True,True
135542,1.0,0.0,0.5,none,True,True
135543,1.0,0.0,0.5,none,True,True
135544,1.0,0.0,0.5,none,True,True
135545,1.0,0.0,0.5,none,True,True
135546,1.0,0.0,0.5,none,True,True
135547,1.0,0.0,0.5,none,True,True
135548,1.0,0.0,0.5,none,True,True
135549,1.0,0.0,0.5,none,True,True
135550,1.0,0.0,0.5,none,True,True
135551,1.0,0.0,0.5,none,True,True
135552,1.0,0.0,0.5,none,True,True
135553,1.0,0.0,0.5,none,True,True
135554,1.0,0.0,0.5,none,True,True
135555,1.0,0.0,0.5,none,True,True
135556,1.0,0.0,0.5,none,True,True
135557,1.0,0.0,0.5,none,True,True
135558,1.0,0.0,0.5,none,True,True
135559,1.0,0.0,0.5,none,True,True
135560,1.0,0.0,0.5,none,True,True
135561,1.0,0.0,0.5,none,True,True
135562,1.0,0.0,0.5,none,True,True
135563,1.0,0.0,0.5,none,True,True
135564,1.0,0.0,0.5,none,True,True
135565,1.0,0.0,0.5,none,True,True
135566,1.0,0.0,0.5,none,True,True
135567,1.0,0.0,0.5,none,True,True
135568,1.0,0.0,0.5,none,True,True
135569,1.0,0.0,0.5,none,True,True
135570,1.0,0.0,0.5,none,True,True
135571,1.0,0.0,0.5,none,True,True
135572,1.0,0.0,0.5,none,True,True
135573,1.0,0.0,0.5,none,True,True
135574,1.0,0.0,0.5,none,True,True
135575,1.0,0.0,0.5,none,True,True
135576,1.0,0.0,0.5,none,True,True
135577,1.0,0.0,0.5,none,True,True
135578,1.0,0.0,0.5,none,True,True
135579,1.0,0.0,0.5,none,True,True
135580,1.0,0.0,0.5,none,True,True
135581,1.0,0.0,0.5,none,True,True
135582,1.0,0.0,0.5,none,True,True
135583,1.0,0.0,0.5,none,True,True
135584,1.0,0.0,0.5,none,True,True
135585,1.0,0.0,0.5,none,True,True
135586,1.0,0.0,0.5,none,True,True
135587,1.0,0.0,0.5,none,True,True
135588,1.0,0.0,0.5,none,True,True
135589,1.0,0.0,0.5,none,True,True
135590,1.0,0.0,0.5,none,True,True
135591,1.0,0.0,0.5,none,True,True
135592,1.0,0.0,0.5,none,True,True
135593,1.0,0.0,0.5,none,True,True
135594,1.0,0.0,0.5,none,True,True
135595,1.0,0.0,0.5,none,True,True
135596,1.0,0.0,0.5,none,True,True
135597,1.0,0.0,0.5,none,True,True
135598,1.0,0.0,0.5,none,True,True
135599,1.0,0.0,0.5,none,True,True
135600,1.0,0.0,0.5,none,True,True
135601,1.0,0.0,0.5,none,True,True
135602,1.0,0.0,0.5,none,True,True
135603,1.0,0.0,0.5,none,True,True
135604,1.0,0.0,0.5,none,True,True
135605,1.0,0.0,0.5,none,True,True
135606,1.0,0.0,0.5,none,True,True
135607,1.0,0.0,0.5,none,True,True
135608,1.0,0.0,0.5,none,True,True
135609,1.0,0.0,0.5,none,True,True
135610,1.0,0.0,0.5,none,True,True
135611,1.0,0.0,0.5,none,True,True
135612,1.0,0.0,0.5,none,True,True
135613,1.0,0.0,0.5,none,True,True
135614,1.0,0.0,0.5,none,True,True
135615,1.0,0.0,0.5,none,True,True
135616,1.0,0.0,0.5,none,True,True
135617,1.0,0.0,0.5,none,True,True
135618,1.0,0.0,0.5,none,True,True
135619,1.0,0.0,0.5,none,True,True
135620,1.0,0.0,0.5,none,True,True
135621,1.0,0.0,0.5,none,True,True
135622,1.0,0.0,0.5,none,True,True
135623,1.0,0.0,0.5,none,True,True
135624,1.0,0.0,0.5,none,True,True
135625,1.0,0.0,0.5,none,True,True
135626,1.0,0.0,0.5,none,True,True
135627,1.0,0.0,0.5,none,True,True
135628,1.0,0.0,0.5,none,True,True
135629,1.0,0.0,0.5,none,True,True
135630,1.0,0.0,0.5,none,True,True
135631,1.0,0.0,0.5,none,True,True
135632,1.0,0.0,0.5,none,True,True
135633,1.0,0.0,0.5,none,True,True
135634,1.0,0.0,0.5,none,True,True
135635,1.0,0.0,0.5,none,True,True
135636,1.0,0.0,0.5,none,True,True
135637,1.0,0.0,0.5,none,True,True
135638,1.0,0.0,0.5,none,True,True
135639,1.0,0.0,0.5,none,True,True
135640,1.0,0.0,0.5,none,True,True
135641,1.0,0.0,0.5,none,True,True
135642,1.0,0.0,0.5,none,True,True
135643,1.0,0.0,0.5,none,True,True
135644,1.0,0.0,0.5,none,True,True
135645,1.0,0.0,0.5,none,True,True
135646,1.0,0.0,0.5,none,True,True
135647,1.0,0.0,0.5,none,True,True
135648,1.0,0.0,0.5,none,True,True
135649,1.0,0.0,0.5,none,True,True
135650,1.0,0.0,0.5,none,True,True
135651,1.0,0.0,0.5,none,True,True
135652,1.0,0.0,0.5,none,True,True
135653,1.0,0.0,0.5,none,True,True
135654,1.0,0.0,0.5,none,True,True
135655,1.0,0.0,0.5,none,True,True
135656,1.0,0.0,0.5,none,True,True
135657,1.0,0.0,0.5,none,True,True
135658,1.0,0.0,0.5,none,True,True
135659,1.0,0.0,0.5,none,True,True
135660,1.0,0.0,0.5,none,True,True
135661,1.0,0.0,0.5,none,True,True
135662,1.0,0.0,0.5,none,True,True
135663,1.0,0.0,0.5,none,True,True
135664,1.0,0.0,0.5,none,True,True
135665,1.0,0.0,0.5,none,True,True
135666,1.0,0.0,0.5,none,True,True
135667,1.0,0.0,0.5,none,True,True
135668,1.0,0.0,0.5,none,True,True
135669,1.0,0.0,0.5,none,True,True
135670,1.0,0.0,0.5,none,True,True
135671,1.0,0.0,0.5,none,True,True
135672,1.0,0.0,0.5,none,True,True
135673,1.0,0.0,0.5,none,True,True
135674,1.0,0.0,0.5,none,True,True
135675,1.0,0.0,0.5,none,True,True
135676,1.0,0.0,0.5,none,True,True
135677,1.0,0.0,0.5,none,True,True
135678,1.0,0.0,0.5,none,True,True
135679,1.0,0.0,0.5,none,True,True
135680,1.0,0.0,0.5,none,True,True
135681,1.0,0.0,0.5,none,True,True
135682,1.0,0.0,0.5,none,True,True
135683,1.0,0.0,0.5,none,True,True
135684,1.0,0.0,0.5,none,True,True
135685,1.0,0.0,0.5,none,True,True
135686,1.0,0.0,0.5,none,True,True
135687,1.0,0.0,0.5,none,True,True
135688,1.0,0.0,0.5,none,True,True
135689,1.0,0.0,0.5,none,True,True
135690,1.0,0.0,0.5,none,True,True
135691,1.0,0.0,0.5,none,True,True
135692,1.0,0.0,0.5,none,True,True
135693,1.0,0.0,0.5,none,True,True
135694,1.0,0.0,0.5,none,True,True
135695,1.0,0.0,0.5,none,True,True
135696,1.0,0.0,0.5,none,True,True
135697,1.0,0.0,0.5,none,True,True
135698,1.0,0.0,0.5,none,True,True
135699,1.0,0.0,0.5,none,True,True
135700,1.0,0.0,0.5,none,True,True
135701,1.0,0.0,0.5,none,True,True
135702,1.0,0.0,0.5,none,True,True
135703,1.0,0.0,0.5,none,True,True
135704,1.0,0.0,0.5,none,True,True
135705,1.0,0.0,0.5,none,True,True
135706,1.0,0.0,0.5,none,True,True
135707,1.0,0.0,0.5,none,True,True
135708,1.0,0.0,0.5,none,True,True
135709,1.0,0.0,0.5,none,True,True
135710,1.0,0.0,0.5,none,True,True
135711,1.0,0.0,0.5,none,True,True
135712,1.0,0.0,0.5,none,True,True
135713,1.0,0.0,0.5,none,True,True
135714,1.0,0.0,0.5,none,True,True
135715,1.0,0.0,0.5,none,True,True
135716,1.0,0.0,0.5,none,True,True
135717,1.0,0.0,0.5,none,True,True
135718,1.0,0.0,0.5,none,True,True
135719,1.0,0.0,0.5,none,True,True
135720,1.0,0.0,0.5,none,True,True
135721,1.0,0.0,0.5,none,True,True
135722,1.0,0.0,0.5,none,True,True
135723,1.0,0.0,0.5,none,True,True
135724,1.0,0.0,0.5,none,True,True
135725,1.0,0.0,0.5,none,True,True
135726,1.0,0.0,0.5,none,True,True
135727,1.0,0.0,0.5,none,True,True
135728,1.0,0.0,0.5,none,True,True
135729,1.0,0.0,0.5,none,True,True
135730,1.0,0.0,0.5,none,True,True
135731,1.0,0.0,0.5,none,True,True
135732,1.0,0.0,0.5,none,True,True
135733,1.0,0.0,0.5,none,True,True
135734,1.0,0.0,0.5,none,True,True
135735,1.0,0.0,0.5,none,True,True
135736,1.0,0.0,0.5,none,True,True
135737,1.0,0.0,0.5,none,True,True
135738,1.0,0.0,0.5,none,True,True
135739,1.0,0.0,0.5,none,True,True
135740,1.0,0.0,0.5,none,True,True
135741,1.0,0.0,0.5,none,True,True
135742,1.0,0.0,0.5,none,True,True
135743,1.0,0.0,0.5,none,True,True
135744,1.0,0.0,0.5,none,True,True
135745,1.0,0.0,0.5,none,True,True
135746,1.0,0.0,0.5,none,True,True
135747,1.0,0.0,0.5,none,True,True
135748,1.0,0.0,0.5,none,True,True
135749,1.0,0.0,0.5,none,True,True
135750,1.0,0.0,0.5,none,True,True
135751,1.0,0.0,0.5,none,True,True
135752,1.0,0.0,0.5,none,True,True
135753,1.0,0.0,0.5,none,True,True
135754,1.0,0.0,0.5,none,True,True
135755,1.0,0.0,0.5,none,True,True
135756,1.0,0.0,0.5,none,True,True
135757,1.0,0.0,0.5,none,True,True
135758,1.0,0.0,0.5,none,True,True
135759,1.0,0.0,0.5,none,True,True
135760,1.0,0.0,0.5,none,True,True
135761,1.0,0.0,0.5,none,True,True
135762,1.0,0.0,0.5,none,True,True
135763,1.0,0.0,0.5,none,True,True
135764,1.0,0.0,0.5,none,True,True
135765,1.0,0.0,0.5,none,True,True
135766,1.0,0.0,0.5,none,True,True
135767,1.0,0.0,0.5,none,True,True
135768,1.0,0.0,0.5,none,True,True
135769,1.0,0.0,0.5,none,True,True
135770,1.0,0.0,0.5,none,True,True
135771,1.0,0.0,0.5,none,True,True
135772,1.0,0.0,0.5,none,True,True
135773,1.0,0.0,0.5,none,True,True
135774,1.0,0.0,0.5,none,True,True
135775,1.0,0.0,0.5,none,True,True
135776,1.0,0.0,0.5,none,True,True
135777,1.0,0.0,0.5,none,True,True
135778,1.0,0.0,0.5,none,True,True
135779,1.0,0.0,0.5,none,True,True
135780,1.0,0.0,0.5,none,True,True
135781,1.0,0.0,0.5,none,True,True
135782,1.0,0.0,0.5,none,True,True
135783,1.0,0.0,0.5,none,True,True
135784,1.0,0.0,0.5,none,True,True
135785,1.0,0.0,0.5,none,True,True
135786,1.0,0.0,0.5,none,True,True
135787,1.0,0.0,0.5,none,True,True
135788,1.0,0.0,0.5,none,True,True
135789,1.0,0.0,0.5,none,True,True
135790,1.0,0.0,0.5,none,True,True
135791,1.0,0.0,0.5,none,True,True
135792,1.0,0.0,0.5,none,True,True
135793,1.0,0.0,0.5,none,True,True
135794,1.0,0.0,0.5,none,True,True
135795,1.0,0.0,0.5,none,True,True
135796,1.0,0.0,0.5,none,True,True
135797,1.0,0.0,0.5,none,True,True
135798,1.0,0.0,0.5,none,True,True
135799,1.0,0.0,0.5,none,True,True
135800,1.0,0.0061,0.5,none,True,True
135801,1.0,0.0357,0.5,none,True,True
135802,1.0,0.0812,0.5,none,True,True
135803,1.0,0.1113,0.5,none,True,True
135804,1.0,0.1253,0.5,none,True,True
135805,1.0,0.1408,0.5,none,True,True
135806,1.0,0.0907,0.5,none,True,True
135807,1.0,0.1198,0.5,none,True,True
135808,1.0,0.0467,0.5,none,True,True
135809,1.0,0.0522,0.5,none,True,True
135810,1.0,0.0405,0.5,none,True,True
135811,1.0,0.0313,0.5,none,True,True
135812,1.0,0.0083,0.5,none,True,True
135813,1.0,0.0726,0.5,none,True,True
135814,1.0,0.0793,0.5,none,True,True
135815,1.0,0.0581,0.5,none,True,True
135816,1.0,0.0955,0.5,none,True,True
135817,1.0,0.0839,0.5,none,True,True
135818,1.0,0.0648,0.5,none,True,True
135819,1.0,0.0718,0.5,none,True,True
135820,1.0,0.0589,0.5,none,True,True
135821,1.0,0.0403,0.5,none,True,True
135822,1.0,0.0327,0.5,none,True,True
135823,1.0,0.0277,0.5,none,True,True
135824,1.0,0.017,0.5,none,True,True
135825,1.0,0.0102,0.5,none,True,True
135826,1.0,0.0099,0.5,none,True,True
135827,1.0,0.008,0.5,none,True,True
135828,1.0,0.005,0.5,none,True,True
135829,1.0,0.0063,0.5,none,True,True
135830,1.0,0.009,0.5,none,True,True
135831,1.0,0.0096,0.5,none,True,True
135832,1.0,0.0108,0.5,none,True,True
135833,1.0,0.014,0.5,none,True,True
135834,1.0,0.0161,0.5,none,True,True
135835,1.0,0.0167,0.5,none,True,True
135836,1.0,0.0182,0.5,none,True,True
135837,1.0,0.0196,0.5,none,True,True
135838,1.0,0.0197,0.5,none,True,True
135839,1.0,0.0193,0.5,none,True,True
135840,1.0,0.0193,0.5,none,True,True
135841,1.0,0.0187,0.5,none,True,True
135842,1.0,0.0174,0.5,none,True,True
135843,1.0,0.0163,0.5,none,True,True
135844,1.0,0.0152,0.5,none,True,True
135845,1.0,0.0138,0.5,none,True,True
135846,1.0,0.0123,0.5,none,True,True
135847,1.0,0.0111,0.5,none,True,True
135848,1.0,0.01,0.5,none,True,True
135849,1.0,0.0088,0.5,none,True,True
135850,1.0,0.0078,0.5,none,True,True
135851,1.0,0.0071,0.5,none,True,True
135852,1.0,0.0064,0.5,none,True,True
135853,1.0,0.0057,0.5,none,True,True
135854,1.0,0.0053,0.5,none,True,True
135855,1.0,0.005,0.5,none,True,True
135856,1.0,0.0047,0.5,none,True,True
135857,1.0,0.0045,0.5,none,True,True
135858,1.0,0.0044,0.5,none,True,True
135859,1.0,0.0043,0.5,none,True,True
135860,1.0,0.0042,0.5,none,True,True
135861,1.0,0.0041,0.5,none,True,True
135862,1.0,0.004,0.5,none,True,True
135863,1.0,0.0039,0.5,none,True,True
135864,1.0,0.0038,0.5,none,True,True
135865,1.0,0.0037,0.5,none,True,True
135866,1.0,0.0035,0.5,none,True,True
135867,1.0,0.0033,0.5,none,True,True
135868,1.0,0.0032,0.5,none,True,True
135869,1.0,0.003,0.5,none,True,True
135870,1.0,0.0028,0.5,none,True,True
135871,1.0,0.0026,0.5,none,True,True
135872,1.0,0.0024,0.5,none,True,True
135873,1.0,0.0023,0.5,none,True,True
135874,1.0,0.0021,0.5,none,True,True
135875,1.0,0.0019,0.5,none,True,True
135876,1.0,0.0018,0.5,none,True,True
135877,1.0,0.0017,0.5,none,True,True
135878,1.0,0.0015,0.5,none,True,True
135879,1.0,0.0014,0.5,none,True,True
135880,1.0,0.0013,0.5,none,True,True
135881,1.0,0.0013,0.5,none,True,True
135882,1.0,0.0012,0.5,none,True,True
135883,1.0,0.0011,0.5,none,True,True
135884,1.0,0.0011,0.5,none,True,True
135885,1.0,0.001,0.5,none,True,True
135886,1.0,0.001,0.5,none,True,True
135887,1.0,0.0009,0.5,none,True,True
135888,1.0,0.0009,0.5,none,True,True
135889,1.0,0.0008,0.5,none,True,True
135890,1.0,0.0008,0.5,none,True,True
135891,1.0,0.0008,0.5,none,True,True
135892,1.0,0.0007,0.5,none,True,True
135893,1.0,0.0007,0.5,none,True,True
135894,1.0,0.0006,0.5,none,True,True
135895,1.0,0.0006,0.5,none,True,True
135896,1.0,0.0006,0.5,none,True,True
135897,1.0,0.0005,0.5,none,True,True
135898,1.0,0.0005,0.5,none,True,True
135899,1.0,0.0005,0.5,none,True,True
135900,1.0,0.0004,0.5,none,True,True
135901,1.0,0.0004,0.5,none,True,True
135902,1.0,0.0004,0.5,none,True,True
135903,1.0,0.0004,0.5,none,True,True
135904,1.0,0.0003,0.5,none,True,True
135905,1.0,0.0003,0.5,none,True,True
135906,1.0,0.0003,0.5,none,True,True
135907,1.0,0.0003,0.5,none,True,True
135908,1.0,0.0003,0.5,none,True,True
135909,1.0,0.0003,0.5,none,True,True
135910,1.0,0.0002,0.5,none,True,True
135911,1.0,0.0002,0.5,none,True,True
135912,1.0,0.0002,0.5,none,True,True
135913,1.0,0.0002,0.5,none,True,True
135914,1.0,0.0002,0.5,none,True,True
135915,1.0,0.0002,0.5,none,True,True
135916,1.0,0.0002,0.5,none,True,True
135917,1.0,0.0002,0.5,none,True,True
135918,1.0,0.0002,0.5,none,True,True
135919,1.0,0.0001,0.5,none,True,True
135920,1.0,0.0001,0.5,none,True,True
135921,1.0,0.0001,0.5,none,True,True
135922,1.0,0.0001,0.5,none,True,True
135923,1.0,0.0001,0.5,none,True,True
135924,1.0,0.0001,0.5,none,True,True
135925,1.0,0.0001,0.5,none,True,True
135926,1.0,0.0001,0.5,none,True,True
135927,1.0,0.0001,0.5,none,True,True
135928,1.0,0.0001,0.5,none,True,True
135929,1.0,0.0001,0.5,none,True,True
135930,1.0,0.0001,0.5,none,True,True
135931,1.0,0.0001,0.5,none,True,True
135932,1.0,0.0001,0.5,none,True,True
135933,1.0,0.0001,0.5,none,True,True
135934,1.0,0.0001,0.5,none,True,True
135935,1.0,0.0001,0.5,none,True,True
135936,1.0,0.0001,0.5,none,True,True
135937,1.0,0.0,0.5,none,True,True
135938,1.0,0.0,0.5,none,True,True
135939,1.0,0.0,0.5,none,True,True
135940,1.0,0.0,0.5,none,True,True
135941,1.0,0.0,0.5,none,True,True
135942,1.0,0.0,0.5,none,True,True
135943,1.0,0.0,0.5,none,True,True
135944,1.0,0.0,0.5,none,True,True
135945,1.0,0.0,0.5,none,True,True
135946,1.0,0.0,0.5,none,True,True
135947,1.0,0.0,0.5,none,True,True
135948,1.0,0.0,0.5,none,True,True
135949,1.0,0.0,0.5,none,True,True
135950,1.0,0.0,0.5,none,True,True
135951,1.0,0.0,0.5,none,True,True
135952,1.0,0.0,0.5,none,True,True
135953,1.0,0.0,0.5,none,True,True
135954,1.0,0.0,0.5,none,True,True
135955,1.0,0.0,0.5,none,True,True
135956,1.0,0.0,0.5,none,True,True
135957,1.0,0.0,0.5,none,True,True
135958,1.0,0.0,0.5,none,True,True
135959,1.0,0.0,0.5,none,True,True
135960,1.0,0.0,0.5,none,True,True
135961,1.0,0.0,0.5,none,True,True
135962,1.0,0.0,0.5,none,True,True
135963,1.0,0.0,0.5,none,True,True
135964,1.0,0.0,0.5,none,True,True
135965,1.0,0.0,0.5,none,True,True
135966,1.0,0.0,0.5,none,True,True
135967,1.0,0.0,0.5,none,True,True
135968,1.0,0.0,0.5,none,True,True
135969,1.0,0.0,0.5,none,True,True
135970,1.0,0.0,0.5,none,True,True
135971,1.0,0.0,0.5,none,True,True
135972,1.0,0.0,0.5,none,True,True
135973,1.0,0.0,0.5,none,True,True
135974,1.0,0.0,0.5,none,True,True
135975,1.0,0.0,0.5,none,True,True
135976,1.0,0.0,0.5,none,True,True
135977,1.0,0.0,0.5,none,True,True
135978,1.0,0.0,0.5,none,True,True
135979,1.0,0.0,0.5,none,True,True
135980,1.0,0.0,0.5,none,True,True
135981,1.0,0.0,0.5,none,True,True
135982,1.0,0.0,0.5,none,True,True
135983,1.0,0.0,0.5,none,True,True
135984,1.0,0.0,0.5,none,True,True
135985,1.0,0.0,0.5,none,True,True
135986,1.0,0.0,0.5,none,True,True
135987,1.0,0.0,0.5,none,True,True
135988,1.0,0.0,0.5,none,True,True
135989,1.0,0.0,0.5,none,True,True
135990,1.0,0.0,0.5,none,True,True
135991,1.0,0.0,0.5,none,True,True
135992,1.0,0.0,0.5,none,True,True
135993,1.0,0.0,0.5,none,True,True
135994,1.0,0.0,0.5,none,True,True
135995,1.0,0.0,0.5,none,True,True
135996,1.0,0.0,0.5,none,True,True
135997,1.0,0.0,0.5,none,True,True
135998,1.0,0.0,0.5,none,True,True
135999,1.0,0.0,0.5,none,True,True
136000,1.0,0.0,0.5,none,True,True
136001,1.0,0.0,0.5,none,True,True
136002,1.0,0.0,0.5,none,True,True
136003,1.0,0.0,0.5,none,True,True
136004,1.0,0.0,0.5,none,True,True
136005,1.0,0.0,0.5,none,True,True
136006,1.0,0.0,0.5,none,True,True
136007,1.0,0.0,0.5,none,True,True
136008,1.0,0.0,0.5,none,True,True
136009,1.0,0.0,0.5,none,True,True
136010,1.0,0.0,0.5,none,True,True
136011,1.0,0.0,0.5,none,True,True
136012,1.0,0.0,0.5,none,True,True
136013,1.0,0.0,0.5,none,True,True
136014,1.0,0.0,0.5,none,True,True
136015,1.0,0.0,0.5,none,True,True
136016,1.0,0.0,0.5,none,True,True
136017,1.0,0.0,0.5,none,True,True
136018,1.0,0.0,0.5,none,True,True
136019,1.0,0.0,0.5,none,True,True
136020,1.0,0.0,0.5,none,True,True
136021,1.0,0.0,0.5,none,True,True
136022,1.0,0.0,0.5,none,True,True
136023,1.0,0.0,0.5,none,True,True
136024,1.0,0.0,0.5,none,True,True
136025,1.0,0.0,0.5,none,True,True
136026,1.0,0.0,0.5,none,True,True
136027,1.0,0.0,0.5,none,True,True
136028,1.0,0.0,0.5,none,True,True
136029,1.0,0.0,0.5,none,True,True
136030,1.0,0.0,0.5,none,True,True
136031,1.0,0.0,0.5,none,True,True
136032,1.0,0.0,0.5,none,True,True
136033,1.0,0.0,0.5,none,True,True
136034,1.0,0.0,0.5,none,True,True
136035,1.0,0.0,0.5,none,True,True
136036,1.0,0.0,0.5,none,True,True
136037,1.0,0.0,0.5,none,True,True
136038,1.0,0.0,0.5,none,True,True
136039,1.0,0.0,0.5,none,True,True
136040,1.0,0.0,0.5,none,True,True
136041,1.0,0.0,0.5,none,True,True
136042,1.0,0.0,0.5,none,True,True
136043,1.0,0.0,0.5,none,True,True
136044,1.0,0.0,0.5,none,True,True
136045,1.0,0.0,0.5,none,True,True
136046,1.0,0.0,0.5,none,True,True
136047,1.0,0.0,0.5,none,True,True
136048,1.0,0.0,0.5,none,True,True
136049,1.0,0.0,0.5,none,True,True
136050,1.0,0.0,0.5,none,True,True
136051,1.0,0.0,0.5,none,True,True
136052,1.0,0.0,0.5,none,True,True
136053,1.0,0.0,0.5,none,True,True
136054,1.0,0.0,0.5,none,True,True
136055,1.0,0.0,0.5,none,True,True
136056,1.0,0.0,0.5,none,True,True
136057,1.0,0.0,0.5,none,True,True
136058,1.0,0.0,0.5,none,True,True
136059,1.0,0.0,0.5,none,True,True
136060,1.0,0.0,0.5,none,True,True
136061,1.0,0.0,0.5,none,True,True
136062,1.0,0.0,0.5,none,True,True
136063,1.0,0.0,0.5,none,True,True
136064,1.0,0.0,0.5,none,True,True
136065,1.0,0.0,0.5,none,True,True
136066,1.0,0.0,0.5,none,True,True
136067,1.0,0.0,0.5,none,True,True
136068,1.0,0.0,0.5,none,True,True
136069,1.0,0.0,0.5,none,True,True
136070,1.0,0.0,0.5,none,True,True
136071,1.0,0.0,0.5,none,True,True
136072,1.0,0.0,0.5,none,True,True
136073,1.0,0.0,0.5,none,True,True
136074,1.0,0.0,0.5,none,True,True
136075,1.0,0.0,0.5,none,True,True
136076,1.0,0.0,0.5,none,True,True
136077,1.0,0.0,0.5,none,True,True
136078,1.0,0.0,0.5,none,True,True
136079,1.0,0.0,0.5,none,True,True
136080,1.0,0.0,0.5,none,True,True
136081,1.0,0.0,0.5,none,True,True
136082,1.0,0.0,0.5,none,True,True
136083,1.0,0.0,0.5,none,True,True
136084,1.0,0.0,0.5,none,True,True
136085,1.0,0.0,0.5,none,True,True
136086,1.0,0.0,0.5,none,True,True
136087,1.0,0.0,0.5,none,True,True
136088,1.0,0.0,0.5,none,True,True
136089,1.0,0.0,0.5,none,True,True
136090,1.0,0.0,0.5,none,True,True
136091,1.0,0.0,0.5,none,True,True
136092,1.0,0.0,0.5,none,True,True
136093,1.0,0.0,0.5,none,True,True
136094,1.0,0.0,0.5,none,True,True
136095,1.0,0.0,0.5,none,True,True
136096,1.0,0.0,0.5,none,True,True
136097,1.0,0.0,0.5,none,True,True
136098,1.0,0.0,0.5,none,True,True
136099,1.0,0.0,0.5,none,True,True
136100,1.0,0.0,0.5,none,True,True
136101,1.0,0.0,0.5,none,True,True
136102,1.0,0.0,0.5,none,True,True
136103,1.0,0.0,0.5,none,True,True
136104,1.0,0.0,0.5,none,True,True
136105,1.0,0.0,0.5,none,True,True
136106,1.0,0.0,0.5,none,True,True
136107,1.0,0.0,0.5,none,True,True
136108,1.0,0.0,0.5,none,True,True
136109,1.0,0.0,0.5,none,True,True
136110,1.0,0.0,0.5,none,True,True
136111,1.0,0.0,0.5,none,True,True
136112,1.0,0.0,0.5,none,True,True
136113,1.0,0.0,0.5,none,True,True
136114,1.0,0.0,0.5,none,True,True
136115,1.0,0.0,0.5,none,True,True
136116,1.0,0.0,0.5,none,True,True
136117,1.0,0.0,0.5,none,True,True
136118,1.0,0.0,0.5,none,True,True
136119,1.0,0.0,0.5,none,True,True
136120,1.0,0.0,0.5,none,True,True
136121,1.0,0.0,0.5,none,True,True
136122,1.0,0.0,0.5,none,True,True
136123,1.0,0.0,0.5,none,True,True
136124,1.0,0.0,0.5,none,True,True
136125,1.0,0.0,0.5,none,True,True
136126,1.0,0.0,0.5,none,True,True
136127,1.0,0.0,0.5,none,True,True
136128,1.0,0.0,0.5,none,True,True
136129,1.0,0.0,0.5,none,True,True
136130,1.0,0.0,0.5,none,True,True
136131,1.0,0.0,0.5,none,True,True
136132,1.0,0.0,0.5,none,True,True
136133,1.0,0.0,0.5,none,True,True
136134,1.0,0.0,0.5,none,True,True
136135,1.0,0.0,0.5,none,True,True
136136,1.0,0.0,0.5,none,True,True
136137,1.0,0.0,0.5,none,True,True
136138,1.0,0.0,0.5,none,True,True
136139,1.0,0.0,0.5,none,True,True
136140,1.0,0.0,0.5,none,True,True
136141,1.0,0.0,0.5,none,True,True
136142,1.0,0.0,0.5,none,True,True
136143,1.0,0.0,0.5,none,True,True
136144,1.0,0.0,0.5,none,True,True
136145,1.0,0.0,0.5,none,True,True
136146,1.0,0.0,0.5,none,True,True
136147,1.0,0.0,0.5,none,True,True
136148,1.0,0.0,0.5,none,True,True
136149,1.0,0.0,0.5,none,True,True
136150,1.0,0.0,0.5,none,True,True
136151,1.0,0.0,0.5,none,True,True
136152,1.0,0.0,0.5,none,True,True
136153,1.0,0.0,0.5,none,True,True
136154,1.0,0.0,0.5,none,True,True
136155,1.0,0.0,0.5,none,True,True
136156,1.0,0.0,0.5,none,True,True
136157,1.0,0.0,0.5,none,True,True
136158,1.0,0.0,0.5,none,True,True
136159,1.0,0.0,0.5,none,True,True
136160,1.0,0.0,0.5,none,True,True
136161,1.0,0.0,0.5,none,True,True
136162,1.0,0.0,0.5,none,True,True
136163,1.0,0.0,0.5,none,True,True
136164,1.0,0.0,0.5,none,True,True
136165,1.0,0.0,0.5,none,True,True
136166,1.0,0.0,0.5,none,True,True
136167,1.0,0.0,0.5,none,True,True
136168,1.0,0.0,0.5,none,True,True
136169,1.0,0.0,0.5,none,True,True
136170,1.0,0.0,0.5,none,True,True
136171,1.0,0.0,0.5,none,True,True
136172,1.0,0.0,0.5,none,True,True
136173,1.0,0.0,0.5,none,True,True
136174,1.0,0.0,0.5,none,True,True
136175,1.0,0.0,0.5,none,True,True
136176,1.0,0.0,0.5,none,True,True
136177,1.0,0.0,0.5,none,True,True
136178,1.0,0.0,0.5,none,True,True
136179,1.0,0.0,0.5,none,True,True
136180,1.0,0.0,0.5,none,True,True
136181,1.0,0.0,0.5,none,True,True
136182,1.0,0.0,0.5,none,True,True
136183,1.0,0.0,0.5,none,True,True
136184,1.0,0.0,0.5,none,True,True
136185,1.0,0.0,0.5,none,True,True
136186,1.0,0.0,0.5,none,True,True
136187,1.0,0.0,0.5,none,True,True
136188,1.0,0.0,0.5,none,True,True
136189,1.0,0.0,0.5,none,True,True
136190,1.0,0.0,0.5,none,True,True
136191,1.0,0.0,0.5,none,True,True
136192,1.0,0.0,0.5,none,True,True
136193,1.0,0.0,0.5,none,True,True
136194,1.0,0.0,0.5,none,True,True
136195,1.0,0.0,0.5,none,True,True
136196,1.0,0.0,0.5,none,True,True
136197,1.0,0.0,0.5,none,True,True
136198,1.0,0.0,0.5,none,True,True
136199,1.0,0.0,0.5,none,True,True
136200,1.0,0.0,0.5,none,True,True
136201,1.0,0.0,0.5,none,True,True
136202,1.0,0.0,0.5,none,True,True
136203,1.0,0.0,0.5,none,True,True
136204,1.0,0.0,0.5,none,True,True
136205,1.0,0.0,0.5,none,True,True
136206,1.0,0.0,0.5,none,True,True
136207,1.0,0.0,0.5,none,True,True
136208,1.0,0.0,0.5,none,True,True
136209,1.0,0.0,0.5,none,True,True
136210,1.0,0.0,0.5,none,True,True
136211,1.0,0.0,0.5,none,True,True
136212,1.0,0.0,0.5,none,True,True
136213,1.0,0.0,0.5,none,True,True
136214,1.0,0.0,0.5,none,True,True
136215,1.0,0.0,0.5,none,True,True
136216,1.0,0.0,0.5,none,True,True
136217,1.0,0.0,0.5,none,True,True
136218,1.0,0.0,0.5,none,True,True
136219,1.0,0.0,0.5,none,True,True
136220,1.0,0.0,0.5,none,True,True
136221,1.0,0.0,0.5,none,True,True
136222,1.0,0.0,0.5,none,True,True
136223,1.0,0.0,0.5,none,True,True
136224,1.0,0.0,0.5,none,True,True
136225,1.0,0.0,0.5,none,True,True
136226,1.0,0.0,0.5,none,True,True
136227,1.0,0.0,0.5,none,True,True
136228,1.0,0.0,0.5,none,True,True
136229,1.0,0.0,0.5,none,True,True
136230,1.0,0.0,0.5,none,True,True
136231,1.0,0.0,0.5,none,True,True
136232,1.0,0.0,0.5,none,True,True
136233,1.0,0.0,0.5,none,True,True
136234,1.0,0.0,0.5,none,True,True
136235,1.0,0.0,0.5,none,True,True
136236,1.0,0.0,0.5,none,True,True
136237,1.0,0.0,0.5,none,True,True
136238,1.0,0.0,0.5,none,True,True
136239,1.0,0.0,0.5,none,True,True
136240,1.0,0.0,0.5,none,True,True
136241,1.0,0.0,0.5,none,True,True
136242,1.0,0.0,0.5,none,True,True
136243,1.0,0.0,0.5,none,True,True
136244,1.0,0.0,0.5,none,True,True
136245,1.0,0.0,0.5,none,True,True
136246,1.0,0.0,0.5,none,True,True
136247,1.0,0.0,0.5,none,True,True
136248,1.0,0.0,0.5,none,True,True
136249,1.0,0.0,0.5,none,True,True
136250,1.0,0.0,0.5,none,True,True
136251,1.0,0.0,0.5,none,True,True
136252,1.0,0.0,0.5,none,True,True
136253,1.0,0.0,0.5,none,True,True
136254,1.0,0.0,0.5,none,True,True
136255,1.0,0.0,0.5,none,True,True
136256,1.0,0.0,0.5,none,True,True
136257,1.0,0.0,0.5,none,True,True
136258,1.0,0.0,0.5,none,True,True
136259,1.0,0.0,0.5,none,True,True
136260,1.0,0.0,0.5,none,True,True
136261,1.0,0.0,0.5,none,True,True
136262,1.0,0.0,0.5,none,True,True
136263,1.0,0.0,0.5,none,True,True
136264,1.0,0.0,0.5,none,True,True
136265,1.0,0.0,0.5,none,True,True
136266,1.0,0.0,0.5,none,True,True
136267,1.0,0.0,0.5,none,True,True
136268,1.0,0.0,0.5,none,True,True
136269,1.0,0.0,0.5,none,True,True
136270,1.0,0.0,0.5,none,True,True
136271,1.0,0.0,0.5,none,True,True
136272,1.0,0.0,0.5,none,True,True
136273,1.0,0.0,0.5,none,True,True
136274,1.0,0.0,0.5,none,True,True
136275,1.0,0.0,0.5,none,True,True
136276,1.0,0.0,0.5,none,True,True
136277,1.0,0.0,0.5,none,True,True
136278,1.0,0.0,0.5,none,True,True
136279,1.0,0.0,0.5,none,True,True
136280,1.0,0.0,0.5,none,True,True
136281,1.0,0.0,0.5,none,True,True
136282,1.0,0.0,0.5,none,True,True
136283,1.0,0.0,0.5,none,True,True
136284,1.0,0.0,0.5,none,True,True
136285,1.0,0.0,0.5,none,True,True
136286,1.0,0.0,0.5,none,True,True
136287,1.0,0.0,0.5,none,True,True
136288,1.0,0.0,0.5,none,True,True
136289,1.0,0.0,0.5,none,True,True
136290,1.0,0.0,0.5,none,True,True
136291,1.0,0.0,0.5,none,True,True
136292,1.0,0.0,0.5,none,True,True
136293,1.0,0.0,0.5,none,True,True
136294,1.0,0.0,0.5,none,True,True
136295,1.0,0.0,0.5,none,True,True
136296,1.0,0.0,0.5,none,True,True
136297,1.0,0.0,0.5,none,True,True
136298,1.0,0.0,0.5,none,True,True
136299,1.0,0.0,0.5,none,True,True
136300,1.0,0.0,0.5,none,True,True
136301,1.0,0.0,0.5,none,True,True
136302,1.0,0.0,0.5,none,True,True
136303,1.0,0.0,0.5,none,True,True
136304,1.0,0.0,0.5,none,True,True
136305,1.0,0.0,0.5,none,True,True
136306,1.0,0.0,0.5,none,True,True
136307,1.0,0.0,0.5,none,True,True
136308,1.0,0.0,0.5,none,True,True
136309,1.0,0.0,0.5,none,True,True
136310,1.0,0.0,0.5,none,True,True
136311,1.0,0.0,0.5,none,True,True
136312,1.0,0.0,0.5,none,True,True
136313,1.0,0.0,0.5,none,True,True
136314,1.0,0.0,0.5,none,True,True
136315,1.0,0.0,0.5,none,True,True
136316,1.0,0.0,0.5,none,True,True
136317,1.0,0.0,0.5,none,True,True
136318,1.0,0.0,0.5,none,True,True
136319,1.0,0.0,0.5,none,True,True
136320,1.0,0.0,0.5,none,True,True
136321,1.0,0.0,0.5,none,True,True
136322,1.0,0.0,0.5,none,True,True
136323,1.0,0.0,0.5,none,True,True
136324,1.0,0.0,0.5,none,True,True
136325,1.0,0.0,0.5,none,True,True
136326,1.0,0.0,0.5,none,True,True
136327,1.0,0.0,0.5,none,True,True
136328,1.0,0.0,0.5,none,True,True
136329,1.0,0.0,0.5,none,True,True
136330,1.0,0.0,0.5,none,True,True
136331,1.0,0.0,0.5,none,True,True
136332,1.0,0.0,0.5,none,True,True
136333,1.0,0.0,0.5,none,True,True
136334,1.0,0.0,0.5,none,True,True
136335,1.0,0.0,0.5,none,True,True
136336,1.0,0.0,0.5,none,True,True
136337,1.0,0.0,0.5,none,True,True
136338,1.0,0.0,0.5,none,True,True
136339,1.0,0.0,0.5,none,True,True
136340,1.0,0.0,0.5,none,True,True
136341,1.0,0.0,0.5,none,True,True
136342,1.0,0.0,0.5,none,True,True
136343,1.0,0.0,0.5,none,True,True
136344,1.0,0.0,0.5,none,True,True
136345,1.0,0.0,0.5,none,True,True
136346,1.0,0.0,0.5,none,True,True
136347,1.0,0.0,0.5,none,True,True
136348,1.0,0.0,0.5,none,True,True
136349,1.0,0.0,0.5,none,True,True
136350,1.0,0.0,0.5,none,True,True
136351,1.0,0.0,0.5,none,True,True
136352,1.0,0.0,0.5,none,True,True
136353,1.0,0.0,0.5,none,True,True
136354,1.0,0.0,0.5,none,True,True
136355,1.0,0.0,0.5,none,True,True
136356,1.0,0.0,0.5,none,True,True
136357,1.0,0.0,0.5,none,True,True
136358,1.0,0.0,0.5,none,True,True
136359,1.0,0.0,0.5,none,True,True
136360,1.0,0.0,0.5,none,True,True
136361,1.0,0.0,0.5,none,True,True
136362,1.0,0.0,0.5,none,True,True
136363,1.0,0.0,0.5,none,True,True
136364,1.0,0.0,0.5,none,True,True
136365,1.0,0.0,0.5,none,True,True
136366,1.0,0.0,0.5,none,True,True
136367,1.0,0.0,0.5,none,True,True
136368,1.0,0.0,0.5,none,True,True
136369,1.0,0.0,0.5,none,True,True
136370,1.0,0.0,0.5,none,True,True
136371,1.0,0.0,0.5,none,True,True
136372,1.0,0.0,0.5,none,True,True
136373,1.0,0.0,0.5,none,True,True
136374,1.0,0.0,0.5,none,True,True
136375,1.0,0.0,0.5,none,True,True
136376,1.0,0.0,0.5,none,True,True
136377,1.0,0.0,0.5,none,True,True
136378,1.0,0.0,0.5,none,True,True
136379,1.0,0.0,0.5,none,True,True
136380,1.0,0.0,0.5,none,True,True
136381,1.0,0.0,0.5,none,True,True
136382,1.0,0.0,0.5,none,True,True
136383,1.0,0.0,0.5,none,True,True
136384,1.0,0.0,0.5,none,True,True
136385,1.0,0.0,0.5,none,True,True
136386,1.0,0.0,0.5,none,True,True
136387,1.0,0.0,0.5,none,True,True
136388,1.0,0.0,0.5,none,True,True
136389,1.0,0.0,0.5,none,True,True
136390,1.0,0.0,0.5,none,True,True
136391,1.0,0.0,0.5,none,True,True
136392,1.0,0.0,0.5,none,True,True
136393,1.0,0.0,0.5,none,True,True
136394,1.0,0.0,0.5,none,True,True
136395,1.0,0.0,0.5,none,True,True
136396,1.0,0.0,0.5,none,True,True
136397,1.0,0.0,0.5,none,True,True
136398,1.0,0.0,0.5,none,True,True
136399,1.0,0.0,0.5,none,True,True
136400,1.0,0.0,0.5,none,True,True
136401,1.0,0.0,0.5,none,True,True
136402,1.0,0.0,0.5,none,True,True
136403,1.0,0.0,0.5,none,True,True
136404,1.0,0.0,0.5,none,True,True
136405,1.0,0.0,0.5,none,True,True
136406,1.0,0.0,0.5,none,True,True
136407,1.0,0.0,0.5,none,True,True
136408,1.0,0.0,0.5,none,True,True
136409,1.0,0.0,0.5,none,True,True
136410,1.0,0.0,0.5,none,True,True
136411,1.0,0.0,0.5,none,True,True
136412,1.0,0.0,0.5,none,True,True
136413,1.0,0.0,0.5,none,True,True
136414,1.0,0.0,0.5,none,True,True
136415,1.0,0.0,0.5,none,True,True
136416,1.0,0.0,0.5,none,True,True
136417,1.0,0.0,0.5,none,True,True
136418,1.0,0.0,0.5,none,True,True
136419,1.0,0.0,0.5,none,True,True
136420,1.0,0.0,0.5,none,True,True
136421,1.0,0.0,0.5,none,True,True
136422,1.0,0.0,0.5,none,True,True
136423,1.0,0.0,0.5,none,True,True
136424,1.0,0.0,0.5,none,True,True
136425,1.0,0.0,0.5,none,True,True
136426,1.0,0.0,0.5,none,True,True
136427,1.0,0.0,0.5,none,True,True
136428,1.0,0.0,0.5,none,True,True
136429,1.0,0.0,0.5,none,True,True
136430,1.0,0.0,0.5,none,True,True
136431,1.0,0.0,0.5,none,True,True
136432,1.0,0.0,0.5,none,True,True
136433,1.0,0.0,0.5,none,True,True
136434,1.0,0.0,0.5,none,True,True
136435,1.0,0.0,0.5,none,True,True
136436,1.0,0.0,0.5,none,True,True
136437,1.0,0.0,0.5,none,True,True
136438,1.0,0.0,0.5,none,True,True
136439,1.0,0.0,0.5,none,True,True
136440,1.0,0.0,0.5,none,True,True
136441,1.0,0.0,0.5,none,True,True
136442,1.0,0.0,0.5,none,True,True
136443,1.0,0.0,0.5,none,True,True
136444,1.0,0.0,0.5,none,True,True
136445,1.0,0.0,0.5,none,True,True
136446,1.0,0.0,0.5,none,True,True
136447,1.0,0.0,0.5,none,True,True
136448,1.0,0.0,0.5,none,True,True
136449,1.0,0.0,0.5,none,True,True
136450,1.0,0.0,0.5,none,True,True
136451,1.0,0.0,0.5,none,True,True
136452,1.0,0.0,0.5,none,True,True
136453,1.0,0.0,0.5,none,True,True
136454,1.0,0.0,0.5,none,True,True
136455,1.0,0.0,0.5,none,True,True
136456,1.0,0.0,0.5,none,True,True
136457,1.0,0.0,0.5,none,True,True
136458,1.0,0.0,0.5,none,True,True
136459,1.0,0.0,0.5,none,True,True
136460,1.0,0.0,0.5,none,True,True
136461,1.0,0.0,0.5,none,True,True
136462,1.0,0.0,0.5,none,True,True
136463,1.0,0.0,0.5,none,True,True
136464,1.0,0.0,0.5,none,True,True
136465,1.0,0.0,0.5,none,True,True
136466,1.0,0.0,0.5,none,True,True
136467,1.0,0.0,0.5,none,True,True
136468,1.0,0.0,0.5,none,True,True
136469,1.0,0.0,0.5,none,True,True
136470,1.0,0.0,0.5,none,True,True
136471,1.0,0.0,0.5,none,True,True
136472,1.0,0.0,0.5,none,True,True
136473,1.0,0.0,0.5,none,True,True
136474,1.0,0.0,0.5,none,True,True
136475,1.0,0.0,0.5,none,True,True
136476,1.0,0.0,0.5,none,True,True
136477,1.0,0.0,0.5,none,True,True
136478,1.0,0.0,0.5,none,True,True
136479,1.0,0.0,0.5,none,True,True
136480,1.0,0.0,0.5,none,True,True
136481,1.0,0.0,0.5,none,True,True
136482,1.0,0.0,0.5,none,True,True
136483,1.0,0.0,0.5,none,True,True
136484,1.0,0.0,0.5,none,True,True
136485,1.0,0.0,0.5,none,True,True
136486,1.0,0.0,0.5,none,True,True
136487,1.0,0.0,0.5,none,True,True
136488,1.0,0.0,0.5,none,True,True
136489,1.0,0.0,0.5,none,True,True
136490,1.0,0.0,0.5,none,True,True
136491,1.0,0.0,0.5,none,True,True
136492,1.0,0.0,0.5,none,True,True
136493,1.0,0.0,0.5,none,True,True
136494,1.0,0.0,0.5,none,True,True
136495,1.0,0.0,0.5,none,True,True
136496,1.0,0.0,0.5,none,True,True
136497,1.0,0.0,0.5,none,True,True
136498,1.0,0.0,0.5,none,True,True
136499,1.0,0.0,0.5,none,True,True
136500,1.0,0.0061,0.5,none,True,True
136501,1.0,0.0357,0.5,none,True,True
136502,1.0,0.0812,0.5,none,True,True
136503,1.0,0.1113,0.5,none,True,True
136504,1.0,0.1253,0.5,none,True,True
136505,1.0,0.1408,0.5,none,True,True
136506,1.0,0.0907,0.5,none,True,True
136507,1.0,0.1198,0.5,none,True,True
136508,1.0,0.0467,0.5,none,True,True
136509,1.0,0.0522,0.5,none,True,True
136510,1.0,0.0405,0.5,none,True,True
136511,1.0,0.0313,0.5,none,True,True
136512,1.0,0.0083,0.5,none,True,True
136513,1.0,0.0726,0.5,none,True,True
136514,1.0,0.0793,0.5,none,True,True
136515,1.0,0.0581,0.5,none,True,True
136516,1.0,0.0955,0.5,none,True,True
136517,1.0,0.0839,0.5,none,True,True
136518,1.0,0.0648,0.5,none,True,True
136519,1.0,0.0718,0.5,none,True,True
136520,1.0,0.0589,0.5,none,True,True
136521,1.0,0.0403,0.5,none,True,True
136522,1.0,0.0327,0.5,none,True,True
136523,1.0,0.0277,0.5,none,True,True
136524,1.0,0.017,0.5,none,True,True
136525,1.0,0.0102,0.5,none,True,True
136526,1.0,0.0099,0.5,none,True,True
136527,1.0,0.008,0.5,none,True,True
136528,1.0,0.005,0.5,none,True,True
136529,1.0,0.0063,0.5,none,True,True
136530,1.0,0.009,0.5,none,True,True
136531,1.0,0.0096,0.5,none,True,True
136532,1.0,0.0108,0.5,none,True,True
136533,1.0,0.014,0.5,none,True,True
136534,1.0,0.0161,0.5,none,True,True
136535,1.0,0.0167,0.5,none,True,True
136536,1.0,0.0182,0.5,none,True,True
136537,1.0,0.0196,0.5,none,True,True
136538,1.0,0.0197,0.5,none,True,True
136539,1.0,0.0193,0.5,none,True,True
136540,1.0,0.0193,0.5,none,True,True
136541,1.0,0.0187,0.5,none,True,True
136542,1.0,0.0174,0.5,none,True,True
136543,1.0,0.0163,0.5,none,True,True
136544,1.0,0.0152,0.5,none,True,True
136545,1.0,0.0138,0.5,none,True,True
136546,1.0,0.0123,0.5,none,True,True
136547,1.0,0.0111,0.5,none,True,True
136548,1.0,0.01,0.5,none,True,True
136549,1.0,0.0088,0.5,none,True,True
136550,1.0,0.0078,0.5,none,True,True
136551,1.0,0.0071,0.5,none,True,True
136552,1.0,0.0064,0.5,none,True,True
136553,1.0,0.0057,0.5,none,True,True
136554,1.0,0.0053,0.5,none,True,True
136555,1.0,0.005,0.5,none,True,True
136556,1.0,0.0047,0.5,none,True,True
136557,1.0,0.0045,0.5,none,True,True
136558,1.0,0.0044,0.5,none,True,True
136559,1.0,0.0043,0.5,none,True,True
136560,1.0,0.0042,0.5,none,True,True
136561,1.0,0.0041,0.5,none,True,True
136562,1.0,0.004,0.5,none,True,True
136563,1.0,0.0039,0.5,none,True,True
136564,1.0,0.0038,0.5,none,True,True
136565,1.0,0.0037,0.5,none,True,True
136566,1.0,0.0035,0.5,none,True,True
136567,1.0,0.0033,0.5,none,True,True
136568,1.0,0.0032,0.5,none,True,True
136569,1.0,0.003,0.5,none,True,True
136570,1.0,0.0028,0.5,none,True,True
136571,1.0,0.0026,0.5,none,True,True
136572,1.0,0.0024,0.5,none,True,True
136573,1.0,0.0023,0.5,none,True,True
136574,1.0,0.0021,0.5,none,True,True
136575,1.0,0.0019,0.5,none,True,True
136576,1.0,0.0018,0.5,none,True,True
136577,1.0,0.0017,0.5,none,True,True
136578,1.0,0.0015,0.5,none,True,True
136579,1.0,0.0014,0.5,none,True,True
136580,1.0,0.0013,0.5,none,True,True
136581,1.0,0.0013,0.5,none,True,True
136582,1.0,0.0012,0.5,none,True,True
136583,1.0,0.0011,0.5,none,True,True
136584,1.0,0.0011,0.5,none,True,True
136585,1.0,0.001,0.5,none,True,True
136586,1.0,0.001,0.5,none,True,True
136587,1.0,0.0009,0.5,none,True,True
136588,1.0,0.0009,0.5,none,True,True
136589,1.0,0.0008,0.5,none,True,True
136590,1.0,0.0008,0.5,none,True,True
136591,1.0,0.0008,0.5,none,True,True
136592,1.0,0.0007,0.5,none,True,True
136593,1.0,0.0007,0.5,none,True,True
136594,1.0,0.0006,0.5,none,True,True
136595,1.0,0.0006,0.5,none,True,True
136596,1.0,0.0006,0.5,none,True,True
136597,1.0,0.0005,0.5,none,True,True
136598,1.0,0.0005,0.5,none,True,True
136599,1.0,0.0005,0.5,none,True,True
136600,1.0,0.0004,0.5,none,True,True
136601,1.0,0.0004,0.5,none,True,True
136602,1.0,0.0004,0.5,none,True,True
136603,1.0,0.0004,0.5,none,True,True
136604,1.0,0.0003,0.5,none,True,True
136605,1.0,0.0003,0.5,none,True,True
136606,1.0,0.0003,0.5,none,True,True
136607,1.0,0.0003,0.5,none,True,True
136608,1.0,0.0003,0.5,none,True,True
136609,1.0,0.0003,0.5,none,True,True
136610,1.0,0.0002,0.5,none,True,True
136611,1.0,0.0002,0.5,none,True,True
136612,1.0,0.0002,0.5,none,True,True
136613,1.0,0.0002,0.5,none,True,True
136614,1.0,0.0002,0.5,none,True,True
136615,1.0,0.0002,0.5,none,True,True
136616,1.0,0.0002,0.5,none,True,True
136617,1.0,0.0002,0.5,none,True,True
136618,1.0,0.0002,0.5,none,True,True
136619,1.0,0.0001,0.5,none,True,True
136620,1.0,0.0001,0.5,none,True,True
136621,1.0,0.0001,0.5,none,True,True
136622,1.0,0.0001,0.5,none,True,True
136623,1.0,0.0001,0.5,none,True,True
136624,1.0,0.0001,0.5,none,True,True
136625,1.0,0.0001,0.5,none,True,True
136626,1.0,0.0001,0.5,none,True,True
136627,1.0,0.0001,0.5,none,True,True
136628,1.0,0.0001,0.5,none,True,True
136629,1.0,0.0001,0.5,none,True,True
136630,1.0,0.0001,0.5,none,True,True
136631,1.0,0.0001,0.5,none,True,True
136632,1.0,0.0001,0.5,none,True,True
136633,1.0,0.0001,0.5,none,True,True
136634,1.0,0.0001,0.5,none,True,True
136635,1.0,0.0001,0.5,none,True,True
136636,1.0,0.0001,0.5,none,True,True
136637,1.0,0.0,0.5,none,True,True
136638,1.0,0.0,0.5,none,True,True
136639,1.0,0.0,0.5,none,True,True
136640,1.0,0.0,0.5,none,True,True
136641,1.0,0.0,0.5,none,True,True
136642,1.0,0.0,0.5,none,True,True
136643,1.0,0.0,0.5,none,True,True
136644,1.0,0.0,0.5,none,True,True
136645,1.0,0.0,0.5,none,True,True
136646,1.0,0.0,0.5,none,True,True
136647,1.0,0.0,0.5,none,True,True
136648,1.0,0.0,0.5,none,True,True
136649,1.0,0.0,0.5,none,True,True
136650,1.0,0.0,0.5,none,True,True
136651,1.0,0.0,0.5,none,True,True
136652,1.0,0.0,0.5,none,True,True
136653,1.0,0.0,0.5,none,True,True
136654,1.0,0.0,0.5,none,True,True
136655,1.0,0.0,0.5,none,True,True
136656,1.0,0.0,0.5,none,True,True
136657,1.0,0.0,0.5,none,True,True
136658,1.0,0.0,0.5,none,True,True
136659,1.0,0.0,0.5,none,True,True
136660,1.0,0.0,0.5,none,True,True
136661,1.0,0.0,0.5,none,True,True
136662,1.0,0.0,0.5,none,True,True
136663,1.0,0.0,0.5,none,True,True
136664,1.0,0.0,0.5,none,True,True
136665,1.0,0.0,0.5,none,True,True
136666,1.0,0.0,0.5,none,True,True
136667,1.0,0.0,0.5,none,True,True
136668,1.0,0.0,0.5,none,True,True
136669,1.0,0.0,0.5,none,True,True
136670,1.0,0.0,0.5,none,True,True
136671,1.0,0.0,0.5,none,True,True
136672,1.0,0.0,0.5,none,True,True
136673,1.0,0.0,0.5,none,True,True
136674,1.0,0.0,0.5,none,True,True
136675,1.0,0.0,0.5,none,True,True
136676,1.0,0.0,0.5,none,True,True
136677,1.0,0.0,0.5,none,True,True
136678,1.0,0.0,0.5,none,True,True
136679,1.0,0.0,0.5,none,True,True
136680,1.0,0.0,0.5,none,True,True
136681,1.0,0.0,0.5,none,True,True
136682,1.0,0.0,0.5,none,True,True
136683,1.0,0.0,0.5,none,True,True
136684,1.0,0.0,0.5,none,True,True
136685,1.0,0.0,0.5,none,True,True
136686,1.0,0.0,0.5,none,True,True
136687,1.0,0.0,0.5,none,True,True
136688,1.0,0.0,0.5,none,True,True
136689,1.0,0.0,0.5,none,True,True
136690,1.0,0.0,0.5,none,True,True
136691,1.0,0.0,0.5,none,True,True
136692,1.0,0.0,0.5,none,True,True
136693,1.0,0.0,0.5,none,True,True
136694,1.0,0.0,0.5,none,True,True
136695,1.0,0.0,0.5,none,True,True
136696,1.0,0.0,0.5,none,True,True
136697,1.0,0.0,0.5,none,True,True
136698,1.0,0.0,0.5,none,True,True
136699,1.0,0.0,0.5,none,True,True
136700,1.0,0.0,0.5,none,True,True
136701,1.0,0.0,0.5,none,True,True
136702,1.0,0.0,0.5,none,True,True
136703,1.0,0.0,0.5,none,True,True
136704,1.0,0.0,0.5,none,True,True
136705,1.0,0.0,0.5,none,True,True
136706,1.0,0.0,0.5,none,True,True
136707,1.0,0.0,0.5,none,True,True
136708,1.0,0.0,0.5,none,True,True
136709,1.0,0.0,0.5,none,True,True
136710,1.0,0.0,0.5,none,True,True
136711,1.0,0.0,0.5,none,True,True
136712,1.0,0.0,0.5,none,True,True
136713,1.0,0.0,0.5,none,True,True
136714,1.0,0.0,0.5,none,True,True
136715,1.0,0.0,0.5,none,True,True
136716,1.0,0.0,0.5,none,True,True
136717,1.0,0.0,0.5,none,True,True
136718,1.0,0.0,0.5,none,True,True
136719,1.0,0.0,0.5,none,True,True
136720,1.0,0.0,0.5,none,True,True
136721,1.0,0.0,0.5,none,True,True
136722,1.0,0.0,0.5,none,True,True
136723,1.0,0.0,0.5,none,True,True
136724,1.0,0.0,0.5,none,True,True
136725,1.0,0.0,0.5,none,True,True
136726,1.0,0.0,0.5,none,True,True
136727,1.0,0.0,0.5,none,True,True
136728,1.0,0.0,0.5,none,True,True
136729,1.0,0.0,0.5,none,True,True
136730,1.0,0.0,0.5,none,True,True
136731,1.0,0.0,0.5,none,True,True
136732,1.0,0.0,0.5,none,True,True
136733,1.0,0.0,0.5,none,True,True
136734,1.0,0.0,0.5,none,True,True
136735,1.0,0.0,0.5,none,True,True
136736,1.0,0.0,0.5,none,True,True
136737,1.0,0.0,0.5,none,True,True
136738,1.0,0.0,0.5,none,True,True
136739,1.0,0.0,0.5,none,True,True
136740,1.0,0.0,0.5,none,True,True
136741,1.0,0.0,0.5,none,True,True
136742,1.0,0.0,0.5,none,True,True
136743,1.0,0.0,0.5,none,True,True
136744,1.0,0.0,0.5,none,True,True
136745,1.0,0.0,0.5,none,True,True
136746,1.0,0.0,0.5,none,True,True
136747,1.0,0.0,0.5,none,True,True
136748,1.0,0.0,0.5,none,True,True
136749,1.0,0.0,0.5,none,True,True
136750,1.0,0.0,0.5,none,True,True
136751,1.0,0.0,0.5,none,True,True
136752,1.0,0.0,0.5,none,True,True
136753,1.0,0.0,0.5,none,True,True
136754,1.0,0.0,0.5,none,True,True
136755,1.0,0.0,0.5,none,True,True
136756,1.0,0.0,0.5,none,True,True
136757,1.0,0.0,0.5,none,True,True
136758,1.0,0.0,0.5,none,True,True
136759,1.0,0.0,0.5,none,True,True
136760,1.0,0.0,0.5,none,True,True
136761,1.0,0.0,0.5,none,True,True
136762,1.0,0.0,0.5,none,True,True
136763,1.0,0.0,0.5,none,True,True
136764,1.0,0.0,0.5,none,True,True
136765,1.0,0.0,0.5,none,True,True
136766,1.0,0.0,0.5,none,True,True
136767,1.0,0.0,0.5,none,True,True
136768,1.0,0.0,0.5,none,True,True
136769,1.0,0.0,0.5,none,True,True
136770,1.0,0.0,0.5,none,True,True
136771,1.0,0.0,0.5,none,True,True
136772,1.0,0.0,0.5,none,True,True
136773,1.0,0.0,0.5,none,True,True
136774,1.0,0.0,0.5,none,True,True
136775,1.0,0.0,0.5,none,True,True
136776,1.0,0.0,0.5,none,True,True
136777,1.0,0.0,0.5,none,True,True
136778,1.0,0.0,0.5,none,True,True
136779,1.0,0.0,0.5,none,True,True
136780,1.0,0.0,0.5,none,True,True
136781,1.0,0.0,0.5,none,True,True
136782,1.0,0.0,0.5,none,True,True
136783,1.0,0.0,0.5,none,True,True
136784,1.0,0.0,0.5,none,True,True
136785,1.0,0.0,0.5,none,True,True
136786,1.0,0.0,0.5,none,True,True
136787,1.0,0.0,0.5,none,True,True
136788,1.0,0.0,0.5,none,True,True
136789,1.0,0.0,0.5,none,True,True
136790,1.0,0.0,0.5,none,True,True
136791,1.0,0.0,0.5,none,True,True
136792,1.0,0.0,0.5,none,True,True
136793,1.0,0.0,0.5,none,True,True
136794,1.0,0.0,0.5,none,True,True
136795,1.0,0.0,0.5,none,True,True
136796,1.0,0.0,0.5,none,True,True
136797,1.0,0.0,0.5,none,True,True
136798,1.0,0.0,0.5,none,True,True
136799,1.0,0.0,0.5,none,True,True
136800,1.0,0.0,0.5,none,True,True
136801,1.0,0.0,0.5,none,True,True
136802,1.0,0.0,0.5,none,True,True
136803,1.0,0.0,0.5,none,True,True
136804,1.0,0.0,0.5,none,True,True
136805,1.0,0.0,0.5,none,True,True
136806,1.0,0.0,0.5,none,True,True
136807,1.0,0.0,0.5,none,True,True
136808,1.0,0.0,0.5,none,True,True
136809,1.0,0.0,0.5,none,True,True
136810,1.0,0.0,0.5,none,True,True
136811,1.0,0.0,0.5,none,True,True
136812,1.0,0.0,0.5,none,True,True
136813,1.0,0.0,0.5,none,True,True
136814,1.0,0.0,0.5,none,True,True
136815,1.0,0.0,0.5,none,True,True
136816,1.0,0.0,0.5,none,True,True
136817,1.0,0.0,0.5,none,True,True
136818,1.0,0.0,0.5,none,True,True
136819,1.0,0.0,0.5,none,True,True
136820,1.0,0.0,0.5,none,True,True
136821,1.0,0.0,0.5,none,True,True
136822,1.0,0.0,0.5,none,True,True
136823,1.0,0.0,0.5,none,True,True
136824,1.0,0.0,0.5,none,True,True
136825,1.0,0.0,0.5,none,True,True
136826,1.0,0.0,0.5,none,True,True
136827,1.0,0.0,0.5,none,True,True
136828,1.0,0.0,0.5,none,True,True
136829,1.0,0.0,0.5,none,True,True
136830,1.0,0.0,0.5,none,True,True
136831,1.0,0.0,0.5,none,True,True
136832,1.0,0.0,0.5,none,True,True
136833,1.0,0.0,0.5,none,True,True
136834,1.0,0.0,0.5,none,True,True
136835,1.0,0.0,0.5,none,True,True
136836,1.0,0.0,0.5,none,True,True
136837,1.0,0.0,0.5,none,True,True
136838,1.0,0.0,0.5,none,True,True
136839,1.0,0.0,0.5,none,True,True
136840,1.0,0.0,0.5,none,True,True
136841,1.0,0.0,0.5,none,True,True
136842,1.0,0.0,0.5,none,True,True
136843,1.0,0.0,0.5,none,True,True
136844,1.0,0.0,0.5,none,True,True
136845,1.0,0.0,0.5,none,True,True
136846,1.0,0.0,0.5,none,True,True
136847,1.0,0.0,0.5,none,True,True
136848,1.0,0.0,0.5,none,True,True
136849,1.0,0.0,0.5,none,True,True
136850,1.0,0.0,0.5,none,True,True
136851,1.0,0.0,0.5,none,True,True
136852,1.0,0.0,0.5,none,True,True
136853,1.0,0.0,0.5,none,True,True
136854,1.0,0.0,0.5,none,True,True
136855,1.0,0.0,0.5,none,True,True
136856,1.0,0.0,0.5,none,True,True
136857,1.0,0.0,0.5,none,True,True
136858,1.0,0.0,0.5,none,True,True
136859,1.0,0.0,0.5,none,True,True
136860,1.0,0.0,0.5,none,True,True
136861,1.0,0.0,0.5,none,True,True
136862,1.0,0.0,0.5,none,True,True
136863,1.0,0.0,0.5,none,True,True
136864,1.0,0.0,0.5,none,True,True
136865,1.0,0.0,0.5,none,True,True
136866,1.0,0.0,0.5,none,True,True
136867,1.0,0.0,0.5,none,True,True
136868,1.0,0.0,0.5,none,True,True
136869,1.0,0.0,0.5,none,True,True
136870,1.0,0.0,0.5,none,True,True
136871,1.0,0.0,0.5,none,True,True
136872,1.0,0.0,0.5,none,True,True
136873,1.0,0.0,0.5,none,True,True
136874,1.0,0.0,0.5,none,True,True
136875,1.0,0.0,0.5,none,True,True
136876,1.0,0.0,0.5,none,True,True
136877,1.0,0.0,0.5,none,True,True
136878,1.0,0.0,0.5,none,True,True
136879,1.0,0.0,0.5,none,True,True
136880,1.0,0.0,0.5,none,True,True
136881,1.0,0.0,0.5,none,True,True
136882,1.0,0.0,0.5,none,True,True
136883,1.0,0.0,0.5,none,True,True
136884,1.0,0.0,0.5,none,True,True
136885,1.0,0.0,0.5,none,True,True
136886,1.0,0.0,0.5,none,True,True
136887,1.0,0.0,0.5,none,True,True
136888,1.0,0.0,0.5,none,True,True
136889,1.0,0.0,0.5,none,True,True
136890,1.0,0.0,0.5,none,True,True
136891,1.0,0.0,0.5,none,True,True
136892,1.0,0.0,0.5,none,True,True
136893,1.0,0.0,0.5,none,True,True
136894,1.0,0.0,0.5,none,True,True
136895,1.0,0.0,0.5,none,True,True
136896,1.0,0.0,0.5,none,True,True
136897,1.0,0.0,0.5,none,True,True
136898,1.0,0.0,0.5,none,True,True
136899,1.0,0.0,0.5,none,True,True
136900,1.0,0.0,0.5,none,True,True
136901,1.0,0.0,0.5,none,True,True
136902,1.0,0.0,0.5,none,True,True
136903,1.0,0.0,0.5,none,True,True
136904,1.0,0.0,0.5,none,True,True
136905,1.0,0.0,0.5,none,True,True
136906,1.0,0.0,0.5,none,True,True
136907,1.0,0.0,0.5,none,True,True
136908,1.0,0.0,0.5,none,True,True
136909,1.0,0.0,0.5,none,True,True
136910,1.0,0.0,0.5,none,True,True
136911,1.0,0.0,0.5,none,True,True
136912,1.0,0.0,0.5,none,True,True
136913,1.0,0.0,0.5,none,True,True
136914,1.0,0.0,0.5,none,True,True
136915,1.0,0.0,0.5,none,True,True
136916,1.0,0.0,0.5,none,True,True
136917,1.0,0.0,0.5,none,True,True
136918,1.0,0.0,0.5,none,True,True
136919,1.0,0.0,0.5,none,True,True
136920,1.0,0.0,0.5,none,True,True
136921,1.0,0.0,0.5,none,True,True
136922,1.0,0.0,0.5,none,True,True
136923,1.0,0.0,0.5,none,True,True
136924,1.0,0.0,0.5,none,True,True
136925,1.0,0.0,0.5,none,True,True
136926,1.0,0.0,0.5,none,True,True
136927,1.0,0.0,0.5,none,True,True
136928,1.0,0.0,0.5,none,True,True
136929,1.0,0.0,0.5,none,True,True
136930,1.0,0.0,0.5,none,True,True
136931,1.0,0.0,0.5,none,True,True
136932,1.0,0.0,0.5,none,True,True
136933,1.0,0.0,0.5,none,True,True
136934,1.0,0.0,0.5,none,True,True
136935,1.0,0.0,0.5,none,True,True
136936,1.0,0.0,0.5,none,True,True
136937,1.0,0.0,0.5,none,True,True
136938,1.0,0.0,0.5,none,True,True
136939,1.0,0.0,0.5,none,True,True
136940,1.0,0.0,0.5,none,True,True
136941,1.0,0.0,0.5,none,True,True
136942,1.0,0.0,0.5,none,True,True
136943,1.0,0.0,0.5,none,True,True
136944,1.0,0.0,0.5,none,True,True
136945,1.0,0.0,0.5,none,True,True
136946,1.0,0.0,0.5,none,True,True
136947,1.0,0.0,0.5,none,True,True
136948,1.0,0.0,0.5,none,True,True
136949,1.0,0.0,0.5,none,True,True
136950,1.0,0.0,0.5,none,True,True
136951,1.0,0.0,0.5,none,True,True
136952,1.0,0.0,0.5,none,True,True
136953,1.0,0.0,0.5,none,True,True
136954,1.0,0.0,0.5,none,True,True
136955,1.0,0.0,0.5,none,True,True
136956,1.0,0.0,0.5,none,True,True
136957,1.0,0.0,0.5,none,True,True
136958,1.0,0.0,0.5,none,True,True
136959,1.0,0.0,0.5,none,True,True
136960,1.0,0.0,0.5,none,True,True
136961,1.0,0.0,0.5,none,True,True
136962,1.0,0.0,0.5,none,True,True
136963,1.0,0.0,0.5,none,True,True
136964,1.0,0.0,0.5,none,True,True
136965,1.0,0.0,0.5,none,True,True
136966,1.0,0.0,0.5,none,True,True
136967,1.0,0.0,0.5,none,True,True
136968,1.0,0.0,0.5,none,True,True
136969,1.0,0.0,0.5,none,True,True
136970,1.0,0.0,0.5,none,True,True
136971,1.0,0.0,0.5,none,True,True
136972,1.0,0.0,0.5,none,True,True
136973,1.0,0.0,0.5,none,True,True
136974,1.0,0.0,0.5,none,True,True
136975,1.0,0.0,0.5,none,True,True
136976,1.0,0.0,0.5,none,True,True
136977,1.0,0.0,0.5,none,True,True
136978,1.0,0.0,0.5,none,True,True
136979,1.0,0.0,0.5,none,True,True
136980,1.0,0.0,0.5,none,True,True
136981,1.0,0.0,0.5,none,True,True
136982,1.0,0.0,0.5,none,True,True
136983,1.0,0.0,0.5,none,True,True
136984,1.0,0.0,0.5,none,True,True
136985,1.0,0.0,0.5,none,True,True
136986,1.0,0.0,0.5,none,True,True
136987,1.0,0.0,0.5,none,True,True
136988,1.0,0.0,0.5,none,True,True
136989,1.0,0.0,0.5,none,True,True
136990,1.0,0.0,0.5,none,True,True
136991,1.0,0.0,0.5,none,True,True
136992,1.0,0.0,0.5,none,True,True
136993,1.0,0.0,0.5,none,True,True
136994,1.0,0.0,0.5,none,True,True
136995,1.0,0.0,0.5,none,True,True
136996,1.0,0.0,0.5,none,True,True
136997,1.0,0.0,0.5,none,True,True
136998,1.0,0.0,0.5,none,True,True
136999,1.0,0.0,0.5,none,True,True
137000,1.0,0.0,0.5,none,True,True
137001,1.0,0.0,0.5,none,True,True
137002,1.0,0.0,0.5,none,True,True
137003,1.0,0.0,0.5,none,True,True
137004,1.0,0.0,0.5,none,True,True
137005,1.0,0.0,0.5,none,True,True
137006,1.0,0.0,0.5,none,True,True
137007,1.0,0.0,0.5,none,True,True
137008,1.0,0.0,0.5,none,True,True
137009,1.0,0.0,0.5,none,True,True
137010,1.0,0.0,0.5,none,True,True
137011,1.0,0.0,0.5,none,True,True
137012,1.0,0.0,0.5,none,True,True
137013,1.0,0.0,0.5,none,True,True
137014,1.0,0.0,0.5,none,True,True
137015,1.0,0.0,0.5,none,True,True
137016,1.0,0.0,0.5,none,True,True
137017,1.0,0.0,0.5,none,True,True
137018,1.0,0.0,0.5,none,True,True
137019,1.0,0.0,0.5,none,True,True
137020,1.0,0.0,0.5,none,True,True
137021,1.0,0.0,0.5,none,True,True
137022,1.0,0.0,0.5,none,True,True
137023,1.0,0.0,0.5,none,True,True
137024,1.0,0.0,0.5,none,True,True
137025,1.0,0.0,0.5,none,True,True
137026,1.0,0.0,0.5,none,True,True
137027,1.0,0.0,0.5,none,True,True
137028,1.0,0.0,0.5,none,True,True
137029,1.0,0.0,0.5,none,True,True
137030,1.0,0.0,0.5,none,True,True
137031,1.0,0.0,0.5,none,True,True
137032,1.0,0.0,0.5,none,True,True
137033,1.0,0.0,0.5,none,True,True
137034,1.0,0.0,0.5,none,True,True
137035,1.0,0.0,0.5,none,True,True
137036,1.0,0.0,0.5,none,True,True
137037,1.0,0.0,0.5,none,True,True
137038,1.0,0.0,0.5,none,True,True
137039,1.0,0.0,0.5,none,True,True
137040,1.0,0.0,0.5,none,True,True
137041,1.0,0.0,0.5,none,True,True
137042,1.0,0.0,0.5,none,True,True
137043,1.0,0.0,0.5,none,True,True
137044,1.0,0.0,0.5,none,True,True
137045,1.0,0.0,0.5,none,True,True
137046,1.0,0.0,0.5,none,True,True
137047,1.0,0.0,0.5,none,True,True
137048,1.0,0.0,0.5,none,True,True
137049,1.0,0.0,0.5,none,True,True
137050,1.0,0.0,0.5,none,True,True
137051,1.0,0.0,0.5,none,True,True
137052,1.0,0.0,0.5,none,True,True
137053,1.0,0.0,0.5,none,True,True
137054,1.0,0.0,0.5,none,True,True
137055,1.0,0.0,0.5,none,True,True
137056,1.0,0.0,0.5,none,True,True
137057,1.0,0.0,0.5,none,True,True
137058,1.0,0.0,0.5,none,True,True
137059,1.0,0.0,0.5,none,True,True
137060,1.0,0.0,0.5,none,True,True
137061,1.0,0.0,0.5,none,True,True
137062,1.0,0.0,0.5,none,True,True
137063,1.0,0.0,0.5,none,True,True
137064,1.0,0.0,0.5,none,True,True
137065,1.0,0.0,0.5,none,True,True
137066,1.0,0.0,0.5,none,True,True
137067,1.0,0.0,0.5,none,True,True
137068,1.0,0.0,0.5,none,True,True
137069,1.0,0.0,0.5,none,True,True
137070,1.0,0.0,0.5,none,True,True
137071,1.0,0.0,0.5,none,True,True
137072,1.0,0.0,0.5,none,True,True
137073,1.0,0.0,0.5,none,True,True
137074,1.0,0.0,0.5,none,True,True
137075,1.0,0.0,0.5,none,True,True
137076,1.0,0.0,0.5,none,True,True
137077,1.0,0.0,0.5,none,True,True
137078,1.0,0.0,0.5,none,True,True
137079,1.0,0.0,0.5,none,True,True
137080,1.0,0.0,0.5,none,True,True
137081,1.0,0.0,0.5,none,True,True
137082,1.0,0.0,0.5,none,True,True
137083,1.0,0.0,0.5,none,True,True
137084,1.0,0.0,0.5,none,True,True
137085,1.0,0.0,0.5,none,True,True
137086,1.0,0.0,0.5,none,True,True
137087,1.0,0.0,0.5,none,True,True
137088,1.0,0.0,0.5,none,True,True
137089,1.0,0.0,0.5,none,True,True
137090,1.0,0.0,0.5,none,True,True
137091,1.0,0.0,0.5,none,True,True
137092,1.0,0.0,0.5,none,True,True
137093,1.0,0.0,0.5,none,True,True
137094,1.0,0.0,0.5,none,True,True
137095,1.0,0.0,0.5,none,True,True
137096,1.0,0.0,0.5,none,True,True
137097,1.0,0.0,0.5,none,True,True
137098,1.0,0.0,0.5,none,True,True
137099,1.0,0.0,0.5,none,True,True
137100,1.0,0.0,0.5,none,True,True
137101,1.0,0.0,0.5,none,True,True
137102,1.0,0.0,0.5,none,True,True
137103,1.0,0.0,0.5,none,True,True
137104,1.0,0.0,0.5,none,True,True
137105,1.0,0.0,0.5,none,True,True
137106,1.0,0.0,0.5,none,True,True
137107,1.0,0.0,0.5,none,True,True
137108,1.0,0.0,0.5,none,True,True
137109,1.0,0.0,0.5,none,True,True
137110,1.0,0.0,0.5,none,True,True
137111,1.0,0.0,0.5,none,True,True
137112,1.0,0.0,0.5,none,True,True
137113,1.0,0.0,0.5,none,True,True
137114,1.0,0.0,0.5,none,True,True
137115,1.0,0.0,0.5,none,True,True
137116,1.0,0.0,0.5,none,True,True
137117,1.0,0.0,0.5,none,True,True
137118,1.0,0.0,0.5,none,True,True
137119,1.0,0.0,0.5,none,True,True
137120,1.0,0.0,0.5,none,True,True
137121,1.0,0.0,0.5,none,True,True
137122,1.0,0.0,0.5,none,True,True
137123,1.0,0.0,0.5,none,True,True
137124,1.0,0.0,0.5,none,True,True
137125,1.0,0.0,0.5,none,True,True
137126,1.0,0.0,0.5,none,True,True
137127,1.0,0.0,0.5,none,True,True
137128,1.0,0.0,0.5,none,True,True
137129,1.0,0.0,0.5,none,True,True
137130,1.0,0.0,0.5,none,True,True
137131,1.0,0.0,0.5,none,True,True
137132,1.0,0.0,0.5,none,True,True
137133,1.0,0.0,0.5,none,True,True
137134,1.0,0.0,0.5,none,True,True
137135,1.0,0.0,0.5,none,True,True
137136,1.0,0.0,0.5,none,True,True
137137,1.0,0.0,0.5,none,True,True
137138,1.0,0.0,0.5,none,True,True
137139,1.0,0.0,0.5,none,True,True
137140,1.0,0.0,0.5,none,True,True
137141,1.0,0.0,0.5,none,True,True
137142,1.0,0.0,0.5,none,True,True
137143,1.0,0.0,0.5,none,True,True
137144,1.0,0.0,0.5,none,True,True
137145,1.0,0.0,0.5,none,True,True
137146,1.0,0.0,0.5,none,True,True
137147,1.0,0.0,0.5,none,True,True
137148,1.0,0.0,0.5,none,True,True
137149,1.0,0.0,0.5,none,True,True
137150,1.0,0.0,0.5,none,True,True
137151,1.0,0.0,0.5,none,True,True
137152,1.0,0.0,0.5,none,True,True
137153,1.0,0.0,0.5,none,True,True
137154,1.0,0.0,0.5,none,True,True
137155,1.0,0.0,0.5,none,True,True
137156,1.0,0.0,0.5,none,True,True
137157,1.0,0.0,0.5,none,True,True
137158,1.0,0.0,0.5,none,True,True
137159,1.0,0.0,0.5,none,True,True
137160,1.0,0.0,0.5,none,True,True
137161,1.0,0.0,0.5,none,True,True
137162,1.0,0.0,0.5,none,True,True
137163,1.0,0.0,0.5,none,True,True
137164,1.0,0.0,0.5,none,True,True
137165,1.0,0.0,0.5,none,True,True
137166,1.0,0.0,0.5,none,True,True
137167,1.0,0.0,0.5,none,True,True
137168,1.0,0.0,0.5,none,True,True
137169,1.0,0.0,0.5,none,True,True
137170,1.0,0.0,0.5,none,True,True
137171,1.0,0.0,0.5,none,True,True
137172,1.0,0.0,0.5,none,True,True
137173,1.0,0.0,0.5,none,True,True
137174,1.0,0.0,0.5,none,True,True
137175,1.0,0.0,0.5,none,True,True
137176,1.0,0.0,0.5,none,True,True
137177,1.0,0.0,0.5,none,True,True
137178,1.0,0.0,0.5,none,True,True
137179,1.0,0.0,0.5,none,True,True
137180,1.0,0.0,0.5,none,True,True
137181,1.0,0.0,0.5,none,True,True
137182,1.0,0.0,0.5,none,True,True
137183,1.0,0.0,0.5,none,True,True
137184,1.0,0.0,0.5,none,True,True
137185,1.0,0.0,0.5,none,True,True
137186,1.0,0.0,0.5,none,True,True
137187,1.0,0.0,0.5,none,True,True
137188,1.0,0.0,0.5,none,True,True
137189,1.0,0.0,0.5,none,True,True
137190,1.0,0.0,0.5,none,True,True
137191,1.0,0.0,0.5,none,True,True
137192,1.0,0.0,0.5,none,True,True
137193,1.0,0.0,0.5,none,True,True
137194,1.0,0.0,0.5,none,True,True
137195,1.0,0.0,0.5,none,True,True
137196,1.0,0.0,0.5,none,True,True
137197,1.0,0.0,0.5,none,True,True
137198,1.0,0.0,0.5,none,True,True
137199,1.0,0.0,0.5,none,True,True
137200,1.0,0.0061,0.5,none,True,True
137201,1.0,0.0357,0.5,none,True,True
137202,1.0,0.0812,0.5,none,True,True
137203,1.0,0.1113,0.5,none,True,True
137204,1.0,0.1253,0.5,none,True,True
137205,1.0,0.1408,0.5,none,True,True
137206,1.0,0.0907,0.5,none,True,True
137207,1.0,0.1198,0.5,none,True,True
137208,1.0,0.0467,0.5,none,True,True
137209,1.0,0.0522,0.5,none,True,True
137210,1.0,0.0405,0.5,none,True,True
137211,1.0,0.0313,0.5,none,True,True
137212,1.0,0.0083,0.5,none,True,True
137213,1.0,0.0726,0.5,none,True,True
137214,1.0,0.0793,0.5,none,True,True
137215,1.0,0.0581,0.5,none,True,True
137216,1.0,0.0955,0.5,none,True,True
137217,1.0,0.0839,0.5,none,True,True
137218,1.0,0.0648,0.5,none,True,True
137219,1.0,0.0718,0.5,none,True,True
137220,1.0,0.0589,0.5,none,True,True
137221,1.0,0.0403,0.5,none,True,True
137222,1.0,0.0327,0.5,none,True,True
137223,1.0,0.0277,0.5,none,True,True
137224,1.0,0.017,0.5,none,True,True
137225,1.0,0.0102,0.5,none,True,True
137226,1.0,0.0099,0.5,none,True,True
137227,1.0,0.008,0.5,none,True,True
137228,1.0,0.005,0.5,none,True,True
137229,1.0,0.0063,0.5,none,True,True
137230,1.0,0.009,0.5,none,True,True
137231,1.0,0.0096,0.5,none,True,True
137232,1.0,0.0108,0.5,none,True,True
137233,1.0,0.014,0.5,none,True,True
137234,1.0,0.0161,0.5,none,True,True
137235,1.0,0.0167,0.5,none,True,True
137236,1.0,0.0182,0.5,none,True,True
137237,1.0,0.0196,0.5,none,True,True
137238,1.0,0.0197,0.5,none,True,True
137239,1.0,0.0193,0.5,none,True,True
137240,1.0,0.0193,0.5,none,True,True
137241,1.0,0.0187,0.5,none,True,True
137242,1.0,0.0174,0.5,none,True,True
137243,1.0,0.0163,0.5,none,True,True
137244,1.0,0.0152,0.5,none,True,True
137245,1.0,0.0138,0.5,none,True,True
137246,1.0,0.0123,0.5,none,True,True
137247,1.0,0.0111,0.5,none,True,True
137248,1.0,0.01,0.5,none,True,True
137249,1.0,0.0088,0.5,none,True,True
137250,1.0,0.0078,0.5,none,True,True
137251,1.0,0.0071,0.5,none,True,True
137252,1.0,0.0064,0.5,none,True,True
137253,1.0,0.0057,0.5,none,True,True
137254,1.0,0.0053,0.5,none,True,True
137255,1.0,0.005,0.5,none,True,True
137256,1.0,0.0047,0.5,none,True,True
137257,1.0,0.0045,0.5,none,True,True
137258,1.0,0.0044,0.5,none,True,True
137259,1.0,0.0043,0.5,none,True,True
137260,1.0,0.0042,0.5,none,True,True
137261,1.0,0.0041,0.5,none,True,True
137262,1.0,0.004,0.5,none,True,True
137263,1.0,0.0039,0.5,none,True,True
137264,1.0,0.0038,0.5,none,True,True
137265,1.0,0.0037,0.5,none,True,True
137266,1.0,0.0035,0.5,none,True,True
137267,1.0,0.0033,0.5,none,True,True
137268,1.0,0.0032,0.5,none,True,True
137269,1.0,0.003,0.5,none,True,True
137270,1.0,0.0028,0.5,none,True,True
137271,1.0,0.0026,0.5,none,True,True
137272,1.0,0.0024,0.5,none,True,True
137273,1.0,0.0023,0.5,none,True,True
137274,1.0,0.0021,0.5,none,True,True
137275,1.0,0.0019,0.5,none,True,True
137276,1.0,0.0018,0.5,none,True,True
137277,1.0,0.0017,0.5,none,True,True
137278,1.0,0.0015,0.5,none,True,True
137279,1.0,0.0014,0.5,none,True,True
137280,1.0,0.0013,0.5,none,True,True
137281,1.0,0.0013,0.5,none,True,True
137282,1.0,0.0012,0.5,none,True,True
137283,1.0,0.0011,0.5,none,True,True
137284,1.0,0.0011,0.5,none,True,True
137285,1.0,0.001,0.5,none,True,True
137286,1.0,0.001,0.5,none,True,True
137287,1.0,0.0009,0.5,none,True,True
137288,1.0,0.0009,0.5,none,True,True
137289,1.0,0.0008,0.5,none,True,True
137290,1.0,0.0008,0.5,none,True,True
137291,1.0,0.0008,0.5,none,True,True
137292,1.0,0.0007,0.5,none,True,True
137293,1.0,0.0007,0.5,none,True,True
137294,1.0,0.0006,0.5,none,True,True
137295,1.0,0.0006,0.5,none,True,True
137296,1.0,0.0006,0.5,none,True,True
137297,1.0,0.0005,0.5,none,True,True
137298,1.0,0.0005,0.5,none,True,True
137299,1.0,0.0005,0.5,none,True,True
137300,1.0,0.0004,0.5,none,True,True
137301,1.0,0.0004,0.5,none,True,True
137302,1.0,0.0004,0.5,none,True,True
137303,1.0,0.0004,0.5,none,True,True
137304,1.0,0.0003,0.5,none,True,True
137305,1.0,0.0003,0.5,none,True,True
137306,1.0,0.0003,0.5,none,True,True
137307,1.0,0.0003,0.5,none,True,True
137308,1.0,0.0003,0.5,none,True,True
137309,1.0,0.0003,0.5,none,True,True
137310,1.0,0.0002,0.5,none,True,True
137311,1.0,0.0002,0.5,none,True,True
137312,1.0,0.0002,0.5,none,True,True
137313,1.0,0.0002,0.5,none,True,True
137314,1.0,0.0002,0.5,none,True,True
137315,1.0,0.0002,0.5,none,True,True
137316,1.0,0.0002,0.5,none,True,True
137317,1.0,0.0002,0.5,none,True,True
137318,1.0,0.0002,0.5,none,True,True
137319,1.0,0.0001,0.5,none,True,True
137320,1.0,0.0001,0.5,none,True,True
137321,1.0,0.0001,0.5,none,True,True
137322,1.0,0.0001,0.5,none,True,True
137323,1.0,0.0001,0.5,none,True,True
137324,1.0,0.0001,0.5,none,True,True
137325,1.0,0.0001,0.5,none,True,True
137326,1.0,0.0001,0.5,none,True,True
137327,1.0,0.0001,0.5,none,True,True
137328,1.0,0.0001,0.5,none,True,True
137329,1.0,0.0001,0.5,none,True,True
137330,1.0,0.0001,0.5,none,True,True
137331,1.0,0.0001,0.5,none,True,True
137332,1.0,0.0001,0.5,none,True,True
137333,1.0,0.0001,0.5,none,True,True
137334,1.0,0.0001,0.5,none,True,True
137335,1.0,0.0001,0.5,none,True,True
137336,1.0,0.0001,0.5,none,True,True
137337,1.0,0.0,0.5,none,True,True
137338,1.0,0.0,0.5,none,True,True
137339,1.0,0.0,0.5,none,True,True
137340,1.0,0.0,0.5,none,True,True
137341,1.0,0.0,0.5,none,True,True
137342,1.0,0.0,0.5,none,True,True
137343,1.0,0.0,0.5,none,True,True
137344,1.0,0.0,0.5,none,True,True
137345,1.0,0.0,0.5,none,True,True
137346,1.0,0.0,0.5,none,True,True
137347,1.0,0.0,0.5,none,True,True
137348,1.0,0.0,0.5,none,True,True
137349,1.0,0.0,0.5,none,True,True
137350,1.0,0.0,0.5,none,True,True
137351,1.0,0.0,0.5,none,True,True
137352,1.0,0.0,0.5,none,True,True
137353,1.0,0.0,0.5,none,True,True
137354,1.0,0.0,0.5,none,True,True
137355,1.0,0.0,0.5,none,True,True
137356,1.0,0.0,0.5,none,True,True
137357,1.0,0.0,0.5,none,True,True
137358,1.0,0.0,0.5,none,True,True
137359,1.0,0.0,0.5,none,True,True
137360,1.0,0.0,0.5,none,True,True
137361,1.0,0.0,0.5,none,True,True
137362,1.0,0.0,0.5,none,True,True
137363,1.0,0.0,0.5,none,True,True
137364,1.0,0.0,0.5,none,True,True
137365,1.0,0.0,0.5,none,True,True
137366,1.0,0.0,0.5,none,True,True
137367,1.0,0.0,0.5,none,True,True
137368,1.0,0.0,0.5,none,True,True
137369,1.0,0.0,0.5,none,True,True
137370,1.0,0.0,0.5,none,True,True
137371,1.0,0.0,0.5,none,True,True
137372,1.0,0.0,0.5,none,True,True
137373,1.0,0.0,0.5,none,True,True
137374,1.0,0.0,0.5,none,True,True
137375,1.0,0.0,0.5,none,True,True
137376,1.0,0.0,0.5,none,True,True
137377,1.0,0.0,0.5,none,True,True
137378,1.0,0.0,0.5,none,True,True
137379,1.0,0.0,0.5,none,True,True
137380,1.0,0.0,0.5,none,True,True
137381,1.0,0.0,0.5,none,True,True
137382,1.0,0.0,0.5,none,True,True
137383,1.0,0.0,0.5,none,True,True
137384,1.0,0.0,0.5,none,True,True
137385,1.0,0.0,0.5,none,True,True
137386,1.0,0.0,0.5,none,True,True
137387,1.0,0.0,0.5,none,True,True
137388,1.0,0.0,0.5,none,True,True
137389,1.0,0.0,0.5,none,True,True
137390,1.0,0.0,0.5,none,True,True
137391,1.0,0.0,0.5,none,True,True
137392,1.0,0.0,0.5,none,True,True
137393,1.0,0.0,0.5,none,True,True
137394,1.0,0.0,0.5,none,True,True
137395,1.0,0.0,0.5,none,True,True
137396,1.0,0.0,0.5,none,True,True
137397,1.0,0.0,0.5,none,True,True
137398,1.0,0.0,0.5,none,True,True
137399,1.0,0.0,0.5,none,True,True
137400,1.0,0.0,0.5,none,True,True
137401,1.0,0.0,0.5,none,True,True
137402,1.0,0.0,0.5,none,True,True
137403,1.0,0.0,0.5,none,True,True
137404,1.0,0.0,0.5,none,True,True
137405,1.0,0.0,0.5,none,True,True
137406,1.0,0.0,0.5,none,True,True
137407,1.0,0.0,0.5,none,True,True
137408,1.0,0.0,0.5,none,True,True
137409,1.0,0.0,0.5,none,True,True
137410,1.0,0.0,0.5,none,True,True
137411,1.0,0.0,0.5,none,True,True
137412,1.0,0.0,0.5,none,True,True
137413,1.0,0.0,0.5,none,True,True
137414,1.0,0.0,0.5,none,True,True
137415,1.0,0.0,0.5,none,True,True
137416,1.0,0.0,0.5,none,True,True
137417,1.0,0.0,0.5,none,True,True
137418,1.0,0.0,0.5,none,True,True
137419,1.0,0.0,0.5,none,True,True
137420,1.0,0.0,0.5,none,True,True
137421,1.0,0.0,0.5,none,True,True
137422,1.0,0.0,0.5,none,True,True
137423,1.0,0.0,0.5,none,True,True
137424,1.0,0.0,0.5,none,True,True
137425,1.0,0.0,0.5,none,True,True
137426,1.0,0.0,0.5,none,True,True
137427,1.0,0.0,0.5,none,True,True
137428,1.0,0.0,0.5,none,True,True
137429,1.0,0.0,0.5,none,True,True
137430,1.0,0.0,0.5,none,True,True
137431,1.0,0.0,0.5,none,True,True
137432,1.0,0.0,0.5,none,True,True
137433,1.0,0.0,0.5,none,True,True
137434,1.0,0.0,0.5,none,True,True
137435,1.0,0.0,0.5,none,True,True
137436,1.0,0.0,0.5,none,True,True
137437,1.0,0.0,0.5,none,True,True
137438,1.0,0.0,0.5,none,True,True
137439,1.0,0.0,0.5,none,True,True
137440,1.0,0.0,0.5,none,True,True
137441,1.0,0.0,0.5,none,True,True
137442,1.0,0.0,0.5,none,True,True
137443,1.0,0.0,0.5,none,True,True
137444,1.0,0.0,0.5,none,True,True
137445,1.0,0.0,0.5,none,True,True
137446,1.0,0.0,0.5,none,True,True
137447,1.0,0.0,0.5,none,True,True
137448,1.0,0.0,0.5,none,True,True
137449,1.0,0.0,0.5,none,True,True
137450,1.0,0.0,0.5,none,True,True
137451,1.0,0.0,0.5,none,True,True
137452,1.0,0.0,0.5,none,True,True
137453,1.0,0.0,0.5,none,True,True
137454,1.0,0.0,0.5,none,True,True
137455,1.0,0.0,0.5,none,True,True
137456,1.0,0.0,0.5,none,True,True
137457,1.0,0.0,0.5,none,True,True
137458,1.0,0.0,0.5,none,True,True
137459,1.0,0.0,0.5,none,True,True
137460,1.0,0.0,0.5,none,True,True
137461,1.0,0.0,0.5,none,True,True
137462,1.0,0.0,0.5,none,True,True
137463,1.0,0.0,0.5,none,True,True
137464,1.0,0.0,0.5,none,True,True
137465,1.0,0.0,0.5,none,True,True
137466,1.0,0.0,0.5,none,True,True
137467,1.0,0.0,0.5,none,True,True
137468,1.0,0.0,0.5,none,True,True
137469,1.0,0.0,0.5,none,True,True
137470,1.0,0.0,0.5,none,True,True
137471,1.0,0.0,0.5,none,True,True
137472,1.0,0.0,0.5,none,True,True
137473,1.0,0.0,0.5,none,True,True
137474,1.0,0.0,0.5,none,True,True
137475,1.0,0.0,0.5,none,True,True
137476,1.0,0.0,0.5,none,True,True
137477,1.0,0.0,0.5,none,True,True
137478,1.0,0.0,0.5,none,True,True
137479,1.0,0.0,0.5,none,True,True
137480,1.0,0.0,0.5,none,True,True
137481,1.0,0.0,0.5,none,True,True
137482,1.0,0.0,0.5,none,True,True
137483,1.0,0.0,0.5,none,True,True
137484,1.0,0.0,0.5,none,True,True
137485,1.0,0.0,0.5,none,True,True
137486,1.0,0.0,0.5,none,True,True
137487,1.0,0.0,0.5,none,True,True
137488,1.0,0.0,0.5,none,True,True
137489,1.0,0.0,0.5,none,True,True
137490,1.0,0.0,0.5,none,True,True
137491,1.0,0.0,0.5,none,True,True
137492,1.0,0.0,0.5,none,True,True
137493,1.0,0.0,0.5,none,True,True
137494,1.0,0.0,0.5,none,True,True
137495,1.0,0.0,0.5,none,True,True
137496,1.0,0.0,0.5,none,True,True
137497,1.0,0.0,0.5,none,True,True
137498,1.0,0.0,0.5,none,True,True
137499,1.0,0.0,0.5,none,True,True
137500,1.0,0.0,0.5,none,True,True
137501,1.0,0.0,0.5,none,True,True
137502,1.0,0.0,0.5,none,True,True
137503,1.0,0.0,0.5,none,True,True
137504,1.0,0.0,0.5,none,True,True
137505,1.0,0.0,0.5,none,True,True
137506,1.0,0.0,0.5,none,True,True
137507,1.0,0.0,0.5,none,True,True
137508,1.0,0.0,0.5,none,True,True
137509,1.0,0.0,0.5,none,True,True
137510,1.0,0.0,0.5,none,True,True
137511,1.0,0.0,0.5,none,True,True
137512,1.0,0.0,0.5,none,True,True
137513,1.0,0.0,0.5,none,True,True
137514,1.0,0.0,0.5,none,True,True
137515,1.0,0.0,0.5,none,True,True
137516,1.0,0.0,0.5,none,True,True
137517,1.0,0.0,0.5,none,True,True
137518,1.0,0.0,0.5,none,True,True
137519,1.0,0.0,0.5,none,True,True
137520,1.0,0.0,0.5,none,True,True
137521,1.0,0.0,0.5,none,True,True
137522,1.0,0.0,0.5,none,True,True
137523,1.0,0.0,0.5,none,True,True
137524,1.0,0.0,0.5,none,True,True
137525,1.0,0.0,0.5,none,True,True
137526,1.0,0.0,0.5,none,True,True
137527,1.0,0.0,0.5,none,True,True
137528,1.0,0.0,0.5,none,True,True
137529,1.0,0.0,0.5,none,True,True
137530,1.0,0.0,0.5,none,True,True
137531,1.0,0.0,0.5,none,True,True
137532,1.0,0.0,0.5,none,True,True
137533,1.0,0.0,0.5,none,True,True
137534,1.0,0.0,0.5,none,True,True
137535,1.0,0.0,0.5,none,True,True
137536,1.0,0.0,0.5,none,True,True
137537,1.0,0.0,0.5,none,True,True
137538,1.0,0.0,0.5,none,True,True
137539,1.0,0.0,0.5,none,True,True
137540,1.0,0.0,0.5,none,True,True
137541,1.0,0.0,0.5,none,True,True
137542,1.0,0.0,0.5,none,True,True
137543,1.0,0.0,0.5,none,True,True
137544,1.0,0.0,0.5,none,True,True
137545,1.0,0.0,0.5,none,True,True
137546,1.0,0.0,0.5,none,True,True
137547,1.0,0.0,0.5,none,True,True
137548,1.0,0.0,0.5,none,True,True
137549,1.0,0.0,0.5,none,True,True
137550,1.0,0.0,0.5,none,True,True
137551,1.0,0.0,0.5,none,True,True
137552,1.0,0.0,0.5,none,True,True
137553,1.0,0.0,0.5,none,True,True
137554,1.0,0.0,0.5,none,True,True
137555,1.0,0.0,0.5,none,True,True
137556,1.0,0.0,0.5,none,True,True
137557,1.0,0.0,0.5,none,True,True
137558,1.0,0.0,0.5,none,True,True
137559,1.0,0.0,0.5,none,True,True
137560,1.0,0.0,0.5,none,True,True
137561,1.0,0.0,0.5,none,True,True
137562,1.0,0.0,0.5,none,True,True
137563,1.0,0.0,0.5,none,True,True
137564,1.0,0.0,0.5,none,True,True
137565,1.0,0.0,0.5,none,True,True
137566,1.0,0.0,0.5,none,True,True
137567,1.0,0.0,0.5,none,True,True
137568,1.0,0.0,0.5,none,True,True
137569,1.0,0.0,0.5,none,True,True
137570,1.0,0.0,0.5,none,True,True
137571,1.0,0.0,0.5,none,True,True
137572,1.0,0.0,0.5,none,True,True
137573,1.0,0.0,0.5,none,True,True
137574,1.0,0.0,0.5,none,True,True
137575,1.0,0.0,0.5,none,True,True
137576,1.0,0.0,0.5,none,True,True
137577,1.0,0.0,0.5,none,True,True
137578,1.0,0.0,0.5,none,True,True
137579,1.0,0.0,0.5,none,True,True
137580,1.0,0.0,0.5,none,True,True
137581,1.0,0.0,0.5,none,True,True
137582,1.0,0.0,0.5,none,True,True
137583,1.0,0.0,0.5,none,True,True
137584,1.0,0.0,0.5,none,True,True
137585,1.0,0.0,0.5,none,True,True
137586,1.0,0.0,0.5,none,True,True
137587,1.0,0.0,0.5,none,True,True
137588,1.0,0.0,0.5,none,True,True
137589,1.0,0.0,0.5,none,True,True
137590,1.0,0.0,0.5,none,True,True
137591,1.0,0.0,0.5,none,True,True
137592,1.0,0.0,0.5,none,True,True
137593,1.0,0.0,0.5,none,True,True
137594,1.0,0.0,0.5,none,True,True
137595,1.0,0.0,0.5,none,True,True
137596,1.0,0.0,0.5,none,True,True
137597,1.0,0.0,0.5,none,True,True
137598,1.0,0.0,0.5,none,True,True
137599,1.0,0.0,0.5,none,True,True
137600,1.0,0.0,0.5,none,True,True
137601,1.0,0.0,0.5,none,True,True
137602,1.0,0.0,0.5,none,True,True
137603,1.0,0.0,0.5,none,True,True
137604,1.0,0.0,0.5,none,True,True
137605,1.0,0.0,0.5,none,True,True
137606,1.0,0.0,0.5,none,True,True
137607,1.0,0.0,0.5,none,True,True
137608,1.0,0.0,0.5,none,True,True
137609,1.0,0.0,0.5,none,True,True
137610,1.0,0.0,0.5,none,True,True
137611,1.0,0.0,0.5,none,True,True
137612,1.0,0.0,0.5,none,True,True
137613,1.0,0.0,0.5,none,True,True
137614,1.0,0.0,0.5,none,True,True
137615,1.0,0.0,0.5,none,True,True
137616,1.0,0.0,0.5,none,True,True
137617,1.0,0.0,0.5,none,True,True
137618,1.0,0.0,0.5,none,True,True
137619,1.0,0.0,0.5,none,True,True
137620,1.0,0.0,0.5,none,True,True
137621,1.0,0.0,0.5,none,True,True
137622,1.0,0.0,0.5,none,True,True
137623,1.0,0.0,0.5,none,True,True
137624,1.0,0.0,0.5,none,True,True
137625,1.0,0.0,0.5,none,True,True
137626,1.0,0.0,0.5,none,True,True
137627,1.0,0.0,0.5,none,True,True
137628,1.0,0.0,0.5,none,True,True
137629,1.0,0.0,0.5,none,True,True
137630,1.0,0.0,0.5,none,True,True
137631,1.0,0.0,0.5,none,True,True
137632,1.0,0.0,0.5,none,True,True
137633,1.0,0.0,0.5,none,True,True
137634,1.0,0.0,0.5,none,True,True
137635,1.0,0.0,0.5,none,True,True
137636,1.0,0.0,0.5,none,True,True
137637,1.0,0.0,0.5,none,True,True
137638,1.0,0.0,0.5,none,True,True
137639,1.0,0.0,0.5,none,True,True
137640,1.0,0.0,0.5,none,True,True
137641,1.0,0.0,0.5,none,True,True
137642,1.0,0.0,0.5,none,True,True
137643,1.0,0.0,0.5,none,True,True
137644,1.0,0.0,0.5,none,True,True
137645,1.0,0.0,0.5,none,True,True
137646,1.0,0.0,0.5,none,True,True
137647,1.0,0.0,0.5,none,True,True
137648,1.0,0.0,0.5,none,True,True
137649,1.0,0.0,0.5,none,True,True
137650,1.0,0.0,0.5,none,True,True
137651,1.0,0.0,0.5,none,True,True
137652,1.0,0.0,0.5,none,True,True
137653,1.0,0.0,0.5,none,True,True
137654,1.0,0.0,0.5,none,True,True
137655,1.0,0.0,0.5,none,True,True
137656,1.0,0.0,0.5,none,True,True
137657,1.0,0.0,0.5,none,True,True
137658,1.0,0.0,0.5,none,True,True
137659,1.0,0.0,0.5,none,True,True
137660,1.0,0.0,0.5,none,True,True
137661,1.0,0.0,0.5,none,True,True
137662,1.0,0.0,0.5,none,True,True
137663,1.0,0.0,0.5,none,True,True
137664,1.0,0.0,0.5,none,True,True
137665,1.0,0.0,0.5,none,True,True
137666,1.0,0.0,0.5,none,True,True
137667,1.0,0.0,0.5,none,True,True
137668,1.0,0.0,0.5,none,True,True
137669,1.0,0.0,0.5,none,True,True
137670,1.0,0.0,0.5,none,True,True
137671,1.0,0.0,0.5,none,True,True
137672,1.0,0.0,0.5,none,True,True
137673,1.0,0.0,0.5,none,True,True
137674,1.0,0.0,0.5,none,True,True
137675,1.0,0.0,0.5,none,True,True
137676,1.0,0.0,0.5,none,True,True
137677,1.0,0.0,0.5,none,True,True
137678,1.0,0.0,0.5,none,True,True
137679,1.0,0.0,0.5,none,True,True
137680,1.0,0.0,0.5,none,True,True
137681,1.0,0.0,0.5,none,True,True
137682,1.0,0.0,0.5,none,True,True
137683,1.0,0.0,0.5,none,True,True
137684,1.0,0.0,0.5,none,True,True
137685,1.0,0.0,0.5,none,True,True
137686,1.0,0.0,0.5,none,True,True
137687,1.0,0.0,0.5,none,True,True
137688,1.0,0.0,0.5,none,True,True
137689,1.0,0.0,0.5,none,True,True
137690,1.0,0.0,0.5,none,True,True
137691,1.0,0.0,0.5,none,True,True
137692,1.0,0.0,0.5,none,True,True
137693,1.0,0.0,0.5,none,True,True
137694,1.0,0.0,0.5,none,True,True
137695,1.0,0.0,0.5,none,True,True
137696,1.0,0.0,0.5,none,True,True
137697,1.0,0.0,0.5,none,True,True
137698,1.0,0.0,0.5,none,True,True
137699,1.0,0.0,0.5,none,True,True
137700,1.0,0.0,0.5,none,True,True
137701,1.0,0.0,0.5,none,True,True
137702,1.0,0.0,0.5,none,True,True
137703,1.0,0.0,0.5,none,True,True
137704,1.0,0.0,0.5,none,True,True
137705,1.0,0.0,0.5,none,True,True
137706,1.0,0.0,0.5,none,True,True
137707,1.0,0.0,0.5,none,True,True
137708,1.0,0.0,0.5,none,True,True
137709,1.0,0.0,0.5,none,True,True
137710,1.0,0.0,0.5,none,True,True
137711,1.0,0.0,0.5,none,True,True
137712,1.0,0.0,0.5,none,True,True
137713,1.0,0.0,0.5,none,True,True
137714,1.0,0.0,0.5,none,True,True
137715,1.0,0.0,0.5,none,True,True
137716,1.0,0.0,0.5,none,True,True
137717,1.0,0.0,0.5,none,True,True
137718,1.0,0.0,0.5,none,True,True
137719,1.0,0.0,0.5,none,True,True
137720,1.0,0.0,0.5,none,True,True
137721,1.0,0.0,0.5,none,True,True
137722,1.0,0.0,0.5,none,True,True
137723,1.0,0.0,0.5,none,True,True
137724,1.0,0.0,0.5,none,True,True
137725,1.0,0.0,0.5,none,True,True
137726,1.0,0.0,0.5,none,True,True
137727,1.0,0.0,0.5,none,True,True
137728,1.0,0.0,0.5,none,True,True
137729,1.0,0.0,0.5,none,True,True
137730,1.0,0.0,0.5,none,True,True
137731,1.0,0.0,0.5,none,True,True
137732,1.0,0.0,0.5,none,True,True
137733,1.0,0.0,0.5,none,True,True
137734,1.0,0.0,0.5,none,True,True
137735,1.0,0.0,0.5,none,True,True
137736,1.0,0.0,0.5,none,True,True
137737,1.0,0.0,0.5,none,True,True
137738,1.0,0.0,0.5,none,True,True
137739,1.0,0.0,0.5,none,True,True
137740,1.0,0.0,0.5,none,True,True
137741,1.0,0.0,0.5,none,True,True
137742,1.0,0.0,0.5,none,True,True
137743,1.0,0.0,0.5,none,True,True
137744,1.0,0.0,0.5,none,True,True
137745,1.0,0.0,0.5,none,True,True
137746,1.0,0.0,0.5,none,True,True
137747,1.0,0.0,0.5,none,True,True
137748,1.0,0.0,0.5,none,True,True
137749,1.0,0.0,0.5,none,True,True
137750,1.0,0.0,0.5,none,True,True
137751,1.0,0.0,0.5,none,True,True
137752,1.0,0.0,0.5,none,True,True
137753,1.0,0.0,0.5,none,True,True
137754,1.0,0.0,0.5,none,True,True
137755,1.0,0.0,0.5,none,True,True
137756,1.0,0.0,0.5,none,True,True
137757,1.0,0.0,0.5,none,True,True
137758,1.0,0.0,0.5,none,True,True
137759,1.0,0.0,0.5,none,True,True
137760,1.0,0.0,0.5,none,True,True
137761,1.0,0.0,0.5,none,True,True
137762,1.0,0.0,0.5,none,True,True
137763,1.0,0.0,0.5,none,True,True
137764,1.0,0.0,0.5,none,True,True
137765,1.0,0.0,0.5,none,True,True
137766,1.0,0.0,0.5,none,True,True
137767,1.0,0.0,0.5,none,True,True
137768,1.0,0.0,0.5,none,True,True
137769,1.0,0.0,0.5,none,True,True
137770,1.0,0.0,0.5,none,True,True
137771,1.0,0.0,0.5,none,True,True
137772,1.0,0.0,0.5,none,True,True
137773,1.0,0.0,0.5,none,True,True
137774,1.0,0.0,0.5,none,True,True
137775,1.0,0.0,0.5,none,True,True
137776,1.0,0.0,0.5,none,True,True
137777,1.0,0.0,0.5,none,True,True
137778,1.0,0.0,0.5,none,True,True
137779,1.0,0.0,0.5,none,True,True
137780,1.0,0.0,0.5,none,True,True
137781,1.0,0.0,0.5,none,True,True
137782,1.0,0.0,0.5,none,True,True
137783,1.0,0.0,0.5,none,True,True
137784,1.0,0.0,0.5,none,True,True
137785,1.0,0.0,0.5,none,True,True
137786,1.0,0.0,0.5,none,True,True
137787,1.0,0.0,0.5,none,True,True
137788,1.0,0.0,0.5,none,True,True
137789,1.0,0.0,0.5,none,True,True
137790,1.0,0.0,0.5,none,True,True
137791,1.0,0.0,0.5,none,True,True
137792,1.0,0.0,0.5,none,True,True
137793,1.0,0.0,0.5,none,True,True
137794,1.0,0.0,0.5,none,True,True
137795,1.0,0.0,0.5,none,True,True
137796,1.0,0.0,0.5,none,True,True
137797,1.0,0.0,0.5,none,True,True
137798,1.0,0.0,0.5,none,True,True
137799,1.0,0.0,0.5,none,True,True
137800,1.0,0.0,0.5,none,True,True
137801,1.0,0.0,0.5,none,True,True
137802,1.0,0.0,0.5,none,True,True
137803,1.0,0.0,0.5,none,True,True
137804,1.0,0.0,0.5,none,True,True
137805,1.0,0.0,0.5,none,True,True
137806,1.0,0.0,0.5,none,True,True
137807,1.0,0.0,0.5,none,True,True
137808,1.0,0.0,0.5,none,True,True
137809,1.0,0.0,0.5,none,True,True
137810,1.0,0.0,0.5,none,True,True
137811,1.0,0.0,0.5,none,True,True
137812,1.0,0.0,0.5,none,True,True
137813,1.0,0.0,0.5,none,True,True
137814,1.0,0.0,0.5,none,True,True
137815,1.0,0.0,0.5,none,True,True
137816,1.0,0.0,0.5,none,True,True
137817,1.0,0.0,0.5,none,True,True
137818,1.0,0.0,0.5,none,True,True
137819,1.0,0.0,0.5,none,True,True
137820,1.0,0.0,0.5,none,True,True
137821,1.0,0.0,0.5,none,True,True
137822,1.0,0.0,0.5,none,True,True
137823,1.0,0.0,0.5,none,True,True
137824,1.0,0.0,0.5,none,True,True
137825,1.0,0.0,0.5,none,True,True
137826,1.0,0.0,0.5,none,True,True
137827,1.0,0.0,0.5,none,True,True
137828,1.0,0.0,0.5,none,True,True
137829,1.0,0.0,0.5,none,True,True
137830,1.0,0.0,0.5,none,True,True
137831,1.0,0.0,0.5,none,True,True
137832,1.0,0.0,0.5,none,True,True
137833,1.0,0.0,0.5,none,True,True
137834,1.0,0.0,0.5,none,True,True
137835,1.0,0.0,0.5,none,True,True
137836,1.0,0.0,0.5,none,True,True
137837,1.0,0.0,0.5,none,True,True
137838,1.0,0.0,0.5,none,True,True
137839,1.0,0.0,0.5,none,True,True
137840,1.0,0.0,0.5,none,True,True
137841,1.0,0.0,0.5,none,True,True
137842,1.0,0.0,0.5,none,True,True
137843,1.0,0.0,0.5,none,True,True
137844,1.0,0.0,0.5,none,True,True
137845,1.0,0.0,0.5,none,True,True
137846,1.0,0.0,0.5,none,True,True
137847,1.0,0.0,0.5,none,True,True
137848,1.0,0.0,0.5,none,True,True
137849,1.0,0.0,0.5,none,True,True
137850,1.0,0.0,0.5,none,True,True
137851,1.0,0.0,0.5,none,True,True
137852,1.0,0.0,0.5,none,True,True
137853,1.0,0.0,0.5,none,True,True
137854,1.0,0.0,0.5,none,True,True
137855,1.0,0.0,0.5,none,True,True
137856,1.0,0.0,0.5,none,True,True
137857,1.0,0.0,0.5,none,True,True
137858,1.0,0.0,0.5,none,True,True
137859,1.0,0.0,0.5,none,True,True
137860,1.0,0.0,0.5,none,True,True
137861,1.0,0.0,0.5,none,True,True
137862,1.0,0.0,0.5,none,True,True
137863,1.0,0.0,0.5,none,True,True
137864,1.0,0.0,0.5,none,True,True
137865,1.0,0.0,0.5,none,True,True
137866,1.0,0.0,0.5,none,True,True
137867,1.0,0.0,0.5,none,True,True
137868,1.0,0.0,0.5,none,True,True
137869,1.0,0.0,0.5,none,True,True
137870,1.0,0.0,0.5,none,True,True
137871,1.0,0.0,0.5,none,True,True
137872,1.0,0.0,0.5,none,True,True
137873,1.0,0.0,0.5,none,True,True
137874,1.0,0.0,0.5,none,True,True
137875,1.0,0.0,0.5,none,True,True
137876,1.0,0.0,0.5,none,True,True
137877,1.0,0.0,0.5,none,True,True
137878,1.0,0.0,0.5,none,True,True
137879,1.0,0.0,0.5,none,True,True
137880,1.0,0.0,0.5,none,True,True
137881,1.0,0.0,0.5,none,True,True
137882,1.0,0.0,0.5,none,True,True
137883,1.0,0.0,0.5,none,True,True
137884,1.0,0.0,0.5,none,True,True
137885,1.0,0.0,0.5,none,True,True
137886,1.0,0.0,0.5,none,True,True
137887,1.0,0.0,0.5,none,True,True
137888,1.0,0.0,0.5,none,True,True
137889,1.0,0.0,0.5,none,True,True
137890,1.0,0.0,0.5,none,True,True
137891,1.0,0.0,0.5,none,True,True
137892,1.0,0.0,0.5,none,True,True
137893,1.0,0.0,0.5,none,True,True
137894,1.0,0.0,0.5,none,True,True
137895,1.0,0.0,0.5,none,True,True
137896,1.0,0.0,0.5,none,True,True
137897,1.0,0.0,0.5,none,True,True
137898,1.0,0.0,0.5,none,True,True
137899,1.0,0.0,0.5,none,True,True
137900,1.0,0.0061,0.5,none,True,True
137901,1.0,0.0357,0.5,none,True,True
137902,1.0,0.0812,0.5,none,True,True
137903,1.0,0.1113,0.5,none,True,True
137904,1.0,0.1253,0.5,none,True,True
137905,1.0,0.1408,0.5,none,True,True
137906,1.0,0.0907,0.5,none,True,True
137907,1.0,0.1198,0.5,none,True,True
137908,1.0,0.0467,0.5,none,True,True
137909,1.0,0.0522,0.5,none,True,True
137910,1.0,0.0405,0.5,none,True,True
137911,1.0,0.0313,0.5,none,True,True
137912,1.0,0.0083,0.5,none,True,True
137913,1.0,0.0726,0.5,none,True,True
137914,1.0,0.0793,0.5,none,True,True
137915,1.0,0.0581,0.5,none,True,True
137916,1.0,0.0955,0.5,none,True,True
137917,1.0,0.0839,0.5,none,True,True
137918,1.0,0.0648,0.5,none,True,True
137919,1.0,0.0718,0.5,none,True,True
137920,1.0,0.0589,0.5,none,True,True
137921,1.0,0.0403,0.5,none,True,True
137922,1.0,0.0327,0.5,none,True,True
137923,1.0,0.0277,0.5,none,True,True
137924,1.0,0.017,0.5,none,True,True
137925,1.0,0.0102,0.5,none,True,True
137926,1.0,0.0099,0.5,none,True,True
137927,1.0,0.008,0.5,none,True,True
137928,1.0,0.005,0.5,none,True,True
137929,1.0,0.0063,0.5,none,True,True
137930,1.0,0.009,0.5,none,True,True
137931,1.0,0.0096,0.5,none,True,True
137932,1.0,0.0108,0.5,none,True,True
137933,1.0,0.014,0.5,none,True,True
137934,1.0,0.0161,0.5,none,True,True
137935,1.0,0.0167,0.5,none,True,True
137936,1.0,0.0182,0.5,none,True,True
137937,1.0,0.0196,0.5,none,True,True
137938,1.0,0.0197,0.5,none,True,True
137939,1.0,0.0193,0.5,none,True,True
137940,1.0,0.0193,0.5,none,True,True
137941,1.0,0.0187,0.5,none,True,True
137942,1.0,0.0174,0.5,none,True,True
137943,1.0,0.0163,0.5,none,True,True
137944,1.0,0.0152,0.5,none,True,True
137945,1.0,0.0138,0.5,none,True,True
137946,1.0,0.0123,0.5,none,True,True
137947,1.0,0.0111,0.5,none,True,True
137948,1.0,0.01,0.5,none,True,True
137949,1.0,0.0088,0.5,none,True,True
137950,1.0,0.0078,0.5,none,True,True
137951,1.0,0.0071,0.5,none,True,True
137952,1.0,0.0064,0.5,none,True,True
137953,1.0,0.0057,0.5,none,True,True
137954,1.0,0.0053,0.5,none,True,True
137955,1.0,0.005,0.5,none,True,True
137956,1.0,0.0047,0.5,none,True,True
137957,1.0,0.0045,0.5,none,True,True
137958,1.0,0.0044,0.5,none,True,True
137959,1.0,0.0043,0.5,none,True,True
137960,1.0,0.0042,0.5,none,True,True
137961,1.0,0.0041,0.5,none,True,True
137962,1.0,0.004,0.5,none,True,True
137963,1.0,0.0039,0.5,none,True,True
137964,1.0,0.0038,0.5,none,True,True
137965,1.0,0.0037,0.5,none,True,True
137966,1.0,0.0035,0.5,none,True,True
137967,1.0,0.0033,0.5,none,True,True
137968,1.0,0.0032,0.5,none,True,True
137969,1.0,0.003,0.5,none,True,True
137970,1.0,0.0028,0.5,none,True,True
137971,1.0,0.0026,0.5,none,True,True
137972,1.0,0.0024,0.5,none,True,True
137973,1.0,0.0023,0.5,none,True,True
137974,1.0,0.0021,0.5,none,True,True
137975,1.0,0.0019,0.5,none,True,True
137976,1.0,0.0018,0.5,none,True,True
137977,1.0,0.0017,0.5,none,True,True
137978,1.0,0.0015,0.5,none,True,True
137979,1.0,0.0014,0.5,none,True,True
137980,1.0,0.0013,0.5,none,True,True
137981,1.0,0.0013,0.5,none,True,True
137982,1.0,0.0012,0.5,none,True,True
137983,1.0,0.0011,0.5,none,True,True
137984,1.0,0.0011,0.5,none,True,True
137985,1.0,0.001,0.5,none,True,True
137986,1.0,0.001,0.5,none,True,True
137987,1.0,0.0009,0.5,none,True,True
137988,1.0,0.0009,0.5,none,True,True
137989,1.0,0.0008,0.5,none,True,True
137990,1.0,0.0008,0.5,none,True,True
137991,1.0,0.0008,0.5,none,True,True
137992,1.0,0.0007,0.5,none,True,True
137993,1.0,0.0007,0.5,none,True,True
137994,1.0,0.0006,0.5,none,True,True
137995,1.0,0.0006,0.5,none,True,True
137996,1.0,0.0006,0.5,none,True,True
137997,1.0,0.0005,0.5,none,True,True
137998,1.0,0.0005,0.5,none,True,True
137999,1.0,0.0005,0.5,none,True,True
138000,1.0,0.0004,0.5,none,True,True
138001,1.0,0.0004,0.5,none,True,True
138002,1.0,0.0004,0.5,none,True,True
138003,1.0,0.0004,0.5,none,True,True
138004,1.0,0.0003,0.5,none,True,True
138005,1.0,0.0003,0.5,none,True,True
138006,1.0,0.0003,0.5,none,True,True
138007,1.0,0.0003,0.5,none,True,True
138008,1.0,0.0003,0.5,none,True,True
138009,1.0,0.0003,0.5,none,True,True
138010,1.0,0.0002,0.5,none,True,True
138011,1.0,0.0002,0.5,none,True,True
138012,1.0,0.0002,0.5,none,True,True
138013,1.0,0.0002,0.5,none,True,True
138014,1.0,0.0002,0.5,none,True,True
138015,1.0,0.0002,0.5,none,True,True
138016,1.0,0.0002,0.5,none,True,True
138017,1.0,0.0002,0.5,none,True,True
138018,1.0,0.0002,0.5,none,True,True
138019,1.0,0.0001,0.5,none,True,True
138020,1.0,0.0001,0.5,none,True,True
138021,1.0,0.0001,0.5,none,True,True
138022,1.0,0.0001,0.5,none,True,True
138023,1.0,0.0001,0.5,none,True,True
138024,1.0,0.0001,0.5,none,True,True
138025,1.0,0.0001,0.5,none,True,True
138026,1.0,0.0001,0.5,none,True,True
138027,1.0,0.0001,0.5,none,True,True
138028,1.0,0.0001,0.5,none,True,True
138029,1.0,0.0001,0.5,none,True,True
138030,1.0,0.0001,0.5,none,True,True
138031,1.0,0.0001,0.5,none,True,True
138032,1.0,0.0001,0.5,none,True,True
138033,1.0,0.0001,0.5,none,True,True
138034,1.0,0.0001,0.5,none,True,True
138035,1.0,0.0001,0.5,none,True,True
138036,1.0,0.0001,0.5,none,True,True
138037,1.0,0.0,0.5,none,True,True
138038,1.0,0.0,0.5,none,True,True
138039,1.0,0.0,0.5,none,True,True
138040,1.0,0.0,0.5,none,True,True
138041,1.0,0.0,0.5,none,True,True
138042,1.0,0.0,0.5,none,True,True
138043,1.0,0.0,0.5,none,True,True
138044,1.0,0.0,0.5,none,True,True
138045,1.0,0.0,0.5,none,True,True
138046,1.0,0.0,0.5,none,True,True
138047,1.0,0.0,0.5,none,True,True
138048,1.0,0.0,0.5,none,True,True
138049,1.0,0.0,0.5,none,True,True
138050,1.0,0.0,0.5,none,True,True
138051,1.0,0.0,0.5,none,True,True
138052,1.0,0.0,0.5,none,True,True
138053,1.0,0.0,0.5,none,True,True
138054,1.0,0.0,0.5,none,True,True
138055,1.0,0.0,0.5,none,True,True
138056,1.0,0.0,0.5,none,True,True
138057,1.0,0.0,0.5,none,True,True
138058,1.0,0.0,0.5,none,True,True
138059,1.0,0.0,0.5,none,True,True
138060,1.0,0.0,0.5,none,True,True
138061,1.0,0.0,0.5,none,True,True
138062,1.0,0.0,0.5,none,True,True
138063,1.0,0.0,0.5,none,True,True
138064,1.0,0.0,0.5,none,True,True
138065,1.0,0.0,0.5,none,True,True
138066,1.0,0.0,0.5,none,True,True
138067,1.0,0.0,0.5,none,True,True
138068,1.0,0.0,0.5,none,True,True
138069,1.0,0.0,0.5,none,True,True
138070,1.0,0.0,0.5,none,True,True
138071,1.0,0.0,0.5,none,True,True
138072,1.0,0.0,0.5,none,True,True
138073,1.0,0.0,0.5,none,True,True
138074,1.0,0.0,0.5,none,True,True
138075,1.0,0.0,0.5,none,True,True
138076,1.0,0.0,0.5,none,True,True
138077,1.0,0.0,0.5,none,True,True
138078,1.0,0.0,0.5,none,True,True
138079,1.0,0.0,0.5,none,True,True
138080,1.0,0.0,0.5,none,True,True
138081,1.0,0.0,0.5,none,True,True
138082,1.0,0.0,0.5,none,True,True
138083,1.0,0.0,0.5,none,True,True
138084,1.0,0.0,0.5,none,True,True
138085,1.0,0.0,0.5,none,True,True
138086,1.0,0.0,0.5,none,True,True
138087,1.0,0.0,0.5,none,True,True
138088,1.0,0.0,0.5,none,True,True
138089,1.0,0.0,0.5,none,True,True
138090,1.0,0.0,0.5,none,True,True
138091,1.0,0.0,0.5,none,True,True
138092,1.0,0.0,0.5,none,True,True
138093,1.0,0.0,0.5,none,True,True
138094,1.0,0.0,0.5,none,True,True
138095,1.0,0.0,0.5,none,True,True
138096,1.0,0.0,0.5,none,True,True
138097,1.0,0.0,0.5,none,True,True
138098,1.0,0.0,0.5,none,True,True
138099,1.0,0.0,0.5,none,True,True
138100,1.0,0.0,0.5,none,True,True
138101,1.0,0.0,0.5,none,True,True
138102,1.0,0.0,0.5,none,True,True
138103,1.0,0.0,0.5,none,True,True
138104,1.0,0.0,0.5,none,True,True
138105,1.0,0.0,0.5,none,True,True
138106,1.0,0.0,0.5,none,True,True
138107,1.0,0.0,0.5,none,True,True
138108,1.0,0.0,0.5,none,True,True
138109,1.0,0.0,0.5,none,True,True
138110,1.0,0.0,0.5,none,True,True
138111,1.0,0.0,0.5,none,True,True
138112,1.0,0.0,0.5,none,True,True
138113,1.0,0.0,0.5,none,True,True
138114,1.0,0.0,0.5,none,True,True
138115,1.0,0.0,0.5,none,True,True
138116,1.0,0.0,0.5,none,True,True
138117,1.0,0.0,0.5,none,True,True
138118,1.0,0.0,0.5,none,True,True
138119,1.0,0.0,0.5,none,True,True
138120,1.0,0.0,0.5,none,True,True
138121,1.0,0.0,0.5,none,True,True
138122,1.0,0.0,0.5,none,True,True
138123,1.0,0.0,0.5,none,True,True
138124,1.0,0.0,0.5,none,True,True
138125,1.0,0.0,0.5,none,True,True
138126,1.0,0.0,0.5,none,True,True
138127,1.0,0.0,0.5,none,True,True
138128,1.0,0.0,0.5,none,True,True
138129,1.0,0.0,0.5,none,True,True
138130,1.0,0.0,0.5,none,True,True
138131,1.0,0.0,0.5,none,True,True
138132,1.0,0.0,0.5,none,True,True
138133,1.0,0.0,0.5,none,True,True
138134,1.0,0.0,0.5,none,True,True
138135,1.0,0.0,0.5,none,True,True
138136,1.0,0.0,0.5,none,True,True
138137,1.0,0.0,0.5,none,True,True
138138,1.0,0.0,0.5,none,True,True
138139,1.0,0.0,0.5,none,True,True
138140,1.0,0.0,0.5,none,True,True
138141,1.0,0.0,0.5,none,True,True
138142,1.0,0.0,0.5,none,True,True
138143,1.0,0.0,0.5,none,True,True
138144,1.0,0.0,0.5,none,True,True
138145,1.0,0.0,0.5,none,True,True
138146,1.0,0.0,0.5,none,True,True
138147,1.0,0.0,0.5,none,True,True
138148,1.0,0.0,0.5,none,True,True
138149,1.0,0.0,0.5,none,True,True
138150,1.0,0.0,0.5,none,True,True
138151,1.0,0.0,0.5,none,True,True
138152,1.0,0.0,0.5,none,True,True
138153,1.0,0.0,0.5,none,True,True
138154,1.0,0.0,0.5,none,True,True
138155,1.0,0.0,0.5,none,True,True
138156,1.0,0.0,0.5,none,True,True
138157,1.0,0.0,0.5,none,True,True
138158,1.0,0.0,0.5,none,True,True
138159,1.0,0.0,0.5,none,True,True
138160,1.0,0.0,0.5,none,True,True
138161,1.0,0.0,0.5,none,True,True
138162,1.0,0.0,0.5,none,True,True
138163,1.0,0.0,0.5,none,True,True
138164,1.0,0.0,0.5,none,True,True
138165,1.0,0.0,0.5,none,True,True
138166,1.0,0.0,0.5,none,True,True
138167,1.0,0.0,0.5,none,True,True
138168,1.0,0.0,0.5,none,True,True
138169,1.0,0.0,0.5,none,True,True
138170,1.0,0.0,0.5,none,True,True
138171,1.0,0.0,0.5,none,True,True
138172,1.0,0.0,0.5,none,True,True
138173,1.0,0.0,0.5,none,True,True
138174,1.0,0.0,0.5,none,True,True
138175,1.0,0.0,0.5,none,True,True
138176,1.0,0.0,0.5,none,True,True
138177,1.0,0.0,0.5,none,True,True
138178,1.0,0.0,0.5,none,True,True
138179,1.0,0.0,0.5,none,True,True
138180,1.0,0.0,0.5,none,True,True
138181,1.0,0.0,0.5,none,True,True
138182,1.0,0.0,0.5,none,True,True
138183,1.0,0.0,0.5,none,True,True
138184,1.0,0.0,0.5,none,True,True
138185,1.0,0.0,0.5,none,True,True
138186,1.0,0.0,0.5,none,True,True
138187,1.0,0.0,0.5,none,True,True
138188,1.0,0.0,0.5,none,True,True
138189,1.0,0.0,0.5,none,True,True
138190,1.0,0.0,0.5,none,True,True
138191,1.0,0.0,0.5,none,True,True
138192,1.0,0.0,0.5,none,True,True
138193,1.0,0.0,0.5,none,True,True
138194,1.0,0.0,0.5,none,True,True
138195,1.0,0.0,0.5,none,True,True
138196,1.0,0.0,0.5,none,True,True
138197,1.0,0.0,0.5,none,True,True
138198,1.0,0.0,0.5,none,True,True
138199,1.0,0.0,0.5,none,True,True
138200,1.0,0.0,0.5,none,True,True
138201,1.0,0.0,0.5,none,True,True
138202,1.0,0.0,0.5,none,True,True
138203,1.0,0.0,0.5,none,True,True
138204,1.0,0.0,0.5,none,True,True
138205,1.0,0.0,0.5,none,True,True
138206,1.0,0.0,0.5,none,True,True
138207,1.0,0.0,0.5,none,True,True
138208,1.0,0.0,0.5,none,True,True
138209,1.0,0.0,0.5,none,True,True
138210,1.0,0.0,0.5,none,True,True
138211,1.0,0.0,0.5,none,True,True
138212,1.0,0.0,0.5,none,True,True
138213,1.0,0.0,0.5,none,True,True
138214,1.0,0.0,0.5,none,True,True
138215,1.0,0.0,0.5,none,True,True
138216,1.0,0.0,0.5,none,True,True
138217,1.0,0.0,0.5,none,True,True
138218,1.0,0.0,0.5,none,True,True
138219,1.0,0.0,0.5,none,True,True
138220,1.0,0.0,0.5,none,True,True
138221,1.0,0.0,0.5,none,True,True
138222,1.0,0.0,0.5,none,True,True
138223,1.0,0.0,0.5,none,True,True
138224,1.0,0.0,0.5,none,True,True
138225,1.0,0.0,0.5,none,True,True
138226,1.0,0.0,0.5,none,True,True
138227,1.0,0.0,0.5,none,True,True
138228,1.0,0.0,0.5,none,True,True
138229,1.0,0.0,0.5,none,True,True
138230,1.0,0.0,0.5,none,True,True
138231,1.0,0.0,0.5,none,True,True
138232,1.0,0.0,0.5,none,True,True
138233,1.0,0.0,0.5,none,True,True
138234,1.0,0.0,0.5,none,True,True
138235,1.0,0.0,0.5,none,True,True
138236,1.0,0.0,0.5,none,True,True
138237,1.0,0.0,0.5,none,True,True
138238,1.0,0.0,0.5,none,True,True
138239,1.0,0.0,0.5,none,True,True
138240,1.0,0.0,0.5,none,True,True
138241,1.0,0.0,0.5,none,True,True
138242,1.0,0.0,0.5,none,True,True
138243,1.0,0.0,0.5,none,True,True
138244,1.0,0.0,0.5,none,True,True
138245,1.0,0.0,0.5,none,True,True
138246,1.0,0.0,0.5,none,True,True
138247,1.0,0.0,0.5,none,True,True
138248,1.0,0.0,0.5,none,True,True
138249,1.0,0.0,0.5,none,True,True
138250,1.0,0.0,0.5,none,True,True
138251,1.0,0.0,0.5,none,True,True
138252,1.0,0.0,0.5,none,True,True
138253,1.0,0.0,0.5,none,True,True
138254,1.0,0.0,0.5,none,True,True
138255,1.0,0.0,0.5,none,True,True
138256,1.0,0.0,0.5,none,True,True
138257,1.0,0.0,0.5,none,True,True
138258,1.0,0.0,0.5,none,True,True
138259,1.0,0.0,0.5,none,True,True
138260,1.0,0.0,0.5,none,True,True
138261,1.0,0.0,0.5,none,True,True
138262,1.0,0.0,0.5,none,True,True
138263,1.0,0.0,0.5,none,True,True
138264,1.0,0.0,0.5,none,True,True
138265,1.0,0.0,0.5,none,True,True
138266,1.0,0.0,0.5,none,True,True
138267,1.0,0.0,0.5,none,True,True
138268,1.0,0.0,0.5,none,True,True
138269,1.0,0.0,0.5,none,True,True
138270,1.0,0.0,0.5,none,True,True
138271,1.0,0.0,0.5,none,True,True
138272,1.0,0.0,0.5,none,True,True
138273,1.0,0.0,0.5,none,True,True
138274,1.0,0.0,0.5,none,True,True
138275,1.0,0.0,0.5,none,True,True
138276,1.0,0.0,0.5,none,True,True
138277,1.0,0.0,0.5,none,True,True
138278,1.0,0.0,0.5,none,True,True
138279,1.0,0.0,0.5,none,True,True
138280,1.0,0.0,0.5,none,True,True
138281,1.0,0.0,0.5,none,True,True
138282,1.0,0.0,0.5,none,True,True
138283,1.0,0.0,0.5,none,True,True
138284,1.0,0.0,0.5,none,True,True
138285,1.0,0.0,0.5,none,True,True
138286,1.0,0.0,0.5,none,True,True
138287,1.0,0.0,0.5,none,True,True
138288,1.0,0.0,0.5,none,True,True
138289,1.0,0.0,0.5,none,True,True
138290,1.0,0.0,0.5,none,True,True
138291,1.0,0.0,0.5,none,True,True
138292,1.0,0.0,0.5,none,True,True
138293,1.0,0.0,0.5,none,True,True
138294,1.0,0.0,0.5,none,True,True
138295,1.0,0.0,0.5,none,True,True
138296,1.0,0.0,0.5,none,True,True
138297,1.0,0.0,0.5,none,True,True
138298,1.0,0.0,0.5,none,True,True
138299,1.0,0.0,0.5,none,True,True
138300,1.0,0.0,0.5,none,True,True
138301,1.0,0.0,0.5,none,True,True
138302,1.0,0.0,0.5,none,True,True
138303,1.0,0.0,0.5,none,True,True
138304,1.0,0.0,0.5,none,True,True
138305,1.0,0.0,0.5,none,True,True
138306,1.0,0.0,0.5,none,True,True
138307,1.0,0.0,0.5,none,True,True
138308,1.0,0.0,0.5,none,True,True
138309,1.0,0.0,0.5,none,True,True
138310,1.0,0.0,0.5,none,True,True
138311,1.0,0.0,0.5,none,True,True
138312,1.0,0.0,0.5,none,True,True
138313,1.0,0.0,0.5,none,True,True
138314,1.0,0.0,0.5,none,True,True
138315,1.0,0.0,0.5,none,True,True
138316,1.0,0.0,0.5,none,True,True
138317,1.0,0.0,0.5,none,True,True
138318,1.0,0.0,0.5,none,True,True
138319,1.0,0.0,0.5,none,True,True
138320,1.0,0.0,0.5,none,True,True
138321,1.0,0.0,0.5,none,True,True
138322,1.0,0.0,0.5,none,True,True
138323,1.0,0.0,0.5,none,True,True
138324,1.0,0.0,0.5,none,True,True
138325,1.0,0.0,0.5,none,True,True
138326,1.0,0.0,0.5,none,True,True
138327,1.0,0.0,0.5,none,True,True
138328,1.0,0.0,0.5,none,True,True
138329,1.0,0.0,0.5,none,True,True
138330,1.0,0.0,0.5,none,True,True
138331,1.0,0.0,0.5,none,True,True
138332,1.0,0.0,0.5,none,True,True
138333,1.0,0.0,0.5,none,True,True
138334,1.0,0.0,0.5,none,True,True
138335,1.0,0.0,0.5,none,True,True
138336,1.0,0.0,0.5,none,True,True
138337,1.0,0.0,0.5,none,True,True
138338,1.0,0.0,0.5,none,True,True
138339,1.0,0.0,0.5,none,True,True
138340,1.0,0.0,0.5,none,True,True
138341,1.0,0.0,0.5,none,True,True
138342,1.0,0.0,0.5,none,True,True
138343,1.0,0.0,0.5,none,True,True
138344,1.0,0.0,0.5,none,True,True
138345,1.0,0.0,0.5,none,True,True
138346,1.0,0.0,0.5,none,True,True
138347,1.0,0.0,0.5,none,True,True
138348,1.0,0.0,0.5,none,True,True
138349,1.0,0.0,0.5,none,True,True
138350,1.0,0.0,0.5,none,True,True
138351,1.0,0.0,0.5,none,True,True
138352,1.0,0.0,0.5,none,True,True
138353,1.0,0.0,0.5,none,True,True
138354,1.0,0.0,0.5,none,True,True
138355,1.0,0.0,0.5,none,True,True
138356,1.0,0.0,0.5,none,True,True
138357,1.0,0.0,0.5,none,True,True
138358,1.0,0.0,0.5,none,True,True
138359,1.0,0.0,0.5,none,True,True
138360,1.0,0.0,0.5,none,True,True
138361,1.0,0.0,0.5,none,True,True
138362,1.0,0.0,0.5,none,True,True
138363,1.0,0.0,0.5,none,True,True
138364,1.0,0.0,0.5,none,True,True
138365,1.0,0.0,0.5,none,True,True
138366,1.0,0.0,0.5,none,True,True
138367,1.0,0.0,0.5,none,True,True
138368,1.0,0.0,0.5,none,True,True
138369,1.0,0.0,0.5,none,True,True
138370,1.0,0.0,0.5,none,True,True
138371,1.0,0.0,0.5,none,True,True
138372,1.0,0.0,0.5,none,True,True
138373,1.0,0.0,0.5,none,True,True
138374,1.0,0.0,0.5,none,True,True
138375,1.0,0.0,0.5,none,True,True
138376,1.0,0.0,0.5,none,True,True
138377,1.0,0.0,0.5,none,True,True
138378,1.0,0.0,0.5,none,True,True
138379,1.0,0.0,0.5,none,True,True
138380,1.0,0.0,0.5,none,True,True
138381,1.0,0.0,0.5,none,True,True
138382,1.0,0.0,0.5,none,True,True
138383,1.0,0.0,0.5,none,True,True
138384,1.0,0.0,0.5,none,True,True
138385,1.0,0.0,0.5,none,True,True
138386,1.0,0.0,0.5,none,True,True
138387,1.0,0.0,0.5,none,True,True
138388,1.0,0.0,0.5,none,True,True
138389,1.0,0.0,0.5,none,True,True
138390,1.0,0.0,0.5,none,True,True
138391,1.0,0.0,0.5,none,True,True
138392,1.0,0.0,0.5,none,True,True
138393,1.0,0.0,0.5,none,True,True
138394,1.0,0.0,0.5,none,True,True
138395,1.0,0.0,0.5,none,True,True
138396,1.0,0.0,0.5,none,True,True
138397,1.0,0.0,0.5,none,True,True
138398,1.0,0.0,0.5,none,True,True
138399,1.0,0.0,0.5,none,True,True
138400,1.0,0.0,0.5,none,True,True
138401,1.0,0.0,0.5,none,True,True
138402,1.0,0.0,0.5,none,True,True
138403,1.0,0.0,0.5,none,True,True
138404,1.0,0.0,0.5,none,True,True
138405,1.0,0.0,0.5,none,True,True
138406,1.0,0.0,0.5,none,True,True
138407,1.0,0.0,0.5,none,True,True
138408,1.0,0.0,0.5,none,True,True
138409,1.0,0.0,0.5,none,True,True
138410,1.0,0.0,0.5,none,True,True
138411,1.0,0.0,0.5,none,True,True
138412,1.0,0.0,0.5,none,True,True
138413,1.0,0.0,0.5,none,True,True
138414,1.0,0.0,0.5,none,True,True
138415,1.0,0.0,0.5,none,True,True
138416,1.0,0.0,0.5,none,True,True
138417,1.0,0.0,0.5,none,True,True
138418,1.0,0.0,0.5,none,True,True
138419,1.0,0.0,0.5,none,True,True
138420,1.0,0.0,0.5,none,True,True
138421,1.0,0.0,0.5,none,True,True
138422,1.0,0.0,0.5,none,True,True
138423,1.0,0.0,0.5,none,True,True
138424,1.0,0.0,0.5,none,True,True
138425,1.0,0.0,0.5,none,True,True
138426,1.0,0.0,0.5,none,True,True
138427,1.0,0.0,0.5,none,True,True
138428,1.0,0.0,0.5,none,True,True
138429,1.0,0.0,0.5,none,True,True
138430,1.0,0.0,0.5,none,True,True
138431,1.0,0.0,0.5,none,True,True
138432,1.0,0.0,0.5,none,True,True
138433,1.0,0.0,0.5,none,True,True
138434,1.0,0.0,0.5,none,True,True
138435,1.0,0.0,0.5,none,True,True
138436,1.0,0.0,0.5,none,True,True
138437,1.0,0.0,0.5,none,True,True
138438,1.0,0.0,0.5,none,True,True
138439,1.0,0.0,0.5,none,True,True
138440,1.0,0.0,0.5,none,True,True
138441,1.0,0.0,0.5,none,True,True
138442,1.0,0.0,0.5,none,True,True
138443,1.0,0.0,0.5,none,True,True
138444,1.0,0.0,0.5,none,True,True
138445,1.0,0.0,0.5,none,True,True
138446,1.0,0.0,0.5,none,True,True
138447,1.0,0.0,0.5,none,True,True
138448,1.0,0.0,0.5,none,True,True
138449,1.0,0.0,0.5,none,True,True
138450,1.0,0.0,0.5,none,True,True
138451,1.0,0.0,0.5,none,True,True
138452,1.0,0.0,0.5,none,True,True
138453,1.0,0.0,0.5,none,True,True
138454,1.0,0.0,0.5,none,True,True
138455,1.0,0.0,0.5,none,True,True
138456,1.0,0.0,0.5,none,True,True
138457,1.0,0.0,0.5,none,True,True
138458,1.0,0.0,0.5,none,True,True
138459,1.0,0.0,0.5,none,True,True
138460,1.0,0.0,0.5,none,True,True
138461,1.0,0.0,0.5,none,True,True
138462,1.0,0.0,0.5,none,True,True
138463,1.0,0.0,0.5,none,True,True
138464,1.0,0.0,0.5,none,True,True
138465,1.0,0.0,0.5,none,True,True
138466,1.0,0.0,0.5,none,True,True
138467,1.0,0.0,0.5,none,True,True
138468,1.0,0.0,0.5,none,True,True
138469,1.0,0.0,0.5,none,True,True
138470,1.0,0.0,0.5,none,True,True
138471,1.0,0.0,0.5,none,True,True
138472,1.0,0.0,0.5,none,True,True
138473,1.0,0.0,0.5,none,True,True
138474,1.0,0.0,0.5,none,True,True
138475,1.0,0.0,0.5,none,True,True
138476,1.0,0.0,0.5,none,True,True
138477,1.0,0.0,0.5,none,True,True
138478,1.0,0.0,0.5,none,True,True
138479,1.0,0.0,0.5,none,True,True
138480,1.0,0.0,0.5,none,True,True
138481,1.0,0.0,0.5,none,True,True
138482,1.0,0.0,0.5,none,True,True
138483,1.0,0.0,0.5,none,True,True
138484,1.0,0.0,0.5,none,True,True
138485,1.0,0.0,0.5,none,True,True
138486,1.0,0.0,0.5,none,True,True
138487,1.0,0.0,0.5,none,True,True
138488,1.0,0.0,0.5,none,True,True
138489,1.0,0.0,0.5,none,True,True
138490,1.0,0.0,0.5,none,True,True
138491,1.0,0.0,0.5,none,True,True
138492,1.0,0.0,0.5,none,True,True
138493,1.0,0.0,0.5,none,True,True
138494,1.0,0.0,0.5,none,True,True
138495,1.0,0.0,0.5,none,True,True
138496,1.0,0.0,0.5,none,True,True
138497,1.0,0.0,0.5,none,True,True
138498,1.0,0.0,0.5,none,True,True
138499,1.0,0.0,0.5,none,True,True
138500,1.0,0.0,0.5,none,True,True
138501,1.0,0.0,0.5,none,True,True
138502,1.0,0.0,0.5,none,True,True
138503,1.0,0.0,0.5,none,True,True
138504,1.0,0.0,0.5,none,True,True
138505,1.0,0.0,0.5,none,True,True
138506,1.0,0.0,0.5,none,True,True
138507,1.0,0.0,0.5,none,True,True
138508,1.0,0.0,0.5,none,True,True
138509,1.0,0.0,0.5,none,True,True
138510,1.0,0.0,0.5,none,True,True
138511,1.0,0.0,0.5,none,True,True
138512,1.0,0.0,0.5,none,True,True
138513,1.0,0.0,0.5,none,True,True
138514,1.0,0.0,0.5,none,True,True
138515,1.0,0.0,0.5,none,True,True
138516,1.0,0.0,0.5,none,True,True
138517,1.0,0.0,0.5,none,True,True
138518,1.0,0.0,0.5,none,True,True
138519,1.0,0.0,0.5,none,True,True
138520,1.0,0.0,0.5,none,True,True
138521,1.0,0.0,0.5,none,True,True
138522,1.0,0.0,0.5,none,True,True
138523,1.0,0.0,0.5,none,True,True
138524,1.0,0.0,0.5,none,True,True
138525,1.0,0.0,0.5,none,True,True
138526,1.0,0.0,0.5,none,True,True
138527,1.0,0.0,0.5,none,True,True
138528,1.0,0.0,0.5,none,True,True
138529,1.0,0.0,0.5,none,True,True
138530,1.0,0.0,0.5,none,True,True
138531,1.0,0.0,0.5,none,True,True
138532,1.0,0.0,0.5,none,True,True
138533,1.0,0.0,0.5,none,True,True
138534,1.0,0.0,0.5,none,True,True
138535,1.0,0.0,0.5,none,True,True
138536,1.0,0.0,0.5,none,True,True
138537,1.0,0.0,0.5,none,True,True
138538,1.0,0.0,0.5,none,True,True
138539,1.0,0.0,0.5,none,True,True
138540,1.0,0.0,0.5,none,True,True
138541,1.0,0.0,0.5,none,True,True
138542,1.0,0.0,0.5,none,True,True
138543,1.0,0.0,0.5,none,True,True
138544,1.0,0.0,0.5,none,True,True
138545,1.0,0.0,0.5,none,True,True
138546,1.0,0.0,0.5,none,True,True
138547,1.0,0.0,0.5,none,True,True
138548,1.0,0.0,0.5,none,True,True
138549,1.0,0.0,0.5,none,True,True
138550,1.0,0.0,0.5,none,True,True
138551,1.0,0.0,0.5,none,True,True
138552,1.0,0.0,0.5,none,True,True
138553,1.0,0.0,0.5,none,True,True
138554,1.0,0.0,0.5,none,True,True
138555,1.0,0.0,0.5,none,True,True
138556,1.0,0.0,0.5,none,True,True
138557,1.0,0.0,0.5,none,True,True
138558,1.0,0.0,0.5,none,True,True
138559,1.0,0.0,0.5,none,True,True
138560,1.0,0.0,0.5,none,True,True
138561,1.0,0.0,0.5,none,True,True
138562,1.0,0.0,0.5,none,True,True
138563,1.0,0.0,0.5,none,True,True
138564,1.0,0.0,0.5,none,True,True
138565,1.0,0.0,0.5,none,True,True
138566,1.0,0.0,0.5,none,True,True
138567,1.0,0.0,0.5,none,True,True
138568,1.0,0.0,0.5,none,True,True
138569,1.0,0.0,0.5,none,True,True
138570,1.0,0.0,0.5,none,True,True
138571,1.0,0.0,0.5,none,True,True
138572,1.0,0.0,0.5,none,True,True
138573,1.0,0.0,0.5,none,True,True
138574,1.0,0.0,0.5,none,True,True
138575,1.0,0.0,0.5,none,True,True
138576,1.0,0.0,0.5,none,True,True
138577,1.0,0.0,0.5,none,True,True
138578,1.0,0.0,0.5,none,True,True
138579,1.0,0.0,0.5,none,True,True
138580,1.0,0.0,0.5,none,True,True
138581,1.0,0.0,0.5,none,True,True
138582,1.0,0.0,0.5,none,True,True
138583,1.0,0.0,0.5,none,True,True
138584,1.0,0.0,0.5,none,True,True
138585,1.0,0.0,0.5,none,True,True
138586,1.0,0.0,0.5,none,True,True
138587,1.0,0.0,0.5,none,True,True
138588,1.0,0.0,0.5,none,True,True
138589,1.0,0.0,0.5,none,True,True
138590,1.0,0.0,0.5,none,True,True
138591,1.0,0.0,0.5,none,True,True
138592,1.0,0.0,0.5,none,True,True
138593,1.0,0.0,0.5,none,True,True
138594,1.0,0.0,0.5,none,True,True
138595,1.0,0.0,0.5,none,True,True
138596,1.0,0.0,0.5,none,True,True
138597,1.0,0.0,0.5,none,True,True
138598,1.0,0.0,0.5,none,True,True
138599,1.0,0.0,0.5,none,True,True
138600,1.0,0.0061,0.5,none,True,True
138601,1.0,0.0357,0.5,none,True,True
138602,1.0,0.0812,0.5,none,True,True
138603,1.0,0.1113,0.5,none,True,True
138604,1.0,0.1253,0.5,none,True,True
138605,1.0,0.1408,0.5,none,True,True
138606,1.0,0.0907,0.5,none,True,True
138607,1.0,0.1198,0.5,none,True,True
138608,1.0,0.0467,0.5,none,True,True
138609,1.0,0.0522,0.5,none,True,True
138610,1.0,0.0405,0.5,none,True,True
138611,1.0,0.0313,0.5,none,True,True
138612,1.0,0.0083,0.5,none,True,True
138613,1.0,0.0726,0.5,none,True,True
138614,1.0,0.0793,0.5,none,True,True
138615,1.0,0.0581,0.5,none,True,True
138616,1.0,0.0955,0.5,none,True,True
138617,1.0,0.0839,0.5,none,True,True
138618,1.0,0.0648,0.5,none,True,True
138619,1.0,0.0718,0.5,none,True,True
138620,1.0,0.0589,0.5,none,True,True
138621,1.0,0.0403,0.5,none,True,True
138622,1.0,0.0327,0.5,none,True,True
138623,1.0,0.0277,0.5,none,True,True
138624,1.0,0.017,0.5,none,True,True
138625,1.0,0.0102,0.5,none,True,True
138626,1.0,0.0099,0.5,none,True,True
138627,1.0,0.008,0.5,none,True,True
138628,1.0,0.005,0.5,none,True,True
138629,1.0,0.0063,0.5,none,True,True
138630,1.0,0.009,0.5,none,True,True
138631,1.0,0.0096,0.5,none,True,True
138632,1.0,0.0108,0.5,none,True,True
138633,1.0,0.014,0.5,none,True,True
138634,1.0,0.0161,0.5,none,True,True
138635,1.0,0.0167,0.5,none,True,True
138636,1.0,0.0182,0.5,none,True,True
138637,1.0,0.0196,0.5,none,True,True
138638,1.0,0.0197,0.5,none,True,True
138639,1.0,0.0193,0.5,none,True,True
138640,1.0,0.0193,0.5,none,True,True
138641,1.0,0.0187,0.5,none,True,True
138642,1.0,0.0174,0.5,none,True,True
138643,1.0,0.0163,0.5,none,True,True
138644,1.0,0.0152,0.5,none,True,True
138645,1.0,0.0138,0.5,none,True,True
138646,1.0,0.0123,0.5,none,True,True
138647,1.0,0.0111,0.5,none,True,True
138648,1.0,0.01,0.5,none,True,True
138649,1.0,0.0088,0.5,none,True,True
138650,1.0,0.0078,0.5,none,True,True
138651,1.0,0.0071,0.5,none,True,True
138652,1.0,0.0064,0.5,none,True,True
138653,1.0,0.0057,0.5,none,True,True
138654,1.0,0.0053,0.5,none,True,True
138655,1.0,0.005,0.5,none,True,True
138656,1.0,0.0047,0.5,none,True,True
138657,1.0,0.0045,0.5,none,True,True
138658,1.0,0.0044,0.5,none,True,True
138659,1.0,0.0043,0.5,none,True,True
138660,1.0,0.0042,0.5,none,True,True
138661,1.0,0.0041,0.5,none,True,True
138662,1.0,0.004,0.5,none,True,True
138663,1.0,0.0039,0.5,none,True,True
138664,1.0,0.0038,0.5,none,True,True
138665,1.0,0.0037,0.5,none,True,True
138666,1.0,0.0035,0.5,none,True,True
138667,1.0,0.0033,0.5,none,True,True
138668,1.0,0.0032,0.5,none,True,True
138669,1.0,0.003,0.5,none,True,True
138670,1.0,0.0028,0.5,none,True,True
138671,1.0,0.0026,0.5,none,True,True
138672,1.0,0.0024,0.5,none,True,True
138673,1.0,0.0023,0.5,none,True,True
138674,1.0,0.0021,0.5,none,True,True
138675,1.0,0.0019,0.5,none,True,True
138676,1.0,0.0018,0.5,none,True,True
138677,1.0,0.0017,0.5,none,True,True
138678,1.0,0.0015,0.5,none,True,True
138679,1.0,0.0014,0.5,none,True,True
138680,1.0,0.0013,0.5,none,True,True
138681,1.0,0.0013,0.5,none,True,True
138682,1.0,0.0012,0.5,none,True,True
138683,1.0,0.0011,0.5,none,True,True
138684,1.0,0.0011,0.5,none,True,True
138685,1.0,0.001,0.5,none,True,True
138686,1.0,0.001,0.5,none,True,True
138687,1.0,0.0009,0.5,none,True,True
138688,1.0,0.0009,0.5,none,True,True
138689,1.0,0.0008,0.5,none,True,True
138690,1.0,0.0008,0.5,none,True,True
138691,1.0,0.0008,0.5,none,True,True
138692,1.0,0.0007,0.5,none,True,True
138693,1.0,0.0007,0.5,none,True,True
138694,1.0,0.0006,0.5,none,True,True
138695,1.0,0.0006,0.5,none,True,True
138696,1.0,0.0006,0.5,none,True,True
138697,1.0,0.0005,0.5,none,True,True
138698,1.0,0.0005,0.5,none,True,True
138699,1.0,0.0005,0.5,none,True,True
138700,1.0,0.0004,0.5,none,True,True
138701,1.0,0.0004,0.5,none,True,True
138702,1.0,0.0004,0.5,none,True,True
138703,1.0,0.0004,0.5,none,True,True
138704,1.0,0.0003,0.5,none,True,True
138705,1.0,0.0003,0.5,none,True,True
138706,1.0,0.0003,0.5,none,True,True
138707,1.0,0.0003,0.5,none,True,True
138708,1.0,0.0003,0.5,none,True,True
138709,1.0,0.0003,0.5,none,True,True
138710,1.0,0.0002,0.5,none,True,True
138711,1.0,0.0002,0.5,none,True,True
138712,1.0,0.0002,0.5,none,True,True
138713,1.0,0.0002,0.5,none,True,True
138714,1.0,0.0002,0.5,none,True,True
138715,1.0,0.0002,0.5,none,True,True
138716,1.0,0.0002,0.5,none,True,True
138717,1.0,0.0002,0.5,none,True,True
138718,1.0,0.0002,0.5,none,True,True
138719,1.0,0.0001,0.5,none,True,True
138720,1.0,0.0001,0.5,none,True,True
138721,1.0,0.0001,0.5,none,True,True
138722,1.0,0.0001,0.5,none,True,True
138723,1.0,0.0001,0.5,none,True,True
138724,1.0,0.0001,0.5,none,True,True
138725,1.0,0.0001,0.5,none,True,True
138726,1.0,0.0001,0.5,none,True,True
138727,1.0,0.0001,0.5,none,True,True
138728,1.0,0.0001,0.5,none,True,True
138729,1.0,0.0001,0.5,none,True,True
138730,1.0,0.0001,0.5,none,True,True
138731,1.0,0.0001,0.5,none,True,True
138732,1.0,0.0001,0.5,none,True,True
138733,1.0,0.0001,0.5,none,True,True
138734,1.0,0.0001,0.5,none,True,True
138735,1.0,0.0001,0.5,none,True,True
138736,1.0,0.0001,0.5,none,True,True
138737,1.0,0.0,0.5,none,True,True
138738,1.0,0.0,0.5,none,True,True
138739,1.0,0.0,0.5,none,True,True
138740,1.0,0.0,0.5,none,True,True
138741,1.0,0.0,0.5,none,True,True
138742,1.0,0.0,0.5,none,True,True
138743,1.0,0.0,0.5,none,True,True
138744,1.0,0.0,0.5,none,True,True
138745,1.0,0.0,0.5,none,True,True
138746,1.0,0.0,0.5,none,True,True
138747,1.0,0.0,0.5,none,True,True
138748,1.0,0.0,0.5,none,True,True
138749,1.0,0.0,0.5,none,True,True
138750,1.0,0.0,0.5,none,True,True
138751,1.0,0.0,0.5,none,True,True
138752,1.0,0.0,0.5,none,True,True
138753,1.0,0.0,0.5,none,True,True
138754,1.0,0.0,0.5,none,True,True
138755,1.0,0.0,0.5,none,True,True
138756,1.0,0.0,0.5,none,True,True
138757,1.0,0.0,0.5,none,True,True
138758,1.0,0.0,0.5,none,True,True
138759,1.0,0.0,0.5,none,True,True
138760,1.0,0.0,0.5,none,True,True
138761,1.0,0.0,0.5,none,True,True
138762,1.0,0.0,0.5,none,True,True
138763,1.0,0.0,0.5,none,True,True
138764,1.0,0.0,0.5,none,True,True
138765,1.0,0.0,0.5,none,True,True
138766,1.0,0.0,0.5,none,True,True
138767,1.0,0.0,0.5,none,True,True
138768,1.0,0.0,0.5,none,True,True
138769,1.0,0.0,0.5,none,True,True
138770,1.0,0.0,0.5,none,True,True
138771,1.0,0.0,0.5,none,True,True
138772,1.0,0.0,0.5,none,True,True
138773,1.0,0.0,0.5,none,True,True
138774,1.0,0.0,0.5,none,True,True
138775,1.0,0.0,0.5,none,True,True
138776,1.0,0.0,0.5,none,True,True
138777,1.0,0.0,0.5,none,True,True
138778,1.0,0.0,0.5,none,True,True
138779,1.0,0.0,0.5,none,True,True
138780,1.0,0.0,0.5,none,True,True
138781,1.0,0.0,0.5,none,True,True
138782,1.0,0.0,0.5,none,True,True
138783,1.0,0.0,0.5,none,True,True
138784,1.0,0.0,0.5,none,True,True
138785,1.0,0.0,0.5,none,True,True
138786,1.0,0.0,0.5,none,True,True
138787,1.0,0.0,0.5,none,True,True
138788,1.0,0.0,0.5,none,True,True
138789,1.0,0.0,0.5,none,True,True
138790,1.0,0.0,0.5,none,True,True
138791,1.0,0.0,0.5,none,True,True
138792,1.0,0.0,0.5,none,True,True
138793,1.0,0.0,0.5,none,True,True
138794,1.0,0.0,0.5,none,True,True
138795,1.0,0.0,0.5,none,True,True
138796,1.0,0.0,0.5,none,True,True
138797,1.0,0.0,0.5,none,True,True
138798,1.0,0.0,0.5,none,True,True
138799,1.0,0.0,0.5,none,True,True
138800,1.0,0.0,0.5,none,True,True
138801,1.0,0.0,0.5,none,True,True
138802,1.0,0.0,0.5,none,True,True
138803,1.0,0.0,0.5,none,True,True
138804,1.0,0.0,0.5,none,True,True
138805,1.0,0.0,0.5,none,True,True
138806,1.0,0.0,0.5,none,True,True
138807,1.0,0.0,0.5,none,True,True
138808,1.0,0.0,0.5,none,True,True
138809,1.0,0.0,0.5,none,True,True
138810,1.0,0.0,0.5,none,True,True
138811,1.0,0.0,0.5,none,True,True
138812,1.0,0.0,0.5,none,True,True
138813,1.0,0.0,0.5,none,True,True
138814,1.0,0.0,0.5,none,True,True
138815,1.0,0.0,0.5,none,True,True
138816,1.0,0.0,0.5,none,True,True
138817,1.0,0.0,0.5,none,True,True
138818,1.0,0.0,0.5,none,True,True
138819,1.0,0.0,0.5,none,True,True
138820,1.0,0.0,0.5,none,True,True
138821,1.0,0.0,0.5,none,True,True
138822,1.0,0.0,0.5,none,True,True
138823,1.0,0.0,0.5,none,True,True
138824,1.0,0.0,0.5,none,True,True
138825,1.0,0.0,0.5,none,True,True
138826,1.0,0.0,0.5,none,True,True
138827,1.0,0.0,0.5,none,True,True
138828,1.0,0.0,0.5,none,True,True
138829,1.0,0.0,0.5,none,True,True
138830,1.0,0.0,0.5,none,True,True
138831,1.0,0.0,0.5,none,True,True
138832,1.0,0.0,0.5,none,True,True
138833,1.0,0.0,0.5,none,True,True
138834,1.0,0.0,0.5,none,True,True
138835,1.0,0.0,0.5,none,True,True
138836,1.0,0.0,0.5,none,True,True
138837,1.0,0.0,0.5,none,True,True
138838,1.0,0.0,0.5,none,True,True
138839,1.0,0.0,0.5,none,True,True
138840,1.0,0.0,0.5,none,True,True
138841,1.0,0.0,0.5,none,True,True
138842,1.0,0.0,0.5,none,True,True
138843,1.0,0.0,0.5,none,True,True
138844,1.0,0.0,0.5,none,True,True
138845,1.0,0.0,0.5,none,True,True
138846,1.0,0.0,0.5,none,True,True
138847,1.0,0.0,0.5,none,True,True
138848,1.0,0.0,0.5,none,True,True
138849,1.0,0.0,0.5,none,True,True
138850,1.0,0.0,0.5,none,True,True
138851,1.0,0.0,0.5,none,True,True
138852,1.0,0.0,0.5,none,True,True
138853,1.0,0.0,0.5,none,True,True
138854,1.0,0.0,0.5,none,True,True
138855,1.0,0.0,0.5,none,True,True
138856,1.0,0.0,0.5,none,True,True
138857,1.0,0.0,0.5,none,True,True
138858,1.0,0.0,0.5,none,True,True
138859,1.0,0.0,0.5,none,True,True
138860,1.0,0.0,0.5,none,True,True
138861,1.0,0.0,0.5,none,True,True
138862,1.0,0.0,0.5,none,True,True
138863,1.0,0.0,0.5,none,True,True
138864,1.0,0.0,0.5,none,True,True
138865,1.0,0.0,0.5,none,True,True
138866,1.0,0.0,0.5,none,True,True
138867,1.0,0.0,0.5,none,True,True
138868,1.0,0.0,0.5,none,True,True
138869,1.0,0.0,0.5,none,True,True
138870,1.0,0.0,0.5,none,True,True
138871,1.0,0.0,0.5,none,True,True
138872,1.0,0.0,0.5,none,True,True
138873,1.0,0.0,0.5,none,True,True
138874,1.0,0.0,0.5,none,True,True
138875,1.0,0.0,0.5,none,True,True
138876,1.0,0.0,0.5,none,True,True
138877,1.0,0.0,0.5,none,True,True
138878,1.0,0.0,0.5,none,True,True
138879,1.0,0.0,0.5,none,True,True
138880,1.0,0.0,0.5,none,True,True
138881,1.0,0.0,0.5,none,True,True
138882,1.0,0.0,0.5,none,True,True
138883,1.0,0.0,0.5,none,True,True
138884,1.0,0.0,0.5,none,True,True
138885,1.0,0.0,0.5,none,True,True
138886,1.0,0.0,0.5,none,True,True
138887,1.0,0.0,0.5,none,True,True
138888,1.0,0.0,0.5,none,True,True
138889,1.0,0.0,0.5,none,True,True
138890,1.0,0.0,0.5,none,True,True
138891,1.0,0.0,0.5,none,True,True
138892,1.0,0.0,0.5,none,True,True
138893,1.0,0.0,0.5,none,True,True
138894,1.0,0.0,0.5,none,True,True
138895,1.0,0.0,0.5,none,True,True
138896,1.0,0.0,0.5,none,True,True
138897,1.0,0.0,0.5,none,True,True
138898,1.0,0.0,0.5,none,True,True
138899,1.0,0.0,0.5,none,True,True
138900,1.0,0.0,0.5,none,True,True
138901,1.0,0.0,0.5,none,True,True
138902,1.0,0.0,0.5,none,True,True
138903,1.0,0.0,0.5,none,True,True
138904,1.0,0.0,0.5,none,True,True
138905,1.0,0.0,0.5,none,True,True
138906,1.0,0.0,0.5,none,True,True
138907,1.0,0.0,0.5,none,True,True
138908,1.0,0.0,0.5,none,True,True
138909,1.0,0.0,0.5,none,True,True
138910,1.0,0.0,0.5,none,True,True
138911,1.0,0.0,0.5,none,True,True
138912,1.0,0.0,0.5,none,True,True
138913,1.0,0.0,0.5,none,True,True
138914,1.0,0.0,0.5,none,True,True
138915,1.0,0.0,0.5,none,True,True
138916,1.0,0.0,0.5,none,True,True
138917,1.0,0.0,0.5,none,True,True
138918,1.0,0.0,0.5,none,True,True
138919,1.0,0.0,0.5,none,True,True
138920,1.0,0.0,0.5,none,True,True
138921,1.0,0.0,0.5,none,True,True
138922,1.0,0.0,0.5,none,True,True
138923,1.0,0.0,0.5,none,True,True
138924,1.0,0.0,0.5,none,True,True
138925,1.0,0.0,0.5,none,True,True
138926,1.0,0.0,0.5,none,True,True
138927,1.0,0.0,0.5,none,True,True
138928,1.0,0.0,0.5,none,True,True
138929,1.0,0.0,0.5,none,True,True
138930,1.0,0.0,0.5,none,True,True
138931,1.0,0.0,0.5,none,True,True
138932,1.0,0.0,0.5,none,True,True
138933,1.0,0.0,0.5,none,True,True
138934,1.0,0.0,0.5,none,True,True
138935,1.0,0.0,0.5,none,True,True
138936,1.0,0.0,0.5,none,True,True
138937,1.0,0.0,0.5,none,True,True
138938,1.0,0.0,0.5,none,True,True
138939,1.0,0.0,0.5,none,True,True
138940,1.0,0.0,0.5,none,True,True
138941,1.0,0.0,0.5,none,True,True
138942,1.0,0.0,0.5,none,True,True
138943,1.0,0.0,0.5,none,True,True
138944,1.0,0.0,0.5,none,True,True
138945,1.0,0.0,0.5,none,True,True
138946,1.0,0.0,0.5,none,True,True
138947,1.0,0.0,0.5,none,True,True
138948,1.0,0.0,0.5,none,True,True
138949,1.0,0.0,0.5,none,True,True
138950,1.0,0.0,0.5,none,True,True
138951,1.0,0.0,0.5,none,True,True
138952,1.0,0.0,0.5,none,True,True
138953,1.0,0.0,0.5,none,True,True
138954,1.0,0.0,0.5,none,True,True
138955,1.0,0.0,0.5,none,True,True
138956,1.0,0.0,0.5,none,True,True
138957,1.0,0.0,0.5,none,True,True
138958,1.0,0.0,0.5,none,True,True
138959,1.0,0.0,0.5,none,True,True
138960,1.0,0.0,0.5,none,True,True
138961,1.0,0.0,0.5,none,True,True
138962,1.0,0.0,0.5,none,True,True
138963,1.0,0.0,0.5,none,True,True
138964,1.0,0.0,0.5,none,True,True
138965,1.0,0.0,0.5,none,True,True
138966,1.0,0.0,0.5,none,True,True
138967,1.0,0.0,0.5,none,True,True
138968,1.0,0.0,0.5,none,True,True
138969,1.0,0.0,0.5,none,True,True
138970,1.0,0.0,0.5,none,True,True
138971,1.0,0.0,0.5,none,True,True
138972,1.0,0.0,0.5,none,True,True
138973,1.0,0.0,0.5,none,True,True
138974,1.0,0.0,0.5,none,True,True
138975,1.0,0.0,0.5,none,True,True
138976,1.0,0.0,0.5,none,True,True
138977,1.0,0.0,0.5,none,True,True
138978,1.0,0.0,0.5,none,True,True
138979,1.0,0.0,0.5,none,True,True
138980,1.0,0.0,0.5,none,True,True
138981,1.0,0.0,0.5,none,True,True
138982,1.0,0.0,0.5,none,True,True
138983,1.0,0.0,0.5,none,True,True
138984,1.0,0.0,0.5,none,True,True
138985,1.0,0.0,0.5,none,True,True
138986,1.0,0.0,0.5,none,True,True
138987,1.0,0.0,0.5,none,True,True
138988,1.0,0.0,0.5,none,True,True
138989,1.0,0.0,0.5,none,True,True
138990,1.0,0.0,0.5,none,True,True
138991,1.0,0.0,0.5,none,True,True
138992,1.0,0.0,0.5,none,True,True
138993,1.0,0.0,0.5,none,True,True
138994,1.0,0.0,0.5,none,True,True
138995,1.0,0.0,0.5,none,True,True
138996,1.0,0.0,0.5,none,True,True
138997,1.0,0.0,0.5,none,True,True
138998,1.0,0.0,0.5,none,True,True
138999,1.0,0.0,0.5,none,True,True
139000,1.0,0.0,0.5,none,True,True
139001,1.0,0.0,0.5,none,True,True
139002,1.0,0.0,0.5,none,True,True
139003,1.0,0.0,0.5,none,True,True
139004,1.0,0.0,0.5,none,True,True
139005,1.0,0.0,0.5,none,True,True
139006,1.0,0.0,0.5,none,True,True
139007,1.0,0.0,0.5,none,True,True
139008,1.0,0.0,0.5,none,True,True
139009,1.0,0.0,0.5,none,True,True
139010,1.0,0.0,0.5,none,True,True
139011,1.0,0.0,0.5,none,True,True
139012,1.0,0.0,0.5,none,True,True
139013,1.0,0.0,0.5,none,True,True
139014,1.0,0.0,0.5,none,True,True
139015,1.0,0.0,0.5,none,True,True
139016,1.0,0.0,0.5,none,True,True
139017,1.0,0.0,0.5,none,True,True
139018,1.0,0.0,0.5,none,True,True
139019,1.0,0.0,0.5,none,True,True
139020,1.0,0.0,0.5,none,True,True
139021,1.0,0.0,0.5,none,True,True
139022,1.0,0.0,0.5,none,True,True
139023,1.0,0.0,0.5,none,True,True
139024,1.0,0.0,0.5,none,True,True
139025,1.0,0.0,0.5,none,True,True
139026,1.0,0.0,0.5,none,True,True
139027,1.0,0.0,0.5,none,True,True
139028,1.0,0.0,0.5,none,True,True
139029,1.0,0.0,0.5,none,True,True
139030,1.0,0.0,0.5,none,True,True
139031,1.0,0.0,0.5,none,True,True
139032,1.0,0.0,0.5,none,True,True
139033,1.0,0.0,0.5,none,True,True
139034,1.0,0.0,0.5,none,True,True
139035,1.0,0.0,0.5,none,True,True
139036,1.0,0.0,0.5,none,True,True
139037,1.0,0.0,0.5,none,True,True
139038,1.0,0.0,0.5,none,True,True
139039,1.0,0.0,0.5,none,True,True
139040,1.0,0.0,0.5,none,True,True
139041,1.0,0.0,0.5,none,True,True
139042,1.0,0.0,0.5,none,True,True
139043,1.0,0.0,0.5,none,True,True
139044,1.0,0.0,0.5,none,True,True
139045,1.0,0.0,0.5,none,True,True
139046,1.0,0.0,0.5,none,True,True
139047,1.0,0.0,0.5,none,True,True
139048,1.0,0.0,0.5,none,True,True
139049,1.0,0.0,0.5,none,True,True
139050,1.0,0.0,0.5,none,True,True
139051,1.0,0.0,0.5,none,True,True
139052,1.0,0.0,0.5,none,True,True
139053,1.0,0.0,0.5,none,True,True
139054,1.0,0.0,0.5,none,True,True
139055,1.0,0.0,0.5,none,True,True
139056,1.0,0.0,0.5,none,True,True
139057,1.0,0.0,0.5,none,True,True
139058,1.0,0.0,0.5,none,True,True
139059,1.0,0.0,0.5,none,True,True
139060,1.0,0.0,0.5,none,True,True
139061,1.0,0.0,0.5,none,True,True
139062,1.0,0.0,0.5,none,True,True
139063,1.0,0.0,0.5,none,True,True
139064,1.0,0.0,0.5,none,True,True
139065,1.0,0.0,0.5,none,True,True
139066,1.0,0.0,0.5,none,True,True
139067,1.0,0.0,0.5,none,True,True
139068,1.0,0.0,0.5,none,True,True
139069,1.0,0.0,0.5,none,True,True
139070,1.0,0.0,0.5,none,True,True
139071,1.0,0.0,0.5,none,True,True
139072,1.0,0.0,0.5,none,True,True
139073,1.0,0.0,0.5,none,True,True
139074,1.0,0.0,0.5,none,True,True
139075,1.0,0.0,0.5,none,True,True
139076,1.0,0.0,0.5,none,True,True
139077,1.0,0.0,0.5,none,True,True
139078,1.0,0.0,0.5,none,True,True
139079,1.0,0.0,0.5,none,True,True
139080,1.0,0.0,0.5,none,True,True
139081,1.0,0.0,0.5,none,True,True
139082,1.0,0.0,0.5,none,True,True
139083,1.0,0.0,0.5,none,True,True
139084,1.0,0.0,0.5,none,True,True
139085,1.0,0.0,0.5,none,True,True
139086,1.0,0.0,0.5,none,True,True
139087,1.0,0.0,0.5,none,True,True
139088,1.0,0.0,0.5,none,True,True
139089,1.0,0.0,0.5,none,True,True
139090,1.0,0.0,0.5,none,True,True
139091,1.0,0.0,0.5,none,True,True
139092,1.0,0.0,0.5,none,True,True
139093,1.0,0.0,0.5,none,True,True
139094,1.0,0.0,0.5,none,True,True
139095,1.0,0.0,0.5,none,True,True
139096,1.0,0.0,0.5,none,True,True
139097,1.0,0.0,0.5,none,True,True
139098,1.0,0.0,0.5,none,True,True
139099,1.0,0.0,0.5,none,True,True
139100,1.0,0.0,0.5,none,True,True
139101,1.0,0.0,0.5,none,True,True
139102,1.0,0.0,0.5,none,True,True
139103,1.0,0.0,0.5,none,True,True
139104,1.0,0.0,0.5,none,True,True
139105,1.0,0.0,0.5,none,True,True
139106,1.0,0.0,0.5,none,True,True
139107,1.0,0.0,0.5,none,True,True
139108,1.0,0.0,0.5,none,True,True
139109,1.0,0.0,0.5,none,True,True
139110,1.0,0.0,0.5,none,True,True
139111,1.0,0.0,0.5,none,True,True
139112,1.0,0.0,0.5,none,True,True
139113,1.0,0.0,0.5,none,True,True
139114,1.0,0.0,0.5,none,True,True
139115,1.0,0.0,0.5,none,True,True
139116,1.0,0.0,0.5,none,True,True
139117,1.0,0.0,0.5,none,True,True
139118,1.0,0.0,0.5,none,True,True
139119,1.0,0.0,0.5,none,True,True
139120,1.0,0.0,0.5,none,True,True
139121,1.0,0.0,0.5,none,True,True
139122,1.0,0.0,0.5,none,True,True
139123,1.0,0.0,0.5,none,True,True
139124,1.0,0.0,0.5,none,True,True
139125,1.0,0.0,0.5,none,True,True
139126,1.0,0.0,0.5,none,True,True
139127,1.0,0.0,0.5,none,True,True
139128,1.0,0.0,0.5,none,True,True
139129,1.0,0.0,0.5,none,True,True
139130,1.0,0.0,0.5,none,True,True
139131,1.0,0.0,0.5,none,True,True
139132,1.0,0.0,0.5,none,True,True
139133,1.0,0.0,0.5,none,True,True
139134,1.0,0.0,0.5,none,True,True
139135,1.0,0.0,0.5,none,True,True
139136,1.0,0.0,0.5,none,True,True
139137,1.0,0.0,0.5,none,True,True
139138,1.0,0.0,0.5,none,True,True
139139,1.0,0.0,0.5,none,True,True
139140,1.0,0.0,0.5,none,True,True
139141,1.0,0.0,0.5,none,True,True
139142,1.0,0.0,0.5,none,True,True
139143,1.0,0.0,0.5,none,True,True
139144,1.0,0.0,0.5,none,True,True
139145,1.0,0.0,0.5,none,True,True
139146,1.0,0.0,0.5,none,True,True
139147,1.0,0.0,0.5,none,True,True
139148,1.0,0.0,0.5,none,True,True
139149,1.0,0.0,0.5,none,True,True
139150,1.0,0.0,0.5,none,True,True
139151,1.0,0.0,0.5,none,True,True
139152,1.0,0.0,0.5,none,True,True
139153,1.0,0.0,0.5,none,True,True
139154,1.0,0.0,0.5,none,True,True
139155,1.0,0.0,0.5,none,True,True
139156,1.0,0.0,0.5,none,True,True
139157,1.0,0.0,0.5,none,True,True
139158,1.0,0.0,0.5,none,True,True
139159,1.0,0.0,0.5,none,True,True
139160,1.0,0.0,0.5,none,True,True
139161,1.0,0.0,0.5,none,True,True
139162,1.0,0.0,0.5,none,True,True
139163,1.0,0.0,0.5,none,True,True
139164,1.0,0.0,0.5,none,True,True
139165,1.0,0.0,0.5,none,True,True
139166,1.0,0.0,0.5,none,True,True
139167,1.0,0.0,0.5,none,True,True
139168,1.0,0.0,0.5,none,True,True
139169,1.0,0.0,0.5,none,True,True
139170,1.0,0.0,0.5,none,True,True
139171,1.0,0.0,0.5,none,True,True
139172,1.0,0.0,0.5,none,True,True
139173,1.0,0.0,0.5,none,True,True
139174,1.0,0.0,0.5,none,True,True
139175,1.0,0.0,0.5,none,True,True
139176,1.0,0.0,0.5,none,True,True
139177,1.0,0.0,0.5,none,True,True
139178,1.0,0.0,0.5,none,True,True
139179,1.0,0.0,0.5,none,True,True
139180,1.0,0.0,0.5,none,True,True
139181,1.0,0.0,0.5,none,True,True
139182,1.0,0.0,0.5,none,True,True
139183,1.0,0.0,0.5,none,True,True
139184,1.0,0.0,0.5,none,True,True
139185,1.0,0.0,0.5,none,True,True
139186,1.0,0.0,0.5,none,True,True
139187,1.0,0.0,0.5,none,True,True
139188,1.0,0.0,0.5,none,True,True
139189,1.0,0.0,0.5,none,True,True
139190,1.0,0.0,0.5,none,True,True
139191,1.0,0.0,0.5,none,True,True
139192,1.0,0.0,0.5,none,True,True
139193,1.0,0.0,0.5,none,True,True
139194,1.0,0.0,0.5,none,True,True
139195,1.0,0.0,0.5,none,True,True
139196,1.0,0.0,0.5,none,True,True
139197,1.0,0.0,0.5,none,True,True
139198,1.0,0.0,0.5,none,True,True
139199,1.0,0.0,0.5,none,True,True
139200,1.0,0.0,0.5,none,True,True
139201,1.0,0.0,0.5,none,True,True
139202,1.0,0.0,0.5,none,True,True
139203,1.0,0.0,0.5,none,True,True
139204,1.0,0.0,0.5,none,True,True
139205,1.0,0.0,0.5,none,True,True
139206,1.0,0.0,0.5,none,True,True
139207,1.0,0.0,0.5,none,True,True
139208,1.0,0.0,0.5,none,True,True
139209,1.0,0.0,0.5,none,True,True
139210,1.0,0.0,0.5,none,True,True
139211,1.0,0.0,0.5,none,True,True
139212,1.0,0.0,0.5,none,True,True
139213,1.0,0.0,0.5,none,True,True
139214,1.0,0.0,0.5,none,True,True
139215,1.0,0.0,0.5,none,True,True
139216,1.0,0.0,0.5,none,True,True
139217,1.0,0.0,0.5,none,True,True
139218,1.0,0.0,0.5,none,True,True
139219,1.0,0.0,0.5,none,True,True
139220,1.0,0.0,0.5,none,True,True
139221,1.0,0.0,0.5,none,True,True
139222,1.0,0.0,0.5,none,True,True
139223,1.0,0.0,0.5,none,True,True
139224,1.0,0.0,0.5,none,True,True
139225,1.0,0.0,0.5,none,True,True
139226,1.0,0.0,0.5,none,True,True
139227,1.0,0.0,0.5,none,True,True
139228,1.0,0.0,0.5,none,True,True
139229,1.0,0.0,0.5,none,True,True
139230,1.0,0.0,0.5,none,True,True
139231,1.0,0.0,0.5,none,True,True
139232,1.0,0.0,0.5,none,True,True
139233,1.0,0.0,0.5,none,True,True
139234,1.0,0.0,0.5,none,True,True
139235,1.0,0.0,0.5,none,True,True
139236,1.0,0.0,0.5,none,True,True
139237,1.0,0.0,0.5,none,True,True
139238,1.0,0.0,0.5,none,True,True
139239,1.0,0.0,0.5,none,True,True
139240,1.0,0.0,0.5,none,True,True
139241,1.0,0.0,0.5,none,True,True
139242,1.0,0.0,0.5,none,True,True
139243,1.0,0.0,0.5,none,True,True
139244,1.0,0.0,0.5,none,True,True
139245,1.0,0.0,0.5,none,True,True
139246,1.0,0.0,0.5,none,True,True
139247,1.0,0.0,0.5,none,True,True
139248,1.0,0.0,0.5,none,True,True
139249,1.0,0.0,0.5,none,True,True
139250,1.0,0.0,0.5,none,True,True
139251,1.0,0.0,0.5,none,True,True
139252,1.0,0.0,0.5,none,True,True
139253,1.0,0.0,0.5,none,True,True
139254,1.0,0.0,0.5,none,True,True
139255,1.0,0.0,0.5,none,True,True
139256,1.0,0.0,0.5,none,True,True
139257,1.0,0.0,0.5,none,True,True
139258,1.0,0.0,0.5,none,True,True
139259,1.0,0.0,0.5,none,True,True
139260,1.0,0.0,0.5,none,True,True
139261,1.0,0.0,0.5,none,True,True
139262,1.0,0.0,0.5,none,True,True
139263,1.0,0.0,0.5,none,True,True
139264,1.0,0.0,0.5,none,True,True
139265,1.0,0.0,0.5,none,True,True
139266,1.0,0.0,0.5,none,True,True
139267,1.0,0.0,0.5,none,True,True
139268,1.0,0.0,0.5,none,True,True
139269,1.0,0.0,0.5,none,True,True
139270,1.0,0.0,0.5,none,True,True
139271,1.0,0.0,0.5,none,True,True
139272,1.0,0.0,0.5,none,True,True
139273,1.0,0.0,0.5,none,True,True
139274,1.0,0.0,0.5,none,True,True
139275,1.0,0.0,0.5,none,True,True
139276,1.0,0.0,0.5,none,True,True
139277,1.0,0.0,0.5,none,True,True
139278,1.0,0.0,0.5,none,True,True
139279,1.0,0.0,0.5,none,True,True
139280,1.0,0.0,0.5,none,True,True
139281,1.0,0.0,0.5,none,True,True
139282,1.0,0.0,0.5,none,True,True
139283,1.0,0.0,0.5,none,True,True
139284,1.0,0.0,0.5,none,True,True
139285,1.0,0.0,0.5,none,True,True
139286,1.0,0.0,0.5,none,True,True
139287,1.0,0.0,0.5,none,True,True
139288,1.0,0.0,0.5,none,True,True
139289,1.0,0.0,0.5,none,True,True
139290,1.0,0.0,0.5,none,True,True
139291,1.0,0.0,0.5,none,True,True
139292,1.0,0.0,0.5,none,True,True
139293,1.0,0.0,0.5,none,True,True
139294,1.0,0.0,0.5,none,True,True
139295,1.0,0.0,0.5,none,True,True
139296,1.0,0.0,0.5,none,True,True
139297,1.0,0.0,0.5,none,True,True
139298,1.0,0.0,0.5,none,True,True
139299,1.0,0.0,0.5,none,True,True
139300,1.0,0.0061,0.5,none,True,True
139301,1.0,0.0357,0.5,none,True,True
139302,1.0,0.0812,0.5,none,True,True
139303,1.0,0.1113,0.5,none,True,True
139304,1.0,0.1253,0.5,none,True,True
139305,1.0,0.1408,0.5,none,True,True
139306,1.0,0.0907,0.5,none,True,True
139307,1.0,0.1198,0.5,none,True,True
139308,1.0,0.0467,0.5,none,True,True
139309,1.0,0.0522,0.5,none,True,True
139310,1.0,0.0405,0.5,none,True,True
139311,1.0,0.0313,0.5,none,True,True
139312,1.0,0.0083,0.5,none,True,True
139313,1.0,0.0726,0.5,none,True,True
139314,1.0,0.0793,0.5,none,True,True
139315,1.0,0.0581,0.5,none,True,True
139316,1.0,0.0955,0.5,none,True,True
139317,1.0,0.0839,0.5,none,True,True
139318,1.0,0.0648,0.5,none,True,True
139319,1.0,0.0718,0.5,none,True,True
139320,1.0,0.0589,0.5,none,True,True
139321,1.0,0.0403,0.5,none,True,True
139322,1.0,0.0327,0.5,none,True,True
139323,1.0,0.0277,0.5,none,True,True
139324,1.0,0.017,0.5,none,True,True
139325,1.0,0.0102,0.5,none,True,True
139326,1.0,0.0099,0.5,none,True,True
139327,1.0,0.008,0.5,none,True,True
139328,1.0,0.005,0.5,none,True,True
139329,1.0,0.0063,0.5,none,True,True
139330,1.0,0.009,0.5,none,True,True
139331,1.0,0.0096,0.5,none,True,True
139332,1.0,0.0108,0.5,none,True,True
139333,1.0,0.014,0.5,none,True,True
139334,1.0,0.0161,0.5,none,True,True
139335,1.0,0.0167,0.5,none,True,True
139336,1.0,0.0182,0.5,none,True,True
139337,1.0,0.0196,0.5,none,True,True
139338,1.0,0.0197,0.5,none,True,True
139339,1.0,0.0193,0.5,none,True,True
139340,1.0,0.0193,0.5,none,True,True
139341,1.0,0.0187,0.5,none,True,True
139342,1.0,0.0174,0.5,none,True,True
139343,1.0,0.0163,0.5,none,True,True
139344,1.0,0.0152,0.5,none,True,True
139345,1.0,0.0138,0.5,none,True,True
139346,1.0,0.0123,0.5,none,True,True
139347,1.0,0.0111,0.5,none,True,True
139348,1.0,0.01,0.5,none,True,True
139349,1.0,0.0088,0.5,none,True,True
139350,1.0,0.0078,0.5,none,True,True
139351,1.0,0.0071,0.5,none,True,True
139352,1.0,0.0064,0.5,none,True,True
139353,1.0,0.0057,0.5,none,True,True
139354,1.0,0.0053,0.5,none,True,True
139355,1.0,0.005,0.5,none,True,True
139356,1.0,0.0047,0.5,none,True,True
139357,1.0,0.0045,0.5,none,True,True
139358,1.0,0.0044,0.5,none,True,True
139359,1.0,0.0043,0.5,none,True,True
139360,1.0,0.0042,0.5,none,True,True
139361,1.0,0.0041,0.5,none,True,True
139362,1.0,0.004,0.5,none,True,True
139363,1.0,0.0039,0.5,none,True,True
139364,1.0,0.0038,0.5,none,True,True
139365,1.0,0.0037,0.5,none,True,True
139366,1.0,0.0035,0.5,none,True,True
139367,1.0,0.0033,0.5,none,True,True
139368,1.0,0.0032,0.5,none,True,True
139369,1.0,0.003,0.5,none,True,True
139370,1.0,0.0028,0.5,none,True,True
139371,1.0,0.0026,0.5,none,True,True
139372,1.0,0.0024,0.5,none,True,True
139373,1.0,0.0023,0.5,none,True,True
139374,1.0,0.0021,0.5,none,True,True
139375,1.0,0.0019,0.5,none,True,True
139376,1.0,0.0018,0.5,none,True,True
139377,1.0,0.0017,0.5,none,True,True
139378,1.0,0.0015,0.5,none,True,True
139379,1.0,0.0014,0.5,none,True,True
139380,1.0,0.0013,0.5,none,True,True
139381,1.0,0.0013,0.5,none,True,True
139382,1.0,0.0012,0.5,none,True,True
139383,1.0,0.0011,0.5,none,True,True
139384,1.0,0.0011,0.5,none,True,True
139385,1.0,0.001,0.5,none,True,True
139386,1.0,0.001,0.5,none,True,True
139387,1.0,0.0009,0.5,none,True,True
139388,1.0,0.0009,0.5,none,True,True
139389,1.0,0.0008,0.5,none,True,True
139390,1.0,0.0008,0.5,none,True,True
139391,1.0,0.0008,0.5,none,True,True
139392,1.0,0.0007,0.5,none,True,True
139393,1.0,0.0007,0.5,none,True,True
139394,1.0,0.0006,0.5,none,True,True
139395,1.0,0.0006,0.5,none,True,True
139396,1.0,0.0006,0.5,none,True,True
139397,1.0,0.0005,0.5,none,True,True
139398,1.0,0.0005,0.5,none,True,True
139399,1.0,0.0005,0.5,none,True,True
139400,1.0,0.0004,0.5,none,True,True
139401,1.0,0.0004,0.5,none,True,True
139402,1.0,0.0004,0.5,none,True,True
139403,1.0,0.0004,0.5,none,True,True
139404,1.0,0.0003,0.5,none,True,True
139405,1.0,0.0003,0.5,none,True,True
139406,1.0,0.0003,0.5,none,True,True
139407,1.0,0.0003,0.5,none,True,True
139408,1.0,0.0003,0.5,none,True,True
139409,1.0,0.0003,0.5,none,True,True
139410,1.0,0.0002,0.5,none,True,True
139411,1.0,0.0002,0.5,none,True,True
139412,1.0,0.0002,0.5,none,True,True
139413,1.0,0.0002,0.5,none,True,True
139414,1.0,0.0002,0.5,none,True,True
139415,1.0,0.0002,0.5,none,True,True
139416,1.0,0.0002,0.5,none,True,True
139417,1.0,0.0002,0.5,none,True,True
139418,1.0,0.0002,0.5,none,True,True
139419,1.0,0.0001,0.5,none,True,True
139420,1.0,0.0001,0.5,none,True,True
139421,1.0,0.0001,0.5,none,True,True
139422,1.0,0.0001,0.5,none,True,True
139423,1.0,0.0001,0.5,none,True,True
139424,1.0,0.0001,0.5,none,True,True
139425,1.0,0.0001,0.5,none,True,True
139426,1.0,0.0001,0.5,none,True,True
139427,1.0,0.0001,0.5,none,True,True
139428,1.0,0.0001,0.5,none,True,True
139429,1.0,0.0001,0.5,none,True,True
139430,1.0,0.0001,0.5,none,True,True
139431,1.0,0.0001,0.5,none,True,True
139432,1.0,0.0001,0.5,none,True,True
139433,1.0,0.0001,0.5,none,True,True
139434,1.0,0.0001,0.5,none,True,True
139435,1.0,0.0001,0.5,none,True,True
139436,1.0,0.0001,0.5,none,True,True
139437,1.0,0.0,0.5,none,True,True
139438,1.0,0.0,0.5,none,True,True
139439,1.0,0.0,0.5,none,True,True
139440,1.0,0.0,0.5,none,True,True
139441,1.0,0.0,0.5,none,True,True
139442,1.0,0.0,0.5,none,True,True
139443,1.0,0.0,0.5,none,True,True
139444,1.0,0.0,0.5,none,True,True
139445,1.0,0.0,0.5,none,True,True
139446,1.0,0.0,0.5,none,True,True
139447,1.0,0.0,0.5,none,True,True
139448,1.0,0.0,0.5,none,True,True
139449,1.0,0.0,0.5,none,True,True
139450,1.0,0.0,0.5,none,True,True
139451,1.0,0.0,0.5,none,True,True
139452,1.0,0.0,0.5,none,True,True
139453,1.0,0.0,0.5,none,True,True
139454,1.0,0.0,0.5,none,True,True
139455,1.0,0.0,0.5,none,True,True
139456,1.0,0.0,0.5,none,True,True
139457,1.0,0.0,0.5,none,True,True
139458,1.0,0.0,0.5,none,True,True
139459,1.0,0.0,0.5,none,True,True
139460,1.0,0.0,0.5,none,True,True
139461,1.0,0.0,0.5,none,True,True
139462,1.0,0.0,0.5,none,True,True
139463,1.0,0.0,0.5,none,True,True
139464,1.0,0.0,0.5,none,True,True
139465,1.0,0.0,0.5,none,True,True
139466,1.0,0.0,0.5,none,True,True
139467,1.0,0.0,0.5,none,True,True
139468,1.0,0.0,0.5,none,True,True
139469,1.0,0.0,0.5,none,True,True
139470,1.0,0.0,0.5,none,True,True
139471,1.0,0.0,0.5,none,True,True
139472,1.0,0.0,0.5,none,True,True
139473,1.0,0.0,0.5,none,True,True
139474,1.0,0.0,0.5,none,True,True
139475,1.0,0.0,0.5,none,True,True
139476,1.0,0.0,0.5,none,True,True
139477,1.0,0.0,0.5,none,True,True
139478,1.0,0.0,0.5,none,True,True
139479,1.0,0.0,0.5,none,True,True
139480,1.0,0.0,0.5,none,True,True
139481,1.0,0.0,0.5,none,True,True
139482,1.0,0.0,0.5,none,True,True
139483,1.0,0.0,0.5,none,True,True
139484,1.0,0.0,0.5,none,True,True
139485,1.0,0.0,0.5,none,True,True
139486,1.0,0.0,0.5,none,True,True
139487,1.0,0.0,0.5,none,True,True
139488,1.0,0.0,0.5,none,True,True
139489,1.0,0.0,0.5,none,True,True
139490,1.0,0.0,0.5,none,True,True
139491,1.0,0.0,0.5,none,True,True
139492,1.0,0.0,0.5,none,True,True
139493,1.0,0.0,0.5,none,True,True
139494,1.0,0.0,0.5,none,True,True
139495,1.0,0.0,0.5,none,True,True
139496,1.0,0.0,0.5,none,True,True
139497,1.0,0.0,0.5,none,True,True
139498,1.0,0.0,0.5,none,True,True
139499,1.0,0.0,0.5,none,True,True
139500,1.0,0.0,0.5,none,True,True
139501,1.0,0.0,0.5,none,True,True
139502,1.0,0.0,0.5,none,True,True
139503,1.0,0.0,0.5,none,True,True
139504,1.0,0.0,0.5,none,True,True
139505,1.0,0.0,0.5,none,True,True
139506,1.0,0.0,0.5,none,True,True
139507,1.0,0.0,0.5,none,True,True
139508,1.0,0.0,0.5,none,True,True
139509,1.0,0.0,0.5,none,True,True
139510,1.0,0.0,0.5,none,True,True
139511,1.0,0.0,0.5,none,True,True
139512,1.0,0.0,0.5,none,True,True
139513,1.0,0.0,0.5,none,True,True
139514,1.0,0.0,0.5,none,True,True
139515,1.0,0.0,0.5,none,True,True
139516,1.0,0.0,0.5,none,True,True
139517,1.0,0.0,0.5,none,True,True
139518,1.0,0.0,0.5,none,True,True
139519,1.0,0.0,0.5,none,True,True
139520,1.0,0.0,0.5,none,True,True
139521,1.0,0.0,0.5,none,True,True
139522,1.0,0.0,0.5,none,True,True
139523,1.0,0.0,0.5,none,True,True
139524,1.0,0.0,0.5,none,True,True
139525,1.0,0.0,0.5,none,True,True
139526,1.0,0.0,0.5,none,True,True
139527,1.0,0.0,0.5,none,True,True
139528,1.0,0.0,0.5,none,True,True
139529,1.0,0.0,0.5,none,True,True
139530,1.0,0.0,0.5,none,True,True
139531,1.0,0.0,0.5,none,True,True
139532,1.0,0.0,0.5,none,True,True
139533,1.0,0.0,0.5,none,True,True
139534,1.0,0.0,0.5,none,True,True
139535,1.0,0.0,0.5,none,True,True
139536,1.0,0.0,0.5,none,True,True
139537,1.0,0.0,0.5,none,True,True
139538,1.0,0.0,0.5,none,True,True
139539,1.0,0.0,0.5,none,True,True
139540,1.0,0.0,0.5,none,True,True
139541,1.0,0.0,0.5,none,True,True
139542,1.0,0.0,0.5,none,True,True
139543,1.0,0.0,0.5,none,True,True
139544,1.0,0.0,0.5,none,True,True
139545,1.0,0.0,0.5,none,True,True
139546,1.0,0.0,0.5,none,True,True
139547,1.0,0.0,0.5,none,True,True
139548,1.0,0.0,0.5,none,True,True
139549,1.0,0.0,0.5,none,True,True
139550,1.0,0.0,0.5,none,True,True
139551,1.0,0.0,0.5,none,True,True
139552,1.0,0.0,0.5,none,True,True
139553,1.0,0.0,0.5,none,True,True
139554,1.0,0.0,0.5,none,True,True
139555,1.0,0.0,0.5,none,True,True
139556,1.0,0.0,0.5,none,True,True
139557,1.0,0.0,0.5,none,True,True
139558,1.0,0.0,0.5,none,True,True
139559,1.0,0.0,0.5,none,True,True
139560,1.0,0.0,0.5,none,True,True
139561,1.0,0.0,0.5,none,True,True
139562,1.0,0.0,0.5,none,True,True
139563,1.0,0.0,0.5,none,True,True
139564,1.0,0.0,0.5,none,True,True
139565,1.0,0.0,0.5,none,True,True
139566,1.0,0.0,0.5,none,True,True
139567,1.0,0.0,0.5,none,True,True
139568,1.0,0.0,0.5,none,True,True
139569,1.0,0.0,0.5,none,True,True
139570,1.0,0.0,0.5,none,True,True
139571,1.0,0.0,0.5,none,True,True
139572,1.0,0.0,0.5,none,True,True
139573,1.0,0.0,0.5,none,True,True
139574,1.0,0.0,0.5,none,True,True
139575,1.0,0.0,0.5,none,True,True
139576,1.0,0.0,0.5,none,True,True
139577,1.0,0.0,0.5,none,True,True
139578,1.0,0.0,0.5,none,True,True
139579,1.0,0.0,0.5,none,True,True
139580,1.0,0.0,0.5,none,True,True
139581,1.0,0.0,0.5,none,True,True
139582,1.0,0.0,0.5,none,True,True
139583,1.0,0.0,0.5,none,True,True
139584,1.0,0.0,0.5,none,True,True
139585,1.0,0.0,0.5,none,True,True
139586,1.0,0.0,0.5,none,True,True
139587,1.0,0.0,0.5,none,True,True
139588,1.0,0.0,0.5,none,True,True
139589,1.0,0.0,0.5,none,True,True
139590,1.0,0.0,0.5,none,True,True
139591,1.0,0.0,0.5,none,True,True
139592,1.0,0.0,0.5,none,True,True
139593,1.0,0.0,0.5,none,True,True
139594,1.0,0.0,0.5,none,True,True
139595,1.0,0.0,0.5,none,True,True
139596,1.0,0.0,0.5,none,True,True
139597,1.0,0.0,0.5,none,True,True
139598,1.0,0.0,0.5,none,True,True
139599,1.0,0.0,0.5,none,True,True
139600,1.0,0.0,0.5,none,True,True
139601,1.0,0.0,0.5,none,True,True
139602,1.0,0.0,0.5,none,True,True
139603,1.0,0.0,0.5,none,True,True
139604,1.0,0.0,0.5,none,True,True
139605,1.0,0.0,0.5,none,True,True
139606,1.0,0.0,0.5,none,True,True
139607,1.0,0.0,0.5,none,True,True
139608,1.0,0.0,0.5,none,True,True
139609,1.0,0.0,0.5,none,True,True
139610,1.0,0.0,0.5,none,True,True
139611,1.0,0.0,0.5,none,True,True
139612,1.0,0.0,0.5,none,True,True
139613,1.0,0.0,0.5,none,True,True
139614,1.0,0.0,0.5,none,True,True
139615,1.0,0.0,0.5,none,True,True
139616,1.0,0.0,0.5,none,True,True
139617,1.0,0.0,0.5,none,True,True
139618,1.0,0.0,0.5,none,True,True
139619,1.0,0.0,0.5,none,True,True
139620,1.0,0.0,0.5,none,True,True
139621,1.0,0.0,0.5,none,True,True
139622,1.0,0.0,0.5,none,True,True
139623,1.0,0.0,0.5,none,True,True
139624,1.0,0.0,0.5,none,True,True
139625,1.0,0.0,0.5,none,True,True
139626,1.0,0.0,0.5,none,True,True
139627,1.0,0.0,0.5,none,True,True
139628,1.0,0.0,0.5,none,True,True
139629,1.0,0.0,0.5,none,True,True
139630,1.0,0.0,0.5,none,True,True
139631,1.0,0.0,0.5,none,True,True
139632,1.0,0.0,0.5,none,True,True
139633,1.0,0.0,0.5,none,True,True
139634,1.0,0.0,0.5,none,True,True
139635,1.0,0.0,0.5,none,True,True
139636,1.0,0.0,0.5,none,True,True
139637,1.0,0.0,0.5,none,True,True
139638,1.0,0.0,0.5,none,True,True
139639,1.0,0.0,0.5,none,True,True
139640,1.0,0.0,0.5,none,True,True
139641,1.0,0.0,0.5,none,True,True
139642,1.0,0.0,0.5,none,True,True
139643,1.0,0.0,0.5,none,True,True
139644,1.0,0.0,0.5,none,True,True
139645,1.0,0.0,0.5,none,True,True
139646,1.0,0.0,0.5,none,True,True
139647,1.0,0.0,0.5,none,True,True
139648,1.0,0.0,0.5,none,True,True
139649,1.0,0.0,0.5,none,True,True
139650,1.0,0.0,0.5,none,True,True
139651,1.0,0.0,0.5,none,True,True
139652,1.0,0.0,0.5,none,True,True
139653,1.0,0.0,0.5,none,True,True
139654,1.0,0.0,0.5,none,True,True
139655,1.0,0.0,0.5,none,True,True
139656,1.0,0.0,0.5,none,True,True
139657,1.0,0.0,0.5,none,True,True
139658,1.0,0.0,0.5,none,True,True
139659,1.0,0.0,0.5,none,True,True
139660,1.0,0.0,0.5,none,True,True
139661,1.0,0.0,0.5,none,True,True
139662,1.0,0.0,0.5,none,True,True
139663,1.0,0.0,0.5,none,True,True
139664,1.0,0.0,0.5,none,True,True
139665,1.0,0.0,0.5,none,True,True
139666,1.0,0.0,0.5,none,True,True
139667,1.0,0.0,0.5,none,True,True
139668,1.0,0.0,0.5,none,True,True
139669,1.0,0.0,0.5,none,True,True
139670,1.0,0.0,0.5,none,True,True
139671,1.0,0.0,0.5,none,True,True
139672,1.0,0.0,0.5,none,True,True
139673,1.0,0.0,0.5,none,True,True
139674,1.0,0.0,0.5,none,True,True
139675,1.0,0.0,0.5,none,True,True
139676,1.0,0.0,0.5,none,True,True
139677,1.0,0.0,0.5,none,True,True
139678,1.0,0.0,0.5,none,True,True
139679,1.0,0.0,0.5,none,True,True
139680,1.0,0.0,0.5,none,True,True
139681,1.0,0.0,0.5,none,True,True
139682,1.0,0.0,0.5,none,True,True
139683,1.0,0.0,0.5,none,True,True
139684,1.0,0.0,0.5,none,True,True
139685,1.0,0.0,0.5,none,True,True
139686,1.0,0.0,0.5,none,True,True
139687,1.0,0.0,0.5,none,True,True
139688,1.0,0.0,0.5,none,True,True
139689,1.0,0.0,0.5,none,True,True
139690,1.0,0.0,0.5,none,True,True
139691,1.0,0.0,0.5,none,True,True
139692,1.0,0.0,0.5,none,True,True
139693,1.0,0.0,0.5,none,True,True
139694,1.0,0.0,0.5,none,True,True
139695,1.0,0.0,0.5,none,True,True
139696,1.0,0.0,0.5,none,True,True
139697,1.0,0.0,0.5,none,True,True
139698,1.0,0.0,0.5,none,True,True
139699,1.0,0.0,0.5,none,True,True
139700,1.0,0.0,0.5,none,True,True
139701,1.0,0.0,0.5,none,True,True
139702,1.0,0.0,0.5,none,True,True
139703,1.0,0.0,0.5,none,True,True
139704,1.0,0.0,0.5,none,True,True
139705,1.0,0.0,0.5,none,True,True
139706,1.0,0.0,0.5,none,True,True
139707,1.0,0.0,0.5,none,True,True
139708,1.0,0.0,0.5,none,True,True
139709,1.0,0.0,0.5,none,True,True
139710,1.0,0.0,0.5,none,True,True
139711,1.0,0.0,0.5,none,True,True
139712,1.0,0.0,0.5,none,True,True
139713,1.0,0.0,0.5,none,True,True
139714,1.0,0.0,0.5,none,True,True
139715,1.0,0.0,0.5,none,True,True
139716,1.0,0.0,0.5,none,True,True
139717,1.0,0.0,0.5,none,True,True
139718,1.0,0.0,0.5,none,True,True
139719,1.0,0.0,0.5,none,True,True
139720,1.0,0.0,0.5,none,True,True
139721,1.0,0.0,0.5,none,True,True
139722,1.0,0.0,0.5,none,True,True
139723,1.0,0.0,0.5,none,True,True
139724,1.0,0.0,0.5,none,True,True
139725,1.0,0.0,0.5,none,True,True
139726,1.0,0.0,0.5,none,True,True
139727,1.0,0.0,0.5,none,True,True
139728,1.0,0.0,0.5,none,True,True
139729,1.0,0.0,0.5,none,True,True
139730,1.0,0.0,0.5,none,True,True
139731,1.0,0.0,0.5,none,True,True
139732,1.0,0.0,0.5,none,True,True
139733,1.0,0.0,0.5,none,True,True
139734,1.0,0.0,0.5,none,True,True
139735,1.0,0.0,0.5,none,True,True
139736,1.0,0.0,0.5,none,True,True
139737,1.0,0.0,0.5,none,True,True
139738,1.0,0.0,0.5,none,True,True
139739,1.0,0.0,0.5,none,True,True
139740,1.0,0.0,0.5,none,True,True
139741,1.0,0.0,0.5,none,True,True
139742,1.0,0.0,0.5,none,True,True
139743,1.0,0.0,0.5,none,True,True
139744,1.0,0.0,0.5,none,True,True
139745,1.0,0.0,0.5,none,True,True
139746,1.0,0.0,0.5,none,True,True
139747,1.0,0.0,0.5,none,True,True
139748,1.0,0.0,0.5,none,True,True
139749,1.0,0.0,0.5,none,True,True
139750,1.0,0.0,0.5,none,True,True
139751,1.0,0.0,0.5,none,True,True
139752,1.0,0.0,0.5,none,True,True
139753,1.0,0.0,0.5,none,True,True
139754,1.0,0.0,0.5,none,True,True
139755,1.0,0.0,0.5,none,True,True
139756,1.0,0.0,0.5,none,True,True
139757,1.0,0.0,0.5,none,True,True
139758,1.0,0.0,0.5,none,True,True
139759,1.0,0.0,0.5,none,True,True
139760,1.0,0.0,0.5,none,True,True
139761,1.0,0.0,0.5,none,True,True
139762,1.0,0.0,0.5,none,True,True
139763,1.0,0.0,0.5,none,True,True
139764,1.0,0.0,0.5,none,True,True
139765,1.0,0.0,0.5,none,True,True
139766,1.0,0.0,0.5,none,True,True
139767,1.0,0.0,0.5,none,True,True
139768,1.0,0.0,0.5,none,True,True
139769,1.0,0.0,0.5,none,True,True
139770,1.0,0.0,0.5,none,True,True
139771,1.0,0.0,0.5,none,True,True
139772,1.0,0.0,0.5,none,True,True
139773,1.0,0.0,0.5,none,True,True
139774,1.0,0.0,0.5,none,True,True
139775,1.0,0.0,0.5,none,True,True
139776,1.0,0.0,0.5,none,True,True
139777,1.0,0.0,0.5,none,True,True
139778,1.0,0.0,0.5,none,True,True
139779,1.0,0.0,0.5,none,True,True
139780,1.0,0.0,0.5,none,True,True
139781,1.0,0.0,0.5,none,True,True
139782,1.0,0.0,0.5,none,True,True
139783,1.0,0.0,0.5,none,True,True
139784,1.0,0.0,0.5,none,True,True
139785,1.0,0.0,0.5,none,True,True
139786,1.0,0.0,0.5,none,True,True
139787,1.0,0.0,0.5,none,True,True
139788,1.0,0.0,0.5,none,True,True
139789,1.0,0.0,0.5,none,True,True
139790,1.0,0.0,0.5,none,True,True
139791,1.0,0.0,0.5,none,True,True
139792,1.0,0.0,0.5,none,True,True
139793,1.0,0.0,0.5,none,True,True
139794,1.0,0.0,0.5,none,True,True
139795,1.0,0.0,0.5,none,True,True
139796,1.0,0.0,0.5,none,True,True
139797,1.0,0.0,0.5,none,True,True
139798,1.0,0.0,0.5,none,True,True
139799,1.0,0.0,0.5,none,True,True
139800,1.0,0.0,0.5,none,True,True
139801,1.0,0.0,0.5,none,True,True
139802,1.0,0.0,0.5,none,True,True
139803,1.0,0.0,0.5,none,True,True
139804,1.0,0.0,0.5,none,True,True
139805,1.0,0.0,0.5,none,True,True
139806,1.0,0.0,0.5,none,True,True
139807,1.0,0.0,0.5,none,True,True
139808,1.0,0.0,0.5,none,True,True
139809,1.0,0.0,0.5,none,True,True
139810,1.0,0.0,0.5,none,True,True
139811,1.0,0.0,0.5,none,True,True
139812,1.0,0.0,0.5,none,True,True
139813,1.0,0.0,0.5,none,True,True
139814,1.0,0.0,0.5,none,True,True
139815,1.0,0.0,0.5,none,True,True
139816,1.0,0.0,0.5,none,True,True
139817,1.0,0.0,0.5,none,True,True
139818,1.0,0.0,0.5,none,True,True
139819,1.0,0.0,0.5,none,True,True
139820,1.0,0.0,0.5,none,True,True
139821,1.0,0.0,0.5,none,True,True
139822,1.0,0.0,0.5,none,True,True
139823,1.0,0.0,0.5,none,True,True
139824,1.0,0.0,0.5,none,True,True
139825,1.0,0.0,0.5,none,True,True
139826,1.0,0.0,0.5,none,True,True
139827,1.0,0.0,0.5,none,True,True
139828,1.0,0.0,0.5,none,True,True
139829,1.0,0.0,0.5,none,True,True
139830,1.0,0.0,0.5,none,True,True
139831,1.0,0.0,0.5,none,True,True
139832,1.0,0.0,0.5,none,True,True
139833,1.0,0.0,0.5,none,True,True
139834,1.0,0.0,0.5,none,True,True
139835,1.0,0.0,0.5,none,True,True
139836,1.0,0.0,0.5,none,True,True
139837,1.0,0.0,0.5,none,True,True
139838,1.0,0.0,0.5,none,True,True
139839,1.0,0.0,0.5,none,True,True
139840,1.0,0.0,0.5,none,True,True
139841,1.0,0.0,0.5,none,True,True
139842,1.0,0.0,0.5,none,True,True
139843,1.0,0.0,0.5,none,True,True
139844,1.0,0.0,0.5,none,True,True
139845,1.0,0.0,0.5,none,True,True
139846,1.0,0.0,0.5,none,True,True
139847,1.0,0.0,0.5,none,True,True
139848,1.0,0.0,0.5,none,True,True
139849,1.0,0.0,0.5,none,True,True
139850,1.0,0.0,0.5,none,True,True
139851,1.0,0.0,0.5,none,True,True
139852,1.0,0.0,0.5,none,True,True
139853,1.0,0.0,0.5,none,True,True
139854,1.0,0.0,0.5,none,True,True
139855,1.0,0.0,0.5,none,True,True
139856,1.0,0.0,0.5,none,True,True
139857,1.0,0.0,0.5,none,True,True
139858,1.0,0.0,0.5,none,True,True
139859,1.0,0.0,0.5,none,True,True
139860,1.0,0.0,0.5,none,True,True
139861,1.0,0.0,0.5,none,True,True
139862,1.0,0.0,0.5,none,True,True
139863,1.0,0.0,0.5,none,True,True
139864,1.0,0.0,0.5,none,True,True
139865,1.0,0.0,0.5,none,True,True
139866,1.0,0.0,0.5,none,True,True
139867,1.0,0.0,0.5,none,True,True
139868,1.0,0.0,0.5,none,True,True
139869,1.0,0.0,0.5,none,True,True
139870,1.0,0.0,0.5,none,True,True
139871,1.0,0.0,0.5,none,True,True
139872,1.0,0.0,0.5,none,True,True
139873,1.0,0.0,0.5,none,True,True
139874,1.0,0.0,0.5,none,True,True
139875,1.0,0.0,0.5,none,True,True
139876,1.0,0.0,0.5,none,True,True
139877,1.0,0.0,0.5,none,True,True
139878,1.0,0.0,0.5,none,True,True
139879,1.0,0.0,0.5,none,True,True
139880,1.0,0.0,0.5,none,True,True
139881,1.0,0.0,0.5,none,True,True
139882,1.0,0.0,0.5,none,True,True
139883,1.0,0.0,0.5,none,True,True
139884,1.0,0.0,0.5,none,True,True
139885,1.0,0.0,0.5,none,True,True
139886,1.0,0.0,0.5,none,True,True
139887,1.0,0.0,0.5,none,True,True
139888,1.0,0.0,0.5,none,True,True
139889,1.0,0.0,0.5,none,True,True
139890,1.0,0.0,0.5,none,True,True
139891,1.0,0.0,0.5,none,True,True
139892,1.0,0.0,0.5,none,True,True
139893,1.0,0.0,0.5,none,True,True
139894,1.0,0.0,0.5,none,True,True
139895,1.0,0.0,0.5,none,True,True
139896,1.0,0.0,0.5,none,True,True
139897,1.0,0.0,0.5,none,True,True
139898,1.0,0.0,0.5,none,True,True
139899,1.0,0.0,0.5,none,True,True
139900,1.0,0.0,0.5,none,True,True
139901,1.0,0.0,0.5,none,True,True
139902,1.0,0.0,0.5,none,True,True
139903,1.0,0.0,0.5,none,True,True
139904,1.0,0.0,0.5,none,True,True
139905,1.0,0.0,0.5,none,True,True
139906,1.0,0.0,0.5,none,True,True
139907,1.0,0.0,0.5,none,True,True
139908,1.0,0.0,0.5,none,True,True
139909,1.0,0.0,0.5,none,True,True
139910,1.0,0.0,0.5,none,True,True
139911,1.0,0.0,0.5,none,True,True
139912,1.0,0.0,0.5,none,True,True
139913,1.0,0.0,0.5,none,True,True
139914,1.0,0.0,0.5,none,True,True
139915,1.0,0.0,0.5,none,True,True
139916,1.0,0.0,0.5,none,True,True
139917,1.0,0.0,0.5,none,True,True
139918,1.0,0.0,0.5,none,True,True
139919,1.0,0.0,0.5,none,True,True
139920,1.0,0.0,0.5,none,True,True
139921,1.0,0.0,0.5,none,True,True
139922,1.0,0.0,0.5,none,True,True
139923,1.0,0.0,0.5,none,True,True
139924,1.0,0.0,0.5,none,True,True
139925,1.0,0.0,0.5,none,True,True
139926,1.0,0.0,0.5,none,True,True
139927,1.0,0.0,0.5,none,True,True
139928,1.0,0.0,0.5,none,True,True
139929,1.0,0.0,0.5,none,True,True
139930,1.0,0.0,0.5,none,True,True
139931,1.0,0.0,0.5,none,True,True
139932,1.0,0.0,0.5,none,True,True
139933,1.0,0.0,0.5,none,True,True
139934,1.0,0.0,0.5,none,True,True
139935,1.0,0.0,0.5,none,True,True
139936,1.0,0.0,0.5,none,True,True
139937,1.0,0.0,0.5,none,True,True
139938,1.0,0.0,0.5,none,True,True
139939,1.0,0.0,0.5,none,True,True
139940,1.0,0.0,0.5,none,True,True
139941,1.0,0.0,0.5,none,True,True
139942,1.0,0.0,0.5,none,True,True
139943,1.0,0.0,0.5,none,True,True
139944,1.0,0.0,0.5,none,True,True
139945,1.0,0.0,0.5,none,True,True
139946,1.0,0.0,0.5,none,True,True
139947,1.0,0.0,0.5,none,True,True
139948,1.0,0.0,0.5,none,True,True
139949,1.0,0.0,0.5,none,True,True
139950,1.0,0.0,0.5,none,True,True
139951,1.0,0.0,0.5,none,True,True
139952,1.0,0.0,0.5,none,True,True
139953,1.0,0.0,0.5,none,True,True
139954,1.0,0.0,0.5,none,True,True
139955,1.0,0.0,0.5,none,True,True
139956,1.0,0.0,0.5,none,True,True
139957,1.0,0.0,0.5,none,True,True
139958,1.0,0.0,0.5,none,True,True
139959,1.0,0.0,0.5,none,True,True
139960,1.0,0.0,0.5,none,True,True
139961,1.0,0.0,0.5,none,True,True
139962,1.0,0.0,0.5,none,True,True
139963,1.0,0.0,0.5,none,True,True
139964,1.0,0.0,0.5,none,True,True
139965,1.0,0.0,0.5,none,True,True
139966,1.0,0.0,0.5,none,True,True
139967,1.0,0.0,0.5,none,True,True
139968,1.0,0.0,0.5,none,True,True
139969,1.0,0.0,0.5,none,True,True
139970,1.0,0.0,0.5,none,True,True
139971,1.0,0.0,0.5,none,True,True
139972,1.0,0.0,0.5,none,True,True
139973,1.0,0.0,0.5,none,True,True
139974,1.0,0.0,0.5,none,True,True
139975,1.0,0.0,0.5,none,True,True
139976,1.0,0.0,0.5,none,True,True
139977,1.0,0.0,0.5,none,True,True
139978,1.0,0.0,0.5,none,True,True
139979,1.0,0.0,0.5,none,True,True
139980,1.0,0.0,0.5,none,True,True
139981,1.0,0.0,0.5,none,True,True
139982,1.0,0.0,0.5,none,True,True
139983,1.0,0.0,0.5,none,True,True
139984,1.0,0.0,0.5,none,True,True
139985,1.0,0.0,0.5,none,True,True
139986,1.0,0.0,0.5,none,True,True
139987,1.0,0.0,0.5,none,True,True
139988,1.0,0.0,0.5,none,True,True
139989,1.0,0.0,0.5,none,True,True
139990,1.0,0.0,0.5,none,True,True
139991,1.0,0.0,0.5,none,True,True
139992,1.0,0.0,0.5,none,True,True
139993,1.0,0.0,0.5,none,True,True
139994,1.0,0.0,0.5,none,True,True
139995,1.0,0.0,0.5,none,True,True
139996,1.0,0.0,0.5,none,True,True
139997,1.0,0.0,0.5,none,True,True
139998,1.0,0.0,0.5,none,True,True
139999,1.0,0.0,0.5,none,True,True
140000,1.0,0.0061,0.5,none,True,True
140001,1.0,0.0357,0.5,none,True,True
140002,1.0,0.0812,0.5,none,True,True
140003,1.0,0.1113,0.5,none,True,True
140004,1.0,0.1253,0.5,none,True,True
140005,1.0,0.1408,0.5,none,True,True
140006,1.0,0.0907,0.5,none,True,True
140007,1.0,0.1198,0.5,none,True,True
140008,1.0,0.0467,0.5,none,True,True
140009,1.0,0.0522,0.5,none,True,True
140010,1.0,0.0405,0.5,none,True,True
140011,1.0,0.0313,0.5,none,True,True
140012,1.0,0.0083,0.5,none,True,True
140013,1.0,0.0726,0.5,none,True,True
140014,1.0,0.0793,0.5,none,True,True
140015,1.0,0.0581,0.5,none,True,True
140016,1.0,0.0955,0.5,none,True,True
140017,1.0,0.0839,0.5,none,True,True
140018,1.0,0.0648,0.5,none,True,True
140019,1.0,0.0718,0.5,none,True,True
140020,1.0,0.0589,0.5,none,True,True
140021,1.0,0.0403,0.5,none,True,True
140022,1.0,0.0327,0.5,none,True,True
140023,1.0,0.0277,0.5,none,True,True
140024,1.0,0.017,0.5,none,True,True
140025,1.0,0.0102,0.5,none,True,True
140026,1.0,0.0099,0.5,none,True,True
140027,1.0,0.008,0.5,none,True,True
140028,1.0,0.005,0.5,none,True,True
140029,1.0,0.0063,0.5,none,True,True
140030,1.0,0.009,0.5,none,True,True
140031,1.0,0.0096,0.5,none,True,True
140032,1.0,0.0108,0.5,none,True,True
140033,1.0,0.014,0.5,none,True,True
140034,1.0,0.0161,0.5,none,True,True
140035,1.0,0.0167,0.5,none,True,True
140036,1.0,0.0182,0.5,none,True,True
140037,1.0,0.0196,0.5,none,True,True
140038,1.0,0.0197,0.5,none,True,True
140039,1.0,0.0193,0.5,none,True,True
140040,1.0,0.0193,0.5,none,True,True
140041,1.0,0.0187,0.5,none,True,True
140042,1.0,0.0174,0.5,none,True,True
140043,1.0,0.0163,0.5,none,True,True
140044,1.0,0.0152,0.5,none,True,True
140045,1.0,0.0138,0.5,none,True,True
140046,1.0,0.0123,0.5,none,True,True
140047,1.0,0.0111,0.5,none,True,True
140048,1.0,0.01,0.5,none,True,True
140049,1.0,0.0088,0.5,none,True,True
140050,1.0,0.0078,0.5,none,True,True
140051,1.0,0.0071,0.5,none,True,True
140052,1.0,0.0064,0.5,none,True,True
140053,1.0,0.0057,0.5,none,True,True
140054,1.0,0.0053,0.5,none,True,True
140055,1.0,0.005,0.5,none,True,True
140056,1.0,0.0047,0.5,none,True,True
140057,1.0,0.0045,0.5,none,True,True
140058,1.0,0.0044,0.5,none,True,True
140059,1.0,0.0043,0.5,none,True,True
140060,1.0,0.0042,0.5,none,True,True
140061,1.0,0.0041,0.5,none,True,True
140062,1.0,0.004,0.5,none,True,True
140063,1.0,0.0039,0.5,none,True,True
140064,1.0,0.0038,0.5,none,True,True
140065,1.0,0.0037,0.5,none,True,True
140066,1.0,0.0035,0.5,none,True,True
140067,1.0,0.0033,0.5,none,True,True
140068,1.0,0.0032,0.5,none,True,True
140069,1.0,0.003,0.5,none,True,True
140070,1.0,0.0028,0.5,none,True,True
140071,1.0,0.0026,0.5,none,True,True
140072,1.0,0.0024,0.5,none,True,True
140073,1.0,0.0023,0.5,none,True,True
140074,1.0,0.0021,0.5,none,True,True
140075,1.0,0.0019,0.5,none,True,True
140076,1.0,0.0018,0.5,none,True,True
140077,1.0,0.0017,0.5,none,True,True
140078,1.0,0.0015,0.5,none,True,True
140079,1.0,0.0014,0.5,none,True,True
140080,1.0,0.0013,0.5,none,True,True
140081,1.0,0.0013,0.5,none,True,True
140082,1.0,0.0012,0.5,none,True,True
140083,1.0,0.0011,0.5,none,True,True
140084,1.0,0.0011,0.5,none,True,True
140085,1.0,0.001,0.5,none,True,True
140086,1.0,0.001,0.5,none,True,True
140087,1.0,0.0009,0.5,none,True,True
140088,1.0,0.0009,0.5,none,True,True
140089,1.0,0.0008,0.5,none,True,True
140090,1.0,0.0008,0.5,none,True,True
140091,1.0,0.0008,0.5,none,True,True
140092,1.0,0.0007,0.5,none,True,True
140093,1.0,0.0007,0.5,none,True,True
140094,1.0,0.0006,0.5,none,True,True
140095,1.0,0.0006,0.5,none,True,True
140096,1.0,0.0006,0.5,none,True,True
140097,1.0,0.0005,0.5,none,True,True
140098,1.0,0.0005,0.5,none,True,True
140099,1.0,0.0005,0.5,none,True,True
140100,1.0,0.0004,0.5,none,True,True
140101,1.0,0.0004,0.5,none,True,True
140102,1.0,0.0004,0.5,none,True,True
140103,1.0,0.0004,0.5,none,True,True
140104,1.0,0.0003,0.5,none,True,True
140105,1.0,0.0003,0.5,none,True,True
140106,1.0,0.0003,0.5,none,True,True
140107,1.0,0.0003,0.5,none,True,True
140108,1.0,0.0003,0.5,none,True,True
140109,1.0,0.0003,0.5,none,True,True
140110,1.0,0.0002,0.5,none,True,True
140111,1.0,0.0002,0.5,none,True,True
140112,1.0,0.0002,0.5,none,True,True
140113,1.0,0.0002,0.5,none,True,True
140114,1.0,0.0002,0.5,none,True,True
140115,1.0,0.0002,0.5,none,True,True
140116,1.0,0.0002,0.5,none,True,True
140117,1.0,0.0002,0.5,none,True,True
140118,1.0,0.0002,0.5,none,True,True
140119,1.0,0.0001,0.5,none,True,True
140120,1.0,0.0001,0.5,none,True,True
140121,1.0,0.0001,0.5,none,True,True
140122,1.0,0.0001,0.5,none,True,True
140123,1.0,0.0001,0.5,none,True,True
140124,1.0,0.0001,0.5,none,True,True
140125,1.0,0.0001,0.5,none,True,True
140126,1.0,0.0001,0.5,none,True,True
140127,1.0,0.0001,0.5,none,True,True
140128,1.0,0.0001,0.5,none,True,True
140129,1.0,0.0001,0.5,none,True,True
140130,1.0,0.0001,0.5,none,True,True
140131,1.0,0.0001,0.5,none,True,True
140132,1.0,0.0001,0.5,none,True,True
140133,1.0,0.0001,0.5,none,True,True
140134,1.0,0.0001,0.5,none,True,True
140135,1.0,0.0001,0.5,none,True,True
140136,1.0,0.0001,0.5,none,True,True
140137,1.0,0.0,0.5,none,True,True
140138,1.0,0.0,0.5,none,True,True
140139,1.0,0.0,0.5,none,True,True
140140,1.0,0.0,0.5,none,True,True
140141,1.0,0.0,0.5,none,True,True
140142,1.0,0.0,0.5,none,True,True
140143,1.0,0.0,0.5,none,True,True
140144,1.0,0.0,0.5,none,True,True
140145,1.0,0.0,0.5,none,True,True
140146,1.0,0.0,0.5,none,True,True
140147,1.0,0.0,0.5,none,True,True
140148,1.0,0.0,0.5,none,True,True
140149,1.0,0.0,0.5,none,True,True
140150,1.0,0.0,0.5,none,True,True
140151,1.0,0.0,0.5,none,True,True
140152,1.0,0.0,0.5,none,True,True
140153,1.0,0.0,0.5,none,True,True
140154,1.0,0.0,0.5,none,True,True
140155,1.0,0.0,0.5,none,True,True
140156,1.0,0.0,0.5,none,True,True
140157,1.0,0.0,0.5,none,True,True
140158,1.0,0.0,0.5,none,True,True
140159,1.0,0.0,0.5,none,True,True
140160,1.0,0.0,0.5,none,True,True
140161,1.0,0.0,0.5,none,True,True
140162,1.0,0.0,0.5,none,True,True
140163,1.0,0.0,0.5,none,True,True
140164,1.0,0.0,0.5,none,True,True
140165,1.0,0.0,0.5,none,True,True
140166,1.0,0.0,0.5,none,True,True
140167,1.0,0.0,0.5,none,True,True
140168,1.0,0.0,0.5,none,True,True
140169,1.0,0.0,0.5,none,True,True
140170,1.0,0.0,0.5,none,True,True
140171,1.0,0.0,0.5,none,True,True
140172,1.0,0.0,0.5,none,True,True
140173,1.0,0.0,0.5,none,True,True
140174,1.0,0.0,0.5,none,True,True
140175,1.0,0.0,0.5,none,True,True
140176,1.0,0.0,0.5,none,True,True
140177,1.0,0.0,0.5,none,True,True
140178,1.0,0.0,0.5,none,True,True
140179,1.0,0.0,0.5,none,True,True
140180,1.0,0.0,0.5,none,True,True
140181,1.0,0.0,0.5,none,True,True
140182,1.0,0.0,0.5,none,True,True
140183,1.0,0.0,0.5,none,True,True
140184,1.0,0.0,0.5,none,True,True
140185,1.0,0.0,0.5,none,True,True
140186,1.0,0.0,0.5,none,True,True
140187,1.0,0.0,0.5,none,True,True
140188,1.0,0.0,0.5,none,True,True
140189,1.0,0.0,0.5,none,True,True
140190,1.0,0.0,0.5,none,True,True
140191,1.0,0.0,0.5,none,True,True
140192,1.0,0.0,0.5,none,True,True
140193,1.0,0.0,0.5,none,True,True
140194,1.0,0.0,0.5,none,True,True
140195,1.0,0.0,0.5,none,True,True
140196,1.0,0.0,0.5,none,True,True
140197,1.0,0.0,0.5,none,True,True
140198,1.0,0.0,0.5,none,True,True
140199,1.0,0.0,0.5,none,True,True
140200,1.0,0.0,0.5,none,True,True
140201,1.0,0.0,0.5,none,True,True
140202,1.0,0.0,0.5,none,True,True
140203,1.0,0.0,0.5,none,True,True
140204,1.0,0.0,0.5,none,True,True
140205,1.0,0.0,0.5,none,True,True
140206,1.0,0.0,0.5,none,True,True
140207,1.0,0.0,0.5,none,True,True
140208,1.0,0.0,0.5,none,True,True
140209,1.0,0.0,0.5,none,True,True
140210,1.0,0.0,0.5,none,True,True
140211,1.0,0.0,0.5,none,True,True
140212,1.0,0.0,0.5,none,True,True
140213,1.0,0.0,0.5,none,True,True
140214,1.0,0.0,0.5,none,True,True
140215,1.0,0.0,0.5,none,True,True
140216,1.0,0.0,0.5,none,True,True
140217,1.0,0.0,0.5,none,True,True
140218,1.0,0.0,0.5,none,True,True
140219,1.0,0.0,0.5,none,True,True
140220,1.0,0.0,0.5,none,True,True
140221,1.0,0.0,0.5,none,True,True
140222,1.0,0.0,0.5,none,True,True
140223,1.0,0.0,0.5,none,True,True
140224,1.0,0.0,0.5,none,True,True
140225,1.0,0.0,0.5,none,True,True
140226,1.0,0.0,0.5,none,True,True
140227,1.0,0.0,0.5,none,True,True
140228,1.0,0.0,0.5,none,True,True
140229,1.0,0.0,0.5,none,True,True
140230,1.0,0.0,0.5,none,True,True
140231,1.0,0.0,0.5,none,True,True
140232,1.0,0.0,0.5,none,True,True
140233,1.0,0.0,0.5,none,True,True
140234,1.0,0.0,0.5,none,True,True
140235,1.0,0.0,0.5,none,True,True
140236,1.0,0.0,0.5,none,True,True
140237,1.0,0.0,0.5,none,True,True
140238,1.0,0.0,0.5,none,True,True
140239,1.0,0.0,0.5,none,True,True
140240,1.0,0.0,0.5,none,True,True
140241,1.0,0.0,0.5,none,True,True
140242,1.0,0.0,0.5,none,True,True
140243,1.0,0.0,0.5,none,True,True
140244,1.0,0.0,0.5,none,True,True
140245,1.0,0.0,0.5,none,True,True
140246,1.0,0.0,0.5,none,True,True
140247,1.0,0.0,0.5,none,True,True
140248,1.0,0.0,0.5,none,True,True
140249,1.0,0.0,0.5,none,True,True
140250,1.0,0.0,0.5,none,True,True
140251,1.0,0.0,0.5,none,True,True
140252,1.0,0.0,0.5,none,True,True
140253,1.0,0.0,0.5,none,True,True
140254,1.0,0.0,0.5,none,True,True
140255,1.0,0.0,0.5,none,True,True
140256,1.0,0.0,0.5,none,True,True
140257,1.0,0.0,0.5,none,True,True
140258,1.0,0.0,0.5,none,True,True
140259,1.0,0.0,0.5,none,True,True
140260,1.0,0.0,0.5,none,True,True
140261,1.0,0.0,0.5,none,True,True
140262,1.0,0.0,0.5,none,True,True
140263,1.0,0.0,0.5,none,True,True
140264,1.0,0.0,0.5,none,True,True
140265,1.0,0.0,0.5,none,True,True
140266,1.0,0.0,0.5,none,True,True
140267,1.0,0.0,0.5,none,True,True
140268,1.0,0.0,0.5,none,True,True
140269,1.0,0.0,0.5,none,True,True
140270,1.0,0.0,0.5,none,True,True
140271,1.0,0.0,0.5,none,True,True
140272,1.0,0.0,0.5,none,True,True
140273,1.0,0.0,0.5,none,True,True
140274,1.0,0.0,0.5,none,True,True
140275,1.0,0.0,0.5,none,True,True
140276,1.0,0.0,0.5,none,True,True
140277,1.0,0.0,0.5,none,True,True
140278,1.0,0.0,0.5,none,True,True
140279,1.0,0.0,0.5,none,True,True
140280,1.0,0.0,0.5,none,True,True
140281,1.0,0.0,0.5,none,True,True
140282,1.0,0.0,0.5,none,True,True
140283,1.0,0.0,0.5,none,True,True
140284,1.0,0.0,0.5,none,True,True
140285,1.0,0.0,0.5,none,True,True
140286,1.0,0.0,0.5,none,True,True
140287,1.0,0.0,0.5,none,True,True
140288,1.0,0.0,0.5,none,True,True
140289,1.0,0.0,0.5,none,True,True
140290,1.0,0.0,0.5,none,True,True
140291,1.0,0.0,0.5,none,True,True
140292,1.0,0.0,0.5,none,True,True
140293,1.0,0.0,0.5,none,True,True
140294,1.0,0.0,0.5,none,True,True
140295,1.0,0.0,0.5,none,True,True
140296,1.0,0.0,0.5,none,True,True
140297,1.0,0.0,0.5,none,True,True
140298,1.0,0.0,0.5,none,True,True
140299,1.0,0.0,0.5,none,True,True
140300,1.0,0.0,0.5,none,True,True
140301,1.0,0.0,0.5,none,True,True
140302,1.0,0.0,0.5,none,True,True
140303,1.0,0.0,0.5,none,True,True
140304,1.0,0.0,0.5,none,True,True
140305,1.0,0.0,0.5,none,True,True
140306,1.0,0.0,0.5,none,True,True
140307,1.0,0.0,0.5,none,True,True
140308,1.0,0.0,0.5,none,True,True
140309,1.0,0.0,0.5,none,True,True
140310,1.0,0.0,0.5,none,True,True
140311,1.0,0.0,0.5,none,True,True
140312,1.0,0.0,0.5,none,True,True
140313,1.0,0.0,0.5,none,True,True
140314,1.0,0.0,0.5,none,True,True
140315,1.0,0.0,0.5,none,True,True
140316,1.0,0.0,0.5,none,True,True
140317,1.0,0.0,0.5,none,True,True
140318,1.0,0.0,0.5,none,True,True
140319,1.0,0.0,0.5,none,True,True
140320,1.0,0.0,0.5,none,True,True
140321,1.0,0.0,0.5,none,True,True
140322,1.0,0.0,0.5,none,True,True
140323,1.0,0.0,0.5,none,True,True
140324,1.0,0.0,0.5,none,True,True
140325,1.0,0.0,0.5,none,True,True
140326,1.0,0.0,0.5,none,True,True
140327,1.0,0.0,0.5,none,True,True
140328,1.0,0.0,0.5,none,True,True
140329,1.0,0.0,0.5,none,True,True
140330,1.0,0.0,0.5,none,True,True
140331,1.0,0.0,0.5,none,True,True
140332,1.0,0.0,0.5,none,True,True
140333,1.0,0.0,0.5,none,True,True
140334,1.0,0.0,0.5,none,True,True
140335,1.0,0.0,0.5,none,True,True
140336,1.0,0.0,0.5,none,True,True
140337,1.0,0.0,0.5,none,True,True
140338,1.0,0.0,0.5,none,True,True
140339,1.0,0.0,0.5,none,True,True
140340,1.0,0.0,0.5,none,True,True
140341,1.0,0.0,0.5,none,True,True
140342,1.0,0.0,0.5,none,True,True
140343,1.0,0.0,0.5,none,True,True
140344,1.0,0.0,0.5,none,True,True
140345,1.0,0.0,0.5,none,True,True
140346,1.0,0.0,0.5,none,True,True
140347,1.0,0.0,0.5,none,True,True
140348,1.0,0.0,0.5,none,True,True
140349,1.0,0.0,0.5,none,True,True
140350,1.0,0.0,0.5,none,True,True
140351,1.0,0.0,0.5,none,True,True
140352,1.0,0.0,0.5,none,True,True
140353,1.0,0.0,0.5,none,True,True
140354,1.0,0.0,0.5,none,True,True
140355,1.0,0.0,0.5,none,True,True
140356,1.0,0.0,0.5,none,True,True
140357,1.0,0.0,0.5,none,True,True
140358,1.0,0.0,0.5,none,True,True
140359,1.0,0.0,0.5,none,True,True
140360,1.0,0.0,0.5,none,True,True
140361,1.0,0.0,0.5,none,True,True
140362,1.0,0.0,0.5,none,True,True
140363,1.0,0.0,0.5,none,True,True
140364,1.0,0.0,0.5,none,True,True
140365,1.0,0.0,0.5,none,True,True
140366,1.0,0.0,0.5,none,True,True
140367,1.0,0.0,0.5,none,True,True
140368,1.0,0.0,0.5,none,True,True
140369,1.0,0.0,0.5,none,True,True
140370,1.0,0.0,0.5,none,True,True
140371,1.0,0.0,0.5,none,True,True
140372,1.0,0.0,0.5,none,True,True
140373,1.0,0.0,0.5,none,True,True
140374,1.0,0.0,0.5,none,True,True
140375,1.0,0.0,0.5,none,True,True
140376,1.0,0.0,0.5,none,True,True
140377,1.0,0.0,0.5,none,True,True
140378,1.0,0.0,0.5,none,True,True
140379,1.0,0.0,0.5,none,True,True
140380,1.0,0.0,0.5,none,True,True
140381,1.0,0.0,0.5,none,True,True
140382,1.0,0.0,0.5,none,True,True
140383,1.0,0.0,0.5,none,True,True
140384,1.0,0.0,0.5,none,True,True
140385,1.0,0.0,0.5,none,True,True
140386,1.0,0.0,0.5,none,True,True
140387,1.0,0.0,0.5,none,True,True
140388,1.0,0.0,0.5,none,True,True
140389,1.0,0.0,0.5,none,True,True
140390,1.0,0.0,0.5,none,True,True
140391,1.0,0.0,0.5,none,True,True
140392,1.0,0.0,0.5,none,True,True
140393,1.0,0.0,0.5,none,True,True
140394,1.0,0.0,0.5,none,True,True
140395,1.0,0.0,0.5,none,True,True
140396,1.0,0.0,0.5,none,True,True
140397,1.0,0.0,0.5,none,True,True
140398,1.0,0.0,0.5,none,True,True
140399,1.0,0.0,0.5,none,True,True
140400,1.0,0.0,0.5,none,True,True
140401,1.0,0.0,0.5,none,True,True
140402,1.0,0.0,0.5,none,True,True
140403,1.0,0.0,0.5,none,True,True
140404,1.0,0.0,0.5,none,True,True
140405,1.0,0.0,0.5,none,True,True
140406,1.0,0.0,0.5,none,True,True
140407,1.0,0.0,0.5,none,True,True
140408,1.0,0.0,0.5,none,True,True
140409,1.0,0.0,0.5,none,True,True
140410,1.0,0.0,0.5,none,True,True
140411,1.0,0.0,0.5,none,True,True
140412,1.0,0.0,0.5,none,True,True
140413,1.0,0.0,0.5,none,True,True
140414,1.0,0.0,0.5,none,True,True
140415,1.0,0.0,0.5,none,True,True
140416,1.0,0.0,0.5,none,True,True
140417,1.0,0.0,0.5,none,True,True
140418,1.0,0.0,0.5,none,True,True
140419,1.0,0.0,0.5,none,True,True
140420,1.0,0.0,0.5,none,True,True
140421,1.0,0.0,0.5,none,True,True
140422,1.0,0.0,0.5,none,True,True
140423,1.0,0.0,0.5,none,True,True
140424,1.0,0.0,0.5,none,True,True
140425,1.0,0.0,0.5,none,True,True
140426,1.0,0.0,0.5,none,True,True
140427,1.0,0.0,0.5,none,True,True
140428,1.0,0.0,0.5,none,True,True
140429,1.0,0.0,0.5,none,True,True
140430,1.0,0.0,0.5,none,True,True
140431,1.0,0.0,0.5,none,True,True
140432,1.0,0.0,0.5,none,True,True
140433,1.0,0.0,0.5,none,True,True
140434,1.0,0.0,0.5,none,True,True
140435,1.0,0.0,0.5,none,True,True
140436,1.0,0.0,0.5,none,True,True
140437,1.0,0.0,0.5,none,True,True
140438,1.0,0.0,0.5,none,True,True
140439,1.0,0.0,0.5,none,True,True
140440,1.0,0.0,0.5,none,True,True
140441,1.0,0.0,0.5,none,True,True
140442,1.0,0.0,0.5,none,True,True
140443,1.0,0.0,0.5,none,True,True
140444,1.0,0.0,0.5,none,True,True
140445,1.0,0.0,0.5,none,True,True
140446,1.0,0.0,0.5,none,True,True
140447,1.0,0.0,0.5,none,True,True
140448,1.0,0.0,0.5,none,True,True
140449,1.0,0.0,0.5,none,True,True
140450,1.0,0.0,0.5,none,True,True
140451,1.0,0.0,0.5,none,True,True
140452,1.0,0.0,0.5,none,True,True
140453,1.0,0.0,0.5,none,True,True
140454,1.0,0.0,0.5,none,True,True
140455,1.0,0.0,0.5,none,True,True
140456,1.0,0.0,0.5,none,True,True
140457,1.0,0.0,0.5,none,True,True
140458,1.0,0.0,0.5,none,True,True
140459,1.0,0.0,0.5,none,True,True
140460,1.0,0.0,0.5,none,True,True
140461,1.0,0.0,0.5,none,True,True
140462,1.0,0.0,0.5,none,True,True
140463,1.0,0.0,0.5,none,True,True
140464,1.0,0.0,0.5,none,True,True
140465,1.0,0.0,0.5,none,True,True
140466,1.0,0.0,0.5,none,True,True
140467,1.0,0.0,0.5,none,True,True
140468,1.0,0.0,0.5,none,True,True
140469,1.0,0.0,0.5,none,True,True
140470,1.0,0.0,0.5,none,True,True
140471,1.0,0.0,0.5,none,True,True
140472,1.0,0.0,0.5,none,True,True
140473,1.0,0.0,0.5,none,True,True
140474,1.0,0.0,0.5,none,True,True
140475,1.0,0.0,0.5,none,True,True
140476,1.0,0.0,0.5,none,True,True
140477,1.0,0.0,0.5,none,True,True
140478,1.0,0.0,0.5,none,True,True
140479,1.0,0.0,0.5,none,True,True
140480,1.0,0.0,0.5,none,True,True
140481,1.0,0.0,0.5,none,True,True
140482,1.0,0.0,0.5,none,True,True
140483,1.0,0.0,0.5,none,True,True
140484,1.0,0.0,0.5,none,True,True
140485,1.0,0.0,0.5,none,True,True
140486,1.0,0.0,0.5,none,True,True
140487,1.0,0.0,0.5,none,True,True
140488,1.0,0.0,0.5,none,True,True
140489,1.0,0.0,0.5,none,True,True
140490,1.0,0.0,0.5,none,True,True
140491,1.0,0.0,0.5,none,True,True
140492,1.0,0.0,0.5,none,True,True
140493,1.0,0.0,0.5,none,True,True
140494,1.0,0.0,0.5,none,True,True
140495,1.0,0.0,0.5,none,True,True
140496,1.0,0.0,0.5,none,True,True
140497,1.0,0.0,0.5,none,True,True
140498,1.0,0.0,0.5,none,True,True
140499,1.0,0.0,0.5,none,True,True
140500,1.0,0.0,0.5,none,True,True
140501,1.0,0.0,0.5,none,True,True
140502,1.0,0.0,0.5,none,True,True
140503,1.0,0.0,0.5,none,True,True
140504,1.0,0.0,0.5,none,True,True
140505,1.0,0.0,0.5,none,True,True
140506,1.0,0.0,0.5,none,True,True
140507,1.0,0.0,0.5,none,True,True
140508,1.0,0.0,0.5,none,True,True
140509,1.0,0.0,0.5,none,True,True
140510,1.0,0.0,0.5,none,True,True
140511,1.0,0.0,0.5,none,True,True
140512,1.0,0.0,0.5,none,True,True
140513,1.0,0.0,0.5,none,True,True
140514,1.0,0.0,0.5,none,True,True
140515,1.0,0.0,0.5,none,True,True
140516,1.0,0.0,0.5,none,True,True
140517,1.0,0.0,0.5,none,True,True
140518,1.0,0.0,0.5,none,True,True
140519,1.0,0.0,0.5,none,True,True
140520,1.0,0.0,0.5,none,True,True
140521,1.0,0.0,0.5,none,True,True
140522,1.0,0.0,0.5,none,True,True
140523,1.0,0.0,0.5,none,True,True
140524,1.0,0.0,0.5,none,True,True
140525,1.0,0.0,0.5,none,True,True
140526,1.0,0.0,0.5,none,True,True
140527,1.0,0.0,0.5,none,True,True
140528,1.0,0.0,0.5,none,True,True
140529,1.0,0.0,0.5,none,True,True
140530,1.0,0.0,0.5,none,True,True
140531,1.0,0.0,0.5,none,True,True
140532,1.0,0.0,0.5,none,True,True
140533,1.0,0.0,0.5,none,True,True
140534,1.0,0.0,0.5,none,True,True
140535,1.0,0.0,0.5,none,True,True
140536,1.0,0.0,0.5,none,True,True
140537,1.0,0.0,0.5,none,True,True
140538,1.0,0.0,0.5,none,True,True
140539,1.0,0.0,0.5,none,True,True
140540,1.0,0.0,0.5,none,True,True
140541,1.0,0.0,0.5,none,True,True
140542,1.0,0.0,0.5,none,True,True
140543,1.0,0.0,0.5,none,True,True
140544,1.0,0.0,0.5,none,True,True
140545,1.0,0.0,0.5,none,True,True
140546,1.0,0.0,0.5,none,True,True
140547,1.0,0.0,0.5,none,True,True
140548,1.0,0.0,0.5,none,True,True
140549,1.0,0.0,0.5,none,True,True
140550,1.0,0.0,0.5,none,True,True
140551,1.0,0.0,0.5,none,True,True
140552,1.0,0.0,0.5,none,True,True
140553,1.0,0.0,0.5,none,True,True
140554,1.0,0.0,0.5,none,True,True
140555,1.0,0.0,0.5,none,True,True
140556,1.0,0.0,0.5,none,True,True
140557,1.0,0.0,0.5,none,True,True
140558,1.0,0.0,0.5,none,True,True
140559,1.0,0.0,0.5,none,True,True
140560,1.0,0.0,0.5,none,True,True
140561,1.0,0.0,0.5,none,True,True
140562,1.0,0.0,0.5,none,True,True
140563,1.0,0.0,0.5,none,True,True
140564,1.0,0.0,0.5,none,True,True
140565,1.0,0.0,0.5,none,True,True
140566,1.0,0.0,0.5,none,True,True
140567,1.0,0.0,0.5,none,True,True
140568,1.0,0.0,0.5,none,True,True
140569,1.0,0.0,0.5,none,True,True
140570,1.0,0.0,0.5,none,True,True
140571,1.0,0.0,0.5,none,True,True
140572,1.0,0.0,0.5,none,True,True
140573,1.0,0.0,0.5,none,True,True
140574,1.0,0.0,0.5,none,True,True
140575,1.0,0.0,0.5,none,True,True
140576,1.0,0.0,0.5,none,True,True
140577,1.0,0.0,0.5,none,True,True
140578,1.0,0.0,0.5,none,True,True
140579,1.0,0.0,0.5,none,True,True
140580,1.0,0.0,0.5,none,True,True
140581,1.0,0.0,0.5,none,True,True
140582,1.0,0.0,0.5,none,True,True
140583,1.0,0.0,0.5,none,True,True
140584,1.0,0.0,0.5,none,True,True
140585,1.0,0.0,0.5,none,True,True
140586,1.0,0.0,0.5,none,True,True
140587,1.0,0.0,0.5,none,True,True
140588,1.0,0.0,0.5,none,True,True
140589,1.0,0.0,0.5,none,True,True
140590,1.0,0.0,0.5,none,True,True
140591,1.0,0.0,0.5,none,True,True
140592,1.0,0.0,0.5,none,True,True
140593,1.0,0.0,0.5,none,True,True
140594,1.0,0.0,0.5,none,True,True
140595,1.0,0.0,0.5,none,True,True
140596,1.0,0.0,0.5,none,True,True
140597,1.0,0.0,0.5,none,True,True
140598,1.0,0.0,0.5,none,True,True
140599,1.0,0.0,0.5,none,True,True
140600,1.0,0.0,0.5,none,True,True
140601,1.0,0.0,0.5,none,True,True
140602,1.0,0.0,0.5,none,True,True
140603,1.0,0.0,0.5,none,True,True
140604,1.0,0.0,0.5,none,True,True
140605,1.0,0.0,0.5,none,True,True
140606,1.0,0.0,0.5,none,True,True
140607,1.0,0.0,0.5,none,True,True
140608,1.0,0.0,0.5,none,True,True
140609,1.0,0.0,0.5,none,True,True
140610,1.0,0.0,0.5,none,True,True
140611,1.0,0.0,0.5,none,True,True
140612,1.0,0.0,0.5,none,True,True
140613,1.0,0.0,0.5,none,True,True
140614,1.0,0.0,0.5,none,True,True
140615,1.0,0.0,0.5,none,True,True
140616,1.0,0.0,0.5,none,True,True
140617,1.0,0.0,0.5,none,True,True
140618,1.0,0.0,0.5,none,True,True
140619,1.0,0.0,0.5,none,True,True
140620,1.0,0.0,0.5,none,True,True
140621,1.0,0.0,0.5,none,True,True
140622,1.0,0.0,0.5,none,True,True
140623,1.0,0.0,0.5,none,True,True
140624,1.0,0.0,0.5,none,True,True
140625,1.0,0.0,0.5,none,True,True
140626,1.0,0.0,0.5,none,True,True
140627,1.0,0.0,0.5,none,True,True
140628,1.0,0.0,0.5,none,True,True
140629,1.0,0.0,0.5,none,True,True
140630,1.0,0.0,0.5,none,True,True
140631,1.0,0.0,0.5,none,True,True
140632,1.0,0.0,0.5,none,True,True
140633,1.0,0.0,0.5,none,True,True
140634,1.0,0.0,0.5,none,True,True
140635,1.0,0.0,0.5,none,True,True
140636,1.0,0.0,0.5,none,True,True
140637,1.0,0.0,0.5,none,True,True
140638,1.0,0.0,0.5,none,True,True
140639,1.0,0.0,0.5,none,True,True
140640,1.0,0.0,0.5,none,True,True
140641,1.0,0.0,0.5,none,True,True
140642,1.0,0.0,0.5,none,True,True
140643,1.0,0.0,0.5,none,True,True
140644,1.0,0.0,0.5,none,True,True
140645,1.0,0.0,0.5,none,True,True
140646,1.0,0.0,0.5,none,True,True
140647,1.0,0.0,0.5,none,True,True
140648,1.0,0.0,0.5,none,True,True
140649,1.0,0.0,0.5,none,True,True
140650,1.0,0.0,0.5,none,True,True
140651,1.0,0.0,0.5,none,True,True
140652,1.0,0.0,0.5,none,True,True
140653,1.0,0.0,0.5,none,True,True
140654,1.0,0.0,0.5,none,True,True
140655,1.0,0.0,0.5,none,True,True
140656,1.0,0.0,0.5,none,True,True
140657,1.0,0.0,0.5,none,True,True
140658,1.0,0.0,0.5,none,True,True
140659,1.0,0.0,0.5,none,True,True
140660,1.0,0.0,0.5,none,True,True
140661,1.0,0.0,0.5,none,True,True
140662,1.0,0.0,0.5,none,True,True
140663,1.0,0.0,0.5,none,True,True
140664,1.0,0.0,0.5,none,True,True
140665,1.0,0.0,0.5,none,True,True
140666,1.0,0.0,0.5,none,True,True
140667,1.0,0.0,0.5,none,True,True
140668,1.0,0.0,0.5,none,True,True
140669,1.0,0.0,0.5,none,True,True
140670,1.0,0.0,0.5,none,True,True
140671,1.0,0.0,0.5,none,True,True
140672,1.0,0.0,0.5,none,True,True
140673,1.0,0.0,0.5,none,True,True
140674,1.0,0.0,0.5,none,True,True
140675,1.0,0.0,0.5,none,True,True
140676,1.0,0.0,0.5,none,True,True
140677,1.0,0.0,0.5,none,True,True
140678,1.0,0.0,0.5,none,True,True
140679,1.0,0.0,0.5,none,True,True
140680,1.0,0.0,0.5,none,True,True
140681,1.0,0.0,0.5,none,True,True
140682,1.0,0.0,0.5,none,True,True
140683,1.0,0.0,0.5,none,True,True
140684,1.0,0.0,0.5,none,True,True
140685,1.0,0.0,0.5,none,True,True
140686,1.0,0.0,0.5,none,True,True
140687,1.0,0.0,0.5,none,True,True
140688,1.0,0.0,0.5,none,True,True
140689,1.0,0.0,0.5,none,True,True
140690,1.0,0.0,0.5,none,True,True
140691,1.0,0.0,0.5,none,True,True
140692,1.0,0.0,0.5,none,True,True
140693,1.0,0.0,0.5,none,True,True
140694,1.0,0.0,0.5,none,True,True
140695,1.0,0.0,0.5,none,True,True
140696,1.0,0.0,0.5,none,True,True
140697,1.0,0.0,0.5,none,True,True
140698,1.0,0.0,0.5,none,True,True
140699,1.0,0.0,0.5,none,True,True
140700,1.0,0.0061,0.5,none,True,True
140701,1.0,0.0357,0.5,none,True,True
140702,1.0,0.0812,0.5,none,True,True
140703,1.0,0.1113,0.5,none,True,True
140704,1.0,0.1253,0.5,none,True,True
140705,1.0,0.1408,0.5,none,True,True
140706,1.0,0.0907,0.5,none,True,True
140707,1.0,0.1198,0.5,none,True,True
140708,1.0,0.0467,0.5,none,True,True
140709,1.0,0.0522,0.5,none,True,True
140710,1.0,0.0405,0.5,none,True,True
140711,1.0,0.0313,0.5,none,True,True
140712,1.0,0.0083,0.5,none,True,True
140713,1.0,0.0726,0.5,none,True,True
140714,1.0,0.0793,0.5,none,True,True
140715,1.0,0.0581,0.5,none,True,True
140716,1.0,0.0955,0.5,none,True,True
140717,1.0,0.0839,0.5,none,True,True
140718,1.0,0.0648,0.5,none,True,True
140719,1.0,0.0718,0.5,none,True,True
140720,1.0,0.0589,0.5,none,True,True
140721,1.0,0.0403,0.5,none,True,True
140722,1.0,0.0327,0.5,none,True,True
140723,1.0,0.0277,0.5,none,True,True
140724,1.0,0.017,0.5,none,True,True
140725,1.0,0.0102,0.5,none,True,True
140726,1.0,0.0099,0.5,none,True,True
140727,1.0,0.008,0.5,none,True,True
140728,1.0,0.005,0.5,none,True,True
140729,1.0,0.0063,0.5,none,True,True
140730,1.0,0.009,0.5,none,True,True
140731,1.0,0.0096,0.5,none,True,True
140732,1.0,0.0108,0.5,none,True,True
140733,1.0,0.014,0.5,none,True,True
140734,1.0,0.0161,0.5,none,True,True
140735,1.0,0.0167,0.5,none,True,True
140736,1.0,0.0182,0.5,none,True,True
140737,1.0,0.0196,0.5,none,True,True
140738,1.0,0.0197,0.5,none,True,True
140739,1.0,0.0193,0.5,none,True,True
140740,1.0,0.0193,0.5,none,True,True
140741,1.0,0.0187,0.5,none,True,True
140742,1.0,0.0174,0.5,none,True,True
140743,1.0,0.0163,0.5,none,True,True
140744,1.0,0.0152,0.5,none,True,True
140745,1.0,0.0138,0.5,none,True,True
140746,1.0,0.0123,0.5,none,True,True
140747,1.0,0.0111,0.5,none,True,True
140748,1.0,0.01,0.5,none,True,True
140749,1.0,0.0088,0.5,none,True,True
140750,1.0,0.0078,0.5,none,True,True
140751,1.0,0.0071,0.5,none,True,True
140752,1.0,0.0064,0.5,none,True,True
140753,1.0,0.0057,0.5,none,True,True
140754,1.0,0.0053,0.5,none,True,True
140755,1.0,0.005,0.5,none,True,True
140756,1.0,0.0047,0.5,none,True,True
140757,1.0,0.0045,0.5,none,True,True
140758,1.0,0.0044,0.5,none,True,True
140759,1.0,0.0043,0.5,none,True,True
140760,1.0,0.0042,0.5,none,True,True
140761,1.0,0.0041,0.5,none,True,True
140762,1.0,0.004,0.5,none,True,True
140763,1.0,0.0039,0.5,none,True,True
140764,1.0,0.0038,0.5,none,True,True
140765,1.0,0.0037,0.5,none,True,True
140766,1.0,0.0035,0.5,none,True,True
140767,1.0,0.0033,0.5,none,True,True
140768,1.0,0.0032,0.5,none,True,True
140769,1.0,0.003,0.5,none,True,True
140770,1.0,0.0028,0.5,none,True,True
140771,1.0,0.0026,0.5,none,True,True
140772,1.0,0.0024,0.5,none,True,True
140773,1.0,0.0023,0.5,none,True,True
140774,1.0,0.0021,0.5,none,True,True
140775,1.0,0.0019,0.5,none,True,True
140776,1.0,0.0018,0.5,none,True,True
140777,1.0,0.0017,0.5,none,True,True
140778,1.0,0.0015,0.5,none,True,True
140779,1.0,0.0014,0.5,none,True,True
140780,1.0,0.0013,0.5,none,True,True
140781,1.0,0.0013,0.5,none,True,True
140782,1.0,0.0012,0.5,none,True,True
140783,1.0,0.0011,0.5,none,True,True
140784,1.0,0.0011,0.5,none,True,True
140785,1.0,0.001,0.5,none,True,True
140786,1.0,0.001,0.5,none,True,True
140787,1.0,0.0009,0.5,none,True,True
140788,1.0,0.0009,0.5,none,True,True
140789,1.0,0.0008,0.5,none,True,True
140790,1.0,0.0008,0.5,none,True,True
140791,1.0,0.0008,0.5,none,True,True
140792,1.0,0.0007,0.5,none,True,True
140793,1.0,0.0007,0.5,none,True,True
140794,1.0,0.0006,0.5,none,True,True
140795,1.0,0.0006,0.5,none,True,True
140796,1.0,0.0006,0.5,none,True,True
140797,1.0,0.0005,0.5,none,True,True
140798,1.0,0.0005,0.5,none,True,True
140799,1.0,0.0005,0.5,none,True,True
140800,1.0,0.0004,0.5,none,True,True
140801,1.0,0.0004,0.5,none,True,True
140802,1.0,0.0004,0.5,none,True,True
140803,1.0,0.0004,0.5,none,True,True
140804,1.0,0.0003,0.5,none,True,True
140805,1.0,0.0003,0.5,none,True,True
140806,1.0,0.0003,0.5,none,True,True
140807,1.0,0.0003,0.5,none,True,True
140808,1.0,0.0003,0.5,none,True,True
140809,1.0,0.0003,0.5,none,True,True
140810,1.0,0.0002,0.5,none,True,True
140811,1.0,0.0002,0.5,none,True,True
140812,1.0,0.0002,0.5,none,True,True
140813,1.0,0.0002,0.5,none,True,True
140814,1.0,0.0002,0.5,none,True,True
140815,1.0,0.0002,0.5,none,True,True
140816,1.0,0.0002,0.5,none,True,True
140817,1.0,0.0002,0.5,none,True,True
140818,1.0,0.0002,0.5,none,True,True
140819,1.0,0.0001,0.5,none,True,True
140820,1.0,0.0001,0.5,none,True,True
140821,1.0,0.0001,0.5,none,True,True
140822,1.0,0.0001,0.5,none,True,True
140823,1.0,0.0001,0.5,none,True,True
140824,1.0,0.0001,0.5,none,True,True
140825,1.0,0.0001,0.5,none,True,True
140826,1.0,0.0001,0.5,none,True,True
140827,1.0,0.0001,0.5,none,True,True
140828,1.0,0.0001,0.5,none,True,True
140829,1.0,0.0001,0.5,none,True,True
140830,1.0,0.0001,0.5,none,True,True
140831,1.0,0.0001,0.5,none,True,True
140832,1.0,0.0001,0.5,none,True,True
140833,1.0,0.0001,0.5,none,True,True
140834,1.0,0.0001,0.5,none,True,True
140835,1.0,0.0001,0.5,none,True,True
140836,1.0,0.0001,0.5,none,True,True
140837,1.0,0.0,0.5,none,True,True
140838,1.0,0.0,0.5,none,True,True
140839,1.0,0.0,0.5,none,True,True
140840,1.0,0.0,0.5,none,True,True
140841,1.0,0.0,0.5,none,True,True
140842,1.0,0.0,0.5,none,True,True
140843,1.0,0.0,0.5,none,True,True
140844,1.0,0.0,0.5,none,True,True
140845,1.0,0.0,0.5,none,True,True
140846,1.0,0.0,0.5,none,True,True
140847,1.0,0.0,0.5,none,True,True
140848,1.0,0.0,0.5,none,True,True
140849,1.0,0.0,0.5,none,True,True
140850,1.0,0.0,0.5,none,True,True
140851,1.0,0.0,0.5,none,True,True
140852,1.0,0.0,0.5,none,True,True
140853,1.0,0.0,0.5,none,True,True
140854,1.0,0.0,0.5,none,True,True
140855,1.0,0.0,0.5,none,True,True
140856,1.0,0.0,0.5,none,True,True
140857,1.0,0.0,0.5,none,True,True
140858,1.0,0.0,0.5,none,True,True
140859,1.0,0.0,0.5,none,True,True
140860,1.0,0.0,0.5,none,True,True
140861,1.0,0.0,0.5,none,True,True
140862,1.0,0.0,0.5,none,True,True
140863,1.0,0.0,0.5,none,True,True
140864,1.0,0.0,0.5,none,True,True
140865,1.0,0.0,0.5,none,True,True
140866,1.0,0.0,0.5,none,True,True
140867,1.0,0.0,0.5,none,True,True
140868,1.0,0.0,0.5,none,True,True
140869,1.0,0.0,0.5,none,True,True
140870,1.0,0.0,0.5,none,True,True
140871,1.0,0.0,0.5,none,True,True
140872,1.0,0.0,0.5,none,True,True
140873,1.0,0.0,0.5,none,True,True
140874,1.0,0.0,0.5,none,True,True
140875,1.0,0.0,0.5,none,True,True
140876,1.0,0.0,0.5,none,True,True
140877,1.0,0.0,0.5,none,True,True
140878,1.0,0.0,0.5,none,True,True
140879,1.0,0.0,0.5,none,True,True
140880,1.0,0.0,0.5,none,True,True
140881,1.0,0.0,0.5,none,True,True
140882,1.0,0.0,0.5,none,True,True
140883,1.0,0.0,0.5,none,True,True
140884,1.0,0.0,0.5,none,True,True
140885,1.0,0.0,0.5,none,True,True
140886,1.0,0.0,0.5,none,True,True
140887,1.0,0.0,0.5,none,True,True
140888,1.0,0.0,0.5,none,True,True
140889,1.0,0.0,0.5,none,True,True
140890,1.0,0.0,0.5,none,True,True
140891,1.0,0.0,0.5,none,True,True
140892,1.0,0.0,0.5,none,True,True
140893,1.0,0.0,0.5,none,True,True
140894,1.0,0.0,0.5,none,True,True
140895,1.0,0.0,0.5,none,True,True
140896,1.0,0.0,0.5,none,True,True
140897,1.0,0.0,0.5,none,True,True
140898,1.0,0.0,0.5,none,True,True
140899,1.0,0.0,0.5,none,True,True
140900,1.0,0.0,0.5,none,True,True
140901,1.0,0.0,0.5,none,True,True
140902,1.0,0.0,0.5,none,True,True
140903,1.0,0.0,0.5,none,True,True
140904,1.0,0.0,0.5,none,True,True
140905,1.0,0.0,0.5,none,True,True
140906,1.0,0.0,0.5,none,True,True
140907,1.0,0.0,0.5,none,True,True
140908,1.0,0.0,0.5,none,True,True
140909,1.0,0.0,0.5,none,True,True
140910,1.0,0.0,0.5,none,True,True
140911,1.0,0.0,0.5,none,True,True
140912,1.0,0.0,0.5,none,True,True
140913,1.0,0.0,0.5,none,True,True
140914,1.0,0.0,0.5,none,True,True
140915,1.0,0.0,0.5,none,True,True
140916,1.0,0.0,0.5,none,True,True
140917,1.0,0.0,0.5,none,True,True
140918,1.0,0.0,0.5,none,True,True
140919,1.0,0.0,0.5,none,True,True
140920,1.0,0.0,0.5,none,True,True
140921,1.0,0.0,0.5,none,True,True
140922,1.0,0.0,0.5,none,True,True
140923,1.0,0.0,0.5,none,True,True
140924,1.0,0.0,0.5,none,True,True
140925,1.0,0.0,0.5,none,True,True
140926,1.0,0.0,0.5,none,True,True
140927,1.0,0.0,0.5,none,True,True
140928,1.0,0.0,0.5,none,True,True
140929,1.0,0.0,0.5,none,True,True
140930,1.0,0.0,0.5,none,True,True
140931,1.0,0.0,0.5,none,True,True
140932,1.0,0.0,0.5,none,True,True
140933,1.0,0.0,0.5,none,True,True
140934,1.0,0.0,0.5,none,True,True
140935,1.0,0.0,0.5,none,True,True
140936,1.0,0.0,0.5,none,True,True
140937,1.0,0.0,0.5,none,True,True
140938,1.0,0.0,0.5,none,True,True
140939,1.0,0.0,0.5,none,True,True
140940,1.0,0.0,0.5,none,True,True
140941,1.0,0.0,0.5,none,True,True
140942,1.0,0.0,0.5,none,True,True
140943,1.0,0.0,0.5,none,True,True
140944,1.0,0.0,0.5,none,True,True
140945,1.0,0.0,0.5,none,True,True
140946,1.0,0.0,0.5,none,True,True
140947,1.0,0.0,0.5,none,True,True
140948,1.0,0.0,0.5,none,True,True
140949,1.0,0.0,0.5,none,True,True
140950,1.0,0.0,0.5,none,True,True
140951,1.0,0.0,0.5,none,True,True
140952,1.0,0.0,0.5,none,True,True
140953,1.0,0.0,0.5,none,True,True
140954,1.0,0.0,0.5,none,True,True
140955,1.0,0.0,0.5,none,True,True
140956,1.0,0.0,0.5,none,True,True
140957,1.0,0.0,0.5,none,True,True
140958,1.0,0.0,0.5,none,True,True
140959,1.0,0.0,0.5,none,True,True
140960,1.0,0.0,0.5,none,True,True
140961,1.0,0.0,0.5,none,True,True
140962,1.0,0.0,0.5,none,True,True
140963,1.0,0.0,0.5,none,True,True
140964,1.0,0.0,0.5,none,True,True
140965,1.0,0.0,0.5,none,True,True
140966,1.0,0.0,0.5,none,True,True
140967,1.0,0.0,0.5,none,True,True
140968,1.0,0.0,0.5,none,True,True
140969,1.0,0.0,0.5,none,True,True
140970,1.0,0.0,0.5,none,True,True
140971,1.0,0.0,0.5,none,True,True
140972,1.0,0.0,0.5,none,True,True
140973,1.0,0.0,0.5,none,True,True
140974,1.0,0.0,0.5,none,True,True
140975,1.0,0.0,0.5,none,True,True
140976,1.0,0.0,0.5,none,True,True
140977,1.0,0.0,0.5,none,True,True
140978,1.0,0.0,0.5,none,True,True
140979,1.0,0.0,0.5,none,True,True
140980,1.0,0.0,0.5,none,True,True
140981,1.0,0.0,0.5,none,True,True
140982,1.0,0.0,0.5,none,True,True
140983,1.0,0.0,0.5,none,True,True
140984,1.0,0.0,0.5,none,True,True
140985,1.0,0.0,0.5,none,True,True
140986,1.0,0.0,0.5,none,True,True
140987,1.0,0.0,0.5,none,True,True
140988,1.0,0.0,0.5,none,True,True
140989,1.0,0.0,0.5,none,True,True
140990,1.0,0.0,0.5,none,True,True
140991,1.0,0.0,0.5,none,True,True
140992,1.0,0.0,0.5,none,True,True
140993,1.0,0.0,0.5,none,True,True
140994,1.0,0.0,0.5,none,True,True
140995,1.0,0.0,0.5,none,True,True
140996,1.0,0.0,0.5,none,True,True
140997,1.0,0.0,0.5,none,True,True
140998,1.0,0.0,0.5,none,True,True
140999,1.0,0.0,0.5,none,True,True
141000,1.0,0.0,0.5,none,True,True
141001,1.0,0.0,0.5,none,True,True
141002,1.0,0.0,0.5,none,True,True
141003,1.0,0.0,0.5,none,True,True
141004,1.0,0.0,0.5,none,True,True
141005,1.0,0.0,0.5,none,True,True
141006,1.0,0.0,0.5,none,True,True
141007,1.0,0.0,0.5,none,True,True
141008,1.0,0.0,0.5,none,True,True
141009,1.0,0.0,0.5,none,True,True
141010,1.0,0.0,0.5,none,True,True
141011,1.0,0.0,0.5,none,True,True
141012,1.0,0.0,0.5,none,True,True
141013,1.0,0.0,0.5,none,True,True
141014,1.0,0.0,0.5,none,True,True
141015,1.0,0.0,0.5,none,True,True
141016,1.0,0.0,0.5,none,True,True
141017,1.0,0.0,0.5,none,True,True
141018,1.0,0.0,0.5,none,True,True
141019,1.0,0.0,0.5,none,True,True
141020,1.0,0.0,0.5,none,True,True
141021,1.0,0.0,0.5,none,True,True
141022,1.0,0.0,0.5,none,True,True
141023,1.0,0.0,0.5,none,True,True
141024,1.0,0.0,0.5,none,True,True
141025,1.0,0.0,0.5,none,True,True
141026,1.0,0.0,0.5,none,True,True
141027,1.0,0.0,0.5,none,True,True
141028,1.0,0.0,0.5,none,True,True
141029,1.0,0.0,0.5,none,True,True
141030,1.0,0.0,0.5,none,True,True
141031,1.0,0.0,0.5,none,True,True
141032,1.0,0.0,0.5,none,True,True
141033,1.0,0.0,0.5,none,True,True
141034,1.0,0.0,0.5,none,True,True
141035,1.0,0.0,0.5,none,True,True
141036,1.0,0.0,0.5,none,True,True
141037,1.0,0.0,0.5,none,True,True
141038,1.0,0.0,0.5,none,True,True
141039,1.0,0.0,0.5,none,True,True
141040,1.0,0.0,0.5,none,True,True
141041,1.0,0.0,0.5,none,True,True
141042,1.0,0.0,0.5,none,True,True
141043,1.0,0.0,0.5,none,True,True
141044,1.0,0.0,0.5,none,True,True
141045,1.0,0.0,0.5,none,True,True
141046,1.0,0.0,0.5,none,True,True
141047,1.0,0.0,0.5,none,True,True
141048,1.0,0.0,0.5,none,True,True
141049,1.0,0.0,0.5,none,True,True
141050,1.0,0.0,0.5,none,True,True
141051,1.0,0.0,0.5,none,True,True
141052,1.0,0.0,0.5,none,True,True
141053,1.0,0.0,0.5,none,True,True
141054,1.0,0.0,0.5,none,True,True
141055,1.0,0.0,0.5,none,True,True
141056,1.0,0.0,0.5,none,True,True
141057,1.0,0.0,0.5,none,True,True
141058,1.0,0.0,0.5,none,True,True
141059,1.0,0.0,0.5,none,True,True
141060,1.0,0.0,0.5,none,True,True
141061,1.0,0.0,0.5,none,True,True
141062,1.0,0.0,0.5,none,True,True
141063,1.0,0.0,0.5,none,True,True
141064,1.0,0.0,0.5,none,True,True
141065,1.0,0.0,0.5,none,True,True
141066,1.0,0.0,0.5,none,True,True
141067,1.0,0.0,0.5,none,True,True
141068,1.0,0.0,0.5,none,True,True
141069,1.0,0.0,0.5,none,True,True
141070,1.0,0.0,0.5,none,True,True
141071,1.0,0.0,0.5,none,True,True
141072,1.0,0.0,0.5,none,True,True
141073,1.0,0.0,0.5,none,True,True
141074,1.0,0.0,0.5,none,True,True
141075,1.0,0.0,0.5,none,True,True
141076,1.0,0.0,0.5,none,True,True
141077,1.0,0.0,0.5,none,True,True
141078,1.0,0.0,0.5,none,True,True
141079,1.0,0.0,0.5,none,True,True
141080,1.0,0.0,0.5,none,True,True
141081,1.0,0.0,0.5,none,True,True
141082,1.0,0.0,0.5,none,True,True
141083,1.0,0.0,0.5,none,True,True
141084,1.0,0.0,0.5,none,True,True
141085,1.0,0.0,0.5,none,True,True
141086,1.0,0.0,0.5,none,True,True
141087,1.0,0.0,0.5,none,True,True
141088,1.0,0.0,0.5,none,True,True
141089,1.0,0.0,0.5,none,True,True
141090,1.0,0.0,0.5,none,True,True
141091,1.0,0.0,0.5,none,True,True
141092,1.0,0.0,0.5,none,True,True
141093,1.0,0.0,0.5,none,True,True
141094,1.0,0.0,0.5,none,True,True
141095,1.0,0.0,0.5,none,True,True
141096,1.0,0.0,0.5,none,True,True
141097,1.0,0.0,0.5,none,True,True
141098,1.0,0.0,0.5,none,True,True
141099,1.0,0.0,0.5,none,True,True
141100,1.0,0.0,0.5,none,True,True
141101,1.0,0.0,0.5,none,True,True
141102,1.0,0.0,0.5,none,True,True
141103,1.0,0.0,0.5,none,True,True
141104,1.0,0.0,0.5,none,True,True
141105,1.0,0.0,0.5,none,True,True
141106,1.0,0.0,0.5,none,True,True
141107,1.0,0.0,0.5,none,True,True
141108,1.0,0.0,0.5,none,True,True
141109,1.0,0.0,0.5,none,True,True
141110,1.0,0.0,0.5,none,True,True
141111,1.0,0.0,0.5,none,True,True
141112,1.0,0.0,0.5,none,True,True
141113,1.0,0.0,0.5,none,True,True
141114,1.0,0.0,0.5,none,True,True
141115,1.0,0.0,0.5,none,True,True
141116,1.0,0.0,0.5,none,True,True
141117,1.0,0.0,0.5,none,True,True
141118,1.0,0.0,0.5,none,True,True
141119,1.0,0.0,0.5,none,True,True
141120,1.0,0.0,0.5,none,True,True
141121,1.0,0.0,0.5,none,True,True
141122,1.0,0.0,0.5,none,True,True
141123,1.0,0.0,0.5,none,True,True
141124,1.0,0.0,0.5,none,True,True
141125,1.0,0.0,0.5,none,True,True
141126,1.0,0.0,0.5,none,True,True
141127,1.0,0.0,0.5,none,True,True
141128,1.0,0.0,0.5,none,True,True
141129,1.0,0.0,0.5,none,True,True
141130,1.0,0.0,0.5,none,True,True
141131,1.0,0.0,0.5,none,True,True
141132,1.0,0.0,0.5,none,True,True
141133,1.0,0.0,0.5,none,True,True
141134,1.0,0.0,0.5,none,True,True
141135,1.0,0.0,0.5,none,True,True
141136,1.0,0.0,0.5,none,True,True
141137,1.0,0.0,0.5,none,True,True
141138,1.0,0.0,0.5,none,True,True
141139,1.0,0.0,0.5,none,True,True
141140,1.0,0.0,0.5,none,True,True
141141,1.0,0.0,0.5,none,True,True
141142,1.0,0.0,0.5,none,True,True
141143,1.0,0.0,0.5,none,True,True
141144,1.0,0.0,0.5,none,True,True
141145,1.0,0.0,0.5,none,True,True
141146,1.0,0.0,0.5,none,True,True
141147,1.0,0.0,0.5,none,True,True
141148,1.0,0.0,0.5,none,True,True
141149,1.0,0.0,0.5,none,True,True
141150,1.0,0.0,0.5,none,True,True
141151,1.0,0.0,0.5,none,True,True
141152,1.0,0.0,0.5,none,True,True
141153,1.0,0.0,0.5,none,True,True
141154,1.0,0.0,0.5,none,True,True
141155,1.0,0.0,0.5,none,True,True
141156,1.0,0.0,0.5,none,True,True
141157,1.0,0.0,0.5,none,True,True
141158,1.0,0.0,0.5,none,True,True
141159,1.0,0.0,0.5,none,True,True
141160,1.0,0.0,0.5,none,True,True
141161,1.0,0.0,0.5,none,True,True
141162,1.0,0.0,0.5,none,True,True
141163,1.0,0.0,0.5,none,True,True
141164,1.0,0.0,0.5,none,True,True
141165,1.0,0.0,0.5,none,True,True
141166,1.0,0.0,0.5,none,True,True
141167,1.0,0.0,0.5,none,True,True
141168,1.0,0.0,0.5,none,True,True
141169,1.0,0.0,0.5,none,True,True
141170,1.0,0.0,0.5,none,True,True
141171,1.0,0.0,0.5,none,True,True
141172,1.0,0.0,0.5,none,True,True
141173,1.0,0.0,0.5,none,True,True
141174,1.0,0.0,0.5,none,True,True
141175,1.0,0.0,0.5,none,True,True
141176,1.0,0.0,0.5,none,True,True
141177,1.0,0.0,0.5,none,True,True
141178,1.0,0.0,0.5,none,True,True
141179,1.0,0.0,0.5,none,True,True
141180,1.0,0.0,0.5,none,True,True
141181,1.0,0.0,0.5,none,True,True
141182,1.0,0.0,0.5,none,True,True
141183,1.0,0.0,0.5,none,True,True
141184,1.0,0.0,0.5,none,True,True
141185,1.0,0.0,0.5,none,True,True
141186,1.0,0.0,0.5,none,True,True
141187,1.0,0.0,0.5,none,True,True
141188,1.0,0.0,0.5,none,True,True
141189,1.0,0.0,0.5,none,True,True
141190,1.0,0.0,0.5,none,True,True
141191,1.0,0.0,0.5,none,True,True
141192,1.0,0.0,0.5,none,True,True
141193,1.0,0.0,0.5,none,True,True
141194,1.0,0.0,0.5,none,True,True
141195,1.0,0.0,0.5,none,True,True
141196,1.0,0.0,0.5,none,True,True
141197,1.0,0.0,0.5,none,True,True
141198,1.0,0.0,0.5,none,True,True
141199,1.0,0.0,0.5,none,True,True
141200,1.0,0.0,0.5,none,True,True
141201,1.0,0.0,0.5,none,True,True
141202,1.0,0.0,0.5,none,True,True
141203,1.0,0.0,0.5,none,True,True
141204,1.0,0.0,0.5,none,True,True
141205,1.0,0.0,0.5,none,True,True
141206,1.0,0.0,0.5,none,True,True
141207,1.0,0.0,0.5,none,True,True
141208,1.0,0.0,0.5,none,True,True
141209,1.0,0.0,0.5,none,True,True
141210,1.0,0.0,0.5,none,True,True
141211,1.0,0.0,0.5,none,True,True
141212,1.0,0.0,0.5,none,True,True
141213,1.0,0.0,0.5,none,True,True
141214,1.0,0.0,0.5,none,True,True
141215,1.0,0.0,0.5,none,True,True
141216,1.0,0.0,0.5,none,True,True
141217,1.0,0.0,0.5,none,True,True
141218,1.0,0.0,0.5,none,True,True
141219,1.0,0.0,0.5,none,True,True
141220,1.0,0.0,0.5,none,True,True
141221,1.0,0.0,0.5,none,True,True
141222,1.0,0.0,0.5,none,True,True
141223,1.0,0.0,0.5,none,True,True
141224,1.0,0.0,0.5,none,True,True
141225,1.0,0.0,0.5,none,True,True
141226,1.0,0.0,0.5,none,True,True
141227,1.0,0.0,0.5,none,True,True
141228,1.0,0.0,0.5,none,True,True
141229,1.0,0.0,0.5,none,True,True
141230,1.0,0.0,0.5,none,True,True
141231,1.0,0.0,0.5,none,True,True
141232,1.0,0.0,0.5,none,True,True
141233,1.0,0.0,0.5,none,True,True
141234,1.0,0.0,0.5,none,True,True
141235,1.0,0.0,0.5,none,True,True
141236,1.0,0.0,0.5,none,True,True
141237,1.0,0.0,0.5,none,True,True
141238,1.0,0.0,0.5,none,True,True
141239,1.0,0.0,0.5,none,True,True
141240,1.0,0.0,0.5,none,True,True
141241,1.0,0.0,0.5,none,True,True
141242,1.0,0.0,0.5,none,True,True
141243,1.0,0.0,0.5,none,True,True
141244,1.0,0.0,0.5,none,True,True
141245,1.0,0.0,0.5,none,True,True
141246,1.0,0.0,0.5,none,True,True
141247,1.0,0.0,0.5,none,True,True
141248,1.0,0.0,0.5,none,True,True
141249,1.0,0.0,0.5,none,True,True
141250,1.0,0.0,0.5,none,True,True
141251,1.0,0.0,0.5,none,True,True
141252,1.0,0.0,0.5,none,True,True
141253,1.0,0.0,0.5,none,True,True
141254,1.0,0.0,0.5,none,True,True
141255,1.0,0.0,0.5,none,True,True
141256,1.0,0.0,0.5,none,True,True
141257,1.0,0.0,0.5,none,True,True
141258,1.0,0.0,0.5,none,True,True
141259,1.0,0.0,0.5,none,True,True
141260,1.0,0.0,0.5,none,True,True
141261,1.0,0.0,0.5,none,True,True
141262,1.0,0.0,0.5,none,True,True
141263,1.0,0.0,0.5,none,True,True
141264,1.0,0.0,0.5,none,True,True
141265,1.0,0.0,0.5,none,True,True
141266,1.0,0.0,0.5,none,True,True
141267,1.0,0.0,0.5,none,True,True
141268,1.0,0.0,0.5,none,True,True
141269,1.0,0.0,0.5,none,True,True
141270,1.0,0.0,0.5,none,True,True
141271,1.0,0.0,0.5,none,True,True
141272,1.0,0.0,0.5,none,True,True
141273,1.0,0.0,0.5,none,True,True
141274,1.0,0.0,0.5,none,True,True
141275,1.0,0.0,0.5,none,True,True
141276,1.0,0.0,0.5,none,True,True
141277,1.0,0.0,0.5,none,True,True
141278,1.0,0.0,0.5,none,True,True
141279,1.0,0.0,0.5,none,True,True
141280,1.0,0.0,0.5,none,True,True
141281,1.0,0.0,0.5,none,True,True
141282,1.0,0.0,0.5,none,True,True
141283,1.0,0.0,0.5,none,True,True
141284,1.0,0.0,0.5,none,True,True
141285,1.0,0.0,0.5,none,True,True
141286,1.0,0.0,0.5,none,True,True
141287,1.0,0.0,0.5,none,True,True
141288,1.0,0.0,0.5,none,True,True
141289,1.0,0.0,0.5,none,True,True
141290,1.0,0.0,0.5,none,True,True
141291,1.0,0.0,0.5,none,True,True
141292,1.0,0.0,0.5,none,True,True
141293,1.0,0.0,0.5,none,True,True
141294,1.0,0.0,0.5,none,True,True
141295,1.0,0.0,0.5,none,True,True
141296,1.0,0.0,0.5,none,True,True
141297,1.0,0.0,0.5,none,True,True
141298,1.0,0.0,0.5,none,True,True
141299,1.0,0.0,0.5,none,True,True
141300,1.0,0.0,0.5,none,True,True
141301,1.0,0.0,0.5,none,True,True
141302,1.0,0.0,0.5,none,True,True
141303,1.0,0.0,0.5,none,True,True
141304,1.0,0.0,0.5,none,True,True
141305,1.0,0.0,0.5,none,True,True
141306,1.0,0.0,0.5,none,True,True
141307,1.0,0.0,0.5,none,True,True
141308,1.0,0.0,0.5,none,True,True
141309,1.0,0.0,0.5,none,True,True
141310,1.0,0.0,0.5,none,True,True
141311,1.0,0.0,0.5,none,True,True
141312,1.0,0.0,0.5,none,True,True
141313,1.0,0.0,0.5,none,True,True
141314,1.0,0.0,0.5,none,True,True
141315,1.0,0.0,0.5,none,True,True
141316,1.0,0.0,0.5,none,True,True
141317,1.0,0.0,0.5,none,True,True
141318,1.0,0.0,0.5,none,True,True
141319,1.0,0.0,0.5,none,True,True
141320,1.0,0.0,0.5,none,True,True
141321,1.0,0.0,0.5,none,True,True
141322,1.0,0.0,0.5,none,True,True
141323,1.0,0.0,0.5,none,True,True
141324,1.0,0.0,0.5,none,True,True
141325,1.0,0.0,0.5,none,True,True
141326,1.0,0.0,0.5,none,True,True
141327,1.0,0.0,0.5,none,True,True
141328,1.0,0.0,0.5,none,True,True
141329,1.0,0.0,0.5,none,True,True
141330,1.0,0.0,0.5,none,True,True
141331,1.0,0.0,0.5,none,True,True
141332,1.0,0.0,0.5,none,True,True
141333,1.0,0.0,0.5,none,True,True
141334,1.0,0.0,0.5,none,True,True
141335,1.0,0.0,0.5,none,True,True
141336,1.0,0.0,0.5,none,True,True
141337,1.0,0.0,0.5,none,True,True
141338,1.0,0.0,0.5,none,True,True
141339,1.0,0.0,0.5,none,True,True
141340,1.0,0.0,0.5,none,True,True
141341,1.0,0.0,0.5,none,True,True
141342,1.0,0.0,0.5,none,True,True
141343,1.0,0.0,0.5,none,True,True
141344,1.0,0.0,0.5,none,True,True
141345,1.0,0.0,0.5,none,True,True
141346,1.0,0.0,0.5,none,True,True
141347,1.0,0.0,0.5,none,True,True
141348,1.0,0.0,0.5,none,True,True
141349,1.0,0.0,0.5,none,True,True
141350,1.0,0.0,0.5,none,True,True
141351,1.0,0.0,0.5,none,True,True
141352,1.0,0.0,0.5,none,True,True
141353,1.0,0.0,0.5,none,True,True
141354,1.0,0.0,0.5,none,True,True
141355,1.0,0.0,0.5,none,True,True
141356,1.0,0.0,0.5,none,True,True
141357,1.0,0.0,0.5,none,True,True
141358,1.0,0.0,0.5,none,True,True
141359,1.0,0.0,0.5,none,True,True
141360,1.0,0.0,0.5,none,True,True
141361,1.0,0.0,0.5,none,True,True
141362,1.0,0.0,0.5,none,True,True
141363,1.0,0.0,0.5,none,True,True
141364,1.0,0.0,0.5,none,True,True
141365,1.0,0.0,0.5,none,True,True
141366,1.0,0.0,0.5,none,True,True
141367,1.0,0.0,0.5,none,True,True
141368,1.0,0.0,0.5,none,True,True
141369,1.0,0.0,0.5,none,True,True
141370,1.0,0.0,0.5,none,True,True
141371,1.0,0.0,0.5,none,True,True
141372,1.0,0.0,0.5,none,True,True
141373,1.0,0.0,0.5,none,True,True
141374,1.0,0.0,0.5,none,True,True
141375,1.0,0.0,0.5,none,True,True
141376,1.0,0.0,0.5,none,True,True
141377,1.0,0.0,0.5,none,True,True
141378,1.0,0.0,0.5,none,True,True
141379,1.0,0.0,0.5,none,True,True
141380,1.0,0.0,0.5,none,True,True
141381,1.0,0.0,0.5,none,True,True
141382,1.0,0.0,0.5,none,True,True
141383,1.0,0.0,0.5,none,True,True
141384,1.0,0.0,0.5,none,True,True
141385,1.0,0.0,0.5,none,True,True
141386,1.0,0.0,0.5,none,True,True
141387,1.0,0.0,0.5,none,True,True
141388,1.0,0.0,0.5,none,True,True
141389,1.0,0.0,0.5,none,True,True
141390,1.0,0.0,0.5,none,True,True
141391,1.0,0.0,0.5,none,True,True
141392,1.0,0.0,0.5,none,True,True
141393,1.0,0.0,0.5,none,True,True
141394,1.0,0.0,0.5,none,True,True
141395,1.0,0.0,0.5,none,True,True
141396,1.0,0.0,0.5,none,True,True
141397,1.0,0.0,0.5,none,True,True
141398,1.0,0.0,0.5,none,True,True
141399,1.0,0.0,0.5,none,True,True
141400,1.0,0.0061,0.5,none,True,True
141401,1.0,0.0357,0.5,none,True,True
141402,1.0,0.0812,0.5,none,True,True
141403,1.0,0.1113,0.5,none,True,True
141404,1.0,0.1253,0.5,none,True,True
141405,1.0,0.1408,0.5,none,True,True
141406,1.0,0.0907,0.5,none,True,True
141407,1.0,0.1198,0.5,none,True,True
141408,1.0,0.0467,0.5,none,True,True
141409,1.0,0.0522,0.5,none,True,True
141410,1.0,0.0405,0.5,none,True,True
141411,1.0,0.0313,0.5,none,True,True
141412,1.0,0.0083,0.5,none,True,True
141413,1.0,0.0726,0.5,none,True,True
141414,1.0,0.0793,0.5,none,True,True
141415,1.0,0.0581,0.5,none,True,True
141416,1.0,0.0955,0.5,none,True,True
141417,1.0,0.0839,0.5,none,True,True
141418,1.0,0.0648,0.5,none,True,True
141419,1.0,0.0718,0.5,none,True,True
141420,1.0,0.0589,0.5,none,True,True
141421,1.0,0.0403,0.5,none,True,True
141422,1.0,0.0327,0.5,none,True,True
141423,1.0,0.0277,0.5,none,True,True
141424,1.0,0.017,0.5,none,True,True
141425,1.0,0.0102,0.5,none,True,True
141426,1.0,0.0099,0.5,none,True,True
141427,1.0,0.008,0.5,none,True,True
141428,1.0,0.005,0.5,none,True,True
141429,1.0,0.0063,0.5,none,True,True
141430,1.0,0.009,0.5,none,True,True
141431,1.0,0.0096,0.5,none,True,True
141432,1.0,0.0108,0.5,none,True,True
141433,1.0,0.014,0.5,none,True,True
141434,1.0,0.0161,0.5,none,True,True
141435,1.0,0.0167,0.5,none,True,True
141436,1.0,0.0182,0.5,none,True,True
141437,1.0,0.0196,0.5,none,True,True
141438,1.0,0.0197,0.5,none,True,True
141439,1.0,0.0193,0.5,none,True,True
141440,1.0,0.0193,0.5,none,True,True
141441,1.0,0.0187,0.5,none,True,True
141442,1.0,0.0174,0.5,none,True,True
141443,1.0,0.0163,0.5,none,True,True
141444,1.0,0.0152,0.5,none,True,True
141445,1.0,0.0138,0.5,none,True,True
141446,1.0,0.0123,0.5,none,True,True
141447,1.0,0.0111,0.5,none,True,True
141448,1.0,0.01,0.5,none,True,True
141449,1.0,0.0088,0.5,none,True,True
141450,1.0,0.0078,0.5,none,True,True
141451,1.0,0.0071,0.5,none,True,True
141452,1.0,0.0064,0.5,none,True,True
141453,1.0,0.0057,0.5,none,True,True
141454,1.0,0.0053,0.5,none,True,True
141455,1.0,0.005,0.5,none,True,True
141456,1.0,0.0047,0.5,none,True,True
141457,1.0,0.0045,0.5,none,True,True
141458,1.0,0.0044,0.5,none,True,True
141459,1.0,0.0043,0.5,none,True,True
141460,1.0,0.0042,0.5,none,True,True
141461,1.0,0.0041,0.5,none,True,True
141462,1.0,0.004,0.5,none,True,True
141463,1.0,0.0039,0.5,none,True,True
141464,1.0,0.0038,0.5,none,True,True
141465,1.0,0.0037,0.5,none,True,True
141466,1.0,0.0035,0.5,none,True,True
141467,1.0,0.0033,0.5,none,True,True
141468,1.0,0.0032,0.5,none,True,True
141469,1.0,0.003,0.5,none,True,True
141470,1.0,0.0028,0.5,none,True,True
141471,1.0,0.0026,0.5,none,True,True
141472,1.0,0.0024,0.5,none,True,True
141473,1.0,0.0023,0.5,none,True,True
141474,1.0,0.0021,0.5,none,True,True
141475,1.0,0.0019,0.5,none,True,True
141476,1.0,0.0018,0.5,none,True,True
141477,1.0,0.0017,0.5,none,True,True
141478,1.0,0.0015,0.5,none,True,True
141479,1.0,0.0014,0.5,none,True,True
141480,1.0,0.0013,0.5,none,True,True
141481,1.0,0.0013,0.5,none,True,True
141482,1.0,0.0012,0.5,none,True,True
141483,1.0,0.0011,0.5,none,True,True
141484,1.0,0.0011,0.5,none,True,True
141485,1.0,0.001,0.5,none,True,True
141486,1.0,0.001,0.5,none,True,True
141487,1.0,0.0009,0.5,none,True,True
141488,1.0,0.0009,0.5,none,True,True
141489,1.0,0.0008,0.5,none,True,True
141490,1.0,0.0008,0.5,none,True,True
141491,1.0,0.0008,0.5,none,True,True
141492,1.0,0.0007,0.5,none,True,True
141493,1.0,0.0007,0.5,none,True,True
141494,1.0,0.0006,0.5,none,True,True
141495,1.0,0.0006,0.5,none,True,True
141496,1.0,0.0006,0.5,none,True,True
141497,1.0,0.0005,0.5,none,True,True
141498,1.0,0.0005,0.5,none,True,True
141499,1.0,0.0005,0.5,none,True,True
141500,1.0,0.0004,0.5,none,True,True
141501,1.0,0.0004,0.5,none,True,True
141502,1.0,0.0004,0.5,none,True,True
141503,1.0,0.0004,0.5,none,True,True
141504,1.0,0.0003,0.5,none,True,True
141505,1.0,0.0003,0.5,none,True,True
141506,1.0,0.0003,0.5,none,True,True
141507,1.0,0.0003,0.5,none,True,True
141508,1.0,0.0003,0.5,none,True,True
141509,1.0,0.0003,0.5,none,True,True
141510,1.0,0.0002,0.5,none,True,True
141511,1.0,0.0002,0.5,none,True,True
141512,1.0,0.0002,0.5,none,True,True
141513,1.0,0.0002,0.5,none,True,True
141514,1.0,0.0002,0.5,none,True,True
141515,1.0,0.0002,0.5,none,True,True
141516,1.0,0.0002,0.5,none,True,True
141517,1.0,0.0002,0.5,none,True,True
141518,1.0,0.0002,0.5,none,True,True
141519,1.0,0.0001,0.5,none,True,True
141520,1.0,0.0001,0.5,none,True,True
141521,1.0,0.0001,0.5,none,True,True
141522,1.0,0.0001,0.5,none,True,True
141523,1.0,0.0001,0.5,none,True,True
141524,1.0,0.0001,0.5,none,True,True
141525,1.0,0.0001,0.5,none,True,True
141526,1.0,0.0001,0.5,none,True,True
141527,1.0,0.0001,0.5,none,True,True
141528,1.0,0.0001,0.5,none,True,True
141529,1.0,0.0001,0.5,none,True,True
141530,1.0,0.0001,0.5,none,True,True
141531,1.0,0.0001,0.5,none,True,True
141532,1.0,0.0001,0.5,none,True,True
141533,1.0,0.0001,0.5,none,True,True
141534,1.0,0.0001,0.5,none,True,True
141535,1.0,0.0001,0.5,none,True,True
141536,1.0,0.0001,0.5,none,True,True
141537,1.0,0.0,0.5,none,True,True
141538,1.0,0.0,0.5,none,True,True
141539,1.0,0.0,0.5,none,True,True
141540,1.0,0.0,0.5,none,True,True
141541,1.0,0.0,0.5,none,True,True
141542,1.0,0.0,0.5,none,True,True
141543,1.0,0.0,0.5,none,True,True
141544,1.0,0.0,0.5,none,True,True
141545,1.0,0.0,0.5,none,True,True
141546,1.0,0.0,0.5,none,True,True
141547,1.0,0.0,0.5,none,True,True
141548,1.0,0.0,0.5,none,True,True
141549,1.0,0.0,0.5,none,True,True
141550,1.0,0.0,0.5,none,True,True
141551,1.0,0.0,0.5,none,True,True
141552,1.0,0.0,0.5,none,True,True
141553,1.0,0.0,0.5,none,True,True
141554,1.0,0.0,0.5,none,True,True
141555,1.0,0.0,0.5,none,True,True
141556,1.0,0.0,0.5,none,True,True
141557,1.0,0.0,0.5,none,True,True
141558,1.0,0.0,0.5,none,True,True
141559,1.0,0.0,0.5,none,True,True
141560,1.0,0.0,0.5,none,True,True
141561,1.0,0.0,0.5,none,True,True
141562,1.0,0.0,0.5,none,True,True
141563,1.0,0.0,0.5,none,True,True
141564,1.0,0.0,0.5,none,True,True
141565,1.0,0.0,0.5,none,True,True
141566,1.0,0.0,0.5,none,True,True
141567,1.0,0.0,0.5,none,True,True
141568,1.0,0.0,0.5,none,True,True
141569,1.0,0.0,0.5,none,True,True
141570,1.0,0.0,0.5,none,True,True
141571,1.0,0.0,0.5,none,True,True
141572,1.0,0.0,0.5,none,True,True
141573,1.0,0.0,0.5,none,True,True
141574,1.0,0.0,0.5,none,True,True
141575,1.0,0.0,0.5,none,True,True
141576,1.0,0.0,0.5,none,True,True
141577,1.0,0.0,0.5,none,True,True
141578,1.0,0.0,0.5,none,True,True
141579,1.0,0.0,0.5,none,True,True
141580,1.0,0.0,0.5,none,True,True
141581,1.0,0.0,0.5,none,True,True
141582,1.0,0.0,0.5,none,True,True
141583,1.0,0.0,0.5,none,True,True
141584,1.0,0.0,0.5,none,True,True
141585,1.0,0.0,0.5,none,True,True
141586,1.0,0.0,0.5,none,True,True
141587,1.0,0.0,0.5,none,True,True
141588,1.0,0.0,0.5,none,True,True
141589,1.0,0.0,0.5,none,True,True
141590,1.0,0.0,0.5,none,True,True
141591,1.0,0.0,0.5,none,True,True
141592,1.0,0.0,0.5,none,True,True
141593,1.0,0.0,0.5,none,True,True
141594,1.0,0.0,0.5,none,True,True
141595,1.0,0.0,0.5,none,True,True
141596,1.0,0.0,0.5,none,True,True
141597,1.0,0.0,0.5,none,True,True
141598,1.0,0.0,0.5,none,True,True
141599,1.0,0.0,0.5,none,True,True
141600,1.0,0.0,0.5,none,True,True
141601,1.0,0.0,0.5,none,True,True
141602,1.0,0.0,0.5,none,True,True
141603,1.0,0.0,0.5,none,True,True
141604,1.0,0.0,0.5,none,True,True
141605,1.0,0.0,0.5,none,True,True
141606,1.0,0.0,0.5,none,True,True
141607,1.0,0.0,0.5,none,True,True
141608,1.0,0.0,0.5,none,True,True
141609,1.0,0.0,0.5,none,True,True
141610,1.0,0.0,0.5,none,True,True
141611,1.0,0.0,0.5,none,True,True
141612,1.0,0.0,0.5,none,True,True
141613,1.0,0.0,0.5,none,True,True
141614,1.0,0.0,0.5,none,True,True
141615,1.0,0.0,0.5,none,True,True
141616,1.0,0.0,0.5,none,True,True
141617,1.0,0.0,0.5,none,True,True
141618,1.0,0.0,0.5,none,True,True
141619,1.0,0.0,0.5,none,True,True
141620,1.0,0.0,0.5,none,True,True
141621,1.0,0.0,0.5,none,True,True
141622,1.0,0.0,0.5,none,True,True
141623,1.0,0.0,0.5,none,True,True
141624,1.0,0.0,0.5,none,True,True
141625,1.0,0.0,0.5,none,True,True
141626,1.0,0.0,0.5,none,True,True
141627,1.0,0.0,0.5,none,True,True
141628,1.0,0.0,0.5,none,True,True
141629,1.0,0.0,0.5,none,True,True
141630,1.0,0.0,0.5,none,True,True
141631,1.0,0.0,0.5,none,True,True
141632,1.0,0.0,0.5,none,True,True
141633,1.0,0.0,0.5,none,True,True
141634,1.0,0.0,0.5,none,True,True
141635,1.0,0.0,0.5,none,True,True
141636,1.0,0.0,0.5,none,True,True
141637,1.0,0.0,0.5,none,True,True
141638,1.0,0.0,0.5,none,True,True
141639,1.0,0.0,0.5,none,True,True
141640,1.0,0.0,0.5,none,True,True
141641,1.0,0.0,0.5,none,True,True
141642,1.0,0.0,0.5,none,True,True
141643,1.0,0.0,0.5,none,True,True
141644,1.0,0.0,0.5,none,True,True
141645,1.0,0.0,0.5,none,True,True
141646,1.0,0.0,0.5,none,True,True
141647,1.0,0.0,0.5,none,True,True
141648,1.0,0.0,0.5,none,True,True
141649,1.0,0.0,0.5,none,True,True
141650,1.0,0.0,0.5,none,True,True
141651,1.0,0.0,0.5,none,True,True
141652,1.0,0.0,0.5,none,True,True
141653,1.0,0.0,0.5,none,True,True
141654,1.0,0.0,0.5,none,True,True
141655,1.0,0.0,0.5,none,True,True
141656,1.0,0.0,0.5,none,True,True
141657,1.0,0.0,0.5,none,True,True
141658,1.0,0.0,0.5,none,True,True
141659,1.0,0.0,0.5,none,True,True
141660,1.0,0.0,0.5,none,True,True
141661,1.0,0.0,0.5,none,True,True
141662,1.0,0.0,0.5,none,True,True
141663,1.0,0.0,0.5,none,True,True
141664,1.0,0.0,0.5,none,True,True
141665,1.0,0.0,0.5,none,True,True
141666,1.0,0.0,0.5,none,True,True
141667,1.0,0.0,0.5,none,True,True
141668,1.0,0.0,0.5,none,True,True
141669,1.0,0.0,0.5,none,True,True
141670,1.0,0.0,0.5,none,True,True
141671,1.0,0.0,0.5,none,True,True
141672,1.0,0.0,0.5,none,True,True
141673,1.0,0.0,0.5,none,True,True
141674,1.0,0.0,0.5,none,True,True
141675,1.0,0.0,0.5,none,True,True
141676,1.0,0.0,0.5,none,True,True
141677,1.0,0.0,0.5,none,True,True
141678,1.0,0.0,0.5,none,True,True
141679,1.0,0.0,0.5,none,True,True
141680,1.0,0.0,0.5,none,True,True
141681,1.0,0.0,0.5,none,True,True
141682,1.0,0.0,0.5,none,True,True
141683,1.0,0.0,0.5,none,True,True
141684,1.0,0.0,0.5,none,True,True
141685,1.0,0.0,0.5,none,True,True
141686,1.0,0.0,0.5,none,True,True
141687,1.0,0.0,0.5,none,True,True
141688,1.0,0.0,0.5,none,True,True
141689,1.0,0.0,0.5,none,True,True
141690,1.0,0.0,0.5,none,True,True
141691,1.0,0.0,0.5,none,True,True
141692,1.0,0.0,0.5,none,True,True
141693,1.0,0.0,0.5,none,True,True
141694,1.0,0.0,0.5,none,True,True
141695,1.0,0.0,0.5,none,True,True
141696,1.0,0.0,0.5,none,True,True
141697,1.0,0.0,0.5,none,True,True
141698,1.0,0.0,0.5,none,True,True
141699,1.0,0.0,0.5,none,True,True
141700,1.0,0.0,0.5,none,True,True
141701,1.0,0.0,0.5,none,True,True
141702,1.0,0.0,0.5,none,True,True
141703,1.0,0.0,0.5,none,True,True
141704,1.0,0.0,0.5,none,True,True
141705,1.0,0.0,0.5,none,True,True
141706,1.0,0.0,0.5,none,True,True
141707,1.0,0.0,0.5,none,True,True
141708,1.0,0.0,0.5,none,True,True
141709,1.0,0.0,0.5,none,True,True
141710,1.0,0.0,0.5,none,True,True
141711,1.0,0.0,0.5,none,True,True
141712,1.0,0.0,0.5,none,True,True
141713,1.0,0.0,0.5,none,True,True
141714,1.0,0.0,0.5,none,True,True
141715,1.0,0.0,0.5,none,True,True
141716,1.0,0.0,0.5,none,True,True
141717,1.0,0.0,0.5,none,True,True
141718,1.0,0.0,0.5,none,True,True
141719,1.0,0.0,0.5,none,True,True
141720,1.0,0.0,0.5,none,True,True
141721,1.0,0.0,0.5,none,True,True
141722,1.0,0.0,0.5,none,True,True
141723,1.0,0.0,0.5,none,True,True
141724,1.0,0.0,0.5,none,True,True
141725,1.0,0.0,0.5,none,True,True
141726,1.0,0.0,0.5,none,True,True
141727,1.0,0.0,0.5,none,True,True
141728,1.0,0.0,0.5,none,True,True
141729,1.0,0.0,0.5,none,True,True
141730,1.0,0.0,0.5,none,True,True
141731,1.0,0.0,0.5,none,True,True
141732,1.0,0.0,0.5,none,True,True
141733,1.0,0.0,0.5,none,True,True
141734,1.0,0.0,0.5,none,True,True
141735,1.0,0.0,0.5,none,True,True
141736,1.0,0.0,0.5,none,True,True
141737,1.0,0.0,0.5,none,True,True
141738,1.0,0.0,0.5,none,True,True
141739,1.0,0.0,0.5,none,True,True
141740,1.0,0.0,0.5,none,True,True
141741,1.0,0.0,0.5,none,True,True
141742,1.0,0.0,0.5,none,True,True
141743,1.0,0.0,0.5,none,True,True
141744,1.0,0.0,0.5,none,True,True
141745,1.0,0.0,0.5,none,True,True
141746,1.0,0.0,0.5,none,True,True
141747,1.0,0.0,0.5,none,True,True
141748,1.0,0.0,0.5,none,True,True
141749,1.0,0.0,0.5,none,True,True
141750,1.0,0.0,0.5,none,True,True
141751,1.0,0.0,0.5,none,True,True
141752,1.0,0.0,0.5,none,True,True
141753,1.0,0.0,0.5,none,True,True
141754,1.0,0.0,0.5,none,True,True
141755,1.0,0.0,0.5,none,True,True
141756,1.0,0.0,0.5,none,True,True
141757,1.0,0.0,0.5,none,True,True
141758,1.0,0.0,0.5,none,True,True
141759,1.0,0.0,0.5,none,True,True
141760,1.0,0.0,0.5,none,True,True
141761,1.0,0.0,0.5,none,True,True
141762,1.0,0.0,0.5,none,True,True
141763,1.0,0.0,0.5,none,True,True
141764,1.0,0.0,0.5,none,True,True
141765,1.0,0.0,0.5,none,True,True
141766,1.0,0.0,0.5,none,True,True
141767,1.0,0.0,0.5,none,True,True
141768,1.0,0.0,0.5,none,True,True
141769,1.0,0.0,0.5,none,True,True
141770,1.0,0.0,0.5,none,True,True
141771,1.0,0.0,0.5,none,True,True
141772,1.0,0.0,0.5,none,True,True
141773,1.0,0.0,0.5,none,True,True
141774,1.0,0.0,0.5,none,True,True
141775,1.0,0.0,0.5,none,True,True
141776,1.0,0.0,0.5,none,True,True
141777,1.0,0.0,0.5,none,True,True
141778,1.0,0.0,0.5,none,True,True
141779,1.0,0.0,0.5,none,True,True
141780,1.0,0.0,0.5,none,True,True
141781,1.0,0.0,0.5,none,True,True
141782,1.0,0.0,0.5,none,True,True
141783,1.0,0.0,0.5,none,True,True
141784,1.0,0.0,0.5,none,True,True
141785,1.0,0.0,0.5,none,True,True
141786,1.0,0.0,0.5,none,True,True
141787,1.0,0.0,0.5,none,True,True
141788,1.0,0.0,0.5,none,True,True
141789,1.0,0.0,0.5,none,True,True
141790,1.0,0.0,0.5,none,True,True
141791,1.0,0.0,0.5,none,True,True
141792,1.0,0.0,0.5,none,True,True
141793,1.0,0.0,0.5,none,True,True
141794,1.0,0.0,0.5,none,True,True
141795,1.0,0.0,0.5,none,True,True
141796,1.0,0.0,0.5,none,True,True
141797,1.0,0.0,0.5,none,True,True
141798,1.0,0.0,0.5,none,True,True
141799,1.0,0.0,0.5,none,True,True
141800,1.0,0.0,0.5,none,True,True
141801,1.0,0.0,0.5,none,True,True
141802,1.0,0.0,0.5,none,True,True
141803,1.0,0.0,0.5,none,True,True
141804,1.0,0.0,0.5,none,True,True
141805,1.0,0.0,0.5,none,True,True
141806,1.0,0.0,0.5,none,True,True
141807,1.0,0.0,0.5,none,True,True
141808,1.0,0.0,0.5,none,True,True
141809,1.0,0.0,0.5,none,True,True
141810,1.0,0.0,0.5,none,True,True
141811,1.0,0.0,0.5,none,True,True
141812,1.0,0.0,0.5,none,True,True
141813,1.0,0.0,0.5,none,True,True
141814,1.0,0.0,0.5,none,True,True
141815,1.0,0.0,0.5,none,True,True
141816,1.0,0.0,0.5,none,True,True
141817,1.0,0.0,0.5,none,True,True
141818,1.0,0.0,0.5,none,True,True
141819,1.0,0.0,0.5,none,True,True
141820,1.0,0.0,0.5,none,True,True
141821,1.0,0.0,0.5,none,True,True
141822,1.0,0.0,0.5,none,True,True
141823,1.0,0.0,0.5,none,True,True
141824,1.0,0.0,0.5,none,True,True
141825,1.0,0.0,0.5,none,True,True
141826,1.0,0.0,0.5,none,True,True
141827,1.0,0.0,0.5,none,True,True
141828,1.0,0.0,0.5,none,True,True
141829,1.0,0.0,0.5,none,True,True
141830,1.0,0.0,0.5,none,True,True
141831,1.0,0.0,0.5,none,True,True
141832,1.0,0.0,0.5,none,True,True
141833,1.0,0.0,0.5,none,True,True
141834,1.0,0.0,0.5,none,True,True
141835,1.0,0.0,0.5,none,True,True
141836,1.0,0.0,0.5,none,True,True
141837,1.0,0.0,0.5,none,True,True
141838,1.0,0.0,0.5,none,True,True
141839,1.0,0.0,0.5,none,True,True
141840,1.0,0.0,0.5,none,True,True
141841,1.0,0.0,0.5,none,True,True
141842,1.0,0.0,0.5,none,True,True
141843,1.0,0.0,0.5,none,True,True
141844,1.0,0.0,0.5,none,True,True
141845,1.0,0.0,0.5,none,True,True
141846,1.0,0.0,0.5,none,True,True
141847,1.0,0.0,0.5,none,True,True
141848,1.0,0.0,0.5,none,True,True
141849,1.0,0.0,0.5,none,True,True
141850,1.0,0.0,0.5,none,True,True
141851,1.0,0.0,0.5,none,True,True
141852,1.0,0.0,0.5,none,True,True
141853,1.0,0.0,0.5,none,True,True
141854,1.0,0.0,0.5,none,True,True
141855,1.0,0.0,0.5,none,True,True
141856,1.0,0.0,0.5,none,True,True
141857,1.0,0.0,0.5,none,True,True
141858,1.0,0.0,0.5,none,True,True
141859,1.0,0.0,0.5,none,True,True
141860,1.0,0.0,0.5,none,True,True
141861,1.0,0.0,0.5,none,True,True
141862,1.0,0.0,0.5,none,True,True
141863,1.0,0.0,0.5,none,True,True
141864,1.0,0.0,0.5,none,True,True
141865,1.0,0.0,0.5,none,True,True
141866,1.0,0.0,0.5,none,True,True
141867,1.0,0.0,0.5,none,True,True
141868,1.0,0.0,0.5,none,True,True
141869,1.0,0.0,0.5,none,True,True
141870,1.0,0.0,0.5,none,True,True
141871,1.0,0.0,0.5,none,True,True
141872,1.0,0.0,0.5,none,True,True
141873,1.0,0.0,0.5,none,True,True
141874,1.0,0.0,0.5,none,True,True
141875,1.0,0.0,0.5,none,True,True
141876,1.0,0.0,0.5,none,True,True
141877,1.0,0.0,0.5,none,True,True
141878,1.0,0.0,0.5,none,True,True
141879,1.0,0.0,0.5,none,True,True
141880,1.0,0.0,0.5,none,True,True
141881,1.0,0.0,0.5,none,True,True
141882,1.0,0.0,0.5,none,True,True
141883,1.0,0.0,0.5,none,True,True
141884,1.0,0.0,0.5,none,True,True
141885,1.0,0.0,0.5,none,True,True
141886,1.0,0.0,0.5,none,True,True
141887,1.0,0.0,0.5,none,True,True
141888,1.0,0.0,0.5,none,True,True
141889,1.0,0.0,0.5,none,True,True
141890,1.0,0.0,0.5,none,True,True
141891,1.0,0.0,0.5,none,True,True
141892,1.0,0.0,0.5,none,True,True
141893,1.0,0.0,0.5,none,True,True
141894,1.0,0.0,0.5,none,True,True
141895,1.0,0.0,0.5,none,True,True
141896,1.0,0.0,0.5,none,True,True
141897,1.0,0.0,0.5,none,True,True
141898,1.0,0.0,0.5,none,True,True
141899,1.0,0.0,0.5,none,True,True
141900,1.0,0.0,0.5,none,True,True
141901,1.0,0.0,0.5,none,True,True
141902,1.0,0.0,0.5,none,True,True
141903,1.0,0.0,0.5,none,True,True
141904,1.0,0.0,0.5,none,True,True
141905,1.0,0.0,0.5,none,True,True
141906,1.0,0.0,0.5,none,True,True
141907,1.0,0.0,0.5,none,True,True
141908,1.0,0.0,0.5,none,True,True
141909,1.0,0.0,0.5,none,True,True
141910,1.0,0.0,0.5,none,True,True
141911,1.0,0.0,0.5,none,True,True
141912,1.0,0.0,0.5,none,True,True
141913,1.0,0.0,0.5,none,True,True
141914,1.0,0.0,0.5,none,True,True
141915,1.0,0.0,0.5,none,True,True
141916,1.0,0.0,0.5,none,True,True
141917,1.0,0.0,0.5,none,True,True
141918,1.0,0.0,0.5,none,True,True
141919,1.0,0.0,0.5,none,True,True
141920,1.0,0.0,0.5,none,True,True
141921,1.0,0.0,0.5,none,True,True
141922,1.0,0.0,0.5,none,True,True
141923,1.0,0.0,0.5,none,True,True
141924,1.0,0.0,0.5,none,True,True
141925,1.0,0.0,0.5,none,True,True
141926,1.0,0.0,0.5,none,True,True
141927,1.0,0.0,0.5,none,True,True
141928,1.0,0.0,0.5,none,True,True
141929,1.0,0.0,0.5,none,True,True
141930,1.0,0.0,0.5,none,True,True
141931,1.0,0.0,0.5,none,True,True
141932,1.0,0.0,0.5,none,True,True
141933,1.0,0.0,0.5,none,True,True
141934,1.0,0.0,0.5,none,True,True
141935,1.0,0.0,0.5,none,True,True
141936,1.0,0.0,0.5,none,True,True
141937,1.0,0.0,0.5,none,True,True
141938,1.0,0.0,0.5,none,True,True
141939,1.0,0.0,0.5,none,True,True
141940,1.0,0.0,0.5,none,True,True
141941,1.0,0.0,0.5,none,True,True
141942,1.0,0.0,0.5,none,True,True
141943,1.0,0.0,0.5,none,True,True
141944,1.0,0.0,0.5,none,True,True
141945,1.0,0.0,0.5,none,True,True
141946,1.0,0.0,0.5,none,True,True
141947,1.0,0.0,0.5,none,True,True
141948,1.0,0.0,0.5,none,True,True
141949,1.0,0.0,0.5,none,True,True
141950,1.0,0.0,0.5,none,True,True
141951,1.0,0.0,0.5,none,True,True
141952,1.0,0.0,0.5,none,True,True
141953,1.0,0.0,0.5,none,True,True
141954,1.0,0.0,0.5,none,True,True
141955,1.0,0.0,0.5,none,True,True
141956,1.0,0.0,0.5,none,True,True
141957,1.0,0.0,0.5,none,True,True
141958,1.0,0.0,0.5,none,True,True
141959,1.0,0.0,0.5,none,True,True
141960,1.0,0.0,0.5,none,True,True
141961,1.0,0.0,0.5,none,True,True
141962,1.0,0.0,0.5,none,True,True
141963,1.0,0.0,0.5,none,True,True
141964,1.0,0.0,0.5,none,True,True
141965,1.0,0.0,0.5,none,True,True
141966,1.0,0.0,0.5,none,True,True
141967,1.0,0.0,0.5,none,True,True
141968,1.0,0.0,0.5,none,True,True
141969,1.0,0.0,0.5,none,True,True
141970,1.0,0.0,0.5,none,True,True
141971,1.0,0.0,0.5,none,True,True
141972,1.0,0.0,0.5,none,True,True
141973,1.0,0.0,0.5,none,True,True
141974,1.0,0.0,0.5,none,True,True
141975,1.0,0.0,0.5,none,True,True
141976,1.0,0.0,0.5,none,True,True
141977,1.0,0.0,0.5,none,True,True
141978,1.0,0.0,0.5,none,True,True
141979,1.0,0.0,0.5,none,True,True
141980,1.0,0.0,0.5,none,True,True
141981,1.0,0.0,0.5,none,True,True
141982,1.0,0.0,0.5,none,True,True
141983,1.0,0.0,0.5,none,True,True
141984,1.0,0.0,0.5,none,True,True
141985,1.0,0.0,0.5,none,True,True
141986,1.0,0.0,0.5,none,True,True
141987,1.0,0.0,0.5,none,True,True
141988,1.0,0.0,0.5,none,True,True
141989,1.0,0.0,0.5,none,True,True
141990,1.0,0.0,0.5,none,True,True
141991,1.0,0.0,0.5,none,True,True
141992,1.0,0.0,0.5,none,True,True
141993,1.0,0.0,0.5,none,True,True
141994,1.0,0.0,0.5,none,True,True
141995,1.0,0.0,0.5,none,True,True
141996,1.0,0.0,0.5,none,True,True
141997,1.0,0.0,0.5,none,True,True
141998,1.0,0.0,0.5,none,True,True
141999,1.0,0.0,0.5,none,True,True
142000,1.0,0.0,0.5,none,True,True
142001,1.0,0.0,0.5,none,True,True
142002,1.0,0.0,0.5,none,True,True
142003,1.0,0.0,0.5,none,True,True
142004,1.0,0.0,0.5,none,True,True
142005,1.0,0.0,0.5,none,True,True
142006,1.0,0.0,0.5,none,True,True
142007,1.0,0.0,0.5,none,True,True
142008,1.0,0.0,0.5,none,True,True
142009,1.0,0.0,0.5,none,True,True
142010,1.0,0.0,0.5,none,True,True
142011,1.0,0.0,0.5,none,True,True
142012,1.0,0.0,0.5,none,True,True
142013,1.0,0.0,0.5,none,True,True
142014,1.0,0.0,0.5,none,True,True
142015,1.0,0.0,0.5,none,True,True
142016,1.0,0.0,0.5,none,True,True
142017,1.0,0.0,0.5,none,True,True
142018,1.0,0.0,0.5,none,True,True
142019,1.0,0.0,0.5,none,True,True
142020,1.0,0.0,0.5,none,True,True
142021,1.0,0.0,0.5,none,True,True
142022,1.0,0.0,0.5,none,True,True
142023,1.0,0.0,0.5,none,True,True
142024,1.0,0.0,0.5,none,True,True
142025,1.0,0.0,0.5,none,True,True
142026,1.0,0.0,0.5,none,True,True
142027,1.0,0.0,0.5,none,True,True
142028,1.0,0.0,0.5,none,True,True
142029,1.0,0.0,0.5,none,True,True
142030,1.0,0.0,0.5,none,True,True
142031,1.0,0.0,0.5,none,True,True
142032,1.0,0.0,0.5,none,True,True
142033,1.0,0.0,0.5,none,True,True
142034,1.0,0.0,0.5,none,True,True
142035,1.0,0.0,0.5,none,True,True
142036,1.0,0.0,0.5,none,True,True
142037,1.0,0.0,0.5,none,True,True
142038,1.0,0.0,0.5,none,True,True
142039,1.0,0.0,0.5,none,True,True
142040,1.0,0.0,0.5,none,True,True
142041,1.0,0.0,0.5,none,True,True
142042,1.0,0.0,0.5,none,True,True
142043,1.0,0.0,0.5,none,True,True
142044,1.0,0.0,0.5,none,True,True
142045,1.0,0.0,0.5,none,True,True
142046,1.0,0.0,0.5,none,True,True
142047,1.0,0.0,0.5,none,True,True
142048,1.0,0.0,0.5,none,True,True
142049,1.0,0.0,0.5,none,True,True
142050,1.0,0.0,0.5,none,True,True
142051,1.0,0.0,0.5,none,True,True
142052,1.0,0.0,0.5,none,True,True
142053,1.0,0.0,0.5,none,True,True
142054,1.0,0.0,0.5,none,True,True
142055,1.0,0.0,0.5,none,True,True
142056,1.0,0.0,0.5,none,True,True
142057,1.0,0.0,0.5,none,True,True
142058,1.0,0.0,0.5,none,True,True
142059,1.0,0.0,0.5,none,True,True
142060,1.0,0.0,0.5,none,True,True
142061,1.0,0.0,0.5,none,True,True
142062,1.0,0.0,0.5,none,True,True
142063,1.0,0.0,0.5,none,True,True
142064,1.0,0.0,0.5,none,True,True
142065,1.0,0.0,0.5,none,True,True
142066,1.0,0.0,0.5,none,True,True
142067,1.0,0.0,0.5,none,True,True
142068,1.0,0.0,0.5,none,True,True
142069,1.0,0.0,0.5,none,True,True
142070,1.0,0.0,0.5,none,True,True
142071,1.0,0.0,0.5,none,True,True
142072,1.0,0.0,0.5,none,True,True
142073,1.0,0.0,0.5,none,True,True
142074,1.0,0.0,0.5,none,True,True
142075,1.0,0.0,0.5,none,True,True
142076,1.0,0.0,0.5,none,True,True
142077,1.0,0.0,0.5,none,True,True
142078,1.0,0.0,0.5,none,True,True
142079,1.0,0.0,0.5,none,True,True
142080,1.0,0.0,0.5,none,True,True
142081,1.0,0.0,0.5,none,True,True
142082,1.0,0.0,0.5,none,True,True
142083,1.0,0.0,0.5,none,True,True
142084,1.0,0.0,0.5,none,True,True
142085,1.0,0.0,0.5,none,True,True
142086,1.0,0.0,0.5,none,True,True
142087,1.0,0.0,0.5,none,True,True
142088,1.0,0.0,0.5,none,True,True
142089,1.0,0.0,0.5,none,True,True
142090,1.0,0.0,0.5,none,True,True
142091,1.0,0.0,0.5,none,True,True
142092,1.0,0.0,0.5,none,True,True
142093,1.0,0.0,0.5,none,True,True
142094,1.0,0.0,0.5,none,True,True
142095,1.0,0.0,0.5,none,True,True
142096,1.0,0.0,0.5,none,True,True
142097,1.0,0.0,0.5,none,True,True
142098,1.0,0.0,0.5,none,True,True
142099,1.0,0.0,0.5,none,True,True
142100,1.0,0.0061,0.5,none,True,True
142101,1.0,0.0357,0.5,none,True,True
142102,1.0,0.0812,0.5,none,True,True
142103,1.0,0.1113,0.5,none,True,True
142104,1.0,0.1253,0.5,none,True,True
142105,1.0,0.1408,0.5,none,True,True
142106,1.0,0.0907,0.5,none,True,True
142107,1.0,0.1198,0.5,none,True,True
142108,1.0,0.0467,0.5,none,True,True
142109,1.0,0.0522,0.5,none,True,True
142110,1.0,0.0405,0.5,none,True,True
142111,1.0,0.0313,0.5,none,True,True
142112,1.0,0.0083,0.5,none,True,True
142113,1.0,0.0726,0.5,none,True,True
142114,1.0,0.0793,0.5,none,True,True
142115,1.0,0.0581,0.5,none,True,True
142116,1.0,0.0955,0.5,none,True,True
142117,1.0,0.0839,0.5,none,True,True
142118,1.0,0.0648,0.5,none,True,True
142119,1.0,0.0718,0.5,none,True,True
142120,1.0,0.0589,0.5,none,True,True
142121,1.0,0.0403,0.5,none,True,True
142122,1.0,0.0327,0.5,none,True,True
142123,1.0,0.0277,0.5,none,True,True
142124,1.0,0.017,0.5,none,True,True
142125,1.0,0.0102,0.5,none,True,True
142126,1.0,0.0099,0.5,none,True,True
142127,1.0,0.008,0.5,none,True,True
142128,1.0,0.005,0.5,none,True,True
142129,1.0,0.0063,0.5,none,True,True
142130,1.0,0.009,0.5,none,True,True
142131,1.0,0.0096,0.5,none,True,True
142132,1.0,0.0108,0.5,none,True,True
142133,1.0,0.014,0.5,none,True,True
142134,1.0,0.0161,0.5,none,True,True
142135,1.0,0.0167,0.5,none,True,True
142136,1.0,0.0182,0.5,none,True,True
142137,1.0,0.0196,0.5,none,True,True
142138,1.0,0.0197,0.5,none,True,True
142139,1.0,0.0193,0.5,none,True,True
142140,1.0,0.0193,0.5,none,True,True
142141,1.0,0.0187,0.5,none,True,True
142142,1.0,0.0174,0.5,none,True,True
142143,1.0,0.0163,0.5,none,True,True
142144,1.0,0.0152,0.5,none,True,True
142145,1.0,0.0138,0.5,none,True,True
142146,1.0,0.0123,0.5,none,True,True
142147,1.0,0.0111,0.5,none,True,True
142148,1.0,0.01,0.5,none,True,True
142149,1.0,0.0088,0.5,none,True,True
142150,1.0,0.0078,0.5,none,True,True
142151,1.0,0.0071,0.5,none,True,True
142152,1.0,0.0064,0.5,none,True,True
142153,1.0,0.0057,0.5,none,True,True
142154,1.0,0.0053,0.5,none,True,True
142155,1.0,0.005,0.5,none,True,True
142156,1.0,0.0047,0.5,none,True,True
142157,1.0,0.0045,0.5,none,True,True
142158,1.0,0.0044,0.5,none,True,True
142159,1.0,0.0043,0.5,none,True,True
142160,1.0,0.0042,0.5,none,True,True
142161,1.0,0.0041,0.5,none,True,True
142162,1.0,0.004,0.5,none,True,True
142163,1.0,0.0039,0.5,none,True,True
142164,1.0,0.0038,0.5,none,True,True
142165,1.0,0.0037,0.5,none,True,True
142166,1.0,0.0035,0.5,none,True,True
142167,1.0,0.0033,0.5,none,True,True
142168,1.0,0.0032,0.5,none,True,True
142169,1.0,0.003,0.5,none,True,True
142170,1.0,0.0028,0.5,none,True,True
142171,1.0,0.0026,0.5,none,True,True
142172,1.0,0.0024,0.5,none,True,True
142173,1.0,0.0023,0.5,none,True,True
142174,1.0,0.0021,0.5,none,True,True
142175,1.0,0.0019,0.5,none,True,True
142176,1.0,0.0018,0.5,none,True,True
142177,1.0,0.0017,0.5,none,True,True
142178,1.0,0.0015,0.5,none,True,True
142179,1.0,0.0014,0.5,none,True,True
142180,1.0,0.0013,0.5,none,True,True
142181,1.0,0.0013,0.5,none,True,True
142182,1.0,0.0012,0.5,none,True,True
142183,1.0,0.0011,0.5,none,True,True
142184,1.0,0.0011,0.5,none,True,True
142185,1.0,0.001,0.5,none,True,True
142186,1.0,0.001,0.5,none,True,True
142187,1.0,0.0009,0.5,none,True,True
142188,1.0,0.0009,0.5,none,True,True
142189,1.0,0.0008,0.5,none,True,True
142190,1.0,0.0008,0.5,none,True,True
142191,1.0,0.0008,0.5,none,True,True
142192,1.0,0.0007,0.5,none,True,True
142193,1.0,0.0007,0.5,none,True,True
142194,1.0,0.0006,0.5,none,True,True
142195,1.0,0.0006,0.5,none,True,True
142196,1.0,0.0006,0.5,none,True,True
142197,1.0,0.0005,0.5,none,True,True
142198,1.0,0.0005,0.5,none,True,True
142199,1.0,0.0005,0.5,none,True,True
142200,1.0,0.0004,0.5,none,True,True
142201,1.0,0.0004,0.5,none,True,True
142202,1.0,0.0004,0.5,none,True,True
142203,1.0,0.0004,0.5,none,True,True
142204,1.0,0.0003,0.5,none,True,True
142205,1.0,0.0003,0.5,none,True,True
142206,1.0,0.0003,0.5,none,True,True
142207,1.0,0.0003,0.5,none,True,True
142208,1.0,0.0003,0.5,none,True,True
142209,1.0,0.0003,0.5,none,True,True
142210,1.0,0.0002,0.5,none,True,True
142211,1.0,0.0002,0.5,none,True,True
142212,1.0,0.0002,0.5,none,True,True
142213,1.0,0.0002,0.5,none,True,True
142214,1.0,0.0002,0.5,none,True,True
142215,1.0,0.0002,0.5,none,True,True
142216,1.0,0.0002,0.5,none,True,True
142217,1.0,0.0002,0.5,none,True,True
142218,1.0,0.0002,0.5,none,True,True
142219,1.0,0.0001,0.5,none,True,True
142220,1.0,0.0001,0.5,none,True,True
142221,1.0,0.0001,0.5,none,True,True
142222,1.0,0.0001,0.5,none,True,True
142223,1.0,0.0001,0.5,none,True,True
142224,1.0,0.0001,0.5,none,True,True
142225,1.0,0.0001,0.5,none,True,True
142226,1.0,0.0001,0.5,none,True,True
142227,1.0,0.0001,0.5,none,True,True
142228,1.0,0.0001,0.5,none,True,True
142229,1.0,0.0001,0.5,none,True,True
142230,1.0,0.0001,0.5,none,True,True
142231,1.0,0.0001,0.5,none,True,True
142232,1.0,0.0001,0.5,none,True,True
142233,1.0,0.0001,0.5,none,True,True
142234,1.0,0.0001,0.5,none,True,True
142235,1.0,0.0001,0.5,none,True,True
142236,1.0,0.0001,0.5,none,True,True
142237,1.0,0.0,0.5,none,True,True
142238,1.0,0.0,0.5,none,True,True
142239,1.0,0.0,0.5,none,True,True
142240,1.0,0.0,0.5,none,True,True
142241,1.0,0.0,0.5,none,True,True
142242,1.0,0.0,0.5,none,True,True
142243,1.0,0.0,0.5,none,True,True
142244,1.0,0.0,0.5,none,True,True
142245,1.0,0.0,0.5,none,True,True
142246,1.0,0.0,0.5,none,True,True
142247,1.0,0.0,0.5,none,True,True
142248,1.0,0.0,0.5,none,True,True
142249,1.0,0.0,0.5,none,True,True
142250,1.0,0.0,0.5,none,True,True
142251,1.0,0.0,0.5,none,True,True
142252,1.0,0.0,0.5,none,True,True
142253,1.0,0.0,0.5,none,True,True
142254,1.0,0.0,0.5,none,True,True
142255,1.0,0.0,0.5,none,True,True
142256,1.0,0.0,0.5,none,True,True
142257,1.0,0.0,0.5,none,True,True
142258,1.0,0.0,0.5,none,True,True
142259,1.0,0.0,0.5,none,True,True
142260,1.0,0.0,0.5,none,True,True
142261,1.0,0.0,0.5,none,True,True
142262,1.0,0.0,0.5,none,True,True
142263,1.0,0.0,0.5,none,True,True
142264,1.0,0.0,0.5,none,True,True
142265,1.0,0.0,0.5,none,True,True
142266,1.0,0.0,0.5,none,True,True
142267,1.0,0.0,0.5,none,True,True
142268,1.0,0.0,0.5,none,True,True
142269,1.0,0.0,0.5,none,True,True
142270,1.0,0.0,0.5,none,True,True
142271,1.0,0.0,0.5,none,True,True
142272,1.0,0.0,0.5,none,True,True
142273,1.0,0.0,0.5,none,True,True
142274,1.0,0.0,0.5,none,True,True
142275,1.0,0.0,0.5,none,True,True
142276,1.0,0.0,0.5,none,True,True
142277,1.0,0.0,0.5,none,True,True
142278,1.0,0.0,0.5,none,True,True
142279,1.0,0.0,0.5,none,True,True
142280,1.0,0.0,0.5,none,True,True
142281,1.0,0.0,0.5,none,True,True
142282,1.0,0.0,0.5,none,True,True
142283,1.0,0.0,0.5,none,True,True
142284,1.0,0.0,0.5,none,True,True
142285,1.0,0.0,0.5,none,True,True
142286,1.0,0.0,0.5,none,True,True
142287,1.0,0.0,0.5,none,True,True
142288,1.0,0.0,0.5,none,True,True
142289,1.0,0.0,0.5,none,True,True
142290,1.0,0.0,0.5,none,True,True
142291,1.0,0.0,0.5,none,True,True
142292,1.0,0.0,0.5,none,True,True
142293,1.0,0.0,0.5,none,True,True
142294,1.0,0.0,0.5,none,True,True
142295,1.0,0.0,0.5,none,True,True
142296,1.0,0.0,0.5,none,True,True
142297,1.0,0.0,0.5,none,True,True
142298,1.0,0.0,0.5,none,True,True
142299,1.0,0.0,0.5,none,True,True
142300,1.0,0.0,0.5,none,True,True
142301,1.0,0.0,0.5,none,True,True
142302,1.0,0.0,0.5,none,True,True
142303,1.0,0.0,0.5,none,True,True
142304,1.0,0.0,0.5,none,True,True
142305,1.0,0.0,0.5,none,True,True
142306,1.0,0.0,0.5,none,True,True
142307,1.0,0.0,0.5,none,True,True
142308,1.0,0.0,0.5,none,True,True
142309,1.0,0.0,0.5,none,True,True
142310,1.0,0.0,0.5,none,True,True
142311,1.0,0.0,0.5,none,True,True
142312,1.0,0.0,0.5,none,True,True
142313,1.0,0.0,0.5,none,True,True
142314,1.0,0.0,0.5,none,True,True
142315,1.0,0.0,0.5,none,True,True
142316,1.0,0.0,0.5,none,True,True
142317,1.0,0.0,0.5,none,True,True
142318,1.0,0.0,0.5,none,True,True
142319,1.0,0.0,0.5,none,True,True
142320,1.0,0.0,0.5,none,True,True
142321,1.0,0.0,0.5,none,True,True
142322,1.0,0.0,0.5,none,True,True
142323,1.0,0.0,0.5,none,True,True
142324,1.0,0.0,0.5,none,True,True
142325,1.0,0.0,0.5,none,True,True
142326,1.0,0.0,0.5,none,True,True
142327,1.0,0.0,0.5,none,True,True
142328,1.0,0.0,0.5,none,True,True
142329,1.0,0.0,0.5,none,True,True
142330,1.0,0.0,0.5,none,True,True
142331,1.0,0.0,0.5,none,True,True
142332,1.0,0.0,0.5,none,True,True
142333,1.0,0.0,0.5,none,True,True
142334,1.0,0.0,0.5,none,True,True
142335,1.0,0.0,0.5,none,True,True
142336,1.0,0.0,0.5,none,True,True
142337,1.0,0.0,0.5,none,True,True
142338,1.0,0.0,0.5,none,True,True
142339,1.0,0.0,0.5,none,True,True
142340,1.0,0.0,0.5,none,True,True
142341,1.0,0.0,0.5,none,True,True
142342,1.0,0.0,0.5,none,True,True
142343,1.0,0.0,0.5,none,True,True
142344,1.0,0.0,0.5,none,True,True
142345,1.0,0.0,0.5,none,True,True
142346,1.0,0.0,0.5,none,True,True
142347,1.0,0.0,0.5,none,True,True
142348,1.0,0.0,0.5,none,True,True
142349,1.0,0.0,0.5,none,True,True
142350,1.0,0.0,0.5,none,True,True
142351,1.0,0.0,0.5,none,True,True
142352,1.0,0.0,0.5,none,True,True
142353,1.0,0.0,0.5,none,True,True
142354,1.0,0.0,0.5,none,True,True
142355,1.0,0.0,0.5,none,True,True
142356,1.0,0.0,0.5,none,True,True
142357,1.0,0.0,0.5,none,True,True
142358,1.0,0.0,0.5,none,True,True
142359,1.0,0.0,0.5,none,True,True
142360,1.0,0.0,0.5,none,True,True
142361,1.0,0.0,0.5,none,True,True
142362,1.0,0.0,0.5,none,True,True
142363,1.0,0.0,0.5,none,True,True
142364,1.0,0.0,0.5,none,True,True
142365,1.0,0.0,0.5,none,True,True
142366,1.0,0.0,0.5,none,True,True
142367,1.0,0.0,0.5,none,True,True
142368,1.0,0.0,0.5,none,True,True
142369,1.0,0.0,0.5,none,True,True
142370,1.0,0.0,0.5,none,True,True
142371,1.0,0.0,0.5,none,True,True
142372,1.0,0.0,0.5,none,True,True
142373,1.0,0.0,0.5,none,True,True
142374,1.0,0.0,0.5,none,True,True
142375,1.0,0.0,0.5,none,True,True
142376,1.0,0.0,0.5,none,True,True
142377,1.0,0.0,0.5,none,True,True
142378,1.0,0.0,0.5,none,True,True
142379,1.0,0.0,0.5,none,True,True
142380,1.0,0.0,0.5,none,True,True
142381,1.0,0.0,0.5,none,True,True
142382,1.0,0.0,0.5,none,True,True
142383,1.0,0.0,0.5,none,True,True
142384,1.0,0.0,0.5,none,True,True
142385,1.0,0.0,0.5,none,True,True
142386,1.0,0.0,0.5,none,True,True
142387,1.0,0.0,0.5,none,True,True
142388,1.0,0.0,0.5,none,True,True
142389,1.0,0.0,0.5,none,True,True
142390,1.0,0.0,0.5,none,True,True
142391,1.0,0.0,0.5,none,True,True
142392,1.0,0.0,0.5,none,True,True
142393,1.0,0.0,0.5,none,True,True
142394,1.0,0.0,0.5,none,True,True
142395,1.0,0.0,0.5,none,True,True
142396,1.0,0.0,0.5,none,True,True
142397,1.0,0.0,0.5,none,True,True
142398,1.0,0.0,0.5,none,True,True
142399,1.0,0.0,0.5,none,True,True
142400,1.0,0.0,0.5,none,True,True
142401,1.0,0.0,0.5,none,True,True
142402,1.0,0.0,0.5,none,True,True
142403,1.0,0.0,0.5,none,True,True
142404,1.0,0.0,0.5,none,True,True
142405,1.0,0.0,0.5,none,True,True
142406,1.0,0.0,0.5,none,True,True
142407,1.0,0.0,0.5,none,True,True
142408,1.0,0.0,0.5,none,True,True
142409,1.0,0.0,0.5,none,True,True
142410,1.0,0.0,0.5,none,True,True
142411,1.0,0.0,0.5,none,True,True
142412,1.0,0.0,0.5,none,True,True
142413,1.0,0.0,0.5,none,True,True
142414,1.0,0.0,0.5,none,True,True
142415,1.0,0.0,0.5,none,True,True
142416,1.0,0.0,0.5,none,True,True
142417,1.0,0.0,0.5,none,True,True
142418,1.0,0.0,0.5,none,True,True
142419,1.0,0.0,0.5,none,True,True
142420,1.0,0.0,0.5,none,True,True
142421,1.0,0.0,0.5,none,True,True
142422,1.0,0.0,0.5,none,True,True
142423,1.0,0.0,0.5,none,True,True
142424,1.0,0.0,0.5,none,True,True
142425,1.0,0.0,0.5,none,True,True
142426,1.0,0.0,0.5,none,True,True
142427,1.0,0.0,0.5,none,True,True
142428,1.0,0.0,0.5,none,True,True
142429,1.0,0.0,0.5,none,True,True
142430,1.0,0.0,0.5,none,True,True
142431,1.0,0.0,0.5,none,True,True
142432,1.0,0.0,0.5,none,True,True
142433,1.0,0.0,0.5,none,True,True
142434,1.0,0.0,0.5,none,True,True
142435,1.0,0.0,0.5,none,True,True
142436,1.0,0.0,0.5,none,True,True
142437,1.0,0.0,0.5,none,True,True
142438,1.0,0.0,0.5,none,True,True
142439,1.0,0.0,0.5,none,True,True
142440,1.0,0.0,0.5,none,True,True
142441,1.0,0.0,0.5,none,True,True
142442,1.0,0.0,0.5,none,True,True
142443,1.0,0.0,0.5,none,True,True
142444,1.0,0.0,0.5,none,True,True
142445,1.0,0.0,0.5,none,True,True
142446,1.0,0.0,0.5,none,True,True
142447,1.0,0.0,0.5,none,True,True
142448,1.0,0.0,0.5,none,True,True
142449,1.0,0.0,0.5,none,True,True
142450,1.0,0.0,0.5,none,True,True
142451,1.0,0.0,0.5,none,True,True
142452,1.0,0.0,0.5,none,True,True
142453,1.0,0.0,0.5,none,True,True
142454,1.0,0.0,0.5,none,True,True
142455,1.0,0.0,0.5,none,True,True
142456,1.0,0.0,0.5,none,True,True
142457,1.0,0.0,0.5,none,True,True
142458,1.0,0.0,0.5,none,True,True
142459,1.0,0.0,0.5,none,True,True
142460,1.0,0.0,0.5,none,True,True
142461,1.0,0.0,0.5,none,True,True
142462,1.0,0.0,0.5,none,True,True
142463,1.0,0.0,0.5,none,True,True
142464,1.0,0.0,0.5,none,True,True
142465,1.0,0.0,0.5,none,True,True
142466,1.0,0.0,0.5,none,True,True
142467,1.0,0.0,0.5,none,True,True
142468,1.0,0.0,0.5,none,True,True
142469,1.0,0.0,0.5,none,True,True
142470,1.0,0.0,0.5,none,True,True
142471,1.0,0.0,0.5,none,True,True
142472,1.0,0.0,0.5,none,True,True
142473,1.0,0.0,0.5,none,True,True
142474,1.0,0.0,0.5,none,True,True
142475,1.0,0.0,0.5,none,True,True
142476,1.0,0.0,0.5,none,True,True
142477,1.0,0.0,0.5,none,True,True
142478,1.0,0.0,0.5,none,True,True
142479,1.0,0.0,0.5,none,True,True
142480,1.0,0.0,0.5,none,True,True
142481,1.0,0.0,0.5,none,True,True
142482,1.0,0.0,0.5,none,True,True
142483,1.0,0.0,0.5,none,True,True
142484,1.0,0.0,0.5,none,True,True
142485,1.0,0.0,0.5,none,True,True
142486,1.0,0.0,0.5,none,True,True
142487,1.0,0.0,0.5,none,True,True
142488,1.0,0.0,0.5,none,True,True
142489,1.0,0.0,0.5,none,True,True
142490,1.0,0.0,0.5,none,True,True
142491,1.0,0.0,0.5,none,True,True
142492,1.0,0.0,0.5,none,True,True
142493,1.0,0.0,0.5,none,True,True
142494,1.0,0.0,0.5,none,True,True
142495,1.0,0.0,0.5,none,True,True
142496,1.0,0.0,0.5,none,True,True
142497,1.0,0.0,0.5,none,True,True
142498,1.0,0.0,0.5,none,True,True
142499,1.0,0.0,0.5,none,True,True
142500,1.0,0.0,0.5,none,True,True
142501,1.0,0.0,0.5,none,True,True
142502,1.0,0.0,0.5,none,True,True
142503,1.0,0.0,0.5,none,True,True
142504,1.0,0.0,0.5,none,True,True
142505,1.0,0.0,0.5,none,True,True
142506,1.0,0.0,0.5,none,True,True
142507,1.0,0.0,0.5,none,True,True
142508,1.0,0.0,0.5,none,True,True
142509,1.0,0.0,0.5,none,True,True
142510,1.0,0.0,0.5,none,True,True
142511,1.0,0.0,0.5,none,True,True
142512,1.0,0.0,0.5,none,True,True
142513,1.0,0.0,0.5,none,True,True
142514,1.0,0.0,0.5,none,True,True
142515,1.0,0.0,0.5,none,True,True
142516,1.0,0.0,0.5,none,True,True
142517,1.0,0.0,0.5,none,True,True
142518,1.0,0.0,0.5,none,True,True
142519,1.0,0.0,0.5,none,True,True
142520,1.0,0.0,0.5,none,True,True
142521,1.0,0.0,0.5,none,True,True
142522,1.0,0.0,0.5,none,True,True
142523,1.0,0.0,0.5,none,True,True
142524,1.0,0.0,0.5,none,True,True
142525,1.0,0.0,0.5,none,True,True
142526,1.0,0.0,0.5,none,True,True
142527,1.0,0.0,0.5,none,True,True
142528,1.0,0.0,0.5,none,True,True
142529,1.0,0.0,0.5,none,True,True
142530,1.0,0.0,0.5,none,True,True
142531,1.0,0.0,0.5,none,True,True
142532,1.0,0.0,0.5,none,True,True
142533,1.0,0.0,0.5,none,True,True
142534,1.0,0.0,0.5,none,True,True
142535,1.0,0.0,0.5,none,True,True
142536,1.0,0.0,0.5,none,True,True
142537,1.0,0.0,0.5,none,True,True
142538,1.0,0.0,0.5,none,True,True
142539,1.0,0.0,0.5,none,True,True
142540,1.0,0.0,0.5,none,True,True
142541,1.0,0.0,0.5,none,True,True
142542,1.0,0.0,0.5,none,True,True
142543,1.0,0.0,0.5,none,True,True
142544,1.0,0.0,0.5,none,True,True
142545,1.0,0.0,0.5,none,True,True
142546,1.0,0.0,0.5,none,True,True
142547,1.0,0.0,0.5,none,True,True
142548,1.0,0.0,0.5,none,True,True
142549,1.0,0.0,0.5,none,True,True
142550,1.0,0.0,0.5,none,True,True
142551,1.0,0.0,0.5,none,True,True
142552,1.0,0.0,0.5,none,True,True
142553,1.0,0.0,0.5,none,True,True
142554,1.0,0.0,0.5,none,True,True
142555,1.0,0.0,0.5,none,True,True
142556,1.0,0.0,0.5,none,True,True
142557,1.0,0.0,0.5,none,True,True
142558,1.0,0.0,0.5,none,True,True
142559,1.0,0.0,0.5,none,True,True
142560,1.0,0.0,0.5,none,True,True
142561,1.0,0.0,0.5,none,True,True
142562,1.0,0.0,0.5,none,True,True
142563,1.0,0.0,0.5,none,True,True
142564,1.0,0.0,0.5,none,True,True
142565,1.0,0.0,0.5,none,True,True
142566,1.0,0.0,0.5,none,True,True
142567,1.0,0.0,0.5,none,True,True
142568,1.0,0.0,0.5,none,True,True
142569,1.0,0.0,0.5,none,True,True
142570,1.0,0.0,0.5,none,True,True
142571,1.0,0.0,0.5,none,True,True
142572,1.0,0.0,0.5,none,True,True
142573,1.0,0.0,0.5,none,True,True
142574,1.0,0.0,0.5,none,True,True
142575,1.0,0.0,0.5,none,True,True
142576,1.0,0.0,0.5,none,True,True
142577,1.0,0.0,0.5,none,True,True
142578,1.0,0.0,0.5,none,True,True
142579,1.0,0.0,0.5,none,True,True
142580,1.0,0.0,0.5,none,True,True
142581,1.0,0.0,0.5,none,True,True
142582,1.0,0.0,0.5,none,True,True
142583,1.0,0.0,0.5,none,True,True
142584,1.0,0.0,0.5,none,True,True
142585,1.0,0.0,0.5,none,True,True
142586,1.0,0.0,0.5,none,True,True
142587,1.0,0.0,0.5,none,True,True
142588,1.0,0.0,0.5,none,True,True
142589,1.0,0.0,0.5,none,True,True
142590,1.0,0.0,0.5,none,True,True
142591,1.0,0.0,0.5,none,True,True
142592,1.0,0.0,0.5,none,True,True
142593,1.0,0.0,0.5,none,True,True
142594,1.0,0.0,0.5,none,True,True
142595,1.0,0.0,0.5,none,True,True
142596,1.0,0.0,0.5,none,True,True
142597,1.0,0.0,0.5,none,True,True
142598,1.0,0.0,0.5,none,True,True
142599,1.0,0.0,0.5,none,True,True
142600,1.0,0.0,0.5,none,True,True
142601,1.0,0.0,0.5,none,True,True
142602,1.0,0.0,0.5,none,True,True
142603,1.0,0.0,0.5,none,True,True
142604,1.0,0.0,0.5,none,True,True
142605,1.0,0.0,0.5,none,True,True
142606,1.0,0.0,0.5,none,True,True
142607,1.0,0.0,0.5,none,True,True
142608,1.0,0.0,0.5,none,True,True
142609,1.0,0.0,0.5,none,True,True
142610,1.0,0.0,0.5,none,True,True
142611,1.0,0.0,0.5,none,True,True
142612,1.0,0.0,0.5,none,True,True
142613,1.0,0.0,0.5,none,True,True
142614,1.0,0.0,0.5,none,True,True
142615,1.0,0.0,0.5,none,True,True
142616,1.0,0.0,0.5,none,True,True
142617,1.0,0.0,0.5,none,True,True
142618,1.0,0.0,0.5,none,True,True
142619,1.0,0.0,0.5,none,True,True
142620,1.0,0.0,0.5,none,True,True
142621,1.0,0.0,0.5,none,True,True
142622,1.0,0.0,0.5,none,True,True
142623,1.0,0.0,0.5,none,True,True
142624,1.0,0.0,0.5,none,True,True
142625,1.0,0.0,0.5,none,True,True
142626,1.0,0.0,0.5,none,True,True
142627,1.0,0.0,0.5,none,True,True
142628,1.0,0.0,0.5,none,True,True
142629,1.0,0.0,0.5,none,True,True
142630,1.0,0.0,0.5,none,True,True
142631,1.0,0.0,0.5,none,True,True
142632,1.0,0.0,0.5,none,True,True
142633,1.0,0.0,0.5,none,True,True
142634,1.0,0.0,0.5,none,True,True
142635,1.0,0.0,0.5,none,True,True
142636,1.0,0.0,0.5,none,True,True
142637,1.0,0.0,0.5,none,True,True
142638,1.0,0.0,0.5,none,True,True
142639,1.0,0.0,0.5,none,True,True
142640,1.0,0.0,0.5,none,True,True
142641,1.0,0.0,0.5,none,True,True
142642,1.0,0.0,0.5,none,True,True
142643,1.0,0.0,0.5,none,True,True
142644,1.0,0.0,0.5,none,True,True
142645,1.0,0.0,0.5,none,True,True
142646,1.0,0.0,0.5,none,True,True
142647,1.0,0.0,0.5,none,True,True
142648,1.0,0.0,0.5,none,True,True
142649,1.0,0.0,0.5,none,True,True
142650,1.0,0.0,0.5,none,True,True
142651,1.0,0.0,0.5,none,True,True
142652,1.0,0.0,0.5,none,True,True
142653,1.0,0.0,0.5,none,True,True
142654,1.0,0.0,0.5,none,True,True
142655,1.0,0.0,0.5,none,True,True
142656,1.0,0.0,0.5,none,True,True
142657,1.0,0.0,0.5,none,True,True
142658,1.0,0.0,0.5,none,True,True
142659,1.0,0.0,0.5,none,True,True
142660,1.0,0.0,0.5,none,True,True
142661,1.0,0.0,0.5,none,True,True
142662,1.0,0.0,0.5,none,True,True
142663,1.0,0.0,0.5,none,True,True
142664,1.0,0.0,0.5,none,True,True
142665,1.0,0.0,0.5,none,True,True
142666,1.0,0.0,0.5,none,True,True
142667,1.0,0.0,0.5,none,True,True
142668,1.0,0.0,0.5,none,True,True
142669,1.0,0.0,0.5,none,True,True
142670,1.0,0.0,0.5,none,True,True
142671,1.0,0.0,0.5,none,True,True
142672,1.0,0.0,0.5,none,True,True
142673,1.0,0.0,0.5,none,True,True
142674,1.0,0.0,0.5,none,True,True
142675,1.0,0.0,0.5,none,True,True
142676,1.0,0.0,0.5,none,True,True
142677,1.0,0.0,0.5,none,True,True
142678,1.0,0.0,0.5,none,True,True
142679,1.0,0.0,0.5,none,True,True
142680,1.0,0.0,0.5,none,True,True
142681,1.0,0.0,0.5,none,True,True
142682,1.0,0.0,0.5,none,True,True
142683,1.0,0.0,0.5,none,True,True
142684,1.0,0.0,0.5,none,True,True
142685,1.0,0.0,0.5,none,True,True
142686,1.0,0.0,0.5,none,True,True
142687,1.0,0.0,0.5,none,True,True
142688,1.0,0.0,0.5,none,True,True
142689,1.0,0.0,0.5,none,True,True
142690,1.0,0.0,0.5,none,True,True
142691,1.0,0.0,0.5,none,True,True
142692,1.0,0.0,0.5,none,True,True
142693,1.0,0.0,0.5,none,True,True
142694,1.0,0.0,0.5,none,True,True
142695,1.0,0.0,0.5,none,True,True
142696,1.0,0.0,0.5,none,True,True
142697,1.0,0.0,0.5,none,True,True
142698,1.0,0.0,0.5,none,True,True
142699,1.0,0.0,0.5,none,True,True
142700,1.0,0.0,0.5,none,True,True
142701,1.0,0.0,0.5,none,True,True
142702,1.0,0.0,0.5,none,True,True
142703,1.0,0.0,0.5,none,True,True
142704,1.0,0.0,0.5,none,True,True
142705,1.0,0.0,0.5,none,True,True
142706,1.0,0.0,0.5,none,True,True
142707,1.0,0.0,0.5,none,True,True
142708,1.0,0.0,0.5,none,True,True
142709,1.0,0.0,0.5,none,True,True
142710,1.0,0.0,0.5,none,True,True
142711,1.0,0.0,0.5,none,True,True
142712,1.0,0.0,0.5,none,True,True
142713,1.0,0.0,0.5,none,True,True
142714,1.0,0.0,0.5,none,True,True
142715,1.0,0.0,0.5,none,True,True
142716,1.0,0.0,0.5,none,True,True
142717,1.0,0.0,0.5,none,True,True
142718,1.0,0.0,0.5,none,True,True
142719,1.0,0.0,0.5,none,True,True
142720,1.0,0.0,0.5,none,True,True
142721,1.0,0.0,0.5,none,True,True
142722,1.0,0.0,0.5,none,True,True
142723,1.0,0.0,0.5,none,True,True
142724,1.0,0.0,0.5,none,True,True
142725,1.0,0.0,0.5,none,True,True
142726,1.0,0.0,0.5,none,True,True
142727,1.0,0.0,0.5,none,True,True
142728,1.0,0.0,0.5,none,True,True
142729,1.0,0.0,0.5,none,True,True
142730,1.0,0.0,0.5,none,True,True
142731,1.0,0.0,0.5,none,True,True
142732,1.0,0.0,0.5,none,True,True
142733,1.0,0.0,0.5,none,True,True
142734,1.0,0.0,0.5,none,True,True
142735,1.0,0.0,0.5,none,True,True
142736,1.0,0.0,0.5,none,True,True
142737,1.0,0.0,0.5,none,True,True
142738,1.0,0.0,0.5,none,True,True
142739,1.0,0.0,0.5,none,True,True
142740,1.0,0.0,0.5,none,True,True
142741,1.0,0.0,0.5,none,True,True
142742,1.0,0.0,0.5,none,True,True
142743,1.0,0.0,0.5,none,True,True
142744,1.0,0.0,0.5,none,True,True
142745,1.0,0.0,0.5,none,True,True
142746,1.0,0.0,0.5,none,True,True
142747,1.0,0.0,0.5,none,True,True
142748,1.0,0.0,0.5,none,True,True
142749,1.0,0.0,0.5,none,True,True
142750,1.0,0.0,0.5,none,True,True
142751,1.0,0.0,0.5,none,True,True
142752,1.0,0.0,0.5,none,True,True
142753,1.0,0.0,0.5,none,True,True
142754,1.0,0.0,0.5,none,True,True
142755,1.0,0.0,0.5,none,True,True
142756,1.0,0.0,0.5,none,True,True
142757,1.0,0.0,0.5,none,True,True
142758,1.0,0.0,0.5,none,True,True
142759,1.0,0.0,0.5,none,True,True
142760,1.0,0.0,0.5,none,True,True
142761,1.0,0.0,0.5,none,True,True
142762,1.0,0.0,0.5,none,True,True
142763,1.0,0.0,0.5,none,True,True
142764,1.0,0.0,0.5,none,True,True
142765,1.0,0.0,0.5,none,True,True
142766,1.0,0.0,0.5,none,True,True
142767,1.0,0.0,0.5,none,True,True
142768,1.0,0.0,0.5,none,True,True
142769,1.0,0.0,0.5,none,True,True
142770,1.0,0.0,0.5,none,True,True
142771,1.0,0.0,0.5,none,True,True
142772,1.0,0.0,0.5,none,True,True
142773,1.0,0.0,0.5,none,True,True
142774,1.0,0.0,0.5,none,True,True
142775,1.0,0.0,0.5,none,True,True
142776,1.0,0.0,0.5,none,True,True
142777,1.0,0.0,0.5,none,True,True
142778,1.0,0.0,0.5,none,True,True
142779,1.0,0.0,0.5,none,True,True
142780,1.0,0.0,0.5,none,True,True
142781,1.0,0.0,0.5,none,True,True
142782,1.0,0.0,0.5,none,True,True
142783,1.0,0.0,0.5,none,True,True
142784,1.0,0.0,0.5,none,True,True
142785,1.0,0.0,0.5,none,True,True
142786,1.0,0.0,0.5,none,True,True
142787,1.0,0.0,0.5,none,True,True
142788,1.0,0.0,0.5,none,True,True
142789,1.0,0.0,0.5,none,True,True
142790,1.0,0.0,0.5,none,True,True
142791,1.0,0.0,0.5,none,True,True
142792,1.0,0.0,0.5,none,True,True
142793,1.0,0.0,0.5,none,True,True
142794,1.0,0.0,0.5,none,True,True
142795,1.0,0.0,0.5,none,True,True
142796,1.0,0.0,0.5,none,True,True
142797,1.0,0.0,0.5,none,True,True
142798,1.0,0.0,0.5,none,True,True
142799,1.0,0.0,0.5,none,True,True
142800,1.0,0.0061,0.5,none,True,True
142801,1.0,0.0357,0.5,none,True,True
142802,1.0,0.0812,0.5,none,True,True
142803,1.0,0.1113,0.5,none,True,True
142804,1.0,0.1253,0.5,none,True,True
142805,1.0,0.1408,0.5,none,True,True
142806,1.0,0.0907,0.5,none,True,True
142807,1.0,0.1198,0.5,none,True,True
142808,1.0,0.0467,0.5,none,True,True
142809,1.0,0.0522,0.5,none,True,True
142810,1.0,0.0405,0.5,none,True,True
142811,1.0,0.0313,0.5,none,True,True
142812,1.0,0.0083,0.5,none,True,True
142813,1.0,0.0726,0.5,none,True,True
142814,1.0,0.0793,0.5,none,True,True
142815,1.0,0.0581,0.5,none,True,True
142816,1.0,0.0955,0.5,none,True,True
142817,1.0,0.0839,0.5,none,True,True
142818,1.0,0.0648,0.5,none,True,True
142819,1.0,0.0718,0.5,none,True,True
142820,1.0,0.0589,0.5,none,True,True
142821,1.0,0.0403,0.5,none,True,True
142822,1.0,0.0327,0.5,none,True,True
142823,1.0,0.0277,0.5,none,True,True
142824,1.0,0.017,0.5,none,True,True
142825,1.0,0.0102,0.5,none,True,True
142826,1.0,0.0099,0.5,none,True,True
142827,1.0,0.008,0.5,none,True,True
142828,1.0,0.005,0.5,none,True,True
142829,1.0,0.0063,0.5,none,True,True
142830,1.0,0.009,0.5,none,True,True
142831,1.0,0.0096,0.5,none,True,True
142832,1.0,0.0108,0.5,none,True,True
142833,1.0,0.014,0.5,none,True,True
142834,1.0,0.0161,0.5,none,True,True
142835,1.0,0.0167,0.5,none,True,True
142836,1.0,0.0182,0.5,none,True,True
142837,1.0,0.0196,0.5,none,True,True
142838,1.0,0.0197,0.5,none,True,True
142839,1.0,0.0193,0.5,none,True,True
142840,1.0,0.0193,0.5,none,True,True
142841,1.0,0.0187,0.5,none,True,True
142842,1.0,0.0174,0.5,none,True,True
142843,1.0,0.0163,0.5,none,True,True
142844,1.0,0.0152,0.5,none,True,True
142845,1.0,0.0138,0.5,none,True,True
142846,1.0,0.0123,0.5,none,True,True
142847,1.0,0.0111,0.5,none,True,True
142848,1.0,0.01,0.5,none,True,True
142849,1.0,0.0088,0.5,none,True,True
142850,1.0,0.0078,0.5,none,True,True
142851,1.0,0.0071,0.5,none,True,True
142852,1.0,0.0064,0.5,none,True,True
142853,1.0,0.0057,0.5,none,True,True
142854,1.0,0.0053,0.5,none,True,True
142855,1.0,0.005,0.5,none,True,True
142856,1.0,0.0047,0.5,none,True,True
142857,1.0,0.0045,0.5,none,True,True
142858,1.0,0.0044,0.5,none,True,True
142859,1.0,0.0043,0.5,none,True,True
142860,1.0,0.0042,0.5,none,True,True
142861,1.0,0.0041,0.5,none,True,True
142862,1.0,0.004,0.5,none,True,True
142863,1.0,0.0039,0.5,none,True,True
142864,1.0,0.0038,0.5,none,True,True
142865,1.0,0.0037,0.5,none,True,True
142866,1.0,0.0035,0.5,none,True,True
142867,1.0,0.0033,0.5,none,True,True
142868,1.0,0.0032,0.5,none,True,True
142869,1.0,0.003,0.5,none,True,True
142870,1.0,0.0028,0.5,none,True,True
142871,1.0,0.0026,0.5,none,True,True
142872,1.0,0.0024,0.5,none,True,True
142873,1.0,0.0023,0.5,none,True,True
142874,1.0,0.0021,0.5,none,True,True
142875,1.0,0.0019,0.5,none,True,True
142876,1.0,0.0018,0.5,none,True,True
142877,1.0,0.0017,0.5,none,True,True
142878,1.0,0.0015,0.5,none,True,True
142879,1.0,0.0014,0.5,none,True,True
142880,1.0,0.0013,0.5,none,True,True
142881,1.0,0.0013,0.5,none,True,True
142882,1.0,0.0012,0.5,none,True,True
142883,1.0,0.0011,0.5,none,True,True
142884,1.0,0.0011,0.5,none,True,True
142885,1.0,0.001,0.5,none,True,True
142886,1.0,0.001,0.5,none,True,True
142887,1.0,0.0009,0.5,none,True,True
142888,1.0,0.0009,0.5,none,True,True
142889,1.0,0.0008,0.5,none,True,True
142890,1.0,0.0008,0.5,none,True,True
142891,1.0,0.0008,0.5,none,True,True
142892,1.0,0.0007,0.5,none,True,True
142893,1.0,0.0007,0.5,none,True,True
142894,1.0,0.0006,0.5,none,True,True
142895,1.0,0.0006,0.5,none,True,True
142896,1.0,0.0006,0.5,none,True,True
142897,1.0,0.0005,0.5,none,True,True
142898,1.0,0.0005,0.5,none,True,True
142899,1.0,0.0005,0.5,none,True,True
142900,1.0,0.0004,0.5,none,True,True
142901,1.0,0.0004,0.5,none,True,True
142902,1.0,0.0004,0.5,none,True,True
142903,1.0,0.0004,0.5,none,True,True
142904,1.0,0.0003,0.5,none,True,True
142905,1.0,0.0003,0.5,none,True,True
142906,1.0,0.0003,0.5,none,True,True
142907,1.0,0.0003,0.5,none,True,True
142908,1.0,0.0003,0.5,none,True,True
142909,1.0,0.0003,0.5,none,True,True
142910,1.0,0.0002,0.5,none,True,True
142911,1.0,0.0002,0.5,none,True,True
142912,1.0,0.0002,0.5,none,True,True
142913,1.0,0.0002,0.5,none,True,True
142914,1.0,0.0002,0.5,none,True,True
142915,1.0,0.0002,0.5,none,True,True
142916,1.0,0.0002,0.5,none,True,True
142917,1.0,0.0002,0.5,none,True,True
142918,1.0,0.0002,0.5,none,True,True
142919,1.0,0.0001,0.5,none,True,True
142920,1.0,0.0001,0.5,none,True,True
142921,1.0,0.0001,0.5,none,True,True
142922,1.0,0.0001,0.5,none,True,True
142923,1.0,0.0001,0.5,none,True,True
142924,1.0,0.0001,0.5,none,True,True
142925,1.0,0.0001,0.5,none,True,True
142926,1.0,0.0001,0.5,none,True,True
142927,1.0,0.0001,0.5,none,True,True
142928,1.0,0.0001,0.5,none,True,True
142929,1.0,0.0001,0.5,none,True,True
142930,1.0,0.0001,0.5,none,True,True
142931,1.0,0.0001,0.5,none,True,True
142932,1.0,0.0001,0.5,none,True,True
142933,1.0,0.0001,0.5,none,True,True
142934,1.0,0.0001,0.5,none,True,True
142935,1.0,0.0001,0.5,none,True,True
142936,1.0,0.0001,0.5,none,True,True
142937,1.0,0.0,0.5,none,True,True
142938,1.0,0.0,0.5,none,True,True
142939,1.0,0.0,0.5,none,True,True
142940,1.0,0.0,0.5,none,True,True
142941,1.0,0.0,0.5,none,True,True
142942,1.0,0.0,0.5,none,True,True
142943,1.0,0.0,0.5,none,True,True
142944,1.0,0.0,0.5,none,True,True
142945,1.0,0.0,0.5,none,True,True
142946,1.0,0.0,0.5,none,True,True
142947,1.0,0.0,0.5,none,True,True
142948,1.0,0.0,0.5,none,True,True
142949,1.0,0.0,0.5,none,True,True
142950,1.0,0.0,0.5,none,True,True
142951,1.0,0.0,0.5,none,True,True
142952,1.0,0.0,0.5,none,True,True
142953,1.0,0.0,0.5,none,True,True
142954,1.0,0.0,0.5,none,True,True
142955,1.0,0.0,0.5,none,True,True
142956,1.0,0.0,0.5,none,True,True
142957,1.0,0.0,0.5,none,True,True
142958,1.0,0.0,0.5,none,True,True
142959,1.0,0.0,0.5,none,True,True
142960,1.0,0.0,0.5,none,True,True
142961,1.0,0.0,0.5,none,True,True
142962,1.0,0.0,0.5,none,True,True
142963,1.0,0.0,0.5,none,True,True
142964,1.0,0.0,0.5,none,True,True
142965,1.0,0.0,0.5,none,True,True
142966,1.0,0.0,0.5,none,True,True
142967,1.0,0.0,0.5,none,True,True
142968,1.0,0.0,0.5,none,True,True
142969,1.0,0.0,0.5,none,True,True
142970,1.0,0.0,0.5,none,True,True
142971,1.0,0.0,0.5,none,True,True
142972,1.0,0.0,0.5,none,True,True
142973,1.0,0.0,0.5,none,True,True
142974,1.0,0.0,0.5,none,True,True
142975,1.0,0.0,0.5,none,True,True
142976,1.0,0.0,0.5,none,True,True
142977,1.0,0.0,0.5,none,True,True
142978,1.0,0.0,0.5,none,True,True
142979,1.0,0.0,0.5,none,True,True
142980,1.0,0.0,0.5,none,True,True
142981,1.0,0.0,0.5,none,True,True
142982,1.0,0.0,0.5,none,True,True
142983,1.0,0.0,0.5,none,True,True
142984,1.0,0.0,0.5,none,True,True
142985,1.0,0.0,0.5,none,True,True
142986,1.0,0.0,0.5,none,True,True
142987,1.0,0.0,0.5,none,True,True
142988,1.0,0.0,0.5,none,True,True
142989,1.0,0.0,0.5,none,True,True
142990,1.0,0.0,0.5,none,True,True
142991,1.0,0.0,0.5,none,True,True
142992,1.0,0.0,0.5,none,True,True
142993,1.0,0.0,0.5,none,True,True
142994,1.0,0.0,0.5,none,True,True
142995,1.0,0.0,0.5,none,True,True
142996,1.0,0.0,0.5,none,True,True
142997,1.0,0.0,0.5,none,True,True
142998,1.0,0.0,0.5,none,True,True
142999,1.0,0.0,0.5,none,True,True
143000,1.0,0.0,0.5,none,True,True
143001,1.0,0.0,0.5,none,True,True
143002,1.0,0.0,0.5,none,True,True
143003,1.0,0.0,0.5,none,True,True
143004,1.0,0.0,0.5,none,True,True
143005,1.0,0.0,0.5,none,True,True
143006,1.0,0.0,0.5,none,True,True
143007,1.0,0.0,0.5,none,True,True
143008,1.0,0.0,0.5,none,True,True
143009,1.0,0.0,0.5,none,True,True
143010,1.0,0.0,0.5,none,True,True
143011,1.0,0.0,0.5,none,True,True
143012,1.0,0.0,0.5,none,True,True
143013,1.0,0.0,0.5,none,True,True
143014,1.0,0.0,0.5,none,True,True
143015,1.0,0.0,0.5,none,True,True
143016,1.0,0.0,0.5,none,True,True
143017,1.0,0.0,0.5,none,True,True
143018,1.0,0.0,0.5,none,True,True
143019,1.0,0.0,0.5,none,True,True
143020,1.0,0.0,0.5,none,True,True
143021,1.0,0.0,0.5,none,True,True
143022,1.0,0.0,0.5,none,True,True
143023,1.0,0.0,0.5,none,True,True
143024,1.0,0.0,0.5,none,True,True
143025,1.0,0.0,0.5,none,True,True
143026,1.0,0.0,0.5,none,True,True
143027,1.0,0.0,0.5,none,True,True
143028,1.0,0.0,0.5,none,True,True
143029,1.0,0.0,0.5,none,True,True
143030,1.0,0.0,0.5,none,True,True
143031,1.0,0.0,0.5,none,True,True
143032,1.0,0.0,0.5,none,True,True
143033,1.0,0.0,0.5,none,True,True
143034,1.0,0.0,0.5,none,True,True
143035,1.0,0.0,0.5,none,True,True
143036,1.0,0.0,0.5,none,True,True
143037,1.0,0.0,0.5,none,True,True
143038,1.0,0.0,0.5,none,True,True
143039,1.0,0.0,0.5,none,True,True
143040,1.0,0.0,0.5,none,True,True
143041,1.0,0.0,0.5,none,True,True
143042,1.0,0.0,0.5,none,True,True
143043,1.0,0.0,0.5,none,True,True
143044,1.0,0.0,0.5,none,True,True
143045,1.0,0.0,0.5,none,True,True
143046,1.0,0.0,0.5,none,True,True
143047,1.0,0.0,0.5,none,True,True
143048,1.0,0.0,0.5,none,True,True
143049,1.0,0.0,0.5,none,True,True
143050,1.0,0.0,0.5,none,True,True
143051,1.0,0.0,0.5,none,True,True
143052,1.0,0.0,0.5,none,True,True
143053,1.0,0.0,0.5,none,True,True
143054,1.0,0.0,0.5,none,True,True
143055,1.0,0.0,0.5,none,True,True
143056,1.0,0.0,0.5,none,True,True
143057,1.0,0.0,0.5,none,True,True
143058,1.0,0.0,0.5,none,True,True
143059,1.0,0.0,0.5,none,True,True
143060,1.0,0.0,0.5,none,True,True
143061,1.0,0.0,0.5,none,True,True
143062,1.0,0.0,0.5,none,True,True
143063,1.0,0.0,0.5,none,True,True
143064,1.0,0.0,0.5,none,True,True
143065,1.0,0.0,0.5,none,True,True
143066,1.0,0.0,0.5,none,True,True
143067,1.0,0.0,0.5,none,True,True
143068,1.0,0.0,0.5,none,True,True
143069,1.0,0.0,0.5,none,True,True
143070,1.0,0.0,0.5,none,True,True
143071,1.0,0.0,0.5,none,True,True
143072,1.0,0.0,0.5,none,True,True
143073,1.0,0.0,0.5,none,True,True
143074,1.0,0.0,0.5,none,True,True
143075,1.0,0.0,0.5,none,True,True
143076,1.0,0.0,0.5,none,True,True
143077,1.0,0.0,0.5,none,True,True
143078,1.0,0.0,0.5,none,True,True
143079,1.0,0.0,0.5,none,True,True
143080,1.0,0.0,0.5,none,True,True
143081,1.0,0.0,0.5,none,True,True
143082,1.0,0.0,0.5,none,True,True
143083,1.0,0.0,0.5,none,True,True
143084,1.0,0.0,0.5,none,True,True
143085,1.0,0.0,0.5,none,True,True
143086,1.0,0.0,0.5,none,True,True
143087,1.0,0.0,0.5,none,True,True
143088,1.0,0.0,0.5,none,True,True
143089,1.0,0.0,0.5,none,True,True
143090,1.0,0.0,0.5,none,True,True
143091,1.0,0.0,0.5,none,True,True
143092,1.0,0.0,0.5,none,True,True
143093,1.0,0.0,0.5,none,True,True
143094,1.0,0.0,0.5,none,True,True
143095,1.0,0.0,0.5,none,True,True
143096,1.0,0.0,0.5,none,True,True
143097,1.0,0.0,0.5,none,True,True
143098,1.0,0.0,0.5,none,True,True
143099,1.0,0.0,0.5,none,True,True
143100,1.0,0.0,0.5,none,True,True
143101,1.0,0.0,0.5,none,True,True
143102,1.0,0.0,0.5,none,True,True
143103,1.0,0.0,0.5,none,True,True
143104,1.0,0.0,0.5,none,True,True
143105,1.0,0.0,0.5,none,True,True
143106,1.0,0.0,0.5,none,True,True
143107,1.0,0.0,0.5,none,True,True
143108,1.0,0.0,0.5,none,True,True
143109,1.0,0.0,0.5,none,True,True
143110,1.0,0.0,0.5,none,True,True
143111,1.0,0.0,0.5,none,True,True
143112,1.0,0.0,0.5,none,True,True
143113,1.0,0.0,0.5,none,True,True
143114,1.0,0.0,0.5,none,True,True
143115,1.0,0.0,0.5,none,True,True
143116,1.0,0.0,0.5,none,True,True
143117,1.0,0.0,0.5,none,True,True
143118,1.0,0.0,0.5,none,True,True
143119,1.0,0.0,0.5,none,True,True
143120,1.0,0.0,0.5,none,True,True
143121,1.0,0.0,0.5,none,True,True
143122,1.0,0.0,0.5,none,True,True
143123,1.0,0.0,0.5,none,True,True
143124,1.0,0.0,0.5,none,True,True
143125,1.0,0.0,0.5,none,True,True
143126,1.0,0.0,0.5,none,True,True
143127,1.0,0.0,0.5,none,True,True
143128,1.0,0.0,0.5,none,True,True
143129,1.0,0.0,0.5,none,True,True
143130,1.0,0.0,0.5,none,True,True
143131,1.0,0.0,0.5,none,True,True
143132,1.0,0.0,0.5,none,True,True
143133,1.0,0.0,0.5,none,True,True
143134,1.0,0.0,0.5,none,True,True
143135,1.0,0.0,0.5,none,True,True
143136,1.0,0.0,0.5,none,True,True
143137,1.0,0.0,0.5,none,True,True
143138,1.0,0.0,0.5,none,True,True
143139,1.0,0.0,0.5,none,True,True
143140,1.0,0.0,0.5,none,True,True
143141,1.0,0.0,0.5,none,True,True
143142,1.0,0.0,0.5,none,True,True
143143,1.0,0.0,0.5,none,True,True
143144,1.0,0.0,0.5,none,True,True
143145,1.0,0.0,0.5,none,True,True
143146,1.0,0.0,0.5,none,True,True
143147,1.0,0.0,0.5,none,True,True
143148,1.0,0.0,0.5,none,True,True
143149,1.0,0.0,0.5,none,True,True
143150,1.0,0.0,0.5,none,True,True
143151,1.0,0.0,0.5,none,True,True
143152,1.0,0.0,0.5,none,True,True
143153,1.0,0.0,0.5,none,True,True
143154,1.0,0.0,0.5,none,True,True
143155,1.0,0.0,0.5,none,True,True
143156,1.0,0.0,0.5,none,True,True
143157,1.0,0.0,0.5,none,True,True
143158,1.0,0.0,0.5,none,True,True
143159,1.0,0.0,0.5,none,True,True
143160,1.0,0.0,0.5,none,True,True
143161,1.0,0.0,0.5,none,True,True
143162,1.0,0.0,0.5,none,True,True
143163,1.0,0.0,0.5,none,True,True
143164,1.0,0.0,0.5,none,True,True
143165,1.0,0.0,0.5,none,True,True
143166,1.0,0.0,0.5,none,True,True
143167,1.0,0.0,0.5,none,True,True
143168,1.0,0.0,0.5,none,True,True
143169,1.0,0.0,0.5,none,True,True
143170,1.0,0.0,0.5,none,True,True
143171,1.0,0.0,0.5,none,True,True
143172,1.0,0.0,0.5,none,True,True
143173,1.0,0.0,0.5,none,True,True
143174,1.0,0.0,0.5,none,True,True
143175,1.0,0.0,0.5,none,True,True
143176,1.0,0.0,0.5,none,True,True
143177,1.0,0.0,0.5,none,True,True
143178,1.0,0.0,0.5,none,True,True
143179,1.0,0.0,0.5,none,True,True
143180,1.0,0.0,0.5,none,True,True
143181,1.0,0.0,0.5,none,True,True
143182,1.0,0.0,0.5,none,True,True
143183,1.0,0.0,0.5,none,True,True
143184,1.0,0.0,0.5,none,True,True
143185,1.0,0.0,0.5,none,True,True
143186,1.0,0.0,0.5,none,True,True
143187,1.0,0.0,0.5,none,True,True
143188,1.0,0.0,0.5,none,True,True
143189,1.0,0.0,0.5,none,True,True
143190,1.0,0.0,0.5,none,True,True
143191,1.0,0.0,0.5,none,True,True
143192,1.0,0.0,0.5,none,True,True
143193,1.0,0.0,0.5,none,True,True
143194,1.0,0.0,0.5,none,True,True
143195,1.0,0.0,0.5,none,True,True
143196,1.0,0.0,0.5,none,True,True
143197,1.0,0.0,0.5,none,True,True
143198,1.0,0.0,0.5,none,True,True
143199,1.0,0.0,0.5,none,True,True
143200,1.0,0.0,0.5,none,True,True
143201,1.0,0.0,0.5,none,True,True
143202,1.0,0.0,0.5,none,True,True
143203,1.0,0.0,0.5,none,True,True
143204,1.0,0.0,0.5,none,True,True
143205,1.0,0.0,0.5,none,True,True
143206,1.0,0.0,0.5,none,True,True
143207,1.0,0.0,0.5,none,True,True
143208,1.0,0.0,0.5,none,True,True
143209,1.0,0.0,0.5,none,True,True
143210,1.0,0.0,0.5,none,True,True
143211,1.0,0.0,0.5,none,True,True
143212,1.0,0.0,0.5,none,True,True
143213,1.0,0.0,0.5,none,True,True
143214,1.0,0.0,0.5,none,True,True
143215,1.0,0.0,0.5,none,True,True
143216,1.0,0.0,0.5,none,True,True
143217,1.0,0.0,0.5,none,True,True
143218,1.0,0.0,0.5,none,True,True
143219,1.0,0.0,0.5,none,True,True
143220,1.0,0.0,0.5,none,True,True
143221,1.0,0.0,0.5,none,True,True
143222,1.0,0.0,0.5,none,True,True
143223,1.0,0.0,0.5,none,True,True
143224,1.0,0.0,0.5,none,True,True
143225,1.0,0.0,0.5,none,True,True
143226,1.0,0.0,0.5,none,True,True
143227,1.0,0.0,0.5,none,True,True
143228,1.0,0.0,0.5,none,True,True
143229,1.0,0.0,0.5,none,True,True
143230,1.0,0.0,0.5,none,True,True
143231,1.0,0.0,0.5,none,True,True
143232,1.0,0.0,0.5,none,True,True
143233,1.0,0.0,0.5,none,True,True
143234,1.0,0.0,0.5,none,True,True
143235,1.0,0.0,0.5,none,True,True
143236,1.0,0.0,0.5,none,True,True
143237,1.0,0.0,0.5,none,True,True
143238,1.0,0.0,0.5,none,True,True
143239,1.0,0.0,0.5,none,True,True
143240,1.0,0.0,0.5,none,True,True
143241,1.0,0.0,0.5,none,True,True
143242,1.0,0.0,0.5,none,True,True
143243,1.0,0.0,0.5,none,True,True
143244,1.0,0.0,0.5,none,True,True
143245,1.0,0.0,0.5,none,True,True
143246,1.0,0.0,0.5,none,True,True
143247,1.0,0.0,0.5,none,True,True
143248,1.0,0.0,0.5,none,True,True
143249,1.0,0.0,0.5,none,True,True
143250,1.0,0.0,0.5,none,True,True
143251,1.0,0.0,0.5,none,True,True
143252,1.0,0.0,0.5,none,True,True
143253,1.0,0.0,0.5,none,True,True
143254,1.0,0.0,0.5,none,True,True
143255,1.0,0.0,0.5,none,True,True
143256,1.0,0.0,0.5,none,True,True
143257,1.0,0.0,0.5,none,True,True
143258,1.0,0.0,0.5,none,True,True
143259,1.0,0.0,0.5,none,True,True
143260,1.0,0.0,0.5,none,True,True
143261,1.0,0.0,0.5,none,True,True
143262,1.0,0.0,0.5,none,True,True
143263,1.0,0.0,0.5,none,True,True
143264,1.0,0.0,0.5,none,True,True
143265,1.0,0.0,0.5,none,True,True
143266,1.0,0.0,0.5,none,True,True
143267,1.0,0.0,0.5,none,True,True
143268,1.0,0.0,0.5,none,True,True
143269,1.0,0.0,0.5,none,True,True
143270,1.0,0.0,0.5,none,True,True
143271,1.0,0.0,0.5,none,True,True
143272,1.0,0.0,0.5,none,True,True
143273,1.0,0.0,0.5,none,True,True
143274,1.0,0.0,0.5,none,True,True
143275,1.0,0.0,0.5,none,True,True
143276,1.0,0.0,0.5,none,True,True
143277,1.0,0.0,0.5,none,True,True
143278,1.0,0.0,0.5,none,True,True
143279,1.0,0.0,0.5,none,True,True
143280,1.0,0.0,0.5,none,True,True
143281,1.0,0.0,0.5,none,True,True
143282,1.0,0.0,0.5,none,True,True
143283,1.0,0.0,0.5,none,True,True
143284,1.0,0.0,0.5,none,True,True
143285,1.0,0.0,0.5,none,True,True
143286,1.0,0.0,0.5,none,True,True
143287,1.0,0.0,0.5,none,True,True
143288,1.0,0.0,0.5,none,True,True
143289,1.0,0.0,0.5,none,True,True
143290,1.0,0.0,0.5,none,True,True
143291,1.0,0.0,0.5,none,True,True
143292,1.0,0.0,0.5,none,True,True
143293,1.0,0.0,0.5,none,True,True
143294,1.0,0.0,0.5,none,True,True
143295,1.0,0.0,0.5,none,True,True
143296,1.0,0.0,0.5,none,True,True
143297,1.0,0.0,0.5,none,True,True
143298,1.0,0.0,0.5,none,True,True
143299,1.0,0.0,0.5,none,True,True
143300,1.0,0.0,0.5,none,True,True
143301,1.0,0.0,0.5,none,True,True
143302,1.0,0.0,0.5,none,True,True
143303,1.0,0.0,0.5,none,True,True
143304,1.0,0.0,0.5,none,True,True
143305,1.0,0.0,0.5,none,True,True
143306,1.0,0.0,0.5,none,True,True
143307,1.0,0.0,0.5,none,True,True
143308,1.0,0.0,0.5,none,True,True
143309,1.0,0.0,0.5,none,True,True
143310,1.0,0.0,0.5,none,True,True
143311,1.0,0.0,0.5,none,True,True
143312,1.0,0.0,0.5,none,True,True
143313,1.0,0.0,0.5,none,True,True
143314,1.0,0.0,0.5,none,True,True
143315,1.0,0.0,0.5,none,True,True
143316,1.0,0.0,0.5,none,True,True
143317,1.0,0.0,0.5,none,True,True
143318,1.0,0.0,0.5,none,True,True
143319,1.0,0.0,0.5,none,True,True
143320,1.0,0.0,0.5,none,True,True
143321,1.0,0.0,0.5,none,True,True
143322,1.0,0.0,0.5,none,True,True
143323,1.0,0.0,0.5,none,True,True
143324,1.0,0.0,0.5,none,True,True
143325,1.0,0.0,0.5,none,True,True
143326,1.0,0.0,0.5,none,True,True
143327,1.0,0.0,0.5,none,True,True
143328,1.0,0.0,0.5,none,True,True
143329,1.0,0.0,0.5,none,True,True
143330,1.0,0.0,0.5,none,True,True
143331,1.0,0.0,0.5,none,True,True
143332,1.0,0.0,0.5,none,True,True
143333,1.0,0.0,0.5,none,True,True
143334,1.0,0.0,0.5,none,True,True
143335,1.0,0.0,0.5,none,True,True
143336,1.0,0.0,0.5,none,True,True
143337,1.0,0.0,0.5,none,True,True
143338,1.0,0.0,0.5,none,True,True
143339,1.0,0.0,0.5,none,True,True
143340,1.0,0.0,0.5,none,True,True
143341,1.0,0.0,0.5,none,True,True
143342,1.0,0.0,0.5,none,True,True
143343,1.0,0.0,0.5,none,True,True
143344,1.0,0.0,0.5,none,True,True
143345,1.0,0.0,0.5,none,True,True
143346,1.0,0.0,0.5,none,True,True
143347,1.0,0.0,0.5,none,True,True
143348,1.0,0.0,0.5,none,True,True
143349,1.0,0.0,0.5,none,True,True
143350,1.0,0.0,0.5,none,True,True
143351,1.0,0.0,0.5,none,True,True
143352,1.0,0.0,0.5,none,True,True
143353,1.0,0.0,0.5,none,True,True
143354,1.0,0.0,0.5,none,True,True
143355,1.0,0.0,0.5,none,True,True
143356,1.0,0.0,0.5,none,True,True
143357,1.0,0.0,0.5,none,True,True
143358,1.0,0.0,0.5,none,True,True
143359,1.0,0.0,0.5,none,True,True
143360,1.0,0.0,0.5,none,True,True
143361,1.0,0.0,0.5,none,True,True
143362,1.0,0.0,0.5,none,True,True
143363,1.0,0.0,0.5,none,True,True
143364,1.0,0.0,0.5,none,True,True
143365,1.0,0.0,0.5,none,True,True
143366,1.0,0.0,0.5,none,True,True
143367,1.0,0.0,0.5,none,True,True
143368,1.0,0.0,0.5,none,True,True
143369,1.0,0.0,0.5,none,True,True
143370,1.0,0.0,0.5,none,True,True
143371,1.0,0.0,0.5,none,True,True
143372,1.0,0.0,0.5,none,True,True
143373,1.0,0.0,0.5,none,True,True
143374,1.0,0.0,0.5,none,True,True
143375,1.0,0.0,0.5,none,True,True
143376,1.0,0.0,0.5,none,True,True
143377,1.0,0.0,0.5,none,True,True
143378,1.0,0.0,0.5,none,True,True
143379,1.0,0.0,0.5,none,True,True
143380,1.0,0.0,0.5,none,True,True
143381,1.0,0.0,0.5,none,True,True
143382,1.0,0.0,0.5,none,True,True
143383,1.0,0.0,0.5,none,True,True
143384,1.0,0.0,0.5,none,True,True
143385,1.0,0.0,0.5,none,True,True
143386,1.0,0.0,0.5,none,True,True
143387,1.0,0.0,0.5,none,True,True
143388,1.0,0.0,0.5,none,True,True
143389,1.0,0.0,0.5,none,True,True
143390,1.0,0.0,0.5,none,True,True
143391,1.0,0.0,0.5,none,True,True
143392,1.0,0.0,0.5,none,True,True
143393,1.0,0.0,0.5,none,True,True
143394,1.0,0.0,0.5,none,True,True
143395,1.0,0.0,0.5,none,True,True
143396,1.0,0.0,0.5,none,True,True
143397,1.0,0.0,0.5,none,True,True
143398,1.0,0.0,0.5,none,True,True
143399,1.0,0.0,0.5,none,True,True
143400,1.0,0.0,0.5,none,True,True
143401,1.0,0.0,0.5,none,True,True
143402,1.0,0.0,0.5,none,True,True
143403,1.0,0.0,0.5,none,True,True
143404,1.0,0.0,0.5,none,True,True
143405,1.0,0.0,0.5,none,True,True
143406,1.0,0.0,0.5,none,True,True
143407,1.0,0.0,0.5,none,True,True
143408,1.0,0.0,0.5,none,True,True
143409,1.0,0.0,0.5,none,True,True
143410,1.0,0.0,0.5,none,True,True
143411,1.0,0.0,0.5,none,True,True
143412,1.0,0.0,0.5,none,True,True
143413,1.0,0.0,0.5,none,True,True
143414,1.0,0.0,0.5,none,True,True
143415,1.0,0.0,0.5,none,True,True
143416,1.0,0.0,0.5,none,True,True
143417,1.0,0.0,0.5,none,True,True
143418,1.0,0.0,0.5,none,True,True
143419,1.0,0.0,0.5,none,True,True
143420,1.0,0.0,0.5,none,True,True
143421,1.0,0.0,0.5,none,True,True
143422,1.0,0.0,0.5,none,True,True
143423,1.0,0.0,0.5,none,True,True
143424,1.0,0.0,0.5,none,True,True
143425,1.0,0.0,0.5,none,True,True
143426,1.0,0.0,0.5,none,True,True
143427,1.0,0.0,0.5,none,True,True
143428,1.0,0.0,0.5,none,True,True
143429,1.0,0.0,0.5,none,True,True
143430,1.0,0.0,0.5,none,True,True
143431,1.0,0.0,0.5,none,True,True
143432,1.0,0.0,0.5,none,True,True
143433,1.0,0.0,0.5,none,True,True
143434,1.0,0.0,0.5,none,True,True
143435,1.0,0.0,0.5,none,True,True
143436,1.0,0.0,0.5,none,True,True
143437,1.0,0.0,0.5,none,True,True
143438,1.0,0.0,0.5,none,True,True
143439,1.0,0.0,0.5,none,True,True
143440,1.0,0.0,0.5,none,True,True
143441,1.0,0.0,0.5,none,True,True
143442,1.0,0.0,0.5,none,True,True
143443,1.0,0.0,0.5,none,True,True
143444,1.0,0.0,0.5,none,True,True
143445,1.0,0.0,0.5,none,True,True
143446,1.0,0.0,0.5,none,True,True
143447,1.0,0.0,0.5,none,True,True
143448,1.0,0.0,0.5,none,True,True
143449,1.0,0.0,0.5,none,True,True
143450,1.0,0.0,0.5,none,True,True
143451,1.0,0.0,0.5,none,True,True
143452,1.0,0.0,0.5,none,True,True
143453,1.0,0.0,0.5,none,True,True
143454,1.0,0.0,0.5,none,True,True
143455,1.0,0.0,0.5,none,True,True
143456,1.0,0.0,0.5,none,True,True
143457,1.0,0.0,0.5,none,True,True
143458,1.0,0.0,0.5,none,True,True
143459,1.0,0.0,0.5,none,True,True
143460,1.0,0.0,0.5,none,True,True
143461,1.0,0.0,0.5,none,True,True
143462,1.0,0.0,0.5,none,True,True
143463,1.0,0.0,0.5,none,True,True
143464,1.0,0.0,0.5,none,True,True
143465,1.0,0.0,0.5,none,True,True
143466,1.0,0.0,0.5,none,True,True
143467,1.0,0.0,0.5,none,True,True
143468,1.0,0.0,0.5,none,True,True
143469,1.0,0.0,0.5,none,True,True
143470,1.0,0.0,0.5,none,True,True
143471,1.0,0.0,0.5,none,True,True
143472,1.0,0.0,0.5,none,True,True
143473,1.0,0.0,0.5,none,True,True
143474,1.0,0.0,0.5,none,True,True
143475,1.0,0.0,0.5,none,True,True
143476,1.0,0.0,0.5,none,True,True
143477,1.0,0.0,0.5,none,True,True
143478,1.0,0.0,0.5,none,True,True
143479,1.0,0.0,0.5,none,True,True
143480,1.0,0.0,0.5,none,True,True
143481,1.0,0.0,0.5,none,True,True
143482,1.0,0.0,0.5,none,True,True
143483,1.0,0.0,0.5,none,True,True
143484,1.0,0.0,0.5,none,True,True
143485,1.0,0.0,0.5,none,True,True
143486,1.0,0.0,0.5,none,True,True
143487,1.0,0.0,0.5,none,True,True
143488,1.0,0.0,0.5,none,True,True
143489,1.0,0.0,0.5,none,True,True
143490,1.0,0.0,0.5,none,True,True
143491,1.0,0.0,0.5,none,True,True
143492,1.0,0.0,0.5,none,True,True
143493,1.0,0.0,0.5,none,True,True
143494,1.0,0.0,0.5,none,True,True
143495,1.0,0.0,0.5,none,True,True
143496,1.0,0.0,0.5,none,True,True
143497,1.0,0.0,0.5,none,True,True
143498,1.0,0.0,0.5,none,True,True
143499,1.0,0.0,0.5,none,True,True
143500,1.0,0.0061,0.5,none,True,True
143501,1.0,0.0357,0.5,none,True,True
143502,1.0,0.0812,0.5,none,True,True
143503,1.0,0.1113,0.5,none,True,True
143504,1.0,0.1253,0.5,none,True,True
143505,1.0,0.1408,0.5,none,True,True
143506,1.0,0.0907,0.5,none,True,True
143507,1.0,0.1198,0.5,none,True,True
143508,1.0,0.0467,0.5,none,True,True
143509,1.0,0.0522,0.5,none,True,True
143510,1.0,0.0405,0.5,none,True,True
143511,1.0,0.0313,0.5,none,True,True
143512,1.0,0.0083,0.5,none,True,True
143513,1.0,0.0726,0.5,none,True,True
143514,1.0,0.0793,0.5,none,True,True
143515,1.0,0.0581,0.5,none,True,True
143516,1.0,0.0955,0.5,none,True,True
143517,1.0,0.0839,0.5,none,True,True
143518,1.0,0.0648,0.5,none,True,True
143519,1.0,0.0718,0.5,none,True,True
143520,1.0,0.0589,0.5,none,True,True
143521,1.0,0.0403,0.5,none,True,True
143522,1.0,0.0327,0.5,none,True,True
143523,1.0,0.0277,0.5,none,True,True
143524,1.0,0.017,0.5,none,True,True
143525,1.0,0.0102,0.5,none,True,True
143526,1.0,0.0099,0.5,none,True,True
143527,1.0,0.008,0.5,none,True,True
143528,1.0,0.005,0.5,none,True,True
143529,1.0,0.0063,0.5,none,True,True
143530,1.0,0.009,0.5,none,True,True
143531,1.0,0.0096,0.5,none,True,True
143532,1.0,0.0108,0.5,none,True,True
143533,1.0,0.014,0.5,none,True,True
143534,1.0,0.0161,0.5,none,True,True
143535,1.0,0.0167,0.5,none,True,True
143536,1.0,0.0182,0.5,none,True,True
143537,1.0,0.0196,0.5,none,True,True
143538,1.0,0.0197,0.5,none,True,True
143539,1.0,0.0193,0.5,none,True,True
143540,1.0,0.0193,0.5,none,True,True
143541,1.0,0.0187,0.5,none,True,True
143542,1.0,0.0174,0.5,none,True,True
143543,1.0,0.0163,0.5,none,True,True
143544,1.0,0.0152,0.5,none,True,True
143545,1.0,0.0138,0.5,none,True,True
143546,1.0,0.0123,0.5,none,True,True
143547,1.0,0.0111,0.5,none,True,True
143548,1.0,0.01,0.5,none,True,True
143549,1.0,0.0088,0.5,none,True,True
143550,1.0,0.0078,0.5,none,True,True
143551,1.0,0.0071,0.5,none,True,True
143552,1.0,0.0064,0.5,none,True,True
143553,1.0,0.0057,0.5,none,True,True
143554,1.0,0.0053,0.5,none,True,True
143555,1.0,0.005,0.5,none,True,True
143556,1.0,0.0047,0.5,none,True,True
143557,1.0,0.0045,0.5,none,True,True
143558,1.0,0.0044,0.5,none,True,True
143559,1.0,0.0043,0.5,none,True,True
143560,1.0,0.0042,0.5,none,True,True
143561,1.0,0.0041,0.5,none,True,True
143562,1.0,0.004,0.5,none,True,True
143563,1.0,0.0039,0.5,none,True,True
143564,1.0,0.0038,0.5,none,True,True
143565,1.0,0.0037,0.5,none,True,True
143566,1.0,0.0035,0.5,none,True,True
143567,1.0,0.0033,0.5,none,True,True
143568,1.0,0.0032,0.5,none,True,True
143569,1.0,0.003,0.5,none,True,True
143570,1.0,0.0028,0.5,none,True,True
143571,1.0,0.0026,0.5,none,True,True
143572,1.0,0.0024,0.5,none,True,True
143573,1.0,0.0023,0.5,none,True,True
143574,1.0,0.0021,0.5,none,True,True
143575,1.0,0.0019,0.5,none,True,True
143576,1.0,0.0018,0.5,none,True,True
143577,1.0,0.0017,0.5,none,True,True
143578,1.0,0.0015,0.5,none,True,True
143579,1.0,0.0014,0.5,none,True,True
143580,1.0,0.0013,0.5,none,True,True
143581,1.0,0.0013,0.5,none,True,True
143582,1.0,0.0012,0.5,none,True,True
143583,1.0,0.0011,0.5,none,True,True
143584,1.0,0.0011,0.5,none,True,True
143585,1.0,0.001,0.5,none,True,True
143586,1.0,0.001,0.5,none,True,True
143587,1.0,0.0009,0.5,none,True,True
143588,1.0,0.0009,0.5,none,True,True
143589,1.0,0.0008,0.5,none,True,True
143590,1.0,0.0008,0.5,none,True,True
143591,1.0,0.0008,0.5,none,True,True
143592,1.0,0.0007,0.5,none,True,True
143593,1.0,0.0007,0.5,none,True,True
143594,1.0,0.0006,0.5,none,True,True
143595,1.0,0.0006,0.5,none,True,True
143596,1.0,0.0006,0.5,none,True,True
143597,1.0,0.0005,0.5,none,True,True
143598,1.0,0.0005,0.5,none,True,True
143599,1.0,0.0005,0.5,none,True,True
143600,1.0,0.0004,0.5,none,True,True
143601,1.0,0.0004,0.5,none,True,True
143602,1.0,0.0004,0.5,none,True,True
143603,1.0,0.0004,0.5,none,True,True
143604,1.0,0.0003,0.5,none,True,True
143605,1.0,0.0003,0.5,none,True,True
143606,1.0,0.0003,0.5,none,True,True
143607,1.0,0.0003,0.5,none,True,True
143608,1.0,0.0003,0.5,none,True,True
143609,1.0,0.0003,0.5,none,True,True
143610,1.0,0.0002,0.5,none,True,True
143611,1.0,0.0002,0.5,none,True,True
143612,1.0,0.0002,0.5,none,True,True
143613,1.0,0.0002,0.5,none,True,True
143614,1.0,0.0002,0.5,none,True,True
143615,1.0,0.0002,0.5,none,True,True
143616,1.0,0.0002,0.5,none,True,True
143617,1.0,0.0002,0.5,none,True,True
143618,1.0,0.0002,0.5,none,True,True
143619,1.0,0.0001,0.5,none,True,True
143620,1.0,0.0001,0.5,none,True,True
143621,1.0,0.0001,0.5,none,True,True
143622,1.0,0.0001,0.5,none,True,True
143623,1.0,0.0001,0.5,none,True,True
143624,1.0,0.0001,0.5,none,True,True
143625,1.0,0.0001,0.5,none,True,True
143626,1.0,0.0001,0.5,none,True,True
143627,1.0,0.0001,0.5,none,True,True
143628,1.0,0.0001,0.5,none,True,True
143629,1.0,0.0001,0.5,none,True,True
143630,1.0,0.0001,0.5,none,True,True
143631,1.0,0.0001,0.5,none,True,True
143632,1.0,0.0001,0.5,none,True,True
143633,1.0,0.0001,0.5,none,True,True
143634,1.0,0.0001,0.5,none,True,True
143635,1.0,0.0001,0.5,none,True,True
143636,1.0,0.0001,0.5,none,True,True
143637,1.0,0.0,0.5,none,True,True
143638,1.0,0.0,0.5,none,True,True
143639,1.0,0.0,0.5,none,True,True
143640,1.0,0.0,0.5,none,True,True
143641,1.0,0.0,0.5,none,True,True
143642,1.0,0.0,0.5,none,True,True
143643,1.0,0.0,0.5,none,True,True
143644,1.0,0.0,0.5,none,True,True
143645,1.0,0.0,0.5,none,True,True
143646,1.0,0.0,0.5,none,True,True
143647,1.0,0.0,0.5,none,True,True
143648,1.0,0.0,0.5,none,True,True
143649,1.0,0.0,0.5,none,True,True
143650,1.0,0.0,0.5,none,True,True
143651,1.0,0.0,0.5,none,True,True
143652,1.0,0.0,0.5,none,True,True
143653,1.0,0.0,0.5,none,True,True
143654,1.0,0.0,0.5,none,True,True
143655,1.0,0.0,0.5,none,True,True
143656,1.0,0.0,0.5,none,True,True
143657,1.0,0.0,0.5,none,True,True
143658,1.0,0.0,0.5,none,True,True
143659,1.0,0.0,0.5,none,True,True
143660,1.0,0.0,0.5,none,True,True
143661,1.0,0.0,0.5,none,True,True
143662,1.0,0.0,0.5,none,True,True
143663,1.0,0.0,0.5,none,True,True
143664,1.0,0.0,0.5,none,True,True
143665,1.0,0.0,0.5,none,True,True
143666,1.0,0.0,0.5,none,True,True
143667,1.0,0.0,0.5,none,True,True
143668,1.0,0.0,0.5,none,True,True
143669,1.0,0.0,0.5,none,True,True
143670,1.0,0.0,0.5,none,True,True
143671,1.0,0.0,0.5,none,True,True
143672,1.0,0.0,0.5,none,True,True
143673,1.0,0.0,0.5,none,True,True
143674,1.0,0.0,0.5,none,True,True
143675,1.0,0.0,0.5,none,True,True
143676,1.0,0.0,0.5,none,True,True
143677,1.0,0.0,0.5,none,True,True
143678,1.0,0.0,0.5,none,True,True
143679,1.0,0.0,0.5,none,True,True
143680,1.0,0.0,0.5,none,True,True
143681,1.0,0.0,0.5,none,True,True
143682,1.0,0.0,0.5,none,True,True
143683,1.0,0.0,0.5,none,True,True
143684,1.0,0.0,0.5,none,True,True
143685,1.0,0.0,0.5,none,True,True
143686,1.0,0.0,0.5,none,True,True
143687,1.0,0.0,0.5,none,True,True
143688,1.0,0.0,0.5,none,True,True
143689,1.0,0.0,0.5,none,True,True
143690,1.0,0.0,0.5,none,True,True
143691,1.0,0.0,0.5,none,True,True
143692,1.0,0.0,0.5,none,True,True
143693,1.0,0.0,0.5,none,True,True
143694,1.0,0.0,0.5,none,True,True
143695,1.0,0.0,0.5,none,True,True
143696,1.0,0.0,0.5,none,True,True
143697,1.0,0.0,0.5,none,True,True
143698,1.0,0.0,0.5,none,True,True
143699,1.0,0.0,0.5,none,True,True
143700,1.0,0.0,0.5,none,True,True
143701,1.0,0.0,0.5,none,True,True
143702,1.0,0.0,0.5,none,True,True
143703,1.0,0.0,0.5,none,True,True
143704,1.0,0.0,0.5,none,True,True
143705,1.0,0.0,0.5,none,True,True
143706,1.0,0.0,0.5,none,True,True
143707,1.0,0.0,0.5,none,True,True
143708,1.0,0.0,0.5,none,True,True
143709,1.0,0.0,0.5,none,True,True
143710,1.0,0.0,0.5,none,True,True
143711,1.0,0.0,0.5,none,True,True
143712,1.0,0.0,0.5,none,True,True
143713,1.0,0.0,0.5,none,True,True
143714,1.0,0.0,0.5,none,True,True
143715,1.0,0.0,0.5,none,True,True
143716,1.0,0.0,0.5,none,True,True
143717,1.0,0.0,0.5,none,True,True
143718,1.0,0.0,0.5,none,True,True
143719,1.0,0.0,0.5,none,True,True
143720,1.0,0.0,0.5,none,True,True
143721,1.0,0.0,0.5,none,True,True
143722,1.0,0.0,0.5,none,True,True
143723,1.0,0.0,0.5,none,True,True
143724,1.0,0.0,0.5,none,True,True
143725,1.0,0.0,0.5,none,True,True
143726,1.0,0.0,0.5,none,True,True
143727,1.0,0.0,0.5,none,True,True
143728,1.0,0.0,0.5,none,True,True
143729,1.0,0.0,0.5,none,True,True
143730,1.0,0.0,0.5,none,True,True
143731,1.0,0.0,0.5,none,True,True
143732,1.0,0.0,0.5,none,True,True
143733,1.0,0.0,0.5,none,True,True
143734,1.0,0.0,0.5,none,True,True
143735,1.0,0.0,0.5,none,True,True
143736,1.0,0.0,0.5,none,True,True
143737,1.0,0.0,0.5,none,True,True
143738,1.0,0.0,0.5,none,True,True
143739,1.0,0.0,0.5,none,True,True
143740,1.0,0.0,0.5,none,True,True
143741,1.0,0.0,0.5,none,True,True
143742,1.0,0.0,0.5,none,True,True
143743,1.0,0.0,0.5,none,True,True
143744,1.0,0.0,0.5,none,True,True
143745,1.0,0.0,0.5,none,True,True
143746,1.0,0.0,0.5,none,True,True
143747,1.0,0.0,0.5,none,True,True
143748,1.0,0.0,0.5,none,True,True
143749,1.0,0.0,0.5,none,True,True
143750,1.0,0.0,0.5,none,True,True
143751,1.0,0.0,0.5,none,True,True
143752,1.0,0.0,0.5,none,True,True
143753,1.0,0.0,0.5,none,True,True
143754,1.0,0.0,0.5,none,True,True
143755,1.0,0.0,0.5,none,True,True
143756,1.0,0.0,0.5,none,True,True
143757,1.0,0.0,0.5,none,True,True
143758,1.0,0.0,0.5,none,True,True
143759,1.0,0.0,0.5,none,True,True
143760,1.0,0.0,0.5,none,True,True
143761,1.0,0.0,0.5,none,True,True
143762,1.0,0.0,0.5,none,True,True
143763,1.0,0.0,0.5,none,True,True
143764,1.0,0.0,0.5,none,True,True
143765,1.0,0.0,0.5,none,True,True
143766,1.0,0.0,0.5,none,True,True
143767,1.0,0.0,0.5,none,True,True
143768,1.0,0.0,0.5,none,True,True
143769,1.0,0.0,0.5,none,True,True
143770,1.0,0.0,0.5,none,True,True
143771,1.0,0.0,0.5,none,True,True
143772,1.0,0.0,0.5,none,True,True
143773,1.0,0.0,0.5,none,True,True
143774,1.0,0.0,0.5,none,True,True
143775,1.0,0.0,0.5,none,True,True
143776,1.0,0.0,0.5,none,True,True
143777,1.0,0.0,0.5,none,True,True
143778,1.0,0.0,0.5,none,True,True
143779,1.0,0.0,0.5,none,True,True
143780,1.0,0.0,0.5,none,True,True
143781,1.0,0.0,0.5,none,True,True
143782,1.0,0.0,0.5,none,True,True
143783,1.0,0.0,0.5,none,True,True
143784,1.0,0.0,0.5,none,True,True
143785,1.0,0.0,0.5,none,True,True
143786,1.0,0.0,0.5,none,True,True
143787,1.0,0.0,0.5,none,True,True
143788,1.0,0.0,0.5,none,True,True
143789,1.0,0.0,0.5,none,True,True
143790,1.0,0.0,0.5,none,True,True
143791,1.0,0.0,0.5,none,True,True
143792,1.0,0.0,0.5,none,True,True
143793,1.0,0.0,0.5,none,True,True
143794,1.0,0.0,0.5,none,True,True
143795,1.0,0.0,0.5,none,True,True
143796,1.0,0.0,0.5,none,True,True
143797,1.0,0.0,0.5,none,True,True
143798,1.0,0.0,0.5,none,True,True
143799,1.0,0.0,0.5,none,True,True
143800,1.0,0.0,0.5,none,True,True
143801,1.0,0.0,0.5,none,True,True
143802,1.0,0.0,0.5,none,True,True
143803,1.0,0.0,0.5,none,True,True
143804,1.0,0.0,0.5,none,True,True
143805,1.0,0.0,0.5,none,True,True
143806,1.0,0.0,0.5,none,True,True
143807,1.0,0.0,0.5,none,True,True
143808,1.0,0.0,0.5,none,True,True
143809,1.0,0.0,0.5,none,True,True
143810,1.0,0.0,0.5,none,True,True
143811,1.0,0.0,0.5,none,True,True
143812,1.0,0.0,0.5,none,True,True
143813,1.0,0.0,0.5,none,True,True
143814,1.0,0.0,0.5,none,True,True
143815,1.0,0.0,0.5,none,True,True
143816,1.0,0.0,0.5,none,True,True
143817,1.0,0.0,0.5,none,True,True
143818,1.0,0.0,0.5,none,True,True
143819,1.0,0.0,0.5,none,True,True
143820,1.0,0.0,0.5,none,True,True
143821,1.0,0.0,0.5,none,True,True
143822,1.0,0.0,0.5,none,True,True
143823,1.0,0.0,0.5,none,True,True
143824,1.0,0.0,0.5,none,True,True
143825,1.0,0.0,0.5,none,True,True
143826,1.0,0.0,0.5,none,True,True
143827,1.0,0.0,0.5,none,True,True
143828,1.0,0.0,0.5,none,True,True
143829,1.0,0.0,0.5,none,True,True
143830,1.0,0.0,0.5,none,True,True
143831,1.0,0.0,0.5,none,True,True
143832,1.0,0.0,0.5,none,True,True
143833,1.0,0.0,0.5,none,True,True
143834,1.0,0.0,0.5,none,True,True
143835,1.0,0.0,0.5,none,True,True
143836,1.0,0.0,0.5,none,True,True
143837,1.0,0.0,0.5,none,True,True
143838,1.0,0.0,0.5,none,True,True
143839,1.0,0.0,0.5,none,True,True
143840,1.0,0.0,0.5,none,True,True
143841,1.0,0.0,0.5,none,True,True
143842,1.0,0.0,0.5,none,True,True
143843,1.0,0.0,0.5,none,True,True
143844,1.0,0.0,0.5,none,True,True
143845,1.0,0.0,0.5,none,True,True
143846,1.0,0.0,0.5,none,True,True
143847,1.0,0.0,0.5,none,True,True
143848,1.0,0.0,0.5,none,True,True
143849,1.0,0.0,0.5,none,True,True
143850,1.0,0.0,0.5,none,True,True
143851,1.0,0.0,0.5,none,True,True
143852,1.0,0.0,0.5,none,True,True
143853,1.0,0.0,0.5,none,True,True
143854,1.0,0.0,0.5,none,True,True
143855,1.0,0.0,0.5,none,True,True
143856,1.0,0.0,0.5,none,True,True
143857,1.0,0.0,0.5,none,True,True
143858,1.0,0.0,0.5,none,True,True
143859,1.0,0.0,0.5,none,True,True
143860,1.0,0.0,0.5,none,True,True
143861,1.0,0.0,0.5,none,True,True
143862,1.0,0.0,0.5,none,True,True
143863,1.0,0.0,0.5,none,True,True
143864,1.0,0.0,0.5,none,True,True
143865,1.0,0.0,0.5,none,True,True
143866,1.0,0.0,0.5,none,True,True
143867,1.0,0.0,0.5,none,True,True
143868,1.0,0.0,0.5,none,True,True
143869,1.0,0.0,0.5,none,True,True
143870,1.0,0.0,0.5,none,True,True
143871,1.0,0.0,0.5,none,True,True
143872,1.0,0.0,0.5,none,True,True
143873,1.0,0.0,0.5,none,True,True
143874,1.0,0.0,0.5,none,True,True
143875,1.0,0.0,0.5,none,True,True
143876,1.0,0.0,0.5,none,True,True
143877,1.0,0.0,0.5,none,True,True
143878,1.0,0.0,0.5,none,True,True
143879,1.0,0.0,0.5,none,True,True
143880,1.0,0.0,0.5,none,True,True
143881,1.0,0.0,0.5,none,True,True
143882,1.0,0.0,0.5,none,True,True
143883,1.0,0.0,0.5,none,True,True
143884,1.0,0.0,0.5,none,True,True
143885,1.0,0.0,0.5,none,True,True
143886,1.0,0.0,0.5,none,True,True
143887,1.0,0.0,0.5,none,True,True
143888,1.0,0.0,0.5,none,True,True
143889,1.0,0.0,0.5,none,True,True
143890,1.0,0.0,0.5,none,True,True
143891,1.0,0.0,0.5,none,True,True
143892,1.0,0.0,0.5,none,True,True
143893,1.0,0.0,0.5,none,True,True
143894,1.0,0.0,0.5,none,True,True
143895,1.0,0.0,0.5,none,True,True
143896,1.0,0.0,0.5,none,True,True
143897,1.0,0.0,0.5,none,True,True
143898,1.0,0.0,0.5,none,True,True
143899,1.0,0.0,0.5,none,True,True
143900,1.0,0.0,0.5,none,True,True
143901,1.0,0.0,0.5,none,True,True
143902,1.0,0.0,0.5,none,True,True
143903,1.0,0.0,0.5,none,True,True
143904,1.0,0.0,0.5,none,True,True
143905,1.0,0.0,0.5,none,True,True
143906,1.0,0.0,0.5,none,True,True
143907,1.0,0.0,0.5,none,True,True
143908,1.0,0.0,0.5,none,True,True
143909,1.0,0.0,0.5,none,True,True
143910,1.0,0.0,0.5,none,True,True
143911,1.0,0.0,0.5,none,True,True
143912,1.0,0.0,0.5,none,True,True
143913,1.0,0.0,0.5,none,True,True
143914,1.0,0.0,0.5,none,True,True
143915,1.0,0.0,0.5,none,True,True
143916,1.0,0.0,0.5,none,True,True
143917,1.0,0.0,0.5,none,True,True
143918,1.0,0.0,0.5,none,True,True
143919,1.0,0.0,0.5,none,True,True
143920,1.0,0.0,0.5,none,True,True
143921,1.0,0.0,0.5,none,True,True
143922,1.0,0.0,0.5,none,True,True
143923,1.0,0.0,0.5,none,True,True
143924,1.0,0.0,0.5,none,True,True
143925,1.0,0.0,0.5,none,True,True
143926,1.0,0.0,0.5,none,True,True
143927,1.0,0.0,0.5,none,True,True
143928,1.0,0.0,0.5,none,True,True
143929,1.0,0.0,0.5,none,True,True
143930,1.0,0.0,0.5,none,True,True
143931,1.0,0.0,0.5,none,True,True
143932,1.0,0.0,0.5,none,True,True
143933,1.0,0.0,0.5,none,True,True
143934,1.0,0.0,0.5,none,True,True
143935,1.0,0.0,0.5,none,True,True
143936,1.0,0.0,0.5,none,True,True
143937,1.0,0.0,0.5,none,True,True
143938,1.0,0.0,0.5,none,True,True
143939,1.0,0.0,0.5,none,True,True
143940,1.0,0.0,0.5,none,True,True
143941,1.0,0.0,0.5,none,True,True
143942,1.0,0.0,0.5,none,True,True
143943,1.0,0.0,0.5,none,True,True
143944,1.0,0.0,0.5,none,True,True
143945,1.0,0.0,0.5,none,True,True
143946,1.0,0.0,0.5,none,True,True
143947,1.0,0.0,0.5,none,True,True
143948,1.0,0.0,0.5,none,True,True
143949,1.0,0.0,0.5,none,True,True
143950,1.0,0.0,0.5,none,True,True
143951,1.0,0.0,0.5,none,True,True
143952,1.0,0.0,0.5,none,True,True
143953,1.0,0.0,0.5,none,True,True
143954,1.0,0.0,0.5,none,True,True
143955,1.0,0.0,0.5,none,True,True
143956,1.0,0.0,0.5,none,True,True
143957,1.0,0.0,0.5,none,True,True
143958,1.0,0.0,0.5,none,True,True
143959,1.0,0.0,0.5,none,True,True
143960,1.0,0.0,0.5,none,True,True
143961,1.0,0.0,0.5,none,True,True
143962,1.0,0.0,0.5,none,True,True
143963,1.0,0.0,0.5,none,True,True
143964,1.0,0.0,0.5,none,True,True
143965,1.0,0.0,0.5,none,True,True
143966,1.0,0.0,0.5,none,True,True
143967,1.0,0.0,0.5,none,True,True
143968,1.0,0.0,0.5,none,True,True
143969,1.0,0.0,0.5,none,True,True
143970,1.0,0.0,0.5,none,True,True
143971,1.0,0.0,0.5,none,True,True
143972,1.0,0.0,0.5,none,True,True
143973,1.0,0.0,0.5,none,True,True
143974,1.0,0.0,0.5,none,True,True
143975,1.0,0.0,0.5,none,True,True
143976,1.0,0.0,0.5,none,True,True
143977,1.0,0.0,0.5,none,True,True
143978,1.0,0.0,0.5,none,True,True
143979,1.0,0.0,0.5,none,True,True
143980,1.0,0.0,0.5,none,True,True
143981,1.0,0.0,0.5,none,True,True
143982,1.0,0.0,0.5,none,True,True
143983,1.0,0.0,0.5,none,True,True
143984,1.0,0.0,0.5,none,True,True
143985,1.0,0.0,0.5,none,True,True
143986,1.0,0.0,0.5,none,True,True
143987,1.0,0.0,0.5,none,True,True
143988,1.0,0.0,0.5,none,True,True
143989,1.0,0.0,0.5,none,True,True
143990,1.0,0.0,0.5,none,True,True
143991,1.0,0.0,0.5,none,True,True
143992,1.0,0.0,0.5,none,True,True
143993,1.0,0.0,0.5,none,True,True
143994,1.0,0.0,0.5,none,True,True
143995,1.0,0.0,0.5,none,True,True
143996,1.0,0.0,0.5,none,True,True
143997,1.0,0.0,0.5,none,True,True
143998,1.0,0.0,0.5,none,True,True
143999,1.0,0.0,0.5,none,True,True
144000,1.0,0.0,0.5,none,True,True
144001,1.0,0.0,0.5,none,True,True
144002,1.0,0.0,0.5,none,True,True
144003,1.0,0.0,0.5,none,True,True
144004,1.0,0.0,0.5,none,True,True
144005,1.0,0.0,0.5,none,True,True
144006,1.0,0.0,0.5,none,True,True
144007,1.0,0.0,0.5,none,True,True
144008,1.0,0.0,0.5,none,True,True
144009,1.0,0.0,0.5,none,True,True
144010,1.0,0.0,0.5,none,True,True
144011,1.0,0.0,0.5,none,True,True
144012,1.0,0.0,0.5,none,True,True
144013,1.0,0.0,0.5,none,True,True
144014,1.0,0.0,0.5,none,True,True
144015,1.0,0.0,0.5,none,True,True
144016,1.0,0.0,0.5,none,True,True
144017,1.0,0.0,0.5,none,True,True
144018,1.0,0.0,0.5,none,True,True
144019,1.0,0.0,0.5,none,True,True
144020,1.0,0.0,0.5,none,True,True
144021,1.0,0.0,0.5,none,True,True
144022,1.0,0.0,0.5,none,True,True
144023,1.0,0.0,0.5,none,True,True
144024,1.0,0.0,0.5,none,True,True
144025,1.0,0.0,0.5,none,True,True
144026,1.0,0.0,0.5,none,True,True
144027,1.0,0.0,0.5,none,True,True
144028,1.0,0.0,0.5,none,True,True
144029,1.0,0.0,0.5,none,True,True
144030,1.0,0.0,0.5,none,True,True
144031,1.0,0.0,0.5,none,True,True
144032,1.0,0.0,0.5,none,True,True
144033,1.0,0.0,0.5,none,True,True
144034,1.0,0.0,0.5,none,True,True
144035,1.0,0.0,0.5,none,True,True
144036,1.0,0.0,0.5,none,True,True
144037,1.0,0.0,0.5,none,True,True
144038,1.0,0.0,0.5,none,True,True
144039,1.0,0.0,0.5,none,True,True
144040,1.0,0.0,0.5,none,True,True
144041,1.0,0.0,0.5,none,True,True
144042,1.0,0.0,0.5,none,True,True
144043,1.0,0.0,0.5,none,True,True
144044,1.0,0.0,0.5,none,True,True
144045,1.0,0.0,0.5,none,True,True
144046,1.0,0.0,0.5,none,True,True
144047,1.0,0.0,0.5,none,True,True
144048,1.0,0.0,0.5,none,True,True
144049,1.0,0.0,0.5,none,True,True
144050,1.0,0.0,0.5,none,True,True
144051,1.0,0.0,0.5,none,True,True
144052,1.0,0.0,0.5,none,True,True
144053,1.0,0.0,0.5,none,True,True
144054,1.0,0.0,0.5,none,True,True
144055,1.0,0.0,0.5,none,True,True
144056,1.0,0.0,0.5,none,True,True
144057,1.0,0.0,0.5,none,True,True
144058,1.0,0.0,0.5,none,True,True
144059,1.0,0.0,0.5,none,True,True
144060,1.0,0.0,0.5,none,True,True
144061,1.0,0.0,0.5,none,True,True
144062,1.0,0.0,0.5,none,True,True
144063,1.0,0.0,0.5,none,True,True
144064,1.0,0.0,0.5,none,True,True
144065,1.0,0.0,0.5,none,True,True
144066,1.0,0.0,0.5,none,True,True
144067,1.0,0.0,0.5,none,True,True
144068,1.0,0.0,0.5,none,True,True
144069,1.0,0.0,0.5,none,True,True
144070,1.0,0.0,0.5,none,True,True
144071,1.0,0.0,0.5,none,True,True
144072,1.0,0.0,0.5,none,True,True
144073,1.0,0.0,0.5,none,True,True
144074,1.0,0.0,0.5,none,True,True
144075,1.0,0.0,0.5,none,True,True
144076,1.0,0.0,0.5,none,True,True
144077,1.0,0.0,0.5,none,True,True
144078,1.0,0.0,0.5,none,True,True
144079,1.0,0.0,0.5,none,True,True
144080,1.0,0.0,0.5,none,True,True
144081,1.0,0.0,0.5,none,True,True
144082,1.0,0.0,0.5,none,True,True
144083,1.0,0.0,0.5,none,True,True
144084,1.0,0.0,0.5,none,True,True
144085,1.0,0.0,0.5,none,True,True
144086,1.0,0.0,0.5,none,True,True
144087,1.0,0.0,0.5,none,True,True
144088,1.0,0.0,0.5,none,True,True
144089,1.0,0.0,0.5,none,True,True
144090,1.0,0.0,0.5,none,True,True
144091,1.0,0.0,0.5,none,True,True
144092,1.0,0.0,0.5,none,True,True
144093,1.0,0.0,0.5,none,True,True
144094,1.0,0.0,0.5,none,True,True
144095,1.0,0.0,0.5,none,True,True
144096,1.0,0.0,0.5,none,True,True
144097,1.0,0.0,0.5,none,True,True
144098,1.0,0.0,0.5,none,True,True
144099,1.0,0.0,0.5,none,True,True
144100,1.0,0.0,0.5,none,True,True
144101,1.0,0.0,0.5,none,True,True
144102,1.0,0.0,0.5,none,True,True
144103,1.0,0.0,0.5,none,True,True
144104,1.0,0.0,0.5,none,True,True
144105,1.0,0.0,0.5,none,True,True
144106,1.0,0.0,0.5,none,True,True
144107,1.0,0.0,0.5,none,True,True
144108,1.0,0.0,0.5,none,True,True
144109,1.0,0.0,0.5,none,True,True
144110,1.0,0.0,0.5,none,True,True
144111,1.0,0.0,0.5,none,True,True
144112,1.0,0.0,0.5,none,True,True
144113,1.0,0.0,0.5,none,True,True
144114,1.0,0.0,0.5,none,True,True
144115,1.0,0.0,0.5,none,True,True
144116,1.0,0.0,0.5,none,True,True
144117,1.0,0.0,0.5,none,True,True
144118,1.0,0.0,0.5,none,True,True
144119,1.0,0.0,0.5,none,True,True
144120,1.0,0.0,0.5,none,True,True
144121,1.0,0.0,0.5,none,True,True
144122,1.0,0.0,0.5,none,True,True
144123,1.0,0.0,0.5,none,True,True
144124,1.0,0.0,0.5,none,True,True
144125,1.0,0.0,0.5,none,True,True
144126,1.0,0.0,0.5,none,True,True
144127,1.0,0.0,0.5,none,True,True
144128,1.0,0.0,0.5,none,True,True
144129,1.0,0.0,0.5,none,True,True
144130,1.0,0.0,0.5,none,True,True
144131,1.0,0.0,0.5,none,True,True
144132,1.0,0.0,0.5,none,True,True
144133,1.0,0.0,0.5,none,True,True
144134,1.0,0.0,0.5,none,True,True
144135,1.0,0.0,0.5,none,True,True
144136,1.0,0.0,0.5,none,True,True
144137,1.0,0.0,0.5,none,True,True
144138,1.0,0.0,0.5,none,True,True
144139,1.0,0.0,0.5,none,True,True
144140,1.0,0.0,0.5,none,True,True
144141,1.0,0.0,0.5,none,True,True
144142,1.0,0.0,0.5,none,True,True
144143,1.0,0.0,0.5,none,True,True
144144,1.0,0.0,0.5,none,True,True
144145,1.0,0.0,0.5,none,True,True
144146,1.0,0.0,0.5,none,True,True
144147,1.0,0.0,0.5,none,True,True
144148,1.0,0.0,0.5,none,True,True
144149,1.0,0.0,0.5,none,True,True
144150,1.0,0.0,0.5,none,True,True
144151,1.0,0.0,0.5,none,True,True
144152,1.0,0.0,0.5,none,True,True
144153,1.0,0.0,0.5,none,True,True
144154,1.0,0.0,0.5,none,True,True
144155,1.0,0.0,0.5,none,True,True
144156,1.0,0.0,0.5,none,True,True
144157,1.0,0.0,0.5,none,True,True
144158,1.0,0.0,0.5,none,True,True
144159,1.0,0.0,0.5,none,True,True
144160,1.0,0.0,0.5,none,True,True
144161,1.0,0.0,0.5,none,True,True
144162,1.0,0.0,0.5,none,True,True
144163,1.0,0.0,0.5,none,True,True
144164,1.0,0.0,0.5,none,True,True
144165,1.0,0.0,0.5,none,True,True
144166,1.0,0.0,0.5,none,True,True
144167,1.0,0.0,0.5,none,True,True
144168,1.0,0.0,0.5,none,True,True
144169,1.0,0.0,0.5,none,True,True
144170,1.0,0.0,0.5,none,True,True
144171,1.0,0.0,0.5,none,True,True
144172,1.0,0.0,0.5,none,True,True
144173,1.0,0.0,0.5,none,True,True
144174,1.0,0.0,0.5,none,True,True
144175,1.0,0.0,0.5,none,True,True
144176,1.0,0.0,0.5,none,True,True
144177,1.0,0.0,0.5,none,True,True
144178,1.0,0.0,0.5,none,True,True
144179,1.0,0.0,0.5,none,True,True
144180,1.0,0.0,0.5,none,True,True
144181,1.0,0.0,0.5,none,True,True
144182,1.0,0.0,0.5,none,True,True
144183,1.0,0.0,0.5,none,True,True
144184,1.0,0.0,0.5,none,True,True
144185,1.0,0.0,0.5,none,True,True
144186,1.0,0.0,0.5,none,True,True
144187,1.0,0.0,0.5,none,True,True
144188,1.0,0.0,0.5,none,True,True
144189,1.0,0.0,0.5,none,True,True
144190,1.0,0.0,0.5,none,True,True
144191,1.0,0.0,0.5,none,True,True
144192,1.0,0.0,0.5,none,True,True
144193,1.0,0.0,0.5,none,True,True
144194,1.0,0.0,0.5,none,True,True
144195,1.0,0.0,0.5,none,True,True
144196,1.0,0.0,0.5,none,True,True
144197,1.0,0.0,0.5,none,True,True
144198,1.0,0.0,0.5,none,True,True
144199,1.0,0.0,0.5,none,True,True
144200,1.0,0.0061,0.5,none,True,True
144201,1.0,0.0357,0.5,none,True,True
144202,1.0,0.0812,0.5,none,True,True
144203,1.0,0.1113,0.5,none,True,True
144204,1.0,0.1253,0.5,none,True,True
144205,1.0,0.1408,0.5,none,True,True
144206,1.0,0.0907,0.5,none,True,True
144207,1.0,0.1198,0.5,none,True,True
144208,1.0,0.0467,0.5,none,True,True
144209,1.0,0.0522,0.5,none,True,True
144210,1.0,0.0405,0.5,none,True,True
144211,1.0,0.0313,0.5,none,True,True
144212,1.0,0.0083,0.5,none,True,True
144213,1.0,0.0726,0.5,none,True,True
144214,1.0,0.0793,0.5,none,True,True
144215,1.0,0.0581,0.5,none,True,True
144216,1.0,0.0955,0.5,none,True,True
144217,1.0,0.0839,0.5,none,True,True
144218,1.0,0.0648,0.5,none,True,True
144219,1.0,0.0718,0.5,none,True,True
144220,1.0,0.0589,0.5,none,True,True
144221,1.0,0.0403,0.5,none,True,True
144222,1.0,0.0327,0.5,none,True,True
144223,1.0,0.0277,0.5,none,True,True
144224,1.0,0.017,0.5,none,True,True
144225,1.0,0.0102,0.5,none,True,True
144226,1.0,0.0099,0.5,none,True,True
144227,1.0,0.008,0.5,none,True,True
144228,1.0,0.005,0.5,none,True,True
144229,1.0,0.0063,0.5,none,True,True
144230,1.0,0.009,0.5,none,True,True
144231,1.0,0.0096,0.5,none,True,True
144232,1.0,0.0108,0.5,none,True,True
144233,1.0,0.014,0.5,none,True,True
144234,1.0,0.0161,0.5,none,True,True
144235,1.0,0.0167,0.5,none,True,True
144236,1.0,0.0182,0.5,none,True,True
144237,1.0,0.0196,0.5,none,True,True
144238,1.0,0.0197,0.5,none,True,True
144239,1.0,0.0193,0.5,none,True,True
144240,1.0,0.0193,0.5,none,True,True
144241,1.0,0.0187,0.5,none,True,True
144242,1.0,0.0174,0.5,none,True,True
144243,1.0,0.0163,0.5,none,True,True
144244,1.0,0.0152,0.5,none,True,True
144245,1.0,0.0138,0.5,none,True,True
144246,1.0,0.0123,0.5,none,True,True
144247,1.0,0.0111,0.5,none,True,True
144248,1.0,0.01,0.5,none,True,True
144249,1.0,0.0088,0.5,none,True,True
144250,1.0,0.0078,0.5,none,True,True
144251,1.0,0.0071,0.5,none,True,True
144252,1.0,0.0064,0.5,none,True,True
144253,1.0,0.0057,0.5,none,True,True
144254,1.0,0.0053,0.5,none,True,True
144255,1.0,0.005,0.5,none,True,True
144256,1.0,0.0047,0.5,none,True,True
144257,1.0,0.0045,0.5,none,True,True
144258,1.0,0.0044,0.5,none,True,True
144259,1.0,0.0043,0.5,none,True,True
144260,1.0,0.0042,0.5,none,True,True
144261,1.0,0.0041,0.5,none,True,True
144262,1.0,0.004,0.5,none,True,True
144263,1.0,0.0039,0.5,none,True,True
144264,1.0,0.0038,0.5,none,True,True
144265,1.0,0.0037,0.5,none,True,True
144266,1.0,0.0035,0.5,none,True,True
144267,1.0,0.0033,0.5,none,True,True
144268,1.0,0.0032,0.5,none,True,True
144269,1.0,0.003,0.5,none,True,True
144270,1.0,0.0028,0.5,none,True,True
144271,1.0,0.0026,0.5,none,True,True
144272,1.0,0.0024,0.5,none,True,True
144273,1.0,0.0023,0.5,none,True,True
144274,1.0,0.0021,0.5,none,True,True
144275,1.0,0.0019,0.5,none,True,True
144276,1.0,0.0018,0.5,none,True,True
144277,1.0,0.0017,0.5,none,True,True
144278,1.0,0.0015,0.5,none,True,True
144279,1.0,0.0014,0.5,none,True,True
144280,1.0,0.0013,0.5,none,True,True
144281,1.0,0.0013,0.5,none,True,True
144282,1.0,0.0012,0.5,none,True,True
144283,1.0,0.0011,0.5,none,True,True
144284,1.0,0.0011,0.5,none,True,True
144285,1.0,0.001,0.5,none,True,True
144286,1.0,0.001,0.5,none,True,True
144287,1.0,0.0009,0.5,none,True,True
144288,1.0,0.0009,0.5,none,True,True
144289,1.0,0.0008,0.5,none,True,True
144290,1.0,0.0008,0.5,none,True,True
144291,1.0,0.0008,0.5,none,True,True
144292,1.0,0.0007,0.5,none,True,True
144293,1.0,0.0007,0.5,none,True,True
144294,1.0,0.0006,0.5,none,True,True
144295,1.0,0.0006,0.5,none,True,True
144296,1.0,0.0006,0.5,none,True,True
144297,1.0,0.0005,0.5,none,True,True
144298,1.0,0.0005,0.5,none,True,True
144299,1.0,0.0005,0.5,none,True,True
144300,1.0,0.0004,0.5,none,True,True
144301,1.0,0.0004,0.5,none,True,True
144302,1.0,0.0004,0.5,none,True,True
144303,1.0,0.0004,0.5,none,True,True
144304,1.0,0.0003,0.5,none,True,True
144305,1.0,0.0003,0.5,none,True,True
144306,1.0,0.0003,0.5,none,True,True
144307,1.0,0.0003,0.5,none,True,True
144308,1.0,0.0003,0.5,none,True,True
144309,1.0,0.0003,0.5,none,True,True
144310,1.0,0.0002,0.5,none,True,True
144311,1.0,0.0002,0.5,none,True,True
144312,1.0,0.0002,0.5,none,True,True
144313,1.0,0.0002,0.5,none,True,True
144314,1.0,0.0002,0.5,none,True,True
144315,1.0,0.0002,0.5,none,True,True
144316,1.0,0.0002,0.5,none,True,True
144317,1.0,0.0002,0.5,none,True,True
144318,1.0,0.0002,0.5,none,True,True
144319,1.0,0.0001,0.5,none,True,True
144320,1.0,0.0001,0.5,none,True,True
144321,1.0,0.0001,0.5,none,True,True
144322,1.0,0.0001,0.5,none,True,True
144323,1.0,0.0001,0.5,none,True,True
144324,1.0,0.0001,0.5,none,True,True
144325,1.0,0.0001,0.5,none,True,True
144326,1.0,0.0001,0.5,none,True,True
144327,1.0,0.0001,0.5,none,True,True
144328,1.0,0.0001,0.5,none,True,True
144329,1.0,0.0001,0.5,none,True,True
144330,1.0,0.0001,0.5,none,True,True
144331,1.0,0.0001,0.5,none,True,True
144332,1.0,0.0001,0.5,none,True,True
144333,1.0,0.0001,0.5,none,True,True
144334,1.0,0.0001,0.5,none,True,True
144335,1.0,0.0001,0.5,none,True,True
144336,1.0,0.0001,0.5,none,True,True
144337,1.0,0.0,0.5,none,True,True
144338,1.0,0.0,0.5,none,True,True
144339,1.0,0.0,0.5,none,True,True
144340,1.0,0.0,0.5,none,True,True
144341,1.0,0.0,0.5,none,True,True
144342,1.0,0.0,0.5,none,True,True
144343,1.0,0.0,0.5,none,True,True
144344,1.0,0.0,0.5,none,True,True
144345,1.0,0.0,0.5,none,True,True
144346,1.0,0.0,0.5,none,True,True
144347,1.0,0.0,0.5,none,True,True
144348,1.0,0.0,0.5,none,True,True
144349,1.0,0.0,0.5,none,True,True
144350,1.0,0.0,0.5,none,True,True
144351,1.0,0.0,0.5,none,True,True
144352,1.0,0.0,0.5,none,True,True
144353,1.0,0.0,0.5,none,True,True
144354,1.0,0.0,0.5,none,True,True
144355,1.0,0.0,0.5,none,True,True
144356,1.0,0.0,0.5,none,True,True
144357,1.0,0.0,0.5,none,True,True
144358,1.0,0.0,0.5,none,True,True
144359,1.0,0.0,0.5,none,True,True
144360,1.0,0.0,0.5,none,True,True
144361,1.0,0.0,0.5,none,True,True
144362,1.0,0.0,0.5,none,True,True
144363,1.0,0.0,0.5,none,True,True
144364,1.0,0.0,0.5,none,True,True
144365,1.0,0.0,0.5,none,True,True
144366,1.0,0.0,0.5,none,True,True
144367,1.0,0.0,0.5,none,True,True
144368,1.0,0.0,0.5,none,True,True
144369,1.0,0.0,0.5,none,True,True
144370,1.0,0.0,0.5,none,True,True
144371,1.0,0.0,0.5,none,True,True
144372,1.0,0.0,0.5,none,True,True
144373,1.0,0.0,0.5,none,True,True
144374,1.0,0.0,0.5,none,True,True
144375,1.0,0.0,0.5,none,True,True
144376,1.0,0.0,0.5,none,True,True
144377,1.0,0.0,0.5,none,True,True
144378,1.0,0.0,0.5,none,True,True
144379,1.0,0.0,0.5,none,True,True
144380,1.0,0.0,0.5,none,True,True
144381,1.0,0.0,0.5,none,True,True
144382,1.0,0.0,0.5,none,True,True
144383,1.0,0.0,0.5,none,True,True
144384,1.0,0.0,0.5,none,True,True
144385,1.0,0.0,0.5,none,True,True
144386,1.0,0.0,0.5,none,True,True
144387,1.0,0.0,0.5,none,True,True
144388,1.0,0.0,0.5,none,True,True
144389,1.0,0.0,0.5,none,True,True
144390,1.0,0.0,0.5,none,True,True
144391,1.0,0.0,0.5,none,True,True
144392,1.0,0.0,0.5,none,True,True
144393,1.0,0.0,0.5,none,True,True
144394,1.0,0.0,0.5,none,True,True
144395,1.0,0.0,0.5,none,True,True
144396,1.0,0.0,0.5,none,True,True
144397,1.0,0.0,0.5,none,True,True
144398,1.0,0.0,0.5,none,True,True
144399,1.0,0.0,0.5,none,True,True
144400,1.0,0.0,0.5,none,True,True
144401,1.0,0.0,0.5,none,True,True
144402,1.0,0.0,0.5,none,True,True
144403,1.0,0.0,0.5,none,True,True
144404,1.0,0.0,0.5,none,True,True
144405,1.0,0.0,0.5,none,True,True
144406,1.0,0.0,0.5,none,True,True
144407,1.0,0.0,0.5,none,True,True
144408,1.0,0.0,0.5,none,True,True
144409,1.0,0.0,0.5,none,True,True
144410,1.0,0.0,0.5,none,True,True
144411,1.0,0.0,0.5,none,True,True
144412,1.0,0.0,0.5,none,True,True
144413,1.0,0.0,0.5,none,True,True
144414,1.0,0.0,0.5,none,True,True
144415,1.0,0.0,0.5,none,True,True
144416,1.0,0.0,0.5,none,True,True
144417,1.0,0.0,0.5,none,True,True
144418,1.0,0.0,0.5,none,True,True
144419,1.0,0.0,0.5,none,True,True
144420,1.0,0.0,0.5,none,True,True
144421,1.0,0.0,0.5,none,True,True
144422,1.0,0.0,0.5,none,True,True
144423,1.0,0.0,0.5,none,True,True
144424,1.0,0.0,0.5,none,True,True
144425,1.0,0.0,0.5,none,True,True
144426,1.0,0.0,0.5,none,True,True
144427,1.0,0.0,0.5,none,True,True
144428,1.0,0.0,0.5,none,True,True
144429,1.0,0.0,0.5,none,True,True
144430,1.0,0.0,0.5,none,True,True
144431,1.0,0.0,0.5,none,True,True
144432,1.0,0.0,0.5,none,True,True
144433,1.0,0.0,0.5,none,True,True
144434,1.0,0.0,0.5,none,True,True
144435,1.0,0.0,0.5,none,True,True
144436,1.0,0.0,0.5,none,True,True
144437,1.0,0.0,0.5,none,True,True
144438,1.0,0.0,0.5,none,True,True
144439,1.0,0.0,0.5,none,True,True
144440,1.0,0.0,0.5,none,True,True
144441,1.0,0.0,0.5,none,True,True
144442,1.0,0.0,0.5,none,True,True
144443,1.0,0.0,0.5,none,True,True
144444,1.0,0.0,0.5,none,True,True
144445,1.0,0.0,0.5,none,True,True
144446,1.0,0.0,0.5,none,True,True
144447,1.0,0.0,0.5,none,True,True
144448,1.0,0.0,0.5,none,True,True
144449,1.0,0.0,0.5,none,True,True
144450,1.0,0.0,0.5,none,True,True
144451,1.0,0.0,0.5,none,True,True
144452,1.0,0.0,0.5,none,True,True
144453,1.0,0.0,0.5,none,True,True
144454,1.0,0.0,0.5,none,True,True
144455,1.0,0.0,0.5,none,True,True
144456,1.0,0.0,0.5,none,True,True
144457,1.0,0.0,0.5,none,True,True
144458,1.0,0.0,0.5,none,True,True
144459,1.0,0.0,0.5,none,True,True
144460,1.0,0.0,0.5,none,True,True
144461,1.0,0.0,0.5,none,True,True
144462,1.0,0.0,0.5,none,True,True
144463,1.0,0.0,0.5,none,True,True
144464,1.0,0.0,0.5,none,True,True
144465,1.0,0.0,0.5,none,True,True
144466,1.0,0.0,0.5,none,True,True
144467,1.0,0.0,0.5,none,True,True
144468,1.0,0.0,0.5,none,True,True
144469,1.0,0.0,0.5,none,True,True
144470,1.0,0.0,0.5,none,True,True
144471,1.0,0.0,0.5,none,True,True
144472,1.0,0.0,0.5,none,True,True
144473,1.0,0.0,0.5,none,True,True
144474,1.0,0.0,0.5,none,True,True
144475,1.0,0.0,0.5,none,True,True
144476,1.0,0.0,0.5,none,True,True
144477,1.0,0.0,0.5,none,True,True
144478,1.0,0.0,0.5,none,True,True
144479,1.0,0.0,0.5,none,True,True
144480,1.0,0.0,0.5,none,True,True
144481,1.0,0.0,0.5,none,True,True
144482,1.0,0.0,0.5,none,True,True
144483,1.0,0.0,0.5,none,True,True
144484,1.0,0.0,0.5,none,True,True
144485,1.0,0.0,0.5,none,True,True
144486,1.0,0.0,0.5,none,True,True
144487,1.0,0.0,0.5,none,True,True
144488,1.0,0.0,0.5,none,True,True
144489,1.0,0.0,0.5,none,True,True
144490,1.0,0.0,0.5,none,True,True
144491,1.0,0.0,0.5,none,True,True
144492,1.0,0.0,0.5,none,True,True
144493,1.0,0.0,0.5,none,True,True
144494,1.0,0.0,0.5,none,True,True
144495,1.0,0.0,0.5,none,True,True
144496,1.0,0.0,0.5,none,True,True
144497,1.0,0.0,0.5,none,True,True
144498,1.0,0.0,0.5,none,True,True
144499,1.0,0.0,0.5,none,True,True
144500,1.0,0.0,0.5,none,True,True
144501,1.0,0.0,0.5,none,True,True
144502,1.0,0.0,0.5,none,True,True
144503,1.0,0.0,0.5,none,True,True
144504,1.0,0.0,0.5,none,True,True
144505,1.0,0.0,0.5,none,True,True
144506,1.0,0.0,0.5,none,True,True
144507,1.0,0.0,0.5,none,True,True
144508,1.0,0.0,0.5,none,True,True
144509,1.0,0.0,0.5,none,True,True
144510,1.0,0.0,0.5,none,True,True
144511,1.0,0.0,0.5,none,True,True
144512,1.0,0.0,0.5,none,True,True
144513,1.0,0.0,0.5,none,True,True
144514,1.0,0.0,0.5,none,True,True
144515,1.0,0.0,0.5,none,True,True
144516,1.0,0.0,0.5,none,True,True
144517,1.0,0.0,0.5,none,True,True
144518,1.0,0.0,0.5,none,True,True
144519,1.0,0.0,0.5,none,True,True
144520,1.0,0.0,0.5,none,True,True
144521,1.0,0.0,0.5,none,True,True
144522,1.0,0.0,0.5,none,True,True
144523,1.0,0.0,0.5,none,True,True
144524,1.0,0.0,0.5,none,True,True
144525,1.0,0.0,0.5,none,True,True
144526,1.0,0.0,0.5,none,True,True
144527,1.0,0.0,0.5,none,True,True
144528,1.0,0.0,0.5,none,True,True
144529,1.0,0.0,0.5,none,True,True
144530,1.0,0.0,0.5,none,True,True
144531,1.0,0.0,0.5,none,True,True
144532,1.0,0.0,0.5,none,True,True
144533,1.0,0.0,0.5,none,True,True
144534,1.0,0.0,0.5,none,True,True
144535,1.0,0.0,0.5,none,True,True
144536,1.0,0.0,0.5,none,True,True
144537,1.0,0.0,0.5,none,True,True
144538,1.0,0.0,0.5,none,True,True
144539,1.0,0.0,0.5,none,True,True
144540,1.0,0.0,0.5,none,True,True
144541,1.0,0.0,0.5,none,True,True
144542,1.0,0.0,0.5,none,True,True
144543,1.0,0.0,0.5,none,True,True
144544,1.0,0.0,0.5,none,True,True
144545,1.0,0.0,0.5,none,True,True
144546,1.0,0.0,0.5,none,True,True
144547,1.0,0.0,0.5,none,True,True
144548,1.0,0.0,0.5,none,True,True
144549,1.0,0.0,0.5,none,True,True
144550,1.0,0.0,0.5,none,True,True
144551,1.0,0.0,0.5,none,True,True
144552,1.0,0.0,0.5,none,True,True
144553,1.0,0.0,0.5,none,True,True
144554,1.0,0.0,0.5,none,True,True
144555,1.0,0.0,0.5,none,True,True
144556,1.0,0.0,0.5,none,True,True
144557,1.0,0.0,0.5,none,True,True
144558,1.0,0.0,0.5,none,True,True
144559,1.0,0.0,0.5,none,True,True
144560,1.0,0.0,0.5,none,True,True
144561,1.0,0.0,0.5,none,True,True
144562,1.0,0.0,0.5,none,True,True
144563,1.0,0.0,0.5,none,True,True
144564,1.0,0.0,0.5,none,True,True
144565,1.0,0.0,0.5,none,True,True
144566,1.0,0.0,0.5,none,True,True
144567,1.0,0.0,0.5,none,True,True
144568,1.0,0.0,0.5,none,True,True
144569,1.0,0.0,0.5,none,True,True
144570,1.0,0.0,0.5,none,True,True
144571,1.0,0.0,0.5,none,True,True
144572,1.0,0.0,0.5,none,True,True
144573,1.0,0.0,0.5,none,True,True
144574,1.0,0.0,0.5,none,True,True
144575,1.0,0.0,0.5,none,True,True
144576,1.0,0.0,0.5,none,True,True
144577,1.0,0.0,0.5,none,True,True
144578,1.0,0.0,0.5,none,True,True
144579,1.0,0.0,0.5,none,True,True
144580,1.0,0.0,0.5,none,True,True
144581,1.0,0.0,0.5,none,True,True
144582,1.0,0.0,0.5,none,True,True
144583,1.0,0.0,0.5,none,True,True
144584,1.0,0.0,0.5,none,True,True
144585,1.0,0.0,0.5,none,True,True
144586,1.0,0.0,0.5,none,True,True
144587,1.0,0.0,0.5,none,True,True
144588,1.0,0.0,0.5,none,True,True
144589,1.0,0.0,0.5,none,True,True
144590,1.0,0.0,0.5,none,True,True
144591,1.0,0.0,0.5,none,True,True
144592,1.0,0.0,0.5,none,True,True
144593,1.0,0.0,0.5,none,True,True
144594,1.0,0.0,0.5,none,True,True
144595,1.0,0.0,0.5,none,True,True
144596,1.0,0.0,0.5,none,True,True
144597,1.0,0.0,0.5,none,True,True
144598,1.0,0.0,0.5,none,True,True
144599,1.0,0.0,0.5,none,True,True
144600,1.0,0.0,0.5,none,True,True
144601,1.0,0.0,0.5,none,True,True
144602,1.0,0.0,0.5,none,True,True
144603,1.0,0.0,0.5,none,True,True
144604,1.0,0.0,0.5,none,True,True
144605,1.0,0.0,0.5,none,True,True
144606,1.0,0.0,0.5,none,True,True
144607,1.0,0.0,0.5,none,True,True
144608,1.0,0.0,0.5,none,True,True
144609,1.0,0.0,0.5,none,True,True
144610,1.0,0.0,0.5,none,True,True
144611,1.0,0.0,0.5,none,True,True
144612,1.0,0.0,0.5,none,True,True
144613,1.0,0.0,0.5,none,True,True
144614,1.0,0.0,0.5,none,True,True
144615,1.0,0.0,0.5,none,True,True
144616,1.0,0.0,0.5,none,True,True
144617,1.0,0.0,0.5,none,True,True
144618,1.0,0.0,0.5,none,True,True
144619,1.0,0.0,0.5,none,True,True
144620,1.0,0.0,0.5,none,True,True
144621,1.0,0.0,0.5,none,True,True
144622,1.0,0.0,0.5,none,True,True
144623,1.0,0.0,0.5,none,True,True
144624,1.0,0.0,0.5,none,True,True
144625,1.0,0.0,0.5,none,True,True
144626,1.0,0.0,0.5,none,True,True
144627,1.0,0.0,0.5,none,True,True
144628,1.0,0.0,0.5,none,True,True
144629,1.0,0.0,0.5,none,True,True
144630,1.0,0.0,0.5,none,True,True
144631,1.0,0.0,0.5,none,True,True
144632,1.0,0.0,0.5,none,True,True
144633,1.0,0.0,0.5,none,True,True
144634,1.0,0.0,0.5,none,True,True
144635,1.0,0.0,0.5,none,True,True
144636,1.0,0.0,0.5,none,True,True
144637,1.0,0.0,0.5,none,True,True
144638,1.0,0.0,0.5,none,True,True
144639,1.0,0.0,0.5,none,True,True
144640,1.0,0.0,0.5,none,True,True
144641,1.0,0.0,0.5,none,True,True
144642,1.0,0.0,0.5,none,True,True
144643,1.0,0.0,0.5,none,True,True
144644,1.0,0.0,0.5,none,True,True
144645,1.0,0.0,0.5,none,True,True
144646,1.0,0.0,0.5,none,True,True
144647,1.0,0.0,0.5,none,True,True
144648,1.0,0.0,0.5,none,True,True
144649,1.0,0.0,0.5,none,True,True
144650,1.0,0.0,0.5,none,True,True
144651,1.0,0.0,0.5,none,True,True
144652,1.0,0.0,0.5,none,True,True
144653,1.0,0.0,0.5,none,True,True
144654,1.0,0.0,0.5,none,True,True
144655,1.0,0.0,0.5,none,True,True
144656,1.0,0.0,0.5,none,True,True
144657,1.0,0.0,0.5,none,True,True
144658,1.0,0.0,0.5,none,True,True
144659,1.0,0.0,0.5,none,True,True
144660,1.0,0.0,0.5,none,True,True
144661,1.0,0.0,0.5,none,True,True
144662,1.0,0.0,0.5,none,True,True
144663,1.0,0.0,0.5,none,True,True
144664,1.0,0.0,0.5,none,True,True
144665,1.0,0.0,0.5,none,True,True
144666,1.0,0.0,0.5,none,True,True
144667,1.0,0.0,0.5,none,True,True
144668,1.0,0.0,0.5,none,True,True
144669,1.0,0.0,0.5,none,True,True
144670,1.0,0.0,0.5,none,True,True
144671,1.0,0.0,0.5,none,True,True
144672,1.0,0.0,0.5,none,True,True
144673,1.0,0.0,0.5,none,True,True
144674,1.0,0.0,0.5,none,True,True
144675,1.0,0.0,0.5,none,True,True
144676,1.0,0.0,0.5,none,True,True
144677,1.0,0.0,0.5,none,True,True
144678,1.0,0.0,0.5,none,True,True
144679,1.0,0.0,0.5,none,True,True
144680,1.0,0.0,0.5,none,True,True
144681,1.0,0.0,0.5,none,True,True
144682,1.0,0.0,0.5,none,True,True
144683,1.0,0.0,0.5,none,True,True
144684,1.0,0.0,0.5,none,True,True
144685,1.0,0.0,0.5,none,True,True
144686,1.0,0.0,0.5,none,True,True
144687,1.0,0.0,0.5,none,True,True
144688,1.0,0.0,0.5,none,True,True
144689,1.0,0.0,0.5,none,True,True
144690,1.0,0.0,0.5,none,True,True
144691,1.0,0.0,0.5,none,True,True
144692,1.0,0.0,0.5,none,True,True
144693,1.0,0.0,0.5,none,True,True
144694,1.0,0.0,0.5,none,True,True
144695,1.0,0.0,0.5,none,True,True
144696,1.0,0.0,0.5,none,True,True
144697,1.0,0.0,0.5,none,True,True
144698,1.0,0.0,0.5,none,True,True
144699,1.0,0.0,0.5,none,True,True
144700,1.0,0.0,0.5,none,True,True
144701,1.0,0.0,0.5,none,True,True
144702,1.0,0.0,0.5,none,True,True
144703,1.0,0.0,0.5,none,True,True
144704,1.0,0.0,0.5,none,True,True
144705,1.0,0.0,0.5,none,True,True
144706,1.0,0.0,0.5,none,True,True
144707,1.0,0.0,0.5,none,True,True
144708,1.0,0.0,0.5,none,True,True
144709,1.0,0.0,0.5,none,True,True
144710,1.0,0.0,0.5,none,True,True
144711,1.0,0.0,0.5,none,True,True
144712,1.0,0.0,0.5,none,True,True
144713,1.0,0.0,0.5,none,True,True
144714,1.0,0.0,0.5,none,True,True
144715,1.0,0.0,0.5,none,True,True
144716,1.0,0.0,0.5,none,True,True
144717,1.0,0.0,0.5,none,True,True
144718,1.0,0.0,0.5,none,True,True
144719,1.0,0.0,0.5,none,True,True
144720,1.0,0.0,0.5,none,True,True
144721,1.0,0.0,0.5,none,True,True
144722,1.0,0.0,0.5,none,True,True
144723,1.0,0.0,0.5,none,True,True
144724,1.0,0.0,0.5,none,True,True
144725,1.0,0.0,0.5,none,True,True
144726,1.0,0.0,0.5,none,True,True
144727,1.0,0.0,0.5,none,True,True
144728,1.0,0.0,0.5,none,True,True
144729,1.0,0.0,0.5,none,True,True
144730,1.0,0.0,0.5,none,True,True
144731,1.0,0.0,0.5,none,True,True
144732,1.0,0.0,0.5,none,True,True
144733,1.0,0.0,0.5,none,True,True
144734,1.0,0.0,0.5,none,True,True
144735,1.0,0.0,0.5,none,True,True
144736,1.0,0.0,0.5,none,True,True
144737,1.0,0.0,0.5,none,True,True
144738,1.0,0.0,0.5,none,True,True
144739,1.0,0.0,0.5,none,True,True
144740,1.0,0.0,0.5,none,True,True
144741,1.0,0.0,0.5,none,True,True
144742,1.0,0.0,0.5,none,True,True
144743,1.0,0.0,0.5,none,True,True
144744,1.0,0.0,0.5,none,True,True
144745,1.0,0.0,0.5,none,True,True
144746,1.0,0.0,0.5,none,True,True
144747,1.0,0.0,0.5,none,True,True
144748,1.0,0.0,0.5,none,True,True
144749,1.0,0.0,0.5,none,True,True
144750,1.0,0.0,0.5,none,True,True
144751,1.0,0.0,0.5,none,True,True
144752,1.0,0.0,0.5,none,True,True
144753,1.0,0.0,0.5,none,True,True
144754,1.0,0.0,0.5,none,True,True
144755,1.0,0.0,0.5,none,True,True
144756,1.0,0.0,0.5,none,True,True
144757,1.0,0.0,0.5,none,True,True
144758,1.0,0.0,0.5,none,True,True
144759,1.0,0.0,0.5,none,True,True
144760,1.0,0.0,0.5,none,True,True
144761,1.0,0.0,0.5,none,True,True
144762,1.0,0.0,0.5,none,True,True
144763,1.0,0.0,0.5,none,True,True
144764,1.0,0.0,0.5,none,True,True
144765,1.0,0.0,0.5,none,True,True
144766,1.0,0.0,0.5,none,True,True
144767,1.0,0.0,0.5,none,True,True
144768,1.0,0.0,0.5,none,True,True
144769,1.0,0.0,0.5,none,True,True
144770,1.0,0.0,0.5,none,True,True
144771,1.0,0.0,0.5,none,True,True
144772,1.0,0.0,0.5,none,True,True
144773,1.0,0.0,0.5,none,True,True
144774,1.0,0.0,0.5,none,True,True
144775,1.0,0.0,0.5,none,True,True
144776,1.0,0.0,0.5,none,True,True
144777,1.0,0.0,0.5,none,True,True
144778,1.0,0.0,0.5,none,True,True
144779,1.0,0.0,0.5,none,True,True
144780,1.0,0.0,0.5,none,True,True
144781,1.0,0.0,0.5,none,True,True
144782,1.0,0.0,0.5,none,True,True
144783,1.0,0.0,0.5,none,True,True
144784,1.0,0.0,0.5,none,True,True
144785,1.0,0.0,0.5,none,True,True
144786,1.0,0.0,0.5,none,True,True
144787,1.0,0.0,0.5,none,True,True
144788,1.0,0.0,0.5,none,True,True
144789,1.0,0.0,0.5,none,True,True
144790,1.0,0.0,0.5,none,True,True
144791,1.0,0.0,0.5,none,True,True
144792,1.0,0.0,0.5,none,True,True
144793,1.0,0.0,0.5,none,True,True
144794,1.0,0.0,0.5,none,True,True
144795,1.0,0.0,0.5,none,True,True
144796,1.0,0.0,0.5,none,True,True
144797,1.0,0.0,0.5,none,True,True
144798,1.0,0.0,0.5,none,True,True
144799,1.0,0.0,0.5,none,True,True
144800,1.0,0.0,0.5,none,True,True
144801,1.0,0.0,0.5,none,True,True
144802,1.0,0.0,0.5,none,True,True
144803,1.0,0.0,0.5,none,True,True
144804,1.0,0.0,0.5,none,True,True
144805,1.0,0.0,0.5,none,True,True
144806,1.0,0.0,0.5,none,True,True
144807,1.0,0.0,0.5,none,True,True
144808,1.0,0.0,0.5,none,True,True
144809,1.0,0.0,0.5,none,True,True
144810,1.0,0.0,0.5,none,True,True
144811,1.0,0.0,0.5,none,True,True
144812,1.0,0.0,0.5,none,True,True
144813,1.0,0.0,0.5,none,True,True
144814,1.0,0.0,0.5,none,True,True
144815,1.0,0.0,0.5,none,True,True
144816,1.0,0.0,0.5,none,True,True
144817,1.0,0.0,0.5,none,True,True
144818,1.0,0.0,0.5,none,True,True
144819,1.0,0.0,0.5,none,True,True
144820,1.0,0.0,0.5,none,True,True
144821,1.0,0.0,0.5,none,True,True
144822,1.0,0.0,0.5,none,True,True
144823,1.0,0.0,0.5,none,True,True
144824,1.0,0.0,0.5,none,True,True
144825,1.0,0.0,0.5,none,True,True
144826,1.0,0.0,0.5,none,True,True
144827,1.0,0.0,0.5,none,True,True
144828,1.0,0.0,0.5,none,True,True
144829,1.0,0.0,0.5,none,True,True
144830,1.0,0.0,0.5,none,True,True
144831,1.0,0.0,0.5,none,True,True
144832,1.0,0.0,0.5,none,True,True
144833,1.0,0.0,0.5,none,True,True
144834,1.0,0.0,0.5,none,True,True
144835,1.0,0.0,0.5,none,True,True
144836,1.0,0.0,0.5,none,True,True
144837,1.0,0.0,0.5,none,True,True
144838,1.0,0.0,0.5,none,True,True
144839,1.0,0.0,0.5,none,True,True
144840,1.0,0.0,0.5,none,True,True
144841,1.0,0.0,0.5,none,True,True
144842,1.0,0.0,0.5,none,True,True
144843,1.0,0.0,0.5,none,True,True
144844,1.0,0.0,0.5,none,True,True
144845,1.0,0.0,0.5,none,True,True
144846,1.0,0.0,0.5,none,True,True
144847,1.0,0.0,0.5,none,True,True
144848,1.0,0.0,0.5,none,True,True
144849,1.0,0.0,0.5,none,True,True
144850,1.0,0.0,0.5,none,True,True
144851,1.0,0.0,0.5,none,True,True
144852,1.0,0.0,0.5,none,True,True
144853,1.0,0.0,0.5,none,True,True
144854,1.0,0.0,0.5,none,True,True
144855,1.0,0.0,0.5,none,True,True
144856,1.0,0.0,0.5,none,True,True
144857,1.0,0.0,0.5,none,True,True
144858,1.0,0.0,0.5,none,True,True
144859,1.0,0.0,0.5,none,True,True
144860,1.0,0.0,0.5,none,True,True
144861,1.0,0.0,0.5,none,True,True
144862,1.0,0.0,0.5,none,True,True
144863,1.0,0.0,0.5,none,True,True
144864,1.0,0.0,0.5,none,True,True
144865,1.0,0.0,0.5,none,True,True
144866,1.0,0.0,0.5,none,True,True
144867,1.0,0.0,0.5,none,True,True
144868,1.0,0.0,0.5,none,True,True
144869,1.0,0.0,0.5,none,True,True
144870,1.0,0.0,0.5,none,True,True
144871,1.0,0.0,0.5,none,True,True
144872,1.0,0.0,0.5,none,True,True
144873,1.0,0.0,0.5,none,True,True
144874,1.0,0.0,0.5,none,True,True
144875,1.0,0.0,0.5,none,True,True
144876,1.0,0.0,0.5,none,True,True
144877,1.0,0.0,0.5,none,True,True
144878,1.0,0.0,0.5,none,True,True
144879,1.0,0.0,0.5,none,True,True
144880,1.0,0.0,0.5,none,True,True
144881,1.0,0.0,0.5,none,True,True
144882,1.0,0.0,0.5,none,True,True
144883,1.0,0.0,0.5,none,True,True
144884,1.0,0.0,0.5,none,True,True
144885,1.0,0.0,0.5,none,True,True
144886,1.0,0.0,0.5,none,True,True
144887,1.0,0.0,0.5,none,True,True
144888,1.0,0.0,0.5,none,True,True
144889,1.0,0.0,0.5,none,True,True
144890,1.0,0.0,0.5,none,True,True
144891,1.0,0.0,0.5,none,True,True
144892,1.0,0.0,0.5,none,True,True
144893,1.0,0.0,0.5,none,True,True
144894,1.0,0.0,0.5,none,True,True
144895,1.0,0.0,0.5,none,True,True
144896,1.0,0.0,0.5,none,True,True
144897,1.0,0.0,0.5,none,True,True
144898,1.0,0.0,0.5,none,True,True
144899,1.0,0.0,0.5,none,True,True
144900,1.0,0.0061,0.5,none,True,True
144901,1.0,0.0357,0.5,none,True,True
144902,1.0,0.0812,0.5,none,True,True
144903,1.0,0.1113,0.5,none,True,True
144904,1.0,0.1253,0.5,none,True,True
144905,1.0,0.1408,0.5,none,True,True
144906,1.0,0.0907,0.5,none,True,True
144907,1.0,0.1198,0.5,none,True,True
144908,1.0,0.0467,0.5,none,True,True
144909,1.0,0.0522,0.5,none,True,True
144910,1.0,0.0405,0.5,none,True,True
144911,1.0,0.0313,0.5,none,True,True
144912,1.0,0.0083,0.5,none,True,True
144913,1.0,0.0726,0.5,none,True,True
144914,1.0,0.0793,0.5,none,True,True
144915,1.0,0.0581,0.5,none,True,True
144916,1.0,0.0955,0.5,none,True,True
144917,1.0,0.0839,0.5,none,True,True
144918,1.0,0.0648,0.5,none,True,True
144919,1.0,0.0718,0.5,none,True,True
144920,1.0,0.0589,0.5,none,True,True
144921,1.0,0.0403,0.5,none,True,True
144922,1.0,0.0327,0.5,none,True,True
144923,1.0,0.0277,0.5,none,True,True
144924,1.0,0.017,0.5,none,True,True
144925,1.0,0.0102,0.5,none,True,True
144926,1.0,0.0099,0.5,none,True,True
144927,1.0,0.008,0.5,none,True,True
144928,1.0,0.005,0.5,none,True,True
144929,1.0,0.0063,0.5,none,True,True
144930,1.0,0.009,0.5,none,True,True
144931,1.0,0.0096,0.5,none,True,True
144932,1.0,0.0108,0.5,none,True,True
144933,1.0,0.014,0.5,none,True,True
144934,1.0,0.0161,0.5,none,True,True
144935,1.0,0.0167,0.5,none,True,True
144936,1.0,0.0182,0.5,none,True,True
144937,1.0,0.0196,0.5,none,True,True
144938,1.0,0.0197,0.5,none,True,True
144939,1.0,0.0193,0.5,none,True,True
144940,1.0,0.0193,0.5,none,True,True
144941,1.0,0.0187,0.5,none,True,True
144942,1.0,0.0174,0.5,none,True,True
144943,1.0,0.0163,0.5,none,True,True
144944,1.0,0.0152,0.5,none,True,True
144945,1.0,0.0138,0.5,none,True,True
144946,1.0,0.0123,0.5,none,True,True
144947,1.0,0.0111,0.5,none,True,True
144948,1.0,0.01,0.5,none,True,True
144949,1.0,0.0088,0.5,none,True,True
144950,1.0,0.0078,0.5,none,True,True
144951,1.0,0.0071,0.5,none,True,True
144952,1.0,0.0064,0.5,none,True,True
144953,1.0,0.0057,0.5,none,True,True
144954,1.0,0.0053,0.5,none,True,True
144955,1.0,0.005,0.5,none,True,True
144956,1.0,0.0047,0.5,none,True,True
144957,1.0,0.0045,0.5,none,True,True
144958,1.0,0.0044,0.5,none,True,True
144959,1.0,0.0043,0.5,none,True,True
144960,1.0,0.0042,0.5,none,True,True
144961,1.0,0.0041,0.5,none,True,True
144962,1.0,0.004,0.5,none,True,True
144963,1.0,0.0039,0.5,none,True,True
144964,1.0,0.0038,0.5,none,True,True
144965,1.0,0.0037,0.5,none,True,True
144966,1.0,0.0035,0.5,none,True,True
144967,1.0,0.0033,0.5,none,True,True
144968,1.0,0.0032,0.5,none,True,True
144969,1.0,0.003,0.5,none,True,True
144970,1.0,0.0028,0.5,none,True,True
144971,1.0,0.0026,0.5,none,True,True
144972,1.0,0.0024,0.5,none,True,True
144973,1.0,0.0023,0.5,none,True,True
144974,1.0,0.0021,0.5,none,True,True
144975,1.0,0.0019,0.5,none,True,True
144976,1.0,0.0018,0.5,none,True,True
144977,1.0,0.0017,0.5,none,True,True
144978,1.0,0.0015,0.5,none,True,True
144979,1.0,0.0014,0.5,none,True,True
144980,1.0,0.0013,0.5,none,True,True
144981,1.0,0.0013,0.5,none,True,True
144982,1.0,0.0012,0.5,none,True,True
144983,1.0,0.0011,0.5,none,True,True
144984,1.0,0.0011,0.5,none,True,True
144985,1.0,0.001,0.5,none,True,True
144986,1.0,0.001,0.5,none,True,True
144987,1.0,0.0009,0.5,none,True,True
144988,1.0,0.0009,0.5,none,True,True
144989,1.0,0.0008,0.5,none,True,True
144990,1.0,0.0008,0.5,none,True,True
144991,1.0,0.0008,0.5,none,True,True
144992,1.0,0.0007,0.5,none,True,True
144993,1.0,0.0007,0.5,none,True,True
144994,1.0,0.0006,0.5,none,True,True
144995,1.0,0.0006,0.5,none,True,True
144996,1.0,0.0006,0.5,none,True,True
144997,1.0,0.0005,0.5,none,True,True
144998,1.0,0.0005,0.5,none,True,True
144999,1.0,0.0005,0.5,none,True,True
145000,1.0,0.0004,0.5,none,True,True
145001,1.0,0.0004,0.5,none,True,True
145002,1.0,0.0004,0.5,none,True,True
145003,1.0,0.0004,0.5,none,True,True
145004,1.0,0.0003,0.5,none,True,True
145005,1.0,0.0003,0.5,none,True,True
145006,1.0,0.0003,0.5,none,True,True
145007,1.0,0.0003,0.5,none,True,True
145008,1.0,0.0003,0.5,none,True,True
145009,1.0,0.0003,0.5,none,True,True
145010,1.0,0.0002,0.5,none,True,True
145011,1.0,0.0002,0.5,none,True,True
145012,1.0,0.0002,0.5,none,True,True
145013,1.0,0.0002,0.5,none,True,True
145014,1.0,0.0002,0.5,none,True,True
145015,1.0,0.0002,0.5,none,True,True
145016,1.0,0.0002,0.5,none,True,True
145017,1.0,0.0002,0.5,none,True,True
145018,1.0,0.0002,0.5,none,True,True
145019,1.0,0.0001,0.5,none,True,True
145020,1.0,0.0001,0.5,none,True,True
145021,1.0,0.0001,0.5,none,True,True
145022,1.0,0.0001,0.5,none,True,True
145023,1.0,0.0001,0.5,none,True,True
145024,1.0,0.0001,0.5,none,True,True
145025,1.0,0.0001,0.5,none,True,True
145026,1.0,0.0001,0.5,none,True,True
145027,1.0,0.0001,0.5,none,True,True
145028,1.0,0.0001,0.5,none,True,True
145029,1.0,0.0001,0.5,none,True,True
145030,1.0,0.0001,0.5,none,True,True
145031,1.0,0.0001,0.5,none,True,True
145032,1.0,0.0001,0.5,none,True,True
145033,1.0,0.0001,0.5,none,True,True
145034,1.0,0.0001,0.5,none,True,True
145035,1.0,0.0001,0.5,none,True,True
145036,1.0,0.0001,0.5,none,True,True
145037,1.0,0.0,0.5,none,True,True
145038,1.0,0.0,0.5,none,True,True
145039,1.0,0.0,0.5,none,True,True
145040,1.0,0.0,0.5,none,True,True
145041,1.0,0.0,0.5,none,True,True
145042,1.0,0.0,0.5,none,True,True
145043,1.0,0.0,0.5,none,True,True
145044,1.0,0.0,0.5,none,True,True
145045,1.0,0.0,0.5,none,True,True
145046,1.0,0.0,0.5,none,True,True
145047,1.0,0.0,0.5,none,True,True
145048,1.0,0.0,0.5,none,True,True
145049,1.0,0.0,0.5,none,True,True
145050,1.0,0.0,0.5,none,True,True
145051,1.0,0.0,0.5,none,True,True
145052,1.0,0.0,0.5,none,True,True
145053,1.0,0.0,0.5,none,True,True
145054,1.0,0.0,0.5,none,True,True
145055,1.0,0.0,0.5,none,True,True
145056,1.0,0.0,0.5,none,True,True
145057,1.0,0.0,0.5,none,True,True
145058,1.0,0.0,0.5,none,True,True
145059,1.0,0.0,0.5,none,True,True
145060,1.0,0.0,0.5,none,True,True
145061,1.0,0.0,0.5,none,True,True
145062,1.0,0.0,0.5,none,True,True
145063,1.0,0.0,0.5,none,True,True
145064,1.0,0.0,0.5,none,True,True
145065,1.0,0.0,0.5,none,True,True
145066,1.0,0.0,0.5,none,True,True
145067,1.0,0.0,0.5,none,True,True
145068,1.0,0.0,0.5,none,True,True
145069,1.0,0.0,0.5,none,True,True
145070,1.0,0.0,0.5,none,True,True
145071,1.0,0.0,0.5,none,True,True
145072,1.0,0.0,0.5,none,True,True
145073,1.0,0.0,0.5,none,True,True
145074,1.0,0.0,0.5,none,True,True
145075,1.0,0.0,0.5,none,True,True
145076,1.0,0.0,0.5,none,True,True
145077,1.0,0.0,0.5,none,True,True
145078,1.0,0.0,0.5,none,True,True
145079,1.0,0.0,0.5,none,True,True
145080,1.0,0.0,0.5,none,True,True
145081,1.0,0.0,0.5,none,True,True
145082,1.0,0.0,0.5,none,True,True
145083,1.0,0.0,0.5,none,True,True
145084,1.0,0.0,0.5,none,True,True
145085,1.0,0.0,0.5,none,True,True
145086,1.0,0.0,0.5,none,True,True
145087,1.0,0.0,0.5,none,True,True
145088,1.0,0.0,0.5,none,True,True
145089,1.0,0.0,0.5,none,True,True
145090,1.0,0.0,0.5,none,True,True
145091,1.0,0.0,0.5,none,True,True
145092,1.0,0.0,0.5,none,True,True
145093,1.0,0.0,0.5,none,True,True
145094,1.0,0.0,0.5,none,True,True
145095,1.0,0.0,0.5,none,True,True
145096,1.0,0.0,0.5,none,True,True
145097,1.0,0.0,0.5,none,True,True
145098,1.0,0.0,0.5,none,True,True
145099,1.0,0.0,0.5,none,True,True
145100,1.0,0.0,0.5,none,True,True
145101,1.0,0.0,0.5,none,True,True
145102,1.0,0.0,0.5,none,True,True
145103,1.0,0.0,0.5,none,True,True
145104,1.0,0.0,0.5,none,True,True
145105,1.0,0.0,0.5,none,True,True
145106,1.0,0.0,0.5,none,True,True
145107,1.0,0.0,0.5,none,True,True
145108,1.0,0.0,0.5,none,True,True
145109,1.0,0.0,0.5,none,True,True
145110,1.0,0.0,0.5,none,True,True
145111,1.0,0.0,0.5,none,True,True
145112,1.0,0.0,0.5,none,True,True
145113,1.0,0.0,0.5,none,True,True
145114,1.0,0.0,0.5,none,True,True
145115,1.0,0.0,0.5,none,True,True
145116,1.0,0.0,0.5,none,True,True
145117,1.0,0.0,0.5,none,True,True
145118,1.0,0.0,0.5,none,True,True
145119,1.0,0.0,0.5,none,True,True
145120,1.0,0.0,0.5,none,True,True
145121,1.0,0.0,0.5,none,True,True
145122,1.0,0.0,0.5,none,True,True
145123,1.0,0.0,0.5,none,True,True
145124,1.0,0.0,0.5,none,True,True
145125,1.0,0.0,0.5,none,True,True
145126,1.0,0.0,0.5,none,True,True
145127,1.0,0.0,0.5,none,True,True
145128,1.0,0.0,0.5,none,True,True
145129,1.0,0.0,0.5,none,True,True
145130,1.0,0.0,0.5,none,True,True
145131,1.0,0.0,0.5,none,True,True
145132,1.0,0.0,0.5,none,True,True
145133,1.0,0.0,0.5,none,True,True
145134,1.0,0.0,0.5,none,True,True
145135,1.0,0.0,0.5,none,True,True
145136,1.0,0.0,0.5,none,True,True
145137,1.0,0.0,0.5,none,True,True
145138,1.0,0.0,0.5,none,True,True
145139,1.0,0.0,0.5,none,True,True
145140,1.0,0.0,0.5,none,True,True
145141,1.0,0.0,0.5,none,True,True
145142,1.0,0.0,0.5,none,True,True
145143,1.0,0.0,0.5,none,True,True
145144,1.0,0.0,0.5,none,True,True
145145,1.0,0.0,0.5,none,True,True
145146,1.0,0.0,0.5,none,True,True
145147,1.0,0.0,0.5,none,True,True
145148,1.0,0.0,0.5,none,True,True
145149,1.0,0.0,0.5,none,True,True
145150,1.0,0.0,0.5,none,True,True
145151,1.0,0.0,0.5,none,True,True
145152,1.0,0.0,0.5,none,True,True
145153,1.0,0.0,0.5,none,True,True
145154,1.0,0.0,0.5,none,True,True
145155,1.0,0.0,0.5,none,True,True
145156,1.0,0.0,0.5,none,True,True
145157,1.0,0.0,0.5,none,True,True
145158,1.0,0.0,0.5,none,True,True
145159,1.0,0.0,0.5,none,True,True
145160,1.0,0.0,0.5,none,True,True
145161,1.0,0.0,0.5,none,True,True
145162,1.0,0.0,0.5,none,True,True
145163,1.0,0.0,0.5,none,True,True
145164,1.0,0.0,0.5,none,True,True
145165,1.0,0.0,0.5,none,True,True
145166,1.0,0.0,0.5,none,True,True
145167,1.0,0.0,0.5,none,True,True
145168,1.0,0.0,0.5,none,True,True
145169,1.0,0.0,0.5,none,True,True
145170,1.0,0.0,0.5,none,True,True
145171,1.0,0.0,0.5,none,True,True
145172,1.0,0.0,0.5,none,True,True
145173,1.0,0.0,0.5,none,True,True
145174,1.0,0.0,0.5,none,True,True
145175,1.0,0.0,0.5,none,True,True
145176,1.0,0.0,0.5,none,True,True
145177,1.0,0.0,0.5,none,True,True
145178,1.0,0.0,0.5,none,True,True
145179,1.0,0.0,0.5,none,True,True
145180,1.0,0.0,0.5,none,True,True
145181,1.0,0.0,0.5,none,True,True
145182,1.0,0.0,0.5,none,True,True
145183,1.0,0.0,0.5,none,True,True
145184,1.0,0.0,0.5,none,True,True
145185,1.0,0.0,0.5,none,True,True
145186,1.0,0.0,0.5,none,True,True
145187,1.0,0.0,0.5,none,True,True
145188,1.0,0.0,0.5,none,True,True
145189,1.0,0.0,0.5,none,True,True
145190,1.0,0.0,0.5,none,True,True
145191,1.0,0.0,0.5,none,True,True
145192,1.0,0.0,0.5,none,True,True
145193,1.0,0.0,0.5,none,True,True
145194,1.0,0.0,0.5,none,True,True
145195,1.0,0.0,0.5,none,True,True
145196,1.0,0.0,0.5,none,True,True
145197,1.0,0.0,0.5,none,True,True
145198,1.0,0.0,0.5,none,True,True
145199,1.0,0.0,0.5,none,True,True
145200,1.0,0.0,0.5,none,True,True
145201,1.0,0.0,0.5,none,True,True
145202,1.0,0.0,0.5,none,True,True
145203,1.0,0.0,0.5,none,True,True
145204,1.0,0.0,0.5,none,True,True
145205,1.0,0.0,0.5,none,True,True
145206,1.0,0.0,0.5,none,True,True
145207,1.0,0.0,0.5,none,True,True
145208,1.0,0.0,0.5,none,True,True
145209,1.0,0.0,0.5,none,True,True
145210,1.0,0.0,0.5,none,True,True
145211,1.0,0.0,0.5,none,True,True
145212,1.0,0.0,0.5,none,True,True
145213,1.0,0.0,0.5,none,True,True
145214,1.0,0.0,0.5,none,True,True
145215,1.0,0.0,0.5,none,True,True
145216,1.0,0.0,0.5,none,True,True
145217,1.0,0.0,0.5,none,True,True
145218,1.0,0.0,0.5,none,True,True
145219,1.0,0.0,0.5,none,True,True
145220,1.0,0.0,0.5,none,True,True
145221,1.0,0.0,0.5,none,True,True
145222,1.0,0.0,0.5,none,True,True
145223,1.0,0.0,0.5,none,True,True
145224,1.0,0.0,0.5,none,True,True
145225,1.0,0.0,0.5,none,True,True
145226,1.0,0.0,0.5,none,True,True
145227,1.0,0.0,0.5,none,True,True
145228,1.0,0.0,0.5,none,True,True
145229,1.0,0.0,0.5,none,True,True
145230,1.0,0.0,0.5,none,True,True
145231,1.0,0.0,0.5,none,True,True
145232,1.0,0.0,0.5,none,True,True
145233,1.0,0.0,0.5,none,True,True
145234,1.0,0.0,0.5,none,True,True
145235,1.0,0.0,0.5,none,True,True
145236,1.0,0.0,0.5,none,True,True
145237,1.0,0.0,0.5,none,True,True
145238,1.0,0.0,0.5,none,True,True
145239,1.0,0.0,0.5,none,True,True
145240,1.0,0.0,0.5,none,True,True
145241,1.0,0.0,0.5,none,True,True
145242,1.0,0.0,0.5,none,True,True
145243,1.0,0.0,0.5,none,True,True
145244,1.0,0.0,0.5,none,True,True
145245,1.0,0.0,0.5,none,True,True
145246,1.0,0.0,0.5,none,True,True
145247,1.0,0.0,0.5,none,True,True
145248,1.0,0.0,0.5,none,True,True
145249,1.0,0.0,0.5,none,True,True
145250,1.0,0.0,0.5,none,True,True
145251,1.0,0.0,0.5,none,True,True
145252,1.0,0.0,0.5,none,True,True
145253,1.0,0.0,0.5,none,True,True
145254,1.0,0.0,0.5,none,True,True
145255,1.0,0.0,0.5,none,True,True
145256,1.0,0.0,0.5,none,True,True
145257,1.0,0.0,0.5,none,True,True
145258,1.0,0.0,0.5,none,True,True
145259,1.0,0.0,0.5,none,True,True
145260,1.0,0.0,0.5,none,True,True
145261,1.0,0.0,0.5,none,True,True
145262,1.0,0.0,0.5,none,True,True
145263,1.0,0.0,0.5,none,True,True
145264,1.0,0.0,0.5,none,True,True
145265,1.0,0.0,0.5,none,True,True
145266,1.0,0.0,0.5,none,True,True
145267,1.0,0.0,0.5,none,True,True
145268,1.0,0.0,0.5,none,True,True
145269,1.0,0.0,0.5,none,True,True
145270,1.0,0.0,0.5,none,True,True
145271,1.0,0.0,0.5,none,True,True
145272,1.0,0.0,0.5,none,True,True
145273,1.0,0.0,0.5,none,True,True
145274,1.0,0.0,0.5,none,True,True
145275,1.0,0.0,0.5,none,True,True
145276,1.0,0.0,0.5,none,True,True
145277,1.0,0.0,0.5,none,True,True
145278,1.0,0.0,0.5,none,True,True
145279,1.0,0.0,0.5,none,True,True
145280,1.0,0.0,0.5,none,True,True
145281,1.0,0.0,0.5,none,True,True
145282,1.0,0.0,0.5,none,True,True
145283,1.0,0.0,0.5,none,True,True
145284,1.0,0.0,0.5,none,True,True
145285,1.0,0.0,0.5,none,True,True
145286,1.0,0.0,0.5,none,True,True
145287,1.0,0.0,0.5,none,True,True
145288,1.0,0.0,0.5,none,True,True
145289,1.0,0.0,0.5,none,True,True
145290,1.0,0.0,0.5,none,True,True
145291,1.0,0.0,0.5,none,True,True
145292,1.0,0.0,0.5,none,True,True
145293,1.0,0.0,0.5,none,True,True
145294,1.0,0.0,0.5,none,True,True
145295,1.0,0.0,0.5,none,True,True
145296,1.0,0.0,0.5,none,True,True
145297,1.0,0.0,0.5,none,True,True
145298,1.0,0.0,0.5,none,True,True
145299,1.0,0.0,0.5,none,True,True
145300,1.0,0.0,0.5,none,True,True
145301,1.0,0.0,0.5,none,True,True
145302,1.0,0.0,0.5,none,True,True
145303,1.0,0.0,0.5,none,True,True
145304,1.0,0.0,0.5,none,True,True
145305,1.0,0.0,0.5,none,True,True
145306,1.0,0.0,0.5,none,True,True
145307,1.0,0.0,0.5,none,True,True
145308,1.0,0.0,0.5,none,True,True
145309,1.0,0.0,0.5,none,True,True
145310,1.0,0.0,0.5,none,True,True
145311,1.0,0.0,0.5,none,True,True
145312,1.0,0.0,0.5,none,True,True
145313,1.0,0.0,0.5,none,True,True
145314,1.0,0.0,0.5,none,True,True
145315,1.0,0.0,0.5,none,True,True
145316,1.0,0.0,0.5,none,True,True
145317,1.0,0.0,0.5,none,True,True
145318,1.0,0.0,0.5,none,True,True
145319,1.0,0.0,0.5,none,True,True
145320,1.0,0.0,0.5,none,True,True
145321,1.0,0.0,0.5,none,True,True
145322,1.0,0.0,0.5,none,True,True
145323,1.0,0.0,0.5,none,True,True
145324,1.0,0.0,0.5,none,True,True
145325,1.0,0.0,0.5,none,True,True
145326,1.0,0.0,0.5,none,True,True
145327,1.0,0.0,0.5,none,True,True
145328,1.0,0.0,0.5,none,True,True
145329,1.0,0.0,0.5,none,True,True
145330,1.0,0.0,0.5,none,True,True
145331,1.0,0.0,0.5,none,True,True
145332,1.0,0.0,0.5,none,True,True
145333,1.0,0.0,0.5,none,True,True
145334,1.0,0.0,0.5,none,True,True
145335,1.0,0.0,0.5,none,True,True
145336,1.0,0.0,0.5,none,True,True
145337,1.0,0.0,0.5,none,True,True
145338,1.0,0.0,0.5,none,True,True
145339,1.0,0.0,0.5,none,True,True
145340,1.0,0.0,0.5,none,True,True
145341,1.0,0.0,0.5,none,True,True
145342,1.0,0.0,0.5,none,True,True
145343,1.0,0.0,0.5,none,True,True
145344,1.0,0.0,0.5,none,True,True
145345,1.0,0.0,0.5,none,True,True
145346,1.0,0.0,0.5,none,True,True
145347,1.0,0.0,0.5,none,True,True
145348,1.0,0.0,0.5,none,True,True
145349,1.0,0.0,0.5,none,True,True
145350,1.0,0.0,0.5,none,True,True
145351,1.0,0.0,0.5,none,True,True
145352,1.0,0.0,0.5,none,True,True
145353,1.0,0.0,0.5,none,True,True
145354,1.0,0.0,0.5,none,True,True
145355,1.0,0.0,0.5,none,True,True
145356,1.0,0.0,0.5,none,True,True
145357,1.0,0.0,0.5,none,True,True
145358,1.0,0.0,0.5,none,True,True
145359,1.0,0.0,0.5,none,True,True
145360,1.0,0.0,0.5,none,True,True
145361,1.0,0.0,0.5,none,True,True
145362,1.0,0.0,0.5,none,True,True
145363,1.0,0.0,0.5,none,True,True
145364,1.0,0.0,0.5,none,True,True
145365,1.0,0.0,0.5,none,True,True
145366,1.0,0.0,0.5,none,True,True
145367,1.0,0.0,0.5,none,True,True
145368,1.0,0.0,0.5,none,True,True
145369,1.0,0.0,0.5,none,True,True
145370,1.0,0.0,0.5,none,True,True
145371,1.0,0.0,0.5,none,True,True
145372,1.0,0.0,0.5,none,True,True
145373,1.0,0.0,0.5,none,True,True
145374,1.0,0.0,0.5,none,True,True
145375,1.0,0.0,0.5,none,True,True
145376,1.0,0.0,0.5,none,True,True
145377,1.0,0.0,0.5,none,True,True
145378,1.0,0.0,0.5,none,True,True
145379,1.0,0.0,0.5,none,True,True
145380,1.0,0.0,0.5,none,True,True
145381,1.0,0.0,0.5,none,True,True
145382,1.0,0.0,0.5,none,True,True
145383,1.0,0.0,0.5,none,True,True
145384,1.0,0.0,0.5,none,True,True
145385,1.0,0.0,0.5,none,True,True
145386,1.0,0.0,0.5,none,True,True
145387,1.0,0.0,0.5,none,True,True
145388,1.0,0.0,0.5,none,True,True
145389,1.0,0.0,0.5,none,True,True
145390,1.0,0.0,0.5,none,True,True
145391,1.0,0.0,0.5,none,True,True
145392,1.0,0.0,0.5,none,True,True
145393,1.0,0.0,0.5,none,True,True
145394,1.0,0.0,0.5,none,True,True
145395,1.0,0.0,0.5,none,True,True
145396,1.0,0.0,0.5,none,True,True
145397,1.0,0.0,0.5,none,True,True
145398,1.0,0.0,0.5,none,True,True
145399,1.0,0.0,0.5,none,True,True
145400,1.0,0.0,0.5,none,True,True
145401,1.0,0.0,0.5,none,True,True
145402,1.0,0.0,0.5,none,True,True
145403,1.0,0.0,0.5,none,True,True
145404,1.0,0.0,0.5,none,True,True
145405,1.0,0.0,0.5,none,True,True
145406,1.0,0.0,0.5,none,True,True
145407,1.0,0.0,0.5,none,True,True
145408,1.0,0.0,0.5,none,True,True
145409,1.0,0.0,0.5,none,True,True
145410,1.0,0.0,0.5,none,True,True
145411,1.0,0.0,0.5,none,True,True
145412,1.0,0.0,0.5,none,True,True
145413,1.0,0.0,0.5,none,True,True
145414,1.0,0.0,0.5,none,True,True
145415,1.0,0.0,0.5,none,True,True
145416,1.0,0.0,0.5,none,True,True
145417,1.0,0.0,0.5,none,True,True
145418,1.0,0.0,0.5,none,True,True
145419,1.0,0.0,0.5,none,True,True
145420,1.0,0.0,0.5,none,True,True
145421,1.0,0.0,0.5,none,True,True
145422,1.0,0.0,0.5,none,True,True
145423,1.0,0.0,0.5,none,True,True
145424,1.0,0.0,0.5,none,True,True
145425,1.0,0.0,0.5,none,True,True
145426,1.0,0.0,0.5,none,True,True
145427,1.0,0.0,0.5,none,True,True
145428,1.0,0.0,0.5,none,True,True
145429,1.0,0.0,0.5,none,True,True
145430,1.0,0.0,0.5,none,True,True
145431,1.0,0.0,0.5,none,True,True
145432,1.0,0.0,0.5,none,True,True
145433,1.0,0.0,0.5,none,True,True
145434,1.0,0.0,0.5,none,True,True
145435,1.0,0.0,0.5,none,True,True
145436,1.0,0.0,0.5,none,True,True
145437,1.0,0.0,0.5,none,True,True
145438,1.0,0.0,0.5,none,True,True
145439,1.0,0.0,0.5,none,True,True
145440,1.0,0.0,0.5,none,True,True
145441,1.0,0.0,0.5,none,True,True
145442,1.0,0.0,0.5,none,True,True
145443,1.0,0.0,0.5,none,True,True
145444,1.0,0.0,0.5,none,True,True
145445,1.0,0.0,0.5,none,True,True
145446,1.0,0.0,0.5,none,True,True
145447,1.0,0.0,0.5,none,True,True
145448,1.0,0.0,0.5,none,True,True
145449,1.0,0.0,0.5,none,True,True
145450,1.0,0.0,0.5,none,True,True
145451,1.0,0.0,0.5,none,True,True
145452,1.0,0.0,0.5,none,True,True
145453,1.0,0.0,0.5,none,True,True
145454,1.0,0.0,0.5,none,True,True
145455,1.0,0.0,0.5,none,True,True
145456,1.0,0.0,0.5,none,True,True
145457,1.0,0.0,0.5,none,True,True
145458,1.0,0.0,0.5,none,True,True
145459,1.0,0.0,0.5,none,True,True
145460,1.0,0.0,0.5,none,True,True
145461,1.0,0.0,0.5,none,True,True
145462,1.0,0.0,0.5,none,True,True
145463,1.0,0.0,0.5,none,True,True
145464,1.0,0.0,0.5,none,True,True
145465,1.0,0.0,0.5,none,True,True
145466,1.0,0.0,0.5,none,True,True
145467,1.0,0.0,0.5,none,True,True
145468,1.0,0.0,0.5,none,True,True
145469,1.0,0.0,0.5,none,True,True
145470,1.0,0.0,0.5,none,True,True
145471,1.0,0.0,0.5,none,True,True
145472,1.0,0.0,0.5,none,True,True
145473,1.0,0.0,0.5,none,True,True
145474,1.0,0.0,0.5,none,True,True
145475,1.0,0.0,0.5,none,True,True
145476,1.0,0.0,0.5,none,True,True
145477,1.0,0.0,0.5,none,True,True
145478,1.0,0.0,0.5,none,True,True
145479,1.0,0.0,0.5,none,True,True
145480,1.0,0.0,0.5,none,True,True
145481,1.0,0.0,0.5,none,True,True
145482,1.0,0.0,0.5,none,True,True
145483,1.0,0.0,0.5,none,True,True
145484,1.0,0.0,0.5,none,True,True
145485,1.0,0.0,0.5,none,True,True
145486,1.0,0.0,0.5,none,True,True
145487,1.0,0.0,0.5,none,True,True
145488,1.0,0.0,0.5,none,True,True
145489,1.0,0.0,0.5,none,True,True
145490,1.0,0.0,0.5,none,True,True
145491,1.0,0.0,0.5,none,True,True
145492,1.0,0.0,0.5,none,True,True
145493,1.0,0.0,0.5,none,True,True
145494,1.0,0.0,0.5,none,True,True
145495,1.0,0.0,0.5,none,True,True
145496,1.0,0.0,0.5,none,True,True
145497,1.0,0.0,0.5,none,True,True
145498,1.0,0.0,0.5,none,True,True
145499,1.0,0.0,0.5,none,True,True
145500,1.0,0.0,0.5,none,True,True
145501,1.0,0.0,0.5,none,True,True
145502,1.0,0.0,0.5,none,True,True
145503,1.0,0.0,0.5,none,True,True
145504,1.0,0.0,0.5,none,True,True
145505,1.0,0.0,0.5,none,True,True
145506,1.0,0.0,0.5,none,True,True
145507,1.0,0.0,0.5,none,True,True
145508,1.0,0.0,0.5,none,True,True
145509,1.0,0.0,0.5,none,True,True
145510,1.0,0.0,0.5,none,True,True
145511,1.0,0.0,0.5,none,True,True
145512,1.0,0.0,0.5,none,True,True
145513,1.0,0.0,0.5,none,True,True
145514,1.0,0.0,0.5,none,True,True
145515,1.0,0.0,0.5,none,True,True
145516,1.0,0.0,0.5,none,True,True
145517,1.0,0.0,0.5,none,True,True
145518,1.0,0.0,0.5,none,True,True
145519,1.0,0.0,0.5,none,True,True
145520,1.0,0.0,0.5,none,True,True
145521,1.0,0.0,0.5,none,True,True
145522,1.0,0.0,0.5,none,True,True
145523,1.0,0.0,0.5,none,True,True
145524,1.0,0.0,0.5,none,True,True
145525,1.0,0.0,0.5,none,True,True
145526,1.0,0.0,0.5,none,True,True
145527,1.0,0.0,0.5,none,True,True
145528,1.0,0.0,0.5,none,True,True
145529,1.0,0.0,0.5,none,True,True
145530,1.0,0.0,0.5,none,True,True
145531,1.0,0.0,0.5,none,True,True
145532,1.0,0.0,0.5,none,True,True
145533,1.0,0.0,0.5,none,True,True
145534,1.0,0.0,0.5,none,True,True
145535,1.0,0.0,0.5,none,True,True
145536,1.0,0.0,0.5,none,True,True
145537,1.0,0.0,0.5,none,True,True
145538,1.0,0.0,0.5,none,True,True
145539,1.0,0.0,0.5,none,True,True
145540,1.0,0.0,0.5,none,True,True
145541,1.0,0.0,0.5,none,True,True
145542,1.0,0.0,0.5,none,True,True
145543,1.0,0.0,0.5,none,True,True
145544,1.0,0.0,0.5,none,True,True
145545,1.0,0.0,0.5,none,True,True
145546,1.0,0.0,0.5,none,True,True
145547,1.0,0.0,0.5,none,True,True
145548,1.0,0.0,0.5,none,True,True
145549,1.0,0.0,0.5,none,True,True
145550,1.0,0.0,0.5,none,True,True
145551,1.0,0.0,0.5,none,True,True
145552,1.0,0.0,0.5,none,True,True
145553,1.0,0.0,0.5,none,True,True
145554,1.0,0.0,0.5,none,True,True
145555,1.0,0.0,0.5,none,True,True
145556,1.0,0.0,0.5,none,True,True
145557,1.0,0.0,0.5,none,True,True
145558,1.0,0.0,0.5,none,True,True
145559,1.0,0.0,0.5,none,True,True
145560,1.0,0.0,0.5,none,True,True
145561,1.0,0.0,0.5,none,True,True
145562,1.0,0.0,0.5,none,True,True
145563,1.0,0.0,0.5,none,True,True
145564,1.0,0.0,0.5,none,True,True
145565,1.0,0.0,0.5,none,True,True
145566,1.0,0.0,0.5,none,True,True
145567,1.0,0.0,0.5,none,True,True
145568,1.0,0.0,0.5,none,True,True
145569,1.0,0.0,0.5,none,True,True
145570,1.0,0.0,0.5,none,True,True
145571,1.0,0.0,0.5,none,True,True
145572,1.0,0.0,0.5,none,True,True
145573,1.0,0.0,0.5,none,True,True
145574,1.0,0.0,0.5,none,True,True
145575,1.0,0.0,0.5,none,True,True
145576,1.0,0.0,0.5,none,True,True
145577,1.0,0.0,0.5,none,True,True
145578,1.0,0.0,0.5,none,True,True
145579,1.0,0.0,0.5,none,True,True
145580,1.0,0.0,0.5,none,True,True
145581,1.0,0.0,0.5,none,True,True
145582,1.0,0.0,0.5,none,True,True
145583,1.0,0.0,0.5,none,True,True
145584,1.0,0.0,0.5,none,True,True
145585,1.0,0.0,0.5,none,True,True
145586,1.0,0.0,0.5,none,True,True
145587,1.0,0.0,0.5,none,True,True
145588,1.0,0.0,0.5,none,True,True
145589,1.0,0.0,0.5,none,True,True
145590,1.0,0.0,0.5,none,True,True
145591,1.0,0.0,0.5,none,True,True
145592,1.0,0.0,0.5,none,True,True
145593,1.0,0.0,0.5,none,True,True
145594,1.0,0.0,0.5,none,True,True
145595,1.0,0.0,0.5,none,True,True
145596,1.0,0.0,0.5,none,True,True
145597,1.0,0.0,0.5,none,True,True
145598,1.0,0.0,0.5,none,True,True
145599,1.0,0.0,0.5,none,True,True
145600,1.0,0.0061,0.5,none,True,True
145601,1.0,0.0357,0.5,none,True,True
145602,1.0,0.0812,0.5,none,True,True
145603,1.0,0.1113,0.5,none,True,True
145604,1.0,0.1253,0.5,none,True,True
145605,1.0,0.1408,0.5,none,True,True
145606,1.0,0.0907,0.5,none,True,True
145607,1.0,0.1198,0.5,none,True,True
145608,1.0,0.0467,0.5,none,True,True
145609,1.0,0.0522,0.5,none,True,True
145610,1.0,0.0405,0.5,none,True,True
145611,1.0,0.0313,0.5,none,True,True
145612,1.0,0.0083,0.5,none,True,True
145613,1.0,0.0726,0.5,none,True,True
145614,1.0,0.0793,0.5,none,True,True
145615,1.0,0.0581,0.5,none,True,True
145616,1.0,0.0955,0.5,none,True,True
145617,1.0,0.0839,0.5,none,True,True
145618,1.0,0.0648,0.5,none,True,True
145619,1.0,0.0718,0.5,none,True,True
145620,1.0,0.0589,0.5,none,True,True
145621,1.0,0.0403,0.5,none,True,True
145622,1.0,0.0327,0.5,none,True,True
145623,1.0,0.0277,0.5,none,True,True
145624,1.0,0.017,0.5,none,True,True
145625,1.0,0.0102,0.5,none,True,True
145626,1.0,0.0099,0.5,none,True,True
145627,1.0,0.008,0.5,none,True,True
145628,1.0,0.005,0.5,none,True,True
145629,1.0,0.0063,0.5,none,True,True
145630,1.0,0.009,0.5,none,True,True
145631,1.0,0.0096,0.5,none,True,True
145632,1.0,0.0108,0.5,none,True,True
145633,1.0,0.014,0.5,none,True,True
145634,1.0,0.0161,0.5,none,True,True
145635,1.0,0.0167,0.5,none,True,True
145636,1.0,0.0182,0.5,none,True,True
145637,1.0,0.0196,0.5,none,True,True
145638,1.0,0.0197,0.5,none,True,True
145639,1.0,0.0193,0.5,none,True,True
145640,1.0,0.0193,0.5,none,True,True
145641,1.0,0.0187,0.5,none,True,True
145642,1.0,0.0174,0.5,none,True,True
145643,1.0,0.0163,0.5,none,True,True
145644,1.0,0.0152,0.5,none,True,True
145645,1.0,0.0138,0.5,none,True,True
145646,1.0,0.0123,0.5,none,True,True
145647,1.0,0.0111,0.5,none,True,True
145648,1.0,0.01,0.5,none,True,True
145649,1.0,0.0088,0.5,none,True,True
145650,1.0,0.0078,0.5,none,True,True
145651,1.0,0.0071,0.5,none,True,True
145652,1.0,0.0064,0.5,none,True,True
145653,1.0,0.0057,0.5,none,True,True
145654,1.0,0.0053,0.5,none,True,True
145655,1.0,0.005,0.5,none,True,True
145656,1.0,0.0047,0.5,none,True,True
145657,1.0,0.0045,0.5,none,True,True
145658,1.0,0.0044,0.5,none,True,True
145659,1.0,0.0043,0.5,none,True,True
145660,1.0,0.0042,0.5,none,True,True
145661,1.0,0.0041,0.5,none,True,True
145662,1.0,0.004,0.5,none,True,True
145663,1.0,0.0039,0.5,none,True,True
145664,1.0,0.0038,0.5,none,True,True
145665,1.0,0.0037,0.5,none,True,True
145666,1.0,0.0035,0.5,none,True,True
145667,1.0,0.0033,0.5,none,True,True
145668,1.0,0.0032,0.5,none,True,True
145669,1.0,0.003,0.5,none,True,True
145670,1.0,0.0028,0.5,none,True,True
145671,1.0,0.0026,0.5,none,True,True
145672,1.0,0.0024,0.5,none,True,True
145673,1.0,0.0023,0.5,none,True,True
145674,1.0,0.0021,0.5,none,True,True
145675,1.0,0.0019,0.5,none,True,True
145676,1.0,0.0018,0.5,none,True,True
145677,1.0,0.0017,0.5,none,True,True
145678,1.0,0.0015,0.5,none,True,True
145679,1.0,0.0014,0.5,none,True,True
145680,1.0,0.0013,0.5,none,True,True
145681,1.0,0.0013,0.5,none,True,True
145682,1.0,0.0012,0.5,none,True,True
145683,1.0,0.0011,0.5,none,True,True
145684,1.0,0.0011,0.5,none,True,True
145685,1.0,0.001,0.5,none,True,True
145686,1.0,0.001,0.5,none,True,True
145687,1.0,0.0009,0.5,none,True,True
145688,1.0,0.0009,0.5,none,True,True
145689,1.0,0.0008,0.5,none,True,True
145690,1.0,0.0008,0.5,none,True,True
145691,1.0,0.0008,0.5,none,True,True
145692,1.0,0.0007,0.5,none,True,True
145693,1.0,0.0007,0.5,none,True,True
145694,1.0,0.0006,0.5,none,True,True
145695,1.0,0.0006,0.5,none,True,True
145696,1.0,0.0006,0.5,none,True,True
145697,1.0,0.0005,0.5,none,True,True
145698,1.0,0.0005,0.5,none,True,True
145699,1.0,0.0005,0.5,none,True,True
145700,1.0,0.0004,0.5,none,True,True
145701,1.0,0.0004,0.5,none,True,True
145702,1.0,0.0004,0.5,none,True,True
145703,1.0,0.0004,0.5,none,True,True
145704,1.0,0.0003,0.5,none,True,True
145705,1.0,0.0003,0.5,none,True,True
145706,1.0,0.0003,0.5,none,True,True
145707,1.0,0.0003,0.5,none,True,True
145708,1.0,0.0003,0.5,none,True,True
145709,1.0,0.0003,0.5,none,True,True
145710,1.0,0.0002,0.5,none,True,True
145711,1.0,0.0002,0.5,none,True,True
145712,1.0,0.0002,0.5,none,True,True
145713,1.0,0.0002,0.5,none,True,True
145714,1.0,0.0002,0.5,none,True,True
145715,1.0,0.0002,0.5,none,True,True
145716,1.0,0.0002,0.5,none,True,True
145717,1.0,0.0002,0.5,none,True,True
145718,1.0,0.0002,0.5,none,True,True
145719,1.0,0.0001,0.5,none,True,True
145720,1.0,0.0001,0.5,none,True,True
145721,1.0,0.0001,0.5,none,True,True
145722,1.0,0.0001,0.5,none,True,True
145723,1.0,0.0001,0.5,none,True,True
145724,1.0,0.0001,0.5,none,True,True
145725,1.0,0.0001,0.5,none,True,True
145726,1.0,0.0001,0.5,none,True,True
145727,1.0,0.0001,0.5,none,True,True
145728,1.0,0.0001,0.5,none,True,True
145729,1.0,0.0001,0.5,none,True,True
145730,1.0,0.0001,0.5,none,True,True
145731,1.0,0.0001,0.5,none,True,True
145732,1.0,0.0001,0.5,none,True,True
145733,1.0,0.0001,0.5,none,True,True
145734,1.0,0.0001,0.5,none,True,True
145735,1.0,0.0001,0.5,none,True,True
145736,1.0,0.0001,0.5,none,True,True
145737,1.0,0.0,0.5,none,True,True
145738,1.0,0.0,0.5,none,True,True
145739,1.0,0.0,0.5,none,True,True
145740,1.0,0.0,0.5,none,True,True
145741,1.0,0.0,0.5,none,True,True
145742,1.0,0.0,0.5,none,True,True
145743,1.0,0.0,0.5,none,True,True
145744,1.0,0.0,0.5,none,True,True
145745,1.0,0.0,0.5,none,True,True
145746,1.0,0.0,0.5,none,True,True
145747,1.0,0.0,0.5,none,True,True
145748,1.0,0.0,0.5,none,True,True
145749,1.0,0.0,0.5,none,True,True
145750,1.0,0.0,0.5,none,True,True
145751,1.0,0.0,0.5,none,True,True
145752,1.0,0.0,0.5,none,True,True
145753,1.0,0.0,0.5,none,True,True
145754,1.0,0.0,0.5,none,True,True
145755,1.0,0.0,0.5,none,True,True
145756,1.0,0.0,0.5,none,True,True
145757,1.0,0.0,0.5,none,True,True
145758,1.0,0.0,0.5,none,True,True
145759,1.0,0.0,0.5,none,True,True
145760,1.0,0.0,0.5,none,True,True
145761,1.0,0.0,0.5,none,True,True
145762,1.0,0.0,0.5,none,True,True
145763,1.0,0.0,0.5,none,True,True
145764,1.0,0.0,0.5,none,True,True
145765,1.0,0.0,0.5,none,True,True
145766,1.0,0.0,0.5,none,True,True
145767,1.0,0.0,0.5,none,True,True
145768,1.0,0.0,0.5,none,True,True
145769,1.0,0.0,0.5,none,True,True
145770,1.0,0.0,0.5,none,True,True
145771,1.0,0.0,0.5,none,True,True
145772,1.0,0.0,0.5,none,True,True
145773,1.0,0.0,0.5,none,True,True
145774,1.0,0.0,0.5,none,True,True
145775,1.0,0.0,0.5,none,True,True
145776,1.0,0.0,0.5,none,True,True
145777,1.0,0.0,0.5,none,True,True
145778,1.0,0.0,0.5,none,True,True
145779,1.0,0.0,0.5,none,True,True
145780,1.0,0.0,0.5,none,True,True
145781,1.0,0.0,0.5,none,True,True
145782,1.0,0.0,0.5,none,True,True
145783,1.0,0.0,0.5,none,True,True
145784,1.0,0.0,0.5,none,True,True
145785,1.0,0.0,0.5,none,True,True
145786,1.0,0.0,0.5,none,True,True
145787,1.0,0.0,0.5,none,True,True
145788,1.0,0.0,0.5,none,True,True
145789,1.0,0.0,0.5,none,True,True
145790,1.0,0.0,0.5,none,True,True
145791,1.0,0.0,0.5,none,True,True
145792,1.0,0.0,0.5,none,True,True
145793,1.0,0.0,0.5,none,True,True
145794,1.0,0.0,0.5,none,True,True
145795,1.0,0.0,0.5,none,True,True
145796,1.0,0.0,0.5,none,True,True
145797,1.0,0.0,0.5,none,True,True
145798,1.0,0.0,0.5,none,True,True
145799,1.0,0.0,0.5,none,True,True
145800,1.0,0.0,0.5,none,True,True
145801,1.0,0.0,0.5,none,True,True
145802,1.0,0.0,0.5,none,True,True
145803,1.0,0.0,0.5,none,True,True
145804,1.0,0.0,0.5,none,True,True
145805,1.0,0.0,0.5,none,True,True
145806,1.0,0.0,0.5,none,True,True
145807,1.0,0.0,0.5,none,True,True
145808,1.0,0.0,0.5,none,True,True
145809,1.0,0.0,0.5,none,True,True
145810,1.0,0.0,0.5,none,True,True
145811,1.0,0.0,0.5,none,True,True
145812,1.0,0.0,0.5,none,True,True
145813,1.0,0.0,0.5,none,True,True
145814,1.0,0.0,0.5,none,True,True
145815,1.0,0.0,0.5,none,True,True
145816,1.0,0.0,0.5,none,True,True
145817,1.0,0.0,0.5,none,True,True
145818,1.0,0.0,0.5,none,True,True
145819,1.0,0.0,0.5,none,True,True
145820,1.0,0.0,0.5,none,True,True
145821,1.0,0.0,0.5,none,True,True
145822,1.0,0.0,0.5,none,True,True
145823,1.0,0.0,0.5,none,True,True
145824,1.0,0.0,0.5,none,True,True
145825,1.0,0.0,0.5,none,True,True
145826,1.0,0.0,0.5,none,True,True
145827,1.0,0.0,0.5,none,True,True
145828,1.0,0.0,0.5,none,True,True
145829,1.0,0.0,0.5,none,True,True
145830,1.0,0.0,0.5,none,True,True
145831,1.0,0.0,0.5,none,True,True
145832,1.0,0.0,0.5,none,True,True
145833,1.0,0.0,0.5,none,True,True
145834,1.0,0.0,0.5,none,True,True
145835,1.0,0.0,0.5,none,True,True
145836,1.0,0.0,0.5,none,True,True
145837,1.0,0.0,0.5,none,True,True
145838,1.0,0.0,0.5,none,True,True
145839,1.0,0.0,0.5,none,True,True
145840,1.0,0.0,0.5,none,True,True
145841,1.0,0.0,0.5,none,True,True
145842,1.0,0.0,0.5,none,True,True
145843,1.0,0.0,0.5,none,True,True
145844,1.0,0.0,0.5,none,True,True
145845,1.0,0.0,0.5,none,True,True
145846,1.0,0.0,0.5,none,True,True
145847,1.0,0.0,0.5,none,True,True
145848,1.0,0.0,0.5,none,True,True
145849,1.0,0.0,0.5,none,True,True
145850,1.0,0.0,0.5,none,True,True
145851,1.0,0.0,0.5,none,True,True
145852,1.0,0.0,0.5,none,True,True
145853,1.0,0.0,0.5,none,True,True
145854,1.0,0.0,0.5,none,True,True
145855,1.0,0.0,0.5,none,True,True
145856,1.0,0.0,0.5,none,True,True
145857,1.0,0.0,0.5,none,True,True
145858,1.0,0.0,0.5,none,True,True
145859,1.0,0.0,0.5,none,True,True
145860,1.0,0.0,0.5,none,True,True
145861,1.0,0.0,0.5,none,True,True
145862,1.0,0.0,0.5,none,True,True
145863,1.0,0.0,0.5,none,True,True
145864,1.0,0.0,0.5,none,True,True
145865,1.0,0.0,0.5,none,True,True
145866,1.0,0.0,0.5,none,True,True
145867,1.0,0.0,0.5,none,True,True
145868,1.0,0.0,0.5,none,True,True
145869,1.0,0.0,0.5,none,True,True
145870,1.0,0.0,0.5,none,True,True
145871,1.0,0.0,0.5,none,True,True
145872,1.0,0.0,0.5,none,True,True
145873,1.0,0.0,0.5,none,True,True
145874,1.0,0.0,0.5,none,True,True
145875,1.0,0.0,0.5,none,True,True
145876,1.0,0.0,0.5,none,True,True
145877,1.0,0.0,0.5,none,True,True
145878,1.0,0.0,0.5,none,True,True
145879,1.0,0.0,0.5,none,True,True
145880,1.0,0.0,0.5,none,True,True
145881,1.0,0.0,0.5,none,True,True
145882,1.0,0.0,0.5,none,True,True
145883,1.0,0.0,0.5,none,True,True
145884,1.0,0.0,0.5,none,True,True
145885,1.0,0.0,0.5,none,True,True
145886,1.0,0.0,0.5,none,True,True
145887,1.0,0.0,0.5,none,True,True
145888,1.0,0.0,0.5,none,True,True
145889,1.0,0.0,0.5,none,True,True
145890,1.0,0.0,0.5,none,True,True
145891,1.0,0.0,0.5,none,True,True
145892,1.0,0.0,0.5,none,True,True
145893,1.0,0.0,0.5,none,True,True
145894,1.0,0.0,0.5,none,True,True
145895,1.0,0.0,0.5,none,True,True
145896,1.0,0.0,0.5,none,True,True
145897,1.0,0.0,0.5,none,True,True
145898,1.0,0.0,0.5,none,True,True
145899,1.0,0.0,0.5,none,True,True
145900,1.0,0.0,0.5,none,True,True
145901,1.0,0.0,0.5,none,True,True
145902,1.0,0.0,0.5,none,True,True
145903,1.0,0.0,0.5,none,True,True
145904,1.0,0.0,0.5,none,True,True
145905,1.0,0.0,0.5,none,True,True
145906,1.0,0.0,0.5,none,True,True
145907,1.0,0.0,0.5,none,True,True
145908,1.0,0.0,0.5,none,True,True
145909,1.0,0.0,0.5,none,True,True
145910,1.0,0.0,0.5,none,True,True
145911,1.0,0.0,0.5,none,True,True
145912,1.0,0.0,0.5,none,True,True
145913,1.0,0.0,0.5,none,True,True
145914,1.0,0.0,0.5,none,True,True
145915,1.0,0.0,0.5,none,True,True
145916,1.0,0.0,0.5,none,True,True
145917,1.0,0.0,0.5,none,True,True
145918,1.0,0.0,0.5,none,True,True
145919,1.0,0.0,0.5,none,True,True
145920,1.0,0.0,0.5,none,True,True
145921,1.0,0.0,0.5,none,True,True
145922,1.0,0.0,0.5,none,True,True
145923,1.0,0.0,0.5,none,True,True
145924,1.0,0.0,0.5,none,True,True
145925,1.0,0.0,0.5,none,True,True
145926,1.0,0.0,0.5,none,True,True
145927,1.0,0.0,0.5,none,True,True
145928,1.0,0.0,0.5,none,True,True
145929,1.0,0.0,0.5,none,True,True
145930,1.0,0.0,0.5,none,True,True
145931,1.0,0.0,0.5,none,True,True
145932,1.0,0.0,0.5,none,True,True
145933,1.0,0.0,0.5,none,True,True
145934,1.0,0.0,0.5,none,True,True
145935,1.0,0.0,0.5,none,True,True
145936,1.0,0.0,0.5,none,True,True
145937,1.0,0.0,0.5,none,True,True
145938,1.0,0.0,0.5,none,True,True
145939,1.0,0.0,0.5,none,True,True
145940,1.0,0.0,0.5,none,True,True
145941,1.0,0.0,0.5,none,True,True
145942,1.0,0.0,0.5,none,True,True
145943,1.0,0.0,0.5,none,True,True
145944,1.0,0.0,0.5,none,True,True
145945,1.0,0.0,0.5,none,True,True
145946,1.0,0.0,0.5,none,True,True
145947,1.0,0.0,0.5,none,True,True
145948,1.0,0.0,0.5,none,True,True
145949,1.0,0.0,0.5,none,True,True
145950,1.0,0.0,0.5,none,True,True
145951,1.0,0.0,0.5,none,True,True
145952,1.0,0.0,0.5,none,True,True
145953,1.0,0.0,0.5,none,True,True
145954,1.0,0.0,0.5,none,True,True
145955,1.0,0.0,0.5,none,True,True
145956,1.0,0.0,0.5,none,True,True
145957,1.0,0.0,0.5,none,True,True
145958,1.0,0.0,0.5,none,True,True
145959,1.0,0.0,0.5,none,True,True
145960,1.0,0.0,0.5,none,True,True
145961,1.0,0.0,0.5,none,True,True
145962,1.0,0.0,0.5,none,True,True
145963,1.0,0.0,0.5,none,True,True
145964,1.0,0.0,0.5,none,True,True
145965,1.0,0.0,0.5,none,True,True
145966,1.0,0.0,0.5,none,True,True
145967,1.0,0.0,0.5,none,True,True
145968,1.0,0.0,0.5,none,True,True
145969,1.0,0.0,0.5,none,True,True
145970,1.0,0.0,0.5,none,True,True
145971,1.0,0.0,0.5,none,True,True
145972,1.0,0.0,0.5,none,True,True
145973,1.0,0.0,0.5,none,True,True
145974,1.0,0.0,0.5,none,True,True
145975,1.0,0.0,0.5,none,True,True
145976,1.0,0.0,0.5,none,True,True
145977,1.0,0.0,0.5,none,True,True
145978,1.0,0.0,0.5,none,True,True
145979,1.0,0.0,0.5,none,True,True
145980,1.0,0.0,0.5,none,True,True
145981,1.0,0.0,0.5,none,True,True
145982,1.0,0.0,0.5,none,True,True
145983,1.0,0.0,0.5,none,True,True
145984,1.0,0.0,0.5,none,True,True
145985,1.0,0.0,0.5,none,True,True
145986,1.0,0.0,0.5,none,True,True
145987,1.0,0.0,0.5,none,True,True
145988,1.0,0.0,0.5,none,True,True
145989,1.0,0.0,0.5,none,True,True
145990,1.0,0.0,0.5,none,True,True
145991,1.0,0.0,0.5,none,True,True
145992,1.0,0.0,0.5,none,True,True
145993,1.0,0.0,0.5,none,True,True
145994,1.0,0.0,0.5,none,True,True
145995,1.0,0.0,0.5,none,True,True
145996,1.0,0.0,0.5,none,True,True
145997,1.0,0.0,0.5,none,True,True
145998,1.0,0.0,0.5,none,True,True
145999,1.0,0.0,0.5,none,True,True
146000,1.0,0.0,0.5,none,True,True
146001,1.0,0.0,0.5,none,True,True
146002,1.0,0.0,0.5,none,True,True
146003,1.0,0.0,0.5,none,True,True
146004,1.0,0.0,0.5,none,True,True
146005,1.0,0.0,0.5,none,True,True
146006,1.0,0.0,0.5,none,True,True
146007,1.0,0.0,0.5,none,True,True
146008,1.0,0.0,0.5,none,True,True
146009,1.0,0.0,0.5,none,True,True
146010,1.0,0.0,0.5,none,True,True
146011,1.0,0.0,0.5,none,True,True
146012,1.0,0.0,0.5,none,True,True
146013,1.0,0.0,0.5,none,True,True
146014,1.0,0.0,0.5,none,True,True
146015,1.0,0.0,0.5,none,True,True
146016,1.0,0.0,0.5,none,True,True
146017,1.0,0.0,0.5,none,True,True
146018,1.0,0.0,0.5,none,True,True
146019,1.0,0.0,0.5,none,True,True
146020,1.0,0.0,0.5,none,True,True
146021,1.0,0.0,0.5,none,True,True
146022,1.0,0.0,0.5,none,True,True
146023,1.0,0.0,0.5,none,True,True
146024,1.0,0.0,0.5,none,True,True
146025,1.0,0.0,0.5,none,True,True
146026,1.0,0.0,0.5,none,True,True
146027,1.0,0.0,0.5,none,True,True
146028,1.0,0.0,0.5,none,True,True
146029,1.0,0.0,0.5,none,True,True
146030,1.0,0.0,0.5,none,True,True
146031,1.0,0.0,0.5,none,True,True
146032,1.0,0.0,0.5,none,True,True
146033,1.0,0.0,0.5,none,True,True
146034,1.0,0.0,0.5,none,True,True
146035,1.0,0.0,0.5,none,True,True
146036,1.0,0.0,0.5,none,True,True
146037,1.0,0.0,0.5,none,True,True
146038,1.0,0.0,0.5,none,True,True
146039,1.0,0.0,0.5,none,True,True
146040,1.0,0.0,0.5,none,True,True
146041,1.0,0.0,0.5,none,True,True
146042,1.0,0.0,0.5,none,True,True
146043,1.0,0.0,0.5,none,True,True
146044,1.0,0.0,0.5,none,True,True
146045,1.0,0.0,0.5,none,True,True
146046,1.0,0.0,0.5,none,True,True
146047,1.0,0.0,0.5,none,True,True
146048,1.0,0.0,0.5,none,True,True
146049,1.0,0.0,0.5,none,True,True
146050,1.0,0.0,0.5,none,True,True
146051,1.0,0.0,0.5,none,True,True
146052,1.0,0.0,0.5,none,True,True
146053,1.0,0.0,0.5,none,True,True
146054,1.0,0.0,0.5,none,True,True
146055,1.0,0.0,0.5,none,True,True
146056,1.0,0.0,0.5,none,True,True
146057,1.0,0.0,0.5,none,True,True
146058,1.0,0.0,0.5,none,True,True
146059,1.0,0.0,0.5,none,True,True
146060,1.0,0.0,0.5,none,True,True
146061,1.0,0.0,0.5,none,True,True
146062,1.0,0.0,0.5,none,True,True
146063,1.0,0.0,0.5,none,True,True
146064,1.0,0.0,0.5,none,True,True
146065,1.0,0.0,0.5,none,True,True
146066,1.0,0.0,0.5,none,True,True
146067,1.0,0.0,0.5,none,True,True
146068,1.0,0.0,0.5,none,True,True
146069,1.0,0.0,0.5,none,True,True
146070,1.0,0.0,0.5,none,True,True
146071,1.0,0.0,0.5,none,True,True
146072,1.0,0.0,0.5,none,True,True
146073,1.0,0.0,0.5,none,True,True
146074,1.0,0.0,0.5,none,True,True
146075,1.0,0.0,0.5,none,True,True
146076,1.0,0.0,0.5,none,True,True
146077,1.0,0.0,0.5,none,True,True
146078,1.0,0.0,0.5,none,True,True
146079,1.0,0.0,0.5,none,True,True
146080,1.0,0.0,0.5,none,True,True
146081,1.0,0.0,0.5,none,True,True
146082,1.0,0.0,0.5,none,True,True
146083,1.0,0.0,0.5,none,True,True
146084,1.0,0.0,0.5,none,True,True
146085,1.0,0.0,0.5,none,True,True
146086,1.0,0.0,0.5,none,True,True
146087,1.0,0.0,0.5,none,True,True
146088,1.0,0.0,0.5,none,True,True
146089,1.0,0.0,0.5,none,True,True
146090,1.0,0.0,0.5,none,True,True
146091,1.0,0.0,0.5,none,True,True
146092,1.0,0.0,0.5,none,True,True
146093,1.0,0.0,0.5,none,True,True
146094,1.0,0.0,0.5,none,True,True
146095,1.0,0.0,0.5,none,True,True
146096,1.0,0.0,0.5,none,True,True
146097,1.0,0.0,0.5,none,True,True
146098,1.0,0.0,0.5,none,True,True
146099,1.0,0.0,0.5,none,True,True
146100,1.0,0.0,0.5,none,True,True
146101,1.0,0.0,0.5,none,True,True
146102,1.0,0.0,0.5,none,True,True
146103,1.0,0.0,0.5,none,True,True
146104,1.0,0.0,0.5,none,True,True
146105,1.0,0.0,0.5,none,True,True
146106,1.0,0.0,0.5,none,True,True
146107,1.0,0.0,0.5,none,True,True
146108,1.0,0.0,0.5,none,True,True
146109,1.0,0.0,0.5,none,True,True
146110,1.0,0.0,0.5,none,True,True
146111,1.0,0.0,0.5,none,True,True
146112,1.0,0.0,0.5,none,True,True
146113,1.0,0.0,0.5,none,True,True
146114,1.0,0.0,0.5,none,True,True
146115,1.0,0.0,0.5,none,True,True
146116,1.0,0.0,0.5,none,True,True
146117,1.0,0.0,0.5,none,True,True
146118,1.0,0.0,0.5,none,True,True
146119,1.0,0.0,0.5,none,True,True
146120,1.0,0.0,0.5,none,True,True
146121,1.0,0.0,0.5,none,True,True
146122,1.0,0.0,0.5,none,True,True
146123,1.0,0.0,0.5,none,True,True
146124,1.0,0.0,0.5,none,True,True
146125,1.0,0.0,0.5,none,True,True
146126,1.0,0.0,0.5,none,True,True
146127,1.0,0.0,0.5,none,True,True
146128,1.0,0.0,0.5,none,True,True
146129,1.0,0.0,0.5,none,True,True
146130,1.0,0.0,0.5,none,True,True
146131,1.0,0.0,0.5,none,True,True
146132,1.0,0.0,0.5,none,True,True
146133,1.0,0.0,0.5,none,True,True
146134,1.0,0.0,0.5,none,True,True
146135,1.0,0.0,0.5,none,True,True
146136,1.0,0.0,0.5,none,True,True
146137,1.0,0.0,0.5,none,True,True
146138,1.0,0.0,0.5,none,True,True
146139,1.0,0.0,0.5,none,True,True
146140,1.0,0.0,0.5,none,True,True
146141,1.0,0.0,0.5,none,True,True
146142,1.0,0.0,0.5,none,True,True
146143,1.0,0.0,0.5,none,True,True
146144,1.0,0.0,0.5,none,True,True
146145,1.0,0.0,0.5,none,True,True
146146,1.0,0.0,0.5,none,True,True
146147,1.0,0.0,0.5,none,True,True
146148,1.0,0.0,0.5,none,True,True
146149,1.0,0.0,0.5,none,True,True
146150,1.0,0.0,0.5,none,True,True
146151,1.0,0.0,0.5,none,True,True
146152,1.0,0.0,0.5,none,True,True
146153,1.0,0.0,0.5,none,True,True
146154,1.0,0.0,0.5,none,True,True
146155,1.0,0.0,0.5,none,True,True
146156,1.0,0.0,0.5,none,True,True
146157,1.0,0.0,0.5,none,True,True
146158,1.0,0.0,0.5,none,True,True
146159,1.0,0.0,0.5,none,True,True
146160,1.0,0.0,0.5,none,True,True
146161,1.0,0.0,0.5,none,True,True
146162,1.0,0.0,0.5,none,True,True
146163,1.0,0.0,0.5,none,True,True
146164,1.0,0.0,0.5,none,True,True
146165,1.0,0.0,0.5,none,True,True
146166,1.0,0.0,0.5,none,True,True
146167,1.0,0.0,0.5,none,True,True
146168,1.0,0.0,0.5,none,True,True
146169,1.0,0.0,0.5,none,True,True
146170,1.0,0.0,0.5,none,True,True
146171,1.0,0.0,0.5,none,True,True
146172,1.0,0.0,0.5,none,True,True
146173,1.0,0.0,0.5,none,True,True
146174,1.0,0.0,0.5,none,True,True
146175,1.0,0.0,0.5,none,True,True
146176,1.0,0.0,0.5,none,True,True
146177,1.0,0.0,0.5,none,True,True
146178,1.0,0.0,0.5,none,True,True
146179,1.0,0.0,0.5,none,True,True
146180,1.0,0.0,0.5,none,True,True
146181,1.0,0.0,0.5,none,True,True
146182,1.0,0.0,0.5,none,True,True
146183,1.0,0.0,0.5,none,True,True
146184,1.0,0.0,0.5,none,True,True
146185,1.0,0.0,0.5,none,True,True
146186,1.0,0.0,0.5,none,True,True
146187,1.0,0.0,0.5,none,True,True
146188,1.0,0.0,0.5,none,True,True
146189,1.0,0.0,0.5,none,True,True
146190,1.0,0.0,0.5,none,True,True
146191,1.0,0.0,0.5,none,True,True
146192,1.0,0.0,0.5,none,True,True
146193,1.0,0.0,0.5,none,True,True
146194,1.0,0.0,0.5,none,True,True
146195,1.0,0.0,0.5,none,True,True
146196,1.0,0.0,0.5,none,True,True
146197,1.0,0.0,0.5,none,True,True
146198,1.0,0.0,0.5,none,True,True
146199,1.0,0.0,0.5,none,True,True
146200,1.0,0.0,0.5,none,True,True
146201,1.0,0.0,0.5,none,True,True
146202,1.0,0.0,0.5,none,True,True
146203,1.0,0.0,0.5,none,True,True
146204,1.0,0.0,0.5,none,True,True
146205,1.0,0.0,0.5,none,True,True
146206,1.0,0.0,0.5,none,True,True
146207,1.0,0.0,0.5,none,True,True
146208,1.0,0.0,0.5,none,True,True
146209,1.0,0.0,0.5,none,True,True
146210,1.0,0.0,0.5,none,True,True
146211,1.0,0.0,0.5,none,True,True
146212,1.0,0.0,0.5,none,True,True
146213,1.0,0.0,0.5,none,True,True
146214,1.0,0.0,0.5,none,True,True
146215,1.0,0.0,0.5,none,True,True
146216,1.0,0.0,0.5,none,True,True
146217,1.0,0.0,0.5,none,True,True
146218,1.0,0.0,0.5,none,True,True
146219,1.0,0.0,0.5,none,True,True
146220,1.0,0.0,0.5,none,True,True
146221,1.0,0.0,0.5,none,True,True
146222,1.0,0.0,0.5,none,True,True
146223,1.0,0.0,0.5,none,True,True
146224,1.0,0.0,0.5,none,True,True
146225,1.0,0.0,0.5,none,True,True
146226,1.0,0.0,0.5,none,True,True
146227,1.0,0.0,0.5,none,True,True
146228,1.0,0.0,0.5,none,True,True
146229,1.0,0.0,0.5,none,True,True
146230,1.0,0.0,0.5,none,True,True
146231,1.0,0.0,0.5,none,True,True
146232,1.0,0.0,0.5,none,True,True
146233,1.0,0.0,0.5,none,True,True
146234,1.0,0.0,0.5,none,True,True
146235,1.0,0.0,0.5,none,True,True
146236,1.0,0.0,0.5,none,True,True
146237,1.0,0.0,0.5,none,True,True
146238,1.0,0.0,0.5,none,True,True
146239,1.0,0.0,0.5,none,True,True
146240,1.0,0.0,0.5,none,True,True
146241,1.0,0.0,0.5,none,True,True
146242,1.0,0.0,0.5,none,True,True
146243,1.0,0.0,0.5,none,True,True
146244,1.0,0.0,0.5,none,True,True
146245,1.0,0.0,0.5,none,True,True
146246,1.0,0.0,0.5,none,True,True
146247,1.0,0.0,0.5,none,True,True
146248,1.0,0.0,0.5,none,True,True
146249,1.0,0.0,0.5,none,True,True
146250,1.0,0.0,0.5,none,True,True
146251,1.0,0.0,0.5,none,True,True
146252,1.0,0.0,0.5,none,True,True
146253,1.0,0.0,0.5,none,True,True
146254,1.0,0.0,0.5,none,True,True
146255,1.0,0.0,0.5,none,True,True
146256,1.0,0.0,0.5,none,True,True
146257,1.0,0.0,0.5,none,True,True
146258,1.0,0.0,0.5,none,True,True
146259,1.0,0.0,0.5,none,True,True
146260,1.0,0.0,0.5,none,True,True
146261,1.0,0.0,0.5,none,True,True
146262,1.0,0.0,0.5,none,True,True
146263,1.0,0.0,0.5,none,True,True
146264,1.0,0.0,0.5,none,True,True
146265,1.0,0.0,0.5,none,True,True
146266,1.0,0.0,0.5,none,True,True
146267,1.0,0.0,0.5,none,True,True
146268,1.0,0.0,0.5,none,True,True
146269,1.0,0.0,0.5,none,True,True
146270,1.0,0.0,0.5,none,True,True
146271,1.0,0.0,0.5,none,True,True
146272,1.0,0.0,0.5,none,True,True
146273,1.0,0.0,0.5,none,True,True
146274,1.0,0.0,0.5,none,True,True
146275,1.0,0.0,0.5,none,True,True
146276,1.0,0.0,0.5,none,True,True
146277,1.0,0.0,0.5,none,True,True
146278,1.0,0.0,0.5,none,True,True
146279,1.0,0.0,0.5,none,True,True
146280,1.0,0.0,0.5,none,True,True
146281,1.0,0.0,0.5,none,True,True
146282,1.0,0.0,0.5,none,True,True
146283,1.0,0.0,0.5,none,True,True
146284,1.0,0.0,0.5,none,True,True
146285,1.0,0.0,0.5,none,True,True
146286,1.0,0.0,0.5,none,True,True
146287,1.0,0.0,0.5,none,True,True
146288,1.0,0.0,0.5,none,True,True
146289,1.0,0.0,0.5,none,True,True
146290,1.0,0.0,0.5,none,True,True
146291,1.0,0.0,0.5,none,True,True
146292,1.0,0.0,0.5,none,True,True
146293,1.0,0.0,0.5,none,True,True
146294,1.0,0.0,0.5,none,True,True
146295,1.0,0.0,0.5,none,True,True
146296,1.0,0.0,0.5,none,True,True
146297,1.0,0.0,0.5,none,True,True
146298,1.0,0.0,0.5,none,True,True
146299,1.0,0.0,0.5,none,True,True
146300,1.0,0.0061,0.5,none,True,True
146301,1.0,0.0357,0.5,none,True,True
146302,1.0,0.0812,0.5,none,True,True
146303,1.0,0.1113,0.5,none,True,True
146304,1.0,0.1253,0.5,none,True,True
146305,1.0,0.1408,0.5,none,True,True
146306,1.0,0.0907,0.5,none,True,True
146307,1.0,0.1198,0.5,none,True,True
146308,1.0,0.0467,0.5,none,True,True
146309,1.0,0.0522,0.5,none,True,True
146310,1.0,0.0405,0.5,none,True,True
146311,1.0,0.0313,0.5,none,True,True
146312,1.0,0.0083,0.5,none,True,True
146313,1.0,0.0726,0.5,none,True,True
146314,1.0,0.0793,0.5,none,True,True
146315,1.0,0.0581,0.5,none,True,True
146316,1.0,0.0955,0.5,none,True,True
146317,1.0,0.0839,0.5,none,True,True
146318,1.0,0.0648,0.5,none,True,True
146319,1.0,0.0718,0.5,none,True,True
146320,1.0,0.0589,0.5,none,True,True
146321,1.0,0.0403,0.5,none,True,True
146322,1.0,0.0327,0.5,none,True,True
146323,1.0,0.0277,0.5,none,True,True
146324,1.0,0.017,0.5,none,True,True
146325,1.0,0.0102,0.5,none,True,True
146326,1.0,0.0099,0.5,none,True,True
146327,1.0,0.008,0.5,none,True,True
146328,1.0,0.005,0.5,none,True,True
146329,1.0,0.0063,0.5,none,True,True
146330,1.0,0.009,0.5,none,True,True
146331,1.0,0.0096,0.5,none,True,True
146332,1.0,0.0108,0.5,none,True,True
146333,1.0,0.014,0.5,none,True,True
146334,1.0,0.0161,0.5,none,True,True
146335,1.0,0.0167,0.5,none,True,True
146336,1.0,0.0182,0.5,none,True,True
146337,1.0,0.0196,0.5,none,True,True
146338,1.0,0.0197,0.5,none,True,True
146339,1.0,0.0193,0.5,none,True,True
146340,1.0,0.0193,0.5,none,True,True
146341,1.0,0.0187,0.5,none,True,True
146342,1.0,0.0174,0.5,none,True,True
146343,1.0,0.0163,0.5,none,True,True
146344,1.0,0.0152,0.5,none,True,True
146345,1.0,0.0138,0.5,none,True,True
146346,1.0,0.0123,0.5,none,True,True
146347,1.0,0.0111,0.5,none,True,True
146348,1.0,0.01,0.5,none,True,True
146349,1.0,0.0088,0.5,none,True,True
146350,1.0,0.0078,0.5,none,True,True
146351,1.0,0.0071,0.5,none,True,True
146352,1.0,0.0064,0.5,none,True,True
146353,1.0,0.0057,0.5,none,True,True
146354,1.0,0.0053,0.5,none,True,True
146355,1.0,0.005,0.5,none,True,True
146356,1.0,0.0047,0.5,none,True,True
146357,1.0,0.0045,0.5,none,True,True
146358,1.0,0.0044,0.5,none,True,True
146359,1.0,0.0043,0.5,none,True,True
146360,1.0,0.0042,0.5,none,True,True
146361,1.0,0.0041,0.5,none,True,True
146362,1.0,0.004,0.5,none,True,True
146363,1.0,0.0039,0.5,none,True,True
146364,1.0,0.0038,0.5,none,True,True
146365,1.0,0.0037,0.5,none,True,True
146366,1.0,0.0035,0.5,none,True,True
146367,1.0,0.0033,0.5,none,True,True
146368,1.0,0.0032,0.5,none,True,True
146369,1.0,0.003,0.5,none,True,True
146370,1.0,0.0028,0.5,none,True,True
146371,1.0,0.0026,0.5,none,True,True
146372,1.0,0.0024,0.5,none,True,True
146373,1.0,0.0023,0.5,none,True,True
146374,1.0,0.0021,0.5,none,True,True
146375,1.0,0.0019,0.5,none,True,True
146376,1.0,0.0018,0.5,none,True,True
146377,1.0,0.0017,0.5,none,True,True
146378,1.0,0.0015,0.5,none,True,True
146379,1.0,0.0014,0.5,none,True,True
146380,1.0,0.0013,0.5,none,True,True
146381,1.0,0.0013,0.5,none,True,True
146382,1.0,0.0012,0.5,none,True,True
146383,1.0,0.0011,0.5,none,True,True
146384,1.0,0.0011,0.5,none,True,True
146385,1.0,0.001,0.5,none,True,True
146386,1.0,0.001,0.5,none,True,True
146387,1.0,0.0009,0.5,none,True,True
146388,1.0,0.0009,0.5,none,True,True
146389,1.0,0.0008,0.5,none,True,True
146390,1.0,0.0008,0.5,none,True,True
146391,1.0,0.0008,0.5,none,True,True
146392,1.0,0.0007,0.5,none,True,True
146393,1.0,0.0007,0.5,none,True,True
146394,1.0,0.0006,0.5,none,True,True
146395,1.0,0.0006,0.5,none,True,True
146396,1.0,0.0006,0.5,none,True,True
146397,1.0,0.0005,0.5,none,True,True
146398,1.0,0.0005,0.5,none,True,True
146399,1.0,0.0005,0.5,none,True,True
146400,1.0,0.0004,0.5,none,True,True
146401,1.0,0.0004,0.5,none,True,True
146402,1.0,0.0004,0.5,none,True,True
146403,1.0,0.0004,0.5,none,True,True
146404,1.0,0.0003,0.5,none,True,True
146405,1.0,0.0003,0.5,none,True,True
146406,1.0,0.0003,0.5,none,True,True
146407,1.0,0.0003,0.5,none,True,True
146408,1.0,0.0003,0.5,none,True,True
146409,1.0,0.0003,0.5,none,True,True
146410,1.0,0.0002,0.5,none,True,True
146411,1.0,0.0002,0.5,none,True,True
146412,1.0,0.0002,0.5,none,True,True
146413,1.0,0.0002,0.5,none,True,True
146414,1.0,0.0002,0.5,none,True,True
146415,1.0,0.0002,0.5,none,True,True
146416,1.0,0.0002,0.5,none,True,True
146417,1.0,0.0002,0.5,none,True,True
146418,1.0,0.0002,0.5,none,True,True
146419,1.0,0.0001,0.5,none,True,True
146420,1.0,0.0001,0.5,none,True,True
146421,1.0,0.0001,0.5,none,True,True
146422,1.0,0.0001,0.5,none,True,True
146423,1.0,0.0001,0.5,none,True,True
146424,1.0,0.0001,0.5,none,True,True
146425,1.0,0.0001,0.5,none,True,True
146426,1.0,0.0001,0.5,none,True,True
146427,1.0,0.0001,0.5,none,True,True
146428,1.0,0.0001,0.5,none,True,True
146429,1.0,0.0001,0.5,none,True,True
146430,1.0,0.0001,0.5,none,True,True
146431,1.0,0.0001,0.5,none,True,True
146432,1.0,0.0001,0.5,none,True,True
146433,1.0,0.0001,0.5,none,True,True
146434,1.0,0.0001,0.5,none,True,True
146435,1.0,0.0001,0.5,none,True,True
146436,1.0,0.0001,0.5,none,True,True
146437,1.0,0.0,0.5,none,True,True
146438,1.0,0.0,0.5,none,True,True
146439,1.0,0.0,0.5,none,True,True
146440,1.0,0.0,0.5,none,True,True
146441,1.0,0.0,0.5,none,True,True
146442,1.0,0.0,0.5,none,True,True
146443,1.0,0.0,0.5,none,True,True
146444,1.0,0.0,0.5,none,True,True
146445,1.0,0.0,0.5,none,True,True
146446,1.0,0.0,0.5,none,True,True
146447,1.0,0.0,0.5,none,True,True
146448,1.0,0.0,0.5,none,True,True
146449,1.0,0.0,0.5,none,True,True
146450,1.0,0.0,0.5,none,True,True
146451,1.0,0.0,0.5,none,True,True
146452,1.0,0.0,0.5,none,True,True
146453,1.0,0.0,0.5,none,True,True
146454,1.0,0.0,0.5,none,True,True
146455,1.0,0.0,0.5,none,True,True
146456,1.0,0.0,0.5,none,True,True
146457,1.0,0.0,0.5,none,True,True
146458,1.0,0.0,0.5,none,True,True
146459,1.0,0.0,0.5,none,True,True
146460,1.0,0.0,0.5,none,True,True
146461,1.0,0.0,0.5,none,True,True
146462,1.0,0.0,0.5,none,True,True
146463,1.0,0.0,0.5,none,True,True
146464,1.0,0.0,0.5,none,True,True
146465,1.0,0.0,0.5,none,True,True
146466,1.0,0.0,0.5,none,True,True
146467,1.0,0.0,0.5,none,True,True
146468,1.0,0.0,0.5,none,True,True
146469,1.0,0.0,0.5,none,True,True
146470,1.0,0.0,0.5,none,True,True
146471,1.0,0.0,0.5,none,True,True
146472,1.0,0.0,0.5,none,True,True
146473,1.0,0.0,0.5,none,True,True
146474,1.0,0.0,0.5,none,True,True
146475,1.0,0.0,0.5,none,True,True
146476,1.0,0.0,0.5,none,True,True
146477,1.0,0.0,0.5,none,True,True
146478,1.0,0.0,0.5,none,True,True
146479,1.0,0.0,0.5,none,True,True
146480,1.0,0.0,0.5,none,True,True
146481,1.0,0.0,0.5,none,True,True
146482,1.0,0.0,0.5,none,True,True
146483,1.0,0.0,0.5,none,True,True
146484,1.0,0.0,0.5,none,True,True
146485,1.0,0.0,0.5,none,True,True
146486,1.0,0.0,0.5,none,True,True
146487,1.0,0.0,0.5,none,True,True
146488,1.0,0.0,0.5,none,True,True
146489,1.0,0.0,0.5,none,True,True
146490,1.0,0.0,0.5,none,True,True
146491,1.0,0.0,0.5,none,True,True
146492,1.0,0.0,0.5,none,True,True
146493,1.0,0.0,0.5,none,True,True
146494,1.0,0.0,0.5,none,True,True
146495,1.0,0.0,0.5,none,True,True
146496,1.0,0.0,0.5,none,True,True
146497,1.0,0.0,0.5,none,True,True
146498,1.0,0.0,0.5,none,True,True
146499,1.0,0.0,0.5,none,True,True
146500,1.0,0.0,0.5,none,True,True
146501,1.0,0.0,0.5,none,True,True
146502,1.0,0.0,0.5,none,True,True
146503,1.0,0.0,0.5,none,True,True
146504,1.0,0.0,0.5,none,True,True
146505,1.0,0.0,0.5,none,True,True
146506,1.0,0.0,0.5,none,True,True
146507,1.0,0.0,0.5,none,True,True
146508,1.0,0.0,0.5,none,True,True
146509,1.0,0.0,0.5,none,True,True
146510,1.0,0.0,0.5,none,True,True
146511,1.0,0.0,0.5,none,True,True
146512,1.0,0.0,0.5,none,True,True
146513,1.0,0.0,0.5,none,True,True
146514,1.0,0.0,0.5,none,True,True
146515,1.0,0.0,0.5,none,True,True
146516,1.0,0.0,0.5,none,True,True
146517,1.0,0.0,0.5,none,True,True
146518,1.0,0.0,0.5,none,True,True
146519,1.0,0.0,0.5,none,True,True
146520,1.0,0.0,0.5,none,True,True
146521,1.0,0.0,0.5,none,True,True
146522,1.0,0.0,0.5,none,True,True
146523,1.0,0.0,0.5,none,True,True
146524,1.0,0.0,0.5,none,True,True
146525,1.0,0.0,0.5,none,True,True
146526,1.0,0.0,0.5,none,True,True
146527,1.0,0.0,0.5,none,True,True
146528,1.0,0.0,0.5,none,True,True
146529,1.0,0.0,0.5,none,True,True
146530,1.0,0.0,0.5,none,True,True
146531,1.0,0.0,0.5,none,True,True
146532,1.0,0.0,0.5,none,True,True
146533,1.0,0.0,0.5,none,True,True
146534,1.0,0.0,0.5,none,True,True
146535,1.0,0.0,0.5,none,True,True
146536,1.0,0.0,0.5,none,True,True
146537,1.0,0.0,0.5,none,True,True
146538,1.0,0.0,0.5,none,True,True
146539,1.0,0.0,0.5,none,True,True
146540,1.0,0.0,0.5,none,True,True
146541,1.0,0.0,0.5,none,True,True
146542,1.0,0.0,0.5,none,True,True
146543,1.0,0.0,0.5,none,True,True
146544,1.0,0.0,0.5,none,True,True
146545,1.0,0.0,0.5,none,True,True
146546,1.0,0.0,0.5,none,True,True
146547,1.0,0.0,0.5,none,True,True
146548,1.0,0.0,0.5,none,True,True
146549,1.0,0.0,0.5,none,True,True
146550,1.0,0.0,0.5,none,True,True
146551,1.0,0.0,0.5,none,True,True
146552,1.0,0.0,0.5,none,True,True
146553,1.0,0.0,0.5,none,True,True
146554,1.0,0.0,0.5,none,True,True
146555,1.0,0.0,0.5,none,True,True
146556,1.0,0.0,0.5,none,True,True
146557,1.0,0.0,0.5,none,True,True
146558,1.0,0.0,0.5,none,True,True
146559,1.0,0.0,0.5,none,True,True
146560,1.0,0.0,0.5,none,True,True
146561,1.0,0.0,0.5,none,True,True
146562,1.0,0.0,0.5,none,True,True
146563,1.0,0.0,0.5,none,True,True
146564,1.0,0.0,0.5,none,True,True
146565,1.0,0.0,0.5,none,True,True
146566,1.0,0.0,0.5,none,True,True
146567,1.0,0.0,0.5,none,True,True
146568,1.0,0.0,0.5,none,True,True
146569,1.0,0.0,0.5,none,True,True
146570,1.0,0.0,0.5,none,True,True
146571,1.0,0.0,0.5,none,True,True
146572,1.0,0.0,0.5,none,True,True
146573,1.0,0.0,0.5,none,True,True
146574,1.0,0.0,0.5,none,True,True
146575,1.0,0.0,0.5,none,True,True
146576,1.0,0.0,0.5,none,True,True
146577,1.0,0.0,0.5,none,True,True
146578,1.0,0.0,0.5,none,True,True
146579,1.0,0.0,0.5,none,True,True
146580,1.0,0.0,0.5,none,True,True
146581,1.0,0.0,0.5,none,True,True
146582,1.0,0.0,0.5,none,True,True
146583,1.0,0.0,0.5,none,True,True
146584,1.0,0.0,0.5,none,True,True
146585,1.0,0.0,0.5,none,True,True
146586,1.0,0.0,0.5,none,True,True
146587,1.0,0.0,0.5,none,True,True
146588,1.0,0.0,0.5,none,True,True
146589,1.0,0.0,0.5,none,True,True
146590,1.0,0.0,0.5,none,True,True
146591,1.0,0.0,0.5,none,True,True
146592,1.0,0.0,0.5,none,True,True
146593,1.0,0.0,0.5,none,True,True
146594,1.0,0.0,0.5,none,True,True
146595,1.0,0.0,0.5,none,True,True
146596,1.0,0.0,0.5,none,True,True
146597,1.0,0.0,0.5,none,True,True
146598,1.0,0.0,0.5,none,True,True
146599,1.0,0.0,0.5,none,True,True
146600,1.0,0.0,0.5,none,True,True
146601,1.0,0.0,0.5,none,True,True
146602,1.0,0.0,0.5,none,True,True
146603,1.0,0.0,0.5,none,True,True
146604,1.0,0.0,0.5,none,True,True
146605,1.0,0.0,0.5,none,True,True
146606,1.0,0.0,0.5,none,True,True
146607,1.0,0.0,0.5,none,True,True
146608,1.0,0.0,0.5,none,True,True
146609,1.0,0.0,0.5,none,True,True
146610,1.0,0.0,0.5,none,True,True
146611,1.0,0.0,0.5,none,True,True
146612,1.0,0.0,0.5,none,True,True
146613,1.0,0.0,0.5,none,True,True
146614,1.0,0.0,0.5,none,True,True
146615,1.0,0.0,0.5,none,True,True
146616,1.0,0.0,0.5,none,True,True
146617,1.0,0.0,0.5,none,True,True
146618,1.0,0.0,0.5,none,True,True
146619,1.0,0.0,0.5,none,True,True
146620,1.0,0.0,0.5,none,True,True
146621,1.0,0.0,0.5,none,True,True
146622,1.0,0.0,0.5,none,True,True
146623,1.0,0.0,0.5,none,True,True
146624,1.0,0.0,0.5,none,True,True
146625,1.0,0.0,0.5,none,True,True
146626,1.0,0.0,0.5,none,True,True
146627,1.0,0.0,0.5,none,True,True
146628,1.0,0.0,0.5,none,True,True
146629,1.0,0.0,0.5,none,True,True
146630,1.0,0.0,0.5,none,True,True
146631,1.0,0.0,0.5,none,True,True
146632,1.0,0.0,0.5,none,True,True
146633,1.0,0.0,0.5,none,True,True
146634,1.0,0.0,0.5,none,True,True
146635,1.0,0.0,0.5,none,True,True
146636,1.0,0.0,0.5,none,True,True
146637,1.0,0.0,0.5,none,True,True
146638,1.0,0.0,0.5,none,True,True
146639,1.0,0.0,0.5,none,True,True
146640,1.0,0.0,0.5,none,True,True
146641,1.0,0.0,0.5,none,True,True
146642,1.0,0.0,0.5,none,True,True
146643,1.0,0.0,0.5,none,True,True
146644,1.0,0.0,0.5,none,True,True
146645,1.0,0.0,0.5,none,True,True
146646,1.0,0.0,0.5,none,True,True
146647,1.0,0.0,0.5,none,True,True
146648,1.0,0.0,0.5,none,True,True
146649,1.0,0.0,0.5,none,True,True
146650,1.0,0.0,0.5,none,True,True
146651,1.0,0.0,0.5,none,True,True
146652,1.0,0.0,0.5,none,True,True
146653,1.0,0.0,0.5,none,True,True
146654,1.0,0.0,0.5,none,True,True
146655,1.0,0.0,0.5,none,True,True
146656,1.0,0.0,0.5,none,True,True
146657,1.0,0.0,0.5,none,True,True
146658,1.0,0.0,0.5,none,True,True
146659,1.0,0.0,0.5,none,True,True
146660,1.0,0.0,0.5,none,True,True
146661,1.0,0.0,0.5,none,True,True
146662,1.0,0.0,0.5,none,True,True
146663,1.0,0.0,0.5,none,True,True
146664,1.0,0.0,0.5,none,True,True
146665,1.0,0.0,0.5,none,True,True
146666,1.0,0.0,0.5,none,True,True
146667,1.0,0.0,0.5,none,True,True
146668,1.0,0.0,0.5,none,True,True
146669,1.0,0.0,0.5,none,True,True
146670,1.0,0.0,0.5,none,True,True
146671,1.0,0.0,0.5,none,True,True
146672,1.0,0.0,0.5,none,True,True
146673,1.0,0.0,0.5,none,True,True
146674,1.0,0.0,0.5,none,True,True
146675,1.0,0.0,0.5,none,True,True
146676,1.0,0.0,0.5,none,True,True
146677,1.0,0.0,0.5,none,True,True
146678,1.0,0.0,0.5,none,True,True
146679,1.0,0.0,0.5,none,True,True
146680,1.0,0.0,0.5,none,True,True
146681,1.0,0.0,0.5,none,True,True
146682,1.0,0.0,0.5,none,True,True
146683,1.0,0.0,0.5,none,True,True
146684,1.0,0.0,0.5,none,True,True
146685,1.0,0.0,0.5,none,True,True
146686,1.0,0.0,0.5,none,True,True
146687,1.0,0.0,0.5,none,True,True
146688,1.0,0.0,0.5,none,True,True
146689,1.0,0.0,0.5,none,True,True
146690,1.0,0.0,0.5,none,True,True
146691,1.0,0.0,0.5,none,True,True
146692,1.0,0.0,0.5,none,True,True
146693,1.0,0.0,0.5,none,True,True
146694,1.0,0.0,0.5,none,True,True
146695,1.0,0.0,0.5,none,True,True
146696,1.0,0.0,0.5,none,True,True
146697,1.0,0.0,0.5,none,True,True
146698,1.0,0.0,0.5,none,True,True
146699,1.0,0.0,0.5,none,True,True
146700,1.0,0.0,0.5,none,True,True
146701,1.0,0.0,0.5,none,True,True
146702,1.0,0.0,0.5,none,True,True
146703,1.0,0.0,0.5,none,True,True
146704,1.0,0.0,0.5,none,True,True
146705,1.0,0.0,0.5,none,True,True
146706,1.0,0.0,0.5,none,True,True
146707,1.0,0.0,0.5,none,True,True
146708,1.0,0.0,0.5,none,True,True
146709,1.0,0.0,0.5,none,True,True
146710,1.0,0.0,0.5,none,True,True
146711,1.0,0.0,0.5,none,True,True
146712,1.0,0.0,0.5,none,True,True
146713,1.0,0.0,0.5,none,True,True
146714,1.0,0.0,0.5,none,True,True
146715,1.0,0.0,0.5,none,True,True
146716,1.0,0.0,0.5,none,True,True
146717,1.0,0.0,0.5,none,True,True
146718,1.0,0.0,0.5,none,True,True
146719,1.0,0.0,0.5,none,True,True
146720,1.0,0.0,0.5,none,True,True
146721,1.0,0.0,0.5,none,True,True
146722,1.0,0.0,0.5,none,True,True
146723,1.0,0.0,0.5,none,True,True
146724,1.0,0.0,0.5,none,True,True
146725,1.0,0.0,0.5,none,True,True
146726,1.0,0.0,0.5,none,True,True
146727,1.0,0.0,0.5,none,True,True
146728,1.0,0.0,0.5,none,True,True
146729,1.0,0.0,0.5,none,True,True
146730,1.0,0.0,0.5,none,True,True
146731,1.0,0.0,0.5,none,True,True
146732,1.0,0.0,0.5,none,True,True
146733,1.0,0.0,0.5,none,True,True
146734,1.0,0.0,0.5,none,True,True
146735,1.0,0.0,0.5,none,True,True
146736,1.0,0.0,0.5,none,True,True
146737,1.0,0.0,0.5,none,True,True
146738,1.0,0.0,0.5,none,True,True
146739,1.0,0.0,0.5,none,True,True
146740,1.0,0.0,0.5,none,True,True
146741,1.0,0.0,0.5,none,True,True
146742,1.0,0.0,0.5,none,True,True
146743,1.0,0.0,0.5,none,True,True
146744,1.0,0.0,0.5,none,True,True
146745,1.0,0.0,0.5,none,True,True
146746,1.0,0.0,0.5,none,True,True
146747,1.0,0.0,0.5,none,True,True
146748,1.0,0.0,0.5,none,True,True
146749,1.0,0.0,0.5,none,True,True
146750,1.0,0.0,0.5,none,True,True
146751,1.0,0.0,0.5,none,True,True
146752,1.0,0.0,0.5,none,True,True
146753,1.0,0.0,0.5,none,True,True
146754,1.0,0.0,0.5,none,True,True
146755,1.0,0.0,0.5,none,True,True
146756,1.0,0.0,0.5,none,True,True
146757,1.0,0.0,0.5,none,True,True
146758,1.0,0.0,0.5,none,True,True
146759,1.0,0.0,0.5,none,True,True
146760,1.0,0.0,0.5,none,True,True
146761,1.0,0.0,0.5,none,True,True
146762,1.0,0.0,0.5,none,True,True
146763,1.0,0.0,0.5,none,True,True
146764,1.0,0.0,0.5,none,True,True
146765,1.0,0.0,0.5,none,True,True
146766,1.0,0.0,0.5,none,True,True
146767,1.0,0.0,0.5,none,True,True
146768,1.0,0.0,0.5,none,True,True
146769,1.0,0.0,0.5,none,True,True
146770,1.0,0.0,0.5,none,True,True
146771,1.0,0.0,0.5,none,True,True
146772,1.0,0.0,0.5,none,True,True
146773,1.0,0.0,0.5,none,True,True
146774,1.0,0.0,0.5,none,True,True
146775,1.0,0.0,0.5,none,True,True
146776,1.0,0.0,0.5,none,True,True
146777,1.0,0.0,0.5,none,True,True
146778,1.0,0.0,0.5,none,True,True
146779,1.0,0.0,0.5,none,True,True
146780,1.0,0.0,0.5,none,True,True
146781,1.0,0.0,0.5,none,True,True
146782,1.0,0.0,0.5,none,True,True
146783,1.0,0.0,0.5,none,True,True
146784,1.0,0.0,0.5,none,True,True
146785,1.0,0.0,0.5,none,True,True
146786,1.0,0.0,0.5,none,True,True
146787,1.0,0.0,0.5,none,True,True
146788,1.0,0.0,0.5,none,True,True
146789,1.0,0.0,0.5,none,True,True
146790,1.0,0.0,0.5,none,True,True
146791,1.0,0.0,0.5,none,True,True
146792,1.0,0.0,0.5,none,True,True
146793,1.0,0.0,0.5,none,True,True
146794,1.0,0.0,0.5,none,True,True
146795,1.0,0.0,0.5,none,True,True
146796,1.0,0.0,0.5,none,True,True
146797,1.0,0.0,0.5,none,True,True
146798,1.0,0.0,0.5,none,True,True
146799,1.0,0.0,0.5,none,True,True
146800,1.0,0.0,0.5,none,True,True
146801,1.0,0.0,0.5,none,True,True
146802,1.0,0.0,0.5,none,True,True
146803,1.0,0.0,0.5,none,True,True
146804,1.0,0.0,0.5,none,True,True
146805,1.0,0.0,0.5,none,True,True
146806,1.0,0.0,0.5,none,True,True
146807,1.0,0.0,0.5,none,True,True
146808,1.0,0.0,0.5,none,True,True
146809,1.0,0.0,0.5,none,True,True
146810,1.0,0.0,0.5,none,True,True
146811,1.0,0.0,0.5,none,True,True
146812,1.0,0.0,0.5,none,True,True
146813,1.0,0.0,0.5,none,True,True
146814,1.0,0.0,0.5,none,True,True
146815,1.0,0.0,0.5,none,True,True
146816,1.0,0.0,0.5,none,True,True
146817,1.0,0.0,0.5,none,True,True
146818,1.0,0.0,0.5,none,True,True
146819,1.0,0.0,0.5,none,True,True
146820,1.0,0.0,0.5,none,True,True
146821,1.0,0.0,0.5,none,True,True
146822,1.0,0.0,0.5,none,True,True
146823,1.0,0.0,0.5,none,True,True
146824,1.0,0.0,0.5,none,True,True
146825,1.0,0.0,0.5,none,True,True
146826,1.0,0.0,0.5,none,True,True
146827,1.0,0.0,0.5,none,True,True
146828,1.0,0.0,0.5,none,True,True
146829,1.0,0.0,0.5,none,True,True
146830,1.0,0.0,0.5,none,True,True
146831,1.0,0.0,0.5,none,True,True
146832,1.0,0.0,0.5,none,True,True
146833,1.0,0.0,0.5,none,True,True
146834,1.0,0.0,0.5,none,True,True
146835,1.0,0.0,0.5,none,True,True
146836,1.0,0.0,0.5,none,True,True
146837,1.0,0.0,0.5,none,True,True
146838,1.0,0.0,0.5,none,True,True
146839,1.0,0.0,0.5,none,True,True
146840,1.0,0.0,0.5,none,True,True
146841,1.0,0.0,0.5,none,True,True
146842,1.0,0.0,0.5,none,True,True
146843,1.0,0.0,0.5,none,True,True
146844,1.0,0.0,0.5,none,True,True
146845,1.0,0.0,0.5,none,True,True
146846,1.0,0.0,0.5,none,True,True
146847,1.0,0.0,0.5,none,True,True
146848,1.0,0.0,0.5,none,True,True
146849,1.0,0.0,0.5,none,True,True
146850,1.0,0.0,0.5,none,True,True
146851,1.0,0.0,0.5,none,True,True
146852,1.0,0.0,0.5,none,True,True
146853,1.0,0.0,0.5,none,True,True
146854,1.0,0.0,0.5,none,True,True
146855,1.0,0.0,0.5,none,True,True
146856,1.0,0.0,0.5,none,True,True
146857,1.0,0.0,0.5,none,True,True
146858,1.0,0.0,0.5,none,True,True
146859,1.0,0.0,0.5,none,True,True
146860,1.0,0.0,0.5,none,True,True
146861,1.0,0.0,0.5,none,True,True
146862,1.0,0.0,0.5,none,True,True
146863,1.0,0.0,0.5,none,True,True
146864,1.0,0.0,0.5,none,True,True
146865,1.0,0.0,0.5,none,True,True
146866,1.0,0.0,0.5,none,True,True
146867,1.0,0.0,0.5,none,True,True
146868,1.0,0.0,0.5,none,True,True
146869,1.0,0.0,0.5,none,True,True
146870,1.0,0.0,0.5,none,True,True
146871,1.0,0.0,0.5,none,True,True
146872,1.0,0.0,0.5,none,True,True
146873,1.0,0.0,0.5,none,True,True
146874,1.0,0.0,0.5,none,True,True
146875,1.0,0.0,0.5,none,True,True
146876,1.0,0.0,0.5,none,True,True
146877,1.0,0.0,0.5,none,True,True
146878,1.0,0.0,0.5,none,True,True
146879,1.0,0.0,0.5,none,True,True
146880,1.0,0.0,0.5,none,True,True
146881,1.0,0.0,0.5,none,True,True
146882,1.0,0.0,0.5,none,True,True
146883,1.0,0.0,0.5,none,True,True
146884,1.0,0.0,0.5,none,True,True
146885,1.0,0.0,0.5,none,True,True
146886,1.0,0.0,0.5,none,True,True
146887,1.0,0.0,0.5,none,True,True
146888,1.0,0.0,0.5,none,True,True
146889,1.0,0.0,0.5,none,True,True
146890,1.0,0.0,0.5,none,True,True
146891,1.0,0.0,0.5,none,True,True
146892,1.0,0.0,0.5,none,True,True
146893,1.0,0.0,0.5,none,True,True
146894,1.0,0.0,0.5,none,True,True
146895,1.0,0.0,0.5,none,True,True
146896,1.0,0.0,0.5,none,True,True
146897,1.0,0.0,0.5,none,True,True
146898,1.0,0.0,0.5,none,True,True
146899,1.0,0.0,0.5,none,True,True
146900,1.0,0.0,0.5,none,True,True
146901,1.0,0.0,0.5,none,True,True
146902,1.0,0.0,0.5,none,True,True
146903,1.0,0.0,0.5,none,True,True
146904,1.0,0.0,0.5,none,True,True
146905,1.0,0.0,0.5,none,True,True
146906,1.0,0.0,0.5,none,True,True
146907,1.0,0.0,0.5,none,True,True
146908,1.0,0.0,0.5,none,True,True
146909,1.0,0.0,0.5,none,True,True
146910,1.0,0.0,0.5,none,True,True
146911,1.0,0.0,0.5,none,True,True
146912,1.0,0.0,0.5,none,True,True
146913,1.0,0.0,0.5,none,True,True
146914,1.0,0.0,0.5,none,True,True
146915,1.0,0.0,0.5,none,True,True
146916,1.0,0.0,0.5,none,True,True
146917,1.0,0.0,0.5,none,True,True
146918,1.0,0.0,0.5,none,True,True
146919,1.0,0.0,0.5,none,True,True
146920,1.0,0.0,0.5,none,True,True
146921,1.0,0.0,0.5,none,True,True
146922,1.0,0.0,0.5,none,True,True
146923,1.0,0.0,0.5,none,True,True
146924,1.0,0.0,0.5,none,True,True
146925,1.0,0.0,0.5,none,True,True
146926,1.0,0.0,0.5,none,True,True
146927,1.0,0.0,0.5,none,True,True
146928,1.0,0.0,0.5,none,True,True
146929,1.0,0.0,0.5,none,True,True
146930,1.0,0.0,0.5,none,True,True
146931,1.0,0.0,0.5,none,True,True
146932,1.0,0.0,0.5,none,True,True
146933,1.0,0.0,0.5,none,True,True
146934,1.0,0.0,0.5,none,True,True
146935,1.0,0.0,0.5,none,True,True
146936,1.0,0.0,0.5,none,True,True
146937,1.0,0.0,0.5,none,True,True
146938,1.0,0.0,0.5,none,True,True
146939,1.0,0.0,0.5,none,True,True
146940,1.0,0.0,0.5,none,True,True
146941,1.0,0.0,0.5,none,True,True
146942,1.0,0.0,0.5,none,True,True
146943,1.0,0.0,0.5,none,True,True
146944,1.0,0.0,0.5,none,True,True
146945,1.0,0.0,0.5,none,True,True
146946,1.0,0.0,0.5,none,True,True
146947,1.0,0.0,0.5,none,True,True
146948,1.0,0.0,0.5,none,True,True
146949,1.0,0.0,0.5,none,True,True
146950,1.0,0.0,0.5,none,True,True
146951,1.0,0.0,0.5,none,True,True
146952,1.0,0.0,0.5,none,True,True
146953,1.0,0.0,0.5,none,True,True
146954,1.0,0.0,0.5,none,True,True
146955,1.0,0.0,0.5,none,True,True
146956,1.0,0.0,0.5,none,True,True
146957,1.0,0.0,0.5,none,True,True
146958,1.0,0.0,0.5,none,True,True
146959,1.0,0.0,0.5,none,True,True
146960,1.0,0.0,0.5,none,True,True
146961,1.0,0.0,0.5,none,True,True
146962,1.0,0.0,0.5,none,True,True
146963,1.0,0.0,0.5,none,True,True
146964,1.0,0.0,0.5,none,True,True
146965,1.0,0.0,0.5,none,True,True
146966,1.0,0.0,0.5,none,True,True
146967,1.0,0.0,0.5,none,True,True
146968,1.0,0.0,0.5,none,True,True
146969,1.0,0.0,0.5,none,True,True
146970,1.0,0.0,0.5,none,True,True
146971,1.0,0.0,0.5,none,True,True
146972,1.0,0.0,0.5,none,True,True
146973,1.0,0.0,0.5,none,True,True
146974,1.0,0.0,0.5,none,True,True
146975,1.0,0.0,0.5,none,True,True
146976,1.0,0.0,0.5,none,True,True
146977,1.0,0.0,0.5,none,True,True
146978,1.0,0.0,0.5,none,True,True
146979,1.0,0.0,0.5,none,True,True
146980,1.0,0.0,0.5,none,True,True
146981,1.0,0.0,0.5,none,True,True
146982,1.0,0.0,0.5,none,True,True
146983,1.0,0.0,0.5,none,True,True
146984,1.0,0.0,0.5,none,True,True
146985,1.0,0.0,0.5,none,True,True
146986,1.0,0.0,0.5,none,True,True
146987,1.0,0.0,0.5,none,True,True
146988,1.0,0.0,0.5,none,True,True
146989,1.0,0.0,0.5,none,True,True
146990,1.0,0.0,0.5,none,True,True
146991,1.0,0.0,0.5,none,True,True
146992,1.0,0.0,0.5,none,True,True
146993,1.0,0.0,0.5,none,True,True
146994,1.0,0.0,0.5,none,True,True
146995,1.0,0.0,0.5,none,True,True
146996,1.0,0.0,0.5,none,True,True
146997,1.0,0.0,0.5,none,True,True
146998,1.0,0.0,0.5,none,True,True
146999,1.0,0.0,0.5,none,True,True
147000,1.0,0.0061,0.5,none,True,True
147001,1.0,0.0357,0.5,none,True,True
147002,1.0,0.0812,0.5,none,True,True
147003,1.0,0.1113,0.5,none,True,True
147004,1.0,0.1253,0.5,none,True,True
147005,1.0,0.1408,0.5,none,True,True
147006,1.0,0.0907,0.5,none,True,True
147007,1.0,0.1198,0.5,none,True,True
147008,1.0,0.0467,0.5,none,True,True
147009,1.0,0.0522,0.5,none,True,True
147010,1.0,0.0405,0.5,none,True,True
147011,1.0,0.0313,0.5,none,True,True
147012,1.0,0.0083,0.5,none,True,True
147013,1.0,0.0726,0.5,none,True,True
147014,1.0,0.0793,0.5,none,True,True
147015,1.0,0.0581,0.5,none,True,True
147016,1.0,0.0955,0.5,none,True,True
147017,1.0,0.0839,0.5,none,True,True
147018,1.0,0.0648,0.5,none,True,True
147019,1.0,0.0718,0.5,none,True,True
147020,1.0,0.0589,0.5,none,True,True
147021,1.0,0.0403,0.5,none,True,True
147022,1.0,0.0327,0.5,none,True,True
147023,1.0,0.0277,0.5,none,True,True
147024,1.0,0.017,0.5,none,True,True
147025,1.0,0.0102,0.5,none,True,True
147026,1.0,0.0099,0.5,none,True,True
147027,1.0,0.008,0.5,none,True,True
147028,1.0,0.005,0.5,none,True,True
147029,1.0,0.0063,0.5,none,True,True
147030,1.0,0.009,0.5,none,True,True
147031,1.0,0.0096,0.5,none,True,True
147032,1.0,0.0108,0.5,none,True,True
147033,1.0,0.014,0.5,none,True,True
147034,1.0,0.0161,0.5,none,True,True
147035,1.0,0.0167,0.5,none,True,True
147036,1.0,0.0182,0.5,none,True,True
147037,1.0,0.0196,0.5,none,True,True
147038,1.0,0.0197,0.5,none,True,True
147039,1.0,0.0193,0.5,none,True,True
147040,1.0,0.0193,0.5,none,True,True
147041,1.0,0.0187,0.5,none,True,True
147042,1.0,0.0174,0.5,none,True,True
147043,1.0,0.0163,0.5,none,True,True
147044,1.0,0.0152,0.5,none,True,True
147045,1.0,0.0138,0.5,none,True,True
147046,1.0,0.0123,0.5,none,True,True
147047,1.0,0.0111,0.5,none,True,True
147048,1.0,0.01,0.5,none,True,True
147049,1.0,0.0088,0.5,none,True,True
147050,1.0,0.0078,0.5,none,True,True
147051,1.0,0.0071,0.5,none,True,True
147052,1.0,0.0064,0.5,none,True,True
147053,1.0,0.0057,0.5,none,True,True
147054,1.0,0.0053,0.5,none,True,True
147055,1.0,0.005,0.5,none,True,True
147056,1.0,0.0047,0.5,none,True,True
147057,1.0,0.0045,0.5,none,True,True
147058,1.0,0.0044,0.5,none,True,True
147059,1.0,0.0043,0.5,none,True,True
147060,1.0,0.0042,0.5,none,True,True
147061,1.0,0.0041,0.5,none,True,True
147062,1.0,0.004,0.5,none,True,True
147063,1.0,0.0039,0.5,none,True,True
147064,1.0,0.0038,0.5,none,True,True
147065,1.0,0.0037,0.5,none,True,True
147066,1.0,0.0035,0.5,none,True,True
147067,1.0,0.0033,0.5,none,True,True
147068,1.0,0.0032,0.5,none,True,True
147069,1.0,0.003,0.5,none,True,True
147070,1.0,0.0028,0.5,none,True,True
147071,1.0,0.0026,0.5,none,True,True
147072,1.0,0.0024,0.5,none,True,True
147073,1.0,0.0023,0.5,none,True,True
147074,1.0,0.0021,0.5,none,True,True
147075,1.0,0.0019,0.5,none,True,True
147076,1.0,0.0018,0.5,none,True,True
147077,1.0,0.0017,0.5,none,True,True
147078,1.0,0.0015,0.5,none,True,True
147079,1.0,0.0014,0.5,none,True,True
147080,1.0,0.0013,0.5,none,True,True
147081,1.0,0.0013,0.5,none,True,True
147082,1.0,0.0012,0.5,none,True,True
147083,1.0,0.0011,0.5,none,True,True
147084,1.0,0.0011,0.5,none,True,True
147085,1.0,0.001,0.5,none,True,True
147086,1.0,0.001,0.5,none,True,True
147087,1.0,0.0009,0.5,none,True,True
147088,1.0,0.0009,0.5,none,True,True
147089,1.0,0.0008,0.5,none,True,True
147090,1.0,0.0008,0.5,none,True,True
147091,1.0,0.0008,0.5,none,True,True
147092,1.0,0.0007,0.5,none,True,True
147093,1.0,0.0007,0.5,none,True,True
147094,1.0,0.0006,0.5,none,True,True
147095,1.0,0.0006,0.5,none,True,True
147096,1.0,0.0006,0.5,none,True,True
147097,1.0,0.0005,0.5,none,True,True
147098,1.0,0.0005,0.5,none,True,True
147099,1.0,0.0005,0.5,none,True,True
147100,1.0,0.0004,0.5,none,True,True
147101,1.0,0.0004,0.5,none,True,True
147102,1.0,0.0004,0.5,none,True,True
147103,1.0,0.0004,0.5,none,True,True
147104,1.0,0.0003,0.5,none,True,True
147105,1.0,0.0003,0.5,none,True,True
147106,1.0,0.0003,0.5,none,True,True
147107,1.0,0.0003,0.5,none,True,True
147108,1.0,0.0003,0.5,none,True,True
147109,1.0,0.0003,0.5,none,True,True
147110,1.0,0.0002,0.5,none,True,True
147111,1.0,0.0002,0.5,none,True,True
147112,1.0,0.0002,0.5,none,True,True
147113,1.0,0.0002,0.5,none,True,True
147114,1.0,0.0002,0.5,none,True,True
147115,1.0,0.0002,0.5,none,True,True
147116,1.0,0.0002,0.5,none,True,True
147117,1.0,0.0002,0.5,none,True,True
147118,1.0,0.0002,0.5,none,True,True
147119,1.0,0.0001,0.5,none,True,True
147120,1.0,0.0001,0.5,none,True,True
147121,1.0,0.0001,0.5,none,True,True
147122,1.0,0.0001,0.5,none,True,True
147123,1.0,0.0001,0.5,none,True,True
147124,1.0,0.0001,0.5,none,True,True
147125,1.0,0.0001,0.5,none,True,True
147126,1.0,0.0001,0.5,none,True,True
147127,1.0,0.0001,0.5,none,True,True
147128,1.0,0.0001,0.5,none,True,True
147129,1.0,0.0001,0.5,none,True,True
147130,1.0,0.0001,0.5,none,True,True
147131,1.0,0.0001,0.5,none,True,True
147132,1.0,0.0001,0.5,none,True,True
147133,1.0,0.0001,0.5,none,True,True
147134,1.0,0.0001,0.5,none,True,True
147135,1.0,0.0001,0.5,none,True,True
147136,1.0,0.0001,0.5,none,True,True
147137,1.0,0.0,0.5,none,True,True
147138,1.0,0.0,0.5,none,True,True
147139,1.0,0.0,0.5,none,True,True
147140,1.0,0.0,0.5,none,True,True
147141,1.0,0.0,0.5,none,True,True
147142,1.0,0.0,0.5,none,True,True
147143,1.0,0.0,0.5,none,True,True
147144,1.0,0.0,0.5,none,True,True
147145,1.0,0.0,0.5,none,True,True
147146,1.0,0.0,0.5,none,True,True
147147,1.0,0.0,0.5,none,True,True
147148,1.0,0.0,0.5,none,True,True
147149,1.0,0.0,0.5,none,True,True
147150,1.0,0.0,0.5,none,True,True
147151,1.0,0.0,0.5,none,True,True
147152,1.0,0.0,0.5,none,True,True
147153,1.0,0.0,0.5,none,True,True
147154,1.0,0.0,0.5,none,True,True
147155,1.0,0.0,0.5,none,True,True
147156,1.0,0.0,0.5,none,True,True
147157,1.0,0.0,0.5,none,True,True
147158,1.0,0.0,0.5,none,True,True
147159,1.0,0.0,0.5,none,True,True
147160,1.0,0.0,0.5,none,True,True
147161,1.0,0.0,0.5,none,True,True
147162,1.0,0.0,0.5,none,True,True
147163,1.0,0.0,0.5,none,True,True
147164,1.0,0.0,0.5,none,True,True
147165,1.0,0.0,0.5,none,True,True
147166,1.0,0.0,0.5,none,True,True
147167,1.0,0.0,0.5,none,True,True
147168,1.0,0.0,0.5,none,True,True
147169,1.0,0.0,0.5,none,True,True
147170,1.0,0.0,0.5,none,True,True
147171,1.0,0.0,0.5,none,True,True
147172,1.0,0.0,0.5,none,True,True
147173,1.0,0.0,0.5,none,True,True
147174,1.0,0.0,0.5,none,True,True
147175,1.0,0.0,0.5,none,True,True
147176,1.0,0.0,0.5,none,True,True
147177,1.0,0.0,0.5,none,True,True
147178,1.0,0.0,0.5,none,True,True
147179,1.0,0.0,0.5,none,True,True
147180,1.0,0.0,0.5,none,True,True
147181,1.0,0.0,0.5,none,True,True
147182,1.0,0.0,0.5,none,True,True
147183,1.0,0.0,0.5,none,True,True
147184,1.0,0.0,0.5,none,True,True
147185,1.0,0.0,0.5,none,True,True
147186,1.0,0.0,0.5,none,True,True
147187,1.0,0.0,0.5,none,True,True
147188,1.0,0.0,0.5,none,True,True
147189,1.0,0.0,0.5,none,True,True
147190,1.0,0.0,0.5,none,True,True
147191,1.0,0.0,0.5,none,True,True
147192,1.0,0.0,0.5,none,True,True
147193,1.0,0.0,0.5,none,True,True
147194,1.0,0.0,0.5,none,True,True
147195,1.0,0.0,0.5,none,True,True
147196,1.0,0.0,0.5,none,True,True
147197,1.0,0.0,0.5,none,True,True
147198,1.0,0.0,0.5,none,True,True
147199,1.0,0.0,0.5,none,True,True
147200,1.0,0.0,0.5,none,True,True
147201,1.0,0.0,0.5,none,True,True
147202,1.0,0.0,0.5,none,True,True
147203,1.0,0.0,0.5,none,True,True
147204,1.0,0.0,0.5,none,True,True
147205,1.0,0.0,0.5,none,True,True
147206,1.0,0.0,0.5,none,True,True
147207,1.0,0.0,0.5,none,True,True
147208,1.0,0.0,0.5,none,True,True
147209,1.0,0.0,0.5,none,True,True
147210,1.0,0.0,0.5,none,True,True
147211,1.0,0.0,0.5,none,True,True
147212,1.0,0.0,0.5,none,True,True
147213,1.0,0.0,0.5,none,True,True
147214,1.0,0.0,0.5,none,True,True
147215,1.0,0.0,0.5,none,True,True
147216,1.0,0.0,0.5,none,True,True
147217,1.0,0.0,0.5,none,True,True
147218,1.0,0.0,0.5,none,True,True
147219,1.0,0.0,0.5,none,True,True
147220,1.0,0.0,0.5,none,True,True
147221,1.0,0.0,0.5,none,True,True
147222,1.0,0.0,0.5,none,True,True
147223,1.0,0.0,0.5,none,True,True
147224,1.0,0.0,0.5,none,True,True
147225,1.0,0.0,0.5,none,True,True
147226,1.0,0.0,0.5,none,True,True
147227,1.0,0.0,0.5,none,True,True
147228,1.0,0.0,0.5,none,True,True
147229,1.0,0.0,0.5,none,True,True
147230,1.0,0.0,0.5,none,True,True
147231,1.0,0.0,0.5,none,True,True
147232,1.0,0.0,0.5,none,True,True
147233,1.0,0.0,0.5,none,True,True
147234,1.0,0.0,0.5,none,True,True
147235,1.0,0.0,0.5,none,True,True
147236,1.0,0.0,0.5,none,True,True
147237,1.0,0.0,0.5,none,True,True
147238,1.0,0.0,0.5,none,True,True
147239,1.0,0.0,0.5,none,True,True
147240,1.0,0.0,0.5,none,True,True
147241,1.0,0.0,0.5,none,True,True
147242,1.0,0.0,0.5,none,True,True
147243,1.0,0.0,0.5,none,True,True
147244,1.0,0.0,0.5,none,True,True
147245,1.0,0.0,0.5,none,True,True
147246,1.0,0.0,0.5,none,True,True
147247,1.0,0.0,0.5,none,True,True
147248,1.0,0.0,0.5,none,True,True
147249,1.0,0.0,0.5,none,True,True
147250,1.0,0.0,0.5,none,True,True
147251,1.0,0.0,0.5,none,True,True
147252,1.0,0.0,0.5,none,True,True
147253,1.0,0.0,0.5,none,True,True
147254,1.0,0.0,0.5,none,True,True
147255,1.0,0.0,0.5,none,True,True
147256,1.0,0.0,0.5,none,True,True
147257,1.0,0.0,0.5,none,True,True
147258,1.0,0.0,0.5,none,True,True
147259,1.0,0.0,0.5,none,True,True
147260,1.0,0.0,0.5,none,True,True
147261,1.0,0.0,0.5,none,True,True
147262,1.0,0.0,0.5,none,True,True
147263,1.0,0.0,0.5,none,True,True
147264,1.0,0.0,0.5,none,True,True
147265,1.0,0.0,0.5,none,True,True
147266,1.0,0.0,0.5,none,True,True
147267,1.0,0.0,0.5,none,True,True
147268,1.0,0.0,0.5,none,True,True
147269,1.0,0.0,0.5,none,True,True
147270,1.0,0.0,0.5,none,True,True
147271,1.0,0.0,0.5,none,True,True
147272,1.0,0.0,0.5,none,True,True
147273,1.0,0.0,0.5,none,True,True
147274,1.0,0.0,0.5,none,True,True
147275,1.0,0.0,0.5,none,True,True
147276,1.0,0.0,0.5,none,True,True
147277,1.0,0.0,0.5,none,True,True
147278,1.0,0.0,0.5,none,True,True
147279,1.0,0.0,0.5,none,True,True
147280,1.0,0.0,0.5,none,True,True
147281,1.0,0.0,0.5,none,True,True
147282,1.0,0.0,0.5,none,True,True
147283,1.0,0.0,0.5,none,True,True
147284,1.0,0.0,0.5,none,True,True
147285,1.0,0.0,0.5,none,True,True
147286,1.0,0.0,0.5,none,True,True
147287,1.0,0.0,0.5,none,True,True
147288,1.0,0.0,0.5,none,True,True
147289,1.0,0.0,0.5,none,True,True
147290,1.0,0.0,0.5,none,True,True
147291,1.0,0.0,0.5,none,True,True
147292,1.0,0.0,0.5,none,True,True
147293,1.0,0.0,0.5,none,True,True
147294,1.0,0.0,0.5,none,True,True
147295,1.0,0.0,0.5,none,True,True
147296,1.0,0.0,0.5,none,True,True
147297,1.0,0.0,0.5,none,True,True
147298,1.0,0.0,0.5,none,True,True
147299,1.0,0.0,0.5,none,True,True
147300,1.0,0.0,0.5,none,True,True
147301,1.0,0.0,0.5,none,True,True
147302,1.0,0.0,0.5,none,True,True
147303,1.0,0.0,0.5,none,True,True
147304,1.0,0.0,0.5,none,True,True
147305,1.0,0.0,0.5,none,True,True
147306,1.0,0.0,0.5,none,True,True
147307,1.0,0.0,0.5,none,True,True
147308,1.0,0.0,0.5,none,True,True
147309,1.0,0.0,0.5,none,True,True
147310,1.0,0.0,0.5,none,True,True
147311,1.0,0.0,0.5,none,True,True
147312,1.0,0.0,0.5,none,True,True
147313,1.0,0.0,0.5,none,True,True
147314,1.0,0.0,0.5,none,True,True
147315,1.0,0.0,0.5,none,True,True
147316,1.0,0.0,0.5,none,True,True
147317,1.0,0.0,0.5,none,True,True
147318,1.0,0.0,0.5,none,True,True
147319,1.0,0.0,0.5,none,True,True
147320,1.0,0.0,0.5,none,True,True
147321,1.0,0.0,0.5,none,True,True
147322,1.0,0.0,0.5,none,True,True
147323,1.0,0.0,0.5,none,True,True
147324,1.0,0.0,0.5,none,True,True
147325,1.0,0.0,0.5,none,True,True
147326,1.0,0.0,0.5,none,True,True
147327,1.0,0.0,0.5,none,True,True
147328,1.0,0.0,0.5,none,True,True
147329,1.0,0.0,0.5,none,True,True
147330,1.0,0.0,0.5,none,True,True
147331,1.0,0.0,0.5,none,True,True
147332,1.0,0.0,0.5,none,True,True
147333,1.0,0.0,0.5,none,True,True
147334,1.0,0.0,0.5,none,True,True
147335,1.0,0.0,0.5,none,True,True
147336,1.0,0.0,0.5,none,True,True
147337,1.0,0.0,0.5,none,True,True
147338,1.0,0.0,0.5,none,True,True
147339,1.0,0.0,0.5,none,True,True
147340,1.0,0.0,0.5,none,True,True
147341,1.0,0.0,0.5,none,True,True
147342,1.0,0.0,0.5,none,True,True
147343,1.0,0.0,0.5,none,True,True
147344,1.0,0.0,0.5,none,True,True
147345,1.0,0.0,0.5,none,True,True
147346,1.0,0.0,0.5,none,True,True
147347,1.0,0.0,0.5,none,True,True
147348,1.0,0.0,0.5,none,True,True
147349,1.0,0.0,0.5,none,True,True
147350,1.0,0.0,0.5,none,True,True
147351,1.0,0.0,0.5,none,True,True
147352,1.0,0.0,0.5,none,True,True
147353,1.0,0.0,0.5,none,True,True
147354,1.0,0.0,0.5,none,True,True
147355,1.0,0.0,0.5,none,True,True
147356,1.0,0.0,0.5,none,True,True
147357,1.0,0.0,0.5,none,True,True
147358,1.0,0.0,0.5,none,True,True
147359,1.0,0.0,0.5,none,True,True
147360,1.0,0.0,0.5,none,True,True
147361,1.0,0.0,0.5,none,True,True
147362,1.0,0.0,0.5,none,True,True
147363,1.0,0.0,0.5,none,True,True
147364,1.0,0.0,0.5,none,True,True
147365,1.0,0.0,0.5,none,True,True
147366,1.0,0.0,0.5,none,True,True
147367,1.0,0.0,0.5,none,True,True
147368,1.0,0.0,0.5,none,True,True
147369,1.0,0.0,0.5,none,True,True
147370,1.0,0.0,0.5,none,True,True
147371,1.0,0.0,0.5,none,True,True
147372,1.0,0.0,0.5,none,True,True
147373,1.0,0.0,0.5,none,True,True
147374,1.0,0.0,0.5,none,True,True
147375,1.0,0.0,0.5,none,True,True
147376,1.0,0.0,0.5,none,True,True
147377,1.0,0.0,0.5,none,True,True
147378,1.0,0.0,0.5,none,True,True
147379,1.0,0.0,0.5,none,True,True
147380,1.0,0.0,0.5,none,True,True
147381,1.0,0.0,0.5,none,True,True
147382,1.0,0.0,0.5,none,True,True
147383,1.0,0.0,0.5,none,True,True
147384,1.0,0.0,0.5,none,True,True
147385,1.0,0.0,0.5,none,True,True
147386,1.0,0.0,0.5,none,True,True
147387,1.0,0.0,0.5,none,True,True
147388,1.0,0.0,0.5,none,True,True
147389,1.0,0.0,0.5,none,True,True
147390,1.0,0.0,0.5,none,True,True
147391,1.0,0.0,0.5,none,True,True
147392,1.0,0.0,0.5,none,True,True
147393,1.0,0.0,0.5,none,True,True
147394,1.0,0.0,0.5,none,True,True
147395,1.0,0.0,0.5,none,True,True
147396,1.0,0.0,0.5,none,True,True
147397,1.0,0.0,0.5,none,True,True
147398,1.0,0.0,0.5,none,True,True
147399,1.0,0.0,0.5,none,True,True
147400,1.0,0.0,0.5,none,True,True
147401,1.0,0.0,0.5,none,True,True
147402,1.0,0.0,0.5,none,True,True
147403,1.0,0.0,0.5,none,True,True
147404,1.0,0.0,0.5,none,True,True
147405,1.0,0.0,0.5,none,True,True
147406,1.0,0.0,0.5,none,True,True
147407,1.0,0.0,0.5,none,True,True
147408,1.0,0.0,0.5,none,True,True
147409,1.0,0.0,0.5,none,True,True
147410,1.0,0.0,0.5,none,True,True
147411,1.0,0.0,0.5,none,True,True
147412,1.0,0.0,0.5,none,True,True
147413,1.0,0.0,0.5,none,True,True
147414,1.0,0.0,0.5,none,True,True
147415,1.0,0.0,0.5,none,True,True
147416,1.0,0.0,0.5,none,True,True
147417,1.0,0.0,0.5,none,True,True
147418,1.0,0.0,0.5,none,True,True
147419,1.0,0.0,0.5,none,True,True
147420,1.0,0.0,0.5,none,True,True
147421,1.0,0.0,0.5,none,True,True
147422,1.0,0.0,0.5,none,True,True
147423,1.0,0.0,0.5,none,True,True
147424,1.0,0.0,0.5,none,True,True
147425,1.0,0.0,0.5,none,True,True
147426,1.0,0.0,0.5,none,True,True
147427,1.0,0.0,0.5,none,True,True
147428,1.0,0.0,0.5,none,True,True
147429,1.0,0.0,0.5,none,True,True
147430,1.0,0.0,0.5,none,True,True
147431,1.0,0.0,0.5,none,True,True
147432,1.0,0.0,0.5,none,True,True
147433,1.0,0.0,0.5,none,True,True
147434,1.0,0.0,0.5,none,True,True
147435,1.0,0.0,0.5,none,True,True
147436,1.0,0.0,0.5,none,True,True
147437,1.0,0.0,0.5,none,True,True
147438,1.0,0.0,0.5,none,True,True
147439,1.0,0.0,0.5,none,True,True
147440,1.0,0.0,0.5,none,True,True
147441,1.0,0.0,0.5,none,True,True
147442,1.0,0.0,0.5,none,True,True
147443,1.0,0.0,0.5,none,True,True
147444,1.0,0.0,0.5,none,True,True
147445,1.0,0.0,0.5,none,True,True
147446,1.0,0.0,0.5,none,True,True
147447,1.0,0.0,0.5,none,True,True
147448,1.0,0.0,0.5,none,True,True
147449,1.0,0.0,0.5,none,True,True
147450,1.0,0.0,0.5,none,True,True
147451,1.0,0.0,0.5,none,True,True
147452,1.0,0.0,0.5,none,True,True
147453,1.0,0.0,0.5,none,True,True
147454,1.0,0.0,0.5,none,True,True
147455,1.0,0.0,0.5,none,True,True
147456,1.0,0.0,0.5,none,True,True
147457,1.0,0.0,0.5,none,True,True
147458,1.0,0.0,0.5,none,True,True
147459,1.0,0.0,0.5,none,True,True
147460,1.0,0.0,0.5,none,True,True
147461,1.0,0.0,0.5,none,True,True
147462,1.0,0.0,0.5,none,True,True
147463,1.0,0.0,0.5,none,True,True
147464,1.0,0.0,0.5,none,True,True
147465,1.0,0.0,0.5,none,True,True
147466,1.0,0.0,0.5,none,True,True
147467,1.0,0.0,0.5,none,True,True
147468,1.0,0.0,0.5,none,True,True
147469,1.0,0.0,0.5,none,True,True
147470,1.0,0.0,0.5,none,True,True
147471,1.0,0.0,0.5,none,True,True
147472,1.0,0.0,0.5,none,True,True
147473,1.0,0.0,0.5,none,True,True
147474,1.0,0.0,0.5,none,True,True
147475,1.0,0.0,0.5,none,True,True
147476,1.0,0.0,0.5,none,True,True
147477,1.0,0.0,0.5,none,True,True
147478,1.0,0.0,0.5,none,True,True
147479,1.0,0.0,0.5,none,True,True
147480,1.0,0.0,0.5,none,True,True
147481,1.0,0.0,0.5,none,True,True
147482,1.0,0.0,0.5,none,True,True
147483,1.0,0.0,0.5,none,True,True
147484,1.0,0.0,0.5,none,True,True
147485,1.0,0.0,0.5,none,True,True
147486,1.0,0.0,0.5,none,True,True
147487,1.0,0.0,0.5,none,True,True
147488,1.0,0.0,0.5,none,True,True
147489,1.0,0.0,0.5,none,True,True
147490,1.0,0.0,0.5,none,True,True
147491,1.0,0.0,0.5,none,True,True
147492,1.0,0.0,0.5,none,True,True
147493,1.0,0.0,0.5,none,True,True
147494,1.0,0.0,0.5,none,True,True
147495,1.0,0.0,0.5,none,True,True
147496,1.0,0.0,0.5,none,True,True
147497,1.0,0.0,0.5,none,True,True
147498,1.0,0.0,0.5,none,True,True
147499,1.0,0.0,0.5,none,True,True
147500,1.0,0.0,0.5,none,True,True
147501,1.0,0.0,0.5,none,True,True
147502,1.0,0.0,0.5,none,True,True
147503,1.0,0.0,0.5,none,True,True
147504,1.0,0.0,0.5,none,True,True
147505,1.0,0.0,0.5,none,True,True
147506,1.0,0.0,0.5,none,True,True
147507,1.0,0.0,0.5,none,True,True
147508,1.0,0.0,0.5,none,True,True
147509,1.0,0.0,0.5,none,True,True
147510,1.0,0.0,0.5,none,True,True
147511,1.0,0.0,0.5,none,True,True
147512,1.0,0.0,0.5,none,True,True
147513,1.0,0.0,0.5,none,True,True
147514,1.0,0.0,0.5,none,True,True
147515,1.0,0.0,0.5,none,True,True
147516,1.0,0.0,0.5,none,True,True
147517,1.0,0.0,0.5,none,True,True
147518,1.0,0.0,0.5,none,True,True
147519,1.0,0.0,0.5,none,True,True
147520,1.0,0.0,0.5,none,True,True
147521,1.0,0.0,0.5,none,True,True
147522,1.0,0.0,0.5,none,True,True
147523,1.0,0.0,0.5,none,True,True
147524,1.0,0.0,0.5,none,True,True
147525,1.0,0.0,0.5,none,True,True
147526,1.0,0.0,0.5,none,True,True
147527,1.0,0.0,0.5,none,True,True
147528,1.0,0.0,0.5,none,True,True
147529,1.0,0.0,0.5,none,True,True
147530,1.0,0.0,0.5,none,True,True
147531,1.0,0.0,0.5,none,True,True
147532,1.0,0.0,0.5,none,True,True
147533,1.0,0.0,0.5,none,True,True
147534,1.0,0.0,0.5,none,True,True
147535,1.0,0.0,0.5,none,True,True
147536,1.0,0.0,0.5,none,True,True
147537,1.0,0.0,0.5,none,True,True
147538,1.0,0.0,0.5,none,True,True
147539,1.0,0.0,0.5,none,True,True
147540,1.0,0.0,0.5,none,True,True
147541,1.0,0.0,0.5,none,True,True
147542,1.0,0.0,0.5,none,True,True
147543,1.0,0.0,0.5,none,True,True
147544,1.0,0.0,0.5,none,True,True
147545,1.0,0.0,0.5,none,True,True
147546,1.0,0.0,0.5,none,True,True
147547,1.0,0.0,0.5,none,True,True
147548,1.0,0.0,0.5,none,True,True
147549,1.0,0.0,0.5,none,True,True
147550,1.0,0.0,0.5,none,True,True
147551,1.0,0.0,0.5,none,True,True
147552,1.0,0.0,0.5,none,True,True
147553,1.0,0.0,0.5,none,True,True
147554,1.0,0.0,0.5,none,True,True
147555,1.0,0.0,0.5,none,True,True
147556,1.0,0.0,0.5,none,True,True
147557,1.0,0.0,0.5,none,True,True
147558,1.0,0.0,0.5,none,True,True
147559,1.0,0.0,0.5,none,True,True
147560,1.0,0.0,0.5,none,True,True
147561,1.0,0.0,0.5,none,True,True
147562,1.0,0.0,0.5,none,True,True
147563,1.0,0.0,0.5,none,True,True
147564,1.0,0.0,0.5,none,True,True
147565,1.0,0.0,0.5,none,True,True
147566,1.0,0.0,0.5,none,True,True
147567,1.0,0.0,0.5,none,True,True
147568,1.0,0.0,0.5,none,True,True
147569,1.0,0.0,0.5,none,True,True
147570,1.0,0.0,0.5,none,True,True
147571,1.0,0.0,0.5,none,True,True
147572,1.0,0.0,0.5,none,True,True
147573,1.0,0.0,0.5,none,True,True
147574,1.0,0.0,0.5,none,True,True
147575,1.0,0.0,0.5,none,True,True
147576,1.0,0.0,0.5,none,True,True
147577,1.0,0.0,0.5,none,True,True
147578,1.0,0.0,0.5,none,True,True
147579,1.0,0.0,0.5,none,True,True
147580,1.0,0.0,0.5,none,True,True
147581,1.0,0.0,0.5,none,True,True
147582,1.0,0.0,0.5,none,True,True
147583,1.0,0.0,0.5,none,True,True
147584,1.0,0.0,0.5,none,True,True
147585,1.0,0.0,0.5,none,True,True
147586,1.0,0.0,0.5,none,True,True
147587,1.0,0.0,0.5,none,True,True
147588,1.0,0.0,0.5,none,True,True
147589,1.0,0.0,0.5,none,True,True
147590,1.0,0.0,0.5,none,True,True
147591,1.0,0.0,0.5,none,True,True
147592,1.0,0.0,0.5,none,True,True
147593,1.0,0.0,0.5,none,True,True
147594,1.0,0.0,0.5,none,True,True
147595,1.0,0.0,0.5,none,True,True
147596,1.0,0.0,0.5,none,True,True
147597,1.0,0.0,0.5,none,True,True
147598,1.0,0.0,0.5,none,True,True
147599,1.0,0.0,0.5,none,True,True
147600,1.0,0.0,0.5,none,True,True
147601,1.0,0.0,0.5,none,True,True
147602,1.0,0.0,0.5,none,True,True
147603,1.0,0.0,0.5,none,True,True
147604,1.0,0.0,0.5,none,True,True
147605,1.0,0.0,0.5,none,True,True
147606,1.0,0.0,0.5,none,True,True
147607,1.0,0.0,0.5,none,True,True
147608,1.0,0.0,0.5,none,True,True
147609,1.0,0.0,0.5,none,True,True
147610,1.0,0.0,0.5,none,True,True
147611,1.0,0.0,0.5,none,True,True
147612,1.0,0.0,0.5,none,True,True
147613,1.0,0.0,0.5,none,True,True
147614,1.0,0.0,0.5,none,True,True
147615,1.0,0.0,0.5,none,True,True
147616,1.0,0.0,0.5,none,True,True
147617,1.0,0.0,0.5,none,True,True
147618,1.0,0.0,0.5,none,True,True
147619,1.0,0.0,0.5,none,True,True
147620,1.0,0.0,0.5,none,True,True
147621,1.0,0.0,0.5,none,True,True
147622,1.0,0.0,0.5,none,True,True
147623,1.0,0.0,0.5,none,True,True
147624,1.0,0.0,0.5,none,True,True
147625,1.0,0.0,0.5,none,True,True
147626,1.0,0.0,0.5,none,True,True
147627,1.0,0.0,0.5,none,True,True
147628,1.0,0.0,0.5,none,True,True
147629,1.0,0.0,0.5,none,True,True
147630,1.0,0.0,0.5,none,True,True
147631,1.0,0.0,0.5,none,True,True
147632,1.0,0.0,0.5,none,True,True
147633,1.0,0.0,0.5,none,True,True
147634,1.0,0.0,0.5,none,True,True
147635,1.0,0.0,0.5,none,True,True
147636,1.0,0.0,0.5,none,True,True
147637,1.0,0.0,0.5,none,True,True
147638,1.0,0.0,0.5,none,True,True
147639,1.0,0.0,0.5,none,True,True
147640,1.0,0.0,0.5,none,True,True
147641,1.0,0.0,0.5,none,True,True
147642,1.0,0.0,0.5,none,True,True
147643,1.0,0.0,0.5,none,True,True
147644,1.0,0.0,0.5,none,True,True
147645,1.0,0.0,0.5,none,True,True
147646,1.0,0.0,0.5,none,True,True
147647,1.0,0.0,0.5,none,True,True
147648,1.0,0.0,0.5,none,True,True
147649,1.0,0.0,0.5,none,True,True
147650,1.0,0.0,0.5,none,True,True
147651,1.0,0.0,0.5,none,True,True
147652,1.0,0.0,0.5,none,True,True
147653,1.0,0.0,0.5,none,True,True
147654,1.0,0.0,0.5,none,True,True
147655,1.0,0.0,0.5,none,True,True
147656,1.0,0.0,0.5,none,True,True
147657,1.0,0.0,0.5,none,True,True
147658,1.0,0.0,0.5,none,True,True
147659,1.0,0.0,0.5,none,True,True
147660,1.0,0.0,0.5,none,True,True
147661,1.0,0.0,0.5,none,True,True
147662,1.0,0.0,0.5,none,True,True
147663,1.0,0.0,0.5,none,True,True
147664,1.0,0.0,0.5,none,True,True
147665,1.0,0.0,0.5,none,True,True
147666,1.0,0.0,0.5,none,True,True
147667,1.0,0.0,0.5,none,True,True
147668,1.0,0.0,0.5,none,True,True
147669,1.0,0.0,0.5,none,True,True
147670,1.0,0.0,0.5,none,True,True
147671,1.0,0.0,0.5,none,True,True
147672,1.0,0.0,0.5,none,True,True
147673,1.0,0.0,0.5,none,True,True
147674,1.0,0.0,0.5,none,True,True
147675,1.0,0.0,0.5,none,True,True
147676,1.0,0.0,0.5,none,True,True
147677,1.0,0.0,0.5,none,True,True
147678,1.0,0.0,0.5,none,True,True
147679,1.0,0.0,0.5,none,True,True
147680,1.0,0.0,0.5,none,True,True
147681,1.0,0.0,0.5,none,True,True
147682,1.0,0.0,0.5,none,True,True
147683,1.0,0.0,0.5,none,True,True
147684,1.0,0.0,0.5,none,True,True
147685,1.0,0.0,0.5,none,True,True
147686,1.0,0.0,0.5,none,True,True
147687,1.0,0.0,0.5,none,True,True
147688,1.0,0.0,0.5,none,True,True
147689,1.0,0.0,0.5,none,True,True
147690,1.0,0.0,0.5,none,True,True
147691,1.0,0.0,0.5,none,True,True
147692,1.0,0.0,0.5,none,True,True
147693,1.0,0.0,0.5,none,True,True
147694,1.0,0.0,0.5,none,True,True
147695,1.0,0.0,0.5,none,True,True
147696,1.0,0.0,0.5,none,True,True
147697,1.0,0.0,0.5,none,True,True
147698,1.0,0.0,0.5,none,True,True
147699,1.0,0.0,0.5,none,True,True
147700,1.0,0.0061,0.5,none,True,True
147701,1.0,0.0357,0.5,none,True,True
147702,1.0,0.0812,0.5,none,True,True
147703,1.0,0.1113,0.5,none,True,True
147704,1.0,0.1253,0.5,none,True,True
147705,1.0,0.1408,0.5,none,True,True
147706,1.0,0.0907,0.5,none,True,True
147707,1.0,0.1198,0.5,none,True,True
147708,1.0,0.0467,0.5,none,True,True
147709,1.0,0.0522,0.5,none,True,True
147710,1.0,0.0405,0.5,none,True,True
147711,1.0,0.0313,0.5,none,True,True
147712,1.0,0.0083,0.5,none,True,True
147713,1.0,0.0726,0.5,none,True,True
147714,1.0,0.0793,0.5,none,True,True
147715,1.0,0.0581,0.5,none,True,True
147716,1.0,0.0955,0.5,none,True,True
147717,1.0,0.0839,0.5,none,True,True
147718,1.0,0.0648,0.5,none,True,True
147719,1.0,0.0718,0.5,none,True,True
147720,1.0,0.0589,0.5,none,True,True
147721,1.0,0.0403,0.5,none,True,True
147722,1.0,0.0327,0.5,none,True,True
147723,1.0,0.0277,0.5,none,True,True
147724,1.0,0.017,0.5,none,True,True
147725,1.0,0.0102,0.5,none,True,True
147726,1.0,0.0099,0.5,none,True,True
147727,1.0,0.008,0.5,none,True,True
147728,1.0,0.005,0.5,none,True,True
147729,1.0,0.0063,0.5,none,True,True
147730,1.0,0.009,0.5,none,True,True
147731,1.0,0.0096,0.5,none,True,True
147732,1.0,0.0108,0.5,none,True,True
147733,1.0,0.014,0.5,none,True,True
147734,1.0,0.0161,0.5,none,True,True
147735,1.0,0.0167,0.5,none,True,True
147736,1.0,0.0182,0.5,none,True,True
147737,1.0,0.0196,0.5,none,True,True
147738,1.0,0.0197,0.5,none,True,True
147739,1.0,0.0193,0.5,none,True,True
147740,1.0,0.0193,0.5,none,True,True
147741,1.0,0.0187,0.5,none,True,True
147742,1.0,0.0174,0.5,none,True,True
147743,1.0,0.0163,0.5,none,True,True
147744,1.0,0.0152,0.5,none,True,True
147745,1.0,0.0138,0.5,none,True,True
147746,1.0,0.0123,0.5,none,True,True
147747,1.0,0.0111,0.5,none,True,True
147748,1.0,0.01,0.5,none,True,True
147749,1.0,0.0088,0.5,none,True,True
147750,1.0,0.0078,0.5,none,True,True
147751,1.0,0.0071,0.5,none,True,True
147752,1.0,0.0064,0.5,none,True,True
147753,1.0,0.0057,0.5,none,True,True
147754,1.0,0.0053,0.5,none,True,True
147755,1.0,0.005,0.5,none,True,True
147756,1.0,0.0047,0.5,none,True,True
147757,1.0,0.0045,0.5,none,True,True
147758,1.0,0.0044,0.5,none,True,True
147759,1.0,0.0043,0.5,none,True,True
147760,1.0,0.0042,0.5,none,True,True
147761,1.0,0.0041,0.5,none,True,True
147762,1.0,0.004,0.5,none,True,True
147763,1.0,0.0039,0.5,none,True,True
147764,1.0,0.0038,0.5,none,True,True
147765,1.0,0.0037,0.5,none,True,True
147766,1.0,0.0035,0.5,none,True,True
147767,1.0,0.0033,0.5,none,True,True
147768,1.0,0.0032,0.5,none,True,True
147769,1.0,0.003,0.5,none,True,True
147770,1.0,0.0028,0.5,none,True,True
147771,1.0,0.0026,0.5,none,True,True
147772,1.0,0.0024,0.5,none,True,True
147773,1.0,0.0023,0.5,none,True,True
147774,1.0,0.0021,0.5,none,True,True
147775,1.0,0.0019,0.5,none,True,True
147776,1.0,0.0018,0.5,none,True,True
147777,1.0,0.0017,0.5,none,True,True
147778,1.0,0.0015,0.5,none,True,True
147779,1.0,0.0014,0.5,none,True,True
147780,1.0,0.0013,0.5,none,True,True
147781,1.0,0.0013,0.5,none,True,True
147782,1.0,0.0012,0.5,none,True,True
147783,1.0,0.0011,0.5,none,True,True
147784,1.0,0.0011,0.5,none,True,True
147785,1.0,0.001,0.5,none,True,True
147786,1.0,0.001,0.5,none,True,True
147787,1.0,0.0009,0.5,none,True,True
147788,1.0,0.0009,0.5,none,True,True
147789,1.0,0.0008,0.5,none,True,True
147790,1.0,0.0008,0.5,none,True,True
147791,1.0,0.0008,0.5,none,True,True
147792,1.0,0.0007,0.5,none,True,True
147793,1.0,0.0007,0.5,none,True,True
147794,1.0,0.0006,0.5,none,True,True
147795,1.0,0.0006,0.5,none,True,True
147796,1.0,0.0006,0.5,none,True,True
147797,1.0,0.0005,0.5,none,True,True
147798,1.0,0.0005,0.5,none,True,True
147799,1.0,0.0005,0.5,none,True,True
147800,1.0,0.0004,0.5,none,True,True
147801,1.0,0.0004,0.5,none,True,True
147802,1.0,0.0004,0.5,none,True,True
147803,1.0,0.0004,0.5,none,True,True
147804,1.0,0.0003,0.5,none,True,True
147805,1.0,0.0003,0.5,none,True,True
147806,1.0,0.0003,0.5,none,True,True
147807,1.0,0.0003,0.5,none,True,True
147808,1.0,0.0003,0.5,none,True,True
147809,1.0,0.0003,0.5,none,True,True
147810,1.0,0.0002,0.5,none,True,True
147811,1.0,0.0002,0.5,none,True,True
147812,1.0,0.0002,0.5,none,True,True
147813,1.0,0.0002,0.5,none,True,True
147814,1.0,0.0002,0.5,none,True,True
147815,1.0,0.0002,0.5,none,True,True
147816,1.0,0.0002,0.5,none,True,True
147817,1.0,0.0002,0.5,none,True,True
147818,1.0,0.0002,0.5,none,True,True
147819,1.0,0.0001,0.5,none,True,True
147820,1.0,0.0001,0.5,none,True,True
147821,1.0,0.0001,0.5,none,True,True
147822,1.0,0.0001,0.5,none,True,True
147823,1.0,0.0001,0.5,none,True,True
147824,1.0,0.0001,0.5,none,True,True
147825,1.0,0.0001,0.5,none,True,True
147826,1.0,0.0001,0.5,none,True,True
147827,1.0,0.0001,0.5,none,True,True
147828,1.0,0.0001,0.5,none,True,True
147829,1.0,0.0001,0.5,none,True,True
147830,1.0,0.0001,0.5,none,True,True
147831,1.0,0.0001,0.5,none,True,True
147832,1.0,0.0001,0.5,none,True,True
147833,1.0,0.0001,0.5,none,True,True
147834,1.0,0.0001,0.5,none,True,True
147835,1.0,0.0001,0.5,none,True,True
147836,1.0,0.0001,0.5,none,True,True
147837,1.0,0.0,0.5,none,True,True
147838,1.0,0.0,0.5,none,True,True
147839,1.0,0.0,0.5,none,True,True
147840,1.0,0.0,0.5,none,True,True
147841,1.0,0.0,0.5,none,True,True
147842,1.0,0.0,0.5,none,True,True
147843,1.0,0.0,0.5,none,True,True
147844,1.0,0.0,0.5,none,True,True
147845,1.0,0.0,0.5,none,True,True
147846,1.0,0.0,0.5,none,True,True
147847,1.0,0.0,0.5,none,True,True
147848,1.0,0.0,0.5,none,True,True
147849,1.0,0.0,0.5,none,True,True
147850,1.0,0.0,0.5,none,True,True
147851,1.0,0.0,0.5,none,True,True
147852,1.0,0.0,0.5,none,True,True
147853,1.0,0.0,0.5,none,True,True
147854,1.0,0.0,0.5,none,True,True
147855,1.0,0.0,0.5,none,True,True
147856,1.0,0.0,0.5,none,True,True
147857,1.0,0.0,0.5,none,True,True
147858,1.0,0.0,0.5,none,True,True
147859,1.0,0.0,0.5,none,True,True
147860,1.0,0.0,0.5,none,True,True
147861,1.0,0.0,0.5,none,True,True
147862,1.0,0.0,0.5,none,True,True
147863,1.0,0.0,0.5,none,True,True
147864,1.0,0.0,0.5,none,True,True
147865,1.0,0.0,0.5,none,True,True
147866,1.0,0.0,0.5,none,True,True
147867,1.0,0.0,0.5,none,True,True
147868,1.0,0.0,0.5,none,True,True
147869,1.0,0.0,0.5,none,True,True
147870,1.0,0.0,0.5,none,True,True
147871,1.0,0.0,0.5,none,True,True
147872,1.0,0.0,0.5,none,True,True
147873,1.0,0.0,0.5,none,True,True
147874,1.0,0.0,0.5,none,True,True
147875,1.0,0.0,0.5,none,True,True
147876,1.0,0.0,0.5,none,True,True
147877,1.0,0.0,0.5,none,True,True
147878,1.0,0.0,0.5,none,True,True
147879,1.0,0.0,0.5,none,True,True
147880,1.0,0.0,0.5,none,True,True
147881,1.0,0.0,0.5,none,True,True
147882,1.0,0.0,0.5,none,True,True
147883,1.0,0.0,0.5,none,True,True
147884,1.0,0.0,0.5,none,True,True
147885,1.0,0.0,0.5,none,True,True
147886,1.0,0.0,0.5,none,True,True
147887,1.0,0.0,0.5,none,True,True
147888,1.0,0.0,0.5,none,True,True
147889,1.0,0.0,0.5,none,True,True
147890,1.0,0.0,0.5,none,True,True
147891,1.0,0.0,0.5,none,True,True
147892,1.0,0.0,0.5,none,True,True
147893,1.0,0.0,0.5,none,True,True
147894,1.0,0.0,0.5,none,True,True
147895,1.0,0.0,0.5,none,True,True
147896,1.0,0.0,0.5,none,True,True
147897,1.0,0.0,0.5,none,True,True
147898,1.0,0.0,0.5,none,True,True
147899,1.0,0.0,0.5,none,True,True
147900,1.0,0.0,0.5,none,True,True
147901,1.0,0.0,0.5,none,True,True
147902,1.0,0.0,0.5,none,True,True
147903,1.0,0.0,0.5,none,True,True
147904,1.0,0.0,0.5,none,True,True
147905,1.0,0.0,0.5,none,True,True
147906,1.0,0.0,0.5,none,True,True
147907,1.0,0.0,0.5,none,True,True
147908,1.0,0.0,0.5,none,True,True
147909,1.0,0.0,0.5,none,True,True
147910,1.0,0.0,0.5,none,True,True
147911,1.0,0.0,0.5,none,True,True
147912,1.0,0.0,0.5,none,True,True
147913,1.0,0.0,0.5,none,True,True
147914,1.0,0.0,0.5,none,True,True
147915,1.0,0.0,0.5,none,True,True
147916,1.0,0.0,0.5,none,True,True
147917,1.0,0.0,0.5,none,True,True
147918,1.0,0.0,0.5,none,True,True
147919,1.0,0.0,0.5,none,True,True
147920,1.0,0.0,0.5,none,True,True
147921,1.0,0.0,0.5,none,True,True
147922,1.0,0.0,0.5,none,True,True
147923,1.0,0.0,0.5,none,True,True
147924,1.0,0.0,0.5,none,True,True
147925,1.0,0.0,0.5,none,True,True
147926,1.0,0.0,0.5,none,True,True
147927,1.0,0.0,0.5,none,True,True
147928,1.0,0.0,0.5,none,True,True
147929,1.0,0.0,0.5,none,True,True
147930,1.0,0.0,0.5,none,True,True
147931,1.0,0.0,0.5,none,True,True
147932,1.0,0.0,0.5,none,True,True
147933,1.0,0.0,0.5,none,True,True
147934,1.0,0.0,0.5,none,True,True
147935,1.0,0.0,0.5,none,True,True
147936,1.0,0.0,0.5,none,True,True
147937,1.0,0.0,0.5,none,True,True
147938,1.0,0.0,0.5,none,True,True
147939,1.0,0.0,0.5,none,True,True
147940,1.0,0.0,0.5,none,True,True
147941,1.0,0.0,0.5,none,True,True
147942,1.0,0.0,0.5,none,True,True
147943,1.0,0.0,0.5,none,True,True
147944,1.0,0.0,0.5,none,True,True
147945,1.0,0.0,0.5,none,True,True
147946,1.0,0.0,0.5,none,True,True
147947,1.0,0.0,0.5,none,True,True
147948,1.0,0.0,0.5,none,True,True
147949,1.0,0.0,0.5,none,True,True
147950,1.0,0.0,0.5,none,True,True
147951,1.0,0.0,0.5,none,True,True
147952,1.0,0.0,0.5,none,True,True
147953,1.0,0.0,0.5,none,True,True
147954,1.0,0.0,0.5,none,True,True
147955,1.0,0.0,0.5,none,True,True
147956,1.0,0.0,0.5,none,True,True
147957,1.0,0.0,0.5,none,True,True
147958,1.0,0.0,0.5,none,True,True
147959,1.0,0.0,0.5,none,True,True
147960,1.0,0.0,0.5,none,True,True
147961,1.0,0.0,0.5,none,True,True
147962,1.0,0.0,0.5,none,True,True
147963,1.0,0.0,0.5,none,True,True
147964,1.0,0.0,0.5,none,True,True
147965,1.0,0.0,0.5,none,True,True
147966,1.0,0.0,0.5,none,True,True
147967,1.0,0.0,0.5,none,True,True
147968,1.0,0.0,0.5,none,True,True
147969,1.0,0.0,0.5,none,True,True
147970,1.0,0.0,0.5,none,True,True
147971,1.0,0.0,0.5,none,True,True
147972,1.0,0.0,0.5,none,True,True
147973,1.0,0.0,0.5,none,True,True
147974,1.0,0.0,0.5,none,True,True
147975,1.0,0.0,0.5,none,True,True
147976,1.0,0.0,0.5,none,True,True
147977,1.0,0.0,0.5,none,True,True
147978,1.0,0.0,0.5,none,True,True
147979,1.0,0.0,0.5,none,True,True
147980,1.0,0.0,0.5,none,True,True
147981,1.0,0.0,0.5,none,True,True
147982,1.0,0.0,0.5,none,True,True
147983,1.0,0.0,0.5,none,True,True
147984,1.0,0.0,0.5,none,True,True
147985,1.0,0.0,0.5,none,True,True
147986,1.0,0.0,0.5,none,True,True
147987,1.0,0.0,0.5,none,True,True
147988,1.0,0.0,0.5,none,True,True
147989,1.0,0.0,0.5,none,True,True
147990,1.0,0.0,0.5,none,True,True
147991,1.0,0.0,0.5,none,True,True
147992,1.0,0.0,0.5,none,True,True
147993,1.0,0.0,0.5,none,True,True
147994,1.0,0.0,0.5,none,True,True
147995,1.0,0.0,0.5,none,True,True
147996,1.0,0.0,0.5,none,True,True
147997,1.0,0.0,0.5,none,True,True
147998,1.0,0.0,0.5,none,True,True
147999,1.0,0.0,0.5,none,True,True
148000,1.0,0.0,0.5,none,True,True
148001,1.0,0.0,0.5,none,True,True
148002,1.0,0.0,0.5,none,True,True
148003,1.0,0.0,0.5,none,True,True
148004,1.0,0.0,0.5,none,True,True
148005,1.0,0.0,0.5,none,True,True
148006,1.0,0.0,0.5,none,True,True
148007,1.0,0.0,0.5,none,True,True
148008,1.0,0.0,0.5,none,True,True
148009,1.0,0.0,0.5,none,True,True
148010,1.0,0.0,0.5,none,True,True
148011,1.0,0.0,0.5,none,True,True
148012,1.0,0.0,0.5,none,True,True
148013,1.0,0.0,0.5,none,True,True
148014,1.0,0.0,0.5,none,True,True
148015,1.0,0.0,0.5,none,True,True
148016,1.0,0.0,0.5,none,True,True
148017,1.0,0.0,0.5,none,True,True
148018,1.0,0.0,0.5,none,True,True
148019,1.0,0.0,0.5,none,True,True
148020,1.0,0.0,0.5,none,True,True
148021,1.0,0.0,0.5,none,True,True
148022,1.0,0.0,0.5,none,True,True
148023,1.0,0.0,0.5,none,True,True
148024,1.0,0.0,0.5,none,True,True
148025,1.0,0.0,0.5,none,True,True
148026,1.0,0.0,0.5,none,True,True
148027,1.0,0.0,0.5,none,True,True
148028,1.0,0.0,0.5,none,True,True
148029,1.0,0.0,0.5,none,True,True
148030,1.0,0.0,0.5,none,True,True
148031,1.0,0.0,0.5,none,True,True
148032,1.0,0.0,0.5,none,True,True
148033,1.0,0.0,0.5,none,True,True
148034,1.0,0.0,0.5,none,True,True
148035,1.0,0.0,0.5,none,True,True
148036,1.0,0.0,0.5,none,True,True
148037,1.0,0.0,0.5,none,True,True
148038,1.0,0.0,0.5,none,True,True
148039,1.0,0.0,0.5,none,True,True
148040,1.0,0.0,0.5,none,True,True
148041,1.0,0.0,0.5,none,True,True
148042,1.0,0.0,0.5,none,True,True
148043,1.0,0.0,0.5,none,True,True
148044,1.0,0.0,0.5,none,True,True
148045,1.0,0.0,0.5,none,True,True
148046,1.0,0.0,0.5,none,True,True
148047,1.0,0.0,0.5,none,True,True
148048,1.0,0.0,0.5,none,True,True
148049,1.0,0.0,0.5,none,True,True
148050,1.0,0.0,0.5,none,True,True
148051,1.0,0.0,0.5,none,True,True
148052,1.0,0.0,0.5,none,True,True
148053,1.0,0.0,0.5,none,True,True
148054,1.0,0.0,0.5,none,True,True
148055,1.0,0.0,0.5,none,True,True
148056,1.0,0.0,0.5,none,True,True
148057,1.0,0.0,0.5,none,True,True
148058,1.0,0.0,0.5,none,True,True
148059,1.0,0.0,0.5,none,True,True
148060,1.0,0.0,0.5,none,True,True
148061,1.0,0.0,0.5,none,True,True
148062,1.0,0.0,0.5,none,True,True
148063,1.0,0.0,0.5,none,True,True
148064,1.0,0.0,0.5,none,True,True
148065,1.0,0.0,0.5,none,True,True
148066,1.0,0.0,0.5,none,True,True
148067,1.0,0.0,0.5,none,True,True
148068,1.0,0.0,0.5,none,True,True
148069,1.0,0.0,0.5,none,True,True
148070,1.0,0.0,0.5,none,True,True
148071,1.0,0.0,0.5,none,True,True
148072,1.0,0.0,0.5,none,True,True
148073,1.0,0.0,0.5,none,True,True
148074,1.0,0.0,0.5,none,True,True
148075,1.0,0.0,0.5,none,True,True
148076,1.0,0.0,0.5,none,True,True
148077,1.0,0.0,0.5,none,True,True
148078,1.0,0.0,0.5,none,True,True
148079,1.0,0.0,0.5,none,True,True
148080,1.0,0.0,0.5,none,True,True
148081,1.0,0.0,0.5,none,True,True
148082,1.0,0.0,0.5,none,True,True
148083,1.0,0.0,0.5,none,True,True
148084,1.0,0.0,0.5,none,True,True
148085,1.0,0.0,0.5,none,True,True
148086,1.0,0.0,0.5,none,True,True
148087,1.0,0.0,0.5,none,True,True
148088,1.0,0.0,0.5,none,True,True
148089,1.0,0.0,0.5,none,True,True
148090,1.0,0.0,0.5,none,True,True
148091,1.0,0.0,0.5,none,True,True
148092,1.0,0.0,0.5,none,True,True
148093,1.0,0.0,0.5,none,True,True
148094,1.0,0.0,0.5,none,True,True
148095,1.0,0.0,0.5,none,True,True
148096,1.0,0.0,0.5,none,True,True
148097,1.0,0.0,0.5,none,True,True
148098,1.0,0.0,0.5,none,True,True
148099,1.0,0.0,0.5,none,True,True
148100,1.0,0.0,0.5,none,True,True
148101,1.0,0.0,0.5,none,True,True
148102,1.0,0.0,0.5,none,True,True
148103,1.0,0.0,0.5,none,True,True
148104,1.0,0.0,0.5,none,True,True
148105,1.0,0.0,0.5,none,True,True
148106,1.0,0.0,0.5,none,True,True
148107,1.0,0.0,0.5,none,True,True
148108,1.0,0.0,0.5,none,True,True
148109,1.0,0.0,0.5,none,True,True
148110,1.0,0.0,0.5,none,True,True
148111,1.0,0.0,0.5,none,True,True
148112,1.0,0.0,0.5,none,True,True
148113,1.0,0.0,0.5,none,True,True
148114,1.0,0.0,0.5,none,True,True
148115,1.0,0.0,0.5,none,True,True
148116,1.0,0.0,0.5,none,True,True
148117,1.0,0.0,0.5,none,True,True
148118,1.0,0.0,0.5,none,True,True
148119,1.0,0.0,0.5,none,True,True
148120,1.0,0.0,0.5,none,True,True
148121,1.0,0.0,0.5,none,True,True
148122,1.0,0.0,0.5,none,True,True
148123,1.0,0.0,0.5,none,True,True
148124,1.0,0.0,0.5,none,True,True
148125,1.0,0.0,0.5,none,True,True
148126,1.0,0.0,0.5,none,True,True
148127,1.0,0.0,0.5,none,True,True
148128,1.0,0.0,0.5,none,True,True
148129,1.0,0.0,0.5,none,True,True
148130,1.0,0.0,0.5,none,True,True
148131,1.0,0.0,0.5,none,True,True
148132,1.0,0.0,0.5,none,True,True
148133,1.0,0.0,0.5,none,True,True
148134,1.0,0.0,0.5,none,True,True
148135,1.0,0.0,0.5,none,True,True
148136,1.0,0.0,0.5,none,True,True
148137,1.0,0.0,0.5,none,True,True
148138,1.0,0.0,0.5,none,True,True
148139,1.0,0.0,0.5,none,True,True
148140,1.0,0.0,0.5,none,True,True
148141,1.0,0.0,0.5,none,True,True
148142,1.0,0.0,0.5,none,True,True
148143,1.0,0.0,0.5,none,True,True
148144,1.0,0.0,0.5,none,True,True
148145,1.0,0.0,0.5,none,True,True
148146,1.0,0.0,0.5,none,True,True
148147,1.0,0.0,0.5,none,True,True
148148,1.0,0.0,0.5,none,True,True
148149,1.0,0.0,0.5,none,True,True
148150,1.0,0.0,0.5,none,True,True
148151,1.0,0.0,0.5,none,True,True
148152,1.0,0.0,0.5,none,True,True
148153,1.0,0.0,0.5,none,True,True
148154,1.0,0.0,0.5,none,True,True
148155,1.0,0.0,0.5,none,True,True
148156,1.0,0.0,0.5,none,True,True
148157,1.0,0.0,0.5,none,True,True
148158,1.0,0.0,0.5,none,True,True
148159,1.0,0.0,0.5,none,True,True
148160,1.0,0.0,0.5,none,True,True
148161,1.0,0.0,0.5,none,True,True
148162,1.0,0.0,0.5,none,True,True
148163,1.0,0.0,0.5,none,True,True
148164,1.0,0.0,0.5,none,True,True
148165,1.0,0.0,0.5,none,True,True
148166,1.0,0.0,0.5,none,True,True
148167,1.0,0.0,0.5,none,True,True
148168,1.0,0.0,0.5,none,True,True
148169,1.0,0.0,0.5,none,True,True
148170,1.0,0.0,0.5,none,True,True
148171,1.0,0.0,0.5,none,True,True
148172,1.0,0.0,0.5,none,True,True
148173,1.0,0.0,0.5,none,True,True
148174,1.0,0.0,0.5,none,True,True
148175,1.0,0.0,0.5,none,True,True
148176,1.0,0.0,0.5,none,True,True
148177,1.0,0.0,0.5,none,True,True
148178,1.0,0.0,0.5,none,True,True
148179,1.0,0.0,0.5,none,True,True
148180,1.0,0.0,0.5,none,True,True
148181,1.0,0.0,0.5,none,True,True
148182,1.0,0.0,0.5,none,True,True
148183,1.0,0.0,0.5,none,True,True
148184,1.0,0.0,0.5,none,True,True
148185,1.0,0.0,0.5,none,True,True
148186,1.0,0.0,0.5,none,True,True
148187,1.0,0.0,0.5,none,True,True
148188,1.0,0.0,0.5,none,True,True
148189,1.0,0.0,0.5,none,True,True
148190,1.0,0.0,0.5,none,True,True
148191,1.0,0.0,0.5,none,True,True
148192,1.0,0.0,0.5,none,True,True
148193,1.0,0.0,0.5,none,True,True
148194,1.0,0.0,0.5,none,True,True
148195,1.0,0.0,0.5,none,True,True
148196,1.0,0.0,0.5,none,True,True
148197,1.0,0.0,0.5,none,True,True
148198,1.0,0.0,0.5,none,True,True
148199,1.0,0.0,0.5,none,True,True
148200,1.0,0.0,0.5,none,True,True
148201,1.0,0.0,0.5,none,True,True
148202,1.0,0.0,0.5,none,True,True
148203,1.0,0.0,0.5,none,True,True
148204,1.0,0.0,0.5,none,True,True
148205,1.0,0.0,0.5,none,True,True
148206,1.0,0.0,0.5,none,True,True
148207,1.0,0.0,0.5,none,True,True
148208,1.0,0.0,0.5,none,True,True
148209,1.0,0.0,0.5,none,True,True
148210,1.0,0.0,0.5,none,True,True
148211,1.0,0.0,0.5,none,True,True
148212,1.0,0.0,0.5,none,True,True
148213,1.0,0.0,0.5,none,True,True
148214,1.0,0.0,0.5,none,True,True
148215,1.0,0.0,0.5,none,True,True
148216,1.0,0.0,0.5,none,True,True
148217,1.0,0.0,0.5,none,True,True
148218,1.0,0.0,0.5,none,True,True
148219,1.0,0.0,0.5,none,True,True
148220,1.0,0.0,0.5,none,True,True
148221,1.0,0.0,0.5,none,True,True
148222,1.0,0.0,0.5,none,True,True
148223,1.0,0.0,0.5,none,True,True
148224,1.0,0.0,0.5,none,True,True
148225,1.0,0.0,0.5,none,True,True
148226,1.0,0.0,0.5,none,True,True
148227,1.0,0.0,0.5,none,True,True
148228,1.0,0.0,0.5,none,True,True
148229,1.0,0.0,0.5,none,True,True
148230,1.0,0.0,0.5,none,True,True
148231,1.0,0.0,0.5,none,True,True
148232,1.0,0.0,0.5,none,True,True
148233,1.0,0.0,0.5,none,True,True
148234,1.0,0.0,0.5,none,True,True
148235,1.0,0.0,0.5,none,True,True
148236,1.0,0.0,0.5,none,True,True
148237,1.0,0.0,0.5,none,True,True
148238,1.0,0.0,0.5,none,True,True
148239,1.0,0.0,0.5,none,True,True
148240,1.0,0.0,0.5,none,True,True
148241,1.0,0.0,0.5,none,True,True
148242,1.0,0.0,0.5,none,True,True
148243,1.0,0.0,0.5,none,True,True
148244,1.0,0.0,0.5,none,True,True
148245,1.0,0.0,0.5,none,True,True
148246,1.0,0.0,0.5,none,True,True
148247,1.0,0.0,0.5,none,True,True
148248,1.0,0.0,0.5,none,True,True
148249,1.0,0.0,0.5,none,True,True
148250,1.0,0.0,0.5,none,True,True
148251,1.0,0.0,0.5,none,True,True
148252,1.0,0.0,0.5,none,True,True
148253,1.0,0.0,0.5,none,True,True
148254,1.0,0.0,0.5,none,True,True
148255,1.0,0.0,0.5,none,True,True
148256,1.0,0.0,0.5,none,True,True
148257,1.0,0.0,0.5,none,True,True
148258,1.0,0.0,0.5,none,True,True
148259,1.0,0.0,0.5,none,True,True
148260,1.0,0.0,0.5,none,True,True
148261,1.0,0.0,0.5,none,True,True
148262,1.0,0.0,0.5,none,True,True
148263,1.0,0.0,0.5,none,True,True
148264,1.0,0.0,0.5,none,True,True
148265,1.0,0.0,0.5,none,True,True
148266,1.0,0.0,0.5,none,True,True
148267,1.0,0.0,0.5,none,True,True
148268,1.0,0.0,0.5,none,True,True
148269,1.0,0.0,0.5,none,True,True
148270,1.0,0.0,0.5,none,True,True
148271,1.0,0.0,0.5,none,True,True
148272,1.0,0.0,0.5,none,True,True
148273,1.0,0.0,0.5,none,True,True
148274,1.0,0.0,0.5,none,True,True
148275,1.0,0.0,0.5,none,True,True
148276,1.0,0.0,0.5,none,True,True
148277,1.0,0.0,0.5,none,True,True
148278,1.0,0.0,0.5,none,True,True
148279,1.0,0.0,0.5,none,True,True
148280,1.0,0.0,0.5,none,True,True
148281,1.0,0.0,0.5,none,True,True
148282,1.0,0.0,0.5,none,True,True
148283,1.0,0.0,0.5,none,True,True
148284,1.0,0.0,0.5,none,True,True
148285,1.0,0.0,0.5,none,True,True
148286,1.0,0.0,0.5,none,True,True
148287,1.0,0.0,0.5,none,True,True
148288,1.0,0.0,0.5,none,True,True
148289,1.0,0.0,0.5,none,True,True
148290,1.0,0.0,0.5,none,True,True
148291,1.0,0.0,0.5,none,True,True
148292,1.0,0.0,0.5,none,True,True
148293,1.0,0.0,0.5,none,True,True
148294,1.0,0.0,0.5,none,True,True
148295,1.0,0.0,0.5,none,True,True
148296,1.0,0.0,0.5,none,True,True
148297,1.0,0.0,0.5,none,True,True
148298,1.0,0.0,0.5,none,True,True
148299,1.0,0.0,0.5,none,True,True
148300,1.0,0.0,0.5,none,True,True
148301,1.0,0.0,0.5,none,True,True
148302,1.0,0.0,0.5,none,True,True
148303,1.0,0.0,0.5,none,True,True
148304,1.0,0.0,0.5,none,True,True
148305,1.0,0.0,0.5,none,True,True
148306,1.0,0.0,0.5,none,True,True
148307,1.0,0.0,0.5,none,True,True
148308,1.0,0.0,0.5,none,True,True
148309,1.0,0.0,0.5,none,True,True
148310,1.0,0.0,0.5,none,True,True
148311,1.0,0.0,0.5,none,True,True
148312,1.0,0.0,0.5,none,True,True
148313,1.0,0.0,0.5,none,True,True
148314,1.0,0.0,0.5,none,True,True
148315,1.0,0.0,0.5,none,True,True
148316,1.0,0.0,0.5,none,True,True
148317,1.0,0.0,0.5,none,True,True
148318,1.0,0.0,0.5,none,True,True
148319,1.0,0.0,0.5,none,True,True
148320,1.0,0.0,0.5,none,True,True
148321,1.0,0.0,0.5,none,True,True
148322,1.0,0.0,0.5,none,True,True
148323,1.0,0.0,0.5,none,True,True
148324,1.0,0.0,0.5,none,True,True
148325,1.0,0.0,0.5,none,True,True
148326,1.0,0.0,0.5,none,True,True
148327,1.0,0.0,0.5,none,True,True
148328,1.0,0.0,0.5,none,True,True
148329,1.0,0.0,0.5,none,True,True
148330,1.0,0.0,0.5,none,True,True
148331,1.0,0.0,0.5,none,True,True
148332,1.0,0.0,0.5,none,True,True
148333,1.0,0.0,0.5,none,True,True
148334,1.0,0.0,0.5,none,True,True
148335,1.0,0.0,0.5,none,True,True
148336,1.0,0.0,0.5,none,True,True
148337,1.0,0.0,0.5,none,True,True
148338,1.0,0.0,0.5,none,True,True
148339,1.0,0.0,0.5,none,True,True
148340,1.0,0.0,0.5,none,True,True
148341,1.0,0.0,0.5,none,True,True
148342,1.0,0.0,0.5,none,True,True
148343,1.0,0.0,0.5,none,True,True
148344,1.0,0.0,0.5,none,True,True
148345,1.0,0.0,0.5,none,True,True
148346,1.0,0.0,0.5,none,True,True
148347,1.0,0.0,0.5,none,True,True
148348,1.0,0.0,0.5,none,True,True
148349,1.0,0.0,0.5,none,True,True
148350,1.0,0.0,0.5,none,True,True
148351,1.0,0.0,0.5,none,True,True
148352,1.0,0.0,0.5,none,True,True
148353,1.0,0.0,0.5,none,True,True
148354,1.0,0.0,0.5,none,True,True
148355,1.0,0.0,0.5,none,True,True
148356,1.0,0.0,0.5,none,True,True
148357,1.0,0.0,0.5,none,True,True
148358,1.0,0.0,0.5,none,True,True
148359,1.0,0.0,0.5,none,True,True
148360,1.0,0.0,0.5,none,True,True
148361,1.0,0.0,0.5,none,True,True
148362,1.0,0.0,0.5,none,True,True
148363,1.0,0.0,0.5,none,True,True
148364,1.0,0.0,0.5,none,True,True
148365,1.0,0.0,0.5,none,True,True
148366,1.0,0.0,0.5,none,True,True
148367,1.0,0.0,0.5,none,True,True
148368,1.0,0.0,0.5,none,True,True
148369,1.0,0.0,0.5,none,True,True
148370,1.0,0.0,0.5,none,True,True
148371,1.0,0.0,0.5,none,True,True
148372,1.0,0.0,0.5,none,True,True
148373,1.0,0.0,0.5,none,True,True
148374,1.0,0.0,0.5,none,True,True
148375,1.0,0.0,0.5,none,True,True
148376,1.0,0.0,0.5,none,True,True
148377,1.0,0.0,0.5,none,True,True
148378,1.0,0.0,0.5,none,True,True
148379,1.0,0.0,0.5,none,True,True
148380,1.0,0.0,0.5,none,True,True
148381,1.0,0.0,0.5,none,True,True
148382,1.0,0.0,0.5,none,True,True
148383,1.0,0.0,0.5,none,True,True
148384,1.0,0.0,0.5,none,True,True
148385,1.0,0.0,0.5,none,True,True
148386,1.0,0.0,0.5,none,True,True
148387,1.0,0.0,0.5,none,True,True
148388,1.0,0.0,0.5,none,True,True
148389,1.0,0.0,0.5,none,True,True
148390,1.0,0.0,0.5,none,True,True
148391,1.0,0.0,0.5,none,True,True
148392,1.0,0.0,0.5,none,True,True
148393,1.0,0.0,0.5,none,True,True
148394,1.0,0.0,0.5,none,True,True
148395,1.0,0.0,0.5,none,True,True
148396,1.0,0.0,0.5,none,True,True
148397,1.0,0.0,0.5,none,True,True
148398,1.0,0.0,0.5,none,True,True
148399,1.0,0.0,0.5,none,True,True
148400,1.0,0.0061,0.5,none,True,True
148401,1.0,0.0357,0.5,none,True,True
148402,1.0,0.0812,0.5,none,True,True
148403,1.0,0.1113,0.5,none,True,True
148404,1.0,0.1253,0.5,none,True,True
148405,1.0,0.1408,0.5,none,True,True
148406,1.0,0.0907,0.5,none,True,True
148407,1.0,0.1198,0.5,none,True,True
148408,1.0,0.0467,0.5,none,True,True
148409,1.0,0.0522,0.5,none,True,True
148410,1.0,0.0405,0.5,none,True,True
148411,1.0,0.0313,0.5,none,True,True
148412,1.0,0.0083,0.5,none,True,True
148413,1.0,0.0726,0.5,none,True,True
148414,1.0,0.0793,0.5,none,True,True
148415,1.0,0.0581,0.5,none,True,True
148416,1.0,0.0955,0.5,none,True,True
148417,1.0,0.0839,0.5,none,True,True
148418,1.0,0.0648,0.5,none,True,True
148419,1.0,0.0718,0.5,none,True,True
148420,1.0,0.0589,0.5,none,True,True
148421,1.0,0.0403,0.5,none,True,True
148422,1.0,0.0327,0.5,none,True,True
148423,1.0,0.0277,0.5,none,True,True
148424,1.0,0.017,0.5,none,True,True
148425,1.0,0.0102,0.5,none,True,True
148426,1.0,0.0099,0.5,none,True,True
148427,1.0,0.008,0.5,none,True,True
148428,1.0,0.005,0.5,none,True,True
148429,1.0,0.0063,0.5,none,True,True
148430,1.0,0.009,0.5,none,True,True
148431,1.0,0.0096,0.5,none,True,True
148432,1.0,0.0108,0.5,none,True,True
148433,1.0,0.014,0.5,none,True,True
148434,1.0,0.0161,0.5,none,True,True
148435,1.0,0.0167,0.5,none,True,True
148436,1.0,0.0182,0.5,none,True,True
148437,1.0,0.0196,0.5,none,True,True
148438,1.0,0.0197,0.5,none,True,True
148439,1.0,0.0193,0.5,none,True,True
148440,1.0,0.0193,0.5,none,True,True
148441,1.0,0.0187,0.5,none,True,True
148442,1.0,0.0174,0.5,none,True,True
148443,1.0,0.0163,0.5,none,True,True
148444,1.0,0.0152,0.5,none,True,True
148445,1.0,0.0138,0.5,none,True,True
148446,1.0,0.0123,0.5,none,True,True
148447,1.0,0.0111,0.5,none,True,True
148448,1.0,0.01,0.5,none,True,True
148449,1.0,0.0088,0.5,none,True,True
148450,1.0,0.0078,0.5,none,True,True
148451,1.0,0.0071,0.5,none,True,True
148452,1.0,0.0064,0.5,none,True,True
148453,1.0,0.0057,0.5,none,True,True
148454,1.0,0.0053,0.5,none,True,True
148455,1.0,0.005,0.5,none,True,True
148456,1.0,0.0047,0.5,none,True,True
148457,1.0,0.0045,0.5,none,True,True
148458,1.0,0.0044,0.5,none,True,True
148459,1.0,0.0043,0.5,none,True,True
148460,1.0,0.0042,0.5,none,True,True
148461,1.0,0.0041,0.5,none,True,True
148462,1.0,0.004,0.5,none,True,True
148463,1.0,0.0039,0.5,none,True,True
148464,1.0,0.0038,0.5,none,True,True
148465,1.0,0.0037,0.5,none,True,True
148466,1.0,0.0035,0.5,none,True,True
148467,1.0,0.0033,0.5,none,True,True
148468,1.0,0.0032,0.5,none,True,True
148469,1.0,0.003,0.5,none,True,True
148470,1.0,0.0028,0.5,none,True,True
148471,1.0,0.0026,0.5,none,True,True
148472,1.0,0.0024,0.5,none,True,True
148473,1.0,0.0023,0.5,none,True,True
148474,1.0,0.0021,0.5,none,True,True
148475,1.0,0.0019,0.5,none,True,True
148476,1.0,0.0018,0.5,none,True,True
148477,1.0,0.0017,0.5,none,True,True
148478,1.0,0.0015,0.5,none,True,True
148479,1.0,0.0014,0.5,none,True,True
148480,1.0,0.0013,0.5,none,True,True
148481,1.0,0.0013,0.5,none,True,True
148482,1.0,0.0012,0.5,none,True,True
148483,1.0,0.0011,0.5,none,True,True
148484,1.0,0.0011,0.5,none,True,True
148485,1.0,0.001,0.5,none,True,True
148486,1.0,0.001,0.5,none,True,True
148487,1.0,0.0009,0.5,none,True,True
148488,1.0,0.0009,0.5,none,True,True
148489,1.0,0.0008,0.5,none,True,True
148490,1.0,0.0008,0.5,none,True,True
148491,1.0,0.0008,0.5,none,True,True
148492,1.0,0.0007,0.5,none,True,True
148493,1.0,0.0007,0.5,none,True,True
148494,1.0,0.0006,0.5,none,True,True
148495,1.0,0.0006,0.5,none,True,True
148496,1.0,0.0006,0.5,none,True,True
148497,1.0,0.0005,0.5,none,True,True
148498,1.0,0.0005,0.5,none,True,True
148499,1.0,0.0005,0.5,none,True,True
148500,1.0,0.0004,0.5,none,True,True
148501,1.0,0.0004,0.5,none,True,True
148502,1.0,0.0004,0.5,none,True,True
148503,1.0,0.0004,0.5,none,True,True
148504,1.0,0.0003,0.5,none,True,True
148505,1.0,0.0003,0.5,none,True,True
148506,1.0,0.0003,0.5,none,True,True
148507,1.0,0.0003,0.5,none,True,True
148508,1.0,0.0003,0.5,none,True,True
148509,1.0,0.0003,0.5,none,True,True
148510,1.0,0.0002,0.5,none,True,True
148511,1.0,0.0002,0.5,none,True,True
148512,1.0,0.0002,0.5,none,True,True
148513,1.0,0.0002,0.5,none,True,True
148514,1.0,0.0002,0.5,none,True,True
148515,1.0,0.0002,0.5,none,True,True
148516,1.0,0.0002,0.5,none,True,True
148517,1.0,0.0002,0.5,none,True,True
148518,1.0,0.0002,0.5,none,True,True
148519,1.0,0.0001,0.5,none,True,True
148520,1.0,0.0001,0.5,none,True,True
148521,1.0,0.0001,0.5,none,True,True
148522,1.0,0.0001,0.5,none,True,True
148523,1.0,0.0001,0.5,none,True,True
148524,1.0,0.0001,0.5,none,True,True
148525,1.0,0.0001,0.5,none,True,True
148526,1.0,0.0001,0.5,none,True,True
148527,1.0,0.0001,0.5,none,True,True
148528,1.0,0.0001,0.5,none,True,True
148529,1.0,0.0001,0.5,none,True,True
148530,1.0,0.0001,0.5,none,True,True
148531,1.0,0.0001,0.5,none,True,True
148532,1.0,0.0001,0.5,none,True,True
148533,1.0,0.0001,0.5,none,True,True
148534,1.0,0.0001,0.5,none,True,True
148535,1.0,0.0001,0.5,none,True,True
148536,1.0,0.0001,0.5,none,True,True
148537,1.0,0.0,0.5,none,True,True
148538,1.0,0.0,0.5,none,True,True
148539,1.0,0.0,0.5,none,True,True
148540,1.0,0.0,0.5,none,True,True
148541,1.0,0.0,0.5,none,True,True
148542,1.0,0.0,0.5,none,True,True
148543,1.0,0.0,0.5,none,True,True
148544,1.0,0.0,0.5,none,True,True
148545,1.0,0.0,0.5,none,True,True
148546,1.0,0.0,0.5,none,True,True
148547,1.0,0.0,0.5,none,True,True
148548,1.0,0.0,0.5,none,True,True
148549,1.0,0.0,0.5,none,True,True
148550,1.0,0.0,0.5,none,True,True
148551,1.0,0.0,0.5,none,True,True
148552,1.0,0.0,0.5,none,True,True
148553,1.0,0.0,0.5,none,True,True
148554,1.0,0.0,0.5,none,True,True
148555,1.0,0.0,0.5,none,True,True
148556,1.0,0.0,0.5,none,True,True
148557,1.0,0.0,0.5,none,True,True
148558,1.0,0.0,0.5,none,True,True
148559,1.0,0.0,0.5,none,True,True
148560,1.0,0.0,0.5,none,True,True
148561,1.0,0.0,0.5,none,True,True
148562,1.0,0.0,0.5,none,True,True
148563,1.0,0.0,0.5,none,True,True
148564,1.0,0.0,0.5,none,True,True
148565,1.0,0.0,0.5,none,True,True
148566,1.0,0.0,0.5,none,True,True
148567,1.0,0.0,0.5,none,True,True
148568,1.0,0.0,0.5,none,True,True
148569,1.0,0.0,0.5,none,True,True
148570,1.0,0.0,0.5,none,True,True
148571,1.0,0.0,0.5,none,True,True
148572,1.0,0.0,0.5,none,True,True
148573,1.0,0.0,0.5,none,True,True
148574,1.0,0.0,0.5,none,True,True
148575,1.0,0.0,0.5,none,True,True
148576,1.0,0.0,0.5,none,True,True
148577,1.0,0.0,0.5,none,True,True
148578,1.0,0.0,0.5,none,True,True
148579,1.0,0.0,0.5,none,True,True
148580,1.0,0.0,0.5,none,True,True
148581,1.0,0.0,0.5,none,True,True
148582,1.0,0.0,0.5,none,True,True
148583,1.0,0.0,0.5,none,True,True
148584,1.0,0.0,0.5,none,True,True
148585,1.0,0.0,0.5,none,True,True
148586,1.0,0.0,0.5,none,True,True
148587,1.0,0.0,0.5,none,True,True
148588,1.0,0.0,0.5,none,True,True
148589,1.0,0.0,0.5,none,True,True
148590,1.0,0.0,0.5,none,True,True
148591,1.0,0.0,0.5,none,True,True
148592,1.0,0.0,0.5,none,True,True
148593,1.0,0.0,0.5,none,True,True
148594,1.0,0.0,0.5,none,True,True
148595,1.0,0.0,0.5,none,True,True
148596,1.0,0.0,0.5,none,True,True
148597,1.0,0.0,0.5,none,True,True
148598,1.0,0.0,0.5,none,True,True
148599,1.0,0.0,0.5,none,True,True
148600,1.0,0.0,0.5,none,True,True
148601,1.0,0.0,0.5,none,True,True
148602,1.0,0.0,0.5,none,True,True
148603,1.0,0.0,0.5,none,True,True
148604,1.0,0.0,0.5,none,True,True
148605,1.0,0.0,0.5,none,True,True
148606,1.0,0.0,0.5,none,True,True
148607,1.0,0.0,0.5,none,True,True
148608,1.0,0.0,0.5,none,True,True
148609,1.0,0.0,0.5,none,True,True
148610,1.0,0.0,0.5,none,True,True
148611,1.0,0.0,0.5,none,True,True
148612,1.0,0.0,0.5,none,True,True
148613,1.0,0.0,0.5,none,True,True
148614,1.0,0.0,0.5,none,True,True
148615,1.0,0.0,0.5,none,True,True
148616,1.0,0.0,0.5,none,True,True
148617,1.0,0.0,0.5,none,True,True
148618,1.0,0.0,0.5,none,True,True
148619,1.0,0.0,0.5,none,True,True
148620,1.0,0.0,0.5,none,True,True
148621,1.0,0.0,0.5,none,True,True
148622,1.0,0.0,0.5,none,True,True
148623,1.0,0.0,0.5,none,True,True
148624,1.0,0.0,0.5,none,True,True
148625,1.0,0.0,0.5,none,True,True
148626,1.0,0.0,0.5,none,True,True
148627,1.0,0.0,0.5,none,True,True
148628,1.0,0.0,0.5,none,True,True
148629,1.0,0.0,0.5,none,True,True
148630,1.0,0.0,0.5,none,True,True
148631,1.0,0.0,0.5,none,True,True
148632,1.0,0.0,0.5,none,True,True
148633,1.0,0.0,0.5,none,True,True
148634,1.0,0.0,0.5,none,True,True
148635,1.0,0.0,0.5,none,True,True
148636,1.0,0.0,0.5,none,True,True
148637,1.0,0.0,0.5,none,True,True
148638,1.0,0.0,0.5,none,True,True
148639,1.0,0.0,0.5,none,True,True
148640,1.0,0.0,0.5,none,True,True
148641,1.0,0.0,0.5,none,True,True
148642,1.0,0.0,0.5,none,True,True
148643,1.0,0.0,0.5,none,True,True
148644,1.0,0.0,0.5,none,True,True
148645,1.0,0.0,0.5,none,True,True
148646,1.0,0.0,0.5,none,True,True
148647,1.0,0.0,0.5,none,True,True
148648,1.0,0.0,0.5,none,True,True
148649,1.0,0.0,0.5,none,True,True
148650,1.0,0.0,0.5,none,True,True
148651,1.0,0.0,0.5,none,True,True
148652,1.0,0.0,0.5,none,True,True
148653,1.0,0.0,0.5,none,True,True
148654,1.0,0.0,0.5,none,True,True
148655,1.0,0.0,0.5,none,True,True
148656,1.0,0.0,0.5,none,True,True
148657,1.0,0.0,0.5,none,True,True
148658,1.0,0.0,0.5,none,True,True
148659,1.0,0.0,0.5,none,True,True
148660,1.0,0.0,0.5,none,True,True
148661,1.0,0.0,0.5,none,True,True
148662,1.0,0.0,0.5,none,True,True
148663,1.0,0.0,0.5,none,True,True
148664,1.0,0.0,0.5,none,True,True
148665,1.0,0.0,0.5,none,True,True
148666,1.0,0.0,0.5,none,True,True
148667,1.0,0.0,0.5,none,True,True
148668,1.0,0.0,0.5,none,True,True
148669,1.0,0.0,0.5,none,True,True
148670,1.0,0.0,0.5,none,True,True
148671,1.0,0.0,0.5,none,True,True
148672,1.0,0.0,0.5,none,True,True
148673,1.0,0.0,0.5,none,True,True
148674,1.0,0.0,0.5,none,True,True
148675,1.0,0.0,0.5,none,True,True
148676,1.0,0.0,0.5,none,True,True
148677,1.0,0.0,0.5,none,True,True
148678,1.0,0.0,0.5,none,True,True
148679,1.0,0.0,0.5,none,True,True
148680,1.0,0.0,0.5,none,True,True
148681,1.0,0.0,0.5,none,True,True
148682,1.0,0.0,0.5,none,True,True
148683,1.0,0.0,0.5,none,True,True
148684,1.0,0.0,0.5,none,True,True
148685,1.0,0.0,0.5,none,True,True
148686,1.0,0.0,0.5,none,True,True
148687,1.0,0.0,0.5,none,True,True
148688,1.0,0.0,0.5,none,True,True
148689,1.0,0.0,0.5,none,True,True
148690,1.0,0.0,0.5,none,True,True
148691,1.0,0.0,0.5,none,True,True
148692,1.0,0.0,0.5,none,True,True
148693,1.0,0.0,0.5,none,True,True
148694,1.0,0.0,0.5,none,True,True
148695,1.0,0.0,0.5,none,True,True
148696,1.0,0.0,0.5,none,True,True
148697,1.0,0.0,0.5,none,True,True
148698,1.0,0.0,0.5,none,True,True
148699,1.0,0.0,0.5,none,True,True
148700,1.0,0.0,0.5,none,True,True
148701,1.0,0.0,0.5,none,True,True
148702,1.0,0.0,0.5,none,True,True
148703,1.0,0.0,0.5,none,True,True
148704,1.0,0.0,0.5,none,True,True
148705,1.0,0.0,0.5,none,True,True
148706,1.0,0.0,0.5,none,True,True
148707,1.0,0.0,0.5,none,True,True
148708,1.0,0.0,0.5,none,True,True
148709,1.0,0.0,0.5,none,True,True
148710,1.0,0.0,0.5,none,True,True
148711,1.0,0.0,0.5,none,True,True
148712,1.0,0.0,0.5,none,True,True
148713,1.0,0.0,0.5,none,True,True
148714,1.0,0.0,0.5,none,True,True
148715,1.0,0.0,0.5,none,True,True
148716,1.0,0.0,0.5,none,True,True
148717,1.0,0.0,0.5,none,True,True
148718,1.0,0.0,0.5,none,True,True
148719,1.0,0.0,0.5,none,True,True
148720,1.0,0.0,0.5,none,True,True
148721,1.0,0.0,0.5,none,True,True
148722,1.0,0.0,0.5,none,True,True
148723,1.0,0.0,0.5,none,True,True
148724,1.0,0.0,0.5,none,True,True
148725,1.0,0.0,0.5,none,True,True
148726,1.0,0.0,0.5,none,True,True
148727,1.0,0.0,0.5,none,True,True
148728,1.0,0.0,0.5,none,True,True
148729,1.0,0.0,0.5,none,True,True
148730,1.0,0.0,0.5,none,True,True
148731,1.0,0.0,0.5,none,True,True
148732,1.0,0.0,0.5,none,True,True
148733,1.0,0.0,0.5,none,True,True
148734,1.0,0.0,0.5,none,True,True
148735,1.0,0.0,0.5,none,True,True
148736,1.0,0.0,0.5,none,True,True
148737,1.0,0.0,0.5,none,True,True
148738,1.0,0.0,0.5,none,True,True
148739,1.0,0.0,0.5,none,True,True
148740,1.0,0.0,0.5,none,True,True
148741,1.0,0.0,0.5,none,True,True
148742,1.0,0.0,0.5,none,True,True
148743,1.0,0.0,0.5,none,True,True
148744,1.0,0.0,0.5,none,True,True
148745,1.0,0.0,0.5,none,True,True
148746,1.0,0.0,0.5,none,True,True
148747,1.0,0.0,0.5,none,True,True
148748,1.0,0.0,0.5,none,True,True
148749,1.0,0.0,0.5,none,True,True
148750,1.0,0.0,0.5,none,True,True
148751,1.0,0.0,0.5,none,True,True
148752,1.0,0.0,0.5,none,True,True
148753,1.0,0.0,0.5,none,True,True
148754,1.0,0.0,0.5,none,True,True
148755,1.0,0.0,0.5,none,True,True
148756,1.0,0.0,0.5,none,True,True
148757,1.0,0.0,0.5,none,True,True
148758,1.0,0.0,0.5,none,True,True
148759,1.0,0.0,0.5,none,True,True
148760,1.0,0.0,0.5,none,True,True
148761,1.0,0.0,0.5,none,True,True
148762,1.0,0.0,0.5,none,True,True
148763,1.0,0.0,0.5,none,True,True
148764,1.0,0.0,0.5,none,True,True
148765,1.0,0.0,0.5,none,True,True
148766,1.0,0.0,0.5,none,True,True
148767,1.0,0.0,0.5,none,True,True
148768,1.0,0.0,0.5,none,True,True
148769,1.0,0.0,0.5,none,True,True
148770,1.0,0.0,0.5,none,True,True
148771,1.0,0.0,0.5,none,True,True
148772,1.0,0.0,0.5,none,True,True
148773,1.0,0.0,0.5,none,True,True
148774,1.0,0.0,0.5,none,True,True
148775,1.0,0.0,0.5,none,True,True
148776,1.0,0.0,0.5,none,True,True
148777,1.0,0.0,0.5,none,True,True
148778,1.0,0.0,0.5,none,True,True
148779,1.0,0.0,0.5,none,True,True
148780,1.0,0.0,0.5,none,True,True
148781,1.0,0.0,0.5,none,True,True
148782,1.0,0.0,0.5,none,True,True
148783,1.0,0.0,0.5,none,True,True
148784,1.0,0.0,0.5,none,True,True
148785,1.0,0.0,0.5,none,True,True
148786,1.0,0.0,0.5,none,True,True
148787,1.0,0.0,0.5,none,True,True
148788,1.0,0.0,0.5,none,True,True
148789,1.0,0.0,0.5,none,True,True
148790,1.0,0.0,0.5,none,True,True
148791,1.0,0.0,0.5,none,True,True
148792,1.0,0.0,0.5,none,True,True
148793,1.0,0.0,0.5,none,True,True
148794,1.0,0.0,0.5,none,True,True
148795,1.0,0.0,0.5,none,True,True
148796,1.0,0.0,0.5,none,True,True
148797,1.0,0.0,0.5,none,True,True
148798,1.0,0.0,0.5,none,True,True
148799,1.0,0.0,0.5,none,True,True
148800,1.0,0.0,0.5,none,True,True
148801,1.0,0.0,0.5,none,True,True
148802,1.0,0.0,0.5,none,True,True
148803,1.0,0.0,0.5,none,True,True
148804,1.0,0.0,0.5,none,True,True
148805,1.0,0.0,0.5,none,True,True
148806,1.0,0.0,0.5,none,True,True
148807,1.0,0.0,0.5,none,True,True
148808,1.0,0.0,0.5,none,True,True
148809,1.0,0.0,0.5,none,True,True
148810,1.0,0.0,0.5,none,True,True
148811,1.0,0.0,0.5,none,True,True
148812,1.0,0.0,0.5,none,True,True
148813,1.0,0.0,0.5,none,True,True
148814,1.0,0.0,0.5,none,True,True
148815,1.0,0.0,0.5,none,True,True
148816,1.0,0.0,0.5,none,True,True
148817,1.0,0.0,0.5,none,True,True
148818,1.0,0.0,0.5,none,True,True
148819,1.0,0.0,0.5,none,True,True
148820,1.0,0.0,0.5,none,True,True
148821,1.0,0.0,0.5,none,True,True
148822,1.0,0.0,0.5,none,True,True
148823,1.0,0.0,0.5,none,True,True
148824,1.0,0.0,0.5,none,True,True
148825,1.0,0.0,0.5,none,True,True
148826,1.0,0.0,0.5,none,True,True
148827,1.0,0.0,0.5,none,True,True
148828,1.0,0.0,0.5,none,True,True
148829,1.0,0.0,0.5,none,True,True
148830,1.0,0.0,0.5,none,True,True
148831,1.0,0.0,0.5,none,True,True
148832,1.0,0.0,0.5,none,True,True
148833,1.0,0.0,0.5,none,True,True
148834,1.0,0.0,0.5,none,True,True
148835,1.0,0.0,0.5,none,True,True
148836,1.0,0.0,0.5,none,True,True
148837,1.0,0.0,0.5,none,True,True
148838,1.0,0.0,0.5,none,True,True
148839,1.0,0.0,0.5,none,True,True
148840,1.0,0.0,0.5,none,True,True
148841,1.0,0.0,0.5,none,True,True
148842,1.0,0.0,0.5,none,True,True
148843,1.0,0.0,0.5,none,True,True
148844,1.0,0.0,0.5,none,True,True
148845,1.0,0.0,0.5,none,True,True
148846,1.0,0.0,0.5,none,True,True
148847,1.0,0.0,0.5,none,True,True
148848,1.0,0.0,0.5,none,True,True
148849,1.0,0.0,0.5,none,True,True
148850,1.0,0.0,0.5,none,True,True
148851,1.0,0.0,0.5,none,True,True
148852,1.0,0.0,0.5,none,True,True
148853,1.0,0.0,0.5,none,True,True
148854,1.0,0.0,0.5,none,True,True
148855,1.0,0.0,0.5,none,True,True
148856,1.0,0.0,0.5,none,True,True
148857,1.0,0.0,0.5,none,True,True
148858,1.0,0.0,0.5,none,True,True
148859,1.0,0.0,0.5,none,True,True
148860,1.0,0.0,0.5,none,True,True
148861,1.0,0.0,0.5,none,True,True
148862,1.0,0.0,0.5,none,True,True
148863,1.0,0.0,0.5,none,True,True
148864,1.0,0.0,0.5,none,True,True
148865,1.0,0.0,0.5,none,True,True
148866,1.0,0.0,0.5,none,True,True
148867,1.0,0.0,0.5,none,True,True
148868,1.0,0.0,0.5,none,True,True
148869,1.0,0.0,0.5,none,True,True
148870,1.0,0.0,0.5,none,True,True
148871,1.0,0.0,0.5,none,True,True
148872,1.0,0.0,0.5,none,True,True
148873,1.0,0.0,0.5,none,True,True
148874,1.0,0.0,0.5,none,True,True
148875,1.0,0.0,0.5,none,True,True
148876,1.0,0.0,0.5,none,True,True
148877,1.0,0.0,0.5,none,True,True
148878,1.0,0.0,0.5,none,True,True
148879,1.0,0.0,0.5,none,True,True
148880,1.0,0.0,0.5,none,True,True
148881,1.0,0.0,0.5,none,True,True
148882,1.0,0.0,0.5,none,True,True
148883,1.0,0.0,0.5,none,True,True
148884,1.0,0.0,0.5,none,True,True
148885,1.0,0.0,0.5,none,True,True
148886,1.0,0.0,0.5,none,True,True
148887,1.0,0.0,0.5,none,True,True
148888,1.0,0.0,0.5,none,True,True
148889,1.0,0.0,0.5,none,True,True
148890,1.0,0.0,0.5,none,True,True
148891,1.0,0.0,0.5,none,True,True
148892,1.0,0.0,0.5,none,True,True
148893,1.0,0.0,0.5,none,True,True
148894,1.0,0.0,0.5,none,True,True
148895,1.0,0.0,0.5,none,True,True
148896,1.0,0.0,0.5,none,True,True
148897,1.0,0.0,0.5,none,True,True
148898,1.0,0.0,0.5,none,True,True
148899,1.0,0.0,0.5,none,True,True
148900,1.0,0.0,0.5,none,True,True
148901,1.0,0.0,0.5,none,True,True
148902,1.0,0.0,0.5,none,True,True
148903,1.0,0.0,0.5,none,True,True
148904,1.0,0.0,0.5,none,True,True
148905,1.0,0.0,0.5,none,True,True
148906,1.0,0.0,0.5,none,True,True
148907,1.0,0.0,0.5,none,True,True
148908,1.0,0.0,0.5,none,True,True
148909,1.0,0.0,0.5,none,True,True
148910,1.0,0.0,0.5,none,True,True
148911,1.0,0.0,0.5,none,True,True
148912,1.0,0.0,0.5,none,True,True
148913,1.0,0.0,0.5,none,True,True
148914,1.0,0.0,0.5,none,True,True
148915,1.0,0.0,0.5,none,True,True
148916,1.0,0.0,0.5,none,True,True
148917,1.0,0.0,0.5,none,True,True
148918,1.0,0.0,0.5,none,True,True
148919,1.0,0.0,0.5,none,True,True
148920,1.0,0.0,0.5,none,True,True
148921,1.0,0.0,0.5,none,True,True
148922,1.0,0.0,0.5,none,True,True
148923,1.0,0.0,0.5,none,True,True
148924,1.0,0.0,0.5,none,True,True
148925,1.0,0.0,0.5,none,True,True
148926,1.0,0.0,0.5,none,True,True
148927,1.0,0.0,0.5,none,True,True
148928,1.0,0.0,0.5,none,True,True
148929,1.0,0.0,0.5,none,True,True
148930,1.0,0.0,0.5,none,True,True
148931,1.0,0.0,0.5,none,True,True
148932,1.0,0.0,0.5,none,True,True
148933,1.0,0.0,0.5,none,True,True
148934,1.0,0.0,0.5,none,True,True
148935,1.0,0.0,0.5,none,True,True
148936,1.0,0.0,0.5,none,True,True
148937,1.0,0.0,0.5,none,True,True
148938,1.0,0.0,0.5,none,True,True
148939,1.0,0.0,0.5,none,True,True
148940,1.0,0.0,0.5,none,True,True
148941,1.0,0.0,0.5,none,True,True
148942,1.0,0.0,0.5,none,True,True
148943,1.0,0.0,0.5,none,True,True
148944,1.0,0.0,0.5,none,True,True
148945,1.0,0.0,0.5,none,True,True
148946,1.0,0.0,0.5,none,True,True
148947,1.0,0.0,0.5,none,True,True
148948,1.0,0.0,0.5,none,True,True
148949,1.0,0.0,0.5,none,True,True
148950,1.0,0.0,0.5,none,True,True
148951,1.0,0.0,0.5,none,True,True
148952,1.0,0.0,0.5,none,True,True
148953,1.0,0.0,0.5,none,True,True
148954,1.0,0.0,0.5,none,True,True
148955,1.0,0.0,0.5,none,True,True
148956,1.0,0.0,0.5,none,True,True
148957,1.0,0.0,0.5,none,True,True
148958,1.0,0.0,0.5,none,True,True
148959,1.0,0.0,0.5,none,True,True
148960,1.0,0.0,0.5,none,True,True
148961,1.0,0.0,0.5,none,True,True
148962,1.0,0.0,0.5,none,True,True
148963,1.0,0.0,0.5,none,True,True
148964,1.0,0.0,0.5,none,True,True
148965,1.0,0.0,0.5,none,True,True
148966,1.0,0.0,0.5,none,True,True
148967,1.0,0.0,0.5,none,True,True
148968,1.0,0.0,0.5,none,True,True
148969,1.0,0.0,0.5,none,True,True
148970,1.0,0.0,0.5,none,True,True
148971,1.0,0.0,0.5,none,True,True
148972,1.0,0.0,0.5,none,True,True
148973,1.0,0.0,0.5,none,True,True
148974,1.0,0.0,0.5,none,True,True
148975,1.0,0.0,0.5,none,True,True
148976,1.0,0.0,0.5,none,True,True
148977,1.0,0.0,0.5,none,True,True
148978,1.0,0.0,0.5,none,True,True
148979,1.0,0.0,0.5,none,True,True
148980,1.0,0.0,0.5,none,True,True
148981,1.0,0.0,0.5,none,True,True
148982,1.0,0.0,0.5,none,True,True
148983,1.0,0.0,0.5,none,True,True
148984,1.0,0.0,0.5,none,True,True
148985,1.0,0.0,0.5,none,True,True
148986,1.0,0.0,0.5,none,True,True
148987,1.0,0.0,0.5,none,True,True
148988,1.0,0.0,0.5,none,True,True
148989,1.0,0.0,0.5,none,True,True
148990,1.0,0.0,0.5,none,True,True
148991,1.0,0.0,0.5,none,True,True
148992,1.0,0.0,0.5,none,True,True
148993,1.0,0.0,0.5,none,True,True
148994,1.0,0.0,0.5,none,True,True
148995,1.0,0.0,0.5,none,True,True
148996,1.0,0.0,0.5,none,True,True
148997,1.0,0.0,0.5,none,True,True
148998,1.0,0.0,0.5,none,True,True
148999,1.0,0.0,0.5,none,True,True
149000,1.0,0.0,0.5,none,True,True
149001,1.0,0.0,0.5,none,True,True
149002,1.0,0.0,0.5,none,True,True
149003,1.0,0.0,0.5,none,True,True
149004,1.0,0.0,0.5,none,True,True
149005,1.0,0.0,0.5,none,True,True
149006,1.0,0.0,0.5,none,True,True
149007,1.0,0.0,0.5,none,True,True
149008,1.0,0.0,0.5,none,True,True
149009,1.0,0.0,0.5,none,True,True
149010,1.0,0.0,0.5,none,True,True
149011,1.0,0.0,0.5,none,True,True
149012,1.0,0.0,0.5,none,True,True
149013,1.0,0.0,0.5,none,True,True
149014,1.0,0.0,0.5,none,True,True
149015,1.0,0.0,0.5,none,True,True
149016,1.0,0.0,0.5,none,True,True
149017,1.0,0.0,0.5,none,True,True
149018,1.0,0.0,0.5,none,True,True
149019,1.0,0.0,0.5,none,True,True
149020,1.0,0.0,0.5,none,True,True
149021,1.0,0.0,0.5,none,True,True
149022,1.0,0.0,0.5,none,True,True
149023,1.0,0.0,0.5,none,True,True
149024,1.0,0.0,0.5,none,True,True
149025,1.0,0.0,0.5,none,True,True
149026,1.0,0.0,0.5,none,True,True
149027,1.0,0.0,0.5,none,True,True
149028,1.0,0.0,0.5,none,True,True
149029,1.0,0.0,0.5,none,True,True
149030,1.0,0.0,0.5,none,True,True
149031,1.0,0.0,0.5,none,True,True
149032,1.0,0.0,0.5,none,True,True
149033,1.0,0.0,0.5,none,True,True
149034,1.0,0.0,0.5,none,True,True
149035,1.0,0.0,0.5,none,True,True
149036,1.0,0.0,0.5,none,True,True
149037,1.0,0.0,0.5,none,True,True
149038,1.0,0.0,0.5,none,True,True
149039,1.0,0.0,0.5,none,True,True
149040,1.0,0.0,0.5,none,True,True
149041,1.0,0.0,0.5,none,True,True
149042,1.0,0.0,0.5,none,True,True
149043,1.0,0.0,0.5,none,True,True
149044,1.0,0.0,0.5,none,True,True
149045,1.0,0.0,0.5,none,True,True
149046,1.0,0.0,0.5,none,True,True
149047,1.0,0.0,0.5,none,True,True
149048,1.0,0.0,0.5,none,True,True
149049,1.0,0.0,0.5,none,True,True
149050,1.0,0.0,0.5,none,True,True
149051,1.0,0.0,0.5,none,True,True
149052,1.0,0.0,0.5,none,True,True
149053,1.0,0.0,0.5,none,True,True
149054,1.0,0.0,0.5,none,True,True
149055,1.0,0.0,0.5,none,True,True
149056,1.0,0.0,0.5,none,True,True
149057,1.0,0.0,0.5,none,True,True
149058,1.0,0.0,0.5,none,True,True
149059,1.0,0.0,0.5,none,True,True
149060,1.0,0.0,0.5,none,True,True
149061,1.0,0.0,0.5,none,True,True
149062,1.0,0.0,0.5,none,True,True
149063,1.0,0.0,0.5,none,True,True
149064,1.0,0.0,0.5,none,True,True
149065,1.0,0.0,0.5,none,True,True
149066,1.0,0.0,0.5,none,True,True
149067,1.0,0.0,0.5,none,True,True
149068,1.0,0.0,0.5,none,True,True
149069,1.0,0.0,0.5,none,True,True
149070,1.0,0.0,0.5,none,True,True
149071,1.0,0.0,0.5,none,True,True
149072,1.0,0.0,0.5,none,True,True
149073,1.0,0.0,0.5,none,True,True
149074,1.0,0.0,0.5,none,True,True
149075,1.0,0.0,0.5,none,True,True
149076,1.0,0.0,0.5,none,True,True
149077,1.0,0.0,0.5,none,True,True
149078,1.0,0.0,0.5,none,True,True
149079,1.0,0.0,0.5,none,True,True
149080,1.0,0.0,0.5,none,True,True
149081,1.0,0.0,0.5,none,True,True
149082,1.0,0.0,0.5,none,True,True
149083,1.0,0.0,0.5,none,True,True
149084,1.0,0.0,0.5,none,True,True
149085,1.0,0.0,0.5,none,True,True
149086,1.0,0.0,0.5,none,True,True
149087,1.0,0.0,0.5,none,True,True
149088,1.0,0.0,0.5,none,True,True
149089,1.0,0.0,0.5,none,True,True
149090,1.0,0.0,0.5,none,True,True
149091,1.0,0.0,0.5,none,True,True
149092,1.0,0.0,0.5,none,True,True
149093,1.0,0.0,0.5,none,True,True
149094,1.0,0.0,0.5,none,True,True
149095,1.0,0.0,0.5,none,True,True
149096,1.0,0.0,0.5,none,True,True
149097,1.0,0.0,0.5,none,True,True
149098,1.0,0.0,0.5,none,True,True
149099,1.0,0.0,0.5,none,True,True
149100,1.0,0.0061,0.5,none,True,True
149101,1.0,0.0357,0.5,none,True,True
149102,1.0,0.0812,0.5,none,True,True
149103,1.0,0.1113,0.5,none,True,True
149104,1.0,0.1253,0.5,none,True,True
149105,1.0,0.1408,0.5,none,True,True
149106,1.0,0.0907,0.5,none,True,True
149107,1.0,0.1198,0.5,none,True,True
149108,1.0,0.0467,0.5,none,True,True
149109,1.0,0.0522,0.5,none,True,True
149110,1.0,0.0405,0.5,none,True,True
149111,1.0,0.0313,0.5,none,True,True
149112,1.0,0.0083,0.5,none,True,True
149113,1.0,0.0726,0.5,none,True,True
149114,1.0,0.0793,0.5,none,True,True
149115,1.0,0.0581,0.5,none,True,True
149116,1.0,0.0955,0.5,none,True,True
149117,1.0,0.0839,0.5,none,True,True
149118,1.0,0.0648,0.5,none,True,True
149119,1.0,0.0718,0.5,none,True,True
149120,1.0,0.0589,0.5,none,True,True
149121,1.0,0.0403,0.5,none,True,True
149122,1.0,0.0327,0.5,none,True,True
149123,1.0,0.0277,0.5,none,True,True
149124,1.0,0.017,0.5,none,True,True
149125,1.0,0.0102,0.5,none,True,True
149126,1.0,0.0099,0.5,none,True,True
149127,1.0,0.008,0.5,none,True,True
149128,1.0,0.005,0.5,none,True,True
149129,1.0,0.0063,0.5,none,True,True
149130,1.0,0.009,0.5,none,True,True
149131,1.0,0.0096,0.5,none,True,True
149132,1.0,0.0108,0.5,none,True,True
149133,1.0,0.014,0.5,none,True,True
149134,1.0,0.0161,0.5,none,True,True
149135,1.0,0.0167,0.5,none,True,True
149136,1.0,0.0182,0.5,none,True,True
149137,1.0,0.0196,0.5,none,True,True
149138,1.0,0.0197,0.5,none,True,True
149139,1.0,0.0193,0.5,none,True,True
149140,1.0,0.0193,0.5,none,True,True
149141,1.0,0.0187,0.5,none,True,True
149142,1.0,0.0174,0.5,none,True,True
149143,1.0,0.0163,0.5,none,True,True
149144,1.0,0.0152,0.5,none,True,True
149145,1.0,0.0138,0.5,none,True,True
149146,1.0,0.0123,0.5,none,True,True
149147,1.0,0.0111,0.5,none,True,True
149148,1.0,0.01,0.5,none,True,True
149149,1.0,0.0088,0.5,none,True,True
149150,1.0,0.0078,0.5,none,True,True
149151,1.0,0.0071,0.5,none,True,True
149152,1.0,0.0064,0.5,none,True,True
149153,1.0,0.0057,0.5,none,True,True
149154,1.0,0.0053,0.5,none,True,True
149155,1.0,0.005,0.5,none,True,True
149156,1.0,0.0047,0.5,none,True,True
149157,1.0,0.0045,0.5,none,True,True
149158,1.0,0.0044,0.5,none,True,True
149159,1.0,0.0043,0.5,none,True,True
149160,1.0,0.0042,0.5,none,True,True
149161,1.0,0.0041,0.5,none,True,True
149162,1.0,0.004,0.5,none,True,True
149163,1.0,0.0039,0.5,none,True,True
149164,1.0,0.0038,0.5,none,True,True
149165,1.0,0.0037,0.5,none,True,True
149166,1.0,0.0035,0.5,none,True,True
149167,1.0,0.0033,0.5,none,True,True
149168,1.0,0.0032,0.5,none,True,True
149169,1.0,0.003,0.5,none,True,True
149170,1.0,0.0028,0.5,none,True,True
149171,1.0,0.0026,0.5,none,True,True
149172,1.0,0.0024,0.5,none,True,True
149173,1.0,0.0023,0.5,none,True,True
149174,1.0,0.0021,0.5,none,True,True
149175,1.0,0.0019,0.5,none,True,True
149176,1.0,0.0018,0.5,none,True,True
149177,1.0,0.0017,0.5,none,True,True
149178,1.0,0.0015,0.5,none,True,True
149179,1.0,0.0014,0.5,none,True,True
149180,1.0,0.0013,0.5,none,True,True
149181,1.0,0.0013,0.5,none,True,True
149182,1.0,0.0012,0.5,none,True,True
149183,1.0,0.0011,0.5,none,True,True
149184,1.0,0.0011,0.5,none,True,True
149185,1.0,0.001,0.5,none,True,True
149186,1.0,0.001,0.5,none,True,True
149187,1.0,0.0009,0.5,none,True,True
149188,1.0,0.0009,0.5,none,True,True
149189,1.0,0.0008,0.5,none,True,True
149190,1.0,0.0008,0.5,none,True,True
149191,1.0,0.0008,0.5,none,True,True
149192,1.0,0.0007,0.5,none,True,True
149193,1.0,0.0007,0.5,none,True,True
149194,1.0,0.0006,0.5,none,True,True
149195,1.0,0.0006,0.5,none,True,True
149196,1.0,0.0006,0.5,none,True,True
149197,1.0,0.0005,0.5,none,True,True
149198,1.0,0.0005,0.5,none,True,True
149199,1.0,0.0005,0.5,none,True,True
149200,1.0,0.0004,0.5,none,True,True
149201,1.0,0.0004,0.5,none,True,True
149202,1.0,0.0004,0.5,none,True,True
149203,1.0,0.0004,0.5,none,True,True
149204,1.0,0.0003,0.5,none,True,True
149205,1.0,0.0003,0.5,none,True,True
149206,1.0,0.0003,0.5,none,True,True
149207,1.0,0.0003,0.5,none,True,True
149208,1.0,0.0003,0.5,none,True,True
149209,1.0,0.0003,0.5,none,True,True
149210,1.0,0.0002,0.5,none,True,True
149211,1.0,0.0002,0.5,none,True,True
149212,1.0,0.0002,0.5,none,True,True
149213,1.0,0.0002,0.5,none,True,True
149214,1.0,0.0002,0.5,none,True,True
149215,1.0,0.0002,0.5,none,True,True
149216,1.0,0.0002,0.5,none,True,True
149217,1.0,0.0002,0.5,none,True,True
149218,1.0,0.0002,0.5,none,True,True
149219,1.0,0.0001,0.5,none,True,True
149220,1.0,0.0001,0.5,none,True,True
149221,1.0,0.0001,0.5,none,True,True
149222,1.0,0.0001,0.5,none,True,True
149223,1.0,0.0001,0.5,none,True,True
149224,1.0,0.0001,0.5,none,True,True
149225,1.0,0.0001,0.5,none,True,True
149226,1.0,0.0001,0.5,none,True,True
149227,1.0,0.0001,0.5,none,True,True
149228,1.0,0.0001,0.5,none,True,True
149229,1.0,0.0001,0.5,none,True,True
149230,1.0,0.0001,0.5,none,True,True
149231,1.0,0.0001,0.5,none,True,True
149232,1.0,0.0001,0.5,none,True,True
149233,1.0,0.0001,0.5,none,True,True
149234,1.0,0.0001,0.5,none,True,True
149235,1.0,0.0001,0.5,none,True,True
149236,1.0,0.0001,0.5,none,True,True
149237,1.0,0.0,0.5,none,True,True
149238,1.0,0.0,0.5,none,True,True
149239,1.0,0.0,0.5,none,True,True
149240,1.0,0.0,0.5,none,True,True
149241,1.0,0.0,0.5,none,True,True
149242,1.0,0.0,0.5,none,True,True
149243,1.0,0.0,0.5,none,True,True
149244,1.0,0.0,0.5,none,True,True
149245,1.0,0.0,0.5,none,True,True
149246,1.0,0.0,0.5,none,True,True
149247,1.0,0.0,0.5,none,True,True
149248,1.0,0.0,0.5,none,True,True
149249,1.0,0.0,0.5,none,True,True
149250,1.0,0.0,0.5,none,True,True
149251,1.0,0.0,0.5,none,True,True
149252,1.0,0.0,0.5,none,True,True
149253,1.0,0.0,0.5,none,True,True
149254,1.0,0.0,0.5,none,True,True
149255,1.0,0.0,0.5,none,True,True
149256,1.0,0.0,0.5,none,True,True
149257,1.0,0.0,0.5,none,True,True
149258,1.0,0.0,0.5,none,True,True
149259,1.0,0.0,0.5,none,True,True
149260,1.0,0.0,0.5,none,True,True
149261,1.0,0.0,0.5,none,True,True
149262,1.0,0.0,0.5,none,True,True
149263,1.0,0.0,0.5,none,True,True
149264,1.0,0.0,0.5,none,True,True
149265,1.0,0.0,0.5,none,True,True
149266,1.0,0.0,0.5,none,True,True
149267,1.0,0.0,0.5,none,True,True
149268,1.0,0.0,0.5,none,True,True
149269,1.0,0.0,0.5,none,True,True
149270,1.0,0.0,0.5,none,True,True
149271,1.0,0.0,0.5,none,True,True
149272,1.0,0.0,0.5,none,True,True
149273,1.0,0.0,0.5,none,True,True
149274,1.0,0.0,0.5,none,True,True
149275,1.0,0.0,0.5,none,True,True
149276,1.0,0.0,0.5,none,True,True
149277,1.0,0.0,0.5,none,True,True
149278,1.0,0.0,0.5,none,True,True
149279,1.0,0.0,0.5,none,True,True
149280,1.0,0.0,0.5,none,True,True
149281,1.0,0.0,0.5,none,True,True
149282,1.0,0.0,0.5,none,True,True
149283,1.0,0.0,0.5,none,True,True
149284,1.0,0.0,0.5,none,True,True
149285,1.0,0.0,0.5,none,True,True
149286,1.0,0.0,0.5,none,True,True
149287,1.0,0.0,0.5,none,True,True
149288,1.0,0.0,0.5,none,True,True
149289,1.0,0.0,0.5,none,True,True
149290,1.0,0.0,0.5,none,True,True
149291,1.0,0.0,0.5,none,True,True
149292,1.0,0.0,0.5,none,True,True
149293,1.0,0.0,0.5,none,True,True
149294,1.0,0.0,0.5,none,True,True
149295,1.0,0.0,0.5,none,True,True
149296,1.0,0.0,0.5,none,True,True
149297,1.0,0.0,0.5,none,True,True
149298,1.0,0.0,0.5,none,True,True
149299,1.0,0.0,0.5,none,True,True
149300,1.0,0.0,0.5,none,True,True
149301,1.0,0.0,0.5,none,True,True
149302,1.0,0.0,0.5,none,True,True
149303,1.0,0.0,0.5,none,True,True
149304,1.0,0.0,0.5,none,True,True
149305,1.0,0.0,0.5,none,True,True
149306,1.0,0.0,0.5,none,True,True
149307,1.0,0.0,0.5,none,True,True
149308,1.0,0.0,0.5,none,True,True
149309,1.0,0.0,0.5,none,True,True
149310,1.0,0.0,0.5,none,True,True
149311,1.0,0.0,0.5,none,True,True
149312,1.0,0.0,0.5,none,True,True
149313,1.0,0.0,0.5,none,True,True
149314,1.0,0.0,0.5,none,True,True
149315,1.0,0.0,0.5,none,True,True
149316,1.0,0.0,0.5,none,True,True
149317,1.0,0.0,0.5,none,True,True
149318,1.0,0.0,0.5,none,True,True
149319,1.0,0.0,0.5,none,True,True
149320,1.0,0.0,0.5,none,True,True
149321,1.0,0.0,0.5,none,True,True
149322,1.0,0.0,0.5,none,True,True
149323,1.0,0.0,0.5,none,True,True
149324,1.0,0.0,0.5,none,True,True
149325,1.0,0.0,0.5,none,True,True
149326,1.0,0.0,0.5,none,True,True
149327,1.0,0.0,0.5,none,True,True
149328,1.0,0.0,0.5,none,True,True
149329,1.0,0.0,0.5,none,True,True
149330,1.0,0.0,0.5,none,True,True
149331,1.0,0.0,0.5,none,True,True
149332,1.0,0.0,0.5,none,True,True
149333,1.0,0.0,0.5,none,True,True
149334,1.0,0.0,0.5,none,True,True
149335,1.0,0.0,0.5,none,True,True
149336,1.0,0.0,0.5,none,True,True
149337,1.0,0.0,0.5,none,True,True
149338,1.0,0.0,0.5,none,True,True
149339,1.0,0.0,0.5,none,True,True
149340,1.0,0.0,0.5,none,True,True
149341,1.0,0.0,0.5,none,True,True
149342,1.0,0.0,0.5,none,True,True
149343,1.0,0.0,0.5,none,True,True
149344,1.0,0.0,0.5,none,True,True
149345,1.0,0.0,0.5,none,True,True
149346,1.0,0.0,0.5,none,True,True
149347,1.0,0.0,0.5,none,True,True
149348,1.0,0.0,0.5,none,True,True
149349,1.0,0.0,0.5,none,True,True
149350,1.0,0.0,0.5,none,True,True
149351,1.0,0.0,0.5,none,True,True
149352,1.0,0.0,0.5,none,True,True
149353,1.0,0.0,0.5,none,True,True
149354,1.0,0.0,0.5,none,True,True
149355,1.0,0.0,0.5,none,True,True
149356,1.0,0.0,0.5,none,True,True
149357,1.0,0.0,0.5,none,True,True
149358,1.0,0.0,0.5,none,True,True
149359,1.0,0.0,0.5,none,True,True
149360,1.0,0.0,0.5,none,True,True
149361,1.0,0.0,0.5,none,True,True
149362,1.0,0.0,0.5,none,True,True
149363,1.0,0.0,0.5,none,True,True
149364,1.0,0.0,0.5,none,True,True
149365,1.0,0.0,0.5,none,True,True
149366,1.0,0.0,0.5,none,True,True
149367,1.0,0.0,0.5,none,True,True
149368,1.0,0.0,0.5,none,True,True
149369,1.0,0.0,0.5,none,True,True
149370,1.0,0.0,0.5,none,True,True
149371,1.0,0.0,0.5,none,True,True
149372,1.0,0.0,0.5,none,True,True
149373,1.0,0.0,0.5,none,True,True
149374,1.0,0.0,0.5,none,True,True
149375,1.0,0.0,0.5,none,True,True
149376,1.0,0.0,0.5,none,True,True
149377,1.0,0.0,0.5,none,True,True
149378,1.0,0.0,0.5,none,True,True
149379,1.0,0.0,0.5,none,True,True
149380,1.0,0.0,0.5,none,True,True
149381,1.0,0.0,0.5,none,True,True
149382,1.0,0.0,0.5,none,True,True
149383,1.0,0.0,0.5,none,True,True
149384,1.0,0.0,0.5,none,True,True
149385,1.0,0.0,0.5,none,True,True
149386,1.0,0.0,0.5,none,True,True
149387,1.0,0.0,0.5,none,True,True
149388,1.0,0.0,0.5,none,True,True
149389,1.0,0.0,0.5,none,True,True
149390,1.0,0.0,0.5,none,True,True
149391,1.0,0.0,0.5,none,True,True
149392,1.0,0.0,0.5,none,True,True
149393,1.0,0.0,0.5,none,True,True
149394,1.0,0.0,0.5,none,True,True
149395,1.0,0.0,0.5,none,True,True
149396,1.0,0.0,0.5,none,True,True
149397,1.0,0.0,0.5,none,True,True
149398,1.0,0.0,0.5,none,True,True
149399,1.0,0.0,0.5,none,True,True
149400,1.0,0.0,0.5,none,True,True
149401,1.0,0.0,0.5,none,True,True
149402,1.0,0.0,0.5,none,True,True
149403,1.0,0.0,0.5,none,True,True
149404,1.0,0.0,0.5,none,True,True
149405,1.0,0.0,0.5,none,True,True
149406,1.0,0.0,0.5,none,True,True
149407,1.0,0.0,0.5,none,True,True
149408,1.0,0.0,0.5,none,True,True
149409,1.0,0.0,0.5,none,True,True
149410,1.0,0.0,0.5,none,True,True
149411,1.0,0.0,0.5,none,True,True
149412,1.0,0.0,0.5,none,True,True
149413,1.0,0.0,0.5,none,True,True
149414,1.0,0.0,0.5,none,True,True
149415,1.0,0.0,0.5,none,True,True
149416,1.0,0.0,0.5,none,True,True
149417,1.0,0.0,0.5,none,True,True
149418,1.0,0.0,0.5,none,True,True
149419,1.0,0.0,0.5,none,True,True
149420,1.0,0.0,0.5,none,True,True
149421,1.0,0.0,0.5,none,True,True
149422,1.0,0.0,0.5,none,True,True
149423,1.0,0.0,0.5,none,True,True
149424,1.0,0.0,0.5,none,True,True
149425,1.0,0.0,0.5,none,True,True
149426,1.0,0.0,0.5,none,True,True
149427,1.0,0.0,0.5,none,True,True
149428,1.0,0.0,0.5,none,True,True
149429,1.0,0.0,0.5,none,True,True
149430,1.0,0.0,0.5,none,True,True
149431,1.0,0.0,0.5,none,True,True
149432,1.0,0.0,0.5,none,True,True
149433,1.0,0.0,0.5,none,True,True
149434,1.0,0.0,0.5,none,True,True
149435,1.0,0.0,0.5,none,True,True
149436,1.0,0.0,0.5,none,True,True
149437,1.0,0.0,0.5,none,True,True
149438,1.0,0.0,0.5,none,True,True
149439,1.0,0.0,0.5,none,True,True
149440,1.0,0.0,0.5,none,True,True
149441,1.0,0.0,0.5,none,True,True
149442,1.0,0.0,0.5,none,True,True
149443,1.0,0.0,0.5,none,True,True
149444,1.0,0.0,0.5,none,True,True
149445,1.0,0.0,0.5,none,True,True
149446,1.0,0.0,0.5,none,True,True
149447,1.0,0.0,0.5,none,True,True
149448,1.0,0.0,0.5,none,True,True
149449,1.0,0.0,0.5,none,True,True
149450,1.0,0.0,0.5,none,True,True
149451,1.0,0.0,0.5,none,True,True
149452,1.0,0.0,0.5,none,True,True
149453,1.0,0.0,0.5,none,True,True
149454,1.0,0.0,0.5,none,True,True
149455,1.0,0.0,0.5,none,True,True
149456,1.0,0.0,0.5,none,True,True
149457,1.0,0.0,0.5,none,True,True
149458,1.0,0.0,0.5,none,True,True
149459,1.0,0.0,0.5,none,True,True
149460,1.0,0.0,0.5,none,True,True
149461,1.0,0.0,0.5,none,True,True
149462,1.0,0.0,0.5,none,True,True
149463,1.0,0.0,0.5,none,True,True
149464,1.0,0.0,0.5,none,True,True
149465,1.0,0.0,0.5,none,True,True
149466,1.0,0.0,0.5,none,True,True
149467,1.0,0.0,0.5,none,True,True
149468,1.0,0.0,0.5,none,True,True
149469,1.0,0.0,0.5,none,True,True
149470,1.0,0.0,0.5,none,True,True
149471,1.0,0.0,0.5,none,True,True
149472,1.0,0.0,0.5,none,True,True
149473,1.0,0.0,0.5,none,True,True
149474,1.0,0.0,0.5,none,True,True
149475,1.0,0.0,0.5,none,True,True
149476,1.0,0.0,0.5,none,True,True
149477,1.0,0.0,0.5,none,True,True
149478,1.0,0.0,0.5,none,True,True
149479,1.0,0.0,0.5,none,True,True
149480,1.0,0.0,0.5,none,True,True
149481,1.0,0.0,0.5,none,True,True
149482,1.0,0.0,0.5,none,True,True
149483,1.0,0.0,0.5,none,True,True
149484,1.0,0.0,0.5,none,True,True
149485,1.0,0.0,0.5,none,True,True
149486,1.0,0.0,0.5,none,True,True
149487,1.0,0.0,0.5,none,True,True
149488,1.0,0.0,0.5,none,True,True
149489,1.0,0.0,0.5,none,True,True
149490,1.0,0.0,0.5,none,True,True
149491,1.0,0.0,0.5,none,True,True
149492,1.0,0.0,0.5,none,True,True
149493,1.0,0.0,0.5,none,True,True
149494,1.0,0.0,0.5,none,True,True
149495,1.0,0.0,0.5,none,True,True
149496,1.0,0.0,0.5,none,True,True
149497,1.0,0.0,0.5,none,True,True
149498,1.0,0.0,0.5,none,True,True
149499,1.0,0.0,0.5,none,True,True
149500,1.0,0.0,0.5,none,True,True
149501,1.0,0.0,0.5,none,True,True
149502,1.0,0.0,0.5,none,True,True
149503,1.0,0.0,0.5,none,True,True
149504,1.0,0.0,0.5,none,True,True
149505,1.0,0.0,0.5,none,True,True
149506,1.0,0.0,0.5,none,True,True
149507,1.0,0.0,0.5,none,True,True
149508,1.0,0.0,0.5,none,True,True
149509,1.0,0.0,0.5,none,True,True
149510,1.0,0.0,0.5,none,True,True
149511,1.0,0.0,0.5,none,True,True
149512,1.0,0.0,0.5,none,True,True
149513,1.0,0.0,0.5,none,True,True
149514,1.0,0.0,0.5,none,True,True
149515,1.0,0.0,0.5,none,True,True
149516,1.0,0.0,0.5,none,True,True
149517,1.0,0.0,0.5,none,True,True
149518,1.0,0.0,0.5,none,True,True
149519,1.0,0.0,0.5,none,True,True
149520,1.0,0.0,0.5,none,True,True
149521,1.0,0.0,0.5,none,True,True
149522,1.0,0.0,0.5,none,True,True
149523,1.0,0.0,0.5,none,True,True
149524,1.0,0.0,0.5,none,True,True
149525,1.0,0.0,0.5,none,True,True
149526,1.0,0.0,0.5,none,True,True
149527,1.0,0.0,0.5,none,True,True
149528,1.0,0.0,0.5,none,True,True
149529,1.0,0.0,0.5,none,True,True
149530,1.0,0.0,0.5,none,True,True
149531,1.0,0.0,0.5,none,True,True
149532,1.0,0.0,0.5,none,True,True
149533,1.0,0.0,0.5,none,True,True
149534,1.0,0.0,0.5,none,True,True
149535,1.0,0.0,0.5,none,True,True
149536,1.0,0.0,0.5,none,True,True
149537,1.0,0.0,0.5,none,True,True
149538,1.0,0.0,0.5,none,True,True
149539,1.0,0.0,0.5,none,True,True
149540,1.0,0.0,0.5,none,True,True
149541,1.0,0.0,0.5,none,True,True
149542,1.0,0.0,0.5,none,True,True
149543,1.0,0.0,0.5,none,True,True
149544,1.0,0.0,0.5,none,True,True
149545,1.0,0.0,0.5,none,True,True
149546,1.0,0.0,0.5,none,True,True
149547,1.0,0.0,0.5,none,True,True
149548,1.0,0.0,0.5,none,True,True
149549,1.0,0.0,0.5,none,True,True
149550,1.0,0.0,0.5,none,True,True
149551,1.0,0.0,0.5,none,True,True
149552,1.0,0.0,0.5,none,True,True
149553,1.0,0.0,0.5,none,True,True
149554,1.0,0.0,0.5,none,True,True
149555,1.0,0.0,0.5,none,True,True
149556,1.0,0.0,0.5,none,True,True
149557,1.0,0.0,0.5,none,True,True
149558,1.0,0.0,0.5,none,True,True
149559,1.0,0.0,0.5,none,True,True
149560,1.0,0.0,0.5,none,True,True
149561,1.0,0.0,0.5,none,True,True
149562,1.0,0.0,0.5,none,True,True
149563,1.0,0.0,0.5,none,True,True
149564,1.0,0.0,0.5,none,True,True
149565,1.0,0.0,0.5,none,True,True
149566,1.0,0.0,0.5,none,True,True
149567,1.0,0.0,0.5,none,True,True
149568,1.0,0.0,0.5,none,True,True
149569,1.0,0.0,0.5,none,True,True
149570,1.0,0.0,0.5,none,True,True
149571,1.0,0.0,0.5,none,True,True
149572,1.0,0.0,0.5,none,True,True
149573,1.0,0.0,0.5,none,True,True
149574,1.0,0.0,0.5,none,True,True
149575,1.0,0.0,0.5,none,True,True
149576,1.0,0.0,0.5,none,True,True
149577,1.0,0.0,0.5,none,True,True
149578,1.0,0.0,0.5,none,True,True
149579,1.0,0.0,0.5,none,True,True
149580,1.0,0.0,0.5,none,True,True
149581,1.0,0.0,0.5,none,True,True
149582,1.0,0.0,0.5,none,True,True
149583,1.0,0.0,0.5,none,True,True
149584,1.0,0.0,0.5,none,True,True
149585,1.0,0.0,0.5,none,True,True
149586,1.0,0.0,0.5,none,True,True
149587,1.0,0.0,0.5,none,True,True
149588,1.0,0.0,0.5,none,True,True
149589,1.0,0.0,0.5,none,True,True
149590,1.0,0.0,0.5,none,True,True
149591,1.0,0.0,0.5,none,True,True
149592,1.0,0.0,0.5,none,True,True
149593,1.0,0.0,0.5,none,True,True
149594,1.0,0.0,0.5,none,True,True
149595,1.0,0.0,0.5,none,True,True
149596,1.0,0.0,0.5,none,True,True
149597,1.0,0.0,0.5,none,True,True
149598,1.0,0.0,0.5,none,True,True
149599,1.0,0.0,0.5,none,True,True
149600,1.0,0.0,0.5,none,True,True
149601,1.0,0.0,0.5,none,True,True
149602,1.0,0.0,0.5,none,True,True
149603,1.0,0.0,0.5,none,True,True
149604,1.0,0.0,0.5,none,True,True
149605,1.0,0.0,0.5,none,True,True
149606,1.0,0.0,0.5,none,True,True
149607,1.0,0.0,0.5,none,True,True
149608,1.0,0.0,0.5,none,True,True
149609,1.0,0.0,0.5,none,True,True
149610,1.0,0.0,0.5,none,True,True
149611,1.0,0.0,0.5,none,True,True
149612,1.0,0.0,0.5,none,True,True
149613,1.0,0.0,0.5,none,True,True
149614,1.0,0.0,0.5,none,True,True
149615,1.0,0.0,0.5,none,True,True
149616,1.0,0.0,0.5,none,True,True
149617,1.0,0.0,0.5,none,True,True
149618,1.0,0.0,0.5,none,True,True
149619,1.0,0.0,0.5,none,True,True
149620,1.0,0.0,0.5,none,True,True
149621,1.0,0.0,0.5,none,True,True
149622,1.0,0.0,0.5,none,True,True
149623,1.0,0.0,0.5,none,True,True
149624,1.0,0.0,0.5,none,True,True
149625,1.0,0.0,0.5,none,True,True
149626,1.0,0.0,0.5,none,True,True
149627,1.0,0.0,0.5,none,True,True
149628,1.0,0.0,0.5,none,True,True
149629,1.0,0.0,0.5,none,True,True
149630,1.0,0.0,0.5,none,True,True
149631,1.0,0.0,0.5,none,True,True
149632,1.0,0.0,0.5,none,True,True
149633,1.0,0.0,0.5,none,True,True
149634,1.0,0.0,0.5,none,True,True
149635,1.0,0.0,0.5,none,True,True
149636,1.0,0.0,0.5,none,True,True
149637,1.0,0.0,0.5,none,True,True
149638,1.0,0.0,0.5,none,True,True
149639,1.0,0.0,0.5,none,True,True
149640,1.0,0.0,0.5,none,True,True
149641,1.0,0.0,0.5,none,True,True
149642,1.0,0.0,0.5,none,True,True
149643,1.0,0.0,0.5,none,True,True
149644,1.0,0.0,0.5,none,True,True
149645,1.0,0.0,0.5,none,True,True
149646,1.0,0.0,0.5,none,True,True
149647,1.0,0.0,0.5,none,True,True
149648,1.0,0.0,0.5,none,True,True
149649,1.0,0.0,0.5,none,True,True
149650,1.0,0.0,0.5,none,True,True
149651,1.0,0.0,0.5,none,True,True
149652,1.0,0.0,0.5,none,True,True
149653,1.0,0.0,0.5,none,True,True
149654,1.0,0.0,0.5,none,True,True
149655,1.0,0.0,0.5,none,True,True
149656,1.0,0.0,0.5,none,True,True
149657,1.0,0.0,0.5,none,True,True
149658,1.0,0.0,0.5,none,True,True
149659,1.0,0.0,0.5,none,True,True
149660,1.0,0.0,0.5,none,True,True
149661,1.0,0.0,0.5,none,True,True
149662,1.0,0.0,0.5,none,True,True
149663,1.0,0.0,0.5,none,True,True
149664,1.0,0.0,0.5,none,True,True
149665,1.0,0.0,0.5,none,True,True
149666,1.0,0.0,0.5,none,True,True
149667,1.0,0.0,0.5,none,True,True
149668,1.0,0.0,0.5,none,True,True
149669,1.0,0.0,0.5,none,True,True
149670,1.0,0.0,0.5,none,True,True
149671,1.0,0.0,0.5,none,True,True
149672,1.0,0.0,0.5,none,True,True
149673,1.0,0.0,0.5,none,True,True
149674,1.0,0.0,0.5,none,True,True
149675,1.0,0.0,0.5,none,True,True
149676,1.0,0.0,0.5,none,True,True
149677,1.0,0.0,0.5,none,True,True
149678,1.0,0.0,0.5,none,True,True
149679,1.0,0.0,0.5,none,True,True
149680,1.0,0.0,0.5,none,True,True
149681,1.0,0.0,0.5,none,True,True
149682,1.0,0.0,0.5,none,True,True
149683,1.0,0.0,0.5,none,True,True
149684,1.0,0.0,0.5,none,True,True
149685,1.0,0.0,0.5,none,True,True
149686,1.0,0.0,0.5,none,True,True
149687,1.0,0.0,0.5,none,True,True
149688,1.0,0.0,0.5,none,True,True
149689,1.0,0.0,0.5,none,True,True
149690,1.0,0.0,0.5,none,True,True
149691,1.0,0.0,0.5,none,True,True
149692,1.0,0.0,0.5,none,True,True
149693,1.0,0.0,0.5,none,True,True
149694,1.0,0.0,0.5,none,True,True
149695,1.0,0.0,0.5,none,True,True
149696,1.0,0.0,0.5,none,True,True
149697,1.0,0.0,0.5,none,True,True
149698,1.0,0.0,0.5,none,True,True
149699,1.0,0.0,0.5,none,True,True
149700,1.0,0.0,0.5,none,True,True
149701,1.0,0.0,0.5,none,True,True
149702,1.0,0.0,0.5,none,True,True
149703,1.0,0.0,0.5,none,True,True
149704,1.0,0.0,0.5,none,True,True
149705,1.0,0.0,0.5,none,True,True
149706,1.0,0.0,0.5,none,True,True
149707,1.0,0.0,0.5,none,True,True
149708,1.0,0.0,0.5,none,True,True
149709,1.0,0.0,0.5,none,True,True
149710,1.0,0.0,0.5,none,True,True
149711,1.0,0.0,0.5,none,True,True
149712,1.0,0.0,0.5,none,True,True
149713,1.0,0.0,0.5,none,True,True
149714,1.0,0.0,0.5,none,True,True
149715,1.0,0.0,0.5,none,True,True
149716,1.0,0.0,0.5,none,True,True
149717,1.0,0.0,0.5,none,True,True
149718,1.0,0.0,0.5,none,True,True
149719,1.0,0.0,0.5,none,True,True
149720,1.0,0.0,0.5,none,True,True
149721,1.0,0.0,0.5,none,True,True
149722,1.0,0.0,0.5,none,True,True
149723,1.0,0.0,0.5,none,True,True
149724,1.0,0.0,0.5,none,True,True
149725,1.0,0.0,0.5,none,True,True
149726,1.0,0.0,0.5,none,True,True
149727,1.0,0.0,0.5,none,True,True
149728,1.0,0.0,0.5,none,True,True
149729,1.0,0.0,0.5,none,True,True
149730,1.0,0.0,0.5,none,True,True
149731,1.0,0.0,0.5,none,True,True
149732,1.0,0.0,0.5,none,True,True
149733,1.0,0.0,0.5,none,True,True
149734,1.0,0.0,0.5,none,True,True
149735,1.0,0.0,0.5,none,True,True
149736,1.0,0.0,0.5,none,True,True
149737,1.0,0.0,0.5,none,True,True
149738,1.0,0.0,0.5,none,True,True
149739,1.0,0.0,0.5,none,True,True
149740,1.0,0.0,0.5,none,True,True
149741,1.0,0.0,0.5,none,True,True
149742,1.0,0.0,0.5,none,True,True
149743,1.0,0.0,0.5,none,True,True
149744,1.0,0.0,0.5,none,True,True
149745,1.0,0.0,0.5,none,True,True
149746,1.0,0.0,0.5,none,True,True
149747,1.0,0.0,0.5,none,True,True
149748,1.0,0.0,0.5,none,True,True
149749,1.0,0.0,0.5,none,True,True
149750,1.0,0.0,0.5,none,True,True
149751,1.0,0.0,0.5,none,True,True
149752,1.0,0.0,0.5,none,True,True
149753,1.0,0.0,0.5,none,True,True
149754,1.0,0.0,0.5,none,True,True
149755,1.0,0.0,0.5,none,True,True
149756,1.0,0.0,0.5,none,True,True
149757,1.0,0.0,0.5,none,True,True
149758,1.0,0.0,0.5,none,True,True
149759,1.0,0.0,0.5,none,True,True
149760,1.0,0.0,0.5,none,True,True
149761,1.0,0.0,0.5,none,True,True
149762,1.0,0.0,0.5,none,True,True
149763,1.0,0.0,0.5,none,True,True
149764,1.0,0.0,0.5,none,True,True
149765,1.0,0.0,0.5,none,True,True
149766,1.0,0.0,0.5,none,True,True
149767,1.0,0.0,0.5,none,True,True
149768,1.0,0.0,0.5,none,True,True
149769,1.0,0.0,0.5,none,True,True
149770,1.0,0.0,0.5,none,True,True
149771,1.0,0.0,0.5,none,True,True
149772,1.0,0.0,0.5,none,True,True
149773,1.0,0.0,0.5,none,True,True
149774,1.0,0.0,0.5,none,True,True
149775,1.0,0.0,0.5,none,True,True
149776,1.0,0.0,0.5,none,True,True
149777,1.0,0.0,0.5,none,True,True
149778,1.0,0.0,0.5,none,True,True
149779,1.0,0.0,0.5,none,True,True
149780,1.0,0.0,0.5,none,True,True
149781,1.0,0.0,0.5,none,True,True
149782,1.0,0.0,0.5,none,True,True
149783,1.0,0.0,0.5,none,True,True
149784,1.0,0.0,0.5,none,True,True
149785,1.0,0.0,0.5,none,True,True
149786,1.0,0.0,0.5,none,True,True
149787,1.0,0.0,0.5,none,True,True
149788,1.0,0.0,0.5,none,True,True
149789,1.0,0.0,0.5,none,True,True
149790,1.0,0.0,0.5,none,True,True
149791,1.0,0.0,0.5,none,True,True
149792,1.0,0.0,0.5,none,True,True
149793,1.0,0.0,0.5,none,True,True
149794,1.0,0.0,0.5,none,True,True
149795,1.0,0.0,0.5,none,True,True
149796,1.0,0.0,0.5,none,True,True
149797,1.0,0.0,0.5,none,True,True
149798,1.0,0.0,0.5,none,True,True
149799,1.0,0.0,0.5,none,True,True
149800,1.0,0.0061,0.5,none,True,True
149801,1.0,0.0357,0.5,none,True,True
149802,1.0,0.0812,0.5,none,True,True
149803,1.0,0.1113,0.5,none,True,True
149804,1.0,0.1253,0.5,none,True,True
149805,1.0,0.1408,0.5,none,True,True
149806,1.0,0.0907,0.5,none,True,True
149807,1.0,0.1198,0.5,none,True,True
149808,1.0,0.0467,0.5,none,True,True
149809,1.0,0.0522,0.5,none,True,True
149810,1.0,0.0405,0.5,none,True,True
149811,1.0,0.0313,0.5,none,True,True
149812,1.0,0.0083,0.5,none,True,True
149813,1.0,0.0726,0.5,none,True,True
149814,1.0,0.0793,0.5,none,True,True
149815,1.0,0.0581,0.5,none,True,True
149816,1.0,0.0955,0.5,none,True,True
149817,1.0,0.0839,0.5,none,True,True
149818,1.0,0.0648,0.5,none,True,True
149819,1.0,0.0718,0.5,none,True,True
149820,1.0,0.0589,0.5,none,True,True
149821,1.0,0.0403,0.5,none,True,True
149822,1.0,0.0327,0.5,none,True,True
149823,1.0,0.0277,0.5,none,True,True
149824,1.0,0.017,0.5,none,True,True
149825,1.0,0.0102,0.5,none,True,True
149826,1.0,0.0099,0.5,none,True,True
149827,1.0,0.008,0.5,none,True,True
149828,1.0,0.005,0.5,none,True,True
149829,1.0,0.0063,0.5,none,True,True
149830,1.0,0.009,0.5,none,True,True
149831,1.0,0.0096,0.5,none,True,True
149832,1.0,0.0108,0.5,none,True,True
149833,1.0,0.014,0.5,none,True,True
149834,1.0,0.0161,0.5,none,True,True
149835,1.0,0.0167,0.5,none,True,True
149836,1.0,0.0182,0.5,none,True,True
149837,1.0,0.0196,0.5,none,True,True
149838,1.0,0.0197,0.5,none,True,True
149839,1.0,0.0193,0.5,none,True,True
149840,1.0,0.0193,0.5,none,True,True
149841,1.0,0.0187,0.5,none,True,True
149842,1.0,0.0174,0.5,none,True,True
149843,1.0,0.0163,0.5,none,True,True
149844,1.0,0.0152,0.5,none,True,True
149845,1.0,0.0138,0.5,none,True,True
149846,1.0,0.0123,0.5,none,True,True
149847,1.0,0.0111,0.5,none,True,True
149848,1.0,0.01,0.5,none,True,True
149849,1.0,0.0088,0.5,none,True,True
149850,1.0,0.0078,0.5,none,True,True
149851,1.0,0.0071,0.5,none,True,True
149852,1.0,0.0064,0.5,none,True,True
149853,1.0,0.0057,0.5,none,True,True
149854,1.0,0.0053,0.5,none,True,True
149855,1.0,0.005,0.5,none,True,True
149856,1.0,0.0047,0.5,none,True,True
149857,1.0,0.0045,0.5,none,True,True
149858,1.0,0.0044,0.5,none,True,True
149859,1.0,0.0043,0.5,none,True,True
149860,1.0,0.0042,0.5,none,True,True
149861,1.0,0.0041,0.5,none,True,True
149862,1.0,0.004,0.5,none,True,True
149863,1.0,0.0039,0.5,none,True,True
149864,1.0,0.0038,0.5,none,True,True
149865,1.0,0.0037,0.5,none,True,True
149866,1.0,0.0035,0.5,none,True,True
149867,1.0,0.0033,0.5,none,True,True
149868,1.0,0.0032,0.5,none,True,True
149869,1.0,0.003,0.5,none,True,True
149870,1.0,0.0028,0.5,none,True,True
149871,1.0,0.0026,0.5,none,True,True
149872,1.0,0.0024,0.5,none,True,True
149873,1.0,0.0023,0.5,none,True,True
149874,1.0,0.0021,0.5,none,True,True
149875,1.0,0.0019,0.5,none,True,True
149876,1.0,0.0018,0.5,none,True,True
149877,1.0,0.0017,0.5,none,True,True
149878,1.0,0.0015,0.5,none,True,True
149879,1.0,0.0014,0.5,none,True,True
149880,1.0,0.0013,0.5,none,True,True
149881,1.0,0.0013,0.5,none,True,True
149882,1.0,0.0012,0.5,none,True,True
149883,1.0,0.0011,0.5,none,True,True
149884,1.0,0.0011,0.5,none,True,True
149885,1.0,0.001,0.5,none,True,True
149886,1.0,0.001,0.5,none,True,True
149887,1.0,0.0009,0.5,none,True,True
149888,1.0,0.0009,0.5,none,True,True
149889,1.0,0.0008,0.5,none,True,True
149890,1.0,0.0008,0.5,none,True,True
149891,1.0,0.0008,0.5,none,True,True
149892,1.0,0.0007,0.5,none,True,True
149893,1.0,0.0007,0.5,none,True,True
149894,1.0,0.0006,0.5,none,True,True
149895,1.0,0.0006,0.5,none,True,True
149896,1.0,0.0006,0.5,none,True,True
149897,1.0,0.0005,0.5,none,True,True
149898,1.0,0.0005,0.5,none,True,True
149899,1.0,0.0005,0.5,none,True,True
149900,1.0,0.0004,0.5,none,True,True
149901,1.0,0.0004,0.5,none,True,True
149902,1.0,0.0004,0.5,none,True,True
149903,1.0,0.0004,0.5,none,True,True
149904,1.0,0.0003,0.5,none,True,True
149905,1.0,0.0003,0.5,none,True,True
149906,1.0,0.0003,0.5,none,True,True
149907,1.0,0.0003,0.5,none,True,True
149908,1.0,0.0003,0.5,none,True,True
149909,1.0,0.0003,0.5,none,True,True
149910,1.0,0.0002,0.5,none,True,True
149911,1.0,0.0002,0.5,none,True,True
149912,1.0,0.0002,0.5,none,True,True
149913,1.0,0.0002,0.5,none,True,True
149914,1.0,0.0002,0.5,none,True,True
149915,1.0,0.0002,0.5,none,True,True
149916,1.0,0.0002,0.5,none,True,True
149917,1.0,0.0002,0.5,none,True,True
149918,1.0,0.0002,0.5,none,True,True
149919,1.0,0.0001,0.5,none,True,True
149920,1.0,0.0001,0.5,none,True,True
149921,1.0,0.0001,0.5,none,True,True
149922,1.0,0.0001,0.5,none,True,True
149923,1.0,0.0001,0.5,none,True,True
149924,1.0,0.0001,0.5,none,True,True
149925,1.0,0.0001,0.5,none,True,True
149926,1.0,0.0001,0.5,none,True,True
149927,1.0,0.0001,0.5,none,True,True
149928,1.0,0.0001,0.5,none,True,True
149929,1.0,0.0001,0.5,none,True,True
149930,1.0,0.0001,0.5,none,True,True
149931,1.0,0.0001,0.5,none,True,True
149932,1.0,0.0001,0.5,none,True,True
149933,1.0,0.0001,0.5,none,True,True
149934,1.0,0.0001,0.5,none,True,True
149935,1.0,0.0001,0.5,none,True,True
149936,1.0,0.0001,0.5,none,True,True
149937,1.0,0.0,0.5,none,True,True
149938,1.0,0.0,0.5,none,True,True
149939,1.0,0.0,0.5,none,True,True
149940,1.0,0.0,0.5,none,True,True
149941,1.0,0.0,0.5,none,True,True
149942,1.0,0.0,0.5,none,True,True
149943,1.0,0.0,0.5,none,True,True
149944,1.0,0.0,0.5,none,True,True
149945,1.0,0.0,0.5,none,True,True
149946,1.0,0.0,0.5,none,True,True
149947,1.0,0.0,0.5,none,True,True
149948,1.0,0.0,0.5,none,True,True
149949,1.0,0.0,0.5,none,True,True
149950,1.0,0.0,0.5,none,True,True
149951,1.0,0.0,0.5,none,True,True
149952,1.0,0.0,0.5,none,True,True
149953,1.0,0.0,0.5,none,True,True
149954,1.0,0.0,0.5,none,True,True
149955,1.0,0.0,0.5,none,True,True
149956,1.0,0.0,0.5,none,True,True
149957,1.0,0.0,0.5,none,True,True
149958,1.0,0.0,0.5,none,True,True
149959,1.0,0.0,0.5,none,True,True
149960,1.0,0.0,0.5,none,True,True
149961,1.0,0.0,0.5,none,True,True
149962,1.0,0.0,0.5,none,True,True
149963,1.0,0.0,0.5,none,True,True
149964,1.0,0.0,0.5,none,True,True
149965,1.0,0.0,0.5,none,True,True
149966,1.0,0.0,0.5,none,True,True
149967,1.0,0.0,0.5,none,True,True
149968,1.0,0.0,0.5,none,True,True
149969,1.0,0.0,0.5,none,True,True
149970,1.0,0.0,0.5,none,True,True
149971,1.0,0.0,0.5,none,True,True
149972,1.0,0.0,0.5,none,True,True
149973,1.0,0.0,0.5,none,True,True
149974,1.0,0.0,0.5,none,True,True
149975,1.0,0.0,0.5,none,True,True
149976,1.0,0.0,0.5,none,True,True
149977,1.0,0.0,0.5,none,True,True
149978,1.0,0.0,0.5,none,True,True
149979,1.0,0.0,0.5,none,True,True
149980,1.0,0.0,0.5,none,True,True
149981,1.0,0.0,0.5,none,True,True
149982,1.0,0.0,0.5,none,True,True
149983,1.0,0.0,0.5,none,True,True
149984,1.0,0.0,0.5,none,True,True
149985,1.0,0.0,0.5,none,True,True
149986,1.0,0.0,0.5,none,True,True
149987,1.0,0.0,0.5,none,True,True
149988,1.0,0.0,0.5,none,True,True
149989,1.0,0.0,0.5,none,True,True
149990,1.0,0.0,0.5,none,True,True
149991,1.0,0.0,0.5,none,True,True
149992,1.0,0.0,0.5,none,True,True
149993,1.0,0.0,0.5,none,True,True
149994,1.0,0.0,0.5,none,True,True
149995,1.0,0.0,0.5,none,True,True
149996,1.0,0.0,0.5,none,True,True
149997,1.0,0.0,0.5,none,True,True
149998,1.0,0.0,0.5,none,True,True
149999,1.0,0.0,0.5,none,True,True
150000,1.0,0.0,0.5,none,True,True
150001,1.0,0.0,0.5,none,True,True
150002,1.0,0.0,0.5,none,True,True
150003,1.0,0.0,0.5,none,True,True
150004,1.0,0.0,0.5,none,True,True
150005,1.0,0.0,0.5,none,True,True
150006,1.0,0.0,0.5,none,True,True
150007,1.0,0.0,0.5,none,True,True
150008,1.0,0.0,0.5,none,True,True
150009,1.0,0.0,0.5,none,True,True
150010,1.0,0.0,0.5,none,True,True
150011,1.0,0.0,0.5,none,True,True
150012,1.0,0.0,0.5,none,True,True
150013,1.0,0.0,0.5,none,True,True
150014,1.0,0.0,0.5,none,True,True
150015,1.0,0.0,0.5,none,True,True
150016,1.0,0.0,0.5,none,True,True
150017,1.0,0.0,0.5,none,True,True
150018,1.0,0.0,0.5,none,True,True
150019,1.0,0.0,0.5,none,True,True
150020,1.0,0.0,0.5,none,True,True
150021,1.0,0.0,0.5,none,True,True
150022,1.0,0.0,0.5,none,True,True
150023,1.0,0.0,0.5,none,True,True
150024,1.0,0.0,0.5,none,True,True
150025,1.0,0.0,0.5,none,True,True
150026,1.0,0.0,0.5,none,True,True
150027,1.0,0.0,0.5,none,True,True
150028,1.0,0.0,0.5,none,True,True
150029,1.0,0.0,0.5,none,True,True
150030,1.0,0.0,0.5,none,True,True
150031,1.0,0.0,0.5,none,True,True
150032,1.0,0.0,0.5,none,True,True
150033,1.0,0.0,0.5,none,True,True
150034,1.0,0.0,0.5,none,True,True
150035,1.0,0.0,0.5,none,True,True
150036,1.0,0.0,0.5,none,True,True
150037,1.0,0.0,0.5,none,True,True
150038,1.0,0.0,0.5,none,True,True
150039,1.0,0.0,0.5,none,True,True
150040,1.0,0.0,0.5,none,True,True
150041,1.0,0.0,0.5,none,True,True
150042,1.0,0.0,0.5,none,True,True
150043,1.0,0.0,0.5,none,True,True
150044,1.0,0.0,0.5,none,True,True
150045,1.0,0.0,0.5,none,True,True
150046,1.0,0.0,0.5,none,True,True
150047,1.0,0.0,0.5,none,True,True
150048,1.0,0.0,0.5,none,True,True
150049,1.0,0.0,0.5,none,True,True
150050,1.0,0.0,0.5,none,True,True
150051,1.0,0.0,0.5,none,True,True
150052,1.0,0.0,0.5,none,True,True
150053,1.0,0.0,0.5,none,True,True
150054,1.0,0.0,0.5,none,True,True
150055,1.0,0.0,0.5,none,True,True
150056,1.0,0.0,0.5,none,True,True
150057,1.0,0.0,0.5,none,True,True
150058,1.0,0.0,0.5,none,True,True
150059,1.0,0.0,0.5,none,True,True
150060,1.0,0.0,0.5,none,True,True
150061,1.0,0.0,0.5,none,True,True
150062,1.0,0.0,0.5,none,True,True
150063,1.0,0.0,0.5,none,True,True
150064,1.0,0.0,0.5,none,True,True
150065,1.0,0.0,0.5,none,True,True
150066,1.0,0.0,0.5,none,True,True
150067,1.0,0.0,0.5,none,True,True
150068,1.0,0.0,0.5,none,True,True
150069,1.0,0.0,0.5,none,True,True
150070,1.0,0.0,0.5,none,True,True
150071,1.0,0.0,0.5,none,True,True
150072,1.0,0.0,0.5,none,True,True
150073,1.0,0.0,0.5,none,True,True
150074,1.0,0.0,0.5,none,True,True
150075,1.0,0.0,0.5,none,True,True
150076,1.0,0.0,0.5,none,True,True
150077,1.0,0.0,0.5,none,True,True
150078,1.0,0.0,0.5,none,True,True
150079,1.0,0.0,0.5,none,True,True
150080,1.0,0.0,0.5,none,True,True
150081,1.0,0.0,0.5,none,True,True
150082,1.0,0.0,0.5,none,True,True
150083,1.0,0.0,0.5,none,True,True
150084,1.0,0.0,0.5,none,True,True
150085,1.0,0.0,0.5,none,True,True
150086,1.0,0.0,0.5,none,True,True
150087,1.0,0.0,0.5,none,True,True
150088,1.0,0.0,0.5,none,True,True
150089,1.0,0.0,0.5,none,True,True
150090,1.0,0.0,0.5,none,True,True
150091,1.0,0.0,0.5,none,True,True
150092,1.0,0.0,0.5,none,True,True
150093,1.0,0.0,0.5,none,True,True
150094,1.0,0.0,0.5,none,True,True
150095,1.0,0.0,0.5,none,True,True
150096,1.0,0.0,0.5,none,True,True
150097,1.0,0.0,0.5,none,True,True
150098,1.0,0.0,0.5,none,True,True
150099,1.0,0.0,0.5,none,True,True
150100,1.0,0.0,0.5,none,True,True
150101,1.0,0.0,0.5,none,True,True
150102,1.0,0.0,0.5,none,True,True
150103,1.0,0.0,0.5,none,True,True
150104,1.0,0.0,0.5,none,True,True
150105,1.0,0.0,0.5,none,True,True
150106,1.0,0.0,0.5,none,True,True
150107,1.0,0.0,0.5,none,True,True
150108,1.0,0.0,0.5,none,True,True
150109,1.0,0.0,0.5,none,True,True
150110,1.0,0.0,0.5,none,True,True
150111,1.0,0.0,0.5,none,True,True
150112,1.0,0.0,0.5,none,True,True
150113,1.0,0.0,0.5,none,True,True
150114,1.0,0.0,0.5,none,True,True
150115,1.0,0.0,0.5,none,True,True
150116,1.0,0.0,0.5,none,True,True
150117,1.0,0.0,0.5,none,True,True
150118,1.0,0.0,0.5,none,True,True
150119,1.0,0.0,0.5,none,True,True
150120,1.0,0.0,0.5,none,True,True
150121,1.0,0.0,0.5,none,True,True
150122,1.0,0.0,0.5,none,True,True
150123,1.0,0.0,0.5,none,True,True
150124,1.0,0.0,0.5,none,True,True
150125,1.0,0.0,0.5,none,True,True
150126,1.0,0.0,0.5,none,True,True
150127,1.0,0.0,0.5,none,True,True
150128,1.0,0.0,0.5,none,True,True
150129,1.0,0.0,0.5,none,True,True
150130,1.0,0.0,0.5,none,True,True
150131,1.0,0.0,0.5,none,True,True
150132,1.0,0.0,0.5,none,True,True
150133,1.0,0.0,0.5,none,True,True
150134,1.0,0.0,0.5,none,True,True
150135,1.0,0.0,0.5,none,True,True
150136,1.0,0.0,0.5,none,True,True
150137,1.0,0.0,0.5,none,True,True
150138,1.0,0.0,0.5,none,True,True
150139,1.0,0.0,0.5,none,True,True
150140,1.0,0.0,0.5,none,True,True
150141,1.0,0.0,0.5,none,True,True
150142,1.0,0.0,0.5,none,True,True
150143,1.0,0.0,0.5,none,True,True
150144,1.0,0.0,0.5,none,True,True
150145,1.0,0.0,0.5,none,True,True
150146,1.0,0.0,0.5,none,True,True
150147,1.0,0.0,0.5,none,True,True
150148,1.0,0.0,0.5,none,True,True
150149,1.0,0.0,0.5,none,True,True
150150,1.0,0.0,0.5,none,True,True
150151,1.0,0.0,0.5,none,True,True
150152,1.0,0.0,0.5,none,True,True
150153,1.0,0.0,0.5,none,True,True
150154,1.0,0.0,0.5,none,True,True
150155,1.0,0.0,0.5,none,True,True
150156,1.0,0.0,0.5,none,True,True
150157,1.0,0.0,0.5,none,True,True
150158,1.0,0.0,0.5,none,True,True
150159,1.0,0.0,0.5,none,True,True
150160,1.0,0.0,0.5,none,True,True
150161,1.0,0.0,0.5,none,True,True
150162,1.0,0.0,0.5,none,True,True
150163,1.0,0.0,0.5,none,True,True
150164,1.0,0.0,0.5,none,True,True
150165,1.0,0.0,0.5,none,True,True
150166,1.0,0.0,0.5,none,True,True
150167,1.0,0.0,0.5,none,True,True
150168,1.0,0.0,0.5,none,True,True
150169,1.0,0.0,0.5,none,True,True
150170,1.0,0.0,0.5,none,True,True
150171,1.0,0.0,0.5,none,True,True
150172,1.0,0.0,0.5,none,True,True
150173,1.0,0.0,0.5,none,True,True
150174,1.0,0.0,0.5,none,True,True
150175,1.0,0.0,0.5,none,True,True
150176,1.0,0.0,0.5,none,True,True
150177,1.0,0.0,0.5,none,True,True
150178,1.0,0.0,0.5,none,True,True
150179,1.0,0.0,0.5,none,True,True
150180,1.0,0.0,0.5,none,True,True
150181,1.0,0.0,0.5,none,True,True
150182,1.0,0.0,0.5,none,True,True
150183,1.0,0.0,0.5,none,True,True
150184,1.0,0.0,0.5,none,True,True
150185,1.0,0.0,0.5,none,True,True
150186,1.0,0.0,0.5,none,True,True
150187,1.0,0.0,0.5,none,True,True
150188,1.0,0.0,0.5,none,True,True
150189,1.0,0.0,0.5,none,True,True
150190,1.0,0.0,0.5,none,True,True
150191,1.0,0.0,0.5,none,True,True
150192,1.0,0.0,0.5,none,True,True
150193,1.0,0.0,0.5,none,True,True
150194,1.0,0.0,0.5,none,True,True
150195,1.0,0.0,0.5,none,True,True
150196,1.0,0.0,0.5,none,True,True
150197,1.0,0.0,0.5,none,True,True
150198,1.0,0.0,0.5,none,True,True
150199,1.0,0.0,0.5,none,True,True
150200,1.0,0.0,0.5,none,True,True
150201,1.0,0.0,0.5,none,True,True
150202,1.0,0.0,0.5,none,True,True
150203,1.0,0.0,0.5,none,True,True
150204,1.0,0.0,0.5,none,True,True
150205,1.0,0.0,0.5,none,True,True
150206,1.0,0.0,0.5,none,True,True
150207,1.0,0.0,0.5,none,True,True
150208,1.0,0.0,0.5,none,True,True
150209,1.0,0.0,0.5,none,True,True
150210,1.0,0.0,0.5,none,True,True
150211,1.0,0.0,0.5,none,True,True
150212,1.0,0.0,0.5,none,True,True
150213,1.0,0.0,0.5,none,True,True
150214,1.0,0.0,0.5,none,True,True
150215,1.0,0.0,0.5,none,True,True
150216,1.0,0.0,0.5,none,True,True
150217,1.0,0.0,0.5,none,True,True
150218,1.0,0.0,0.5,none,True,True
150219,1.0,0.0,0.5,none,True,True
150220,1.0,0.0,0.5,none,True,True
150221,1.0,0.0,0.5,none,True,True
150222,1.0,0.0,0.5,none,True,True
150223,1.0,0.0,0.5,none,True,True
150224,1.0,0.0,0.5,none,True,True
150225,1.0,0.0,0.5,none,True,True
150226,1.0,0.0,0.5,none,True,True
150227,1.0,0.0,0.5,none,True,True
150228,1.0,0.0,0.5,none,True,True
150229,1.0,0.0,0.5,none,True,True
150230,1.0,0.0,0.5,none,True,True
150231,1.0,0.0,0.5,none,True,True
150232,1.0,0.0,0.5,none,True,True
150233,1.0,0.0,0.5,none,True,True
150234,1.0,0.0,0.5,none,True,True
150235,1.0,0.0,0.5,none,True,True
150236,1.0,0.0,0.5,none,True,True
150237,1.0,0.0,0.5,none,True,True
150238,1.0,0.0,0.5,none,True,True
150239,1.0,0.0,0.5,none,True,True
150240,1.0,0.0,0.5,none,True,True
150241,1.0,0.0,0.5,none,True,True
150242,1.0,0.0,0.5,none,True,True
150243,1.0,0.0,0.5,none,True,True
150244,1.0,0.0,0.5,none,True,True
150245,1.0,0.0,0.5,none,True,True
150246,1.0,0.0,0.5,none,True,True
150247,1.0,0.0,0.5,none,True,True
150248,1.0,0.0,0.5,none,True,True
150249,1.0,0.0,0.5,none,True,True
150250,1.0,0.0,0.5,none,True,True
150251,1.0,0.0,0.5,none,True,True
150252,1.0,0.0,0.5,none,True,True
150253,1.0,0.0,0.5,none,True,True
150254,1.0,0.0,0.5,none,True,True
150255,1.0,0.0,0.5,none,True,True
150256,1.0,0.0,0.5,none,True,True
150257,1.0,0.0,0.5,none,True,True
150258,1.0,0.0,0.5,none,True,True
150259,1.0,0.0,0.5,none,True,True
150260,1.0,0.0,0.5,none,True,True
150261,1.0,0.0,0.5,none,True,True
150262,1.0,0.0,0.5,none,True,True
150263,1.0,0.0,0.5,none,True,True
150264,1.0,0.0,0.5,none,True,True
150265,1.0,0.0,0.5,none,True,True
150266,1.0,0.0,0.5,none,True,True
150267,1.0,0.0,0.5,none,True,True
150268,1.0,0.0,0.5,none,True,True
150269,1.0,0.0,0.5,none,True,True
150270,1.0,0.0,0.5,none,True,True
150271,1.0,0.0,0.5,none,True,True
150272,1.0,0.0,0.5,none,True,True
150273,1.0,0.0,0.5,none,True,True
150274,1.0,0.0,0.5,none,True,True
150275,1.0,0.0,0.5,none,True,True
150276,1.0,0.0,0.5,none,True,True
150277,1.0,0.0,0.5,none,True,True
150278,1.0,0.0,0.5,none,True,True
150279,1.0,0.0,0.5,none,True,True
150280,1.0,0.0,0.5,none,True,True
150281,1.0,0.0,0.5,none,True,True
150282,1.0,0.0,0.5,none,True,True
150283,1.0,0.0,0.5,none,True,True
150284,1.0,0.0,0.5,none,True,True
150285,1.0,0.0,0.5,none,True,True
150286,1.0,0.0,0.5,none,True,True
150287,1.0,0.0,0.5,none,True,True
150288,1.0,0.0,0.5,none,True,True
150289,1.0,0.0,0.5,none,True,True
150290,1.0,0.0,0.5,none,True,True
150291,1.0,0.0,0.5,none,True,True
150292,1.0,0.0,0.5,none,True,True
150293,1.0,0.0,0.5,none,True,True
150294,1.0,0.0,0.5,none,True,True
150295,1.0,0.0,0.5,none,True,True
150296,1.0,0.0,0.5,none,True,True
150297,1.0,0.0,0.5,none,True,True
150298,1.0,0.0,0.5,none,True,True
150299,1.0,0.0,0.5,none,True,True
150300,1.0,0.0,0.5,none,True,True
150301,1.0,0.0,0.5,none,True,True
150302,1.0,0.0,0.5,none,True,True
150303,1.0,0.0,0.5,none,True,True
150304,1.0,0.0,0.5,none,True,True
150305,1.0,0.0,0.5,none,True,True
150306,1.0,0.0,0.5,none,True,True
150307,1.0,0.0,0.5,none,True,True
150308,1.0,0.0,0.5,none,True,True
150309,1.0,0.0,0.5,none,True,True
150310,1.0,0.0,0.5,none,True,True
150311,1.0,0.0,0.5,none,True,True
150312,1.0,0.0,0.5,none,True,True
150313,1.0,0.0,0.5,none,True,True
150314,1.0,0.0,0.5,none,True,True
150315,1.0,0.0,0.5,none,True,True
150316,1.0,0.0,0.5,none,True,True
150317,1.0,0.0,0.5,none,True,True
150318,1.0,0.0,0.5,none,True,True
150319,1.0,0.0,0.5,none,True,True
150320,1.0,0.0,0.5,none,True,True
150321,1.0,0.0,0.5,none,True,True
150322,1.0,0.0,0.5,none,True,True
150323,1.0,0.0,0.5,none,True,True
150324,1.0,0.0,0.5,none,True,True
150325,1.0,0.0,0.5,none,True,True
150326,1.0,0.0,0.5,none,True,True
150327,1.0,0.0,0.5,none,True,True
150328,1.0,0.0,0.5,none,True,True
150329,1.0,0.0,0.5,none,True,True
150330,1.0,0.0,0.5,none,True,True
150331,1.0,0.0,0.5,none,True,True
150332,1.0,0.0,0.5,none,True,True
150333,1.0,0.0,0.5,none,True,True
150334,1.0,0.0,0.5,none,True,True
150335,1.0,0.0,0.5,none,True,True
150336,1.0,0.0,0.5,none,True,True
150337,1.0,0.0,0.5,none,True,True
150338,1.0,0.0,0.5,none,True,True
150339,1.0,0.0,0.5,none,True,True
150340,1.0,0.0,0.5,none,True,True
150341,1.0,0.0,0.5,none,True,True
150342,1.0,0.0,0.5,none,True,True
150343,1.0,0.0,0.5,none,True,True
150344,1.0,0.0,0.5,none,True,True
150345,1.0,0.0,0.5,none,True,True
150346,1.0,0.0,0.5,none,True,True
150347,1.0,0.0,0.5,none,True,True
150348,1.0,0.0,0.5,none,True,True
150349,1.0,0.0,0.5,none,True,True
150350,1.0,0.0,0.5,none,True,True
150351,1.0,0.0,0.5,none,True,True
150352,1.0,0.0,0.5,none,True,True
150353,1.0,0.0,0.5,none,True,True
150354,1.0,0.0,0.5,none,True,True
150355,1.0,0.0,0.5,none,True,True
150356,1.0,0.0,0.5,none,True,True
150357,1.0,0.0,0.5,none,True,True
150358,1.0,0.0,0.5,none,True,True
150359,1.0,0.0,0.5,none,True,True
150360,1.0,0.0,0.5,none,True,True
150361,1.0,0.0,0.5,none,True,True
150362,1.0,0.0,0.5,none,True,True
150363,1.0,0.0,0.5,none,True,True
150364,1.0,0.0,0.5,none,True,True
150365,1.0,0.0,0.5,none,True,True
150366,1.0,0.0,0.5,none,True,True
150367,1.0,0.0,0.5,none,True,True
150368,1.0,0.0,0.5,none,True,True
150369,1.0,0.0,0.5,none,True,True
150370,1.0,0.0,0.5,none,True,True
150371,1.0,0.0,0.5,none,True,True
150372,1.0,0.0,0.5,none,True,True
150373,1.0,0.0,0.5,none,True,True
150374,1.0,0.0,0.5,none,True,True
150375,1.0,0.0,0.5,none,True,True
150376,1.0,0.0,0.5,none,True,True
150377,1.0,0.0,0.5,none,True,True
150378,1.0,0.0,0.5,none,True,True
150379,1.0,0.0,0.5,none,True,True
150380,1.0,0.0,0.5,none,True,True
150381,1.0,0.0,0.5,none,True,True
150382,1.0,0.0,0.5,none,True,True
150383,1.0,0.0,0.5,none,True,True
150384,1.0,0.0,0.5,none,True,True
150385,1.0,0.0,0.5,none,True,True
150386,1.0,0.0,0.5,none,True,True
150387,1.0,0.0,0.5,none,True,True
150388,1.0,0.0,0.5,none,True,True
150389,1.0,0.0,0.5,none,True,True
150390,1.0,0.0,0.5,none,True,True
150391,1.0,0.0,0.5,none,True,True
150392,1.0,0.0,0.5,none,True,True
150393,1.0,0.0,0.5,none,True,True
150394,1.0,0.0,0.5,none,True,True
150395,1.0,0.0,0.5,none,True,True
150396,1.0,0.0,0.5,none,True,True
150397,1.0,0.0,0.5,none,True,True
150398,1.0,0.0,0.5,none,True,True
150399,1.0,0.0,0.5,none,True,True
150400,1.0,0.0,0.5,none,True,True
150401,1.0,0.0,0.5,none,True,True
150402,1.0,0.0,0.5,none,True,True
150403,1.0,0.0,0.5,none,True,True
150404,1.0,0.0,0.5,none,True,True
150405,1.0,0.0,0.5,none,True,True
150406,1.0,0.0,0.5,none,True,True
150407,1.0,0.0,0.5,none,True,True
150408,1.0,0.0,0.5,none,True,True
150409,1.0,0.0,0.5,none,True,True
150410,1.0,0.0,0.5,none,True,True
150411,1.0,0.0,0.5,none,True,True
150412,1.0,0.0,0.5,none,True,True
150413,1.0,0.0,0.5,none,True,True
150414,1.0,0.0,0.5,none,True,True
150415,1.0,0.0,0.5,none,True,True
150416,1.0,0.0,0.5,none,True,True
150417,1.0,0.0,0.5,none,True,True
150418,1.0,0.0,0.5,none,True,True
150419,1.0,0.0,0.5,none,True,True
150420,1.0,0.0,0.5,none,True,True
150421,1.0,0.0,0.5,none,True,True
150422,1.0,0.0,0.5,none,True,True
150423,1.0,0.0,0.5,none,True,True
150424,1.0,0.0,0.5,none,True,True
150425,1.0,0.0,0.5,none,True,True
150426,1.0,0.0,0.5,none,True,True
150427,1.0,0.0,0.5,none,True,True
150428,1.0,0.0,0.5,none,True,True
150429,1.0,0.0,0.5,none,True,True
150430,1.0,0.0,0.5,none,True,True
150431,1.0,0.0,0.5,none,True,True
150432,1.0,0.0,0.5,none,True,True
150433,1.0,0.0,0.5,none,True,True
150434,1.0,0.0,0.5,none,True,True
150435,1.0,0.0,0.5,none,True,True
150436,1.0,0.0,0.5,none,True,True
150437,1.0,0.0,0.5,none,True,True
150438,1.0,0.0,0.5,none,True,True
150439,1.0,0.0,0.5,none,True,True
150440,1.0,0.0,0.5,none,True,True
150441,1.0,0.0,0.5,none,True,True
150442,1.0,0.0,0.5,none,True,True
150443,1.0,0.0,0.5,none,True,True
150444,1.0,0.0,0.5,none,True,True
150445,1.0,0.0,0.5,none,True,True
150446,1.0,0.0,0.5,none,True,True
150447,1.0,0.0,0.5,none,True,True
150448,1.0,0.0,0.5,none,True,True
150449,1.0,0.0,0.5,none,True,True
150450,1.0,0.0,0.5,none,True,True
150451,1.0,0.0,0.5,none,True,True
150452,1.0,0.0,0.5,none,True,True
150453,1.0,0.0,0.5,none,True,True
150454,1.0,0.0,0.5,none,True,True
150455,1.0,0.0,0.5,none,True,True
150456,1.0,0.0,0.5,none,True,True
150457,1.0,0.0,0.5,none,True,True
150458,1.0,0.0,0.5,none,True,True
150459,1.0,0.0,0.5,none,True,True
150460,1.0,0.0,0.5,none,True,True
150461,1.0,0.0,0.5,none,True,True
150462,1.0,0.0,0.5,none,True,True
150463,1.0,0.0,0.5,none,True,True
150464,1.0,0.0,0.5,none,True,True
150465,1.0,0.0,0.5,none,True,True
150466,1.0,0.0,0.5,none,True,True
150467,1.0,0.0,0.5,none,True,True
150468,1.0,0.0,0.5,none,True,True
150469,1.0,0.0,0.5,none,True,True
150470,1.0,0.0,0.5,none,True,True
150471,1.0,0.0,0.5,none,True,True
150472,1.0,0.0,0.5,none,True,True
150473,1.0,0.0,0.5,none,True,True
150474,1.0,0.0,0.5,none,True,True
150475,1.0,0.0,0.5,none,True,True
150476,1.0,0.0,0.5,none,True,True
150477,1.0,0.0,0.5,none,True,True
150478,1.0,0.0,0.5,none,True,True
150479,1.0,0.0,0.5,none,True,True
150480,1.0,0.0,0.5,none,True,True
150481,1.0,0.0,0.5,none,True,True
150482,1.0,0.0,0.5,none,True,True
150483,1.0,0.0,0.5,none,True,True
150484,1.0,0.0,0.5,none,True,True
150485,1.0,0.0,0.5,none,True,True
150486,1.0,0.0,0.5,none,True,True
150487,1.0,0.0,0.5,none,True,True
150488,1.0,0.0,0.5,none,True,True
150489,1.0,0.0,0.5,none,True,True
150490,1.0,0.0,0.5,none,True,True
150491,1.0,0.0,0.5,none,True,True
150492,1.0,0.0,0.5,none,True,True
150493,1.0,0.0,0.5,none,True,True
150494,1.0,0.0,0.5,none,True,True
150495,1.0,0.0,0.5,none,True,True
150496,1.0,0.0,0.5,none,True,True
150497,1.0,0.0,0.5,none,True,True
150498,1.0,0.0,0.5,none,True,True
150499,1.0,0.0,0.5,none,True,True
150500,1.0,0.0061,0.5,none,True,True
150501,1.0,0.0357,0.5,none,True,True
150502,1.0,0.0812,0.5,none,True,True
150503,1.0,0.1113,0.5,none,True,True
150504,1.0,0.1253,0.5,none,True,True
150505,1.0,0.1408,0.5,none,True,True
150506,1.0,0.0907,0.5,none,True,True
150507,1.0,0.1198,0.5,none,True,True
150508,1.0,0.0467,0.5,none,True,True
150509,1.0,0.0522,0.5,none,True,True
150510,1.0,0.0405,0.5,none,True,True
150511,1.0,0.0313,0.5,none,True,True
150512,1.0,0.0083,0.5,none,True,True
150513,1.0,0.0726,0.5,none,True,True
150514,1.0,0.0793,0.5,none,True,True
150515,1.0,0.0581,0.5,none,True,True
150516,1.0,0.0955,0.5,none,True,True
150517,1.0,0.0839,0.5,none,True,True
150518,1.0,0.0648,0.5,none,True,True
150519,1.0,0.0718,0.5,none,True,True
150520,1.0,0.0589,0.5,none,True,True
150521,1.0,0.0403,0.5,none,True,True
150522,1.0,0.0327,0.5,none,True,True
150523,1.0,0.0277,0.5,none,True,True
150524,1.0,0.017,0.5,none,True,True
150525,1.0,0.0102,0.5,none,True,True
150526,1.0,0.0099,0.5,none,True,True
150527,1.0,0.008,0.5,none,True,True
150528,1.0,0.005,0.5,none,True,True
150529,1.0,0.0063,0.5,none,True,True
150530,1.0,0.009,0.5,none,True,True
150531,1.0,0.0096,0.5,none,True,True
150532,1.0,0.0108,0.5,none,True,True
150533,1.0,0.014,0.5,none,True,True
150534,1.0,0.0161,0.5,none,True,True
150535,1.0,0.0167,0.5,none,True,True
150536,1.0,0.0182,0.5,none,True,True
150537,1.0,0.0196,0.5,none,True,True
150538,1.0,0.0197,0.5,none,True,True
150539,1.0,0.0193,0.5,none,True,True
150540,1.0,0.0193,0.5,none,True,True
150541,1.0,0.0187,0.5,none,True,True
150542,1.0,0.0174,0.5,none,True,True
150543,1.0,0.0163,0.5,none,True,True
150544,1.0,0.0152,0.5,none,True,True
150545,1.0,0.0138,0.5,none,True,True
150546,1.0,0.0123,0.5,none,True,True
150547,1.0,0.0111,0.5,none,True,True
150548,1.0,0.01,0.5,none,True,True
150549,1.0,0.0088,0.5,none,True,True
150550,1.0,0.0078,0.5,none,True,True
150551,1.0,0.0071,0.5,none,True,True
150552,1.0,0.0064,0.5,none,True,True
150553,1.0,0.0057,0.5,none,True,True
150554,1.0,0.0053,0.5,none,True,True
150555,1.0,0.005,0.5,none,True,True
150556,1.0,0.0047,0.5,none,True,True
150557,1.0,0.0045,0.5,none,True,True
150558,1.0,0.0044,0.5,none,True,True
150559,1.0,0.0043,0.5,none,True,True
150560,1.0,0.0042,0.5,none,True,True
150561,1.0,0.0041,0.5,none,True,True
150562,1.0,0.004,0.5,none,True,True
150563,1.0,0.0039,0.5,none,True,True
150564,1.0,0.0038,0.5,none,True,True
150565,1.0,0.0037,0.5,none,True,True
150566,1.0,0.0035,0.5,none,True,True
150567,1.0,0.0033,0.5,none,True,True
150568,1.0,0.0032,0.5,none,True,True
150569,1.0,0.003,0.5,none,True,True
150570,1.0,0.0028,0.5,none,True,True
150571,1.0,0.0026,0.5,none,True,True
150572,1.0,0.0024,0.5,none,True,True
150573,1.0,0.0023,0.5,none,True,True
150574,1.0,0.0021,0.5,none,True,True
150575,1.0,0.0019,0.5,none,True,True
150576,1.0,0.0018,0.5,none,True,True
150577,1.0,0.0017,0.5,none,True,True
150578,1.0,0.0015,0.5,none,True,True
150579,1.0,0.0014,0.5,none,True,True
150580,1.0,0.0013,0.5,none,True,True
150581,1.0,0.0013,0.5,none,True,True
150582,1.0,0.0012,0.5,none,True,True
150583,1.0,0.0011,0.5,none,True,True
150584,1.0,0.0011,0.5,none,True,True
150585,1.0,0.001,0.5,none,True,True
150586,1.0,0.001,0.5,none,True,True
150587,1.0,0.0009,0.5,none,True,True
150588,1.0,0.0009,0.5,none,True,True
150589,1.0,0.0008,0.5,none,True,True
150590,1.0,0.0008,0.5,none,True,True
150591,1.0,0.0008,0.5,none,True,True
150592,1.0,0.0007,0.5,none,True,True
150593,1.0,0.0007,0.5,none,True,True
150594,1.0,0.0006,0.5,none,True,True
150595,1.0,0.0006,0.5,none,True,True
150596,1.0,0.0006,0.5,none,True,True
150597,1.0,0.0005,0.5,none,True,True
150598,1.0,0.0005,0.5,none,True,True
150599,1.0,0.0005,0.5,none,True,True
150600,1.0,0.0004,0.5,none,True,True
150601,1.0,0.0004,0.5,none,True,True
150602,1.0,0.0004,0.5,none,True,True
150603,1.0,0.0004,0.5,none,True,True
150604,1.0,0.0003,0.5,none,True,True
150605,1.0,0.0003,0.5,none,True,True
150606,1.0,0.0003,0.5,none,True,True
150607,1.0,0.0003,0.5,none,True,True
150608,1.0,0.0003,0.5,none,True,True
150609,1.0,0.0003,0.5,none,True,True
150610,1.0,0.0002,0.5,none,True,True
150611,1.0,0.0002,0.5,none,True,True
150612,1.0,0.0002,0.5,none,True,True
150613,1.0,0.0002,0.5,none,True,True
150614,1.0,0.0002,0.5,none,True,True
150615,1.0,0.0002,0.5,none,True,True
150616,1.0,0.0002,0.5,none,True,True
150617,1.0,0.0002,0.5,none,True,True
150618,1.0,0.0002,0.5,none,True,True
150619,1.0,0.0001,0.5,none,True,True
150620,1.0,0.0001,0.5,none,True,True
150621,1.0,0.0001,0.5,none,True,True
150622,1.0,0.0001,0.5,none,True,True
150623,1.0,0.0001,0.5,none,True,True
150624,1.0,0.0001,0.5,none,True,True
150625,1.0,0.0001,0.5,none,True,True
150626,1.0,0.0001,0.5,none,True,True
150627,1.0,0.0001,0.5,none,True,True
150628,1.0,0.0001,0.5,none,True,True
150629,1.0,0.0001,0.5,none,True,True
150630,1.0,0.0001,0.5,none,True,True
150631,1.0,0.0001,0.5,none,True,True
150632,1.0,0.0001,0.5,none,True,True
150633,1.0,0.0001,0.5,none,True,True
150634,1.0,0.0001,0.5,none,True,True
150635,1.0,0.0001,0.5,none,True,True
150636,1.0,0.0001,0.5,none,True,True
150637,1.0,0.0,0.5,none,True,True
150638,1.0,0.0,0.5,none,True,True
150639,1.0,0.0,0.5,none,True,True
150640,1.0,0.0,0.5,none,True,True
150641,1.0,0.0,0.5,none,True,True
150642,1.0,0.0,0.5,none,True,True
150643,1.0,0.0,0.5,none,True,True
150644,1.0,0.0,0.5,none,True,True
150645,1.0,0.0,0.5,none,True,True
150646,1.0,0.0,0.5,none,True,True
150647,1.0,0.0,0.5,none,True,True
150648,1.0,0.0,0.5,none,True,True
150649,1.0,0.0,0.5,none,True,True
150650,1.0,0.0,0.5,none,True,True
150651,1.0,0.0,0.5,none,True,True
150652,1.0,0.0,0.5,none,True,True
150653,1.0,0.0,0.5,none,True,True
150654,1.0,0.0,0.5,none,True,True
150655,1.0,0.0,0.5,none,True,True
150656,1.0,0.0,0.5,none,True,True
150657,1.0,0.0,0.5,none,True,True
150658,1.0,0.0,0.5,none,True,True
150659,1.0,0.0,0.5,none,True,True
150660,1.0,0.0,0.5,none,True,True
150661,1.0,0.0,0.5,none,True,True
150662,1.0,0.0,0.5,none,True,True
150663,1.0,0.0,0.5,none,True,True
150664,1.0,0.0,0.5,none,True,True
150665,1.0,0.0,0.5,none,True,True
150666,1.0,0.0,0.5,none,True,True
150667,1.0,0.0,0.5,none,True,True
150668,1.0,0.0,0.5,none,True,True
150669,1.0,0.0,0.5,none,True,True
150670,1.0,0.0,0.5,none,True,True
150671,1.0,0.0,0.5,none,True,True
150672,1.0,0.0,0.5,none,True,True
150673,1.0,0.0,0.5,none,True,True
150674,1.0,0.0,0.5,none,True,True
150675,1.0,0.0,0.5,none,True,True
150676,1.0,0.0,0.5,none,True,True
150677,1.0,0.0,0.5,none,True,True
150678,1.0,0.0,0.5,none,True,True
150679,1.0,0.0,0.5,none,True,True
150680,1.0,0.0,0.5,none,True,True
150681,1.0,0.0,0.5,none,True,True
150682,1.0,0.0,0.5,none,True,True
150683,1.0,0.0,0.5,none,True,True
150684,1.0,0.0,0.5,none,True,True
150685,1.0,0.0,0.5,none,True,True
150686,1.0,0.0,0.5,none,True,True
150687,1.0,0.0,0.5,none,True,True
150688,1.0,0.0,0.5,none,True,True
150689,1.0,0.0,0.5,none,True,True
150690,1.0,0.0,0.5,none,True,True
150691,1.0,0.0,0.5,none,True,True
150692,1.0,0.0,0.5,none,True,True
150693,1.0,0.0,0.5,none,True,True
150694,1.0,0.0,0.5,none,True,True
150695,1.0,0.0,0.5,none,True,True
150696,1.0,0.0,0.5,none,True,True
150697,1.0,0.0,0.5,none,True,True
150698,1.0,0.0,0.5,none,True,True
150699,1.0,0.0,0.5,none,True,True
150700,1.0,0.0,0.5,none,True,True
150701,1.0,0.0,0.5,none,True,True
150702,1.0,0.0,0.5,none,True,True
150703,1.0,0.0,0.5,none,True,True
150704,1.0,0.0,0.5,none,True,True
150705,1.0,0.0,0.5,none,True,True
150706,1.0,0.0,0.5,none,True,True
150707,1.0,0.0,0.5,none,True,True
150708,1.0,0.0,0.5,none,True,True
150709,1.0,0.0,0.5,none,True,True
150710,1.0,0.0,0.5,none,True,True
150711,1.0,0.0,0.5,none,True,True
150712,1.0,0.0,0.5,none,True,True
150713,1.0,0.0,0.5,none,True,True
150714,1.0,0.0,0.5,none,True,True
150715,1.0,0.0,0.5,none,True,True
150716,1.0,0.0,0.5,none,True,True
150717,1.0,0.0,0.5,none,True,True
150718,1.0,0.0,0.5,none,True,True
150719,1.0,0.0,0.5,none,True,True
150720,1.0,0.0,0.5,none,True,True
150721,1.0,0.0,0.5,none,True,True
150722,1.0,0.0,0.5,none,True,True
150723,1.0,0.0,0.5,none,True,True
150724,1.0,0.0,0.5,none,True,True
150725,1.0,0.0,0.5,none,True,True
150726,1.0,0.0,0.5,none,True,True
150727,1.0,0.0,0.5,none,True,True
150728,1.0,0.0,0.5,none,True,True
150729,1.0,0.0,0.5,none,True,True
150730,1.0,0.0,0.5,none,True,True
150731,1.0,0.0,0.5,none,True,True
150732,1.0,0.0,0.5,none,True,True
150733,1.0,0.0,0.5,none,True,True
150734,1.0,0.0,0.5,none,True,True
150735,1.0,0.0,0.5,none,True,True
150736,1.0,0.0,0.5,none,True,True
150737,1.0,0.0,0.5,none,True,True
150738,1.0,0.0,0.5,none,True,True
150739,1.0,0.0,0.5,none,True,True
150740,1.0,0.0,0.5,none,True,True
150741,1.0,0.0,0.5,none,True,True
150742,1.0,0.0,0.5,none,True,True
150743,1.0,0.0,0.5,none,True,True
150744,1.0,0.0,0.5,none,True,True
150745,1.0,0.0,0.5,none,True,True
150746,1.0,0.0,0.5,none,True,True
150747,1.0,0.0,0.5,none,True,True
150748,1.0,0.0,0.5,none,True,True
150749,1.0,0.0,0.5,none,True,True
150750,1.0,0.0,0.5,none,True,True
150751,1.0,0.0,0.5,none,True,True
150752,1.0,0.0,0.5,none,True,True
150753,1.0,0.0,0.5,none,True,True
150754,1.0,0.0,0.5,none,True,True
150755,1.0,0.0,0.5,none,True,True
150756,1.0,0.0,0.5,none,True,True
150757,1.0,0.0,0.5,none,True,True
150758,1.0,0.0,0.5,none,True,True
150759,1.0,0.0,0.5,none,True,True
150760,1.0,0.0,0.5,none,True,True
150761,1.0,0.0,0.5,none,True,True
150762,1.0,0.0,0.5,none,True,True
150763,1.0,0.0,0.5,none,True,True
150764,1.0,0.0,0.5,none,True,True
150765,1.0,0.0,0.5,none,True,True
150766,1.0,0.0,0.5,none,True,True
150767,1.0,0.0,0.5,none,True,True
150768,1.0,0.0,0.5,none,True,True
150769,1.0,0.0,0.5,none,True,True
150770,1.0,0.0,0.5,none,True,True
150771,1.0,0.0,0.5,none,True,True
150772,1.0,0.0,0.5,none,True,True
150773,1.0,0.0,0.5,none,True,True
150774,1.0,0.0,0.5,none,True,True
150775,1.0,0.0,0.5,none,True,True
150776,1.0,0.0,0.5,none,True,True
150777,1.0,0.0,0.5,none,True,True
150778,1.0,0.0,0.5,none,True,True
150779,1.0,0.0,0.5,none,True,True
150780,1.0,0.0,0.5,none,True,True
150781,1.0,0.0,0.5,none,True,True
150782,1.0,0.0,0.5,none,True,True
150783,1.0,0.0,0.5,none,True,True
150784,1.0,0.0,0.5,none,True,True
150785,1.0,0.0,0.5,none,True,True
150786,1.0,0.0,0.5,none,True,True
150787,1.0,0.0,0.5,none,True,True
150788,1.0,0.0,0.5,none,True,True
150789,1.0,0.0,0.5,none,True,True
150790,1.0,0.0,0.5,none,True,True
150791,1.0,0.0,0.5,none,True,True
150792,1.0,0.0,0.5,none,True,True
150793,1.0,0.0,0.5,none,True,True
150794,1.0,0.0,0.5,none,True,True
150795,1.0,0.0,0.5,none,True,True
150796,1.0,0.0,0.5,none,True,True
150797,1.0,0.0,0.5,none,True,True
150798,1.0,0.0,0.5,none,True,True
150799,1.0,0.0,0.5,none,True,True
150800,1.0,0.0,0.5,none,True,True
150801,1.0,0.0,0.5,none,True,True
150802,1.0,0.0,0.5,none,True,True
150803,1.0,0.0,0.5,none,True,True
150804,1.0,0.0,0.5,none,True,True
150805,1.0,0.0,0.5,none,True,True
150806,1.0,0.0,0.5,none,True,True
150807,1.0,0.0,0.5,none,True,True
150808,1.0,0.0,0.5,none,True,True
150809,1.0,0.0,0.5,none,True,True
150810,1.0,0.0,0.5,none,True,True
150811,1.0,0.0,0.5,none,True,True
150812,1.0,0.0,0.5,none,True,True
150813,1.0,0.0,0.5,none,True,True
150814,1.0,0.0,0.5,none,True,True
150815,1.0,0.0,0.5,none,True,True
150816,1.0,0.0,0.5,none,True,True
150817,1.0,0.0,0.5,none,True,True
150818,1.0,0.0,0.5,none,True,True
150819,1.0,0.0,0.5,none,True,True
150820,1.0,0.0,0.5,none,True,True
150821,1.0,0.0,0.5,none,True,True
150822,1.0,0.0,0.5,none,True,True
150823,1.0,0.0,0.5,none,True,True
150824,1.0,0.0,0.5,none,True,True
150825,1.0,0.0,0.5,none,True,True
150826,1.0,0.0,0.5,none,True,True
150827,1.0,0.0,0.5,none,True,True
150828,1.0,0.0,0.5,none,True,True
150829,1.0,0.0,0.5,none,True,True
150830,1.0,0.0,0.5,none,True,True
150831,1.0,0.0,0.5,none,True,True
150832,1.0,0.0,0.5,none,True,True
150833,1.0,0.0,0.5,none,True,True
150834,1.0,0.0,0.5,none,True,True
150835,1.0,0.0,0.5,none,True,True
150836,1.0,0.0,0.5,none,True,True
150837,1.0,0.0,0.5,none,True,True
150838,1.0,0.0,0.5,none,True,True
150839,1.0,0.0,0.5,none,True,True
150840,1.0,0.0,0.5,none,True,True
150841,1.0,0.0,0.5,none,True,True
150842,1.0,0.0,0.5,none,True,True
150843,1.0,0.0,0.5,none,True,True
150844,1.0,0.0,0.5,none,True,True
150845,1.0,0.0,0.5,none,True,True
150846,1.0,0.0,0.5,none,True,True
150847,1.0,0.0,0.5,none,True,True
150848,1.0,0.0,0.5,none,True,True
150849,1.0,0.0,0.5,none,True,True
150850,1.0,0.0,0.5,none,True,True
150851,1.0,0.0,0.5,none,True,True
150852,1.0,0.0,0.5,none,True,True
150853,1.0,0.0,0.5,none,True,True
150854,1.0,0.0,0.5,none,True,True
150855,1.0,0.0,0.5,none,True,True
150856,1.0,0.0,0.5,none,True,True
150857,1.0,0.0,0.5,none,True,True
150858,1.0,0.0,0.5,none,True,True
150859,1.0,0.0,0.5,none,True,True
150860,1.0,0.0,0.5,none,True,True
150861,1.0,0.0,0.5,none,True,True
150862,1.0,0.0,0.5,none,True,True
150863,1.0,0.0,0.5,none,True,True
150864,1.0,0.0,0.5,none,True,True
150865,1.0,0.0,0.5,none,True,True
150866,1.0,0.0,0.5,none,True,True
150867,1.0,0.0,0.5,none,True,True
150868,1.0,0.0,0.5,none,True,True
150869,1.0,0.0,0.5,none,True,True
150870,1.0,0.0,0.5,none,True,True
150871,1.0,0.0,0.5,none,True,True
150872,1.0,0.0,0.5,none,True,True
150873,1.0,0.0,0.5,none,True,True
150874,1.0,0.0,0.5,none,True,True
150875,1.0,0.0,0.5,none,True,True
150876,1.0,0.0,0.5,none,True,True
150877,1.0,0.0,0.5,none,True,True
150878,1.0,0.0,0.5,none,True,True
150879,1.0,0.0,0.5,none,True,True
150880,1.0,0.0,0.5,none,True,True
150881,1.0,0.0,0.5,none,True,True
150882,1.0,0.0,0.5,none,True,True
150883,1.0,0.0,0.5,none,True,True
150884,1.0,0.0,0.5,none,True,True
150885,1.0,0.0,0.5,none,True,True
150886,1.0,0.0,0.5,none,True,True
150887,1.0,0.0,0.5,none,True,True
150888,1.0,0.0,0.5,none,True,True
150889,1.0,0.0,0.5,none,True,True
150890,1.0,0.0,0.5,none,True,True
150891,1.0,0.0,0.5,none,True,True
150892,1.0,0.0,0.5,none,True,True
150893,1.0,0.0,0.5,none,True,True
150894,1.0,0.0,0.5,none,True,True
150895,1.0,0.0,0.5,none,True,True
150896,1.0,0.0,0.5,none,True,True
150897,1.0,0.0,0.5,none,True,True
150898,1.0,0.0,0.5,none,True,True
150899,1.0,0.0,0.5,none,True,True
150900,1.0,0.0,0.5,none,True,True
150901,1.0,0.0,0.5,none,True,True
150902,1.0,0.0,0.5,none,True,True
150903,1.0,0.0,0.5,none,True,True
150904,1.0,0.0,0.5,none,True,True
150905,1.0,0.0,0.5,none,True,True
150906,1.0,0.0,0.5,none,True,True
150907,1.0,0.0,0.5,none,True,True
150908,1.0,0.0,0.5,none,True,True
150909,1.0,0.0,0.5,none,True,True
150910,1.0,0.0,0.5,none,True,True
150911,1.0,0.0,0.5,none,True,True
150912,1.0,0.0,0.5,none,True,True
150913,1.0,0.0,0.5,none,True,True
150914,1.0,0.0,0.5,none,True,True
150915,1.0,0.0,0.5,none,True,True
150916,1.0,0.0,0.5,none,True,True
150917,1.0,0.0,0.5,none,True,True
150918,1.0,0.0,0.5,none,True,True
150919,1.0,0.0,0.5,none,True,True
150920,1.0,0.0,0.5,none,True,True
150921,1.0,0.0,0.5,none,True,True
150922,1.0,0.0,0.5,none,True,True
150923,1.0,0.0,0.5,none,True,True
150924,1.0,0.0,0.5,none,True,True
150925,1.0,0.0,0.5,none,True,True
150926,1.0,0.0,0.5,none,True,True
150927,1.0,0.0,0.5,none,True,True
150928,1.0,0.0,0.5,none,True,True
150929,1.0,0.0,0.5,none,True,True
150930,1.0,0.0,0.5,none,True,True
150931,1.0,0.0,0.5,none,True,True
150932,1.0,0.0,0.5,none,True,True
150933,1.0,0.0,0.5,none,True,True
150934,1.0,0.0,0.5,none,True,True
150935,1.0,0.0,0.5,none,True,True
150936,1.0,0.0,0.5,none,True,True
150937,1.0,0.0,0.5,none,True,True
150938,1.0,0.0,0.5,none,True,True
150939,1.0,0.0,0.5,none,True,True
150940,1.0,0.0,0.5,none,True,True
150941,1.0,0.0,0.5,none,True,True
150942,1.0,0.0,0.5,none,True,True
150943,1.0,0.0,0.5,none,True,True
150944,1.0,0.0,0.5,none,True,True
150945,1.0,0.0,0.5,none,True,True
150946,1.0,0.0,0.5,none,True,True
150947,1.0,0.0,0.5,none,True,True
150948,1.0,0.0,0.5,none,True,True
150949,1.0,0.0,0.5,none,True,True
150950,1.0,0.0,0.5,none,True,True
150951,1.0,0.0,0.5,none,True,True
150952,1.0,0.0,0.5,none,True,True
150953,1.0,0.0,0.5,none,True,True
150954,1.0,0.0,0.5,none,True,True
150955,1.0,0.0,0.5,none,True,True
150956,1.0,0.0,0.5,none,True,True
150957,1.0,0.0,0.5,none,True,True
150958,1.0,0.0,0.5,none,True,True
150959,1.0,0.0,0.5,none,True,True
150960,1.0,0.0,0.5,none,True,True
150961,1.0,0.0,0.5,none,True,True
150962,1.0,0.0,0.5,none,True,True
150963,1.0,0.0,0.5,none,True,True
150964,1.0,0.0,0.5,none,True,True
150965,1.0,0.0,0.5,none,True,True
150966,1.0,0.0,0.5,none,True,True
150967,1.0,0.0,0.5,none,True,True
150968,1.0,0.0,0.5,none,True,True
150969,1.0,0.0,0.5,none,True,True
150970,1.0,0.0,0.5,none,True,True
150971,1.0,0.0,0.5,none,True,True
150972,1.0,0.0,0.5,none,True,True
150973,1.0,0.0,0.5,none,True,True
150974,1.0,0.0,0.5,none,True,True
150975,1.0,0.0,0.5,none,True,True
150976,1.0,0.0,0.5,none,True,True
150977,1.0,0.0,0.5,none,True,True
150978,1.0,0.0,0.5,none,True,True
150979,1.0,0.0,0.5,none,True,True
150980,1.0,0.0,0.5,none,True,True
150981,1.0,0.0,0.5,none,True,True
150982,1.0,0.0,0.5,none,True,True
150983,1.0,0.0,0.5,none,True,True
150984,1.0,0.0,0.5,none,True,True
150985,1.0,0.0,0.5,none,True,True
150986,1.0,0.0,0.5,none,True,True
150987,1.0,0.0,0.5,none,True,True
150988,1.0,0.0,0.5,none,True,True
150989,1.0,0.0,0.5,none,True,True
150990,1.0,0.0,0.5,none,True,True
150991,1.0,0.0,0.5,none,True,True
150992,1.0,0.0,0.5,none,True,True
150993,1.0,0.0,0.5,none,True,True
150994,1.0,0.0,0.5,none,True,True
150995,1.0,0.0,0.5,none,True,True
150996,1.0,0.0,0.5,none,True,True
150997,1.0,0.0,0.5,none,True,True
150998,1.0,0.0,0.5,none,True,True
150999,1.0,0.0,0.5,none,True,True
151000,1.0,0.0,0.5,none,True,True
151001,1.0,0.0,0.5,none,True,True
151002,1.0,0.0,0.5,none,True,True
151003,1.0,0.0,0.5,none,True,True
151004,1.0,0.0,0.5,none,True,True
151005,1.0,0.0,0.5,none,True,True
151006,1.0,0.0,0.5,none,True,True
151007,1.0,0.0,0.5,none,True,True
151008,1.0,0.0,0.5,none,True,True
151009,1.0,0.0,0.5,none,True,True
151010,1.0,0.0,0.5,none,True,True
151011,1.0,0.0,0.5,none,True,True
151012,1.0,0.0,0.5,none,True,True
151013,1.0,0.0,0.5,none,True,True
151014,1.0,0.0,0.5,none,True,True
151015,1.0,0.0,0.5,none,True,True
151016,1.0,0.0,0.5,none,True,True
151017,1.0,0.0,0.5,none,True,True
151018,1.0,0.0,0.5,none,True,True
151019,1.0,0.0,0.5,none,True,True
151020,1.0,0.0,0.5,none,True,True
151021,1.0,0.0,0.5,none,True,True
151022,1.0,0.0,0.5,none,True,True
151023,1.0,0.0,0.5,none,True,True
151024,1.0,0.0,0.5,none,True,True
151025,1.0,0.0,0.5,none,True,True
151026,1.0,0.0,0.5,none,True,True
151027,1.0,0.0,0.5,none,True,True
151028,1.0,0.0,0.5,none,True,True
151029,1.0,0.0,0.5,none,True,True
151030,1.0,0.0,0.5,none,True,True
151031,1.0,0.0,0.5,none,True,True
151032,1.0,0.0,0.5,none,True,True
151033,1.0,0.0,0.5,none,True,True
151034,1.0,0.0,0.5,none,True,True
151035,1.0,0.0,0.5,none,True,True
151036,1.0,0.0,0.5,none,True,True
151037,1.0,0.0,0.5,none,True,True
151038,1.0,0.0,0.5,none,True,True
151039,1.0,0.0,0.5,none,True,True
151040,1.0,0.0,0.5,none,True,True
151041,1.0,0.0,0.5,none,True,True
151042,1.0,0.0,0.5,none,True,True
151043,1.0,0.0,0.5,none,True,True
151044,1.0,0.0,0.5,none,True,True
151045,1.0,0.0,0.5,none,True,True
151046,1.0,0.0,0.5,none,True,True
151047,1.0,0.0,0.5,none,True,True
151048,1.0,0.0,0.5,none,True,True
151049,1.0,0.0,0.5,none,True,True
151050,1.0,0.0,0.5,none,True,True
151051,1.0,0.0,0.5,none,True,True
151052,1.0,0.0,0.5,none,True,True
151053,1.0,0.0,0.5,none,True,True
151054,1.0,0.0,0.5,none,True,True
151055,1.0,0.0,0.5,none,True,True
151056,1.0,0.0,0.5,none,True,True
151057,1.0,0.0,0.5,none,True,True
151058,1.0,0.0,0.5,none,True,True
151059,1.0,0.0,0.5,none,True,True
151060,1.0,0.0,0.5,none,True,True
151061,1.0,0.0,0.5,none,True,True
151062,1.0,0.0,0.5,none,True,True
151063,1.0,0.0,0.5,none,True,True
151064,1.0,0.0,0.5,none,True,True
151065,1.0,0.0,0.5,none,True,True
151066,1.0,0.0,0.5,none,True,True
151067,1.0,0.0,0.5,none,True,True
151068,1.0,0.0,0.5,none,True,True
151069,1.0,0.0,0.5,none,True,True
151070,1.0,0.0,0.5,none,True,True
151071,1.0,0.0,0.5,none,True,True
151072,1.0,0.0,0.5,none,True,True
151073,1.0,0.0,0.5,none,True,True
151074,1.0,0.0,0.5,none,True,True
151075,1.0,0.0,0.5,none,True,True
151076,1.0,0.0,0.5,none,True,True
151077,1.0,0.0,0.5,none,True,True
151078,1.0,0.0,0.5,none,True,True
151079,1.0,0.0,0.5,none,True,True
151080,1.0,0.0,0.5,none,True,True
151081,1.0,0.0,0.5,none,True,True
151082,1.0,0.0,0.5,none,True,True
151083,1.0,0.0,0.5,none,True,True
151084,1.0,0.0,0.5,none,True,True
151085,1.0,0.0,0.5,none,True,True
151086,1.0,0.0,0.5,none,True,True
151087,1.0,0.0,0.5,none,True,True
151088,1.0,0.0,0.5,none,True,True
151089,1.0,0.0,0.5,none,True,True
151090,1.0,0.0,0.5,none,True,True
151091,1.0,0.0,0.5,none,True,True
151092,1.0,0.0,0.5,none,True,True
151093,1.0,0.0,0.5,none,True,True
151094,1.0,0.0,0.5,none,True,True
151095,1.0,0.0,0.5,none,True,True
151096,1.0,0.0,0.5,none,True,True
151097,1.0,0.0,0.5,none,True,True
151098,1.0,0.0,0.5,none,True,True
151099,1.0,0.0,0.5,none,True,True
151100,1.0,0.0,0.5,none,True,True
151101,1.0,0.0,0.5,none,True,True
151102,1.0,0.0,0.5,none,True,True
151103,1.0,0.0,0.5,none,True,True
151104,1.0,0.0,0.5,none,True,True
151105,1.0,0.0,0.5,none,True,True
151106,1.0,0.0,0.5,none,True,True
151107,1.0,0.0,0.5,none,True,True
151108,1.0,0.0,0.5,none,True,True
151109,1.0,0.0,0.5,none,True,True
151110,1.0,0.0,0.5,none,True,True
151111,1.0,0.0,0.5,none,True,True
151112,1.0,0.0,0.5,none,True,True
151113,1.0,0.0,0.5,none,True,True
151114,1.0,0.0,0.5,none,True,True
151115,1.0,0.0,0.5,none,True,True
151116,1.0,0.0,0.5,none,True,True
151117,1.0,0.0,0.5,none,True,True
151118,1.0,0.0,0.5,none,True,True
151119,1.0,0.0,0.5,none,True,True
151120,1.0,0.0,0.5,none,True,True
151121,1.0,0.0,0.5,none,True,True
151122,1.0,0.0,0.5,none,True,True
151123,1.0,0.0,0.5,none,True,True
151124,1.0,0.0,0.5,none,True,True
151125,1.0,0.0,0.5,none,True,True
151126,1.0,0.0,0.5,none,True,True
151127,1.0,0.0,0.5,none,True,True
151128,1.0,0.0,0.5,none,True,True
151129,1.0,0.0,0.5,none,True,True
151130,1.0,0.0,0.5,none,True,True
151131,1.0,0.0,0.5,none,True,True
151132,1.0,0.0,0.5,none,True,True
151133,1.0,0.0,0.5,none,True,True
151134,1.0,0.0,0.5,none,True,True
151135,1.0,0.0,0.5,none,True,True
151136,1.0,0.0,0.5,none,True,True
151137,1.0,0.0,0.5,none,True,True
151138,1.0,0.0,0.5,none,True,True
151139,1.0,0.0,0.5,none,True,True
151140,1.0,0.0,0.5,none,True,True
151141,1.0,0.0,0.5,none,True,True
151142,1.0,0.0,0.5,none,True,True
151143,1.0,0.0,0.5,none,True,True
151144,1.0,0.0,0.5,none,True,True
151145,1.0,0.0,0.5,none,True,True
151146,1.0,0.0,0.5,none,True,True
151147,1.0,0.0,0.5,none,True,True
151148,1.0,0.0,0.5,none,True,True
151149,1.0,0.0,0.5,none,True,True
151150,1.0,0.0,0.5,none,True,True
151151,1.0,0.0,0.5,none,True,True
151152,1.0,0.0,0.5,none,True,True
151153,1.0,0.0,0.5,none,True,True
151154,1.0,0.0,0.5,none,True,True
151155,1.0,0.0,0.5,none,True,True
151156,1.0,0.0,0.5,none,True,True
151157,1.0,0.0,0.5,none,True,True
151158,1.0,0.0,0.5,none,True,True
151159,1.0,0.0,0.5,none,True,True
151160,1.0,0.0,0.5,none,True,True
151161,1.0,0.0,0.5,none,True,True
151162,1.0,0.0,0.5,none,True,True
151163,1.0,0.0,0.5,none,True,True
151164,1.0,0.0,0.5,none,True,True
151165,1.0,0.0,0.5,none,True,True
151166,1.0,0.0,0.5,none,True,True
151167,1.0,0.0,0.5,none,True,True
151168,1.0,0.0,0.5,none,True,True
151169,1.0,0.0,0.5,none,True,True
151170,1.0,0.0,0.5,none,True,True
151171,1.0,0.0,0.5,none,True,True
151172,1.0,0.0,0.5,none,True,True
151173,1.0,0.0,0.5,none,True,True
151174,1.0,0.0,0.5,none,True,True
151175,1.0,0.0,0.5,none,True,True
151176,1.0,0.0,0.5,none,True,True
151177,1.0,0.0,0.5,none,True,True
151178,1.0,0.0,0.5,none,True,True
151179,1.0,0.0,0.5,none,True,True
151180,1.0,0.0,0.5,none,True,True
151181,1.0,0.0,0.5,none,True,True
151182,1.0,0.0,0.5,none,True,True
151183,1.0,0.0,0.5,none,True,True
151184,1.0,0.0,0.5,none,True,True
151185,1.0,0.0,0.5,none,True,True
151186,1.0,0.0,0.5,none,True,True
151187,1.0,0.0,0.5,none,True,True
151188,1.0,0.0,0.5,none,True,True
151189,1.0,0.0,0.5,none,True,True
151190,1.0,0.0,0.5,none,True,True
151191,1.0,0.0,0.5,none,True,True
151192,1.0,0.0,0.5,none,True,True
151193,1.0,0.0,0.5,none,True,True
151194,1.0,0.0,0.5,none,True,True
151195,1.0,0.0,0.5,none,True,True
151196,1.0,0.0,0.5,none,True,True
151197,1.0,0.0,0.5,none,True,True
151198,1.0,0.0,0.5,none,True,True
151199,1.0,0.0,0.5,none,True,True
151200,1.0,0.0061,0.5,none,True,True
151201,1.0,0.0357,0.5,none,True,True
151202,1.0,0.0812,0.5,none,True,True
151203,1.0,0.1113,0.5,none,True,True
151204,1.0,0.1253,0.5,none,True,True
151205,1.0,0.1408,0.5,none,True,True
151206,1.0,0.0907,0.5,none,True,True
151207,1.0,0.1198,0.5,none,True,True
151208,1.0,0.0467,0.5,none,True,True
151209,1.0,0.0522,0.5,none,True,True
151210,1.0,0.0405,0.5,none,True,True
151211,1.0,0.0313,0.5,none,True,True
151212,1.0,0.0083,0.5,none,True,True
151213,1.0,0.0726,0.5,none,True,True
151214,1.0,0.0793,0.5,none,True,True
151215,1.0,0.0581,0.5,none,True,True
151216,1.0,0.0955,0.5,none,True,True
151217,1.0,0.0839,0.5,none,True,True
151218,1.0,0.0648,0.5,none,True,True
151219,1.0,0.0718,0.5,none,True,True
151220,1.0,0.0589,0.5,none,True,True
151221,1.0,0.0403,0.5,none,True,True
151222,1.0,0.0327,0.5,none,True,True
151223,1.0,0.0277,0.5,none,True,True
151224,1.0,0.017,0.5,none,True,True
151225,1.0,0.0102,0.5,none,True,True
151226,1.0,0.0099,0.5,none,True,True
151227,1.0,0.008,0.5,none,True,True
151228,1.0,0.005,0.5,none,True,True
151229,1.0,0.0063,0.5,none,True,True
151230,1.0,0.009,0.5,none,True,True
151231,1.0,0.0096,0.5,none,True,True
151232,1.0,0.0108,0.5,none,True,True
151233,1.0,0.014,0.5,none,True,True
151234,1.0,0.0161,0.5,none,True,True
151235,1.0,0.0167,0.5,none,True,True
151236,1.0,0.0182,0.5,none,True,True
151237,1.0,0.0196,0.5,none,True,True
151238,1.0,0.0197,0.5,none,True,True
151239,1.0,0.0193,0.5,none,True,True
151240,1.0,0.0193,0.5,none,True,True
151241,1.0,0.0187,0.5,none,True,True
151242,1.0,0.0174,0.5,none,True,True
151243,1.0,0.0163,0.5,none,True,True
151244,1.0,0.0152,0.5,none,True,True
151245,1.0,0.0138,0.5,none,True,True
151246,1.0,0.0123,0.5,none,True,True
151247,1.0,0.0111,0.5,none,True,True
151248,1.0,0.01,0.5,none,True,True
151249,1.0,0.0088,0.5,none,True,True
151250,1.0,0.0078,0.5,none,True,True
151251,1.0,0.0071,0.5,none,True,True
151252,1.0,0.0064,0.5,none,True,True
151253,1.0,0.0057,0.5,none,True,True
151254,1.0,0.0053,0.5,none,True,True
151255,1.0,0.005,0.5,none,True,True
151256,1.0,0.0047,0.5,none,True,True
151257,1.0,0.0045,0.5,none,True,True
151258,1.0,0.0044,0.5,none,True,True
151259,1.0,0.0043,0.5,none,True,True
151260,1.0,0.0042,0.5,none,True,True
151261,1.0,0.0041,0.5,none,True,True
151262,1.0,0.004,0.5,none,True,True
151263,1.0,0.0039,0.5,none,True,True
151264,1.0,0.0038,0.5,none,True,True
151265,1.0,0.0037,0.5,none,True,True
151266,1.0,0.0035,0.5,none,True,True
151267,1.0,0.0033,0.5,none,True,True
151268,1.0,0.0032,0.5,none,True,True
151269,1.0,0.003,0.5,none,True,True
151270,1.0,0.0028,0.5,none,True,True
151271,1.0,0.0026,0.5,none,True,True
151272,1.0,0.0024,0.5,none,True,True
151273,1.0,0.0023,0.5,none,True,True
151274,1.0,0.0021,0.5,none,True,True
151275,1.0,0.0019,0.5,none,True,True
151276,1.0,0.0018,0.5,none,True,True
151277,1.0,0.0017,0.5,none,True,True
151278,1.0,0.0015,0.5,none,True,True
151279,1.0,0.0014,0.5,none,True,True
151280,1.0,0.0013,0.5,none,True,True
151281,1.0,0.0013,0.5,none,True,True
151282,1.0,0.0012,0.5,none,True,True
151283,1.0,0.0011,0.5,none,True,True
151284,1.0,0.0011,0.5,none,True,True
151285,1.0,0.001,0.5,none,True,True
151286,1.0,0.001,0.5,none,True,True
151287,1.0,0.0009,0.5,none,True,True
151288,1.0,0.0009,0.5,none,True,True
151289,1.0,0.0008,0.5,none,True,True
151290,1.0,0.0008,0.5,none,True,True
151291,1.0,0.0008,0.5,none,True,True
151292,1.0,0.0007,0.5,none,True,True
151293,1.0,0.0007,0.5,none,True,True
151294,1.0,0.0006,0.5,none,True,True
151295,1.0,0.0006,0.5,none,True,True
151296,1.0,0.0006,0.5,none,True,True
151297,1.0,0.0005,0.5,none,True,True
151298,1.0,0.0005,0.5,none,True,True
151299,1.0,0.0005,0.5,none,True,True
151300,1.0,0.0004,0.5,none,True,True
151301,1.0,0.0004,0.5,none,True,True
151302,1.0,0.0004,0.5,none,True,True
151303,1.0,0.0004,0.5,none,True,True
151304,1.0,0.0003,0.5,none,True,True
151305,1.0,0.0003,0.5,none,True,True
151306,1.0,0.0003,0.5,none,True,True
151307,1.0,0.0003,0.5,none,True,True
151308,1.0,0.0003,0.5,none,True,True
151309,1.0,0.0003,0.5,none,True,True
151310,1.0,0.0002,0.5,none,True,True
151311,1.0,0.0002,0.5,none,True,True
151312,1.0,0.0002,0.5,none,True,True
151313,1.0,0.0002,0.5,none,True,True
151314,1.0,0.0002,0.5,none,True,True
151315,1.0,0.0002,0.5,none,True,True
151316,1.0,0.0002,0.5,none,True,True
151317,1.0,0.0002,0.5,none,True,True
151318,1.0,0.0002,0.5,none,True,True
151319,1.0,0.0001,0.5,none,True,True
151320,1.0,0.0001,0.5,none,True,True
151321,1.0,0.0001,0.5,none,True,True
151322,1.0,0.0001,0.5,none,True,True
151323,1.0,0.0001,0.5,none,True,True
151324,1.0,0.0001,0.5,none,True,True
151325,1.0,0.0001,0.5,none,True,True
151326,1.0,0.0001,0.5,none,True,True
151327,1.0,0.0001,0.5,none,True,True
151328,1.0,0.0001,0.5,none,True,True
151329,1.0,0.0001,0.5,none,True,True
151330,1.0,0.0001,0.5,none,True,True
151331,1.0,0.0001,0.5,none,True,True
151332,1.0,0.0001,0.5,none,True,True
151333,1.0,0.0001,0.5,none,True,True
151334,1.0,0.0001,0.5,none,True,True
151335,1.0,0.0001,0.5,none,True,True
151336,1.0,0.0001,0.5,none,True,True
151337,1.0,0.0,0.5,none,True,True
151338,1.0,0.0,0.5,none,True,True
151339,1.0,0.0,0.5,none,True,True
151340,1.0,0.0,0.5,none,True,True
151341,1.0,0.0,0.5,none,True,True
151342,1.0,0.0,0.5,none,True,True
151343,1.0,0.0,0.5,none,True,True
151344,1.0,0.0,0.5,none,True,True
151345,1.0,0.0,0.5,none,True,True
151346,1.0,0.0,0.5,none,True,True
151347,1.0,0.0,0.5,none,True,True
151348,1.0,0.0,0.5,none,True,True
151349,1.0,0.0,0.5,none,True,True
151350,1.0,0.0,0.5,none,True,True
151351,1.0,0.0,0.5,none,True,True
151352,1.0,0.0,0.5,none,True,True
151353,1.0,0.0,0.5,none,True,True
151354,1.0,0.0,0.5,none,True,True
151355,1.0,0.0,0.5,none,True,True
151356,1.0,0.0,0.5,none,True,True
151357,1.0,0.0,0.5,none,True,True
151358,1.0,0.0,0.5,none,True,True
151359,1.0,0.0,0.5,none,True,True
151360,1.0,0.0,0.5,none,True,True
151361,1.0,0.0,0.5,none,True,True
151362,1.0,0.0,0.5,none,True,True
151363,1.0,0.0,0.5,none,True,True
151364,1.0,0.0,0.5,none,True,True
151365,1.0,0.0,0.5,none,True,True
151366,1.0,0.0,0.5,none,True,True
151367,1.0,0.0,0.5,none,True,True
151368,1.0,0.0,0.5,none,True,True
151369,1.0,0.0,0.5,none,True,True
151370,1.0,0.0,0.5,none,True,True
151371,1.0,0.0,0.5,none,True,True
151372,1.0,0.0,0.5,none,True,True
151373,1.0,0.0,0.5,none,True,True
151374,1.0,0.0,0.5,none,True,True
151375,1.0,0.0,0.5,none,True,True
151376,1.0,0.0,0.5,none,True,True
151377,1.0,0.0,0.5,none,True,True
151378,1.0,0.0,0.5,none,True,True
151379,1.0,0.0,0.5,none,True,True
151380,1.0,0.0,0.5,none,True,True
151381,1.0,0.0,0.5,none,True,True
151382,1.0,0.0,0.5,none,True,True
151383,1.0,0.0,0.5,none,True,True
151384,1.0,0.0,0.5,none,True,True
151385,1.0,0.0,0.5,none,True,True
151386,1.0,0.0,0.5,none,True,True
151387,1.0,0.0,0.5,none,True,True
151388,1.0,0.0,0.5,none,True,True
151389,1.0,0.0,0.5,none,True,True
151390,1.0,0.0,0.5,none,True,True
151391,1.0,0.0,0.5,none,True,True
151392,1.0,0.0,0.5,none,True,True
151393,1.0,0.0,0.5,none,True,True
151394,1.0,0.0,0.5,none,True,True
151395,1.0,0.0,0.5,none,True,True
151396,1.0,0.0,0.5,none,True,True
151397,1.0,0.0,0.5,none,True,True
151398,1.0,0.0,0.5,none,True,True
151399,1.0,0.0,0.5,none,True,True
151400,1.0,0.0,0.5,none,True,True
151401,1.0,0.0,0.5,none,True,True
151402,1.0,0.0,0.5,none,True,True
151403,1.0,0.0,0.5,none,True,True
151404,1.0,0.0,0.5,none,True,True
151405,1.0,0.0,0.5,none,True,True
151406,1.0,0.0,0.5,none,True,True
151407,1.0,0.0,0.5,none,True,True
151408,1.0,0.0,0.5,none,True,True
151409,1.0,0.0,0.5,none,True,True
151410,1.0,0.0,0.5,none,True,True
151411,1.0,0.0,0.5,none,True,True
151412,1.0,0.0,0.5,none,True,True
151413,1.0,0.0,0.5,none,True,True
151414,1.0,0.0,0.5,none,True,True
151415,1.0,0.0,0.5,none,True,True
151416,1.0,0.0,0.5,none,True,True
151417,1.0,0.0,0.5,none,True,True
151418,1.0,0.0,0.5,none,True,True
151419,1.0,0.0,0.5,none,True,True
151420,1.0,0.0,0.5,none,True,True
151421,1.0,0.0,0.5,none,True,True
151422,1.0,0.0,0.5,none,True,True
151423,1.0,0.0,0.5,none,True,True
151424,1.0,0.0,0.5,none,True,True
151425,1.0,0.0,0.5,none,True,True
151426,1.0,0.0,0.5,none,True,True
151427,1.0,0.0,0.5,none,True,True
151428,1.0,0.0,0.5,none,True,True
151429,1.0,0.0,0.5,none,True,True
151430,1.0,0.0,0.5,none,True,True
151431,1.0,0.0,0.5,none,True,True
151432,1.0,0.0,0.5,none,True,True
151433,1.0,0.0,0.5,none,True,True
151434,1.0,0.0,0.5,none,True,True
151435,1.0,0.0,0.5,none,True,True
151436,1.0,0.0,0.5,none,True,True
151437,1.0,0.0,0.5,none,True,True
151438,1.0,0.0,0.5,none,True,True
151439,1.0,0.0,0.5,none,True,True
151440,1.0,0.0,0.5,none,True,True
151441,1.0,0.0,0.5,none,True,True
151442,1.0,0.0,0.5,none,True,True
151443,1.0,0.0,0.5,none,True,True
151444,1.0,0.0,0.5,none,True,True
151445,1.0,0.0,0.5,none,True,True
151446,1.0,0.0,0.5,none,True,True
151447,1.0,0.0,0.5,none,True,True
151448,1.0,0.0,0.5,none,True,True
151449,1.0,0.0,0.5,none,True,True
151450,1.0,0.0,0.5,none,True,True
151451,1.0,0.0,0.5,none,True,True
151452,1.0,0.0,0.5,none,True,True
151453,1.0,0.0,0.5,none,True,True
151454,1.0,0.0,0.5,none,True,True
151455,1.0,0.0,0.5,none,True,True
151456,1.0,0.0,0.5,none,True,True
151457,1.0,0.0,0.5,none,True,True
151458,1.0,0.0,0.5,none,True,True
151459,1.0,0.0,0.5,none,True,True
151460,1.0,0.0,0.5,none,True,True
151461,1.0,0.0,0.5,none,True,True
151462,1.0,0.0,0.5,none,True,True
151463,1.0,0.0,0.5,none,True,True
151464,1.0,0.0,0.5,none,True,True
151465,1.0,0.0,0.5,none,True,True
151466,1.0,0.0,0.5,none,True,True
151467,1.0,0.0,0.5,none,True,True
151468,1.0,0.0,0.5,none,True,True
151469,1.0,0.0,0.5,none,True,True
151470,1.0,0.0,0.5,none,True,True
151471,1.0,0.0,0.5,none,True,True
151472,1.0,0.0,0.5,none,True,True
151473,1.0,0.0,0.5,none,True,True
151474,1.0,0.0,0.5,none,True,True
151475,1.0,0.0,0.5,none,True,True
151476,1.0,0.0,0.5,none,True,True
151477,1.0,0.0,0.5,none,True,True
151478,1.0,0.0,0.5,none,True,True
151479,1.0,0.0,0.5,none,True,True
151480,1.0,0.0,0.5,none,True,True
151481,1.0,0.0,0.5,none,True,True
151482,1.0,0.0,0.5,none,True,True
151483,1.0,0.0,0.5,none,True,True
151484,1.0,0.0,0.5,none,True,True
151485,1.0,0.0,0.5,none,True,True
151486,1.0,0.0,0.5,none,True,True
151487,1.0,0.0,0.5,none,True,True
151488,1.0,0.0,0.5,none,True,True
151489,1.0,0.0,0.5,none,True,True
151490,1.0,0.0,0.5,none,True,True
151491,1.0,0.0,0.5,none,True,True
151492,1.0,0.0,0.5,none,True,True
151493,1.0,0.0,0.5,none,True,True
151494,1.0,0.0,0.5,none,True,True
151495,1.0,0.0,0.5,none,True,True
151496,1.0,0.0,0.5,none,True,True
151497,1.0,0.0,0.5,none,True,True
151498,1.0,0.0,0.5,none,True,True
151499,1.0,0.0,0.5,none,True,True
151500,1.0,0.0,0.5,none,True,True
151501,1.0,0.0,0.5,none,True,True
151502,1.0,0.0,0.5,none,True,True
151503,1.0,0.0,0.5,none,True,True
151504,1.0,0.0,0.5,none,True,True
151505,1.0,0.0,0.5,none,True,True
151506,1.0,0.0,0.5,none,True,True
151507,1.0,0.0,0.5,none,True,True
151508,1.0,0.0,0.5,none,True,True
151509,1.0,0.0,0.5,none,True,True
151510,1.0,0.0,0.5,none,True,True
151511,1.0,0.0,0.5,none,True,True
151512,1.0,0.0,0.5,none,True,True
151513,1.0,0.0,0.5,none,True,True
151514,1.0,0.0,0.5,none,True,True
151515,1.0,0.0,0.5,none,True,True
151516,1.0,0.0,0.5,none,True,True
151517,1.0,0.0,0.5,none,True,True
151518,1.0,0.0,0.5,none,True,True
151519,1.0,0.0,0.5,none,True,True
151520,1.0,0.0,0.5,none,True,True
151521,1.0,0.0,0.5,none,True,True
151522,1.0,0.0,0.5,none,True,True
151523,1.0,0.0,0.5,none,True,True
151524,1.0,0.0,0.5,none,True,True
151525,1.0,0.0,0.5,none,True,True
151526,1.0,0.0,0.5,none,True,True
151527,1.0,0.0,0.5,none,True,True
151528,1.0,0.0,0.5,none,True,True
151529,1.0,0.0,0.5,none,True,True
151530,1.0,0.0,0.5,none,True,True
151531,1.0,0.0,0.5,none,True,True
151532,1.0,0.0,0.5,none,True,True
151533,1.0,0.0,0.5,none,True,True
151534,1.0,0.0,0.5,none,True,True
151535,1.0,0.0,0.5,none,True,True
151536,1.0,0.0,0.5,none,True,True
151537,1.0,0.0,0.5,none,True,True
151538,1.0,0.0,0.5,none,True,True
151539,1.0,0.0,0.5,none,True,True
151540,1.0,0.0,0.5,none,True,True
151541,1.0,0.0,0.5,none,True,True
151542,1.0,0.0,0.5,none,True,True
151543,1.0,0.0,0.5,none,True,True
151544,1.0,0.0,0.5,none,True,True
151545,1.0,0.0,0.5,none,True,True
151546,1.0,0.0,0.5,none,True,True
151547,1.0,0.0,0.5,none,True,True
151548,1.0,0.0,0.5,none,True,True
151549,1.0,0.0,0.5,none,True,True
151550,1.0,0.0,0.5,none,True,True
151551,1.0,0.0,0.5,none,True,True
151552,1.0,0.0,0.5,none,True,True
151553,1.0,0.0,0.5,none,True,True
151554,1.0,0.0,0.5,none,True,True
151555,1.0,0.0,0.5,none,True,True
151556,1.0,0.0,0.5,none,True,True
151557,1.0,0.0,0.5,none,True,True
151558,1.0,0.0,0.5,none,True,True
151559,1.0,0.0,0.5,none,True,True
151560,1.0,0.0,0.5,none,True,True
151561,1.0,0.0,0.5,none,True,True
151562,1.0,0.0,0.5,none,True,True
151563,1.0,0.0,0.5,none,True,True
151564,1.0,0.0,0.5,none,True,True
151565,1.0,0.0,0.5,none,True,True
151566,1.0,0.0,0.5,none,True,True
151567,1.0,0.0,0.5,none,True,True
151568,1.0,0.0,0.5,none,True,True
151569,1.0,0.0,0.5,none,True,True
151570,1.0,0.0,0.5,none,True,True
151571,1.0,0.0,0.5,none,True,True
151572,1.0,0.0,0.5,none,True,True
151573,1.0,0.0,0.5,none,True,True
151574,1.0,0.0,0.5,none,True,True
151575,1.0,0.0,0.5,none,True,True
151576,1.0,0.0,0.5,none,True,True
151577,1.0,0.0,0.5,none,True,True
151578,1.0,0.0,0.5,none,True,True
151579,1.0,0.0,0.5,none,True,True
151580,1.0,0.0,0.5,none,True,True
151581,1.0,0.0,0.5,none,True,True
151582,1.0,0.0,0.5,none,True,True
151583,1.0,0.0,0.5,none,True,True
151584,1.0,0.0,0.5,none,True,True
151585,1.0,0.0,0.5,none,True,True
151586,1.0,0.0,0.5,none,True,True
151587,1.0,0.0,0.5,none,True,True
151588,1.0,0.0,0.5,none,True,True
151589,1.0,0.0,0.5,none,True,True
151590,1.0,0.0,0.5,none,True,True
151591,1.0,0.0,0.5,none,True,True
151592,1.0,0.0,0.5,none,True,True
151593,1.0,0.0,0.5,none,True,True
151594,1.0,0.0,0.5,none,True,True
151595,1.0,0.0,0.5,none,True,True
151596,1.0,0.0,0.5,none,True,True
151597,1.0,0.0,0.5,none,True,True
151598,1.0,0.0,0.5,none,True,True
151599,1.0,0.0,0.5,none,True,True
151600,1.0,0.0,0.5,none,True,True
151601,1.0,0.0,0.5,none,True,True
151602,1.0,0.0,0.5,none,True,True
151603,1.0,0.0,0.5,none,True,True
151604,1.0,0.0,0.5,none,True,True
151605,1.0,0.0,0.5,none,True,True
151606,1.0,0.0,0.5,none,True,True
151607,1.0,0.0,0.5,none,True,True
151608,1.0,0.0,0.5,none,True,True
151609,1.0,0.0,0.5,none,True,True
151610,1.0,0.0,0.5,none,True,True
151611,1.0,0.0,0.5,none,True,True
151612,1.0,0.0,0.5,none,True,True
151613,1.0,0.0,0.5,none,True,True
151614,1.0,0.0,0.5,none,True,True
151615,1.0,0.0,0.5,none,True,True
151616,1.0,0.0,0.5,none,True,True
151617,1.0,0.0,0.5,none,True,True
151618,1.0,0.0,0.5,none,True,True
151619,1.0,0.0,0.5,none,True,True
151620,1.0,0.0,0.5,none,True,True
151621,1.0,0.0,0.5,none,True,True
151622,1.0,0.0,0.5,none,True,True
151623,1.0,0.0,0.5,none,True,True
151624,1.0,0.0,0.5,none,True,True
151625,1.0,0.0,0.5,none,True,True
151626,1.0,0.0,0.5,none,True,True
151627,1.0,0.0,0.5,none,True,True
151628,1.0,0.0,0.5,none,True,True
151629,1.0,0.0,0.5,none,True,True
151630,1.0,0.0,0.5,none,True,True
151631,1.0,0.0,0.5,none,True,True
151632,1.0,0.0,0.5,none,True,True
151633,1.0,0.0,0.5,none,True,True
151634,1.0,0.0,0.5,none,True,True
151635,1.0,0.0,0.5,none,True,True
151636,1.0,0.0,0.5,none,True,True
151637,1.0,0.0,0.5,none,True,True
151638,1.0,0.0,0.5,none,True,True
151639,1.0,0.0,0.5,none,True,True
151640,1.0,0.0,0.5,none,True,True
151641,1.0,0.0,0.5,none,True,True
151642,1.0,0.0,0.5,none,True,True
151643,1.0,0.0,0.5,none,True,True
151644,1.0,0.0,0.5,none,True,True
151645,1.0,0.0,0.5,none,True,True
151646,1.0,0.0,0.5,none,True,True
151647,1.0,0.0,0.5,none,True,True
151648,1.0,0.0,0.5,none,True,True
151649,1.0,0.0,0.5,none,True,True
151650,1.0,0.0,0.5,none,True,True
151651,1.0,0.0,0.5,none,True,True
151652,1.0,0.0,0.5,none,True,True
151653,1.0,0.0,0.5,none,True,True
151654,1.0,0.0,0.5,none,True,True
151655,1.0,0.0,0.5,none,True,True
151656,1.0,0.0,0.5,none,True,True
151657,1.0,0.0,0.5,none,True,True
151658,1.0,0.0,0.5,none,True,True
151659,1.0,0.0,0.5,none,True,True
151660,1.0,0.0,0.5,none,True,True
151661,1.0,0.0,0.5,none,True,True
151662,1.0,0.0,0.5,none,True,True
151663,1.0,0.0,0.5,none,True,True
151664,1.0,0.0,0.5,none,True,True
151665,1.0,0.0,0.5,none,True,True
151666,1.0,0.0,0.5,none,True,True
151667,1.0,0.0,0.5,none,True,True
151668,1.0,0.0,0.5,none,True,True
151669,1.0,0.0,0.5,none,True,True
151670,1.0,0.0,0.5,none,True,True
151671,1.0,0.0,0.5,none,True,True
151672,1.0,0.0,0.5,none,True,True
151673,1.0,0.0,0.5,none,True,True
151674,1.0,0.0,0.5,none,True,True
151675,1.0,0.0,0.5,none,True,True
151676,1.0,0.0,0.5,none,True,True
151677,1.0,0.0,0.5,none,True,True
151678,1.0,0.0,0.5,none,True,True
151679,1.0,0.0,0.5,none,True,True
151680,1.0,0.0,0.5,none,True,True
151681,1.0,0.0,0.5,none,True,True
151682,1.0,0.0,0.5,none,True,True
151683,1.0,0.0,0.5,none,True,True
151684,1.0,0.0,0.5,none,True,True
151685,1.0,0.0,0.5,none,True,True
151686,1.0,0.0,0.5,none,True,True
151687,1.0,0.0,0.5,none,True,True
151688,1.0,0.0,0.5,none,True,True
151689,1.0,0.0,0.5,none,True,True
151690,1.0,0.0,0.5,none,True,True
151691,1.0,0.0,0.5,none,True,True
151692,1.0,0.0,0.5,none,True,True
151693,1.0,0.0,0.5,none,True,True
151694,1.0,0.0,0.5,none,True,True
151695,1.0,0.0,0.5,none,True,True
151696,1.0,0.0,0.5,none,True,True
151697,1.0,0.0,0.5,none,True,True
151698,1.0,0.0,0.5,none,True,True
151699,1.0,0.0,0.5,none,True,True
151700,1.0,0.0,0.5,none,True,True
151701,1.0,0.0,0.5,none,True,True
151702,1.0,0.0,0.5,none,True,True
151703,1.0,0.0,0.5,none,True,True
151704,1.0,0.0,0.5,none,True,True
151705,1.0,0.0,0.5,none,True,True
151706,1.0,0.0,0.5,none,True,True
151707,1.0,0.0,0.5,none,True,True
151708,1.0,0.0,0.5,none,True,True
151709,1.0,0.0,0.5,none,True,True
151710,1.0,0.0,0.5,none,True,True
151711,1.0,0.0,0.5,none,True,True
151712,1.0,0.0,0.5,none,True,True
151713,1.0,0.0,0.5,none,True,True
151714,1.0,0.0,0.5,none,True,True
151715,1.0,0.0,0.5,none,True,True
151716,1.0,0.0,0.5,none,True,True
151717,1.0,0.0,0.5,none,True,True
151718,1.0,0.0,0.5,none,True,True
151719,1.0,0.0,0.5,none,True,True
151720,1.0,0.0,0.5,none,True,True
151721,1.0,0.0,0.5,none,True,True
151722,1.0,0.0,0.5,none,True,True
151723,1.0,0.0,0.5,none,True,True
151724,1.0,0.0,0.5,none,True,True
151725,1.0,0.0,0.5,none,True,True
151726,1.0,0.0,0.5,none,True,True
151727,1.0,0.0,0.5,none,True,True
151728,1.0,0.0,0.5,none,True,True
151729,1.0,0.0,0.5,none,True,True
151730,1.0,0.0,0.5,none,True,True
151731,1.0,0.0,0.5,none,True,True
151732,1.0,0.0,0.5,none,True,True
151733,1.0,0.0,0.5,none,True,True
151734,1.0,0.0,0.5,none,True,True
151735,1.0,0.0,0.5,none,True,True
151736,1.0,0.0,0.5,none,True,True
151737,1.0,0.0,0.5,none,True,True
151738,1.0,0.0,0.5,none,True,True
151739,1.0,0.0,0.5,none,True,True
151740,1.0,0.0,0.5,none,True,True
151741,1.0,0.0,0.5,none,True,True
151742,1.0,0.0,0.5,none,True,True
151743,1.0,0.0,0.5,none,True,True
151744,1.0,0.0,0.5,none,True,True
151745,1.0,0.0,0.5,none,True,True
151746,1.0,0.0,0.5,none,True,True
151747,1.0,0.0,0.5,none,True,True
151748,1.0,0.0,0.5,none,True,True
151749,1.0,0.0,0.5,none,True,True
151750,1.0,0.0,0.5,none,True,True
151751,1.0,0.0,0.5,none,True,True
151752,1.0,0.0,0.5,none,True,True
151753,1.0,0.0,0.5,none,True,True
151754,1.0,0.0,0.5,none,True,True
151755,1.0,0.0,0.5,none,True,True
151756,1.0,0.0,0.5,none,True,True
151757,1.0,0.0,0.5,none,True,True
151758,1.0,0.0,0.5,none,True,True
151759,1.0,0.0,0.5,none,True,True
151760,1.0,0.0,0.5,none,True,True
151761,1.0,0.0,0.5,none,True,True
151762,1.0,0.0,0.5,none,True,True
151763,1.0,0.0,0.5,none,True,True
151764,1.0,0.0,0.5,none,True,True
151765,1.0,0.0,0.5,none,True,True
151766,1.0,0.0,0.5,none,True,True
151767,1.0,0.0,0.5,none,True,True
151768,1.0,0.0,0.5,none,True,True
151769,1.0,0.0,0.5,none,True,True
151770,1.0,0.0,0.5,none,True,True
151771,1.0,0.0,0.5,none,True,True
151772,1.0,0.0,0.5,none,True,True
151773,1.0,0.0,0.5,none,True,True
151774,1.0,0.0,0.5,none,True,True
151775,1.0,0.0,0.5,none,True,True
151776,1.0,0.0,0.5,none,True,True
151777,1.0,0.0,0.5,none,True,True
151778,1.0,0.0,0.5,none,True,True
151779,1.0,0.0,0.5,none,True,True
151780,1.0,0.0,0.5,none,True,True
151781,1.0,0.0,0.5,none,True,True
151782,1.0,0.0,0.5,none,True,True
151783,1.0,0.0,0.5,none,True,True
151784,1.0,0.0,0.5,none,True,True
151785,1.0,0.0,0.5,none,True,True
151786,1.0,0.0,0.5,none,True,True
151787,1.0,0.0,0.5,none,True,True
151788,1.0,0.0,0.5,none,True,True
151789,1.0,0.0,0.5,none,True,True
151790,1.0,0.0,0.5,none,True,True
151791,1.0,0.0,0.5,none,True,True
151792,1.0,0.0,0.5,none,True,True
151793,1.0,0.0,0.5,none,True,True
151794,1.0,0.0,0.5,none,True,True
151795,1.0,0.0,0.5,none,True,True
151796,1.0,0.0,0.5,none,True,True
151797,1.0,0.0,0.5,none,True,True
151798,1.0,0.0,0.5,none,True,True
151799,1.0,0.0,0.5,none,True,True
151800,1.0,0.0,0.5,none,True,True
151801,1.0,0.0,0.5,none,True,True
151802,1.0,0.0,0.5,none,True,True
151803,1.0,0.0,0.5,none,True,True
151804,1.0,0.0,0.5,none,True,True
151805,1.0,0.0,0.5,none,True,True
151806,1.0,0.0,0.5,none,True,True
151807,1.0,0.0,0.5,none,True,True
151808,1.0,0.0,0.5,none,True,True
151809,1.0,0.0,0.5,none,True,True
151810,1.0,0.0,0.5,none,True,True
151811,1.0,0.0,0.5,none,True,True
151812,1.0,0.0,0.5,none,True,True
151813,1.0,0.0,0.5,none,True,True
151814,1.0,0.0,0.5,none,True,True
151815,1.0,0.0,0.5,none,True,True
151816,1.0,0.0,0.5,none,True,True
151817,1.0,0.0,0.5,none,True,True
151818,1.0,0.0,0.5,none,True,True
151819,1.0,0.0,0.5,none,True,True
151820,1.0,0.0,0.5,none,True,True
151821,1.0,0.0,0.5,none,True,True
151822,1.0,0.0,0.5,none,True,True
151823,1.0,0.0,0.5,none,True,True
151824,1.0,0.0,0.5,none,True,True
151825,1.0,0.0,0.5,none,True,True
151826,1.0,0.0,0.5,none,True,True
151827,1.0,0.0,0.5,none,True,True
151828,1.0,0.0,0.5,none,True,True
151829,1.0,0.0,0.5,none,True,True
151830,1.0,0.0,0.5,none,True,True
151831,1.0,0.0,0.5,none,True,True
151832,1.0,0.0,0.5,none,True,True
151833,1.0,0.0,0.5,none,True,True
151834,1.0,0.0,0.5,none,True,True
151835,1.0,0.0,0.5,none,True,True
151836,1.0,0.0,0.5,none,True,True
151837,1.0,0.0,0.5,none,True,True
151838,1.0,0.0,0.5,none,True,True
151839,1.0,0.0,0.5,none,True,True
151840,1.0,0.0,0.5,none,True,True
151841,1.0,0.0,0.5,none,True,True
151842,1.0,0.0,0.5,none,True,True
151843,1.0,0.0,0.5,none,True,True
151844,1.0,0.0,0.5,none,True,True
151845,1.0,0.0,0.5,none,True,True
151846,1.0,0.0,0.5,none,True,True
151847,1.0,0.0,0.5,none,True,True
151848,1.0,0.0,0.5,none,True,True
151849,1.0,0.0,0.5,none,True,True
151850,1.0,0.0,0.5,none,True,True
151851,1.0,0.0,0.5,none,True,True
151852,1.0,0.0,0.5,none,True,True
151853,1.0,0.0,0.5,none,True,True
151854,1.0,0.0,0.5,none,True,True
151855,1.0,0.0,0.5,none,True,True
151856,1.0,0.0,0.5,none,True,True
151857,1.0,0.0,0.5,none,True,True
151858,1.0,0.0,0.5,none,True,True
151859,1.0,0.0,0.5,none,True,True
151860,1.0,0.0,0.5,none,True,True
151861,1.0,0.0,0.5,none,True,True
151862,1.0,0.0,0.5,none,True,True
151863,1.0,0.0,0.5,none,True,True
151864,1.0,0.0,0.5,none,True,True
151865,1.0,0.0,0.5,none,True,True
151866,1.0,0.0,0.5,none,True,True
151867,1.0,0.0,0.5,none,True,True
151868,1.0,0.0,0.5,none,True,True
151869,1.0,0.0,0.5,none,True,True
151870,1.0,0.0,0.5,none,True,True
151871,1.0,0.0,0.5,none,True,True
151872,1.0,0.0,0.5,none,True,True
151873,1.0,0.0,0.5,none,True,True
151874,1.0,0.0,0.5,none,True,True
151875,1.0,0.0,0.5,none,True,True
151876,1.0,0.0,0.5,none,True,True
151877,1.0,0.0,0.5,none,True,True
151878,1.0,0.0,0.5,none,True,True
151879,1.0,0.0,0.5,none,True,True
151880,1.0,0.0,0.5,none,True,True
151881,1.0,0.0,0.5,none,True,True
151882,1.0,0.0,0.5,none,True,True
151883,1.0,0.0,0.5,none,True,True
151884,1.0,0.0,0.5,none,True,True
151885,1.0,0.0,0.5,none,True,True
151886,1.0,0.0,0.5,none,True,True
151887,1.0,0.0,0.5,none,True,True
151888,1.0,0.0,0.5,none,True,True
151889,1.0,0.0,0.5,none,True,True
151890,1.0,0.0,0.5,none,True,True
151891,1.0,0.0,0.5,none,True,True
151892,1.0,0.0,0.5,none,True,True
151893,1.0,0.0,0.5,none,True,True
151894,1.0,0.0,0.5,none,True,True
151895,1.0,0.0,0.5,none,True,True
151896,1.0,0.0,0.5,none,True,True
151897,1.0,0.0,0.5,none,True,True
151898,1.0,0.0,0.5,none,True,True
151899,1.0,0.0,0.5,none,True,True
151900,1.0,0.0061,0.5,none,True,True
151901,1.0,0.0357,0.5,none,True,True
151902,1.0,0.0812,0.5,none,True,True
151903,1.0,0.1113,0.5,none,True,True
151904,1.0,0.1253,0.5,none,True,True
151905,1.0,0.1408,0.5,none,True,True
151906,1.0,0.0907,0.5,none,True,True
151907,1.0,0.1198,0.5,none,True,True
151908,1.0,0.0467,0.5,none,True,True
151909,1.0,0.0522,0.5,none,True,True
151910,1.0,0.0405,0.5,none,True,True
151911,1.0,0.0313,0.5,none,True,True
151912,1.0,0.0083,0.5,none,True,True
151913,1.0,0.0726,0.5,none,True,True
151914,1.0,0.0793,0.5,none,True,True
151915,1.0,0.0581,0.5,none,True,True
151916,1.0,0.0955,0.5,none,True,True
151917,1.0,0.0839,0.5,none,True,True
151918,1.0,0.0648,0.5,none,True,True
151919,1.0,0.0718,0.5,none,True,True
151920,1.0,0.0589,0.5,none,True,True
151921,1.0,0.0403,0.5,none,True,True
151922,1.0,0.0327,0.5,none,True,True
151923,1.0,0.0277,0.5,none,True,True
151924,1.0,0.017,0.5,none,True,True
151925,1.0,0.0102,0.5,none,True,True
151926,1.0,0.0099,0.5,none,True,True
151927,1.0,0.008,0.5,none,True,True
151928,1.0,0.005,0.5,none,True,True
151929,1.0,0.0063,0.5,none,True,True
151930,1.0,0.009,0.5,none,True,True
151931,1.0,0.0096,0.5,none,True,True
151932,1.0,0.0108,0.5,none,True,True
151933,1.0,0.014,0.5,none,True,True
151934,1.0,0.0161,0.5,none,True,True
151935,1.0,0.0167,0.5,none,True,True
151936,1.0,0.0182,0.5,none,True,True
151937,1.0,0.0196,0.5,none,True,True
151938,1.0,0.0197,0.5,none,True,True
151939,1.0,0.0193,0.5,none,True,True
151940,1.0,0.0193,0.5,none,True,True
151941,1.0,0.0187,0.5,none,True,True
151942,1.0,0.0174,0.5,none,True,True
151943,1.0,0.0163,0.5,none,True,True
151944,1.0,0.0152,0.5,none,True,True
151945,1.0,0.0138,0.5,none,True,True
151946,1.0,0.0123,0.5,none,True,True
151947,1.0,0.0111,0.5,none,True,True
151948,1.0,0.01,0.5,none,True,True
151949,1.0,0.0088,0.5,none,True,True
151950,1.0,0.0078,0.5,none,True,True
151951,1.0,0.0071,0.5,none,True,True
151952,1.0,0.0064,0.5,none,True,True
151953,1.0,0.0057,0.5,none,True,True
151954,1.0,0.0053,0.5,none,True,True
151955,1.0,0.005,0.5,none,True,True
151956,1.0,0.0047,0.5,none,True,True
151957,1.0,0.0045,0.5,none,True,True
151958,1.0,0.0044,0.5,none,True,True
151959,1.0,0.0043,0.5,none,True,True
151960,1.0,0.0042,0.5,none,True,True
151961,1.0,0.0041,0.5,none,True,True
151962,1.0,0.004,0.5,none,True,True
151963,1.0,0.0039,0.5,none,True,True
151964,1.0,0.0038,0.5,none,True,True
151965,1.0,0.0037,0.5,none,True,True
151966,1.0,0.0035,0.5,none,True,True
151967,1.0,0.0033,0.5,none,True,True
151968,1.0,0.0032,0.5,none,True,True
151969,1.0,0.003,0.5,none,True,True
151970,1.0,0.0028,0.5,none,True,True
151971,1.0,0.0026,0.5,none,True,True
151972,1.0,0.0024,0.5,none,True,True
151973,1.0,0.0023,0.5,none,True,True
151974,1.0,0.0021,0.5,none,True,True
151975,1.0,0.0019,0.5,none,True,True
151976,1.0,0.0018,0.5,none,True,True
151977,1.0,0.0017,0.5,none,True,True
151978,1.0,0.0015,0.5,none,True,True
151979,1.0,0.0014,0.5,none,True,True
151980,1.0,0.0013,0.5,none,True,True
151981,1.0,0.0013,0.5,none,True,True
151982,1.0,0.0012,0.5,none,True,True
151983,1.0,0.0011,0.5,none,True,True
151984,1.0,0.0011,0.5,none,True,True
151985,1.0,0.001,0.5,none,True,True
151986,1.0,0.001,0.5,none,True,True
151987,1.0,0.0009,0.5,none,True,True
151988,1.0,0.0009,0.5,none,True,True
151989,1.0,0.0008,0.5,none,True,True
151990,1.0,0.0008,0.5,none,True,True
151991,1.0,0.0008,0.5,none,True,True
151992,1.0,0.0007,0.5,none,True,True
151993,1.0,0.0007,0.5,none,True,True
151994,1.0,0.0006,0.5,none,True,True
151995,1.0,0.0006,0.5,none,True,True
151996,1.0,0.0006,0.5,none,True,True
151997,1.0,0.0005,0.5,none,True,True
151998,1.0,0.0005,0.5,none,True,True
151999,1.0,0.0005,0.5,none,True,True
152000,1.0,0.0004,0.5,none,True,True
152001,1.0,0.0004,0.5,none,True,True
152002,1.0,0.0004,0.5,none,True,True
152003,1.0,0.0004,0.5,none,True,True
152004,1.0,0.0003,0.5,none,True,True
152005,1.0,0.0003,0.5,none,True,True
152006,1.0,0.0003,0.5,none,True,True
152007,1.0,0.0003,0.5,none,True,True
152008,1.0,0.0003,0.5,none,True,True
152009,1.0,0.0003,0.5,none,True,True
152010,1.0,0.0002,0.5,none,True,True
152011,1.0,0.0002,0.5,none,True,True
152012,1.0,0.0002,0.5,none,True,True
152013,1.0,0.0002,0.5,none,True,True
152014,1.0,0.0002,0.5,none,True,True
152015,1.0,0.0002,0.5,none,True,True
152016,1.0,0.0002,0.5,none,True,True
152017,1.0,0.0002,0.5,none,True,True
152018,1.0,0.0002,0.5,none,True,True
152019,1.0,0.0001,0.5,none,True,True
152020,1.0,0.0001,0.5,none,True,True
152021,1.0,0.0001,0.5,none,True,True
152022,1.0,0.0001,0.5,none,True,True
152023,1.0,0.0001,0.5,none,True,True
152024,1.0,0.0001,0.5,none,True,True
152025,1.0,0.0001,0.5,none,True,True
152026,1.0,0.0001,0.5,none,True,True
152027,1.0,0.0001,0.5,none,True,True
152028,1.0,0.0001,0.5,none,True,True
152029,1.0,0.0001,0.5,none,True,True
152030,1.0,0.0001,0.5,none,True,True
152031,1.0,0.0001,0.5,none,True,True
152032,1.0,0.0001,0.5,none,True,True
152033,1.0,0.0001,0.5,none,True,True
152034,1.0,0.0001,0.5,none,True,True
152035,1.0,0.0001,0.5,none,True,True
152036,1.0,0.0001,0.5,none,True,True
152037,1.0,0.0,0.5,none,True,True
152038,1.0,0.0,0.5,none,True,True
152039,1.0,0.0,0.5,none,True,True
152040,1.0,0.0,0.5,none,True,True
152041,1.0,0.0,0.5,none,True,True
152042,1.0,0.0,0.5,none,True,True
152043,1.0,0.0,0.5,none,True,True
152044,1.0,0.0,0.5,none,True,True
152045,1.0,0.0,0.5,none,True,True
152046,1.0,0.0,0.5,none,True,True
152047,1.0,0.0,0.5,none,True,True
152048,1.0,0.0,0.5,none,True,True
152049,1.0,0.0,0.5,none,True,True
152050,1.0,0.0,0.5,none,True,True
152051,1.0,0.0,0.5,none,True,True
152052,1.0,0.0,0.5,none,True,True
152053,1.0,0.0,0.5,none,True,True
152054,1.0,0.0,0.5,none,True,True
152055,1.0,0.0,0.5,none,True,True
152056,1.0,0.0,0.5,none,True,True
152057,1.0,0.0,0.5,none,True,True
152058,1.0,0.0,0.5,none,True,True
152059,1.0,0.0,0.5,none,True,True
152060,1.0,0.0,0.5,none,True,True
152061,1.0,0.0,0.5,none,True,True
152062,1.0,0.0,0.5,none,True,True
152063,1.0,0.0,0.5,none,True,True
152064,1.0,0.0,0.5,none,True,True
152065,1.0,0.0,0.5,none,True,True
152066,1.0,0.0,0.5,none,True,True
152067,1.0,0.0,0.5,none,True,True
152068,1.0,0.0,0.5,none,True,True
152069,1.0,0.0,0.5,none,True,True
152070,1.0,0.0,0.5,none,True,True
152071,1.0,0.0,0.5,none,True,True
152072,1.0,0.0,0.5,none,True,True
152073,1.0,0.0,0.5,none,True,True
152074,1.0,0.0,0.5,none,True,True
152075,1.0,0.0,0.5,none,True,True
152076,1.0,0.0,0.5,none,True,True
152077,1.0,0.0,0.5,none,True,True
152078,1.0,0.0,0.5,none,True,True
152079,1.0,0.0,0.5,none,True,True
152080,1.0,0.0,0.5,none,True,True
152081,1.0,0.0,0.5,none,True,True
152082,1.0,0.0,0.5,none,True,True
152083,1.0,0.0,0.5,none,True,True
152084,1.0,0.0,0.5,none,True,True
152085,1.0,0.0,0.5,none,True,True
152086,1.0,0.0,0.5,none,True,True
152087,1.0,0.0,0.5,none,True,True
152088,1.0,0.0,0.5,none,True,True
152089,1.0,0.0,0.5,none,True,True
152090,1.0,0.0,0.5,none,True,True
152091,1.0,0.0,0.5,none,True,True
152092,1.0,0.0,0.5,none,True,True
152093,1.0,0.0,0.5,none,True,True
152094,1.0,0.0,0.5,none,True,True
152095,1.0,0.0,0.5,none,True,True
152096,1.0,0.0,0.5,none,True,True
152097,1.0,0.0,0.5,none,True,True
152098,1.0,0.0,0.5,none,True,True
152099,1.0,0.0,0.5,none,True,True
152100,1.0,0.0,0.5,none,True,True
152101,1.0,0.0,0.5,none,True,True
152102,1.0,0.0,0.5,none,True,True
152103,1.0,0.0,0.5,none,True,True
152104,1.0,0.0,0.5,none,True,True
152105,1.0,0.0,0.5,none,True,True
152106,1.0,0.0,0.5,none,True,True
152107,1.0,0.0,0.5,none,True,True
152108,1.0,0.0,0.5,none,True,True
152109,1.0,0.0,0.5,none,True,True
152110,1.0,0.0,0.5,none,True,True
152111,1.0,0.0,0.5,none,True,True
152112,1.0,0.0,0.5,none,True,True
152113,1.0,0.0,0.5,none,True,True
152114,1.0,0.0,0.5,none,True,True
152115,1.0,0.0,0.5,none,True,True
152116,1.0,0.0,0.5,none,True,True
152117,1.0,0.0,0.5,none,True,True
152118,1.0,0.0,0.5,none,True,True
152119,1.0,0.0,0.5,none,True,True
152120,1.0,0.0,0.5,none,True,True
152121,1.0,0.0,0.5,none,True,True
152122,1.0,0.0,0.5,none,True,True
152123,1.0,0.0,0.5,none,True,True
152124,1.0,0.0,0.5,none,True,True
152125,1.0,0.0,0.5,none,True,True
152126,1.0,0.0,0.5,none,True,True
152127,1.0,0.0,0.5,none,True,True
152128,1.0,0.0,0.5,none,True,True
152129,1.0,0.0,0.5,none,True,True
152130,1.0,0.0,0.5,none,True,True
152131,1.0,0.0,0.5,none,True,True
152132,1.0,0.0,0.5,none,True,True
152133,1.0,0.0,0.5,none,True,True
152134,1.0,0.0,0.5,none,True,True
152135,1.0,0.0,0.5,none,True,True
152136,1.0,0.0,0.5,none,True,True
152137,1.0,0.0,0.5,none,True,True
152138,1.0,0.0,0.5,none,True,True
152139,1.0,0.0,0.5,none,True,True
152140,1.0,0.0,0.5,none,True,True
152141,1.0,0.0,0.5,none,True,True
152142,1.0,0.0,0.5,none,True,True
152143,1.0,0.0,0.5,none,True,True
152144,1.0,0.0,0.5,none,True,True
152145,1.0,0.0,0.5,none,True,True
152146,1.0,0.0,0.5,none,True,True
152147,1.0,0.0,0.5,none,True,True
152148,1.0,0.0,0.5,none,True,True
152149,1.0,0.0,0.5,none,True,True
152150,1.0,0.0,0.5,none,True,True
152151,1.0,0.0,0.5,none,True,True
152152,1.0,0.0,0.5,none,True,True
152153,1.0,0.0,0.5,none,True,True
152154,1.0,0.0,0.5,none,True,True
152155,1.0,0.0,0.5,none,True,True
152156,1.0,0.0,0.5,none,True,True
152157,1.0,0.0,0.5,none,True,True
152158,1.0,0.0,0.5,none,True,True
152159,1.0,0.0,0.5,none,True,True
152160,1.0,0.0,0.5,none,True,True
152161,1.0,0.0,0.5,none,True,True
152162,1.0,0.0,0.5,none,True,True
152163,1.0,0.0,0.5,none,True,True
152164,1.0,0.0,0.5,none,True,True
152165,1.0,0.0,0.5,none,True,True
152166,1.0,0.0,0.5,none,True,True
152167,1.0,0.0,0.5,none,True,True
152168,1.0,0.0,0.5,none,True,True
152169,1.0,0.0,0.5,none,True,True
152170,1.0,0.0,0.5,none,True,True
152171,1.0,0.0,0.5,none,True,True
152172,1.0,0.0,0.5,none,True,True
152173,1.0,0.0,0.5,none,True,True
152174,1.0,0.0,0.5,none,True,True
152175,1.0,0.0,0.5,none,True,True
152176,1.0,0.0,0.5,none,True,True
152177,1.0,0.0,0.5,none,True,True
152178,1.0,0.0,0.5,none,True,True
152179,1.0,0.0,0.5,none,True,True
152180,1.0,0.0,0.5,none,True,True
152181,1.0,0.0,0.5,none,True,True
152182,1.0,0.0,0.5,none,True,True
152183,1.0,0.0,0.5,none,True,True
152184,1.0,0.0,0.5,none,True,True
152185,1.0,0.0,0.5,none,True,True
152186,1.0,0.0,0.5,none,True,True
152187,1.0,0.0,0.5,none,True,True
152188,1.0,0.0,0.5,none,True,True
152189,1.0,0.0,0.5,none,True,True
152190,1.0,0.0,0.5,none,True,True
152191,1.0,0.0,0.5,none,True,True
152192,1.0,0.0,0.5,none,True,True
152193,1.0,0.0,0.5,none,True,True
152194,1.0,0.0,0.5,none,True,True
152195,1.0,0.0,0.5,none,True,True
152196,1.0,0.0,0.5,none,True,True
152197,1.0,0.0,0.5,none,True,True
152198,1.0,0.0,0.5,none,True,True
152199,1.0,0.0,0.5,none,True,True
152200,1.0,0.0,0.5,none,True,True
152201,1.0,0.0,0.5,none,True,True
152202,1.0,0.0,0.5,none,True,True
152203,1.0,0.0,0.5,none,True,True
152204,1.0,0.0,0.5,none,True,True
152205,1.0,0.0,0.5,none,True,True
152206,1.0,0.0,0.5,none,True,True
152207,1.0,0.0,0.5,none,True,True
152208,1.0,0.0,0.5,none,True,True
152209,1.0,0.0,0.5,none,True,True
152210,1.0,0.0,0.5,none,True,True
152211,1.0,0.0,0.5,none,True,True
152212,1.0,0.0,0.5,none,True,True
152213,1.0,0.0,0.5,none,True,True
152214,1.0,0.0,0.5,none,True,True
152215,1.0,0.0,0.5,none,True,True
152216,1.0,0.0,0.5,none,True,True
152217,1.0,0.0,0.5,none,True,True
152218,1.0,0.0,0.5,none,True,True
152219,1.0,0.0,0.5,none,True,True
152220,1.0,0.0,0.5,none,True,True
152221,1.0,0.0,0.5,none,True,True
152222,1.0,0.0,0.5,none,True,True
152223,1.0,0.0,0.5,none,True,True
152224,1.0,0.0,0.5,none,True,True
152225,1.0,0.0,0.5,none,True,True
152226,1.0,0.0,0.5,none,True,True
152227,1.0,0.0,0.5,none,True,True
152228,1.0,0.0,0.5,none,True,True
152229,1.0,0.0,0.5,none,True,True
152230,1.0,0.0,0.5,none,True,True
152231,1.0,0.0,0.5,none,True,True
152232,1.0,0.0,0.5,none,True,True
152233,1.0,0.0,0.5,none,True,True
152234,1.0,0.0,0.5,none,True,True
152235,1.0,0.0,0.5,none,True,True
152236,1.0,0.0,0.5,none,True,True
152237,1.0,0.0,0.5,none,True,True
152238,1.0,0.0,0.5,none,True,True
152239,1.0,0.0,0.5,none,True,True
152240,1.0,0.0,0.5,none,True,True
152241,1.0,0.0,0.5,none,True,True
152242,1.0,0.0,0.5,none,True,True
152243,1.0,0.0,0.5,none,True,True
152244,1.0,0.0,0.5,none,True,True
152245,1.0,0.0,0.5,none,True,True
152246,1.0,0.0,0.5,none,True,True
152247,1.0,0.0,0.5,none,True,True
152248,1.0,0.0,0.5,none,True,True
152249,1.0,0.0,0.5,none,True,True
152250,1.0,0.0,0.5,none,True,True
152251,1.0,0.0,0.5,none,True,True
152252,1.0,0.0,0.5,none,True,True
152253,1.0,0.0,0.5,none,True,True
152254,1.0,0.0,0.5,none,True,True
152255,1.0,0.0,0.5,none,True,True
152256,1.0,0.0,0.5,none,True,True
152257,1.0,0.0,0.5,none,True,True
152258,1.0,0.0,0.5,none,True,True
152259,1.0,0.0,0.5,none,True,True
152260,1.0,0.0,0.5,none,True,True
152261,1.0,0.0,0.5,none,True,True
152262,1.0,0.0,0.5,none,True,True
152263,1.0,0.0,0.5,none,True,True
152264,1.0,0.0,0.5,none,True,True
152265,1.0,0.0,0.5,none,True,True
152266,1.0,0.0,0.5,none,True,True
152267,1.0,0.0,0.5,none,True,True
152268,1.0,0.0,0.5,none,True,True
152269,1.0,0.0,0.5,none,True,True
152270,1.0,0.0,0.5,none,True,True
152271,1.0,0.0,0.5,none,True,True
152272,1.0,0.0,0.5,none,True,True
152273,1.0,0.0,0.5,none,True,True
152274,1.0,0.0,0.5,none,True,True
152275,1.0,0.0,0.5,none,True,True
152276,1.0,0.0,0.5,none,True,True
152277,1.0,0.0,0.5,none,True,True
152278,1.0,0.0,0.5,none,True,True
152279,1.0,0.0,0.5,none,True,True
152280,1.0,0.0,0.5,none,True,True
152281,1.0,0.0,0.5,none,True,True
152282,1.0,0.0,0.5,none,True,True
152283,1.0,0.0,0.5,none,True,True
152284,1.0,0.0,0.5,none,True,True
152285,1.0,0.0,0.5,none,True,True
152286,1.0,0.0,0.5,none,True,True
152287,1.0,0.0,0.5,none,True,True
152288,1.0,0.0,0.5,none,True,True
152289,1.0,0.0,0.5,none,True,True
152290,1.0,0.0,0.5,none,True,True
152291,1.0,0.0,0.5,none,True,True
152292,1.0,0.0,0.5,none,True,True
152293,1.0,0.0,0.5,none,True,True
152294,1.0,0.0,0.5,none,True,True
152295,1.0,0.0,0.5,none,True,True
152296,1.0,0.0,0.5,none,True,True
152297,1.0,0.0,0.5,none,True,True
152298,1.0,0.0,0.5,none,True,True
152299,1.0,0.0,0.5,none,True,True
152300,1.0,0.0,0.5,none,True,True
152301,1.0,0.0,0.5,none,True,True
152302,1.0,0.0,0.5,none,True,True
152303,1.0,0.0,0.5,none,True,True
152304,1.0,0.0,0.5,none,True,True
152305,1.0,0.0,0.5,none,True,True
152306,1.0,0.0,0.5,none,True,True
152307,1.0,0.0,0.5,none,True,True
152308,1.0,0.0,0.5,none,True,True
152309,1.0,0.0,0.5,none,True,True
152310,1.0,0.0,0.5,none,True,True
152311,1.0,0.0,0.5,none,True,True
152312,1.0,0.0,0.5,none,True,True
152313,1.0,0.0,0.5,none,True,True
152314,1.0,0.0,0.5,none,True,True
152315,1.0,0.0,0.5,none,True,True
152316,1.0,0.0,0.5,none,True,True
152317,1.0,0.0,0.5,none,True,True
152318,1.0,0.0,0.5,none,True,True
152319,1.0,0.0,0.5,none,True,True
152320,1.0,0.0,0.5,none,True,True
152321,1.0,0.0,0.5,none,True,True
152322,1.0,0.0,0.5,none,True,True
152323,1.0,0.0,0.5,none,True,True
152324,1.0,0.0,0.5,none,True,True
152325,1.0,0.0,0.5,none,True,True
152326,1.0,0.0,0.5,none,True,True
152327,1.0,0.0,0.5,none,True,True
152328,1.0,0.0,0.5,none,True,True
152329,1.0,0.0,0.5,none,True,True
152330,1.0,0.0,0.5,none,True,True
152331,1.0,0.0,0.5,none,True,True
152332,1.0,0.0,0.5,none,True,True
152333,1.0,0.0,0.5,none,True,True
152334,1.0,0.0,0.5,none,True,True
152335,1.0,0.0,0.5,none,True,True
152336,1.0,0.0,0.5,none,True,True
152337,1.0,0.0,0.5,none,True,True
152338,1.0,0.0,0.5,none,True,True
152339,1.0,0.0,0.5,none,True,True
152340,1.0,0.0,0.5,none,True,True
152341,1.0,0.0,0.5,none,True,True
152342,1.0,0.0,0.5,none,True,True
152343,1.0,0.0,0.5,none,True,True
152344,1.0,0.0,0.5,none,True,True
152345,1.0,0.0,0.5,none,True,True
152346,1.0,0.0,0.5,none,True,True
152347,1.0,0.0,0.5,none,True,True
152348,1.0,0.0,0.5,none,True,True
152349,1.0,0.0,0.5,none,True,True
152350,1.0,0.0,0.5,none,True,True
152351,1.0,0.0,0.5,none,True,True
152352,1.0,0.0,0.5,none,True,True
152353,1.0,0.0,0.5,none,True,True
152354,1.0,0.0,0.5,none,True,True
152355,1.0,0.0,0.5,none,True,True
152356,1.0,0.0,0.5,none,True,True
152357,1.0,0.0,0.5,none,True,True
152358,1.0,0.0,0.5,none,True,True
152359,1.0,0.0,0.5,none,True,True
152360,1.0,0.0,0.5,none,True,True
152361,1.0,0.0,0.5,none,True,True
152362,1.0,0.0,0.5,none,True,True
152363,1.0,0.0,0.5,none,True,True
152364,1.0,0.0,0.5,none,True,True
152365,1.0,0.0,0.5,none,True,True
152366,1.0,0.0,0.5,none,True,True
152367,1.0,0.0,0.5,none,True,True
152368,1.0,0.0,0.5,none,True,True
152369,1.0,0.0,0.5,none,True,True
152370,1.0,0.0,0.5,none,True,True
152371,1.0,0.0,0.5,none,True,True
152372,1.0,0.0,0.5,none,True,True
152373,1.0,0.0,0.5,none,True,True
152374,1.0,0.0,0.5,none,True,True
152375,1.0,0.0,0.5,none,True,True
152376,1.0,0.0,0.5,none,True,True
152377,1.0,0.0,0.5,none,True,True
152378,1.0,0.0,0.5,none,True,True
152379,1.0,0.0,0.5,none,True,True
152380,1.0,0.0,0.5,none,True,True
152381,1.0,0.0,0.5,none,True,True
152382,1.0,0.0,0.5,none,True,True
152383,1.0,0.0,0.5,none,True,True
152384,1.0,0.0,0.5,none,True,True
152385,1.0,0.0,0.5,none,True,True
152386,1.0,0.0,0.5,none,True,True
152387,1.0,0.0,0.5,none,True,True
152388,1.0,0.0,0.5,none,True,True
152389,1.0,0.0,0.5,none,True,True
152390,1.0,0.0,0.5,none,True,True
152391,1.0,0.0,0.5,none,True,True
152392,1.0,0.0,0.5,none,True,True
152393,1.0,0.0,0.5,none,True,True
152394,1.0,0.0,0.5,none,True,True
152395,1.0,0.0,0.5,none,True,True
152396,1.0,0.0,0.5,none,True,True
152397,1.0,0.0,0.5,none,True,True
152398,1.0,0.0,0.5,none,True,True
152399,1.0,0.0,0.5,none,True,True
152400,1.0,0.0,0.5,none,True,True
152401,1.0,0.0,0.5,none,True,True
152402,1.0,0.0,0.5,none,True,True
152403,1.0,0.0,0.5,none,True,True
152404,1.0,0.0,0.5,none,True,True
152405,1.0,0.0,0.5,none,True,True
152406,1.0,0.0,0.5,none,True,True
152407,1.0,0.0,0.5,none,True,True
152408,1.0,0.0,0.5,none,True,True
152409,1.0,0.0,0.5,none,True,True
152410,1.0,0.0,0.5,none,True,True
152411,1.0,0.0,0.5,none,True,True
152412,1.0,0.0,0.5,none,True,True
152413,1.0,0.0,0.5,none,True,True
152414,1.0,0.0,0.5,none,True,True
152415,1.0,0.0,0.5,none,True,True
152416,1.0,0.0,0.5,none,True,True
152417,1.0,0.0,0.5,none,True,True
152418,1.0,0.0,0.5,none,True,True
152419,1.0,0.0,0.5,none,True,True
152420,1.0,0.0,0.5,none,True,True
152421,1.0,0.0,0.5,none,True,True
152422,1.0,0.0,0.5,none,True,True
152423,1.0,0.0,0.5,none,True,True
152424,1.0,0.0,0.5,none,True,True
152425,1.0,0.0,0.5,none,True,True
152426,1.0,0.0,0.5,none,True,True
152427,1.0,0.0,0.5,none,True,True
152428,1.0,0.0,0.5,none,True,True
152429,1.0,0.0,0.5,none,True,True
152430,1.0,0.0,0.5,none,True,True
152431,1.0,0.0,0.5,none,True,True
152432,1.0,0.0,0.5,none,True,True
152433,1.0,0.0,0.5,none,True,True
152434,1.0,0.0,0.5,none,True,True
152435,1.0,0.0,0.5,none,True,True
152436,1.0,0.0,0.5,none,True,True
152437,1.0,0.0,0.5,none,True,True
152438,1.0,0.0,0.5,none,True,True
152439,1.0,0.0,0.5,none,True,True
152440,1.0,0.0,0.5,none,True,True
152441,1.0,0.0,0.5,none,True,True
152442,1.0,0.0,0.5,none,True,True
152443,1.0,0.0,0.5,none,True,True
152444,1.0,0.0,0.5,none,True,True
152445,1.0,0.0,0.5,none,True,True
152446,1.0,0.0,0.5,none,True,True
152447,1.0,0.0,0.5,none,True,True
152448,1.0,0.0,0.5,none,True,True
152449,1.0,0.0,0.5,none,True,True
152450,1.0,0.0,0.5,none,True,True
152451,1.0,0.0,0.5,none,True,True
152452,1.0,0.0,0.5,none,True,True
152453,1.0,0.0,0.5,none,True,True
152454,1.0,0.0,0.5,none,True,True
152455,1.0,0.0,0.5,none,True,True
152456,1.0,0.0,0.5,none,True,True
152457,1.0,0.0,0.5,none,True,True
152458,1.0,0.0,0.5,none,True,True
152459,1.0,0.0,0.5,none,True,True
152460,1.0,0.0,0.5,none,True,True
152461,1.0,0.0,0.5,none,True,True
152462,1.0,0.0,0.5,none,True,True
152463,1.0,0.0,0.5,none,True,True
152464,1.0,0.0,0.5,none,True,True
152465,1.0,0.0,0.5,none,True,True
152466,1.0,0.0,0.5,none,True,True
152467,1.0,0.0,0.5,none,True,True
152468,1.0,0.0,0.5,none,True,True
152469,1.0,0.0,0.5,none,True,True
152470,1.0,0.0,0.5,none,True,True
152471,1.0,0.0,0.5,none,True,True
152472,1.0,0.0,0.5,none,True,True
152473,1.0,0.0,0.5,none,True,True
152474,1.0,0.0,0.5,none,True,True
152475,1.0,0.0,0.5,none,True,True
152476,1.0,0.0,0.5,none,True,True
152477,1.0,0.0,0.5,none,True,True
152478,1.0,0.0,0.5,none,True,True
152479,1.0,0.0,0.5,none,True,True
152480,1.0,0.0,0.5,none,True,True
152481,1.0,0.0,0.5,none,True,True
152482,1.0,0.0,0.5,none,True,True
152483,1.0,0.0,0.5,none,True,True
152484,1.0,0.0,0.5,none,True,True
152485,1.0,0.0,0.5,none,True,True
152486,1.0,0.0,0.5,none,True,True
152487,1.0,0.0,0.5,none,True,True
152488,1.0,0.0,0.5,none,True,True
152489,1.0,0.0,0.5,none,True,True
152490,1.0,0.0,0.5,none,True,True
152491,1.0,0.0,0.5,none,True,True
152492,1.0,0.0,0.5,none,True,True
152493,1.0,0.0,0.5,none,True,True
152494,1.0,0.0,0.5,none,True,True
152495,1.0,0.0,0.5,none,True,True
152496,1.0,0.0,0.5,none,True,True
152497,1.0,0.0,0.5,none,True,True
152498,1.0,0.0,0.5,none,True,True
152499,1.0,0.0,0.5,none,True,True
152500,1.0,0.0,0.5,none,True,True
152501,1.0,0.0,0.5,none,True,True
152502,1.0,0.0,0.5,none,True,True
152503,1.0,0.0,0.5,none,True,True
152504,1.0,0.0,0.5,none,True,True
152505,1.0,0.0,0.5,none,True,True
152506,1.0,0.0,0.5,none,True,True
152507,1.0,0.0,0.5,none,True,True
152508,1.0,0.0,0.5,none,True,True
152509,1.0,0.0,0.5,none,True,True
152510,1.0,0.0,0.5,none,True,True
152511,1.0,0.0,0.5,none,True,True
152512,1.0,0.0,0.5,none,True,True
152513,1.0,0.0,0.5,none,True,True
152514,1.0,0.0,0.5,none,True,True
152515,1.0,0.0,0.5,none,True,True
152516,1.0,0.0,0.5,none,True,True
152517,1.0,0.0,0.5,none,True,True
152518,1.0,0.0,0.5,none,True,True
152519,1.0,0.0,0.5,none,True,True
152520,1.0,0.0,0.5,none,True,True
152521,1.0,0.0,0.5,none,True,True
152522,1.0,0.0,0.5,none,True,True
152523,1.0,0.0,0.5,none,True,True
152524,1.0,0.0,0.5,none,True,True
152525,1.0,0.0,0.5,none,True,True
152526,1.0,0.0,0.5,none,True,True
152527,1.0,0.0,0.5,none,True,True
152528,1.0,0.0,0.5,none,True,True
152529,1.0,0.0,0.5,none,True,True
152530,1.0,0.0,0.5,none,True,True
152531,1.0,0.0,0.5,none,True,True
152532,1.0,0.0,0.5,none,True,True
152533,1.0,0.0,0.5,none,True,True
152534,1.0,0.0,0.5,none,True,True
152535,1.0,0.0,0.5,none,True,True
152536,1.0,0.0,0.5,none,True,True
152537,1.0,0.0,0.5,none,True,True
152538,1.0,0.0,0.5,none,True,True
152539,1.0,0.0,0.5,none,True,True
152540,1.0,0.0,0.5,none,True,True
152541,1.0,0.0,0.5,none,True,True
152542,1.0,0.0,0.5,none,True,True
152543,1.0,0.0,0.5,none,True,True
152544,1.0,0.0,0.5,none,True,True
152545,1.0,0.0,0.5,none,True,True
152546,1.0,0.0,0.5,none,True,True
152547,1.0,0.0,0.5,none,True,True
152548,1.0,0.0,0.5,none,True,True
152549,1.0,0.0,0.5,none,True,True
152550,1.0,0.0,0.5,none,True,True
152551,1.0,0.0,0.5,none,True,True
152552,1.0,0.0,0.5,none,True,True
152553,1.0,0.0,0.5,none,True,True
152554,1.0,0.0,0.5,none,True,True
152555,1.0,0.0,0.5,none,True,True
152556,1.0,0.0,0.5,none,True,True
152557,1.0,0.0,0.5,none,True,True
152558,1.0,0.0,0.5,none,True,True
152559,1.0,0.0,0.5,none,True,True
152560,1.0,0.0,0.5,none,True,True
152561,1.0,0.0,0.5,none,True,True
152562,1.0,0.0,0.5,none,True,True
152563,1.0,0.0,0.5,none,True,True
152564,1.0,0.0,0.5,none,True,True
152565,1.0,0.0,0.5,none,True,True
152566,1.0,0.0,0.5,none,True,True
152567,1.0,0.0,0.5,none,True,True
152568,1.0,0.0,0.5,none,True,True
152569,1.0,0.0,0.5,none,True,True
152570,1.0,0.0,0.5,none,True,True
152571,1.0,0.0,0.5,none,True,True
152572,1.0,0.0,0.5,none,True,True
152573,1.0,0.0,0.5,none,True,True
152574,1.0,0.0,0.5,none,True,True
152575,1.0,0.0,0.5,none,True,True
152576,1.0,0.0,0.5,none,True,True
152577,1.0,0.0,0.5,none,True,True
152578,1.0,0.0,0.5,none,True,True
152579,1.0,0.0,0.5,none,True,True
152580,1.0,0.0,0.5,none,True,True
152581,1.0,0.0,0.5,none,True,True
152582,1.0,0.0,0.5,none,True,True
152583,1.0,0.0,0.5,none,True,True
152584,1.0,0.0,0.5,none,True,True
152585,1.0,0.0,0.5,none,True,True
152586,1.0,0.0,0.5,none,True,True
152587,1.0,0.0,0.5,none,True,True
152588,1.0,0.0,0.5,none,True,True
152589,1.0,0.0,0.5,none,True,True
152590,1.0,0.0,0.5,none,True,True
152591,1.0,0.0,0.5,none,True,True
152592,1.0,0.0,0.5,none,True,True
152593,1.0,0.0,0.5,none,True,True
152594,1.0,0.0,0.5,none,True,True
152595,1.0,0.0,0.5,none,True,True
152596,1.0,0.0,0.5,none,True,True
152597,1.0,0.0,0.5,none,True,True
152598,1.0,0.0,0.5,none,True,True
152599,1.0,0.0,0.5,none,True,True
152600,1.0,0.0061,0.5,none,True,True
152601,1.0,0.0357,0.5,none,True,True
152602,1.0,0.0812,0.5,none,True,True
152603,1.0,0.1113,0.5,none,True,True
152604,1.0,0.1253,0.5,none,True,True
152605,1.0,0.1408,0.5,none,True,True
152606,1.0,0.0907,0.5,none,True,True
152607,1.0,0.1198,0.5,none,True,True
152608,1.0,0.0467,0.5,none,True,True
152609,1.0,0.0522,0.5,none,True,True
152610,1.0,0.0405,0.5,none,True,True
152611,1.0,0.0313,0.5,none,True,True
152612,1.0,0.0083,0.5,none,True,True
152613,1.0,0.0726,0.5,none,True,True
152614,1.0,0.0793,0.5,none,True,True
152615,1.0,0.0581,0.5,none,True,True
152616,1.0,0.0955,0.5,none,True,True
152617,1.0,0.0839,0.5,none,True,True
152618,1.0,0.0648,0.5,none,True,True
152619,1.0,0.0718,0.5,none,True,True
152620,1.0,0.0589,0.5,none,True,True
152621,1.0,0.0403,0.5,none,True,True
152622,1.0,0.0327,0.5,none,True,True
152623,1.0,0.0277,0.5,none,True,True
152624,1.0,0.017,0.5,none,True,True
152625,1.0,0.0102,0.5,none,True,True
152626,1.0,0.0099,0.5,none,True,True
152627,1.0,0.008,0.5,none,True,True
152628,1.0,0.005,0.5,none,True,True
152629,1.0,0.0063,0.5,none,True,True
152630,1.0,0.009,0.5,none,True,True
152631,1.0,0.0096,0.5,none,True,True
152632,1.0,0.0108,0.5,none,True,True
152633,1.0,0.014,0.5,none,True,True
152634,1.0,0.0161,0.5,none,True,True
152635,1.0,0.0167,0.5,none,True,True
152636,1.0,0.0182,0.5,none,True,True
152637,1.0,0.0196,0.5,none,True,True
152638,1.0,0.0197,0.5,none,True,True
152639,1.0,0.0193,0.5,none,True,True
152640,1.0,0.0193,0.5,none,True,True
152641,1.0,0.0187,0.5,none,True,True
152642,1.0,0.0174,0.5,none,True,True
152643,1.0,0.0163,0.5,none,True,True
152644,1.0,0.0152,0.5,none,True,True
152645,1.0,0.0138,0.5,none,True,True
152646,1.0,0.0123,0.5,none,True,True
152647,1.0,0.0111,0.5,none,True,True
152648,1.0,0.01,0.5,none,True,True
152649,1.0,0.0088,0.5,none,True,True
152650,1.0,0.0078,0.5,none,True,True
152651,1.0,0.0071,0.5,none,True,True
152652,1.0,0.0064,0.5,none,True,True
152653,1.0,0.0057,0.5,none,True,True
152654,1.0,0.0053,0.5,none,True,True
152655,1.0,0.005,0.5,none,True,True
152656,1.0,0.0047,0.5,none,True,True
152657,1.0,0.0045,0.5,none,True,True
152658,1.0,0.0044,0.5,none,True,True
152659,1.0,0.0043,0.5,none,True,True
152660,1.0,0.0042,0.5,none,True,True
152661,1.0,0.0041,0.5,none,True,True
152662,1.0,0.004,0.5,none,True,True
152663,1.0,0.0039,0.5,none,True,True
152664,1.0,0.0038,0.5,none,True,True
152665,1.0,0.0037,0.5,none,True,True
152666,1.0,0.0035,0.5,none,True,True
152667,1.0,0.0033,0.5,none,True,True
152668,1.0,0.0032,0.5,none,True,True
152669,1.0,0.003,0.5,none,True,True
152670,1.0,0.0028,0.5,none,True,True
152671,1.0,0.0026,0.5,none,True,True
152672,1.0,0.0024,0.5,none,True,True
152673,1.0,0.0023,0.5,none,True,True
152674,1.0,0.0021,0.5,none,True,True
152675,1.0,0.0019,0.5,none,True,True
152676,1.0,0.0018,0.5,none,True,True
152677,1.0,0.0017,0.5,none,True,True
152678,1.0,0.0015,0.5,none,True,True
152679,1.0,0.0014,0.5,none,True,True
152680,1.0,0.0013,0.5,none,True,True
152681,1.0,0.0013,0.5,none,True,True
152682,1.0,0.0012,0.5,none,True,True
152683,1.0,0.0011,0.5,none,True,True
152684,1.0,0.0011,0.5,none,True,True
152685,1.0,0.001,0.5,none,True,True
152686,1.0,0.001,0.5,none,True,True
152687,1.0,0.0009,0.5,none,True,True
152688,1.0,0.0009,0.5,none,True,True
152689,1.0,0.0008,0.5,none,True,True
152690,1.0,0.0008,0.5,none,True,True
152691,1.0,0.0008,0.5,none,True,True
152692,1.0,0.0007,0.5,none,True,True
152693,1.0,0.0007,0.5,none,True,True
152694,1.0,0.0006,0.5,none,True,True
152695,1.0,0.0006,0.5,none,True,True
152696,1.0,0.0006,0.5,none,True,True
152697,1.0,0.0005,0.5,none,True,True
152698,1.0,0.0005,0.5,none,True,True
152699,1.0,0.0005,0.5,none,True,True
152700,1.0,0.0004,0.5,none,True,True
152701,1.0,0.0004,0.5,none,True,True
152702,1.0,0.0004,0.5,none,True,True
152703,1.0,0.0004,0.5,none,True,True
152704,1.0,0.0003,0.5,none,True,True
152705,1.0,0.0003,0.5,none,True,True
152706,1.0,0.0003,0.5,none,True,True
152707,1.0,0.0003,0.5,none,True,True
152708,1.0,0.0003,0.5,none,True,True
152709,1.0,0.0003,0.5,none,True,True
152710,1.0,0.0002,0.5,none,True,True
152711,1.0,0.0002,0.5,none,True,True
152712,1.0,0.0002,0.5,none,True,True
152713,1.0,0.0002,0.5,none,True,True
152714,1.0,0.0002,0.5,none,True,True
152715,1.0,0.0002,0.5,none,True,True
152716,1.0,0.0002,0.5,none,True,True
152717,1.0,0.0002,0.5,none,True,True
152718,1.0,0.0002,0.5,none,True,True
152719,1.0,0.0001,0.5,none,True,True
152720,1.0,0.0001,0.5,none,True,True
152721,1.0,0.0001,0.5,none,True,True
152722,1.0,0.0001,0.5,none,True,True
152723,1.0,0.0001,0.5,none,True,True
152724,1.0,0.0001,0.5,none,True,True
152725,1.0,0.0001,0.5,none,True,True
152726,1.0,0.0001,0.5,none,True,True
152727,1.0,0.0001,0.5,none,True,True
152728,1.0,0.0001,0.5,none,True,True
152729,1.0,0.0001,0.5,none,True,True
152730,1.0,0.0001,0.5,none,True,True
152731,1.0,0.0001,0.5,none,True,True
152732,1.0,0.0001,0.5,none,True,True
152733,1.0,0.0001,0.5,none,True,True
152734,1.0,0.0001,0.5,none,True,True
152735,1.0,0.0001,0.5,none,True,True
152736,1.0,0.0001,0.5,none,True,True
152737,1.0,0.0,0.5,none,True,True
152738,1.0,0.0,0.5,none,True,True
152739,1.0,0.0,0.5,none,True,True
152740,1.0,0.0,0.5,none,True,True
152741,1.0,0.0,0.5,none,True,True
152742,1.0,0.0,0.5,none,True,True
152743,1.0,0.0,0.5,none,True,True
152744,1.0,0.0,0.5,none,True,True
152745,1.0,0.0,0.5,none,True,True
152746,1.0,0.0,0.5,none,True,True
152747,1.0,0.0,0.5,none,True,True
152748,1.0,0.0,0.5,none,True,True
152749,1.0,0.0,0.5,none,True,True
152750,1.0,0.0,0.5,none,True,True
152751,1.0,0.0,0.5,none,True,True
152752,1.0,0.0,0.5,none,True,True
152753,1.0,0.0,0.5,none,True,True
152754,1.0,0.0,0.5,none,True,True
152755,1.0,0.0,0.5,none,True,True
152756,1.0,0.0,0.5,none,True,True
152757,1.0,0.0,0.5,none,True,True
152758,1.0,0.0,0.5,none,True,True
152759,1.0,0.0,0.5,none,True,True
152760,1.0,0.0,0.5,none,True,True
152761,1.0,0.0,0.5,none,True,True
152762,1.0,0.0,0.5,none,True,True
152763,1.0,0.0,0.5,none,True,True
152764,1.0,0.0,0.5,none,True,True
152765,1.0,0.0,0.5,none,True,True
152766,1.0,0.0,0.5,none,True,True
152767,1.0,0.0,0.5,none,True,True
152768,1.0,0.0,0.5,none,True,True
152769,1.0,0.0,0.5,none,True,True
152770,1.0,0.0,0.5,none,True,True
152771,1.0,0.0,0.5,none,True,True
152772,1.0,0.0,0.5,none,True,True
152773,1.0,0.0,0.5,none,True,True
152774,1.0,0.0,0.5,none,True,True
152775,1.0,0.0,0.5,none,True,True
152776,1.0,0.0,0.5,none,True,True
152777,1.0,0.0,0.5,none,True,True
152778,1.0,0.0,0.5,none,True,True
152779,1.0,0.0,0.5,none,True,True
152780,1.0,0.0,0.5,none,True,True
152781,1.0,0.0,0.5,none,True,True
152782,1.0,0.0,0.5,none,True,True
152783,1.0,0.0,0.5,none,True,True
152784,1.0,0.0,0.5,none,True,True
152785,1.0,0.0,0.5,none,True,True
152786,1.0,0.0,0.5,none,True,True
152787,1.0,0.0,0.5,none,True,True
152788,1.0,0.0,0.5,none,True,True
152789,1.0,0.0,0.5,none,True,True
152790,1.0,0.0,0.5,none,True,True
152791,1.0,0.0,0.5,none,True,True
152792,1.0,0.0,0.5,none,True,True
152793,1.0,0.0,0.5,none,True,True
152794,1.0,0.0,0.5,none,True,True
152795,1.0,0.0,0.5,none,True,True
152796,1.0,0.0,0.5,none,True,True
152797,1.0,0.0,0.5,none,True,True
152798,1.0,0.0,0.5,none,True,True
152799,1.0,0.0,0.5,none,True,True
152800,1.0,0.0,0.5,none,True,True
152801,1.0,0.0,0.5,none,True,True
152802,1.0,0.0,0.5,none,True,True
152803,1.0,0.0,0.5,none,True,True
152804,1.0,0.0,0.5,none,True,True
152805,1.0,0.0,0.5,none,True,True
152806,1.0,0.0,0.5,none,True,True
152807,1.0,0.0,0.5,none,True,True
152808,1.0,0.0,0.5,none,True,True
152809,1.0,0.0,0.5,none,True,True
152810,1.0,0.0,0.5,none,True,True
152811,1.0,0.0,0.5,none,True,True
152812,1.0,0.0,0.5,none,True,True
152813,1.0,0.0,0.5,none,True,True
152814,1.0,0.0,0.5,none,True,True
152815,1.0,0.0,0.5,none,True,True
152816,1.0,0.0,0.5,none,True,True
152817,1.0,0.0,0.5,none,True,True
152818,1.0,0.0,0.5,none,True,True
152819,1.0,0.0,0.5,none,True,True
152820,1.0,0.0,0.5,none,True,True
152821,1.0,0.0,0.5,none,True,True
152822,1.0,0.0,0.5,none,True,True
152823,1.0,0.0,0.5,none,True,True
152824,1.0,0.0,0.5,none,True,True
152825,1.0,0.0,0.5,none,True,True
152826,1.0,0.0,0.5,none,True,True
152827,1.0,0.0,0.5,none,True,True
152828,1.0,0.0,0.5,none,True,True
152829,1.0,0.0,0.5,none,True,True
152830,1.0,0.0,0.5,none,True,True
152831,1.0,0.0,0.5,none,True,True
152832,1.0,0.0,0.5,none,True,True
152833,1.0,0.0,0.5,none,True,True
152834,1.0,0.0,0.5,none,True,True
152835,1.0,0.0,0.5,none,True,True
152836,1.0,0.0,0.5,none,True,True
152837,1.0,0.0,0.5,none,True,True
152838,1.0,0.0,0.5,none,True,True
152839,1.0,0.0,0.5,none,True,True
152840,1.0,0.0,0.5,none,True,True
152841,1.0,0.0,0.5,none,True,True
152842,1.0,0.0,0.5,none,True,True
152843,1.0,0.0,0.5,none,True,True
152844,1.0,0.0,0.5,none,True,True
152845,1.0,0.0,0.5,none,True,True
152846,1.0,0.0,0.5,none,True,True
152847,1.0,0.0,0.5,none,True,True
152848,1.0,0.0,0.5,none,True,True
152849,1.0,0.0,0.5,none,True,True
152850,1.0,0.0,0.5,none,True,True
152851,1.0,0.0,0.5,none,True,True
152852,1.0,0.0,0.5,none,True,True
152853,1.0,0.0,0.5,none,True,True
152854,1.0,0.0,0.5,none,True,True
152855,1.0,0.0,0.5,none,True,True
152856,1.0,0.0,0.5,none,True,True
152857,1.0,0.0,0.5,none,True,True
152858,1.0,0.0,0.5,none,True,True
152859,1.0,0.0,0.5,none,True,True
152860,1.0,0.0,0.5,none,True,True
152861,1.0,0.0,0.5,none,True,True
152862,1.0,0.0,0.5,none,True,True
152863,1.0,0.0,0.5,none,True,True
152864,1.0,0.0,0.5,none,True,True
152865,1.0,0.0,0.5,none,True,True
152866,1.0,0.0,0.5,none,True,True
152867,1.0,0.0,0.5,none,True,True
152868,1.0,0.0,0.5,none,True,True
152869,1.0,0.0,0.5,none,True,True
152870,1.0,0.0,0.5,none,True,True
152871,1.0,0.0,0.5,none,True,True
152872,1.0,0.0,0.5,none,True,True
152873,1.0,0.0,0.5,none,True,True
152874,1.0,0.0,0.5,none,True,True
152875,1.0,0.0,0.5,none,True,True
152876,1.0,0.0,0.5,none,True,True
152877,1.0,0.0,0.5,none,True,True
152878,1.0,0.0,0.5,none,True,True
152879,1.0,0.0,0.5,none,True,True
152880,1.0,0.0,0.5,none,True,True
152881,1.0,0.0,0.5,none,True,True
152882,1.0,0.0,0.5,none,True,True
152883,1.0,0.0,0.5,none,True,True
152884,1.0,0.0,0.5,none,True,True
152885,1.0,0.0,0.5,none,True,True
152886,1.0,0.0,0.5,none,True,True
152887,1.0,0.0,0.5,none,True,True
152888,1.0,0.0,0.5,none,True,True
152889,1.0,0.0,0.5,none,True,True
152890,1.0,0.0,0.5,none,True,True
152891,1.0,0.0,0.5,none,True,True
152892,1.0,0.0,0.5,none,True,True
152893,1.0,0.0,0.5,none,True,True
152894,1.0,0.0,0.5,none,True,True
152895,1.0,0.0,0.5,none,True,True
152896,1.0,0.0,0.5,none,True,True
152897,1.0,0.0,0.5,none,True,True
152898,1.0,0.0,0.5,none,True,True
152899,1.0,0.0,0.5,none,True,True
152900,1.0,0.0,0.5,none,True,True
152901,1.0,0.0,0.5,none,True,True
152902,1.0,0.0,0.5,none,True,True
152903,1.0,0.0,0.5,none,True,True
152904,1.0,0.0,0.5,none,True,True
152905,1.0,0.0,0.5,none,True,True
152906,1.0,0.0,0.5,none,True,True
152907,1.0,0.0,0.5,none,True,True
152908,1.0,0.0,0.5,none,True,True
152909,1.0,0.0,0.5,none,True,True
152910,1.0,0.0,0.5,none,True,True
152911,1.0,0.0,0.5,none,True,True
152912,1.0,0.0,0.5,none,True,True
152913,1.0,0.0,0.5,none,True,True
152914,1.0,0.0,0.5,none,True,True
152915,1.0,0.0,0.5,none,True,True
152916,1.0,0.0,0.5,none,True,True
152917,1.0,0.0,0.5,none,True,True
152918,1.0,0.0,0.5,none,True,True
152919,1.0,0.0,0.5,none,True,True
152920,1.0,0.0,0.5,none,True,True
152921,1.0,0.0,0.5,none,True,True
152922,1.0,0.0,0.5,none,True,True
152923,1.0,0.0,0.5,none,True,True
152924,1.0,0.0,0.5,none,True,True
152925,1.0,0.0,0.5,none,True,True
152926,1.0,0.0,0.5,none,True,True
152927,1.0,0.0,0.5,none,True,True
152928,1.0,0.0,0.5,none,True,True
152929,1.0,0.0,0.5,none,True,True
152930,1.0,0.0,0.5,none,True,True
152931,1.0,0.0,0.5,none,True,True
152932,1.0,0.0,0.5,none,True,True
152933,1.0,0.0,0.5,none,True,True
152934,1.0,0.0,0.5,none,True,True
152935,1.0,0.0,0.5,none,True,True
152936,1.0,0.0,0.5,none,True,True
152937,1.0,0.0,0.5,none,True,True
152938,1.0,0.0,0.5,none,True,True
152939,1.0,0.0,0.5,none,True,True
152940,1.0,0.0,0.5,none,True,True
152941,1.0,0.0,0.5,none,True,True
152942,1.0,0.0,0.5,none,True,True
152943,1.0,0.0,0.5,none,True,True
152944,1.0,0.0,0.5,none,True,True
152945,1.0,0.0,0.5,none,True,True
152946,1.0,0.0,0.5,none,True,True
152947,1.0,0.0,0.5,none,True,True
152948,1.0,0.0,0.5,none,True,True
152949,1.0,0.0,0.5,none,True,True
152950,1.0,0.0,0.5,none,True,True
152951,1.0,0.0,0.5,none,True,True
152952,1.0,0.0,0.5,none,True,True
152953,1.0,0.0,0.5,none,True,True
152954,1.0,0.0,0.5,none,True,True
152955,1.0,0.0,0.5,none,True,True
152956,1.0,0.0,0.5,none,True,True
152957,1.0,0.0,0.5,none,True,True
152958,1.0,0.0,0.5,none,True,True
152959,1.0,0.0,0.5,none,True,True
152960,1.0,0.0,0.5,none,True,True
152961,1.0,0.0,0.5,none,True,True
152962,1.0,0.0,0.5,none,True,True
152963,1.0,0.0,0.5,none,True,True
152964,1.0,0.0,0.5,none,True,True
152965,1.0,0.0,0.5,none,True,True
152966,1.0,0.0,0.5,none,True,True
152967,1.0,0.0,0.5,none,True,True
152968,1.0,0.0,0.5,none,True,True
152969,1.0,0.0,0.5,none,True,True
152970,1.0,0.0,0.5,none,True,True
152971,1.0,0.0,0.5,none,True,True
152972,1.0,0.0,0.5,none,True,True
152973,1.0,0.0,0.5,none,True,True
152974,1.0,0.0,0.5,none,True,True
152975,1.0,0.0,0.5,none,True,True
152976,1.0,0.0,0.5,none,True,True
152977,1.0,0.0,0.5,none,True,True
152978,1.0,0.0,0.5,none,True,True
152979,1.0,0.0,0.5,none,True,True
152980,1.0,0.0,0.5,none,True,True
152981,1.0,0.0,0.5,none,True,True
152982,1.0,0.0,0.5,none,True,True
152983,1.0,0.0,0.5,none,True,True
152984,1.0,0.0,0.5,none,True,True
152985,1.0,0.0,0.5,none,True,True
152986,1.0,0.0,0.5,none,True,True
152987,1.0,0.0,0.5,none,True,True
152988,1.0,0.0,0.5,none,True,True
152989,1.0,0.0,0.5,none,True,True
152990,1.0,0.0,0.5,none,True,True
152991,1.0,0.0,0.5,none,True,True
152992,1.0,0.0,0.5,none,True,True
152993,1.0,0.0,0.5,none,True,True
152994,1.0,0.0,0.5,none,True,True
152995,1.0,0.0,0.5,none,True,True
152996,1.0,0.0,0.5,none,True,True
152997,1.0,0.0,0.5,none,True,True
152998,1.0,0.0,0.5,none,True,True
152999,1.0,0.0,0.5,none,True,True
153000,1.0,0.0,0.5,none,True,True
153001,1.0,0.0,0.5,none,True,True
153002,1.0,0.0,0.5,none,True,True
153003,1.0,0.0,0.5,none,True,True
153004,1.0,0.0,0.5,none,True,True
153005,1.0,0.0,0.5,none,True,True
153006,1.0,0.0,0.5,none,True,True
153007,1.0,0.0,0.5,none,True,True
153008,1.0,0.0,0.5,none,True,True
153009,1.0,0.0,0.5,none,True,True
153010,1.0,0.0,0.5,none,True,True
153011,1.0,0.0,0.5,none,True,True
153012,1.0,0.0,0.5,none,True,True
153013,1.0,0.0,0.5,none,True,True
153014,1.0,0.0,0.5,none,True,True
153015,1.0,0.0,0.5,none,True,True
153016,1.0,0.0,0.5,none,True,True
153017,1.0,0.0,0.5,none,True,True
153018,1.0,0.0,0.5,none,True,True
153019,1.0,0.0,0.5,none,True,True
153020,1.0,0.0,0.5,none,True,True
153021,1.0,0.0,0.5,none,True,True
153022,1.0,0.0,0.5,none,True,True
153023,1.0,0.0,0.5,none,True,True
153024,1.0,0.0,0.5,none,True,True
153025,1.0,0.0,0.5,none,True,True
153026,1.0,0.0,0.5,none,True,True
153027,1.0,0.0,0.5,none,True,True
153028,1.0,0.0,0.5,none,True,True
153029,1.0,0.0,0.5,none,True,True
153030,1.0,0.0,0.5,none,True,True
153031,1.0,0.0,0.5,none,True,True
153032,1.0,0.0,0.5,none,True,True
153033,1.0,0.0,0.5,none,True,True
153034,1.0,0.0,0.5,none,True,True
153035,1.0,0.0,0.5,none,True,True
153036,1.0,0.0,0.5,none,True,True
153037,1.0,0.0,0.5,none,True,True
153038,1.0,0.0,0.5,none,True,True
153039,1.0,0.0,0.5,none,True,True
153040,1.0,0.0,0.5,none,True,True
153041,1.0,0.0,0.5,none,True,True
153042,1.0,0.0,0.5,none,True,True
153043,1.0,0.0,0.5,none,True,True
153044,1.0,0.0,0.5,none,True,True
153045,1.0,0.0,0.5,none,True,True
153046,1.0,0.0,0.5,none,True,True
153047,1.0,0.0,0.5,none,True,True
153048,1.0,0.0,0.5,none,True,True
153049,1.0,0.0,0.5,none,True,True
153050,1.0,0.0,0.5,none,True,True
153051,1.0,0.0,0.5,none,True,True
153052,1.0,0.0,0.5,none,True,True
153053,1.0,0.0,0.5,none,True,True
153054,1.0,0.0,0.5,none,True,True
153055,1.0,0.0,0.5,none,True,True
153056,1.0,0.0,0.5,none,True,True
153057,1.0,0.0,0.5,none,True,True
153058,1.0,0.0,0.5,none,True,True
153059,1.0,0.0,0.5,none,True,True
153060,1.0,0.0,0.5,none,True,True
153061,1.0,0.0,0.5,none,True,True
153062,1.0,0.0,0.5,none,True,True
153063,1.0,0.0,0.5,none,True,True
153064,1.0,0.0,0.5,none,True,True
153065,1.0,0.0,0.5,none,True,True
153066,1.0,0.0,0.5,none,True,True
153067,1.0,0.0,0.5,none,True,True
153068,1.0,0.0,0.5,none,True,True
153069,1.0,0.0,0.5,none,True,True
153070,1.0,0.0,0.5,none,True,True
153071,1.0,0.0,0.5,none,True,True
153072,1.0,0.0,0.5,none,True,True
153073,1.0,0.0,0.5,none,True,True
153074,1.0,0.0,0.5,none,True,True
153075,1.0,0.0,0.5,none,True,True
153076,1.0,0.0,0.5,none,True,True
153077,1.0,0.0,0.5,none,True,True
153078,1.0,0.0,0.5,none,True,True
153079,1.0,0.0,0.5,none,True,True
153080,1.0,0.0,0.5,none,True,True
153081,1.0,0.0,0.5,none,True,True
153082,1.0,0.0,0.5,none,True,True
153083,1.0,0.0,0.5,none,True,True
153084,1.0,0.0,0.5,none,True,True
153085,1.0,0.0,0.5,none,True,True
153086,1.0,0.0,0.5,none,True,True
153087,1.0,0.0,0.5,none,True,True
153088,1.0,0.0,0.5,none,True,True
153089,1.0,0.0,0.5,none,True,True
153090,1.0,0.0,0.5,none,True,True
153091,1.0,0.0,0.5,none,True,True
153092,1.0,0.0,0.5,none,True,True
153093,1.0,0.0,0.5,none,True,True
153094,1.0,0.0,0.5,none,True,True
153095,1.0,0.0,0.5,none,True,True
153096,1.0,0.0,0.5,none,True,True
153097,1.0,0.0,0.5,none,True,True
153098,1.0,0.0,0.5,none,True,True
153099,1.0,0.0,0.5,none,True,True
153100,1.0,0.0,0.5,none,True,True
153101,1.0,0.0,0.5,none,True,True
153102,1.0,0.0,0.5,none,True,True
153103,1.0,0.0,0.5,none,True,True
153104,1.0,0.0,0.5,none,True,True
153105,1.0,0.0,0.5,none,True,True
153106,1.0,0.0,0.5,none,True,True
153107,1.0,0.0,0.5,none,True,True
153108,1.0,0.0,0.5,none,True,True
153109,1.0,0.0,0.5,none,True,True
153110,1.0,0.0,0.5,none,True,True
153111,1.0,0.0,0.5,none,True,True
153112,1.0,0.0,0.5,none,True,True
153113,1.0,0.0,0.5,none,True,True
153114,1.0,0.0,0.5,none,True,True
153115,1.0,0.0,0.5,none,True,True
153116,1.0,0.0,0.5,none,True,True
153117,1.0,0.0,0.5,none,True,True
153118,1.0,0.0,0.5,none,True,True
153119,1.0,0.0,0.5,none,True,True
153120,1.0,0.0,0.5,none,True,True
153121,1.0,0.0,0.5,none,True,True
153122,1.0,0.0,0.5,none,True,True
153123,1.0,0.0,0.5,none,True,True
153124,1.0,0.0,0.5,none,True,True
153125,1.0,0.0,0.5,none,True,True
153126,1.0,0.0,0.5,none,True,True
153127,1.0,0.0,0.5,none,True,True
153128,1.0,0.0,0.5,none,True,True
153129,1.0,0.0,0.5,none,True,True
153130,1.0,0.0,0.5,none,True,True
153131,1.0,0.0,0.5,none,True,True
153132,1.0,0.0,0.5,none,True,True
153133,1.0,0.0,0.5,none,True,True
153134,1.0,0.0,0.5,none,True,True
153135,1.0,0.0,0.5,none,True,True
153136,1.0,0.0,0.5,none,True,True
153137,1.0,0.0,0.5,none,True,True
153138,1.0,0.0,0.5,none,True,True
153139,1.0,0.0,0.5,none,True,True
153140,1.0,0.0,0.5,none,True,True
153141,1.0,0.0,0.5,none,True,True
153142,1.0,0.0,0.5,none,True,True
153143,1.0,0.0,0.5,none,True,True
153144,1.0,0.0,0.5,none,True,True
153145,1.0,0.0,0.5,none,True,True
153146,1.0,0.0,0.5,none,True,True
153147,1.0,0.0,0.5,none,True,True
153148,1.0,0.0,0.5,none,True,True
153149,1.0,0.0,0.5,none,True,True
153150,1.0,0.0,0.5,none,True,True
153151,1.0,0.0,0.5,none,True,True
153152,1.0,0.0,0.5,none,True,True
153153,1.0,0.0,0.5,none,True,True
153154,1.0,0.0,0.5,none,True,True
153155,1.0,0.0,0.5,none,True,True
153156,1.0,0.0,0.5,none,True,True
153157,1.0,0.0,0.5,none,True,True
153158,1.0,0.0,0.5,none,True,True
153159,1.0,0.0,0.5,none,True,True
153160,1.0,0.0,0.5,none,True,True
153161,1.0,0.0,0.5,none,True,True
153162,1.0,0.0,0.5,none,True,True
153163,1.0,0.0,0.5,none,True,True
153164,1.0,0.0,0.5,none,True,True
153165,1.0,0.0,0.5,none,True,True
153166,1.0,0.0,0.5,none,True,True
153167,1.0,0.0,0.5,none,True,True
153168,1.0,0.0,0.5,none,True,True
153169,1.0,0.0,0.5,none,True,True
153170,1.0,0.0,0.5,none,True,True
153171,1.0,0.0,0.5,none,True,True
153172,1.0,0.0,0.5,none,True,True
153173,1.0,0.0,0.5,none,True,True
153174,1.0,0.0,0.5,none,True,True
153175,1.0,0.0,0.5,none,True,True
153176,1.0,0.0,0.5,none,True,True
153177,1.0,0.0,0.5,none,True,True
153178,1.0,0.0,0.5,none,True,True
153179,1.0,0.0,0.5,none,True,True
153180,1.0,0.0,0.5,none,True,True
153181,1.0,0.0,0.5,none,True,True
153182,1.0,0.0,0.5,none,True,True
153183,1.0,0.0,0.5,none,True,True
153184,1.0,0.0,0.5,none,True,True
153185,1.0,0.0,0.5,none,True,True
153186,1.0,0.0,0.5,none,True,True
153187,1.0,0.0,0.5,none,True,True
153188,1.0,0.0,0.5,none,True,True
153189,1.0,0.0,0.5,none,True,True
153190,1.0,0.0,0.5,none,True,True
153191,1.0,0.0,0.5,none,True,True
153192,1.0,0.0,0.5,none,True,True
153193,1.0,0.0,0.5,none,True,True
153194,1.0,0.0,0.5,none,True,True
153195,1.0,0.0,0.5,none,True,True
153196,1.0,0.0,0.5,none,True,True
153197,1.0,0.0,0.5,none,True,True
153198,1.0,0.0,0.5,none,True,True
153199,1.0,0.0,0.5,none,True,True
153200,1.0,0.0,0.5,none,True,True
153201,1.0,0.0,0.5,none,True,True
153202,1.0,0.0,0.5,none,True,True
153203,1.0,0.0,0.5,none,True,True
153204,1.0,0.0,0.5,none,True,True
153205,1.0,0.0,0.5,none,True,True
153206,1.0,0.0,0.5,none,True,True
153207,1.0,0.0,0.5,none,True,True
153208,1.0,0.0,0.5,none,True,True
153209,1.0,0.0,0.5,none,True,True
153210,1.0,0.0,0.5,none,True,True
153211,1.0,0.0,0.5,none,True,True
153212,1.0,0.0,0.5,none,True,True
153213,1.0,0.0,0.5,none,True,True
153214,1.0,0.0,0.5,none,True,True
153215,1.0,0.0,0.5,none,True,True
153216,1.0,0.0,0.5,none,True,True
153217,1.0,0.0,0.5,none,True,True
153218,1.0,0.0,0.5,none,True,True
153219,1.0,0.0,0.5,none,True,True
153220,1.0,0.0,0.5,none,True,True
153221,1.0,0.0,0.5,none,True,True
153222,1.0,0.0,0.5,none,True,True
153223,1.0,0.0,0.5,none,True,True
153224,1.0,0.0,0.5,none,True,True
153225,1.0,0.0,0.5,none,True,True
153226,1.0,0.0,0.5,none,True,True
153227,1.0,0.0,0.5,none,True,True
153228,1.0,0.0,0.5,none,True,True
153229,1.0,0.0,0.5,none,True,True
153230,1.0,0.0,0.5,none,True,True
153231,1.0,0.0,0.5,none,True,True
153232,1.0,0.0,0.5,none,True,True
153233,1.0,0.0,0.5,none,True,True
153234,1.0,0.0,0.5,none,True,True
153235,1.0,0.0,0.5,none,True,True
153236,1.0,0.0,0.5,none,True,True
153237,1.0,0.0,0.5,none,True,True
153238,1.0,0.0,0.5,none,True,True
153239,1.0,0.0,0.5,none,True,True
153240,1.0,0.0,0.5,none,True,True
153241,1.0,0.0,0.5,none,True,True
153242,1.0,0.0,0.5,none,True,True
153243,1.0,0.0,0.5,none,True,True
153244,1.0,0.0,0.5,none,True,True
153245,1.0,0.0,0.5,none,True,True
153246,1.0,0.0,0.5,none,True,True
153247,1.0,0.0,0.5,none,True,True
153248,1.0,0.0,0.5,none,True,True
153249,1.0,0.0,0.5,none,True,True
153250,1.0,0.0,0.5,none,True,True
153251,1.0,0.0,0.5,none,True,True
153252,1.0,0.0,0.5,none,True,True
153253,1.0,0.0,0.5,none,True,True
153254,1.0,0.0,0.5,none,True,True
153255,1.0,0.0,0.5,none,True,True
153256,1.0,0.0,0.5,none,True,True
153257,1.0,0.0,0.5,none,True,True
153258,1.0,0.0,0.5,none,True,True
153259,1.0,0.0,0.5,none,True,True
153260,1.0,0.0,0.5,none,True,True
153261,1.0,0.0,0.5,none,True,True
153262,1.0,0.0,0.5,none,True,True
153263,1.0,0.0,0.5,none,True,True
153264,1.0,0.0,0.5,none,True,True
153265,1.0,0.0,0.5,none,True,True
153266,1.0,0.0,0.5,none,True,True
153267,1.0,0.0,0.5,none,True,True
153268,1.0,0.0,0.5,none,True,True
153269,1.0,0.0,0.5,none,True,True
153270,1.0,0.0,0.5,none,True,True
153271,1.0,0.0,0.5,none,True,True
153272,1.0,0.0,0.5,none,True,True
153273,1.0,0.0,0.5,none,True,True
153274,1.0,0.0,0.5,none,True,True
153275,1.0,0.0,0.5,none,True,True
153276,1.0,0.0,0.5,none,True,True
153277,1.0,0.0,0.5,none,True,True
153278,1.0,0.0,0.5,none,True,True
153279,1.0,0.0,0.5,none,True,True
153280,1.0,0.0,0.5,none,True,True
153281,1.0,0.0,0.5,none,True,True
153282,1.0,0.0,0.5,none,True,True
153283,1.0,0.0,0.5,none,True,True
153284,1.0,0.0,0.5,none,True,True
153285,1.0,0.0,0.5,none,True,True
153286,1.0,0.0,0.5,none,True,True
153287,1.0,0.0,0.5,none,True,True
153288,1.0,0.0,0.5,none,True,True
153289,1.0,0.0,0.5,none,True,True
153290,1.0,0.0,0.5,none,True,True
153291,1.0,0.0,0.5,none,True,True
153292,1.0,0.0,0.5,none,True,True
153293,1.0,0.0,0.5,none,True,True
153294,1.0,0.0,0.5,none,True,True
153295,1.0,0.0,0.5,none,True,True
153296,1.0,0.0,0.5,none,True,True
153297,1.0,0.0,0.5,none,True,True
153298,1.0,0.0,0.5,none,True,True
153299,1.0,0.0,0.5,none,True,True
153300,1.0,0.0061,0.5,none,True,True
153301,1.0,0.0357,0.5,none,True,True
153302,1.0,0.0812,0.5,none,True,True
153303,1.0,0.1113,0.5,none,True,True
153304,1.0,0.1253,0.5,none,True,True
153305,1.0,0.1408,0.5,none,True,True
153306,1.0,0.0907,0.5,none,True,True
153307,1.0,0.1198,0.5,none,True,True
153308,1.0,0.0467,0.5,none,True,True
153309,1.0,0.0522,0.5,none,True,True
153310,1.0,0.0405,0.5,none,True,True
153311,1.0,0.0313,0.5,none,True,True
153312,1.0,0.0083,0.5,none,True,True
153313,1.0,0.0726,0.5,none,True,True
153314,1.0,0.0793,0.5,none,True,True
153315,1.0,0.0581,0.5,none,True,True
153316,1.0,0.0955,0.5,none,True,True
153317,1.0,0.0839,0.5,none,True,True
153318,1.0,0.0648,0.5,none,True,True
153319,1.0,0.0718,0.5,none,True,True
153320,1.0,0.0589,0.5,none,True,True
153321,1.0,0.0403,0.5,none,True,True
153322,1.0,0.0327,0.5,none,True,True
153323,1.0,0.0277,0.5,none,True,True
153324,1.0,0.017,0.5,none,True,True
153325,1.0,0.0102,0.5,none,True,True
153326,1.0,0.0099,0.5,none,True,True
153327,1.0,0.008,0.5,none,True,True
153328,1.0,0.005,0.5,none,True,True
153329,1.0,0.0063,0.5,none,True,True
153330,1.0,0.009,0.5,none,True,True
153331,1.0,0.0096,0.5,none,True,True
153332,1.0,0.0108,0.5,none,True,True
153333,1.0,0.014,0.5,none,True,True
153334,1.0,0.0161,0.5,none,True,True
153335,1.0,0.0167,0.5,none,True,True
153336,1.0,0.0182,0.5,none,True,True
153337,1.0,0.0196,0.5,none,True,True
153338,1.0,0.0197,0.5,none,True,True
153339,1.0,0.0193,0.5,none,True,True
153340,1.0,0.0193,0.5,none,True,True
153341,1.0,0.0187,0.5,none,True,True
153342,1.0,0.0174,0.5,none,True,True
153343,1.0,0.0163,0.5,none,True,True
153344,1.0,0.0152,0.5,none,True,True
153345,1.0,0.0138,0.5,none,True,True
153346,1.0,0.0123,0.5,none,True,True
153347,1.0,0.0111,0.5,none,True,True
153348,1.0,0.01,0.5,none,True,True
153349,1.0,0.0088,0.5,none,True,True
153350,1.0,0.0078,0.5,none,True,True
153351,1.0,0.0071,0.5,none,True,True
153352,1.0,0.0064,0.5,none,True,True
153353,1.0,0.0057,0.5,none,True,True
153354,1.0,0.0053,0.5,none,True,True
153355,1.0,0.005,0.5,none,True,True
153356,1.0,0.0047,0.5,none,True,True
153357,1.0,0.0045,0.5,none,True,True
153358,1.0,0.0044,0.5,none,True,True
153359,1.0,0.0043,0.5,none,True,True
153360,1.0,0.0042,0.5,none,True,True
153361,1.0,0.0041,0.5,none,True,True
153362,1.0,0.004,0.5,none,True,True
153363,1.0,0.0039,0.5,none,True,True
153364,1.0,0.0038,0.5,none,True,True
153365,1.0,0.0037,0.5,none,True,True
153366,1.0,0.0035,0.5,none,True,True
153367,1.0,0.0033,0.5,none,True,True
153368,1.0,0.0032,0.5,none,True,True
153369,1.0,0.003,0.5,none,True,True
153370,1.0,0.0028,0.5,none,True,True
153371,1.0,0.0026,0.5,none,True,True
153372,1.0,0.0024,0.5,none,True,True
153373,1.0,0.0023,0.5,none,True,True
153374,1.0,0.0021,0.5,none,True,True
153375,1.0,0.0019,0.5,none,True,True
153376,1.0,0.0018,0.5,none,True,True
153377,1.0,0.0017,0.5,none,True,True
153378,1.0,0.0015,0.5,none,True,True
153379,1.0,0.0014,0.5,none,True,True
153380,1.0,0.0013,0.5,none,True,True
153381,1.0,0.0013,0.5,none,True,True
153382,1.0,0.0012,0.5,none,True,True
153383,1.0,0.0011,0.5,none,True,True
153384,1.0,0.0011,0.5,none,True,True
153385,1.0,0.001,0.5,none,True,True
153386,1.0,0.001,0.5,none,True,True
153387,1.0,0.0009,0.5,none,True,True
153388,1.0,0.0009,0.5,none,True,True
153389,1.0,0.0008,0.5,none,True,True
153390,1.0,0.0008,0.5,none,True,True
153391,1.0,0.0008,0.5,none,True,True
153392,1.0,0.0007,0.5,none,True,True
153393,1.0,0.0007,0.5,none,True,True
153394,1.0,0.0006,0.5,none,True,True
153395,1.0,0.0006,0.5,none,True,True
153396,1.0,0.0006,0.5,none,True,True
153397,1.0,0.0005,0.5,none,True,True
153398,1.0,0.0005,0.5,none,True,True
153399,1.0,0.0005,0.5,none,True,True
153400,1.0,0.0004,0.5,none,True,True
153401,1.0,0.0004,0.5,none,True,True
153402,1.0,0.0004,0.5,none,True,True
153403,1.0,0.0004,0.5,none,True,True
153404,1.0,0.0003,0.5,none,True,True
153405,1.0,0.0003,0.5,none,True,True
153406,1.0,0.0003,0.5,none,True,True
153407,1.0,0.0003,0.5,none,True,True
153408,1.0,0.0003,0.5,none,True,True
153409,1.0,0.0003,0.5,none,True,True
153410,1.0,0.0002,0.5,none,True,True
153411,1.0,0.0002,0.5,none,True,True
153412,1.0,0.0002,0.5,none,True,True
153413,1.0,0.0002,0.5,none,True,True
153414,1.0,0.0002,0.5,none,True,True
153415,1.0,0.0002,0.5,none,True,True
153416,1.0,0.0002,0.5,none,True,True
153417,1.0,0.0002,0.5,none,True,True
153418,1.0,0.0002,0.5,none,True,True
153419,1.0,0.0001,0.5,none,True,True
153420,1.0,0.0001,0.5,none,True,True
153421,1.0,0.0001,0.5,none,True,True
153422,1.0,0.0001,0.5,none,True,True
153423,1.0,0.0001,0.5,none,True,True
153424,1.0,0.0001,0.5,none,True,True
153425,1.0,0.0001,0.5,none,True,True
153426,1.0,0.0001,0.5,none,True,True
153427,1.0,0.0001,0.5,none,True,True
153428,1.0,0.0001,0.5,none,True,True
153429,1.0,0.0001,0.5,none,True,True
153430,1.0,0.0001,0.5,none,True,True
153431,1.0,0.0001,0.5,none,True,True
153432,1.0,0.0001,0.5,none,True,True
153433,1.0,0.0001,0.5,none,True,True
153434,1.0,0.0001,0.5,none,True,True
153435,1.0,0.0001,0.5,none,True,True
153436,1.0,0.0001,0.5,none,True,True
153437,1.0,0.0,0.5,none,True,True
153438,1.0,0.0,0.5,none,True,True
153439,1.0,0.0,0.5,none,True,True
153440,1.0,0.0,0.5,none,True,True
153441,1.0,0.0,0.5,none,True,True
153442,1.0,0.0,0.5,none,True,True
153443,1.0,0.0,0.5,none,True,True
153444,1.0,0.0,0.5,none,True,True
153445,1.0,0.0,0.5,none,True,True
153446,1.0,0.0,0.5,none,True,True
153447,1.0,0.0,0.5,none,True,True
153448,1.0,0.0,0.5,none,True,True
153449,1.0,0.0,0.5,none,True,True
153450,1.0,0.0,0.5,none,True,True
153451,1.0,0.0,0.5,none,True,True
153452,1.0,0.0,0.5,none,True,True
153453,1.0,0.0,0.5,none,True,True
153454,1.0,0.0,0.5,none,True,True
153455,1.0,0.0,0.5,none,True,True
153456,1.0,0.0,0.5,none,True,True
153457,1.0,0.0,0.5,none,True,True
153458,1.0,0.0,0.5,none,True,True
153459,1.0,0.0,0.5,none,True,True
153460,1.0,0.0,0.5,none,True,True
153461,1.0,0.0,0.5,none,True,True
153462,1.0,0.0,0.5,none,True,True
153463,1.0,0.0,0.5,none,True,True
153464,1.0,0.0,0.5,none,True,True
153465,1.0,0.0,0.5,none,True,True
153466,1.0,0.0,0.5,none,True,True
153467,1.0,0.0,0.5,none,True,True
153468,1.0,0.0,0.5,none,True,True
153469,1.0,0.0,0.5,none,True,True
153470,1.0,0.0,0.5,none,True,True
153471,1.0,0.0,0.5,none,True,True
153472,1.0,0.0,0.5,none,True,True
153473,1.0,0.0,0.5,none,True,True
153474,1.0,0.0,0.5,none,True,True
153475,1.0,0.0,0.5,none,True,True
153476,1.0,0.0,0.5,none,True,True
153477,1.0,0.0,0.5,none,True,True
153478,1.0,0.0,0.5,none,True,True
153479,1.0,0.0,0.5,none,True,True
153480,1.0,0.0,0.5,none,True,True
153481,1.0,0.0,0.5,none,True,True
153482,1.0,0.0,0.5,none,True,True
153483,1.0,0.0,0.5,none,True,True
153484,1.0,0.0,0.5,none,True,True
153485,1.0,0.0,0.5,none,True,True
153486,1.0,0.0,0.5,none,True,True
153487,1.0,0.0,0.5,none,True,True
153488,1.0,0.0,0.5,none,True,True
153489,1.0,0.0,0.5,none,True,True
153490,1.0,0.0,0.5,none,True,True
153491,1.0,0.0,0.5,none,True,True
153492,1.0,0.0,0.5,none,True,True
153493,1.0,0.0,0.5,none,True,True
153494,1.0,0.0,0.5,none,True,True
153495,1.0,0.0,0.5,none,True,True
153496,1.0,0.0,0.5,none,True,True
153497,1.0,0.0,0.5,none,True,True
153498,1.0,0.0,0.5,none,True,True
153499,1.0,0.0,0.5,none,True,True
153500,1.0,0.0,0.5,none,True,True
153501,1.0,0.0,0.5,none,True,True
153502,1.0,0.0,0.5,none,True,True
153503,1.0,0.0,0.5,none,True,True
153504,1.0,0.0,0.5,none,True,True
153505,1.0,0.0,0.5,none,True,True
153506,1.0,0.0,0.5,none,True,True
153507,1.0,0.0,0.5,none,True,True
153508,1.0,0.0,0.5,none,True,True
153509,1.0,0.0,0.5,none,True,True
153510,1.0,0.0,0.5,none,True,True
153511,1.0,0.0,0.5,none,True,True
153512,1.0,0.0,0.5,none,True,True
153513,1.0,0.0,0.5,none,True,True
153514,1.0,0.0,0.5,none,True,True
153515,1.0,0.0,0.5,none,True,True
153516,1.0,0.0,0.5,none,True,True
153517,1.0,0.0,0.5,none,True,True
153518,1.0,0.0,0.5,none,True,True
153519,1.0,0.0,0.5,none,True,True
153520,1.0,0.0,0.5,none,True,True
153521,1.0,0.0,0.5,none,True,True
153522,1.0,0.0,0.5,none,True,True
153523,1.0,0.0,0.5,none,True,True
153524,1.0,0.0,0.5,none,True,True
153525,1.0,0.0,0.5,none,True,True
153526,1.0,0.0,0.5,none,True,True
153527,1.0,0.0,0.5,none,True,True
153528,1.0,0.0,0.5,none,True,True
153529,1.0,0.0,0.5,none,True,True
153530,1.0,0.0,0.5,none,True,True
153531,1.0,0.0,0.5,none,True,True
153532,1.0,0.0,0.5,none,True,True
153533,1.0,0.0,0.5,none,True,True
153534,1.0,0.0,0.5,none,True,True
153535,1.0,0.0,0.5,none,True,True
153536,1.0,0.0,0.5,none,True,True
153537,1.0,0.0,0.5,none,True,True
153538,1.0,0.0,0.5,none,True,True
153539,1.0,0.0,0.5,none,True,True
153540,1.0,0.0,0.5,none,True,True
153541,1.0,0.0,0.5,none,True,True
153542,1.0,0.0,0.5,none,True,True
153543,1.0,0.0,0.5,none,True,True
153544,1.0,0.0,0.5,none,True,True
153545,1.0,0.0,0.5,none,True,True
153546,1.0,0.0,0.5,none,True,True
153547,1.0,0.0,0.5,none,True,True
153548,1.0,0.0,0.5,none,True,True
153549,1.0,0.0,0.5,none,True,True
153550,1.0,0.0,0.5,none,True,True
153551,1.0,0.0,0.5,none,True,True
153552,1.0,0.0,0.5,none,True,True
153553,1.0,0.0,0.5,none,True,True
153554,1.0,0.0,0.5,none,True,True
153555,1.0,0.0,0.5,none,True,True
153556,1.0,0.0,0.5,none,True,True
153557,1.0,0.0,0.5,none,True,True
153558,1.0,0.0,0.5,none,True,True
153559,1.0,0.0,0.5,none,True,True
153560,1.0,0.0,0.5,none,True,True
153561,1.0,0.0,0.5,none,True,True
153562,1.0,0.0,0.5,none,True,True
153563,1.0,0.0,0.5,none,True,True
153564,1.0,0.0,0.5,none,True,True
153565,1.0,0.0,0.5,none,True,True
153566,1.0,0.0,0.5,none,True,True
153567,1.0,0.0,0.5,none,True,True
153568,1.0,0.0,0.5,none,True,True
153569,1.0,0.0,0.5,none,True,True
153570,1.0,0.0,0.5,none,True,True
153571,1.0,0.0,0.5,none,True,True
153572,1.0,0.0,0.5,none,True,True
153573,1.0,0.0,0.5,none,True,True
153574,1.0,0.0,0.5,none,True,True
153575,1.0,0.0,0.5,none,True,True
153576,1.0,0.0,0.5,none,True,True
153577,1.0,0.0,0.5,none,True,True
153578,1.0,0.0,0.5,none,True,True
153579,1.0,0.0,0.5,none,True,True
153580,1.0,0.0,0.5,none,True,True
153581,1.0,0.0,0.5,none,True,True
153582,1.0,0.0,0.5,none,True,True
153583,1.0,0.0,0.5,none,True,True
153584,1.0,0.0,0.5,none,True,True
153585,1.0,0.0,0.5,none,True,True
153586,1.0,0.0,0.5,none,True,True
153587,1.0,0.0,0.5,none,True,True
153588,1.0,0.0,0.5,none,True,True
153589,1.0,0.0,0.5,none,True,True
153590,1.0,0.0,0.5,none,True,True
153591,1.0,0.0,0.5,none,True,True
153592,1.0,0.0,0.5,none,True,True
153593,1.0,0.0,0.5,none,True,True
153594,1.0,0.0,0.5,none,True,True
153595,1.0,0.0,0.5,none,True,True
153596,1.0,0.0,0.5,none,True,True
153597,1.0,0.0,0.5,none,True,True
153598,1.0,0.0,0.5,none,True,True
153599,1.0,0.0,0.5,none,True,True
153600,1.0,0.0,0.5,none,True,True
153601,1.0,0.0,0.5,none,True,True
153602,1.0,0.0,0.5,none,True,True
153603,1.0,0.0,0.5,none,True,True
153604,1.0,0.0,0.5,none,True,True
153605,1.0,0.0,0.5,none,True,True
153606,1.0,0.0,0.5,none,True,True
153607,1.0,0.0,0.5,none,True,True
153608,1.0,0.0,0.5,none,True,True
153609,1.0,0.0,0.5,none,True,True
153610,1.0,0.0,0.5,none,True,True
153611,1.0,0.0,0.5,none,True,True
153612,1.0,0.0,0.5,none,True,True
153613,1.0,0.0,0.5,none,True,True
153614,1.0,0.0,0.5,none,True,True
153615,1.0,0.0,0.5,none,True,True
153616,1.0,0.0,0.5,none,True,True
153617,1.0,0.0,0.5,none,True,True
153618,1.0,0.0,0.5,none,True,True
153619,1.0,0.0,0.5,none,True,True
153620,1.0,0.0,0.5,none,True,True
153621,1.0,0.0,0.5,none,True,True
153622,1.0,0.0,0.5,none,True,True
153623,1.0,0.0,0.5,none,True,True
153624,1.0,0.0,0.5,none,True,True
153625,1.0,0.0,0.5,none,True,True
153626,1.0,0.0,0.5,none,True,True
153627,1.0,0.0,0.5,none,True,True
153628,1.0,0.0,0.5,none,True,True
153629,1.0,0.0,0.5,none,True,True
153630,1.0,0.0,0.5,none,True,True
153631,1.0,0.0,0.5,none,True,True
153632,1.0,0.0,0.5,none,True,True
153633,1.0,0.0,0.5,none,True,True
153634,1.0,0.0,0.5,none,True,True
153635,1.0,0.0,0.5,none,True,True
153636,1.0,0.0,0.5,none,True,True
153637,1.0,0.0,0.5,none,True,True
153638,1.0,0.0,0.5,none,True,True
153639,1.0,0.0,0.5,none,True,True
153640,1.0,0.0,0.5,none,True,True
153641,1.0,0.0,0.5,none,True,True
153642,1.0,0.0,0.5,none,True,True
153643,1.0,0.0,0.5,none,True,True
153644,1.0,0.0,0.5,none,True,True
153645,1.0,0.0,0.5,none,True,True
153646,1.0,0.0,0.5,none,True,True
153647,1.0,0.0,0.5,none,True,True
153648,1.0,0.0,0.5,none,True,True
153649,1.0,0.0,0.5,none,True,True
153650,1.0,0.0,0.5,none,True,True
153651,1.0,0.0,0.5,none,True,True
153652,1.0,0.0,0.5,none,True,True
153653,1.0,0.0,0.5,none,True,True
153654,1.0,0.0,0.5,none,True,True
153655,1.0,0.0,0.5,none,True,True
153656,1.0,0.0,0.5,none,True,True
153657,1.0,0.0,0.5,none,True,True
153658,1.0,0.0,0.5,none,True,True
153659,1.0,0.0,0.5,none,True,True
153660,1.0,0.0,0.5,none,True,True
153661,1.0,0.0,0.5,none,True,True
153662,1.0,0.0,0.5,none,True,True
153663,1.0,0.0,0.5,none,True,True
153664,1.0,0.0,0.5,none,True,True
153665,1.0,0.0,0.5,none,True,True
153666,1.0,0.0,0.5,none,True,True
153667,1.0,0.0,0.5,none,True,True
153668,1.0,0.0,0.5,none,True,True
153669,1.0,0.0,0.5,none,True,True
153670,1.0,0.0,0.5,none,True,True
153671,1.0,0.0,0.5,none,True,True
153672,1.0,0.0,0.5,none,True,True
153673,1.0,0.0,0.5,none,True,True
153674,1.0,0.0,0.5,none,True,True
153675,1.0,0.0,0.5,none,True,True
153676,1.0,0.0,0.5,none,True,True
153677,1.0,0.0,0.5,none,True,True
153678,1.0,0.0,0.5,none,True,True
153679,1.0,0.0,0.5,none,True,True
153680,1.0,0.0,0.5,none,True,True
153681,1.0,0.0,0.5,none,True,True
153682,1.0,0.0,0.5,none,True,True
153683,1.0,0.0,0.5,none,True,True
153684,1.0,0.0,0.5,none,True,True
153685,1.0,0.0,0.5,none,True,True
153686,1.0,0.0,0.5,none,True,True
153687,1.0,0.0,0.5,none,True,True
153688,1.0,0.0,0.5,none,True,True
153689,1.0,0.0,0.5,none,True,True
153690,1.0,0.0,0.5,none,True,True
153691,1.0,0.0,0.5,none,True,True
153692,1.0,0.0,0.5,none,True,True
153693,1.0,0.0,0.5,none,True,True
153694,1.0,0.0,0.5,none,True,True
153695,1.0,0.0,0.5,none,True,True
153696,1.0,0.0,0.5,none,True,True
153697,1.0,0.0,0.5,none,True,True
153698,1.0,0.0,0.5,none,True,True
153699,1.0,0.0,0.5,none,True,True
153700,1.0,0.0,0.5,none,True,True
153701,1.0,0.0,0.5,none,True,True
153702,1.0,0.0,0.5,none,True,True
153703,1.0,0.0,0.5,none,True,True
153704,1.0,0.0,0.5,none,True,True
153705,1.0,0.0,0.5,none,True,True
153706,1.0,0.0,0.5,none,True,True
153707,1.0,0.0,0.5,none,True,True
153708,1.0,0.0,0.5,none,True,True
153709,1.0,0.0,0.5,none,True,True
153710,1.0,0.0,0.5,none,True,True
153711,1.0,0.0,0.5,none,True,True
153712,1.0,0.0,0.5,none,True,True
153713,1.0,0.0,0.5,none,True,True
153714,1.0,0.0,0.5,none,True,True
153715,1.0,0.0,0.5,none,True,True
153716,1.0,0.0,0.5,none,True,True
153717,1.0,0.0,0.5,none,True,True
153718,1.0,0.0,0.5,none,True,True
153719,1.0,0.0,0.5,none,True,True
153720,1.0,0.0,0.5,none,True,True
153721,1.0,0.0,0.5,none,True,True
153722,1.0,0.0,0.5,none,True,True
153723,1.0,0.0,0.5,none,True,True
153724,1.0,0.0,0.5,none,True,True
153725,1.0,0.0,0.5,none,True,True
153726,1.0,0.0,0.5,none,True,True
153727,1.0,0.0,0.5,none,True,True
153728,1.0,0.0,0.5,none,True,True
153729,1.0,0.0,0.5,none,True,True
153730,1.0,0.0,0.5,none,True,True
153731,1.0,0.0,0.5,none,True,True
153732,1.0,0.0,0.5,none,True,True
153733,1.0,0.0,0.5,none,True,True
153734,1.0,0.0,0.5,none,True,True
153735,1.0,0.0,0.5,none,True,True
153736,1.0,0.0,0.5,none,True,True
153737,1.0,0.0,0.5,none,True,True
153738,1.0,0.0,0.5,none,True,True
153739,1.0,0.0,0.5,none,True,True
153740,1.0,0.0,0.5,none,True,True
153741,1.0,0.0,0.5,none,True,True
153742,1.0,0.0,0.5,none,True,True
153743,1.0,0.0,0.5,none,True,True
153744,1.0,0.0,0.5,none,True,True
153745,1.0,0.0,0.5,none,True,True
153746,1.0,0.0,0.5,none,True,True
153747,1.0,0.0,0.5,none,True,True
153748,1.0,0.0,0.5,none,True,True
153749,1.0,0.0,0.5,none,True,True
153750,1.0,0.0,0.5,none,True,True
153751,1.0,0.0,0.5,none,True,True
153752,1.0,0.0,0.5,none,True,True
153753,1.0,0.0,0.5,none,True,True
153754,1.0,0.0,0.5,none,True,True
153755,1.0,0.0,0.5,none,True,True
153756,1.0,0.0,0.5,none,True,True
153757,1.0,0.0,0.5,none,True,True
153758,1.0,0.0,0.5,none,True,True
153759,1.0,0.0,0.5,none,True,True
153760,1.0,0.0,0.5,none,True,True
153761,1.0,0.0,0.5,none,True,True
153762,1.0,0.0,0.5,none,True,True
153763,1.0,0.0,0.5,none,True,True
153764,1.0,0.0,0.5,none,True,True
153765,1.0,0.0,0.5,none,True,True
153766,1.0,0.0,0.5,none,True,True
153767,1.0,0.0,0.5,none,True,True
153768,1.0,0.0,0.5,none,True,True
153769,1.0,0.0,0.5,none,True,True
153770,1.0,0.0,0.5,none,True,True
153771,1.0,0.0,0.5,none,True,True
153772,1.0,0.0,0.5,none,True,True
153773,1.0,0.0,0.5,none,True,True
153774,1.0,0.0,0.5,none,True,True
153775,1.0,0.0,0.5,none,True,True
153776,1.0,0.0,0.5,none,True,True
153777,1.0,0.0,0.5,none,True,True
153778,1.0,0.0,0.5,none,True,True
153779,1.0,0.0,0.5,none,True,True
153780,1.0,0.0,0.5,none,True,True
153781,1.0,0.0,0.5,none,True,True
153782,1.0,0.0,0.5,none,True,True
153783,1.0,0.0,0.5,none,True,True
153784,1.0,0.0,0.5,none,True,True
153785,1.0,0.0,0.5,none,True,True
153786,1.0,0.0,0.5,none,True,True
153787,1.0,0.0,0.5,none,True,True
153788,1.0,0.0,0.5,none,True,True
153789,1.0,0.0,0.5,none,True,True
153790,1.0,0.0,0.5,none,True,True
153791,1.0,0.0,0.5,none,True,True
153792,1.0,0.0,0.5,none,True,True
153793,1.0,0.0,0.5,none,True,True
153794,1.0,0.0,0.5,none,True,True
153795,1.0,0.0,0.5,none,True,True
153796,1.0,0.0,0.5,none,True,True
153797,1.0,0.0,0.5,none,True,True
153798,1.0,0.0,0.5,none,True,True
153799,1.0,0.0,0.5,none,True,True
153800,1.0,0.0,0.5,none,True,True
153801,1.0,0.0,0.5,none,True,True
153802,1.0,0.0,0.5,none,True,True
153803,1.0,0.0,0.5,none,True,True
153804,1.0,0.0,0.5,none,True,True
153805,1.0,0.0,0.5,none,True,True
153806,1.0,0.0,0.5,none,True,True
153807,1.0,0.0,0.5,none,True,True
153808,1.0,0.0,0.5,none,True,True
153809,1.0,0.0,0.5,none,True,True
153810,1.0,0.0,0.5,none,True,True
153811,1.0,0.0,0.5,none,True,True
153812,1.0,0.0,0.5,none,True,True
153813,1.0,0.0,0.5,none,True,True
153814,1.0,0.0,0.5,none,True,True
153815,1.0,0.0,0.5,none,True,True
153816,1.0,0.0,0.5,none,True,True
153817,1.0,0.0,0.5,none,True,True
153818,1.0,0.0,0.5,none,True,True
153819,1.0,0.0,0.5,none,True,True
153820,1.0,0.0,0.5,none,True,True
153821,1.0,0.0,0.5,none,True,True
153822,1.0,0.0,0.5,none,True,True
153823,1.0,0.0,0.5,none,True,True
153824,1.0,0.0,0.5,none,True,True
153825,1.0,0.0,0.5,none,True,True
153826,1.0,0.0,0.5,none,True,True
153827,1.0,0.0,0.5,none,True,True
153828,1.0,0.0,0.5,none,True,True
153829,1.0,0.0,0.5,none,True,True
153830,1.0,0.0,0.5,none,True,True
153831,1.0,0.0,0.5,none,True,True
153832,1.0,0.0,0.5,none,True,True
153833,1.0,0.0,0.5,none,True,True
153834,1.0,0.0,0.5,none,True,True
153835,1.0,0.0,0.5,none,True,True
153836,1.0,0.0,0.5,none,True,True
153837,1.0,0.0,0.5,none,True,True
153838,1.0,0.0,0.5,none,True,True
153839,1.0,0.0,0.5,none,True,True
153840,1.0,0.0,0.5,none,True,True
153841,1.0,0.0,0.5,none,True,True
153842,1.0,0.0,0.5,none,True,True
153843,1.0,0.0,0.5,none,True,True
153844,1.0,0.0,0.5,none,True,True
153845,1.0,0.0,0.5,none,True,True
153846,1.0,0.0,0.5,none,True,True
153847,1.0,0.0,0.5,none,True,True
153848,1.0,0.0,0.5,none,True,True
153849,1.0,0.0,0.5,none,True,True
153850,1.0,0.0,0.5,none,True,True
153851,1.0,0.0,0.5,none,True,True
153852,1.0,0.0,0.5,none,True,True
153853,1.0,0.0,0.5,none,True,True
153854,1.0,0.0,0.5,none,True,True
153855,1.0,0.0,0.5,none,True,True
153856,1.0,0.0,0.5,none,True,True
153857,1.0,0.0,0.5,none,True,True
153858,1.0,0.0,0.5,none,True,True
153859,1.0,0.0,0.5,none,True,True
153860,1.0,0.0,0.5,none,True,True
153861,1.0,0.0,0.5,none,True,True
153862,1.0,0.0,0.5,none,True,True
153863,1.0,0.0,0.5,none,True,True
153864,1.0,0.0,0.5,none,True,True
153865,1.0,0.0,0.5,none,True,True
153866,1.0,0.0,0.5,none,True,True
153867,1.0,0.0,0.5,none,True,True
153868,1.0,0.0,0.5,none,True,True
153869,1.0,0.0,0.5,none,True,True
153870,1.0,0.0,0.5,none,True,True
153871,1.0,0.0,0.5,none,True,True
153872,1.0,0.0,0.5,none,True,True
153873,1.0,0.0,0.5,none,True,True
153874,1.0,0.0,0.5,none,True,True
153875,1.0,0.0,0.5,none,True,True
153876,1.0,0.0,0.5,none,True,True
153877,1.0,0.0,0.5,none,True,True
153878,1.0,0.0,0.5,none,True,True
153879,1.0,0.0,0.5,none,True,True
153880,1.0,0.0,0.5,none,True,True
153881,1.0,0.0,0.5,none,True,True
153882,1.0,0.0,0.5,none,True,True
153883,1.0,0.0,0.5,none,True,True
153884,1.0,0.0,0.5,none,True,True
153885,1.0,0.0,0.5,none,True,True
153886,1.0,0.0,0.5,none,True,True
153887,1.0,0.0,0.5,none,True,True
153888,1.0,0.0,0.5,none,True,True
153889,1.0,0.0,0.5,none,True,True
153890,1.0,0.0,0.5,none,True,True
153891,1.0,0.0,0.5,none,True,True
153892,1.0,0.0,0.5,none,True,True
153893,1.0,0.0,0.5,none,True,True
153894,1.0,0.0,0.5,none,True,True
153895,1.0,0.0,0.5,none,True,True
153896,1.0,0.0,0.5,none,True,True
153897,1.0,0.0,0.5,none,True,True
153898,1.0,0.0,0.5,none,True,True
153899,1.0,0.0,0.5,none,True,True
153900,1.0,0.0,0.5,none,True,True
153901,1.0,0.0,0.5,none,True,True
153902,1.0,0.0,0.5,none,True,True
153903,1.0,0.0,0.5,none,True,True
153904,1.0,0.0,0.5,none,True,True
153905,1.0,0.0,0.5,none,True,True
153906,1.0,0.0,0.5,none,True,True
153907,1.0,0.0,0.5,none,True,True
153908,1.0,0.0,0.5,none,True,True
153909,1.0,0.0,0.5,none,True,True
153910,1.0,0.0,0.5,none,True,True
153911,1.0,0.0,0.5,none,True,True
153912,1.0,0.0,0.5,none,True,True
153913,1.0,0.0,0.5,none,True,True
153914,1.0,0.0,0.5,none,True,True
153915,1.0,0.0,0.5,none,True,True
153916,1.0,0.0,0.5,none,True,True
153917,1.0,0.0,0.5,none,True,True
153918,1.0,0.0,0.5,none,True,True
153919,1.0,0.0,0.5,none,True,True
153920,1.0,0.0,0.5,none,True,True
153921,1.0,0.0,0.5,none,True,True
153922,1.0,0.0,0.5,none,True,True
153923,1.0,0.0,0.5,none,True,True
153924,1.0,0.0,0.5,none,True,True
153925,1.0,0.0,0.5,none,True,True
153926,1.0,0.0,0.5,none,True,True
153927,1.0,0.0,0.5,none,True,True
153928,1.0,0.0,0.5,none,True,True
153929,1.0,0.0,0.5,none,True,True
153930,1.0,0.0,0.5,none,True,True
153931,1.0,0.0,0.5,none,True,True
153932,1.0,0.0,0.5,none,True,True
153933,1.0,0.0,0.5,none,True,True
153934,1.0,0.0,0.5,none,True,True
153935,1.0,0.0,0.5,none,True,True
153936,1.0,0.0,0.5,none,True,True
153937,1.0,0.0,0.5,none,True,True
153938,1.0,0.0,0.5,none,True,True
153939,1.0,0.0,0.5,none,True,True
153940,1.0,0.0,0.5,none,True,True
153941,1.0,0.0,0.5,none,True,True
153942,1.0,0.0,0.5,none,True,True
153943,1.0,0.0,0.5,none,True,True
153944,1.0,0.0,0.5,none,True,True
153945,1.0,0.0,0.5,none,True,True
153946,1.0,0.0,0.5,none,True,True
153947,1.0,0.0,0.5,none,True,True
153948,1.0,0.0,0.5,none,True,True
153949,1.0,0.0,0.5,none,True,True
153950,1.0,0.0,0.5,none,True,True
153951,1.0,0.0,0.5,none,True,True
153952,1.0,0.0,0.5,none,True,True
153953,1.0,0.0,0.5,none,True,True
153954,1.0,0.0,0.5,none,True,True
153955,1.0,0.0,0.5,none,True,True
153956,1.0,0.0,0.5,none,True,True
153957,1.0,0.0,0.5,none,True,True
153958,1.0,0.0,0.5,none,True,True
153959,1.0,0.0,0.5,none,True,True
153960,1.0,0.0,0.5,none,True,True
153961,1.0,0.0,0.5,none,True,True
153962,1.0,0.0,0.5,none,True,True
153963,1.0,0.0,0.5,none,True,True
153964,1.0,0.0,0.5,none,True,True
153965,1.0,0.0,0.5,none,True,True
153966,1.0,0.0,0.5,none,True,True
153967,1.0,0.0,0.5,none,True,True
153968,1.0,0.0,0.5,none,True,True
153969,1.0,0.0,0.5,none,True,True
153970,1.0,0.0,0.5,none,True,True
153971,1.0,0.0,0.5,none,True,True
153972,1.0,0.0,0.5,none,True,True
153973,1.0,0.0,0.5,none,True,True
153974,1.0,0.0,0.5,none,True,True
153975,1.0,0.0,0.5,none,True,True
153976,1.0,0.0,0.5,none,True,True
153977,1.0,0.0,0.5,none,True,True
153978,1.0,0.0,0.5,none,True,True
153979,1.0,0.0,0.5,none,True,True
153980,1.0,0.0,0.5,none,True,True
153981,1.0,0.0,0.5,none,True,True
153982,1.0,0.0,0.5,none,True,True
153983,1.0,0.0,0.5,none,True,True
153984,1.0,0.0,0.5,none,True,True
153985,1.0,0.0,0.5,none,True,True
153986,1.0,0.0,0.5,none,True,True
153987,1.0,0.0,0.5,none,True,True
153988,1.0,0.0,0.5,none,True,True
153989,1.0,0.0,0.5,none,True,True
153990,1.0,0.0,0.5,none,True,True
153991,1.0,0.0,0.5,none,True,True
153992,1.0,0.0,0.5,none,True,True
153993,1.0,0.0,0.5,none,True,True
153994,1.0,0.0,0.5,none,True,True
153995,1.0,0.0,0.5,none,True,True
153996,1.0,0.0,0.5,none,True,True
153997,1.0,0.0,0.5,none,True,True
153998,1.0,0.0,0.5,none,True,True
153999,1.0,0.0,0.5,none,True,True
154000,1.0,0.0061,0.5,none,True,True
154001,1.0,0.0357,0.5,none,True,True
154002,1.0,0.0812,0.5,none,True,True
154003,1.0,0.1113,0.5,none,True,True
154004,1.0,0.1253,0.5,none,True,True
154005,1.0,0.1408,0.5,none,True,True
154006,1.0,0.0907,0.5,none,True,True
154007,1.0,0.1198,0.5,none,True,True
154008,1.0,0.0467,0.5,none,True,True
154009,1.0,0.0522,0.5,none,True,True
154010,1.0,0.0405,0.5,none,True,True
154011,1.0,0.0313,0.5,none,True,True
154012,1.0,0.0083,0.5,none,True,True
154013,1.0,0.0726,0.5,none,True,True
154014,1.0,0.0793,0.5,none,True,True
154015,1.0,0.0581,0.5,none,True,True
154016,1.0,0.0955,0.5,none,True,True
154017,1.0,0.0839,0.5,none,True,True
154018,1.0,0.0648,0.5,none,True,True
154019,1.0,0.0718,0.5,none,True,True
154020,1.0,0.0589,0.5,none,True,True
154021,1.0,0.0403,0.5,none,True,True
154022,1.0,0.0327,0.5,none,True,True
154023,1.0,0.0277,0.5,none,True,True
154024,1.0,0.017,0.5,none,True,True
154025,1.0,0.0102,0.5,none,True,True
154026,1.0,0.0099,0.5,none,True,True
154027,1.0,0.008,0.5,none,True,True
154028,1.0,0.005,0.5,none,True,True
154029,1.0,0.0063,0.5,none,True,True
154030,1.0,0.009,0.5,none,True,True
154031,1.0,0.0096,0.5,none,True,True
154032,1.0,0.0108,0.5,none,True,True
154033,1.0,0.014,0.5,none,True,True
154034,1.0,0.0161,0.5,none,True,True
154035,1.0,0.0167,0.5,none,True,True
154036,1.0,0.0182,0.5,none,True,True
154037,1.0,0.0196,0.5,none,True,True
154038,1.0,0.0197,0.5,none,True,True
154039,1.0,0.0193,0.5,none,True,True
154040,1.0,0.0193,0.5,none,True,True
154041,1.0,0.0187,0.5,none,True,True
154042,1.0,0.0174,0.5,none,True,True
154043,1.0,0.0163,0.5,none,True,True
154044,1.0,0.0152,0.5,none,True,True
154045,1.0,0.0138,0.5,none,True,True
154046,1.0,0.0123,0.5,none,True,True
154047,1.0,0.0111,0.5,none,True,True
154048,1.0,0.01,0.5,none,True,True
154049,1.0,0.0088,0.5,none,True,True
154050,1.0,0.0078,0.5,none,True,True
154051,1.0,0.0071,0.5,none,True,True
154052,1.0,0.0064,0.5,none,True,True
154053,1.0,0.0057,0.5,none,True,True
154054,1.0,0.0053,0.5,none,True,True
154055,1.0,0.005,0.5,none,True,True
154056,1.0,0.0047,0.5,none,True,True
154057,1.0,0.0045,0.5,none,True,True
154058,1.0,0.0044,0.5,none,True,True
154059,1.0,0.0043,0.5,none,True,True
154060,1.0,0.0042,0.5,none,True,True
154061,1.0,0.0041,0.5,none,True,True
154062,1.0,0.004,0.5,none,True,True
154063,1.0,0.0039,0.5,none,True,True
154064,1.0,0.0038,0.5,none,True,True
154065,1.0,0.0037,0.5,none,True,True
154066,1.0,0.0035,0.5,none,True,True
154067,1.0,0.0033,0.5,none,True,True
154068,1.0,0.0032,0.5,none,True,True
154069,1.0,0.003,0.5,none,True,True
154070,1.0,0.0028,0.5,none,True,True
154071,1.0,0.0026,0.5,none,True,True
154072,1.0,0.0024,0.5,none,True,True
154073,1.0,0.0023,0.5,none,True,True
154074,1.0,0.0021,0.5,none,True,True
154075,1.0,0.0019,0.5,none,True,True
154076,1.0,0.0018,0.5,none,True,True
154077,1.0,0.0017,0.5,none,True,True
154078,1.0,0.0015,0.5,none,True,True
154079,1.0,0.0014,0.5,none,True,True
154080,1.0,0.0013,0.5,none,True,True
154081,1.0,0.0013,0.5,none,True,True
154082,1.0,0.0012,0.5,none,True,True
154083,1.0,0.0011,0.5,none,True,True
154084,1.0,0.0011,0.5,none,True,True
154085,1.0,0.001,0.5,none,True,True
154086,1.0,0.001,0.5,none,True,True
154087,1.0,0.0009,0.5,none,True,True
154088,1.0,0.0009,0.5,none,True,True
154089,1.0,0.0008,0.5,none,True,True
154090,1.0,0.0008,0.5,none,True,True
154091,1.0,0.0008,0.5,none,True,True
154092,1.0,0.0007,0.5,none,True,True
154093,1.0,0.0007,0.5,none,True,True
154094,1.0,0.0006,0.5,none,True,True
154095,1.0,0.0006,0.5,none,True,True
154096,1.0,0.0006,0.5,none,True,True
154097,1.0,0.0005,0.5,none,True,True
154098,1.0,0.0005,0.5,none,True,True
154099,1.0,0.0005,0.5,none,True,True
154100,1.0,0.0004,0.5,none,True,True
154101,1.0,0.0004,0.5,none,True,True
154102,1.0,0.0004,0.5,none,True,True
154103,1.0,0.0004,0.5,none,True,True
154104,1.0,0.0003,0.5,none,True,True
154105,1.0,0.0003,0.5,none,True,True
154106,1.0,0.0003,0.5,none,True,True
154107,1.0,0.0003,0.5,none,True,True
154108,1.0,0.0003,0.5,none,True,True
154109,1.0,0.0003,0.5,none,True,True
154110,1.0,0.0002,0.5,none,True,True
154111,1.0,0.0002,0.5,none,True,True
154112,1.0,0.0002,0.5,none,True,True
154113,1.0,0.0002,0.5,none,True,True
154114,1.0,0.0002,0.5,none,True,True
154115,1.0,0.0002,0.5,none,True,True
154116,1.0,0.0002,0.5,none,True,True
154117,1.0,0.0002,0.5,none,True,True
154118,1.0,0.0002,0.5,none,True,True
154119,1.0,0.0001,0.5,none,True,True
154120,1.0,0.0001,0.5,none,True,True
154121,1.0,0.0001,0.5,none,True,True
154122,1.0,0.0001,0.5,none,True,True
154123,1.0,0.0001,0.5,none,True,True
154124,1.0,0.0001,0.5,none,True,True
154125,1.0,0.0001,0.5,none,True,True
154126,1.0,0.0001,0.5,none,True,True
154127,1.0,0.0001,0.5,none,True,True
154128,1.0,0.0001,0.5,none,True,True
154129,1.0,0.0001,0.5,none,True,True
154130,1.0,0.0001,0.5,none,True,True
154131,1.0,0.0001,0.5,none,True,True
154132,1.0,0.0001,0.5,none,True,True
154133,1.0,0.0001,0.5,none,True,True
154134,1.0,0.0001,0.5,none,True,True
154135,1.0,0.0001,0.5,none,True,True
154136,1.0,0.0001,0.5,none,True,True
154137,1.0,0.0,0.5,none,True,True
154138,1.0,0.0,0.5,none,True,True
154139,1.0,0.0,0.5,none,True,True
154140,1.0,0.0,0.5,none,True,True
154141,1.0,0.0,0.5,none,True,True
154142,1.0,0.0,0.5,none,True,True
154143,1.0,0.0,0.5,none,True,True
154144,1.0,0.0,0.5,none,True,True
154145,1.0,0.0,0.5,none,True,True
154146,1.0,0.0,0.5,none,True,True
154147,1.0,0.0,0.5,none,True,True
154148,1.0,0.0,0.5,none,True,True
154149,1.0,0.0,0.5,none,True,True
154150,1.0,0.0,0.5,none,True,True
154151,1.0,0.0,0.5,none,True,True
154152,1.0,0.0,0.5,none,True,True
154153,1.0,0.0,0.5,none,True,True
154154,1.0,0.0,0.5,none,True,True
154155,1.0,0.0,0.5,none,True,True
154156,1.0,0.0,0.5,none,True,True
154157,1.0,0.0,0.5,none,True,True
154158,1.0,0.0,0.5,none,True,True
154159,1.0,0.0,0.5,none,True,True
154160,1.0,0.0,0.5,none,True,True
154161,1.0,0.0,0.5,none,True,True
154162,1.0,0.0,0.5,none,True,True
154163,1.0,0.0,0.5,none,True,True
154164,1.0,0.0,0.5,none,True,True
154165,1.0,0.0,0.5,none,True,True
154166,1.0,0.0,0.5,none,True,True
154167,1.0,0.0,0.5,none,True,True
154168,1.0,0.0,0.5,none,True,True
154169,1.0,0.0,0.5,none,True,True
154170,1.0,0.0,0.5,none,True,True
154171,1.0,0.0,0.5,none,True,True
154172,1.0,0.0,0.5,none,True,True
154173,1.0,0.0,0.5,none,True,True
154174,1.0,0.0,0.5,none,True,True
154175,1.0,0.0,0.5,none,True,True
154176,1.0,0.0,0.5,none,True,True
154177,1.0,0.0,0.5,none,True,True
154178,1.0,0.0,0.5,none,True,True
154179,1.0,0.0,0.5,none,True,True
154180,1.0,0.0,0.5,none,True,True
154181,1.0,0.0,0.5,none,True,True
154182,1.0,0.0,0.5,none,True,True
154183,1.0,0.0,0.5,none,True,True
154184,1.0,0.0,0.5,none,True,True
154185,1.0,0.0,0.5,none,True,True
154186,1.0,0.0,0.5,none,True,True
154187,1.0,0.0,0.5,none,True,True
154188,1.0,0.0,0.5,none,True,True
154189,1.0,0.0,0.5,none,True,True
154190,1.0,0.0,0.5,none,True,True
154191,1.0,0.0,0.5,none,True,True
154192,1.0,0.0,0.5,none,True,True
154193,1.0,0.0,0.5,none,True,True
154194,1.0,0.0,0.5,none,True,True
154195,1.0,0.0,0.5,none,True,True
154196,1.0,0.0,0.5,none,True,True
154197,1.0,0.0,0.5,none,True,True
154198,1.0,0.0,0.5,none,True,True
154199,1.0,0.0,0.5,none,True,True
154200,1.0,0.0,0.5,none,True,True
154201,1.0,0.0,0.5,none,True,True
154202,1.0,0.0,0.5,none,True,True
154203,1.0,0.0,0.5,none,True,True
154204,1.0,0.0,0.5,none,True,True
154205,1.0,0.0,0.5,none,True,True
154206,1.0,0.0,0.5,none,True,True
154207,1.0,0.0,0.5,none,True,True
154208,1.0,0.0,0.5,none,True,True
154209,1.0,0.0,0.5,none,True,True
154210,1.0,0.0,0.5,none,True,True
154211,1.0,0.0,0.5,none,True,True
154212,1.0,0.0,0.5,none,True,True
154213,1.0,0.0,0.5,none,True,True
154214,1.0,0.0,0.5,none,True,True
154215,1.0,0.0,0.5,none,True,True
154216,1.0,0.0,0.5,none,True,True
154217,1.0,0.0,0.5,none,True,True
154218,1.0,0.0,0.5,none,True,True
154219,1.0,0.0,0.5,none,True,True
154220,1.0,0.0,0.5,none,True,True
154221,1.0,0.0,0.5,none,True,True
154222,1.0,0.0,0.5,none,True,True
154223,1.0,0.0,0.5,none,True,True
154224,1.0,0.0,0.5,none,True,True
154225,1.0,0.0,0.5,none,True,True
154226,1.0,0.0,0.5,none,True,True
154227,1.0,0.0,0.5,none,True,True
154228,1.0,0.0,0.5,none,True,True
154229,1.0,0.0,0.5,none,True,True
154230,1.0,0.0,0.5,none,True,True
154231,1.0,0.0,0.5,none,True,True
154232,1.0,0.0,0.5,none,True,True
154233,1.0,0.0,0.5,none,True,True
154234,1.0,0.0,0.5,none,True,True
154235,1.0,0.0,0.5,none,True,True
154236,1.0,0.0,0.5,none,True,True
154237,1.0,0.0,0.5,none,True,True
154238,1.0,0.0,0.5,none,True,True
154239,1.0,0.0,0.5,none,True,True
154240,1.0,0.0,0.5,none,True,True
154241,1.0,0.0,0.5,none,True,True
154242,1.0,0.0,0.5,none,True,True
154243,1.0,0.0,0.5,none,True,True
154244,1.0,0.0,0.5,none,True,True
154245,1.0,0.0,0.5,none,True,True
154246,1.0,0.0,0.5,none,True,True
154247,1.0,0.0,0.5,none,True,True
154248,1.0,0.0,0.5,none,True,True
154249,1.0,0.0,0.5,none,True,True
154250,1.0,0.0,0.5,none,True,True
154251,1.0,0.0,0.5,none,True,True
154252,1.0,0.0,0.5,none,True,True
154253,1.0,0.0,0.5,none,True,True
154254,1.0,0.0,0.5,none,True,True
154255,1.0,0.0,0.5,none,True,True
154256,1.0,0.0,0.5,none,True,True
154257,1.0,0.0,0.5,none,True,True
154258,1.0,0.0,0.5,none,True,True
154259,1.0,0.0,0.5,none,True,True
154260,1.0,0.0,0.5,none,True,True
154261,1.0,0.0,0.5,none,True,True
154262,1.0,0.0,0.5,none,True,True
154263,1.0,0.0,0.5,none,True,True
154264,1.0,0.0,0.5,none,True,True
154265,1.0,0.0,0.5,none,True,True
154266,1.0,0.0,0.5,none,True,True
154267,1.0,0.0,0.5,none,True,True
154268,1.0,0.0,0.5,none,True,True
154269,1.0,0.0,0.5,none,True,True
154270,1.0,0.0,0.5,none,True,True
154271,1.0,0.0,0.5,none,True,True
154272,1.0,0.0,0.5,none,True,True
154273,1.0,0.0,0.5,none,True,True
154274,1.0,0.0,0.5,none,True,True
154275,1.0,0.0,0.5,none,True,True
154276,1.0,0.0,0.5,none,True,True
154277,1.0,0.0,0.5,none,True,True
154278,1.0,0.0,0.5,none,True,True
154279,1.0,0.0,0.5,none,True,True
154280,1.0,0.0,0.5,none,True,True
154281,1.0,0.0,0.5,none,True,True
154282,1.0,0.0,0.5,none,True,True
154283,1.0,0.0,0.5,none,True,True
154284,1.0,0.0,0.5,none,True,True
154285,1.0,0.0,0.5,none,True,True
154286,1.0,0.0,0.5,none,True,True
154287,1.0,0.0,0.5,none,True,True
154288,1.0,0.0,0.5,none,True,True
154289,1.0,0.0,0.5,none,True,True
154290,1.0,0.0,0.5,none,True,True
154291,1.0,0.0,0.5,none,True,True
154292,1.0,0.0,0.5,none,True,True
154293,1.0,0.0,0.5,none,True,True
154294,1.0,0.0,0.5,none,True,True
154295,1.0,0.0,0.5,none,True,True
154296,1.0,0.0,0.5,none,True,True
154297,1.0,0.0,0.5,none,True,True
154298,1.0,0.0,0.5,none,True,True
154299,1.0,0.0,0.5,none,True,True
154300,1.0,0.0,0.5,none,True,True
154301,1.0,0.0,0.5,none,True,True
154302,1.0,0.0,0.5,none,True,True
154303,1.0,0.0,0.5,none,True,True
154304,1.0,0.0,0.5,none,True,True
154305,1.0,0.0,0.5,none,True,True
154306,1.0,0.0,0.5,none,True,True
154307,1.0,0.0,0.5,none,True,True
154308,1.0,0.0,0.5,none,True,True
154309,1.0,0.0,0.5,none,True,True
154310,1.0,0.0,0.5,none,True,True
154311,1.0,0.0,0.5,none,True,True
154312,1.0,0.0,0.5,none,True,True
154313,1.0,0.0,0.5,none,True,True
154314,1.0,0.0,0.5,none,True,True
154315,1.0,0.0,0.5,none,True,True
154316,1.0,0.0,0.5,none,True,True
154317,1.0,0.0,0.5,none,True,True
154318,1.0,0.0,0.5,none,True,True
154319,1.0,0.0,0.5,none,True,True
154320,1.0,0.0,0.5,none,True,True
154321,1.0,0.0,0.5,none,True,True
154322,1.0,0.0,0.5,none,True,True
154323,1.0,0.0,0.5,none,True,True
154324,1.0,0.0,0.5,none,True,True
154325,1.0,0.0,0.5,none,True,True
154326,1.0,0.0,0.5,none,True,True
154327,1.0,0.0,0.5,none,True,True
154328,1.0,0.0,0.5,none,True,True
154329,1.0,0.0,0.5,none,True,True
154330,1.0,0.0,0.5,none,True,True
154331,1.0,0.0,0.5,none,True,True
154332,1.0,0.0,0.5,none,True,True
154333,1.0,0.0,0.5,none,True,True
154334,1.0,0.0,0.5,none,True,True
154335,1.0,0.0,0.5,none,True,True
154336,1.0,0.0,0.5,none,True,True
154337,1.0,0.0,0.5,none,True,True
154338,1.0,0.0,0.5,none,True,True
154339,1.0,0.0,0.5,none,True,True
154340,1.0,0.0,0.5,none,True,True
154341,1.0,0.0,0.5,none,True,True
154342,1.0,0.0,0.5,none,True,True
154343,1.0,0.0,0.5,none,True,True
154344,1.0,0.0,0.5,none,True,True
154345,1.0,0.0,0.5,none,True,True
154346,1.0,0.0,0.5,none,True,True
154347,1.0,0.0,0.5,none,True,True
154348,1.0,0.0,0.5,none,True,True
154349,1.0,0.0,0.5,none,True,True
154350,1.0,0.0,0.5,none,True,True
154351,1.0,0.0,0.5,none,True,True
154352,1.0,0.0,0.5,none,True,True
154353,1.0,0.0,0.5,none,True,True
154354,1.0,0.0,0.5,none,True,True
154355,1.0,0.0,0.5,none,True,True
154356,1.0,0.0,0.5,none,True,True
154357,1.0,0.0,0.5,none,True,True
154358,1.0,0.0,0.5,none,True,True
154359,1.0,0.0,0.5,none,True,True
154360,1.0,0.0,0.5,none,True,True
154361,1.0,0.0,0.5,none,True,True
154362,1.0,0.0,0.5,none,True,True
154363,1.0,0.0,0.5,none,True,True
154364,1.0,0.0,0.5,none,True,True
154365,1.0,0.0,0.5,none,True,True
154366,1.0,0.0,0.5,none,True,True
154367,1.0,0.0,0.5,none,True,True
154368,1.0,0.0,0.5,none,True,True
154369,1.0,0.0,0.5,none,True,True
154370,1.0,0.0,0.5,none,True,True
154371,1.0,0.0,0.5,none,True,True
154372,1.0,0.0,0.5,none,True,True
154373,1.0,0.0,0.5,none,True,True
154374,1.0,0.0,0.5,none,True,True
154375,1.0,0.0,0.5,none,True,True
154376,1.0,0.0,0.5,none,True,True
154377,1.0,0.0,0.5,none,True,True
154378,1.0,0.0,0.5,none,True,True
154379,1.0,0.0,0.5,none,True,True
154380,1.0,0.0,0.5,none,True,True
154381,1.0,0.0,0.5,none,True,True
154382,1.0,0.0,0.5,none,True,True
154383,1.0,0.0,0.5,none,True,True
154384,1.0,0.0,0.5,none,True,True
154385,1.0,0.0,0.5,none,True,True
154386,1.0,0.0,0.5,none,True,True
154387,1.0,0.0,0.5,none,True,True
154388,1.0,0.0,0.5,none,True,True
154389,1.0,0.0,0.5,none,True,True
154390,1.0,0.0,0.5,none,True,True
154391,1.0,0.0,0.5,none,True,True
154392,1.0,0.0,0.5,none,True,True
154393,1.0,0.0,0.5,none,True,True
154394,1.0,0.0,0.5,none,True,True
154395,1.0,0.0,0.5,none,True,True
154396,1.0,0.0,0.5,none,True,True
154397,1.0,0.0,0.5,none,True,True
154398,1.0,0.0,0.5,none,True,True
154399,1.0,0.0,0.5,none,True,True
154400,1.0,0.0,0.5,none,True,True
154401,1.0,0.0,0.5,none,True,True
154402,1.0,0.0,0.5,none,True,True
154403,1.0,0.0,0.5,none,True,True
154404,1.0,0.0,0.5,none,True,True
154405,1.0,0.0,0.5,none,True,True
154406,1.0,0.0,0.5,none,True,True
154407,1.0,0.0,0.5,none,True,True
154408,1.0,0.0,0.5,none,True,True
154409,1.0,0.0,0.5,none,True,True
154410,1.0,0.0,0.5,none,True,True
154411,1.0,0.0,0.5,none,True,True
154412,1.0,0.0,0.5,none,True,True
154413,1.0,0.0,0.5,none,True,True
154414,1.0,0.0,0.5,none,True,True
154415,1.0,0.0,0.5,none,True,True
154416,1.0,0.0,0.5,none,True,True
154417,1.0,0.0,0.5,none,True,True
154418,1.0,0.0,0.5,none,True,True
154419,1.0,0.0,0.5,none,True,True
154420,1.0,0.0,0.5,none,True,True
154421,1.0,0.0,0.5,none,True,True
154422,1.0,0.0,0.5,none,True,True
154423,1.0,0.0,0.5,none,True,True
154424,1.0,0.0,0.5,none,True,True
154425,1.0,0.0,0.5,none,True,True
154426,1.0,0.0,0.5,none,True,True
154427,1.0,0.0,0.5,none,True,True
154428,1.0,0.0,0.5,none,True,True
154429,1.0,0.0,0.5,none,True,True
154430,1.0,0.0,0.5,none,True,True
154431,1.0,0.0,0.5,none,True,True
154432,1.0,0.0,0.5,none,True,True
154433,1.0,0.0,0.5,none,True,True
154434,1.0,0.0,0.5,none,True,True
154435,1.0,0.0,0.5,none,True,True
154436,1.0,0.0,0.5,none,True,True
154437,1.0,0.0,0.5,none,True,True
154438,1.0,0.0,0.5,none,True,True
154439,1.0,0.0,0.5,none,True,True
154440,1.0,0.0,0.5,none,True,True
154441,1.0,0.0,0.5,none,True,True
154442,1.0,0.0,0.5,none,True,True
154443,1.0,0.0,0.5,none,True,True
154444,1.0,0.0,0.5,none,True,True
154445,1.0,0.0,0.5,none,True,True
154446,1.0,0.0,0.5,none,True,True
154447,1.0,0.0,0.5,none,True,True
154448,1.0,0.0,0.5,none,True,True
154449,1.0,0.0,0.5,none,True,True
154450,1.0,0.0,0.5,none,True,True
154451,1.0,0.0,0.5,none,True,True
154452,1.0,0.0,0.5,none,True,True
154453,1.0,0.0,0.5,none,True,True
154454,1.0,0.0,0.5,none,True,True
154455,1.0,0.0,0.5,none,True,True
154456,1.0,0.0,0.5,none,True,True
154457,1.0,0.0,0.5,none,True,True
154458,1.0,0.0,0.5,none,True,True
154459,1.0,0.0,0.5,none,True,True
154460,1.0,0.0,0.5,none,True,True
154461,1.0,0.0,0.5,none,True,True
154462,1.0,0.0,0.5,none,True,True
154463,1.0,0.0,0.5,none,True,True
154464,1.0,0.0,0.5,none,True,True
154465,1.0,0.0,0.5,none,True,True
154466,1.0,0.0,0.5,none,True,True
154467,1.0,0.0,0.5,none,True,True
154468,1.0,0.0,0.5,none,True,True
154469,1.0,0.0,0.5,none,True,True
154470,1.0,0.0,0.5,none,True,True
154471,1.0,0.0,0.5,none,True,True
154472,1.0,0.0,0.5,none,True,True
154473,1.0,0.0,0.5,none,True,True
154474,1.0,0.0,0.5,none,True,True
154475,1.0,0.0,0.5,none,True,True
154476,1.0,0.0,0.5,none,True,True
154477,1.0,0.0,0.5,none,True,True
154478,1.0,0.0,0.5,none,True,True
154479,1.0,0.0,0.5,none,True,True
154480,1.0,0.0,0.5,none,True,True
154481,1.0,0.0,0.5,none,True,True
154482,1.0,0.0,0.5,none,True,True
154483,1.0,0.0,0.5,none,True,True
154484,1.0,0.0,0.5,none,True,True
154485,1.0,0.0,0.5,none,True,True
154486,1.0,0.0,0.5,none,True,True
154487,1.0,0.0,0.5,none,True,True
154488,1.0,0.0,0.5,none,True,True
154489,1.0,0.0,0.5,none,True,True
154490,1.0,0.0,0.5,none,True,True
154491,1.0,0.0,0.5,none,True,True
154492,1.0,0.0,0.5,none,True,True
154493,1.0,0.0,0.5,none,True,True
154494,1.0,0.0,0.5,none,True,True
154495,1.0,0.0,0.5,none,True,True
154496,1.0,0.0,0.5,none,True,True
154497,1.0,0.0,0.5,none,True,True
154498,1.0,0.0,0.5,none,True,True
154499,1.0,0.0,0.5,none,True,True
154500,1.0,0.0,0.5,none,True,True
154501,1.0,0.0,0.5,none,True,True
154502,1.0,0.0,0.5,none,True,True
154503,1.0,0.0,0.5,none,True,True
154504,1.0,0.0,0.5,none,True,True
154505,1.0,0.0,0.5,none,True,True
154506,1.0,0.0,0.5,none,True,True
154507,1.0,0.0,0.5,none,True,True
154508,1.0,0.0,0.5,none,True,True
154509,1.0,0.0,0.5,none,True,True
154510,1.0,0.0,0.5,none,True,True
154511,1.0,0.0,0.5,none,True,True
154512,1.0,0.0,0.5,none,True,True
154513,1.0,0.0,0.5,none,True,True
154514,1.0,0.0,0.5,none,True,True
154515,1.0,0.0,0.5,none,True,True
154516,1.0,0.0,0.5,none,True,True
154517,1.0,0.0,0.5,none,True,True
154518,1.0,0.0,0.5,none,True,True
154519,1.0,0.0,0.5,none,True,True
154520,1.0,0.0,0.5,none,True,True
154521,1.0,0.0,0.5,none,True,True
154522,1.0,0.0,0.5,none,True,True
154523,1.0,0.0,0.5,none,True,True
154524,1.0,0.0,0.5,none,True,True
154525,1.0,0.0,0.5,none,True,True
154526,1.0,0.0,0.5,none,True,True
154527,1.0,0.0,0.5,none,True,True
154528,1.0,0.0,0.5,none,True,True
154529,1.0,0.0,0.5,none,True,True
154530,1.0,0.0,0.5,none,True,True
154531,1.0,0.0,0.5,none,True,True
154532,1.0,0.0,0.5,none,True,True
154533,1.0,0.0,0.5,none,True,True
154534,1.0,0.0,0.5,none,True,True
154535,1.0,0.0,0.5,none,True,True
154536,1.0,0.0,0.5,none,True,True
154537,1.0,0.0,0.5,none,True,True
154538,1.0,0.0,0.5,none,True,True
154539,1.0,0.0,0.5,none,True,True
154540,1.0,0.0,0.5,none,True,True
154541,1.0,0.0,0.5,none,True,True
154542,1.0,0.0,0.5,none,True,True
154543,1.0,0.0,0.5,none,True,True
154544,1.0,0.0,0.5,none,True,True
154545,1.0,0.0,0.5,none,True,True
154546,1.0,0.0,0.5,none,True,True
154547,1.0,0.0,0.5,none,True,True
154548,1.0,0.0,0.5,none,True,True
154549,1.0,0.0,0.5,none,True,True
154550,1.0,0.0,0.5,none,True,True
154551,1.0,0.0,0.5,none,True,True
154552,1.0,0.0,0.5,none,True,True
154553,1.0,0.0,0.5,none,True,True
154554,1.0,0.0,0.5,none,True,True
154555,1.0,0.0,0.5,none,True,True
154556,1.0,0.0,0.5,none,True,True
154557,1.0,0.0,0.5,none,True,True
154558,1.0,0.0,0.5,none,True,True
154559,1.0,0.0,0.5,none,True,True
154560,1.0,0.0,0.5,none,True,True
154561,1.0,0.0,0.5,none,True,True
154562,1.0,0.0,0.5,none,True,True
154563,1.0,0.0,0.5,none,True,True
154564,1.0,0.0,0.5,none,True,True
154565,1.0,0.0,0.5,none,True,True
154566,1.0,0.0,0.5,none,True,True
154567,1.0,0.0,0.5,none,True,True
154568,1.0,0.0,0.5,none,True,True
154569,1.0,0.0,0.5,none,True,True
154570,1.0,0.0,0.5,none,True,True
154571,1.0,0.0,0.5,none,True,True
154572,1.0,0.0,0.5,none,True,True
154573,1.0,0.0,0.5,none,True,True
154574,1.0,0.0,0.5,none,True,True
154575,1.0,0.0,0.5,none,True,True
154576,1.0,0.0,0.5,none,True,True
154577,1.0,0.0,0.5,none,True,True
154578,1.0,0.0,0.5,none,True,True
154579,1.0,0.0,0.5,none,True,True
154580,1.0,0.0,0.5,none,True,True
154581,1.0,0.0,0.5,none,True,True
154582,1.0,0.0,0.5,none,True,True
154583,1.0,0.0,0.5,none,True,True
154584,1.0,0.0,0.5,none,True,True
154585,1.0,0.0,0.5,none,True,True
154586,1.0,0.0,0.5,none,True,True
154587,1.0,0.0,0.5,none,True,True
154588,1.0,0.0,0.5,none,True,True
154589,1.0,0.0,0.5,none,True,True
154590,1.0,0.0,0.5,none,True,True
154591,1.0,0.0,0.5,none,True,True
154592,1.0,0.0,0.5,none,True,True
154593,1.0,0.0,0.5,none,True,True
154594,1.0,0.0,0.5,none,True,True
154595,1.0,0.0,0.5,none,True,True
154596,1.0,0.0,0.5,none,True,True
154597,1.0,0.0,0.5,none,True,True
154598,1.0,0.0,0.5,none,True,True
154599,1.0,0.0,0.5,none,True,True
154600,1.0,0.0,0.5,none,True,True
154601,1.0,0.0,0.5,none,True,True
154602,1.0,0.0,0.5,none,True,True
154603,1.0,0.0,0.5,none,True,True
154604,1.0,0.0,0.5,none,True,True
154605,1.0,0.0,0.5,none,True,True
154606,1.0,0.0,0.5,none,True,True
154607,1.0,0.0,0.5,none,True,True
154608,1.0,0.0,0.5,none,True,True
154609,1.0,0.0,0.5,none,True,True
154610,1.0,0.0,0.5,none,True,True
154611,1.0,0.0,0.5,none,True,True
154612,1.0,0.0,0.5,none,True,True
154613,1.0,0.0,0.5,none,True,True
154614,1.0,0.0,0.5,none,True,True
154615,1.0,0.0,0.5,none,True,True
154616,1.0,0.0,0.5,none,True,True
154617,1.0,0.0,0.5,none,True,True
154618,1.0,0.0,0.5,none,True,True
154619,1.0,0.0,0.5,none,True,True
154620,1.0,0.0,0.5,none,True,True
154621,1.0,0.0,0.5,none,True,True
154622,1.0,0.0,0.5,none,True,True
154623,1.0,0.0,0.5,none,True,True
154624,1.0,0.0,0.5,none,True,True
154625,1.0,0.0,0.5,none,True,True
154626,1.0,0.0,0.5,none,True,True
154627,1.0,0.0,0.5,none,True,True
154628,1.0,0.0,0.5,none,True,True
154629,1.0,0.0,0.5,none,True,True
154630,1.0,0.0,0.5,none,True,True
154631,1.0,0.0,0.5,none,True,True
154632,1.0,0.0,0.5,none,True,True
154633,1.0,0.0,0.5,none,True,True
154634,1.0,0.0,0.5,none,True,True
154635,1.0,0.0,0.5,none,True,True
154636,1.0,0.0,0.5,none,True,True
154637,1.0,0.0,0.5,none,True,True
154638,1.0,0.0,0.5,none,True,True
154639,1.0,0.0,0.5,none,True,True
154640,1.0,0.0,0.5,none,True,True
154641,1.0,0.0,0.5,none,True,True
154642,1.0,0.0,0.5,none,True,True
154643,1.0,0.0,0.5,none,True,True
154644,1.0,0.0,0.5,none,True,True
154645,1.0,0.0,0.5,none,True,True
154646,1.0,0.0,0.5,none,True,True
154647,1.0,0.0,0.5,none,True,True
154648,1.0,0.0,0.5,none,True,True
154649,1.0,0.0,0.5,none,True,True
154650,1.0,0.0,0.5,none,True,True
154651,1.0,0.0,0.5,none,True,True
154652,1.0,0.0,0.5,none,True,True
154653,1.0,0.0,0.5,none,True,True
154654,1.0,0.0,0.5,none,True,True
154655,1.0,0.0,0.5,none,True,True
154656,1.0,0.0,0.5,none,True,True
154657,1.0,0.0,0.5,none,True,True
154658,1.0,0.0,0.5,none,True,True
154659,1.0,0.0,0.5,none,True,True
154660,1.0,0.0,0.5,none,True,True
154661,1.0,0.0,0.5,none,True,True
154662,1.0,0.0,0.5,none,True,True
154663,1.0,0.0,0.5,none,True,True
154664,1.0,0.0,0.5,none,True,True
154665,1.0,0.0,0.5,none,True,True
154666,1.0,0.0,0.5,none,True,True
154667,1.0,0.0,0.5,none,True,True
154668,1.0,0.0,0.5,none,True,True
154669,1.0,0.0,0.5,none,True,True
154670,1.0,0.0,0.5,none,True,True
154671,1.0,0.0,0.5,none,True,True
154672,1.0,0.0,0.5,none,True,True
154673,1.0,0.0,0.5,none,True,True
154674,1.0,0.0,0.5,none,True,True
154675,1.0,0.0,0.5,none,True,True
154676,1.0,0.0,0.5,none,True,True
154677,1.0,0.0,0.5,none,True,True
154678,1.0,0.0,0.5,none,True,True
154679,1.0,0.0,0.5,none,True,True
154680,1.0,0.0,0.5,none,True,True
154681,1.0,0.0,0.5,none,True,True
154682,1.0,0.0,0.5,none,True,True
154683,1.0,0.0,0.5,none,True,True
154684,1.0,0.0,0.5,none,True,True
154685,1.0,0.0,0.5,none,True,True
154686,1.0,0.0,0.5,none,True,True
154687,1.0,0.0,0.5,none,True,True
154688,1.0,0.0,0.5,none,True,True
154689,1.0,0.0,0.5,none,True,True
154690,1.0,0.0,0.5,none,True,True
154691,1.0,0.0,0.5,none,True,True
154692,1.0,0.0,0.5,none,True,True
154693,1.0,0.0,0.5,none,True,True
154694,1.0,0.0,0.5,none,True,True
154695,1.0,0.0,0.5,none,True,True
154696,1.0,0.0,0.5,none,True,True
154697,1.0,0.0,0.5,none,True,True
154698,1.0,0.0,0.5,none,True,True
154699,1.0,0.0,0.5,none,True,True
154700,1.0,0.0061,0.5,none,True,True
154701,1.0,0.0357,0.5,none,True,True
154702,1.0,0.0812,0.5,none,True,True
154703,1.0,0.1113,0.5,none,True,True
154704,1.0,0.1253,0.5,none,True,True
154705,1.0,0.1408,0.5,none,True,True
154706,1.0,0.0907,0.5,none,True,True
154707,1.0,0.1198,0.5,none,True,True
154708,1.0,0.0467,0.5,none,True,True
154709,1.0,0.0522,0.5,none,True,True
154710,1.0,0.0405,0.5,none,True,True
154711,1.0,0.0313,0.5,none,True,True
154712,1.0,0.0083,0.5,none,True,True
154713,1.0,0.0726,0.5,none,True,True
154714,1.0,0.0793,0.5,none,True,True
154715,1.0,0.0581,0.5,none,True,True
154716,1.0,0.0955,0.5,none,True,True
154717,1.0,0.0839,0.5,none,True,True
154718,1.0,0.0648,0.5,none,True,True
154719,1.0,0.0718,0.5,none,True,True
154720,1.0,0.0589,0.5,none,True,True
154721,1.0,0.0403,0.5,none,True,True
154722,1.0,0.0327,0.5,none,True,True
154723,1.0,0.0277,0.5,none,True,True
154724,1.0,0.017,0.5,none,True,True
154725,1.0,0.0102,0.5,none,True,True
154726,1.0,0.0099,0.5,none,True,True
154727,1.0,0.008,0.5,none,True,True
154728,1.0,0.005,0.5,none,True,True
154729,1.0,0.0063,0.5,none,True,True
154730,1.0,0.009,0.5,none,True,True
154731,1.0,0.0096,0.5,none,True,True
154732,1.0,0.0108,0.5,none,True,True
154733,1.0,0.014,0.5,none,True,True
154734,1.0,0.0161,0.5,none,True,True
154735,1.0,0.0167,0.5,none,True,True
154736,1.0,0.0182,0.5,none,True,True
154737,1.0,0.0196,0.5,none,True,True
154738,1.0,0.0197,0.5,none,True,True
154739,1.0,0.0193,0.5,none,True,True
154740,1.0,0.0193,0.5,none,True,True
154741,1.0,0.0187,0.5,none,True,True
154742,1.0,0.0174,0.5,none,True,True
154743,1.0,0.0163,0.5,none,True,True
154744,1.0,0.0152,0.5,none,True,True
154745,1.0,0.0138,0.5,none,True,True
154746,1.0,0.0123,0.5,none,True,True
154747,1.0,0.0111,0.5,none,True,True
154748,1.0,0.01,0.5,none,True,True
154749,1.0,0.0088,0.5,none,True,True
154750,1.0,0.0078,0.5,none,True,True
154751,1.0,0.0071,0.5,none,True,True
154752,1.0,0.0064,0.5,none,True,True
154753,1.0,0.0057,0.5,none,True,True
154754,1.0,0.0053,0.5,none,True,True
154755,1.0,0.005,0.5,none,True,True
154756,1.0,0.0047,0.5,none,True,True
154757,1.0,0.0045,0.5,none,True,True
154758,1.0,0.0044,0.5,none,True,True
154759,1.0,0.0043,0.5,none,True,True
154760,1.0,0.0042,0.5,none,True,True
154761,1.0,0.0041,0.5,none,True,True
154762,1.0,0.004,0.5,none,True,True
154763,1.0,0.0039,0.5,none,True,True
154764,1.0,0.0038,0.5,none,True,True
154765,1.0,0.0037,0.5,none,True,True
154766,1.0,0.0035,0.5,none,True,True
154767,1.0,0.0033,0.5,none,True,True
154768,1.0,0.0032,0.5,none,True,True
154769,1.0,0.003,0.5,none,True,True
154770,1.0,0.0028,0.5,none,True,True
154771,1.0,0.0026,0.5,none,True,True
154772,1.0,0.0024,0.5,none,True,True
154773,1.0,0.0023,0.5,none,True,True
154774,1.0,0.0021,0.5,none,True,True
154775,1.0,0.0019,0.5,none,True,True
154776,1.0,0.0018,0.5,none,True,True
154777,1.0,0.0017,0.5,none,True,True
154778,1.0,0.0015,0.5,none,True,True
154779,1.0,0.0014,0.5,none,True,True
154780,1.0,0.0013,0.5,none,True,True
154781,1.0,0.0013,0.5,none,True,True
154782,1.0,0.0012,0.5,none,True,True
154783,1.0,0.0011,0.5,none,True,True
154784,1.0,0.0011,0.5,none,True,True
154785,1.0,0.001,0.5,none,True,True
154786,1.0,0.001,0.5,none,True,True
154787,1.0,0.0009,0.5,none,True,True
154788,1.0,0.0009,0.5,none,True,True
154789,1.0,0.0008,0.5,none,True,True
154790,1.0,0.0008,0.5,none,True,True
154791,1.0,0.0008,0.5,none,True,True
154792,1.0,0.0007,0.5,none,True,True
154793,1.0,0.0007,0.5,none,True,True
154794,1.0,0.0006,0.5,none,True,True
154795,1.0,0.0006,0.5,none,True,True
154796,1.0,0.0006,0.5,none,True,True
154797,1.0,0.0005,0.5,none,True,True
154798,1.0,0.0005,0.5,none,True,True
154799,1.0,0.0005,0.5,none,True,True
154800,1.0,0.0004,0.5,none,True,True
154801,1.0,0.0004,0.5,none,True,True
154802,1.0,0.0004,0.5,none,True,True
154803,1.0,0.0004,0.5,none,True,True
154804,1.0,0.0003,0.5,none,True,True
154805,1.0,0.0003,0.5,none,True,True
154806,1.0,0.0003,0.5,none,True,True
154807,1.0,0.0003,0.5,none,True,True
154808,1.0,0.0003,0.5,none,True,True
154809,1.0,0.0003,0.5,none,True,True
154810,1.0,0.0002,0.5,none,True,True
154811,1.0,0.0002,0.5,none,True,True
154812,1.0,0.0002,0.5,none,True,True
154813,1.0,0.0002,0.5,none,True,True
154814,1.0,0.0002,0.5,none,True,True
154815,1.0,0.0002,0.5,none,True,True
154816,1.0,0.0002,0.5,none,True,True
154817,1.0,0.0002,0.5,none,True,True
154818,1.0,0.0002,0.5,none,True,True
154819,1.0,0.0001,0.5,none,True,True
154820,1.0,0.0001,0.5,none,True,True
154821,1.0,0.0001,0.5,none,True,True
154822,1.0,0.0001,0.5,none,True,True
154823,1.0,0.0001,0.5,none,True,True
154824,1.0,0.0001,0.5,none,True,True
154825,1.0,0.0001,0.5,none,True,True
154826,1.0,0.0001,0.5,none,True,True
154827,1.0,0.0001,0.5,none,True,True
154828,1.0,0.0001,0.5,none,True,True
154829,1.0,0.0001,0.5,none,True,True
154830,1.0,0.0001,0.5,none,True,True
154831,1.0,0.0001,0.5,none,True,True
154832,1.0,0.0001,0.5,none,True,True
154833,1.0,0.0001,0.5,none,True,True
154834,1.0,0.0001,0.5,none,True,True
154835,1.0,0.0001,0.5,none,True,True
154836,1.0,0.0001,0.5,none,True,True
154837,1.0,0.0,0.5,none,True,True
154838,1.0,0.0,0.5,none,True,True
154839,1.0,0.0,0.5,none,True,True
154840,1.0,0.0,0.5,none,True,True
154841,1.0,0.0,0.5,none,True,True
154842,1.0,0.0,0.5,none,True,True
154843,1.0,0.0,0.5,none,True,True
154844,1.0,0.0,0.5,none,True,True
154845,1.0,0.0,0.5,none,True,True
154846,1.0,0.0,0.5,none,True,True
154847,1.0,0.0,0.5,none,True,True
154848,1.0,0.0,0.5,none,True,True
154849,1.0,0.0,0.5,none,True,True
154850,1.0,0.0,0.5,none,True,True
154851,1.0,0.0,0.5,none,True,True
154852,1.0,0.0,0.5,none,True,True
154853,1.0,0.0,0.5,none,True,True
154854,1.0,0.0,0.5,none,True,True
154855,1.0,0.0,0.5,none,True,True
154856,1.0,0.0,0.5,none,True,True
154857,1.0,0.0,0.5,none,True,True
154858,1.0,0.0,0.5,none,True,True
154859,1.0,0.0,0.5,none,True,True
154860,1.0,0.0,0.5,none,True,True
154861,1.0,0.0,0.5,none,True,True
154862,1.0,0.0,0.5,none,True,True
154863,1.0,0.0,0.5,none,True,True
154864,1.0,0.0,0.5,none,True,True
154865,1.0,0.0,0.5,none,True,True
154866,1.0,0.0,0.5,none,True,True
154867,1.0,0.0,0.5,none,True,True
154868,1.0,0.0,0.5,none,True,True
154869,1.0,0.0,0.5,none,True,True
154870,1.0,0.0,0.5,none,True,True
154871,1.0,0.0,0.5,none,True,True
154872,1.0,0.0,0.5,none,True,True
154873,1.0,0.0,0.5,none,True,True
154874,1.0,0.0,0.5,none,True,True
154875,1.0,0.0,0.5,none,True,True
154876,1.0,0.0,0.5,none,True,True
154877,1.0,0.0,0.5,none,True,True
154878,1.0,0.0,0.5,none,True,True
154879,1.0,0.0,0.5,none,True,True
154880,1.0,0.0,0.5,none,True,True
154881,1.0,0.0,0.5,none,True,True
154882,1.0,0.0,0.5,none,True,True
154883,1.0,0.0,0.5,none,True,True
154884,1.0,0.0,0.5,none,True,True
154885,1.0,0.0,0.5,none,True,True
154886,1.0,0.0,0.5,none,True,True
154887,1.0,0.0,0.5,none,True,True
154888,1.0,0.0,0.5,none,True,True
154889,1.0,0.0,0.5,none,True,True
154890,1.0,0.0,0.5,none,True,True
154891,1.0,0.0,0.5,none,True,True
154892,1.0,0.0,0.5,none,True,True
154893,1.0,0.0,0.5,none,True,True
154894,1.0,0.0,0.5,none,True,True
154895,1.0,0.0,0.5,none,True,True
154896,1.0,0.0,0.5,none,True,True
154897,1.0,0.0,0.5,none,True,True
154898,1.0,0.0,0.5,none,True,True
154899,1.0,0.0,0.5,none,True,True
154900,1.0,0.0,0.5,none,True,True
154901,1.0,0.0,0.5,none,True,True
154902,1.0,0.0,0.5,none,True,True
154903,1.0,0.0,0.5,none,True,True
154904,1.0,0.0,0.5,none,True,True
154905,1.0,0.0,0.5,none,True,True
154906,1.0,0.0,0.5,none,True,True
154907,1.0,0.0,0.5,none,True,True
154908,1.0,0.0,0.5,none,True,True
154909,1.0,0.0,0.5,none,True,True
154910,1.0,0.0,0.5,none,True,True
154911,1.0,0.0,0.5,none,True,True
154912,1.0,0.0,0.5,none,True,True
154913,1.0,0.0,0.5,none,True,True
154914,1.0,0.0,0.5,none,True,True
154915,1.0,0.0,0.5,none,True,True
154916,1.0,0.0,0.5,none,True,True
154917,1.0,0.0,0.5,none,True,True
154918,1.0,0.0,0.5,none,True,True
154919,1.0,0.0,0.5,none,True,True
154920,1.0,0.0,0.5,none,True,True
154921,1.0,0.0,0.5,none,True,True
154922,1.0,0.0,0.5,none,True,True
154923,1.0,0.0,0.5,none,True,True
154924,1.0,0.0,0.5,none,True,True
154925,1.0,0.0,0.5,none,True,True
154926,1.0,0.0,0.5,none,True,True
154927,1.0,0.0,0.5,none,True,True
154928,1.0,0.0,0.5,none,True,True
154929,1.0,0.0,0.5,none,True,True
154930,1.0,0.0,0.5,none,True,True
154931,1.0,0.0,0.5,none,True,True
154932,1.0,0.0,0.5,none,True,True
154933,1.0,0.0,0.5,none,True,True
154934,1.0,0.0,0.5,none,True,True
154935,1.0,0.0,0.5,none,True,True
154936,1.0,0.0,0.5,none,True,True
154937,1.0,0.0,0.5,none,True,True
154938,1.0,0.0,0.5,none,True,True
154939,1.0,0.0,0.5,none,True,True
154940,1.0,0.0,0.5,none,True,True
154941,1.0,0.0,0.5,none,True,True
154942,1.0,0.0,0.5,none,True,True
154943,1.0,0.0,0.5,none,True,True
154944,1.0,0.0,0.5,none,True,True
154945,1.0,0.0,0.5,none,True,True
154946,1.0,0.0,0.5,none,True,True
154947,1.0,0.0,0.5,none,True,True
154948,1.0,0.0,0.5,none,True,True
154949,1.0,0.0,0.5,none,True,True
154950,1.0,0.0,0.5,none,True,True
154951,1.0,0.0,0.5,none,True,True
154952,1.0,0.0,0.5,none,True,True
154953,1.0,0.0,0.5,none,True,True
154954,1.0,0.0,0.5,none,True,True
154955,1.0,0.0,0.5,none,True,True
154956,1.0,0.0,0.5,none,True,True
154957,1.0,0.0,0.5,none,True,True
154958,1.0,0.0,0.5,none,True,True
154959,1.0,0.0,0.5,none,True,True
154960,1.0,0.0,0.5,none,True,True
154961,1.0,0.0,0.5,none,True,True
154962,1.0,0.0,0.5,none,True,True
154963,1.0,0.0,0.5,none,True,True
154964,1.0,0.0,0.5,none,True,True
154965,1.0,0.0,0.5,none,True,True
154966,1.0,0.0,0.5,none,True,True
154967,1.0,0.0,0.5,none,True,True
154968,1.0,0.0,0.5,none,True,True
154969,1.0,0.0,0.5,none,True,True
154970,1.0,0.0,0.5,none,True,True
154971,1.0,0.0,0.5,none,True,True
154972,1.0,0.0,0.5,none,True,True
154973,1.0,0.0,0.5,none,True,True
154974,1.0,0.0,0.5,none,True,True
154975,1.0,0.0,0.5,none,True,True
154976,1.0,0.0,0.5,none,True,True
154977,1.0,0.0,0.5,none,True,True
154978,1.0,0.0,0.5,none,True,True
154979,1.0,0.0,0.5,none,True,True
154980,1.0,0.0,0.5,none,True,True
154981,1.0,0.0,0.5,none,True,True
154982,1.0,0.0,0.5,none,True,True
154983,1.0,0.0,0.5,none,True,True
154984,1.0,0.0,0.5,none,True,True
154985,1.0,0.0,0.5,none,True,True
154986,1.0,0.0,0.5,none,True,True
154987,1.0,0.0,0.5,none,True,True
154988,1.0,0.0,0.5,none,True,True
154989,1.0,0.0,0.5,none,True,True
154990,1.0,0.0,0.5,none,True,True
154991,1.0,0.0,0.5,none,True,True
154992,1.0,0.0,0.5,none,True,True
154993,1.0,0.0,0.5,none,True,True
154994,1.0,0.0,0.5,none,True,True
154995,1.0,0.0,0.5,none,True,True
154996,1.0,0.0,0.5,none,True,True
154997,1.0,0.0,0.5,none,True,True
154998,1.0,0.0,0.5,none,True,True
154999,1.0,0.0,0.5,none,True,True
155000,1.0,0.0,0.5,none,True,True
155001,1.0,0.0,0.5,none,True,True
155002,1.0,0.0,0.5,none,True,True
155003,1.0,0.0,0.5,none,True,True
155004,1.0,0.0,0.5,none,True,True
155005,1.0,0.0,0.5,none,True,True
155006,1.0,0.0,0.5,none,True,True
155007,1.0,0.0,0.5,none,True,True
155008,1.0,0.0,0.5,none,True,True
155009,1.0,0.0,0.5,none,True,True
155010,1.0,0.0,0.5,none,True,True
155011,1.0,0.0,0.5,none,True,True
155012,1.0,0.0,0.5,none,True,True
155013,1.0,0.0,0.5,none,True,True
155014,1.0,0.0,0.5,none,True,True
155015,1.0,0.0,0.5,none,True,True
155016,1.0,0.0,0.5,none,True,True
155017,1.0,0.0,0.5,none,True,True
155018,1.0,0.0,0.5,none,True,True
155019,1.0,0.0,0.5,none,True,True
155020,1.0,0.0,0.5,none,True,True
155021,1.0,0.0,0.5,none,True,True
155022,1.0,0.0,0.5,none,True,True
155023,1.0,0.0,0.5,none,True,True
155024,1.0,0.0,0.5,none,True,True
155025,1.0,0.0,0.5,none,True,True
155026,1.0,0.0,0.5,none,True,True
155027,1.0,0.0,0.5,none,True,True
155028,1.0,0.0,0.5,none,True,True
155029,1.0,0.0,0.5,none,True,True
155030,1.0,0.0,0.5,none,True,True
155031,1.0,0.0,0.5,none,True,True
155032,1.0,0.0,0.5,none,True,True
155033,1.0,0.0,0.5,none,True,True
155034,1.0,0.0,0.5,none,True,True
155035,1.0,0.0,0.5,none,True,True
155036,1.0,0.0,0.5,none,True,True
155037,1.0,0.0,0.5,none,True,True
155038,1.0,0.0,0.5,none,True,True
155039,1.0,0.0,0.5,none,True,True
155040,1.0,0.0,0.5,none,True,True
155041,1.0,0.0,0.5,none,True,True
155042,1.0,0.0,0.5,none,True,True
155043,1.0,0.0,0.5,none,True,True
155044,1.0,0.0,0.5,none,True,True
155045,1.0,0.0,0.5,none,True,True
155046,1.0,0.0,0.5,none,True,True
155047,1.0,0.0,0.5,none,True,True
155048,1.0,0.0,0.5,none,True,True
155049,1.0,0.0,0.5,none,True,True
155050,1.0,0.0,0.5,none,True,True
155051,1.0,0.0,0.5,none,True,True
155052,1.0,0.0,0.5,none,True,True
155053,1.0,0.0,0.5,none,True,True
155054,1.0,0.0,0.5,none,True,True
155055,1.0,0.0,0.5,none,True,True
155056,1.0,0.0,0.5,none,True,True
155057,1.0,0.0,0.5,none,True,True
155058,1.0,0.0,0.5,none,True,True
155059,1.0,0.0,0.5,none,True,True
155060,1.0,0.0,0.5,none,True,True
155061,1.0,0.0,0.5,none,True,True
155062,1.0,0.0,0.5,none,True,True
155063,1.0,0.0,0.5,none,True,True
155064,1.0,0.0,0.5,none,True,True
155065,1.0,0.0,0.5,none,True,True
155066,1.0,0.0,0.5,none,True,True
155067,1.0,0.0,0.5,none,True,True
155068,1.0,0.0,0.5,none,True,True
155069,1.0,0.0,0.5,none,True,True
155070,1.0,0.0,0.5,none,True,True
155071,1.0,0.0,0.5,none,True,True
155072,1.0,0.0,0.5,none,True,True
155073,1.0,0.0,0.5,none,True,True
155074,1.0,0.0,0.5,none,True,True
155075,1.0,0.0,0.5,none,True,True
155076,1.0,0.0,0.5,none,True,True
155077,1.0,0.0,0.5,none,True,True
155078,1.0,0.0,0.5,none,True,True
155079,1.0,0.0,0.5,none,True,True
155080,1.0,0.0,0.5,none,True,True
155081,1.0,0.0,0.5,none,True,True
155082,1.0,0.0,0.5,none,True,True
155083,1.0,0.0,0.5,none,True,True
155084,1.0,0.0,0.5,none,True,True
155085,1.0,0.0,0.5,none,True,True
155086,1.0,0.0,0.5,none,True,True
155087,1.0,0.0,0.5,none,True,True
155088,1.0,0.0,0.5,none,True,True
155089,1.0,0.0,0.5,none,True,True
155090,1.0,0.0,0.5,none,True,True
155091,1.0,0.0,0.5,none,True,True
155092,1.0,0.0,0.5,none,True,True
155093,1.0,0.0,0.5,none,True,True
155094,1.0,0.0,0.5,none,True,True
155095,1.0,0.0,0.5,none,True,True
155096,1.0,0.0,0.5,none,True,True
155097,1.0,0.0,0.5,none,True,True
155098,1.0,0.0,0.5,none,True,True
155099,1.0,0.0,0.5,none,True,True
155100,1.0,0.0,0.5,none,True,True
155101,1.0,0.0,0.5,none,True,True
155102,1.0,0.0,0.5,none,True,True
155103,1.0,0.0,0.5,none,True,True
155104,1.0,0.0,0.5,none,True,True
155105,1.0,0.0,0.5,none,True,True
155106,1.0,0.0,0.5,none,True,True
155107,1.0,0.0,0.5,none,True,True
155108,1.0,0.0,0.5,none,True,True
155109,1.0,0.0,0.5,none,True,True
155110,1.0,0.0,0.5,none,True,True
155111,1.0,0.0,0.5,none,True,True
155112,1.0,0.0,0.5,none,True,True
155113,1.0,0.0,0.5,none,True,True
155114,1.0,0.0,0.5,none,True,True
155115,1.0,0.0,0.5,none,True,True
155116,1.0,0.0,0.5,none,True,True
155117,1.0,0.0,0.5,none,True,True
155118,1.0,0.0,0.5,none,True,True
155119,1.0,0.0,0.5,none,True,True
155120,1.0,0.0,0.5,none,True,True
155121,1.0,0.0,0.5,none,True,True
155122,1.0,0.0,0.5,none,True,True
155123,1.0,0.0,0.5,none,True,True
155124,1.0,0.0,0.5,none,True,True
155125,1.0,0.0,0.5,none,True,True
155126,1.0,0.0,0.5,none,True,True
155127,1.0,0.0,0.5,none,True,True
155128,1.0,0.0,0.5,none,True,True
155129,1.0,0.0,0.5,none,True,True
155130,1.0,0.0,0.5,none,True,True
155131,1.0,0.0,0.5,none,True,True
155132,1.0,0.0,0.5,none,True,True
155133,1.0,0.0,0.5,none,True,True
155134,1.0,0.0,0.5,none,True,True
155135,1.0,0.0,0.5,none,True,True
155136,1.0,0.0,0.5,none,True,True
155137,1.0,0.0,0.5,none,True,True
155138,1.0,0.0,0.5,none,True,True
155139,1.0,0.0,0.5,none,True,True
155140,1.0,0.0,0.5,none,True,True
155141,1.0,0.0,0.5,none,True,True
155142,1.0,0.0,0.5,none,True,True
155143,1.0,0.0,0.5,none,True,True
155144,1.0,0.0,0.5,none,True,True
155145,1.0,0.0,0.5,none,True,True
155146,1.0,0.0,0.5,none,True,True
155147,1.0,0.0,0.5,none,True,True
155148,1.0,0.0,0.5,none,True,True
155149,1.0,0.0,0.5,none,True,True
155150,1.0,0.0,0.5,none,True,True
155151,1.0,0.0,0.5,none,True,True
155152,1.0,0.0,0.5,none,True,True
155153,1.0,0.0,0.5,none,True,True
155154,1.0,0.0,0.5,none,True,True
155155,1.0,0.0,0.5,none,True,True
155156,1.0,0.0,0.5,none,True,True
155157,1.0,0.0,0.5,none,True,True
155158,1.0,0.0,0.5,none,True,True
155159,1.0,0.0,0.5,none,True,True
155160,1.0,0.0,0.5,none,True,True
155161,1.0,0.0,0.5,none,True,True
155162,1.0,0.0,0.5,none,True,True
155163,1.0,0.0,0.5,none,True,True
155164,1.0,0.0,0.5,none,True,True
155165,1.0,0.0,0.5,none,True,True
155166,1.0,0.0,0.5,none,True,True
155167,1.0,0.0,0.5,none,True,True
155168,1.0,0.0,0.5,none,True,True
155169,1.0,0.0,0.5,none,True,True
155170,1.0,0.0,0.5,none,True,True
155171,1.0,0.0,0.5,none,True,True
155172,1.0,0.0,0.5,none,True,True
155173,1.0,0.0,0.5,none,True,True
155174,1.0,0.0,0.5,none,True,True
155175,1.0,0.0,0.5,none,True,True
155176,1.0,0.0,0.5,none,True,True
155177,1.0,0.0,0.5,none,True,True
155178,1.0,0.0,0.5,none,True,True
155179,1.0,0.0,0.5,none,True,True
155180,1.0,0.0,0.5,none,True,True
155181,1.0,0.0,0.5,none,True,True
155182,1.0,0.0,0.5,none,True,True
155183,1.0,0.0,0.5,none,True,True
155184,1.0,0.0,0.5,none,True,True
155185,1.0,0.0,0.5,none,True,True
155186,1.0,0.0,0.5,none,True,True
155187,1.0,0.0,0.5,none,True,True
155188,1.0,0.0,0.5,none,True,True
155189,1.0,0.0,0.5,none,True,True
155190,1.0,0.0,0.5,none,True,True
155191,1.0,0.0,0.5,none,True,True
155192,1.0,0.0,0.5,none,True,True
155193,1.0,0.0,0.5,none,True,True
155194,1.0,0.0,0.5,none,True,True
155195,1.0,0.0,0.5,none,True,True
155196,1.0,0.0,0.5,none,True,True
155197,1.0,0.0,0.5,none,True,True
155198,1.0,0.0,0.5,none,True,True
155199,1.0,0.0,0.5,none,True,True
155200,1.0,0.0,0.5,none,True,True
155201,1.0,0.0,0.5,none,True,True
155202,1.0,0.0,0.5,none,True,True
155203,1.0,0.0,0.5,none,True,True
155204,1.0,0.0,0.5,none,True,True
155205,1.0,0.0,0.5,none,True,True
155206,1.0,0.0,0.5,none,True,True
155207,1.0,0.0,0.5,none,True,True
155208,1.0,0.0,0.5,none,True,True
155209,1.0,0.0,0.5,none,True,True
155210,1.0,0.0,0.5,none,True,True
155211,1.0,0.0,0.5,none,True,True
155212,1.0,0.0,0.5,none,True,True
155213,1.0,0.0,0.5,none,True,True
155214,1.0,0.0,0.5,none,True,True
155215,1.0,0.0,0.5,none,True,True
155216,1.0,0.0,0.5,none,True,True
155217,1.0,0.0,0.5,none,True,True
155218,1.0,0.0,0.5,none,True,True
155219,1.0,0.0,0.5,none,True,True
155220,1.0,0.0,0.5,none,True,True
155221,1.0,0.0,0.5,none,True,True
155222,1.0,0.0,0.5,none,True,True
155223,1.0,0.0,0.5,none,True,True
155224,1.0,0.0,0.5,none,True,True
155225,1.0,0.0,0.5,none,True,True
155226,1.0,0.0,0.5,none,True,True
155227,1.0,0.0,0.5,none,True,True
155228,1.0,0.0,0.5,none,True,True
155229,1.0,0.0,0.5,none,True,True
155230,1.0,0.0,0.5,none,True,True
155231,1.0,0.0,0.5,none,True,True
155232,1.0,0.0,0.5,none,True,True
155233,1.0,0.0,0.5,none,True,True
155234,1.0,0.0,0.5,none,True,True
155235,1.0,0.0,0.5,none,True,True
155236,1.0,0.0,0.5,none,True,True
155237,1.0,0.0,0.5,none,True,True
155238,1.0,0.0,0.5,none,True,True
155239,1.0,0.0,0.5,none,True,True
155240,1.0,0.0,0.5,none,True,True
155241,1.0,0.0,0.5,none,True,True
155242,1.0,0.0,0.5,none,True,True
155243,1.0,0.0,0.5,none,True,True
155244,1.0,0.0,0.5,none,True,True
155245,1.0,0.0,0.5,none,True,True
155246,1.0,0.0,0.5,none,True,True
155247,1.0,0.0,0.5,none,True,True
155248,1.0,0.0,0.5,none,True,True
155249,1.0,0.0,0.5,none,True,True
155250,1.0,0.0,0.5,none,True,True
155251,1.0,0.0,0.5,none,True,True
155252,1.0,0.0,0.5,none,True,True
155253,1.0,0.0,0.5,none,True,True
155254,1.0,0.0,0.5,none,True,True
155255,1.0,0.0,0.5,none,True,True
155256,1.0,0.0,0.5,none,True,True
155257,1.0,0.0,0.5,none,True,True
155258,1.0,0.0,0.5,none,True,True
155259,1.0,0.0,0.5,none,True,True
155260,1.0,0.0,0.5,none,True,True
155261,1.0,0.0,0.5,none,True,True
155262,1.0,0.0,0.5,none,True,True
155263,1.0,0.0,0.5,none,True,True
155264,1.0,0.0,0.5,none,True,True
155265,1.0,0.0,0.5,none,True,True
155266,1.0,0.0,0.5,none,True,True
155267,1.0,0.0,0.5,none,True,True
155268,1.0,0.0,0.5,none,True,True
155269,1.0,0.0,0.5,none,True,True
155270,1.0,0.0,0.5,none,True,True
155271,1.0,0.0,0.5,none,True,True
155272,1.0,0.0,0.5,none,True,True
155273,1.0,0.0,0.5,none,True,True
155274,1.0,0.0,0.5,none,True,True
155275,1.0,0.0,0.5,none,True,True
155276,1.0,0.0,0.5,none,True,True
155277,1.0,0.0,0.5,none,True,True
155278,1.0,0.0,0.5,none,True,True
155279,1.0,0.0,0.5,none,True,True
155280,1.0,0.0,0.5,none,True,True
155281,1.0,0.0,0.5,none,True,True
155282,1.0,0.0,0.5,none,True,True
155283,1.0,0.0,0.5,none,True,True
155284,1.0,0.0,0.5,none,True,True
155285,1.0,0.0,0.5,none,True,True
155286,1.0,0.0,0.5,none,True,True
155287,1.0,0.0,0.5,none,True,True
155288,1.0,0.0,0.5,none,True,True
155289,1.0,0.0,0.5,none,True,True
155290,1.0,0.0,0.5,none,True,True
155291,1.0,0.0,0.5,none,True,True
155292,1.0,0.0,0.5,none,True,True
155293,1.0,0.0,0.5,none,True,True
155294,1.0,0.0,0.5,none,True,True
155295,1.0,0.0,0.5,none,True,True
155296,1.0,0.0,0.5,none,True,True
155297,1.0,0.0,0.5,none,True,True
155298,1.0,0.0,0.5,none,True,True
155299,1.0,0.0,0.5,none,True,True
155300,1.0,0.0,0.5,none,True,True
155301,1.0,0.0,0.5,none,True,True
155302,1.0,0.0,0.5,none,True,True
155303,1.0,0.0,0.5,none,True,True
155304,1.0,0.0,0.5,none,True,True
155305,1.0,0.0,0.5,none,True,True
155306,1.0,0.0,0.5,none,True,True
155307,1.0,0.0,0.5,none,True,True
155308,1.0,0.0,0.5,none,True,True
155309,1.0,0.0,0.5,none,True,True
155310,1.0,0.0,0.5,none,True,True
155311,1.0,0.0,0.5,none,True,True
155312,1.0,0.0,0.5,none,True,True
155313,1.0,0.0,0.5,none,True,True
155314,1.0,0.0,0.5,none,True,True
155315,1.0,0.0,0.5,none,True,True
155316,1.0,0.0,0.5,none,True,True
155317,1.0,0.0,0.5,none,True,True
155318,1.0,0.0,0.5,none,True,True
155319,1.0,0.0,0.5,none,True,True
155320,1.0,0.0,0.5,none,True,True
155321,1.0,0.0,0.5,none,True,True
155322,1.0,0.0,0.5,none,True,True
155323,1.0,0.0,0.5,none,True,True
155324,1.0,0.0,0.5,none,True,True
155325,1.0,0.0,0.5,none,True,True
155326,1.0,0.0,0.5,none,True,True
155327,1.0,0.0,0.5,none,True,True
155328,1.0,0.0,0.5,none,True,True
155329,1.0,0.0,0.5,none,True,True
155330,1.0,0.0,0.5,none,True,True
155331,1.0,0.0,0.5,none,True,True
155332,1.0,0.0,0.5,none,True,True
155333,1.0,0.0,0.5,none,True,True
155334,1.0,0.0,0.5,none,True,True
155335,1.0,0.0,0.5,none,True,True
155336,1.0,0.0,0.5,none,True,True
155337,1.0,0.0,0.5,none,True,True
155338,1.0,0.0,0.5,none,True,True
155339,1.0,0.0,0.5,none,True,True
155340,1.0,0.0,0.5,none,True,True
155341,1.0,0.0,0.5,none,True,True
155342,1.0,0.0,0.5,none,True,True
155343,1.0,0.0,0.5,none,True,True
155344,1.0,0.0,0.5,none,True,True
155345,1.0,0.0,0.5,none,True,True
155346,1.0,0.0,0.5,none,True,True
155347,1.0,0.0,0.5,none,True,True
155348,1.0,0.0,0.5,none,True,True
155349,1.0,0.0,0.5,none,True,True
155350,1.0,0.0,0.5,none,True,True
155351,1.0,0.0,0.5,none,True,True
155352,1.0,0.0,0.5,none,True,True
155353,1.0,0.0,0.5,none,True,True
155354,1.0,0.0,0.5,none,True,True
155355,1.0,0.0,0.5,none,True,True
155356,1.0,0.0,0.5,none,True,True
155357,1.0,0.0,0.5,none,True,True
155358,1.0,0.0,0.5,none,True,True
155359,1.0,0.0,0.5,none,True,True
155360,1.0,0.0,0.5,none,True,True
155361,1.0,0.0,0.5,none,True,True
155362,1.0,0.0,0.5,none,True,True
155363,1.0,0.0,0.5,none,True,True
155364,1.0,0.0,0.5,none,True,True
155365,1.0,0.0,0.5,none,True,True
155366,1.0,0.0,0.5,none,True,True
155367,1.0,0.0,0.5,none,True,True
155368,1.0,0.0,0.5,none,True,True
155369,1.0,0.0,0.5,none,True,True
155370,1.0,0.0,0.5,none,True,True
155371,1.0,0.0,0.5,none,True,True
155372,1.0,0.0,0.5,none,True,True
155373,1.0,0.0,0.5,none,True,True
155374,1.0,0.0,0.5,none,True,True
155375,1.0,0.0,0.5,none,True,True
155376,1.0,0.0,0.5,none,True,True
155377,1.0,0.0,0.5,none,True,True
155378,1.0,0.0,0.5,none,True,True
155379,1.0,0.0,0.5,none,True,True
155380,1.0,0.0,0.5,none,True,True
155381,1.0,0.0,0.5,none,True,True
155382,1.0,0.0,0.5,none,True,True
155383,1.0,0.0,0.5,none,True,True
155384,1.0,0.0,0.5,none,True,True
155385,1.0,0.0,0.5,none,True,True
155386,1.0,0.0,0.5,none,True,True
155387,1.0,0.0,0.5,none,True,True
155388,1.0,0.0,0.5,none,True,True
155389,1.0,0.0,0.5,none,True,True
155390,1.0,0.0,0.5,none,True,True
155391,1.0,0.0,0.5,none,True,True
155392,1.0,0.0,0.5,none,True,True
155393,1.0,0.0,0.5,none,True,True
155394,1.0,0.0,0.5,none,True,True
155395,1.0,0.0,0.5,none,True,True
155396,1.0,0.0,0.5,none,True,True
155397,1.0,0.0,0.5,none,True,True
155398,1.0,0.0,0.5,none,True,True
155399,1.0,0.0,0.5,none,True,True
155400,1.0,0.0061,0.5,none,True,True
155401,1.0,0.0357,0.5,none,True,True
155402,1.0,0.0812,0.5,none,True,True
155403,1.0,0.1113,0.5,none,True,True
155404,1.0,0.1253,0.5,none,True,True
155405,1.0,0.1408,0.5,none,True,True
155406,1.0,0.0907,0.5,none,True,True
155407,1.0,0.1198,0.5,none,True,True
155408,1.0,0.0467,0.5,none,True,True
155409,1.0,0.0522,0.5,none,True,True
155410,1.0,0.0405,0.5,none,True,True
155411,1.0,0.0313,0.5,none,True,True
155412,1.0,0.0083,0.5,none,True,True
155413,1.0,0.0726,0.5,none,True,True
155414,1.0,0.0793,0.5,none,True,True
155415,1.0,0.0581,0.5,none,True,True
155416,1.0,0.0955,0.5,none,True,True
155417,1.0,0.0839,0.5,none,True,True
155418,1.0,0.0648,0.5,none,True,True
155419,1.0,0.0718,0.5,none,True,True
155420,1.0,0.0589,0.5,none,True,True
155421,1.0,0.0403,0.5,none,True,True
155422,1.0,0.0327,0.5,none,True,True
155423,1.0,0.0277,0.5,none,True,True
155424,1.0,0.017,0.5,none,True,True
155425,1.0,0.0102,0.5,none,True,True
155426,1.0,0.0099,0.5,none,True,True
155427,1.0,0.008,0.5,none,True,True
155428,1.0,0.005,0.5,none,True,True
155429,1.0,0.0063,0.5,none,True,True
155430,1.0,0.009,0.5,none,True,True
155431,1.0,0.0096,0.5,none,True,True
155432,1.0,0.0108,0.5,none,True,True
155433,1.0,0.014,0.5,none,True,True
155434,1.0,0.0161,0.5,none,True,True
155435,1.0,0.0167,0.5,none,True,True
155436,1.0,0.0182,0.5,none,True,True
155437,1.0,0.0196,0.5,none,True,True
155438,1.0,0.0197,0.5,none,True,True
155439,1.0,0.0193,0.5,none,True,True
155440,1.0,0.0193,0.5,none,True,True
155441,1.0,0.0187,0.5,none,True,True
155442,1.0,0.0174,0.5,none,True,True
155443,1.0,0.0163,0.5,none,True,True
155444,1.0,0.0152,0.5,none,True,True
155445,1.0,0.0138,0.5,none,True,True
155446,1.0,0.0123,0.5,none,True,True
155447,1.0,0.0111,0.5,none,True,True
155448,1.0,0.01,0.5,none,True,True
155449,1.0,0.0088,0.5,none,True,True
155450,1.0,0.0078,0.5,none,True,True
155451,1.0,0.0071,0.5,none,True,True
155452,1.0,0.0064,0.5,none,True,True
155453,1.0,0.0057,0.5,none,True,True
155454,1.0,0.0053,0.5,none,True,True
155455,1.0,0.005,0.5,none,True,True
155456,1.0,0.0047,0.5,none,True,True
155457,1.0,0.0045,0.5,none,True,True
155458,1.0,0.0044,0.5,none,True,True
155459,1.0,0.0043,0.5,none,True,True
155460,1.0,0.0042,0.5,none,True,True
155461,1.0,0.0041,0.5,none,True,True
155462,1.0,0.004,0.5,none,True,True
155463,1.0,0.0039,0.5,none,True,True
155464,1.0,0.0038,0.5,none,True,True
155465,1.0,0.0037,0.5,none,True,True
155466,1.0,0.0035,0.5,none,True,True
155467,1.0,0.0033,0.5,none,True,True
155468,1.0,0.0032,0.5,none,True,True
155469,1.0,0.003,0.5,none,True,True
155470,1.0,0.0028,0.5,none,True,True
155471,1.0,0.0026,0.5,none,True,True
155472,1.0,0.0024,0.5,none,True,True
155473,1.0,0.0023,0.5,none,True,True
155474,1.0,0.0021,0.5,none,True,True
155475,1.0,0.0019,0.5,none,True,True
155476,1.0,0.0018,0.5,none,True,True
155477,1.0,0.0017,0.5,none,True,True
155478,1.0,0.0015,0.5,none,True,True
155479,1.0,0.0014,0.5,none,True,True
155480,1.0,0.0013,0.5,none,True,True
155481,1.0,0.0013,0.5,none,True,True
155482,1.0,0.0012,0.5,none,True,True
155483,1.0,0.0011,0.5,none,True,True
155484,1.0,0.0011,0.5,none,True,True
155485,1.0,0.001,0.5,none,True,True
155486,1.0,0.001,0.5,none,True,True
155487,1.0,0.0009,0.5,none,True,True
155488,1.0,0.0009,0.5,none,True,True
155489,1.0,0.0008,0.5,none,True,True
155490,1.0,0.0008,0.5,none,True,True
155491,1.0,0.0008,0.5,none,True,True
155492,1.0,0.0007,0.5,none,True,True
155493,1.0,0.0007,0.5,none,True,True
155494,1.0,0.0006,0.5,none,True,True
155495,1.0,0.0006,0.5,none,True,True
155496,1.0,0.0006,0.5,none,True,True
155497,1.0,0.0005,0.5,none,True,True
155498,1.0,0.0005,0.5,none,True,True
155499,1.0,0.0005,0.5,none,True,True
155500,1.0,0.0004,0.5,none,True,True
155501,1.0,0.0004,0.5,none,True,True
155502,1.0,0.0004,0.5,none,True,True
155503,1.0,0.0004,0.5,none,True,True
155504,1.0,0.0003,0.5,none,True,True
155505,1.0,0.0003,0.5,none,True,True
155506,1.0,0.0003,0.5,none,True,True
155507,1.0,0.0003,0.5,none,True,True
155508,1.0,0.0003,0.5,none,True,True
155509,1.0,0.0003,0.5,none,True,True
155510,1.0,0.0002,0.5,none,True,True
155511,1.0,0.0002,0.5,none,True,True
155512,1.0,0.0002,0.5,none,True,True
155513,1.0,0.0002,0.5,none,True,True
155514,1.0,0.0002,0.5,none,True,True
155515,1.0,0.0002,0.5,none,True,True
155516,1.0,0.0002,0.5,none,True,True
155517,1.0,0.0002,0.5,none,True,True
155518,1.0,0.0002,0.5,none,True,True
155519,1.0,0.0001,0.5,none,True,True
155520,1.0,0.0001,0.5,none,True,True
155521,1.0,0.0001,0.5,none,True,True
155522,1.0,0.0001,0.5,none,True,True
155523,1.0,0.0001,0.5,none,True,True
155524,1.0,0.0001,0.5,none,True,True
155525,1.0,0.0001,0.5,none,True,True
155526,1.0,0.0001,0.5,none,True,True
155527,1.0,0.0001,0.5,none,True,True
155528,1.0,0.0001,0.5,none,True,True
155529,1.0,0.0001,0.5,none,True,True
155530,1.0,0.0001,0.5,none,True,True
155531,1.0,0.0001,0.5,none,True,True
155532,1.0,0.0001,0.5,none,True,True
155533,1.0,0.0001,0.5,none,True,True
155534,1.0,0.0001,0.5,none,True,True
155535,1.0,0.0001,0.5,none,True,True
155536,1.0,0.0001,0.5,none,True,True
155537,1.0,0.0,0.5,none,True,True
155538,1.0,0.0,0.5,none,True,True
155539,1.0,0.0,0.5,none,True,True
155540,1.0,0.0,0.5,none,True,True
155541,1.0,0.0,0.5,none,True,True
155542,1.0,0.0,0.5,none,True,True
155543,1.0,0.0,0.5,none,True,True
155544,1.0,0.0,0.5,none,True,True
155545,1.0,0.0,0.5,none,True,True
155546,1.0,0.0,0.5,none,True,True
155547,1.0,0.0,0.5,none,True,True
155548,1.0,0.0,0.5,none,True,True
155549,1.0,0.0,0.5,none,True,True
155550,1.0,0.0,0.5,none,True,True
155551,1.0,0.0,0.5,none,True,True
155552,1.0,0.0,0.5,none,True,True
155553,1.0,0.0,0.5,none,True,True
155554,1.0,0.0,0.5,none,True,True
155555,1.0,0.0,0.5,none,True,True
155556,1.0,0.0,0.5,none,True,True
155557,1.0,0.0,0.5,none,True,True
155558,1.0,0.0,0.5,none,True,True
155559,1.0,0.0,0.5,none,True,True
155560,1.0,0.0,0.5,none,True,True
155561,1.0,0.0,0.5,none,True,True
155562,1.0,0.0,0.5,none,True,True
155563,1.0,0.0,0.5,none,True,True
155564,1.0,0.0,0.5,none,True,True
155565,1.0,0.0,0.5,none,True,True
155566,1.0,0.0,0.5,none,True,True
155567,1.0,0.0,0.5,none,True,True
155568,1.0,0.0,0.5,none,True,True
155569,1.0,0.0,0.5,none,True,True
155570,1.0,0.0,0.5,none,True,True
155571,1.0,0.0,0.5,none,True,True
155572,1.0,0.0,0.5,none,True,True
155573,1.0,0.0,0.5,none,True,True
155574,1.0,0.0,0.5,none,True,True
155575,1.0,0.0,0.5,none,True,True
155576,1.0,0.0,0.5,none,True,True
155577,1.0,0.0,0.5,none,True,True
155578,1.0,0.0,0.5,none,True,True
155579,1.0,0.0,0.5,none,True,True
155580,1.0,0.0,0.5,none,True,True
155581,1.0,0.0,0.5,none,True,True
155582,1.0,0.0,0.5,none,True,True
155583,1.0,0.0,0.5,none,True,True
155584,1.0,0.0,0.5,none,True,True
155585,1.0,0.0,0.5,none,True,True
155586,1.0,0.0,0.5,none,True,True
155587,1.0,0.0,0.5,none,True,True
155588,1.0,0.0,0.5,none,True,True
155589,1.0,0.0,0.5,none,True,True
155590,1.0,0.0,0.5,none,True,True
155591,1.0,0.0,0.5,none,True,True
155592,1.0,0.0,0.5,none,True,True
155593,1.0,0.0,0.5,none,True,True
155594,1.0,0.0,0.5,none,True,True
155595,1.0,0.0,0.5,none,True,True
155596,1.0,0.0,0.5,none,True,True
155597,1.0,0.0,0.5,none,True,True
155598,1.0,0.0,0.5,none,True,True
155599,1.0,0.0,0.5,none,True,True
155600,1.0,0.0,0.5,none,True,True
155601,1.0,0.0,0.5,none,True,True
155602,1.0,0.0,0.5,none,True,True
155603,1.0,0.0,0.5,none,True,True
155604,1.0,0.0,0.5,none,True,True
155605,1.0,0.0,0.5,none,True,True
155606,1.0,0.0,0.5,none,True,True
155607,1.0,0.0,0.5,none,True,True
155608,1.0,0.0,0.5,none,True,True
155609,1.0,0.0,0.5,none,True,True
155610,1.0,0.0,0.5,none,True,True
155611,1.0,0.0,0.5,none,True,True
155612,1.0,0.0,0.5,none,True,True
155613,1.0,0.0,0.5,none,True,True
155614,1.0,0.0,0.5,none,True,True
155615,1.0,0.0,0.5,none,True,True
155616,1.0,0.0,0.5,none,True,True
155617,1.0,0.0,0.5,none,True,True
155618,1.0,0.0,0.5,none,True,True
155619,1.0,0.0,0.5,none,True,True
155620,1.0,0.0,0.5,none,True,True
155621,1.0,0.0,0.5,none,True,True
155622,1.0,0.0,0.5,none,True,True
155623,1.0,0.0,0.5,none,True,True
155624,1.0,0.0,0.5,none,True,True
155625,1.0,0.0,0.5,none,True,True
155626,1.0,0.0,0.5,none,True,True
155627,1.0,0.0,0.5,none,True,True
155628,1.0,0.0,0.5,none,True,True
155629,1.0,0.0,0.5,none,True,True
155630,1.0,0.0,0.5,none,True,True
155631,1.0,0.0,0.5,none,True,True
155632,1.0,0.0,0.5,none,True,True
155633,1.0,0.0,0.5,none,True,True
155634,1.0,0.0,0.5,none,True,True
155635,1.0,0.0,0.5,none,True,True
155636,1.0,0.0,0.5,none,True,True
155637,1.0,0.0,0.5,none,True,True
155638,1.0,0.0,0.5,none,True,True
155639,1.0,0.0,0.5,none,True,True
155640,1.0,0.0,0.5,none,True,True
155641,1.0,0.0,0.5,none,True,True
155642,1.0,0.0,0.5,none,True,True
155643,1.0,0.0,0.5,none,True,True
155644,1.0,0.0,0.5,none,True,True
155645,1.0,0.0,0.5,none,True,True
155646,1.0,0.0,0.5,none,True,True
155647,1.0,0.0,0.5,none,True,True
155648,1.0,0.0,0.5,none,True,True
155649,1.0,0.0,0.5,none,True,True
155650,1.0,0.0,0.5,none,True,True
155651,1.0,0.0,0.5,none,True,True
155652,1.0,0.0,0.5,none,True,True
155653,1.0,0.0,0.5,none,True,True
155654,1.0,0.0,0.5,none,True,True
155655,1.0,0.0,0.5,none,True,True
155656,1.0,0.0,0.5,none,True,True
155657,1.0,0.0,0.5,none,True,True
155658,1.0,0.0,0.5,none,True,True
155659,1.0,0.0,0.5,none,True,True
155660,1.0,0.0,0.5,none,True,True
155661,1.0,0.0,0.5,none,True,True
155662,1.0,0.0,0.5,none,True,True
155663,1.0,0.0,0.5,none,True,True
155664,1.0,0.0,0.5,none,True,True
155665,1.0,0.0,0.5,none,True,True
155666,1.0,0.0,0.5,none,True,True
155667,1.0,0.0,0.5,none,True,True
155668,1.0,0.0,0.5,none,True,True
155669,1.0,0.0,0.5,none,True,True
155670,1.0,0.0,0.5,none,True,True
155671,1.0,0.0,0.5,none,True,True
155672,1.0,0.0,0.5,none,True,True
155673,1.0,0.0,0.5,none,True,True
155674,1.0,0.0,0.5,none,True,True
155675,1.0,0.0,0.5,none,True,True
155676,1.0,0.0,0.5,none,True,True
155677,1.0,0.0,0.5,none,True,True
155678,1.0,0.0,0.5,none,True,True
155679,1.0,0.0,0.5,none,True,True
155680,1.0,0.0,0.5,none,True,True
155681,1.0,0.0,0.5,none,True,True
155682,1.0,0.0,0.5,none,True,True
155683,1.0,0.0,0.5,none,True,True
155684,1.0,0.0,0.5,none,True,True
155685,1.0,0.0,0.5,none,True,True
155686,1.0,0.0,0.5,none,True,True
155687,1.0,0.0,0.5,none,True,True
155688,1.0,0.0,0.5,none,True,True
155689,1.0,0.0,0.5,none,True,True
155690,1.0,0.0,0.5,none,True,True
155691,1.0,0.0,0.5,none,True,True
155692,1.0,0.0,0.5,none,True,True
155693,1.0,0.0,0.5,none,True,True
155694,1.0,0.0,0.5,none,True,True
155695,1.0,0.0,0.5,none,True,True
155696,1.0,0.0,0.5,none,True,True
155697,1.0,0.0,0.5,none,True,True
155698,1.0,0.0,0.5,none,True,True
155699,1.0,0.0,0.5,none,True,True
155700,1.0,0.0,0.5,none,True,True
155701,1.0,0.0,0.5,none,True,True
155702,1.0,0.0,0.5,none,True,True
155703,1.0,0.0,0.5,none,True,True
155704,1.0,0.0,0.5,none,True,True
155705,1.0,0.0,0.5,none,True,True
155706,1.0,0.0,0.5,none,True,True
155707,1.0,0.0,0.5,none,True,True
155708,1.0,0.0,0.5,none,True,True
155709,1.0,0.0,0.5,none,True,True
155710,1.0,0.0,0.5,none,True,True
155711,1.0,0.0,0.5,none,True,True
155712,1.0,0.0,0.5,none,True,True
155713,1.0,0.0,0.5,none,True,True
155714,1.0,0.0,0.5,none,True,True
155715,1.0,0.0,0.5,none,True,True
155716,1.0,0.0,0.5,none,True,True
155717,1.0,0.0,0.5,none,True,True
155718,1.0,0.0,0.5,none,True,True
155719,1.0,0.0,0.5,none,True,True
155720,1.0,0.0,0.5,none,True,True
155721,1.0,0.0,0.5,none,True,True
155722,1.0,0.0,0.5,none,True,True
155723,1.0,0.0,0.5,none,True,True
155724,1.0,0.0,0.5,none,True,True
155725,1.0,0.0,0.5,none,True,True
155726,1.0,0.0,0.5,none,True,True
155727,1.0,0.0,0.5,none,True,True
155728,1.0,0.0,0.5,none,True,True
155729,1.0,0.0,0.5,none,True,True
155730,1.0,0.0,0.5,none,True,True
155731,1.0,0.0,0.5,none,True,True
155732,1.0,0.0,0.5,none,True,True
155733,1.0,0.0,0.5,none,True,True
155734,1.0,0.0,0.5,none,True,True
155735,1.0,0.0,0.5,none,True,True
155736,1.0,0.0,0.5,none,True,True
155737,1.0,0.0,0.5,none,True,True
155738,1.0,0.0,0.5,none,True,True
155739,1.0,0.0,0.5,none,True,True
155740,1.0,0.0,0.5,none,True,True
155741,1.0,0.0,0.5,none,True,True
155742,1.0,0.0,0.5,none,True,True
155743,1.0,0.0,0.5,none,True,True
155744,1.0,0.0,0.5,none,True,True
155745,1.0,0.0,0.5,none,True,True
155746,1.0,0.0,0.5,none,True,True
155747,1.0,0.0,0.5,none,True,True
155748,1.0,0.0,0.5,none,True,True
155749,1.0,0.0,0.5,none,True,True
155750,1.0,0.0,0.5,none,True,True
155751,1.0,0.0,0.5,none,True,True
155752,1.0,0.0,0.5,none,True,True
155753,1.0,0.0,0.5,none,True,True
155754,1.0,0.0,0.5,none,True,True
155755,1.0,0.0,0.5,none,True,True
155756,1.0,0.0,0.5,none,True,True
155757,1.0,0.0,0.5,none,True,True
155758,1.0,0.0,0.5,none,True,True
155759,1.0,0.0,0.5,none,True,True
155760,1.0,0.0,0.5,none,True,True
155761,1.0,0.0,0.5,none,True,True
155762,1.0,0.0,0.5,none,True,True
155763,1.0,0.0,0.5,none,True,True
155764,1.0,0.0,0.5,none,True,True
155765,1.0,0.0,0.5,none,True,True
155766,1.0,0.0,0.5,none,True,True
155767,1.0,0.0,0.5,none,True,True
155768,1.0,0.0,0.5,none,True,True
155769,1.0,0.0,0.5,none,True,True
155770,1.0,0.0,0.5,none,True,True
155771,1.0,0.0,0.5,none,True,True
155772,1.0,0.0,0.5,none,True,True
155773,1.0,0.0,0.5,none,True,True
155774,1.0,0.0,0.5,none,True,True
155775,1.0,0.0,0.5,none,True,True
155776,1.0,0.0,0.5,none,True,True
155777,1.0,0.0,0.5,none,True,True
155778,1.0,0.0,0.5,none,True,True
155779,1.0,0.0,0.5,none,True,True
155780,1.0,0.0,0.5,none,True,True
155781,1.0,0.0,0.5,none,True,True
155782,1.0,0.0,0.5,none,True,True
155783,1.0,0.0,0.5,none,True,True
155784,1.0,0.0,0.5,none,True,True
155785,1.0,0.0,0.5,none,True,True
155786,1.0,0.0,0.5,none,True,True
155787,1.0,0.0,0.5,none,True,True
155788,1.0,0.0,0.5,none,True,True
155789,1.0,0.0,0.5,none,True,True
155790,1.0,0.0,0.5,none,True,True
155791,1.0,0.0,0.5,none,True,True
155792,1.0,0.0,0.5,none,True,True
155793,1.0,0.0,0.5,none,True,True
155794,1.0,0.0,0.5,none,True,True
155795,1.0,0.0,0.5,none,True,True
155796,1.0,0.0,0.5,none,True,True
155797,1.0,0.0,0.5,none,True,True
155798,1.0,0.0,0.5,none,True,True
155799,1.0,0.0,0.5,none,True,True
155800,1.0,0.0,0.5,none,True,True
155801,1.0,0.0,0.5,none,True,True
155802,1.0,0.0,0.5,none,True,True
155803,1.0,0.0,0.5,none,True,True
155804,1.0,0.0,0.5,none,True,True
155805,1.0,0.0,0.5,none,True,True
155806,1.0,0.0,0.5,none,True,True
155807,1.0,0.0,0.5,none,True,True
155808,1.0,0.0,0.5,none,True,True
155809,1.0,0.0,0.5,none,True,True
155810,1.0,0.0,0.5,none,True,True
155811,1.0,0.0,0.5,none,True,True
155812,1.0,0.0,0.5,none,True,True
155813,1.0,0.0,0.5,none,True,True
155814,1.0,0.0,0.5,none,True,True
155815,1.0,0.0,0.5,none,True,True
155816,1.0,0.0,0.5,none,True,True
155817,1.0,0.0,0.5,none,True,True
155818,1.0,0.0,0.5,none,True,True
155819,1.0,0.0,0.5,none,True,True
155820,1.0,0.0,0.5,none,True,True
155821,1.0,0.0,0.5,none,True,True
155822,1.0,0.0,0.5,none,True,True
155823,1.0,0.0,0.5,none,True,True
155824,1.0,0.0,0.5,none,True,True
155825,1.0,0.0,0.5,none,True,True
155826,1.0,0.0,0.5,none,True,True
155827,1.0,0.0,0.5,none,True,True
155828,1.0,0.0,0.5,none,True,True
155829,1.0,0.0,0.5,none,True,True
155830,1.0,0.0,0.5,none,True,True
155831,1.0,0.0,0.5,none,True,True
155832,1.0,0.0,0.5,none,True,True
155833,1.0,0.0,0.5,none,True,True
155834,1.0,0.0,0.5,none,True,True
155835,1.0,0.0,0.5,none,True,True
155836,1.0,0.0,0.5,none,True,True
155837,1.0,0.0,0.5,none,True,True
155838,1.0,0.0,0.5,none,True,True
155839,1.0,0.0,0.5,none,True,True
155840,1.0,0.0,0.5,none,True,True
155841,1.0,0.0,0.5,none,True,True
155842,1.0,0.0,0.5,none,True,True
155843,1.0,0.0,0.5,none,True,True
155844,1.0,0.0,0.5,none,True,True
155845,1.0,0.0,0.5,none,True,True
155846,1.0,0.0,0.5,none,True,True
155847,1.0,0.0,0.5,none,True,True
155848,1.0,0.0,0.5,none,True,True
155849,1.0,0.0,0.5,none,True,True
155850,1.0,0.0,0.5,none,True,True
155851,1.0,0.0,0.5,none,True,True
155852,1.0,0.0,0.5,none,True,True
155853,1.0,0.0,0.5,none,True,True
155854,1.0,0.0,0.5,none,True,True
155855,1.0,0.0,0.5,none,True,True
155856,1.0,0.0,0.5,none,True,True
155857,1.0,0.0,0.5,none,True,True
155858,1.0,0.0,0.5,none,True,True
155859,1.0,0.0,0.5,none,True,True
155860,1.0,0.0,0.5,none,True,True
155861,1.0,0.0,0.5,none,True,True
155862,1.0,0.0,0.5,none,True,True
155863,1.0,0.0,0.5,none,True,True
155864,1.0,0.0,0.5,none,True,True
155865,1.0,0.0,0.5,none,True,True
155866,1.0,0.0,0.5,none,True,True
155867,1.0,0.0,0.5,none,True,True
155868,1.0,0.0,0.5,none,True,True
155869,1.0,0.0,0.5,none,True,True
155870,1.0,0.0,0.5,none,True,True
155871,1.0,0.0,0.5,none,True,True
155872,1.0,0.0,0.5,none,True,True
155873,1.0,0.0,0.5,none,True,True
155874,1.0,0.0,0.5,none,True,True
155875,1.0,0.0,0.5,none,True,True
155876,1.0,0.0,0.5,none,True,True
155877,1.0,0.0,0.5,none,True,True
155878,1.0,0.0,0.5,none,True,True
155879,1.0,0.0,0.5,none,True,True
155880,1.0,0.0,0.5,none,True,True
155881,1.0,0.0,0.5,none,True,True
155882,1.0,0.0,0.5,none,True,True
155883,1.0,0.0,0.5,none,True,True
155884,1.0,0.0,0.5,none,True,True
155885,1.0,0.0,0.5,none,True,True
155886,1.0,0.0,0.5,none,True,True
155887,1.0,0.0,0.5,none,True,True
155888,1.0,0.0,0.5,none,True,True
155889,1.0,0.0,0.5,none,True,True
155890,1.0,0.0,0.5,none,True,True
155891,1.0,0.0,0.5,none,True,True
155892,1.0,0.0,0.5,none,True,True
155893,1.0,0.0,0.5,none,True,True
155894,1.0,0.0,0.5,none,True,True
155895,1.0,0.0,0.5,none,True,True
155896,1.0,0.0,0.5,none,True,True
155897,1.0,0.0,0.5,none,True,True
155898,1.0,0.0,0.5,none,True,True
155899,1.0,0.0,0.5,none,True,True
155900,1.0,0.0,0.5,none,True,True
155901,1.0,0.0,0.5,none,True,True
155902,1.0,0.0,0.5,none,True,True
155903,1.0,0.0,0.5,none,True,True
155904,1.0,0.0,0.5,none,True,True
155905,1.0,0.0,0.5,none,True,True
155906,1.0,0.0,0.5,none,True,True
155907,1.0,0.0,0.5,none,True,True
155908,1.0,0.0,0.5,none,True,True
155909,1.0,0.0,0.5,none,True,True
155910,1.0,0.0,0.5,none,True,True
155911,1.0,0.0,0.5,none,True,True
155912,1.0,0.0,0.5,none,True,True
155913,1.0,0.0,0.5,none,True,True
155914,1.0,0.0,0.5,none,True,True
155915,1.0,0.0,0.5,none,True,True
155916,1.0,0.0,0.5,none,True,True
155917,1.0,0.0,0.5,none,True,True
155918,1.0,0.0,0.5,none,True,True
155919,1.0,0.0,0.5,none,True,True
155920,1.0,0.0,0.5,none,True,True
155921,1.0,0.0,0.5,none,True,True
155922,1.0,0.0,0.5,none,True,True
155923,1.0,0.0,0.5,none,True,True
155924,1.0,0.0,0.5,none,True,True
155925,1.0,0.0,0.5,none,True,True
155926,1.0,0.0,0.5,none,True,True
155927,1.0,0.0,0.5,none,True,True
155928,1.0,0.0,0.5,none,True,True
155929,1.0,0.0,0.5,none,True,True
155930,1.0,0.0,0.5,none,True,True
155931,1.0,0.0,0.5,none,True,True
155932,1.0,0.0,0.5,none,True,True
155933,1.0,0.0,0.5,none,True,True
155934,1.0,0.0,0.5,none,True,True
155935,1.0,0.0,0.5,none,True,True
155936,1.0,0.0,0.5,none,True,True
155937,1.0,0.0,0.5,none,True,True
155938,1.0,0.0,0.5,none,True,True
155939,1.0,0.0,0.5,none,True,True
155940,1.0,0.0,0.5,none,True,True
155941,1.0,0.0,0.5,none,True,True
155942,1.0,0.0,0.5,none,True,True
155943,1.0,0.0,0.5,none,True,True
155944,1.0,0.0,0.5,none,True,True
155945,1.0,0.0,0.5,none,True,True
155946,1.0,0.0,0.5,none,True,True
155947,1.0,0.0,0.5,none,True,True
155948,1.0,0.0,0.5,none,True,True
155949,1.0,0.0,0.5,none,True,True
155950,1.0,0.0,0.5,none,True,True
155951,1.0,0.0,0.5,none,True,True
155952,1.0,0.0,0.5,none,True,True
155953,1.0,0.0,0.5,none,True,True
155954,1.0,0.0,0.5,none,True,True
155955,1.0,0.0,0.5,none,True,True
155956,1.0,0.0,0.5,none,True,True
155957,1.0,0.0,0.5,none,True,True
155958,1.0,0.0,0.5,none,True,True
155959,1.0,0.0,0.5,none,True,True
155960,1.0,0.0,0.5,none,True,True
155961,1.0,0.0,0.5,none,True,True
155962,1.0,0.0,0.5,none,True,True
155963,1.0,0.0,0.5,none,True,True
155964,1.0,0.0,0.5,none,True,True
155965,1.0,0.0,0.5,none,True,True
155966,1.0,0.0,0.5,none,True,True
155967,1.0,0.0,0.5,none,True,True
155968,1.0,0.0,0.5,none,True,True
155969,1.0,0.0,0.5,none,True,True
155970,1.0,0.0,0.5,none,True,True
155971,1.0,0.0,0.5,none,True,True
155972,1.0,0.0,0.5,none,True,True
155973,1.0,0.0,0.5,none,True,True
155974,1.0,0.0,0.5,none,True,True
155975,1.0,0.0,0.5,none,True,True
155976,1.0,0.0,0.5,none,True,True
155977,1.0,0.0,0.5,none,True,True
155978,1.0,0.0,0.5,none,True,True
155979,1.0,0.0,0.5,none,True,True
155980,1.0,0.0,0.5,none,True,True
155981,1.0,0.0,0.5,none,True,True
155982,1.0,0.0,0.5,none,True,True
155983,1.0,0.0,0.5,none,True,True
155984,1.0,0.0,0.5,none,True,True
155985,1.0,0.0,0.5,none,True,True
155986,1.0,0.0,0.5,none,True,True
155987,1.0,0.0,0.5,none,True,True
155988,1.0,0.0,0.5,none,True,True
155989,1.0,0.0,0.5,none,True,True
155990,1.0,0.0,0.5,none,True,True
155991,1.0,0.0,0.5,none,True,True
155992,1.0,0.0,0.5,none,True,True
155993,1.0,0.0,0.5,none,True,True
155994,1.0,0.0,0.5,none,True,True
155995,1.0,0.0,0.5,none,True,True
155996,1.0,0.0,0.5,none,True,True
155997,1.0,0.0,0.5,none,True,True
155998,1.0,0.0,0.5,none,True,True
155999,1.0,0.0,0.5,none,True,True
156000,1.0,0.0,0.5,none,True,True
156001,1.0,0.0,0.5,none,True,True
156002,1.0,0.0,0.5,none,True,True
156003,1.0,0.0,0.5,none,True,True
156004,1.0,0.0,0.5,none,True,True
156005,1.0,0.0,0.5,none,True,True
156006,1.0,0.0,0.5,none,True,True
156007,1.0,0.0,0.5,none,True,True
156008,1.0,0.0,0.5,none,True,True
156009,1.0,0.0,0.5,none,True,True
156010,1.0,0.0,0.5,none,True,True
156011,1.0,0.0,0.5,none,True,True
156012,1.0,0.0,0.5,none,True,True
156013,1.0,0.0,0.5,none,True,True
156014,1.0,0.0,0.5,none,True,True
156015,1.0,0.0,0.5,none,True,True
156016,1.0,0.0,0.5,none,True,True
156017,1.0,0.0,0.5,none,True,True
156018,1.0,0.0,0.5,none,True,True
156019,1.0,0.0,0.5,none,True,True
156020,1.0,0.0,0.5,none,True,True
156021,1.0,0.0,0.5,none,True,True
156022,1.0,0.0,0.5,none,True,True
156023,1.0,0.0,0.5,none,True,True
156024,1.0,0.0,0.5,none,True,True
156025,1.0,0.0,0.5,none,True,True
156026,1.0,0.0,0.5,none,True,True
156027,1.0,0.0,0.5,none,True,True
156028,1.0,0.0,0.5,none,True,True
156029,1.0,0.0,0.5,none,True,True
156030,1.0,0.0,0.5,none,True,True
156031,1.0,0.0,0.5,none,True,True
156032,1.0,0.0,0.5,none,True,True
156033,1.0,0.0,0.5,none,True,True
156034,1.0,0.0,0.5,none,True,True
156035,1.0,0.0,0.5,none,True,True
156036,1.0,0.0,0.5,none,True,True
156037,1.0,0.0,0.5,none,True,True
156038,1.0,0.0,0.5,none,True,True
156039,1.0,0.0,0.5,none,True,True
156040,1.0,0.0,0.5,none,True,True
156041,1.0,0.0,0.5,none,True,True
156042,1.0,0.0,0.5,none,True,True
156043,1.0,0.0,0.5,none,True,True
156044,1.0,0.0,0.5,none,True,True
156045,1.0,0.0,0.5,none,True,True
156046,1.0,0.0,0.5,none,True,True
156047,1.0,0.0,0.5,none,True,True
156048,1.0,0.0,0.5,none,True,True
156049,1.0,0.0,0.5,none,True,True
156050,1.0,0.0,0.5,none,True,True
156051,1.0,0.0,0.5,none,True,True
156052,1.0,0.0,0.5,none,True,True
156053,1.0,0.0,0.5,none,True,True
156054,1.0,0.0,0.5,none,True,True
156055,1.0,0.0,0.5,none,True,True
156056,1.0,0.0,0.5,none,True,True
156057,1.0,0.0,0.5,none,True,True
156058,1.0,0.0,0.5,none,True,True
156059,1.0,0.0,0.5,none,True,True
156060,1.0,0.0,0.5,none,True,True
156061,1.0,0.0,0.5,none,True,True
156062,1.0,0.0,0.5,none,True,True
156063,1.0,0.0,0.5,none,True,True
156064,1.0,0.0,0.5,none,True,True
156065,1.0,0.0,0.5,none,True,True
156066,1.0,0.0,0.5,none,True,True
156067,1.0,0.0,0.5,none,True,True
156068,1.0,0.0,0.5,none,True,True
156069,1.0,0.0,0.5,none,True,True
156070,1.0,0.0,0.5,none,True,True
156071,1.0,0.0,0.5,none,True,True
156072,1.0,0.0,0.5,none,True,True
156073,1.0,0.0,0.5,none,True,True
156074,1.0,0.0,0.5,none,True,True
156075,1.0,0.0,0.5,none,True,True
156076,1.0,0.0,0.5,none,True,True
156077,1.0,0.0,0.5,none,True,True
156078,1.0,0.0,0.5,none,True,True
156079,1.0,0.0,0.5,none,True,True
156080,1.0,0.0,0.5,none,True,True
156081,1.0,0.0,0.5,none,True,True
156082,1.0,0.0,0.5,none,True,True
156083,1.0,0.0,0.5,none,True,True
156084,1.0,0.0,0.5,none,True,True
156085,1.0,0.0,0.5,none,True,True
156086,1.0,0.0,0.5,none,True,True
156087,1.0,0.0,0.5,none,True,True
156088,1.0,0.0,0.5,none,True,True
156089,1.0,0.0,0.5,none,True,True
156090,1.0,0.0,0.5,none,True,True
156091,1.0,0.0,0.5,none,True,True
156092,1.0,0.0,0.5,none,True,True
156093,1.0,0.0,0.5,none,True,True
156094,1.0,0.0,0.5,none,True,True
156095,1.0,0.0,0.5,none,True,True
156096,1.0,0.0,0.5,none,True,True
156097,1.0,0.0,0.5,none,True,True
156098,1.0,0.0,0.5,none,True,True
156099,1.0,0.0,0.5,none,True,True
156100,1.0,0.0061,0.5,none,True,True
156101,1.0,0.0357,0.5,none,True,True
156102,1.0,0.0812,0.5,none,True,True
156103,1.0,0.1113,0.5,none,True,True
156104,1.0,0.1253,0.5,none,True,True
156105,1.0,0.1408,0.5,none,True,True
156106,1.0,0.0907,0.5,none,True,True
156107,1.0,0.1198,0.5,none,True,True
156108,1.0,0.0467,0.5,none,True,True
156109,1.0,0.0522,0.5,none,True,True
156110,1.0,0.0405,0.5,none,True,True
156111,1.0,0.0313,0.5,none,True,True
156112,1.0,0.0083,0.5,none,True,True
156113,1.0,0.0726,0.5,none,True,True
156114,1.0,0.0793,0.5,none,True,True
156115,1.0,0.0581,0.5,none,True,True
156116,1.0,0.0955,0.5,none,True,True
156117,1.0,0.0839,0.5,none,True,True
156118,1.0,0.0648,0.5,none,True,True
156119,1.0,0.0718,0.5,none,True,True
156120,1.0,0.0589,0.5,none,True,True
156121,1.0,0.0403,0.5,none,True,True
156122,1.0,0.0327,0.5,none,True,True
156123,1.0,0.0277,0.5,none,True,True
156124,1.0,0.017,0.5,none,True,True
156125,1.0,0.0102,0.5,none,True,True
156126,1.0,0.0099,0.5,none,True,True
156127,1.0,0.008,0.5,none,True,True
156128,1.0,0.005,0.5,none,True,True
156129,1.0,0.0063,0.5,none,True,True
156130,1.0,0.009,0.5,none,True,True
156131,1.0,0.0096,0.5,none,True,True
156132,1.0,0.0108,0.5,none,True,True
156133,1.0,0.014,0.5,none,True,True
156134,1.0,0.0161,0.5,none,True,True
156135,1.0,0.0167,0.5,none,True,True
156136,1.0,0.0182,0.5,none,True,True
156137,1.0,0.0196,0.5,none,True,True
156138,1.0,0.0197,0.5,none,True,True
156139,1.0,0.0193,0.5,none,True,True
156140,1.0,0.0193,0.5,none,True,True
156141,1.0,0.0187,0.5,none,True,True
156142,1.0,0.0174,0.5,none,True,True
156143,1.0,0.0163,0.5,none,True,True
156144,1.0,0.0152,0.5,none,True,True
156145,1.0,0.0138,0.5,none,True,True
156146,1.0,0.0123,0.5,none,True,True
156147,1.0,0.0111,0.5,none,True,True
156148,1.0,0.01,0.5,none,True,True
156149,1.0,0.0088,0.5,none,True,True
156150,1.0,0.0078,0.5,none,True,True
156151,1.0,0.0071,0.5,none,True,True
156152,1.0,0.0064,0.5,none,True,True
156153,1.0,0.0057,0.5,none,True,True
156154,1.0,0.0053,0.5,none,True,True
156155,1.0,0.005,0.5,none,True,True
156156,1.0,0.0047,0.5,none,True,True
156157,1.0,0.0045,0.5,none,True,True
156158,1.0,0.0044,0.5,none,True,True
156159,1.0,0.0043,0.5,none,True,True
156160,1.0,0.0042,0.5,none,True,True
156161,1.0,0.0041,0.5,none,True,True
156162,1.0,0.004,0.5,none,True,True
156163,1.0,0.0039,0.5,none,True,True
156164,1.0,0.0038,0.5,none,True,True
156165,1.0,0.0037,0.5,none,True,True
156166,1.0,0.0035,0.5,none,True,True
156167,1.0,0.0033,0.5,none,True,True
156168,1.0,0.0032,0.5,none,True,True
156169,1.0,0.003,0.5,none,True,True
156170,1.0,0.0028,0.5,none,True,True
156171,1.0,0.0026,0.5,none,True,True
156172,1.0,0.0024,0.5,none,True,True
156173,1.0,0.0023,0.5,none,True,True
156174,1.0,0.0021,0.5,none,True,True
156175,1.0,0.0019,0.5,none,True,True
156176,1.0,0.0018,0.5,none,True,True
156177,1.0,0.0017,0.5,none,True,True
156178,1.0,0.0015,0.5,none,True,True
156179,1.0,0.0014,0.5,none,True,True
156180,1.0,0.0013,0.5,none,True,True
156181,1.0,0.0013,0.5,none,True,True
156182,1.0,0.0012,0.5,none,True,True
156183,1.0,0.0011,0.5,none,True,True
156184,1.0,0.0011,0.5,none,True,True
156185,1.0,0.001,0.5,none,True,True
156186,1.0,0.001,0.5,none,True,True
156187,1.0,0.0009,0.5,none,True,True
156188,1.0,0.0009,0.5,none,True,True
156189,1.0,0.0008,0.5,none,True,True
156190,1.0,0.0008,0.5,none,True,True
156191,1.0,0.0008,0.5,none,True,True
156192,1.0,0.0007,0.5,none,True,True
156193,1.0,0.0007,0.5,none,True,True
156194,1.0,0.0006,0.5,none,True,True
156195,1.0,0.0006,0.5,none,True,True
156196,1.0,0.0006,0.5,none,True,True
156197,1.0,0.0005,0.5,none,True,True
156198,1.0,0.0005,0.5,none,True,True
156199,1.0,0.0005,0.5,none,True,True
156200,1.0,0.0004,0.5,none,True,True
156201,1.0,0.0004,0.5,none,True,True
156202,1.0,0.0004,0.5,none,True,True
156203,1.0,0.0004,0.5,none,True,True
156204,1.0,0.0003,0.5,none,True,True
156205,1.0,0.0003,0.5,none,True,True
156206,1.0,0.0003,0.5,none,True,True
156207,1.0,0.0003,0.5,none,True,True
156208,1.0,0.0003,0.5,none,True,True
156209,1.0,0.0003,0.5,none,True,True
156210,1.0,0.0002,0.5,none,True,True
156211,1.0,0.0002,0.5,none,True,True
156212,1.0,0.0002,0.5,none,True,True
156213,1.0,0.0002,0.5,none,True,True
156214,1.0,0.0002,0.5,none,True,True
156215,1.0,0.0002,0.5,none,True,True
156216,1.0,0.0002,0.5,none,True,True
156217,1.0,0.0002,0.5,none,True,True
156218,1.0,0.0002,0.5,none,True,True
156219,1.0,0.0001,0.5,none,True,True
156220,1.0,0.0001,0.5,none,True,True
156221,1.0,0.0001,0.5,none,True,True
156222,1.0,0.0001,0.5,none,True,True
156223,1.0,0.0001,0.5,none,True,True
156224,1.0,0.0001,0.5,none,True,True
156225,1.0,0.0001,0.5,none,True,True
156226,1.0,0.0001,0.5,none,True,True
156227,1.0,0.0001,0.5,none,True,True
156228,1.0,0.0001,0.5,none,True,True
156229,1.0,0.0001,0.5,none,True,True
156230,1.0,0.0001,0.5,none,True,True
156231,1.0,0.0001,0.5,none,True,True
156232,1.0,0.0001,0.5,none,True,True
156233,1.0,0.0001,0.5,none,True,True
156234,1.0,0.0001,0.5,none,True,True
156235,1.0,0.0001,0.5,none,True,True
156236,1.0,0.0001,0.5,none,True,True
156237,1.0,0.0,0.5,none,True,True
156238,1.0,0.0,0.5,none,True,True
156239,1.0,0.0,0.5,none,True,True
156240,1.0,0.0,0.5,none,True,True
156241,1.0,0.0,0.5,none,True,True
156242,1.0,0.0,0.5,none,True,True
156243,1.0,0.0,0.5,none,True,True
156244,1.0,0.0,0.5,none,True,True
156245,1.0,0.0,0.5,none,True,True
156246,1.0,0.0,0.5,none,True,True
156247,1.0,0.0,0.5,none,True,True
156248,1.0,0.0,0.5,none,True,True
156249,1.0,0.0,0.5,none,True,True
156250,1.0,0.0,0.5,none,True,True
156251,1.0,0.0,0.5,none,True,True
156252,1.0,0.0,0.5,none,True,True
156253,1.0,0.0,0.5,none,True,True
156254,1.0,0.0,0.5,none,True,True
156255,1.0,0.0,0.5,none,True,True
156256,1.0,0.0,0.5,none,True,True
156257,1.0,0.0,0.5,none,True,True
156258,1.0,0.0,0.5,none,True,True
156259,1.0,0.0,0.5,none,True,True
156260,1.0,0.0,0.5,none,True,True
156261,1.0,0.0,0.5,none,True,True
156262,1.0,0.0,0.5,none,True,True
156263,1.0,0.0,0.5,none,True,True
156264,1.0,0.0,0.5,none,True,True
156265,1.0,0.0,0.5,none,True,True
156266,1.0,0.0,0.5,none,True,True
156267,1.0,0.0,0.5,none,True,True
156268,1.0,0.0,0.5,none,True,True
156269,1.0,0.0,0.5,none,True,True
156270,1.0,0.0,0.5,none,True,True
156271,1.0,0.0,0.5,none,True,True
156272,1.0,0.0,0.5,none,True,True
156273,1.0,0.0,0.5,none,True,True
156274,1.0,0.0,0.5,none,True,True
156275,1.0,0.0,0.5,none,True,True
156276,1.0,0.0,0.5,none,True,True
156277,1.0,0.0,0.5,none,True,True
156278,1.0,0.0,0.5,none,True,True
156279,1.0,0.0,0.5,none,True,True
156280,1.0,0.0,0.5,none,True,True
156281,1.0,0.0,0.5,none,True,True
156282,1.0,0.0,0.5,none,True,True
156283,1.0,0.0,0.5,none,True,True
156284,1.0,0.0,0.5,none,True,True
156285,1.0,0.0,0.5,none,True,True
156286,1.0,0.0,0.5,none,True,True
156287,1.0,0.0,0.5,none,True,True
156288,1.0,0.0,0.5,none,True,True
156289,1.0,0.0,0.5,none,True,True
156290,1.0,0.0,0.5,none,True,True
156291,1.0,0.0,0.5,none,True,True
156292,1.0,0.0,0.5,none,True,True
156293,1.0,0.0,0.5,none,True,True
156294,1.0,0.0,0.5,none,True,True
156295,1.0,0.0,0.5,none,True,True
156296,1.0,0.0,0.5,none,True,True
156297,1.0,0.0,0.5,none,True,True
156298,1.0,0.0,0.5,none,True,True
156299,1.0,0.0,0.5,none,True,True
156300,1.0,0.0,0.5,none,True,True
156301,1.0,0.0,0.5,none,True,True
156302,1.0,0.0,0.5,none,True,True
156303,1.0,0.0,0.5,none,True,True
156304,1.0,0.0,0.5,none,True,True
156305,1.0,0.0,0.5,none,True,True
156306,1.0,0.0,0.5,none,True,True
156307,1.0,0.0,0.5,none,True,True
156308,1.0,0.0,0.5,none,True,True
156309,1.0,0.0,0.5,none,True,True
156310,1.0,0.0,0.5,none,True,True
156311,1.0,0.0,0.5,none,True,True
156312,1.0,0.0,0.5,none,True,True
156313,1.0,0.0,0.5,none,True,True
156314,1.0,0.0,0.5,none,True,True
156315,1.0,0.0,0.5,none,True,True
156316,1.0,0.0,0.5,none,True,True
156317,1.0,0.0,0.5,none,True,True
156318,1.0,0.0,0.5,none,True,True
156319,1.0,0.0,0.5,none,True,True
156320,1.0,0.0,0.5,none,True,True
156321,1.0,0.0,0.5,none,True,True
156322,1.0,0.0,0.5,none,True,True
156323,1.0,0.0,0.5,none,True,True
156324,1.0,0.0,0.5,none,True,True
156325,1.0,0.0,0.5,none,True,True
156326,1.0,0.0,0.5,none,True,True
156327,1.0,0.0,0.5,none,True,True
156328,1.0,0.0,0.5,none,True,True
156329,1.0,0.0,0.5,none,True,True
156330,1.0,0.0,0.5,none,True,True
156331,1.0,0.0,0.5,none,True,True
156332,1.0,0.0,0.5,none,True,True
156333,1.0,0.0,0.5,none,True,True
156334,1.0,0.0,0.5,none,True,True
156335,1.0,0.0,0.5,none,True,True
156336,1.0,0.0,0.5,none,True,True
156337,1.0,0.0,0.5,none,True,True
156338,1.0,0.0,0.5,none,True,True
156339,1.0,0.0,0.5,none,True,True
156340,1.0,0.0,0.5,none,True,True
156341,1.0,0.0,0.5,none,True,True
156342,1.0,0.0,0.5,none,True,True
156343,1.0,0.0,0.5,none,True,True
156344,1.0,0.0,0.5,none,True,True
156345,1.0,0.0,0.5,none,True,True
156346,1.0,0.0,0.5,none,True,True
156347,1.0,0.0,0.5,none,True,True
156348,1.0,0.0,0.5,none,True,True
156349,1.0,0.0,0.5,none,True,True
156350,1.0,0.0,0.5,none,True,True
156351,1.0,0.0,0.5,none,True,True
156352,1.0,0.0,0.5,none,True,True
156353,1.0,0.0,0.5,none,True,True
156354,1.0,0.0,0.5,none,True,True
156355,1.0,0.0,0.5,none,True,True
156356,1.0,0.0,0.5,none,True,True
156357,1.0,0.0,0.5,none,True,True
156358,1.0,0.0,0.5,none,True,True
156359,1.0,0.0,0.5,none,True,True
156360,1.0,0.0,0.5,none,True,True
156361,1.0,0.0,0.5,none,True,True
156362,1.0,0.0,0.5,none,True,True
156363,1.0,0.0,0.5,none,True,True
156364,1.0,0.0,0.5,none,True,True
156365,1.0,0.0,0.5,none,True,True
156366,1.0,0.0,0.5,none,True,True
156367,1.0,0.0,0.5,none,True,True
156368,1.0,0.0,0.5,none,True,True
156369,1.0,0.0,0.5,none,True,True
156370,1.0,0.0,0.5,none,True,True
156371,1.0,0.0,0.5,none,True,True
156372,1.0,0.0,0.5,none,True,True
156373,1.0,0.0,0.5,none,True,True
156374,1.0,0.0,0.5,none,True,True
156375,1.0,0.0,0.5,none,True,True
156376,1.0,0.0,0.5,none,True,True
156377,1.0,0.0,0.5,none,True,True
156378,1.0,0.0,0.5,none,True,True
156379,1.0,0.0,0.5,none,True,True
156380,1.0,0.0,0.5,none,True,True
156381,1.0,0.0,0.5,none,True,True
156382,1.0,0.0,0.5,none,True,True
156383,1.0,0.0,0.5,none,True,True
156384,1.0,0.0,0.5,none,True,True
156385,1.0,0.0,0.5,none,True,True
156386,1.0,0.0,0.5,none,True,True
156387,1.0,0.0,0.5,none,True,True
156388,1.0,0.0,0.5,none,True,True
156389,1.0,0.0,0.5,none,True,True
156390,1.0,0.0,0.5,none,True,True
156391,1.0,0.0,0.5,none,True,True
156392,1.0,0.0,0.5,none,True,True
156393,1.0,0.0,0.5,none,True,True
156394,1.0,0.0,0.5,none,True,True
156395,1.0,0.0,0.5,none,True,True
156396,1.0,0.0,0.5,none,True,True
156397,1.0,0.0,0.5,none,True,True
156398,1.0,0.0,0.5,none,True,True
156399,1.0,0.0,0.5,none,True,True
156400,1.0,0.0,0.5,none,True,True
156401,1.0,0.0,0.5,none,True,True
156402,1.0,0.0,0.5,none,True,True
156403,1.0,0.0,0.5,none,True,True
156404,1.0,0.0,0.5,none,True,True
156405,1.0,0.0,0.5,none,True,True
156406,1.0,0.0,0.5,none,True,True
156407,1.0,0.0,0.5,none,True,True
156408,1.0,0.0,0.5,none,True,True
156409,1.0,0.0,0.5,none,True,True
156410,1.0,0.0,0.5,none,True,True
156411,1.0,0.0,0.5,none,True,True
156412,1.0,0.0,0.5,none,True,True
156413,1.0,0.0,0.5,none,True,True
156414,1.0,0.0,0.5,none,True,True
156415,1.0,0.0,0.5,none,True,True
156416,1.0,0.0,0.5,none,True,True
156417,1.0,0.0,0.5,none,True,True
156418,1.0,0.0,0.5,none,True,True
156419,1.0,0.0,0.5,none,True,True
156420,1.0,0.0,0.5,none,True,True
156421,1.0,0.0,0.5,none,True,True
156422,1.0,0.0,0.5,none,True,True
156423,1.0,0.0,0.5,none,True,True
156424,1.0,0.0,0.5,none,True,True
156425,1.0,0.0,0.5,none,True,True
156426,1.0,0.0,0.5,none,True,True
156427,1.0,0.0,0.5,none,True,True
156428,1.0,0.0,0.5,none,True,True
156429,1.0,0.0,0.5,none,True,True
156430,1.0,0.0,0.5,none,True,True
156431,1.0,0.0,0.5,none,True,True
156432,1.0,0.0,0.5,none,True,True
156433,1.0,0.0,0.5,none,True,True
156434,1.0,0.0,0.5,none,True,True
156435,1.0,0.0,0.5,none,True,True
156436,1.0,0.0,0.5,none,True,True
156437,1.0,0.0,0.5,none,True,True
156438,1.0,0.0,0.5,none,True,True
156439,1.0,0.0,0.5,none,True,True
156440,1.0,0.0,0.5,none,True,True
156441,1.0,0.0,0.5,none,True,True
156442,1.0,0.0,0.5,none,True,True
156443,1.0,0.0,0.5,none,True,True
156444,1.0,0.0,0.5,none,True,True
156445,1.0,0.0,0.5,none,True,True
156446,1.0,0.0,0.5,none,True,True
156447,1.0,0.0,0.5,none,True,True
156448,1.0,0.0,0.5,none,True,True
156449,1.0,0.0,0.5,none,True,True
156450,1.0,0.0,0.5,none,True,True
156451,1.0,0.0,0.5,none,True,True
156452,1.0,0.0,0.5,none,True,True
156453,1.0,0.0,0.5,none,True,True
156454,1.0,0.0,0.5,none,True,True
156455,1.0,0.0,0.5,none,True,True
156456,1.0,0.0,0.5,none,True,True
156457,1.0,0.0,0.5,none,True,True
156458,1.0,0.0,0.5,none,True,True
156459,1.0,0.0,0.5,none,True,True
156460,1.0,0.0,0.5,none,True,True
156461,1.0,0.0,0.5,none,True,True
156462,1.0,0.0,0.5,none,True,True
156463,1.0,0.0,0.5,none,True,True
156464,1.0,0.0,0.5,none,True,True
156465,1.0,0.0,0.5,none,True,True
156466,1.0,0.0,0.5,none,True,True
156467,1.0,0.0,0.5,none,True,True
156468,1.0,0.0,0.5,none,True,True
156469,1.0,0.0,0.5,none,True,True
156470,1.0,0.0,0.5,none,True,True
156471,1.0,0.0,0.5,none,True,True
156472,1.0,0.0,0.5,none,True,True
156473,1.0,0.0,0.5,none,True,True
156474,1.0,0.0,0.5,none,True,True
156475,1.0,0.0,0.5,none,True,True
156476,1.0,0.0,0.5,none,True,True
156477,1.0,0.0,0.5,none,True,True
156478,1.0,0.0,0.5,none,True,True
156479,1.0,0.0,0.5,none,True,True
156480,1.0,0.0,0.5,none,True,True
156481,1.0,0.0,0.5,none,True,True
156482,1.0,0.0,0.5,none,True,True
156483,1.0,0.0,0.5,none,True,True
156484,1.0,0.0,0.5,none,True,True
156485,1.0,0.0,0.5,none,True,True
156486,1.0,0.0,0.5,none,True,True
156487,1.0,0.0,0.5,none,True,True
156488,1.0,0.0,0.5,none,True,True
156489,1.0,0.0,0.5,none,True,True
156490,1.0,0.0,0.5,none,True,True
156491,1.0,0.0,0.5,none,True,True
156492,1.0,0.0,0.5,none,True,True
156493,1.0,0.0,0.5,none,True,True
156494,1.0,0.0,0.5,none,True,True
156495,1.0,0.0,0.5,none,True,True
156496,1.0,0.0,0.5,none,True,True
156497,1.0,0.0,0.5,none,True,True
156498,1.0,0.0,0.5,none,True,True
156499,1.0,0.0,0.5,none,True,True
156500,1.0,0.0,0.5,none,True,True
156501,1.0,0.0,0.5,none,True,True
156502,1.0,0.0,0.5,none,True,True
156503,1.0,0.0,0.5,none,True,True
156504,1.0,0.0,0.5,none,True,True
156505,1.0,0.0,0.5,none,True,True
156506,1.0,0.0,0.5,none,True,True
156507,1.0,0.0,0.5,none,True,True
156508,1.0,0.0,0.5,none,True,True
156509,1.0,0.0,0.5,none,True,True
156510,1.0,0.0,0.5,none,True,True
156511,1.0,0.0,0.5,none,True,True
156512,1.0,0.0,0.5,none,True,True
156513,1.0,0.0,0.5,none,True,True
156514,1.0,0.0,0.5,none,True,True
156515,1.0,0.0,0.5,none,True,True
156516,1.0,0.0,0.5,none,True,True
156517,1.0,0.0,0.5,none,True,True
156518,1.0,0.0,0.5,none,True,True
156519,1.0,0.0,0.5,none,True,True
156520,1.0,0.0,0.5,none,True,True
156521,1.0,0.0,0.5,none,True,True
156522,1.0,0.0,0.5,none,True,True
156523,1.0,0.0,0.5,none,True,True
156524,1.0,0.0,0.5,none,True,True
156525,1.0,0.0,0.5,none,True,True
156526,1.0,0.0,0.5,none,True,True
156527,1.0,0.0,0.5,none,True,True
156528,1.0,0.0,0.5,none,True,True
156529,1.0,0.0,0.5,none,True,True
156530,1.0,0.0,0.5,none,True,True
156531,1.0,0.0,0.5,none,True,True
156532,1.0,0.0,0.5,none,True,True
156533,1.0,0.0,0.5,none,True,True
156534,1.0,0.0,0.5,none,True,True
156535,1.0,0.0,0.5,none,True,True
156536,1.0,0.0,0.5,none,True,True
156537,1.0,0.0,0.5,none,True,True
156538,1.0,0.0,0.5,none,True,True
156539,1.0,0.0,0.5,none,True,True
156540,1.0,0.0,0.5,none,True,True
156541,1.0,0.0,0.5,none,True,True
156542,1.0,0.0,0.5,none,True,True
156543,1.0,0.0,0.5,none,True,True
156544,1.0,0.0,0.5,none,True,True
156545,1.0,0.0,0.5,none,True,True
156546,1.0,0.0,0.5,none,True,True
156547,1.0,0.0,0.5,none,True,True
156548,1.0,0.0,0.5,none,True,True
156549,1.0,0.0,0.5,none,True,True
156550,1.0,0.0,0.5,none,True,True
156551,1.0,0.0,0.5,none,True,True
156552,1.0,0.0,0.5,none,True,True
156553,1.0,0.0,0.5,none,True,True
156554,1.0,0.0,0.5,none,True,True
156555,1.0,0.0,0.5,none,True,True
156556,1.0,0.0,0.5,none,True,True
156557,1.0,0.0,0.5,none,True,True
156558,1.0,0.0,0.5,none,True,True
156559,1.0,0.0,0.5,none,True,True
156560,1.0,0.0,0.5,none,True,True
156561,1.0,0.0,0.5,none,True,True
156562,1.0,0.0,0.5,none,True,True
156563,1.0,0.0,0.5,none,True,True
156564,1.0,0.0,0.5,none,True,True
156565,1.0,0.0,0.5,none,True,True
156566,1.0,0.0,0.5,none,True,True
156567,1.0,0.0,0.5,none,True,True
156568,1.0,0.0,0.5,none,True,True
156569,1.0,0.0,0.5,none,True,True
156570,1.0,0.0,0.5,none,True,True
156571,1.0,0.0,0.5,none,True,True
156572,1.0,0.0,0.5,none,True,True
156573,1.0,0.0,0.5,none,True,True
156574,1.0,0.0,0.5,none,True,True
156575,1.0,0.0,0.5,none,True,True
156576,1.0,0.0,0.5,none,True,True
156577,1.0,0.0,0.5,none,True,True
156578,1.0,0.0,0.5,none,True,True
156579,1.0,0.0,0.5,none,True,True
156580,1.0,0.0,0.5,none,True,True
156581,1.0,0.0,0.5,none,True,True
156582,1.0,0.0,0.5,none,True,True
156583,1.0,0.0,0.5,none,True,True
156584,1.0,0.0,0.5,none,True,True
156585,1.0,0.0,0.5,none,True,True
156586,1.0,0.0,0.5,none,True,True
156587,1.0,0.0,0.5,none,True,True
156588,1.0,0.0,0.5,none,True,True
156589,1.0,0.0,0.5,none,True,True
156590,1.0,0.0,0.5,none,True,True
156591,1.0,0.0,0.5,none,True,True
156592,1.0,0.0,0.5,none,True,True
156593,1.0,0.0,0.5,none,True,True
156594,1.0,0.0,0.5,none,True,True
156595,1.0,0.0,0.5,none,True,True
156596,1.0,0.0,0.5,none,True,True
156597,1.0,0.0,0.5,none,True,True
156598,1.0,0.0,0.5,none,True,True
156599,1.0,0.0,0.5,none,True,True
156600,1.0,0.0,0.5,none,True,True
156601,1.0,0.0,0.5,none,True,True
156602,1.0,0.0,0.5,none,True,True
156603,1.0,0.0,0.5,none,True,True
156604,1.0,0.0,0.5,none,True,True
156605,1.0,0.0,0.5,none,True,True
156606,1.0,0.0,0.5,none,True,True
156607,1.0,0.0,0.5,none,True,True
156608,1.0,0.0,0.5,none,True,True
156609,1.0,0.0,0.5,none,True,True
156610,1.0,0.0,0.5,none,True,True
156611,1.0,0.0,0.5,none,True,True
156612,1.0,0.0,0.5,none,True,True
156613,1.0,0.0,0.5,none,True,True
156614,1.0,0.0,0.5,none,True,True
156615,1.0,0.0,0.5,none,True,True
156616,1.0,0.0,0.5,none,True,True
156617,1.0,0.0,0.5,none,True,True
156618,1.0,0.0,0.5,none,True,True
156619,1.0,0.0,0.5,none,True,True
156620,1.0,0.0,0.5,none,True,True
156621,1.0,0.0,0.5,none,True,True
156622,1.0,0.0,0.5,none,True,True
156623,1.0,0.0,0.5,none,True,True
156624,1.0,0.0,0.5,none,True,True
156625,1.0,0.0,0.5,none,True,True
156626,1.0,0.0,0.5,none,True,True
156627,1.0,0.0,0.5,none,True,True
156628,1.0,0.0,0.5,none,True,True
156629,1.0,0.0,0.5,none,True,True
156630,1.0,0.0,0.5,none,True,True
156631,1.0,0.0,0.5,none,True,True
156632,1.0,0.0,0.5,none,True,True
156633,1.0,0.0,0.5,none,True,True
156634,1.0,0.0,0.5,none,True,True
156635,1.0,0.0,0.5,none,True,True
156636,1.0,0.0,0.5,none,True,True
156637,1.0,0.0,0.5,none,True,True
156638,1.0,0.0,0.5,none,True,True
156639,1.0,0.0,0.5,none,True,True
156640,1.0,0.0,0.5,none,True,True
156641,1.0,0.0,0.5,none,True,True
156642,1.0,0.0,0.5,none,True,True
156643,1.0,0.0,0.5,none,True,True
156644,1.0,0.0,0.5,none,True,True
156645,1.0,0.0,0.5,none,True,True
156646,1.0,0.0,0.5,none,True,True
156647,1.0,0.0,0.5,none,True,True
156648,1.0,0.0,0.5,none,True,True
156649,1.0,0.0,0.5,none,True,True
156650,1.0,0.0,0.5,none,True,True
156651,1.0,0.0,0.5,none,True,True
156652,1.0,0.0,0.5,none,True,True
156653,1.0,0.0,0.5,none,True,True
156654,1.0,0.0,0.5,none,True,True
156655,1.0,0.0,0.5,none,True,True
156656,1.0,0.0,0.5,none,True,True
156657,1.0,0.0,0.5,none,True,True
156658,1.0,0.0,0.5,none,True,True
156659,1.0,0.0,0.5,none,True,True
156660,1.0,0.0,0.5,none,True,True
156661,1.0,0.0,0.5,none,True,True
156662,1.0,0.0,0.5,none,True,True
156663,1.0,0.0,0.5,none,True,True
156664,1.0,0.0,0.5,none,True,True
156665,1.0,0.0,0.5,none,True,True
156666,1.0,0.0,0.5,none,True,True
156667,1.0,0.0,0.5,none,True,True
156668,1.0,0.0,0.5,none,True,True
156669,1.0,0.0,0.5,none,True,True
156670,1.0,0.0,0.5,none,True,True
156671,1.0,0.0,0.5,none,True,True
156672,1.0,0.0,0.5,none,True,True
156673,1.0,0.0,0.5,none,True,True
156674,1.0,0.0,0.5,none,True,True
156675,1.0,0.0,0.5,none,True,True
156676,1.0,0.0,0.5,none,True,True
156677,1.0,0.0,0.5,none,True,True
156678,1.0,0.0,0.5,none,True,True
156679,1.0,0.0,0.5,none,True,True
156680,1.0,0.0,0.5,none,True,True
156681,1.0,0.0,0.5,none,True,True
156682,1.0,0.0,0.5,none,True,True
156683,1.0,0.0,0.5,none,True,True
156684,1.0,0.0,0.5,none,True,True
156685,1.0,0.0,0.5,none,True,True
156686,1.0,0.0,0.5,none,True,True
156687,1.0,0.0,0.5,none,True,True
156688,1.0,0.0,0.5,none,True,True
156689,1.0,0.0,0.5,none,True,True
156690,1.0,0.0,0.5,none,True,True
156691,1.0,0.0,0.5,none,True,True
156692,1.0,0.0,0.5,none,True,True
156693,1.0,0.0,0.5,none,True,True
156694,1.0,0.0,0.5,none,True,True
156695,1.0,0.0,0.5,none,True,True
156696,1.0,0.0,0.5,none,True,True
156697,1.0,0.0,0.5,none,True,True
156698,1.0,0.0,0.5,none,True,True
156699,1.0,0.0,0.5,none,True,True
156700,1.0,0.0,0.5,none,True,True
156701,1.0,0.0,0.5,none,True,True
156702,1.0,0.0,0.5,none,True,True
156703,1.0,0.0,0.5,none,True,True
156704,1.0,0.0,0.5,none,True,True
156705,1.0,0.0,0.5,none,True,True
156706,1.0,0.0,0.5,none,True,True
156707,1.0,0.0,0.5,none,True,True
156708,1.0,0.0,0.5,none,True,True
156709,1.0,0.0,0.5,none,True,True
156710,1.0,0.0,0.5,none,True,True
156711,1.0,0.0,0.5,none,True,True
156712,1.0,0.0,0.5,none,True,True
156713,1.0,0.0,0.5,none,True,True
156714,1.0,0.0,0.5,none,True,True
156715,1.0,0.0,0.5,none,True,True
156716,1.0,0.0,0.5,none,True,True
156717,1.0,0.0,0.5,none,True,True
156718,1.0,0.0,0.5,none,True,True
156719,1.0,0.0,0.5,none,True,True
156720,1.0,0.0,0.5,none,True,True
156721,1.0,0.0,0.5,none,True,True
156722,1.0,0.0,0.5,none,True,True
156723,1.0,0.0,0.5,none,True,True
156724,1.0,0.0,0.5,none,True,True
156725,1.0,0.0,0.5,none,True,True
156726,1.0,0.0,0.5,none,True,True
156727,1.0,0.0,0.5,none,True,True
156728,1.0,0.0,0.5,none,True,True
156729,1.0,0.0,0.5,none,True,True
156730,1.0,0.0,0.5,none,True,True
156731,1.0,0.0,0.5,none,True,True
156732,1.0,0.0,0.5,none,True,True
156733,1.0,0.0,0.5,none,True,True
156734,1.0,0.0,0.5,none,True,True
156735,1.0,0.0,0.5,none,True,True
156736,1.0,0.0,0.5,none,True,True
156737,1.0,0.0,0.5,none,True,True
156738,1.0,0.0,0.5,none,True,True
156739,1.0,0.0,0.5,none,True,True
156740,1.0,0.0,0.5,none,True,True
156741,1.0,0.0,0.5,none,True,True
156742,1.0,0.0,0.5,none,True,True
156743,1.0,0.0,0.5,none,True,True
156744,1.0,0.0,0.5,none,True,True
156745,1.0,0.0,0.5,none,True,True
156746,1.0,0.0,0.5,none,True,True
156747,1.0,0.0,0.5,none,True,True
156748,1.0,0.0,0.5,none,True,True
156749,1.0,0.0,0.5,none,True,True
156750,1.0,0.0,0.5,none,True,True
156751,1.0,0.0,0.5,none,True,True
156752,1.0,0.0,0.5,none,True,True
156753,1.0,0.0,0.5,none,True,True
156754,1.0,0.0,0.5,none,True,True
156755,1.0,0.0,0.5,none,True,True
156756,1.0,0.0,0.5,none,True,True
156757,1.0,0.0,0.5,none,True,True
156758,1.0,0.0,0.5,none,True,True
156759,1.0,0.0,0.5,none,True,True
156760,1.0,0.0,0.5,none,True,True
156761,1.0,0.0,0.5,none,True,True
156762,1.0,0.0,0.5,none,True,True
156763,1.0,0.0,0.5,none,True,True
156764,1.0,0.0,0.5,none,True,True
156765,1.0,0.0,0.5,none,True,True
156766,1.0,0.0,0.5,none,True,True
156767,1.0,0.0,0.5,none,True,True
156768,1.0,0.0,0.5,none,True,True
156769,1.0,0.0,0.5,none,True,True
156770,1.0,0.0,0.5,none,True,True
156771,1.0,0.0,0.5,none,True,True
156772,1.0,0.0,0.5,none,True,True
156773,1.0,0.0,0.5,none,True,True
156774,1.0,0.0,0.5,none,True,True
156775,1.0,0.0,0.5,none,True,True
156776,1.0,0.0,0.5,none,True,True
156777,1.0,0.0,0.5,none,True,True
156778,1.0,0.0,0.5,none,True,True
156779,1.0,0.0,0.5,none,True,True
156780,1.0,0.0,0.5,none,True,True
156781,1.0,0.0,0.5,none,True,True
156782,1.0,0.0,0.5,none,True,True
156783,1.0,0.0,0.5,none,True,True
156784,1.0,0.0,0.5,none,True,True
156785,1.0,0.0,0.5,none,True,True
156786,1.0,0.0,0.5,none,True,True
156787,1.0,0.0,0.5,none,True,True
156788,1.0,0.0,0.5,none,True,True
156789,1.0,0.0,0.5,none,True,True
156790,1.0,0.0,0.5,none,True,True
156791,1.0,0.0,0.5,none,True,True
156792,1.0,0.0,0.5,none,True,True
156793,1.0,0.0,0.5,none,True,True
156794,1.0,0.0,0.5,none,True,True
156795,1.0,0.0,0.5,none,True,True
156796,1.0,0.0,0.5,none,True,True
156797,1.0,0.0,0.5,none,True,True
156798,1.0,0.0,0.5,none,True,True
156799,1.0,0.0,0.5,none,True,True
156800,1.0,0.0061,0.5,none,True,True
156801,1.0,0.0357,0.5,none,True,True
156802,1.0,0.0812,0.5,none,True,True
156803,1.0,0.1113,0.5,none,True,True
156804,1.0,0.1253,0.5,none,True,True
156805,1.0,0.1408,0.5,none,True,True
156806,1.0,0.0907,0.5,none,True,True
156807,1.0,0.1198,0.5,none,True,True
156808,1.0,0.0467,0.5,none,True,True
156809,1.0,0.0522,0.5,none,True,True
156810,1.0,0.0405,0.5,none,True,True
156811,1.0,0.0313,0.5,none,True,True
156812,1.0,0.0083,0.5,none,True,True
156813,1.0,0.0726,0.5,none,True,True
156814,1.0,0.0793,0.5,none,True,True
156815,1.0,0.0581,0.5,none,True,True
156816,1.0,0.0955,0.5,none,True,True
156817,1.0,0.0839,0.5,none,True,True
156818,1.0,0.0648,0.5,none,True,True
156819,1.0,0.0718,0.5,none,True,True
156820,1.0,0.0589,0.5,none,True,True
156821,1.0,0.0403,0.5,none,True,True
156822,1.0,0.0327,0.5,none,True,True
156823,1.0,0.0277,0.5,none,True,True
156824,1.0,0.017,0.5,none,True,True
156825,1.0,0.0102,0.5,none,True,True
156826,1.0,0.0099,0.5,none,True,True
156827,1.0,0.008,0.5,none,True,True
156828,1.0,0.005,0.5,none,True,True
156829,1.0,0.0063,0.5,none,True,True
156830,1.0,0.009,0.5,none,True,True
156831,1.0,0.0096,0.5,none,True,True
156832,1.0,0.0108,0.5,none,True,True
156833,1.0,0.014,0.5,none,True,True
156834,1.0,0.0161,0.5,none,True,True
156835,1.0,0.0167,0.5,none,True,True
156836,1.0,0.0182,0.5,none,True,True
156837,1.0,0.0196,0.5,none,True,True
156838,1.0,0.0197,0.5,none,True,True
156839,1.0,0.0193,0.5,none,True,True
156840,1.0,0.0193,0.5,none,True,True
156841,1.0,0.0187,0.5,none,True,True
156842,1.0,0.0174,0.5,none,True,True
156843,1.0,0.0163,0.5,none,True,True
156844,1.0,0.0152,0.5,none,True,True
156845,1.0,0.0138,0.5,none,True,True
156846,1.0,0.0123,0.5,none,True,True
156847,1.0,0.0111,0.5,none,True,True
156848,1.0,0.01,0.5,none,True,True
156849,1.0,0.0088,0.5,none,True,True
156850,1.0,0.0078,0.5,none,True,True
156851,1.0,0.0071,0.5,none,True,True
156852,1.0,0.0064,0.5,none,True,True
156853,1.0,0.0057,0.5,none,True,True
156854,1.0,0.0053,0.5,none,True,True
156855,1.0,0.005,0.5,none,True,True
156856,1.0,0.0047,0.5,none,True,True
156857,1.0,0.0045,0.5,none,True,True
156858,1.0,0.0044,0.5,none,True,True
156859,1.0,0.0043,0.5,none,True,True
156860,1.0,0.0042,0.5,none,True,True
156861,1.0,0.0041,0.5,none,True,True
156862,1.0,0.004,0.5,none,True,True
156863,1.0,0.0039,0.5,none,True,True
156864,1.0,0.0038,0.5,none,True,True
156865,1.0,0.0037,0.5,none,True,True
156866,1.0,0.0035,0.5,none,True,True
156867,1.0,0.0033,0.5,none,True,True
156868,1.0,0.0032,0.5,none,True,True
156869,1.0,0.003,0.5,none,True,True
156870,1.0,0.0028,0.5,none,True,True
156871,1.0,0.0026,0.5,none,True,True
156872,1.0,0.0024,0.5,none,True,True
156873,1.0,0.0023,0.5,none,True,True
156874,1.0,0.0021,0.5,none,True,True
156875,1.0,0.0019,0.5,none,True,True
156876,1.0,0.0018,0.5,none,True,True
156877,1.0,0.0017,0.5,none,True,True
156878,1.0,0.0015,0.5,none,True,True
156879,1.0,0.0014,0.5,none,True,True
156880,1.0,0.0013,0.5,none,True,True
156881,1.0,0.0013,0.5,none,True,True
156882,1.0,0.0012,0.5,none,True,True
156883,1.0,0.0011,0.5,none,True,True
156884,1.0,0.0011,0.5,none,True,True
156885,1.0,0.001,0.5,none,True,True
156886,1.0,0.001,0.5,none,True,True
156887,1.0,0.0009,0.5,none,True,True
156888,1.0,0.0009,0.5,none,True,True
156889,1.0,0.0008,0.5,none,True,True
156890,1.0,0.0008,0.5,none,True,True
156891,1.0,0.0008,0.5,none,True,True
156892,1.0,0.0007,0.5,none,True,True
156893,1.0,0.0007,0.5,none,True,True
156894,1.0,0.0006,0.5,none,True,True
156895,1.0,0.0006,0.5,none,True,True
156896,1.0,0.0006,0.5,none,True,True
156897,1.0,0.0005,0.5,none,True,True
156898,1.0,0.0005,0.5,none,True,True
156899,1.0,0.0005,0.5,none,True,True
156900,1.0,0.0004,0.5,none,True,True
156901,1.0,0.0004,0.5,none,True,True
156902,1.0,0.0004,0.5,none,True,True
156903,1.0,0.0004,0.5,none,True,True
156904,1.0,0.0003,0.5,none,True,True
156905,1.0,0.0003,0.5,none,True,True
156906,1.0,0.0003,0.5,none,True,True
156907,1.0,0.0003,0.5,none,True,True
156908,1.0,0.0003,0.5,none,True,True
156909,1.0,0.0003,0.5,none,True,True
156910,1.0,0.0002,0.5,none,True,True
156911,1.0,0.0002,0.5,none,True,True
156912,1.0,0.0002,0.5,none,True,True
156913,1.0,0.0002,0.5,none,True,True
156914,1.0,0.0002,0.5,none,True,True
156915,1.0,0.0002,0.5,none,True,True
156916,1.0,0.0002,0.5,none,True,True
156917,1.0,0.0002,0.5,none,True,True
156918,1.0,0.0002,0.5,none,True,True
156919,1.0,0.0001,0.5,none,True,True
156920,1.0,0.0001,0.5,none,True,True
156921,1.0,0.0001,0.5,none,True,True
156922,1.0,0.0001,0.5,none,True,True
156923,1.0,0.0001,0.5,none,True,True
156924,1.0,0.0001,0.5,none,True,True
156925,1.0,0.0001,0.5,none,True,True
156926,1.0,0.0001,0.5,none,True,True
156927,1.0,0.0001,0.5,none,True,True
156928,1.0,0.0001,0.5,none,True,True
156929,1.0,0.0001,0.5,none,True,True
156930,1.0,0.0001,0.5,none,True,True
156931,1.0,0.0001,0.5,none,True,True
156932,1.0,0.0001,0.5,none,True,True
156933,1.0,0.0001,0.5,none,True,True
156934,1.0,0.0001,0.5,none,True,True
156935,1.0,0.0001,0.5,none,True,True
156936,1.0,0.0001,0.5,none,True,True
156937,1.0,0.0,0.5,none,True,True
156938,1.0,0.0,0.5,none,True,True
156939,1.0,0.0,0.5,none,True,True
156940,1.0,0.0,0.5,none,True,True
156941,1.0,0.0,0.5,none,True,True
156942,1.0,0.0,0.5,none,True,True
156943,1.0,0.0,0.5,none,True,True
156944,1.0,0.0,0.5,none,True,True
156945,1.0,0.0,0.5,none,True,True
156946,1.0,0.0,0.5,none,True,True
156947,1.0,0.0,0.5,none,True,True
156948,1.0,0.0,0.5,none,True,True
156949,1.0,0.0,0.5,none,True,True
156950,1.0,0.0,0.5,none,True,True
156951,1.0,0.0,0.5,none,True,True
156952,1.0,0.0,0.5,none,True,True
156953,1.0,0.0,0.5,none,True,True
156954,1.0,0.0,0.5,none,True,True
156955,1.0,0.0,0.5,none,True,True
156956,1.0,0.0,0.5,none,True,True
156957,1.0,0.0,0.5,none,True,True
156958,1.0,0.0,0.5,none,True,True
156959,1.0,0.0,0.5,none,True,True
156960,1.0,0.0,0.5,none,True,True
156961,1.0,0.0,0.5,none,True,True
156962,1.0,0.0,0.5,none,True,True
156963,1.0,0.0,0.5,none,True,True
156964,1.0,0.0,0.5,none,True,True
156965,1.0,0.0,0.5,none,True,True
156966,1.0,0.0,0.5,none,True,True
156967,1.0,0.0,0.5,none,True,True
156968,1.0,0.0,0.5,none,True,True
156969,1.0,0.0,0.5,none,True,True
156970,1.0,0.0,0.5,none,True,True
156971,1.0,0.0,0.5,none,True,True
156972,1.0,0.0,0.5,none,True,True
156973,1.0,0.0,0.5,none,True,True
156974,1.0,0.0,0.5,none,True,True
156975,1.0,0.0,0.5,none,True,True
156976,1.0,0.0,0.5,none,True,True
156977,1.0,0.0,0.5,none,True,True
156978,1.0,0.0,0.5,none,True,True
156979,1.0,0.0,0.5,none,True,True
156980,1.0,0.0,0.5,none,True,True
156981,1.0,0.0,0.5,none,True,True
156982,1.0,0.0,0.5,none,True,True
156983,1.0,0.0,0.5,none,True,True
156984,1.0,0.0,0.5,none,True,True
156985,1.0,0.0,0.5,none,True,True
156986,1.0,0.0,0.5,none,True,True
156987,1.0,0.0,0.5,none,True,True
156988,1.0,0.0,0.5,none,True,True
156989,1.0,0.0,0.5,none,True,True
156990,1.0,0.0,0.5,none,True,True
156991,1.0,0.0,0.5,none,True,True
156992,1.0,0.0,0.5,none,True,True
156993,1.0,0.0,0.5,none,True,True
156994,1.0,0.0,0.5,none,True,True
156995,1.0,0.0,0.5,none,True,True
156996,1.0,0.0,0.5,none,True,True
156997,1.0,0.0,0.5,none,True,True
156998,1.0,0.0,0.5,none,True,True
156999,1.0,0.0,0.5,none,True,True
157000,1.0,0.0,0.5,none,True,True
157001,1.0,0.0,0.5,none,True,True
157002,1.0,0.0,0.5,none,True,True
157003,1.0,0.0,0.5,none,True,True
157004,1.0,0.0,0.5,none,True,True
157005,1.0,0.0,0.5,none,True,True
157006,1.0,0.0,0.5,none,True,True
157007,1.0,0.0,0.5,none,True,True
157008,1.0,0.0,0.5,none,True,True
157009,1.0,0.0,0.5,none,True,True
157010,1.0,0.0,0.5,none,True,True
157011,1.0,0.0,0.5,none,True,True
157012,1.0,0.0,0.5,none,True,True
157013,1.0,0.0,0.5,none,True,True
157014,1.0,0.0,0.5,none,True,True
157015,1.0,0.0,0.5,none,True,True
157016,1.0,0.0,0.5,none,True,True
157017,1.0,0.0,0.5,none,True,True
157018,1.0,0.0,0.5,none,True,True
157019,1.0,0.0,0.5,none,True,True
157020,1.0,0.0,0.5,none,True,True
157021,1.0,0.0,0.5,none,True,True
157022,1.0,0.0,0.5,none,True,True
157023,1.0,0.0,0.5,none,True,True
157024,1.0,0.0,0.5,none,True,True
157025,1.0,0.0,0.5,none,True,True
157026,1.0,0.0,0.5,none,True,True
157027,1.0,0.0,0.5,none,True,True
157028,1.0,0.0,0.5,none,True,True
157029,1.0,0.0,0.5,none,True,True
157030,1.0,0.0,0.5,none,True,True
157031,1.0,0.0,0.5,none,True,True
157032,1.0,0.0,0.5,none,True,True
157033,1.0,0.0,0.5,none,True,True
157034,1.0,0.0,0.5,none,True,True
157035,1.0,0.0,0.5,none,True,True
157036,1.0,0.0,0.5,none,True,True
157037,1.0,0.0,0.5,none,True,True
157038,1.0,0.0,0.5,none,True,True
157039,1.0,0.0,0.5,none,True,True
157040,1.0,0.0,0.5,none,True,True
157041,1.0,0.0,0.5,none,True,True
157042,1.0,0.0,0.5,none,True,True
157043,1.0,0.0,0.5,none,True,True
157044,1.0,0.0,0.5,none,True,True
157045,1.0,0.0,0.5,none,True,True
157046,1.0,0.0,0.5,none,True,True
157047,1.0,0.0,0.5,none,True,True
157048,1.0,0.0,0.5,none,True,True
157049,1.0,0.0,0.5,none,True,True
157050,1.0,0.0,0.5,none,True,True
157051,1.0,0.0,0.5,none,True,True
157052,1.0,0.0,0.5,none,True,True
157053,1.0,0.0,0.5,none,True,True
157054,1.0,0.0,0.5,none,True,True
157055,1.0,0.0,0.5,none,True,True
157056,1.0,0.0,0.5,none,True,True
157057,1.0,0.0,0.5,none,True,True
157058,1.0,0.0,0.5,none,True,True
157059,1.0,0.0,0.5,none,True,True
157060,1.0,0.0,0.5,none,True,True
157061,1.0,0.0,0.5,none,True,True
157062,1.0,0.0,0.5,none,True,True
157063,1.0,0.0,0.5,none,True,True
157064,1.0,0.0,0.5,none,True,True
157065,1.0,0.0,0.5,none,True,True
157066,1.0,0.0,0.5,none,True,True
157067,1.0,0.0,0.5,none,True,True
157068,1.0,0.0,0.5,none,True,True
157069,1.0,0.0,0.5,none,True,True
157070,1.0,0.0,0.5,none,True,True
157071,1.0,0.0,0.5,none,True,True
157072,1.0,0.0,0.5,none,True,True
157073,1.0,0.0,0.5,none,True,True
157074,1.0,0.0,0.5,none,True,True
157075,1.0,0.0,0.5,none,True,True
157076,1.0,0.0,0.5,none,True,True
157077,1.0,0.0,0.5,none,True,True
157078,1.0,0.0,0.5,none,True,True
157079,1.0,0.0,0.5,none,True,True
157080,1.0,0.0,0.5,none,True,True
157081,1.0,0.0,0.5,none,True,True
157082,1.0,0.0,0.5,none,True,True
157083,1.0,0.0,0.5,none,True,True
157084,1.0,0.0,0.5,none,True,True
157085,1.0,0.0,0.5,none,True,True
157086,1.0,0.0,0.5,none,True,True
157087,1.0,0.0,0.5,none,True,True
157088,1.0,0.0,0.5,none,True,True
157089,1.0,0.0,0.5,none,True,True
157090,1.0,0.0,0.5,none,True,True
157091,1.0,0.0,0.5,none,True,True
157092,1.0,0.0,0.5,none,True,True
157093,1.0,0.0,0.5,none,True,True
157094,1.0,0.0,0.5,none,True,True
157095,1.0,0.0,0.5,none,True,True
157096,1.0,0.0,0.5,none,True,True
157097,1.0,0.0,0.5,none,True,True
157098,1.0,0.0,0.5,none,True,True
157099,1.0,0.0,0.5,none,True,True
157100,1.0,0.0,0.5,none,True,True
157101,1.0,0.0,0.5,none,True,True
157102,1.0,0.0,0.5,none,True,True
157103,1.0,0.0,0.5,none,True,True
157104,1.0,0.0,0.5,none,True,True
157105,1.0,0.0,0.5,none,True,True
157106,1.0,0.0,0.5,none,True,True
157107,1.0,0.0,0.5,none,True,True
157108,1.0,0.0,0.5,none,True,True
157109,1.0,0.0,0.5,none,True,True
157110,1.0,0.0,0.5,none,True,True
157111,1.0,0.0,0.5,none,True,True
157112,1.0,0.0,0.5,none,True,True
157113,1.0,0.0,0.5,none,True,True
157114,1.0,0.0,0.5,none,True,True
157115,1.0,0.0,0.5,none,True,True
157116,1.0,0.0,0.5,none,True,True
157117,1.0,0.0,0.5,none,True,True
157118,1.0,0.0,0.5,none,True,True
157119,1.0,0.0,0.5,none,True,True
157120,1.0,0.0,0.5,none,True,True
157121,1.0,0.0,0.5,none,True,True
157122,1.0,0.0,0.5,none,True,True
157123,1.0,0.0,0.5,none,True,True
157124,1.0,0.0,0.5,none,True,True
157125,1.0,0.0,0.5,none,True,True
157126,1.0,0.0,0.5,none,True,True
157127,1.0,0.0,0.5,none,True,True
157128,1.0,0.0,0.5,none,True,True
157129,1.0,0.0,0.5,none,True,True
157130,1.0,0.0,0.5,none,True,True
157131,1.0,0.0,0.5,none,True,True
157132,1.0,0.0,0.5,none,True,True
157133,1.0,0.0,0.5,none,True,True
157134,1.0,0.0,0.5,none,True,True
157135,1.0,0.0,0.5,none,True,True
157136,1.0,0.0,0.5,none,True,True
157137,1.0,0.0,0.5,none,True,True
157138,1.0,0.0,0.5,none,True,True
157139,1.0,0.0,0.5,none,True,True
157140,1.0,0.0,0.5,none,True,True
157141,1.0,0.0,0.5,none,True,True
157142,1.0,0.0,0.5,none,True,True
157143,1.0,0.0,0.5,none,True,True
157144,1.0,0.0,0.5,none,True,True
157145,1.0,0.0,0.5,none,True,True
157146,1.0,0.0,0.5,none,True,True
157147,1.0,0.0,0.5,none,True,True
157148,1.0,0.0,0.5,none,True,True
157149,1.0,0.0,0.5,none,True,True
157150,1.0,0.0,0.5,none,True,True
157151,1.0,0.0,0.5,none,True,True
157152,1.0,0.0,0.5,none,True,True
157153,1.0,0.0,0.5,none,True,True
157154,1.0,0.0,0.5,none,True,True
157155,1.0,0.0,0.5,none,True,True
157156,1.0,0.0,0.5,none,True,True
157157,1.0,0.0,0.5,none,True,True
157158,1.0,0.0,0.5,none,True,True
157159,1.0,0.0,0.5,none,True,True
157160,1.0,0.0,0.5,none,True,True
157161,1.0,0.0,0.5,none,True,True
157162,1.0,0.0,0.5,none,True,True
157163,1.0,0.0,0.5,none,True,True
157164,1.0,0.0,0.5,none,True,True
157165,1.0,0.0,0.5,none,True,True
157166,1.0,0.0,0.5,none,True,True
157167,1.0,0.0,0.5,none,True,True
157168,1.0,0.0,0.5,none,True,True
157169,1.0,0.0,0.5,none,True,True
157170,1.0,0.0,0.5,none,True,True
157171,1.0,0.0,0.5,none,True,True
157172,1.0,0.0,0.5,none,True,True
157173,1.0,0.0,0.5,none,True,True
157174,1.0,0.0,0.5,none,True,True
157175,1.0,0.0,0.5,none,True,True
157176,1.0,0.0,0.5,none,True,True
157177,1.0,0.0,0.5,none,True,True
157178,1.0,0.0,0.5,none,True,True
157179,1.0,0.0,0.5,none,True,True
157180,1.0,0.0,0.5,none,True,True
157181,1.0,0.0,0.5,none,True,True
157182,1.0,0.0,0.5,none,True,True
157183,1.0,0.0,0.5,none,True,True
157184,1.0,0.0,0.5,none,True,True
157185,1.0,0.0,0.5,none,True,True
157186,1.0,0.0,0.5,none,True,True
157187,1.0,0.0,0.5,none,True,True
157188,1.0,0.0,0.5,none,True,True
157189,1.0,0.0,0.5,none,True,True
157190,1.0,0.0,0.5,none,True,True
157191,1.0,0.0,0.5,none,True,True
157192,1.0,0.0,0.5,none,True,True
157193,1.0,0.0,0.5,none,True,True
157194,1.0,0.0,0.5,none,True,True
157195,1.0,0.0,0.5,none,True,True
157196,1.0,0.0,0.5,none,True,True
157197,1.0,0.0,0.5,none,True,True
157198,1.0,0.0,0.5,none,True,True
157199,1.0,0.0,0.5,none,True,True
157200,1.0,0.0,0.5,none,True,True
157201,1.0,0.0,0.5,none,True,True
157202,1.0,0.0,0.5,none,True,True
157203,1.0,0.0,0.5,none,True,True
157204,1.0,0.0,0.5,none,True,True
157205,1.0,0.0,0.5,none,True,True
157206,1.0,0.0,0.5,none,True,True
157207,1.0,0.0,0.5,none,True,True
157208,1.0,0.0,0.5,none,True,True
157209,1.0,0.0,0.5,none,True,True
157210,1.0,0.0,0.5,none,True,True
157211,1.0,0.0,0.5,none,True,True
157212,1.0,0.0,0.5,none,True,True
157213,1.0,0.0,0.5,none,True,True
157214,1.0,0.0,0.5,none,True,True
157215,1.0,0.0,0.5,none,True,True
157216,1.0,0.0,0.5,none,True,True
157217,1.0,0.0,0.5,none,True,True
157218,1.0,0.0,0.5,none,True,True
157219,1.0,0.0,0.5,none,True,True
157220,1.0,0.0,0.5,none,True,True
157221,1.0,0.0,0.5,none,True,True
157222,1.0,0.0,0.5,none,True,True
157223,1.0,0.0,0.5,none,True,True
157224,1.0,0.0,0.5,none,True,True
157225,1.0,0.0,0.5,none,True,True
157226,1.0,0.0,0.5,none,True,True
157227,1.0,0.0,0.5,none,True,True
157228,1.0,0.0,0.5,none,True,True
157229,1.0,0.0,0.5,none,True,True
157230,1.0,0.0,0.5,none,True,True
157231,1.0,0.0,0.5,none,True,True
157232,1.0,0.0,0.5,none,True,True
157233,1.0,0.0,0.5,none,True,True
157234,1.0,0.0,0.5,none,True,True
157235,1.0,0.0,0.5,none,True,True
157236,1.0,0.0,0.5,none,True,True
157237,1.0,0.0,0.5,none,True,True
157238,1.0,0.0,0.5,none,True,True
157239,1.0,0.0,0.5,none,True,True
157240,1.0,0.0,0.5,none,True,True
157241,1.0,0.0,0.5,none,True,True
157242,1.0,0.0,0.5,none,True,True
157243,1.0,0.0,0.5,none,True,True
157244,1.0,0.0,0.5,none,True,True
157245,1.0,0.0,0.5,none,True,True
157246,1.0,0.0,0.5,none,True,True
157247,1.0,0.0,0.5,none,True,True
157248,1.0,0.0,0.5,none,True,True
157249,1.0,0.0,0.5,none,True,True
157250,1.0,0.0,0.5,none,True,True
157251,1.0,0.0,0.5,none,True,True
157252,1.0,0.0,0.5,none,True,True
157253,1.0,0.0,0.5,none,True,True
157254,1.0,0.0,0.5,none,True,True
157255,1.0,0.0,0.5,none,True,True
157256,1.0,0.0,0.5,none,True,True
157257,1.0,0.0,0.5,none,True,True
157258,1.0,0.0,0.5,none,True,True
157259,1.0,0.0,0.5,none,True,True
157260,1.0,0.0,0.5,none,True,True
157261,1.0,0.0,0.5,none,True,True
157262,1.0,0.0,0.5,none,True,True
157263,1.0,0.0,0.5,none,True,True
157264,1.0,0.0,0.5,none,True,True
157265,1.0,0.0,0.5,none,True,True
157266,1.0,0.0,0.5,none,True,True
157267,1.0,0.0,0.5,none,True,True
157268,1.0,0.0,0.5,none,True,True
157269,1.0,0.0,0.5,none,True,True
157270,1.0,0.0,0.5,none,True,True
157271,1.0,0.0,0.5,none,True,True
157272,1.0,0.0,0.5,none,True,True
157273,1.0,0.0,0.5,none,True,True
157274,1.0,0.0,0.5,none,True,True
157275,1.0,0.0,0.5,none,True,True
157276,1.0,0.0,0.5,none,True,True
157277,1.0,0.0,0.5,none,True,True
157278,1.0,0.0,0.5,none,True,True
157279,1.0,0.0,0.5,none,True,True
157280,1.0,0.0,0.5,none,True,True
157281,1.0,0.0,0.5,none,True,True
157282,1.0,0.0,0.5,none,True,True
157283,1.0,0.0,0.5,none,True,True
157284,1.0,0.0,0.5,none,True,True
157285,1.0,0.0,0.5,none,True,True
157286,1.0,0.0,0.5,none,True,True
157287,1.0,0.0,0.5,none,True,True
157288,1.0,0.0,0.5,none,True,True
157289,1.0,0.0,0.5,none,True,True
157290,1.0,0.0,0.5,none,True,True
157291,1.0,0.0,0.5,none,True,True
157292,1.0,0.0,0.5,none,True,True
157293,1.0,0.0,0.5,none,True,True
157294,1.0,0.0,0.5,none,True,True
157295,1.0,0.0,0.5,none,True,True
157296,1.0,0.0,0.5,none,True,True
157297,1.0,0.0,0.5,none,True,True
157298,1.0,0.0,0.5,none,True,True
157299,1.0,0.0,0.5,none,True,True
157300,1.0,0.0,0.5,none,True,True
157301,1.0,0.0,0.5,none,True,True
157302,1.0,0.0,0.5,none,True,True
157303,1.0,0.0,0.5,none,True,True
157304,1.0,0.0,0.5,none,True,True
157305,1.0,0.0,0.5,none,True,True
157306,1.0,0.0,0.5,none,True,True
157307,1.0,0.0,0.5,none,True,True
157308,1.0,0.0,0.5,none,True,True
157309,1.0,0.0,0.5,none,True,True
157310,1.0,0.0,0.5,none,True,True
157311,1.0,0.0,0.5,none,True,True
157312,1.0,0.0,0.5,none,True,True
157313,1.0,0.0,0.5,none,True,True
157314,1.0,0.0,0.5,none,True,True
157315,1.0,0.0,0.5,none,True,True
157316,1.0,0.0,0.5,none,True,True
157317,1.0,0.0,0.5,none,True,True
157318,1.0,0.0,0.5,none,True,True
157319,1.0,0.0,0.5,none,True,True
157320,1.0,0.0,0.5,none,True,True
157321,1.0,0.0,0.5,none,True,True
157322,1.0,0.0,0.5,none,True,True
157323,1.0,0.0,0.5,none,True,True
157324,1.0,0.0,0.5,none,True,True
157325,1.0,0.0,0.5,none,True,True
157326,1.0,0.0,0.5,none,True,True
157327,1.0,0.0,0.5,none,True,True
157328,1.0,0.0,0.5,none,True,True
157329,1.0,0.0,0.5,none,True,True
157330,1.0,0.0,0.5,none,True,True
157331,1.0,0.0,0.5,none,True,True
157332,1.0,0.0,0.5,none,True,True
157333,1.0,0.0,0.5,none,True,True
157334,1.0,0.0,0.5,none,True,True
157335,1.0,0.0,0.5,none,True,True
157336,1.0,0.0,0.5,none,True,True
157337,1.0,0.0,0.5,none,True,True
157338,1.0,0.0,0.5,none,True,True
157339,1.0,0.0,0.5,none,True,True
157340,1.0,0.0,0.5,none,True,True
157341,1.0,0.0,0.5,none,True,True
157342,1.0,0.0,0.5,none,True,True
157343,1.0,0.0,0.5,none,True,True
157344,1.0,0.0,0.5,none,True,True
157345,1.0,0.0,0.5,none,True,True
157346,1.0,0.0,0.5,none,True,True
157347,1.0,0.0,0.5,none,True,True
157348,1.0,0.0,0.5,none,True,True
157349,1.0,0.0,0.5,none,True,True
157350,1.0,0.0,0.5,none,True,True
157351,1.0,0.0,0.5,none,True,True
157352,1.0,0.0,0.5,none,True,True
157353,1.0,0.0,0.5,none,True,True
157354,1.0,0.0,0.5,none,True,True
157355,1.0,0.0,0.5,none,True,True
157356,1.0,0.0,0.5,none,True,True
157357,1.0,0.0,0.5,none,True,True
157358,1.0,0.0,0.5,none,True,True
157359,1.0,0.0,0.5,none,True,True
157360,1.0,0.0,0.5,none,True,True
157361,1.0,0.0,0.5,none,True,True
157362,1.0,0.0,0.5,none,True,True
157363,1.0,0.0,0.5,none,True,True
157364,1.0,0.0,0.5,none,True,True
157365,1.0,0.0,0.5,none,True,True
157366,1.0,0.0,0.5,none,True,True
157367,1.0,0.0,0.5,none,True,True
157368,1.0,0.0,0.5,none,True,True
157369,1.0,0.0,0.5,none,True,True
157370,1.0,0.0,0.5,none,True,True
157371,1.0,0.0,0.5,none,True,True
157372,1.0,0.0,0.5,none,True,True
157373,1.0,0.0,0.5,none,True,True
157374,1.0,0.0,0.5,none,True,True
157375,1.0,0.0,0.5,none,True,True
157376,1.0,0.0,0.5,none,True,True
157377,1.0,0.0,0.5,none,True,True
157378,1.0,0.0,0.5,none,True,True
157379,1.0,0.0,0.5,none,True,True
157380,1.0,0.0,0.5,none,True,True
157381,1.0,0.0,0.5,none,True,True
157382,1.0,0.0,0.5,none,True,True
157383,1.0,0.0,0.5,none,True,True
157384,1.0,0.0,0.5,none,True,True
157385,1.0,0.0,0.5,none,True,True
157386,1.0,0.0,0.5,none,True,True
157387,1.0,0.0,0.5,none,True,True
157388,1.0,0.0,0.5,none,True,True
157389,1.0,0.0,0.5,none,True,True
157390,1.0,0.0,0.5,none,True,True
157391,1.0,0.0,0.5,none,True,True
157392,1.0,0.0,0.5,none,True,True
157393,1.0,0.0,0.5,none,True,True
157394,1.0,0.0,0.5,none,True,True
157395,1.0,0.0,0.5,none,True,True
157396,1.0,0.0,0.5,none,True,True
157397,1.0,0.0,0.5,none,True,True
157398,1.0,0.0,0.5,none,True,True
157399,1.0,0.0,0.5,none,True,True
157400,1.0,0.0,0.5,none,True,True
157401,1.0,0.0,0.5,none,True,True
157402,1.0,0.0,0.5,none,True,True
157403,1.0,0.0,0.5,none,True,True
157404,1.0,0.0,0.5,none,True,True
157405,1.0,0.0,0.5,none,True,True
157406,1.0,0.0,0.5,none,True,True
157407,1.0,0.0,0.5,none,True,True
157408,1.0,0.0,0.5,none,True,True
157409,1.0,0.0,0.5,none,True,True
157410,1.0,0.0,0.5,none,True,True
157411,1.0,0.0,0.5,none,True,True
157412,1.0,0.0,0.5,none,True,True
157413,1.0,0.0,0.5,none,True,True
157414,1.0,0.0,0.5,none,True,True
157415,1.0,0.0,0.5,none,True,True
157416,1.0,0.0,0.5,none,True,True
157417,1.0,0.0,0.5,none,True,True
157418,1.0,0.0,0.5,none,True,True
157419,1.0,0.0,0.5,none,True,True
157420,1.0,0.0,0.5,none,True,True
157421,1.0,0.0,0.5,none,True,True
157422,1.0,0.0,0.5,none,True,True
157423,1.0,0.0,0.5,none,True,True
157424,1.0,0.0,0.5,none,True,True
157425,1.0,0.0,0.5,none,True,True
157426,1.0,0.0,0.5,none,True,True
157427,1.0,0.0,0.5,none,True,True
157428,1.0,0.0,0.5,none,True,True
157429,1.0,0.0,0.5,none,True,True
157430,1.0,0.0,0.5,none,True,True
157431,1.0,0.0,0.5,none,True,True
157432,1.0,0.0,0.5,none,True,True
157433,1.0,0.0,0.5,none,True,True
157434,1.0,0.0,0.5,none,True,True
157435,1.0,0.0,0.5,none,True,True
157436,1.0,0.0,0.5,none,True,True
157437,1.0,0.0,0.5,none,True,True
157438,1.0,0.0,0.5,none,True,True
157439,1.0,0.0,0.5,none,True,True
157440,1.0,0.0,0.5,none,True,True
157441,1.0,0.0,0.5,none,True,True
157442,1.0,0.0,0.5,none,True,True
157443,1.0,0.0,0.5,none,True,True
157444,1.0,0.0,0.5,none,True,True
157445,1.0,0.0,0.5,none,True,True
157446,1.0,0.0,0.5,none,True,True
157447,1.0,0.0,0.5,none,True,True
157448,1.0,0.0,0.5,none,True,True
157449,1.0,0.0,0.5,none,True,True
157450,1.0,0.0,0.5,none,True,True
157451,1.0,0.0,0.5,none,True,True
157452,1.0,0.0,0.5,none,True,True
157453,1.0,0.0,0.5,none,True,True
157454,1.0,0.0,0.5,none,True,True
157455,1.0,0.0,0.5,none,True,True
157456,1.0,0.0,0.5,none,True,True
157457,1.0,0.0,0.5,none,True,True
157458,1.0,0.0,0.5,none,True,True
157459,1.0,0.0,0.5,none,True,True
157460,1.0,0.0,0.5,none,True,True
157461,1.0,0.0,0.5,none,True,True
157462,1.0,0.0,0.5,none,True,True
157463,1.0,0.0,0.5,none,True,True
157464,1.0,0.0,0.5,none,True,True
157465,1.0,0.0,0.5,none,True,True
157466,1.0,0.0,0.5,none,True,True
157467,1.0,0.0,0.5,none,True,True
157468,1.0,0.0,0.5,none,True,True
157469,1.0,0.0,0.5,none,True,True
157470,1.0,0.0,0.5,none,True,True
157471,1.0,0.0,0.5,none,True,True
157472,1.0,0.0,0.5,none,True,True
157473,1.0,0.0,0.5,none,True,True
157474,1.0,0.0,0.5,none,True,True
157475,1.0,0.0,0.5,none,True,True
157476,1.0,0.0,0.5,none,True,True
157477,1.0,0.0,0.5,none,True,True
157478,1.0,0.0,0.5,none,True,True
157479,1.0,0.0,0.5,none,True,True
157480,1.0,0.0,0.5,none,True,True
157481,1.0,0.0,0.5,none,True,True
157482,1.0,0.0,0.5,none,True,True
157483,1.0,0.0,0.5,none,True,True
157484,1.0,0.0,0.5,none,True,True
157485,1.0,0.0,0.5,none,True,True
157486,1.0,0.0,0.5,none,True,True
157487,1.0,0.0,0.5,none,True,True
157488,1.0,0.0,0.5,none,True,True
157489,1.0,0.0,0.5,none,True,True
157490,1.0,0.0,0.5,none,True,True
157491,1.0,0.0,0.5,none,True,True
157492,1.0,0.0,0.5,none,True,True
157493,1.0,0.0,0.5,none,True,True
157494,1.0,0.0,0.5,none,True,True
157495,1.0,0.0,0.5,none,True,True
157496,1.0,0.0,0.5,none,True,True
157497,1.0,0.0,0.5,none,True,True
157498,1.0,0.0,0.5,none,True,True
157499,1.0,0.0,0.5,none,True,True
157500,1.0,0.0061,0.5,none,True,True
157501,1.0,0.0357,0.5,none,True,True
157502,1.0,0.0812,0.5,none,True,True
157503,1.0,0.1113,0.5,none,True,True
157504,1.0,0.1253,0.5,none,True,True
157505,1.0,0.1408,0.5,none,True,True
157506,1.0,0.0907,0.5,none,True,True
157507,1.0,0.1198,0.5,none,True,True
157508,1.0,0.0467,0.5,none,True,True
157509,1.0,0.0522,0.5,none,True,True
157510,1.0,0.0405,0.5,none,True,True
157511,1.0,0.0313,0.5,none,True,True
157512,1.0,0.0083,0.5,none,True,True
157513,1.0,0.0726,0.5,none,True,True
157514,1.0,0.0793,0.5,none,True,True
157515,1.0,0.0581,0.5,none,True,True
157516,1.0,0.0955,0.5,none,True,True
157517,1.0,0.0839,0.5,none,True,True
157518,1.0,0.0648,0.5,none,True,True
157519,1.0,0.0718,0.5,none,True,True
157520,1.0,0.0589,0.5,none,True,True
157521,1.0,0.0403,0.5,none,True,True
157522,1.0,0.0327,0.5,none,True,True
157523,1.0,0.0277,0.5,none,True,True
157524,1.0,0.017,0.5,none,True,True
157525,1.0,0.0102,0.5,none,True,True
157526,1.0,0.0099,0.5,none,True,True
157527,1.0,0.008,0.5,none,True,True
157528,1.0,0.005,0.5,none,True,True
157529,1.0,0.0063,0.5,none,True,True
157530,1.0,0.009,0.5,none,True,True
157531,1.0,0.0096,0.5,none,True,True
157532,1.0,0.0108,0.5,none,True,True
157533,1.0,0.014,0.5,none,True,True
157534,1.0,0.0161,0.5,none,True,True
157535,1.0,0.0167,0.5,none,True,True
157536,1.0,0.0182,0.5,none,True,True
157537,1.0,0.0196,0.5,none,True,True
157538,1.0,0.0197,0.5,none,True,True
157539,1.0,0.0193,0.5,none,True,True
157540,1.0,0.0193,0.5,none,True,True
157541,1.0,0.0187,0.5,none,True,True
157542,1.0,0.0174,0.5,none,True,True
157543,1.0,0.0163,0.5,none,True,True
157544,1.0,0.0152,0.5,none,True,True
157545,1.0,0.0138,0.5,none,True,True
157546,1.0,0.0123,0.5,none,True,True
157547,1.0,0.0111,0.5,none,True,True
157548,1.0,0.01,0.5,none,True,True
157549,1.0,0.0088,0.5,none,True,True
157550,1.0,0.0078,0.5,none,True,True
157551,1.0,0.0071,0.5,none,True,True
157552,1.0,0.0064,0.5,none,True,True
157553,1.0,0.0057,0.5,none,True,True
157554,1.0,0.0053,0.5,none,True,True
157555,1.0,0.005,0.5,none,True,True
157556,1.0,0.0047,0.5,none,True,True
157557,1.0,0.0045,0.5,none,True,True
157558,1.0,0.0044,0.5,none,True,True
157559,1.0,0.0043,0.5,none,True,True
157560,1.0,0.0042,0.5,none,True,True
157561,1.0,0.0041,0.5,none,True,True
157562,1.0,0.004,0.5,none,True,True
157563,1.0,0.0039,0.5,none,True,True
157564,1.0,0.0038,0.5,none,True,True
157565,1.0,0.0037,0.5,none,True,True
157566,1.0,0.0035,0.5,none,True,True
157567,1.0,0.0033,0.5,none,True,True
157568,1.0,0.0032,0.5,none,True,True
157569,1.0,0.003,0.5,none,True,True
157570,1.0,0.0028,0.5,none,True,True
157571,1.0,0.0026,0.5,none,True,True
157572,1.0,0.0024,0.5,none,True,True
157573,1.0,0.0023,0.5,none,True,True
157574,1.0,0.0021,0.5,none,True,True
157575,1.0,0.0019,0.5,none,True,True
157576,1.0,0.0018,0.5,none,True,True
157577,1.0,0.0017,0.5,none,True,True
157578,1.0,0.0015,0.5,none,True,True
157579,1.0,0.0014,0.5,none,True,True
157580,1.0,0.0013,0.5,none,True,True
157581,1.0,0.0013,0.5,none,True,True
157582,1.0,0.0012,0.5,none,True,True
157583,1.0,0.0011,0.5,none,True,True
157584,1.0,0.0011,0.5,none,True,True
157585,1.0,0.001,0.5,none,True,True
157586,1.0,0.001,0.5,none,True,True
157587,1.0,0.0009,0.5,none,True,True
157588,1.0,0.0009,0.5,none,True,True
157589,1.0,0.0008,0.5,none,True,True
157590,1.0,0.0008,0.5,none,True,True
157591,1.0,0.0008,0.5,none,True,True
157592,1.0,0.0007,0.5,none,True,True
157593,1.0,0.0007,0.5,none,True,True
157594,1.0,0.0006,0.5,none,True,True
157595,1.0,0.0006,0.5,none,True,True
157596,1.0,0.0006,0.5,none,True,True
157597,1.0,0.0005,0.5,none,True,True
157598,1.0,0.0005,0.5,none,True,True
157599,1.0,0.0005,0.5,none,True,True
157600,1.0,0.0004,0.5,none,True,True
157601,1.0,0.0004,0.5,none,True,True
157602,1.0,0.0004,0.5,none,True,True
157603,1.0,0.0004,0.5,none,True,True
157604,1.0,0.0003,0.5,none,True,True
157605,1.0,0.0003,0.5,none,True,True
157606,1.0,0.0003,0.5,none,True,True
157607,1.0,0.0003,0.5,none,True,True
157608,1.0,0.0003,0.5,none,True,True
157609,1.0,0.0003,0.5,none,True,True
157610,1.0,0.0002,0.5,none,True,True
157611,1.0,0.0002,0.5,none,True,True
157612,1.0,0.0002,0.5,none,True,True
157613,1.0,0.0002,0.5,none,True,True
157614,1.0,0.0002,0.5,none,True,True
157615,1.0,0.0002,0.5,none,True,True
157616,1.0,0.0002,0.5,none,True,True
157617,1.0,0.0002,0.5,none,True,True
157618,1.0,0.0002,0.5,none,True,True
157619,1.0,0.0001,0.5,none,True,True
157620,1.0,0.0001,0.5,none,True,True
157621,1.0,0.0001,0.5,none,True,True
157622,1.0,0.0001,0.5,none,True,True
157623,1.0,0.0001,0.5,none,True,True
157624,1.0,0.0001,0.5,none,True,True
157625,1.0,0.0001,0.5,none,True,True
157626,1.0,0.0001,0.5,none,True,True
157627,1.0,0.0001,0.5,none,True,True
157628,1.0,0.0001,0.5,none,True,True
157629,1.0,0.0001,0.5,none,True,True
157630,1.0,0.0001,0.5,none,True,True
157631,1.0,0.0001,0.5,none,True,True
157632,1.0,0.0001,0.5,none,True,True
157633,1.0,0.0001,0.5,none,True,True
157634,1.0,0.0001,0.5,none,True,True
157635,1.0,0.0001,0.5,none,True,True
157636,1.0,0.0001,0.5,none,True,True
157637,1.0,0.0,0.5,none,True,True
157638,1.0,0.0,0.5,none,True,True
157639,1.0,0.0,0.5,none,True,True
157640,1.0,0.0,0.5,none,True,True
157641,1.0,0.0,0.5,none,True,True
157642,1.0,0.0,0.5,none,True,True
157643,1.0,0.0,0.5,none,True,True
157644,1.0,0.0,0.5,none,True,True
157645,1.0,0.0,0.5,none,True,True
157646,1.0,0.0,0.5,none,True,True
157647,1.0,0.0,0.5,none,True,True
157648,1.0,0.0,0.5,none,True,True
157649,1.0,0.0,0.5,none,True,True
157650,1.0,0.0,0.5,none,True,True
157651,1.0,0.0,0.5,none,True,True
157652,1.0,0.0,0.5,none,True,True
157653,1.0,0.0,0.5,none,True,True
157654,1.0,0.0,0.5,none,True,True
157655,1.0,0.0,0.5,none,True,True
157656,1.0,0.0,0.5,none,True,True
157657,1.0,0.0,0.5,none,True,True
157658,1.0,0.0,0.5,none,True,True
157659,1.0,0.0,0.5,none,True,True
157660,1.0,0.0,0.5,none,True,True
157661,1.0,0.0,0.5,none,True,True
157662,1.0,0.0,0.5,none,True,True
157663,1.0,0.0,0.5,none,True,True
157664,1.0,0.0,0.5,none,True,True
157665,1.0,0.0,0.5,none,True,True
157666,1.0,0.0,0.5,none,True,True
157667,1.0,0.0,0.5,none,True,True
157668,1.0,0.0,0.5,none,True,True
157669,1.0,0.0,0.5,none,True,True
157670,1.0,0.0,0.5,none,True,True
157671,1.0,0.0,0.5,none,True,True
157672,1.0,0.0,0.5,none,True,True
157673,1.0,0.0,0.5,none,True,True
157674,1.0,0.0,0.5,none,True,True
157675,1.0,0.0,0.5,none,True,True
157676,1.0,0.0,0.5,none,True,True
157677,1.0,0.0,0.5,none,True,True
157678,1.0,0.0,0.5,none,True,True
157679,1.0,0.0,0.5,none,True,True
157680,1.0,0.0,0.5,none,True,True
157681,1.0,0.0,0.5,none,True,True
157682,1.0,0.0,0.5,none,True,True
157683,1.0,0.0,0.5,none,True,True
157684,1.0,0.0,0.5,none,True,True
157685,1.0,0.0,0.5,none,True,True
157686,1.0,0.0,0.5,none,True,True
157687,1.0,0.0,0.5,none,True,True
157688,1.0,0.0,0.5,none,True,True
157689,1.0,0.0,0.5,none,True,True
157690,1.0,0.0,0.5,none,True,True
157691,1.0,0.0,0.5,none,True,True
157692,1.0,0.0,0.5,none,True,True
157693,1.0,0.0,0.5,none,True,True
157694,1.0,0.0,0.5,none,True,True
157695,1.0,0.0,0.5,none,True,True
157696,1.0,0.0,0.5,none,True,True
157697,1.0,0.0,0.5,none,True,True
157698,1.0,0.0,0.5,none,True,True
157699,1.0,0.0,0.5,none,True,True
157700,1.0,0.0,0.5,none,True,True
157701,1.0,0.0,0.5,none,True,True
157702,1.0,0.0,0.5,none,True,True
157703,1.0,0.0,0.5,none,True,True
157704,1.0,0.0,0.5,none,True,True
157705,1.0,0.0,0.5,none,True,True
157706,1.0,0.0,0.5,none,True,True
157707,1.0,0.0,0.5,none,True,True
157708,1.0,0.0,0.5,none,True,True
157709,1.0,0.0,0.5,none,True,True
157710,1.0,0.0,0.5,none,True,True
157711,1.0,0.0,0.5,none,True,True
157712,1.0,0.0,0.5,none,True,True
157713,1.0,0.0,0.5,none,True,True
157714,1.0,0.0,0.5,none,True,True
157715,1.0,0.0,0.5,none,True,True
157716,1.0,0.0,0.5,none,True,True
157717,1.0,0.0,0.5,none,True,True
157718,1.0,0.0,0.5,none,True,True
157719,1.0,0.0,0.5,none,True,True
157720,1.0,0.0,0.5,none,True,True
157721,1.0,0.0,0.5,none,True,True
157722,1.0,0.0,0.5,none,True,True
157723,1.0,0.0,0.5,none,True,True
157724,1.0,0.0,0.5,none,True,True
157725,1.0,0.0,0.5,none,True,True
157726,1.0,0.0,0.5,none,True,True
157727,1.0,0.0,0.5,none,True,True
157728,1.0,0.0,0.5,none,True,True
157729,1.0,0.0,0.5,none,True,True
157730,1.0,0.0,0.5,none,True,True
157731,1.0,0.0,0.5,none,True,True
157732,1.0,0.0,0.5,none,True,True
157733,1.0,0.0,0.5,none,True,True
157734,1.0,0.0,0.5,none,True,True
157735,1.0,0.0,0.5,none,True,True
157736,1.0,0.0,0.5,none,True,True
157737,1.0,0.0,0.5,none,True,True
157738,1.0,0.0,0.5,none,True,True
157739,1.0,0.0,0.5,none,True,True
157740,1.0,0.0,0.5,none,True,True
157741,1.0,0.0,0.5,none,True,True
157742,1.0,0.0,0.5,none,True,True
157743,1.0,0.0,0.5,none,True,True
157744,1.0,0.0,0.5,none,True,True
157745,1.0,0.0,0.5,none,True,True
157746,1.0,0.0,0.5,none,True,True
157747,1.0,0.0,0.5,none,True,True
157748,1.0,0.0,0.5,none,True,True
157749,1.0,0.0,0.5,none,True,True
157750,1.0,0.0,0.5,none,True,True
157751,1.0,0.0,0.5,none,True,True
157752,1.0,0.0,0.5,none,True,True
157753,1.0,0.0,0.5,none,True,True
157754,1.0,0.0,0.5,none,True,True
157755,1.0,0.0,0.5,none,True,True
157756,1.0,0.0,0.5,none,True,True
157757,1.0,0.0,0.5,none,True,True
157758,1.0,0.0,0.5,none,True,True
157759,1.0,0.0,0.5,none,True,True
157760,1.0,0.0,0.5,none,True,True
157761,1.0,0.0,0.5,none,True,True
157762,1.0,0.0,0.5,none,True,True
157763,1.0,0.0,0.5,none,True,True
157764,1.0,0.0,0.5,none,True,True
157765,1.0,0.0,0.5,none,True,True
157766,1.0,0.0,0.5,none,True,True
157767,1.0,0.0,0.5,none,True,True
157768,1.0,0.0,0.5,none,True,True
157769,1.0,0.0,0.5,none,True,True
157770,1.0,0.0,0.5,none,True,True
157771,1.0,0.0,0.5,none,True,True
157772,1.0,0.0,0.5,none,True,True
157773,1.0,0.0,0.5,none,True,True
157774,1.0,0.0,0.5,none,True,True
157775,1.0,0.0,0.5,none,True,True
157776,1.0,0.0,0.5,none,True,True
157777,1.0,0.0,0.5,none,True,True
157778,1.0,0.0,0.5,none,True,True
157779,1.0,0.0,0.5,none,True,True
157780,1.0,0.0,0.5,none,True,True
157781,1.0,0.0,0.5,none,True,True
157782,1.0,0.0,0.5,none,True,True
157783,1.0,0.0,0.5,none,True,True
157784,1.0,0.0,0.5,none,True,True
157785,1.0,0.0,0.5,none,True,True
157786,1.0,0.0,0.5,none,True,True
157787,1.0,0.0,0.5,none,True,True
157788,1.0,0.0,0.5,none,True,True
157789,1.0,0.0,0.5,none,True,True
157790,1.0,0.0,0.5,none,True,True
157791,1.0,0.0,0.5,none,True,True
157792,1.0,0.0,0.5,none,True,True
157793,1.0,0.0,0.5,none,True,True
157794,1.0,0.0,0.5,none,True,True
157795,1.0,0.0,0.5,none,True,True
157796,1.0,0.0,0.5,none,True,True
157797,1.0,0.0,0.5,none,True,True
157798,1.0,0.0,0.5,none,True,True
157799,1.0,0.0,0.5,none,True,True
157800,1.0,0.0,0.5,none,True,True
157801,1.0,0.0,0.5,none,True,True
157802,1.0,0.0,0.5,none,True,True
157803,1.0,0.0,0.5,none,True,True
157804,1.0,0.0,0.5,none,True,True
157805,1.0,0.0,0.5,none,True,True
157806,1.0,0.0,0.5,none,True,True
157807,1.0,0.0,0.5,none,True,True
157808,1.0,0.0,0.5,none,True,True
157809,1.0,0.0,0.5,none,True,True
157810,1.0,0.0,0.5,none,True,True
157811,1.0,0.0,0.5,none,True,True
157812,1.0,0.0,0.5,none,True,True
157813,1.0,0.0,0.5,none,True,True
157814,1.0,0.0,0.5,none,True,True
157815,1.0,0.0,0.5,none,True,True
157816,1.0,0.0,0.5,none,True,True
157817,1.0,0.0,0.5,none,True,True
157818,1.0,0.0,0.5,none,True,True
157819,1.0,0.0,0.5,none,True,True
157820,1.0,0.0,0.5,none,True,True
157821,1.0,0.0,0.5,none,True,True
157822,1.0,0.0,0.5,none,True,True
157823,1.0,0.0,0.5,none,True,True
157824,1.0,0.0,0.5,none,True,True
157825,1.0,0.0,0.5,none,True,True
157826,1.0,0.0,0.5,none,True,True
157827,1.0,0.0,0.5,none,True,True
157828,1.0,0.0,0.5,none,True,True
157829,1.0,0.0,0.5,none,True,True
157830,1.0,0.0,0.5,none,True,True
157831,1.0,0.0,0.5,none,True,True
157832,1.0,0.0,0.5,none,True,True
157833,1.0,0.0,0.5,none,True,True
157834,1.0,0.0,0.5,none,True,True
157835,1.0,0.0,0.5,none,True,True
157836,1.0,0.0,0.5,none,True,True
157837,1.0,0.0,0.5,none,True,True
157838,1.0,0.0,0.5,none,True,True
157839,1.0,0.0,0.5,none,True,True
157840,1.0,0.0,0.5,none,True,True
157841,1.0,0.0,0.5,none,True,True
157842,1.0,0.0,0.5,none,True,True
157843,1.0,0.0,0.5,none,True,True
157844,1.0,0.0,0.5,none,True,True
157845,1.0,0.0,0.5,none,True,True
157846,1.0,0.0,0.5,none,True,True
157847,1.0,0.0,0.5,none,True,True
157848,1.0,0.0,0.5,none,True,True
157849,1.0,0.0,0.5,none,True,True
157850,1.0,0.0,0.5,none,True,True
157851,1.0,0.0,0.5,none,True,True
157852,1.0,0.0,0.5,none,True,True
157853,1.0,0.0,0.5,none,True,True
157854,1.0,0.0,0.5,none,True,True
157855,1.0,0.0,0.5,none,True,True
157856,1.0,0.0,0.5,none,True,True
157857,1.0,0.0,0.5,none,True,True
157858,1.0,0.0,0.5,none,True,True
157859,1.0,0.0,0.5,none,True,True
157860,1.0,0.0,0.5,none,True,True
157861,1.0,0.0,0.5,none,True,True
157862,1.0,0.0,0.5,none,True,True
157863,1.0,0.0,0.5,none,True,True
157864,1.0,0.0,0.5,none,True,True
157865,1.0,0.0,0.5,none,True,True
157866,1.0,0.0,0.5,none,True,True
157867,1.0,0.0,0.5,none,True,True
157868,1.0,0.0,0.5,none,True,True
157869,1.0,0.0,0.5,none,True,True
157870,1.0,0.0,0.5,none,True,True
157871,1.0,0.0,0.5,none,True,True
157872,1.0,0.0,0.5,none,True,True
157873,1.0,0.0,0.5,none,True,True
157874,1.0,0.0,0.5,none,True,True
157875,1.0,0.0,0.5,none,True,True
157876,1.0,0.0,0.5,none,True,True
157877,1.0,0.0,0.5,none,True,True
157878,1.0,0.0,0.5,none,True,True
157879,1.0,0.0,0.5,none,True,True
157880,1.0,0.0,0.5,none,True,True
157881,1.0,0.0,0.5,none,True,True
157882,1.0,0.0,0.5,none,True,True
157883,1.0,0.0,0.5,none,True,True
157884,1.0,0.0,0.5,none,True,True
157885,1.0,0.0,0.5,none,True,True
157886,1.0,0.0,0.5,none,True,True
157887,1.0,0.0,0.5,none,True,True
157888,1.0,0.0,0.5,none,True,True
157889,1.0,0.0,0.5,none,True,True
157890,1.0,0.0,0.5,none,True,True
157891,1.0,0.0,0.5,none,True,True
157892,1.0,0.0,0.5,none,True,True
157893,1.0,0.0,0.5,none,True,True
157894,1.0,0.0,0.5,none,True,True
157895,1.0,0.0,0.5,none,True,True
157896,1.0,0.0,0.5,none,True,True
157897,1.0,0.0,0.5,none,True,True
157898,1.0,0.0,0.5,none,True,True
157899,1.0,0.0,0.5,none,True,True
157900,1.0,0.0,0.5,none,True,True
157901,1.0,0.0,0.5,none,True,True
157902,1.0,0.0,0.5,none,True,True
157903,1.0,0.0,0.5,none,True,True
157904,1.0,0.0,0.5,none,True,True
157905,1.0,0.0,0.5,none,True,True
157906,1.0,0.0,0.5,none,True,True
157907,1.0,0.0,0.5,none,True,True
157908,1.0,0.0,0.5,none,True,True
157909,1.0,0.0,0.5,none,True,True
157910,1.0,0.0,0.5,none,True,True
157911,1.0,0.0,0.5,none,True,True
157912,1.0,0.0,0.5,none,True,True
157913,1.0,0.0,0.5,none,True,True
157914,1.0,0.0,0.5,none,True,True
157915,1.0,0.0,0.5,none,True,True
157916,1.0,0.0,0.5,none,True,True
157917,1.0,0.0,0.5,none,True,True
157918,1.0,0.0,0.5,none,True,True
157919,1.0,0.0,0.5,none,True,True
157920,1.0,0.0,0.5,none,True,True
157921,1.0,0.0,0.5,none,True,True
157922,1.0,0.0,0.5,none,True,True
157923,1.0,0.0,0.5,none,True,True
157924,1.0,0.0,0.5,none,True,True
157925,1.0,0.0,0.5,none,True,True
157926,1.0,0.0,0.5,none,True,True
157927,1.0,0.0,0.5,none,True,True
157928,1.0,0.0,0.5,none,True,True
157929,1.0,0.0,0.5,none,True,True
157930,1.0,0.0,0.5,none,True,True
157931,1.0,0.0,0.5,none,True,True
157932,1.0,0.0,0.5,none,True,True
157933,1.0,0.0,0.5,none,True,True
157934,1.0,0.0,0.5,none,True,True
157935,1.0,0.0,0.5,none,True,True
157936,1.0,0.0,0.5,none,True,True
157937,1.0,0.0,0.5,none,True,True
157938,1.0,0.0,0.5,none,True,True
157939,1.0,0.0,0.5,none,True,True
157940,1.0,0.0,0.5,none,True,True
157941,1.0,0.0,0.5,none,True,True
157942,1.0,0.0,0.5,none,True,True
157943,1.0,0.0,0.5,none,True,True
157944,1.0,0.0,0.5,none,True,True
157945,1.0,0.0,0.5,none,True,True
157946,1.0,0.0,0.5,none,True,True
157947,1.0,0.0,0.5,none,True,True
157948,1.0,0.0,0.5,none,True,True
157949,1.0,0.0,0.5,none,True,True
157950,1.0,0.0,0.5,none,True,True
157951,1.0,0.0,0.5,none,True,True
157952,1.0,0.0,0.5,none,True,True
157953,1.0,0.0,0.5,none,True,True
157954,1.0,0.0,0.5,none,True,True
157955,1.0,0.0,0.5,none,True,True
157956,1.0,0.0,0.5,none,True,True
157957,1.0,0.0,0.5,none,True,True
157958,1.0,0.0,0.5,none,True,True
157959,1.0,0.0,0.5,none,True,True
157960,1.0,0.0,0.5,none,True,True
157961,1.0,0.0,0.5,none,True,True
157962,1.0,0.0,0.5,none,True,True
157963,1.0,0.0,0.5,none,True,True
157964,1.0,0.0,0.5,none,True,True
157965,1.0,0.0,0.5,none,True,True
157966,1.0,0.0,0.5,none,True,True
157967,1.0,0.0,0.5,none,True,True
157968,1.0,0.0,0.5,none,True,True
157969,1.0,0.0,0.5,none,True,True
157970,1.0,0.0,0.5,none,True,True
157971,1.0,0.0,0.5,none,True,True
157972,1.0,0.0,0.5,none,True,True
157973,1.0,0.0,0.5,none,True,True
157974,1.0,0.0,0.5,none,True,True
157975,1.0,0.0,0.5,none,True,True
157976,1.0,0.0,0.5,none,True,True
157977,1.0,0.0,0.5,none,True,True
157978,1.0,0.0,0.5,none,True,True
157979,1.0,0.0,0.5,none,True,True
157980,1.0,0.0,0.5,none,True,True
157981,1.0,0.0,0.5,none,True,True
157982,1.0,0.0,0.5,none,True,True
157983,1.0,0.0,0.5,none,True,True
157984,1.0,0.0,0.5,none,True,True
157985,1.0,0.0,0.5,none,True,True
157986,1.0,0.0,0.5,none,True,True
157987,1.0,0.0,0.5,none,True,True
157988,1.0,0.0,0.5,none,True,True
157989,1.0,0.0,0.5,none,True,True
157990,1.0,0.0,0.5,none,True,True
157991,1.0,0.0,0.5,none,True,True
157992,1.0,0.0,0.5,none,True,True
157993,1.0,0.0,0.5,none,True,True
157994,1.0,0.0,0.5,none,True,True
157995,1.0,0.0,0.5,none,True,True
157996,1.0,0.0,0.5,none,True,True
157997,1.0,0.0,0.5,none,True,True
157998,1.0,0.0,0.5,none,True,True
157999,1.0,0.0,0.5,none,True,True
158000,1.0,0.0,0.5,none,True,True
158001,1.0,0.0,0.5,none,True,True
158002,1.0,0.0,0.5,none,True,True
158003,1.0,0.0,0.5,none,True,True
158004,1.0,0.0,0.5,none,True,True
158005,1.0,0.0,0.5,none,True,True
158006,1.0,0.0,0.5,none,True,True
158007,1.0,0.0,0.5,none,True,True
158008,1.0,0.0,0.5,none,True,True
158009,1.0,0.0,0.5,none,True,True
158010,1.0,0.0,0.5,none,True,True
158011,1.0,0.0,0.5,none,True,True
158012,1.0,0.0,0.5,none,True,True
158013,1.0,0.0,0.5,none,True,True
158014,1.0,0.0,0.5,none,True,True
158015,1.0,0.0,0.5,none,True,True
158016,1.0,0.0,0.5,none,True,True
158017,1.0,0.0,0.5,none,True,True
158018,1.0,0.0,0.5,none,True,True
158019,1.0,0.0,0.5,none,True,True
158020,1.0,0.0,0.5,none,True,True
158021,1.0,0.0,0.5,none,True,True
158022,1.0,0.0,0.5,none,True,True
158023,1.0,0.0,0.5,none,True,True
158024,1.0,0.0,0.5,none,True,True
158025,1.0,0.0,0.5,none,True,True
158026,1.0,0.0,0.5,none,True,True
158027,1.0,0.0,0.5,none,True,True
158028,1.0,0.0,0.5,none,True,True
158029,1.0,0.0,0.5,none,True,True
158030,1.0,0.0,0.5,none,True,True
158031,1.0,0.0,0.5,none,True,True
158032,1.0,0.0,0.5,none,True,True
158033,1.0,0.0,0.5,none,True,True
158034,1.0,0.0,0.5,none,True,True
158035,1.0,0.0,0.5,none,True,True
158036,1.0,0.0,0.5,none,True,True
158037,1.0,0.0,0.5,none,True,True
158038,1.0,0.0,0.5,none,True,True
158039,1.0,0.0,0.5,none,True,True
158040,1.0,0.0,0.5,none,True,True
158041,1.0,0.0,0.5,none,True,True
158042,1.0,0.0,0.5,none,True,True
158043,1.0,0.0,0.5,none,True,True
158044,1.0,0.0,0.5,none,True,True
158045,1.0,0.0,0.5,none,True,True
158046,1.0,0.0,0.5,none,True,True
158047,1.0,0.0,0.5,none,True,True
158048,1.0,0.0,0.5,none,True,True
158049,1.0,0.0,0.5,none,True,True
158050,1.0,0.0,0.5,none,True,True
158051,1.0,0.0,0.5,none,True,True
158052,1.0,0.0,0.5,none,True,True
158053,1.0,0.0,0.5,none,True,True
158054,1.0,0.0,0.5,none,True,True
158055,1.0,0.0,0.5,none,True,True
158056,1.0,0.0,0.5,none,True,True
158057,1.0,0.0,0.5,none,True,True
158058,1.0,0.0,0.5,none,True,True
158059,1.0,0.0,0.5,none,True,True
158060,1.0,0.0,0.5,none,True,True
158061,1.0,0.0,0.5,none,True,True
158062,1.0,0.0,0.5,none,True,True
158063,1.0,0.0,0.5,none,True,True
158064,1.0,0.0,0.5,none,True,True
158065,1.0,0.0,0.5,none,True,True
158066,1.0,0.0,0.5,none,True,True
158067,1.0,0.0,0.5,none,True,True
158068,1.0,0.0,0.5,none,True,True
158069,1.0,0.0,0.5,none,True,True
158070,1.0,0.0,0.5,none,True,True
158071,1.0,0.0,0.5,none,True,True
158072,1.0,0.0,0.5,none,True,True
158073,1.0,0.0,0.5,none,True,True
158074,1.0,0.0,0.5,none,True,True
158075,1.0,0.0,0.5,none,True,True
158076,1.0,0.0,0.5,none,True,True
158077,1.0,0.0,0.5,none,True,True
158078,1.0,0.0,0.5,none,True,True
158079,1.0,0.0,0.5,none,True,True
158080,1.0,0.0,0.5,none,True,True
158081,1.0,0.0,0.5,none,True,True
158082,1.0,0.0,0.5,none,True,True
158083,1.0,0.0,0.5,none,True,True
158084,1.0,0.0,0.5,none,True,True
158085,1.0,0.0,0.5,none,True,True
158086,1.0,0.0,0.5,none,True,True
158087,1.0,0.0,0.5,none,True,True
158088,1.0,0.0,0.5,none,True,True
158089,1.0,0.0,0.5,none,True,True
158090,1.0,0.0,0.5,none,True,True
158091,1.0,0.0,0.5,none,True,True
158092,1.0,0.0,0.5,none,True,True
158093,1.0,0.0,0.5,none,True,True
158094,1.0,0.0,0.5,none,True,True
158095,1.0,0.0,0.5,none,True,True
158096,1.0,0.0,0.5,none,True,True
158097,1.0,0.0,0.5,none,True,True
158098,1.0,0.0,0.5,none,True,True
158099,1.0,0.0,0.5,none,True,True
158100,1.0,0.0,0.5,none,True,True
158101,1.0,0.0,0.5,none,True,True
158102,1.0,0.0,0.5,none,True,True
158103,1.0,0.0,0.5,none,True,True
158104,1.0,0.0,0.5,none,True,True
158105,1.0,0.0,0.5,none,True,True
158106,1.0,0.0,0.5,none,True,True
158107,1.0,0.0,0.5,none,True,True
158108,1.0,0.0,0.5,none,True,True
158109,1.0,0.0,0.5,none,True,True
158110,1.0,0.0,0.5,none,True,True
158111,1.0,0.0,0.5,none,True,True
158112,1.0,0.0,0.5,none,True,True
158113,1.0,0.0,0.5,none,True,True
158114,1.0,0.0,0.5,none,True,True
158115,1.0,0.0,0.5,none,True,True
158116,1.0,0.0,0.5,none,True,True
158117,1.0,0.0,0.5,none,True,True
158118,1.0,0.0,0.5,none,True,True
158119,1.0,0.0,0.5,none,True,True
158120,1.0,0.0,0.5,none,True,True
158121,1.0,0.0,0.5,none,True,True
158122,1.0,0.0,0.5,none,True,True
158123,1.0,0.0,0.5,none,True,True
158124,1.0,0.0,0.5,none,True,True
158125,1.0,0.0,0.5,none,True,True
158126,1.0,0.0,0.5,none,True,True
158127,1.0,0.0,0.5,none,True,True
158128,1.0,0.0,0.5,none,True,True
158129,1.0,0.0,0.5,none,True,True
158130,1.0,0.0,0.5,none,True,True
158131,1.0,0.0,0.5,none,True,True
158132,1.0,0.0,0.5,none,True,True
158133,1.0,0.0,0.5,none,True,True
158134,1.0,0.0,0.5,none,True,True
158135,1.0,0.0,0.5,none,True,True
158136,1.0,0.0,0.5,none,True,True
158137,1.0,0.0,0.5,none,True,True
158138,1.0,0.0,0.5,none,True,True
158139,1.0,0.0,0.5,none,True,True
158140,1.0,0.0,0.5,none,True,True
158141,1.0,0.0,0.5,none,True,True
158142,1.0,0.0,0.5,none,True,True
158143,1.0,0.0,0.5,none,True,True
158144,1.0,0.0,0.5,none,True,True
158145,1.0,0.0,0.5,none,True,True
158146,1.0,0.0,0.5,none,True,True
158147,1.0,0.0,0.5,none,True,True
158148,1.0,0.0,0.5,none,True,True
158149,1.0,0.0,0.5,none,True,True
158150,1.0,0.0,0.5,none,True,True
158151,1.0,0.0,0.5,none,True,True
158152,1.0,0.0,0.5,none,True,True
158153,1.0,0.0,0.5,none,True,True
158154,1.0,0.0,0.5,none,True,True
158155,1.0,0.0,0.5,none,True,True
158156,1.0,0.0,0.5,none,True,True
158157,1.0,0.0,0.5,none,True,True
158158,1.0,0.0,0.5,none,True,True
158159,1.0,0.0,0.5,none,True,True
158160,1.0,0.0,0.5,none,True,True
158161,1.0,0.0,0.5,none,True,True
158162,1.0,0.0,0.5,none,True,True
158163,1.0,0.0,0.5,none,True,True
158164,1.0,0.0,0.5,none,True,True
158165,1.0,0.0,0.5,none,True,True
158166,1.0,0.0,0.5,none,True,True
158167,1.0,0.0,0.5,none,True,True
158168,1.0,0.0,0.5,none,True,True
158169,1.0,0.0,0.5,none,True,True
158170,1.0,0.0,0.5,none,True,True
158171,1.0,0.0,0.5,none,True,True
158172,1.0,0.0,0.5,none,True,True
158173,1.0,0.0,0.5,none,True,True
158174,1.0,0.0,0.5,none,True,True
158175,1.0,0.0,0.5,none,True,True
158176,1.0,0.0,0.5,none,True,True
158177,1.0,0.0,0.5,none,True,True
158178,1.0,0.0,0.5,none,True,True
158179,1.0,0.0,0.5,none,True,True
158180,1.0,0.0,0.5,none,True,True
158181,1.0,0.0,0.5,none,True,True
158182,1.0,0.0,0.5,none,True,True
158183,1.0,0.0,0.5,none,True,True
158184,1.0,0.0,0.5,none,True,True
158185,1.0,0.0,0.5,none,True,True
158186,1.0,0.0,0.5,none,True,True
158187,1.0,0.0,0.5,none,True,True
158188,1.0,0.0,0.5,none,True,True
158189,1.0,0.0,0.5,none,True,True
158190,1.0,0.0,0.5,none,True,True
158191,1.0,0.0,0.5,none,True,True
158192,1.0,0.0,0.5,none,True,True
158193,1.0,0.0,0.5,none,True,True
158194,1.0,0.0,0.5,none,True,True
158195,1.0,0.0,0.5,none,True,True
158196,1.0,0.0,0.5,none,True,True
158197,1.0,0.0,0.5,none,True,True
158198,1.0,0.0,0.5,none,True,True
158199,1.0,0.0,0.5,none,True,True
158200,1.0,0.0061,0.5,none,True,True
158201,1.0,0.0357,0.5,none,True,True
158202,1.0,0.0812,0.5,none,True,True
158203,1.0,0.1113,0.5,none,True,True
158204,1.0,0.1253,0.5,none,True,True
158205,1.0,0.1408,0.5,none,True,True
158206,1.0,0.0907,0.5,none,True,True
158207,1.0,0.1198,0.5,none,True,True
158208,1.0,0.0467,0.5,none,True,True
158209,1.0,0.0522,0.5,none,True,True
158210,1.0,0.0405,0.5,none,True,True
158211,1.0,0.0313,0.5,none,True,True
158212,1.0,0.0083,0.5,none,True,True
158213,1.0,0.0726,0.5,none,True,True
158214,1.0,0.0793,0.5,none,True,True
158215,1.0,0.0581,0.5,none,True,True
158216,1.0,0.0955,0.5,none,True,True
158217,1.0,0.0839,0.5,none,True,True
158218,1.0,0.0648,0.5,none,True,True
158219,1.0,0.0718,0.5,none,True,True
158220,1.0,0.0589,0.5,none,True,True
158221,1.0,0.0403,0.5,none,True,True
158222,1.0,0.0327,0.5,none,True,True
158223,1.0,0.0277,0.5,none,True,True
158224,1.0,0.017,0.5,none,True,True
158225,1.0,0.0102,0.5,none,True,True
158226,1.0,0.0099,0.5,none,True,True
158227,1.0,0.008,0.5,none,True,True
158228,1.0,0.005,0.5,none,True,True
158229,1.0,0.0063,0.5,none,True,True
158230,1.0,0.009,0.5,none,True,True
158231,1.0,0.0096,0.5,none,True,True
158232,1.0,0.0108,0.5,none,True,True
158233,1.0,0.014,0.5,none,True,True
158234,1.0,0.0161,0.5,none,True,True
158235,1.0,0.0167,0.5,none,True,True
158236,1.0,0.0182,0.5,none,True,True
158237,1.0,0.0196,0.5,none,True,True
158238,1.0,0.0197,0.5,none,True,True
158239,1.0,0.0193,0.5,none,True,True
158240,1.0,0.0193,0.5,none,True,True
158241,1.0,0.0187,0.5,none,True,True
158242,1.0,0.0174,0.5,none,True,True
158243,1.0,0.0163,0.5,none,True,True
158244,1.0,0.0152,0.5,none,True,True
158245,1.0,0.0138,0.5,none,True,True
158246,1.0,0.0123,0.5,none,True,True
158247,1.0,0.0111,0.5,none,True,True
158248,1.0,0.01,0.5,none,True,True
158249,1.0,0.0088,0.5,none,True,True
158250,1.0,0.0078,0.5,none,True,True
158251,1.0,0.0071,0.5,none,True,True
158252,1.0,0.0064,0.5,none,True,True
158253,1.0,0.0057,0.5,none,True,True
158254,1.0,0.0053,0.5,none,True,True
158255,1.0,0.005,0.5,none,True,True
158256,1.0,0.0047,0.5,none,True,True
158257,1.0,0.0045,0.5,none,True,True
158258,1.0,0.0044,0.5,none,True,True
158259,1.0,0.0043,0.5,none,True,True
158260,1.0,0.0042,0.5,none,True,True
158261,1.0,0.0041,0.5,none,True,True
158262,1.0,0.004,0.5,none,True,True
158263,1.0,0.0039,0.5,none,True,True
158264,1.0,0.0038,0.5,none,True,True
158265,1.0,0.0037,0.5,none,True,True
158266,1.0,0.0035,0.5,none,True,True
158267,1.0,0.0033,0.5,none,True,True
158268,1.0,0.0032,0.5,none,True,True
158269,1.0,0.003,0.5,none,True,True
158270,1.0,0.0028,0.5,none,True,True
158271,1.0,0.0026,0.5,none,True,True
158272,1.0,0.0024,0.5,none,True,True
158273,1.0,0.0023,0.5,none,True,True
158274,1.0,0.0021,0.5,none,True,True
158275,1.0,0.0019,0.5,none,True,True
158276,1.0,0.0018,0.5,none,True,True
158277,1.0,0.0017,0.5,none,True,True
158278,1.0,0.0015,0.5,none,True,True
158279,1.0,0.0014,0.5,none,True,True
158280,1.0,0.0013,0.5,none,True,True
158281,1.0,0.0013,0.5,none,True,True
158282,1.0,0.0012,0.5,none,True,True
158283,1.0,0.0011,0.5,none,True,True
158284,1.0,0.0011,0.5,none,True,True
158285,1.0,0.001,0.5,none,True,True
158286,1.0,0.001,0.5,none,True,True
158287,1.0,0.0009,0.5,none,True,True
158288,1.0,0.0009,0.5,none,True,True
158289,1.0,0.0008,0.5,none,True,True
158290,1.0,0.0008,0.5,none,True,True
158291,1.0,0.0008,0.5,none,True,True
158292,1.0,0.0007,0.5,none,True,True
158293,1.0,0.0007,0.5,none,True,True
158294,1.0,0.0006,0.5,none,True,True
158295,1.0,0.0006,0.5,none,True,True
158296,1.0,0.0006,0.5,none,True,True
158297,1.0,0.0005,0.5,none,True,True
158298,1.0,0.0005,0.5,none,True,True
158299,1.0,0.0005,0.5,none,True,True
158300,1.0,0.0004,0.5,none,True,True
158301,1.0,0.0004,0.5,none,True,True
158302,1.0,0.0004,0.5,none,True,True
158303,1.0,0.0004,0.5,none,True,True
158304,1.0,0.0003,0.5,none,True,True
158305,1.0,0.0003,0.5,none,True,True
158306,1.0,0.0003,0.5,none,True,True
158307,1.0,0.0003,0.5,none,True,True
158308,1.0,0.0003,0.5,none,True,True
158309,1.0,0.0003,0.5,none,True,True
158310,1.0,0.0002,0.5,none,True,True
158311,1.0,0.0002,0.5,none,True,True
158312,1.0,0.0002,0.5,none,True,True
158313,1.0,0.0002,0.5,none,True,True
158314,1.0,0.0002,0.5,none,True,True
158315,1.0,0.0002,0.5,none,True,True
158316,1.0,0.0002,0.5,none,True,True
158317,1.0,0.0002,0.5,none,True,True
158318,1.0,0.0002,0.5,none,True,True
158319,1.0,0.0001,0.5,none,True,True
158320,1.0,0.0001,0.5,none,True,True
158321,1.0,0.0001,0.5,none,True,True
158322,1.0,0.0001,0.5,none,True,True
158323,1.0,0.0001,0.5,none,True,True
158324,1.0,0.0001,0.5,none,True,True
158325,1.0,0.0001,0.5,none,True,True
158326,1.0,0.0001,0.5,none,True,True
158327,1.0,0.0001,0.5,none,True,True
158328,1.0,0.0001,0.5,none,True,True
158329,1.0,0.0001,0.5,none,True,True
158330,1.0,0.0001,0.5,none,True,True
158331,1.0,0.0001,0.5,none,True,True
158332,1.0,0.0001,0.5,none,True,True
158333,1.0,0.0001,0.5,none,True,True
158334,1.0,0.0001,0.5,none,True,True
158335,1.0,0.0001,0.5,none,True,True
158336,1.0,0.0001,0.5,none,True,True
158337,1.0,0.0,0.5,none,True,True
158338,1.0,0.0,0.5,none,True,True
158339,1.0,0.0,0.5,none,True,True
158340,1.0,0.0,0.5,none,True,True
158341,1.0,0.0,0.5,none,True,True
158342,1.0,0.0,0.5,none,True,True
158343,1.0,0.0,0.5,none,True,True
158344,1.0,0.0,0.5,none,True,True
158345,1.0,0.0,0.5,none,True,True
158346,1.0,0.0,0.5,none,True,True
158347,1.0,0.0,0.5,none,True,True
158348,1.0,0.0,0.5,none,True,True
158349,1.0,0.0,0.5,none,True,True
158350,1.0,0.0,0.5,none,True,True
158351,1.0,0.0,0.5,none,True,True
158352,1.0,0.0,0.5,none,True,True
158353,1.0,0.0,0.5,none,True,True
158354,1.0,0.0,0.5,none,True,True
158355,1.0,0.0,0.5,none,True,True
158356,1.0,0.0,0.5,none,True,True
158357,1.0,0.0,0.5,none,True,True
158358,1.0,0.0,0.5,none,True,True
158359,1.0,0.0,0.5,none,True,True
158360,1.0,0.0,0.5,none,True,True
158361,1.0,0.0,0.5,none,True,True
158362,1.0,0.0,0.5,none,True,True
158363,1.0,0.0,0.5,none,True,True
158364,1.0,0.0,0.5,none,True,True
158365,1.0,0.0,0.5,none,True,True
158366,1.0,0.0,0.5,none,True,True
158367,1.0,0.0,0.5,none,True,True
158368,1.0,0.0,0.5,none,True,True
158369,1.0,0.0,0.5,none,True,True
158370,1.0,0.0,0.5,none,True,True
158371,1.0,0.0,0.5,none,True,True
158372,1.0,0.0,0.5,none,True,True
158373,1.0,0.0,0.5,none,True,True
158374,1.0,0.0,0.5,none,True,True
158375,1.0,0.0,0.5,none,True,True
158376,1.0,0.0,0.5,none,True,True
158377,1.0,0.0,0.5,none,True,True
158378,1.0,0.0,0.5,none,True,True
158379,1.0,0.0,0.5,none,True,True
158380,1.0,0.0,0.5,none,True,True
158381,1.0,0.0,0.5,none,True,True
158382,1.0,0.0,0.5,none,True,True
158383,1.0,0.0,0.5,none,True,True
158384,1.0,0.0,0.5,none,True,True
158385,1.0,0.0,0.5,none,True,True
158386,1.0,0.0,0.5,none,True,True
158387,1.0,0.0,0.5,none,True,True
158388,1.0,0.0,0.5,none,True,True
158389,1.0,0.0,0.5,none,True,True
158390,1.0,0.0,0.5,none,True,True
158391,1.0,0.0,0.5,none,True,True
158392,1.0,0.0,0.5,none,True,True
158393,1.0,0.0,0.5,none,True,True
158394,1.0,0.0,0.5,none,True,True
158395,1.0,0.0,0.5,none,True,True
158396,1.0,0.0,0.5,none,True,True
158397,1.0,0.0,0.5,none,True,True
158398,1.0,0.0,0.5,none,True,True
158399,1.0,0.0,0.5,none,True,True
158400,1.0,0.0,0.5,none,True,True
158401,1.0,0.0,0.5,none,True,True
158402,1.0,0.0,0.5,none,True,True
158403,1.0,0.0,0.5,none,True,True
158404,1.0,0.0,0.5,none,True,True
158405,1.0,0.0,0.5,none,True,True
158406,1.0,0.0,0.5,none,True,True
158407,1.0,0.0,0.5,none,True,True
158408,1.0,0.0,0.5,none,True,True
158409,1.0,0.0,0.5,none,True,True
158410,1.0,0.0,0.5,none,True,True
158411,1.0,0.0,0.5,none,True,True
158412,1.0,0.0,0.5,none,True,True
158413,1.0,0.0,0.5,none,True,True
158414,1.0,0.0,0.5,none,True,True
158415,1.0,0.0,0.5,none,True,True
158416,1.0,0.0,0.5,none,True,True
158417,1.0,0.0,0.5,none,True,True
158418,1.0,0.0,0.5,none,True,True
158419,1.0,0.0,0.5,none,True,True
158420,1.0,0.0,0.5,none,True,True
158421,1.0,0.0,0.5,none,True,True
158422,1.0,0.0,0.5,none,True,True
158423,1.0,0.0,0.5,none,True,True
158424,1.0,0.0,0.5,none,True,True
158425,1.0,0.0,0.5,none,True,True
158426,1.0,0.0,0.5,none,True,True
158427,1.0,0.0,0.5,none,True,True
158428,1.0,0.0,0.5,none,True,True
158429,1.0,0.0,0.5,none,True,True
158430,1.0,0.0,0.5,none,True,True
158431,1.0,0.0,0.5,none,True,True
158432,1.0,0.0,0.5,none,True,True
158433,1.0,0.0,0.5,none,True,True
158434,1.0,0.0,0.5,none,True,True
158435,1.0,0.0,0.5,none,True,True
158436,1.0,0.0,0.5,none,True,True
158437,1.0,0.0,0.5,none,True,True
158438,1.0,0.0,0.5,none,True,True
158439,1.0,0.0,0.5,none,True,True
158440,1.0,0.0,0.5,none,True,True
158441,1.0,0.0,0.5,none,True,True
158442,1.0,0.0,0.5,none,True,True
158443,1.0,0.0,0.5,none,True,True
158444,1.0,0.0,0.5,none,True,True
158445,1.0,0.0,0.5,none,True,True
158446,1.0,0.0,0.5,none,True,True
158447,1.0,0.0,0.5,none,True,True
158448,1.0,0.0,0.5,none,True,True
158449,1.0,0.0,0.5,none,True,True
158450,1.0,0.0,0.5,none,True,True
158451,1.0,0.0,0.5,none,True,True
158452,1.0,0.0,0.5,none,True,True
158453,1.0,0.0,0.5,none,True,True
158454,1.0,0.0,0.5,none,True,True
158455,1.0,0.0,0.5,none,True,True
158456,1.0,0.0,0.5,none,True,True
158457,1.0,0.0,0.5,none,True,True
158458,1.0,0.0,0.5,none,True,True
158459,1.0,0.0,0.5,none,True,True
158460,1.0,0.0,0.5,none,True,True
158461,1.0,0.0,0.5,none,True,True
158462,1.0,0.0,0.5,none,True,True
158463,1.0,0.0,0.5,none,True,True
158464,1.0,0.0,0.5,none,True,True
158465,1.0,0.0,0.5,none,True,True
158466,1.0,0.0,0.5,none,True,True
158467,1.0,0.0,0.5,none,True,True
158468,1.0,0.0,0.5,none,True,True
158469,1.0,0.0,0.5,none,True,True
158470,1.0,0.0,0.5,none,True,True
158471,1.0,0.0,0.5,none,True,True
158472,1.0,0.0,0.5,none,True,True
158473,1.0,0.0,0.5,none,True,True
158474,1.0,0.0,0.5,none,True,True
158475,1.0,0.0,0.5,none,True,True
158476,1.0,0.0,0.5,none,True,True
158477,1.0,0.0,0.5,none,True,True
158478,1.0,0.0,0.5,none,True,True
158479,1.0,0.0,0.5,none,True,True
158480,1.0,0.0,0.5,none,True,True
158481,1.0,0.0,0.5,none,True,True
158482,1.0,0.0,0.5,none,True,True
158483,1.0,0.0,0.5,none,True,True
158484,1.0,0.0,0.5,none,True,True
158485,1.0,0.0,0.5,none,True,True
158486,1.0,0.0,0.5,none,True,True
158487,1.0,0.0,0.5,none,True,True
158488,1.0,0.0,0.5,none,True,True
158489,1.0,0.0,0.5,none,True,True
158490,1.0,0.0,0.5,none,True,True
158491,1.0,0.0,0.5,none,True,True
158492,1.0,0.0,0.5,none,True,True
158493,1.0,0.0,0.5,none,True,True
158494,1.0,0.0,0.5,none,True,True
158495,1.0,0.0,0.5,none,True,True
158496,1.0,0.0,0.5,none,True,True
158497,1.0,0.0,0.5,none,True,True
158498,1.0,0.0,0.5,none,True,True
158499,1.0,0.0,0.5,none,True,True
158500,1.0,0.0,0.5,none,True,True
158501,1.0,0.0,0.5,none,True,True
158502,1.0,0.0,0.5,none,True,True
158503,1.0,0.0,0.5,none,True,True
158504,1.0,0.0,0.5,none,True,True
158505,1.0,0.0,0.5,none,True,True
158506,1.0,0.0,0.5,none,True,True
158507,1.0,0.0,0.5,none,True,True
158508,1.0,0.0,0.5,none,True,True
158509,1.0,0.0,0.5,none,True,True
158510,1.0,0.0,0.5,none,True,True
158511,1.0,0.0,0.5,none,True,True
158512,1.0,0.0,0.5,none,True,True
158513,1.0,0.0,0.5,none,True,True
158514,1.0,0.0,0.5,none,True,True
158515,1.0,0.0,0.5,none,True,True
158516,1.0,0.0,0.5,none,True,True
158517,1.0,0.0,0.5,none,True,True
158518,1.0,0.0,0.5,none,True,True
158519,1.0,0.0,0.5,none,True,True
158520,1.0,0.0,0.5,none,True,True
158521,1.0,0.0,0.5,none,True,True
158522,1.0,0.0,0.5,none,True,True
158523,1.0,0.0,0.5,none,True,True
158524,1.0,0.0,0.5,none,True,True
158525,1.0,0.0,0.5,none,True,True
158526,1.0,0.0,0.5,none,True,True
158527,1.0,0.0,0.5,none,True,True
158528,1.0,0.0,0.5,none,True,True
158529,1.0,0.0,0.5,none,True,True
158530,1.0,0.0,0.5,none,True,True
158531,1.0,0.0,0.5,none,True,True
158532,1.0,0.0,0.5,none,True,True
158533,1.0,0.0,0.5,none,True,True
158534,1.0,0.0,0.5,none,True,True
158535,1.0,0.0,0.5,none,True,True
158536,1.0,0.0,0.5,none,True,True
158537,1.0,0.0,0.5,none,True,True
158538,1.0,0.0,0.5,none,True,True
158539,1.0,0.0,0.5,none,True,True
158540,1.0,0.0,0.5,none,True,True
158541,1.0,0.0,0.5,none,True,True
158542,1.0,0.0,0.5,none,True,True
158543,1.0,0.0,0.5,none,True,True
158544,1.0,0.0,0.5,none,True,True
158545,1.0,0.0,0.5,none,True,True
158546,1.0,0.0,0.5,none,True,True
158547,1.0,0.0,0.5,none,True,True
158548,1.0,0.0,0.5,none,True,True
158549,1.0,0.0,0.5,none,True,True
158550,1.0,0.0,0.5,none,True,True
158551,1.0,0.0,0.5,none,True,True
158552,1.0,0.0,0.5,none,True,True
158553,1.0,0.0,0.5,none,True,True
158554,1.0,0.0,0.5,none,True,True
158555,1.0,0.0,0.5,none,True,True
158556,1.0,0.0,0.5,none,True,True
158557,1.0,0.0,0.5,none,True,True
158558,1.0,0.0,0.5,none,True,True
158559,1.0,0.0,0.5,none,True,True
158560,1.0,0.0,0.5,none,True,True
158561,1.0,0.0,0.5,none,True,True
158562,1.0,0.0,0.5,none,True,True
158563,1.0,0.0,0.5,none,True,True
158564,1.0,0.0,0.5,none,True,True
158565,1.0,0.0,0.5,none,True,True
158566,1.0,0.0,0.5,none,True,True
158567,1.0,0.0,0.5,none,True,True
158568,1.0,0.0,0.5,none,True,True
158569,1.0,0.0,0.5,none,True,True
158570,1.0,0.0,0.5,none,True,True
158571,1.0,0.0,0.5,none,True,True
158572,1.0,0.0,0.5,none,True,True
158573,1.0,0.0,0.5,none,True,True
158574,1.0,0.0,0.5,none,True,True
158575,1.0,0.0,0.5,none,True,True
158576,1.0,0.0,0.5,none,True,True
158577,1.0,0.0,0.5,none,True,True
158578,1.0,0.0,0.5,none,True,True
158579,1.0,0.0,0.5,none,True,True
158580,1.0,0.0,0.5,none,True,True
158581,1.0,0.0,0.5,none,True,True
158582,1.0,0.0,0.5,none,True,True
158583,1.0,0.0,0.5,none,True,True
158584,1.0,0.0,0.5,none,True,True
158585,1.0,0.0,0.5,none,True,True
158586,1.0,0.0,0.5,none,True,True
158587,1.0,0.0,0.5,none,True,True
158588,1.0,0.0,0.5,none,True,True
158589,1.0,0.0,0.5,none,True,True
158590,1.0,0.0,0.5,none,True,True
158591,1.0,0.0,0.5,none,True,True
158592,1.0,0.0,0.5,none,True,True
158593,1.0,0.0,0.5,none,True,True
158594,1.0,0.0,0.5,none,True,True
158595,1.0,0.0,0.5,none,True,True
158596,1.0,0.0,0.5,none,True,True
158597,1.0,0.0,0.5,none,True,True
158598,1.0,0.0,0.5,none,True,True
158599,1.0,0.0,0.5,none,True,True
158600,1.0,0.0,0.5,none,True,True
158601,1.0,0.0,0.5,none,True,True
158602,1.0,0.0,0.5,none,True,True
158603,1.0,0.0,0.5,none,True,True
158604,1.0,0.0,0.5,none,True,True
158605,1.0,0.0,0.5,none,True,True
158606,1.0,0.0,0.5,none,True,True
158607,1.0,0.0,0.5,none,True,True
158608,1.0,0.0,0.5,none,True,True
158609,1.0,0.0,0.5,none,True,True
158610,1.0,0.0,0.5,none,True,True
158611,1.0,0.0,0.5,none,True,True
158612,1.0,0.0,0.5,none,True,True
158613,1.0,0.0,0.5,none,True,True
158614,1.0,0.0,0.5,none,True,True
158615,1.0,0.0,0.5,none,True,True
158616,1.0,0.0,0.5,none,True,True
158617,1.0,0.0,0.5,none,True,True
158618,1.0,0.0,0.5,none,True,True
158619,1.0,0.0,0.5,none,True,True
158620,1.0,0.0,0.5,none,True,True
158621,1.0,0.0,0.5,none,True,True
158622,1.0,0.0,0.5,none,True,True
158623,1.0,0.0,0.5,none,True,True
158624,1.0,0.0,0.5,none,True,True
158625,1.0,0.0,0.5,none,True,True
158626,1.0,0.0,0.5,none,True,True
158627,1.0,0.0,0.5,none,True,True
158628,1.0,0.0,0.5,none,True,True
158629,1.0,0.0,0.5,none,True,True
158630,1.0,0.0,0.5,none,True,True
158631,1.0,0.0,0.5,none,True,True
158632,1.0,0.0,0.5,none,True,True
158633,1.0,0.0,0.5,none,True,True
158634,1.0,0.0,0.5,none,True,True
158635,1.0,0.0,0.5,none,True,True
158636,1.0,0.0,0.5,none,True,True
158637,1.0,0.0,0.5,none,True,True
158638,1.0,0.0,0.5,none,True,True
158639,1.0,0.0,0.5,none,True,True
158640,1.0,0.0,0.5,none,True,True
158641,1.0,0.0,0.5,none,True,True
158642,1.0,0.0,0.5,none,True,True
158643,1.0,0.0,0.5,none,True,True
158644,1.0,0.0,0.5,none,True,True
158645,1.0,0.0,0.5,none,True,True
158646,1.0,0.0,0.5,none,True,True
158647,1.0,0.0,0.5,none,True,True
158648,1.0,0.0,0.5,none,True,True
158649,1.0,0.0,0.5,none,True,True
158650,1.0,0.0,0.5,none,True,True
158651,1.0,0.0,0.5,none,True,True
158652,1.0,0.0,0.5,none,True,True
158653,1.0,0.0,0.5,none,True,True
158654,1.0,0.0,0.5,none,True,True
158655,1.0,0.0,0.5,none,True,True
158656,1.0,0.0,0.5,none,True,True
158657,1.0,0.0,0.5,none,True,True
158658,1.0,0.0,0.5,none,True,True
158659,1.0,0.0,0.5,none,True,True
158660,1.0,0.0,0.5,none,True,True
158661,1.0,0.0,0.5,none,True,True
158662,1.0,0.0,0.5,none,True,True
158663,1.0,0.0,0.5,none,True,True
158664,1.0,0.0,0.5,none,True,True
158665,1.0,0.0,0.5,none,True,True
158666,1.0,0.0,0.5,none,True,True
158667,1.0,0.0,0.5,none,True,True
158668,1.0,0.0,0.5,none,True,True
158669,1.0,0.0,0.5,none,True,True
158670,1.0,0.0,0.5,none,True,True
158671,1.0,0.0,0.5,none,True,True
158672,1.0,0.0,0.5,none,True,True
158673,1.0,0.0,0.5,none,True,True
158674,1.0,0.0,0.5,none,True,True
158675,1.0,0.0,0.5,none,True,True
158676,1.0,0.0,0.5,none,True,True
158677,1.0,0.0,0.5,none,True,True
158678,1.0,0.0,0.5,none,True,True
158679,1.0,0.0,0.5,none,True,True
158680,1.0,0.0,0.5,none,True,True
158681,1.0,0.0,0.5,none,True,True
158682,1.0,0.0,0.5,none,True,True
158683,1.0,0.0,0.5,none,True,True
158684,1.0,0.0,0.5,none,True,True
158685,1.0,0.0,0.5,none,True,True
158686,1.0,0.0,0.5,none,True,True
158687,1.0,0.0,0.5,none,True,True
158688,1.0,0.0,0.5,none,True,True
158689,1.0,0.0,0.5,none,True,True
158690,1.0,0.0,0.5,none,True,True
158691,1.0,0.0,0.5,none,True,True
158692,1.0,0.0,0.5,none,True,True
158693,1.0,0.0,0.5,none,True,True
158694,1.0,0.0,0.5,none,True,True
158695,1.0,0.0,0.5,none,True,True
158696,1.0,0.0,0.5,none,True,True
158697,1.0,0.0,0.5,none,True,True
158698,1.0,0.0,0.5,none,True,True
158699,1.0,0.0,0.5,none,True,True
158700,1.0,0.0,0.5,none,True,True
158701,1.0,0.0,0.5,none,True,True
158702,1.0,0.0,0.5,none,True,True
158703,1.0,0.0,0.5,none,True,True
158704,1.0,0.0,0.5,none,True,True
158705,1.0,0.0,0.5,none,True,True
158706,1.0,0.0,0.5,none,True,True
158707,1.0,0.0,0.5,none,True,True
158708,1.0,0.0,0.5,none,True,True
158709,1.0,0.0,0.5,none,True,True
158710,1.0,0.0,0.5,none,True,True
158711,1.0,0.0,0.5,none,True,True
158712,1.0,0.0,0.5,none,True,True
158713,1.0,0.0,0.5,none,True,True
158714,1.0,0.0,0.5,none,True,True
158715,1.0,0.0,0.5,none,True,True
158716,1.0,0.0,0.5,none,True,True
158717,1.0,0.0,0.5,none,True,True
158718,1.0,0.0,0.5,none,True,True
158719,1.0,0.0,0.5,none,True,True
158720,1.0,0.0,0.5,none,True,True
158721,1.0,0.0,0.5,none,True,True
158722,1.0,0.0,0.5,none,True,True
158723,1.0,0.0,0.5,none,True,True
158724,1.0,0.0,0.5,none,True,True
158725,1.0,0.0,0.5,none,True,True
158726,1.0,0.0,0.5,none,True,True
158727,1.0,0.0,0.5,none,True,True
158728,1.0,0.0,0.5,none,True,True
158729,1.0,0.0,0.5,none,True,True
158730,1.0,0.0,0.5,none,True,True
158731,1.0,0.0,0.5,none,True,True
158732,1.0,0.0,0.5,none,True,True
158733,1.0,0.0,0.5,none,True,True
158734,1.0,0.0,0.5,none,True,True
158735,1.0,0.0,0.5,none,True,True
158736,1.0,0.0,0.5,none,True,True
158737,1.0,0.0,0.5,none,True,True
158738,1.0,0.0,0.5,none,True,True
158739,1.0,0.0,0.5,none,True,True
158740,1.0,0.0,0.5,none,True,True
158741,1.0,0.0,0.5,none,True,True
158742,1.0,0.0,0.5,none,True,True
158743,1.0,0.0,0.5,none,True,True
158744,1.0,0.0,0.5,none,True,True
158745,1.0,0.0,0.5,none,True,True
158746,1.0,0.0,0.5,none,True,True
158747,1.0,0.0,0.5,none,True,True
158748,1.0,0.0,0.5,none,True,True
158749,1.0,0.0,0.5,none,True,True
158750,1.0,0.0,0.5,none,True,True
158751,1.0,0.0,0.5,none,True,True
158752,1.0,0.0,0.5,none,True,True
158753,1.0,0.0,0.5,none,True,True
158754,1.0,0.0,0.5,none,True,True
158755,1.0,0.0,0.5,none,True,True
158756,1.0,0.0,0.5,none,True,True
158757,1.0,0.0,0.5,none,True,True
158758,1.0,0.0,0.5,none,True,True
158759,1.0,0.0,0.5,none,True,True
158760,1.0,0.0,0.5,none,True,True
158761,1.0,0.0,0.5,none,True,True
158762,1.0,0.0,0.5,none,True,True
158763,1.0,0.0,0.5,none,True,True
158764,1.0,0.0,0.5,none,True,True
158765,1.0,0.0,0.5,none,True,True
158766,1.0,0.0,0.5,none,True,True
158767,1.0,0.0,0.5,none,True,True
158768,1.0,0.0,0.5,none,True,True
158769,1.0,0.0,0.5,none,True,True
158770,1.0,0.0,0.5,none,True,True
158771,1.0,0.0,0.5,none,True,True
158772,1.0,0.0,0.5,none,True,True
158773,1.0,0.0,0.5,none,True,True
158774,1.0,0.0,0.5,none,True,True
158775,1.0,0.0,0.5,none,True,True
158776,1.0,0.0,0.5,none,True,True
158777,1.0,0.0,0.5,none,True,True
158778,1.0,0.0,0.5,none,True,True
158779,1.0,0.0,0.5,none,True,True
158780,1.0,0.0,0.5,none,True,True
158781,1.0,0.0,0.5,none,True,True
158782,1.0,0.0,0.5,none,True,True
158783,1.0,0.0,0.5,none,True,True
158784,1.0,0.0,0.5,none,True,True
158785,1.0,0.0,0.5,none,True,True
158786,1.0,0.0,0.5,none,True,True
158787,1.0,0.0,0.5,none,True,True
158788,1.0,0.0,0.5,none,True,True
158789,1.0,0.0,0.5,none,True,True
158790,1.0,0.0,0.5,none,True,True
158791,1.0,0.0,0.5,none,True,True
158792,1.0,0.0,0.5,none,True,True
158793,1.0,0.0,0.5,none,True,True
158794,1.0,0.0,0.5,none,True,True
158795,1.0,0.0,0.5,none,True,True
158796,1.0,0.0,0.5,none,True,True
158797,1.0,0.0,0.5,none,True,True
158798,1.0,0.0,0.5,none,True,True
158799,1.0,0.0,0.5,none,True,True
158800,1.0,0.0,0.5,none,True,True
158801,1.0,0.0,0.5,none,True,True
158802,1.0,0.0,0.5,none,True,True
158803,1.0,0.0,0.5,none,True,True
158804,1.0,0.0,0.5,none,True,True
158805,1.0,0.0,0.5,none,True,True
158806,1.0,0.0,0.5,none,True,True
158807,1.0,0.0,0.5,none,True,True
158808,1.0,0.0,0.5,none,True,True
158809,1.0,0.0,0.5,none,True,True
158810,1.0,0.0,0.5,none,True,True
158811,1.0,0.0,0.5,none,True,True
158812,1.0,0.0,0.5,none,True,True
158813,1.0,0.0,0.5,none,True,True
158814,1.0,0.0,0.5,none,True,True
158815,1.0,0.0,0.5,none,True,True
158816,1.0,0.0,0.5,none,True,True
158817,1.0,0.0,0.5,none,True,True
158818,1.0,0.0,0.5,none,True,True
158819,1.0,0.0,0.5,none,True,True
158820,1.0,0.0,0.5,none,True,True
158821,1.0,0.0,0.5,none,True,True
158822,1.0,0.0,0.5,none,True,True
158823,1.0,0.0,0.5,none,True,True
158824,1.0,0.0,0.5,none,True,True
158825,1.0,0.0,0.5,none,True,True
158826,1.0,0.0,0.5,none,True,True
158827,1.0,0.0,0.5,none,True,True
158828,1.0,0.0,0.5,none,True,True
158829,1.0,0.0,0.5,none,True,True
158830,1.0,0.0,0.5,none,True,True
158831,1.0,0.0,0.5,none,True,True
158832,1.0,0.0,0.5,none,True,True
158833,1.0,0.0,0.5,none,True,True
158834,1.0,0.0,0.5,none,True,True
158835,1.0,0.0,0.5,none,True,True
158836,1.0,0.0,0.5,none,True,True
158837,1.0,0.0,0.5,none,True,True
158838,1.0,0.0,0.5,none,True,True
158839,1.0,0.0,0.5,none,True,True
158840,1.0,0.0,0.5,none,True,True
158841,1.0,0.0,0.5,none,True,True
158842,1.0,0.0,0.5,none,True,True
158843,1.0,0.0,0.5,none,True,True
158844,1.0,0.0,0.5,none,True,True
158845,1.0,0.0,0.5,none,True,True
158846,1.0,0.0,0.5,none,True,True
158847,1.0,0.0,0.5,none,True,True
158848,1.0,0.0,0.5,none,True,True
158849,1.0,0.0,0.5,none,True,True
158850,1.0,0.0,0.5,none,True,True
158851,1.0,0.0,0.5,none,True,True
158852,1.0,0.0,0.5,none,True,True
158853,1.0,0.0,0.5,none,True,True
158854,1.0,0.0,0.5,none,True,True
158855,1.0,0.0,0.5,none,True,True
158856,1.0,0.0,0.5,none,True,True
158857,1.0,0.0,0.5,none,True,True
158858,1.0,0.0,0.5,none,True,True
158859,1.0,0.0,0.5,none,True,True
158860,1.0,0.0,0.5,none,True,True
158861,1.0,0.0,0.5,none,True,True
158862,1.0,0.0,0.5,none,True,True
158863,1.0,0.0,0.5,none,True,True
158864,1.0,0.0,0.5,none,True,True
158865,1.0,0.0,0.5,none,True,True
158866,1.0,0.0,0.5,none,True,True
158867,1.0,0.0,0.5,none,True,True
158868,1.0,0.0,0.5,none,True,True
158869,1.0,0.0,0.5,none,True,True
158870,1.0,0.0,0.5,none,True,True
158871,1.0,0.0,0.5,none,True,True
158872,1.0,0.0,0.5,none,True,True
158873,1.0,0.0,0.5,none,True,True
158874,1.0,0.0,0.5,none,True,True
158875,1.0,0.0,0.5,none,True,True
158876,1.0,0.0,0.5,none,True,True
158877,1.0,0.0,0.5,none,True,True
158878,1.0,0.0,0.5,none,True,True
158879,1.0,0.0,0.5,none,True,True
158880,1.0,0.0,0.5,none,True,True
158881,1.0,0.0,0.5,none,True,True
158882,1.0,0.0,0.5,none,True,True
158883,1.0,0.0,0.5,none,True,True
158884,1.0,0.0,0.5,none,True,True
158885,1.0,0.0,0.5,none,True,True
158886,1.0,0.0,0.5,none,True,True
158887,1.0,0.0,0.5,none,True,True
158888,1.0,0.0,0.5,none,True,True
158889,1.0,0.0,0.5,none,True,True
158890,1.0,0.0,0.5,none,True,True
158891,1.0,0.0,0.5,none,True,True
158892,1.0,0.0,0.5,none,True,True
158893,1.0,0.0,0.5,none,True,True
158894,1.0,0.0,0.5,none,True,True
158895,1.0,0.0,0.5,none,True,True
158896,1.0,0.0,0.5,none,True,True
158897,1.0,0.0,0.5,none,True,True
158898,1.0,0.0,0.5,none,True,True
158899,1.0,0.0,0.5,none,True,True
158900,1.0,0.0061,0.5,none,True,True
158901,1.0,0.0357,0.5,none,True,True
158902,1.0,0.0812,0.5,none,True,True
158903,1.0,0.1113,0.5,none,True,True
158904,1.0,0.1253,0.5,none,True,True
158905,1.0,0.1408,0.5,none,True,True
158906,1.0,0.0907,0.5,none,True,True
158907,1.0,0.1198,0.5,none,True,True
158908,1.0,0.0467,0.5,none,True,True
158909,1.0,0.0522,0.5,none,True,True
158910,1.0,0.0405,0.5,none,True,True
158911,1.0,0.0313,0.5,none,True,True
158912,1.0,0.0083,0.5,none,True,True
158913,1.0,0.0726,0.5,none,True,True
158914,1.0,0.0793,0.5,none,True,True
158915,1.0,0.0581,0.5,none,True,True
158916,1.0,0.0955,0.5,none,True,True
158917,1.0,0.0839,0.5,none,True,True
158918,1.0,0.0648,0.5,none,True,True
158919,1.0,0.0718,0.5,none,True,True
158920,1.0,0.0589,0.5,none,True,True
158921,1.0,0.0403,0.5,none,True,True
158922,1.0,0.0327,0.5,none,True,True
158923,1.0,0.0277,0.5,none,True,True
158924,1.0,0.017,0.5,none,True,True
158925,1.0,0.0102,0.5,none,True,True
158926,1.0,0.0099,0.5,none,True,True
158927,1.0,0.008,0.5,none,True,True
158928,1.0,0.005,0.5,none,True,True
158929,1.0,0.0063,0.5,none,True,True
158930,1.0,0.009,0.5,none,True,True
158931,1.0,0.0096,0.5,none,True,True
158932,1.0,0.0108,0.5,none,True,True
158933,1.0,0.014,0.5,none,True,True
158934,1.0,0.0161,0.5,none,True,True
158935,1.0,0.0167,0.5,none,True,True
158936,1.0,0.0182,0.5,none,True,True
158937,1.0,0.0196,0.5,none,True,True
158938,1.0,0.0197,0.5,none,True,True
158939,1.0,0.0193,0.5,none,True,True
158940,1.0,0.0193,0.5,none,True,True
158941,1.0,0.0187,0.5,none,True,True
158942,1.0,0.0174,0.5,none,True,True
158943,1.0,0.0163,0.5,none,True,True
158944,1.0,0.0152,0.5,none,True,True
158945,1.0,0.0138,0.5,none,True,True
158946,1.0,0.0123,0.5,none,True,True
158947,1.0,0.0111,0.5,none,True,True
158948,1.0,0.01,0.5,none,True,True
158949,1.0,0.0088,0.5,none,True,True
158950,1.0,0.0078,0.5,none,True,True
158951,1.0,0.0071,0.5,none,True,True
158952,1.0,0.0064,0.5,none,True,True
158953,1.0,0.0057,0.5,none,True,True
158954,1.0,0.0053,0.5,none,True,True
158955,1.0,0.005,0.5,none,True,True
158956,1.0,0.0047,0.5,none,True,True
158957,1.0,0.0045,0.5,none,True,True
158958,1.0,0.0044,0.5,none,True,True
158959,1.0,0.0043,0.5,none,True,True
158960,1.0,0.0042,0.5,none,True,True
158961,1.0,0.0041,0.5,none,True,True
158962,1.0,0.004,0.5,none,True,True
158963,1.0,0.0039,0.5,none,True,True
158964,1.0,0.0038,0.5,none,True,True
158965,1.0,0.0037,0.5,none,True,True
158966,1.0,0.0035,0.5,none,True,True
158967,1.0,0.0033,0.5,none,True,True
158968,1.0,0.0032,0.5,none,True,True
158969,1.0,0.003,0.5,none,True,True
158970,1.0,0.0028,0.5,none,True,True
158971,1.0,0.0026,0.5,none,True,True
158972,1.0,0.0024,0.5,none,True,True
158973,1.0,0.0023,0.5,none,True,True
158974,1.0,0.0021,0.5,none,True,True
158975,1.0,0.0019,0.5,none,True,True
158976,1.0,0.0018,0.5,none,True,True
158977,1.0,0.0017,0.5,none,True,True
158978,1.0,0.0015,0.5,none,True,True
158979,1.0,0.0014,0.5,none,True,True
158980,1.0,0.0013,0.5,none,True,True
158981,1.0,0.0013,0.5,none,True,True
158982,1.0,0.0012,0.5,none,True,True
158983,1.0,0.0011,0.5,none,True,True
158984,1.0,0.0011,0.5,none,True,True
158985,1.0,0.001,0.5,none,True,True
158986,1.0,0.001,0.5,none,True,True
158987,1.0,0.0009,0.5,none,True,True
158988,1.0,0.0009,0.5,none,True,True
158989,1.0,0.0008,0.5,none,True,True
158990,1.0,0.0008,0.5,none,True,True
158991,1.0,0.0008,0.5,none,True,True
158992,1.0,0.0007,0.5,none,True,True
158993,1.0,0.0007,0.5,none,True,True
158994,1.0,0.0006,0.5,none,True,True
158995,1.0,0.0006,0.5,none,True,True
158996,1.0,0.0006,0.5,none,True,True
158997,1.0,0.0005,0.5,none,True,True
158998,1.0,0.0005,0.5,none,True,True
158999,1.0,0.0005,0.5,none,True,True
159000,1.0,0.0004,0.5,none,True,True
159001,1.0,0.0004,0.5,none,True,True
159002,1.0,0.0004,0.5,none,True,True
159003,1.0,0.0004,0.5,none,True,True
159004,1.0,0.0003,0.5,none,True,True
159005,1.0,0.0003,0.5,none,True,True
159006,1.0,0.0003,0.5,none,True,True
159007,1.0,0.0003,0.5,none,True,True
159008,1.0,0.0003,0.5,none,True,True
159009,1.0,0.0003,0.5,none,True,True
159010,1.0,0.0002,0.5,none,True,True
159011,1.0,0.0002,0.5,none,True,True
159012,1.0,0.0002,0.5,none,True,True
159013,1.0,0.0002,0.5,none,True,True
159014,1.0,0.0002,0.5,none,True,True
159015,1.0,0.0002,0.5,none,True,True
159016,1.0,0.0002,0.5,none,True,True
159017,1.0,0.0002,0.5,none,True,True
159018,1.0,0.0002,0.5,none,True,True
159019,1.0,0.0001,0.5,none,True,True
159020,1.0,0.0001,0.5,none,True,True
159021,1.0,0.0001,0.5,none,True,True
159022,1.0,0.0001,0.5,none,True,True
159023,1.0,0.0001,0.5,none,True,True
159024,1.0,0.0001,0.5,none,True,True
159025,1.0,0.0001,0.5,none,True,True
159026,1.0,0.0001,0.5,none,True,True
159027,1.0,0.0001,0.5,none,True,True
159028,1.0,0.0001,0.5,none,True,True
159029,1.0,0.0001,0.5,none,True,True
159030,1.0,0.0001,0.5,none,True,True
159031,1.0,0.0001,0.5,none,True,True
159032,1.0,0.0001,0.5,none,True,True
159033,1.0,0.0001,0.5,none,True,True
159034,1.0,0.0001,0.5,none,True,True
159035,1.0,0.0001,0.5,none,True,True
159036,1.0,0.0001,0.5,none,True,True
159037,1.0,0.0,0.5,none,True,True
159038,1.0,0.0,0.5,none,True,True
159039,1.0,0.0,0.5,none,True,True
159040,1.0,0.0,0.5,none,True,True
159041,1.0,0.0,0.5,none,True,True
159042,1.0,0.0,0.5,none,True,True
159043,1.0,0.0,0.5,none,True,True
159044,1.0,0.0,0.5,none,True,True
159045,1.0,0.0,0.5,none,True,True
159046,1.0,0.0,0.5,none,True,True
159047,1.0,0.0,0.5,none,True,True
159048,1.0,0.0,0.5,none,True,True
159049,1.0,0.0,0.5,none,True,True
159050,1.0,0.0,0.5,none,True,True
159051,1.0,0.0,0.5,none,True,True
159052,1.0,0.0,0.5,none,True,True
159053,1.0,0.0,0.5,none,True,True
159054,1.0,0.0,0.5,none,True,True
159055,1.0,0.0,0.5,none,True,True
159056,1.0,0.0,0.5,none,True,True
159057,1.0,0.0,0.5,none,True,True
159058,1.0,0.0,0.5,none,True,True
159059,1.0,0.0,0.5,none,True,True
159060,1.0,0.0,0.5,none,True,True
159061,1.0,0.0,0.5,none,True,True
159062,1.0,0.0,0.5,none,True,True
159063,1.0,0.0,0.5,none,True,True
159064,1.0,0.0,0.5,none,True,True
159065,1.0,0.0,0.5,none,True,True
159066,1.0,0.0,0.5,none,True,True
159067,1.0,0.0,0.5,none,True,True
159068,1.0,0.0,0.5,none,True,True
159069,1.0,0.0,0.5,none,True,True
159070,1.0,0.0,0.5,none,True,True
159071,1.0,0.0,0.5,none,True,True
159072,1.0,0.0,0.5,none,True,True
159073,1.0,0.0,0.5,none,True,True
159074,1.0,0.0,0.5,none,True,True
159075,1.0,0.0,0.5,none,True,True
159076,1.0,0.0,0.5,none,True,True
159077,1.0,0.0,0.5,none,True,True
159078,1.0,0.0,0.5,none,True,True
159079,1.0,0.0,0.5,none,True,True
159080,1.0,0.0,0.5,none,True,True
159081,1.0,0.0,0.5,none,True,True
159082,1.0,0.0,0.5,none,True,True
159083,1.0,0.0,0.5,none,True,True
159084,1.0,0.0,0.5,none,True,True
159085,1.0,0.0,0.5,none,True,True
159086,1.0,0.0,0.5,none,True,True
159087,1.0,0.0,0.5,none,True,True
159088,1.0,0.0,0.5,none,True,True
159089,1.0,0.0,0.5,none,True,True
159090,1.0,0.0,0.5,none,True,True
159091,1.0,0.0,0.5,none,True,True
159092,1.0,0.0,0.5,none,True,True
159093,1.0,0.0,0.5,none,True,True
159094,1.0,0.0,0.5,none,True,True
159095,1.0,0.0,0.5,none,True,True
159096,1.0,0.0,0.5,none,True,True
159097,1.0,0.0,0.5,none,True,True
159098,1.0,0.0,0.5,none,True,True
159099,1.0,0.0,0.5,none,True,True
159100,1.0,0.0,0.5,none,True,True
159101,1.0,0.0,0.5,none,True,True
159102,1.0,0.0,0.5,none,True,True
159103,1.0,0.0,0.5,none,True,True
159104,1.0,0.0,0.5,none,True,True
159105,1.0,0.0,0.5,none,True,True
159106,1.0,0.0,0.5,none,True,True
159107,1.0,0.0,0.5,none,True,True
159108,1.0,0.0,0.5,none,True,True
159109,1.0,0.0,0.5,none,True,True
159110,1.0,0.0,0.5,none,True,True
159111,1.0,0.0,0.5,none,True,True
159112,1.0,0.0,0.5,none,True,True
159113,1.0,0.0,0.5,none,True,True
159114,1.0,0.0,0.5,none,True,True
159115,1.0,0.0,0.5,none,True,True
159116,1.0,0.0,0.5,none,True,True
159117,1.0,0.0,0.5,none,True,True
159118,1.0,0.0,0.5,none,True,True
159119,1.0,0.0,0.5,none,True,True
159120,1.0,0.0,0.5,none,True,True
159121,1.0,0.0,0.5,none,True,True
159122,1.0,0.0,0.5,none,True,True
159123,1.0,0.0,0.5,none,True,True
159124,1.0,0.0,0.5,none,True,True
159125,1.0,0.0,0.5,none,True,True
159126,1.0,0.0,0.5,none,True,True
159127,1.0,0.0,0.5,none,True,True
159128,1.0,0.0,0.5,none,True,True
159129,1.0,0.0,0.5,none,True,True
159130,1.0,0.0,0.5,none,True,True
159131,1.0,0.0,0.5,none,True,True
159132,1.0,0.0,0.5,none,True,True
159133,1.0,0.0,0.5,none,True,True
159134,1.0,0.0,0.5,none,True,True
159135,1.0,0.0,0.5,none,True,True
159136,1.0,0.0,0.5,none,True,True
159137,1.0,0.0,0.5,none,True,True
159138,1.0,0.0,0.5,none,True,True
159139,1.0,0.0,0.5,none,True,True
159140,1.0,0.0,0.5,none,True,True
159141,1.0,0.0,0.5,none,True,True
159142,1.0,0.0,0.5,none,True,True
159143,1.0,0.0,0.5,none,True,True
159144,1.0,0.0,0.5,none,True,True
159145,1.0,0.0,0.5,none,True,True
159146,1.0,0.0,0.5,none,True,True
159147,1.0,0.0,0.5,none,True,True
159148,1.0,0.0,0.5,none,True,True
159149,1.0,0.0,0.5,none,True,True
159150,1.0,0.0,0.5,none,True,True
159151,1.0,0.0,0.5,none,True,True
159152,1.0,0.0,0.5,none,True,True
159153,1.0,0.0,0.5,none,True,True
159154,1.0,0.0,0.5,none,True,True
159155,1.0,0.0,0.5,none,True,True
159156,1.0,0.0,0.5,none,True,True
159157,1.0,0.0,0.5,none,True,True
159158,1.0,0.0,0.5,none,True,True
159159,1.0,0.0,0.5,none,True,True
159160,1.0,0.0,0.5,none,True,True
159161,1.0,0.0,0.5,none,True,True
159162,1.0,0.0,0.5,none,True,True
159163,1.0,0.0,0.5,none,True,True
159164,1.0,0.0,0.5,none,True,True
159165,1.0,0.0,0.5,none,True,True
159166,1.0,0.0,0.5,none,True,True
159167,1.0,0.0,0.5,none,True,True
159168,1.0,0.0,0.5,none,True,True
159169,1.0,0.0,0.5,none,True,True
159170,1.0,0.0,0.5,none,True,True
159171,1.0,0.0,0.5,none,True,True
159172,1.0,0.0,0.5,none,True,True
159173,1.0,0.0,0.5,none,True,True
159174,1.0,0.0,0.5,none,True,True
159175,1.0,0.0,0.5,none,True,True
159176,1.0,0.0,0.5,none,True,True
159177,1.0,0.0,0.5,none,True,True
159178,1.0,0.0,0.5,none,True,True
159179,1.0,0.0,0.5,none,True,True
159180,1.0,0.0,0.5,none,True,True
159181,1.0,0.0,0.5,none,True,True
159182,1.0,0.0,0.5,none,True,True
159183,1.0,0.0,0.5,none,True,True
159184,1.0,0.0,0.5,none,True,True
159185,1.0,0.0,0.5,none,True,True
159186,1.0,0.0,0.5,none,True,True
159187,1.0,0.0,0.5,none,True,True
159188,1.0,0.0,0.5,none,True,True
159189,1.0,0.0,0.5,none,True,True
159190,1.0,0.0,0.5,none,True,True
159191,1.0,0.0,0.5,none,True,True
159192,1.0,0.0,0.5,none,True,True
159193,1.0,0.0,0.5,none,True,True
159194,1.0,0.0,0.5,none,True,True
159195,1.0,0.0,0.5,none,True,True
159196,1.0,0.0,0.5,none,True,True
159197,1.0,0.0,0.5,none,True,True
159198,1.0,0.0,0.5,none,True,True
159199,1.0,0.0,0.5,none,True,True
159200,1.0,0.0,0.5,none,True,True
159201,1.0,0.0,0.5,none,True,True
159202,1.0,0.0,0.5,none,True,True
159203,1.0,0.0,0.5,none,True,True
159204,1.0,0.0,0.5,none,True,True
159205,1.0,0.0,0.5,none,True,True
159206,1.0,0.0,0.5,none,True,True
159207,1.0,0.0,0.5,none,True,True
159208,1.0,0.0,0.5,none,True,True
159209,1.0,0.0,0.5,none,True,True
159210,1.0,0.0,0.5,none,True,True
159211,1.0,0.0,0.5,none,True,True
159212,1.0,0.0,0.5,none,True,True
159213,1.0,0.0,0.5,none,True,True
159214,1.0,0.0,0.5,none,True,True
159215,1.0,0.0,0.5,none,True,True
159216,1.0,0.0,0.5,none,True,True
159217,1.0,0.0,0.5,none,True,True
159218,1.0,0.0,0.5,none,True,True
159219,1.0,0.0,0.5,none,True,True
159220,1.0,0.0,0.5,none,True,True
159221,1.0,0.0,0.5,none,True,True
159222,1.0,0.0,0.5,none,True,True
159223,1.0,0.0,0.5,none,True,True
159224,1.0,0.0,0.5,none,True,True
159225,1.0,0.0,0.5,none,True,True
159226,1.0,0.0,0.5,none,True,True
159227,1.0,0.0,0.5,none,True,True
159228,1.0,0.0,0.5,none,True,True
159229,1.0,0.0,0.5,none,True,True
159230,1.0,0.0,0.5,none,True,True
159231,1.0,0.0,0.5,none,True,True
159232,1.0,0.0,0.5,none,True,True
159233,1.0,0.0,0.5,none,True,True
159234,1.0,0.0,0.5,none,True,True
159235,1.0,0.0,0.5,none,True,True
159236,1.0,0.0,0.5,none,True,True
159237,1.0,0.0,0.5,none,True,True
159238,1.0,0.0,0.5,none,True,True
159239,1.0,0.0,0.5,none,True,True
159240,1.0,0.0,0.5,none,True,True
159241,1.0,0.0,0.5,none,True,True
159242,1.0,0.0,0.5,none,True,True
159243,1.0,0.0,0.5,none,True,True
159244,1.0,0.0,0.5,none,True,True
159245,1.0,0.0,0.5,none,True,True
159246,1.0,0.0,0.5,none,True,True
159247,1.0,0.0,0.5,none,True,True
159248,1.0,0.0,0.5,none,True,True
159249,1.0,0.0,0.5,none,True,True
159250,1.0,0.0,0.5,none,True,True
159251,1.0,0.0,0.5,none,True,True
159252,1.0,0.0,0.5,none,True,True
159253,1.0,0.0,0.5,none,True,True
159254,1.0,0.0,0.5,none,True,True
159255,1.0,0.0,0.5,none,True,True
159256,1.0,0.0,0.5,none,True,True
159257,1.0,0.0,0.5,none,True,True
159258,1.0,0.0,0.5,none,True,True
159259,1.0,0.0,0.5,none,True,True
159260,1.0,0.0,0.5,none,True,True
159261,1.0,0.0,0.5,none,True,True
159262,1.0,0.0,0.5,none,True,True
159263,1.0,0.0,0.5,none,True,True
159264,1.0,0.0,0.5,none,True,True
159265,1.0,0.0,0.5,none,True,True
159266,1.0,0.0,0.5,none,True,True
159267,1.0,0.0,0.5,none,True,True
159268,1.0,0.0,0.5,none,True,True
159269,1.0,0.0,0.5,none,True,True
159270,1.0,0.0,0.5,none,True,True
159271,1.0,0.0,0.5,none,True,True
159272,1.0,0.0,0.5,none,True,True
159273,1.0,0.0,0.5,none,True,True
159274,1.0,0.0,0.5,none,True,True
159275,1.0,0.0,0.5,none,True,True
159276,1.0,0.0,0.5,none,True,True
159277,1.0,0.0,0.5,none,True,True
159278,1.0,0.0,0.5,none,True,True
159279,1.0,0.0,0.5,none,True,True
159280,1.0,0.0,0.5,none,True,True
159281,1.0,0.0,0.5,none,True,True
159282,1.0,0.0,0.5,none,True,True
159283,1.0,0.0,0.5,none,True,True
159284,1.0,0.0,0.5,none,True,True
159285,1.0,0.0,0.5,none,True,True
159286,1.0,0.0,0.5,none,True,True
159287,1.0,0.0,0.5,none,True,True
159288,1.0,0.0,0.5,none,True,True
159289,1.0,0.0,0.5,none,True,True
159290,1.0,0.0,0.5,none,True,True
159291,1.0,0.0,0.5,none,True,True
159292,1.0,0.0,0.5,none,True,True
159293,1.0,0.0,0.5,none,True,True
159294,1.0,0.0,0.5,none,True,True
159295,1.0,0.0,0.5,none,True,True
159296,1.0,0.0,0.5,none,True,True
159297,1.0,0.0,0.5,none,True,True
159298,1.0,0.0,0.5,none,True,True
159299,1.0,0.0,0.5,none,True,True
159300,1.0,0.0,0.5,none,True,True
159301,1.0,0.0,0.5,none,True,True
159302,1.0,0.0,0.5,none,True,True
159303,1.0,0.0,0.5,none,True,True
159304,1.0,0.0,0.5,none,True,True
159305,1.0,0.0,0.5,none,True,True
159306,1.0,0.0,0.5,none,True,True
159307,1.0,0.0,0.5,none,True,True
159308,1.0,0.0,0.5,none,True,True
159309,1.0,0.0,0.5,none,True,True
159310,1.0,0.0,0.5,none,True,True
159311,1.0,0.0,0.5,none,True,True
159312,1.0,0.0,0.5,none,True,True
159313,1.0,0.0,0.5,none,True,True
159314,1.0,0.0,0.5,none,True,True
159315,1.0,0.0,0.5,none,True,True
159316,1.0,0.0,0.5,none,True,True
159317,1.0,0.0,0.5,none,True,True
159318,1.0,0.0,0.5,none,True,True
159319,1.0,0.0,0.5,none,True,True
159320,1.0,0.0,0.5,none,True,True
159321,1.0,0.0,0.5,none,True,True
159322,1.0,0.0,0.5,none,True,True
159323,1.0,0.0,0.5,none,True,True
159324,1.0,0.0,0.5,none,True,True
159325,1.0,0.0,0.5,none,True,True
159326,1.0,0.0,0.5,none,True,True
159327,1.0,0.0,0.5,none,True,True
159328,1.0,0.0,0.5,none,True,True
159329,1.0,0.0,0.5,none,True,True
159330,1.0,0.0,0.5,none,True,True
159331,1.0,0.0,0.5,none,True,True
159332,1.0,0.0,0.5,none,True,True
159333,1.0,0.0,0.5,none,True,True
159334,1.0,0.0,0.5,none,True,True
159335,1.0,0.0,0.5,none,True,True
159336,1.0,0.0,0.5,none,True,True
159337,1.0,0.0,0.5,none,True,True
159338,1.0,0.0,0.5,none,True,True
159339,1.0,0.0,0.5,none,True,True
159340,1.0,0.0,0.5,none,True,True
159341,1.0,0.0,0.5,none,True,True
159342,1.0,0.0,0.5,none,True,True
159343,1.0,0.0,0.5,none,True,True
159344,1.0,0.0,0.5,none,True,True
159345,1.0,0.0,0.5,none,True,True
159346,1.0,0.0,0.5,none,True,True
159347,1.0,0.0,0.5,none,True,True
159348,1.0,0.0,0.5,none,True,True
159349,1.0,0.0,0.5,none,True,True
159350,1.0,0.0,0.5,none,True,True
159351,1.0,0.0,0.5,none,True,True
159352,1.0,0.0,0.5,none,True,True
159353,1.0,0.0,0.5,none,True,True
159354,1.0,0.0,0.5,none,True,True
159355,1.0,0.0,0.5,none,True,True
159356,1.0,0.0,0.5,none,True,True
159357,1.0,0.0,0.5,none,True,True
159358,1.0,0.0,0.5,none,True,True
159359,1.0,0.0,0.5,none,True,True
159360,1.0,0.0,0.5,none,True,True
159361,1.0,0.0,0.5,none,True,True
159362,1.0,0.0,0.5,none,True,True
159363,1.0,0.0,0.5,none,True,True
159364,1.0,0.0,0.5,none,True,True
159365,1.0,0.0,0.5,none,True,True
159366,1.0,0.0,0.5,none,True,True
159367,1.0,0.0,0.5,none,True,True
159368,1.0,0.0,0.5,none,True,True
159369,1.0,0.0,0.5,none,True,True
159370,1.0,0.0,0.5,none,True,True
159371,1.0,0.0,0.5,none,True,True
159372,1.0,0.0,0.5,none,True,True
159373,1.0,0.0,0.5,none,True,True
159374,1.0,0.0,0.5,none,True,True
159375,1.0,0.0,0.5,none,True,True
159376,1.0,0.0,0.5,none,True,True
159377,1.0,0.0,0.5,none,True,True
159378,1.0,0.0,0.5,none,True,True
159379,1.0,0.0,0.5,none,True,True
159380,1.0,0.0,0.5,none,True,True
159381,1.0,0.0,0.5,none,True,True
159382,1.0,0.0,0.5,none,True,True
159383,1.0,0.0,0.5,none,True,True
159384,1.0,0.0,0.5,none,True,True
159385,1.0,0.0,0.5,none,True,True
159386,1.0,0.0,0.5,none,True,True
159387,1.0,0.0,0.5,none,True,True
159388,1.0,0.0,0.5,none,True,True
159389,1.0,0.0,0.5,none,True,True
159390,1.0,0.0,0.5,none,True,True
159391,1.0,0.0,0.5,none,True,True
159392,1.0,0.0,0.5,none,True,True
159393,1.0,0.0,0.5,none,True,True
159394,1.0,0.0,0.5,none,True,True
159395,1.0,0.0,0.5,none,True,True
159396,1.0,0.0,0.5,none,True,True
159397,1.0,0.0,0.5,none,True,True
159398,1.0,0.0,0.5,none,True,True
159399,1.0,0.0,0.5,none,True,True
159400,1.0,0.0,0.5,none,True,True
159401,1.0,0.0,0.5,none,True,True
159402,1.0,0.0,0.5,none,True,True
159403,1.0,0.0,0.5,none,True,True
159404,1.0,0.0,0.5,none,True,True
159405,1.0,0.0,0.5,none,True,True
159406,1.0,0.0,0.5,none,True,True
159407,1.0,0.0,0.5,none,True,True
159408,1.0,0.0,0.5,none,True,True
159409,1.0,0.0,0.5,none,True,True
159410,1.0,0.0,0.5,none,True,True
159411,1.0,0.0,0.5,none,True,True
159412,1.0,0.0,0.5,none,True,True
159413,1.0,0.0,0.5,none,True,True
159414,1.0,0.0,0.5,none,True,True
159415,1.0,0.0,0.5,none,True,True
159416,1.0,0.0,0.5,none,True,True
159417,1.0,0.0,0.5,none,True,True
159418,1.0,0.0,0.5,none,True,True
159419,1.0,0.0,0.5,none,True,True
159420,1.0,0.0,0.5,none,True,True
159421,1.0,0.0,0.5,none,True,True
159422,1.0,0.0,0.5,none,True,True
159423,1.0,0.0,0.5,none,True,True
159424,1.0,0.0,0.5,none,True,True
159425,1.0,0.0,0.5,none,True,True
159426,1.0,0.0,0.5,none,True,True
159427,1.0,0.0,0.5,none,True,True
159428,1.0,0.0,0.5,none,True,True
159429,1.0,0.0,0.5,none,True,True
159430,1.0,0.0,0.5,none,True,True
159431,1.0,0.0,0.5,none,True,True
159432,1.0,0.0,0.5,none,True,True
159433,1.0,0.0,0.5,none,True,True
159434,1.0,0.0,0.5,none,True,True
159435,1.0,0.0,0.5,none,True,True
159436,1.0,0.0,0.5,none,True,True
159437,1.0,0.0,0.5,none,True,True
159438,1.0,0.0,0.5,none,True,True
159439,1.0,0.0,0.5,none,True,True
159440,1.0,0.0,0.5,none,True,True
159441,1.0,0.0,0.5,none,True,True
159442,1.0,0.0,0.5,none,True,True
159443,1.0,0.0,0.5,none,True,True
159444,1.0,0.0,0.5,none,True,True
159445,1.0,0.0,0.5,none,True,True
159446,1.0,0.0,0.5,none,True,True
159447,1.0,0.0,0.5,none,True,True
159448,1.0,0.0,0.5,none,True,True
159449,1.0,0.0,0.5,none,True,True
159450,1.0,0.0,0.5,none,True,True
159451,1.0,0.0,0.5,none,True,True
159452,1.0,0.0,0.5,none,True,True
159453,1.0,0.0,0.5,none,True,True
159454,1.0,0.0,0.5,none,True,True
159455,1.0,0.0,0.5,none,True,True
159456,1.0,0.0,0.5,none,True,True
159457,1.0,0.0,0.5,none,True,True
159458,1.0,0.0,0.5,none,True,True
159459,1.0,0.0,0.5,none,True,True
159460,1.0,0.0,0.5,none,True,True
159461,1.0,0.0,0.5,none,True,True
159462,1.0,0.0,0.5,none,True,True
159463,1.0,0.0,0.5,none,True,True
159464,1.0,0.0,0.5,none,True,True
159465,1.0,0.0,0.5,none,True,True
159466,1.0,0.0,0.5,none,True,True
159467,1.0,0.0,0.5,none,True,True
159468,1.0,0.0,0.5,none,True,True
159469,1.0,0.0,0.5,none,True,True
159470,1.0,0.0,0.5,none,True,True
159471,1.0,0.0,0.5,none,True,True
159472,1.0,0.0,0.5,none,True,True
159473,1.0,0.0,0.5,none,True,True
159474,1.0,0.0,0.5,none,True,True
159475,1.0,0.0,0.5,none,True,True
159476,1.0,0.0,0.5,none,True,True
159477,1.0,0.0,0.5,none,True,True
159478,1.0,0.0,0.5,none,True,True
159479,1.0,0.0,0.5,none,True,True
159480,1.0,0.0,0.5,none,True,True
159481,1.0,0.0,0.5,none,True,True
159482,1.0,0.0,0.5,none,True,True
159483,1.0,0.0,0.5,none,True,True
159484,1.0,0.0,0.5,none,True,True
159485,1.0,0.0,0.5,none,True,True
159486,1.0,0.0,0.5,none,True,True
159487,1.0,0.0,0.5,none,True,True
159488,1.0,0.0,0.5,none,True,True
159489,1.0,0.0,0.5,none,True,True
159490,1.0,0.0,0.5,none,True,True
159491,1.0,0.0,0.5,none,True,True
159492,1.0,0.0,0.5,none,True,True
159493,1.0,0.0,0.5,none,True,True
159494,1.0,0.0,0.5,none,True,True
159495,1.0,0.0,0.5,none,True,True
159496,1.0,0.0,0.5,none,True,True
159497,1.0,0.0,0.5,none,True,True
159498,1.0,0.0,0.5,none,True,True
159499,1.0,0.0,0.5,none,True,True
159500,1.0,0.0,0.5,none,True,True
159501,1.0,0.0,0.5,none,True,True
159502,1.0,0.0,0.5,none,True,True
159503,1.0,0.0,0.5,none,True,True
159504,1.0,0.0,0.5,none,True,True
159505,1.0,0.0,0.5,none,True,True
159506,1.0,0.0,0.5,none,True,True
159507,1.0,0.0,0.5,none,True,True
159508,1.0,0.0,0.5,none,True,True
159509,1.0,0.0,0.5,none,True,True
159510,1.0,0.0,0.5,none,True,True
159511,1.0,0.0,0.5,none,True,True
159512,1.0,0.0,0.5,none,True,True
159513,1.0,0.0,0.5,none,True,True
159514,1.0,0.0,0.5,none,True,True
159515,1.0,0.0,0.5,none,True,True
159516,1.0,0.0,0.5,none,True,True
159517,1.0,0.0,0.5,none,True,True
159518,1.0,0.0,0.5,none,True,True
159519,1.0,0.0,0.5,none,True,True
159520,1.0,0.0,0.5,none,True,True
159521,1.0,0.0,0.5,none,True,True
159522,1.0,0.0,0.5,none,True,True
159523,1.0,0.0,0.5,none,True,True
159524,1.0,0.0,0.5,none,True,True
159525,1.0,0.0,0.5,none,True,True
159526,1.0,0.0,0.5,none,True,True
159527,1.0,0.0,0.5,none,True,True
159528,1.0,0.0,0.5,none,True,True
159529,1.0,0.0,0.5,none,True,True
159530,1.0,0.0,0.5,none,True,True
159531,1.0,0.0,0.5,none,True,True
159532,1.0,0.0,0.5,none,True,True
159533,1.0,0.0,0.5,none,True,True
159534,1.0,0.0,0.5,none,True,True
159535,1.0,0.0,0.5,none,True,True
159536,1.0,0.0,0.5,none,True,True
159537,1.0,0.0,0.5,none,True,True
159538,1.0,0.0,0.5,none,True,True
159539,1.0,0.0,0.5,none,True,True
159540,1.0,0.0,0.5,none,True,True
159541,1.0,0.0,0.5,none,True,True
159542,1.0,0.0,0.5,none,True,True
159543,1.0,0.0,0.5,none,True,True
159544,1.0,0.0,0.5,none,True,True
159545,1.0,0.0,0.5,none,True,True
159546,1.0,0.0,0.5,none,True,True
159547,1.0,0.0,0.5,none,True,True
159548,1.0,0.0,0.5,none,True,True
159549,1.0,0.0,0.5,none,True,True
159550,1.0,0.0,0.5,none,True,True
159551,1.0,0.0,0.5,none,True,True
159552,1.0,0.0,0.5,none,True,True
159553,1.0,0.0,0.5,none,True,True
159554,1.0,0.0,0.5,none,True,True
159555,1.0,0.0,0.5,none,True,True
159556,1.0,0.0,0.5,none,True,True
159557,1.0,0.0,0.5,none,True,True
159558,1.0,0.0,0.5,none,True,True
159559,1.0,0.0,0.5,none,True,True
159560,1.0,0.0,0.5,none,True,True
159561,1.0,0.0,0.5,none,True,True
159562,1.0,0.0,0.5,none,True,True
159563,1.0,0.0,0.5,none,True,True
159564,1.0,0.0,0.5,none,True,True
159565,1.0,0.0,0.5,none,True,True
159566,1.0,0.0,0.5,none,True,True
159567,1.0,0.0,0.5,none,True,True
159568,1.0,0.0,0.5,none,True,True
159569,1.0,0.0,0.5,none,True,True
159570,1.0,0.0,0.5,none,True,True
159571,1.0,0.0,0.5,none,True,True
159572,1.0,0.0,0.5,none,True,True
159573,1.0,0.0,0.5,none,True,True
159574,1.0,0.0,0.5,none,True,True
159575,1.0,0.0,0.5,none,True,True
159576,1.0,0.0,0.5,none,True,True
159577,1.0,0.0,0.5,none,True,True
159578,1.0,0.0,0.5,none,True,True
159579,1.0,0.0,0.5,none,True,True
159580,1.0,0.0,0.5,none,True,True
159581,1.0,0.0,0.5,none,True,True
159582,1.0,0.0,0.5,none,True,True
159583,1.0,0.0,0.5,none,True,True
159584,1.0,0.0,0.5,none,True,True
159585,1.0,0.0,0.5,none,True,True
159586,1.0,0.0,0.5,none,True,True
159587,1.0,0.0,0.5,none,True,True
159588,1.0,0.0,0.5,none,True,True
159589,1.0,0.0,0.5,none,True,True
159590,1.0,0.0,0.5,none,True,True
159591,1.0,0.0,0.5,none,True,True
159592,1.0,0.0,0.5,none,True,True
159593,1.0,0.0,0.5,none,True,True
159594,1.0,0.0,0.5,none,True,True
159595,1.0,0.0,0.5,none,True,True
159596,1.0,0.0,0.5,none,True,True
159597,1.0,0.0,0.5,none,True,True
159598,1.0,0.0,0.5,none,True,True
159599,1.0,0.0,0.5,none,True,True
159600,1.0,0.0061,0.5,none,True,True
159601,1.0,0.0357,0.5,none,True,True
159602,1.0,0.0812,0.5,none,True,True
159603,1.0,0.1113,0.5,none,True,True
159604,1.0,0.1253,0.5,none,True,True
159605,1.0,0.1408,0.5,none,True,True
159606,1.0,0.0907,0.5,none,True,True
159607,1.0,0.1198,0.5,none,True,True
159608,1.0,0.0467,0.5,none,True,True
159609,1.0,0.0522,0.5,none,True,True
159610,1.0,0.0405,0.5,none,True,True
159611,1.0,0.0313,0.5,none,True,True
159612,1.0,0.0083,0.5,none,True,True
159613,1.0,0.0726,0.5,none,True,True
159614,1.0,0.0793,0.5,none,True,True
159615,1.0,0.0581,0.5,none,True,True
159616,1.0,0.0955,0.5,none,True,True
159617,1.0,0.0839,0.5,none,True,True
159618,1.0,0.0648,0.5,none,True,True
159619,1.0,0.0718,0.5,none,True,True
159620,1.0,0.0589,0.5,none,True,True
159621,1.0,0.0403,0.5,none,True,True
159622,1.0,0.0327,0.5,none,True,True
159623,1.0,0.0277,0.5,none,True,True
159624,1.0,0.017,0.5,none,True,True
159625,1.0,0.0102,0.5,none,True,True
159626,1.0,0.0099,0.5,none,True,True
159627,1.0,0.008,0.5,none,True,True
159628,1.0,0.005,0.5,none,True,True
159629,1.0,0.0063,0.5,none,True,True
159630,1.0,0.009,0.5,none,True,True
159631,1.0,0.0096,0.5,none,True,True
159632,1.0,0.0108,0.5,none,True,True
159633,1.0,0.014,0.5,none,True,True
159634,1.0,0.0161,0.5,none,True,True
159635,1.0,0.0167,0.5,none,True,True
159636,1.0,0.0182,0.5,none,True,True
159637,1.0,0.0196,0.5,none,True,True
159638,1.0,0.0197,0.5,none,True,True
159639,1.0,0.0193,0.5,none,True,True
159640,1.0,0.0193,0.5,none,True,True
159641,1.0,0.0187,0.5,none,True,True
159642,1.0,0.0174,0.5,none,True,True
159643,1.0,0.0163,0.5,none,True,True
159644,1.0,0.0152,0.5,none,True,True
159645,1.0,0.0138,0.5,none,True,True
159646,1.0,0.0123,0.5,none,True,True
159647,1.0,0.0111,0.5,none,True,True
159648,1.0,0.01,0.5,none,True,True
159649,1.0,0.0088,0.5,none,True,True
159650,1.0,0.0078,0.5,none,True,True
159651,1.0,0.0071,0.5,none,True,True
159652,1.0,0.0064,0.5,none,True,True
159653,1.0,0.0057,0.5,none,True,True
159654,1.0,0.0053,0.5,none,True,True
159655,1.0,0.005,0.5,none,True,True
159656,1.0,0.0047,0.5,none,True,True
159657,1.0,0.0045,0.5,none,True,True
159658,1.0,0.0044,0.5,none,True,True
159659,1.0,0.0043,0.5,none,True,True
159660,1.0,0.0042,0.5,none,True,True
159661,1.0,0.0041,0.5,none,True,True
159662,1.0,0.004,0.5,none,True,True
159663,1.0,0.0039,0.5,none,True,True
159664,1.0,0.0038,0.5,none,True,True
159665,1.0,0.0037,0.5,none,True,True
159666,1.0,0.0035,0.5,none,True,True
159667,1.0,0.0033,0.5,none,True,True
159668,1.0,0.0032,0.5,none,True,True
159669,1.0,0.003,0.5,none,True,True
159670,1.0,0.0028,0.5,none,True,True
159671,1.0,0.0026,0.5,none,True,True
159672,1.0,0.0024,0.5,none,True,True
159673,1.0,0.0023,0.5,none,True,True
159674,1.0,0.0021,0.5,none,True,True
159675,1.0,0.0019,0.5,none,True,True
159676,1.0,0.0018,0.5,none,True,True
159677,1.0,0.0017,0.5,none,True,True
159678,1.0,0.0015,0.5,none,True,True
159679,1.0,0.0014,0.5,none,True,True
159680,1.0,0.0013,0.5,none,True,True
159681,1.0,0.0013,0.5,none,True,True
159682,1.0,0.0012,0.5,none,True,True
159683,1.0,0.0011,0.5,none,True,True
159684,1.0,0.0011,0.5,none,True,True
159685,1.0,0.001,0.5,none,True,True
159686,1.0,0.001,0.5,none,True,True
159687,1.0,0.0009,0.5,none,True,True
159688,1.0,0.0009,0.5,none,True,True
159689,1.0,0.0008,0.5,none,True,True
159690,1.0,0.0008,0.5,none,True,True
159691,1.0,0.0008,0.5,none,True,True
159692,1.0,0.0007,0.5,none,True,True
159693,1.0,0.0007,0.5,none,True,True
159694,1.0,0.0006,0.5,none,True,True
159695,1.0,0.0006,0.5,none,True,True
159696,1.0,0.0006,0.5,none,True,True
159697,1.0,0.0005,0.5,none,True,True
159698,1.0,0.0005,0.5,none,True,True
159699,1.0,0.0005,0.5,none,True,True
159700,1.0,0.0004,0.5,none,True,True
159701,1.0,0.0004,0.5,none,True,True
159702,1.0,0.0004,0.5,none,True,True
159703,1.0,0.0004,0.5,none,True,True
159704,1.0,0.0003,0.5,none,True,True
159705,1.0,0.0003,0.5,none,True,True
159706,1.0,0.0003,0.5,none,True,True
159707,1.0,0.0003,0.5,none,True,True
159708,1.0,0.0003,0.5,none,True,True
159709,1.0,0.0003,0.5,none,True,True
159710,1.0,0.0002,0.5,none,True,True
159711,1.0,0.0002,0.5,none,True,True
159712,1.0,0.0002,0.5,none,True,True
159713,1.0,0.0002,0.5,none,True,True
159714,1.0,0.0002,0.5,none,True,True
159715,1.0,0.0002,0.5,none,True,True
159716,1.0,0.0002,0.5,none,True,True
159717,1.0,0.0002,0.5,none,True,True
159718,1.0,0.0002,0.5,none,True,True
159719,1.0,0.0001,0.5,none,True,True
159720,1.0,0.0001,0.5,none,True,True
159721,1.0,0.0001,0.5,none,True,True
159722,1.0,0.0001,0.5,none,True,True
159723,1.0,0.0001,0.5,none,True,True
159724,1.0,0.0001,0.5,none,True,True
159725,1.0,0.0001,0.5,none,True,True
159726,1.0,0.0001,0.5,none,True,True
159727,1.0,0.0001,0.5,none,True,True
159728,1.0,0.0001,0.5,none,True,True
159729,1.0,0.0001,0.5,none,True,True
159730,1.0,0.0001,0.5,none,True,True
159731,1.0,0.0001,0.5,none,True,True
159732,1.0,0.0001,0.5,none,True,True
159733,1.0,0.0001,0.5,none,True,True
159734,1.0,0.0001,0.5,none,True,True
159735,1.0,0.0001,0.5,none,True,True
159736,1.0,0.0001,0.5,none,True,True
159737,1.0,0.0,0.5,none,True,True
159738,1.0,0.0,0.5,none,True,True
159739,1.0,0.0,0.5,none,True,True
159740,1.0,0.0,0.5,none,True,True
159741,1.0,0.0,0.5,none,True,True
159742,1.0,0.0,0.5,none,True,True
159743,1.0,0.0,0.5,none,True,True
159744,1.0,0.0,0.5,none,True,True
159745,1.0,0.0,0.5,none,True,True
159746,1.0,0.0,0.5,none,True,True
159747,1.0,0.0,0.5,none,True,True
159748,1.0,0.0,0.5,none,True,True
159749,1.0,0.0,0.5,none,True,True
159750,1.0,0.0,0.5,none,True,True
159751,1.0,0.0,0.5,none,True,True
159752,1.0,0.0,0.5,none,True,True
159753,1.0,0.0,0.5,none,True,True
159754,1.0,0.0,0.5,none,True,True
159755,1.0,0.0,0.5,none,True,True
159756,1.0,0.0,0.5,none,True,True
159757,1.0,0.0,0.5,none,True,True
159758,1.0,0.0,0.5,none,True,True
159759,1.0,0.0,0.5,none,True,True
159760,1.0,0.0,0.5,none,True,True
159761,1.0,0.0,0.5,none,True,True
159762,1.0,0.0,0.5,none,True,True
159763,1.0,0.0,0.5,none,True,True
159764,1.0,0.0,0.5,none,True,True
159765,1.0,0.0,0.5,none,True,True
159766,1.0,0.0,0.5,none,True,True
159767,1.0,0.0,0.5,none,True,True
159768,1.0,0.0,0.5,none,True,True
159769,1.0,0.0,0.5,none,True,True
159770,1.0,0.0,0.5,none,True,True
159771,1.0,0.0,0.5,none,True,True
159772,1.0,0.0,0.5,none,True,True
159773,1.0,0.0,0.5,none,True,True
159774,1.0,0.0,0.5,none,True,True
159775,1.0,0.0,0.5,none,True,True
159776,1.0,0.0,0.5,none,True,True
159777,1.0,0.0,0.5,none,True,True
159778,1.0,0.0,0.5,none,True,True
159779,1.0,0.0,0.5,none,True,True
159780,1.0,0.0,0.5,none,True,True
159781,1.0,0.0,0.5,none,True,True
159782,1.0,0.0,0.5,none,True,True
159783,1.0,0.0,0.5,none,True,True
159784,1.0,0.0,0.5,none,True,True
159785,1.0,0.0,0.5,none,True,True
159786,1.0,0.0,0.5,none,True,True
159787,1.0,0.0,0.5,none,True,True
159788,1.0,0.0,0.5,none,True,True
159789,1.0,0.0,0.5,none,True,True
159790,1.0,0.0,0.5,none,True,True
159791,1.0,0.0,0.5,none,True,True
159792,1.0,0.0,0.5,none,True,True
159793,1.0,0.0,0.5,none,True,True
159794,1.0,0.0,0.5,none,True,True
159795,1.0,0.0,0.5,none,True,True
159796,1.0,0.0,0.5,none,True,True
159797,1.0,0.0,0.5,none,True,True
159798,1.0,0.0,0.5,none,True,True
159799,1.0,0.0,0.5,none,True,True
159800,1.0,0.0,0.5,none,True,True
159801,1.0,0.0,0.5,none,True,True
159802,1.0,0.0,0.5,none,True,True
159803,1.0,0.0,0.5,none,True,True
159804,1.0,0.0,0.5,none,True,True
159805,1.0,0.0,0.5,none,True,True
159806,1.0,0.0,0.5,none,True,True
159807,1.0,0.0,0.5,none,True,True
159808,1.0,0.0,0.5,none,True,True
159809,1.0,0.0,0.5,none,True,True
159810,1.0,0.0,0.5,none,True,True
159811,1.0,0.0,0.5,none,True,True
159812,1.0,0.0,0.5,none,True,True
159813,1.0,0.0,0.5,none,True,True
159814,1.0,0.0,0.5,none,True,True
159815,1.0,0.0,0.5,none,True,True
159816,1.0,0.0,0.5,none,True,True
159817,1.0,0.0,0.5,none,True,True
159818,1.0,0.0,0.5,none,True,True
159819,1.0,0.0,0.5,none,True,True
159820,1.0,0.0,0.5,none,True,True
159821,1.0,0.0,0.5,none,True,True
159822,1.0,0.0,0.5,none,True,True
159823,1.0,0.0,0.5,none,True,True
159824,1.0,0.0,0.5,none,True,True
159825,1.0,0.0,0.5,none,True,True
159826,1.0,0.0,0.5,none,True,True
159827,1.0,0.0,0.5,none,True,True
159828,1.0,0.0,0.5,none,True,True
159829,1.0,0.0,0.5,none,True,True
159830,1.0,0.0,0.5,none,True,True
159831,1.0,0.0,0.5,none,True,True
159832,1.0,0.0,0.5,none,True,True
159833,1.0,0.0,0.5,none,True,True
159834,1.0,0.0,0.5,none,True,True
159835,1.0,0.0,0.5,none,True,True
159836,1.0,0.0,0.5,none,True,True
159837,1.0,0.0,0.5,none,True,True
159838,1.0,0.0,0.5,none,True,True
159839,1.0,0.0,0.5,none,True,True
159840,1.0,0.0,0.5,none,True,True
159841,1.0,0.0,0.5,none,True,True
159842,1.0,0.0,0.5,none,True,True
159843,1.0,0.0,0.5,none,True,True
159844,1.0,0.0,0.5,none,True,True
159845,1.0,0.0,0.5,none,True,True
159846,1.0,0.0,0.5,none,True,True
159847,1.0,0.0,0.5,none,True,True
159848,1.0,0.0,0.5,none,True,True
159849,1.0,0.0,0.5,none,True,True
159850,1.0,0.0,0.5,none,True,True
159851,1.0,0.0,0.5,none,True,True
159852,1.0,0.0,0.5,none,True,True
159853,1.0,0.0,0.5,none,True,True
159854,1.0,0.0,0.5,none,True,True
159855,1.0,0.0,0.5,none,True,True
159856,1.0,0.0,0.5,none,True,True
159857,1.0,0.0,0.5,none,True,True
159858,1.0,0.0,0.5,none,True,True
159859,1.0,0.0,0.5,none,True,True
159860,1.0,0.0,0.5,none,True,True
159861,1.0,0.0,0.5,none,True,True
159862,1.0,0.0,0.5,none,True,True
159863,1.0,0.0,0.5,none,True,True
159864,1.0,0.0,0.5,none,True,True
159865,1.0,0.0,0.5,none,True,True
159866,1.0,0.0,0.5,none,True,True
159867,1.0,0.0,0.5,none,True,True
159868,1.0,0.0,0.5,none,True,True
159869,1.0,0.0,0.5,none,True,True
159870,1.0,0.0,0.5,none,True,True
159871,1.0,0.0,0.5,none,True,True
159872,1.0,0.0,0.5,none,True,True
159873,1.0,0.0,0.5,none,True,True
159874,1.0,0.0,0.5,none,True,True
159875,1.0,0.0,0.5,none,True,True
159876,1.0,0.0,0.5,none,True,True
159877,1.0,0.0,0.5,none,True,True
159878,1.0,0.0,0.5,none,True,True
159879,1.0,0.0,0.5,none,True,True
159880,1.0,0.0,0.5,none,True,True
159881,1.0,0.0,0.5,none,True,True
159882,1.0,0.0,0.5,none,True,True
159883,1.0,0.0,0.5,none,True,True
159884,1.0,0.0,0.5,none,True,True
159885,1.0,0.0,0.5,none,True,True
159886,1.0,0.0,0.5,none,True,True
159887,1.0,0.0,0.5,none,True,True
159888,1.0,0.0,0.5,none,True,True
159889,1.0,0.0,0.5,none,True,True
159890,1.0,0.0,0.5,none,True,True
159891,1.0,0.0,0.5,none,True,True
159892,1.0,0.0,0.5,none,True,True
159893,1.0,0.0,0.5,none,True,True
159894,1.0,0.0,0.5,none,True,True
159895,1.0,0.0,0.5,none,True,True
159896,1.0,0.0,0.5,none,True,True
159897,1.0,0.0,0.5,none,True,True
159898,1.0,0.0,0.5,none,True,True
159899,1.0,0.0,0.5,none,True,True
159900,1.0,0.0,0.5,none,True,True
159901,1.0,0.0,0.5,none,True,True
159902,1.0,0.0,0.5,none,True,True
159903,1.0,0.0,0.5,none,True,True
159904,1.0,0.0,0.5,none,True,True
159905,1.0,0.0,0.5,none,True,True
159906,1.0,0.0,0.5,none,True,True
159907,1.0,0.0,0.5,none,True,True
159908,1.0,0.0,0.5,none,True,True
159909,1.0,0.0,0.5,none,True,True
159910,1.0,0.0,0.5,none,True,True
159911,1.0,0.0,0.5,none,True,True
159912,1.0,0.0,0.5,none,True,True
159913,1.0,0.0,0.5,none,True,True
159914,1.0,0.0,0.5,none,True,True
159915,1.0,0.0,0.5,none,True,True
159916,1.0,0.0,0.5,none,True,True
159917,1.0,0.0,0.5,none,True,True
159918,1.0,0.0,0.5,none,True,True
159919,1.0,0.0,0.5,none,True,True
159920,1.0,0.0,0.5,none,True,True
159921,1.0,0.0,0.5,none,True,True
159922,1.0,0.0,0.5,none,True,True
159923,1.0,0.0,0.5,none,True,True
159924,1.0,0.0,0.5,none,True,True
159925,1.0,0.0,0.5,none,True,True
159926,1.0,0.0,0.5,none,True,True
159927,1.0,0.0,0.5,none,True,True
159928,1.0,0.0,0.5,none,True,True
159929,1.0,0.0,0.5,none,True,True
159930,1.0,0.0,0.5,none,True,True
159931,1.0,0.0,0.5,none,True,True
159932,1.0,0.0,0.5,none,True,True
159933,1.0,0.0,0.5,none,True,True
159934,1.0,0.0,0.5,none,True,True
159935,1.0,0.0,0.5,none,True,True
159936,1.0,0.0,0.5,none,True,True
159937,1.0,0.0,0.5,none,True,True
159938,1.0,0.0,0.5,none,True,True
159939,1.0,0.0,0.5,none,True,True
159940,1.0,0.0,0.5,none,True,True
159941,1.0,0.0,0.5,none,True,True
159942,1.0,0.0,0.5,none,True,True
159943,1.0,0.0,0.5,none,True,True
159944,1.0,0.0,0.5,none,True,True
159945,1.0,0.0,0.5,none,True,True
159946,1.0,0.0,0.5,none,True,True
159947,1.0,0.0,0.5,none,True,True
159948,1.0,0.0,0.5,none,True,True
159949,1.0,0.0,0.5,none,True,True
159950,1.0,0.0,0.5,none,True,True
159951,1.0,0.0,0.5,none,True,True
159952,1.0,0.0,0.5,none,True,True
159953,1.0,0.0,0.5,none,True,True
159954,1.0,0.0,0.5,none,True,True
159955,1.0,0.0,0.5,none,True,True
159956,1.0,0.0,0.5,none,True,True
159957,1.0,0.0,0.5,none,True,True
159958,1.0,0.0,0.5,none,True,True
159959,1.0,0.0,0.5,none,True,True
159960,1.0,0.0,0.5,none,True,True
159961,1.0,0.0,0.5,none,True,True
159962,1.0,0.0,0.5,none,True,True
159963,1.0,0.0,0.5,none,True,True
159964,1.0,0.0,0.5,none,True,True
159965,1.0,0.0,0.5,none,True,True
159966,1.0,0.0,0.5,none,True,True
159967,1.0,0.0,0.5,none,True,True
159968,1.0,0.0,0.5,none,True,True
159969,1.0,0.0,0.5,none,True,True
159970,1.0,0.0,0.5,none,True,True
159971,1.0,0.0,0.5,none,True,True
159972,1.0,0.0,0.5,none,True,True
159973,1.0,0.0,0.5,none,True,True
159974,1.0,0.0,0.5,none,True,True
159975,1.0,0.0,0.5,none,True,True
159976,1.0,0.0,0.5,none,True,True
159977,1.0,0.0,0.5,none,True,True
159978,1.0,0.0,0.5,none,True,True
159979,1.0,0.0,0.5,none,True,True
159980,1.0,0.0,0.5,none,True,True
159981,1.0,0.0,0.5,none,True,True
159982,1.0,0.0,0.5,none,True,True
159983,1.0,0.0,0.5,none,True,True
159984,1.0,0.0,0.5,none,True,True
159985,1.0,0.0,0.5,none,True,True
159986,1.0,0.0,0.5,none,True,True
159987,1.0,0.0,0.5,none,True,True
159988,1.0,0.0,0.5,none,True,True
159989,1.0,0.0,0.5,none,True,True
159990,1.0,0.0,0.5,none,True,True
159991,1.0,0.0,0.5,none,True,True
159992,1.0,0.0,0.5,none,True,True
159993,1.0,0.0,0.5,none,True,True
159994,1.0,0.0,0.5,none,True,True
159995,1.0,0.0,0.5,none,True,True
159996,1.0,0.0,0.5,none,True,True
159997,1.0,0.0,0.5,none,True,True
159998,1.0,0.0,0.5,none,True,True
159999,1.0,0.0,0.5,none,True,True
160000,1.0,0.0,0.5,none,True,True
160001,1.0,0.0,0.5,none,True,True
160002,1.0,0.0,0.5,none,True,True
160003,1.0,0.0,0.5,none,True,True
160004,1.0,0.0,0.5,none,True,True
160005,1.0,0.0,0.5,none,True,True
160006,1.0,0.0,0.5,none,True,True
160007,1.0,0.0,0.5,none,True,True
160008,1.0,0.0,0.5,none,True,True
160009,1.0,0.0,0.5,none,True,True
160010,1.0,0.0,0.5,none,True,True
160011,1.0,0.0,0.5,none,True,True
160012,1.0,0.0,0.5,none,True,True
160013,1.0,0.0,0.5,none,True,True
160014,1.0,0.0,0.5,none,True,True
160015,1.0,0.0,0.5,none,True,True
160016,1.0,0.0,0.5,none,True,True
160017,1.0,0.0,0.5,none,True,True
160018,1.0,0.0,0.5,none,True,True
160019,1.0,0.0,0.5,none,True,True
160020,1.0,0.0,0.5,none,True,True
160021,1.0,0.0,0.5,none,True,True
160022,1.0,0.0,0.5,none,True,True
160023,1.0,0.0,0.5,none,True,True
160024,1.0,0.0,0.5,none,True,True
160025,1.0,0.0,0.5,none,True,True
160026,1.0,0.0,0.5,none,True,True
160027,1.0,0.0,0.5,none,True,True
160028,1.0,0.0,0.5,none,True,True
160029,1.0,0.0,0.5,none,True,True
160030,1.0,0.0,0.5,none,True,True
160031,1.0,0.0,0.5,none,True,True
160032,1.0,0.0,0.5,none,True,True
160033,1.0,0.0,0.5,none,True,True
160034,1.0,0.0,0.5,none,True,True
160035,1.0,0.0,0.5,none,True,True
160036,1.0,0.0,0.5,none,True,True
160037,1.0,0.0,0.5,none,True,True
160038,1.0,0.0,0.5,none,True,True
160039,1.0,0.0,0.5,none,True,True
160040,1.0,0.0,0.5,none,True,True
160041,1.0,0.0,0.5,none,True,True
160042,1.0,0.0,0.5,none,True,True
160043,1.0,0.0,0.5,none,True,True
160044,1.0,0.0,0.5,none,True,True
160045,1.0,0.0,0.5,none,True,True
160046,1.0,0.0,0.5,none,True,True
160047,1.0,0.0,0.5,none,True,True
160048,1.0,0.0,0.5,none,True,True
160049,1.0,0.0,0.5,none,True,True
160050,1.0,0.0,0.5,none,True,True
160051,1.0,0.0,0.5,none,True,True
160052,1.0,0.0,0.5,none,True,True
160053,1.0,0.0,0.5,none,True,True
160054,1.0,0.0,0.5,none,True,True
160055,1.0,0.0,0.5,none,True,True
160056,1.0,0.0,0.5,none,True,True
160057,1.0,0.0,0.5,none,True,True
160058,1.0,0.0,0.5,none,True,True
160059,1.0,0.0,0.5,none,True,True
160060,1.0,0.0,0.5,none,True,True
160061,1.0,0.0,0.5,none,True,True
160062,1.0,0.0,0.5,none,True,True
160063,1.0,0.0,0.5,none,True,True
160064,1.0,0.0,0.5,none,True,True
160065,1.0,0.0,0.5,none,True,True
160066,1.0,0.0,0.5,none,True,True
160067,1.0,0.0,0.5,none,True,True
160068,1.0,0.0,0.5,none,True,True
160069,1.0,0.0,0.5,none,True,True
160070,1.0,0.0,0.5,none,True,True
160071,1.0,0.0,0.5,none,True,True
160072,1.0,0.0,0.5,none,True,True
160073,1.0,0.0,0.5,none,True,True
160074,1.0,0.0,0.5,none,True,True
160075,1.0,0.0,0.5,none,True,True
160076,1.0,0.0,0.5,none,True,True
160077,1.0,0.0,0.5,none,True,True
160078,1.0,0.0,0.5,none,True,True
160079,1.0,0.0,0.5,none,True,True
160080,1.0,0.0,0.5,none,True,True
160081,1.0,0.0,0.5,none,True,True
160082,1.0,0.0,0.5,none,True,True
160083,1.0,0.0,0.5,none,True,True
160084,1.0,0.0,0.5,none,True,True
160085,1.0,0.0,0.5,none,True,True
160086,1.0,0.0,0.5,none,True,True
160087,1.0,0.0,0.5,none,True,True
160088,1.0,0.0,0.5,none,True,True
160089,1.0,0.0,0.5,none,True,True
160090,1.0,0.0,0.5,none,True,True
160091,1.0,0.0,0.5,none,True,True
160092,1.0,0.0,0.5,none,True,True
160093,1.0,0.0,0.5,none,True,True
160094,1.0,0.0,0.5,none,True,True
160095,1.0,0.0,0.5,none,True,True
160096,1.0,0.0,0.5,none,True,True
160097,1.0,0.0,0.5,none,True,True
160098,1.0,0.0,0.5,none,True,True
160099,1.0,0.0,0.5,none,True,True
160100,1.0,0.0,0.5,none,True,True
160101,1.0,0.0,0.5,none,True,True
160102,1.0,0.0,0.5,none,True,True
160103,1.0,0.0,0.5,none,True,True
160104,1.0,0.0,0.5,none,True,True
160105,1.0,0.0,0.5,none,True,True
160106,1.0,0.0,0.5,none,True,True
160107,1.0,0.0,0.5,none,True,True
160108,1.0,0.0,0.5,none,True,True
160109,1.0,0.0,0.5,none,True,True
160110,1.0,0.0,0.5,none,True,True
160111,1.0,0.0,0.5,none,True,True
160112,1.0,0.0,0.5,none,True,True
160113,1.0,0.0,0.5,none,True,True
160114,1.0,0.0,0.5,none,True,True
160115,1.0,0.0,0.5,none,True,True
160116,1.0,0.0,0.5,none,True,True
160117,1.0,0.0,0.5,none,True,True
160118,1.0,0.0,0.5,none,True,True
160119,1.0,0.0,0.5,none,True,True
160120,1.0,0.0,0.5,none,True,True
160121,1.0,0.0,0.5,none,True,True
160122,1.0,0.0,0.5,none,True,True
160123,1.0,0.0,0.5,none,True,True
160124,1.0,0.0,0.5,none,True,True
160125,1.0,0.0,0.5,none,True,True
160126,1.0,0.0,0.5,none,True,True
160127,1.0,0.0,0.5,none,True,True
160128,1.0,0.0,0.5,none,True,True
160129,1.0,0.0,0.5,none,True,True
160130,1.0,0.0,0.5,none,True,True
160131,1.0,0.0,0.5,none,True,True
160132,1.0,0.0,0.5,none,True,True
160133,1.0,0.0,0.5,none,True,True
160134,1.0,0.0,0.5,none,True,True
160135,1.0,0.0,0.5,none,True,True
160136,1.0,0.0,0.5,none,True,True
160137,1.0,0.0,0.5,none,True,True
160138,1.0,0.0,0.5,none,True,True
160139,1.0,0.0,0.5,none,True,True
160140,1.0,0.0,0.5,none,True,True
160141,1.0,0.0,0.5,none,True,True
160142,1.0,0.0,0.5,none,True,True
160143,1.0,0.0,0.5,none,True,True
160144,1.0,0.0,0.5,none,True,True
160145,1.0,0.0,0.5,none,True,True
160146,1.0,0.0,0.5,none,True,True
160147,1.0,0.0,0.5,none,True,True
160148,1.0,0.0,0.5,none,True,True
160149,1.0,0.0,0.5,none,True,True
160150,1.0,0.0,0.5,none,True,True
160151,1.0,0.0,0.5,none,True,True
160152,1.0,0.0,0.5,none,True,True
160153,1.0,0.0,0.5,none,True,True
160154,1.0,0.0,0.5,none,True,True
160155,1.0,0.0,0.5,none,True,True
160156,1.0,0.0,0.5,none,True,True
160157,1.0,0.0,0.5,none,True,True
160158,1.0,0.0,0.5,none,True,True
160159,1.0,0.0,0.5,none,True,True
160160,1.0,0.0,0.5,none,True,True
160161,1.0,0.0,0.5,none,True,True
160162,1.0,0.0,0.5,none,True,True
160163,1.0,0.0,0.5,none,True,True
160164,1.0,0.0,0.5,none,True,True
160165,1.0,0.0,0.5,none,True,True
160166,1.0,0.0,0.5,none,True,True
160167,1.0,0.0,0.5,none,True,True
160168,1.0,0.0,0.5,none,True,True
160169,1.0,0.0,0.5,none,True,True
160170,1.0,0.0,0.5,none,True,True
160171,1.0,0.0,0.5,none,True,True
160172,1.0,0.0,0.5,none,True,True
160173,1.0,0.0,0.5,none,True,True
160174,1.0,0.0,0.5,none,True,True
160175,1.0,0.0,0.5,none,True,True
160176,1.0,0.0,0.5,none,True,True
160177,1.0,0.0,0.5,none,True,True
160178,1.0,0.0,0.5,none,True,True
160179,1.0,0.0,0.5,none,True,True
160180,1.0,0.0,0.5,none,True,True
160181,1.0,0.0,0.5,none,True,True
160182,1.0,0.0,0.5,none,True,True
160183,1.0,0.0,0.5,none,True,True
160184,1.0,0.0,0.5,none,True,True
160185,1.0,0.0,0.5,none,True,True
160186,1.0,0.0,0.5,none,True,True
160187,1.0,0.0,0.5,none,True,True
160188,1.0,0.0,0.5,none,True,True
160189,1.0,0.0,0.5,none,True,True
160190,1.0,0.0,0.5,none,True,True
160191,1.0,0.0,0.5,none,True,True
160192,1.0,0.0,0.5,none,True,True
160193,1.0,0.0,0.5,none,True,True
160194,1.0,0.0,0.5,none,True,True
160195,1.0,0.0,0.5,none,True,True
160196,1.0,0.0,0.5,none,True,True
160197,1.0,0.0,0.5,none,True,True
160198,1.0,0.0,0.5,none,True,True
160199,1.0,0.0,0.5,none,True,True
160200,1.0,0.0,0.5,none,True,True
160201,1.0,0.0,0.5,none,True,True
160202,1.0,0.0,0.5,none,True,True
160203,1.0,0.0,0.5,none,True,True
160204,1.0,0.0,0.5,none,True,True
160205,1.0,0.0,0.5,none,True,True
160206,1.0,0.0,0.5,none,True,True
160207,1.0,0.0,0.5,none,True,True
160208,1.0,0.0,0.5,none,True,True
160209,1.0,0.0,0.5,none,True,True
160210,1.0,0.0,0.5,none,True,True
160211,1.0,0.0,0.5,none,True,True
160212,1.0,0.0,0.5,none,True,True
160213,1.0,0.0,0.5,none,True,True
160214,1.0,0.0,0.5,none,True,True
160215,1.0,0.0,0.5,none,True,True
160216,1.0,0.0,0.5,none,True,True
160217,1.0,0.0,0.5,none,True,True
160218,1.0,0.0,0.5,none,True,True
160219,1.0,0.0,0.5,none,True,True
160220,1.0,0.0,0.5,none,True,True
160221,1.0,0.0,0.5,none,True,True
160222,1.0,0.0,0.5,none,True,True
160223,1.0,0.0,0.5,none,True,True
160224,1.0,0.0,0.5,none,True,True
160225,1.0,0.0,0.5,none,True,True
160226,1.0,0.0,0.5,none,True,True
160227,1.0,0.0,0.5,none,True,True
160228,1.0,0.0,0.5,none,True,True
160229,1.0,0.0,0.5,none,True,True
160230,1.0,0.0,0.5,none,True,True
160231,1.0,0.0,0.5,none,True,True
160232,1.0,0.0,0.5,none,True,True
160233,1.0,0.0,0.5,none,True,True
160234,1.0,0.0,0.5,none,True,True
160235,1.0,0.0,0.5,none,True,True
160236,1.0,0.0,0.5,none,True,True
160237,1.0,0.0,0.5,none,True,True
160238,1.0,0.0,0.5,none,True,True
160239,1.0,0.0,0.5,none,True,True
160240,1.0,0.0,0.5,none,True,True
160241,1.0,0.0,0.5,none,True,True
160242,1.0,0.0,0.5,none,True,True
160243,1.0,0.0,0.5,none,True,True
160244,1.0,0.0,0.5,none,True,True
160245,1.0,0.0,0.5,none,True,True
160246,1.0,0.0,0.5,none,True,True
160247,1.0,0.0,0.5,none,True,True
160248,1.0,0.0,0.5,none,True,True
160249,1.0,0.0,0.5,none,True,True
160250,1.0,0.0,0.5,none,True,True
160251,1.0,0.0,0.5,none,True,True
160252,1.0,0.0,0.5,none,True,True
160253,1.0,0.0,0.5,none,True,True
160254,1.0,0.0,0.5,none,True,True
160255,1.0,0.0,0.5,none,True,True
160256,1.0,0.0,0.5,none,True,True
160257,1.0,0.0,0.5,none,True,True
160258,1.0,0.0,0.5,none,True,True
160259,1.0,0.0,0.5,none,True,True
160260,1.0,0.0,0.5,none,True,True
160261,1.0,0.0,0.5,none,True,True
160262,1.0,0.0,0.5,none,True,True
160263,1.0,0.0,0.5,none,True,True
160264,1.0,0.0,0.5,none,True,True
160265,1.0,0.0,0.5,none,True,True
160266,1.0,0.0,0.5,none,True,True
160267,1.0,0.0,0.5,none,True,True
160268,1.0,0.0,0.5,none,True,True
160269,1.0,0.0,0.5,none,True,True
160270,1.0,0.0,0.5,none,True,True
160271,1.0,0.0,0.5,none,True,True
160272,1.0,0.0,0.5,none,True,True
160273,1.0,0.0,0.5,none,True,True
160274,1.0,0.0,0.5,none,True,True
160275,1.0,0.0,0.5,none,True,True
160276,1.0,0.0,0.5,none,True,True
160277,1.0,0.0,0.5,none,True,True
160278,1.0,0.0,0.5,none,True,True
160279,1.0,0.0,0.5,none,True,True
160280,1.0,0.0,0.5,none,True,True
160281,1.0,0.0,0.5,none,True,True
160282,1.0,0.0,0.5,none,True,True
160283,1.0,0.0,0.5,none,True,True
160284,1.0,0.0,0.5,none,True,True
160285,1.0,0.0,0.5,none,True,True
160286,1.0,0.0,0.5,none,True,True
160287,1.0,0.0,0.5,none,True,True
160288,1.0,0.0,0.5,none,True,True
160289,1.0,0.0,0.5,none,True,True
160290,1.0,0.0,0.5,none,True,True
160291,1.0,0.0,0.5,none,True,True
160292,1.0,0.0,0.5,none,True,True
160293,1.0,0.0,0.5,none,True,True
160294,1.0,0.0,0.5,none,True,True
160295,1.0,0.0,0.5,none,True,True
160296,1.0,0.0,0.5,none,True,True
160297,1.0,0.0,0.5,none,True,True
160298,1.0,0.0,0.5,none,True,True
160299,1.0,0.0,0.5,none,True,True
160300,1.0,0.0061,0.5,none,True,True
160301,1.0,0.0357,0.5,none,True,True
160302,1.0,0.0812,0.5,none,True,True
160303,1.0,0.1113,0.5,none,True,True
160304,1.0,0.1253,0.5,none,True,True
160305,1.0,0.1408,0.5,none,True,True
160306,1.0,0.0907,0.5,none,True,True
160307,1.0,0.1198,0.5,none,True,True
160308,1.0,0.0467,0.5,none,True,True
160309,1.0,0.0522,0.5,none,True,True
160310,1.0,0.0405,0.5,none,True,True
160311,1.0,0.0313,0.5,none,True,True
160312,1.0,0.0083,0.5,none,True,True
160313,1.0,0.0726,0.5,none,True,True
160314,1.0,0.0793,0.5,none,True,True
160315,1.0,0.0581,0.5,none,True,True
160316,1.0,0.0955,0.5,none,True,True
160317,1.0,0.0839,0.5,none,True,True
160318,1.0,0.0648,0.5,none,True,True
160319,1.0,0.0718,0.5,none,True,True
160320,1.0,0.0589,0.5,none,True,True
160321,1.0,0.0403,0.5,none,True,True
160322,1.0,0.0327,0.5,none,True,True
160323,1.0,0.0277,0.5,none,True,True
160324,1.0,0.017,0.5,none,True,True
160325,1.0,0.0102,0.5,none,True,True
160326,1.0,0.0099,0.5,none,True,True
160327,1.0,0.008,0.5,none,True,True
160328,1.0,0.005,0.5,none,True,True
160329,1.0,0.0063,0.5,none,True,True
160330,1.0,0.009,0.5,none,True,True
160331,1.0,0.0096,0.5,none,True,True
160332,1.0,0.0108,0.5,none,True,True
160333,1.0,0.014,0.5,none,True,True
160334,1.0,0.0161,0.5,none,True,True
160335,1.0,0.0167,0.5,none,True,True
160336,1.0,0.0182,0.5,none,True,True
160337,1.0,0.0196,0.5,none,True,True
160338,1.0,0.0197,0.5,none,True,True
160339,1.0,0.0193,0.5,none,True,True
160340,1.0,0.0193,0.5,none,True,True
160341,1.0,0.0187,0.5,none,True,True
160342,1.0,0.0174,0.5,none,True,True
160343,1.0,0.0163,0.5,none,True,True
160344,1.0,0.0152,0.5,none,True,True
160345,1.0,0.0138,0.5,none,True,True
160346,1.0,0.0123,0.5,none,True,True
160347,1.0,0.0111,0.5,none,True,True
160348,1.0,0.01,0.5,none,True,True
160349,1.0,0.0088,0.5,none,True,True
160350,1.0,0.0078,0.5,none,True,True
160351,1.0,0.0071,0.5,none,True,True
160352,1.0,0.0064,0.5,none,True,True
160353,1.0,0.0057,0.5,none,True,True
160354,1.0,0.0053,0.5,none,True,True
160355,1.0,0.005,0.5,none,True,True
160356,1.0,0.0047,0.5,none,True,True
160357,1.0,0.0045,0.5,none,True,True
160358,1.0,0.0044,0.5,none,True,True
160359,1.0,0.0043,0.5,none,True,True
160360,1.0,0.0042,0.5,none,True,True
160361,1.0,0.0041,0.5,none,True,True
160362,1.0,0.004,0.5,none,True,True
160363,1.0,0.0039,0.5,none,True,True
160364,1.0,0.0038,0.5,none,True,True
160365,1.0,0.0037,0.5,none,True,True
160366,1.0,0.0035,0.5,none,True,True
160367,1.0,0.0033,0.5,none,True,True
160368,1.0,0.0032,0.5,none,True,True
160369,1.0,0.003,0.5,none,True,True
160370,1.0,0.0028,0.5,none,True,True
160371,1.0,0.0026,0.5,none,True,True
160372,1.0,0.0024,0.5,none,True,True
160373,1.0,0.0023,0.5,none,True,True
160374,1.0,0.0021,0.5,none,True,True
160375,1.0,0.0019,0.5,none,True,True
160376,1.0,0.0018,0.5,none,True,True
160377,1.0,0.0017,0.5,none,True,True
160378,1.0,0.0015,0.5,none,True,True
160379,1.0,0.0014,0.5,none,True,True
160380,1.0,0.0013,0.5,none,True,True
160381,1.0,0.0013,0.5,none,True,True
160382,1.0,0.0012,0.5,none,True,True
160383,1.0,0.0011,0.5,none,True,True
160384,1.0,0.0011,0.5,none,True,True
160385,1.0,0.001,0.5,none,True,True
160386,1.0,0.001,0.5,none,True,True
160387,1.0,0.0009,0.5,none,True,True
160388,1.0,0.0009,0.5,none,True,True
160389,1.0,0.0008,0.5,none,True,True
160390,1.0,0.0008,0.5,none,True,True
160391,1.0,0.0008,0.5,none,True,True
160392,1.0,0.0007,0.5,none,True,True
160393,1.0,0.0007,0.5,none,True,True
160394,1.0,0.0006,0.5,none,True,True
160395,1.0,0.0006,0.5,none,True,True
160396,1.0,0.0006,0.5,none,True,True
160397,1.0,0.0005,0.5,none,True,True
160398,1.0,0.0005,0.5,none,True,True
160399,1.0,0.0005,0.5,none,True,True
160400,1.0,0.0004,0.5,none,True,True
160401,1.0,0.0004,0.5,none,True,True
160402,1.0,0.0004,0.5,none,True,True
160403,1.0,0.0004,0.5,none,True,True
160404,1.0,0.0003,0.5,none,True,True
160405,1.0,0.0003,0.5,none,True,True
160406,1.0,0.0003,0.5,none,True,True
160407,1.0,0.0003,0.5,none,True,True
160408,1.0,0.0003,0.5,none,True,True
160409,1.0,0.0003,0.5,none,True,True
160410,1.0,0.0002,0.5,none,True,True
160411,1.0,0.0002,0.5,none,True,True
160412,1.0,0.0002,0.5,none,True,True
160413,1.0,0.0002,0.5,none,True,True
160414,1.0,0.0002,0.5,none,True,True
160415,1.0,0.0002,0.5,none,True,True
160416,1.0,0.0002,0.5,none,True,True
160417,1.0,0.0002,0.5,none,True,True
160418,1.0,0.0002,0.5,none,True,True
160419,1.0,0.0001,0.5,none,True,True
160420,1.0,0.0001,0.5,none,True,True
160421,1.0,0.0001,0.5,none,True,True
160422,1.0,0.0001,0.5,none,True,True
160423,1.0,0.0001,0.5,none,True,True
160424,1.0,0.0001,0.5,none,True,True
160425,1.0,0.0001,0.5,none,True,True
160426,1.0,0.0001,0.5,none,True,True
160427,1.0,0.0001,0.5,none,True,True
160428,1.0,0.0001,0.5,none,True,True
160429,1.0,0.0001,0.5,none,True,True
160430,1.0,0.0001,0.5,none,True,True
160431,1.0,0.0001,0.5,none,True,True
160432,1.0,0.0001,0.5,none,True,True
160433,1.0,0.0001,0.5,none,True,True
160434,1.0,0.0001,0.5,none,True,True
160435,1.0,0.0001,0.5,none,True,True
160436,1.0,0.0001,0.5,none,True,True
160437,1.0,0.0,0.5,none,True,True
160438,1.0,0.0,0.5,none,True,True
160439,1.0,0.0,0.5,none,True,True
160440,1.0,0.0,0.5,none,True,True
160441,1.0,0.0,0.5,none,True,True
160442,1.0,0.0,0.5,none,True,True
160443,1.0,0.0,0.5,none,True,True
160444,1.0,0.0,0.5,none,True,True
160445,1.0,0.0,0.5,none,True,True
160446,1.0,0.0,0.5,none,True,True
160447,1.0,0.0,0.5,none,True,True
160448,1.0,0.0,0.5,none,True,True
160449,1.0,0.0,0.5,none,True,True
160450,1.0,0.0,0.5,none,True,True
160451,1.0,0.0,0.5,none,True,True
160452,1.0,0.0,0.5,none,True,True
160453,1.0,0.0,0.5,none,True,True
160454,1.0,0.0,0.5,none,True,True
160455,1.0,0.0,0.5,none,True,True
160456,1.0,0.0,0.5,none,True,True
160457,1.0,0.0,0.5,none,True,True
160458,1.0,0.0,0.5,none,True,True
160459,1.0,0.0,0.5,none,True,True
160460,1.0,0.0,0.5,none,True,True
160461,1.0,0.0,0.5,none,True,True
160462,1.0,0.0,0.5,none,True,True
160463,1.0,0.0,0.5,none,True,True
160464,1.0,0.0,0.5,none,True,True
160465,1.0,0.0,0.5,none,True,True
160466,1.0,0.0,0.5,none,True,True
160467,1.0,0.0,0.5,none,True,True
160468,1.0,0.0,0.5,none,True,True
160469,1.0,0.0,0.5,none,True,True
160470,1.0,0.0,0.5,none,True,True
160471,1.0,0.0,0.5,none,True,True
160472,1.0,0.0,0.5,none,True,True
160473,1.0,0.0,0.5,none,True,True
160474,1.0,0.0,0.5,none,True,True
160475,1.0,0.0,0.5,none,True,True
160476,1.0,0.0,0.5,none,True,True
160477,1.0,0.0,0.5,none,True,True
160478,1.0,0.0,0.5,none,True,True
160479,1.0,0.0,0.5,none,True,True
160480,1.0,0.0,0.5,none,True,True
160481,1.0,0.0,0.5,none,True,True
160482,1.0,0.0,0.5,none,True,True
160483,1.0,0.0,0.5,none,True,True
160484,1.0,0.0,0.5,none,True,True
160485,1.0,0.0,0.5,none,True,True
160486,1.0,0.0,0.5,none,True,True
160487,1.0,0.0,0.5,none,True,True
160488,1.0,0.0,0.5,none,True,True
160489,1.0,0.0,0.5,none,True,True
160490,1.0,0.0,0.5,none,True,True
160491,1.0,0.0,0.5,none,True,True
160492,1.0,0.0,0.5,none,True,True
160493,1.0,0.0,0.5,none,True,True
160494,1.0,0.0,0.5,none,True,True
160495,1.0,0.0,0.5,none,True,True
160496,1.0,0.0,0.5,none,True,True
160497,1.0,0.0,0.5,none,True,True
160498,1.0,0.0,0.5,none,True,True
160499,1.0,0.0,0.5,none,True,True
160500,1.0,0.0,0.5,none,True,True
160501,1.0,0.0,0.5,none,True,True
160502,1.0,0.0,0.5,none,True,True
160503,1.0,0.0,0.5,none,True,True
160504,1.0,0.0,0.5,none,True,True
160505,1.0,0.0,0.5,none,True,True
160506,1.0,0.0,0.5,none,True,True
160507,1.0,0.0,0.5,none,True,True
160508,1.0,0.0,0.5,none,True,True
160509,1.0,0.0,0.5,none,True,True
160510,1.0,0.0,0.5,none,True,True
160511,1.0,0.0,0.5,none,True,True
160512,1.0,0.0,0.5,none,True,True
160513,1.0,0.0,0.5,none,True,True
160514,1.0,0.0,0.5,none,True,True
160515,1.0,0.0,0.5,none,True,True
160516,1.0,0.0,0.5,none,True,True
160517,1.0,0.0,0.5,none,True,True
160518,1.0,0.0,0.5,none,True,True
160519,1.0,0.0,0.5,none,True,True
160520,1.0,0.0,0.5,none,True,True
160521,1.0,0.0,0.5,none,True,True
160522,1.0,0.0,0.5,none,True,True
160523,1.0,0.0,0.5,none,True,True
160524,1.0,0.0,0.5,none,True,True
160525,1.0,0.0,0.5,none,True,True
160526,1.0,0.0,0.5,none,True,True
160527,1.0,0.0,0.5,none,True,True
160528,1.0,0.0,0.5,none,True,True
160529,1.0,0.0,0.5,none,True,True
160530,1.0,0.0,0.5,none,True,True
160531,1.0,0.0,0.5,none,True,True
160532,1.0,0.0,0.5,none,True,True
160533,1.0,0.0,0.5,none,True,True
160534,1.0,0.0,0.5,none,True,True
160535,1.0,0.0,0.5,none,True,True
160536,1.0,0.0,0.5,none,True,True
160537,1.0,0.0,0.5,none,True,True
160538,1.0,0.0,0.5,none,True,True
160539,1.0,0.0,0.5,none,True,True
160540,1.0,0.0,0.5,none,True,True
160541,1.0,0.0,0.5,none,True,True
160542,1.0,0.0,0.5,none,True,True
160543,1.0,0.0,0.5,none,True,True
160544,1.0,0.0,0.5,none,True,True
160545,1.0,0.0,0.5,none,True,True
160546,1.0,0.0,0.5,none,True,True
160547,1.0,0.0,0.5,none,True,True
160548,1.0,0.0,0.5,none,True,True
160549,1.0,0.0,0.5,none,True,True
160550,1.0,0.0,0.5,none,True,True
160551,1.0,0.0,0.5,none,True,True
160552,1.0,0.0,0.5,none,True,True
160553,1.0,0.0,0.5,none,True,True
160554,1.0,0.0,0.5,none,True,True
160555,1.0,0.0,0.5,none,True,True
160556,1.0,0.0,0.5,none,True,True
160557,1.0,0.0,0.5,none,True,True
160558,1.0,0.0,0.5,none,True,True
160559,1.0,0.0,0.5,none,True,True
160560,1.0,0.0,0.5,none,True,True
160561,1.0,0.0,0.5,none,True,True
160562,1.0,0.0,0.5,none,True,True
160563,1.0,0.0,0.5,none,True,True
160564,1.0,0.0,0.5,none,True,True
160565,1.0,0.0,0.5,none,True,True
160566,1.0,0.0,0.5,none,True,True
160567,1.0,0.0,0.5,none,True,True
160568,1.0,0.0,0.5,none,True,True
160569,1.0,0.0,0.5,none,True,True
160570,1.0,0.0,0.5,none,True,True
160571,1.0,0.0,0.5,none,True,True
160572,1.0,0.0,0.5,none,True,True
160573,1.0,0.0,0.5,none,True,True
160574,1.0,0.0,0.5,none,True,True
160575,1.0,0.0,0.5,none,True,True
160576,1.0,0.0,0.5,none,True,True
160577,1.0,0.0,0.5,none,True,True
160578,1.0,0.0,0.5,none,True,True
160579,1.0,0.0,0.5,none,True,True
160580,1.0,0.0,0.5,none,True,True
160581,1.0,0.0,0.5,none,True,True
160582,1.0,0.0,0.5,none,True,True
160583,1.0,0.0,0.5,none,True,True
160584,1.0,0.0,0.5,none,True,True
160585,1.0,0.0,0.5,none,True,True
160586,1.0,0.0,0.5,none,True,True
160587,1.0,0.0,0.5,none,True,True
160588,1.0,0.0,0.5,none,True,True
160589,1.0,0.0,0.5,none,True,True
160590,1.0,0.0,0.5,none,True,True
160591,1.0,0.0,0.5,none,True,True
160592,1.0,0.0,0.5,none,True,True
160593,1.0,0.0,0.5,none,True,True
160594,1.0,0.0,0.5,none,True,True
160595,1.0,0.0,0.5,none,True,True
160596,1.0,0.0,0.5,none,True,True
160597,1.0,0.0,0.5,none,True,True
160598,1.0,0.0,0.5,none,True,True
160599,1.0,0.0,0.5,none,True,True
160600,1.0,0.0,0.5,none,True,True
160601,1.0,0.0,0.5,none,True,True
160602,1.0,0.0,0.5,none,True,True
160603,1.0,0.0,0.5,none,True,True
160604,1.0,0.0,0.5,none,True,True
160605,1.0,0.0,0.5,none,True,True
160606,1.0,0.0,0.5,none,True,True
160607,1.0,0.0,0.5,none,True,True
160608,1.0,0.0,0.5,none,True,True
160609,1.0,0.0,0.5,none,True,True
160610,1.0,0.0,0.5,none,True,True
160611,1.0,0.0,0.5,none,True,True
160612,1.0,0.0,0.5,none,True,True
160613,1.0,0.0,0.5,none,True,True
160614,1.0,0.0,0.5,none,True,True
160615,1.0,0.0,0.5,none,True,True
160616,1.0,0.0,0.5,none,True,True
160617,1.0,0.0,0.5,none,True,True
160618,1.0,0.0,0.5,none,True,True
160619,1.0,0.0,0.5,none,True,True
160620,1.0,0.0,0.5,none,True,True
160621,1.0,0.0,0.5,none,True,True
160622,1.0,0.0,0.5,none,True,True
160623,1.0,0.0,0.5,none,True,True
160624,1.0,0.0,0.5,none,True,True
160625,1.0,0.0,0.5,none,True,True
160626,1.0,0.0,0.5,none,True,True
160627,1.0,0.0,0.5,none,True,True
160628,1.0,0.0,0.5,none,True,True
160629,1.0,0.0,0.5,none,True,True
160630,1.0,0.0,0.5,none,True,True
160631,1.0,0.0,0.5,none,True,True
160632,1.0,0.0,0.5,none,True,True
160633,1.0,0.0,0.5,none,True,True
160634,1.0,0.0,0.5,none,True,True
160635,1.0,0.0,0.5,none,True,True
160636,1.0,0.0,0.5,none,True,True
160637,1.0,0.0,0.5,none,True,True
160638,1.0,0.0,0.5,none,True,True
160639,1.0,0.0,0.5,none,True,True
160640,1.0,0.0,0.5,none,True,True
160641,1.0,0.0,0.5,none,True,True
160642,1.0,0.0,0.5,none,True,True
160643,1.0,0.0,0.5,none,True,True
160644,1.0,0.0,0.5,none,True,True
160645,1.0,0.0,0.5,none,True,True
160646,1.0,0.0,0.5,none,True,True
160647,1.0,0.0,0.5,none,True,True
160648,1.0,0.0,0.5,none,True,True
160649,1.0,0.0,0.5,none,True,True
160650,1.0,0.0,0.5,none,True,True
160651,1.0,0.0,0.5,none,True,True
160652,1.0,0.0,0.5,none,True,True
160653,1.0,0.0,0.5,none,True,True
160654,1.0,0.0,0.5,none,True,True
160655,1.0,0.0,0.5,none,True,True
160656,1.0,0.0,0.5,none,True,True
160657,1.0,0.0,0.5,none,True,True
160658,1.0,0.0,0.5,none,True,True
160659,1.0,0.0,0.5,none,True,True
160660,1.0,0.0,0.5,none,True,True
160661,1.0,0.0,0.5,none,True,True
160662,1.0,0.0,0.5,none,True,True
160663,1.0,0.0,0.5,none,True,True
160664,1.0,0.0,0.5,none,True,True
160665,1.0,0.0,0.5,none,True,True
160666,1.0,0.0,0.5,none,True,True
160667,1.0,0.0,0.5,none,True,True
160668,1.0,0.0,0.5,none,True,True
160669,1.0,0.0,0.5,none,True,True
160670,1.0,0.0,0.5,none,True,True
160671,1.0,0.0,0.5,none,True,True
160672,1.0,0.0,0.5,none,True,True
160673,1.0,0.0,0.5,none,True,True
160674,1.0,0.0,0.5,none,True,True
160675,1.0,0.0,0.5,none,True,True
160676,1.0,0.0,0.5,none,True,True
160677,1.0,0.0,0.5,none,True,True
160678,1.0,0.0,0.5,none,True,True
160679,1.0,0.0,0.5,none,True,True
160680,1.0,0.0,0.5,none,True,True
160681,1.0,0.0,0.5,none,True,True
160682,1.0,0.0,0.5,none,True,True
160683,1.0,0.0,0.5,none,True,True
160684,1.0,0.0,0.5,none,True,True
160685,1.0,0.0,0.5,none,True,True
160686,1.0,0.0,0.5,none,True,True
160687,1.0,0.0,0.5,none,True,True
160688,1.0,0.0,0.5,none,True,True
160689,1.0,0.0,0.5,none,True,True
160690,1.0,0.0,0.5,none,True,True
160691,1.0,0.0,0.5,none,True,True
160692,1.0,0.0,0.5,none,True,True
160693,1.0,0.0,0.5,none,True,True
160694,1.0,0.0,0.5,none,True,True
160695,1.0,0.0,0.5,none,True,True
160696,1.0,0.0,0.5,none,True,True
160697,1.0,0.0,0.5,none,True,True
160698,1.0,0.0,0.5,none,True,True
160699,1.0,0.0,0.5,none,True,True
160700,1.0,0.0,0.5,none,True,True
160701,1.0,0.0,0.5,none,True,True
160702,1.0,0.0,0.5,none,True,True
160703,1.0,0.0,0.5,none,True,True
160704,1.0,0.0,0.5,none,True,True
160705,1.0,0.0,0.5,none,True,True
160706,1.0,0.0,0.5,none,True,True
160707,1.0,0.0,0.5,none,True,True
160708,1.0,0.0,0.5,none,True,True
160709,1.0,0.0,0.5,none,True,True
160710,1.0,0.0,0.5,none,True,True
160711,1.0,0.0,0.5,none,True,True
160712,1.0,0.0,0.5,none,True,True
160713,1.0,0.0,0.5,none,True,True
160714,1.0,0.0,0.5,none,True,True
160715,1.0,0.0,0.5,none,True,True
160716,1.0,0.0,0.5,none,True,True
160717,1.0,0.0,0.5,none,True,True
160718,1.0,0.0,0.5,none,True,True
160719,1.0,0.0,0.5,none,True,True
160720,1.0,0.0,0.5,none,True,True
160721,1.0,0.0,0.5,none,True,True
160722,1.0,0.0,0.5,none,True,True
160723,1.0,0.0,0.5,none,True,True
160724,1.0,0.0,0.5,none,True,True
160725,1.0,0.0,0.5,none,True,True
160726,1.0,0.0,0.5,none,True,True
160727,1.0,0.0,0.5,none,True,True
160728,1.0,0.0,0.5,none,True,True
160729,1.0,0.0,0.5,none,True,True
160730,1.0,0.0,0.5,none,True,True
160731,1.0,0.0,0.5,none,True,True
160732,1.0,0.0,0.5,none,True,True
160733,1.0,0.0,0.5,none,True,True
160734,1.0,0.0,0.5,none,True,True
160735,1.0,0.0,0.5,none,True,True
160736,1.0,0.0,0.5,none,True,True
160737,1.0,0.0,0.5,none,True,True
160738,1.0,0.0,0.5,none,True,True
160739,1.0,0.0,0.5,none,True,True
160740,1.0,0.0,0.5,none,True,True
160741,1.0,0.0,0.5,none,True,True
160742,1.0,0.0,0.5,none,True,True
160743,1.0,0.0,0.5,none,True,True
160744,1.0,0.0,0.5,none,True,True
160745,1.0,0.0,0.5,none,True,True
160746,1.0,0.0,0.5,none,True,True
160747,1.0,0.0,0.5,none,True,True
160748,1.0,0.0,0.5,none,True,True
160749,1.0,0.0,0.5,none,True,True
160750,1.0,0.0,0.5,none,True,True
160751,1.0,0.0,0.5,none,True,True
160752,1.0,0.0,0.5,none,True,True
160753,1.0,0.0,0.5,none,True,True
160754,1.0,0.0,0.5,none,True,True
160755,1.0,0.0,0.5,none,True,True
160756,1.0,0.0,0.5,none,True,True
160757,1.0,0.0,0.5,none,True,True
160758,1.0,0.0,0.5,none,True,True
160759,1.0,0.0,0.5,none,True,True
160760,1.0,0.0,0.5,none,True,True
160761,1.0,0.0,0.5,none,True,True
160762,1.0,0.0,0.5,none,True,True
160763,1.0,0.0,0.5,none,True,True
160764,1.0,0.0,0.5,none,True,True
160765,1.0,0.0,0.5,none,True,True
160766,1.0,0.0,0.5,none,True,True
160767,1.0,0.0,0.5,none,True,True
160768,1.0,0.0,0.5,none,True,True
160769,1.0,0.0,0.5,none,True,True
160770,1.0,0.0,0.5,none,True,True
160771,1.0,0.0,0.5,none,True,True
160772,1.0,0.0,0.5,none,True,True
160773,1.0,0.0,0.5,none,True,True
160774,1.0,0.0,0.5,none,True,True
160775,1.0,0.0,0.5,none,True,True
160776,1.0,0.0,0.5,none,True,True
160777,1.0,0.0,0.5,none,True,True
160778,1.0,0.0,0.5,none,True,True
160779,1.0,0.0,0.5,none,True,True
160780,1.0,0.0,0.5,none,True,True
160781,1.0,0.0,0.5,none,True,True
160782,1.0,0.0,0.5,none,True,True
160783,1.0,0.0,0.5,none,True,True
160784,1.0,0.0,0.5,none,True,True
160785,1.0,0.0,0.5,none,True,True
160786,1.0,0.0,0.5,none,True,True
160787,1.0,0.0,0.5,none,True,True
160788,1.0,0.0,0.5,none,True,True
160789,1.0,0.0,0.5,none,True,True
160790,1.0,0.0,0.5,none,True,True
160791,1.0,0.0,0.5,none,True,True
160792,1.0,0.0,0.5,none,True,True
160793,1.0,0.0,0.5,none,True,True
160794,1.0,0.0,0.5,none,True,True
160795,1.0,0.0,0.5,none,True,True
160796,1.0,0.0,0.5,none,True,True
160797,1.0,0.0,0.5,none,True,True
160798,1.0,0.0,0.5,none,True,True
160799,1.0,0.0,0.5,none,True,True
160800,1.0,0.0,0.5,none,True,True
160801,1.0,0.0,0.5,none,True,True
160802,1.0,0.0,0.5,none,True,True
160803,1.0,0.0,0.5,none,True,True
160804,1.0,0.0,0.5,none,True,True
160805,1.0,0.0,0.5,none,True,True
160806,1.0,0.0,0.5,none,True,True
160807,1.0,0.0,0.5,none,True,True
160808,1.0,0.0,0.5,none,True,True
160809,1.0,0.0,0.5,none,True,True
160810,1.0,0.0,0.5,none,True,True
160811,1.0,0.0,0.5,none,True,True
160812,1.0,0.0,0.5,none,True,True
160813,1.0,0.0,0.5,none,True,True
160814,1.0,0.0,0.5,none,True,True
160815,1.0,0.0,0.5,none,True,True
160816,1.0,0.0,0.5,none,True,True
160817,1.0,0.0,0.5,none,True,True
160818,1.0,0.0,0.5,none,True,True
160819,1.0,0.0,0.5,none,True,True
160820,1.0,0.0,0.5,none,True,True
160821,1.0,0.0,0.5,none,True,True
160822,1.0,0.0,0.5,none,True,True
160823,1.0,0.0,0.5,none,True,True
160824,1.0,0.0,0.5,none,True,True
160825,1.0,0.0,0.5,none,True,True
160826,1.0,0.0,0.5,none,True,True
160827,1.0,0.0,0.5,none,True,True
160828,1.0,0.0,0.5,none,True,True
160829,1.0,0.0,0.5,none,True,True
160830,1.0,0.0,0.5,none,True,True
160831,1.0,0.0,0.5,none,True,True
160832,1.0,0.0,0.5,none,True,True
160833,1.0,0.0,0.5,none,True,True
160834,1.0,0.0,0.5,none,True,True
160835,1.0,0.0,0.5,none,True,True
160836,1.0,0.0,0.5,none,True,True
160837,1.0,0.0,0.5,none,True,True
160838,1.0,0.0,0.5,none,True,True
160839,1.0,0.0,0.5,none,True,True
160840,1.0,0.0,0.5,none,True,True
160841,1.0,0.0,0.5,none,True,True
160842,1.0,0.0,0.5,none,True,True
160843,1.0,0.0,0.5,none,True,True
160844,1.0,0.0,0.5,none,True,True
160845,1.0,0.0,0.5,none,True,True
160846,1.0,0.0,0.5,none,True,True
160847,1.0,0.0,0.5,none,True,True
160848,1.0,0.0,0.5,none,True,True
160849,1.0,0.0,0.5,none,True,True
160850,1.0,0.0,0.5,none,True,True
160851,1.0,0.0,0.5,none,True,True
160852,1.0,0.0,0.5,none,True,True
160853,1.0,0.0,0.5,none,True,True
160854,1.0,0.0,0.5,none,True,True
160855,1.0,0.0,0.5,none,True,True
160856,1.0,0.0,0.5,none,True,True
160857,1.0,0.0,0.5,none,True,True
160858,1.0,0.0,0.5,none,True,True
160859,1.0,0.0,0.5,none,True,True
160860,1.0,0.0,0.5,none,True,True
160861,1.0,0.0,0.5,none,True,True
160862,1.0,0.0,0.5,none,True,True
160863,1.0,0.0,0.5,none,True,True
160864,1.0,0.0,0.5,none,True,True
160865,1.0,0.0,0.5,none,True,True
160866,1.0,0.0,0.5,none,True,True
160867,1.0,0.0,0.5,none,True,True
160868,1.0,0.0,0.5,none,True,True
160869,1.0,0.0,0.5,none,True,True
160870,1.0,0.0,0.5,none,True,True
160871,1.0,0.0,0.5,none,True,True
160872,1.0,0.0,0.5,none,True,True
160873,1.0,0.0,0.5,none,True,True
160874,1.0,0.0,0.5,none,True,True
160875,1.0,0.0,0.5,none,True,True
160876,1.0,0.0,0.5,none,True,True
160877,1.0,0.0,0.5,none,True,True
160878,1.0,0.0,0.5,none,True,True
160879,1.0,0.0,0.5,none,True,True
160880,1.0,0.0,0.5,none,True,True
160881,1.0,0.0,0.5,none,True,True
160882,1.0,0.0,0.5,none,True,True
160883,1.0,0.0,0.5,none,True,True
160884,1.0,0.0,0.5,none,True,True
160885,1.0,0.0,0.5,none,True,True
160886,1.0,0.0,0.5,none,True,True
160887,1.0,0.0,0.5,none,True,True
160888,1.0,0.0,0.5,none,True,True
160889,1.0,0.0,0.5,none,True,True
160890,1.0,0.0,0.5,none,True,True
160891,1.0,0.0,0.5,none,True,True
160892,1.0,0.0,0.5,none,True,True
160893,1.0,0.0,0.5,none,True,True
160894,1.0,0.0,0.5,none,True,True
160895,1.0,0.0,0.5,none,True,True
160896,1.0,0.0,0.5,none,True,True
160897,1.0,0.0,0.5,none,True,True
160898,1.0,0.0,0.5,none,True,True
160899,1.0,0.0,0.5,none,True,True
160900,1.0,0.0,0.5,none,True,True
160901,1.0,0.0,0.5,none,True,True
160902,1.0,0.0,0.5,none,True,True
160903,1.0,0.0,0.5,none,True,True
160904,1.0,0.0,0.5,none,True,True
160905,1.0,0.0,0.5,none,True,True
160906,1.0,0.0,0.5,none,True,True
160907,1.0,0.0,0.5,none,True,True
160908,1.0,0.0,0.5,none,True,True
160909,1.0,0.0,0.5,none,True,True
160910,1.0,0.0,0.5,none,True,True
160911,1.0,0.0,0.5,none,True,True
160912,1.0,0.0,0.5,none,True,True
160913,1.0,0.0,0.5,none,True,True
160914,1.0,0.0,0.5,none,True,True
160915,1.0,0.0,0.5,none,True,True
160916,1.0,0.0,0.5,none,True,True
160917,1.0,0.0,0.5,none,True,True
160918,1.0,0.0,0.5,none,True,True
160919,1.0,0.0,0.5,none,True,True
160920,1.0,0.0,0.5,none,True,True
160921,1.0,0.0,0.5,none,True,True
160922,1.0,0.0,0.5,none,True,True
160923,1.0,0.0,0.5,none,True,True
160924,1.0,0.0,0.5,none,True,True
160925,1.0,0.0,0.5,none,True,True
160926,1.0,0.0,0.5,none,True,True
160927,1.0,0.0,0.5,none,True,True
160928,1.0,0.0,0.5,none,True,True
160929,1.0,0.0,0.5,none,True,True
160930,1.0,0.0,0.5,none,True,True
160931,1.0,0.0,0.5,none,True,True
160932,1.0,0.0,0.5,none,True,True
160933,1.0,0.0,0.5,none,True,True
160934,1.0,0.0,0.5,none,True,True
160935,1.0,0.0,0.5,none,True,True
160936,1.0,0.0,0.5,none,True,True
160937,1.0,0.0,0.5,none,True,True
160938,1.0,0.0,0.5,none,True,True
160939,1.0,0.0,0.5,none,True,True
160940,1.0,0.0,0.5,none,True,True
160941,1.0,0.0,0.5,none,True,True
160942,1.0,0.0,0.5,none,True,True
160943,1.0,0.0,0.5,none,True,True
160944,1.0,0.0,0.5,none,True,True
160945,1.0,0.0,0.5,none,True,True
160946,1.0,0.0,0.5,none,True,True
160947,1.0,0.0,0.5,none,True,True
160948,1.0,0.0,0.5,none,True,True
160949,1.0,0.0,0.5,none,True,True
160950,1.0,0.0,0.5,none,True,True
160951,1.0,0.0,0.5,none,True,True
160952,1.0,0.0,0.5,none,True,True
160953,1.0,0.0,0.5,none,True,True
160954,1.0,0.0,0.5,none,True,True
160955,1.0,0.0,0.5,none,True,True
160956,1.0,0.0,0.5,none,True,True
160957,1.0,0.0,0.5,none,True,True
160958,1.0,0.0,0.5,none,True,True
160959,1.0,0.0,0.5,none,True,True
160960,1.0,0.0,0.5,none,True,True
160961,1.0,0.0,0.5,none,True,True
160962,1.0,0.0,0.5,none,True,True
160963,1.0,0.0,0.5,none,True,True
160964,1.0,0.0,0.5,none,True,True
160965,1.0,0.0,0.5,none,True,True
160966,1.0,0.0,0.5,none,True,True
160967,1.0,0.0,0.5,none,True,True
160968,1.0,0.0,0.5,none,True,True
160969,1.0,0.0,0.5,none,True,True
160970,1.0,0.0,0.5,none,True,True
160971,1.0,0.0,0.5,none,True,True
160972,1.0,0.0,0.5,none,True,True
160973,1.0,0.0,0.5,none,True,True
160974,1.0,0.0,0.5,none,True,True
160975,1.0,0.0,0.5,none,True,True
160976,1.0,0.0,0.5,none,True,True
160977,1.0,0.0,0.5,none,True,True
160978,1.0,0.0,0.5,none,True,True
160979,1.0,0.0,0.5,none,True,True
160980,1.0,0.0,0.5,none,True,True
160981,1.0,0.0,0.5,none,True,True
160982,1.0,0.0,0.5,none,True,True
160983,1.0,0.0,0.5,none,True,True
160984,1.0,0.0,0.5,none,True,True
160985,1.0,0.0,0.5,none,True,True
160986,1.0,0.0,0.5,none,True,True
160987,1.0,0.0,0.5,none,True,True
160988,1.0,0.0,0.5,none,True,True
160989,1.0,0.0,0.5,none,True,True
160990,1.0,0.0,0.5,none,True,True
160991,1.0,0.0,0.5,none,True,True
160992,1.0,0.0,0.5,none,True,True
160993,1.0,0.0,0.5,none,True,True
160994,1.0,0.0,0.5,none,True,True
160995,1.0,0.0,0.5,none,True,True
160996,1.0,0.0,0.5,none,True,True
160997,1.0,0.0,0.5,none,True,True
160998,1.0,0.0,0.5,none,True,True
160999,1.0,0.0,0.5,none,True,True
161000,1.0,0.0061,0.5,none,True,True
161001,1.0,0.0357,0.5,none,True,True
161002,1.0,0.0812,0.5,none,True,True
161003,1.0,0.1113,0.5,none,True,True
161004,1.0,0.1253,0.5,none,True,True
161005,1.0,0.1408,0.5,none,True,True
161006,1.0,0.0907,0.5,none,True,True
161007,1.0,0.1198,0.5,none,True,True
161008,1.0,0.0467,0.5,none,True,True
161009,1.0,0.0522,0.5,none,True,True
161010,1.0,0.0405,0.5,none,True,True
161011,1.0,0.0313,0.5,none,True,True
161012,1.0,0.0083,0.5,none,True,True
161013,1.0,0.0726,0.5,none,True,True
161014,1.0,0.0793,0.5,none,True,True
161015,1.0,0.0581,0.5,none,True,True
161016,1.0,0.0955,0.5,none,True,True
161017,1.0,0.0839,0.5,none,True,True
161018,1.0,0.0648,0.5,none,True,True
161019,1.0,0.0718,0.5,none,True,True
161020,1.0,0.0589,0.5,none,True,True
161021,1.0,0.0403,0.5,none,True,True
161022,1.0,0.0327,0.5,none,True,True
161023,1.0,0.0277,0.5,none,True,True
161024,1.0,0.017,0.5,none,True,True
161025,1.0,0.0102,0.5,none,True,True
161026,1.0,0.0099,0.5,none,True,True
161027,1.0,0.008,0.5,none,True,True
161028,1.0,0.005,0.5,none,True,True
161029,1.0,0.0063,0.5,none,True,True
161030,1.0,0.009,0.5,none,True,True
161031,1.0,0.0096,0.5,none,True,True
161032,1.0,0.0108,0.5,none,True,True
161033,1.0,0.014,0.5,none,True,True
161034,1.0,0.0161,0.5,none,True,True
161035,1.0,0.0167,0.5,none,True,True
161036,1.0,0.0182,0.5,none,True,True
161037,1.0,0.0196,0.5,none,True,True
161038,1.0,0.0197,0.5,none,True,True
161039,1.0,0.0193,0.5,none,True,True
161040,1.0,0.0193,0.5,none,True,True
161041,1.0,0.0187,0.5,none,True,True
161042,1.0,0.0174,0.5,none,True,True
161043,1.0,0.0163,0.5,none,True,True
161044,1.0,0.0152,0.5,none,True,True
161045,1.0,0.0138,0.5,none,True,True
161046,1.0,0.0123,0.5,none,True,True
161047,1.0,0.0111,0.5,none,True,True
161048,1.0,0.01,0.5,none,True,True
161049,1.0,0.0088,0.5,none,True,True
161050,1.0,0.0078,0.5,none,True,True
161051,1.0,0.0071,0.5,none,True,True
161052,1.0,0.0064,0.5,none,True,True
161053,1.0,0.0057,0.5,none,True,True
161054,1.0,0.0053,0.5,none,True,True
161055,1.0,0.005,0.5,none,True,True
161056,1.0,0.0047,0.5,none,True,True
161057,1.0,0.0045,0.5,none,True,True
161058,1.0,0.0044,0.5,none,True,True
161059,1.0,0.0043,0.5,none,True,True
161060,1.0,0.0042,0.5,none,True,True
161061,1.0,0.0041,0.5,none,True,True
161062,1.0,0.004,0.5,none,True,True
161063,1.0,0.0039,0.5,none,True,True
161064,1.0,0.0038,0.5,none,True,True
161065,1.0,0.0037,0.5,none,True,True
161066,1.0,0.0035,0.5,none,True,True
161067,1.0,0.0033,0.5,none,True,True
161068,1.0,0.0032,0.5,none,True,True
161069,1.0,0.003,0.5,none,True,True
161070,1.0,0.0028,0.5,none,True,True
161071,1.0,0.0026,0.5,none,True,True
161072,1.0,0.0024,0.5,none,True,True
161073,1.0,0.0023,0.5,none,True,True
161074,1.0,0.0021,0.5,none,True,True
161075,1.0,0.0019,0.5,none,True,True
161076,1.0,0.0018,0.5,none,True,True
161077,1.0,0.0017,0.5,none,True,True
161078,1.0,0.0015,0.5,none,True,True
161079,1.0,0.0014,0.5,none,True,True
161080,1.0,0.0013,0.5,none,True,True
161081,1.0,0.0013,0.5,none,True,True
161082,1.0,0.0012,0.5,none,True,True
161083,1.0,0.0011,0.5,none,True,True
161084,1.0,0.0011,0.5,none,True,True
161085,1.0,0.001,0.5,none,True,True
161086,1.0,0.001,0.5,none,True,True
161087,1.0,0.0009,0.5,none,True,True
161088,1.0,0.0009,0.5,none,True,True
161089,1.0,0.0008,0.5,none,True,True
161090,1.0,0.0008,0.5,none,True,True
161091,1.0,0.0008,0.5,none,True,True
161092,1.0,0.0007,0.5,none,True,True
161093,1.0,0.0007,0.5,none,True,True
161094,1.0,0.0006,0.5,none,True,True
161095,1.0,0.0006,0.5,none,True,True
161096,1.0,0.0006,0.5,none,True,True
161097,1.0,0.0005,0.5,none,True,True
161098,1.0,0.0005,0.5,none,True,True
161099,1.0,0.0005,0.5,none,True,True
161100,1.0,0.0004,0.5,none,True,True
161101,1.0,0.0004,0.5,none,True,True
161102,1.0,0.0004,0.5,none,True,True
161103,1.0,0.0004,0.5,none,True,True
161104,1.0,0.0003,0.5,none,True,True
161105,1.0,0.0003,0.5,none,True,True
161106,1.0,0.0003,0.5,none,True,True
161107,1.0,0.0003,0.5,none,True,True
161108,1.0,0.0003,0.5,none,True,True
161109,1.0,0.0003,0.5,none,True,True
161110,1.0,0.0002,0.5,none,True,True
161111,1.0,0.0002,0.5,none,True,True
161112,1.0,0.0002,0.5,none,True,True
161113,1.0,0.0002,0.5,none,True,True
161114,1.0,0.0002,0.5,none,True,True
161115,1.0,0.0002,0.5,none,True,True
161116,1.0,0.0002,0.5,none,True,True
161117,1.0,0.0002,0.5,none,True,True
161118,1.0,0.0002,0.5,none,True,True
161119,1.0,0.0001,0.5,none,True,True
161120,1.0,0.0001,0.5,none,True,True
161121,1.0,0.0001,0.5,none,True,True
161122,1.0,0.0001,0.5,none,True,True
161123,1.0,0.0001,0.5,none,True,True
161124,1.0,0.0001,0.5,none,True,True
161125,1.0,0.0001,0.5,none,True,True
161126,1.0,0.0001,0.5,none,True,True
161127,1.0,0.0001,0.5,none,True,True
161128,1.0,0.0001,0.5,none,True,True
161129,1.0,0.0001,0.5,none,True,True
161130,1.0,0.0001,0.5,none,True,True
161131,1.0,0.0001,0.5,none,True,True
161132,1.0,0.0001,0.5,none,True,True
161133,1.0,0.0001,0.5,none,True,True
161134,1.0,0.0001,0.5,none,True,True
161135,1.0,0.0001,0.5,none,True,True
161136,1.0,0.0001,0.5,none,True,True
161137,1.0,0.0,0.5,none,True,True
161138,1.0,0.0,0.5,none,True,True
161139,1.0,0.0,0.5,none,True,True
161140,1.0,0.0,0.5,none,True,True
161141,1.0,0.0,0.5,none,True,True
161142,1.0,0.0,0.5,none,True,True
161143,1.0,0.0,0.5,none,True,True
161144,1.0,0.0,0.5,none,True,True
161145,1.0,0.0,0.5,none,True,True
161146,1.0,0.0,0.5,none,True,True
161147,1.0,0.0,0.5,none,True,True
161148,1.0,0.0,0.5,none,True,True
161149,1.0,0.0,0.5,none,True,True
161150,1.0,0.0,0.5,none,True,True
161151,1.0,0.0,0.5,none,True,True
161152,1.0,0.0,0.5,none,True,True
161153,1.0,0.0,0.5,none,True,True
161154,1.0,0.0,0.5,none,True,True
161155,1.0,0.0,0.5,none,True,True
161156,1.0,0.0,0.5,none,True,True
161157,1.0,0.0,0.5,none,True,True
161158,1.0,0.0,0.5,none,True,True
161159,1.0,0.0,0.5,none,True,True
161160,1.0,0.0,0.5,none,True,True
161161,1.0,0.0,0.5,none,True,True
161162,1.0,0.0,0.5,none,True,True
161163,1.0,0.0,0.5,none,True,True
161164,1.0,0.0,0.5,none,True,True
161165,1.0,0.0,0.5,none,True,True
161166,1.0,0.0,0.5,none,True,True
161167,1.0,0.0,0.5,none,True,True
161168,1.0,0.0,0.5,none,True,True
161169,1.0,0.0,0.5,none,True,True
161170,1.0,0.0,0.5,none,True,True
161171,1.0,0.0,0.5,none,True,True
161172,1.0,0.0,0.5,none,True,True
161173,1.0,0.0,0.5,none,True,True
161174,1.0,0.0,0.5,none,True,True
161175,1.0,0.0,0.5,none,True,True
161176,1.0,0.0,0.5,none,True,True
161177,1.0,0.0,0.5,none,True,True
161178,1.0,0.0,0.5,none,True,True
161179,1.0,0.0,0.5,none,True,True
161180,1.0,0.0,0.5,none,True,True
161181,1.0,0.0,0.5,none,True,True
161182,1.0,0.0,0.5,none,True,True
161183,1.0,0.0,0.5,none,True,True
161184,1.0,0.0,0.5,none,True,True
161185,1.0,0.0,0.5,none,True,True
161186,1.0,0.0,0.5,none,True,True
161187,1.0,0.0,0.5,none,True,True
161188,1.0,0.0,0.5,none,True,True
161189,1.0,0.0,0.5,none,True,True
161190,1.0,0.0,0.5,none,True,True
161191,1.0,0.0,0.5,none,True,True
161192,1.0,0.0,0.5,none,True,True
161193,1.0,0.0,0.5,none,True,True
161194,1.0,0.0,0.5,none,True,True
161195,1.0,0.0,0.5,none,True,True
161196,1.0,0.0,0.5,none,True,True
161197,1.0,0.0,0.5,none,True,True
161198,1.0,0.0,0.5,none,True,True
161199,1.0,0.0,0.5,none,True,True
161200,1.0,0.0,0.5,none,True,True
161201,1.0,0.0,0.5,none,True,True
161202,1.0,0.0,0.5,none,True,True
161203,1.0,0.0,0.5,none,True,True
161204,1.0,0.0,0.5,none,True,True
161205,1.0,0.0,0.5,none,True,True
161206,1.0,0.0,0.5,none,True,True
161207,1.0,0.0,0.5,none,True,True
161208,1.0,0.0,0.5,none,True,True
161209,1.0,0.0,0.5,none,True,True
161210,1.0,0.0,0.5,none,True,True
161211,1.0,0.0,0.5,none,True,True
161212,1.0,0.0,0.5,none,True,True
161213,1.0,0.0,0.5,none,True,True
161214,1.0,0.0,0.5,none,True,True
161215,1.0,0.0,0.5,none,True,True
161216,1.0,0.0,0.5,none,True,True
161217,1.0,0.0,0.5,none,True,True
161218,1.0,0.0,0.5,none,True,True
161219,1.0,0.0,0.5,none,True,True
161220,1.0,0.0,0.5,none,True,True
161221,1.0,0.0,0.5,none,True,True
161222,1.0,0.0,0.5,none,True,True
161223,1.0,0.0,0.5,none,True,True
161224,1.0,0.0,0.5,none,True,True
161225,1.0,0.0,0.5,none,True,True
161226,1.0,0.0,0.5,none,True,True
161227,1.0,0.0,0.5,none,True,True
161228,1.0,0.0,0.5,none,True,True
161229,1.0,0.0,0.5,none,True,True
161230,1.0,0.0,0.5,none,True,True
161231,1.0,0.0,0.5,none,True,True
161232,1.0,0.0,0.5,none,True,True
161233,1.0,0.0,0.5,none,True,True
161234,1.0,0.0,0.5,none,True,True
161235,1.0,0.0,0.5,none,True,True
161236,1.0,0.0,0.5,none,True,True
161237,1.0,0.0,0.5,none,True,True
161238,1.0,0.0,0.5,none,True,True
161239,1.0,0.0,0.5,none,True,True
161240,1.0,0.0,0.5,none,True,True
161241,1.0,0.0,0.5,none,True,True
161242,1.0,0.0,0.5,none,True,True
161243,1.0,0.0,0.5,none,True,True
161244,1.0,0.0,0.5,none,True,True
161245,1.0,0.0,0.5,none,True,True
161246,1.0,0.0,0.5,none,True,True
161247,1.0,0.0,0.5,none,True,True
161248,1.0,0.0,0.5,none,True,True
161249,1.0,0.0,0.5,none,True,True
161250,1.0,0.0,0.5,none,True,True
161251,1.0,0.0,0.5,none,True,True
161252,1.0,0.0,0.5,none,True,True
161253,1.0,0.0,0.5,none,True,True
161254,1.0,0.0,0.5,none,True,True
161255,1.0,0.0,0.5,none,True,True
161256,1.0,0.0,0.5,none,True,True
161257,1.0,0.0,0.5,none,True,True
161258,1.0,0.0,0.5,none,True,True
161259,1.0,0.0,0.5,none,True,True
161260,1.0,0.0,0.5,none,True,True
161261,1.0,0.0,0.5,none,True,True
161262,1.0,0.0,0.5,none,True,True
161263,1.0,0.0,0.5,none,True,True
161264,1.0,0.0,0.5,none,True,True
161265,1.0,0.0,0.5,none,True,True
161266,1.0,0.0,0.5,none,True,True
161267,1.0,0.0,0.5,none,True,True
161268,1.0,0.0,0.5,none,True,True
161269,1.0,0.0,0.5,none,True,True
161270,1.0,0.0,0.5,none,True,True
161271,1.0,0.0,0.5,none,True,True
161272,1.0,0.0,0.5,none,True,True
161273,1.0,0.0,0.5,none,True,True
161274,1.0,0.0,0.5,none,True,True
161275,1.0,0.0,0.5,none,True,True
161276,1.0,0.0,0.5,none,True,True
161277,1.0,0.0,0.5,none,True,True
161278,1.0,0.0,0.5,none,True,True
161279,1.0,0.0,0.5,none,True,True
161280,1.0,0.0,0.5,none,True,True
161281,1.0,0.0,0.5,none,True,True
161282,1.0,0.0,0.5,none,True,True
161283,1.0,0.0,0.5,none,True,True
161284,1.0,0.0,0.5,none,True,True
161285,1.0,0.0,0.5,none,True,True
161286,1.0,0.0,0.5,none,True,True
161287,1.0,0.0,0.5,none,True,True
161288,1.0,0.0,0.5,none,True,True
161289,1.0,0.0,0.5,none,True,True
161290,1.0,0.0,0.5,none,True,True
161291,1.0,0.0,0.5,none,True,True
161292,1.0,0.0,0.5,none,True,True
161293,1.0,0.0,0.5,none,True,True
161294,1.0,0.0,0.5,none,True,True
161295,1.0,0.0,0.5,none,True,True
161296,1.0,0.0,0.5,none,True,True
161297,1.0,0.0,0.5,none,True,True
161298,1.0,0.0,0.5,none,True,True
161299,1.0,0.0,0.5,none,True,True
161300,1.0,0.0,0.5,none,True,True
161301,1.0,0.0,0.5,none,True,True
161302,1.0,0.0,0.5,none,True,True
161303,1.0,0.0,0.5,none,True,True
161304,1.0,0.0,0.5,none,True,True
161305,1.0,0.0,0.5,none,True,True
161306,1.0,0.0,0.5,none,True,True
161307,1.0,0.0,0.5,none,True,True
161308,1.0,0.0,0.5,none,True,True
161309,1.0,0.0,0.5,none,True,True
161310,1.0,0.0,0.5,none,True,True
161311,1.0,0.0,0.5,none,True,True
161312,1.0,0.0,0.5,none,True,True
161313,1.0,0.0,0.5,none,True,True
161314,1.0,0.0,0.5,none,True,True
161315,1.0,0.0,0.5,none,True,True
161316,1.0,0.0,0.5,none,True,True
161317,1.0,0.0,0.5,none,True,True
161318,1.0,0.0,0.5,none,True,True
161319,1.0,0.0,0.5,none,True,True
161320,1.0,0.0,0.5,none,True,True
161321,1.0,0.0,0.5,none,True,True
161322,1.0,0.0,0.5,none,True,True
161323,1.0,0.0,0.5,none,True,True
161324,1.0,0.0,0.5,none,True,True
161325,1.0,0.0,0.5,none,True,True
161326,1.0,0.0,0.5,none,True,True
161327,1.0,0.0,0.5,none,True,True
161328,1.0,0.0,0.5,none,True,True
161329,1.0,0.0,0.5,none,True,True
161330,1.0,0.0,0.5,none,True,True
161331,1.0,0.0,0.5,none,True,True
161332,1.0,0.0,0.5,none,True,True
161333,1.0,0.0,0.5,none,True,True
161334,1.0,0.0,0.5,none,True,True
161335,1.0,0.0,0.5,none,True,True
161336,1.0,0.0,0.5,none,True,True
161337,1.0,0.0,0.5,none,True,True
161338,1.0,0.0,0.5,none,True,True
161339,1.0,0.0,0.5,none,True,True
161340,1.0,0.0,0.5,none,True,True
161341,1.0,0.0,0.5,none,True,True
161342,1.0,0.0,0.5,none,True,True
161343,1.0,0.0,0.5,none,True,True
161344,1.0,0.0,0.5,none,True,True
161345,1.0,0.0,0.5,none,True,True
161346,1.0,0.0,0.5,none,True,True
161347,1.0,0.0,0.5,none,True,True
161348,1.0,0.0,0.5,none,True,True
161349,1.0,0.0,0.5,none,True,True
161350,1.0,0.0,0.5,none,True,True
161351,1.0,0.0,0.5,none,True,True
161352,1.0,0.0,0.5,none,True,True
161353,1.0,0.0,0.5,none,True,True
161354,1.0,0.0,0.5,none,True,True
161355,1.0,0.0,0.5,none,True,True
161356,1.0,0.0,0.5,none,True,True
161357,1.0,0.0,0.5,none,True,True
161358,1.0,0.0,0.5,none,True,True
161359,1.0,0.0,0.5,none,True,True
161360,1.0,0.0,0.5,none,True,True
161361,1.0,0.0,0.5,none,True,True
161362,1.0,0.0,0.5,none,True,True
161363,1.0,0.0,0.5,none,True,True
161364,1.0,0.0,0.5,none,True,True
161365,1.0,0.0,0.5,none,True,True
161366,1.0,0.0,0.5,none,True,True
161367,1.0,0.0,0.5,none,True,True
161368,1.0,0.0,0.5,none,True,True
161369,1.0,0.0,0.5,none,True,True
161370,1.0,0.0,0.5,none,True,True
161371,1.0,0.0,0.5,none,True,True
161372,1.0,0.0,0.5,none,True,True
161373,1.0,0.0,0.5,none,True,True
161374,1.0,0.0,0.5,none,True,True
161375,1.0,0.0,0.5,none,True,True
161376,1.0,0.0,0.5,none,True,True
161377,1.0,0.0,0.5,none,True,True
161378,1.0,0.0,0.5,none,True,True
161379,1.0,0.0,0.5,none,True,True
161380,1.0,0.0,0.5,none,True,True
161381,1.0,0.0,0.5,none,True,True
161382,1.0,0.0,0.5,none,True,True
161383,1.0,0.0,0.5,none,True,True
161384,1.0,0.0,0.5,none,True,True
161385,1.0,0.0,0.5,none,True,True
161386,1.0,0.0,0.5,none,True,True
161387,1.0,0.0,0.5,none,True,True
161388,1.0,0.0,0.5,none,True,True
161389,1.0,0.0,0.5,none,True,True
161390,1.0,0.0,0.5,none,True,True
161391,1.0,0.0,0.5,none,True,True
161392,1.0,0.0,0.5,none,True,True
161393,1.0,0.0,0.5,none,True,True
161394,1.0,0.0,0.5,none,True,True
161395,1.0,0.0,0.5,none,True,True
161396,1.0,0.0,0.5,none,True,True
161397,1.0,0.0,0.5,none,True,True
161398,1.0,0.0,0.5,none,True,True
161399,1.0,0.0,0.5,none,True,True
161400,1.0,0.0,0.5,none,True,True
161401,1.0,0.0,0.5,none,True,True
161402,1.0,0.0,0.5,none,True,True
161403,1.0,0.0,0.5,none,True,True
161404,1.0,0.0,0.5,none,True,True
161405,1.0,0.0,0.5,none,True,True
161406,1.0,0.0,0.5,none,True,True
161407,1.0,0.0,0.5,none,True,True
161408,1.0,0.0,0.5,none,True,True
161409,1.0,0.0,0.5,none,True,True
161410,1.0,0.0,0.5,none,True,True
161411,1.0,0.0,0.5,none,True,True
161412,1.0,0.0,0.5,none,True,True
161413,1.0,0.0,0.5,none,True,True
161414,1.0,0.0,0.5,none,True,True
161415,1.0,0.0,0.5,none,True,True
161416,1.0,0.0,0.5,none,True,True
161417,1.0,0.0,0.5,none,True,True
161418,1.0,0.0,0.5,none,True,True
161419,1.0,0.0,0.5,none,True,True
161420,1.0,0.0,0.5,none,True,True
161421,1.0,0.0,0.5,none,True,True
161422,1.0,0.0,0.5,none,True,True
161423,1.0,0.0,0.5,none,True,True
161424,1.0,0.0,0.5,none,True,True
161425,1.0,0.0,0.5,none,True,True
161426,1.0,0.0,0.5,none,True,True
161427,1.0,0.0,0.5,none,True,True
161428,1.0,0.0,0.5,none,True,True
161429,1.0,0.0,0.5,none,True,True
161430,1.0,0.0,0.5,none,True,True
161431,1.0,0.0,0.5,none,True,True
161432,1.0,0.0,0.5,none,True,True
161433,1.0,0.0,0.5,none,True,True
161434,1.0,0.0,0.5,none,True,True
161435,1.0,0.0,0.5,none,True,True
161436,1.0,0.0,0.5,none,True,True
161437,1.0,0.0,0.5,none,True,True
161438,1.0,0.0,0.5,none,True,True
161439,1.0,0.0,0.5,none,True,True
161440,1.0,0.0,0.5,none,True,True
161441,1.0,0.0,0.5,none,True,True
161442,1.0,0.0,0.5,none,True,True
161443,1.0,0.0,0.5,none,True,True
161444,1.0,0.0,0.5,none,True,True
161445,1.0,0.0,0.5,none,True,True
161446,1.0,0.0,0.5,none,True,True
161447,1.0,0.0,0.5,none,True,True
161448,1.0,0.0,0.5,none,True,True
161449,1.0,0.0,0.5,none,True,True
161450,1.0,0.0,0.5,none,True,True
161451,1.0,0.0,0.5,none,True,True
161452,1.0,0.0,0.5,none,True,True
161453,1.0,0.0,0.5,none,True,True
161454,1.0,0.0,0.5,none,True,True
161455,1.0,0.0,0.5,none,True,True
161456,1.0,0.0,0.5,none,True,True
161457,1.0,0.0,0.5,none,True,True
161458,1.0,0.0,0.5,none,True,True
161459,1.0,0.0,0.5,none,True,True
161460,1.0,0.0,0.5,none,True,True
161461,1.0,0.0,0.5,none,True,True
161462,1.0,0.0,0.5,none,True,True
161463,1.0,0.0,0.5,none,True,True
161464,1.0,0.0,0.5,none,True,True
161465,1.0,0.0,0.5,none,True,True
161466,1.0,0.0,0.5,none,True,True
161467,1.0,0.0,0.5,none,True,True
161468,1.0,0.0,0.5,none,True,True
161469,1.0,0.0,0.5,none,True,True
161470,1.0,0.0,0.5,none,True,True
161471,1.0,0.0,0.5,none,True,True
161472,1.0,0.0,0.5,none,True,True
161473,1.0,0.0,0.5,none,True,True
161474,1.0,0.0,0.5,none,True,True
161475,1.0,0.0,0.5,none,True,True
161476,1.0,0.0,0.5,none,True,True
161477,1.0,0.0,0.5,none,True,True
161478,1.0,0.0,0.5,none,True,True
161479,1.0,0.0,0.5,none,True,True
161480,1.0,0.0,0.5,none,True,True
161481,1.0,0.0,0.5,none,True,True
161482,1.0,0.0,0.5,none,True,True
161483,1.0,0.0,0.5,none,True,True
161484,1.0,0.0,0.5,none,True,True
161485,1.0,0.0,0.5,none,True,True
161486,1.0,0.0,0.5,none,True,True
161487,1.0,0.0,0.5,none,True,True
161488,1.0,0.0,0.5,none,True,True
161489,1.0,0.0,0.5,none,True,True
161490,1.0,0.0,0.5,none,True,True
161491,1.0,0.0,0.5,none,True,True
161492,1.0,0.0,0.5,none,True,True
161493,1.0,0.0,0.5,none,True,True
161494,1.0,0.0,0.5,none,True,True
161495,1.0,0.0,0.5,none,True,True
161496,1.0,0.0,0.5,none,True,True
161497,1.0,0.0,0.5,none,True,True
161498,1.0,0.0,0.5,none,True,True
161499,1.0,0.0,0.5,none,True,True
161500,1.0,0.0,0.5,none,True,True
161501,1.0,0.0,0.5,none,True,True
161502,1.0,0.0,0.5,none,True,True
161503,1.0,0.0,0.5,none,True,True
161504,1.0,0.0,0.5,none,True,True
161505,1.0,0.0,0.5,none,True,True
161506,1.0,0.0,0.5,none,True,True
161507,1.0,0.0,0.5,none,True,True
161508,1.0,0.0,0.5,none,True,True
161509,1.0,0.0,0.5,none,True,True
161510,1.0,0.0,0.5,none,True,True
161511,1.0,0.0,0.5,none,True,True
161512,1.0,0.0,0.5,none,True,True
161513,1.0,0.0,0.5,none,True,True
161514,1.0,0.0,0.5,none,True,True
161515,1.0,0.0,0.5,none,True,True
161516,1.0,0.0,0.5,none,True,True
161517,1.0,0.0,0.5,none,True,True
161518,1.0,0.0,0.5,none,True,True
161519,1.0,0.0,0.5,none,True,True
161520,1.0,0.0,0.5,none,True,True
161521,1.0,0.0,0.5,none,True,True
161522,1.0,0.0,0.5,none,True,True
161523,1.0,0.0,0.5,none,True,True
161524,1.0,0.0,0.5,none,True,True
161525,1.0,0.0,0.5,none,True,True
161526,1.0,0.0,0.5,none,True,True
161527,1.0,0.0,0.5,none,True,True
161528,1.0,0.0,0.5,none,True,True
161529,1.0,0.0,0.5,none,True,True
161530,1.0,0.0,0.5,none,True,True
161531,1.0,0.0,0.5,none,True,True
161532,1.0,0.0,0.5,none,True,True
161533,1.0,0.0,0.5,none,True,True
161534,1.0,0.0,0.5,none,True,True
161535,1.0,0.0,0.5,none,True,True
161536,1.0,0.0,0.5,none,True,True
161537,1.0,0.0,0.5,none,True,True
161538,1.0,0.0,0.5,none,True,True
161539,1.0,0.0,0.5,none,True,True
161540,1.0,0.0,0.5,none,True,True
161541,1.0,0.0,0.5,none,True,True
161542,1.0,0.0,0.5,none,True,True
161543,1.0,0.0,0.5,none,True,True
161544,1.0,0.0,0.5,none,True,True
161545,1.0,0.0,0.5,none,True,True
161546,1.0,0.0,0.5,none,True,True
161547,1.0,0.0,0.5,none,True,True
161548,1.0,0.0,0.5,none,True,True
161549,1.0,0.0,0.5,none,True,True
161550,1.0,0.0,0.5,none,True,True
161551,1.0,0.0,0.5,none,True,True
161552,1.0,0.0,0.5,none,True,True
161553,1.0,0.0,0.5,none,True,True
161554,1.0,0.0,0.5,none,True,True
161555,1.0,0.0,0.5,none,True,True
161556,1.0,0.0,0.5,none,True,True
161557,1.0,0.0,0.5,none,True,True
161558,1.0,0.0,0.5,none,True,True
161559,1.0,0.0,0.5,none,True,True
161560,1.0,0.0,0.5,none,True,True
161561,1.0,0.0,0.5,none,True,True
161562,1.0,0.0,0.5,none,True,True
161563,1.0,0.0,0.5,none,True,True
161564,1.0,0.0,0.5,none,True,True
161565,1.0,0.0,0.5,none,True,True
161566,1.0,0.0,0.5,none,True,True
161567,1.0,0.0,0.5,none,True,True
161568,1.0,0.0,0.5,none,True,True
161569,1.0,0.0,0.5,none,True,True
161570,1.0,0.0,0.5,none,True,True
161571,1.0,0.0,0.5,none,True,True
161572,1.0,0.0,0.5,none,True,True
161573,1.0,0.0,0.5,none,True,True
161574,1.0,0.0,0.5,none,True,True
161575,1.0,0.0,0.5,none,True,True
161576,1.0,0.0,0.5,none,True,True
161577,1.0,0.0,0.5,none,True,True
161578,1.0,0.0,0.5,none,True,True
161579,1.0,0.0,0.5,none,True,True
161580,1.0,0.0,0.5,none,True,True
161581,1.0,0.0,0.5,none,True,True
161582,1.0,0.0,0.5,none,True,True
161583,1.0,0.0,0.5,none,True,True
161584,1.0,0.0,0.5,none,True,True
161585,1.0,0.0,0.5,none,True,True
161586,1.0,0.0,0.5,none,True,True
161587,1.0,0.0,0.5,none,True,True
161588,1.0,0.0,0.5,none,True,True
161589,1.0,0.0,0.5,none,True,True
161590,1.0,0.0,0.5,none,True,True
161591,1.0,0.0,0.5,none,True,True
161592,1.0,0.0,0.5,none,True,True
161593,1.0,0.0,0.5,none,True,True
161594,1.0,0.0,0.5,none,True,True
161595,1.0,0.0,0.5,none,True,True
161596,1.0,0.0,0.5,none,True,True
161597,1.0,0.0,0.5,none,True,True
161598,1.0,0.0,0.5,none,True,True
161599,1.0,0.0,0.5,none,True,True
161600,1.0,0.0,0.5,none,True,True
161601,1.0,0.0,0.5,none,True,True
161602,1.0,0.0,0.5,none,True,True
161603,1.0,0.0,0.5,none,True,True
161604,1.0,0.0,0.5,none,True,True
161605,1.0,0.0,0.5,none,True,True
161606,1.0,0.0,0.5,none,True,True
161607,1.0,0.0,0.5,none,True,True
161608,1.0,0.0,0.5,none,True,True
161609,1.0,0.0,0.5,none,True,True
161610,1.0,0.0,0.5,none,True,True
161611,1.0,0.0,0.5,none,True,True
161612,1.0,0.0,0.5,none,True,True
161613,1.0,0.0,0.5,none,True,True
161614,1.0,0.0,0.5,none,True,True
161615,1.0,0.0,0.5,none,True,True
161616,1.0,0.0,0.5,none,True,True
161617,1.0,0.0,0.5,none,True,True
161618,1.0,0.0,0.5,none,True,True
161619,1.0,0.0,0.5,none,True,True
161620,1.0,0.0,0.5,none,True,True
161621,1.0,0.0,0.5,none,True,True
161622,1.0,0.0,0.5,none,True,True
161623,1.0,0.0,0.5,none,True,True
161624,1.0,0.0,0.5,none,True,True
161625,1.0,0.0,0.5,none,True,True
161626,1.0,0.0,0.5,none,True,True
161627,1.0,0.0,0.5,none,True,True
161628,1.0,0.0,0.5,none,True,True
161629,1.0,0.0,0.5,none,True,True
161630,1.0,0.0,0.5,none,True,True
161631,1.0,0.0,0.5,none,True,True
161632,1.0,0.0,0.5,none,True,True
161633,1.0,0.0,0.5,none,True,True
161634,1.0,0.0,0.5,none,True,True
161635,1.0,0.0,0.5,none,True,True
161636,1.0,0.0,0.5,none,True,True
161637,1.0,0.0,0.5,none,True,True
161638,1.0,0.0,0.5,none,True,True
161639,1.0,0.0,0.5,none,True,True
161640,1.0,0.0,0.5,none,True,True
161641,1.0,0.0,0.5,none,True,True
161642,1.0,0.0,0.5,none,True,True
161643,1.0,0.0,0.5,none,True,True
161644,1.0,0.0,0.5,none,True,True
161645,1.0,0.0,0.5,none,True,True
161646,1.0,0.0,0.5,none,True,True
161647,1.0,0.0,0.5,none,True,True
161648,1.0,0.0,0.5,none,True,True
161649,1.0,0.0,0.5,none,True,True
161650,1.0,0.0,0.5,none,True,True
161651,1.0,0.0,0.5,none,True,True
161652,1.0,0.0,0.5,none,True,True
161653,1.0,0.0,0.5,none,True,True
161654,1.0,0.0,0.5,none,True,True
161655,1.0,0.0,0.5,none,True,True
161656,1.0,0.0,0.5,none,True,True
161657,1.0,0.0,0.5,none,True,True
161658,1.0,0.0,0.5,none,True,True
161659,1.0,0.0,0.5,none,True,True
161660,1.0,0.0,0.5,none,True,True
161661,1.0,0.0,0.5,none,True,True
161662,1.0,0.0,0.5,none,True,True
161663,1.0,0.0,0.5,none,True,True
161664,1.0,0.0,0.5,none,True,True
161665,1.0,0.0,0.5,none,True,True
161666,1.0,0.0,0.5,none,True,True
161667,1.0,0.0,0.5,none,True,True
161668,1.0,0.0,0.5,none,True,True
161669,1.0,0.0,0.5,none,True,True
161670,1.0,0.0,0.5,none,True,True
161671,1.0,0.0,0.5,none,True,True
161672,1.0,0.0,0.5,none,True,True
161673,1.0,0.0,0.5,none,True,True
161674,1.0,0.0,0.5,none,True,True
161675,1.0,0.0,0.5,none,True,True
161676,1.0,0.0,0.5,none,True,True
161677,1.0,0.0,0.5,none,True,True
161678,1.0,0.0,0.5,none,True,True
161679,1.0,0.0,0.5,none,True,True
161680,1.0,0.0,0.5,none,True,True
161681,1.0,0.0,0.5,none,True,True
161682,1.0,0.0,0.5,none,True,True
161683,1.0,0.0,0.5,none,True,True
161684,1.0,0.0,0.5,none,True,True
161685,1.0,0.0,0.5,none,True,True
161686,1.0,0.0,0.5,none,True,True
161687,1.0,0.0,0.5,none,True,True
161688,1.0,0.0,0.5,none,True,True
161689,1.0,0.0,0.5,none,True,True
161690,1.0,0.0,0.5,none,True,True
161691,1.0,0.0,0.5,none,True,True
161692,1.0,0.0,0.5,none,True,True
161693,1.0,0.0,0.5,none,True,True
161694,1.0,0.0,0.5,none,True,True
161695,1.0,0.0,0.5,none,True,True
161696,1.0,0.0,0.5,none,True,True
161697,1.0,0.0,0.5,none,True,True
161698,1.0,0.0,0.5,none,True,True
161699,1.0,0.0,0.5,none,True,True
161700,1.0,0.0061,0.5,none,True,True
161701,1.0,0.0357,0.5,none,True,True
161702,1.0,0.0812,0.5,none,True,True
161703,1.0,0.1113,0.5,none,True,True
161704,1.0,0.1253,0.5,none,True,True
161705,1.0,0.1408,0.5,none,True,True
161706,1.0,0.0907,0.5,none,True,True
161707,1.0,0.1198,0.5,none,True,True
161708,1.0,0.0467,0.5,none,True,True
161709,1.0,0.0522,0.5,none,True,True
161710,1.0,0.0405,0.5,none,True,True
161711,1.0,0.0313,0.5,none,True,True
161712,1.0,0.0083,0.5,none,True,True
161713,1.0,0.0726,0.5,none,True,True
161714,1.0,0.0793,0.5,none,True,True
161715,1.0,0.0581,0.5,none,True,True
161716,1.0,0.0955,0.5,none,True,True
161717,1.0,0.0839,0.5,none,True,True
161718,1.0,0.0648,0.5,none,True,True
161719,1.0,0.0718,0.5,none,True,True
161720,1.0,0.0589,0.5,none,True,True
161721,1.0,0.0403,0.5,none,True,True
161722,1.0,0.0327,0.5,none,True,True
161723,1.0,0.0277,0.5,none,True,True
161724,1.0,0.017,0.5,none,True,True
161725,1.0,0.0102,0.5,none,True,True
161726,1.0,0.0099,0.5,none,True,True
161727,1.0,0.008,0.5,none,True,True
161728,1.0,0.005,0.5,none,True,True
161729,1.0,0.0063,0.5,none,True,True
161730,1.0,0.009,0.5,none,True,True
161731,1.0,0.0096,0.5,none,True,True
161732,1.0,0.0108,0.5,none,True,True
161733,1.0,0.014,0.5,none,True,True
161734,1.0,0.0161,0.5,none,True,True
161735,1.0,0.0167,0.5,none,True,True
161736,1.0,0.0182,0.5,none,True,True
161737,1.0,0.0196,0.5,none,True,True
161738,1.0,0.0197,0.5,none,True,True
161739,1.0,0.0193,0.5,none,True,True
161740,1.0,0.0193,0.5,none,True,True
161741,1.0,0.0187,0.5,none,True,True
161742,1.0,0.0174,0.5,none,True,True
161743,1.0,0.0163,0.5,none,True,True
161744,1.0,0.0152,0.5,none,True,True
161745,1.0,0.0138,0.5,none,True,True
161746,1.0,0.0123,0.5,none,True,True
161747,1.0,0.0111,0.5,none,True,True
161748,1.0,0.01,0.5,none,True,True
161749,1.0,0.0088,0.5,none,True,True
161750,1.0,0.0078,0.5,none,True,True
161751,1.0,0.0071,0.5,none,True,True
161752,1.0,0.0064,0.5,none,True,True
161753,1.0,0.0057,0.5,none,True,True
161754,1.0,0.0053,0.5,none,True,True
161755,1.0,0.005,0.5,none,True,True
161756,1.0,0.0047,0.5,none,True,True
161757,1.0,0.0045,0.5,none,True,True
161758,1.0,0.0044,0.5,none,True,True
161759,1.0,0.0043,0.5,none,True,True
161760,1.0,0.0042,0.5,none,True,True
161761,1.0,0.0041,0.5,none,True,True
161762,1.0,0.004,0.5,none,True,True
161763,1.0,0.0039,0.5,none,True,True
161764,1.0,0.0038,0.5,none,True,True
161765,1.0,0.0037,0.5,none,True,True
161766,1.0,0.0035,0.5,none,True,True
161767,1.0,0.0033,0.5,none,True,True
161768,1.0,0.0032,0.5,none,True,True
161769,1.0,0.003,0.5,none,True,True
161770,1.0,0.0028,0.5,none,True,True
161771,1.0,0.0026,0.5,none,True,True
161772,1.0,0.0024,0.5,none,True,True
161773,1.0,0.0023,0.5,none,True,True
161774,1.0,0.0021,0.5,none,True,True
161775,1.0,0.0019,0.5,none,True,True
161776,1.0,0.0018,0.5,none,True,True
161777,1.0,0.0017,0.5,none,True,True
161778,1.0,0.0015,0.5,none,True,True
161779,1.0,0.0014,0.5,none,True,True
161780,1.0,0.0013,0.5,none,True,True
161781,1.0,0.0013,0.5,none,True,True
161782,1.0,0.0012,0.5,none,True,True
161783,1.0,0.0011,0.5,none,True,True
161784,1.0,0.0011,0.5,none,True,True
161785,1.0,0.001,0.5,none,True,True
161786,1.0,0.001,0.5,none,True,True
161787,1.0,0.0009,0.5,none,True,True
161788,1.0,0.0009,0.5,none,True,True
161789,1.0,0.0008,0.5,none,True,True
161790,1.0,0.0008,0.5,none,True,True
161791,1.0,0.0008,0.5,none,True,True
161792,1.0,0.0007,0.5,none,True,True
161793,1.0,0.0007,0.5,none,True,True
161794,1.0,0.0006,0.5,none,True,True
161795,1.0,0.0006,0.5,none,True,True
161796,1.0,0.0006,0.5,none,True,True
161797,1.0,0.0005,0.5,none,True,True
161798,1.0,0.0005,0.5,none,True,True
161799,1.0,0.0005,0.5,none,True,True
161800,1.0,0.0004,0.5,none,True,True
161801,1.0,0.0004,0.5,none,True,True
161802,1.0,0.0004,0.5,none,True,True
161803,1.0,0.0004,0.5,none,True,True
161804,1.0,0.0003,0.5,none,True,True
161805,1.0,0.0003,0.5,none,True,True
161806,1.0,0.0003,0.5,none,True,True
161807,1.0,0.0003,0.5,none,True,True
161808,1.0,0.0003,0.5,none,True,True
161809,1.0,0.0003,0.5,none,True,True
161810,1.0,0.0002,0.5,none,True,True
161811,1.0,0.0002,0.5,none,True,True
161812,1.0,0.0002,0.5,none,True,True
161813,1.0,0.0002,0.5,none,True,True
161814,1.0,0.0002,0.5,none,True,True
161815,1.0,0.0002,0.5,none,True,True
161816,1.0,0.0002,0.5,none,True,True
161817,1.0,0.0002,0.5,none,True,True
161818,1.0,0.0002,0.5,none,True,True
161819,1.0,0.0001,0.5,none,True,True
161820,1.0,0.0001,0.5,none,True,True
161821,1.0,0.0001,0.5,none,True,True
161822,1.0,0.0001,0.5,none,True,True
161823,1.0,0.0001,0.5,none,True,True
161824,1.0,0.0001,0.5,none,True,True
161825,1.0,0.0001,0.5,none,True,True
161826,1.0,0.0001,0.5,none,True,True
161827,1.0,0.0001,0.5,none,True,True
161828,1.0,0.0001,0.5,none,True,True
161829,1.0,0.0001,0.5,none,True,True
161830,1.0,0.0001,0.5,none,True,True
161831,1.0,0.0001,0.5,none,True,True
161832,1.0,0.0001,0.5,none,True,True
161833,1.0,0.0001,0.5,none,True,True
161834,1.0,0.0001,0.5,none,True,True
161835,1.0,0.0001,0.5,none,True,True
161836,1.0,0.0001,0.5,none,True,True
161837,1.0,0.0,0.5,none,True,True
161838,1.0,0.0,0.5,none,True,True
161839,1.0,0.0,0.5,none,True,True
161840,1.0,0.0,0.5,none,True,True
161841,1.0,0.0,0.5,none,True,True
161842,1.0,0.0,0.5,none,True,True
161843,1.0,0.0,0.5,none,True,True
161844,1.0,0.0,0.5,none,True,True
161845,1.0,0.0,0.5,none,True,True
161846,1.0,0.0,0.5,none,True,True
161847,1.0,0.0,0.5,none,True,True
161848,1.0,0.0,0.5,none,True,True
161849,1.0,0.0,0.5,none,True,True
161850,1.0,0.0,0.5,none,True,True
161851,1.0,0.0,0.5,none,True,True
161852,1.0,0.0,0.5,none,True,True
161853,1.0,0.0,0.5,none,True,True
161854,1.0,0.0,0.5,none,True,True
161855,1.0,0.0,0.5,none,True,True
161856,1.0,0.0,0.5,none,True,True
161857,1.0,0.0,0.5,none,True,True
161858,1.0,0.0,0.5,none,True,True
161859,1.0,0.0,0.5,none,True,True
161860,1.0,0.0,0.5,none,True,True
161861,1.0,0.0,0.5,none,True,True
161862,1.0,0.0,0.5,none,True,True
161863,1.0,0.0,0.5,none,True,True
161864,1.0,0.0,0.5,none,True,True
161865,1.0,0.0,0.5,none,True,True
161866,1.0,0.0,0.5,none,True,True
161867,1.0,0.0,0.5,none,True,True
161868,1.0,0.0,0.5,none,True,True
161869,1.0,0.0,0.5,none,True,True
161870,1.0,0.0,0.5,none,True,True
161871,1.0,0.0,0.5,none,True,True
161872,1.0,0.0,0.5,none,True,True
161873,1.0,0.0,0.5,none,True,True
161874,1.0,0.0,0.5,none,True,True
161875,1.0,0.0,0.5,none,True,True
161876,1.0,0.0,0.5,none,True,True
161877,1.0,0.0,0.5,none,True,True
161878,1.0,0.0,0.5,none,True,True
161879,1.0,0.0,0.5,none,True,True
161880,1.0,0.0,0.5,none,True,True
161881,1.0,0.0,0.5,none,True,True
161882,1.0,0.0,0.5,none,True,True
161883,1.0,0.0,0.5,none,True,True
161884,1.0,0.0,0.5,none,True,True
161885,1.0,0.0,0.5,none,True,True
161886,1.0,0.0,0.5,none,True,True
161887,1.0,0.0,0.5,none,True,True
161888,1.0,0.0,0.5,none,True,True
161889,1.0,0.0,0.5,none,True,True
161890,1.0,0.0,0.5,none,True,True
161891,1.0,0.0,0.5,none,True,True
161892,1.0,0.0,0.5,none,True,True
161893,1.0,0.0,0.5,none,True,True
161894,1.0,0.0,0.5,none,True,True
161895,1.0,0.0,0.5,none,True,True
161896,1.0,0.0,0.5,none,True,True
161897,1.0,0.0,0.5,none,True,True
161898,1.0,0.0,0.5,none,True,True
161899,1.0,0.0,0.5,none,True,True
161900,1.0,0.0,0.5,none,True,True
161901,1.0,0.0,0.5,none,True,True
161902,1.0,0.0,0.5,none,True,True
161903,1.0,0.0,0.5,none,True,True
161904,1.0,0.0,0.5,none,True,True
161905,1.0,0.0,0.5,none,True,True
161906,1.0,0.0,0.5,none,True,True
161907,1.0,0.0,0.5,none,True,True
161908,1.0,0.0,0.5,none,True,True
161909,1.0,0.0,0.5,none,True,True
161910,1.0,0.0,0.5,none,True,True
161911,1.0,0.0,0.5,none,True,True
161912,1.0,0.0,0.5,none,True,True
161913,1.0,0.0,0.5,none,True,True
161914,1.0,0.0,0.5,none,True,True
161915,1.0,0.0,0.5,none,True,True
161916,1.0,0.0,0.5,none,True,True
161917,1.0,0.0,0.5,none,True,True
161918,1.0,0.0,0.5,none,True,True
161919,1.0,0.0,0.5,none,True,True
161920,1.0,0.0,0.5,none,True,True
161921,1.0,0.0,0.5,none,True,True
161922,1.0,0.0,0.5,none,True,True
161923,1.0,0.0,0.5,none,True,True
161924,1.0,0.0,0.5,none,True,True
161925,1.0,0.0,0.5,none,True,True
161926,1.0,0.0,0.5,none,True,True
161927,1.0,0.0,0.5,none,True,True
161928,1.0,0.0,0.5,none,True,True
161929,1.0,0.0,0.5,none,True,True
161930,1.0,0.0,0.5,none,True,True
161931,1.0,0.0,0.5,none,True,True
161932,1.0,0.0,0.5,none,True,True
161933,1.0,0.0,0.5,none,True,True
161934,1.0,0.0,0.5,none,True,True
161935,1.0,0.0,0.5,none,True,True
161936,1.0,0.0,0.5,none,True,True
161937,1.0,0.0,0.5,none,True,True
161938,1.0,0.0,0.5,none,True,True
161939,1.0,0.0,0.5,none,True,True
161940,1.0,0.0,0.5,none,True,True
161941,1.0,0.0,0.5,none,True,True
161942,1.0,0.0,0.5,none,True,True
161943,1.0,0.0,0.5,none,True,True
161944,1.0,0.0,0.5,none,True,True
161945,1.0,0.0,0.5,none,True,True
161946,1.0,0.0,0.5,none,True,True
161947,1.0,0.0,0.5,none,True,True
161948,1.0,0.0,0.5,none,True,True
161949,1.0,0.0,0.5,none,True,True
161950,1.0,0.0,0.5,none,True,True
161951,1.0,0.0,0.5,none,True,True
161952,1.0,0.0,0.5,none,True,True
161953,1.0,0.0,0.5,none,True,True
161954,1.0,0.0,0.5,none,True,True
161955,1.0,0.0,0.5,none,True,True
161956,1.0,0.0,0.5,none,True,True
161957,1.0,0.0,0.5,none,True,True
161958,1.0,0.0,0.5,none,True,True
161959,1.0,0.0,0.5,none,True,True
161960,1.0,0.0,0.5,none,True,True
161961,1.0,0.0,0.5,none,True,True
161962,1.0,0.0,0.5,none,True,True
161963,1.0,0.0,0.5,none,True,True
161964,1.0,0.0,0.5,none,True,True
161965,1.0,0.0,0.5,none,True,True
161966,1.0,0.0,0.5,none,True,True
161967,1.0,0.0,0.5,none,True,True
161968,1.0,0.0,0.5,none,True,True
161969,1.0,0.0,0.5,none,True,True
161970,1.0,0.0,0.5,none,True,True
161971,1.0,0.0,0.5,none,True,True
161972,1.0,0.0,0.5,none,True,True
161973,1.0,0.0,0.5,none,True,True
161974,1.0,0.0,0.5,none,True,True
161975,1.0,0.0,0.5,none,True,True
161976,1.0,0.0,0.5,none,True,True
161977,1.0,0.0,0.5,none,True,True
161978,1.0,0.0,0.5,none,True,True
161979,1.0,0.0,0.5,none,True,True
161980,1.0,0.0,0.5,none,True,True
161981,1.0,0.0,0.5,none,True,True
161982,1.0,0.0,0.5,none,True,True
161983,1.0,0.0,0.5,none,True,True
161984,1.0,0.0,0.5,none,True,True
161985,1.0,0.0,0.5,none,True,True
161986,1.0,0.0,0.5,none,True,True
161987,1.0,0.0,0.5,none,True,True
161988,1.0,0.0,0.5,none,True,True
161989,1.0,0.0,0.5,none,True,True
161990,1.0,0.0,0.5,none,True,True
161991,1.0,0.0,0.5,none,True,True
161992,1.0,0.0,0.5,none,True,True
161993,1.0,0.0,0.5,none,True,True
161994,1.0,0.0,0.5,none,True,True
161995,1.0,0.0,0.5,none,True,True
161996,1.0,0.0,0.5,none,True,True
161997,1.0,0.0,0.5,none,True,True
161998,1.0,0.0,0.5,none,True,True
161999,1.0,0.0,0.5,none,True,True
162000,1.0,0.0,0.5,none,True,True
162001,1.0,0.0,0.5,none,True,True
162002,1.0,0.0,0.5,none,True,True
162003,1.0,0.0,0.5,none,True,True
162004,1.0,0.0,0.5,none,True,True
162005,1.0,0.0,0.5,none,True,True
162006,1.0,0.0,0.5,none,True,True
162007,1.0,0.0,0.5,none,True,True
162008,1.0,0.0,0.5,none,True,True
162009,1.0,0.0,0.5,none,True,True
162010,1.0,0.0,0.5,none,True,True
162011,1.0,0.0,0.5,none,True,True
162012,1.0,0.0,0.5,none,True,True
162013,1.0,0.0,0.5,none,True,True
162014,1.0,0.0,0.5,none,True,True
162015,1.0,0.0,0.5,none,True,True
162016,1.0,0.0,0.5,none,True,True
162017,1.0,0.0,0.5,none,True,True
162018,1.0,0.0,0.5,none,True,True
162019,1.0,0.0,0.5,none,True,True
162020,1.0,0.0,0.5,none,True,True
162021,1.0,0.0,0.5,none,True,True
162022,1.0,0.0,0.5,none,True,True
162023,1.0,0.0,0.5,none,True,True
162024,1.0,0.0,0.5,none,True,True
162025,1.0,0.0,0.5,none,True,True
162026,1.0,0.0,0.5,none,True,True
162027,1.0,0.0,0.5,none,True,True
162028,1.0,0.0,0.5,none,True,True
162029,1.0,0.0,0.5,none,True,True
162030,1.0,0.0,0.5,none,True,True
162031,1.0,0.0,0.5,none,True,True
162032,1.0,0.0,0.5,none,True,True
162033,1.0,0.0,0.5,none,True,True
162034,1.0,0.0,0.5,none,True,True
162035,1.0,0.0,0.5,none,True,True
162036,1.0,0.0,0.5,none,True,True
162037,1.0,0.0,0.5,none,True,True
162038,1.0,0.0,0.5,none,True,True
162039,1.0,0.0,0.5,none,True,True
162040,1.0,0.0,0.5,none,True,True
162041,1.0,0.0,0.5,none,True,True
162042,1.0,0.0,0.5,none,True,True
162043,1.0,0.0,0.5,none,True,True
162044,1.0,0.0,0.5,none,True,True
162045,1.0,0.0,0.5,none,True,True
162046,1.0,0.0,0.5,none,True,True
162047,1.0,0.0,0.5,none,True,True
162048,1.0,0.0,0.5,none,True,True
162049,1.0,0.0,0.5,none,True,True
162050,1.0,0.0,0.5,none,True,True
162051,1.0,0.0,0.5,none,True,True
162052,1.0,0.0,0.5,none,True,True
162053,1.0,0.0,0.5,none,True,True
162054,1.0,0.0,0.5,none,True,True
162055,1.0,0.0,0.5,none,True,True
162056,1.0,0.0,0.5,none,True,True
162057,1.0,0.0,0.5,none,True,True
162058,1.0,0.0,0.5,none,True,True
162059,1.0,0.0,0.5,none,True,True
162060,1.0,0.0,0.5,none,True,True
162061,1.0,0.0,0.5,none,True,True
162062,1.0,0.0,0.5,none,True,True
162063,1.0,0.0,0.5,none,True,True
162064,1.0,0.0,0.5,none,True,True
162065,1.0,0.0,0.5,none,True,True
162066,1.0,0.0,0.5,none,True,True
162067,1.0,0.0,0.5,none,True,True
162068,1.0,0.0,0.5,none,True,True
162069,1.0,0.0,0.5,none,True,True
162070,1.0,0.0,0.5,none,True,True
162071,1.0,0.0,0.5,none,True,True
162072,1.0,0.0,0.5,none,True,True
162073,1.0,0.0,0.5,none,True,True
162074,1.0,0.0,0.5,none,True,True
162075,1.0,0.0,0.5,none,True,True
162076,1.0,0.0,0.5,none,True,True
162077,1.0,0.0,0.5,none,True,True
162078,1.0,0.0,0.5,none,True,True
162079,1.0,0.0,0.5,none,True,True
162080,1.0,0.0,0.5,none,True,True
162081,1.0,0.0,0.5,none,True,True
162082,1.0,0.0,0.5,none,True,True
162083,1.0,0.0,0.5,none,True,True
162084,1.0,0.0,0.5,none,True,True
162085,1.0,0.0,0.5,none,True,True
162086,1.0,0.0,0.5,none,True,True
162087,1.0,0.0,0.5,none,True,True
162088,1.0,0.0,0.5,none,True,True
162089,1.0,0.0,0.5,none,True,True
162090,1.0,0.0,0.5,none,True,True
162091,1.0,0.0,0.5,none,True,True
162092,1.0,0.0,0.5,none,True,True
162093,1.0,0.0,0.5,none,True,True
162094,1.0,0.0,0.5,none,True,True
162095,1.0,0.0,0.5,none,True,True
162096,1.0,0.0,0.5,none,True,True
162097,1.0,0.0,0.5,none,True,True
162098,1.0,0.0,0.5,none,True,True
162099,1.0,0.0,0.5,none,True,True
162100,1.0,0.0,0.5,none,True,True
162101,1.0,0.0,0.5,none,True,True
162102,1.0,0.0,0.5,none,True,True
162103,1.0,0.0,0.5,none,True,True
162104,1.0,0.0,0.5,none,True,True
162105,1.0,0.0,0.5,none,True,True
162106,1.0,0.0,0.5,none,True,True
162107,1.0,0.0,0.5,none,True,True
162108,1.0,0.0,0.5,none,True,True
162109,1.0,0.0,0.5,none,True,True
162110,1.0,0.0,0.5,none,True,True
162111,1.0,0.0,0.5,none,True,True
162112,1.0,0.0,0.5,none,True,True
162113,1.0,0.0,0.5,none,True,True
162114,1.0,0.0,0.5,none,True,True
162115,1.0,0.0,0.5,none,True,True
162116,1.0,0.0,0.5,none,True,True
162117,1.0,0.0,0.5,none,True,True
162118,1.0,0.0,0.5,none,True,True
162119,1.0,0.0,0.5,none,True,True
162120,1.0,0.0,0.5,none,True,True
162121,1.0,0.0,0.5,none,True,True
162122,1.0,0.0,0.5,none,True,True
162123,1.0,0.0,0.5,none,True,True
162124,1.0,0.0,0.5,none,True,True
162125,1.0,0.0,0.5,none,True,True
162126,1.0,0.0,0.5,none,True,True
162127,1.0,0.0,0.5,none,True,True
162128,1.0,0.0,0.5,none,True,True
162129,1.0,0.0,0.5,none,True,True
162130,1.0,0.0,0.5,none,True,True
162131,1.0,0.0,0.5,none,True,True
162132,1.0,0.0,0.5,none,True,True
162133,1.0,0.0,0.5,none,True,True
162134,1.0,0.0,0.5,none,True,True
162135,1.0,0.0,0.5,none,True,True
162136,1.0,0.0,0.5,none,True,True
162137,1.0,0.0,0.5,none,True,True
162138,1.0,0.0,0.5,none,True,True
162139,1.0,0.0,0.5,none,True,True
162140,1.0,0.0,0.5,none,True,True
162141,1.0,0.0,0.5,none,True,True
162142,1.0,0.0,0.5,none,True,True
162143,1.0,0.0,0.5,none,True,True
162144,1.0,0.0,0.5,none,True,True
162145,1.0,0.0,0.5,none,True,True
162146,1.0,0.0,0.5,none,True,True
162147,1.0,0.0,0.5,none,True,True
162148,1.0,0.0,0.5,none,True,True
162149,1.0,0.0,0.5,none,True,True
162150,1.0,0.0,0.5,none,True,True
162151,1.0,0.0,0.5,none,True,True
162152,1.0,0.0,0.5,none,True,True
162153,1.0,0.0,0.5,none,True,True
162154,1.0,0.0,0.5,none,True,True
162155,1.0,0.0,0.5,none,True,True
162156,1.0,0.0,0.5,none,True,True
162157,1.0,0.0,0.5,none,True,True
162158,1.0,0.0,0.5,none,True,True
162159,1.0,0.0,0.5,none,True,True
162160,1.0,0.0,0.5,none,True,True
162161,1.0,0.0,0.5,none,True,True
162162,1.0,0.0,0.5,none,True,True
162163,1.0,0.0,0.5,none,True,True
162164,1.0,0.0,0.5,none,True,True
162165,1.0,0.0,0.5,none,True,True
162166,1.0,0.0,0.5,none,True,True
162167,1.0,0.0,0.5,none,True,True
162168,1.0,0.0,0.5,none,True,True
162169,1.0,0.0,0.5,none,True,True
162170,1.0,0.0,0.5,none,True,True
162171,1.0,0.0,0.5,none,True,True
162172,1.0,0.0,0.5,none,True,True
162173,1.0,0.0,0.5,none,True,True
162174,1.0,0.0,0.5,none,True,True
162175,1.0,0.0,0.5,none,True,True
162176,1.0,0.0,0.5,none,True,True
162177,1.0,0.0,0.5,none,True,True
162178,1.0,0.0,0.5,none,True,True
162179,1.0,0.0,0.5,none,True,True
162180,1.0,0.0,0.5,none,True,True
162181,1.0,0.0,0.5,none,True,True
162182,1.0,0.0,0.5,none,True,True
162183,1.0,0.0,0.5,none,True,True
162184,1.0,0.0,0.5,none,True,True
162185,1.0,0.0,0.5,none,True,True
162186,1.0,0.0,0.5,none,True,True
162187,1.0,0.0,0.5,none,True,True
162188,1.0,0.0,0.5,none,True,True
162189,1.0,0.0,0.5,none,True,True
162190,1.0,0.0,0.5,none,True,True
162191,1.0,0.0,0.5,none,True,True
162192,1.0,0.0,0.5,none,True,True
162193,1.0,0.0,0.5,none,True,True
162194,1.0,0.0,0.5,none,True,True
162195,1.0,0.0,0.5,none,True,True
162196,1.0,0.0,0.5,none,True,True
162197,1.0,0.0,0.5,none,True,True
162198,1.0,0.0,0.5,none,True,True
162199,1.0,0.0,0.5,none,True,True
162200,1.0,0.0,0.5,none,True,True
162201,1.0,0.0,0.5,none,True,True
162202,1.0,0.0,0.5,none,True,True
162203,1.0,0.0,0.5,none,True,True
162204,1.0,0.0,0.5,none,True,True
162205,1.0,0.0,0.5,none,True,True
162206,1.0,0.0,0.5,none,True,True
162207,1.0,0.0,0.5,none,True,True
162208,1.0,0.0,0.5,none,True,True
162209,1.0,0.0,0.5,none,True,True
162210,1.0,0.0,0.5,none,True,True
162211,1.0,0.0,0.5,none,True,True
162212,1.0,0.0,0.5,none,True,True
162213,1.0,0.0,0.5,none,True,True
162214,1.0,0.0,0.5,none,True,True
162215,1.0,0.0,0.5,none,True,True
162216,1.0,0.0,0.5,none,True,True
162217,1.0,0.0,0.5,none,True,True
162218,1.0,0.0,0.5,none,True,True
162219,1.0,0.0,0.5,none,True,True
162220,1.0,0.0,0.5,none,True,True
162221,1.0,0.0,0.5,none,True,True
162222,1.0,0.0,0.5,none,True,True
162223,1.0,0.0,0.5,none,True,True
162224,1.0,0.0,0.5,none,True,True
162225,1.0,0.0,0.5,none,True,True
162226,1.0,0.0,0.5,none,True,True
162227,1.0,0.0,0.5,none,True,True
162228,1.0,0.0,0.5,none,True,True
162229,1.0,0.0,0.5,none,True,True
162230,1.0,0.0,0.5,none,True,True
162231,1.0,0.0,0.5,none,True,True
162232,1.0,0.0,0.5,none,True,True
162233,1.0,0.0,0.5,none,True,True
162234,1.0,0.0,0.5,none,True,True
162235,1.0,0.0,0.5,none,True,True
162236,1.0,0.0,0.5,none,True,True
162237,1.0,0.0,0.5,none,True,True
162238,1.0,0.0,0.5,none,True,True
162239,1.0,0.0,0.5,none,True,True
162240,1.0,0.0,0.5,none,True,True
162241,1.0,0.0,0.5,none,True,True
162242,1.0,0.0,0.5,none,True,True
162243,1.0,0.0,0.5,none,True,True
162244,1.0,0.0,0.5,none,True,True
162245,1.0,0.0,0.5,none,True,True
162246,1.0,0.0,0.5,none,True,True
162247,1.0,0.0,0.5,none,True,True
162248,1.0,0.0,0.5,none,True,True
162249,1.0,0.0,0.5,none,True,True
162250,1.0,0.0,0.5,none,True,True
162251,1.0,0.0,0.5,none,True,True
162252,1.0,0.0,0.5,none,True,True
162253,1.0,0.0,0.5,none,True,True
162254,1.0,0.0,0.5,none,True,True
162255,1.0,0.0,0.5,none,True,True
162256,1.0,0.0,0.5,none,True,True
162257,1.0,0.0,0.5,none,True,True
162258,1.0,0.0,0.5,none,True,True
162259,1.0,0.0,0.5,none,True,True
162260,1.0,0.0,0.5,none,True,True
162261,1.0,0.0,0.5,none,True,True
162262,1.0,0.0,0.5,none,True,True
162263,1.0,0.0,0.5,none,True,True
162264,1.0,0.0,0.5,none,True,True
162265,1.0,0.0,0.5,none,True,True
162266,1.0,0.0,0.5,none,True,True
162267,1.0,0.0,0.5,none,True,True
162268,1.0,0.0,0.5,none,True,True
162269,1.0,0.0,0.5,none,True,True
162270,1.0,0.0,0.5,none,True,True
162271,1.0,0.0,0.5,none,True,True
162272,1.0,0.0,0.5,none,True,True
162273,1.0,0.0,0.5,none,True,True
162274,1.0,0.0,0.5,none,True,True
162275,1.0,0.0,0.5,none,True,True
162276,1.0,0.0,0.5,none,True,True
162277,1.0,0.0,0.5,none,True,True
162278,1.0,0.0,0.5,none,True,True
162279,1.0,0.0,0.5,none,True,True
162280,1.0,0.0,0.5,none,True,True
162281,1.0,0.0,0.5,none,True,True
162282,1.0,0.0,0.5,none,True,True
162283,1.0,0.0,0.5,none,True,True
162284,1.0,0.0,0.5,none,True,True
162285,1.0,0.0,0.5,none,True,True
162286,1.0,0.0,0.5,none,True,True
162287,1.0,0.0,0.5,none,True,True
162288,1.0,0.0,0.5,none,True,True
162289,1.0,0.0,0.5,none,True,True
162290,1.0,0.0,0.5,none,True,True
162291,1.0,0.0,0.5,none,True,True
162292,1.0,0.0,0.5,none,True,True
162293,1.0,0.0,0.5,none,True,True
162294,1.0,0.0,0.5,none,True,True
162295,1.0,0.0,0.5,none,True,True
162296,1.0,0.0,0.5,none,True,True
162297,1.0,0.0,0.5,none,True,True
162298,1.0,0.0,0.5,none,True,True
162299,1.0,0.0,0.5,none,True,True
162300,1.0,0.0,0.5,none,True,True
162301,1.0,0.0,0.5,none,True,True
162302,1.0,0.0,0.5,none,True,True
162303,1.0,0.0,0.5,none,True,True
162304,1.0,0.0,0.5,none,True,True
162305,1.0,0.0,0.5,none,True,True
162306,1.0,0.0,0.5,none,True,True
162307,1.0,0.0,0.5,none,True,True
162308,1.0,0.0,0.5,none,True,True
162309,1.0,0.0,0.5,none,True,True
162310,1.0,0.0,0.5,none,True,True
162311,1.0,0.0,0.5,none,True,True
162312,1.0,0.0,0.5,none,True,True
162313,1.0,0.0,0.5,none,True,True
162314,1.0,0.0,0.5,none,True,True
162315,1.0,0.0,0.5,none,True,True
162316,1.0,0.0,0.5,none,True,True
162317,1.0,0.0,0.5,none,True,True
162318,1.0,0.0,0.5,none,True,True
162319,1.0,0.0,0.5,none,True,True
162320,1.0,0.0,0.5,none,True,True
162321,1.0,0.0,0.5,none,True,True
162322,1.0,0.0,0.5,none,True,True
162323,1.0,0.0,0.5,none,True,True
162324,1.0,0.0,0.5,none,True,True
162325,1.0,0.0,0.5,none,True,True
162326,1.0,0.0,0.5,none,True,True
162327,1.0,0.0,0.5,none,True,True
162328,1.0,0.0,0.5,none,True,True
162329,1.0,0.0,0.5,none,True,True
162330,1.0,0.0,0.5,none,True,True
162331,1.0,0.0,0.5,none,True,True
162332,1.0,0.0,0.5,none,True,True
162333,1.0,0.0,0.5,none,True,True
162334,1.0,0.0,0.5,none,True,True
162335,1.0,0.0,0.5,none,True,True
162336,1.0,0.0,0.5,none,True,True
162337,1.0,0.0,0.5,none,True,True
162338,1.0,0.0,0.5,none,True,True
162339,1.0,0.0,0.5,none,True,True
162340,1.0,0.0,0.5,none,True,True
162341,1.0,0.0,0.5,none,True,True
162342,1.0,0.0,0.5,none,True,True
162343,1.0,0.0,0.5,none,True,True
162344,1.0,0.0,0.5,none,True,True
162345,1.0,0.0,0.5,none,True,True
162346,1.0,0.0,0.5,none,True,True
162347,1.0,0.0,0.5,none,True,True
162348,1.0,0.0,0.5,none,True,True
162349,1.0,0.0,0.5,none,True,True
162350,1.0,0.0,0.5,none,True,True
162351,1.0,0.0,0.5,none,True,True
162352,1.0,0.0,0.5,none,True,True
162353,1.0,0.0,0.5,none,True,True
162354,1.0,0.0,0.5,none,True,True
162355,1.0,0.0,0.5,none,True,True
162356,1.0,0.0,0.5,none,True,True
162357,1.0,0.0,0.5,none,True,True
162358,1.0,0.0,0.5,none,True,True
162359,1.0,0.0,0.5,none,True,True
162360,1.0,0.0,0.5,none,True,True
162361,1.0,0.0,0.5,none,True,True
162362,1.0,0.0,0.5,none,True,True
162363,1.0,0.0,0.5,none,True,True
162364,1.0,0.0,0.5,none,True,True
162365,1.0,0.0,0.5,none,True,True
162366,1.0,0.0,0.5,none,True,True
162367,1.0,0.0,0.5,none,True,True
162368,1.0,0.0,0.5,none,True,True
162369,1.0,0.0,0.5,none,True,True
162370,1.0,0.0,0.5,none,True,True
162371,1.0,0.0,0.5,none,True,True
162372,1.0,0.0,0.5,none,True,True
162373,1.0,0.0,0.5,none,True,True
162374,1.0,0.0,0.5,none,True,True
162375,1.0,0.0,0.5,none,True,True
162376,1.0,0.0,0.5,none,True,True
162377,1.0,0.0,0.5,none,True,True
162378,1.0,0.0,0.5,none,True,True
162379,1.0,0.0,0.5,none,True,True
162380,1.0,0.0,0.5,none,True,True
162381,1.0,0.0,0.5,none,True,True
162382,1.0,0.0,0.5,none,True,True
162383,1.0,0.0,0.5,none,True,True
162384,1.0,0.0,0.5,none,True,True
162385,1.0,0.0,0.5,none,True,True
162386,1.0,0.0,0.5,none,True,True
162387,1.0,0.0,0.5,none,True,True
162388,1.0,0.0,0.5,none,True,True
162389,1.0,0.0,0.5,none,True,True
162390,1.0,0.0,0.5,none,True,True
162391,1.0,0.0,0.5,none,True,True
162392,1.0,0.0,0.5,none,True,True
162393,1.0,0.0,0.5,none,True,True
162394,1.0,0.0,0.5,none,True,True
162395,1.0,0.0,0.5,none,True,True
162396,1.0,0.0,0.5,none,True,True
162397,1.0,0.0,0.5,none,True,True
162398,1.0,0.0,0.5,none,True,True
162399,1.0,0.0,0.5,none,True,True
162400,1.0,0.0061,0.5,none,True,True
162401,1.0,0.0357,0.5,none,True,True
162402,1.0,0.0812,0.5,none,True,True
162403,1.0,0.1113,0.5,none,True,True
162404,1.0,0.1253,0.5,none,True,True
162405,1.0,0.1408,0.5,none,True,True
162406,1.0,0.0907,0.5,none,True,True
162407,1.0,0.1198,0.5,none,True,True
162408,1.0,0.0467,0.5,none,True,True
162409,1.0,0.0522,0.5,none,True,True
162410,1.0,0.0405,0.5,none,True,True
162411,1.0,0.0313,0.5,none,True,True
162412,1.0,0.0083,0.5,none,True,True
162413,1.0,0.0726,0.5,none,True,True
162414,1.0,0.0793,0.5,none,True,True
162415,1.0,0.0581,0.5,none,True,True
162416,1.0,0.0955,0.5,none,True,True
162417,1.0,0.0839,0.5,none,True,True
162418,1.0,0.0648,0.5,none,True,True
162419,1.0,0.0718,0.5,none,True,True
162420,1.0,0.0589,0.5,none,True,True
162421,1.0,0.0403,0.5,none,True,True
162422,1.0,0.0327,0.5,none,True,True
162423,1.0,0.0277,0.5,none,True,True
162424,1.0,0.017,0.5,none,True,True
162425,1.0,0.0102,0.5,none,True,True
162426,1.0,0.0099,0.5,none,True,True
162427,1.0,0.008,0.5,none,True,True
162428,1.0,0.005,0.5,none,True,True
162429,1.0,0.0063,0.5,none,True,True
162430,1.0,0.009,0.5,none,True,True
162431,1.0,0.0096,0.5,none,True,True
162432,1.0,0.0108,0.5,none,True,True
162433,1.0,0.014,0.5,none,True,True
162434,1.0,0.0161,0.5,none,True,True
162435,1.0,0.0167,0.5,none,True,True
162436,1.0,0.0182,0.5,none,True,True
162437,1.0,0.0196,0.5,none,True,True
162438,1.0,0.0197,0.5,none,True,True
162439,1.0,0.0193,0.5,none,True,True
162440,1.0,0.0193,0.5,none,True,True
162441,1.0,0.0187,0.5,none,True,True
162442,1.0,0.0174,0.5,none,True,True
162443,1.0,0.0163,0.5,none,True,True
162444,1.0,0.0152,0.5,none,True,True
162445,1.0,0.0138,0.5,none,True,True
162446,1.0,0.0123,0.5,none,True,True
162447,1.0,0.0111,0.5,none,True,True
162448,1.0,0.01,0.5,none,True,True
162449,1.0,0.0088,0.5,none,True,True
162450,1.0,0.0078,0.5,none,True,True
162451,1.0,0.0071,0.5,none,True,True
162452,1.0,0.0064,0.5,none,True,True
162453,1.0,0.0057,0.5,none,True,True
162454,1.0,0.0053,0.5,none,True,True
162455,1.0,0.005,0.5,none,True,True
162456,1.0,0.0047,0.5,none,True,True
162457,1.0,0.0045,0.5,none,True,True
162458,1.0,0.0044,0.5,none,True,True
162459,1.0,0.0043,0.5,none,True,True
162460,1.0,0.0042,0.5,none,True,True
162461,1.0,0.0041,0.5,none,True,True
162462,1.0,0.004,0.5,none,True,True
162463,1.0,0.0039,0.5,none,True,True
162464,1.0,0.0038,0.5,none,True,True
162465,1.0,0.0037,0.5,none,True,True
162466,1.0,0.0035,0.5,none,True,True
162467,1.0,0.0033,0.5,none,True,True
162468,1.0,0.0032,0.5,none,True,True
162469,1.0,0.003,0.5,none,True,True
162470,1.0,0.0028,0.5,none,True,True
162471,1.0,0.0026,0.5,none,True,True
162472,1.0,0.0024,0.5,none,True,True
162473,1.0,0.0023,0.5,none,True,True
162474,1.0,0.0021,0.5,none,True,True
162475,1.0,0.0019,0.5,none,True,True
162476,1.0,0.0018,0.5,none,True,True
162477,1.0,0.0017,0.5,none,True,True
162478,1.0,0.0015,0.5,none,True,True
162479,1.0,0.0014,0.5,none,True,True
162480,1.0,0.0013,0.5,none,True,True
162481,1.0,0.0013,0.5,none,True,True
162482,1.0,0.0012,0.5,none,True,True
162483,1.0,0.0011,0.5,none,True,True
162484,1.0,0.0011,0.5,none,True,True
162485,1.0,0.001,0.5,none,True,True
162486,1.0,0.001,0.5,none,True,True
162487,1.0,0.0009,0.5,none,True,True
162488,1.0,0.0009,0.5,none,True,True
162489,1.0,0.0008,0.5,none,True,True
162490,1.0,0.0008,0.5,none,True,True
162491,1.0,0.0008,0.5,none,True,True
162492,1.0,0.0007,0.5,none,True,True
162493,1.0,0.0007,0.5,none,True,True
162494,1.0,0.0006,0.5,none,True,True
162495,1.0,0.0006,0.5,none,True,True
162496,1.0,0.0006,0.5,none,True,True
162497,1.0,0.0005,0.5,none,True,True
162498,1.0,0.0005,0.5,none,True,True
162499,1.0,0.0005,0.5,none,True,True
162500,1.0,0.0004,0.5,none,True,True
162501,1.0,0.0004,0.5,none,True,True
162502,1.0,0.0004,0.5,none,True,True
162503,1.0,0.0004,0.5,none,True,True
162504,1.0,0.0003,0.5,none,True,True
162505,1.0,0.0003,0.5,none,True,True
162506,1.0,0.0003,0.5,none,True,True
162507,1.0,0.0003,0.5,none,True,True
162508,1.0,0.0003,0.5,none,True,True
162509,1.0,0.0003,0.5,none,True,True
162510,1.0,0.0002,0.5,none,True,True
162511,1.0,0.0002,0.5,none,True,True
162512,1.0,0.0002,0.5,none,True,True
162513,1.0,0.0002,0.5,none,True,True
162514,1.0,0.0002,0.5,none,True,True
162515,1.0,0.0002,0.5,none,True,True
162516,1.0,0.0002,0.5,none,True,True
162517,1.0,0.0002,0.5,none,True,True
162518,1.0,0.0002,0.5,none,True,True
162519,1.0,0.0001,0.5,none,True,True
162520,1.0,0.0001,0.5,none,True,True
162521,1.0,0.0001,0.5,none,True,True
162522,1.0,0.0001,0.5,none,True,True
162523,1.0,0.0001,0.5,none,True,True
162524,1.0,0.0001,0.5,none,True,True
162525,1.0,0.0001,0.5,none,True,True
162526,1.0,0.0001,0.5,none,True,True
162527,1.0,0.0001,0.5,none,True,True
162528,1.0,0.0001,0.5,none,True,True
162529,1.0,0.0001,0.5,none,True,True
162530,1.0,0.0001,0.5,none,True,True
162531,1.0,0.0001,0.5,none,True,True
162532,1.0,0.0001,0.5,none,True,True
162533,1.0,0.0001,0.5,none,True,True
162534,1.0,0.0001,0.5,none,True,True
162535,1.0,0.0001,0.5,none,True,True
162536,1.0,0.0001,0.5,none,True,True
162537,1.0,0.0,0.5,none,True,True
162538,1.0,0.0,0.5,none,True,True
162539,1.0,0.0,0.5,none,True,True
162540,1.0,0.0,0.5,none,True,True
162541,1.0,0.0,0.5,none,True,True
162542,1.0,0.0,0.5,none,True,True
162543,1.0,0.0,0.5,none,True,True
162544,1.0,0.0,0.5,none,True,True
162545,1.0,0.0,0.5,none,True,True
162546,1.0,0.0,0.5,none,True,True
162547,1.0,0.0,0.5,none,True,True
162548,1.0,0.0,0.5,none,True,True
162549,1.0,0.0,0.5,none,True,True
162550,1.0,0.0,0.5,none,True,True
162551,1.0,0.0,0.5,none,True,True
162552,1.0,0.0,0.5,none,True,True
162553,1.0,0.0,0.5,none,True,True
162554,1.0,0.0,0.5,none,True,True
162555,1.0,0.0,0.5,none,True,True
162556,1.0,0.0,0.5,none,True,True
162557,1.0,0.0,0.5,none,True,True
162558,1.0,0.0,0.5,none,True,True
162559,1.0,0.0,0.5,none,True,True
162560,1.0,0.0,0.5,none,True,True
162561,1.0,0.0,0.5,none,True,True
162562,1.0,0.0,0.5,none,True,True
162563,1.0,0.0,0.5,none,True,True
162564,1.0,0.0,0.5,none,True,True
162565,1.0,0.0,0.5,none,True,True
162566,1.0,0.0,0.5,none,True,True
162567,1.0,0.0,0.5,none,True,True
162568,1.0,0.0,0.5,none,True,True
162569,1.0,0.0,0.5,none,True,True
162570,1.0,0.0,0.5,none,True,True
162571,1.0,0.0,0.5,none,True,True
162572,1.0,0.0,0.5,none,True,True
162573,1.0,0.0,0.5,none,True,True
162574,1.0,0.0,0.5,none,True,True
162575,1.0,0.0,0.5,none,True,True
162576,1.0,0.0,0.5,none,True,True
162577,1.0,0.0,0.5,none,True,True
162578,1.0,0.0,0.5,none,True,True
162579,1.0,0.0,0.5,none,True,True
162580,1.0,0.0,0.5,none,True,True
162581,1.0,0.0,0.5,none,True,True
162582,1.0,0.0,0.5,none,True,True
162583,1.0,0.0,0.5,none,True,True
162584,1.0,0.0,0.5,none,True,True
162585,1.0,0.0,0.5,none,True,True
162586,1.0,0.0,0.5,none,True,True
162587,1.0,0.0,0.5,none,True,True
162588,1.0,0.0,0.5,none,True,True
162589,1.0,0.0,0.5,none,True,True
162590,1.0,0.0,0.5,none,True,True
162591,1.0,0.0,0.5,none,True,True
162592,1.0,0.0,0.5,none,True,True
162593,1.0,0.0,0.5,none,True,True
162594,1.0,0.0,0.5,none,True,True
162595,1.0,0.0,0.5,none,True,True
162596,1.0,0.0,0.5,none,True,True
162597,1.0,0.0,0.5,none,True,True
162598,1.0,0.0,0.5,none,True,True
162599,1.0,0.0,0.5,none,True,True
162600,1.0,0.0,0.5,none,True,True
162601,1.0,0.0,0.5,none,True,True
162602,1.0,0.0,0.5,none,True,True
162603,1.0,0.0,0.5,none,True,True
162604,1.0,0.0,0.5,none,True,True
162605,1.0,0.0,0.5,none,True,True
162606,1.0,0.0,0.5,none,True,True
162607,1.0,0.0,0.5,none,True,True
162608,1.0,0.0,0.5,none,True,True
162609,1.0,0.0,0.5,none,True,True
162610,1.0,0.0,0.5,none,True,True
162611,1.0,0.0,0.5,none,True,True
162612,1.0,0.0,0.5,none,True,True
162613,1.0,0.0,0.5,none,True,True
162614,1.0,0.0,0.5,none,True,True
162615,1.0,0.0,0.5,none,True,True
162616,1.0,0.0,0.5,none,True,True
162617,1.0,0.0,0.5,none,True,True
162618,1.0,0.0,0.5,none,True,True
162619,1.0,0.0,0.5,none,True,True
162620,1.0,0.0,0.5,none,True,True
162621,1.0,0.0,0.5,none,True,True
162622,1.0,0.0,0.5,none,True,True
162623,1.0,0.0,0.5,none,True,True
162624,1.0,0.0,0.5,none,True,True
162625,1.0,0.0,0.5,none,True,True
162626,1.0,0.0,0.5,none,True,True
162627,1.0,0.0,0.5,none,True,True
162628,1.0,0.0,0.5,none,True,True
162629,1.0,0.0,0.5,none,True,True
162630,1.0,0.0,0.5,none,True,True
162631,1.0,0.0,0.5,none,True,True
162632,1.0,0.0,0.5,none,True,True
162633,1.0,0.0,0.5,none,True,True
162634,1.0,0.0,0.5,none,True,True
162635,1.0,0.0,0.5,none,True,True
162636,1.0,0.0,0.5,none,True,True
162637,1.0,0.0,0.5,none,True,True
162638,1.0,0.0,0.5,none,True,True
162639,1.0,0.0,0.5,none,True,True
162640,1.0,0.0,0.5,none,True,True
162641,1.0,0.0,0.5,none,True,True
162642,1.0,0.0,0.5,none,True,True
162643,1.0,0.0,0.5,none,True,True
162644,1.0,0.0,0.5,none,True,True
162645,1.0,0.0,0.5,none,True,True
162646,1.0,0.0,0.5,none,True,True
162647,1.0,0.0,0.5,none,True,True
162648,1.0,0.0,0.5,none,True,True
162649,1.0,0.0,0.5,none,True,True
162650,1.0,0.0,0.5,none,True,True
162651,1.0,0.0,0.5,none,True,True
162652,1.0,0.0,0.5,none,True,True
162653,1.0,0.0,0.5,none,True,True
162654,1.0,0.0,0.5,none,True,True
162655,1.0,0.0,0.5,none,True,True
162656,1.0,0.0,0.5,none,True,True
162657,1.0,0.0,0.5,none,True,True
162658,1.0,0.0,0.5,none,True,True
162659,1.0,0.0,0.5,none,True,True
162660,1.0,0.0,0.5,none,True,True
162661,1.0,0.0,0.5,none,True,True
162662,1.0,0.0,0.5,none,True,True
162663,1.0,0.0,0.5,none,True,True
162664,1.0,0.0,0.5,none,True,True
162665,1.0,0.0,0.5,none,True,True
162666,1.0,0.0,0.5,none,True,True
162667,1.0,0.0,0.5,none,True,True
162668,1.0,0.0,0.5,none,True,True
162669,1.0,0.0,0.5,none,True,True
162670,1.0,0.0,0.5,none,True,True
162671,1.0,0.0,0.5,none,True,True
162672,1.0,0.0,0.5,none,True,True
162673,1.0,0.0,0.5,none,True,True
162674,1.0,0.0,0.5,none,True,True
162675,1.0,0.0,0.5,none,True,True
162676,1.0,0.0,0.5,none,True,True
162677,1.0,0.0,0.5,none,True,True
162678,1.0,0.0,0.5,none,True,True
162679,1.0,0.0,0.5,none,True,True
162680,1.0,0.0,0.5,none,True,True
162681,1.0,0.0,0.5,none,True,True
162682,1.0,0.0,0.5,none,True,True
162683,1.0,0.0,0.5,none,True,True
162684,1.0,0.0,0.5,none,True,True
162685,1.0,0.0,0.5,none,True,True
162686,1.0,0.0,0.5,none,True,True
162687,1.0,0.0,0.5,none,True,True
162688,1.0,0.0,0.5,none,True,True
162689,1.0,0.0,0.5,none,True,True
162690,1.0,0.0,0.5,none,True,True
162691,1.0,0.0,0.5,none,True,True
162692,1.0,0.0,0.5,none,True,True
162693,1.0,0.0,0.5,none,True,True
162694,1.0,0.0,0.5,none,True,True
162695,1.0,0.0,0.5,none,True,True
162696,1.0,0.0,0.5,none,True,True
162697,1.0,0.0,0.5,none,True,True
162698,1.0,0.0,0.5,none,True,True
162699,1.0,0.0,0.5,none,True,True
162700,1.0,0.0,0.5,none,True,True
162701,1.0,0.0,0.5,none,True,True
162702,1.0,0.0,0.5,none,True,True
162703,1.0,0.0,0.5,none,True,True
162704,1.0,0.0,0.5,none,True,True
162705,1.0,0.0,0.5,none,True,True
162706,1.0,0.0,0.5,none,True,True
162707,1.0,0.0,0.5,none,True,True
162708,1.0,0.0,0.5,none,True,True
162709,1.0,0.0,0.5,none,True,True
162710,1.0,0.0,0.5,none,True,True
162711,1.0,0.0,0.5,none,True,True
162712,1.0,0.0,0.5,none,True,True
162713,1.0,0.0,0.5,none,True,True
162714,1.0,0.0,0.5,none,True,True
162715,1.0,0.0,0.5,none,True,True
162716,1.0,0.0,0.5,none,True,True
162717,1.0,0.0,0.5,none,True,True
162718,1.0,0.0,0.5,none,True,True
162719,1.0,0.0,0.5,none,True,True
162720,1.0,0.0,0.5,none,True,True
162721,1.0,0.0,0.5,none,True,True
162722,1.0,0.0,0.5,none,True,True
162723,1.0,0.0,0.5,none,True,True
162724,1.0,0.0,0.5,none,True,True
162725,1.0,0.0,0.5,none,True,True
162726,1.0,0.0,0.5,none,True,True
162727,1.0,0.0,0.5,none,True,True
162728,1.0,0.0,0.5,none,True,True
162729,1.0,0.0,0.5,none,True,True
162730,1.0,0.0,0.5,none,True,True
162731,1.0,0.0,0.5,none,True,True
162732,1.0,0.0,0.5,none,True,True
162733,1.0,0.0,0.5,none,True,True
162734,1.0,0.0,0.5,none,True,True
162735,1.0,0.0,0.5,none,True,True
162736,1.0,0.0,0.5,none,True,True
162737,1.0,0.0,0.5,none,True,True
162738,1.0,0.0,0.5,none,True,True
162739,1.0,0.0,0.5,none,True,True
162740,1.0,0.0,0.5,none,True,True
162741,1.0,0.0,0.5,none,True,True
162742,1.0,0.0,0.5,none,True,True
162743,1.0,0.0,0.5,none,True,True
162744,1.0,0.0,0.5,none,True,True
162745,1.0,0.0,0.5,none,True,True
162746,1.0,0.0,0.5,none,True,True
162747,1.0,0.0,0.5,none,True,True
162748,1.0,0.0,0.5,none,True,True
162749,1.0,0.0,0.5,none,True,True
162750,1.0,0.0,0.5,none,True,True
162751,1.0,0.0,0.5,none,True,True
162752,1.0,0.0,0.5,none,True,True
162753,1.0,0.0,0.5,none,True,True
162754,1.0,0.0,0.5,none,True,True
162755,1.0,0.0,0.5,none,True,True
162756,1.0,0.0,0.5,none,True,True
162757,1.0,0.0,0.5,none,True,True
162758,1.0,0.0,0.5,none,True,True
162759,1.0,0.0,0.5,none,True,True
162760,1.0,0.0,0.5,none,True,True
162761,1.0,0.0,0.5,none,True,True
162762,1.0,0.0,0.5,none,True,True
162763,1.0,0.0,0.5,none,True,True
162764,1.0,0.0,0.5,none,True,True
162765,1.0,0.0,0.5,none,True,True
162766,1.0,0.0,0.5,none,True,True
162767,1.0,0.0,0.5,none,True,True
162768,1.0,0.0,0.5,none,True,True
162769,1.0,0.0,0.5,none,True,True
162770,1.0,0.0,0.5,none,True,True
162771,1.0,0.0,0.5,none,True,True
162772,1.0,0.0,0.5,none,True,True
162773,1.0,0.0,0.5,none,True,True
162774,1.0,0.0,0.5,none,True,True
162775,1.0,0.0,0.5,none,True,True
162776,1.0,0.0,0.5,none,True,True
162777,1.0,0.0,0.5,none,True,True
162778,1.0,0.0,0.5,none,True,True
162779,1.0,0.0,0.5,none,True,True
162780,1.0,0.0,0.5,none,True,True
162781,1.0,0.0,0.5,none,True,True
162782,1.0,0.0,0.5,none,True,True
162783,1.0,0.0,0.5,none,True,True
162784,1.0,0.0,0.5,none,True,True
162785,1.0,0.0,0.5,none,True,True
162786,1.0,0.0,0.5,none,True,True
162787,1.0,0.0,0.5,none,True,True
162788,1.0,0.0,0.5,none,True,True
162789,1.0,0.0,0.5,none,True,True
162790,1.0,0.0,0.5,none,True,True
162791,1.0,0.0,0.5,none,True,True
162792,1.0,0.0,0.5,none,True,True
162793,1.0,0.0,0.5,none,True,True
162794,1.0,0.0,0.5,none,True,True
162795,1.0,0.0,0.5,none,True,True
162796,1.0,0.0,0.5,none,True,True
162797,1.0,0.0,0.5,none,True,True
162798,1.0,0.0,0.5,none,True,True
162799,1.0,0.0,0.5,none,True,True
162800,1.0,0.0,0.5,none,True,True
162801,1.0,0.0,0.5,none,True,True
162802,1.0,0.0,0.5,none,True,True
162803,1.0,0.0,0.5,none,True,True
162804,1.0,0.0,0.5,none,True,True
162805,1.0,0.0,0.5,none,True,True
162806,1.0,0.0,0.5,none,True,True
162807,1.0,0.0,0.5,none,True,True
162808,1.0,0.0,0.5,none,True,True
162809,1.0,0.0,0.5,none,True,True
162810,1.0,0.0,0.5,none,True,True
162811,1.0,0.0,0.5,none,True,True
162812,1.0,0.0,0.5,none,True,True
162813,1.0,0.0,0.5,none,True,True
162814,1.0,0.0,0.5,none,True,True
162815,1.0,0.0,0.5,none,True,True
162816,1.0,0.0,0.5,none,True,True
162817,1.0,0.0,0.5,none,True,True
162818,1.0,0.0,0.5,none,True,True
162819,1.0,0.0,0.5,none,True,True
162820,1.0,0.0,0.5,none,True,True
162821,1.0,0.0,0.5,none,True,True
162822,1.0,0.0,0.5,none,True,True
162823,1.0,0.0,0.5,none,True,True
162824,1.0,0.0,0.5,none,True,True
162825,1.0,0.0,0.5,none,True,True
162826,1.0,0.0,0.5,none,True,True
162827,1.0,0.0,0.5,none,True,True
162828,1.0,0.0,0.5,none,True,True
162829,1.0,0.0,0.5,none,True,True
162830,1.0,0.0,0.5,none,True,True
162831,1.0,0.0,0.5,none,True,True
162832,1.0,0.0,0.5,none,True,True
162833,1.0,0.0,0.5,none,True,True
162834,1.0,0.0,0.5,none,True,True
162835,1.0,0.0,0.5,none,True,True
162836,1.0,0.0,0.5,none,True,True
162837,1.0,0.0,0.5,none,True,True
162838,1.0,0.0,0.5,none,True,True
162839,1.0,0.0,0.5,none,True,True
162840,1.0,0.0,0.5,none,True,True
162841,1.0,0.0,0.5,none,True,True
162842,1.0,0.0,0.5,none,True,True
162843,1.0,0.0,0.5,none,True,True
162844,1.0,0.0,0.5,none,True,True
162845,1.0,0.0,0.5,none,True,True
162846,1.0,0.0,0.5,none,True,True
162847,1.0,0.0,0.5,none,True,True
162848,1.0,0.0,0.5,none,True,True
162849,1.0,0.0,0.5,none,True,True
162850,1.0,0.0,0.5,none,True,True
162851,1.0,0.0,0.5,none,True,True
162852,1.0,0.0,0.5,none,True,True
162853,1.0,0.0,0.5,none,True,True
162854,1.0,0.0,0.5,none,True,True
162855,1.0,0.0,0.5,none,True,True
162856,1.0,0.0,0.5,none,True,True
162857,1.0,0.0,0.5,none,True,True
162858,1.0,0.0,0.5,none,True,True
162859,1.0,0.0,0.5,none,True,True
162860,1.0,0.0,0.5,none,True,True
162861,1.0,0.0,0.5,none,True,True
162862,1.0,0.0,0.5,none,True,True
162863,1.0,0.0,0.5,none,True,True
162864,1.0,0.0,0.5,none,True,True
162865,1.0,0.0,0.5,none,True,True
162866,1.0,0.0,0.5,none,True,True
162867,1.0,0.0,0.5,none,True,True
162868,1.0,0.0,0.5,none,True,True
162869,1.0,0.0,0.5,none,True,True
162870,1.0,0.0,0.5,none,True,True
162871,1.0,0.0,0.5,none,True,True
162872,1.0,0.0,0.5,none,True,True
162873,1.0,0.0,0.5,none,True,True
162874,1.0,0.0,0.5,none,True,True
162875,1.0,0.0,0.5,none,True,True
162876,1.0,0.0,0.5,none,True,True
162877,1.0,0.0,0.5,none,True,True
162878,1.0,0.0,0.5,none,True,True
162879,1.0,0.0,0.5,none,True,True
162880,1.0,0.0,0.5,none,True,True
162881,1.0,0.0,0.5,none,True,True
162882,1.0,0.0,0.5,none,True,True
162883,1.0,0.0,0.5,none,True,True
162884,1.0,0.0,0.5,none,True,True
162885,1.0,0.0,0.5,none,True,True
162886,1.0,0.0,0.5,none,True,True
162887,1.0,0.0,0.5,none,True,True
162888,1.0,0.0,0.5,none,True,True
162889,1.0,0.0,0.5,none,True,True
162890,1.0,0.0,0.5,none,True,True
162891,1.0,0.0,0.5,none,True,True
162892,1.0,0.0,0.5,none,True,True
162893,1.0,0.0,0.5,none,True,True
162894,1.0,0.0,0.5,none,True,True
162895,1.0,0.0,0.5,none,True,True
162896,1.0,0.0,0.5,none,True,True
162897,1.0,0.0,0.5,none,True,True
162898,1.0,0.0,0.5,none,True,True
162899,1.0,0.0,0.5,none,True,True
162900,1.0,0.0,0.5,none,True,True
162901,1.0,0.0,0.5,none,True,True
162902,1.0,0.0,0.5,none,True,True
162903,1.0,0.0,0.5,none,True,True
162904,1.0,0.0,0.5,none,True,True
162905,1.0,0.0,0.5,none,True,True
162906,1.0,0.0,0.5,none,True,True
162907,1.0,0.0,0.5,none,True,True
162908,1.0,0.0,0.5,none,True,True
162909,1.0,0.0,0.5,none,True,True
162910,1.0,0.0,0.5,none,True,True
162911,1.0,0.0,0.5,none,True,True
162912,1.0,0.0,0.5,none,True,True
162913,1.0,0.0,0.5,none,True,True
162914,1.0,0.0,0.5,none,True,True
162915,1.0,0.0,0.5,none,True,True
162916,1.0,0.0,0.5,none,True,True
162917,1.0,0.0,0.5,none,True,True
162918,1.0,0.0,0.5,none,True,True
162919,1.0,0.0,0.5,none,True,True
162920,1.0,0.0,0.5,none,True,True
162921,1.0,0.0,0.5,none,True,True
162922,1.0,0.0,0.5,none,True,True
162923,1.0,0.0,0.5,none,True,True
162924,1.0,0.0,0.5,none,True,True
162925,1.0,0.0,0.5,none,True,True
162926,1.0,0.0,0.5,none,True,True
162927,1.0,0.0,0.5,none,True,True
162928,1.0,0.0,0.5,none,True,True
162929,1.0,0.0,0.5,none,True,True
162930,1.0,0.0,0.5,none,True,True
162931,1.0,0.0,0.5,none,True,True
162932,1.0,0.0,0.5,none,True,True
162933,1.0,0.0,0.5,none,True,True
162934,1.0,0.0,0.5,none,True,True
162935,1.0,0.0,0.5,none,True,True
162936,1.0,0.0,0.5,none,True,True
162937,1.0,0.0,0.5,none,True,True
162938,1.0,0.0,0.5,none,True,True
162939,1.0,0.0,0.5,none,True,True
162940,1.0,0.0,0.5,none,True,True
162941,1.0,0.0,0.5,none,True,True
162942,1.0,0.0,0.5,none,True,True
162943,1.0,0.0,0.5,none,True,True
162944,1.0,0.0,0.5,none,True,True
162945,1.0,0.0,0.5,none,True,True
162946,1.0,0.0,0.5,none,True,True
162947,1.0,0.0,0.5,none,True,True
162948,1.0,0.0,0.5,none,True,True
162949,1.0,0.0,0.5,none,True,True
162950,1.0,0.0,0.5,none,True,True
162951,1.0,0.0,0.5,none,True,True
162952,1.0,0.0,0.5,none,True,True
162953,1.0,0.0,0.5,none,True,True
162954,1.0,0.0,0.5,none,True,True
162955,1.0,0.0,0.5,none,True,True
162956,1.0,0.0,0.5,none,True,True
162957,1.0,0.0,0.5,none,True,True
162958,1.0,0.0,0.5,none,True,True
162959,1.0,0.0,0.5,none,True,True
162960,1.0,0.0,0.5,none,True,True
162961,1.0,0.0,0.5,none,True,True
162962,1.0,0.0,0.5,none,True,True
162963,1.0,0.0,0.5,none,True,True
162964,1.0,0.0,0.5,none,True,True
162965,1.0,0.0,0.5,none,True,True
162966,1.0,0.0,0.5,none,True,True
162967,1.0,0.0,0.5,none,True,True
162968,1.0,0.0,0.5,none,True,True
162969,1.0,0.0,0.5,none,True,True
162970,1.0,0.0,0.5,none,True,True
162971,1.0,0.0,0.5,none,True,True
162972,1.0,0.0,0.5,none,True,True
162973,1.0,0.0,0.5,none,True,True
162974,1.0,0.0,0.5,none,True,True
162975,1.0,0.0,0.5,none,True,True
162976,1.0,0.0,0.5,none,True,True
162977,1.0,0.0,0.5,none,True,True
162978,1.0,0.0,0.5,none,True,True
162979,1.0,0.0,0.5,none,True,True
162980,1.0,0.0,0.5,none,True,True
162981,1.0,0.0,0.5,none,True,True
162982,1.0,0.0,0.5,none,True,True
162983,1.0,0.0,0.5,none,True,True
162984,1.0,0.0,0.5,none,True,True
162985,1.0,0.0,0.5,none,True,True
162986,1.0,0.0,0.5,none,True,True
162987,1.0,0.0,0.5,none,True,True
162988,1.0,0.0,0.5,none,True,True
162989,1.0,0.0,0.5,none,True,True
162990,1.0,0.0,0.5,none,True,True
162991,1.0,0.0,0.5,none,True,True
162992,1.0,0.0,0.5,none,True,True
162993,1.0,0.0,0.5,none,True,True
162994,1.0,0.0,0.5,none,True,True
162995,1.0,0.0,0.5,none,True,True
162996,1.0,0.0,0.5,none,True,True
162997,1.0,0.0,0.5,none,True,True
162998,1.0,0.0,0.5,none,True,True
162999,1.0,0.0,0.5,none,True,True
163000,1.0,0.0,0.5,none,True,True
163001,1.0,0.0,0.5,none,True,True
163002,1.0,0.0,0.5,none,True,True
163003,1.0,0.0,0.5,none,True,True
163004,1.0,0.0,0.5,none,True,True
163005,1.0,0.0,0.5,none,True,True
163006,1.0,0.0,0.5,none,True,True
163007,1.0,0.0,0.5,none,True,True
163008,1.0,0.0,0.5,none,True,True
163009,1.0,0.0,0.5,none,True,True
163010,1.0,0.0,0.5,none,True,True
163011,1.0,0.0,0.5,none,True,True
163012,1.0,0.0,0.5,none,True,True
163013,1.0,0.0,0.5,none,True,True
163014,1.0,0.0,0.5,none,True,True
163015,1.0,0.0,0.5,none,True,True
163016,1.0,0.0,0.5,none,True,True
163017,1.0,0.0,0.5,none,True,True
163018,1.0,0.0,0.5,none,True,True
163019,1.0,0.0,0.5,none,True,True
163020,1.0,0.0,0.5,none,True,True
163021,1.0,0.0,0.5,none,True,True
163022,1.0,0.0,0.5,none,True,True
163023,1.0,0.0,0.5,none,True,True
163024,1.0,0.0,0.5,none,True,True
163025,1.0,0.0,0.5,none,True,True
163026,1.0,0.0,0.5,none,True,True
163027,1.0,0.0,0.5,none,True,True
163028,1.0,0.0,0.5,none,True,True
163029,1.0,0.0,0.5,none,True,True
163030,1.0,0.0,0.5,none,True,True
163031,1.0,0.0,0.5,none,True,True
163032,1.0,0.0,0.5,none,True,True
163033,1.0,0.0,0.5,none,True,True
163034,1.0,0.0,0.5,none,True,True
163035,1.0,0.0,0.5,none,True,True
163036,1.0,0.0,0.5,none,True,True
163037,1.0,0.0,0.5,none,True,True
163038,1.0,0.0,0.5,none,True,True
163039,1.0,0.0,0.5,none,True,True
163040,1.0,0.0,0.5,none,True,True
163041,1.0,0.0,0.5,none,True,True
163042,1.0,0.0,0.5,none,True,True
163043,1.0,0.0,0.5,none,True,True
163044,1.0,0.0,0.5,none,True,True
163045,1.0,0.0,0.5,none,True,True
163046,1.0,0.0,0.5,none,True,True
163047,1.0,0.0,0.5,none,True,True
163048,1.0,0.0,0.5,none,True,True
163049,1.0,0.0,0.5,none,True,True
163050,1.0,0.0,0.5,none,True,True
163051,1.0,0.0,0.5,none,True,True
163052,1.0,0.0,0.5,none,True,True
163053,1.0,0.0,0.5,none,True,True
163054,1.0,0.0,0.5,none,True,True
163055,1.0,0.0,0.5,none,True,True
163056,1.0,0.0,0.5,none,True,True
163057,1.0,0.0,0.5,none,True,True
163058,1.0,0.0,0.5,none,True,True
163059,1.0,0.0,0.5,none,True,True
163060,1.0,0.0,0.5,none,True,True
163061,1.0,0.0,0.5,none,True,True
163062,1.0,0.0,0.5,none,True,True
163063,1.0,0.0,0.5,none,True,True
163064,1.0,0.0,0.5,none,True,True
163065,1.0,0.0,0.5,none,True,True
163066,1.0,0.0,0.5,none,True,True
163067,1.0,0.0,0.5,none,True,True
163068,1.0,0.0,0.5,none,True,True
163069,1.0,0.0,0.5,none,True,True
163070,1.0,0.0,0.5,none,True,True
163071,1.0,0.0,0.5,none,True,True
163072,1.0,0.0,0.5,none,True,True
163073,1.0,0.0,0.5,none,True,True
163074,1.0,0.0,0.5,none,True,True
163075,1.0,0.0,0.5,none,True,True
163076,1.0,0.0,0.5,none,True,True
163077,1.0,0.0,0.5,none,True,True
163078,1.0,0.0,0.5,none,True,True
163079,1.0,0.0,0.5,none,True,True
163080,1.0,0.0,0.5,none,True,True
163081,1.0,0.0,0.5,none,True,True
163082,1.0,0.0,0.5,none,True,True
163083,1.0,0.0,0.5,none,True,True
163084,1.0,0.0,0.5,none,True,True
163085,1.0,0.0,0.5,none,True,True
163086,1.0,0.0,0.5,none,True,True
163087,1.0,0.0,0.5,none,True,True
163088,1.0,0.0,0.5,none,True,True
163089,1.0,0.0,0.5,none,True,True
163090,1.0,0.0,0.5,none,True,True
163091,1.0,0.0,0.5,none,True,True
163092,1.0,0.0,0.5,none,True,True
163093,1.0,0.0,0.5,none,True,True
163094,1.0,0.0,0.5,none,True,True
163095,1.0,0.0,0.5,none,True,True
163096,1.0,0.0,0.5,none,True,True
163097,1.0,0.0,0.5,none,True,True
163098,1.0,0.0,0.5,none,True,True
163099,1.0,0.0,0.5,none,True,True
163100,1.0,0.0061,0.5,none,True,True
163101,1.0,0.0357,0.5,none,True,True
163102,1.0,0.0812,0.5,none,True,True
163103,1.0,0.1113,0.5,none,True,True
163104,1.0,0.1253,0.5,none,True,True
163105,1.0,0.1408,0.5,none,True,True
163106,1.0,0.0907,0.5,none,True,True
163107,1.0,0.1198,0.5,none,True,True
163108,1.0,0.0467,0.5,none,True,True
163109,1.0,0.0522,0.5,none,True,True
163110,1.0,0.0405,0.5,none,True,True
163111,1.0,0.0313,0.5,none,True,True
163112,1.0,0.0083,0.5,none,True,True
163113,1.0,0.0726,0.5,none,True,True
163114,1.0,0.0793,0.5,none,True,True
163115,1.0,0.0581,0.5,none,True,True
163116,1.0,0.0955,0.5,none,True,True
163117,1.0,0.0839,0.5,none,True,True
163118,1.0,0.0648,0.5,none,True,True
163119,1.0,0.0718,0.5,none,True,True
163120,1.0,0.0589,0.5,none,True,True
163121,1.0,0.0403,0.5,none,True,True
163122,1.0,0.0327,0.5,none,True,True
163123,1.0,0.0277,0.5,none,True,True
163124,1.0,0.017,0.5,none,True,True
163125,1.0,0.0102,0.5,none,True,True
163126,1.0,0.0099,0.5,none,True,True
163127,1.0,0.008,0.5,none,True,True
163128,1.0,0.005,0.5,none,True,True
163129,1.0,0.0063,0.5,none,True,True
163130,1.0,0.009,0.5,none,True,True
163131,1.0,0.0096,0.5,none,True,True
163132,1.0,0.0108,0.5,none,True,True
163133,1.0,0.014,0.5,none,True,True
163134,1.0,0.0161,0.5,none,True,True
163135,1.0,0.0167,0.5,none,True,True
163136,1.0,0.0182,0.5,none,True,True
163137,1.0,0.0196,0.5,none,True,True
163138,1.0,0.0197,0.5,none,True,True
163139,1.0,0.0193,0.5,none,True,True
163140,1.0,0.0193,0.5,none,True,True
163141,1.0,0.0187,0.5,none,True,True
163142,1.0,0.0174,0.5,none,True,True
163143,1.0,0.0163,0.5,none,True,True
163144,1.0,0.0152,0.5,none,True,True
163145,1.0,0.0138,0.5,none,True,True
163146,1.0,0.0123,0.5,none,True,True
163147,1.0,0.0111,0.5,none,True,True
163148,1.0,0.01,0.5,none,True,True
163149,1.0,0.0088,0.5,none,True,True
163150,1.0,0.0078,0.5,none,True,True
163151,1.0,0.0071,0.5,none,True,True
163152,1.0,0.0064,0.5,none,True,True
163153,1.0,0.0057,0.5,none,True,True
163154,1.0,0.0053,0.5,none,True,True
163155,1.0,0.005,0.5,none,True,True
163156,1.0,0.0047,0.5,none,True,True
163157,1.0,0.0045,0.5,none,True,True
163158,1.0,0.0044,0.5,none,True,True
163159,1.0,0.0043,0.5,none,True,True
163160,1.0,0.0042,0.5,none,True,True
163161,1.0,0.0041,0.5,none,True,True
163162,1.0,0.004,0.5,none,True,True
163163,1.0,0.0039,0.5,none,True,True
163164,1.0,0.0038,0.5,none,True,True
163165,1.0,0.0037,0.5,none,True,True
163166,1.0,0.0035,0.5,none,True,True
163167,1.0,0.0033,0.5,none,True,True
163168,1.0,0.0032,0.5,none,True,True
163169,1.0,0.003,0.5,none,True,True
163170,1.0,0.0028,0.5,none,True,True
163171,1.0,0.0026,0.5,none,True,True
163172,1.0,0.0024,0.5,none,True,True
163173,1.0,0.0023,0.5,none,True,True
163174,1.0,0.0021,0.5,none,True,True
163175,1.0,0.0019,0.5,none,True,True
163176,1.0,0.0018,0.5,none,True,True
163177,1.0,0.0017,0.5,none,True,True
163178,1.0,0.0015,0.5,none,True,True
163179,1.0,0.0014,0.5,none,True,True
163180,1.0,0.0013,0.5,none,True,True
163181,1.0,0.0013,0.5,none,True,True
163182,1.0,0.0012,0.5,none,True,True
163183,1.0,0.0011,0.5,none,True,True
163184,1.0,0.0011,0.5,none,True,True
163185,1.0,0.001,0.5,none,True,True
163186,1.0,0.001,0.5,none,True,True
163187,1.0,0.0009,0.5,none,True,True
163188,1.0,0.0009,0.5,none,True,True
163189,1.0,0.0008,0.5,none,True,True
163190,1.0,0.0008,0.5,none,True,True
163191,1.0,0.0008,0.5,none,True,True
163192,1.0,0.0007,0.5,none,True,True
163193,1.0,0.0007,0.5,none,True,True
163194,1.0,0.0006,0.5,none,True,True
163195,1.0,0.0006,0.5,none,True,True
163196,1.0,0.0006,0.5,none,True,True
163197,1.0,0.0005,0.5,none,True,True
163198,1.0,0.0005,0.5,none,True,True
163199,1.0,0.0005,0.5,none,True,True
163200,1.0,0.0004,0.5,none,True,True
163201,1.0,0.0004,0.5,none,True,True
163202,1.0,0.0004,0.5,none,True,True
163203,1.0,0.0004,0.5,none,True,True
163204,1.0,0.0003,0.5,none,True,True
163205,1.0,0.0003,0.5,none,True,True
163206,1.0,0.0003,0.5,none,True,True
163207,1.0,0.0003,0.5,none,True,True
163208,1.0,0.0003,0.5,none,True,True
163209,1.0,0.0003,0.5,none,True,True
163210,1.0,0.0002,0.5,none,True,True
163211,1.0,0.0002,0.5,none,True,True
163212,1.0,0.0002,0.5,none,True,True
163213,1.0,0.0002,0.5,none,True,True
163214,1.0,0.0002,0.5,none,True,True
163215,1.0,0.0002,0.5,none,True,True
163216,1.0,0.0002,0.5,none,True,True
163217,1.0,0.0002,0.5,none,True,True
163218,1.0,0.0002,0.5,none,True,True
163219,1.0,0.0001,0.5,none,True,True
163220,1.0,0.0001,0.5,none,True,True
163221,1.0,0.0001,0.5,none,True,True
163222,1.0,0.0001,0.5,none,True,True
163223,1.0,0.0001,0.5,none,True,True
163224,1.0,0.0001,0.5,none,True,True
163225,1.0,0.0001,0.5,none,True,True
163226,1.0,0.0001,0.5,none,True,True
163227,1.0,0.0001,0.5,none,True,True
163228,1.0,0.0001,0.5,none,True,True
163229,1.0,0.0001,0.5,none,True,True
163230,1.0,0.0001,0.5,none,True,True
163231,1.0,0.0001,0.5,none,True,True
163232,1.0,0.0001,0.5,none,True,True
163233,1.0,0.0001,0.5,none,True,True
163234,1.0,0.0001,0.5,none,True,True
163235,1.0,0.0001,0.5,none,True,True
163236,1.0,0.0001,0.5,none,True,True
163237,1.0,0.0,0.5,none,True,True
163238,1.0,0.0,0.5,none,True,True
163239,1.0,0.0,0.5,none,True,True
163240,1.0,0.0,0.5,none,True,True
163241,1.0,0.0,0.5,none,True,True
163242,1.0,0.0,0.5,none,True,True
163243,1.0,0.0,0.5,none,True,True
163244,1.0,0.0,0.5,none,True,True
163245,1.0,0.0,0.5,none,True,True
163246,1.0,0.0,0.5,none,True,True
163247,1.0,0.0,0.5,none,True,True
163248,1.0,0.0,0.5,none,True,True
163249,1.0,0.0,0.5,none,True,True
163250,1.0,0.0,0.5,none,True,True
163251,1.0,0.0,0.5,none,True,True
163252,1.0,0.0,0.5,none,True,True
163253,1.0,0.0,0.5,none,True,True
163254,1.0,0.0,0.5,none,True,True
163255,1.0,0.0,0.5,none,True,True
163256,1.0,0.0,0.5,none,True,True
163257,1.0,0.0,0.5,none,True,True
163258,1.0,0.0,0.5,none,True,True
163259,1.0,0.0,0.5,none,True,True
163260,1.0,0.0,0.5,none,True,True
163261,1.0,0.0,0.5,none,True,True
163262,1.0,0.0,0.5,none,True,True
163263,1.0,0.0,0.5,none,True,True
163264,1.0,0.0,0.5,none,True,True
163265,1.0,0.0,0.5,none,True,True
163266,1.0,0.0,0.5,none,True,True
163267,1.0,0.0,0.5,none,True,True
163268,1.0,0.0,0.5,none,True,True
163269,1.0,0.0,0.5,none,True,True
163270,1.0,0.0,0.5,none,True,True
163271,1.0,0.0,0.5,none,True,True
163272,1.0,0.0,0.5,none,True,True
163273,1.0,0.0,0.5,none,True,True
163274,1.0,0.0,0.5,none,True,True
163275,1.0,0.0,0.5,none,True,True
163276,1.0,0.0,0.5,none,True,True
163277,1.0,0.0,0.5,none,True,True
163278,1.0,0.0,0.5,none,True,True
163279,1.0,0.0,0.5,none,True,True
163280,1.0,0.0,0.5,none,True,True
163281,1.0,0.0,0.5,none,True,True
163282,1.0,0.0,0.5,none,True,True
163283,1.0,0.0,0.5,none,True,True
163284,1.0,0.0,0.5,none,True,True
163285,1.0,0.0,0.5,none,True,True
163286,1.0,0.0,0.5,none,True,True
163287,1.0,0.0,0.5,none,True,True
163288,1.0,0.0,0.5,none,True,True
163289,1.0,0.0,0.5,none,True,True
163290,1.0,0.0,0.5,none,True,True
163291,1.0,0.0,0.5,none,True,True
163292,1.0,0.0,0.5,none,True,True
163293,1.0,0.0,0.5,none,True,True
163294,1.0,0.0,0.5,none,True,True
163295,1.0,0.0,0.5,none,True,True
163296,1.0,0.0,0.5,none,True,True
163297,1.0,0.0,0.5,none,True,True
163298,1.0,0.0,0.5,none,True,True
163299,1.0,0.0,0.5,none,True,True
163300,1.0,0.0,0.5,none,True,True
163301,1.0,0.0,0.5,none,True,True
163302,1.0,0.0,0.5,none,True,True
163303,1.0,0.0,0.5,none,True,True
163304,1.0,0.0,0.5,none,True,True
163305,1.0,0.0,0.5,none,True,True
163306,1.0,0.0,0.5,none,True,True
163307,1.0,0.0,0.5,none,True,True
163308,1.0,0.0,0.5,none,True,True
163309,1.0,0.0,0.5,none,True,True
163310,1.0,0.0,0.5,none,True,True
163311,1.0,0.0,0.5,none,True,True
163312,1.0,0.0,0.5,none,True,True
163313,1.0,0.0,0.5,none,True,True
163314,1.0,0.0,0.5,none,True,True
163315,1.0,0.0,0.5,none,True,True
163316,1.0,0.0,0.5,none,True,True
163317,1.0,0.0,0.5,none,True,True
163318,1.0,0.0,0.5,none,True,True
163319,1.0,0.0,0.5,none,True,True
163320,1.0,0.0,0.5,none,True,True
163321,1.0,0.0,0.5,none,True,True
163322,1.0,0.0,0.5,none,True,True
163323,1.0,0.0,0.5,none,True,True
163324,1.0,0.0,0.5,none,True,True
163325,1.0,0.0,0.5,none,True,True
163326,1.0,0.0,0.5,none,True,True
163327,1.0,0.0,0.5,none,True,True
163328,1.0,0.0,0.5,none,True,True
163329,1.0,0.0,0.5,none,True,True
163330,1.0,0.0,0.5,none,True,True
163331,1.0,0.0,0.5,none,True,True
163332,1.0,0.0,0.5,none,True,True
163333,1.0,0.0,0.5,none,True,True
163334,1.0,0.0,0.5,none,True,True
163335,1.0,0.0,0.5,none,True,True
163336,1.0,0.0,0.5,none,True,True
163337,1.0,0.0,0.5,none,True,True
163338,1.0,0.0,0.5,none,True,True
163339,1.0,0.0,0.5,none,True,True
163340,1.0,0.0,0.5,none,True,True
163341,1.0,0.0,0.5,none,True,True
163342,1.0,0.0,0.5,none,True,True
163343,1.0,0.0,0.5,none,True,True
163344,1.0,0.0,0.5,none,True,True
163345,1.0,0.0,0.5,none,True,True
163346,1.0,0.0,0.5,none,True,True
163347,1.0,0.0,0.5,none,True,True
163348,1.0,0.0,0.5,none,True,True
163349,1.0,0.0,0.5,none,True,True
163350,1.0,0.0,0.5,none,True,True
163351,1.0,0.0,0.5,none,True,True
163352,1.0,0.0,0.5,none,True,True
163353,1.0,0.0,0.5,none,True,True
163354,1.0,0.0,0.5,none,True,True
163355,1.0,0.0,0.5,none,True,True
163356,1.0,0.0,0.5,none,True,True
163357,1.0,0.0,0.5,none,True,True
163358,1.0,0.0,0.5,none,True,True
163359,1.0,0.0,0.5,none,True,True
163360,1.0,0.0,0.5,none,True,True
163361,1.0,0.0,0.5,none,True,True
163362,1.0,0.0,0.5,none,True,True
163363,1.0,0.0,0.5,none,True,True
163364,1.0,0.0,0.5,none,True,True
163365,1.0,0.0,0.5,none,True,True
163366,1.0,0.0,0.5,none,True,True
163367,1.0,0.0,0.5,none,True,True
163368,1.0,0.0,0.5,none,True,True
163369,1.0,0.0,0.5,none,True,True
163370,1.0,0.0,0.5,none,True,True
163371,1.0,0.0,0.5,none,True,True
163372,1.0,0.0,0.5,none,True,True
163373,1.0,0.0,0.5,none,True,True
163374,1.0,0.0,0.5,none,True,True
163375,1.0,0.0,0.5,none,True,True
163376,1.0,0.0,0.5,none,True,True
163377,1.0,0.0,0.5,none,True,True
163378,1.0,0.0,0.5,none,True,True
163379,1.0,0.0,0.5,none,True,True
163380,1.0,0.0,0.5,none,True,True
163381,1.0,0.0,0.5,none,True,True
163382,1.0,0.0,0.5,none,True,True
163383,1.0,0.0,0.5,none,True,True
163384,1.0,0.0,0.5,none,True,True
163385,1.0,0.0,0.5,none,True,True
163386,1.0,0.0,0.5,none,True,True
163387,1.0,0.0,0.5,none,True,True
163388,1.0,0.0,0.5,none,True,True
163389,1.0,0.0,0.5,none,True,True
163390,1.0,0.0,0.5,none,True,True
163391,1.0,0.0,0.5,none,True,True
163392,1.0,0.0,0.5,none,True,True
163393,1.0,0.0,0.5,none,True,True
163394,1.0,0.0,0.5,none,True,True
163395,1.0,0.0,0.5,none,True,True
163396,1.0,0.0,0.5,none,True,True
163397,1.0,0.0,0.5,none,True,True
163398,1.0,0.0,0.5,none,True,True
163399,1.0,0.0,0.5,none,True,True
163400,1.0,0.0,0.5,none,True,True
163401,1.0,0.0,0.5,none,True,True
163402,1.0,0.0,0.5,none,True,True
163403,1.0,0.0,0.5,none,True,True
163404,1.0,0.0,0.5,none,True,True
163405,1.0,0.0,0.5,none,True,True
163406,1.0,0.0,0.5,none,True,True
163407,1.0,0.0,0.5,none,True,True
163408,1.0,0.0,0.5,none,True,True
163409,1.0,0.0,0.5,none,True,True
163410,1.0,0.0,0.5,none,True,True
163411,1.0,0.0,0.5,none,True,True
163412,1.0,0.0,0.5,none,True,True
163413,1.0,0.0,0.5,none,True,True
163414,1.0,0.0,0.5,none,True,True
163415,1.0,0.0,0.5,none,True,True
163416,1.0,0.0,0.5,none,True,True
163417,1.0,0.0,0.5,none,True,True
163418,1.0,0.0,0.5,none,True,True
163419,1.0,0.0,0.5,none,True,True
163420,1.0,0.0,0.5,none,True,True
163421,1.0,0.0,0.5,none,True,True
163422,1.0,0.0,0.5,none,True,True
163423,1.0,0.0,0.5,none,True,True
163424,1.0,0.0,0.5,none,True,True
163425,1.0,0.0,0.5,none,True,True
163426,1.0,0.0,0.5,none,True,True
163427,1.0,0.0,0.5,none,True,True
163428,1.0,0.0,0.5,none,True,True
163429,1.0,0.0,0.5,none,True,True
163430,1.0,0.0,0.5,none,True,True
163431,1.0,0.0,0.5,none,True,True
163432,1.0,0.0,0.5,none,True,True
163433,1.0,0.0,0.5,none,True,True
163434,1.0,0.0,0.5,none,True,True
163435,1.0,0.0,0.5,none,True,True
163436,1.0,0.0,0.5,none,True,True
163437,1.0,0.0,0.5,none,True,True
163438,1.0,0.0,0.5,none,True,True
163439,1.0,0.0,0.5,none,True,True
163440,1.0,0.0,0.5,none,True,True
163441,1.0,0.0,0.5,none,True,True
163442,1.0,0.0,0.5,none,True,True
163443,1.0,0.0,0.5,none,True,True
163444,1.0,0.0,0.5,none,True,True
163445,1.0,0.0,0.5,none,True,True
163446,1.0,0.0,0.5,none,True,True
163447,1.0,0.0,0.5,none,True,True
163448,1.0,0.0,0.5,none,True,True
163449,1.0,0.0,0.5,none,True,True
163450,1.0,0.0,0.5,none,True,True
163451,1.0,0.0,0.5,none,True,True
163452,1.0,0.0,0.5,none,True,True
163453,1.0,0.0,0.5,none,True,True
163454,1.0,0.0,0.5,none,True,True
163455,1.0,0.0,0.5,none,True,True
163456,1.0,0.0,0.5,none,True,True
163457,1.0,0.0,0.5,none,True,True
163458,1.0,0.0,0.5,none,True,True
163459,1.0,0.0,0.5,none,True,True
163460,1.0,0.0,0.5,none,True,True
163461,1.0,0.0,0.5,none,True,True
163462,1.0,0.0,0.5,none,True,True
163463,1.0,0.0,0.5,none,True,True
163464,1.0,0.0,0.5,none,True,True
163465,1.0,0.0,0.5,none,True,True
163466,1.0,0.0,0.5,none,True,True
163467,1.0,0.0,0.5,none,True,True
163468,1.0,0.0,0.5,none,True,True
163469,1.0,0.0,0.5,none,True,True
163470,1.0,0.0,0.5,none,True,True
163471,1.0,0.0,0.5,none,True,True
163472,1.0,0.0,0.5,none,True,True
163473,1.0,0.0,0.5,none,True,True
163474,1.0,0.0,0.5,none,True,True
163475,1.0,0.0,0.5,none,True,True
163476,1.0,0.0,0.5,none,True,True
163477,1.0,0.0,0.5,none,True,True
163478,1.0,0.0,0.5,none,True,True
163479,1.0,0.0,0.5,none,True,True
163480,1.0,0.0,0.5,none,True,True
163481,1.0,0.0,0.5,none,True,True
163482,1.0,0.0,0.5,none,True,True
163483,1.0,0.0,0.5,none,True,True
163484,1.0,0.0,0.5,none,True,True
163485,1.0,0.0,0.5,none,True,True
163486,1.0,0.0,0.5,none,True,True
163487,1.0,0.0,0.5,none,True,True
163488,1.0,0.0,0.5,none,True,True
163489,1.0,0.0,0.5,none,True,True
163490,1.0,0.0,0.5,none,True,True
163491,1.0,0.0,0.5,none,True,True
163492,1.0,0.0,0.5,none,True,True
163493,1.0,0.0,0.5,none,True,True
163494,1.0,0.0,0.5,none,True,True
163495,1.0,0.0,0.5,none,True,True
163496,1.0,0.0,0.5,none,True,True
163497,1.0,0.0,0.5,none,True,True
163498,1.0,0.0,0.5,none,True,True
163499,1.0,0.0,0.5,none,True,True
163500,1.0,0.0,0.5,none,True,True
163501,1.0,0.0,0.5,none,True,True
163502,1.0,0.0,0.5,none,True,True
163503,1.0,0.0,0.5,none,True,True
163504,1.0,0.0,0.5,none,True,True
163505,1.0,0.0,0.5,none,True,True
163506,1.0,0.0,0.5,none,True,True
163507,1.0,0.0,0.5,none,True,True
163508,1.0,0.0,0.5,none,True,True
163509,1.0,0.0,0.5,none,True,True
163510,1.0,0.0,0.5,none,True,True
163511,1.0,0.0,0.5,none,True,True
163512,1.0,0.0,0.5,none,True,True
163513,1.0,0.0,0.5,none,True,True
163514,1.0,0.0,0.5,none,True,True
163515,1.0,0.0,0.5,none,True,True
163516,1.0,0.0,0.5,none,True,True
163517,1.0,0.0,0.5,none,True,True
163518,1.0,0.0,0.5,none,True,True
163519,1.0,0.0,0.5,none,True,True
163520,1.0,0.0,0.5,none,True,True
163521,1.0,0.0,0.5,none,True,True
163522,1.0,0.0,0.5,none,True,True
163523,1.0,0.0,0.5,none,True,True
163524,1.0,0.0,0.5,none,True,True
163525,1.0,0.0,0.5,none,True,True
163526,1.0,0.0,0.5,none,True,True
163527,1.0,0.0,0.5,none,True,True
163528,1.0,0.0,0.5,none,True,True
163529,1.0,0.0,0.5,none,True,True
163530,1.0,0.0,0.5,none,True,True
163531,1.0,0.0,0.5,none,True,True
163532,1.0,0.0,0.5,none,True,True
163533,1.0,0.0,0.5,none,True,True
163534,1.0,0.0,0.5,none,True,True
163535,1.0,0.0,0.5,none,True,True
163536,1.0,0.0,0.5,none,True,True
163537,1.0,0.0,0.5,none,True,True
163538,1.0,0.0,0.5,none,True,True
163539,1.0,0.0,0.5,none,True,True
163540,1.0,0.0,0.5,none,True,True
163541,1.0,0.0,0.5,none,True,True
163542,1.0,0.0,0.5,none,True,True
163543,1.0,0.0,0.5,none,True,True
163544,1.0,0.0,0.5,none,True,True
163545,1.0,0.0,0.5,none,True,True
163546,1.0,0.0,0.5,none,True,True
163547,1.0,0.0,0.5,none,True,True
163548,1.0,0.0,0.5,none,True,True
163549,1.0,0.0,0.5,none,True,True
163550,1.0,0.0,0.5,none,True,True
163551,1.0,0.0,0.5,none,True,True
163552,1.0,0.0,0.5,none,True,True
163553,1.0,0.0,0.5,none,True,True
163554,1.0,0.0,0.5,none,True,True
163555,1.0,0.0,0.5,none,True,True
163556,1.0,0.0,0.5,none,True,True
163557,1.0,0.0,0.5,none,True,True
163558,1.0,0.0,0.5,none,True,True
163559,1.0,0.0,0.5,none,True,True
163560,1.0,0.0,0.5,none,True,True
163561,1.0,0.0,0.5,none,True,True
163562,1.0,0.0,0.5,none,True,True
163563,1.0,0.0,0.5,none,True,True
163564,1.0,0.0,0.5,none,True,True
163565,1.0,0.0,0.5,none,True,True
163566,1.0,0.0,0.5,none,True,True
163567,1.0,0.0,0.5,none,True,True
163568,1.0,0.0,0.5,none,True,True
163569,1.0,0.0,0.5,none,True,True
163570,1.0,0.0,0.5,none,True,True
163571,1.0,0.0,0.5,none,True,True
163572,1.0,0.0,0.5,none,True,True
163573,1.0,0.0,0.5,none,True,True
163574,1.0,0.0,0.5,none,True,True
163575,1.0,0.0,0.5,none,True,True
163576,1.0,0.0,0.5,none,True,True
163577,1.0,0.0,0.5,none,True,True
163578,1.0,0.0,0.5,none,True,True
163579,1.0,0.0,0.5,none,True,True
163580,1.0,0.0,0.5,none,True,True
163581,1.0,0.0,0.5,none,True,True
163582,1.0,0.0,0.5,none,True,True
163583,1.0,0.0,0.5,none,True,True
163584,1.0,0.0,0.5,none,True,True
163585,1.0,0.0,0.5,none,True,True
163586,1.0,0.0,0.5,none,True,True
163587,1.0,0.0,0.5,none,True,True
163588,1.0,0.0,0.5,none,True,True
163589,1.0,0.0,0.5,none,True,True
163590,1.0,0.0,0.5,none,True,True
163591,1.0,0.0,0.5,none,True,True
163592,1.0,0.0,0.5,none,True,True
163593,1.0,0.0,0.5,none,True,True
163594,1.0,0.0,0.5,none,True,True
163595,1.0,0.0,0.5,none,True,True
163596,1.0,0.0,0.5,none,True,True
163597,1.0,0.0,0.5,none,True,True
163598,1.0,0.0,0.5,none,True,True
163599,1.0,0.0,0.5,none,True,True
163600,1.0,0.0,0.5,none,True,True
163601,1.0,0.0,0.5,none,True,True
163602,1.0,0.0,0.5,none,True,True
163603,1.0,0.0,0.5,none,True,True
163604,1.0,0.0,0.5,none,True,True
163605,1.0,0.0,0.5,none,True,True
163606,1.0,0.0,0.5,none,True,True
163607,1.0,0.0,0.5,none,True,True
163608,1.0,0.0,0.5,none,True,True
163609,1.0,0.0,0.5,none,True,True
163610,1.0,0.0,0.5,none,True,True
163611,1.0,0.0,0.5,none,True,True
163612,1.0,0.0,0.5,none,True,True
163613,1.0,0.0,0.5,none,True,True
163614,1.0,0.0,0.5,none,True,True
163615,1.0,0.0,0.5,none,True,True
163616,1.0,0.0,0.5,none,True,True
163617,1.0,0.0,0.5,none,True,True
163618,1.0,0.0,0.5,none,True,True
163619,1.0,0.0,0.5,none,True,True
163620,1.0,0.0,0.5,none,True,True
163621,1.0,0.0,0.5,none,True,True
163622,1.0,0.0,0.5,none,True,True
163623,1.0,0.0,0.5,none,True,True
163624,1.0,0.0,0.5,none,True,True
163625,1.0,0.0,0.5,none,True,True
163626,1.0,0.0,0.5,none,True,True
163627,1.0,0.0,0.5,none,True,True
163628,1.0,0.0,0.5,none,True,True
163629,1.0,0.0,0.5,none,True,True
163630,1.0,0.0,0.5,none,True,True
163631,1.0,0.0,0.5,none,True,True
163632,1.0,0.0,0.5,none,True,True
163633,1.0,0.0,0.5,none,True,True
163634,1.0,0.0,0.5,none,True,True
163635,1.0,0.0,0.5,none,True,True
163636,1.0,0.0,0.5,none,True,True
163637,1.0,0.0,0.5,none,True,True
163638,1.0,0.0,0.5,none,True,True
163639,1.0,0.0,0.5,none,True,True
163640,1.0,0.0,0.5,none,True,True
163641,1.0,0.0,0.5,none,True,True
163642,1.0,0.0,0.5,none,True,True
163643,1.0,0.0,0.5,none,True,True
163644,1.0,0.0,0.5,none,True,True
163645,1.0,0.0,0.5,none,True,True
163646,1.0,0.0,0.5,none,True,True
163647,1.0,0.0,0.5,none,True,True
163648,1.0,0.0,0.5,none,True,True
163649,1.0,0.0,0.5,none,True,True
163650,1.0,0.0,0.5,none,True,True
163651,1.0,0.0,0.5,none,True,True
163652,1.0,0.0,0.5,none,True,True
163653,1.0,0.0,0.5,none,True,True
163654,1.0,0.0,0.5,none,True,True
163655,1.0,0.0,0.5,none,True,True
163656,1.0,0.0,0.5,none,True,True
163657,1.0,0.0,0.5,none,True,True
163658,1.0,0.0,0.5,none,True,True
163659,1.0,0.0,0.5,none,True,True
163660,1.0,0.0,0.5,none,True,True
163661,1.0,0.0,0.5,none,True,True
163662,1.0,0.0,0.5,none,True,True
163663,1.0,0.0,0.5,none,True,True
163664,1.0,0.0,0.5,none,True,True
163665,1.0,0.0,0.5,none,True,True
163666,1.0,0.0,0.5,none,True,True
163667,1.0,0.0,0.5,none,True,True
163668,1.0,0.0,0.5,none,True,True
163669,1.0,0.0,0.5,none,True,True
163670,1.0,0.0,0.5,none,True,True
163671,1.0,0.0,0.5,none,True,True
163672,1.0,0.0,0.5,none,True,True
163673,1.0,0.0,0.5,none,True,True
163674,1.0,0.0,0.5,none,True,True
163675,1.0,0.0,0.5,none,True,True
163676,1.0,0.0,0.5,none,True,True
163677,1.0,0.0,0.5,none,True,True
163678,1.0,0.0,0.5,none,True,True
163679,1.0,0.0,0.5,none,True,True
163680,1.0,0.0,0.5,none,True,True
163681,1.0,0.0,0.5,none,True,True
163682,1.0,0.0,0.5,none,True,True
163683,1.0,0.0,0.5,none,True,True
163684,1.0,0.0,0.5,none,True,True
163685,1.0,0.0,0.5,none,True,True
163686,1.0,0.0,0.5,none,True,True
163687,1.0,0.0,0.5,none,True,True
163688,1.0,0.0,0.5,none,True,True
163689,1.0,0.0,0.5,none,True,True
163690,1.0,0.0,0.5,none,True,True
163691,1.0,0.0,0.5,none,True,True
163692,1.0,0.0,0.5,none,True,True
163693,1.0,0.0,0.5,none,True,True
163694,1.0,0.0,0.5,none,True,True
163695,1.0,0.0,0.5,none,True,True
163696,1.0,0.0,0.5,none,True,True
163697,1.0,0.0,0.5,none,True,True
163698,1.0,0.0,0.5,none,True,True
163699,1.0,0.0,0.5,none,True,True
163700,1.0,0.0,0.5,none,True,True
163701,1.0,0.0,0.5,none,True,True
163702,1.0,0.0,0.5,none,True,True
163703,1.0,0.0,0.5,none,True,True
163704,1.0,0.0,0.5,none,True,True
163705,1.0,0.0,0.5,none,True,True
163706,1.0,0.0,0.5,none,True,True
163707,1.0,0.0,0.5,none,True,True
163708,1.0,0.0,0.5,none,True,True
163709,1.0,0.0,0.5,none,True,True
163710,1.0,0.0,0.5,none,True,True
163711,1.0,0.0,0.5,none,True,True
163712,1.0,0.0,0.5,none,True,True
163713,1.0,0.0,0.5,none,True,True
163714,1.0,0.0,0.5,none,True,True
163715,1.0,0.0,0.5,none,True,True
163716,1.0,0.0,0.5,none,True,True
163717,1.0,0.0,0.5,none,True,True
163718,1.0,0.0,0.5,none,True,True
163719,1.0,0.0,0.5,none,True,True
163720,1.0,0.0,0.5,none,True,True
163721,1.0,0.0,0.5,none,True,True
163722,1.0,0.0,0.5,none,True,True
163723,1.0,0.0,0.5,none,True,True
163724,1.0,0.0,0.5,none,True,True
163725,1.0,0.0,0.5,none,True,True
163726,1.0,0.0,0.5,none,True,True
163727,1.0,0.0,0.5,none,True,True
163728,1.0,0.0,0.5,none,True,True
163729,1.0,0.0,0.5,none,True,True
163730,1.0,0.0,0.5,none,True,True
163731,1.0,0.0,0.5,none,True,True
163732,1.0,0.0,0.5,none,True,True
163733,1.0,0.0,0.5,none,True,True
163734,1.0,0.0,0.5,none,True,True
163735,1.0,0.0,0.5,none,True,True
163736,1.0,0.0,0.5,none,True,True
163737,1.0,0.0,0.5,none,True,True
163738,1.0,0.0,0.5,none,True,True
163739,1.0,0.0,0.5,none,True,True
163740,1.0,0.0,0.5,none,True,True
163741,1.0,0.0,0.5,none,True,True
163742,1.0,0.0,0.5,none,True,True
163743,1.0,0.0,0.5,none,True,True
163744,1.0,0.0,0.5,none,True,True
163745,1.0,0.0,0.5,none,True,True
163746,1.0,0.0,0.5,none,True,True
163747,1.0,0.0,0.5,none,True,True
163748,1.0,0.0,0.5,none,True,True
163749,1.0,0.0,0.5,none,True,True
163750,1.0,0.0,0.5,none,True,True
163751,1.0,0.0,0.5,none,True,True
163752,1.0,0.0,0.5,none,True,True
163753,1.0,0.0,0.5,none,True,True
163754,1.0,0.0,0.5,none,True,True
163755,1.0,0.0,0.5,none,True,True
163756,1.0,0.0,0.5,none,True,True
163757,1.0,0.0,0.5,none,True,True
163758,1.0,0.0,0.5,none,True,True
163759,1.0,0.0,0.5,none,True,True
163760,1.0,0.0,0.5,none,True,True
163761,1.0,0.0,0.5,none,True,True
163762,1.0,0.0,0.5,none,True,True
163763,1.0,0.0,0.5,none,True,True
163764,1.0,0.0,0.5,none,True,True
163765,1.0,0.0,0.5,none,True,True
163766,1.0,0.0,0.5,none,True,True
163767,1.0,0.0,0.5,none,True,True
163768,1.0,0.0,0.5,none,True,True
163769,1.0,0.0,0.5,none,True,True
163770,1.0,0.0,0.5,none,True,True
163771,1.0,0.0,0.5,none,True,True
163772,1.0,0.0,0.5,none,True,True
163773,1.0,0.0,0.5,none,True,True
163774,1.0,0.0,0.5,none,True,True
163775,1.0,0.0,0.5,none,True,True
163776,1.0,0.0,0.5,none,True,True
163777,1.0,0.0,0.5,none,True,True
163778,1.0,0.0,0.5,none,True,True
163779,1.0,0.0,0.5,none,True,True
163780,1.0,0.0,0.5,none,True,True
163781,1.0,0.0,0.5,none,True,True
163782,1.0,0.0,0.5,none,True,True
163783,1.0,0.0,0.5,none,True,True
163784,1.0,0.0,0.5,none,True,True
163785,1.0,0.0,0.5,none,True,True
163786,1.0,0.0,0.5,none,True,True
163787,1.0,0.0,0.5,none,True,True
163788,1.0,0.0,0.5,none,True,True
163789,1.0,0.0,0.5,none,True,True
163790,1.0,0.0,0.5,none,True,True
163791,1.0,0.0,0.5,none,True,True
163792,1.0,0.0,0.5,none,True,True
163793,1.0,0.0,0.5,none,True,True
163794,1.0,0.0,0.5,none,True,True
163795,1.0,0.0,0.5,none,True,True
163796,1.0,0.0,0.5,none,True,True
163797,1.0,0.0,0.5,none,True,True
163798,1.0,0.0,0.5,none,True,True
163799,1.0,0.0,0.5,none,True,True
163800,1.0,0.0061,0.5,none,True,True
163801,1.0,0.0357,0.5,none,True,True
163802,1.0,0.0812,0.5,none,True,True
163803,1.0,0.1113,0.5,none,True,True
163804,1.0,0.1253,0.5,none,True,True
163805,1.0,0.1408,0.5,none,True,True
163806,1.0,0.0907,0.5,none,True,True
163807,1.0,0.1198,0.5,none,True,True
163808,1.0,0.0467,0.5,none,True,True
163809,1.0,0.0522,0.5,none,True,True
163810,1.0,0.0405,0.5,none,True,True
163811,1.0,0.0313,0.5,none,True,True
163812,1.0,0.0083,0.5,none,True,True
163813,1.0,0.0726,0.5,none,True,True
163814,1.0,0.0793,0.5,none,True,True
163815,1.0,0.0581,0.5,none,True,True
163816,1.0,0.0955,0.5,none,True,True
163817,1.0,0.0839,0.5,none,True,True
163818,1.0,0.0648,0.5,none,True,True
163819,1.0,0.0718,0.5,none,True,True
163820,1.0,0.0589,0.5,none,True,True
163821,1.0,0.0403,0.5,none,True,True
163822,1.0,0.0327,0.5,none,True,True
163823,1.0,0.0277,0.5,none,True,True
163824,1.0,0.017,0.5,none,True,True
163825,1.0,0.0102,0.5,none,True,True
163826,1.0,0.0099,0.5,none,True,True
163827,1.0,0.008,0.5,none,True,True
163828,1.0,0.005,0.5,none,True,True
163829,1.0,0.0063,0.5,none,True,True
163830,1.0,0.009,0.5,none,True,True
163831,1.0,0.0096,0.5,none,True,True
163832,1.0,0.0108,0.5,none,True,True
163833,1.0,0.014,0.5,none,True,True
163834,1.0,0.0161,0.5,none,True,True
163835,1.0,0.0167,0.5,none,True,True
163836,1.0,0.0182,0.5,none,True,True
163837,1.0,0.0196,0.5,none,True,True
163838,1.0,0.0197,0.5,none,True,True
163839,1.0,0.0193,0.5,none,True,True
163840,1.0,0.0193,0.5,none,True,True
163841,1.0,0.0187,0.5,none,True,True
163842,1.0,0.0174,0.5,none,True,True
163843,1.0,0.0163,0.5,none,True,True
163844,1.0,0.0152,0.5,none,True,True
163845,1.0,0.0138,0.5,none,True,True
163846,1.0,0.0123,0.5,none,True,True
163847,1.0,0.0111,0.5,none,True,True
163848,1.0,0.01,0.5,none,True,True
163849,1.0,0.0088,0.5,none,True,True
163850,1.0,0.0078,0.5,none,True,True
163851,1.0,0.0071,0.5,none,True,True
163852,1.0,0.0064,0.5,none,True,True
163853,1.0,0.0057,0.5,none,True,True
163854,1.0,0.0053,0.5,none,True,True
163855,1.0,0.005,0.5,none,True,True
163856,1.0,0.0047,0.5,none,True,True
163857,1.0,0.0045,0.5,none,True,True
163858,1.0,0.0044,0.5,none,True,True
163859,1.0,0.0043,0.5,none,True,True
163860,1.0,0.0042,0.5,none,True,True
163861,1.0,0.0041,0.5,none,True,True
163862,1.0,0.004,0.5,none,True,True
163863,1.0,0.0039,0.5,none,True,True
163864,1.0,0.0038,0.5,none,True,True
163865,1.0,0.0037,0.5,none,True,True
163866,1.0,0.0035,0.5,none,True,True
163867,1.0,0.0033,0.5,none,True,True
163868,1.0,0.0032,0.5,none,True,True
163869,1.0,0.003,0.5,none,True,True
163870,1.0,0.0028,0.5,none,True,True
163871,1.0,0.0026,0.5,none,True,True
163872,1.0,0.0024,0.5,none,True,True
163873,1.0,0.0023,0.5,none,True,True
163874,1.0,0.0021,0.5,none,True,True
163875,1.0,0.0019,0.5,none,True,True
163876,1.0,0.0018,0.5,none,True,True
163877,1.0,0.0017,0.5,none,True,True
163878,1.0,0.0015,0.5,none,True,True
163879,1.0,0.0014,0.5,none,True,True
163880,1.0,0.0013,0.5,none,True,True
163881,1.0,0.0013,0.5,none,True,True
163882,1.0,0.0012,0.5,none,True,True
163883,1.0,0.0011,0.5,none,True,True
163884,1.0,0.0011,0.5,none,True,True
163885,1.0,0.001,0.5,none,True,True
163886,1.0,0.001,0.5,none,True,True
163887,1.0,0.0009,0.5,none,True,True
163888,1.0,0.0009,0.5,none,True,True
163889,1.0,0.0008,0.5,none,True,True
163890,1.0,0.0008,0.5,none,True,True
163891,1.0,0.0008,0.5,none,True,True
163892,1.0,0.0007,0.5,none,True,True
163893,1.0,0.0007,0.5,none,True,True
163894,1.0,0.0006,0.5,none,True,True
163895,1.0,0.0006,0.5,none,True,True
163896,1.0,0.0006,0.5,none,True,True
163897,1.0,0.0005,0.5,none,True,True
163898,1.0,0.0005,0.5,none,True,True
163899,1.0,0.0005,0.5,none,True,True
163900,1.0,0.0004,0.5,none,True,True
163901,1.0,0.0004,0.5,none,True,True
163902,1.0,0.0004,0.5,none,True,True
163903,1.0,0.0004,0.5,none,True,True
163904,1.0,0.0003,0.5,none,True,True
163905,1.0,0.0003,0.5,none,True,True
163906,1.0,0.0003,0.5,none,True,True
163907,1.0,0.0003,0.5,none,True,True
163908,1.0,0.0003,0.5,none,True,True
163909,1.0,0.0003,0.5,none,True,True
163910,1.0,0.0002,0.5,none,True,True
163911,1.0,0.0002,0.5,none,True,True
163912,1.0,0.0002,0.5,none,True,True
163913,1.0,0.0002,0.5,none,True,True
163914,1.0,0.0002,0.5,none,True,True
163915,1.0,0.0002,0.5,none,True,True
163916,1.0,0.0002,0.5,none,True,True
163917,1.0,0.0002,0.5,none,True,True
163918,1.0,0.0002,0.5,none,True,True
163919,1.0,0.0001,0.5,none,True,True
163920,1.0,0.0001,0.5,none,True,True
163921,1.0,0.0001,0.5,none,True,True
163922,1.0,0.0001,0.5,none,True,True
163923,1.0,0.0001,0.5,none,True,True
163924,1.0,0.0001,0.5,none,True,True
163925,1.0,0.0001,0.5,none,True,True
163926,1.0,0.0001,0.5,none,True,True
163927,1.0,0.0001,0.5,none,True,True
163928,1.0,0.0001,0.5,none,True,True
163929,1.0,0.0001,0.5,none,True,True
163930,1.0,0.0001,0.5,none,True,True
163931,1.0,0.0001,0.5,none,True,True
163932,1.0,0.0001,0.5,none,True,True
163933,1.0,0.0001,0.5,none,True,True
163934,1.0,0.0001,0.5,none,True,True
163935,1.0,0.0001,0.5,none,True,True
163936,1.0,0.0001,0.5,none,True,True
163937,1.0,0.0,0.5,none,True,True
163938,1.0,0.0,0.5,none,True,True
163939,1.0,0.0,0.5,none,True,True
163940,1.0,0.0,0.5,none,True,True
163941,1.0,0.0,0.5,none,True,True
163942,1.0,0.0,0.5,none,True,True
163943,1.0,0.0,0.5,none,True,True
163944,1.0,0.0,0.5,none,True,True
163945,1.0,0.0,0.5,none,True,True
163946,1.0,0.0,0.5,none,True,True
163947,1.0,0.0,0.5,none,True,True
163948,1.0,0.0,0.5,none,True,True
163949,1.0,0.0,0.5,none,True,True
163950,1.0,0.0,0.5,none,True,True
163951,1.0,0.0,0.5,none,True,True
163952,1.0,0.0,0.5,none,True,True
163953,1.0,0.0,0.5,none,True,True
163954,1.0,0.0,0.5,none,True,True
163955,1.0,0.0,0.5,none,True,True
163956,1.0,0.0,0.5,none,True,True
163957,1.0,0.0,0.5,none,True,True
163958,1.0,0.0,0.5,none,True,True
163959,1.0,0.0,0.5,none,True,True
163960,1.0,0.0,0.5,none,True,True
163961,1.0,0.0,0.5,none,True,True
163962,1.0,0.0,0.5,none,True,True
163963,1.0,0.0,0.5,none,True,True
163964,1.0,0.0,0.5,none,True,True
163965,1.0,0.0,0.5,none,True,True
163966,1.0,0.0,0.5,none,True,True
163967,1.0,0.0,0.5,none,True,True
163968,1.0,0.0,0.5,none,True,True
163969,1.0,0.0,0.5,none,True,True
163970,1.0,0.0,0.5,none,True,True
163971,1.0,0.0,0.5,none,True,True
163972,1.0,0.0,0.5,none,True,True
163973,1.0,0.0,0.5,none,True,True
163974,1.0,0.0,0.5,none,True,True
163975,1.0,0.0,0.5,none,True,True
163976,1.0,0.0,0.5,none,True,True
163977,1.0,0.0,0.5,none,True,True
163978,1.0,0.0,0.5,none,True,True
163979,1.0,0.0,0.5,none,True,True
163980,1.0,0.0,0.5,none,True,True
163981,1.0,0.0,0.5,none,True,True
163982,1.0,0.0,0.5,none,True,True
163983,1.0,0.0,0.5,none,True,True
163984,1.0,0.0,0.5,none,True,True
163985,1.0,0.0,0.5,none,True,True
163986,1.0,0.0,0.5,none,True,True
163987,1.0,0.0,0.5,none,True,True
163988,1.0,0.0,0.5,none,True,True
163989,1.0,0.0,0.5,none,True,True
163990,1.0,0.0,0.5,none,True,True
163991,1.0,0.0,0.5,none,True,True
163992,1.0,0.0,0.5,none,True,True
163993,1.0,0.0,0.5,none,True,True
163994,1.0,0.0,0.5,none,True,True
163995,1.0,0.0,0.5,none,True,True
163996,1.0,0.0,0.5,none,True,True
163997,1.0,0.0,0.5,none,True,True
163998,1.0,0.0,0.5,none,True,True
163999,1.0,0.0,0.5,none,True,True
164000,1.0,0.0,0.5,none,True,True
164001,1.0,0.0,0.5,none,True,True
164002,1.0,0.0,0.5,none,True,True
164003,1.0,0.0,0.5,none,True,True
164004,1.0,0.0,0.5,none,True,True
164005,1.0,0.0,0.5,none,True,True
164006,1.0,0.0,0.5,none,True,True
164007,1.0,0.0,0.5,none,True,True
164008,1.0,0.0,0.5,none,True,True
164009,1.0,0.0,0.5,none,True,True
164010,1.0,0.0,0.5,none,True,True
164011,1.0,0.0,0.5,none,True,True
164012,1.0,0.0,0.5,none,True,True
164013,1.0,0.0,0.5,none,True,True
164014,1.0,0.0,0.5,none,True,True
164015,1.0,0.0,0.5,none,True,True
164016,1.0,0.0,0.5,none,True,True
164017,1.0,0.0,0.5,none,True,True
164018,1.0,0.0,0.5,none,True,True
164019,1.0,0.0,0.5,none,True,True
164020,1.0,0.0,0.5,none,True,True
164021,1.0,0.0,0.5,none,True,True
164022,1.0,0.0,0.5,none,True,True
164023,1.0,0.0,0.5,none,True,True
164024,1.0,0.0,0.5,none,True,True
164025,1.0,0.0,0.5,none,True,True
164026,1.0,0.0,0.5,none,True,True
164027,1.0,0.0,0.5,none,True,True
164028,1.0,0.0,0.5,none,True,True
164029,1.0,0.0,0.5,none,True,True
164030,1.0,0.0,0.5,none,True,True
164031,1.0,0.0,0.5,none,True,True
164032,1.0,0.0,0.5,none,True,True
164033,1.0,0.0,0.5,none,True,True
164034,1.0,0.0,0.5,none,True,True
164035,1.0,0.0,0.5,none,True,True
164036,1.0,0.0,0.5,none,True,True
164037,1.0,0.0,0.5,none,True,True
164038,1.0,0.0,0.5,none,True,True
164039,1.0,0.0,0.5,none,True,True
164040,1.0,0.0,0.5,none,True,True
164041,1.0,0.0,0.5,none,True,True
164042,1.0,0.0,0.5,none,True,True
164043,1.0,0.0,0.5,none,True,True
164044,1.0,0.0,0.5,none,True,True
164045,1.0,0.0,0.5,none,True,True
164046,1.0,0.0,0.5,none,True,True
164047,1.0,0.0,0.5,none,True,True
164048,1.0,0.0,0.5,none,True,True
164049,1.0,0.0,0.5,none,True,True
164050,1.0,0.0,0.5,none,True,True
164051,1.0,0.0,0.5,none,True,True
164052,1.0,0.0,0.5,none,True,True
164053,1.0,0.0,0.5,none,True,True
164054,1.0,0.0,0.5,none,True,True
164055,1.0,0.0,0.5,none,True,True
164056,1.0,0.0,0.5,none,True,True
164057,1.0,0.0,0.5,none,True,True
164058,1.0,0.0,0.5,none,True,True
164059,1.0,0.0,0.5,none,True,True
164060,1.0,0.0,0.5,none,True,True
164061,1.0,0.0,0.5,none,True,True
164062,1.0,0.0,0.5,none,True,True
164063,1.0,0.0,0.5,none,True,True
164064,1.0,0.0,0.5,none,True,True
164065,1.0,0.0,0.5,none,True,True
164066,1.0,0.0,0.5,none,True,True
164067,1.0,0.0,0.5,none,True,True
164068,1.0,0.0,0.5,none,True,True
164069,1.0,0.0,0.5,none,True,True
164070,1.0,0.0,0.5,none,True,True
164071,1.0,0.0,0.5,none,True,True
164072,1.0,0.0,0.5,none,True,True
164073,1.0,0.0,0.5,none,True,True
164074,1.0,0.0,0.5,none,True,True
164075,1.0,0.0,0.5,none,True,True
164076,1.0,0.0,0.5,none,True,True
164077,1.0,0.0,0.5,none,True,True
164078,1.0,0.0,0.5,none,True,True
164079,1.0,0.0,0.5,none,True,True
164080,1.0,0.0,0.5,none,True,True
164081,1.0,0.0,0.5,none,True,True
164082,1.0,0.0,0.5,none,True,True
164083,1.0,0.0,0.5,none,True,True
164084,1.0,0.0,0.5,none,True,True
164085,1.0,0.0,0.5,none,True,True
164086,1.0,0.0,0.5,none,True,True
164087,1.0,0.0,0.5,none,True,True
164088,1.0,0.0,0.5,none,True,True
164089,1.0,0.0,0.5,none,True,True
164090,1.0,0.0,0.5,none,True,True
164091,1.0,0.0,0.5,none,True,True
164092,1.0,0.0,0.5,none,True,True
164093,1.0,0.0,0.5,none,True,True
164094,1.0,0.0,0.5,none,True,True
164095,1.0,0.0,0.5,none,True,True
164096,1.0,0.0,0.5,none,True,True
164097,1.0,0.0,0.5,none,True,True
164098,1.0,0.0,0.5,none,True,True
164099,1.0,0.0,0.5,none,True,True
164100,1.0,0.0,0.5,none,True,True
164101,1.0,0.0,0.5,none,True,True
164102,1.0,0.0,0.5,none,True,True
164103,1.0,0.0,0.5,none,True,True
164104,1.0,0.0,0.5,none,True,True
164105,1.0,0.0,0.5,none,True,True
164106,1.0,0.0,0.5,none,True,True
164107,1.0,0.0,0.5,none,True,True
164108,1.0,0.0,0.5,none,True,True
164109,1.0,0.0,0.5,none,True,True
164110,1.0,0.0,0.5,none,True,True
164111,1.0,0.0,0.5,none,True,True
164112,1.0,0.0,0.5,none,True,True
164113,1.0,0.0,0.5,none,True,True
164114,1.0,0.0,0.5,none,True,True
164115,1.0,0.0,0.5,none,True,True
164116,1.0,0.0,0.5,none,True,True
164117,1.0,0.0,0.5,none,True,True
164118,1.0,0.0,0.5,none,True,True
164119,1.0,0.0,0.5,none,True,True
164120,1.0,0.0,0.5,none,True,True
164121,1.0,0.0,0.5,none,True,True
164122,1.0,0.0,0.5,none,True,True
164123,1.0,0.0,0.5,none,True,True
164124,1.0,0.0,0.5,none,True,True
164125,1.0,0.0,0.5,none,True,True
164126,1.0,0.0,0.5,none,True,True
164127,1.0,0.0,0.5,none,True,True
164128,1.0,0.0,0.5,none,True,True
164129,1.0,0.0,0.5,none,True,True
164130,1.0,0.0,0.5,none,True,True
164131,1.0,0.0,0.5,none,True,True
164132,1.0,0.0,0.5,none,True,True
164133,1.0,0.0,0.5,none,True,True
164134,1.0,0.0,0.5,none,True,True
164135,1.0,0.0,0.5,none,True,True
164136,1.0,0.0,0.5,none,True,True
164137,1.0,0.0,0.5,none,True,True
164138,1.0,0.0,0.5,none,True,True
164139,1.0,0.0,0.5,none,True,True
164140,1.0,0.0,0.5,none,True,True
164141,1.0,0.0,0.5,none,True,True
164142,1.0,0.0,0.5,none,True,True
164143,1.0,0.0,0.5,none,True,True
164144,1.0,0.0,0.5,none,True,True
164145,1.0,0.0,0.5,none,True,True
164146,1.0,0.0,0.5,none,True,True
164147,1.0,0.0,0.5,none,True,True
164148,1.0,0.0,0.5,none,True,True
164149,1.0,0.0,0.5,none,True,True
164150,1.0,0.0,0.5,none,True,True
164151,1.0,0.0,0.5,none,True,True
164152,1.0,0.0,0.5,none,True,True
164153,1.0,0.0,0.5,none,True,True
164154,1.0,0.0,0.5,none,True,True
164155,1.0,0.0,0.5,none,True,True
164156,1.0,0.0,0.5,none,True,True
164157,1.0,0.0,0.5,none,True,True
164158,1.0,0.0,0.5,none,True,True
164159,1.0,0.0,0.5,none,True,True
164160,1.0,0.0,0.5,none,True,True
164161,1.0,0.0,0.5,none,True,True
164162,1.0,0.0,0.5,none,True,True
164163,1.0,0.0,0.5,none,True,True
164164,1.0,0.0,0.5,none,True,True
164165,1.0,0.0,0.5,none,True,True
164166,1.0,0.0,0.5,none,True,True
164167,1.0,0.0,0.5,none,True,True
164168,1.0,0.0,0.5,none,True,True
164169,1.0,0.0,0.5,none,True,True
164170,1.0,0.0,0.5,none,True,True
164171,1.0,0.0,0.5,none,True,True
164172,1.0,0.0,0.5,none,True,True
164173,1.0,0.0,0.5,none,True,True
164174,1.0,0.0,0.5,none,True,True
164175,1.0,0.0,0.5,none,True,True
164176,1.0,0.0,0.5,none,True,True
164177,1.0,0.0,0.5,none,True,True
164178,1.0,0.0,0.5,none,True,True
164179,1.0,0.0,0.5,none,True,True
164180,1.0,0.0,0.5,none,True,True
164181,1.0,0.0,0.5,none,True,True
164182,1.0,0.0,0.5,none,True,True
164183,1.0,0.0,0.5,none,True,True
164184,1.0,0.0,0.5,none,True,True
164185,1.0,0.0,0.5,none,True,True
164186,1.0,0.0,0.5,none,True,True
164187,1.0,0.0,0.5,none,True,True
164188,1.0,0.0,0.5,none,True,True
164189,1.0,0.0,0.5,none,True,True
164190,1.0,0.0,0.5,none,True,True
164191,1.0,0.0,0.5,none,True,True
164192,1.0,0.0,0.5,none,True,True
164193,1.0,0.0,0.5,none,True,True
164194,1.0,0.0,0.5,none,True,True
164195,1.0,0.0,0.5,none,True,True
164196,1.0,0.0,0.5,none,True,True
164197,1.0,0.0,0.5,none,True,True
164198,1.0,0.0,0.5,none,True,True
164199,1.0,0.0,0.5,none,True,True
164200,1.0,0.0,0.5,none,True,True
164201,1.0,0.0,0.5,none,True,True
164202,1.0,0.0,0.5,none,True,True
164203,1.0,0.0,0.5,none,True,True
164204,1.0,0.0,0.5,none,True,True
164205,1.0,0.0,0.5,none,True,True
164206,1.0,0.0,0.5,none,True,True
164207,1.0,0.0,0.5,none,True,True
164208,1.0,0.0,0.5,none,True,True
164209,1.0,0.0,0.5,none,True,True
164210,1.0,0.0,0.5,none,True,True
164211,1.0,0.0,0.5,none,True,True
164212,1.0,0.0,0.5,none,True,True
164213,1.0,0.0,0.5,none,True,True
164214,1.0,0.0,0.5,none,True,True
164215,1.0,0.0,0.5,none,True,True
164216,1.0,0.0,0.5,none,True,True
164217,1.0,0.0,0.5,none,True,True
164218,1.0,0.0,0.5,none,True,True
164219,1.0,0.0,0.5,none,True,True
164220,1.0,0.0,0.5,none,True,True
164221,1.0,0.0,0.5,none,True,True
164222,1.0,0.0,0.5,none,True,True
164223,1.0,0.0,0.5,none,True,True
164224,1.0,0.0,0.5,none,True,True
164225,1.0,0.0,0.5,none,True,True
164226,1.0,0.0,0.5,none,True,True
164227,1.0,0.0,0.5,none,True,True
164228,1.0,0.0,0.5,none,True,True
164229,1.0,0.0,0.5,none,True,True
164230,1.0,0.0,0.5,none,True,True
164231,1.0,0.0,0.5,none,True,True
164232,1.0,0.0,0.5,none,True,True
164233,1.0,0.0,0.5,none,True,True
164234,1.0,0.0,0.5,none,True,True
164235,1.0,0.0,0.5,none,True,True
164236,1.0,0.0,0.5,none,True,True
164237,1.0,0.0,0.5,none,True,True
164238,1.0,0.0,0.5,none,True,True
164239,1.0,0.0,0.5,none,True,True
164240,1.0,0.0,0.5,none,True,True
164241,1.0,0.0,0.5,none,True,True
164242,1.0,0.0,0.5,none,True,True
164243,1.0,0.0,0.5,none,True,True
164244,1.0,0.0,0.5,none,True,True
164245,1.0,0.0,0.5,none,True,True
164246,1.0,0.0,0.5,none,True,True
164247,1.0,0.0,0.5,none,True,True
164248,1.0,0.0,0.5,none,True,True
164249,1.0,0.0,0.5,none,True,True
164250,1.0,0.0,0.5,none,True,True
164251,1.0,0.0,0.5,none,True,True
164252,1.0,0.0,0.5,none,True,True
164253,1.0,0.0,0.5,none,True,True
164254,1.0,0.0,0.5,none,True,True
164255,1.0,0.0,0.5,none,True,True
164256,1.0,0.0,0.5,none,True,True
164257,1.0,0.0,0.5,none,True,True
164258,1.0,0.0,0.5,none,True,True
164259,1.0,0.0,0.5,none,True,True
164260,1.0,0.0,0.5,none,True,True
164261,1.0,0.0,0.5,none,True,True
164262,1.0,0.0,0.5,none,True,True
164263,1.0,0.0,0.5,none,True,True
164264,1.0,0.0,0.5,none,True,True
164265,1.0,0.0,0.5,none,True,True
164266,1.0,0.0,0.5,none,True,True
164267,1.0,0.0,0.5,none,True,True
164268,1.0,0.0,0.5,none,True,True
164269,1.0,0.0,0.5,none,True,True
164270,1.0,0.0,0.5,none,True,True
164271,1.0,0.0,0.5,none,True,True
164272,1.0,0.0,0.5,none,True,True
164273,1.0,0.0,0.5,none,True,True
164274,1.0,0.0,0.5,none,True,True
164275,1.0,0.0,0.5,none,True,True
164276,1.0,0.0,0.5,none,True,True
164277,1.0,0.0,0.5,none,True,True
164278,1.0,0.0,0.5,none,True,True
164279,1.0,0.0,0.5,none,True,True
164280,1.0,0.0,0.5,none,True,True
164281,1.0,0.0,0.5,none,True,True
164282,1.0,0.0,0.5,none,True,True
164283,1.0,0.0,0.5,none,True,True
164284,1.0,0.0,0.5,none,True,True
164285,1.0,0.0,0.5,none,True,True
164286,1.0,0.0,0.5,none,True,True
164287,1.0,0.0,0.5,none,True,True
164288,1.0,0.0,0.5,none,True,True
164289,1.0,0.0,0.5,none,True,True
164290,1.0,0.0,0.5,none,True,True
164291,1.0,0.0,0.5,none,True,True
164292,1.0,0.0,0.5,none,True,True
164293,1.0,0.0,0.5,none,True,True
164294,1.0,0.0,0.5,none,True,True
164295,1.0,0.0,0.5,none,True,True
164296,1.0,0.0,0.5,none,True,True
164297,1.0,0.0,0.5,none,True,True
164298,1.0,0.0,0.5,none,True,True
164299,1.0,0.0,0.5,none,True,True
164300,1.0,0.0,0.5,none,True,True
164301,1.0,0.0,0.5,none,True,True
164302,1.0,0.0,0.5,none,True,True
164303,1.0,0.0,0.5,none,True,True
164304,1.0,0.0,0.5,none,True,True
164305,1.0,0.0,0.5,none,True,True
164306,1.0,0.0,0.5,none,True,True
164307,1.0,0.0,0.5,none,True,True
164308,1.0,0.0,0.5,none,True,True
164309,1.0,0.0,0.5,none,True,True
164310,1.0,0.0,0.5,none,True,True
164311,1.0,0.0,0.5,none,True,True
164312,1.0,0.0,0.5,none,True,True
164313,1.0,0.0,0.5,none,True,True
164314,1.0,0.0,0.5,none,True,True
164315,1.0,0.0,0.5,none,True,True
164316,1.0,0.0,0.5,none,True,True
164317,1.0,0.0,0.5,none,True,True
164318,1.0,0.0,0.5,none,True,True
164319,1.0,0.0,0.5,none,True,True
164320,1.0,0.0,0.5,none,True,True
164321,1.0,0.0,0.5,none,True,True
164322,1.0,0.0,0.5,none,True,True
164323,1.0,0.0,0.5,none,True,True
164324,1.0,0.0,0.5,none,True,True
164325,1.0,0.0,0.5,none,True,True
164326,1.0,0.0,0.5,none,True,True
164327,1.0,0.0,0.5,none,True,True
164328,1.0,0.0,0.5,none,True,True
164329,1.0,0.0,0.5,none,True,True
164330,1.0,0.0,0.5,none,True,True
164331,1.0,0.0,0.5,none,True,True
164332,1.0,0.0,0.5,none,True,True
164333,1.0,0.0,0.5,none,True,True
164334,1.0,0.0,0.5,none,True,True
164335,1.0,0.0,0.5,none,True,True
164336,1.0,0.0,0.5,none,True,True
164337,1.0,0.0,0.5,none,True,True
164338,1.0,0.0,0.5,none,True,True
164339,1.0,0.0,0.5,none,True,True
164340,1.0,0.0,0.5,none,True,True
164341,1.0,0.0,0.5,none,True,True
164342,1.0,0.0,0.5,none,True,True
164343,1.0,0.0,0.5,none,True,True
164344,1.0,0.0,0.5,none,True,True
164345,1.0,0.0,0.5,none,True,True
164346,1.0,0.0,0.5,none,True,True
164347,1.0,0.0,0.5,none,True,True
164348,1.0,0.0,0.5,none,True,True
164349,1.0,0.0,0.5,none,True,True
164350,1.0,0.0,0.5,none,True,True
164351,1.0,0.0,0.5,none,True,True
164352,1.0,0.0,0.5,none,True,True
164353,1.0,0.0,0.5,none,True,True
164354,1.0,0.0,0.5,none,True,True
164355,1.0,0.0,0.5,none,True,True
164356,1.0,0.0,0.5,none,True,True
164357,1.0,0.0,0.5,none,True,True
164358,1.0,0.0,0.5,none,True,True
164359,1.0,0.0,0.5,none,True,True
164360,1.0,0.0,0.5,none,True,True
164361,1.0,0.0,0.5,none,True,True
164362,1.0,0.0,0.5,none,True,True
164363,1.0,0.0,0.5,none,True,True
164364,1.0,0.0,0.5,none,True,True
164365,1.0,0.0,0.5,none,True,True
164366,1.0,0.0,0.5,none,True,True
164367,1.0,0.0,0.5,none,True,True
164368,1.0,0.0,0.5,none,True,True
164369,1.0,0.0,0.5,none,True,True
164370,1.0,0.0,0.5,none,True,True
164371,1.0,0.0,0.5,none,True,True
164372,1.0,0.0,0.5,none,True,True
164373,1.0,0.0,0.5,none,True,True
164374,1.0,0.0,0.5,none,True,True
164375,1.0,0.0,0.5,none,True,True
164376,1.0,0.0,0.5,none,True,True
164377,1.0,0.0,0.5,none,True,True
164378,1.0,0.0,0.5,none,True,True
164379,1.0,0.0,0.5,none,True,True
164380,1.0,0.0,0.5,none,True,True
164381,1.0,0.0,0.5,none,True,True
164382,1.0,0.0,0.5,none,True,True
164383,1.0,0.0,0.5,none,True,True
164384,1.0,0.0,0.5,none,True,True
164385,1.0,0.0,0.5,none,True,True
164386,1.0,0.0,0.5,none,True,True
164387,1.0,0.0,0.5,none,True,True
164388,1.0,0.0,0.5,none,True,True
164389,1.0,0.0,0.5,none,True,True
164390,1.0,0.0,0.5,none,True,True
164391,1.0,0.0,0.5,none,True,True
164392,1.0,0.0,0.5,none,True,True
164393,1.0,0.0,0.5,none,True,True
164394,1.0,0.0,0.5,none,True,True
164395,1.0,0.0,0.5,none,True,True
164396,1.0,0.0,0.5,none,True,True
164397,1.0,0.0,0.5,none,True,True
164398,1.0,0.0,0.5,none,True,True
164399,1.0,0.0,0.5,none,True,True
164400,1.0,0.0,0.5,none,True,True
164401,1.0,0.0,0.5,none,True,True
164402,1.0,0.0,0.5,none,True,True
164403,1.0,0.0,0.5,none,True,True
164404,1.0,0.0,0.5,none,True,True
164405,1.0,0.0,0.5,none,True,True
164406,1.0,0.0,0.5,none,True,True
164407,1.0,0.0,0.5,none,True,True
164408,1.0,0.0,0.5,none,True,True
164409,1.0,0.0,0.5,none,True,True
164410,1.0,0.0,0.5,none,True,True
164411,1.0,0.0,0.5,none,True,True
164412,1.0,0.0,0.5,none,True,True
164413,1.0,0.0,0.5,none,True,True
164414,1.0,0.0,0.5,none,True,True
164415,1.0,0.0,0.5,none,True,True
164416,1.0,0.0,0.5,none,True,True
164417,1.0,0.0,0.5,none,True,True
164418,1.0,0.0,0.5,none,True,True
164419,1.0,0.0,0.5,none,True,True
164420,1.0,0.0,0.5,none,True,True
164421,1.0,0.0,0.5,none,True,True
164422,1.0,0.0,0.5,none,True,True
164423,1.0,0.0,0.5,none,True,True
164424,1.0,0.0,0.5,none,True,True
164425,1.0,0.0,0.5,none,True,True
164426,1.0,0.0,0.5,none,True,True
164427,1.0,0.0,0.5,none,True,True
164428,1.0,0.0,0.5,none,True,True
164429,1.0,0.0,0.5,none,True,True
164430,1.0,0.0,0.5,none,True,True
164431,1.0,0.0,0.5,none,True,True
164432,1.0,0.0,0.5,none,True,True
164433,1.0,0.0,0.5,none,True,True
164434,1.0,0.0,0.5,none,True,True
164435,1.0,0.0,0.5,none,True,True
164436,1.0,0.0,0.5,none,True,True
164437,1.0,0.0,0.5,none,True,True
164438,1.0,0.0,0.5,none,True,True
164439,1.0,0.0,0.5,none,True,True
164440,1.0,0.0,0.5,none,True,True
164441,1.0,0.0,0.5,none,True,True
164442,1.0,0.0,0.5,none,True,True
164443,1.0,0.0,0.5,none,True,True
164444,1.0,0.0,0.5,none,True,True
164445,1.0,0.0,0.5,none,True,True
164446,1.0,0.0,0.5,none,True,True
164447,1.0,0.0,0.5,none,True,True
164448,1.0,0.0,0.5,none,True,True
164449,1.0,0.0,0.5,none,True,True
164450,1.0,0.0,0.5,none,True,True
164451,1.0,0.0,0.5,none,True,True
164452,1.0,0.0,0.5,none,True,True
164453,1.0,0.0,0.5,none,True,True
164454,1.0,0.0,0.5,none,True,True
164455,1.0,0.0,0.5,none,True,True
164456,1.0,0.0,0.5,none,True,True
164457,1.0,0.0,0.5,none,True,True
164458,1.0,0.0,0.5,none,True,True
164459,1.0,0.0,0.5,none,True,True
164460,1.0,0.0,0.5,none,True,True
164461,1.0,0.0,0.5,none,True,True
164462,1.0,0.0,0.5,none,True,True
164463,1.0,0.0,0.5,none,True,True
164464,1.0,0.0,0.5,none,True,True
164465,1.0,0.0,0.5,none,True,True
164466,1.0,0.0,0.5,none,True,True
164467,1.0,0.0,0.5,none,True,True
164468,1.0,0.0,0.5,none,True,True
164469,1.0,0.0,0.5,none,True,True
164470,1.0,0.0,0.5,none,True,True
164471,1.0,0.0,0.5,none,True,True
164472,1.0,0.0,0.5,none,True,True
164473,1.0,0.0,0.5,none,True,True
164474,1.0,0.0,0.5,none,True,True
164475,1.0,0.0,0.5,none,True,True
164476,1.0,0.0,0.5,none,True,True
164477,1.0,0.0,0.5,none,True,True
164478,1.0,0.0,0.5,none,True,True
164479,1.0,0.0,0.5,none,True,True
164480,1.0,0.0,0.5,none,True,True
164481,1.0,0.0,0.5,none,True,True
164482,1.0,0.0,0.5,none,True,True
164483,1.0,0.0,0.5,none,True,True
164484,1.0,0.0,0.5,none,True,True
164485,1.0,0.0,0.5,none,True,True
164486,1.0,0.0,0.5,none,True,True
164487,1.0,0.0,0.5,none,True,True
164488,1.0,0.0,0.5,none,True,True
164489,1.0,0.0,0.5,none,True,True
164490,1.0,0.0,0.5,none,True,True
164491,1.0,0.0,0.5,none,True,True
164492,1.0,0.0,0.5,none,True,True
164493,1.0,0.0,0.5,none,True,True
164494,1.0,0.0,0.5,none,True,True
164495,1.0,0.0,0.5,none,True,True
164496,1.0,0.0,0.5,none,True,True
164497,1.0,0.0,0.5,none,True,True
164498,1.0,0.0,0.5,none,True,True
164499,1.0,0.0,0.5,none,True,True
164500,1.0,0.0061,0.5,none,True,True
164501,1.0,0.0357,0.5,none,True,True
164502,1.0,0.0812,0.5,none,True,True
164503,1.0,0.1113,0.5,none,True,True
164504,1.0,0.1253,0.5,none,True,True
164505,1.0,0.1408,0.5,none,True,True
164506,1.0,0.0907,0.5,none,True,True
164507,1.0,0.1198,0.5,none,True,True
164508,1.0,0.0467,0.5,none,True,True
164509,1.0,0.0522,0.5,none,True,True
164510,1.0,0.0405,0.5,none,True,True
164511,1.0,0.0313,0.5,none,True,True
164512,1.0,0.0083,0.5,none,True,True
164513,1.0,0.0726,0.5,none,True,True
164514,1.0,0.0793,0.5,none,True,True
164515,1.0,0.0581,0.5,none,True,True
164516,1.0,0.0955,0.5,none,True,True
164517,1.0,0.0839,0.5,none,True,True
164518,1.0,0.0648,0.5,none,True,True
164519,1.0,0.0718,0.5,none,True,True
164520,1.0,0.0589,0.5,none,True,True
164521,1.0,0.0403,0.5,none,True,True
164522,1.0,0.0327,0.5,none,True,True
164523,1.0,0.0277,0.5,none,True,True
164524,1.0,0.017,0.5,none,True,True
164525,1.0,0.0102,0.5,none,True,True
164526,1.0,0.0099,0.5,none,True,True
164527,1.0,0.008,0.5,none,True,True
164528,1.0,0.005,0.5,none,True,True
164529,1.0,0.0063,0.5,none,True,True
164530,1.0,0.009,0.5,none,True,True
164531,1.0,0.0096,0.5,none,True,True
164532,1.0,0.0108,0.5,none,True,True
164533,1.0,0.014,0.5,none,True,True
164534,1.0,0.0161,0.5,none,True,True
164535,1.0,0.0167,0.5,none,True,True
164536,1.0,0.0182,0.5,none,True,True
164537,1.0,0.0196,0.5,none,True,True
164538,1.0,0.0197,0.5,none,True,True
164539,1.0,0.0193,0.5,none,True,True
164540,1.0,0.0193,0.5,none,True,True
164541,1.0,0.0187,0.5,none,True,True
164542,1.0,0.0174,0.5,none,True,True
164543,1.0,0.0163,0.5,none,True,True
164544,1.0,0.0152,0.5,none,True,True
164545,1.0,0.0138,0.5,none,True,True
164546,1.0,0.0123,0.5,none,True,True
164547,1.0,0.0111,0.5,none,True,True
164548,1.0,0.01,0.5,none,True,True
164549,1.0,0.0088,0.5,none,True,True
164550,1.0,0.0078,0.5,none,True,True
164551,1.0,0.0071,0.5,none,True,True
164552,1.0,0.0064,0.5,none,True,True
164553,1.0,0.0057,0.5,none,True,True
164554,1.0,0.0053,0.5,none,True,True
164555,1.0,0.005,0.5,none,True,True
164556,1.0,0.0047,0.5,none,True,True
164557,1.0,0.0045,0.5,none,True,True
164558,1.0,0.0044,0.5,none,True,True
164559,1.0,0.0043,0.5,none,True,True
164560,1.0,0.0042,0.5,none,True,True
164561,1.0,0.0041,0.5,none,True,True
164562,1.0,0.004,0.5,none,True,True
164563,1.0,0.0039,0.5,none,True,True
164564,1.0,0.0038,0.5,none,True,True
164565,1.0,0.0037,0.5,none,True,True
164566,1.0,0.0035,0.5,none,True,True
164567,1.0,0.0033,0.5,none,True,True
164568,1.0,0.0032,0.5,none,True,True
164569,1.0,0.003,0.5,none,True,True
164570,1.0,0.0028,0.5,none,True,True
164571,1.0,0.0026,0.5,none,True,True
164572,1.0,0.0024,0.5,none,True,True
164573,1.0,0.0023,0.5,none,True,True
164574,1.0,0.0021,0.5,none,True,True
164575,1.0,0.0019,0.5,none,True,True
164576,1.0,0.0018,0.5,none,True,True
164577,1.0,0.0017,0.5,none,True,True
164578,1.0,0.0015,0.5,none,True,True
164579,1.0,0.0014,0.5,none,True,True
164580,1.0,0.0013,0.5,none,True,True
164581,1.0,0.0013,0.5,none,True,True
164582,1.0,0.0012,0.5,none,True,True
164583,1.0,0.0011,0.5,none,True,True
164584,1.0,0.0011,0.5,none,True,True
164585,1.0,0.001,0.5,none,True,True
164586,1.0,0.001,0.5,none,True,True
164587,1.0,0.0009,0.5,none,True,True
164588,1.0,0.0009,0.5,none,True,True
164589,1.0,0.0008,0.5,none,True,True
164590,1.0,0.0008,0.5,none,True,True
164591,1.0,0.0008,0.5,none,True,True
164592,1.0,0.0007,0.5,none,True,True
164593,1.0,0.0007,0.5,none,True,True
164594,1.0,0.0006,0.5,none,True,True
164595,1.0,0.0006,0.5,none,True,True
164596,1.0,0.0006,0.5,none,True,True
164597,1.0,0.0005,0.5,none,True,True
164598,1.0,0.0005,0.5,none,True,True
164599,1.0,0.0005,0.5,none,True,True
164600,1.0,0.0004,0.5,none,True,True
164601,1.0,0.0004,0.5,none,True,True
164602,1.0,0.0004,0.5,none,True,True
164603,1.0,0.0004,0.5,none,True,True
164604,1.0,0.0003,0.5,none,True,True
164605,1.0,0.0003,0.5,none,True,True
164606,1.0,0.0003,0.5,none,True,True
164607,1.0,0.0003,0.5,none,True,True
164608,1.0,0.0003,0.5,none,True,True
164609,1.0,0.0003,0.5,none,True,True
164610,1.0,0.0002,0.5,none,True,True
164611,1.0,0.0002,0.5,none,True,True
164612,1.0,0.0002,0.5,none,True,True
164613,1.0,0.0002,0.5,none,True,True
164614,1.0,0.0002,0.5,none,True,True
164615,1.0,0.0002,0.5,none,True,True
164616,1.0,0.0002,0.5,none,True,True
164617,1.0,0.0002,0.5,none,True,True
164618,1.0,0.0002,0.5,none,True,True
164619,1.0,0.0001,0.5,none,True,True
164620,1.0,0.0001,0.5,none,True,True
164621,1.0,0.0001,0.5,none,True,True
164622,1.0,0.0001,0.5,none,True,True
164623,1.0,0.0001,0.5,none,True,True
164624,1.0,0.0001,0.5,none,True,True
164625,1.0,0.0001,0.5,none,True,True
164626,1.0,0.0001,0.5,none,True,True
164627,1.0,0.0001,0.5,none,True,True
164628,1.0,0.0001,0.5,none,True,True
164629,1.0,0.0001,0.5,none,True,True
164630,1.0,0.0001,0.5,none,True,True
164631,1.0,0.0001,0.5,none,True,True
164632,1.0,0.0001,0.5,none,True,True
164633,1.0,0.0001,0.5,none,True,True
164634,1.0,0.0001,0.5,none,True,True
164635,1.0,0.0001,0.5,none,True,True
164636,1.0,0.0001,0.5,none,True,True
164637,1.0,0.0,0.5,none,True,True
164638,1.0,0.0,0.5,none,True,True
164639,1.0,0.0,0.5,none,True,True
164640,1.0,0.0,0.5,none,True,True
164641,1.0,0.0,0.5,none,True,True
164642,1.0,0.0,0.5,none,True,True
164643,1.0,0.0,0.5,none,True,True
164644,1.0,0.0,0.5,none,True,True
164645,1.0,0.0,0.5,none,True,True
164646,1.0,0.0,0.5,none,True,True
164647,1.0,0.0,0.5,none,True,True
164648,1.0,0.0,0.5,none,True,True
164649,1.0,0.0,0.5,none,True,True
164650,1.0,0.0,0.5,none,True,True
164651,1.0,0.0,0.5,none,True,True
164652,1.0,0.0,0.5,none,True,True
164653,1.0,0.0,0.5,none,True,True
164654,1.0,0.0,0.5,none,True,True
164655,1.0,0.0,0.5,none,True,True
164656,1.0,0.0,0.5,none,True,True
164657,1.0,0.0,0.5,none,True,True
164658,1.0,0.0,0.5,none,True,True
164659,1.0,0.0,0.5,none,True,True
164660,1.0,0.0,0.5,none,True,True
164661,1.0,0.0,0.5,none,True,True
164662,1.0,0.0,0.5,none,True,True
164663,1.0,0.0,0.5,none,True,True
164664,1.0,0.0,0.5,none,True,True
164665,1.0,0.0,0.5,none,True,True
164666,1.0,0.0,0.5,none,True,True
164667,1.0,0.0,0.5,none,True,True
164668,1.0,0.0,0.5,none,True,True
164669,1.0,0.0,0.5,none,True,True
164670,1.0,0.0,0.5,none,True,True
164671,1.0,0.0,0.5,none,True,True
164672,1.0,0.0,0.5,none,True,True
164673,1.0,0.0,0.5,none,True,True
164674,1.0,0.0,0.5,none,True,True
164675,1.0,0.0,0.5,none,True,True
164676,1.0,0.0,0.5,none,True,True
164677,1.0,0.0,0.5,none,True,True
164678,1.0,0.0,0.5,none,True,True
164679,1.0,0.0,0.5,none,True,True
164680,1.0,0.0,0.5,none,True,True
164681,1.0,0.0,0.5,none,True,True
164682,1.0,0.0,0.5,none,True,True
164683,1.0,0.0,0.5,none,True,True
164684,1.0,0.0,0.5,none,True,True
164685,1.0,0.0,0.5,none,True,True
164686,1.0,0.0,0.5,none,True,True
164687,1.0,0.0,0.5,none,True,True
164688,1.0,0.0,0.5,none,True,True
164689,1.0,0.0,0.5,none,True,True
164690,1.0,0.0,0.5,none,True,True
164691,1.0,0.0,0.5,none,True,True
164692,1.0,0.0,0.5,none,True,True
164693,1.0,0.0,0.5,none,True,True
164694,1.0,0.0,0.5,none,True,True
164695,1.0,0.0,0.5,none,True,True
164696,1.0,0.0,0.5,none,True,True
164697,1.0,0.0,0.5,none,True,True
164698,1.0,0.0,0.5,none,True,True
164699,1.0,0.0,0.5,none,True,True
164700,1.0,0.0,0.5,none,True,True
164701,1.0,0.0,0.5,none,True,True
164702,1.0,0.0,0.5,none,True,True
164703,1.0,0.0,0.5,none,True,True
164704,1.0,0.0,0.5,none,True,True
164705,1.0,0.0,0.5,none,True,True
164706,1.0,0.0,0.5,none,True,True
164707,1.0,0.0,0.5,none,True,True
164708,1.0,0.0,0.5,none,True,True
164709,1.0,0.0,0.5,none,True,True
164710,1.0,0.0,0.5,none,True,True
164711,1.0,0.0,0.5,none,True,True
164712,1.0,0.0,0.5,none,True,True
164713,1.0,0.0,0.5,none,True,True
164714,1.0,0.0,0.5,none,True,True
164715,1.0,0.0,0.5,none,True,True
164716,1.0,0.0,0.5,none,True,True
164717,1.0,0.0,0.5,none,True,True
164718,1.0,0.0,0.5,none,True,True
164719,1.0,0.0,0.5,none,True,True
164720,1.0,0.0,0.5,none,True,True
164721,1.0,0.0,0.5,none,True,True
164722,1.0,0.0,0.5,none,True,True
164723,1.0,0.0,0.5,none,True,True
164724,1.0,0.0,0.5,none,True,True
164725,1.0,0.0,0.5,none,True,True
164726,1.0,0.0,0.5,none,True,True
164727,1.0,0.0,0.5,none,True,True
164728,1.0,0.0,0.5,none,True,True
164729,1.0,0.0,0.5,none,True,True
164730,1.0,0.0,0.5,none,True,True
164731,1.0,0.0,0.5,none,True,True
164732,1.0,0.0,0.5,none,True,True
164733,1.0,0.0,0.5,none,True,True
164734,1.0,0.0,0.5,none,True,True
164735,1.0,0.0,0.5,none,True,True
164736,1.0,0.0,0.5,none,True,True
164737,1.0,0.0,0.5,none,True,True
164738,1.0,0.0,0.5,none,True,True
164739,1.0,0.0,0.5,none,True,True
164740,1.0,0.0,0.5,none,True,True
164741,1.0,0.0,0.5,none,True,True
164742,1.0,0.0,0.5,none,True,True
164743,1.0,0.0,0.5,none,True,True
164744,1.0,0.0,0.5,none,True,True
164745,1.0,0.0,0.5,none,True,True
164746,1.0,0.0,0.5,none,True,True
164747,1.0,0.0,0.5,none,True,True
164748,1.0,0.0,0.5,none,True,True
164749,1.0,0.0,0.5,none,True,True
164750,1.0,0.0,0.5,none,True,True
164751,1.0,0.0,0.5,none,True,True
164752,1.0,0.0,0.5,none,True,True
164753,1.0,0.0,0.5,none,True,True
164754,1.0,0.0,0.5,none,True,True
164755,1.0,0.0,0.5,none,True,True
164756,1.0,0.0,0.5,none,True,True
164757,1.0,0.0,0.5,none,True,True
164758,1.0,0.0,0.5,none,True,True
164759,1.0,0.0,0.5,none,True,True
164760,1.0,0.0,0.5,none,True,True
164761,1.0,0.0,0.5,none,True,True
164762,1.0,0.0,0.5,none,True,True
164763,1.0,0.0,0.5,none,True,True
164764,1.0,0.0,0.5,none,True,True
164765,1.0,0.0,0.5,none,True,True
164766,1.0,0.0,0.5,none,True,True
164767,1.0,0.0,0.5,none,True,True
164768,1.0,0.0,0.5,none,True,True
164769,1.0,0.0,0.5,none,True,True
164770,1.0,0.0,0.5,none,True,True
164771,1.0,0.0,0.5,none,True,True
164772,1.0,0.0,0.5,none,True,True
164773,1.0,0.0,0.5,none,True,True
164774,1.0,0.0,0.5,none,True,True
164775,1.0,0.0,0.5,none,True,True
164776,1.0,0.0,0.5,none,True,True
164777,1.0,0.0,0.5,none,True,True
164778,1.0,0.0,0.5,none,True,True
164779,1.0,0.0,0.5,none,True,True
164780,1.0,0.0,0.5,none,True,True
164781,1.0,0.0,0.5,none,True,True
164782,1.0,0.0,0.5,none,True,True
164783,1.0,0.0,0.5,none,True,True
164784,1.0,0.0,0.5,none,True,True
164785,1.0,0.0,0.5,none,True,True
164786,1.0,0.0,0.5,none,True,True
164787,1.0,0.0,0.5,none,True,True
164788,1.0,0.0,0.5,none,True,True
164789,1.0,0.0,0.5,none,True,True
164790,1.0,0.0,0.5,none,True,True
164791,1.0,0.0,0.5,none,True,True
164792,1.0,0.0,0.5,none,True,True
164793,1.0,0.0,0.5,none,True,True
164794,1.0,0.0,0.5,none,True,True
164795,1.0,0.0,0.5,none,True,True
164796,1.0,0.0,0.5,none,True,True
164797,1.0,0.0,0.5,none,True,True
164798,1.0,0.0,0.5,none,True,True
164799,1.0,0.0,0.5,none,True,True
164800,1.0,0.0,0.5,none,True,True
164801,1.0,0.0,0.5,none,True,True
164802,1.0,0.0,0.5,none,True,True
164803,1.0,0.0,0.5,none,True,True
164804,1.0,0.0,0.5,none,True,True
164805,1.0,0.0,0.5,none,True,True
164806,1.0,0.0,0.5,none,True,True
164807,1.0,0.0,0.5,none,True,True
164808,1.0,0.0,0.5,none,True,True
164809,1.0,0.0,0.5,none,True,True
164810,1.0,0.0,0.5,none,True,True
164811,1.0,0.0,0.5,none,True,True
164812,1.0,0.0,0.5,none,True,True
164813,1.0,0.0,0.5,none,True,True
164814,1.0,0.0,0.5,none,True,True
164815,1.0,0.0,0.5,none,True,True
164816,1.0,0.0,0.5,none,True,True
164817,1.0,0.0,0.5,none,True,True
164818,1.0,0.0,0.5,none,True,True
164819,1.0,0.0,0.5,none,True,True
164820,1.0,0.0,0.5,none,True,True
164821,1.0,0.0,0.5,none,True,True
164822,1.0,0.0,0.5,none,True,True
164823,1.0,0.0,0.5,none,True,True
164824,1.0,0.0,0.5,none,True,True
164825,1.0,0.0,0.5,none,True,True
164826,1.0,0.0,0.5,none,True,True
164827,1.0,0.0,0.5,none,True,True
164828,1.0,0.0,0.5,none,True,True
164829,1.0,0.0,0.5,none,True,True
164830,1.0,0.0,0.5,none,True,True
164831,1.0,0.0,0.5,none,True,True
164832,1.0,0.0,0.5,none,True,True
164833,1.0,0.0,0.5,none,True,True
164834,1.0,0.0,0.5,none,True,True
164835,1.0,0.0,0.5,none,True,True
164836,1.0,0.0,0.5,none,True,True
164837,1.0,0.0,0.5,none,True,True
164838,1.0,0.0,0.5,none,True,True
164839,1.0,0.0,0.5,none,True,True
164840,1.0,0.0,0.5,none,True,True
164841,1.0,0.0,0.5,none,True,True
164842,1.0,0.0,0.5,none,True,True
164843,1.0,0.0,0.5,none,True,True
164844,1.0,0.0,0.5,none,True,True
164845,1.0,0.0,0.5,none,True,True
164846,1.0,0.0,0.5,none,True,True
164847,1.0,0.0,0.5,none,True,True
164848,1.0,0.0,0.5,none,True,True
164849,1.0,0.0,0.5,none,True,True
164850,1.0,0.0,0.5,none,True,True
164851,1.0,0.0,0.5,none,True,True
164852,1.0,0.0,0.5,none,True,True
164853,1.0,0.0,0.5,none,True,True
164854,1.0,0.0,0.5,none,True,True
164855,1.0,0.0,0.5,none,True,True
164856,1.0,0.0,0.5,none,True,True
164857,1.0,0.0,0.5,none,True,True
164858,1.0,0.0,0.5,none,True,True
164859,1.0,0.0,0.5,none,True,True
164860,1.0,0.0,0.5,none,True,True
164861,1.0,0.0,0.5,none,True,True
164862,1.0,0.0,0.5,none,True,True
164863,1.0,0.0,0.5,none,True,True
164864,1.0,0.0,0.5,none,True,True
164865,1.0,0.0,0.5,none,True,True
164866,1.0,0.0,0.5,none,True,True
164867,1.0,0.0,0.5,none,True,True
164868,1.0,0.0,0.5,none,True,True
164869,1.0,0.0,0.5,none,True,True
164870,1.0,0.0,0.5,none,True,True
164871,1.0,0.0,0.5,none,True,True
164872,1.0,0.0,0.5,none,True,True
164873,1.0,0.0,0.5,none,True,True
164874,1.0,0.0,0.5,none,True,True
164875,1.0,0.0,0.5,none,True,True
164876,1.0,0.0,0.5,none,True,True
164877,1.0,0.0,0.5,none,True,True
164878,1.0,0.0,0.5,none,True,True
164879,1.0,0.0,0.5,none,True,True
164880,1.0,0.0,0.5,none,True,True
164881,1.0,0.0,0.5,none,True,True
164882,1.0,0.0,0.5,none,True,True
164883,1.0,0.0,0.5,none,True,True
164884,1.0,0.0,0.5,none,True,True
164885,1.0,0.0,0.5,none,True,True
164886,1.0,0.0,0.5,none,True,True
164887,1.0,0.0,0.5,none,True,True
164888,1.0,0.0,0.5,none,True,True
164889,1.0,0.0,0.5,none,True,True
164890,1.0,0.0,0.5,none,True,True
164891,1.0,0.0,0.5,none,True,True
164892,1.0,0.0,0.5,none,True,True
164893,1.0,0.0,0.5,none,True,True
164894,1.0,0.0,0.5,none,True,True
164895,1.0,0.0,0.5,none,True,True
164896,1.0,0.0,0.5,none,True,True
164897,1.0,0.0,0.5,none,True,True
164898,1.0,0.0,0.5,none,True,True
164899,1.0,0.0,0.5,none,True,True
164900,1.0,0.0,0.5,none,True,True
164901,1.0,0.0,0.5,none,True,True
164902,1.0,0.0,0.5,none,True,True
164903,1.0,0.0,0.5,none,True,True
164904,1.0,0.0,0.5,none,True,True
164905,1.0,0.0,0.5,none,True,True
164906,1.0,0.0,0.5,none,True,True
164907,1.0,0.0,0.5,none,True,True
164908,1.0,0.0,0.5,none,True,True
164909,1.0,0.0,0.5,none,True,True
164910,1.0,0.0,0.5,none,True,True
164911,1.0,0.0,0.5,none,True,True
164912,1.0,0.0,0.5,none,True,True
164913,1.0,0.0,0.5,none,True,True
164914,1.0,0.0,0.5,none,True,True
164915,1.0,0.0,0.5,none,True,True
164916,1.0,0.0,0.5,none,True,True
164917,1.0,0.0,0.5,none,True,True
164918,1.0,0.0,0.5,none,True,True
164919,1.0,0.0,0.5,none,True,True
164920,1.0,0.0,0.5,none,True,True
164921,1.0,0.0,0.5,none,True,True
164922,1.0,0.0,0.5,none,True,True
164923,1.0,0.0,0.5,none,True,True
164924,1.0,0.0,0.5,none,True,True
164925,1.0,0.0,0.5,none,True,True
164926,1.0,0.0,0.5,none,True,True
164927,1.0,0.0,0.5,none,True,True
164928,1.0,0.0,0.5,none,True,True
164929,1.0,0.0,0.5,none,True,True
164930,1.0,0.0,0.5,none,True,True
164931,1.0,0.0,0.5,none,True,True
164932,1.0,0.0,0.5,none,True,True
164933,1.0,0.0,0.5,none,True,True
164934,1.0,0.0,0.5,none,True,True
164935,1.0,0.0,0.5,none,True,True
164936,1.0,0.0,0.5,none,True,True
164937,1.0,0.0,0.5,none,True,True
164938,1.0,0.0,0.5,none,True,True
164939,1.0,0.0,0.5,none,True,True
164940,1.0,0.0,0.5,none,True,True
164941,1.0,0.0,0.5,none,True,True
164942,1.0,0.0,0.5,none,True,True
164943,1.0,0.0,0.5,none,True,True
164944,1.0,0.0,0.5,none,True,True
164945,1.0,0.0,0.5,none,True,True
164946,1.0,0.0,0.5,none,True,True
164947,1.0,0.0,0.5,none,True,True
164948,1.0,0.0,0.5,none,True,True
164949,1.0,0.0,0.5,none,True,True
164950,1.0,0.0,0.5,none,True,True
164951,1.0,0.0,0.5,none,True,True
164952,1.0,0.0,0.5,none,True,True
164953,1.0,0.0,0.5,none,True,True
164954,1.0,0.0,0.5,none,True,True
164955,1.0,0.0,0.5,none,True,True
164956,1.0,0.0,0.5,none,True,True
164957,1.0,0.0,0.5,none,True,True
164958,1.0,0.0,0.5,none,True,True
164959,1.0,0.0,0.5,none,True,True
164960,1.0,0.0,0.5,none,True,True
164961,1.0,0.0,0.5,none,True,True
164962,1.0,0.0,0.5,none,True,True
164963,1.0,0.0,0.5,none,True,True
164964,1.0,0.0,0.5,none,True,True
164965,1.0,0.0,0.5,none,True,True
164966,1.0,0.0,0.5,none,True,True
164967,1.0,0.0,0.5,none,True,True
164968,1.0,0.0,0.5,none,True,True
164969,1.0,0.0,0.5,none,True,True
164970,1.0,0.0,0.5,none,True,True
164971,1.0,0.0,0.5,none,True,True
164972,1.0,0.0,0.5,none,True,True
164973,1.0,0.0,0.5,none,True,True
164974,1.0,0.0,0.5,none,True,True
164975,1.0,0.0,0.5,none,True,True
164976,1.0,0.0,0.5,none,True,True
164977,1.0,0.0,0.5,none,True,True
164978,1.0,0.0,0.5,none,True,True
164979,1.0,0.0,0.5,none,True,True
164980,1.0,0.0,0.5,none,True,True
164981,1.0,0.0,0.5,none,True,True
164982,1.0,0.0,0.5,none,True,True
164983,1.0,0.0,0.5,none,True,True
164984,1.0,0.0,0.5,none,True,True
164985,1.0,0.0,0.5,none,True,True
164986,1.0,0.0,0.5,none,True,True
164987,1.0,0.0,0.5,none,True,True
164988,1.0,0.0,0.5,none,True,True
164989,1.0,0.0,0.5,none,True,True
164990,1.0,0.0,0.5,none,True,True
164991,1.0,0.0,0.5,none,True,True
164992,1.0,0.0,0.5,none,True,True
164993,1.0,0.0,0.5,none,True,True
164994,1.0,0.0,0.5,none,True,True
164995,1.0,0.0,0.5,none,True,True
164996,1.0,0.0,0.5,none,True,True
164997,1.0,0.0,0.5,none,True,True
164998,1.0,0.0,0.5,none,True,True
164999,1.0,0.0,0.5,none,True,True
165000,1.0,0.0,0.5,none,True,True
165001,1.0,0.0,0.5,none,True,True
165002,1.0,0.0,0.5,none,True,True
165003,1.0,0.0,0.5,none,True,True
165004,1.0,0.0,0.5,none,True,True
165005,1.0,0.0,0.5,none,True,True
165006,1.0,0.0,0.5,none,True,True
165007,1.0,0.0,0.5,none,True,True
165008,1.0,0.0,0.5,none,True,True
165009,1.0,0.0,0.5,none,True,True
165010,1.0,0.0,0.5,none,True,True
165011,1.0,0.0,0.5,none,True,True
165012,1.0,0.0,0.5,none,True,True
165013,1.0,0.0,0.5,none,True,True
165014,1.0,0.0,0.5,none,True,True
165015,1.0,0.0,0.5,none,True,True
165016,1.0,0.0,0.5,none,True,True
165017,1.0,0.0,0.5,none,True,True
165018,1.0,0.0,0.5,none,True,True
165019,1.0,0.0,0.5,none,True,True
165020,1.0,0.0,0.5,none,True,True
165021,1.0,0.0,0.5,none,True,True
165022,1.0,0.0,0.5,none,True,True
165023,1.0,0.0,0.5,none,True,True
165024,1.0,0.0,0.5,none,True,True
165025,1.0,0.0,0.5,none,True,True
165026,1.0,0.0,0.5,none,True,True
165027,1.0,0.0,0.5,none,True,True
165028,1.0,0.0,0.5,none,True,True
165029,1.0,0.0,0.5,none,True,True
165030,1.0,0.0,0.5,none,True,True
165031,1.0,0.0,0.5,none,True,True
165032,1.0,0.0,0.5,none,True,True
165033,1.0,0.0,0.5,none,True,True
165034,1.0,0.0,0.5,none,True,True
165035,1.0,0.0,0.5,none,True,True
165036,1.0,0.0,0.5,none,True,True
165037,1.0,0.0,0.5,none,True,True
165038,1.0,0.0,0.5,none,True,True
165039,1.0,0.0,0.5,none,True,True
165040,1.0,0.0,0.5,none,True,True
165041,1.0,0.0,0.5,none,True,True
165042,1.0,0.0,0.5,none,True,True
165043,1.0,0.0,0.5,none,True,True
165044,1.0,0.0,0.5,none,True,True
165045,1.0,0.0,0.5,none,True,True
165046,1.0,0.0,0.5,none,True,True
165047,1.0,0.0,0.5,none,True,True
165048,1.0,0.0,0.5,none,True,True
165049,1.0,0.0,0.5,none,True,True
165050,1.0,0.0,0.5,none,True,True
165051,1.0,0.0,0.5,none,True,True
165052,1.0,0.0,0.5,none,True,True
165053,1.0,0.0,0.5,none,True,True
165054,1.0,0.0,0.5,none,True,True
165055,1.0,0.0,0.5,none,True,True
165056,1.0,0.0,0.5,none,True,True
165057,1.0,0.0,0.5,none,True,True
165058,1.0,0.0,0.5,none,True,True
165059,1.0,0.0,0.5,none,True,True
165060,1.0,0.0,0.5,none,True,True
165061,1.0,0.0,0.5,none,True,True
165062,1.0,0.0,0.5,none,True,True
165063,1.0,0.0,0.5,none,True,True
165064,1.0,0.0,0.5,none,True,True
165065,1.0,0.0,0.5,none,True,True
165066,1.0,0.0,0.5,none,True,True
165067,1.0,0.0,0.5,none,True,True
165068,1.0,0.0,0.5,none,True,True
165069,1.0,0.0,0.5,none,True,True
165070,1.0,0.0,0.5,none,True,True
165071,1.0,0.0,0.5,none,True,True
165072,1.0,0.0,0.5,none,True,True
165073,1.0,0.0,0.5,none,True,True
165074,1.0,0.0,0.5,none,True,True
165075,1.0,0.0,0.5,none,True,True
165076,1.0,0.0,0.5,none,True,True
165077,1.0,0.0,0.5,none,True,True
165078,1.0,0.0,0.5,none,True,True
165079,1.0,0.0,0.5,none,True,True
165080,1.0,0.0,0.5,none,True,True
165081,1.0,0.0,0.5,none,True,True
165082,1.0,0.0,0.5,none,True,True
165083,1.0,0.0,0.5,none,True,True
165084,1.0,0.0,0.5,none,True,True
165085,1.0,0.0,0.5,none,True,True
165086,1.0,0.0,0.5,none,True,True
165087,1.0,0.0,0.5,none,True,True
165088,1.0,0.0,0.5,none,True,True
165089,1.0,0.0,0.5,none,True,True
165090,1.0,0.0,0.5,none,True,True
165091,1.0,0.0,0.5,none,True,True
165092,1.0,0.0,0.5,none,True,True
165093,1.0,0.0,0.5,none,True,True
165094,1.0,0.0,0.5,none,True,True
165095,1.0,0.0,0.5,none,True,True
165096,1.0,0.0,0.5,none,True,True
165097,1.0,0.0,0.5,none,True,True
165098,1.0,0.0,0.5,none,True,True
165099,1.0,0.0,0.5,none,True,True
165100,1.0,0.0,0.5,none,True,True
165101,1.0,0.0,0.5,none,True,True
165102,1.0,0.0,0.5,none,True,True
165103,1.0,0.0,0.5,none,True,True
165104,1.0,0.0,0.5,none,True,True
165105,1.0,0.0,0.5,none,True,True
165106,1.0,0.0,0.5,none,True,True
165107,1.0,0.0,0.5,none,True,True
165108,1.0,0.0,0.5,none,True,True
165109,1.0,0.0,0.5,none,True,True
165110,1.0,0.0,0.5,none,True,True
165111,1.0,0.0,0.5,none,True,True
165112,1.0,0.0,0.5,none,True,True
165113,1.0,0.0,0.5,none,True,True
165114,1.0,0.0,0.5,none,True,True
165115,1.0,0.0,0.5,none,True,True
165116,1.0,0.0,0.5,none,True,True
165117,1.0,0.0,0.5,none,True,True
165118,1.0,0.0,0.5,none,True,True
165119,1.0,0.0,0.5,none,True,True
165120,1.0,0.0,0.5,none,True,True
165121,1.0,0.0,0.5,none,True,True
165122,1.0,0.0,0.5,none,True,True
165123,1.0,0.0,0.5,none,True,True
165124,1.0,0.0,0.5,none,True,True
165125,1.0,0.0,0.5,none,True,True
165126,1.0,0.0,0.5,none,True,True
165127,1.0,0.0,0.5,none,True,True
165128,1.0,0.0,0.5,none,True,True
165129,1.0,0.0,0.5,none,True,True
165130,1.0,0.0,0.5,none,True,True
165131,1.0,0.0,0.5,none,True,True
165132,1.0,0.0,0.5,none,True,True
165133,1.0,0.0,0.5,none,True,True
165134,1.0,0.0,0.5,none,True,True
165135,1.0,0.0,0.5,none,True,True
165136,1.0,0.0,0.5,none,True,True
165137,1.0,0.0,0.5,none,True,True
165138,1.0,0.0,0.5,none,True,True
165139,1.0,0.0,0.5,none,True,True
165140,1.0,0.0,0.5,none,True,True
165141,1.0,0.0,0.5,none,True,True
165142,1.0,0.0,0.5,none,True,True
165143,1.0,0.0,0.5,none,True,True
165144,1.0,0.0,0.5,none,True,True
165145,1.0,0.0,0.5,none,True,True
165146,1.0,0.0,0.5,none,True,True
165147,1.0,0.0,0.5,none,True,True
165148,1.0,0.0,0.5,none,True,True
165149,1.0,0.0,0.5,none,True,True
165150,1.0,0.0,0.5,none,True,True
165151,1.0,0.0,0.5,none,True,True
165152,1.0,0.0,0.5,none,True,True
165153,1.0,0.0,0.5,none,True,True
165154,1.0,0.0,0.5,none,True,True
165155,1.0,0.0,0.5,none,True,True
165156,1.0,0.0,0.5,none,True,True
165157,1.0,0.0,0.5,none,True,True
165158,1.0,0.0,0.5,none,True,True
165159,1.0,0.0,0.5,none,True,True
165160,1.0,0.0,0.5,none,True,True
165161,1.0,0.0,0.5,none,True,True
165162,1.0,0.0,0.5,none,True,True
165163,1.0,0.0,0.5,none,True,True
165164,1.0,0.0,0.5,none,True,True
165165,1.0,0.0,0.5,none,True,True
165166,1.0,0.0,0.5,none,True,True
165167,1.0,0.0,0.5,none,True,True
165168,1.0,0.0,0.5,none,True,True
165169,1.0,0.0,0.5,none,True,True
165170,1.0,0.0,0.5,none,True,True
165171,1.0,0.0,0.5,none,True,True
165172,1.0,0.0,0.5,none,True,True
165173,1.0,0.0,0.5,none,True,True
165174,1.0,0.0,0.5,none,True,True
165175,1.0,0.0,0.5,none,True,True
165176,1.0,0.0,0.5,none,True,True
165177,1.0,0.0,0.5,none,True,True
165178,1.0,0.0,0.5,none,True,True
165179,1.0,0.0,0.5,none,True,True
165180,1.0,0.0,0.5,none,True,True
165181,1.0,0.0,0.5,none,True,True
165182,1.0,0.0,0.5,none,True,True
165183,1.0,0.0,0.5,none,True,True
165184,1.0,0.0,0.5,none,True,True
165185,1.0,0.0,0.5,none,True,True
165186,1.0,0.0,0.5,none,True,True
165187,1.0,0.0,0.5,none,True,True
165188,1.0,0.0,0.5,none,True,True
165189,1.0,0.0,0.5,none,True,True
165190,1.0,0.0,0.5,none,True,True
165191,1.0,0.0,0.5,none,True,True
165192,1.0,0.0,0.5,none,True,True
165193,1.0,0.0,0.5,none,True,True
165194,1.0,0.0,0.5,none,True,True
165195,1.0,0.0,0.5,none,True,True
165196,1.0,0.0,0.5,none,True,True
165197,1.0,0.0,0.5,none,True,True
165198,1.0,0.0,0.5,none,True,True
165199,1.0,0.0,0.5,none,True,True
165200,1.0,0.0061,0.5,none,True,True
165201,1.0,0.0357,0.5,none,True,True
165202,1.0,0.0812,0.5,none,True,True
165203,1.0,0.1113,0.5,none,True,True
165204,1.0,0.1253,0.5,none,True,True
165205,1.0,0.1408,0.5,none,True,True
165206,1.0,0.0907,0.5,none,True,True
165207,1.0,0.1198,0.5,none,True,True
165208,1.0,0.0467,0.5,none,True,True
165209,1.0,0.0522,0.5,none,True,True
165210,1.0,0.0405,0.5,none,True,True
165211,1.0,0.0313,0.5,none,True,True
165212,1.0,0.0083,0.5,none,True,True
165213,1.0,0.0726,0.5,none,True,True
165214,1.0,0.0793,0.5,none,True,True
165215,1.0,0.0581,0.5,none,True,True
165216,1.0,0.0955,0.5,none,True,True
165217,1.0,0.0839,0.5,none,True,True
165218,1.0,0.0648,0.5,none,True,True
165219,1.0,0.0718,0.5,none,True,True
165220,1.0,0.0589,0.5,none,True,True
165221,1.0,0.0403,0.5,none,True,True
165222,1.0,0.0327,0.5,none,True,True
165223,1.0,0.0277,0.5,none,True,True
165224,1.0,0.017,0.5,none,True,True
165225,1.0,0.0102,0.5,none,True,True
165226,1.0,0.0099,0.5,none,True,True
165227,1.0,0.008,0.5,none,True,True
165228,1.0,0.005,0.5,none,True,True
165229,1.0,0.0063,0.5,none,True,True
165230,1.0,0.009,0.5,none,True,True
165231,1.0,0.0096,0.5,none,True,True
165232,1.0,0.0108,0.5,none,True,True
165233,1.0,0.014,0.5,none,True,True
165234,1.0,0.0161,0.5,none,True,True
165235,1.0,0.0167,0.5,none,True,True
165236,1.0,0.0182,0.5,none,True,True
165237,1.0,0.0196,0.5,none,True,True
165238,1.0,0.0197,0.5,none,True,True
165239,1.0,0.0193,0.5,none,True,True
165240,1.0,0.0193,0.5,none,True,True
165241,1.0,0.0187,0.5,none,True,True
165242,1.0,0.0174,0.5,none,True,True
165243,1.0,0.0163,0.5,none,True,True
165244,1.0,0.0152,0.5,none,True,True
165245,1.0,0.0138,0.5,none,True,True
165246,1.0,0.0123,0.5,none,True,True
165247,1.0,0.0111,0.5,none,True,True
165248,1.0,0.01,0.5,none,True,True
165249,1.0,0.0088,0.5,none,True,True
165250,1.0,0.0078,0.5,none,True,True
165251,1.0,0.0071,0.5,none,True,True
165252,1.0,0.0064,0.5,none,True,True
165253,1.0,0.0057,0.5,none,True,True
165254,1.0,0.0053,0.5,none,True,True
165255,1.0,0.005,0.5,none,True,True
165256,1.0,0.0047,0.5,none,True,True
165257,1.0,0.0045,0.5,none,True,True
165258,1.0,0.0044,0.5,none,True,True
165259,1.0,0.0043,0.5,none,True,True
165260,1.0,0.0042,0.5,none,True,True
165261,1.0,0.0041,0.5,none,True,True
165262,1.0,0.004,0.5,none,True,True
165263,1.0,0.0039,0.5,none,True,True
165264,1.0,0.0038,0.5,none,True,True
165265,1.0,0.0037,0.5,none,True,True
165266,1.0,0.0035,0.5,none,True,True
165267,1.0,0.0033,0.5,none,True,True
165268,1.0,0.0032,0.5,none,True,True
165269,1.0,0.003,0.5,none,True,True
165270,1.0,0.0028,0.5,none,True,True
165271,1.0,0.0026,0.5,none,True,True
165272,1.0,0.0024,0.5,none,True,True
165273,1.0,0.0023,0.5,none,True,True
165274,1.0,0.0021,0.5,none,True,True
165275,1.0,0.0019,0.5,none,True,True
165276,1.0,0.0018,0.5,none,True,True
165277,1.0,0.0017,0.5,none,True,True
165278,1.0,0.0015,0.5,none,True,True
165279,1.0,0.0014,0.5,none,True,True
165280,1.0,0.0013,0.5,none,True,True
165281,1.0,0.0013,0.5,none,True,True
165282,1.0,0.0012,0.5,none,True,True
165283,1.0,0.0011,0.5,none,True,True
165284,1.0,0.0011,0.5,none,True,True
165285,1.0,0.001,0.5,none,True,True
165286,1.0,0.001,0.5,none,True,True
165287,1.0,0.0009,0.5,none,True,True
165288,1.0,0.0009,0.5,none,True,True
165289,1.0,0.0008,0.5,none,True,True
165290,1.0,0.0008,0.5,none,True,True
165291,1.0,0.0008,0.5,none,True,True
165292,1.0,0.0007,0.5,none,True,True
165293,1.0,0.0007,0.5,none,True,True
165294,1.0,0.0006,0.5,none,True,True
165295,1.0,0.0006,0.5,none,True,True
165296,1.0,0.0006,0.5,none,True,True
165297,1.0,0.0005,0.5,none,True,True
165298,1.0,0.0005,0.5,none,True,True
165299,1.0,0.0005,0.5,none,True,True
165300,1.0,0.0004,0.5,none,True,True
165301,1.0,0.0004,0.5,none,True,True
165302,1.0,0.0004,0.5,none,True,True
165303,1.0,0.0004,0.5,none,True,True
165304,1.0,0.0003,0.5,none,True,True
165305,1.0,0.0003,0.5,none,True,True
165306,1.0,0.0003,0.5,none,True,True
165307,1.0,0.0003,0.5,none,True,True
165308,1.0,0.0003,0.5,none,True,True
165309,1.0,0.0003,0.5,none,True,True
165310,1.0,0.0002,0.5,none,True,True
165311,1.0,0.0002,0.5,none,True,True
165312,1.0,0.0002,0.5,none,True,True
165313,1.0,0.0002,0.5,none,True,True
165314,1.0,0.0002,0.5,none,True,True
165315,1.0,0.0002,0.5,none,True,True
165316,1.0,0.0002,0.5,none,True,True
165317,1.0,0.0002,0.5,none,True,True
165318,1.0,0.0002,0.5,none,True,True
165319,1.0,0.0001,0.5,none,True,True
165320,1.0,0.0001,0.5,none,True,True
165321,1.0,0.0001,0.5,none,True,True
165322,1.0,0.0001,0.5,none,True,True
165323,1.0,0.0001,0.5,none,True,True
165324,1.0,0.0001,0.5,none,True,True
165325,1.0,0.0001,0.5,none,True,True
165326,1.0,0.0001,0.5,none,True,True
165327,1.0,0.0001,0.5,none,True,True
165328,1.0,0.0001,0.5,none,True,True
165329,1.0,0.0001,0.5,none,True,True
165330,1.0,0.0001,0.5,none,True,True
165331,1.0,0.0001,0.5,none,True,True
165332,1.0,0.0001,0.5,none,True,True
165333,1.0,0.0001,0.5,none,True,True
165334,1.0,0.0001,0.5,none,True,True
165335,1.0,0.0001,0.5,none,True,True
165336,1.0,0.0001,0.5,none,True,True
165337,1.0,0.0,0.5,none,True,True
165338,1.0,0.0,0.5,none,True,True
165339,1.0,0.0,0.5,none,True,True
165340,1.0,0.0,0.5,none,True,True
165341,1.0,0.0,0.5,none,True,True
165342,1.0,0.0,0.5,none,True,True
165343,1.0,0.0,0.5,none,True,True
165344,1.0,0.0,0.5,none,True,True
165345,1.0,0.0,0.5,none,True,True
165346,1.0,0.0,0.5,none,True,True
165347,1.0,0.0,0.5,none,True,True
165348,1.0,0.0,0.5,none,True,True
165349,1.0,0.0,0.5,none,True,True
165350,1.0,0.0,0.5,none,True,True
165351,1.0,0.0,0.5,none,True,True
165352,1.0,0.0,0.5,none,True,True
165353,1.0,0.0,0.5,none,True,True
165354,1.0,0.0,0.5,none,True,True
165355,1.0,0.0,0.5,none,True,True
165356,1.0,0.0,0.5,none,True,True
165357,1.0,0.0,0.5,none,True,True
165358,1.0,0.0,0.5,none,True,True
165359,1.0,0.0,0.5,none,True,True
165360,1.0,0.0,0.5,none,True,True
165361,1.0,0.0,0.5,none,True,True
165362,1.0,0.0,0.5,none,True,True
165363,1.0,0.0,0.5,none,True,True
165364,1.0,0.0,0.5,none,True,True
165365,1.0,0.0,0.5,none,True,True
165366,1.0,0.0,0.5,none,True,True
165367,1.0,0.0,0.5,none,True,True
165368,1.0,0.0,0.5,none,True,True
165369,1.0,0.0,0.5,none,True,True
165370,1.0,0.0,0.5,none,True,True
165371,1.0,0.0,0.5,none,True,True
165372,1.0,0.0,0.5,none,True,True
165373,1.0,0.0,0.5,none,True,True
165374,1.0,0.0,0.5,none,True,True
165375,1.0,0.0,0.5,none,True,True
165376,1.0,0.0,0.5,none,True,True
165377,1.0,0.0,0.5,none,True,True
165378,1.0,0.0,0.5,none,True,True
165379,1.0,0.0,0.5,none,True,True
165380,1.0,0.0,0.5,none,True,True
165381,1.0,0.0,0.5,none,True,True
165382,1.0,0.0,0.5,none,True,True
165383,1.0,0.0,0.5,none,True,True
165384,1.0,0.0,0.5,none,True,True
165385,1.0,0.0,0.5,none,True,True
165386,1.0,0.0,0.5,none,True,True
165387,1.0,0.0,0.5,none,True,True
165388,1.0,0.0,0.5,none,True,True
165389,1.0,0.0,0.5,none,True,True
165390,1.0,0.0,0.5,none,True,True
165391,1.0,0.0,0.5,none,True,True
165392,1.0,0.0,0.5,none,True,True
165393,1.0,0.0,0.5,none,True,True
165394,1.0,0.0,0.5,none,True,True
165395,1.0,0.0,0.5,none,True,True
165396,1.0,0.0,0.5,none,True,True
165397,1.0,0.0,0.5,none,True,True
165398,1.0,0.0,0.5,none,True,True
165399,1.0,0.0,0.5,none,True,True
165400,1.0,0.0,0.5,none,True,True
165401,1.0,0.0,0.5,none,True,True
165402,1.0,0.0,0.5,none,True,True
165403,1.0,0.0,0.5,none,True,True
165404,1.0,0.0,0.5,none,True,True
165405,1.0,0.0,0.5,none,True,True
165406,1.0,0.0,0.5,none,True,True
165407,1.0,0.0,0.5,none,True,True
165408,1.0,0.0,0.5,none,True,True
165409,1.0,0.0,0.5,none,True,True
165410,1.0,0.0,0.5,none,True,True
165411,1.0,0.0,0.5,none,True,True
165412,1.0,0.0,0.5,none,True,True
165413,1.0,0.0,0.5,none,True,True
165414,1.0,0.0,0.5,none,True,True
165415,1.0,0.0,0.5,none,True,True
165416,1.0,0.0,0.5,none,True,True
165417,1.0,0.0,0.5,none,True,True
165418,1.0,0.0,0.5,none,True,True
165419,1.0,0.0,0.5,none,True,True
165420,1.0,0.0,0.5,none,True,True
165421,1.0,0.0,0.5,none,True,True
165422,1.0,0.0,0.5,none,True,True
165423,1.0,0.0,0.5,none,True,True
165424,1.0,0.0,0.5,none,True,True
165425,1.0,0.0,0.5,none,True,True
165426,1.0,0.0,0.5,none,True,True
165427,1.0,0.0,0.5,none,True,True
165428,1.0,0.0,0.5,none,True,True
165429,1.0,0.0,0.5,none,True,True
165430,1.0,0.0,0.5,none,True,True
165431,1.0,0.0,0.5,none,True,True
165432,1.0,0.0,0.5,none,True,True
165433,1.0,0.0,0.5,none,True,True
165434,1.0,0.0,0.5,none,True,True
165435,1.0,0.0,0.5,none,True,True
165436,1.0,0.0,0.5,none,True,True
165437,1.0,0.0,0.5,none,True,True
165438,1.0,0.0,0.5,none,True,True
165439,1.0,0.0,0.5,none,True,True
165440,1.0,0.0,0.5,none,True,True
165441,1.0,0.0,0.5,none,True,True
165442,1.0,0.0,0.5,none,True,True
165443,1.0,0.0,0.5,none,True,True
165444,1.0,0.0,0.5,none,True,True
165445,1.0,0.0,0.5,none,True,True
165446,1.0,0.0,0.5,none,True,True
165447,1.0,0.0,0.5,none,True,True
165448,1.0,0.0,0.5,none,True,True
165449,1.0,0.0,0.5,none,True,True
165450,1.0,0.0,0.5,none,True,True
165451,1.0,0.0,0.5,none,True,True
165452,1.0,0.0,0.5,none,True,True
165453,1.0,0.0,0.5,none,True,True
165454,1.0,0.0,0.5,none,True,True
165455,1.0,0.0,0.5,none,True,True
165456,1.0,0.0,0.5,none,True,True
165457,1.0,0.0,0.5,none,True,True
165458,1.0,0.0,0.5,none,True,True
165459,1.0,0.0,0.5,none,True,True
165460,1.0,0.0,0.5,none,True,True
165461,1.0,0.0,0.5,none,True,True
165462,1.0,0.0,0.5,none,True,True
165463,1.0,0.0,0.5,none,True,True
165464,1.0,0.0,0.5,none,True,True
165465,1.0,0.0,0.5,none,True,True
165466,1.0,0.0,0.5,none,True,True
165467,1.0,0.0,0.5,none,True,True
165468,1.0,0.0,0.5,none,True,True
165469,1.0,0.0,0.5,none,True,True
165470,1.0,0.0,0.5,none,True,True
165471,1.0,0.0,0.5,none,True,True
165472,1.0,0.0,0.5,none,True,True
165473,1.0,0.0,0.5,none,True,True
165474,1.0,0.0,0.5,none,True,True
165475,1.0,0.0,0.5,none,True,True
165476,1.0,0.0,0.5,none,True,True
165477,1.0,0.0,0.5,none,True,True
165478,1.0,0.0,0.5,none,True,True
165479,1.0,0.0,0.5,none,True,True
165480,1.0,0.0,0.5,none,True,True
165481,1.0,0.0,0.5,none,True,True
165482,1.0,0.0,0.5,none,True,True
165483,1.0,0.0,0.5,none,True,True
165484,1.0,0.0,0.5,none,True,True
165485,1.0,0.0,0.5,none,True,True
165486,1.0,0.0,0.5,none,True,True
165487,1.0,0.0,0.5,none,True,True
165488,1.0,0.0,0.5,none,True,True
165489,1.0,0.0,0.5,none,True,True
165490,1.0,0.0,0.5,none,True,True
165491,1.0,0.0,0.5,none,True,True
165492,1.0,0.0,0.5,none,True,True
165493,1.0,0.0,0.5,none,True,True
165494,1.0,0.0,0.5,none,True,True
165495,1.0,0.0,0.5,none,True,True
165496,1.0,0.0,0.5,none,True,True
165497,1.0,0.0,0.5,none,True,True
165498,1.0,0.0,0.5,none,True,True
165499,1.0,0.0,0.5,none,True,True
165500,1.0,0.0,0.5,none,True,True
165501,1.0,0.0,0.5,none,True,True
165502,1.0,0.0,0.5,none,True,True
165503,1.0,0.0,0.5,none,True,True
165504,1.0,0.0,0.5,none,True,True
165505,1.0,0.0,0.5,none,True,True
165506,1.0,0.0,0.5,none,True,True
165507,1.0,0.0,0.5,none,True,True
165508,1.0,0.0,0.5,none,True,True
165509,1.0,0.0,0.5,none,True,True
165510,1.0,0.0,0.5,none,True,True
165511,1.0,0.0,0.5,none,True,True
165512,1.0,0.0,0.5,none,True,True
165513,1.0,0.0,0.5,none,True,True
165514,1.0,0.0,0.5,none,True,True
165515,1.0,0.0,0.5,none,True,True
165516,1.0,0.0,0.5,none,True,True
165517,1.0,0.0,0.5,none,True,True
165518,1.0,0.0,0.5,none,True,True
165519,1.0,0.0,0.5,none,True,True
165520,1.0,0.0,0.5,none,True,True
165521,1.0,0.0,0.5,none,True,True
165522,1.0,0.0,0.5,none,True,True
165523,1.0,0.0,0.5,none,True,True
165524,1.0,0.0,0.5,none,True,True
165525,1.0,0.0,0.5,none,True,True
165526,1.0,0.0,0.5,none,True,True
165527,1.0,0.0,0.5,none,True,True
165528,1.0,0.0,0.5,none,True,True
165529,1.0,0.0,0.5,none,True,True
165530,1.0,0.0,0.5,none,True,True
165531,1.0,0.0,0.5,none,True,True
165532,1.0,0.0,0.5,none,True,True
165533,1.0,0.0,0.5,none,True,True
165534,1.0,0.0,0.5,none,True,True
165535,1.0,0.0,0.5,none,True,True
165536,1.0,0.0,0.5,none,True,True
165537,1.0,0.0,0.5,none,True,True
165538,1.0,0.0,0.5,none,True,True
165539,1.0,0.0,0.5,none,True,True
165540,1.0,0.0,0.5,none,True,True
165541,1.0,0.0,0.5,none,True,True
165542,1.0,0.0,0.5,none,True,True
165543,1.0,0.0,0.5,none,True,True
165544,1.0,0.0,0.5,none,True,True
165545,1.0,0.0,0.5,none,True,True
165546,1.0,0.0,0.5,none,True,True
165547,1.0,0.0,0.5,none,True,True
165548,1.0,0.0,0.5,none,True,True
165549,1.0,0.0,0.5,none,True,True
165550,1.0,0.0,0.5,none,True,True
165551,1.0,0.0,0.5,none,True,True
165552,1.0,0.0,0.5,none,True,True
165553,1.0,0.0,0.5,none,True,True
165554,1.0,0.0,0.5,none,True,True
165555,1.0,0.0,0.5,none,True,True
165556,1.0,0.0,0.5,none,True,True
165557,1.0,0.0,0.5,none,True,True
165558,1.0,0.0,0.5,none,True,True
165559,1.0,0.0,0.5,none,True,True
165560,1.0,0.0,0.5,none,True,True
165561,1.0,0.0,0.5,none,True,True
165562,1.0,0.0,0.5,none,True,True
165563,1.0,0.0,0.5,none,True,True
165564,1.0,0.0,0.5,none,True,True
165565,1.0,0.0,0.5,none,True,True
165566,1.0,0.0,0.5,none,True,True
165567,1.0,0.0,0.5,none,True,True
165568,1.0,0.0,0.5,none,True,True
165569,1.0,0.0,0.5,none,True,True
165570,1.0,0.0,0.5,none,True,True
165571,1.0,0.0,0.5,none,True,True
165572,1.0,0.0,0.5,none,True,True
165573,1.0,0.0,0.5,none,True,True
165574,1.0,0.0,0.5,none,True,True
165575,1.0,0.0,0.5,none,True,True
165576,1.0,0.0,0.5,none,True,True
165577,1.0,0.0,0.5,none,True,True
165578,1.0,0.0,0.5,none,True,True
165579,1.0,0.0,0.5,none,True,True
165580,1.0,0.0,0.5,none,True,True
165581,1.0,0.0,0.5,none,True,True
165582,1.0,0.0,0.5,none,True,True
165583,1.0,0.0,0.5,none,True,True
165584,1.0,0.0,0.5,none,True,True
165585,1.0,0.0,0.5,none,True,True
165586,1.0,0.0,0.5,none,True,True
165587,1.0,0.0,0.5,none,True,True
165588,1.0,0.0,0.5,none,True,True
165589,1.0,0.0,0.5,none,True,True
165590,1.0,0.0,0.5,none,True,True
165591,1.0,0.0,0.5,none,True,True
165592,1.0,0.0,0.5,none,True,True
165593,1.0,0.0,0.5,none,True,True
165594,1.0,0.0,0.5,none,True,True
165595,1.0,0.0,0.5,none,True,True
165596,1.0,0.0,0.5,none,True,True
165597,1.0,0.0,0.5,none,True,True
165598,1.0,0.0,0.5,none,True,True
165599,1.0,0.0,0.5,none,True,True
165600,1.0,0.0,0.5,none,True,True
165601,1.0,0.0,0.5,none,True,True
165602,1.0,0.0,0.5,none,True,True
165603,1.0,0.0,0.5,none,True,True
165604,1.0,0.0,0.5,none,True,True
165605,1.0,0.0,0.5,none,True,True
165606,1.0,0.0,0.5,none,True,True
165607,1.0,0.0,0.5,none,True,True
165608,1.0,0.0,0.5,none,True,True
165609,1.0,0.0,0.5,none,True,True
165610,1.0,0.0,0.5,none,True,True
165611,1.0,0.0,0.5,none,True,True
165612,1.0,0.0,0.5,none,True,True
165613,1.0,0.0,0.5,none,True,True
165614,1.0,0.0,0.5,none,True,True
165615,1.0,0.0,0.5,none,True,True
165616,1.0,0.0,0.5,none,True,True
165617,1.0,0.0,0.5,none,True,True
165618,1.0,0.0,0.5,none,True,True
165619,1.0,0.0,0.5,none,True,True
165620,1.0,0.0,0.5,none,True,True
165621,1.0,0.0,0.5,none,True,True
165622,1.0,0.0,0.5,none,True,True
165623,1.0,0.0,0.5,none,True,True
165624,1.0,0.0,0.5,none,True,True
165625,1.0,0.0,0.5,none,True,True
165626,1.0,0.0,0.5,none,True,True
165627,1.0,0.0,0.5,none,True,True
165628,1.0,0.0,0.5,none,True,True
165629,1.0,0.0,0.5,none,True,True
165630,1.0,0.0,0.5,none,True,True
165631,1.0,0.0,0.5,none,True,True
165632,1.0,0.0,0.5,none,True,True
165633,1.0,0.0,0.5,none,True,True
165634,1.0,0.0,0.5,none,True,True
165635,1.0,0.0,0.5,none,True,True
165636,1.0,0.0,0.5,none,True,True
165637,1.0,0.0,0.5,none,True,True
165638,1.0,0.0,0.5,none,True,True
165639,1.0,0.0,0.5,none,True,True
165640,1.0,0.0,0.5,none,True,True
165641,1.0,0.0,0.5,none,True,True
165642,1.0,0.0,0.5,none,True,True
165643,1.0,0.0,0.5,none,True,True
165644,1.0,0.0,0.5,none,True,True
165645,1.0,0.0,0.5,none,True,True
165646,1.0,0.0,0.5,none,True,True
165647,1.0,0.0,0.5,none,True,True
165648,1.0,0.0,0.5,none,True,True
165649,1.0,0.0,0.5,none,True,True
165650,1.0,0.0,0.5,none,True,True
165651,1.0,0.0,0.5,none,True,True
165652,1.0,0.0,0.5,none,True,True
165653,1.0,0.0,0.5,none,True,True
165654,1.0,0.0,0.5,none,True,True
165655,1.0,0.0,0.5,none,True,True
165656,1.0,0.0,0.5,none,True,True
165657,1.0,0.0,0.5,none,True,True
165658,1.0,0.0,0.5,none,True,True
165659,1.0,0.0,0.5,none,True,True
165660,1.0,0.0,0.5,none,True,True
165661,1.0,0.0,0.5,none,True,True
165662,1.0,0.0,0.5,none,True,True
165663,1.0,0.0,0.5,none,True,True
165664,1.0,0.0,0.5,none,True,True
165665,1.0,0.0,0.5,none,True,True
165666,1.0,0.0,0.5,none,True,True
165667,1.0,0.0,0.5,none,True,True
165668,1.0,0.0,0.5,none,True,True
165669,1.0,0.0,0.5,none,True,True
165670,1.0,0.0,0.5,none,True,True
165671,1.0,0.0,0.5,none,True,True
165672,1.0,0.0,0.5,none,True,True
165673,1.0,0.0,0.5,none,True,True
165674,1.0,0.0,0.5,none,True,True
165675,1.0,0.0,0.5,none,True,True
165676,1.0,0.0,0.5,none,True,True
165677,1.0,0.0,0.5,none,True,True
165678,1.0,0.0,0.5,none,True,True
165679,1.0,0.0,0.5,none,True,True
165680,1.0,0.0,0.5,none,True,True
165681,1.0,0.0,0.5,none,True,True
165682,1.0,0.0,0.5,none,True,True
165683,1.0,0.0,0.5,none,True,True
165684,1.0,0.0,0.5,none,True,True
165685,1.0,0.0,0.5,none,True,True
165686,1.0,0.0,0.5,none,True,True
165687,1.0,0.0,0.5,none,True,True
165688,1.0,0.0,0.5,none,True,True
165689,1.0,0.0,0.5,none,True,True
165690,1.0,0.0,0.5,none,True,True
165691,1.0,0.0,0.5,none,True,True
165692,1.0,0.0,0.5,none,True,True
165693,1.0,0.0,0.5,none,True,True
165694,1.0,0.0,0.5,none,True,True
165695,1.0,0.0,0.5,none,True,True
165696,1.0,0.0,0.5,none,True,True
165697,1.0,0.0,0.5,none,True,True
165698,1.0,0.0,0.5,none,True,True
165699,1.0,0.0,0.5,none,True,True
165700,1.0,0.0,0.5,none,True,True
165701,1.0,0.0,0.5,none,True,True
165702,1.0,0.0,0.5,none,True,True
165703,1.0,0.0,0.5,none,True,True
165704,1.0,0.0,0.5,none,True,True
165705,1.0,0.0,0.5,none,True,True
165706,1.0,0.0,0.5,none,True,True
165707,1.0,0.0,0.5,none,True,True
165708,1.0,0.0,0.5,none,True,True
165709,1.0,0.0,0.5,none,True,True
165710,1.0,0.0,0.5,none,True,True
165711,1.0,0.0,0.5,none,True,True
165712,1.0,0.0,0.5,none,True,True
165713,1.0,0.0,0.5,none,True,True
165714,1.0,0.0,0.5,none,True,True
165715,1.0,0.0,0.5,none,True,True
165716,1.0,0.0,0.5,none,True,True
165717,1.0,0.0,0.5,none,True,True
165718,1.0,0.0,0.5,none,True,True
165719,1.0,0.0,0.5,none,True,True
165720,1.0,0.0,0.5,none,True,True
165721,1.0,0.0,0.5,none,True,True
165722,1.0,0.0,0.5,none,True,True
165723,1.0,0.0,0.5,none,True,True
165724,1.0,0.0,0.5,none,True,True
165725,1.0,0.0,0.5,none,True,True
165726,1.0,0.0,0.5,none,True,True
165727,1.0,0.0,0.5,none,True,True
165728,1.0,0.0,0.5,none,True,True
165729,1.0,0.0,0.5,none,True,True
165730,1.0,0.0,0.5,none,True,True
165731,1.0,0.0,0.5,none,True,True
165732,1.0,0.0,0.5,none,True,True
165733,1.0,0.0,0.5,none,True,True
165734,1.0,0.0,0.5,none,True,True
165735,1.0,0.0,0.5,none,True,True
165736,1.0,0.0,0.5,none,True,True
165737,1.0,0.0,0.5,none,True,True
165738,1.0,0.0,0.5,none,True,True
165739,1.0,0.0,0.5,none,True,True
165740,1.0,0.0,0.5,none,True,True
165741,1.0,0.0,0.5,none,True,True
165742,1.0,0.0,0.5,none,True,True
165743,1.0,0.0,0.5,none,True,True
165744,1.0,0.0,0.5,none,True,True
165745,1.0,0.0,0.5,none,True,True
165746,1.0,0.0,0.5,none,True,True
165747,1.0,0.0,0.5,none,True,True
165748,1.0,0.0,0.5,none,True,True
165749,1.0,0.0,0.5,none,True,True
165750,1.0,0.0,0.5,none,True,True
165751,1.0,0.0,0.5,none,True,True
165752,1.0,0.0,0.5,none,True,True
165753,1.0,0.0,0.5,none,True,True
165754,1.0,0.0,0.5,none,True,True
165755,1.0,0.0,0.5,none,True,True
165756,1.0,0.0,0.5,none,True,True
165757,1.0,0.0,0.5,none,True,True
165758,1.0,0.0,0.5,none,True,True
165759,1.0,0.0,0.5,none,True,True
165760,1.0,0.0,0.5,none,True,True
165761,1.0,0.0,0.5,none,True,True
165762,1.0,0.0,0.5,none,True,True
165763,1.0,0.0,0.5,none,True,True
165764,1.0,0.0,0.5,none,True,True
165765,1.0,0.0,0.5,none,True,True
165766,1.0,0.0,0.5,none,True,True
165767,1.0,0.0,0.5,none,True,True
165768,1.0,0.0,0.5,none,True,True
165769,1.0,0.0,0.5,none,True,True
165770,1.0,0.0,0.5,none,True,True
165771,1.0,0.0,0.5,none,True,True
165772,1.0,0.0,0.5,none,True,True
165773,1.0,0.0,0.5,none,True,True
165774,1.0,0.0,0.5,none,True,True
165775,1.0,0.0,0.5,none,True,True
165776,1.0,0.0,0.5,none,True,True
165777,1.0,0.0,0.5,none,True,True
165778,1.0,0.0,0.5,none,True,True
165779,1.0,0.0,0.5,none,True,True
165780,1.0,0.0,0.5,none,True,True
165781,1.0,0.0,0.5,none,True,True
165782,1.0,0.0,0.5,none,True,True
165783,1.0,0.0,0.5,none,True,True
165784,1.0,0.0,0.5,none,True,True
165785,1.0,0.0,0.5,none,True,True
165786,1.0,0.0,0.5,none,True,True
165787,1.0,0.0,0.5,none,True,True
165788,1.0,0.0,0.5,none,True,True
165789,1.0,0.0,0.5,none,True,True
165790,1.0,0.0,0.5,none,True,True
165791,1.0,0.0,0.5,none,True,True
165792,1.0,0.0,0.5,none,True,True
165793,1.0,0.0,0.5,none,True,True
165794,1.0,0.0,0.5,none,True,True
165795,1.0,0.0,0.5,none,True,True
165796,1.0,0.0,0.5,none,True,True
165797,1.0,0.0,0.5,none,True,True
165798,1.0,0.0,0.5,none,True,True
165799,1.0,0.0,0.5,none,True,True
165800,1.0,0.0,0.5,none,True,True
165801,1.0,0.0,0.5,none,True,True
165802,1.0,0.0,0.5,none,True,True
165803,1.0,0.0,0.5,none,True,True
165804,1.0,0.0,0.5,none,True,True
165805,1.0,0.0,0.5,none,True,True
165806,1.0,0.0,0.5,none,True,True
165807,1.0,0.0,0.5,none,False,False
165808,1.0,0.0105,0.5,emergency_br_leg_reset,False,False
165809,1.0,0.0372,0.5,emergency_br_leg_reset,False,False
165810,1.0,0.0637,0.5,emergency_br_leg_reset,False,False
165811,1.0,0.0727,0.5,emergency_br_leg_reset,False,False
165812,1.0,0.0807,0.5,none,False,False
165813,1.0,0.0683,0.5,none,False,False
165814,1.0,0.0587,0.5,none,False,False
165815,1.0,0.0431,0.5,none,False,False
165816,1.0,0.0063,0.5,none,False,False
165817,1.0,0.0325,0.5,none,False,False
165818,1.0,0.061,0.5,none,False,False
165819,1.0,0.0869,0.5,none,False,False
165820,1.0,0.111,0.5,none,False,False
165821,1.0,0.1231,0.5,none,False,False
165822,1.0,0.1247,0.5,none,False,False
165823,1.0,0.1233,0.5,none,False,False
165824,1.0,0.1166,0.5,none,False,False
165825,1.0,0.1017,0.5,none,False,False
165826,1.0,0.0839,0.5,none,False,False
165827,1.0,0.0666,0.5,none,False,False
165828,1.0,0.0474,0.5,none,False,False
165829,1.0,0.0271,0.5,none,False,False
165830,1.0,0.0095,0.5,none,False,False
165831,1.0,0.0053,0.5,none,False,False
165832,1.0,0.0189,0.5,none,False,False
165833,1.0,0.0299,0.5,none,False,False
165834,1.0,0.0371,0.5,none,False,False
165835,1.0,0.0419,0.5,none,False,False
165836,1.0,0.0449,0.5,none,False,False
165837,1.0,0.0453,0.5,none,False,False
165838,1.0,0.0437,0.5,none,False,False
165839,1.0,0.0411,0.5,none,False,False
165840,1.0,0.0377,0.5,none,False,False
165841,1.0,0.0333,0.5,none,False,False
165842,1.0,0.0287,0.5,none,False,False
165843,1.0,0.0243,0.5,none,False,False
165844,1.0,0.02,0.5,none,False,False
165845,1.0,0.016,0.5,none,False,False
165846,1.0,0.0126,0.5,none,False,False
165847,1.0,0.0099,0.5,none,False,False
165848,1.0,0.0077,0.5,none,False,False
165849,1.0,0.006,0.5,none,False,False
165850,1.0,0.005,0.5,none,False,False
165851,1.0,0.0044,0.5,none,False,False
165852,1.0,0.0041,0.5,none,False,False
165853,1.0,0.0042,0.5,none,False,False
165854,1.0,0.0045,0.5,none,False,False
165855,1.0,0.0049,0.5,none,False,False
165856,1.0,0.0054,0.5,none,False,False
165857,1.0,0.0058,0.5,none,False,False
165858,1.0,0.0063,0.5,none,False,False
165859,1.0,0.0066,0.5,none,False,False
165860,1.0,0.0068,0.5,none,False,False
165861,1.0,0.0069,0.5,none,False,False
165862,1.0,0.0068,0.5,none,False,False
165863,1.0,0.0067,0.5,none,False,False
165864,1.0,0.0064,0.5,none,False,False
165865,1.0,0.0061,0.5,none,False,False
165866,1.0,0.0057,0.5,none,False,False
165867,1.0,0.0053,0.5,none,False,False
165868,1.0,0.0048,0.5,none,False,False
165869,1.0,0.0044,0.5,none,False,False
165870,1.0,0.0039,0.5,none,False,False
165871,1.0,0.0035,0.5,none,False,False
165872,1.0,0.0031,0.5,none,False,False
165873,1.0,0.0028,0.5,none,False,False
165874,1.0,0.0025,0.5,none,False,False
165875,1.0,0.0023,0.5,none,False,False
165876,1.0,0.0021,0.5,none,False,False
165877,1.0,0.0019,0.5,none,False,False
165878,1.0,0.0018,0.5,none,False,False
165879,1.0,0.0017,0.5,none,False,False
165880,1.0,0.0016,0.5,none,False,False
165881,1.0,0.0016,0.5,none,False,False
165882,1.0,0.0015,0.5,none,False,False
165883,1.0,0.0015,0.5,none,False,False
165884,1.0,0.0015,0.5,none,False,False
165885,1.0,0.0014,0.5,none,False,False
165886,1.0,0.0014,0.5,none,False,False
165887,1.0,0.0013,0.5,none,False,False
165888,1.0,0.0013,0.5,none,False,False
165889,1.0,0.0012,0.5,none,False,False
165890,1.0,0.0012,0.5,none,False,False
165891,1.0,0.0011,0.5,none,False,False
165892,1.0,0.001,0.5,none,False,False
165893,1.0,0.001,0.5,none,False,False
165894,1.0,0.0009,0.5,none,False,False
165895,1.0,0.0008,0.5,none,False,False
165896,1.0,0.0008,0.5,none,False,False
165897,1.0,0.0007,0.5,none,False,False
165898,1.0,0.0007,0.5,none,False,False
165899,1.0,0.0,0.5,none,False,False
165900,1.0,0.0061,0.5,none,False,False
165901,1.0,0.0357,0.5,none,False,False
165902,1.0,0.0812,0.5,none,False,False
165903,1.0,0.1113,0.5,none,False,False
165904,1.0,0.1253,0.5,none,False,False
165905,1.0,0.1408,0.5,none,False,False
165906,1.0,0.0907,0.5,none,False,False
165907,1.0,0.1198,0.5,none,False,False
165908,1.0,0.0467,0.5,none,False,False
165909,1.0,0.0522,0.5,none,False,False
165910,1.0,0.0405,0.5,none,False,False
165911,1.0,0.0313,0.5,none,False,False
165912,1.0,0.0083,0.5,none,False,False
165913,1.0,0.0726,0.5,none,False,False
165914,1.0,0.0793,0.5,none,False,False
165915,1.0,0.0581,0.5,none,False,False
165916,1.0,0.0955,0.5,none,False,False
165917,1.0,0.0839,0.5,none,False,False
165918,1.0,0.0648,0.5,none,False,False
165919,1.0,0.0718,0.5,none,False,False
165920,1.0,0.0589,0.5,none,False,False
165921,1.0,0.0403,0.5,none,False,False
165922,1.0,0.0327,0.5,none,False,False
165923,1.0,0.0277,0.5,none,False,False
165924,1.0,0.017,0.5,none,False,False
165925,1.0,0.0102,0.5,none,False,False
165926,1.0,0.0099,0.5,none,False,False
165927,1.0,0.008,0.5,none,False,False
165928,1.0,0.005,0.5,none,False,False
165929,1.0,0.0063,0.5,none,False,False
165930,1.0,0.009,0.5,none,False,False
165931,1.0,0.0096,0.5,none,False,False
165932,1.0,0.0108,0.5,none,False,False
165933,1.0,0.014,0.5,none,False,False
165934,1.0,0.0161,0.5,none,False,False
165935,1.0,0.0167,0.5,none,False,False
165936,1.0,0.0182,0.5,none,False,False
165937,1.0,0.0196,0.5,none,False,False
165938,1.0,0.0197,0.5,none,False,False
165939,1.0,0.0193,0.5,none,False,False
165940,1.0,0.0193,0.5,none,False,False
165941,1.0,0.0187,0.5,none,False,False
165942,1.0,0.0174,0.5,none,False,False
165943,1.0,0.0163,0.5,none,False,False
165944,1.0,0.0152,0.5,none,False,False
165945,1.0,0.0138,0.5,none,False,False
165946,1.0,0.0123,0.5,none,False,False
165947,1.0,0.0111,0.5,none,False,False
165948,1.0,0.01,0.5,none,False,False
165949,1.0,0.0088,0.5,none,False,False
165950,1.0,0.0078,0.5,none,False,False
165951,1.0,0.0071,0.5,none,False,False
165952,1.0,0.0064,0.5,none,False,False
165953,1.0,0.0057,0.5,none,False,False
165954,1.0,0.0053,0.5,none,False,False
165955,1.0,0.005,0.5,none,False,False
165956,1.0,0.0047,0.5,none,False,False
165957,1.0,0.0045,0.5,none,False,False
165958,1.0,0.0044,0.5,none,False,False
165959,1.0,0.0043,0.5,none,False,False
165960,1.0,0.0042,0.5,none,False,False
165961,1.0,0.0041,0.5,none,False,False
165962,1.0,0.004,0.5,none,False,False
165963,1.0,0.0039,0.5,none,False,False
165964,1.0,0.0038,0.5,none,False,False
165965,1.0,0.0037,0.5,none,False,False
165966,1.0,0.0035,0.5,none,False,False
165967,1.0,0.0033,0.5,none,False,False
165968,1.0,0.0032,0.5,none,False,False
165969,1.0,0.003,0.5,none,False,False
165970,1.0,0.0028,0.5,none,False,False
165971,1.0,0.0026,0.5,none,False,False
165972,1.0,0.0024,0.5,none,False,False
165973,1.0,0.0023,0.5,none,False,False
165974,1.0,0.0021,0.5,none,False,False
165975,1.0,0.0019,0.5,none,False,False
165976,1.0,0.0018,0.5,none,False,False
165977,1.0,0.0017,0.5,none,False,False
165978,1.0,0.0015,0.5,none,False,False
165979,1.0,0.0014,0.5,none,False,False
165980,1.0,0.0013,0.5,none,False,False
165981,1.0,0.0013,0.5,none,False,False
165982,1.0,0.0012,0.5,none,False,False
165983,1.0,0.0011,0.5,none,False,False
165984,1.0,0.0011,0.5,none,False,False
165985,1.0,0.001,0.5,none,False,False
165986,1.0,0.001,0.5,none,False,False
165987,1.0,0.0009,0.5,none,False,False
165988,1.0,0.0009,0.5,none,False,False
165989,1.0,0.0008,0.5,none,False,False
165990,1.0,0.0008,0.5,none,False,False
165991,1.0,0.0008,0.5,none,False,False
165992,1.0,0.0007,0.5,none,False,False
165993,1.0,0.0007,0.5,none,False,False
165994,1.0,0.0006,0.5,none,False,False
165995,1.0,0.0006,0.5,none,False,False
165996,1.0,0.0006,0.5,none,False,False
165997,1.0,0.0005,0.5,none,False,False
165998,1.0,0.0005,0.5,none,False,False
165999,1.0,0.0005,0.5,none,False,False
166000,1.0,0.0004,0.5,none,False,False
166001,1.0,0.0004,0.5,none,False,False
166002,1.0,0.0004,0.5,none,False,False
166003,1.0,0.0004,0.5,none,False,False
166004,1.0,0.0003,0.5,none,False,False
166005,1.0,0.0003,0.5,none,False,False
166006,1.0,0.0003,0.5,none,False,False
166007,1.0,0.0003,0.5,none,False,False
166008,1.0,0.0003,0.5,none,False,False
166009,1.0,0.0003,0.5,none,False,False
166010,1.0,0.0002,0.5,none,False,False
166011,1.0,0.0002,0.5,none,False,False
166012,1.0,0.0002,0.5,none,False,False
166013,1.0,0.0002,0.5,none,False,False
166014,1.0,0.0002,0.5,none,False,False
166015,1.0,0.0002,0.5,none,False,False
166016,1.0,0.0002,0.5,none,False,False
166017,1.0,0.0002,0.5,none,False,False
166018,1.0,0.0002,0.5,none,False,False
166019,1.0,0.0001,0.5,none,False,False
166020,1.0,0.0001,0.5,none,False,False
166021,1.0,0.0001,0.5,none,False,False
166022,1.0,0.0001,0.5,none,False,False
166023,1.0,0.0001,0.5,none,False,False
166024,1.0,0.0001,0.5,none,False,False
166025,1.0,0.0001,0.5,none,False,False
166026,1.0,0.0001,0.5,none,False,False
166027,1.0,0.0001,0.5,none,False,False
166028,1.0,0.0001,0.5,none,False,False
166029,1.0,0.0001,0.5,none,False,False
166030,1.0,0.0001,0.5,none,False,False
166031,1.0,0.0001,0.5,none,False,False
166032,1.0,0.0001,0.5,none,False,False
166033,1.0,0.0001,0.5,none,False,False
166034,1.0,0.0001,0.5,none,False,False
166035,1.0,0.0001,0.5,none,False,False
166036,1.0,0.0001,0.5,none,False,False
166037,1.0,0.0,0.5,none,False,False
166038,1.0,0.0,0.5,none,False,False
166039,1.0,0.0,0.5,none,False,False
166040,1.0,0.0,0.5,none,False,False
166041,1.0,0.0,0.5,none,False,False
166042,1.0,0.0,0.5,none,False,False
166043,1.0,0.0,0.5,none,False,False
166044,1.0,0.0,0.5,none,False,False
166045,1.0,0.0,0.5,none,False,False
166046,1.0,0.0,0.5,none,False,False
166047,1.0,0.0,0.5,none,False,False
166048,1.0,0.0,0.5,none,False,False
166049,1.0,0.0,0.5,none,False,False
166050,1.0,0.0,0.5,none,False,False
166051,1.0,0.0,0.5,none,False,False
166052,1.0,0.0,0.5,none,False,False
166053,1.0,0.0,0.5,none,False,False
166054,1.0,0.0,0.5,none,False,False
166055,1.0,0.0,0.5,none,False,False
166056,1.0,0.0,0.5,none,False,False
166057,1.0,0.0,0.5,none,False,False
166058,1.0,0.0,0.5,none,False,False
166059,1.0,0.0,0.5,none,False,False
166060,1.0,0.0,0.5,none,False,False
166061,1.0,0.0,0.5,none,False,False
166062,1.0,0.0,0.5,none,False,False
166063,1.0,0.0,0.5,none,False,False
166064,1.0,0.0,0.5,none,False,False
166065,1.0,0.0,0.5,none,False,False
166066,1.0,0.0,0.5,none,False,False
166067,1.0,0.0,0.5,none,False,False
166068,1.0,0.0,0.5,none,False,False
166069,1.0,0.0,0.5,none,False,False
166070,1.0,0.0,0.5,none,False,False
166071,1.0,0.0,0.5,none,False,False
166072,1.0,0.0,0.5,none,False,False
166073,1.0,0.0,0.5,none,False,False
166074,1.0,0.0,0.5,none,False,False
166075,1.0,0.0,0.5,none,False,False
166076,1.0,0.0,0.5,none,False,False
166077,1.0,0.0,0.5,none,False,False
166078,1.0,0.0,0.5,none,False,False
166079,1.0,0.0,0.5,none,False,False
166080,1.0,0.0,0.5,none,False,False
166081,1.0,0.0,0.5,none,False,False
166082,1.0,0.0,0.5,none,False,False
166083,1.0,0.0,0.5,none,False,False
166084,1.0,0.0,0.5,none,False,False
166085,1.0,0.0,0.5,none,False,False
166086,1.0,0.0,0.5,none,False,False
166087,1.0,0.0,0.5,none,False,False
166088,1.0,0.0,0.5,none,False,False
166089,1.0,0.0,0.5,none,False,False
166090,1.0,0.0,0.5,none,False,False
166091,1.0,0.0,0.5,none,False,False
166092,1.0,0.0,0.5,none,False,False
166093,1.0,0.0,0.5,none,False,False
166094,1.0,0.0,0.5,none,False,False
166095,1.0,0.0,0.5,none,False,False
166096,1.0,0.0,0.5,none,False,False
166097,1.0,0.0,0.5,none,False,False
166098,1.0,0.0,0.5,none,False,False
166099,1.0,0.0,0.5,none,False,False
166100,1.0,0.0,0.5,none,False,False
166101,1.0,0.0,0.5,none,False,False
166102,1.0,0.0,0.5,none,False,False
166103,1.0,0.0,0.5,none,False,False
166104,1.0,0.0,0.5,none,False,False
166105,1.0,0.0,0.5,none,False,False
166106,1.0,0.0,0.5,none,False,False
166107,1.0,0.0,0.5,none,False,False
166108,1.0,0.0,0.5,none,False,False
166109,1.0,0.0,0.5,none,False,False
166110,1.0,0.0,0.5,none,False,False
166111,1.0,0.0,0.5,none,False,False
166112,1.0,0.0,0.5,none,False,False
166113,1.0,0.0,0.5,none,False,False
166114,1.0,0.0,0.5,none,False,False
166115,1.0,0.0,0.5,none,False,False
166116,1.0,0.0,0.5,none,False,False
166117,1.0,0.0,0.5,none,False,False
166118,1.0,0.0,0.5,none,False,False
166119,1.0,0.0,0.5,none,False,False
166120,1.0,0.0,0.5,none,False,False
166121,1.0,0.0,0.5,none,False,False
166122,1.0,0.0,0.5,none,False,False
166123,1.0,0.0,0.5,none,False,False
166124,1.0,0.0,0.5,none,False,False
166125,1.0,0.0,0.5,none,False,False
166126,1.0,0.0,0.5,none,False,False
166127,1.0,0.0,0.5,none,False,False
166128,1.0,0.0,0.5,none,False,False
166129,1.0,0.0,0.5,none,False,False
166130,1.0,0.0,0.5,none,False,False
166131,1.0,0.0,0.5,none,False,False
166132,1.0,0.0,0.5,none,False,False
166133,1.0,0.0,0.5,none,False,False
166134,1.0,0.0,0.5,none,False,False
166135,1.0,0.0,0.5,none,False,False
166136,1.0,0.0,0.5,none,False,False
166137,1.0,0.0,0.5,none,False,False
166138,1.0,0.0,0.5,none,False,False
166139,1.0,0.0,0.5,none,False,False
166140,1.0,0.0,0.5,none,False,False
166141,1.0,0.0,0.5,none,False,False
166142,1.0,0.0,0.5,none,False,False
166143,1.0,0.0,0.5,none,False,False
166144,1.0,0.0,0.5,none,False,False
166145,1.0,0.0,0.5,none,False,False
166146,1.0,0.0,0.5,none,False,False
166147,1.0,0.0,0.5,none,False,False
166148,1.0,0.0,0.5,none,False,False
166149,1.0,0.0,0.5,none,False,False
166150,1.0,0.0,0.5,none,False,False
166151,1.0,0.0,0.5,none,False,False
166152,1.0,0.0,0.5,none,False,False
166153,1.0,0.0,0.5,none,False,False
166154,1.0,0.0,0.5,none,False,False
166155,1.0,0.0,0.5,none,False,False
166156,1.0,0.0,0.5,none,False,False
166157,1.0,0.0,0.5,none,False,False
166158,1.0,0.0,0.5,none,False,False
166159,1.0,0.0,0.5,none,False,False
166160,1.0,0.0,0.5,none,False,False
166161,1.0,0.0,0.5,none,False,False
166162,1.0,0.0,0.5,none,False,False
166163,1.0,0.0,0.5,none,False,False
166164,1.0,0.0,0.5,none,False,False
166165,1.0,0.0,0.5,none,False,False
166166,1.0,0.0,0.5,none,False,False
166167,1.0,0.0,0.5,none,False,False
166168,1.0,0.0,0.5,none,False,False
166169,1.0,0.0,0.5,none,False,False
166170,1.0,0.0,0.5,none,False,False
166171,1.0,0.0,0.5,none,False,False
166172,1.0,0.0,0.5,none,False,False
166173,1.0,0.0,0.5,none,False,False
166174,1.0,0.0,0.5,none,False,False
166175,1.0,0.0,0.5,none,False,False
166176,1.0,0.0,0.5,none,False,False
166177,1.0,0.0,0.5,none,False,False
166178,1.0,0.0,0.5,none,False,False
166179,1.0,0.0,0.5,none,False,False
166180,1.0,0.0,0.5,none,False,False
166181,1.0,0.0,0.5,none,False,False
166182,1.0,0.0,0.5,none,False,False
166183,1.0,0.0,0.5,none,False,False
166184,1.0,0.0,0.5,none,False,False
166185,1.0,0.0,0.5,none,False,False
166186,1.0,0.0,0.5,none,False,False
166187,1.0,0.0,0.5,none,False,False
166188,1.0,0.0,0.5,none,False,False
166189,1.0,0.0,0.5,none,False,False
166190,1.0,0.0,0.5,none,False,False
166191,1.0,0.0,0.5,none,False,False
166192,1.0,0.0,0.5,none,False,False
166193,1.0,0.0,0.5,none,False,False
166194,1.0,0.0,0.5,none,False,False
166195,1.0,0.0,0.5,none,False,False
166196,1.0,0.0,0.5,none,False,False
166197,1.0,0.0,0.5,none,False,False
166198,1.0,0.0,0.5,none,False,False
166199,1.0,0.0,0.5,none,False,False
166200,1.0,0.0,0.5,none,False,False
166201,1.0,0.0,0.5,none,False,False
166202,1.0,0.0,0.5,none,False,False
166203,1.0,0.0,0.5,none,False,False
166204,1.0,0.0,0.5,none,False,False
166205,1.0,0.0,0.5,none,False,False
166206,1.0,0.0,0.5,none,False,False
166207,1.0,0.0,0.5,none,False,False
166208,1.0,0.0,0.5,none,False,False
166209,1.0,0.0,0.5,none,False,False
166210,1.0,0.0,0.5,none,False,False
166211,1.0,0.0,0.5,none,False,False
166212,1.0,0.0,0.5,none,False,False
166213,1.0,0.0,0.5,none,False,False
166214,1.0,0.0,0.5,none,False,False
166215,1.0,0.0,0.5,none,False,False
166216,1.0,0.0,0.5,none,False,False
166217,1.0,0.0,0.5,none,False,False
166218,1.0,0.0,0.5,none,False,False
166219,1.0,0.0,0.5,none,False,False
166220,1.0,0.0,0.5,none,False,False
166221,1.0,0.0,0.5,none,False,False
166222,1.0,0.0,0.5,none,False,False
166223,1.0,0.0,0.5,none,False,False
166224,1.0,0.0,0.5,none,False,False
166225,1.0,0.0,0.5,none,False,False
166226,1.0,0.0,0.5,none,False,False
166227,1.0,0.0,0.5,none,False,False
166228,1.0,0.0,0.5,none,False,False
166229,1.0,0.0,0.5,none,False,False
166230,1.0,0.0,0.5,none,False,False
166231,1.0,0.0,0.5,none,False,False
166232,1.0,0.0,0.5,none,False,False
166233,1.0,0.0,0.5,none,False,False
166234,1.0,0.0,0.5,none,False,False
166235,1.0,0.0,0.5,none,False,False
166236,1.0,0.0,0.5,none,False,False
166237,1.0,0.0,0.5,none,False,False
166238,1.0,0.0,0.5,none,False,False
166239,1.0,0.0,0.5,none,False,False
166240,1.0,0.0,0.5,none,False,False
166241,1.0,0.0,0.5,none,False,False
166242,1.0,0.0,0.5,none,False,False
166243,1.0,0.0,0.5,none,False,False
166244,1.0,0.0,0.5,none,False,False
166245,1.0,0.0,0.5,none,False,False
166246,1.0,0.0,0.5,none,False,False
166247,1.0,0.0,0.5,none,False,False
166248,1.0,0.0,0.5,none,False,False
166249,1.0,0.0,0.5,none,False,False
166250,1.0,0.0,0.5,none,False,False
166251,1.0,0.0,0.5,none,False,False
166252,1.0,0.0,0.5,none,False,False
166253,1.0,0.0,0.5,none,False,False
166254,1.0,0.0,0.5,none,False,False
166255,1.0,0.0,0.5,none,False,False
166256,1.0,0.0,0.5,none,False,False
166257,1.0,0.0,0.5,none,False,False
166258,1.0,0.0,0.5,none,False,False
166259,1.0,0.0,0.5,none,False,False
166260,1.0,0.0,0.5,none,False,False
166261,1.0,0.0,0.5,none,False,False
166262,1.0,0.0,0.5,none,False,False
166263,1.0,0.0,0.5,none,False,False
166264,1.0,0.0,0.5,none,False,False
166265,1.0,0.0,0.5,none,False,False
166266,1.0,0.0,0.5,none,False,False
166267,1.0,0.0,0.5,none,False,False
166268,1.0,0.0,0.5,none,False,False
166269,1.0,0.0,0.5,none,False,False
166270,1.0,0.0,0.5,none,False,False
166271,1.0,0.0,0.5,none,False,False
166272,1.0,0.0,0.5,none,False,False
166273,1.0,0.0,0.5,none,False,False
166274,1.0,0.0,0.5,none,False,False
166275,1.0,0.0,0.5,none,False,False
166276,1.0,0.0,0.5,none,False,False
166277,1.0,0.0,0.5,none,False,False
166278,1.0,0.0,0.5,none,False,False
166279,1.0,0.0,0.5,none,False,False
166280,1.0,0.0,0.5,none,False,False
166281,1.0,0.0,0.5,none,False,False
166282,1.0,0.0,0.5,none,False,False
166283,1.0,0.0,0.5,none,False,False
166284,1.0,0.0,0.5,none,False,False
166285,1.0,0.0,0.5,none,False,False
166286,1.0,0.0,0.5,none,False,False
166287,1.0,0.0,0.5,none,False,False
166288,1.0,0.0,0.5,none,False,False
166289,1.0,0.0,0.5,none,False,False
166290,1.0,0.0,0.5,none,False,False
166291,1.0,0.0,0.5,none,False,False
166292,1.0,0.0,0.5,none,False,False
166293,1.0,0.0,0.5,none,False,False
166294,1.0,0.0,0.5,none,False,False
166295,1.0,0.0,0.5,none,False,False
166296,1.0,0.0,0.5,none,False,False
166297,1.0,0.0,0.5,none,False,False
166298,1.0,0.0,0.5,none,False,False
166299,1.0,0.0,0.5,none,False,False
166300,1.0,0.0,0.5,none,False,False
166301,1.0,0.0,0.5,none,False,False
166302,1.0,0.0,0.5,none,False,False
166303,1.0,0.0,0.5,none,False,False
166304,1.0,0.0,0.5,none,False,False
166305,1.0,0.0,0.5,none,False,False
166306,1.0,0.0,0.5,none,False,False
166307,1.0,0.0,0.5,none,False,False
166308,1.0,0.0,0.5,none,False,False
166309,1.0,0.0,0.5,none,False,False
166310,1.0,0.0,0.5,none,False,False
166311,1.0,0.0,0.5,none,False,False
166312,1.0,0.0,0.5,none,False,False
166313,1.0,0.0,0.5,none,False,False
166314,1.0,0.0,0.5,none,False,False
166315,1.0,0.0,0.5,none,False,False
166316,1.0,0.0,0.5,none,False,False
166317,1.0,0.0,0.5,none,False,False
166318,1.0,0.0,0.5,none,False,False
166319,1.0,0.0,0.5,none,False,False
166320,1.0,0.0,0.5,none,False,False
166321,1.0,0.0,0.5,none,False,False
166322,1.0,0.0,0.5,none,False,False
166323,1.0,0.0,0.5,none,False,False
166324,1.0,0.0,0.5,none,False,False
166325,1.0,0.0,0.5,none,False,False
166326,1.0,0.0,0.5,none,False,False
166327,1.0,0.0,0.5,none,False,False
166328,1.0,0.0,0.5,none,False,False
166329,1.0,0.0,0.5,none,False,False
166330,1.0,0.0,0.5,none,False,False
166331,1.0,0.0,0.5,none,False,False
166332,1.0,0.0,0.5,none,False,False
166333,1.0,0.0,0.5,none,False,False
166334,1.0,0.0,0.5,none,False,False
166335,1.0,0.0,0.5,none,False,False
166336,1.0,0.0,0.5,none,False,False
166337,1.0,0.0,0.5,none,False,False
166338,1.0,0.0,0.5,none,False,False
166339,1.0,0.0,0.5,none,False,False
166340,1.0,0.0,0.5,none,False,False
166341,1.0,0.0,0.5,none,False,False
166342,1.0,0.0,0.5,none,False,False
166343,1.0,0.0,0.5,none,False,False
166344,1.0,0.0,0.5,none,False,False
166345,1.0,0.0,0.5,none,False,False
166346,1.0,0.0,0.5,none,False,False
166347,1.0,0.0,0.5,none,False,False
166348,1.0,0.0,0.5,none,False,False
166349,1.0,0.0,0.5,none,False,False
166350,1.0,0.0,0.5,none,False,False
166351,1.0,0.0,0.5,none,False,False
166352,1.0,0.0,0.5,none,False,False
166353,1.0,0.0,0.5,none,False,False
166354,1.0,0.0,0.5,none,False,False
166355,1.0,0.0,0.5,none,False,False
166356,1.0,0.0,0.5,none,False,False
166357,1.0,0.0,0.5,none,False,False
166358,1.0,0.0,0.5,none,False,False
166359,1.0,0.0,0.5,none,False,False
166360,1.0,0.0,0.5,none,False,False
166361,1.0,0.0,0.5,none,False,False
166362,1.0,0.0,0.5,none,False,False
166363,1.0,0.0,0.5,none,False,False
166364,1.0,0.0,0.5,none,False,False
166365,1.0,0.0,0.5,none,False,False
166366,1.0,0.0,0.5,none,False,False
166367,1.0,0.0,0.5,none,False,False
166368,1.0,0.0,0.5,none,False,False
166369,1.0,0.0,0.5,none,False,False
166370,1.0,0.0,0.5,none,False,False
166371,1.0,0.0,0.5,none,False,False
166372,1.0,0.0,0.5,none,False,False
166373,1.0,0.0,0.5,none,False,False
166374,1.0,0.0,0.5,none,False,False
166375,1.0,0.0,0.5,none,False,False
166376,1.0,0.0,0.5,none,False,False
166377,1.0,0.0,0.5,none,False,False
166378,1.0,0.0,0.5,none,False,False
166379,1.0,0.0,0.5,none,False,False
166380,1.0,0.0,0.5,none,False,False
166381,1.0,0.0,0.5,none,False,False
166382,1.0,0.0,0.5,none,False,False
166383,1.0,0.0,0.5,none,False,False
166384,1.0,0.0,0.5,none,False,False
166385,1.0,0.0,0.5,none,False,False
166386,1.0,0.0,0.5,none,False,False
166387,1.0,0.0,0.5,none,False,False
166388,1.0,0.0,0.5,none,False,False
166389,1.0,0.0,0.5,none,False,False
166390,1.0,0.0,0.5,none,False,False
166391,1.0,0.0,0.5,none,False,False
166392,1.0,0.0,0.5,none,False,False
166393,1.0,0.0,0.5,none,False,False
166394,1.0,0.0,0.5,none,False,False
166395,1.0,0.0,0.5,none,False,False
166396,1.0,0.0,0.5,none,False,False
166397,1.0,0.0,0.5,none,False,False
166398,1.0,0.0,0.5,none,False,False
166399,1.0,0.0,0.5,none,False,False
166400,1.0,0.0,0.5,none,False,False
166401,1.0,0.0,0.5,none,False,False
166402,1.0,0.0,0.5,none,False,False
166403,1.0,0.0,0.5,none,False,False
166404,1.0,0.0,0.5,none,False,False
166405,1.0,0.0,0.5,none,False,False
166406,1.0,0.0,0.5,none,False,False
166407,1.0,0.0,0.5,none,False,False
166408,1.0,0.0,0.5,none,False,False
166409,1.0,0.0,0.5,none,False,False
166410,1.0,0.0,0.5,none,False,False
166411,1.0,0.0,0.5,none,False,False
166412,1.0,0.0,0.5,none,False,False
166413,1.0,0.0,0.5,none,False,False
166414,1.0,0.0,0.5,none,False,False
166415,1.0,0.0,0.5,none,False,False
166416,1.0,0.0,0.5,none,False,False
166417,1.0,0.0,0.5,none,False,False
166418,1.0,0.0,0.5,none,False,False
166419,1.0,0.0,0.5,none,False,False
166420,1.0,0.0,0.5,none,False,False
166421,1.0,0.0,0.5,none,False,False
166422,1.0,0.0,0.5,none,False,False
166423,1.0,0.0,0.5,none,False,False
166424,1.0,0.0,0.5,none,False,False
166425,1.0,0.0,0.5,none,False,False
166426,1.0,0.0,0.5,none,False,False
166427,1.0,0.0,0.5,none,False,False
166428,1.0,0.0,0.5,none,False,False
166429,1.0,0.0,0.5,none,False,False
166430,1.0,0.0,0.5,none,False,False
166431,1.0,0.0,0.5,none,False,False
166432,1.0,0.0,0.5,none,False,False
166433,1.0,0.0,0.5,none,False,False
166434,1.0,0.0,0.5,none,False,False
166435,1.0,0.0,0.5,none,False,False
166436,1.0,0.0,0.5,none,False,False
166437,1.0,0.0,0.5,none,False,False
166438,1.0,0.0,0.5,none,False,False
166439,1.0,0.0,0.5,none,False,False
166440,1.0,0.0,0.5,none,False,False
166441,1.0,0.0,0.5,none,False,False
166442,1.0,0.0,0.5,none,False,False
166443,1.0,0.0,0.5,none,False,False
166444,1.0,0.0,0.5,none,False,False
166445,1.0,0.0,0.5,none,False,False
166446,1.0,0.0,0.5,none,False,False
166447,1.0,0.0,0.5,none,False,False
166448,1.0,0.0,0.5,none,False,False
166449,1.0,0.0,0.5,none,False,False
166450,1.0,0.0,0.5,none,False,False
166451,1.0,0.0,0.5,none,False,False
166452,1.0,0.0,0.5,none,False,False
166453,1.0,0.0,0.5,none,False,False
166454,1.0,0.0,0.5,none,False,False
166455,1.0,0.0,0.5,none,False,False
166456,1.0,0.0,0.5,none,False,False
166457,1.0,0.0,0.5,none,False,False
166458,1.0,0.0,0.5,none,False,False
166459,1.0,0.0,0.5,none,False,False
166460,1.0,0.0,0.5,none,False,False
166461,1.0,0.0,0.5,none,False,False
166462,1.0,0.0,0.5,none,False,False
166463,1.0,0.0,0.5,none,False,False
166464,1.0,0.0,0.5,none,False,False
166465,1.0,0.0,0.5,none,False,False
166466,1.0,0.0,0.5,none,False,False
166467,1.0,0.0,0.5,none,False,False
166468,1.0,0.0,0.5,none,False,False
166469,1.0,0.0,0.5,none,False,False
166470,1.0,0.0,0.5,none,False,False
166471,1.0,0.0,0.5,none,False,False
166472,1.0,0.0,0.5,none,False,False
166473,1.0,0.0,0.5,none,False,False
166474,1.0,0.0,0.5,none,False,False
166475,1.0,0.0,0.5,none,False,False
166476,1.0,0.0,0.5,none,False,False
166477,1.0,0.0,0.5,none,False,False
166478,1.0,0.0,0.5,none,False,False
166479,1.0,0.0,0.5,none,False,False
166480,1.0,0.0,0.5,none,False,False
166481,1.0,0.0,0.5,none,False,False
166482,1.0,0.0,0.5,none,False,False
166483,1.0,0.0,0.5,none,False,False
166484,1.0,0.0,0.5,none,False,False
166485,1.0,0.0,0.5,none,False,False
166486,1.0,0.0,0.5,none,False,False
166487,1.0,0.0,0.5,none,False,False
166488,1.0,0.0,0.5,none,False,False
166489,1.0,0.0,0.5,none,False,False
166490,1.0,0.0,0.5,none,False,False
166491,1.0,0.0,0.5,none,False,False
166492,1.0,0.0,0.5,none,False,False
166493,1.0,0.0,0.5,none,False,False
166494,1.0,0.0,0.5,none,False,False
166495,1.0,0.0,0.5,none,False,False
166496,1.0,0.0,0.5,none,False,False
166497,1.0,0.0,0.5,none,False,False
166498,1.0,0.0,0.5,none,False,False
166499,1.0,0.0,0.5,none,False,False
166500,1.0,0.0,0.5,none,False,False
166501,1.0,0.0,0.5,none,False,False
166502,1.0,0.0,0.5,none,False,False
166503,1.0,0.0,0.5,none,False,False
166504,1.0,0.0,0.5,none,False,False
166505,1.0,0.0,0.5,none,False,False
166506,1.0,0.0,0.5,none,False,False
166507,1.0,0.0,0.5,none,False,False
166508,1.0,0.0,0.5,none,False,False
166509,1.0,0.0,0.5,none,False,False
166510,1.0,0.0,0.5,none,False,False
166511,1.0,0.0,0.5,none,False,False
166512,1.0,0.0,0.5,none,False,False
166513,1.0,0.0,0.5,none,False,False
166514,1.0,0.0,0.5,none,False,False
166515,1.0,0.0,0.5,none,False,False
166516,1.0,0.0,0.5,none,False,False
166517,1.0,0.0,0.5,none,False,False
166518,1.0,0.0,0.5,none,False,False
166519,1.0,0.0,0.5,none,False,False
166520,1.0,0.0,0.5,none,False,False
166521,1.0,0.0,0.5,none,False,False
166522,1.0,0.0,0.5,none,False,False
166523,1.0,0.0,0.5,none,False,False
166524,1.0,0.0,0.5,none,False,False
166525,1.0,0.0,0.5,none,False,False
166526,1.0,0.0,0.5,none,False,False
166527,1.0,0.0,0.5,none,False,False
166528,1.0,0.0,0.5,none,False,False
166529,1.0,0.0,0.5,none,False,False
166530,1.0,0.0,0.5,none,False,False
166531,1.0,0.0,0.5,none,False,False
166532,1.0,0.0,0.5,none,False,False
166533,1.0,0.0,0.5,none,False,False
166534,1.0,0.0,0.5,none,False,False
166535,1.0,0.0,0.5,none,False,False
166536,1.0,0.0,0.5,none,False,False
166537,1.0,0.0,0.5,none,False,False
166538,1.0,0.0,0.5,none,False,False
166539,1.0,0.0,0.5,none,False,False
166540,1.0,0.0,0.5,none,False,False
166541,1.0,0.0,0.5,none,False,False
166542,1.0,0.0,0.5,none,False,False
166543,1.0,0.0,0.5,none,False,False
166544,1.0,0.0,0.5,none,False,False
166545,1.0,0.0,0.5,none,False,False
166546,1.0,0.0,0.5,none,False,False
166547,1.0,0.0,0.5,none,False,False
166548,1.0,0.0,0.5,none,False,False
166549,1.0,0.0,0.5,none,False,False
166550,1.0,0.0,0.5,none,False,False
166551,1.0,0.0,0.5,none,False,False
166552,1.0,0.0,0.5,none,False,False
166553,1.0,0.0,0.5,none,False,False
166554,1.0,0.0,0.5,none,False,False
166555,1.0,0.0,0.5,none,False,False
166556,1.0,0.0,0.5,none,False,False
166557,1.0,0.0,0.5,none,False,False
166558,1.0,0.0,0.5,none,False,False
166559,1.0,0.0,0.5,none,False,False
166560,1.0,0.0,0.5,none,False,False
166561,1.0,0.0,0.5,none,False,False
166562,1.0,0.0,0.5,none,False,False
166563,1.0,0.0,0.5,none,False,False
166564,1.0,0.0,0.5,none,False,False
166565,1.0,0.0,0.5,none,False,False
166566,1.0,0.0,0.5,none,False,False
166567,1.0,0.0,0.5,none,False,False
166568,1.0,0.0,0.5,none,False,False
166569,1.0,0.0,0.5,none,False,False
166570,1.0,0.0,0.5,none,False,False
166571,1.0,0.0,0.5,none,False,False
166572,1.0,0.0,0.5,none,False,False
166573,1.0,0.0,0.5,none,False,False
166574,1.0,0.0,0.5,none,False,False
166575,1.0,0.0,0.5,none,False,False
166576,1.0,0.0,0.5,none,False,False
166577,1.0,0.0,0.5,none,False,False
166578,1.0,0.0,0.5,none,False,False
166579,1.0,0.0,0.5,none,False,False
166580,1.0,0.0,0.5,none,False,False
166581,1.0,0.0,0.5,none,False,False
166582,1.0,0.0,0.5,none,False,False
166583,1.0,0.0,0.5,none,False,False
166584,1.0,0.0,0.5,none,False,False
166585,1.0,0.0,0.5,none,False,False
166586,1.0,0.0,0.5,none,False,False
166587,1.0,0.0,0.5,none,False,False
166588,1.0,0.0,0.5,none,False,False
166589,1.0,0.0,0.5,none,False,False
166590,1.0,0.0,0.5,none,False,False
166591,1.0,0.0,0.5,none,False,False
166592,1.0,0.0,0.5,none,False,False
166593,1.0,0.0,0.5,none,False,False
166594,1.0,0.0,0.5,none,False,False
166595,1.0,0.0,0.5,none,False,False
166596,1.0,0.0,0.5,none,False,False
166597,1.0,0.0,0.5,none,False,False
166598,1.0,0.0,0.5,none,False,False
166599,1.0,0.0,0.5,none,False,False
166600,1.0,0.0061,0.5,none,False,False
166601,1.0,0.0357,0.5,none,False,False
166602,1.0,0.0812,0.5,none,False,False
166603,1.0,0.1113,0.5,none,False,False
166604,1.0,0.1253,0.5,none,False,False
166605,1.0,0.1408,0.5,none,False,False
166606,1.0,0.0907,0.5,none,False,False
166607,1.0,0.1198,0.5,none,False,False
166608,1.0,0.0467,0.5,none,False,False
166609,1.0,0.0522,0.5,none,False,False
166610,1.0,0.0405,0.5,none,False,False
166611,1.0,0.0313,0.5,none,False,False
166612,1.0,0.0083,0.5,none,False,False
166613,1.0,0.0726,0.5,none,False,False
166614,1.0,0.0793,0.5,none,False,False
166615,1.0,0.0581,0.5,none,False,False
166616,1.0,0.0955,0.5,none,False,False
166617,1.0,0.0839,0.5,none,False,False
166618,1.0,0.0648,0.5,none,False,False
166619,1.0,0.0718,0.5,none,False,False
166620,1.0,0.0589,0.5,none,False,False
166621,1.0,0.0403,0.5,none,False,False
166622,1.0,0.0327,0.5,none,False,False
166623,1.0,0.0277,0.5,none,False,False
166624,1.0,0.017,0.5,none,False,False
166625,1.0,0.0102,0.5,none,False,False
166626,1.0,0.0099,0.5,none,False,False
166627,1.0,0.008,0.5,none,False,False
166628,1.0,0.005,0.5,none,False,False
166629,1.0,0.0063,0.5,none,False,False
166630,1.0,0.009,0.5,none,False,False
166631,1.0,0.0096,0.5,none,False,False
166632,1.0,0.0108,0.5,none,False,False
166633,1.0,0.014,0.5,none,False,False
166634,1.0,0.0161,0.5,none,False,False
166635,1.0,0.0167,0.5,none,False,False
166636,1.0,0.0182,0.5,none,False,False
166637,1.0,0.0196,0.5,none,False,False
166638,1.0,0.0197,0.5,none,False,False
166639,1.0,0.0193,0.5,none,False,False
166640,1.0,0.0193,0.5,none,False,False
166641,1.0,0.0187,0.5,none,False,False
166642,1.0,0.0174,0.5,none,False,False
166643,1.0,0.0163,0.5,none,False,False
166644,1.0,0.0152,0.5,none,False,False
166645,1.0,0.0138,0.5,none,False,False
166646,1.0,0.0123,0.5,none,False,False
166647,1.0,0.0111,0.5,none,False,False
166648,1.0,0.01,0.5,none,False,False
166649,1.0,0.0088,0.5,none,False,False
166650,1.0,0.0078,0.5,none,False,False
166651,1.0,0.0071,0.5,none,False,False
166652,1.0,0.0064,0.5,none,False,False
166653,1.0,0.0057,0.5,none,False,False
166654,1.0,0.0053,0.5,none,False,False
166655,1.0,0.005,0.5,none,False,False
166656,1.0,0.0047,0.5,none,False,False
166657,1.0,0.0045,0.5,none,False,False
166658,1.0,0.0044,0.5,none,False,False
166659,1.0,0.0043,0.5,none,False,False
166660,1.0,0.0042,0.5,none,False,False
166661,1.0,0.0041,0.5,none,False,False
166662,1.0,0.004,0.5,none,False,False
166663,1.0,0.0039,0.5,none,False,False
166664,1.0,0.0038,0.5,none,False,False
166665,1.0,0.0037,0.5,none,False,False
166666,1.0,0.0035,0.5,none,False,False
166667,1.0,0.0033,0.5,none,False,False
166668,1.0,0.0032,0.5,none,False,False
166669,1.0,0.003,0.5,none,False,False
166670,1.0,0.0028,0.5,none,False,False
166671,1.0,0.0026,0.5,none,False,False
166672,1.0,0.0024,0.5,none,False,False
166673,1.0,0.0023,0.5,none,False,False
166674,1.0,0.0021,0.5,none,False,False
166675,1.0,0.0019,0.5,none,False,False
166676,1.0,0.0018,0.5,none,False,False
166677,1.0,0.0017,0.5,none,False,False
166678,1.0,0.0015,0.5,none,False,False
166679,1.0,0.0014,0.5,none,False,False
166680,1.0,0.0013,0.5,none,False,False
166681,1.0,0.0013,0.5,none,False,False
166682,1.0,0.0012,0.5,none,False,False
166683,1.0,0.0011,0.5,none,False,False
166684,1.0,0.0011,0.5,none,False,False
166685,1.0,0.001,0.5,none,False,False
166686,1.0,0.001,0.5,none,False,False
166687,1.0,0.0009,0.5,none,False,False
166688,1.0,0.0009,0.5,none,False,False
166689,1.0,0.0008,0.5,none,False,False
166690,1.0,0.0008,0.5,none,False,False
166691,1.0,0.0008,0.5,none,False,False
166692,1.0,0.0007,0.5,none,False,False
166693,1.0,0.0007,0.5,none,False,False
166694,1.0,0.0006,0.5,none,False,False
166695,1.0,0.0006,0.5,none,False,False
166696,1.0,0.0006,0.5,none,False,False
166697,1.0,0.0005,0.5,none,False,False
166698,1.0,0.0005,0.5,none,False,False
166699,1.0,0.0005,0.5,none,False,False
166700,1.0,0.0004,0.5,none,False,False
166701,1.0,0.0004,0.5,none,False,False
166702,1.0,0.0004,0.5,none,False,False
166703,1.0,0.0004,0.5,none,False,False
166704,1.0,0.0003,0.5,none,False,False
166705,1.0,0.0003,0.5,none,False,False
166706,1.0,0.0003,0.5,none,False,False
166707,1.0,0.0003,0.5,none,False,False
166708,1.0,0.0003,0.5,none,False,False
166709,1.0,0.0003,0.5,none,False,False
166710,1.0,0.0002,0.5,none,False,False
166711,1.0,0.0002,0.5,none,False,False
166712,1.0,0.0002,0.5,none,False,False
166713,1.0,0.0002,0.5,none,False,False
166714,1.0,0.0002,0.5,none,False,False
166715,1.0,0.0002,0.5,none,False,False
166716,1.0,0.0002,0.5,none,False,False
166717,1.0,0.0002,0.5,none,False,False
166718,1.0,0.0002,0.5,none,False,False
166719,1.0,0.0001,0.5,none,False,False
166720,1.0,0.0001,0.5,none,False,False
166721,1.0,0.0001,0.5,none,False,False
166722,1.0,0.0001,0.5,none,False,False
166723,1.0,0.0001,0.5,none,False,False
166724,1.0,0.0001,0.5,none,False,False
166725,1.0,0.0001,0.5,none,False,False
166726,1.0,0.0001,0.5,none,False,False
166727,1.0,0.0001,0.5,none,False,False
166728,1.0,0.0001,0.5,none,False,False
166729,1.0,0.0001,0.5,none,False,False
166730,1.0,0.0001,0.5,none,False,False
166731,1.0,0.0001,0.5,none,False,False
166732,1.0,0.0001,0.5,none,False,False
166733,1.0,0.0001,0.5,none,False,False
166734,1.0,0.0001,0.5,none,False,False
166735,1.0,0.0001,0.5,none,False,False
166736,1.0,0.0001,0.5,none,False,False
166737,1.0,0.0,0.5,none,False,False
166738,1.0,0.0,0.5,none,False,False
166739,1.0,0.0,0.5,none,False,False
166740,1.0,0.0,0.5,none,False,False
166741,1.0,0.0,0.5,none,False,False
166742,1.0,0.0,0.5,none,False,False
166743,1.0,0.0,0.5,none,False,False
166744,1.0,0.0,0.5,none,False,False
166745,1.0,0.0,0.5,none,False,False
166746,1.0,0.0,0.5,none,False,False
166747,1.0,0.0,0.5,none,False,False
166748,1.0,0.0,0.5,none,False,False
166749,1.0,0.0,0.5,none,False,False
166750,1.0,0.0,0.5,none,False,False
166751,1.0,0.0,0.5,none,False,False
166752,1.0,0.0,0.5,none,False,False
166753,1.0,0.0,0.5,none,False,False
166754,1.0,0.0,0.5,none,False,False
166755,1.0,0.0,0.5,none,False,False
166756,1.0,0.0,0.5,none,False,False
166757,1.0,0.0,0.5,none,False,False
166758,1.0,0.0,0.5,none,False,False
166759,1.0,0.0,0.5,none,False,False
166760,1.0,0.0,0.5,none,False,False
166761,1.0,0.0,0.5,none,False,False
166762,1.0,0.0,0.5,none,False,False
166763,1.0,0.0,0.5,none,False,False
166764,1.0,0.0,0.5,none,False,False
166765,1.0,0.0,0.5,none,False,False
166766,1.0,0.0,0.5,none,False,False
166767,1.0,0.0,0.5,none,False,False
166768,1.0,0.0,0.5,none,False,False
166769,1.0,0.0,0.5,none,False,False
166770,1.0,0.0,0.5,none,False,False
166771,1.0,0.0,0.5,none,False,False
166772,1.0,0.0,0.5,none,False,False
166773,1.0,0.0,0.5,none,False,False
166774,1.0,0.0,0.5,none,False,False
166775,1.0,0.0,0.5,none,False,False
166776,1.0,0.0,0.5,none,False,False
166777,1.0,0.0,0.5,none,False,False
166778,1.0,0.0,0.5,none,False,False
166779,1.0,0.0,0.5,none,False,False
166780,1.0,0.0,0.5,none,False,False
166781,1.0,0.0,0.5,none,False,False
166782,1.0,0.0,0.5,none,False,False
166783,1.0,0.0,0.5,none,False,False
166784,1.0,0.0,0.5,none,False,False
166785,1.0,0.0,0.5,none,False,False
166786,1.0,0.0,0.5,none,False,False
166787,1.0,0.0,0.5,none,False,False
166788,1.0,0.0,0.5,none,False,False
166789,1.0,0.0,0.5,none,False,False
166790,1.0,0.0,0.5,none,False,False
166791,1.0,0.0,0.5,none,False,False
166792,1.0,0.0,0.5,none,False,False
166793,1.0,0.0,0.5,none,False,False
166794,1.0,0.0,0.5,none,False,False
166795,1.0,0.0,0.5,none,False,False
166796,1.0,0.0,0.5,none,False,False
166797,1.0,0.0,0.5,none,False,False
166798,1.0,0.0,0.5,none,False,False
166799,1.0,0.0,0.5,none,False,False
166800,1.0,0.0,0.5,none,False,False
166801,1.0,0.0,0.5,none,False,False
166802,1.0,0.0,0.5,none,False,False
166803,1.0,0.0,0.5,none,False,False
166804,1.0,0.0,0.5,none,False,False
166805,1.0,0.0,0.5,none,False,False
166806,1.0,0.0,0.5,none,False,False
166807,1.0,0.0,0.5,none,False,False
166808,1.0,0.0,0.5,none,False,False
166809,1.0,0.0,0.5,none,False,False
166810,1.0,0.0,0.5,none,False,False
166811,1.0,0.0,0.5,none,False,False
166812,1.0,0.0,0.5,none,False,False
166813,1.0,0.0,0.5,none,False,False
166814,1.0,0.0,0.5,none,False,False
166815,1.0,0.0,0.5,none,False,False
166816,1.0,0.0,0.5,none,False,False
166817,1.0,0.0,0.5,none,False,False
166818,1.0,0.0,0.5,none,False,False
166819,1.0,0.0,0.5,none,False,False
166820,1.0,0.0,0.5,none,False,False
166821,1.0,0.0,0.5,none,False,False
166822,1.0,0.0,0.5,none,False,False
166823,1.0,0.0,0.5,none,False,False
166824,1.0,0.0,0.5,none,False,False
166825,1.0,0.0,0.5,none,False,False
166826,1.0,0.0,0.5,none,False,False
166827,1.0,0.0,0.5,none,False,False
166828,1.0,0.0,0.5,none,False,False
166829,1.0,0.0,0.5,none,False,False
166830,1.0,0.0,0.5,none,False,False
166831,1.0,0.0,0.5,none,False,False
166832,1.0,0.0,0.5,none,False,False
166833,1.0,0.0,0.5,none,False,False
166834,1.0,0.0,0.5,none,False,False
166835,1.0,0.0,0.5,none,False,False
166836,1.0,0.0,0.5,none,False,False
166837,1.0,0.0,0.5,none,False,False
166838,1.0,0.0,0.5,none,False,False
166839,1.0,0.0,0.5,none,False,False
166840,1.0,0.0,0.5,none,False,False
166841,1.0,0.0,0.5,none,False,False
166842,1.0,0.0,0.5,none,False,False
166843,1.0,0.0,0.5,none,False,False
166844,1.0,0.0,0.5,none,False,False
166845,1.0,0.0,0.5,none,False,False
166846,1.0,0.0,0.5,none,False,False
166847,1.0,0.0,0.5,none,False,False
166848,1.0,0.0,0.5,none,False,False
166849,1.0,0.0,0.5,none,False,False
166850,1.0,0.0,0.5,none,False,False
166851,1.0,0.0,0.5,none,False,False
166852,1.0,0.0,0.5,none,False,False
166853,1.0,0.0,0.5,none,False,False
166854,1.0,0.0,0.5,none,False,False
166855,1.0,0.0,0.5,none,False,False
166856,1.0,0.0,0.5,none,False,False
166857,1.0,0.0,0.5,none,False,False
166858,1.0,0.0,0.5,none,False,False
166859,1.0,0.0,0.5,none,False,False
166860,1.0,0.0,0.5,none,False,False
166861,1.0,0.0,0.5,none,False,False
166862,1.0,0.0,0.5,none,False,False
166863,1.0,0.0,0.5,none,False,False
166864,1.0,0.0,0.5,none,False,False
166865,1.0,0.0,0.5,none,False,False
166866,1.0,0.0,0.5,none,False,False
166867,1.0,0.0,0.5,none,False,False
166868,1.0,0.0,0.5,none,False,False
166869,1.0,0.0,0.5,none,False,False
166870,1.0,0.0,0.5,none,False,False
166871,1.0,0.0,0.5,none,False,False
166872,1.0,0.0,0.5,none,False,False
166873,1.0,0.0,0.5,none,False,False
166874,1.0,0.0,0.5,none,False,False
166875,1.0,0.0,0.5,none,False,False
166876,1.0,0.0,0.5,none,False,False
166877,1.0,0.0,0.5,none,False,False
166878,1.0,0.0,0.5,none,False,False
166879,1.0,0.0,0.5,none,False,False
166880,1.0,0.0,0.5,none,False,False
166881,1.0,0.0,0.5,none,False,False
166882,1.0,0.0,0.5,none,False,False
166883,1.0,0.0,0.5,none,False,False
166884,1.0,0.0,0.5,none,False,False
166885,1.0,0.0,0.5,none,False,False
166886,1.0,0.0,0.5,none,False,False
166887,1.0,0.0,0.5,none,False,False
166888,1.0,0.0,0.5,none,False,False
166889,1.0,0.0,0.5,none,False,False
166890,1.0,0.0,0.5,none,False,False
166891,1.0,0.0,0.5,none,False,False
166892,1.0,0.0,0.5,none,False,False
166893,1.0,0.0,0.5,none,False,False
166894,1.0,0.0,0.5,none,False,False
166895,1.0,0.0,0.5,none,False,False
166896,1.0,0.0,0.5,none,False,False
166897,1.0,0.0,0.5,none,False,False
166898,1.0,0.0,0.5,none,False,False
166899,1.0,0.0,0.5,none,False,False
166900,1.0,0.0,0.5,none,False,False
166901,1.0,0.0,0.5,none,False,False
166902,1.0,0.0,0.5,none,False,False
166903,1.0,0.0,0.5,none,False,False
166904,1.0,0.0,0.5,none,False,False
166905,1.0,0.0,0.5,none,False,False
166906,1.0,0.0,0.5,none,False,False
166907,1.0,0.0,0.5,none,False,False
166908,1.0,0.0,0.5,none,False,False
166909,1.0,0.0,0.5,none,False,False
166910,1.0,0.0,0.5,none,False,False
166911,1.0,0.0,0.5,none,False,False
166912,1.0,0.0,0.5,none,False,False
166913,1.0,0.0,0.5,none,False,False
166914,1.0,0.0,0.5,none,False,False
166915,1.0,0.0,0.5,none,False,False
166916,1.0,0.0,0.5,none,False,False
166917,1.0,0.0,0.5,none,False,False
166918,1.0,0.0,0.5,none,False,False
166919,1.0,0.0,0.5,none,False,False
166920,1.0,0.0,0.5,none,False,False
166921,1.0,0.0,0.5,none,False,False
166922,1.0,0.0,0.5,none,False,False
166923,1.0,0.0,0.5,none,False,False
166924,1.0,0.0,0.5,none,False,False
166925,1.0,0.0,0.5,none,False,False
166926,1.0,0.0,0.5,none,False,False
166927,1.0,0.0,0.5,none,False,False
166928,1.0,0.0,0.5,none,False,False
166929,1.0,0.0,0.5,none,False,False
166930,1.0,0.0,0.5,none,False,False
166931,1.0,0.0,0.5,none,False,False
166932,1.0,0.0,0.5,none,False,False
166933,1.0,0.0,0.5,none,False,False
166934,1.0,0.0,0.5,none,False,False
166935,1.0,0.0,0.5,none,False,False
166936,1.0,0.0,0.5,none,False,False
166937,1.0,0.0,0.5,none,False,False
166938,1.0,0.0,0.5,none,False,False
166939,1.0,0.0,0.5,none,False,False
166940,1.0,0.0,0.5,none,False,False
166941,1.0,0.0,0.5,none,False,False
166942,1.0,0.0,0.5,none,False,False
166943,1.0,0.0,0.5,none,False,False
166944,1.0,0.0,0.5,none,False,False
166945,1.0,0.0,0.5,none,False,False
166946,1.0,0.0,0.5,none,False,False
166947,1.0,0.0,0.5,none,False,False
166948,1.0,0.0,0.5,none,False,False
166949,1.0,0.0,0.5,none,False,False
166950,1.0,0.0,0.5,none,False,False
166951,1.0,0.0,0.5,none,False,False
166952,1.0,0.0,0.5,none,False,False
166953,1.0,0.0,0.5,none,False,False
166954,1.0,0.0,0.5,none,False,False
166955,1.0,0.0,0.5,none,False,False
166956,1.0,0.0,0.5,none,False,False
166957,1.0,0.0,0.5,none,False,False
166958,1.0,0.0,0.5,none,False,False
166959,1.0,0.0,0.5,none,False,False
166960,1.0,0.0,0.5,none,False,False
166961,1.0,0.0,0.5,none,False,False
166962,1.0,0.0,0.5,none,False,False
166963,1.0,0.0,0.5,none,False,False
166964,1.0,0.0,0.5,none,False,False
166965,1.0,0.0,0.5,none,False,False
166966,1.0,0.0,0.5,none,False,False
166967,1.0,0.0,0.5,none,False,False
166968,1.0,0.0,0.5,none,False,False
166969,1.0,0.0,0.5,none,False,False
166970,1.0,0.0,0.5,none,False,False
166971,1.0,0.0,0.5,none,False,False
166972,1.0,0.0,0.5,none,False,False
166973,1.0,0.0,0.5,none,False,False
166974,1.0,0.0,0.5,none,False,False
166975,1.0,0.0,0.5,none,False,False
166976,1.0,0.0,0.5,none,False,False
166977,1.0,0.0,0.5,none,False,False
166978,1.0,0.0,0.5,none,False,False
166979,1.0,0.0,0.5,none,False,False
166980,1.0,0.0,0.5,none,False,False
166981,1.0,0.0,0.5,none,False,False
166982,1.0,0.0,0.5,none,False,False
166983,1.0,0.0,0.5,none,False,False
166984,1.0,0.0,0.5,none,False,False
166985,1.0,0.0,0.5,none,False,False
166986,1.0,0.0,0.5,none,False,False
166987,1.0,0.0,0.5,none,False,False
166988,1.0,0.0,0.5,none,False,False
166989,1.0,0.0,0.5,none,False,False
166990,1.0,0.0,0.5,none,False,False
166991,1.0,0.0,0.5,none,False,False
166992,1.0,0.0,0.5,none,False,False
166993,1.0,0.0,0.5,none,False,False
166994,1.0,0.0,0.5,none,False,False
166995,1.0,0.0,0.5,none,False,False
166996,1.0,0.0,0.5,none,False,False
166997,1.0,0.0,0.5,none,False,False
166998,1.0,0.0,0.5,none,False,False
166999,1.0,0.0,0.5,none,False,False
167000,1.0,0.0,0.5,none,False,False
167001,1.0,0.0,0.5,none,False,False
167002,1.0,0.0,0.5,none,False,False
167003,1.0,0.0,0.5,none,False,False
167004,1.0,0.0,0.5,none,False,False
167005,1.0,0.0,0.5,none,False,False
167006,1.0,0.0,0.5,none,False,False
167007,1.0,0.0,0.5,none,False,False
167008,1.0,0.0,0.5,none,False,False
167009,1.0,0.0,0.5,none,False,False
167010,1.0,0.0,0.5,none,False,False
167011,1.0,0.0,0.5,none,False,False
167012,1.0,0.0,0.5,none,False,False
167013,1.0,0.0,0.5,none,False,False
167014,1.0,0.0,0.5,none,False,False
167015,1.0,0.0,0.5,none,False,False
167016,1.0,0.0,0.5,none,False,False
167017,1.0,0.0,0.5,none,False,False
167018,1.0,0.0,0.5,none,False,False
167019,1.0,0.0,0.5,none,False,False
167020,1.0,0.0,0.5,none,False,False
167021,1.0,0.0,0.5,none,False,False
167022,1.0,0.0,0.5,none,False,False
167023,1.0,0.0,0.5,none,False,False
167024,1.0,0.0,0.5,none,False,False
167025,1.0,0.0,0.5,none,False,False
167026,1.0,0.0,0.5,none,False,False
167027,1.0,0.0,0.5,none,False,False
167028,1.0,0.0,0.5,none,False,False
167029,1.0,0.0,0.5,none,False,False
167030,1.0,0.0,0.5,none,False,False
167031,1.0,0.0,0.5,none,False,False
167032,1.0,0.0,0.5,none,False,False
167033,1.0,0.0,0.5,none,False,False
167034,1.0,0.0,0.5,none,False,False
167035,1.0,0.0,0.5,none,False,False
167036,1.0,0.0,0.5,none,False,False
167037,1.0,0.0,0.5,none,False,False
167038,1.0,0.0,0.5,none,False,False
167039,1.0,0.0,0.5,none,False,False
167040,1.0,0.0,0.5,none,False,False
167041,1.0,0.0,0.5,none,False,False
167042,1.0,0.0,0.5,none,False,False
167043,1.0,0.0,0.5,none,False,False
167044,1.0,0.0,0.5,none,False,False
167045,1.0,0.0,0.5,none,False,False
167046,1.0,0.0,0.5,none,False,False
167047,1.0,0.0,0.5,none,False,False
167048,1.0,0.0,0.5,none,False,False
167049,1.0,0.0,0.5,none,False,False
167050,1.0,0.0,0.5,none,False,False
167051,1.0,0.0,0.5,none,False,False
167052,1.0,0.0,0.5,none,False,False
167053,1.0,0.0,0.5,none,False,False
167054,1.0,0.0,0.5,none,False,False
167055,1.0,0.0,0.5,none,False,False
167056,1.0,0.0,0.5,none,False,False
167057,1.0,0.0,0.5,none,False,False
167058,1.0,0.0,0.5,none,False,False
167059,1.0,0.0,0.5,none,False,False
167060,1.0,0.0,0.5,none,False,False
167061,1.0,0.0,0.5,none,False,False
167062,1.0,0.0,0.5,none,False,False
167063,1.0,0.0,0.5,none,False,False
167064,1.0,0.0,0.5,none,False,False
167065,1.0,0.0,0.5,none,False,False
167066,1.0,0.0,0.5,none,False,False
167067,1.0,0.0,0.5,none,False,False
167068,1.0,0.0,0.5,none,False,False
167069,1.0,0.0,0.5,none,False,False
167070,1.0,0.0,0.5,none,False,False
167071,1.0,0.0,0.5,none,False,False
167072,1.0,0.0,0.5,none,False,False
167073,1.0,0.0,0.5,none,False,False
167074,1.0,0.0,0.5,none,False,False
167075,1.0,0.0,0.5,none,False,False
167076,1.0,0.0,0.5,none,False,False
167077,1.0,0.0,0.5,none,False,False
167078,1.0,0.0,0.5,none,False,False
167079,1.0,0.0,0.5,none,False,False
167080,1.0,0.0,0.5,none,False,False
167081,1.0,0.0,0.5,none,False,False
167082,1.0,0.0,0.5,none,False,False
167083,1.0,0.0,0.5,none,False,False
167084,1.0,0.0,0.5,none,False,False
167085,1.0,0.0,0.5,none,False,False
167086,1.0,0.0,0.5,none,False,False
167087,1.0,0.0,0.5,none,False,False
167088,1.0,0.0,0.5,none,False,False
167089,1.0,0.0,0.5,none,False,False
167090,1.0,0.0,0.5,none,False,False
167091,1.0,0.0,0.5,none,False,False
167092,1.0,0.0,0.5,none,False,False
167093,1.0,0.0,0.5,none,False,False
167094,1.0,0.0,0.5,none,False,False
167095,1.0,0.0,0.5,none,False,False
167096,1.0,0.0,0.5,none,False,False
167097,1.0,0.0,0.5,none,False,False
167098,1.0,0.0,0.5,none,False,False
167099,1.0,0.0,0.5,none,False,False
167100,1.0,0.0,0.5,none,False,False
167101,1.0,0.0,0.5,none,False,False
167102,1.0,0.0,0.5,none,False,False
167103,1.0,0.0,0.5,none,False,False
167104,1.0,0.0,0.5,none,False,False
167105,1.0,0.0,0.5,none,False,False
167106,1.0,0.0,0.5,none,False,False
167107,1.0,0.0,0.5,none,False,False
167108,1.0,0.0,0.5,none,False,False
167109,1.0,0.0,0.5,none,False,False
167110,1.0,0.0,0.5,none,False,False
167111,1.0,0.0,0.5,none,False,False
167112,1.0,0.0,0.5,none,False,False
167113,1.0,0.0,0.5,none,False,False
167114,1.0,0.0,0.5,none,False,False
167115,1.0,0.0,0.5,none,False,False
167116,1.0,0.0,0.5,none,False,False
167117,1.0,0.0,0.5,none,False,False
167118,1.0,0.0,0.5,none,False,False
167119,1.0,0.0,0.5,none,False,False
167120,1.0,0.0,0.5,none,False,False
167121,1.0,0.0,0.5,none,False,False
167122,1.0,0.0,0.5,none,False,False
167123,1.0,0.0,0.5,none,False,False
167124,1.0,0.0,0.5,none,False,False
167125,1.0,0.0,0.5,none,False,False
167126,1.0,0.0,0.5,none,False,False
167127,1.0,0.0,0.5,none,False,False
167128,1.0,0.0,0.5,none,False,False
167129,1.0,0.0,0.5,none,False,False
167130,1.0,0.0,0.5,none,False,False
167131,1.0,0.0,0.5,none,False,False
167132,1.0,0.0,0.5,none,False,False
167133,1.0,0.0,0.5,none,False,False
167134,1.0,0.0,0.5,none,False,False
167135,1.0,0.0,0.5,none,False,False
167136,1.0,0.0,0.5,none,False,False
167137,1.0,0.0,0.5,none,False,False
167138,1.0,0.0,0.5,none,False,False
167139,1.0,0.0,0.5,none,False,False
167140,1.0,0.0,0.5,none,False,False
167141,1.0,0.0,0.5,none,False,False
167142,1.0,0.0,0.5,none,False,False
167143,1.0,0.0,0.5,none,False,False
167144,1.0,0.0,0.5,none,False,False
167145,1.0,0.0,0.5,none,False,False
167146,1.0,0.0,0.5,none,False,False
167147,1.0,0.0,0.5,none,False,False
167148,1.0,0.0,0.5,none,False,False
167149,1.0,0.0,0.5,none,False,False
167150,1.0,0.0,0.5,none,False,False
167151,1.0,0.0,0.5,none,False,False
167152,1.0,0.0,0.5,none,False,False
167153,1.0,0.0,0.5,none,False,False
167154,1.0,0.0,0.5,none,False,False
167155,1.0,0.0,0.5,none,False,False
167156,1.0,0.0,0.5,none,False,False
167157,1.0,0.0,0.5,none,False,False
167158,1.0,0.0,0.5,none,False,False
167159,1.0,0.0,0.5,none,False,False
167160,1.0,0.0,0.5,none,False,False
167161,1.0,0.0,0.5,none,False,False
167162,1.0,0.0,0.5,none,False,False
167163,1.0,0.0,0.5,none,False,False
167164,1.0,0.0,0.5,none,False,False
167165,1.0,0.0,0.5,none,False,False
167166,1.0,0.0,0.5,none,False,False
167167,1.0,0.0,0.5,none,False,False
167168,1.0,0.0,0.5,none,False,False
167169,1.0,0.0,0.5,none,False,False
167170,1.0,0.0,0.5,none,False,False
167171,1.0,0.0,0.5,none,False,False
167172,1.0,0.0,0.5,none,False,False
167173,1.0,0.0,0.5,none,False,False
167174,1.0,0.0,0.5,none,False,False
167175,1.0,0.0,0.5,none,False,False
167176,1.0,0.0,0.5,none,False,False
167177,1.0,0.0,0.5,none,False,False
167178,1.0,0.0,0.5,none,False,False
167179,1.0,0.0,0.5,none,False,False
167180,1.0,0.0,0.5,none,False,False
167181,1.0,0.0,0.5,none,False,False
167182,1.0,0.0,0.5,none,False,False
167183,1.0,0.0,0.5,none,False,False
167184,1.0,0.0,0.5,none,False,False
167185,1.0,0.0,0.5,none,False,False
167186,1.0,0.0,0.5,none,False,False
167187,1.0,0.0,0.5,none,False,False
167188,1.0,0.0,0.5,none,False,False
167189,1.0,0.0,0.5,none,False,False
167190,1.0,0.0,0.5,none,False,False
167191,1.0,0.0,0.5,none,False,False
167192,1.0,0.0,0.5,none,False,False
167193,1.0,0.0,0.5,none,False,False
167194,1.0,0.0,0.5,none,False,False
167195,1.0,0.0,0.5,none,False,False
167196,1.0,0.0,0.5,none,False,False
167197,1.0,0.0,0.5,none,False,False
167198,1.0,0.0,0.5,none,False,False
167199,1.0,0.0,0.5,none,False,False
167200,1.0,0.0,0.5,none,False,False
167201,1.0,0.0,0.5,none,False,False
167202,1.0,0.0,0.5,none,False,False
167203,1.0,0.0,0.5,none,False,False
167204,1.0,0.0,0.5,none,False,False
167205,1.0,0.0,0.5,none,False,False
167206,1.0,0.0,0.5,none,False,False
167207,1.0,0.0,0.5,none,False,False
167208,1.0,0.0,0.5,none,False,False
167209,1.0,0.0,0.5,none,False,False
167210,1.0,0.0,0.5,none,False,False
167211,1.0,0.0,0.5,none,False,False
167212,1.0,0.0,0.5,none,False,False
167213,1.0,0.0,0.5,none,False,False
167214,1.0,0.0,0.5,none,False,False
167215,1.0,0.0,0.5,none,False,False
167216,1.0,0.0,0.5,none,False,False
167217,1.0,0.0,0.5,none,False,False
167218,1.0,0.0,0.5,none,False,False
167219,1.0,0.0,0.5,none,False,False
167220,1.0,0.0,0.5,none,False,False
167221,1.0,0.0,0.5,none,False,False
167222,1.0,0.0,0.5,none,False,False
167223,1.0,0.0,0.5,none,False,False
167224,1.0,0.0,0.5,none,False,False
167225,1.0,0.0,0.5,none,False,False
167226,1.0,0.0,0.5,none,False,False
167227,1.0,0.0,0.5,none,False,False
167228,1.0,0.0,0.5,none,False,False
167229,1.0,0.0,0.5,none,False,False
167230,1.0,0.0,0.5,none,False,False
167231,1.0,0.0,0.5,none,False,False
167232,1.0,0.0,0.5,none,False,False
167233,1.0,0.0,0.5,none,False,False
167234,1.0,0.0,0.5,none,False,False
167235,1.0,0.0,0.5,none,False,False
167236,1.0,0.0,0.5,none,False,False
167237,1.0,0.0,0.5,none,False,False
167238,1.0,0.0,0.5,none,False,False
167239,1.0,0.0,0.5,none,False,False
167240,1.0,0.0,0.5,none,False,False
167241,1.0,0.0,0.5,none,False,False
167242,1.0,0.0,0.5,none,False,False
167243,1.0,0.0,0.5,none,False,False
167244,1.0,0.0,0.5,none,False,False
167245,1.0,0.0,0.5,none,False,False
167246,1.0,0.0,0.5,none,False,False
167247,1.0,0.0,0.5,none,False,False
167248,1.0,0.0,0.5,none,False,False
167249,1.0,0.0,0.5,none,False,False
167250,1.0,0.0,0.5,none,False,False
167251,1.0,0.0,0.5,none,False,False
167252,1.0,0.0,0.5,none,False,False
167253,1.0,0.0,0.5,none,False,False
167254,1.0,0.0,0.5,none,False,False
167255,1.0,0.0,0.5,none,False,False
167256,1.0,0.0,0.5,none,False,False
167257,1.0,0.0,0.5,none,False,False
167258,1.0,0.0,0.5,none,False,False
167259,1.0,0.0,0.5,none,False,False
167260,1.0,0.0,0.5,none,False,False
167261,1.0,0.0,0.5,none,False,False
167262,1.0,0.0,0.5,none,False,False
167263,1.0,0.0,0.5,none,False,False
167264,1.0,0.0,0.5,none,False,False
167265,1.0,0.0,0.5,none,False,False
167266,1.0,0.0,0.5,none,False,False
167267,1.0,0.0,0.5,none,False,False
167268,1.0,0.0,0.5,none,False,False
167269,1.0,0.0,0.5,none,False,False
167270,1.0,0.0,0.5,none,False,False
167271,1.0,0.0,0.5,none,False,False
167272,1.0,0.0,0.5,none,False,False
167273,1.0,0.0,0.5,none,False,False
167274,1.0,0.0,0.5,none,False,False
167275,1.0,0.0,0.5,none,False,False
167276,1.0,0.0,0.5,none,False,False
167277,1.0,0.0,0.5,none,False,False
167278,1.0,0.0,0.5,none,False,False
167279,1.0,0.0,0.5,none,False,False
167280,1.0,0.0,0.5,none,False,False
167281,1.0,0.0,0.5,none,False,False
167282,1.0,0.0,0.5,none,False,False
167283,1.0,0.0,0.5,none,False,False
167284,1.0,0.0,0.5,none,False,False
167285,1.0,0.0,0.5,none,False,False
167286,1.0,0.0,0.5,none,False,False
167287,1.0,0.0,0.5,none,False,False
167288,1.0,0.0,0.5,none,False,False
167289,1.0,0.0,0.5,none,False,False
167290,1.0,0.0,0.5,none,False,False
167291,1.0,0.0,0.5,none,False,False
167292,1.0,0.0,0.5,none,False,False
167293,1.0,0.0,0.5,none,False,False
167294,1.0,0.0,0.5,none,False,False
167295,1.0,0.0,0.5,none,False,False
167296,1.0,0.0,0.5,none,False,False
167297,1.0,0.0,0.5,none,False,False
167298,1.0,0.0,0.5,none,False,False
167299,1.0,0.0,0.5,none,False,False
167300,1.0,0.0061,0.5,none,False,False
167301,1.0,0.0357,0.5,none,False,False
167302,1.0,0.0812,0.5,none,False,False
167303,1.0,0.1113,0.5,none,False,False
167304,1.0,0.1253,0.5,none,False,False
167305,1.0,0.1408,0.5,none,False,False
167306,1.0,0.0907,0.5,none,False,False
167307,1.0,0.1198,0.5,none,False,False
167308,1.0,0.0467,0.5,none,False,False
167309,1.0,0.0522,0.5,none,False,False
167310,1.0,0.0405,0.5,none,False,False
167311,1.0,0.0313,0.5,none,False,False
167312,1.0,0.0083,0.5,none,False,False
167313,1.0,0.0726,0.5,none,False,False
167314,1.0,0.0793,0.5,none,False,False
167315,1.0,0.0581,0.5,none,False,False
167316,1.0,0.0955,0.5,none,False,False
167317,1.0,0.0839,0.5,none,False,False
167318,1.0,0.0648,0.5,none,False,False
167319,1.0,0.0718,0.5,none,False,False
167320,1.0,0.0589,0.5,none,False,False
167321,1.0,0.0403,0.5,none,False,False
167322,1.0,0.0327,0.5,none,False,False
167323,1.0,0.0277,0.5,none,False,False
167324,1.0,0.017,0.5,none,False,False
167325,1.0,0.0102,0.5,none,False,False
167326,1.0,0.0099,0.5,none,False,False
167327,1.0,0.008,0.5,none,False,False
167328,1.0,0.005,0.5,none,False,False
167329,1.0,0.0063,0.5,none,False,False
167330,1.0,0.009,0.5,none,False,False
167331,1.0,0.0096,0.5,none,False,False
167332,1.0,0.0108,0.5,none,False,False
167333,1.0,0.014,0.5,none,False,False
167334,1.0,0.0161,0.5,none,False,False
167335,1.0,0.0167,0.5,none,False,False
167336,1.0,0.0182,0.5,none,False,False
167337,1.0,0.0196,0.5,none,False,False
167338,1.0,0.0197,0.5,none,False,False
167339,1.0,0.0193,0.5,none,False,False
167340,1.0,0.0193,0.5,none,False,False
167341,1.0,0.0187,0.5,none,False,False
167342,1.0,0.0174,0.5,none,False,False
167343,1.0,0.0163,0.5,none,False,False
167344,1.0,0.0152,0.5,none,False,False
167345,1.0,0.0138,0.5,none,False,False
167346,1.0,0.0123,0.5,none,False,False
167347,1.0,0.0111,0.5,none,False,False
167348,1.0,0.01,0.5,none,False,False
167349,1.0,0.0088,0.5,none,False,False
167350,1.0,0.0078,0.5,none,False,False
167351,1.0,0.0071,0.5,none,False,False
167352,1.0,0.0064,0.5,none,False,False
167353,1.0,0.0057,0.5,none,False,False
167354,1.0,0.0053,0.5,none,False,False
167355,1.0,0.005,0.5,none,False,False
167356,1.0,0.0047,0.5,none,False,False
167357,1.0,0.0045,0.5,none,False,False
167358,1.0,0.0044,0.5,none,False,False
167359,1.0,0.0043,0.5,none,False,False
167360,1.0,0.0042,0.5,none,False,False
167361,1.0,0.0041,0.5,none,False,False
167362,1.0,0.004,0.5,none,False,False
167363,1.0,0.0039,0.5,none,False,False
167364,1.0,0.0038,0.5,none,False,False
167365,1.0,0.0037,0.5,none,False,False
167366,1.0,0.0035,0.5,none,False,False
167367,1.0,0.0033,0.5,none,False,False
167368,1.0,0.0032,0.5,none,False,False
167369,1.0,0.003,0.5,none,False,False
167370,1.0,0.0028,0.5,none,False,False
167371,1.0,0.0026,0.5,none,False,False
167372,1.0,0.0024,0.5,none,False,False
167373,1.0,0.0023,0.5,none,False,False
167374,1.0,0.0021,0.5,none,False,False
167375,1.0,0.0019,0.5,none,False,False
167376,1.0,0.0018,0.5,none,False,False
167377,1.0,0.0017,0.5,none,False,False
167378,1.0,0.0015,0.5,none,False,False
167379,1.0,0.0014,0.5,none,False,False
167380,1.0,0.0013,0.5,none,False,False
167381,1.0,0.0013,0.5,none,False,False
167382,1.0,0.0012,0.5,none,False,False
167383,1.0,0.0011,0.5,none,False,False
167384,1.0,0.0011,0.5,none,False,False
167385,1.0,0.001,0.5,none,False,False
167386,1.0,0.001,0.5,none,False,False
167387,1.0,0.0009,0.5,none,False,False
167388,1.0,0.0009,0.5,none,False,False
167389,1.0,0.0008,0.5,none,False,False
167390,1.0,0.0008,0.5,none,False,False
167391,1.0,0.0008,0.5,none,False,False
167392,1.0,0.0007,0.5,none,False,False
167393,1.0,0.0007,0.5,none,False,False
167394,1.0,0.0006,0.5,none,False,False
167395,1.0,0.0006,0.5,none,False,False
167396,1.0,0.0006,0.5,none,False,False
167397,1.0,0.0005,0.5,none,False,False
167398,1.0,0.0005,0.5,none,False,False
167399,1.0,0.0005,0.5,none,False,False
167400,1.0,0.0004,0.5,none,False,False
167401,1.0,0.0004,0.5,none,False,False
167402,1.0,0.0004,0.5,none,False,False
167403,1.0,0.0004,0.5,none,False,False
167404,1.0,0.0003,0.5,none,False,False
167405,1.0,0.0003,0.5,none,False,False
167406,1.0,0.0003,0.5,none,False,False
167407,1.0,0.0003,0.5,none,False,False
167408,1.0,0.0003,0.5,none,False,False
167409,1.0,0.0003,0.5,none,False,False
167410,1.0,0.0002,0.5,none,False,False
167411,1.0,0.0002,0.5,none,False,False
167412,1.0,0.0002,0.5,none,False,False
167413,1.0,0.0002,0.5,none,False,False
167414,1.0,0.0002,0.5,none,False,False
167415,1.0,0.0002,0.5,none,False,False
167416,1.0,0.0002,0.5,none,False,False
167417,1.0,0.0002,0.5,none,False,False
167418,1.0,0.0002,0.5,none,False,False
167419,1.0,0.0001,0.5,none,False,False
167420,1.0,0.0001,0.5,none,False,False
167421,1.0,0.0001,0.5,none,False,False
167422,1.0,0.0001,0.5,none,False,False
167423,1.0,0.0001,0.5,none,False,False
167424,1.0,0.0001,0.5,none,False,False
167425,1.0,0.0001,0.5,none,False,False
167426,1.0,0.0001,0.5,none,False,False
167427,1.0,0.0001,0.5,none,False,False
167428,1.0,0.0001,0.5,none,False,False
167429,1.0,0.0001,0.5,none,False,False
167430,1.0,0.0001,0.5,none,False,False
167431,1.0,0.0001,0.5,none,False,False
167432,1.0,0.0001,0.5,none,False,False
167433,1.0,0.0001,0.5,none,False,False
167434,1.0,0.0001,0.5,none,False,False
167435,1.0,0.0001,0.5,none,False,False
167436,1.0,0.0001,0.5,none,False,False
167437,1.0,0.0,0.5,none,False,False
167438,1.0,0.0,0.5,none,False,False
167439,1.0,0.0,0.5,none,False,False
167440,1.0,0.0,0.5,none,False,False
167441,1.0,0.0,0.5,none,False,False
167442,1.0,0.0,0.5,none,False,False
167443,1.0,0.0,0.5,none,False,False
167444,1.0,0.0,0.5,none,False,False
167445,1.0,0.0,0.5,none,False,False
167446,1.0,0.0,0.5,none,False,False
167447,1.0,0.0,0.5,none,False,False
167448,1.0,0.0,0.5,none,False,False
167449,1.0,0.0,0.5,none,False,False
167450,1.0,0.0,0.5,none,False,False
167451,1.0,0.0,0.5,none,False,False
167452,1.0,0.0,0.5,none,False,False
167453,1.0,0.0,0.5,none,False,False
167454,1.0,0.0,0.5,none,False,False
167455,1.0,0.0,0.5,none,False,False
167456,1.0,0.0,0.5,none,False,False
167457,1.0,0.0,0.5,none,False,False
167458,1.0,0.0,0.5,none,False,False
167459,1.0,0.0,0.5,none,False,False
167460,1.0,0.0,0.5,none,False,False
167461,1.0,0.0,0.5,none,False,False
167462,1.0,0.0,0.5,none,False,False
167463,1.0,0.0,0.5,none,False,False
167464,1.0,0.0,0.5,none,False,False
167465,1.0,0.0,0.5,none,False,False
167466,1.0,0.0,0.5,none,False,False
167467,1.0,0.0,0.5,none,False,False
167468,1.0,0.0,0.5,none,False,False
167469,1.0,0.0,0.5,none,False,False
167470,1.0,0.0,0.5,none,False,False
167471,1.0,0.0,0.5,none,False,False
167472,1.0,0.0,0.5,none,False,False
167473,1.0,0.0,0.5,none,False,False
167474,1.0,0.0,0.5,none,False,False
167475,1.0,0.0,0.5,none,False,False
167476,1.0,0.0,0.5,none,False,False
167477,1.0,0.0,0.5,none,False,False
167478,1.0,0.0,0.5,none,False,False
167479,1.0,0.0,0.5,none,False,False
167480,1.0,0.0,0.5,none,False,False
167481,1.0,0.0,0.5,none,False,False
167482,1.0,0.0,0.5,none,False,False
167483,1.0,0.0,0.5,none,False,False
167484,1.0,0.0,0.5,none,False,False
167485,1.0,0.0,0.5,none,False,False
167486,1.0,0.0,0.5,none,False,False
167487,1.0,0.0,0.5,none,False,False
167488,1.0,0.0,0.5,none,False,False
167489,1.0,0.0,0.5,none,False,False
167490,1.0,0.0,0.5,none,False,False
167491,1.0,0.0,0.5,none,False,False
167492,1.0,0.0,0.5,none,False,False
167493,1.0,0.0,0.5,none,False,False
167494,1.0,0.0,0.5,none,False,False
167495,1.0,0.0,0.5,none,False,False
167496,1.0,0.0,0.5,none,False,False
167497,1.0,0.0,0.5,none,False,False
167498,1.0,0.0,0.5,none,False,False
167499,1.0,0.0,0.5,none,False,False
167500,1.0,0.0,0.5,none,False,False
167501,1.0,0.0,0.5,none,False,False
167502,1.0,0.0,0.5,none,False,False
167503,1.0,0.0,0.5,none,False,False
167504,1.0,0.0,0.5,none,False,False
167505,1.0,0.0,0.5,none,False,False
167506,1.0,0.0,0.5,none,False,False
167507,1.0,0.0,0.5,none,False,False
167508,1.0,0.0,0.5,none,False,False
167509,1.0,0.0,0.5,none,False,False
167510,1.0,0.0,0.5,none,False,False
167511,1.0,0.0,0.5,none,False,False
167512,1.0,0.0,0.5,none,False,False
167513,1.0,0.0,0.5,none,False,False
167514,1.0,0.0,0.5,none,False,False
167515,1.0,0.0,0.5,none,False,False
167516,1.0,0.0,0.5,none,False,False
167517,1.0,0.0,0.5,none,False,False
167518,1.0,0.0,0.5,none,False,False
167519,1.0,0.0,0.5,none,False,False
167520,1.0,0.0,0.5,none,False,False
167521,1.0,0.0,0.5,none,False,False
167522,1.0,0.0,0.5,none,False,False
167523,1.0,0.0,0.5,none,False,False
167524,1.0,0.0,0.5,none,False,False
167525,1.0,0.0,0.5,none,False,False
167526,1.0,0.0,0.5,none,False,False
167527,1.0,0.0,0.5,none,False,False
167528,1.0,0.0,0.5,none,False,False
167529,1.0,0.0,0.5,none,False,False
167530,1.0,0.0,0.5,none,False,False
167531,1.0,0.0,0.5,none,False,False
167532,1.0,0.0,0.5,none,False,False
167533,1.0,0.0,0.5,none,False,False
167534,1.0,0.0,0.5,none,False,False
167535,1.0,0.0,0.5,none,False,False
167536,1.0,0.0,0.5,none,False,False
167537,1.0,0.0,0.5,none,False,False
167538,1.0,0.0,0.5,none,False,False
167539,1.0,0.0,0.5,none,False,False
167540,1.0,0.0,0.5,none,False,False
167541,1.0,0.0,0.5,none,False,False
167542,1.0,0.0,0.5,none,False,False
167543,1.0,0.0,0.5,none,False,False
167544,1.0,0.0,0.5,none,False,False
167545,1.0,0.0,0.5,none,False,False
167546,1.0,0.0,0.5,none,False,False
167547,1.0,0.0,0.5,none,False,False
167548,1.0,0.0,0.5,none,False,False
167549,1.0,0.0,0.5,none,False,False
167550,1.0,0.0,0.5,none,False,False
167551,1.0,0.0,0.5,none,False,False
167552,1.0,0.0,0.5,none,False,False
167553,1.0,0.0,0.5,none,False,False
167554,1.0,0.0,0.5,none,False,False
167555,1.0,0.0,0.5,none,False,False
167556,1.0,0.0,0.5,none,False,False
167557,1.0,0.0,0.5,none,False,False
167558,1.0,0.0,0.5,none,False,False
167559,1.0,0.0,0.5,none,False,False
167560,1.0,0.0,0.5,none,False,False
167561,1.0,0.0,0.5,none,False,False
167562,1.0,0.0,0.5,none,False,False
167563,1.0,0.0,0.5,none,False,False
167564,1.0,0.0,0.5,none,False,False
167565,1.0,0.0,0.5,none,False,False
167566,1.0,0.0,0.5,none,False,False
167567,1.0,0.0,0.5,none,False,False
167568,1.0,0.0,0.5,none,False,False
167569,1.0,0.0,0.5,none,False,False
167570,1.0,0.0,0.5,none,False,False
167571,1.0,0.0,0.5,none,False,False
167572,1.0,0.0,0.5,none,False,False
167573,1.0,0.0,0.5,none,False,False
167574,1.0,0.0,0.5,none,False,False
167575,1.0,0.0,0.5,none,False,False
167576,1.0,0.0,0.5,none,False,False
167577,1.0,0.0,0.5,none,False,False
167578,1.0,0.0,0.5,none,False,False
167579,1.0,0.0,0.5,none,False,False
167580,1.0,0.0,0.5,none,False,False
167581,1.0,0.0,0.5,none,False,False
167582,1.0,0.0,0.5,none,False,False
167583,1.0,0.0,0.5,none,False,False
167584,1.0,0.0,0.5,none,False,False
167585,1.0,0.0,0.5,none,False,False
167586,1.0,0.0,0.5,none,False,False
167587,1.0,0.0,0.5,none,False,False
167588,1.0,0.0,0.5,none,False,False
167589,1.0,0.0,0.5,none,False,False
167590,1.0,0.0,0.5,none,False,False
167591,1.0,0.0,0.5,none,False,False
167592,1.0,0.0,0.5,none,False,False
167593,1.0,0.0,0.5,none,False,False
167594,1.0,0.0,0.5,none,False,False
167595,1.0,0.0,0.5,none,False,False
167596,1.0,0.0,0.5,none,False,False
167597,1.0,0.0,0.5,none,False,False
167598,1.0,0.0,0.5,none,False,False
167599,1.0,0.0,0.5,none,False,False
167600,1.0,0.0,0.5,none,False,False
167601,1.0,0.0,0.5,none,False,False
167602,1.0,0.0,0.5,none,False,False
167603,1.0,0.0,0.5,none,False,False
167604,1.0,0.0,0.5,none,False,False
167605,1.0,0.0,0.5,none,False,False
167606,1.0,0.0,0.5,none,False,False
167607,1.0,0.0,0.5,none,False,False
167608,1.0,0.0,0.5,none,False,False
167609,1.0,0.0,0.5,none,False,False
167610,1.0,0.0,0.5,none,False,False
167611,1.0,0.0,0.5,none,False,False
167612,1.0,0.0,0.5,none,False,False
167613,1.0,0.0,0.5,none,False,False
167614,1.0,0.0,0.5,none,False,False
167615,1.0,0.0,0.5,none,False,False
167616,1.0,0.0,0.5,none,False,False
167617,1.0,0.0,0.5,none,False,False
167618,1.0,0.0,0.5,none,False,False
167619,1.0,0.0,0.5,none,False,False
167620,1.0,0.0,0.5,none,False,False
167621,1.0,0.0,0.5,none,False,False
167622,1.0,0.0,0.5,none,False,False
167623,1.0,0.0,0.5,none,False,False
167624,1.0,0.0,0.5,none,False,False
167625,1.0,0.0,0.5,none,False,False
167626,1.0,0.0,0.5,none,False,False
167627,1.0,0.0,0.5,none,False,False
167628,1.0,0.0,0.5,none,False,False
167629,1.0,0.0,0.5,none,False,False
167630,1.0,0.0,0.5,none,False,False
167631,1.0,0.0,0.5,none,False,False
167632,1.0,0.0,0.5,none,False,False
167633,1.0,0.0,0.5,none,False,False
167634,1.0,0.0,0.5,none,False,False
167635,1.0,0.0,0.5,none,False,False
167636,1.0,0.0,0.5,none,False,False
167637,1.0,0.0,0.5,none,False,False
167638,1.0,0.0,0.5,none,False,False
167639,1.0,0.0,0.5,none,False,False
167640,1.0,0.0,0.5,none,False,False
167641,1.0,0.0,0.5,none,False,False
167642,1.0,0.0,0.5,none,False,False
167643,1.0,0.0,0.5,none,False,False
167644,1.0,0.0,0.5,none,False,False
167645,1.0,0.0,0.5,none,False,False
167646,1.0,0.0,0.5,none,False,False
167647,1.0,0.0,0.5,none,False,False
167648,1.0,0.0,0.5,none,False,False
167649,1.0,0.0,0.5,none,False,False
167650,1.0,0.0,0.5,none,False,False
167651,1.0,0.0,0.5,none,False,False
167652,1.0,0.0,0.5,none,False,False
167653,1.0,0.0,0.5,none,False,False
167654,1.0,0.0,0.5,none,False,False
167655,1.0,0.0,0.5,none,False,False
167656,1.0,0.0,0.5,none,False,False
167657,1.0,0.0,0.5,none,False,False
167658,1.0,0.0,0.5,none,False,False
167659,1.0,0.0,0.5,none,False,False
167660,1.0,0.0,0.5,none,False,False
167661,1.0,0.0,0.5,none,False,False
167662,1.0,0.0,0.5,none,False,False
167663,1.0,0.0,0.5,none,False,False
167664,1.0,0.0,0.5,none,False,False
167665,1.0,0.0,0.5,none,False,False
167666,1.0,0.0,0.5,none,False,False
167667,1.0,0.0,0.5,none,False,False
167668,1.0,0.0,0.5,none,False,False
167669,1.0,0.0,0.5,none,False,False
167670,1.0,0.0,0.5,none,False,False
167671,1.0,0.0,0.5,none,False,False
167672,1.0,0.0,0.5,none,False,False
167673,1.0,0.0,0.5,none,False,False
167674,1.0,0.0,0.5,none,False,False
167675,1.0,0.0,0.5,none,False,False
167676,1.0,0.0,0.5,none,False,False
167677,1.0,0.0,0.5,none,False,False
167678,1.0,0.0,0.5,none,False,False
167679,1.0,0.0,0.5,none,False,False
167680,1.0,0.0,0.5,none,False,False
167681,1.0,0.0,0.5,none,False,False
167682,1.0,0.0,0.5,none,False,False
167683,1.0,0.0,0.5,none,False,False
167684,1.0,0.0,0.5,none,False,False
167685,1.0,0.0,0.5,none,False,False
167686,1.0,0.0,0.5,none,False,False
167687,1.0,0.0,0.5,none,False,False
167688,1.0,0.0,0.5,none,False,False
167689,1.0,0.0,0.5,none,False,False
167690,1.0,0.0,0.5,none,False,False
167691,1.0,0.0,0.5,none,False,False
167692,1.0,0.0,0.5,none,False,False
167693,1.0,0.0,0.5,none,False,False
167694,1.0,0.0,0.5,none,False,False
167695,1.0,0.0,0.5,none,False,False
167696,1.0,0.0,0.5,none,False,False
167697,1.0,0.0,0.5,none,False,False
167698,1.0,0.0,0.5,none,False,False
167699,1.0,0.0,0.5,none,False,False
167700,1.0,0.0,0.5,none,False,False
167701,1.0,0.0,0.5,none,False,False
167702,1.0,0.0,0.5,none,False,False
167703,1.0,0.0,0.5,none,False,False
167704,1.0,0.0,0.5,none,False,False
167705,1.0,0.0,0.5,none,False,False
167706,1.0,0.0,0.5,none,False,False
167707,1.0,0.0,0.5,none,False,False
167708,1.0,0.0,0.5,none,False,False
167709,1.0,0.0,0.5,none,False,False
167710,1.0,0.0,0.5,none,False,False
167711,1.0,0.0,0.5,none,False,False
167712,1.0,0.0,0.5,none,False,False
167713,1.0,0.0,0.5,none,False,False
167714,1.0,0.0,0.5,none,False,False
167715,1.0,0.0,0.5,none,False,False
167716,1.0,0.0,0.5,none,False,False
167717,1.0,0.0,0.5,none,False,False
167718,1.0,0.0,0.5,none,False,False
167719,1.0,0.0,0.5,none,False,False
167720,1.0,0.0,0.5,none,False,False
167721,1.0,0.0,0.5,none,False,False
167722,1.0,0.0,0.5,none,False,False
167723,1.0,0.0,0.5,none,False,False
167724,1.0,0.0,0.5,none,False,False
167725,1.0,0.0,0.5,none,False,False
167726,1.0,0.0,0.5,none,False,False
167727,1.0,0.0,0.5,none,False,False
167728,1.0,0.0,0.5,none,False,False
167729,1.0,0.0,0.5,none,False,False
167730,1.0,0.0,0.5,none,False,False
167731,1.0,0.0,0.5,none,False,False
167732,1.0,0.0,0.5,none,False,False
167733,1.0,0.0,0.5,none,False,False
167734,1.0,0.0,0.5,none,False,False
167735,1.0,0.0,0.5,none,False,False
167736,1.0,0.0,0.5,none,False,False
167737,1.0,0.0,0.5,none,False,False
167738,1.0,0.0,0.5,none,False,False
167739,1.0,0.0,0.5,none,False,False
167740,1.0,0.0,0.5,none,False,False
167741,1.0,0.0,0.5,none,False,False
167742,1.0,0.0,0.5,none,False,False
167743,1.0,0.0,0.5,none,False,False
167744,1.0,0.0,0.5,none,False,False
167745,1.0,0.0,0.5,none,False,False
167746,1.0,0.0,0.5,none,False,False
167747,1.0,0.0,0.5,none,False,False
167748,1.0,0.0,0.5,none,False,False
167749,1.0,0.0,0.5,none,False,False
167750,1.0,0.0,0.5,none,False,False
167751,1.0,0.0,0.5,none,False,False
167752,1.0,0.0,0.5,none,False,False
167753,1.0,0.0,0.5,none,False,False
167754,1.0,0.0,0.5,none,False,False
167755,1.0,0.0,0.5,none,False,False
167756,1.0,0.0,0.5,none,False,False
167757,1.0,0.0,0.5,none,False,False
167758,1.0,0.0,0.5,none,False,False
167759,1.0,0.0,0.5,none,False,False
167760,1.0,0.0,0.5,none,False,False
167761,1.0,0.0,0.5,none,False,False
167762,1.0,0.0,0.5,none,False,False
167763,1.0,0.0,0.5,none,False,False
167764,1.0,0.0,0.5,none,False,False
167765,1.0,0.0,0.5,none,False,False
167766,1.0,0.0,0.5,none,False,False
167767,1.0,0.0,0.5,none,False,False
167768,1.0,0.0,0.5,none,False,False
167769,1.0,0.0,0.5,none,False,False
167770,1.0,0.0,0.5,none,False,False
167771,1.0,0.0,0.5,none,False,False
167772,1.0,0.0,0.5,none,False,False
167773,1.0,0.0,0.5,none,False,False
167774,1.0,0.0,0.5,none,False,False
167775,1.0,0.0,0.5,none,False,False
167776,1.0,0.0,0.5,none,False,False
167777,1.0,0.0,0.5,none,False,False
167778,1.0,0.0,0.5,none,False,False
167779,1.0,0.0,0.5,none,False,False
167780,1.0,0.0,0.5,none,False,False
167781,1.0,0.0,0.5,none,False,False
167782,1.0,0.0,0.5,none,False,False
167783,1.0,0.0,0.5,none,False,False
167784,1.0,0.0,0.5,none,False,False
167785,1.0,0.0,0.5,none,False,False
167786,1.0,0.0,0.5,none,False,False
167787,1.0,0.0,0.5,none,False,False
167788,1.0,0.0,0.5,none,False,False
167789,1.0,0.0,0.5,none,False,False
167790,1.0,0.0,0.5,none,False,False
167791,1.0,0.0,0.5,none,False,False
167792,1.0,0.0,0.5,none,False,False
167793,1.0,0.0,0.5,none,False,False
167794,1.0,0.0,0.5,none,False,False
167795,1.0,0.0,0.5,none,False,False
167796,1.0,0.0,0.5,none,False,False
167797,1.0,0.0,0.5,none,False,False
167798,1.0,0.0,0.5,none,False,False
167799,1.0,0.0,0.5,none,False,False
167800,1.0,0.0,0.5,none,False,False
167801,1.0,0.0,0.5,none,False,False
167802,1.0,0.0,0.5,none,False,False
167803,1.0,0.0,0.5,none,False,False
167804,1.0,0.0,0.5,none,False,False
167805,1.0,0.0,0.5,none,False,False
167806,1.0,0.0,0.5,none,False,False
167807,1.0,0.0,0.5,none,False,False
167808,1.0,0.0,0.5,none,False,False
167809,1.0,0.0,0.5,none,False,False
167810,1.0,0.0,0.5,none,False,False
167811,1.0,0.0,0.5,none,False,False
167812,1.0,0.0,0.5,none,False,False
167813,1.0,0.0,0.5,none,False,False
167814,1.0,0.0,0.5,none,False,False
167815,1.0,0.0,0.5,none,False,False
167816,1.0,0.0,0.5,none,False,False
167817,1.0,0.0,0.5,none,False,False
167818,1.0,0.0,0.5,none,False,False
167819,1.0,0.0,0.5,none,False,False
167820,1.0,0.0,0.5,none,False,False
167821,1.0,0.0,0.5,none,False,False
167822,1.0,0.0,0.5,none,False,False
167823,1.0,0.0,0.5,none,False,False
167824,1.0,0.0,0.5,none,False,False
167825,1.0,0.0,0.5,none,False,False
167826,1.0,0.0,0.5,none,False,False
167827,1.0,0.0,0.5,none,False,False
167828,1.0,0.0,0.5,none,False,False
167829,1.0,0.0,0.5,none,False,False
167830,1.0,0.0,0.5,none,False,False
167831,1.0,0.0,0.5,none,False,False
167832,1.0,0.0,0.5,none,False,False
167833,1.0,0.0,0.5,none,False,False
167834,1.0,0.0,0.5,none,False,False
167835,1.0,0.0,0.5,none,False,False
167836,1.0,0.0,0.5,none,False,False
167837,1.0,0.0,0.5,none,False,False
167838,1.0,0.0,0.5,none,False,False
167839,1.0,0.0,0.5,none,False,False
167840,1.0,0.0,0.5,none,False,False
167841,1.0,0.0,0.5,none,False,False
167842,1.0,0.0,0.5,none,False,False
167843,1.0,0.0,0.5,none,False,False
167844,1.0,0.0,0.5,none,False,False
167845,1.0,0.0,0.5,none,False,False
167846,1.0,0.0,0.5,none,False,False
167847,1.0,0.0,0.5,none,False,False
167848,1.0,0.0,0.5,none,False,False
167849,1.0,0.0,0.5,none,False,False
167850,1.0,0.0,0.5,none,False,False
167851,1.0,0.0,0.5,none,False,False
167852,1.0,0.0,0.5,none,False,False
167853,1.0,0.0,0.5,none,False,False
167854,1.0,0.0,0.5,none,False,False
167855,1.0,0.0,0.5,none,False,False
167856,1.0,0.0,0.5,none,False,False
167857,1.0,0.0,0.5,none,False,False
167858,1.0,0.0,0.5,none,False,False
167859,1.0,0.0,0.5,none,False,False
167860,1.0,0.0,0.5,none,False,False
167861,1.0,0.0,0.5,none,False,False
167862,1.0,0.0,0.5,none,False,False
167863,1.0,0.0,0.5,none,False,False
167864,1.0,0.0,0.5,none,False,False
167865,1.0,0.0,0.5,none,False,False
167866,1.0,0.0,0.5,none,False,False
167867,1.0,0.0,0.5,none,False,False
167868,1.0,0.0,0.5,none,False,False
167869,1.0,0.0,0.5,none,False,False
167870,1.0,0.0,0.5,none,False,False
167871,1.0,0.0,0.5,none,False,False
167872,1.0,0.0,0.5,none,False,False
167873,1.0,0.0,0.5,none,False,False
167874,1.0,0.0,0.5,none,False,False
167875,1.0,0.0,0.5,none,False,False
167876,1.0,0.0,0.5,none,False,False
167877,1.0,0.0,0.5,none,False,False
167878,1.0,0.0,0.5,none,False,False
167879,1.0,0.0,0.5,none,False,False
167880,1.0,0.0,0.5,none,False,False
167881,1.0,0.0,0.5,none,False,False
167882,1.0,0.0,0.5,none,False,False
167883,1.0,0.0,0.5,none,False,False
167884,1.0,0.0,0.5,none,False,False
167885,1.0,0.0,0.5,none,False,False
167886,1.0,0.0,0.5,none,False,False
167887,1.0,0.0,0.5,none,False,False
167888,1.0,0.0,0.5,none,False,False
167889,1.0,0.0,0.5,none,False,False
167890,1.0,0.0,0.5,none,False,False
167891,1.0,0.0,0.5,none,False,False
167892,1.0,0.0,0.5,none,False,False
167893,1.0,0.0,0.5,none,False,False
167894,1.0,0.0,0.5,none,False,False
167895,1.0,0.0,0.5,none,False,False
167896,1.0,0.0,0.5,none,False,False
167897,1.0,0.0,0.5,none,False,False
167898,1.0,0.0,0.5,none,False,False
167899,1.0,0.0,0.5,none,False,False
167900,1.0,0.0,0.5,none,False,False
167901,1.0,0.0,0.5,none,False,False
167902,1.0,0.0,0.5,none,False,False
167903,1.0,0.0,0.5,none,False,False
167904,1.0,0.0,0.5,none,False,False
167905,1.0,0.0,0.5,none,False,False
167906,1.0,0.0,0.5,none,False,False
167907,1.0,0.0,0.5,none,False,False
167908,1.0,0.0,0.5,none,False,False
167909,1.0,0.0,0.5,none,False,False
167910,1.0,0.0,0.5,none,False,False
167911,1.0,0.0,0.5,none,False,False
167912,1.0,0.0,0.5,none,False,False
167913,1.0,0.0,0.5,none,False,False
167914,1.0,0.0,0.5,none,False,False
167915,1.0,0.0,0.5,none,False,False
167916,1.0,0.0,0.5,none,False,False
167917,1.0,0.0,0.5,none,False,False
167918,1.0,0.0,0.5,none,False,False
167919,1.0,0.0,0.5,none,False,False
167920,1.0,0.0,0.5,none,False,False
167921,1.0,0.0,0.5,none,False,False
167922,1.0,0.0,0.5,none,False,False
167923,1.0,0.0,0.5,none,False,False
167924,1.0,0.0,0.5,none,False,False
167925,1.0,0.0,0.5,none,False,False
167926,1.0,0.0,0.5,none,False,False
167927,1.0,0.0,0.5,none,False,False
167928,1.0,0.0,0.5,none,False,False
167929,1.0,0.0,0.5,none,False,False
167930,1.0,0.0,0.5,none,False,False
167931,1.0,0.0,0.5,none,False,False
167932,1.0,0.0,0.5,none,False,False
167933,1.0,0.0,0.5,none,False,False
167934,1.0,0.0,0.5,none,False,False
167935,1.0,0.0,0.5,none,False,False
167936,1.0,0.0,0.5,none,False,False
167937,1.0,0.0,0.5,none,False,False
167938,1.0,0.0,0.5,none,False,False
167939,1.0,0.0,0.5,none,False,False
167940,1.0,0.0,0.5,none,False,False
167941,1.0,0.0,0.5,none,False,False
167942,1.0,0.0,0.5,none,False,False
167943,1.0,0.0,0.5,none,False,False
167944,1.0,0.0,0.5,none,False,False
167945,1.0,0.0,0.5,none,False,False
167946,1.0,0.0,0.5,none,False,False
167947,1.0,0.0,0.5,none,False,False
167948,1.0,0.0,0.5,none,False,False
167949,1.0,0.0,0.5,none,False,False
167950,1.0,0.0,0.5,none,False,False
167951,1.0,0.0,0.5,none,False,False
167952,1.0,0.0,0.5,none,False,False
167953,1.0,0.0,0.5,none,False,False
167954,1.0,0.0,0.5,none,False,False
167955,1.0,0.0,0.5,none,False,False
167956,1.0,0.0,0.5,none,False,False
167957,1.0,0.0,0.5,none,False,False
167958,1.0,0.0,0.5,none,False,False
167959,1.0,0.0,0.5,none,False,False
167960,1.0,0.0,0.5,none,False,False
167961,1.0,0.0,0.5,none,False,False
167962,1.0,0.0,0.5,none,False,False
167963,1.0,0.0,0.5,none,False,False
167964,1.0,0.0,0.5,none,False,False
167965,1.0,0.0,0.5,none,False,False
167966,1.0,0.0,0.5,none,False,False
167967,1.0,0.0,0.5,none,False,False
167968,1.0,0.0,0.5,none,False,False
167969,1.0,0.0,0.5,none,False,False
167970,1.0,0.0,0.5,none,False,False
167971,1.0,0.0,0.5,none,False,False
167972,1.0,0.0,0.5,none,False,False
167973,1.0,0.0,0.5,none,False,False
167974,1.0,0.0,0.5,none,False,False
167975,1.0,0.0,0.5,none,False,False
167976,1.0,0.0,0.5,none,False,False
167977,1.0,0.0,0.5,none,False,False
167978,1.0,0.0,0.5,none,False,False
167979,1.0,0.0,0.5,none,False,False
167980,1.0,0.0,0.5,none,False,False
167981,1.0,0.0,0.5,none,False,False
167982,1.0,0.0,0.5,none,False,False
167983,1.0,0.0,0.5,none,False,False
167984,1.0,0.0,0.5,none,False,False
167985,1.0,0.0,0.5,none,False,False
167986,1.0,0.0,0.5,none,False,False
167987,1.0,0.0,0.5,none,False,False
167988,1.0,0.0,0.5,none,False,False
167989,1.0,0.0,0.5,none,False,False
167990,1.0,0.0,0.5,none,False,False
167991,1.0,0.0,0.5,none,False,False
167992,1.0,0.0,0.5,none,False,False
167993,1.0,0.0,0.5,none,False,False
167994,1.0,0.0,0.5,none,False,False
167995,1.0,0.0,0.5,none,False,False
167996,1.0,0.0,0.5,none,False,False
167997,1.0,0.0,0.5,none,False,False
167998,1.0,0.0,0.5,none,False,False
167999,1.0,0.0,0.5,none,False,False
168000,1.0,0.0061,0.5,none,False,False
168001,1.0,0.0357,0.5,none,False,False
168002,1.0,0.0812,0.5,none,False,False
168003,1.0,0.1113,0.5,none,False,False
168004,1.0,0.1253,0.5,none,False,False
168005,1.0,0.1408,0.5,none,False,False
168006,1.0,0.0907,0.5,none,False,False
168007,1.0,0.1198,0.5,none,False,False
168008,1.0,0.0467,0.5,none,False,False
168009,1.0,0.0522,0.5,none,False,False
168010,1.0,0.0405,0.5,none,False,False
168011,1.0,0.0313,0.5,none,False,False
168012,1.0,0.0083,0.5,none,False,False
168013,1.0,0.0726,0.5,none,False,False
168014,1.0,0.0793,0.5,none,False,False
168015,1.0,0.0581,0.5,none,False,False
168016,1.0,0.0955,0.5,none,False,False
168017,1.0,0.0839,0.5,none,False,False
168018,1.0,0.0648,0.5,none,False,False
168019,1.0,0.0718,0.5,none,False,False
168020,1.0,0.0589,0.5,none,False,False
168021,1.0,0.0403,0.5,none,False,False
168022,1.0,0.0327,0.5,none,False,False
168023,1.0,0.0277,0.5,none,False,False
168024,1.0,0.017,0.5,none,False,False
168025,1.0,0.0102,0.5,none,False,False
168026,1.0,0.0099,0.5,none,False,False
168027,1.0,0.008,0.5,none,False,False
168028,1.0,0.005,0.5,none,False,False
168029,1.0,0.0063,0.5,none,False,False
168030,1.0,0.009,0.5,none,False,False
168031,1.0,0.0096,0.5,none,False,False
168032,1.0,0.0108,0.5,none,False,False
168033,1.0,0.014,0.5,none,False,False
168034,1.0,0.0161,0.5,none,False,False
168035,1.0,0.0167,0.5,none,False,False
168036,1.0,0.0182,0.5,none,False,False
168037,1.0,0.0196,0.5,none,False,False
168038,1.0,0.0197,0.5,none,False,False
168039,1.0,0.0193,0.5,none,False,False
168040,1.0,0.0193,0.5,none,False,False
168041,1.0,0.0187,0.5,none,False,False
168042,1.0,0.0174,0.5,none,False,False
168043,1.0,0.0163,0.5,none,False,False
168044,1.0,0.0152,0.5,none,False,False
168045,1.0,0.0138,0.5,none,False,False
168046,1.0,0.0123,0.5,none,False,False
168047,1.0,0.0111,0.5,none,False,False
168048,1.0,0.01,0.5,none,False,False
168049,1.0,0.0088,0.5,none,False,False
168050,1.0,0.0078,0.5,none,False,False
168051,1.0,0.0071,0.5,none,False,False
168052,1.0,0.0064,0.5,none,False,False
168053,1.0,0.0057,0.5,none,False,False
168054,1.0,0.0053,0.5,none,False,False
168055,1.0,0.005,0.5,none,False,False
168056,1.0,0.0047,0.5,none,False,False
168057,1.0,0.0045,0.5,none,False,False
168058,1.0,0.0044,0.5,none,False,False
168059,1.0,0.0043,0.5,none,False,False
168060,1.0,0.0042,0.5,none,False,False
168061,1.0,0.0041,0.5,none,False,False
168062,1.0,0.004,0.5,none,False,False
168063,1.0,0.0039,0.5,none,False,False
168064,1.0,0.0038,0.5,none,False,False
168065,1.0,0.0037,0.5,none,False,False
168066,1.0,0.0035,0.5,none,False,False
168067,1.0,0.0033,0.5,none,False,False
168068,1.0,0.0032,0.5,none,False,False
168069,1.0,0.003,0.5,none,False,False
168070,1.0,0.0028,0.5,none,False,False
168071,1.0,0.0026,0.5,none,False,False
168072,1.0,0.0024,0.5,none,False,False
168073,1.0,0.0023,0.5,none,False,False
168074,1.0,0.0021,0.5,none,False,False
168075,1.0,0.0019,0.5,none,False,False
168076,1.0,0.0018,0.5,none,False,False
168077,1.0,0.0017,0.5,none,False,False
168078,1.0,0.0015,0.5,none,False,False
168079,1.0,0.0014,0.5,none,False,False
168080,1.0,0.0013,0.5,none,False,False
168081,1.0,0.0013,0.5,none,False,False
168082,1.0,0.0012,0.5,none,False,False
168083,1.0,0.0011,0.5,none,False,False
168084,1.0,0.0011,0.5,none,False,False
168085,1.0,0.001,0.5,none,False,False
168086,1.0,0.001,0.5,none,False,False
168087,1.0,0.0009,0.5,none,False,False
168088,1.0,0.0009,0.5,none,False,False
168089,1.0,0.0008,0.5,none,False,False
168090,1.0,0.0008,0.5,none,False,False
168091,1.0,0.0008,0.5,none,False,False
168092,1.0,0.0007,0.5,none,False,False
168093,1.0,0.0007,0.5,none,False,False
168094,1.0,0.0006,0.5,none,False,False
168095,1.0,0.0006,0.5,none,False,False
168096,1.0,0.0006,0.5,none,False,False
168097,1.0,0.0005,0.5,none,False,False
168098,1.0,0.0005,0.5,none,False,False
168099,1.0,0.0005,0.5,none,False,False
168100,1.0,0.0004,0.5,none,False,False
168101,1.0,0.0004,0.5,none,False,False
168102,1.0,0.0004,0.5,none,False,False
168103,1.0,0.0004,0.5,none,False,False
168104,1.0,0.0003,0.5,none,False,False
168105,1.0,0.0003,0.5,none,False,False
168106,1.0,0.0003,0.5,none,False,False
168107,1.0,0.0003,0.5,none,False,False
168108,1.0,0.0003,0.5,none,False,False
168109,1.0,0.0003,0.5,none,False,False
168110,1.0,0.0002,0.5,none,False,False
168111,1.0,0.0002,0.5,none,False,False
168112,1.0,0.0002,0.5,none,False,False
168113,1.0,0.0002,0.5,none,False,False
168114,1.0,0.0002,0.5,none,False,False
168115,1.0,0.0002,0.5,none,False,False
168116,1.0,0.0002,0.5,none,False,False
168117,1.0,0.0002,0.5,none,False,False
168118,1.0,0.0002,0.5,none,False,False
168119,1.0,0.0001,0.5,none,False,False
168120,1.0,0.0001,0.5,none,False,False
168121,1.0,0.0001,0.5,none,False,False
168122,1.0,0.0001,0.5,none,False,False
168123,1.0,0.0001,0.5,none,False,False
168124,1.0,0.0001,0.5,none,False,False
168125,1.0,0.0001,0.5,none,False,False
168126,1.0,0.0001,0.5,none,False,False
168127,1.0,0.0001,0.5,none,False,False
168128,1.0,0.0001,0.5,none,False,False
168129,1.0,0.0001,0.5,none,False,False
168130,1.0,0.0001,0.5,none,False,False
168131,1.0,0.0001,0.5,none,False,False
168132,1.0,0.0001,0.5,none,False,False
168133,1.0,0.0001,0.5,none,False,False
168134,1.0,0.0001,0.5,none,False,False
168135,1.0,0.0001,0.5,none,False,False
168136,1.0,0.0001,0.5,none,False,False
168137,1.0,0.0,0.5,none,False,False
168138,1.0,0.0,0.5,none,False,False
168139,1.0,0.0,0.5,none,False,False
168140,1.0,0.0,0.5,none,False,False
168141,1.0,0.0,0.5,none,False,False
168142,1.0,0.0,0.5,none,False,False
168143,1.0,0.0,0.5,none,False,False
168144,1.0,0.0,0.5,none,False,False
168145,1.0,0.0,0.5,none,False,False
168146,1.0,0.0,0.5,none,False,False
168147,1.0,0.0,0.5,none,False,False
168148,1.0,0.0,0.5,none,False,False
168149,1.0,0.0,0.5,none,False,False
168150,1.0,0.0,0.5,none,False,False
168151,1.0,0.0,0.5,none,False,False
168152,1.0,0.0,0.5,none,False,False
168153,1.0,0.0,0.5,none,False,False
168154,1.0,0.0,0.5,none,False,False
168155,1.0,0.0,0.5,none,False,False
168156,1.0,0.0,0.5,none,False,False
168157,1.0,0.0,0.5,none,False,False
168158,1.0,0.0,0.5,none,False,False
168159,1.0,0.0,0.5,none,False,False
168160,1.0,0.0,0.5,none,False,False
168161,1.0,0.0,0.5,none,False,False
168162,1.0,0.0,0.5,none,False,False
168163,1.0,0.0,0.5,none,False,False
168164,1.0,0.0,0.5,none,False,False
168165,1.0,0.0,0.5,none,False,False
168166,1.0,0.0,0.5,none,False,False
168167,1.0,0.0,0.5,none,False,False
168168,1.0,0.0,0.5,none,False,False
168169,1.0,0.0,0.5,none,False,False
168170,1.0,0.0,0.5,none,False,False
168171,1.0,0.0,0.5,none,False,False
168172,1.0,0.0,0.5,none,False,False
168173,1.0,0.0,0.5,none,False,False
168174,1.0,0.0,0.5,none,False,False
168175,1.0,0.0,0.5,none,False,False
168176,1.0,0.0,0.5,none,False,False
168177,1.0,0.0,0.5,none,False,False
168178,1.0,0.0,0.5,none,False,False
168179,1.0,0.0,0.5,none,False,False
168180,1.0,0.0,0.5,none,False,False
168181,1.0,0.0,0.5,none,False,False
168182,1.0,0.0,0.5,none,False,False
168183,1.0,0.0,0.5,none,False,False
168184,1.0,0.0,0.5,none,False,False
168185,1.0,0.0,0.5,none,False,False
168186,1.0,0.0,0.5,none,False,False
168187,1.0,0.0,0.5,none,False,False
168188,1.0,0.0,0.5,none,False,False
168189,1.0,0.0,0.5,none,False,False
168190,1.0,0.0,0.5,none,False,False
168191,1.0,0.0,0.5,none,False,False
168192,1.0,0.0,0.5,none,False,False
168193,1.0,0.0,0.5,none,False,False
168194,1.0,0.0,0.5,none,False,False
168195,1.0,0.0,0.5,none,False,False
168196,1.0,0.0,0.5,none,False,False
168197,1.0,0.0,0.5,none,False,False
168198,1.0,0.0,0.5,none,False,False
168199,1.0,0.0,0.5,none,False,False
168200,1.0,0.0,0.5,none,False,False
168201,1.0,0.0,0.5,none,False,False
168202,1.0,0.0,0.5,none,False,False
168203,1.0,0.0,0.5,none,False,False
168204,1.0,0.0,0.5,none,False,False
168205,1.0,0.0,0.5,none,False,False
168206,1.0,0.0,0.5,none,False,False
168207,1.0,0.0,0.5,none,False,False
168208,1.0,0.0,0.5,none,False,False
168209,1.0,0.0,0.5,none,False,False
168210,1.0,0.0,0.5,none,False,False
168211,1.0,0.0,0.5,none,False,False
168212,1.0,0.0,0.5,none,False,False
168213,1.0,0.0,0.5,none,False,False
168214,1.0,0.0,0.5,none,False,False
168215,1.0,0.0,0.5,none,False,False
168216,1.0,0.0,0.5,none,False,False
168217,1.0,0.0,0.5,none,False,False
168218,1.0,0.0,0.5,none,False,False
168219,1.0,0.0,0.5,none,False,False
168220,1.0,0.0,0.5,none,False,False
168221,1.0,0.0,0.5,none,False,False
168222,1.0,0.0,0.5,none,False,False
168223,1.0,0.0,0.5,none,False,False
168224,1.0,0.0,0.5,none,False,False
168225,1.0,0.0,0.5,none,False,False
168226,1.0,0.0,0.5,none,False,False
168227,1.0,0.0,0.5,none,False,False
168228,1.0,0.0,0.5,none,False,False
168229,1.0,0.0,0.5,none,False,False
168230,1.0,0.0,0.5,none,False,False
168231,1.0,0.0,0.5,none,False,False
168232,1.0,0.0,0.5,none,False,False
168233,1.0,0.0,0.5,none,False,False
168234,1.0,0.0,0.5,none,False,False
168235,1.0,0.0,0.5,none,False,False
168236,1.0,0.0,0.5,none,False,False
168237,1.0,0.0,0.5,none,False,False
168238,1.0,0.0,0.5,none,False,False
168239,1.0,0.0,0.5,none,False,False
168240,1.0,0.0,0.5,none,False,False
168241,1.0,0.0,0.5,none,False,False
168242,1.0,0.0,0.5,none,False,False
168243,1.0,0.0,0.5,none,False,False
168244,1.0,0.0,0.5,none,False,False
168245,1.0,0.0,0.5,none,False,False
168246,1.0,0.0,0.5,none,False,False
168247,1.0,0.0,0.5,none,False,False
168248,1.0,0.0,0.5,none,False,False
168249,1.0,0.0,0.5,none,False,False
168250,1.0,0.0,0.5,none,False,False
168251,1.0,0.0,0.5,none,False,False
168252,1.0,0.0,0.5,none,False,False
168253,1.0,0.0,0.5,none,False,False
168254,1.0,0.0,0.5,none,False,False
168255,1.0,0.0,0.5,none,False,False
168256,1.0,0.0,0.5,none,False,False
168257,1.0,0.0,0.5,none,False,False
168258,1.0,0.0,0.5,none,False,False
168259,1.0,0.0,0.5,none,False,False
168260,1.0,0.0,0.5,none,False,False
168261,1.0,0.0,0.5,none,False,False
168262,1.0,0.0,0.5,none,False,False
168263,1.0,0.0,0.5,none,False,False
168264,1.0,0.0,0.5,none,False,False
168265,1.0,0.0,0.5,none,False,False
168266,1.0,0.0,0.5,none,False,False
168267,1.0,0.0,0.5,none,False,False
168268,1.0,0.0,0.5,none,False,False
168269,1.0,0.0,0.5,none,False,False
168270,1.0,0.0,0.5,none,False,False
168271,1.0,0.0,0.5,none,False,False
168272,1.0,0.0,0.5,none,False,False
168273,1.0,0.0,0.5,none,False,False
168274,1.0,0.0,0.5,none,False,False
168275,1.0,0.0,0.5,none,False,False
168276,1.0,0.0,0.5,none,False,False
168277,1.0,0.0,0.5,none,False,False
168278,1.0,0.0,0.5,none,False,False
168279,1.0,0.0,0.5,none,False,False
168280,1.0,0.0,0.5,none,False,False
168281,1.0,0.0,0.5,none,False,False
168282,1.0,0.0,0.5,none,False,False
168283,1.0,0.0,0.5,none,False,False
168284,1.0,0.0,0.5,none,False,False
168285,1.0,0.0,0.5,none,False,False
168286,1.0,0.0,0.5,none,False,False
168287,1.0,0.0,0.5,none,False,False
168288,1.0,0.0,0.5,none,False,False
168289,1.0,0.0,0.5,none,False,False
168290,1.0,0.0,0.5,none,False,False
168291,1.0,0.0,0.5,none,False,False
168292,1.0,0.0,0.5,none,False,False
168293,1.0,0.0,0.5,none,False,False
168294,1.0,0.0,0.5,none,False,False
168295,1.0,0.0,0.5,none,False,False
168296,1.0,0.0,0.5,none,False,False
168297,1.0,0.0,0.5,none,False,False
168298,1.0,0.0,0.5,none,False,False
168299,1.0,0.0,0.5,none,False,False
168300,1.0,0.0,0.5,none,False,False
168301,1.0,0.0,0.5,none,False,False
168302,1.0,0.0,0.5,none,False,False
168303,1.0,0.0,0.5,none,False,False
168304,1.0,0.0,0.5,none,False,False
168305,1.0,0.0,0.5,none,False,False
168306,1.0,0.0,0.5,none,False,False
168307,1.0,0.0,0.5,none,False,False
168308,1.0,0.0,0.5,none,False,False
168309,1.0,0.0,0.5,none,False,False
168310,1.0,0.0,0.5,none,False,False
168311,1.0,0.0,0.5,none,False,False
168312,1.0,0.0,0.5,none,False,False
168313,1.0,0.0,0.5,none,False,False
168314,1.0,0.0,0.5,none,False,False
168315,1.0,0.0,0.5,none,False,False
168316,1.0,0.0,0.5,none,False,False
168317,1.0,0.0,0.5,none,False,False
168318,1.0,0.0,0.5,none,False,False
168319,1.0,0.0,0.5,none,False,False
168320,1.0,0.0,0.5,none,False,False
168321,1.0,0.0,0.5,none,False,False
168322,1.0,0.0,0.5,none,False,False
168323,1.0,0.0,0.5,none,False,False
168324,1.0,0.0,0.5,none,False,False
168325,1.0,0.0,0.5,none,False,False
168326,1.0,0.0,0.5,none,False,False
168327,1.0,0.0,0.5,none,False,False
168328,1.0,0.0,0.5,none,False,False
168329,1.0,0.0,0.5,none,False,False
168330,1.0,0.0,0.5,none,False,False
168331,1.0,0.0,0.5,none,False,False
168332,1.0,0.0,0.5,none,False,False
168333,1.0,0.0,0.5,none,False,False
168334,1.0,0.0,0.5,none,False,False
168335,1.0,0.0,0.5,none,False,False
168336,1.0,0.0,0.5,none,False,False
168337,1.0,0.0,0.5,none,False,False
168338,1.0,0.0,0.5,none,False,False
168339,1.0,0.0,0.5,none,False,False
168340,1.0,0.0,0.5,none,False,False
168341,1.0,0.0,0.5,none,False,False
168342,1.0,0.0,0.5,none,False,False
168343,1.0,0.0,0.5,none,False,False
168344,1.0,0.0,0.5,none,False,False
168345,1.0,0.0,0.5,none,False,False
168346,1.0,0.0,0.5,none,False,False
168347,1.0,0.0,0.5,none,False,False
168348,1.0,0.0,0.5,none,False,False
168349,1.0,0.0,0.5,none,False,False
168350,1.0,0.0,0.5,none,False,False
168351,1.0,0.0,0.5,none,False,False
168352,1.0,0.0,0.5,none,False,False
168353,1.0,0.0,0.5,none,False,False
168354,1.0,0.0,0.5,none,False,False
168355,1.0,0.0,0.5,none,False,False
168356,1.0,0.0,0.5,none,False,False
168357,1.0,0.0,0.5,none,False,False
168358,1.0,0.0,0.5,none,False,False
168359,1.0,0.0,0.5,none,False,False
168360,1.0,0.0,0.5,none,False,False
168361,1.0,0.0,0.5,none,False,False
168362,1.0,0.0,0.5,none,False,False
168363,1.0,0.0,0.5,none,False,False
168364,1.0,0.0,0.5,none,False,False
168365,1.0,0.0,0.5,none,False,False
168366,1.0,0.0,0.5,none,False,False
168367,1.0,0.0,0.5,none,False,False
168368,1.0,0.0,0.5,none,False,False
168369,1.0,0.0,0.5,none,False,False
168370,1.0,0.0,0.5,none,False,False
168371,1.0,0.0,0.5,none,False,False
168372,1.0,0.0,0.5,none,False,False
168373,1.0,0.0,0.5,none,False,False
168374,1.0,0.0,0.5,none,False,False
168375,1.0,0.0,0.5,none,False,False
168376,1.0,0.0,0.5,none,False,False
168377,1.0,0.0,0.5,none,False,False
168378,1.0,0.0,0.5,none,False,False
168379,1.0,0.0,0.5,none,False,False
168380,1.0,0.0,0.5,none,False,False
168381,1.0,0.0,0.5,none,False,False
168382,1.0,0.0,0.5,none,False,False
168383,1.0,0.0,0.5,none,False,False
168384,1.0,0.0,0.5,none,False,False
168385,1.0,0.0,0.5,none,False,False
168386,1.0,0.0,0.5,none,False,False
168387,1.0,0.0,0.5,none,False,False
168388,1.0,0.0,0.5,none,False,False
168389,1.0,0.0,0.5,none,False,False
168390,1.0,0.0,0.5,none,False,False
168391,1.0,0.0,0.5,none,False,False
168392,1.0,0.0,0.5,none,False,False
168393,1.0,0.0,0.5,none,False,False
168394,1.0,0.0,0.5,none,False,False
168395,1.0,0.0,0.5,none,False,False
168396,1.0,0.0,0.5,none,False,False
168397,1.0,0.0,0.5,none,False,False
168398,1.0,0.0,0.5,none,False,False
168399,1.0,0.0,0.5,none,False,False
168400,1.0,0.0,0.5,none,False,False
168401,1.0,0.0,0.5,none,False,False
168402,1.0,0.0,0.5,none,False,False
168403,1.0,0.0,0.5,none,False,False
168404,1.0,0.0,0.5,none,False,False
168405,1.0,0.0,0.5,none,False,False
168406,1.0,0.0,0.5,none,False,False
168407,1.0,0.0,0.5,none,False,False
168408,1.0,0.0,0.5,none,False,False
168409,1.0,0.0,0.5,none,False,False
168410,1.0,0.0,0.5,none,False,False
168411,1.0,0.0,0.5,none,False,False
168412,1.0,0.0,0.5,none,False,False
168413,1.0,0.0,0.5,none,False,False
168414,1.0,0.0,0.5,none,False,False
168415,1.0,0.0,0.5,none,False,False
168416,1.0,0.0,0.5,none,False,False
168417,1.0,0.0,0.5,none,False,False
168418,1.0,0.0,0.5,none,False,False
168419,1.0,0.0,0.5,none,False,False
168420,1.0,0.0,0.5,none,False,False
168421,1.0,0.0,0.5,none,False,False
168422,1.0,0.0,0.5,none,False,False
168423,1.0,0.0,0.5,none,False,False
168424,1.0,0.0,0.5,none,False,False
168425,1.0,0.0,0.5,none,False,False
168426,1.0,0.0,0.5,none,False,False
168427,1.0,0.0,0.5,none,False,False
168428,1.0,0.0,0.5,none,False,False
168429,1.0,0.0,0.5,none,False,False
168430,1.0,0.0,0.5,none,False,False
168431,1.0,0.0,0.5,none,False,False
168432,1.0,0.0,0.5,none,False,False
168433,1.0,0.0,0.5,none,False,False
168434,1.0,0.0,0.5,none,False,False
168435,1.0,0.0,0.5,none,False,False
168436,1.0,0.0,0.5,none,False,False
168437,1.0,0.0,0.5,none,False,False
168438,1.0,0.0,0.5,none,False,False
168439,1.0,0.0,0.5,none,False,False
168440,1.0,0.0,0.5,none,False,False
168441,1.0,0.0,0.5,none,False,False
168442,1.0,0.0,0.5,none,False,False
168443,1.0,0.0,0.5,none,False,False
168444,1.0,0.0,0.5,none,False,False
168445,1.0,0.0,0.5,none,False,False
168446,1.0,0.0,0.5,none,False,False
168447,1.0,0.0,0.5,none,False,False
168448,1.0,0.0,0.5,none,False,False
168449,1.0,0.0,0.5,none,False,False
168450,1.0,0.0,0.5,none,False,False
168451,1.0,0.0,0.5,none,False,False
168452,1.0,0.0,0.5,none,False,False
168453,1.0,0.0,0.5,none,False,False
168454,1.0,0.0,0.5,none,False,False
168455,1.0,0.0,0.5,none,False,False
168456,1.0,0.0,0.5,none,False,False
168457,1.0,0.0,0.5,none,False,False
168458,1.0,0.0,0.5,none,False,False
168459,1.0,0.0,0.5,none,False,False
168460,1.0,0.0,0.5,none,False,False
168461,1.0,0.0,0.5,none,False,False
168462,1.0,0.0,0.5,none,False,False
168463,1.0,0.0,0.5,none,False,False
168464,1.0,0.0,0.5,none,False,False
168465,1.0,0.0,0.5,none,False,False
168466,1.0,0.0,0.5,none,False,False
168467,1.0,0.0,0.5,none,False,False
168468,1.0,0.0,0.5,none,False,False
168469,1.0,0.0,0.5,none,False,False
168470,1.0,0.0,0.5,none,False,False
168471,1.0,0.0,0.5,none,False,False
168472,1.0,0.0,0.5,none,False,False
168473,1.0,0.0,0.5,none,False,False
168474,1.0,0.0,0.5,none,False,False
168475,1.0,0.0,0.5,none,False,False
168476,1.0,0.0,0.5,none,False,False
168477,1.0,0.0,0.5,none,False,False
168478,1.0,0.0,0.5,none,False,False
168479,1.0,0.0,0.5,none,False,False
168480,1.0,0.0,0.5,none,False,False
168481,1.0,0.0,0.5,none,False,False
168482,1.0,0.0,0.5,none,False,False
168483,1.0,0.0,0.5,none,False,False
168484,1.0,0.0,0.5,none,False,False
168485,1.0,0.0,0.5,none,False,False
168486,1.0,0.0,0.5,none,False,False
168487,1.0,0.0,0.5,none,False,False
168488,1.0,0.0,0.5,none,False,False
168489,1.0,0.0,0.5,none,False,False
168490,1.0,0.0,0.5,none,False,False
168491,1.0,0.0,0.5,none,False,False
168492,1.0,0.0,0.5,none,False,False
168493,1.0,0.0,0.5,none,False,False
168494,1.0,0.0,0.5,none,False,False
168495,1.0,0.0,0.5,none,False,False
168496,1.0,0.0,0.5,none,False,False
168497,1.0,0.0,0.5,none,False,False
168498,1.0,0.0,0.5,none,False,False
168499,1.0,0.0,0.5,none,False,False
168500,1.0,0.0,0.5,none,False,False
168501,1.0,0.0,0.5,none,False,False
168502,1.0,0.0,0.5,none,False,False
168503,1.0,0.0,0.5,none,False,False
168504,1.0,0.0,0.5,none,False,False
168505,1.0,0.0,0.5,none,False,False
168506,1.0,0.0,0.5,none,False,False
168507,1.0,0.0,0.5,none,False,False
168508,1.0,0.0,0.5,none,False,False
168509,1.0,0.0,0.5,none,False,False
168510,1.0,0.0,0.5,none,False,False
168511,1.0,0.0,0.5,none,False,False
168512,1.0,0.0,0.5,none,False,False
168513,1.0,0.0,0.5,none,False,False
168514,1.0,0.0,0.5,none,False,False
168515,1.0,0.0,0.5,none,False,False
168516,1.0,0.0,0.5,none,False,False
168517,1.0,0.0,0.5,none,False,False
168518,1.0,0.0,0.5,none,False,False
168519,1.0,0.0,0.5,none,False,False
168520,1.0,0.0,0.5,none,False,False
168521,1.0,0.0,0.5,none,False,False
168522,1.0,0.0,0.5,none,False,False
168523,1.0,0.0,0.5,none,False,False
168524,1.0,0.0,0.5,none,False,False
168525,1.0,0.0,0.5,none,False,False
168526,1.0,0.0,0.5,none,False,False
168527,1.0,0.0,0.5,none,False,False
168528,1.0,0.0,0.5,none,False,False
168529,1.0,0.0,0.5,none,False,False
168530,1.0,0.0,0.5,none,False,False
168531,1.0,0.0,0.5,none,False,False
168532,1.0,0.0,0.5,none,False,False
168533,1.0,0.0,0.5,none,False,False
168534,1.0,0.0,0.5,none,False,False
168535,1.0,0.0,0.5,none,False,False
168536,1.0,0.0,0.5,none,False,False
168537,1.0,0.0,0.5,none,False,False
168538,1.0,0.0,0.5,none,False,False
168539,1.0,0.0,0.5,none,False,False
168540,1.0,0.0,0.5,none,False,False
168541,1.0,0.0,0.5,none,False,False
168542,1.0,0.0,0.5,none,False,False
168543,1.0,0.0,0.5,none,False,False
168544,1.0,0.0,0.5,none,False,False
168545,1.0,0.0,0.5,none,False,False
168546,1.0,0.0,0.5,none,False,False
168547,1.0,0.0,0.5,none,False,False
168548,1.0,0.0,0.5,none,False,False
168549,1.0,0.0,0.5,none,False,False
168550,1.0,0.0,0.5,none,False,False
168551,1.0,0.0,0.5,none,False,False
168552,1.0,0.0,0.5,none,False,False
168553,1.0,0.0,0.5,none,False,False
168554,1.0,0.0,0.5,none,False,False
168555,1.0,0.0,0.5,none,False,False
168556,1.0,0.0,0.5,none,False,False
168557,1.0,0.0,0.5,none,False,False
168558,1.0,0.0,0.5,none,False,False
168559,1.0,0.0,0.5,none,False,False
168560,1.0,0.0,0.5,none,False,False
168561,1.0,0.0,0.5,none,False,False
168562,1.0,0.0,0.5,none,False,False
168563,1.0,0.0,0.5,none,False,False
168564,1.0,0.0,0.5,none,False,False
168565,1.0,0.0,0.5,none,False,False
168566,1.0,0.0,0.5,none,False,False
168567,1.0,0.0,0.5,none,False,False
168568,1.0,0.0,0.5,none,False,False
168569,1.0,0.0,0.5,none,False,False
168570,1.0,0.0,0.5,none,False,False
168571,1.0,0.0,0.5,none,False,False
168572,1.0,0.0,0.5,none,False,False
168573,1.0,0.0,0.5,none,False,False
168574,1.0,0.0,0.5,none,False,False
168575,1.0,0.0,0.5,none,False,False
168576,1.0,0.0,0.5,none,False,False
168577,1.0,0.0,0.5,none,False,False
168578,1.0,0.0,0.5,none,False,False
168579,1.0,0.0,0.5,none,False,False
168580,1.0,0.0,0.5,none,False,False
168581,1.0,0.0,0.5,none,False,False
168582,1.0,0.0,0.5,none,False,False
168583,1.0,0.0,0.5,none,False,False
168584,1.0,0.0,0.5,none,False,False
168585,1.0,0.0,0.5,none,False,False
168586,1.0,0.0,0.5,none,False,False
168587,1.0,0.0,0.5,none,False,False
168588,1.0,0.0,0.5,none,False,False
168589,1.0,0.0,0.5,none,False,False
168590,1.0,0.0,0.5,none,False,False
168591,1.0,0.0,0.5,none,False,False
168592,1.0,0.0,0.5,none,False,False
168593,1.0,0.0,0.5,none,False,False
168594,1.0,0.0,0.5,none,False,False
168595,1.0,0.0,0.5,none,False,False
168596,1.0,0.0,0.5,none,False,False
168597,1.0,0.0,0.5,none,False,False
168598,1.0,0.0,0.5,none,False,False
168599,1.0,0.0,0.5,none,False,False
168600,1.0,0.0,0.5,none,False,False
168601,1.0,0.0,0.5,none,False,False
168602,1.0,0.0,0.5,none,False,False
168603,1.0,0.0,0.5,none,False,False
168604,1.0,0.0,0.5,none,False,False
168605,1.0,0.0,0.5,none,False,False
168606,1.0,0.0,0.5,none,False,False
168607,1.0,0.0,0.5,none,False,False
168608,1.0,0.0,0.5,none,False,False
168609,1.0,0.0,0.5,none,False,False
168610,1.0,0.0,0.5,none,False,False
168611,1.0,0.0,0.5,none,False,False
168612,1.0,0.0,0.5,none,False,False
168613,1.0,0.0,0.5,none,False,False
168614,1.0,0.0,0.5,none,False,False
168615,1.0,0.0,0.5,none,False,False
168616,1.0,0.0,0.5,none,False,False
168617,1.0,0.0,0.5,none,False,False
168618,1.0,0.0,0.5,none,False,False
168619,1.0,0.0,0.5,none,False,False
168620,1.0,0.0,0.5,none,False,False
168621,1.0,0.0,0.5,none,False,False
168622,1.0,0.0,0.5,none,False,False
168623,1.0,0.0,0.5,none,False,False
168624,1.0,0.0,0.5,none,False,False
168625,1.0,0.0,0.5,none,False,False
168626,1.0,0.0,0.5,none,False,False
168627,1.0,0.0,0.5,none,False,False
168628,1.0,0.0,0.5,none,False,False
168629,1.0,0.0,0.5,none,False,False
168630,1.0,0.0,0.5,none,False,False
168631,1.0,0.0,0.5,none,False,False
168632,1.0,0.0,0.5,none,False,False
168633,1.0,0.0,0.5,none,False,False
168634,1.0,0.0,0.5,none,False,False
168635,1.0,0.0,0.5,none,False,False
168636,1.0,0.0,0.5,none,False,False
168637,1.0,0.0,0.5,none,False,False
168638,1.0,0.0,0.5,none,False,False
168639,1.0,0.0,0.5,none,False,False
168640,1.0,0.0,0.5,none,False,False
168641,1.0,0.0,0.5,none,False,False
168642,1.0,0.0,0.5,none,False,False
168643,1.0,0.0,0.5,none,False,False
168644,1.0,0.0,0.5,none,False,False
168645,1.0,0.0,0.5,none,False,False
168646,1.0,0.0,0.5,none,False,False
168647,1.0,0.0,0.5,none,False,False
168648,1.0,0.0,0.5,none,False,False
168649,1.0,0.0,0.5,none,False,False
168650,1.0,0.0,0.5,none,False,False
168651,1.0,0.0,0.5,none,False,False
168652,1.0,0.0,0.5,none,False,False
168653,1.0,0.0,0.5,none,False,False
168654,1.0,0.0,0.5,none,False,False
168655,1.0,0.0,0.5,none,False,False
168656,1.0,0.0,0.5,none,False,False
168657,1.0,0.0,0.5,none,False,False
168658,1.0,0.0,0.5,none,False,False
168659,1.0,0.0,0.5,none,False,False
168660,1.0,0.0,0.5,none,False,False
168661,1.0,0.0,0.5,none,False,False
168662,1.0,0.0,0.5,none,False,False
168663,1.0,0.0,0.5,none,False,False
168664,1.0,0.0,0.5,none,False,False
168665,1.0,0.0,0.5,none,False,False
168666,1.0,0.0,0.5,none,False,False
168667,1.0,0.0,0.5,none,False,False
168668,1.0,0.0,0.5,none,False,False
168669,1.0,0.0,0.5,none,False,False
168670,1.0,0.0,0.5,none,False,False
168671,1.0,0.0,0.5,none,False,False
168672,1.0,0.0,0.5,none,False,False
168673,1.0,0.0,0.5,none,False,False
168674,1.0,0.0,0.5,none,False,False
168675,1.0,0.0,0.5,none,False,False
168676,1.0,0.0,0.5,none,False,False
168677,1.0,0.0,0.5,none,False,False
168678,1.0,0.0,0.5,none,False,False
168679,1.0,0.0,0.5,none,False,False
168680,1.0,0.0,0.5,none,False,False
168681,1.0,0.0,0.5,none,False,False
168682,1.0,0.0,0.5,none,False,False
168683,1.0,0.0,0.5,none,False,False
168684,1.0,0.0,0.5,none,False,False
168685,1.0,0.0,0.5,none,False,False
168686,1.0,0.0,0.5,none,False,False
168687,1.0,0.0,0.5,none,False,False
168688,1.0,0.0,0.5,none,False,False
168689,1.0,0.0,0.5,none,False,False
168690,1.0,0.0,0.5,none,False,False
168691,1.0,0.0,0.5,none,False,False
168692,1.0,0.0,0.5,none,False,False
168693,1.0,0.0,0.5,none,False,False
168694,1.0,0.0,0.5,none,False,False
168695,1.0,0.0,0.5,none,False,False
168696,1.0,0.0,0.5,none,False,False
168697,1.0,0.0,0.5,none,False,False
168698,1.0,0.0,0.5,none,False,False
168699,1.0,0.0,0.5,none,False,False
168700,1.0,0.0061,0.5,none,False,False
168701,1.0,0.0357,0.5,none,False,False
168702,1.0,0.0812,0.5,none,False,False
168703,1.0,0.1113,0.5,none,False,False
168704,1.0,0.1253,0.5,none,False,False
168705,1.0,0.1408,0.5,none,False,False
168706,1.0,0.0907,0.5,none,False,False
168707,1.0,0.1198,0.5,none,False,False
168708,1.0,0.0467,0.5,none,False,False
168709,1.0,0.0522,0.5,none,False,False
168710,1.0,0.0405,0.5,none,False,False
168711,1.0,0.0313,0.5,none,False,False
168712,1.0,0.0083,0.5,none,False,False
168713,1.0,0.0726,0.5,none,False,False
168714,1.0,0.0793,0.5,none,False,False
168715,1.0,0.0581,0.5,none,False,False
168716,1.0,0.0955,0.5,none,False,False
168717,1.0,0.0839,0.5,none,False,False
168718,1.0,0.0648,0.5,none,False,False
168719,1.0,0.0718,0.5,none,False,False
168720,1.0,0.0589,0.5,none,False,False
168721,1.0,0.0403,0.5,none,False,False
168722,1.0,0.0327,0.5,none,False,False
168723,1.0,0.0277,0.5,none,False,False
168724,1.0,0.017,0.5,none,False,False
168725,1.0,0.0102,0.5,none,False,False
168726,1.0,0.0099,0.5,none,False,False
168727,1.0,0.008,0.5,none,False,False
168728,1.0,0.005,0.5,none,False,False
168729,1.0,0.0063,0.5,none,False,False
168730,1.0,0.009,0.5,none,False,False
168731,1.0,0.0096,0.5,none,False,False
168732,1.0,0.0108,0.5,none,False,False
168733,1.0,0.014,0.5,none,False,False
168734,1.0,0.0161,0.5,none,False,False
168735,1.0,0.0167,0.5,none,False,False
168736,1.0,0.0182,0.5,none,False,False
168737,1.0,0.0196,0.5,none,False,False
168738,1.0,0.0197,0.5,none,False,False
168739,1.0,0.0193,0.5,none,False,False
168740,1.0,0.0193,0.5,none,False,False
168741,1.0,0.0187,0.5,none,False,False
168742,1.0,0.0174,0.5,none,False,False
168743,1.0,0.0163,0.5,none,False,False
168744,1.0,0.0152,0.5,none,False,False
168745,1.0,0.0138,0.5,none,False,False
168746,1.0,0.0123,0.5,none,False,False
168747,1.0,0.0111,0.5,none,False,False
168748,1.0,0.01,0.5,none,False,False
168749,1.0,0.0088,0.5,none,False,False
168750,1.0,0.0078,0.5,none,False,False
168751,1.0,0.0071,0.5,none,False,False
168752,1.0,0.0064,0.5,none,False,False
168753,1.0,0.0057,0.5,none,False,False
168754,1.0,0.0053,0.5,none,False,False
168755,1.0,0.005,0.5,none,False,False
168756,1.0,0.0047,0.5,none,False,False
168757,1.0,0.0045,0.5,none,False,False
168758,1.0,0.0044,0.5,none,False,False
168759,1.0,0.0043,0.5,none,False,False
168760,1.0,0.0042,0.5,none,False,False
168761,1.0,0.0041,0.5,none,False,False
168762,1.0,0.004,0.5,none,False,False
168763,1.0,0.0039,0.5,none,False,False
168764,1.0,0.0038,0.5,none,False,False
168765,1.0,0.0037,0.5,none,False,False
168766,1.0,0.0035,0.5,none,False,False
168767,1.0,0.0033,0.5,none,False,False
168768,1.0,0.0032,0.5,none,False,False
168769,1.0,0.003,0.5,none,False,False
168770,1.0,0.0028,0.5,none,False,False
168771,1.0,0.0026,0.5,none,False,False
168772,1.0,0.0024,0.5,none,False,False
168773,1.0,0.0023,0.5,none,False,False
168774,1.0,0.0021,0.5,none,False,False
168775,1.0,0.0019,0.5,none,False,False
168776,1.0,0.0018,0.5,none,False,False
168777,1.0,0.0017,0.5,none,False,False
168778,1.0,0.0015,0.5,none,False,False
168779,1.0,0.0014,0.5,none,False,False
168780,1.0,0.0013,0.5,none,False,False
168781,1.0,0.0013,0.5,none,False,False
168782,1.0,0.0012,0.5,none,False,False
168783,1.0,0.0011,0.5,none,False,False
168784,1.0,0.0011,0.5,none,False,False
168785,1.0,0.001,0.5,none,False,False
168786,1.0,0.001,0.5,none,False,False
168787,1.0,0.0009,0.5,none,False,False
168788,1.0,0.0009,0.5,none,False,False
168789,1.0,0.0008,0.5,none,False,False
168790,1.0,0.0008,0.5,none,False,False
168791,1.0,0.0008,0.5,none,False,False
168792,1.0,0.0007,0.5,none,False,False
168793,1.0,0.0007,0.5,none,False,False
168794,1.0,0.0006,0.5,none,False,False
168795,1.0,0.0006,0.5,none,False,False
168796,1.0,0.0006,0.5,none,False,False
168797,1.0,0.0005,0.5,none,False,False
168798,1.0,0.0005,0.5,none,False,False
168799,1.0,0.0005,0.5,none,False,False
168800,1.0,0.0004,0.5,none,False,False
168801,1.0,0.0004,0.5,none,False,False
168802,1.0,0.0004,0.5,none,False,False
168803,1.0,0.0004,0.5,none,False,False
168804,1.0,0.0003,0.5,none,False,False
168805,1.0,0.0003,0.5,none,False,False
168806,1.0,0.0003,0.5,none,False,False
168807,1.0,0.0003,0.5,none,False,False
168808,1.0,0.0003,0.5,none,False,False
168809,1.0,0.0003,0.5,none,False,False
168810,1.0,0.0002,0.5,none,False,False
168811,1.0,0.0002,0.5,none,False,False
168812,1.0,0.0002,0.5,none,False,False
168813,1.0,0.0002,0.5,none,False,False
168814,1.0,0.0002,0.5,none,False,False
168815,1.0,0.0002,0.5,none,False,False
168816,1.0,0.0002,0.5,none,False,False
168817,1.0,0.0002,0.5,none,False,False
168818,1.0,0.0002,0.5,none,False,False
168819,1.0,0.0001,0.5,none,False,False
168820,1.0,0.0001,0.5,none,False,False
168821,1.0,0.0001,0.5,none,False,False
168822,1.0,0.0001,0.5,none,False,False
168823,1.0,0.0001,0.5,none,False,False
168824,1.0,0.0001,0.5,none,False,False
168825,1.0,0.0001,0.5,none,False,False
168826,1.0,0.0001,0.5,none,False,False
168827,1.0,0.0001,0.5,none,False,False
168828,1.0,0.0001,0.5,none,False,False
168829,1.0,0.0001,0.5,none,False,False
168830,1.0,0.0001,0.5,none,False,False
168831,1.0,0.0001,0.5,none,False,False
168832,1.0,0.0001,0.5,none,False,False
168833,1.0,0.0001,0.5,none,False,False
168834,1.0,0.0001,0.5,none,False,False
168835,1.0,0.0001,0.5,none,False,False
168836,1.0,0.0001,0.5,none,False,False
168837,1.0,0.0,0.5,none,False,False
168838,1.0,0.0,0.5,none,False,False
168839,1.0,0.0,0.5,none,False,False
168840,1.0,0.0,0.5,none,False,False
168841,1.0,0.0,0.5,none,False,False
168842,1.0,0.0,0.5,none,False,False
168843,1.0,0.0,0.5,none,False,False
168844,1.0,0.0,0.5,none,False,False
168845,1.0,0.0,0.5,none,False,False
168846,1.0,0.0,0.5,none,False,False
168847,1.0,0.0,0.5,none,False,False
168848,1.0,0.0,0.5,none,False,False
168849,1.0,0.0,0.5,none,False,False
168850,1.0,0.0,0.5,none,False,False
168851,1.0,0.0,0.5,none,False,False
168852,1.0,0.0,0.5,none,False,False
168853,1.0,0.0,0.5,none,False,False
168854,1.0,0.0,0.5,none,False,False
168855,1.0,0.0,0.5,none,False,False
168856,1.0,0.0,0.5,none,False,False
168857,1.0,0.0,0.5,none,False,False
168858,1.0,0.0,0.5,none,False,False
168859,1.0,0.0,0.5,none,False,False
168860,1.0,0.0,0.5,none,False,False
168861,1.0,0.0,0.5,none,False,False
168862,1.0,0.0,0.5,none,False,False
168863,1.0,0.0,0.5,none,False,False
168864,1.0,0.0,0.5,none,False,False
168865,1.0,0.0,0.5,none,False,False
168866,1.0,0.0,0.5,none,False,False
168867,1.0,0.0,0.5,none,False,False
168868,1.0,0.0,0.5,none,False,False
168869,1.0,0.0,0.5,none,False,False
168870,1.0,0.0,0.5,none,False,False
168871,1.0,0.0,0.5,none,False,False
168872,1.0,0.0,0.5,none,False,False
168873,1.0,0.0,0.5,none,False,False
168874,1.0,0.0,0.5,none,False,False
168875,1.0,0.0,0.5,none,False,False
168876,1.0,0.0,0.5,none,False,False
168877,1.0,0.0,0.5,none,False,False
168878,1.0,0.0,0.5,none,False,False
168879,1.0,0.0,0.5,none,False,False
168880,1.0,0.0,0.5,none,False,False
168881,1.0,0.0,0.5,none,False,False
168882,1.0,0.0,0.5,none,False,False
168883,1.0,0.0,0.5,none,False,False
168884,1.0,0.0,0.5,none,False,False
168885,1.0,0.0,0.5,none,False,False
168886,1.0,0.0,0.5,none,False,False
168887,1.0,0.0,0.5,none,False,False
168888,1.0,0.0,0.5,none,False,False
168889,1.0,0.0,0.5,none,False,False
168890,1.0,0.0,0.5,none,False,False
168891,1.0,0.0,0.5,none,False,False
168892,1.0,0.0,0.5,none,False,False
168893,1.0,0.0,0.5,none,False,False
168894,1.0,0.0,0.5,none,False,False
168895,1.0,0.0,0.5,none,False,False
168896,1.0,0.0,0.5,none,False,False
168897,1.0,0.0,0.5,none,False,False
168898,1.0,0.0,0.5,none,False,False
168899,1.0,0.0,0.5,none,False,False
168900,1.0,0.0,0.5,none,False,False
168901,1.0,0.0,0.5,none,False,False
168902,1.0,0.0,0.5,none,False,False
168903,1.0,0.0,0.5,none,False,False
168904,1.0,0.0,0.5,none,False,False
168905,1.0,0.0,0.5,none,False,False
168906,1.0,0.0,0.5,none,False,False
168907,1.0,0.0,0.5,none,False,False
168908,1.0,0.0,0.5,none,False,False
168909,1.0,0.0,0.5,none,False,False
168910,1.0,0.0,0.5,none,False,False
168911,1.0,0.0,0.5,none,False,False
168912,1.0,0.0,0.5,none,False,False
168913,1.0,0.0,0.5,none,False,False
168914,1.0,0.0,0.5,none,False,False
168915,1.0,0.0,0.5,none,False,False
168916,1.0,0.0,0.5,none,False,False
168917,1.0,0.0,0.5,none,False,False
168918,1.0,0.0,0.5,none,False,False
168919,1.0,0.0,0.5,none,False,False
168920,1.0,0.0,0.5,none,False,False
168921,1.0,0.0,0.5,none,False,False
168922,1.0,0.0,0.5,none,False,False
168923,1.0,0.0,0.5,none,False,False
168924,1.0,0.0,0.5,none,False,False
168925,1.0,0.0,0.5,none,False,False
168926,1.0,0.0,0.5,none,False,False
168927,1.0,0.0,0.5,none,False,False
168928,1.0,0.0,0.5,none,False,False
168929,1.0,0.0,0.5,none,False,False
168930,1.0,0.0,0.5,none,False,False
168931,1.0,0.0,0.5,none,False,False
168932,1.0,0.0,0.5,none,False,False
168933,1.0,0.0,0.5,none,False,False
168934,1.0,0.0,0.5,none,False,False
168935,1.0,0.0,0.5,none,False,False
168936,1.0,0.0,0.5,none,False,False
168937,1.0,0.0,0.5,none,False,False
168938,1.0,0.0,0.5,none,False,False
168939,1.0,0.0,0.5,none,False,False
168940,1.0,0.0,0.5,none,False,False
168941,1.0,0.0,0.5,none,False,False
168942,1.0,0.0,0.5,none,False,False
168943,1.0,0.0,0.5,none,False,False
168944,1.0,0.0,0.5,none,False,False
168945,1.0,0.0,0.5,none,False,False
168946,1.0,0.0,0.5,none,False,False
168947,1.0,0.0,0.5,none,False,False
168948,1.0,0.0,0.5,none,False,False
168949,1.0,0.0,0.5,none,False,False
168950,1.0,0.0,0.5,none,False,False
168951,1.0,0.0,0.5,none,False,False
168952,1.0,0.0,0.5,none,False,False
168953,1.0,0.0,0.5,none,False,False
168954,1.0,0.0,0.5,none,False,False
168955,1.0,0.0,0.5,none,False,False
168956,1.0,0.0,0.5,none,False,False
168957,1.0,0.0,0.5,none,False,False
168958,1.0,0.0,0.5,none,False,False
168959,1.0,0.0,0.5,none,False,False
168960,1.0,0.0,0.5,none,False,False
168961,1.0,0.0,0.5,none,False,False
168962,1.0,0.0,0.5,none,False,False
168963,1.0,0.0,0.5,none,False,False
168964,1.0,0.0,0.5,none,False,False
168965,1.0,0.0,0.5,none,False,False
168966,1.0,0.0,0.5,none,False,False
168967,1.0,0.0,0.5,none,False,False
168968,1.0,0.0,0.5,none,False,False
168969,1.0,0.0,0.5,none,False,False
168970,1.0,0.0,0.5,none,False,False
168971,1.0,0.0,0.5,none,False,False
168972,1.0,0.0,0.5,none,False,False
168973,1.0,0.0,0.5,none,False,False
168974,1.0,0.0,0.5,none,False,False
168975,1.0,0.0,0.5,none,False,False
168976,1.0,0.0,0.5,none,False,False
168977,1.0,0.0,0.5,none,False,False
168978,1.0,0.0,0.5,none,False,False
168979,1.0,0.0,0.5,none,False,False
168980,1.0,0.0,0.5,none,False,False
168981,1.0,0.0,0.5,none,False,False
168982,1.0,0.0,0.5,none,False,False
168983,1.0,0.0,0.5,none,False,False
168984,1.0,0.0,0.5,none,False,False
168985,1.0,0.0,0.5,none,False,False
168986,1.0,0.0,0.5,none,False,False
168987,1.0,0.0,0.5,none,False,False
168988,1.0,0.0,0.5,none,False,False
168989,1.0,0.0,0.5,none,False,False
168990,1.0,0.0,0.5,none,False,False
168991,1.0,0.0,0.5,none,False,False
168992,1.0,0.0,0.5,none,False,False
168993,1.0,0.0,0.5,none,False,False
168994,1.0,0.0,0.5,none,False,False
168995,1.0,0.0,0.5,none,False,False
168996,1.0,0.0,0.5,none,False,False
168997,1.0,0.0,0.5,none,False,False
168998,1.0,0.0,0.5,none,False,False
168999,1.0,0.0,0.5,none,False,False
169000,1.0,0.0,0.5,none,False,False
169001,1.0,0.0,0.5,none,False,False
169002,1.0,0.0,0.5,none,False,False
169003,1.0,0.0,0.5,none,False,False
169004,1.0,0.0,0.5,none,False,False
169005,1.0,0.0,0.5,none,False,False
169006,1.0,0.0,0.5,none,False,False
169007,1.0,0.0,0.5,none,False,False
169008,1.0,0.0,0.5,none,False,False
169009,1.0,0.0,0.5,none,False,False
169010,1.0,0.0,0.5,none,False,False
169011,1.0,0.0,0.5,none,False,False
169012,1.0,0.0,0.5,none,False,False
169013,1.0,0.0,0.5,none,False,False
169014,1.0,0.0,0.5,none,False,False
169015,1.0,0.0,0.5,none,False,False
169016,1.0,0.0,0.5,none,False,False
169017,1.0,0.0,0.5,none,False,False
169018,1.0,0.0,0.5,none,False,False
169019,1.0,0.0,0.5,none,False,False
169020,1.0,0.0,0.5,none,False,False
169021,1.0,0.0,0.5,none,False,False
169022,1.0,0.0,0.5,none,False,False
169023,1.0,0.0,0.5,none,False,False
169024,1.0,0.0,0.5,none,False,False
169025,1.0,0.0,0.5,none,False,False
169026,1.0,0.0,0.5,none,False,False
169027,1.0,0.0,0.5,none,False,False
169028,1.0,0.0,0.5,none,False,False
169029,1.0,0.0,0.5,none,False,False
169030,1.0,0.0,0.5,none,False,False
169031,1.0,0.0,0.5,none,False,False
169032,1.0,0.0,0.5,none,False,False
169033,1.0,0.0,0.5,none,False,False
169034,1.0,0.0,0.5,none,False,False
169035,1.0,0.0,0.5,none,False,False
169036,1.0,0.0,0.5,none,False,False
169037,1.0,0.0,0.5,none,False,False
169038,1.0,0.0,0.5,none,False,False
169039,1.0,0.0,0.5,none,False,False
169040,1.0,0.0,0.5,none,False,False
169041,1.0,0.0,0.5,none,False,False
169042,1.0,0.0,0.5,none,False,False
169043,1.0,0.0,0.5,none,False,False
169044,1.0,0.0,0.5,none,False,False
169045,1.0,0.0,0.5,none,False,False
169046,1.0,0.0,0.5,none,False,False
169047,1.0,0.0,0.5,none,False,False
169048,1.0,0.0,0.5,none,False,False
169049,1.0,0.0,0.5,none,False,False
169050,1.0,0.0,0.5,none,False,False
169051,1.0,0.0,0.5,none,False,False
169052,1.0,0.0,0.5,none,False,False
169053,1.0,0.0,0.5,none,False,False
169054,1.0,0.0,0.5,none,False,False
169055,1.0,0.0,0.5,none,False,False
169056,1.0,0.0,0.5,none,False,False
169057,1.0,0.0,0.5,none,False,False
169058,1.0,0.0,0.5,none,False,False
169059,1.0,0.0,0.5,none,False,False
169060,1.0,0.0,0.5,none,False,False
169061,1.0,0.0,0.5,none,False,False
169062,1.0,0.0,0.5,none,False,False
169063,1.0,0.0,0.5,none,False,False
169064,1.0,0.0,0.5,none,False,False
169065,1.0,0.0,0.5,none,False,False
169066,1.0,0.0,0.5,none,False,False
169067,1.0,0.0,0.5,none,False,False
169068,1.0,0.0,0.5,none,False,False
169069,1.0,0.0,0.5,none,False,False
169070,1.0,0.0,0.5,none,False,False
169071,1.0,0.0,0.5,none,False,False
169072,1.0,0.0,0.5,none,False,False
169073,1.0,0.0,0.5,none,False,False
169074,1.0,0.0,0.5,none,False,False
169075,1.0,0.0,0.5,none,False,False
169076,1.0,0.0,0.5,none,False,False
169077,1.0,0.0,0.5,none,False,False
169078,1.0,0.0,0.5,none,False,False
169079,1.0,0.0,0.5,none,False,False
169080,1.0,0.0,0.5,none,False,False
169081,1.0,0.0,0.5,none,False,False
169082,1.0,0.0,0.5,none,False,False
169083,1.0,0.0,0.5,none,False,False
169084,1.0,0.0,0.5,none,False,False
169085,1.0,0.0,0.5,none,False,False
169086,1.0,0.0,0.5,none,False,False
169087,1.0,0.0,0.5,none,False,False
169088,1.0,0.0,0.5,none,False,False
169089,1.0,0.0,0.5,none,False,False
169090,1.0,0.0,0.5,none,False,False
169091,1.0,0.0,0.5,none,False,False
169092,1.0,0.0,0.5,none,False,False
169093,1.0,0.0,0.5,none,False,False
169094,1.0,0.0,0.5,none,False,False
169095,1.0,0.0,0.5,none,False,False
169096,1.0,0.0,0.5,none,False,False
169097,1.0,0.0,0.5,none,False,False
169098,1.0,0.0,0.5,none,False,False
169099,1.0,0.0,0.5,none,False,False
169100,1.0,0.0,0.5,none,False,False
169101,1.0,0.0,0.5,none,False,False
169102,1.0,0.0,0.5,none,False,False
169103,1.0,0.0,0.5,none,False,False
169104,1.0,0.0,0.5,none,False,False
169105,1.0,0.0,0.5,none,False,False
169106,1.0,0.0,0.5,none,False,False
169107,1.0,0.0,0.5,none,False,False
169108,1.0,0.0,0.5,none,False,False
169109,1.0,0.0,0.5,none,False,False
169110,1.0,0.0,0.5,none,False,False
169111,1.0,0.0,0.5,none,False,False
169112,1.0,0.0,0.5,none,False,False
169113,1.0,0.0,0.5,none,False,False
169114,1.0,0.0,0.5,none,False,False
169115,1.0,0.0,0.5,none,False,False
169116,1.0,0.0,0.5,none,False,False
169117,1.0,0.0,0.5,none,False,False
169118,1.0,0.0,0.5,none,False,False
169119,1.0,0.0,0.5,none,False,False
169120,1.0,0.0,0.5,none,False,False
169121,1.0,0.0,0.5,none,False,False
169122,1.0,0.0,0.5,none,False,False
169123,1.0,0.0,0.5,none,False,False
169124,1.0,0.0,0.5,none,False,False
169125,1.0,0.0,0.5,none,False,False
169126,1.0,0.0,0.5,none,False,False
169127,1.0,0.0,0.5,none,False,False
169128,1.0,0.0,0.5,none,False,False
169129,1.0,0.0,0.5,none,False,False
169130,1.0,0.0,0.5,none,False,False
169131,1.0,0.0,0.5,none,False,False
169132,1.0,0.0,0.5,none,False,False
169133,1.0,0.0,0.5,none,False,False
169134,1.0,0.0,0.5,none,False,False
169135,1.0,0.0,0.5,none,False,False
169136,1.0,0.0,0.5,none,False,False
169137,1.0,0.0,0.5,none,False,False
169138,1.0,0.0,0.5,none,False,False
169139,1.0,0.0,0.5,none,False,False
169140,1.0,0.0,0.5,none,False,False
169141,1.0,0.0,0.5,none,False,False
169142,1.0,0.0,0.5,none,False,False
169143,1.0,0.0,0.5,none,False,False
169144,1.0,0.0,0.5,none,False,False
169145,1.0,0.0,0.5,none,False,False
169146,1.0,0.0,0.5,none,False,False
169147,1.0,0.0,0.5,none,False,False
169148,1.0,0.0,0.5,none,False,False
169149,1.0,0.0,0.5,none,False,False
169150,1.0,0.0,0.5,none,False,False
169151,1.0,0.0,0.5,none,False,False
169152,1.0,0.0,0.5,none,False,False
169153,1.0,0.0,0.5,none,False,False
169154,1.0,0.0,0.5,none,False,False
169155,1.0,0.0,0.5,none,False,False
169156,1.0,0.0,0.5,none,False,False
169157,1.0,0.0,0.5,none,False,False
169158,1.0,0.0,0.5,none,False,False
169159,1.0,0.0,0.5,none,False,False
169160,1.0,0.0,0.5,none,False,False
169161,1.0,0.0,0.5,none,False,False
169162,1.0,0.0,0.5,none,False,False
169163,1.0,0.0,0.5,none,False,False
169164,1.0,0.0,0.5,none,False,False
169165,1.0,0.0,0.5,none,False,False
169166,1.0,0.0,0.5,none,False,False
169167,1.0,0.0,0.5,none,False,False
169168,1.0,0.0,0.5,none,False,False
169169,1.0,0.0,0.5,none,False,False
169170,1.0,0.0,0.5,none,False,False
169171,1.0,0.0,0.5,none,False,False
169172,1.0,0.0,0.5,none,False,False
169173,1.0,0.0,0.5,none,False,False
169174,1.0,0.0,0.5,none,False,False
169175,1.0,0.0,0.5,none,False,False
169176,1.0,0.0,0.5,none,False,False
169177,1.0,0.0,0.5,none,False,False
169178,1.0,0.0,0.5,none,False,False
169179,1.0,0.0,0.5,none,False,False
169180,1.0,0.0,0.5,none,False,False
169181,1.0,0.0,0.5,none,False,False
169182,1.0,0.0,0.5,none,False,False
169183,1.0,0.0,0.5,none,False,False
169184,1.0,0.0,0.5,none,False,False
169185,1.0,0.0,0.5,none,False,False
169186,1.0,0.0,0.5,none,False,False
169187,1.0,0.0,0.5,none,False,False
169188,1.0,0.0,0.5,none,False,False
169189,1.0,0.0,0.5,none,False,False
169190,1.0,0.0,0.5,none,False,False
169191,1.0,0.0,0.5,none,False,False
169192,1.0,0.0,0.5,none,False,False
169193,1.0,0.0,0.5,none,False,False
169194,1.0,0.0,0.5,none,False,False
169195,1.0,0.0,0.5,none,False,False
169196,1.0,0.0,0.5,none,False,False
169197,1.0,0.0,0.5,none,False,False
169198,1.0,0.0,0.5,none,False,False
169199,1.0,0.0,0.5,none,False,False
169200,1.0,0.0,0.5,none,False,False
169201,1.0,0.0,0.5,none,False,False
169202,1.0,0.0,0.5,none,False,False
169203,1.0,0.0,0.5,none,False,False
169204,1.0,0.0,0.5,none,False,False
169205,1.0,0.0,0.5,none,False,False
169206,1.0,0.0,0.5,none,False,False
169207,1.0,0.0,0.5,none,False,False
169208,1.0,0.0,0.5,none,False,False
169209,1.0,0.0,0.5,none,False,False
169210,1.0,0.0,0.5,none,False,False
169211,1.0,0.0,0.5,none,False,False
169212,1.0,0.0,0.5,none,False,False
169213,1.0,0.0,0.5,none,False,False
169214,1.0,0.0,0.5,none,False,False
169215,1.0,0.0,0.5,none,False,False
169216,1.0,0.0,0.5,none,False,False
169217,1.0,0.0,0.5,none,False,False
169218,1.0,0.0,0.5,none,False,False
169219,1.0,0.0,0.5,none,False,False
169220,1.0,0.0,0.5,none,False,False
169221,1.0,0.0,0.5,none,False,False
169222,1.0,0.0,0.5,none,False,False
169223,1.0,0.0,0.5,none,False,False
169224,1.0,0.0,0.5,none,False,False
169225,1.0,0.0,0.5,none,False,False
169226,1.0,0.0,0.5,none,False,False
169227,1.0,0.0,0.5,none,False,False
169228,1.0,0.0,0.5,none,False,False
169229,1.0,0.0,0.5,none,False,False
169230,1.0,0.0,0.5,none,False,False
169231,1.0,0.0,0.5,none,False,False
169232,1.0,0.0,0.5,none,False,False
169233,1.0,0.0,0.5,none,False,False
169234,1.0,0.0,0.5,none,False,False
169235,1.0,0.0,0.5,none,False,False
169236,1.0,0.0,0.5,none,False,False
169237,1.0,0.0,0.5,none,False,False
169238,1.0,0.0,0.5,none,False,False
169239,1.0,0.0,0.5,none,False,False
169240,1.0,0.0,0.5,none,False,False
169241,1.0,0.0,0.5,none,False,False
169242,1.0,0.0,0.5,none,False,False
169243,1.0,0.0,0.5,none,False,False
169244,1.0,0.0,0.5,none,False,False
169245,1.0,0.0,0.5,none,False,False
169246,1.0,0.0,0.5,none,False,False
169247,1.0,0.0,0.5,none,False,False
169248,1.0,0.0,0.5,none,False,False
169249,1.0,0.0,0.5,none,False,False
169250,1.0,0.0,0.5,none,False,False
169251,1.0,0.0,0.5,none,False,False
169252,1.0,0.0,0.5,none,False,False
169253,1.0,0.0,0.5,none,False,False
169254,1.0,0.0,0.5,none,False,False
169255,1.0,0.0,0.5,none,False,False
169256,1.0,0.0,0.5,none,False,False
169257,1.0,0.0,0.5,none,False,False
169258,1.0,0.0,0.5,none,False,False
169259,1.0,0.0,0.5,none,False,False
169260,1.0,0.0,0.5,none,False,False
169261,1.0,0.0,0.5,none,False,False
169262,1.0,0.0,0.5,none,False,False
169263,1.0,0.0,0.5,none,False,False
169264,1.0,0.0,0.5,none,False,False
169265,1.0,0.0,0.5,none,False,False
169266,1.0,0.0,0.5,none,False,False
169267,1.0,0.0,0.5,none,False,False
169268,1.0,0.0,0.5,none,False,False
169269,1.0,0.0,0.5,none,False,False
169270,1.0,0.0,0.5,none,False,False
169271,1.0,0.0,0.5,none,False,False
169272,1.0,0.0,0.5,none,False,False
169273,1.0,0.0,0.5,none,False,False
169274,1.0,0.0,0.5,none,False,False
169275,1.0,0.0,0.5,none,False,False
169276,1.0,0.0,0.5,none,False,False
169277,1.0,0.0,0.5,none,False,False
169278,1.0,0.0,0.5,none,False,False
169279,1.0,0.0,0.5,none,False,False
169280,1.0,0.0,0.5,none,False,False
169281,1.0,0.0,0.5,none,False,False
169282,1.0,0.0,0.5,none,False,False
169283,1.0,0.0,0.5,none,False,False
169284,1.0,0.0,0.5,none,False,False
169285,1.0,0.0,0.5,none,False,False
169286,1.0,0.0,0.5,none,False,False
169287,1.0,0.0,0.5,none,False,False
169288,1.0,0.0,0.5,none,False,False
169289,1.0,0.0,0.5,none,False,False
169290,1.0,0.0,0.5,none,False,False
169291,1.0,0.0,0.5,none,False,False
169292,1.0,0.0,0.5,none,False,False
169293,1.0,0.0,0.5,none,False,False
169294,1.0,0.0,0.5,none,False,False
169295,1.0,0.0,0.5,none,False,False
169296,1.0,0.0,0.5,none,False,False
169297,1.0,0.0,0.5,none,False,False
169298,1.0,0.0,0.5,none,False,False
169299,1.0,0.0,0.5,none,False,False
169300,1.0,0.0,0.5,none,False,False
169301,1.0,0.0,0.5,none,False,False
169302,1.0,0.0,0.5,none,False,False
169303,1.0,0.0,0.5,none,False,False
169304,1.0,0.0,0.5,none,False,False
169305,1.0,0.0,0.5,none,False,False
169306,1.0,0.0,0.5,none,False,False
169307,1.0,0.0,0.5,none,False,False
169308,1.0,0.0,0.5,none,False,False
169309,1.0,0.0,0.5,none,False,False
169310,1.0,0.0,0.5,none,False,False
169311,1.0,0.0,0.5,none,False,False
169312,1.0,0.0,0.5,none,False,False
169313,1.0,0.0,0.5,none,False,False
169314,1.0,0.0,0.5,none,False,False
169315,1.0,0.0,0.5,none,False,False
169316,1.0,0.0,0.5,none,False,False
169317,1.0,0.0,0.5,none,False,False
169318,1.0,0.0,0.5,none,False,False
169319,1.0,0.0,0.5,none,False,False
169320,1.0,0.0,0.5,none,False,False
169321,1.0,0.0,0.5,none,False,False
169322,1.0,0.0,0.5,none,False,False
169323,1.0,0.0,0.5,none,False,False
169324,1.0,0.0,0.5,none,False,False
169325,1.0,0.0,0.5,none,False,False
169326,1.0,0.0,0.5,none,False,False
169327,1.0,0.0,0.5,none,False,False
169328,1.0,0.0,0.5,none,False,False
169329,1.0,0.0,0.5,none,False,False
169330,1.0,0.0,0.5,none,False,False
169331,1.0,0.0,0.5,none,False,False
169332,1.0,0.0,0.5,none,False,False
169333,1.0,0.0,0.5,none,False,False
169334,1.0,0.0,0.5,none,False,False
169335,1.0,0.0,0.5,none,False,False
169336,1.0,0.0,0.5,none,False,False
169337,1.0,0.0,0.5,none,False,False
169338,1.0,0.0,0.5,none,False,False
169339,1.0,0.0,0.5,none,False,False
169340,1.0,0.0,0.5,none,False,False
169341,1.0,0.0,0.5,none,False,False
169342,1.0,0.0,0.5,none,False,False
169343,1.0,0.0,0.5,none,False,False
169344,1.0,0.0,0.5,none,False,False
169345,1.0,0.0,0.5,none,False,False
169346,1.0,0.0,0.5,none,False,False
169347,1.0,0.0,0.5,none,False,False
169348,1.0,0.0,0.5,none,False,False
169349,1.0,0.0,0.5,none,False,False
169350,1.0,0.0,0.5,none,False,False
169351,1.0,0.0,0.5,none,False,False
169352,1.0,0.0,0.5,none,False,False
169353,1.0,0.0,0.5,none,False,False
169354,1.0,0.0,0.5,none,False,False
169355,1.0,0.0,0.5,none,False,False
169356,1.0,0.0,0.5,none,False,False
169357,1.0,0.0,0.5,none,False,False
169358,1.0,0.0,0.5,none,False,False
169359,1.0,0.0,0.5,none,False,False
169360,1.0,0.0,0.5,none,False,False
169361,1.0,0.0,0.5,none,False,False
169362,1.0,0.0,0.5,none,False,False
169363,1.0,0.0,0.5,none,False,False
169364,1.0,0.0,0.5,none,False,False
169365,1.0,0.0,0.5,none,False,False
169366,1.0,0.0,0.5,none,False,False
169367,1.0,0.0,0.5,none,False,False
169368,1.0,0.0,0.5,none,False,False
169369,1.0,0.0,0.5,none,False,False
169370,1.0,0.0,0.5,none,False,False
169371,1.0,0.0,0.5,none,False,False
169372,1.0,0.0,0.5,none,False,False
169373,1.0,0.0,0.5,none,False,False
169374,1.0,0.0,0.5,none,False,False
169375,1.0,0.0,0.5,none,False,False
169376,1.0,0.0,0.5,none,False,False
169377,1.0,0.0,0.5,none,False,False
169378,1.0,0.0,0.5,none,False,False
169379,1.0,0.0,0.5,none,False,False
169380,1.0,0.0,0.5,none,False,False
169381,1.0,0.0,0.5,none,False,False
169382,1.0,0.0,0.5,none,False,False
169383,1.0,0.0,0.5,none,False,False
169384,1.0,0.0,0.5,none,False,False
169385,1.0,0.0,0.5,none,False,False
169386,1.0,0.0,0.5,none,False,False
169387,1.0,0.0,0.5,none,False,False
169388,1.0,0.0,0.5,none,False,False
169389,1.0,0.0,0.5,none,False,False
169390,1.0,0.0,0.5,none,False,False
169391,1.0,0.0,0.5,none,False,False
169392,1.0,0.0,0.5,none,False,False
169393,1.0,0.0,0.5,none,False,False
169394,1.0,0.0,0.5,none,False,False
169395,1.0,0.0,0.5,none,False,False
169396,1.0,0.0,0.5,none,False,False
169397,1.0,0.0,0.5,none,False,False
169398,1.0,0.0,0.5,none,False,False
169399,1.0,0.0,0.5,none,False,False
169400,1.0,0.0061,0.5,none,False,False
169401,1.0,0.0357,0.5,none,False,False
169402,1.0,0.0812,0.5,none,False,False
169403,1.0,0.1113,0.5,none,False,False
169404,1.0,0.1253,0.5,none,False,False
169405,1.0,0.1408,0.5,none,False,False
169406,1.0,0.0907,0.5,none,False,False
169407,1.0,0.1198,0.5,none,False,False
169408,1.0,0.0467,0.5,none,False,False
169409,1.0,0.0522,0.5,none,False,False
169410,1.0,0.0405,0.5,none,False,False
169411,1.0,0.0313,0.5,none,False,False
169412,1.0,0.0083,0.5,none,False,False
169413,1.0,0.0726,0.5,none,False,False
169414,1.0,0.0793,0.5,none,False,False
169415,1.0,0.0581,0.5,none,False,False
169416,1.0,0.0955,0.5,none,False,False
169417,1.0,0.0839,0.5,none,False,False
169418,1.0,0.0648,0.5,none,False,False
169419,1.0,0.0718,0.5,none,False,False
169420,1.0,0.0589,0.5,none,False,False
169421,1.0,0.0403,0.5,none,False,False
169422,1.0,0.0327,0.5,none,False,False
169423,1.0,0.0277,0.5,none,False,False
169424,1.0,0.017,0.5,none,False,False
169425,1.0,0.0102,0.5,none,False,False
169426,1.0,0.0099,0.5,none,False,False
169427,1.0,0.008,0.5,none,False,False
169428,1.0,0.005,0.5,none,False,False
169429,1.0,0.0063,0.5,none,False,False
169430,1.0,0.009,0.5,none,False,False
169431,1.0,0.0096,0.5,none,False,False
169432,1.0,0.0108,0.5,none,False,False
169433,1.0,0.014,0.5,none,False,False
169434,1.0,0.0161,0.5,none,False,False
169435,1.0,0.0167,0.5,none,False,False
169436,1.0,0.0182,0.5,none,False,False
169437,1.0,0.0196,0.5,none,False,False
169438,1.0,0.0197,0.5,none,False,False
169439,1.0,0.0193,0.5,none,False,False
169440,1.0,0.0193,0.5,none,False,False
169441,1.0,0.0187,0.5,none,False,False
169442,1.0,0.0174,0.5,none,False,False
169443,1.0,0.0163,0.5,none,False,False
169444,1.0,0.0152,0.5,none,False,False
169445,1.0,0.0138,0.5,none,False,False
169446,1.0,0.0123,0.5,none,False,False
169447,1.0,0.0111,0.5,none,False,False
169448,1.0,0.01,0.5,none,False,False
169449,1.0,0.0088,0.5,none,False,False
169450,1.0,0.0078,0.5,none,False,False
169451,1.0,0.0071,0.5,none,False,False
169452,1.0,0.0064,0.5,none,False,False
169453,1.0,0.0057,0.5,none,False,False
169454,1.0,0.0053,0.5,none,False,False
169455,1.0,0.005,0.5,none,False,False
169456,1.0,0.0047,0.5,none,False,False
169457,1.0,0.0045,0.5,none,False,False
169458,1.0,0.0044,0.5,none,False,False
169459,1.0,0.0043,0.5,none,False,False
169460,1.0,0.0042,0.5,none,False,False
169461,1.0,0.0041,0.5,none,False,False
169462,1.0,0.004,0.5,none,False,False
169463,1.0,0.0039,0.5,none,False,False
169464,1.0,0.0038,0.5,none,False,False
169465,1.0,0.0037,0.5,none,False,False
169466,1.0,0.0035,0.5,none,False,False
169467,1.0,0.0033,0.5,none,False,False
169468,1.0,0.0032,0.5,none,False,False
169469,1.0,0.003,0.5,none,False,False
169470,1.0,0.0028,0.5,none,False,False
169471,1.0,0.0026,0.5,none,False,False
169472,1.0,0.0024,0.5,none,False,False
169473,1.0,0.0023,0.5,none,False,False
169474,1.0,0.0021,0.5,none,False,False
169475,1.0,0.0019,0.5,none,False,False
169476,1.0,0.0018,0.5,none,False,False
169477,1.0,0.0017,0.5,none,False,False
169478,1.0,0.0015,0.5,none,False,False
169479,1.0,0.0014,0.5,none,False,False
169480,1.0,0.0013,0.5,none,False,False
169481,1.0,0.0013,0.5,none,False,False
169482,1.0,0.0012,0.5,none,False,False
169483,1.0,0.0011,0.5,none,False,False
169484,1.0,0.0011,0.5,none,False,False
169485,1.0,0.001,0.5,none,False,False
169486,1.0,0.001,0.5,none,False,False
169487,1.0,0.0009,0.5,none,False,False
169488,1.0,0.0009,0.5,none,False,False
169489,1.0,0.0008,0.5,none,False,False
169490,1.0,0.0008,0.5,none,False,False
169491,1.0,0.0008,0.5,none,False,False
169492,1.0,0.0007,0.5,none,False,False
169493,1.0,0.0007,0.5,none,False,False
169494,1.0,0.0006,0.5,none,False,False
169495,1.0,0.0006,0.5,none,False,False
169496,1.0,0.0006,0.5,none,False,False
169497,1.0,0.0005,0.5,none,False,False
169498,1.0,0.0005,0.5,none,False,False
169499,1.0,0.0005,0.5,none,False,False
169500,1.0,0.0004,0.5,none,False,False
169501,1.0,0.0004,0.5,none,False,False
169502,1.0,0.0004,0.5,none,False,False
169503,1.0,0.0004,0.5,none,False,False
169504,1.0,0.0003,0.5,none,False,False
169505,1.0,0.0003,0.5,none,False,False
169506,1.0,0.0003,0.5,none,False,False
169507,1.0,0.0003,0.5,none,False,False
169508,1.0,0.0003,0.5,none,False,False
169509,1.0,0.0003,0.5,none,False,False
169510,1.0,0.0002,0.5,none,False,False
169511,1.0,0.0002,0.5,none,False,False
169512,1.0,0.0002,0.5,none,False,False
169513,1.0,0.0002,0.5,none,False,False
169514,1.0,0.0002,0.5,none,False,False
169515,1.0,0.0002,0.5,none,False,False
169516,1.0,0.0002,0.5,none,False,False
169517,1.0,0.0002,0.5,none,False,False
169518,1.0,0.0002,0.5,none,False,False
169519,1.0,0.0001,0.5,none,False,False
169520,1.0,0.0001,0.5,none,False,False
169521,1.0,0.0001,0.5,none,False,False
169522,1.0,0.0001,0.5,none,False,False
169523,1.0,0.0001,0.5,none,False,False
169524,1.0,0.0001,0.5,none,False,False
169525,1.0,0.0001,0.5,none,False,False
169526,1.0,0.0001,0.5,none,False,False
169527,1.0,0.0001,0.5,none,False,False
169528,1.0,0.0001,0.5,none,False,False
169529,1.0,0.0001,0.5,none,False,False
169530,1.0,0.0001,0.5,none,False,False
169531,1.0,0.0001,0.5,none,False,False
169532,1.0,0.0001,0.5,none,False,False
169533,1.0,0.0001,0.5,none,False,False
169534,1.0,0.0001,0.5,none,False,False
169535,1.0,0.0001,0.5,none,False,False
169536,1.0,0.0001,0.5,none,False,False
169537,1.0,0.0,0.5,none,False,False
169538,1.0,0.0,0.5,none,False,False
169539,1.0,0.0,0.5,none,False,False
169540,1.0,0.0,0.5,none,False,False
169541,1.0,0.0,0.5,none,False,False
169542,1.0,0.0,0.5,none,False,False
169543,1.0,0.0,0.5,none,False,False
169544,1.0,0.0,0.5,none,False,False
169545,1.0,0.0,0.5,none,False,False
169546,1.0,0.0,0.5,none,False,False
169547,1.0,0.0,0.5,none,False,False
169548,1.0,0.0,0.5,none,False,False
169549,1.0,0.0,0.5,none,False,False
169550,1.0,0.0,0.5,none,False,False
169551,1.0,0.0,0.5,none,False,False
169552,1.0,0.0,0.5,none,False,False
169553,1.0,0.0,0.5,none,False,False
169554,1.0,0.0,0.5,none,False,False
169555,1.0,0.0,0.5,none,False,False
169556,1.0,0.0,0.5,none,False,False
169557,1.0,0.0,0.5,none,False,False
169558,1.0,0.0,0.5,none,False,False
169559,1.0,0.0,0.5,none,False,False
169560,1.0,0.0,0.5,none,False,False
169561,1.0,0.0,0.5,none,False,False
169562,1.0,0.0,0.5,none,False,False
169563,1.0,0.0,0.5,none,False,False
169564,1.0,0.0,0.5,none,False,False
169565,1.0,0.0,0.5,none,False,False
169566,1.0,0.0,0.5,none,False,False
169567,1.0,0.0,0.5,none,False,False
169568,1.0,0.0,0.5,none,False,False
169569,1.0,0.0,0.5,none,False,False
169570,1.0,0.0,0.5,none,False,False
169571,1.0,0.0,0.5,none,False,False
169572,1.0,0.0,0.5,none,False,False
169573,1.0,0.0,0.5,none,False,False
169574,1.0,0.0,0.5,none,False,False
169575,1.0,0.0,0.5,none,False,False
169576,1.0,0.0,0.5,none,False,False
169577,1.0,0.0,0.5,none,False,False
169578,1.0,0.0,0.5,none,False,False
169579,1.0,0.0,0.5,none,False,False
169580,1.0,0.0,0.5,none,False,False
169581,1.0,0.0,0.5,none,False,False
169582,1.0,0.0,0.5,none,False,False
169583,1.0,0.0,0.5,none,False,False
169584,1.0,0.0,0.5,none,False,False
169585,1.0,0.0,0.5,none,False,False
169586,1.0,0.0,0.5,none,False,False
169587,1.0,0.0,0.5,none,False,False
169588,1.0,0.0,0.5,none,False,False
169589,1.0,0.0,0.5,none,False,False
169590,1.0,0.0,0.5,none,False,False
169591,1.0,0.0,0.5,none,False,False
169592,1.0,0.0,0.5,none,False,False
169593,1.0,0.0,0.5,none,False,False
169594,1.0,0.0,0.5,none,False,False
169595,1.0,0.0,0.5,none,False,False
169596,1.0,0.0,0.5,none,False,False
169597,1.0,0.0,0.5,none,False,False
169598,1.0,0.0,0.5,none,False,False
169599,1.0,0.0,0.5,none,False,False
169600,1.0,0.0,0.5,none,False,False
169601,1.0,0.0,0.5,none,False,False
169602,1.0,0.0,0.5,none,False,False
169603,1.0,0.0,0.5,none,False,False
169604,1.0,0.0,0.5,none,False,False
169605,1.0,0.0,0.5,none,False,False
169606,1.0,0.0,0.5,none,False,False
169607,1.0,0.0,0.5,none,False,False
169608,1.0,0.0,0.5,none,False,False
169609,1.0,0.0,0.5,none,False,False
169610,1.0,0.0,0.5,none,False,False
169611,1.0,0.0,0.5,none,False,False
169612,1.0,0.0,0.5,none,False,False
169613,1.0,0.0,0.5,none,False,False
169614,1.0,0.0,0.5,none,False,False
169615,1.0,0.0,0.5,none,False,False
169616,1.0,0.0,0.5,none,False,False
169617,1.0,0.0,0.5,none,False,False
169618,1.0,0.0,0.5,none,False,False
169619,1.0,0.0,0.5,none,False,False
169620,1.0,0.0,0.5,none,False,False
169621,1.0,0.0,0.5,none,False,False
169622,1.0,0.0,0.5,none,False,False
169623,1.0,0.0,0.5,none,False,False
169624,1.0,0.0,0.5,none,False,False
169625,1.0,0.0,0.5,none,False,False
169626,1.0,0.0,0.5,none,False,False
169627,1.0,0.0,0.5,none,False,False
169628,1.0,0.0,0.5,none,False,False
169629,1.0,0.0,0.5,none,False,False
169630,1.0,0.0,0.5,none,False,False
169631,1.0,0.0,0.5,none,False,False
169632,1.0,0.0,0.5,none,False,False
169633,1.0,0.0,0.5,none,False,False
169634,1.0,0.0,0.5,none,False,False
169635,1.0,0.0,0.5,none,False,False
169636,1.0,0.0,0.5,none,False,False
169637,1.0,0.0,0.5,none,False,False
169638,1.0,0.0,0.5,none,False,False
169639,1.0,0.0,0.5,none,False,False
169640,1.0,0.0,0.5,none,False,False
169641,1.0,0.0,0.5,none,False,False
169642,1.0,0.0,0.5,none,False,False
169643,1.0,0.0,0.5,none,False,False
169644,1.0,0.0,0.5,none,False,False
169645,1.0,0.0,0.5,none,False,False
169646,1.0,0.0,0.5,none,False,False
169647,1.0,0.0,0.5,none,False,False
169648,1.0,0.0,0.5,none,False,False
169649,1.0,0.0,0.5,none,False,False
169650,1.0,0.0,0.5,none,False,False
169651,1.0,0.0,0.5,none,False,False
169652,1.0,0.0,0.5,none,False,False
169653,1.0,0.0,0.5,none,False,False
169654,1.0,0.0,0.5,none,False,False
169655,1.0,0.0,0.5,none,False,False
169656,1.0,0.0,0.5,none,False,False
169657,1.0,0.0,0.5,none,False,False
169658,1.0,0.0,0.5,none,False,False
169659,1.0,0.0,0.5,none,False,False
169660,1.0,0.0,0.5,none,False,False
169661,1.0,0.0,0.5,none,False,False
169662,1.0,0.0,0.5,none,False,False
169663,1.0,0.0,0.5,none,False,False
169664,1.0,0.0,0.5,none,False,False
169665,1.0,0.0,0.5,none,False,False
169666,1.0,0.0,0.5,none,False,False
169667,1.0,0.0,0.5,none,False,False
169668,1.0,0.0,0.5,none,False,False
169669,1.0,0.0,0.5,none,False,False
169670,1.0,0.0,0.5,none,False,False
169671,1.0,0.0,0.5,none,False,False
169672,1.0,0.0,0.5,none,False,False
169673,1.0,0.0,0.5,none,False,False
169674,1.0,0.0,0.5,none,False,False
169675,1.0,0.0,0.5,none,False,False
169676,1.0,0.0,0.5,none,False,False
169677,1.0,0.0,0.5,none,False,False
169678,1.0,0.0,0.5,none,False,False
169679,1.0,0.0,0.5,none,False,False
169680,1.0,0.0,0.5,none,False,False
169681,1.0,0.0,0.5,none,False,False
169682,1.0,0.0,0.5,none,False,False
169683,1.0,0.0,0.5,none,False,False
169684,1.0,0.0,0.5,none,False,False
169685,1.0,0.0,0.5,none,False,False
169686,1.0,0.0,0.5,none,False,False
169687,1.0,0.0,0.5,none,False,False
169688,1.0,0.0,0.5,none,False,False
169689,1.0,0.0,0.5,none,False,False
169690,1.0,0.0,0.5,none,False,False
169691,1.0,0.0,0.5,none,False,False
169692,1.0,0.0,0.5,none,False,False
169693,1.0,0.0,0.5,none,False,False
169694,1.0,0.0,0.5,none,False,False
169695,1.0,0.0,0.5,none,False,False
169696,1.0,0.0,0.5,none,False,False
169697,1.0,0.0,0.5,none,False,False
169698,1.0,0.0,0.5,none,False,False
169699,1.0,0.0,0.5,none,False,False
169700,1.0,0.0,0.5,none,False,False
169701,1.0,0.0,0.5,none,False,False
169702,1.0,0.0,0.5,none,False,False
169703,1.0,0.0,0.5,none,False,False
169704,1.0,0.0,0.5,none,False,False
169705,1.0,0.0,0.5,none,False,False
169706,1.0,0.0,0.5,none,False,False
169707,1.0,0.0,0.5,none,False,False
169708,1.0,0.0,0.5,none,False,False
169709,1.0,0.0,0.5,none,False,False
169710,1.0,0.0,0.5,none,False,False
169711,1.0,0.0,0.5,none,False,False
169712,1.0,0.0,0.5,none,False,False
169713,1.0,0.0,0.5,none,False,False
169714,1.0,0.0,0.5,none,False,False
169715,1.0,0.0,0.5,none,False,False
169716,1.0,0.0,0.5,none,False,False
169717,1.0,0.0,0.5,none,False,False
169718,1.0,0.0,0.5,none,False,False
169719,1.0,0.0,0.5,none,False,False
169720,1.0,0.0,0.5,none,False,False
169721,1.0,0.0,0.5,none,False,False
169722,1.0,0.0,0.5,none,False,False
169723,1.0,0.0,0.5,none,False,False
169724,1.0,0.0,0.5,none,False,False
169725,1.0,0.0,0.5,none,False,False
169726,1.0,0.0,0.5,none,False,False
169727,1.0,0.0,0.5,none,False,False
169728,1.0,0.0,0.5,none,False,False
169729,1.0,0.0,0.5,none,False,False
169730,1.0,0.0,0.5,none,False,False
169731,1.0,0.0,0.5,none,False,False
169732,1.0,0.0,0.5,none,False,False
169733,1.0,0.0,0.5,none,False,False
169734,1.0,0.0,0.5,none,False,False
169735,1.0,0.0,0.5,none,False,False
169736,1.0,0.0,0.5,none,False,False
169737,1.0,0.0,0.5,none,False,False
169738,1.0,0.0,0.5,none,False,False
169739,1.0,0.0,0.5,none,False,False
169740,1.0,0.0,0.5,none,False,False
169741,1.0,0.0,0.5,none,False,False
169742,1.0,0.0,0.5,none,False,False
169743,1.0,0.0,0.5,none,False,False
169744,1.0,0.0,0.5,none,False,False
169745,1.0,0.0,0.5,none,False,False
169746,1.0,0.0,0.5,none,False,False
169747,1.0,0.0,0.5,none,False,False
169748,1.0,0.0,0.5,none,False,False
169749,1.0,0.0,0.5,none,False,False
169750,1.0,0.0,0.5,none,False,False
169751,1.0,0.0,0.5,none,False,False
169752,1.0,0.0,0.5,none,False,False
169753,1.0,0.0,0.5,none,False,False
169754,1.0,0.0,0.5,none,False,False
169755,1.0,0.0,0.5,none,False,False
169756,1.0,0.0,0.5,none,False,False
169757,1.0,0.0,0.5,none,False,False
169758,1.0,0.0,0.5,none,False,False
169759,1.0,0.0,0.5,none,False,False
169760,1.0,0.0,0.5,none,False,False
169761,1.0,0.0,0.5,none,False,False
169762,1.0,0.0,0.5,none,False,False
169763,1.0,0.0,0.5,none,False,False
169764,1.0,0.0,0.5,none,False,False
169765,1.0,0.0,0.5,none,False,False
169766,1.0,0.0,0.5,none,False,False
169767,1.0,0.0,0.5,none,False,False
169768,1.0,0.0,0.5,none,False,False
169769,1.0,0.0,0.5,none,False,False
169770,1.0,0.0,0.5,none,False,False
169771,1.0,0.0,0.5,none,False,False
169772,1.0,0.0,0.5,none,False,False
169773,1.0,0.0,0.5,none,False,False
169774,1.0,0.0,0.5,none,False,False
169775,1.0,0.0,0.5,none,False,False
169776,1.0,0.0,0.5,none,False,False
169777,1.0,0.0,0.5,none,False,False
169778,1.0,0.0,0.5,none,False,False
169779,1.0,0.0,0.5,none,False,False
169780,1.0,0.0,0.5,none,False,False
169781,1.0,0.0,0.5,none,False,False
169782,1.0,0.0,0.5,none,False,False
169783,1.0,0.0,0.5,none,False,False
169784,1.0,0.0,0.5,none,False,False
169785,1.0,0.0,0.5,none,False,False
169786,1.0,0.0,0.5,none,False,False
169787,1.0,0.0,0.5,none,False,False
169788,1.0,0.0,0.5,none,False,False
169789,1.0,0.0,0.5,none,False,False
169790,1.0,0.0,0.5,none,False,False
169791,1.0,0.0,0.5,none,False,False
169792,1.0,0.0,0.5,none,False,False
169793,1.0,0.0,0.5,none,False,False
169794,1.0,0.0,0.5,none,False,False
169795,1.0,0.0,0.5,none,False,False
169796,1.0,0.0,0.5,none,False,False
169797,1.0,0.0,0.5,none,False,False
169798,1.0,0.0,0.5,none,False,False
169799,1.0,0.0,0.5,none,False,False
169800,1.0,0.0,0.5,none,False,False
169801,1.0,0.0,0.5,none,False,False
169802,1.0,0.0,0.5,none,False,False
169803,1.0,0.0,0.5,none,False,False
169804,1.0,0.0,0.5,none,False,False
169805,1.0,0.0,0.5,none,False,False
169806,1.0,0.0,0.5,none,False,False
169807,1.0,0.0,0.5,none,False,False
169808,1.0,0.0,0.5,none,False,False
169809,1.0,0.0,0.5,none,False,False
169810,1.0,0.0,0.5,none,False,False
169811,1.0,0.0,0.5,none,False,False
169812,1.0,0.0,0.5,none,False,False
169813,1.0,0.0,0.5,none,False,False
169814,1.0,0.0,0.5,none,False,False
169815,1.0,0.0,0.5,none,False,False
169816,1.0,0.0,0.5,none,False,False
169817,1.0,0.0,0.5,none,False,False
169818,1.0,0.0,0.5,none,False,False
169819,1.0,0.0,0.5,none,False,False
169820,1.0,0.0,0.5,none,False,False
169821,1.0,0.0,0.5,none,False,False
169822,1.0,0.0,0.5,none,False,False
169823,1.0,0.0,0.5,none,False,False
169824,1.0,0.0,0.5,none,False,False
169825,1.0,0.0,0.5,none,False,False
169826,1.0,0.0,0.5,none,False,False
169827,1.0,0.0,0.5,none,False,False
169828,1.0,0.0,0.5,none,False,False
169829,1.0,0.0,0.5,none,False,False
169830,1.0,0.0,0.5,none,False,False
169831,1.0,0.0,0.5,none,False,False
169832,1.0,0.0,0.5,none,False,False
169833,1.0,0.0,0.5,none,False,False
169834,1.0,0.0,0.5,none,False,False
169835,1.0,0.0,0.5,none,False,False
169836,1.0,0.0,0.5,none,False,False
169837,1.0,0.0,0.5,none,False,False
169838,1.0,0.0,0.5,none,False,False
169839,1.0,0.0,0.5,none,False,False
169840,1.0,0.0,0.5,none,False,False
169841,1.0,0.0,0.5,none,False,False
169842,1.0,0.0,0.5,none,False,False
169843,1.0,0.0,0.5,none,False,False
169844,1.0,0.0,0.5,none,False,False
169845,1.0,0.0,0.5,none,False,False
169846,1.0,0.0,0.5,none,False,False
169847,1.0,0.0,0.5,none,False,False
169848,1.0,0.0,0.5,none,False,False
169849,1.0,0.0,0.5,none,False,False
169850,1.0,0.0,0.5,none,False,False
169851,1.0,0.0,0.5,none,False,False
169852,1.0,0.0,0.5,none,False,False
169853,1.0,0.0,0.5,none,False,False
169854,1.0,0.0,0.5,none,False,False
169855,1.0,0.0,0.5,none,False,False
169856,1.0,0.0,0.5,none,False,False
169857,1.0,0.0,0.5,none,False,False
169858,1.0,0.0,0.5,none,False,False
169859,1.0,0.0,0.5,none,False,False
169860,1.0,0.0,0.5,none,False,False
169861,1.0,0.0,0.5,none,False,False
169862,1.0,0.0,0.5,none,False,False
169863,1.0,0.0,0.5,none,False,False
169864,1.0,0.0,0.5,none,False,False
169865,1.0,0.0,0.5,none,False,False
169866,1.0,0.0,0.5,none,False,False
169867,1.0,0.0,0.5,none,False,False
169868,1.0,0.0,0.5,none,False,False
169869,1.0,0.0,0.5,none,False,False
169870,1.0,0.0,0.5,none,False,False
169871,1.0,0.0,0.5,none,False,False
169872,1.0,0.0,0.5,none,False,False
169873,1.0,0.0,0.5,none,False,False
169874,1.0,0.0,0.5,none,False,False
169875,1.0,0.0,0.5,none,False,False
169876,1.0,0.0,0.5,none,False,False
169877,1.0,0.0,0.5,none,False,False
169878,1.0,0.0,0.5,none,False,False
169879,1.0,0.0,0.5,none,False,False
169880,1.0,0.0,0.5,none,False,False
169881,1.0,0.0,0.5,none,False,False
169882,1.0,0.0,0.5,none,False,False
169883,1.0,0.0,0.5,none,False,False
169884,1.0,0.0,0.5,none,False,False
169885,1.0,0.0,0.5,none,False,False
169886,1.0,0.0,0.5,none,False,False
169887,1.0,0.0,0.5,none,False,False
169888,1.0,0.0,0.5,none,False,False
169889,1.0,0.0,0.5,none,False,False
169890,1.0,0.0,0.5,none,False,False
169891,1.0,0.0,0.5,none,False,False
169892,1.0,0.0,0.5,none,False,False
169893,1.0,0.0,0.5,none,False,False
169894,1.0,0.0,0.5,none,False,False
169895,1.0,0.0,0.5,none,False,False
169896,1.0,0.0,0.5,none,False,False
169897,1.0,0.0,0.5,none,False,False
169898,1.0,0.0,0.5,none,False,False
169899,1.0,0.0,0.5,none,False,False
169900,1.0,0.0,0.5,none,False,False
169901,1.0,0.0,0.5,none,False,False
169902,1.0,0.0,0.5,none,False,False
169903,1.0,0.0,0.5,none,False,False
169904,1.0,0.0,0.5,none,False,False
169905,1.0,0.0,0.5,none,False,False
169906,1.0,0.0,0.5,none,False,False
169907,1.0,0.0,0.5,none,False,False
169908,1.0,0.0,0.5,none,False,False
169909,1.0,0.0,0.5,none,False,False
169910,1.0,0.0,0.5,none,False,False
169911,1.0,0.0,0.5,none,False,False
169912,1.0,0.0,0.5,none,False,False
169913,1.0,0.0,0.5,none,False,False
169914,1.0,0.0,0.5,none,False,False
169915,1.0,0.0,0.5,none,False,False
169916,1.0,0.0,0.5,none,False,False
169917,1.0,0.0,0.5,none,False,False
169918,1.0,0.0,0.5,none,False,False
169919,1.0,0.0,0.5,none,False,False
169920,1.0,0.0,0.5,none,False,False
169921,1.0,0.0,0.5,none,False,False
169922,1.0,0.0,0.5,none,False,False
169923,1.0,0.0,0.5,none,False,False
169924,1.0,0.0,0.5,none,False,False
169925,1.0,0.0,0.5,none,False,False
169926,1.0,0.0,0.5,none,False,False
169927,1.0,0.0,0.5,none,False,False
169928,1.0,0.0,0.5,none,False,False
169929,1.0,0.0,0.5,none,False,False
169930,1.0,0.0,0.5,none,False,False
169931,1.0,0.0,0.5,none,False,False
169932,1.0,0.0,0.5,none,False,False
169933,1.0,0.0,0.5,none,False,False
169934,1.0,0.0,0.5,none,False,False
169935,1.0,0.0,0.5,none,False,False
169936,1.0,0.0,0.5,none,False,False
169937,1.0,0.0,0.5,none,False,False
169938,1.0,0.0,0.5,none,False,False
169939,1.0,0.0,0.5,none,False,False
169940,1.0,0.0,0.5,none,False,False
169941,1.0,0.0,0.5,none,False,False
169942,1.0,0.0,0.5,none,False,False
169943,1.0,0.0,0.5,none,False,False
169944,1.0,0.0,0.5,none,False,False
169945,1.0,0.0,0.5,none,False,False
169946,1.0,0.0,0.5,none,False,False
169947,1.0,0.0,0.5,none,False,False
169948,1.0,0.0,0.5,none,False,False
169949,1.0,0.0,0.5,none,False,False
169950,1.0,0.0,0.5,none,False,False
169951,1.0,0.0,0.5,none,False,False
169952,1.0,0.0,0.5,none,False,False
169953,1.0,0.0,0.5,none,False,False
169954,1.0,0.0,0.5,none,False,False
169955,1.0,0.0,0.5,none,False,False
169956,1.0,0.0,0.5,none,False,False
169957,1.0,0.0,0.5,none,False,False
169958,1.0,0.0,0.5,none,False,False
169959,1.0,0.0,0.5,none,False,False
169960,1.0,0.0,0.5,none,False,False
169961,1.0,0.0,0.5,none,False,False
169962,1.0,0.0,0.5,none,False,False
169963,1.0,0.0,0.5,none,False,False
169964,1.0,0.0,0.5,none,False,False
169965,1.0,0.0,0.5,none,False,False
169966,1.0,0.0,0.5,none,False,False
169967,1.0,0.0,0.5,none,False,False
169968,1.0,0.0,0.5,none,False,False
169969,1.0,0.0,0.5,none,False,False
169970,1.0,0.0,0.5,none,False,False
169971,1.0,0.0,0.5,none,False,False
169972,1.0,0.0,0.5,none,False,False
169973,1.0,0.0,0.5,none,False,False
169974,1.0,0.0,0.5,none,False,False
169975,1.0,0.0,0.5,none,False,False
169976,1.0,0.0,0.5,none,False,False
169977,1.0,0.0,0.5,none,False,False
169978,1.0,0.0,0.5,none,False,False
169979,1.0,0.0,0.5,none,False,False
169980,1.0,0.0,0.5,none,False,False
169981,1.0,0.0,0.5,none,False,False
169982,1.0,0.0,0.5,none,False,False
169983,1.0,0.0,0.5,none,False,False
169984,1.0,0.0,0.5,none,False,False
169985,1.0,0.0,0.5,none,False,False
169986,1.0,0.0,0.5,none,False,False
169987,1.0,0.0,0.5,none,False,False
169988,1.0,0.0,0.5,none,False,False
169989,1.0,0.0,0.5,none,False,False
169990,1.0,0.0,0.5,none,False,False
169991,1.0,0.0,0.5,none,False,False
169992,1.0,0.0,0.5,none,False,False
169993,1.0,0.0,0.5,none,False,False
169994,1.0,0.0,0.5,none,False,False
169995,1.0,0.0,0.5,none,False,False
169996,1.0,0.0,0.5,none,False,False
169997,1.0,0.0,0.5,none,False,False
169998,1.0,0.0,0.5,none,False,False
169999,1.0,0.0,0.5,none,False,False
170000,1.0,0.0,0.5,none,False,False
170001,1.0,0.0,0.5,none,False,False
170002,1.0,0.0,0.5,none,False,False
170003,1.0,0.0,0.5,none,False,False
170004,1.0,0.0,0.5,none,False,False
170005,1.0,0.0,0.5,none,False,False
170006,1.0,0.0,0.5,none,False,False
170007,1.0,0.0,0.5,none,False,False
170008,1.0,0.0,0.5,none,False,False
170009,1.0,0.0,0.5,none,False,False
170010,1.0,0.0,0.5,none,False,False
170011,1.0,0.0,0.5,none,False,False
170012,1.0,0.0,0.5,none,False,False
170013,1.0,0.0,0.5,none,False,False
170014,1.0,0.0,0.5,none,False,False
170015,1.0,0.0,0.5,none,False,False
170016,1.0,0.0,0.5,none,False,False
170017,1.0,0.0,0.5,none,False,False
170018,1.0,0.0,0.5,none,False,False
170019,1.0,0.0,0.5,none,False,False
170020,1.0,0.0,0.5,none,False,False
170021,1.0,0.0,0.5,none,False,False
170022,1.0,0.0,0.5,none,False,False
170023,1.0,0.0,0.5,none,False,False
170024,1.0,0.0,0.5,none,False,False
170025,1.0,0.0,0.5,none,False,False
170026,1.0,0.0,0.5,none,False,False
170027,1.0,0.0,0.5,none,False,False
170028,1.0,0.0,0.5,none,False,False
170029,1.0,0.0,0.5,none,False,False
170030,1.0,0.0,0.5,none,False,False
170031,1.0,0.0,0.5,none,False,False
170032,1.0,0.0,0.5,none,False,False
170033,1.0,0.0,0.5,none,False,False
170034,1.0,0.0,0.5,none,False,False
170035,1.0,0.0,0.5,none,False,False
170036,1.0,0.0,0.5,none,False,False
170037,1.0,0.0,0.5,none,False,False
170038,1.0,0.0,0.5,none,False,False
170039,1.0,0.0,0.5,none,False,False
170040,1.0,0.0,0.5,none,False,False
170041,1.0,0.0,0.5,none,False,False
170042,1.0,0.0,0.5,none,False,False
170043,1.0,0.0,0.5,none,False,False
170044,1.0,0.0,0.5,none,False,False
170045,1.0,0.0,0.5,none,False,False
170046,1.0,0.0,0.5,none,False,False
170047,1.0,0.0,0.5,none,False,False
170048,1.0,0.0,0.5,none,False,False
170049,1.0,0.0,0.5,none,False,False
170050,1.0,0.0,0.5,none,False,False
170051,1.0,0.0,0.5,none,False,False
170052,1.0,0.0,0.5,none,False,False
170053,1.0,0.0,0.5,none,False,False
170054,1.0,0.0,0.5,none,False,False
170055,1.0,0.0,0.5,none,False,False
170056,1.0,0.0,0.5,none,False,False
170057,1.0,0.0,0.5,none,False,False
170058,1.0,0.0,0.5,none,False,False
170059,1.0,0.0,0.5,none,False,False
170060,1.0,0.0,0.5,none,False,False
170061,1.0,0.0,0.5,none,False,False
170062,1.0,0.0,0.5,none,False,False
170063,1.0,0.0,0.5,none,False,False
170064,1.0,0.0,0.5,none,False,False
170065,1.0,0.0,0.5,none,False,False
170066,1.0,0.0,0.5,none,False,False
170067,1.0,0.0,0.5,none,False,False
170068,1.0,0.0,0.5,none,False,False
170069,1.0,0.0,0.5,none,False,False
170070,1.0,0.0,0.5,none,False,False
170071,1.0,0.0,0.5,none,False,False
170072,1.0,0.0,0.5,none,False,False
170073,1.0,0.0,0.5,none,False,False
170074,1.0,0.0,0.5,none,False,False
170075,1.0,0.0,0.5,none,False,False
170076,1.0,0.0,0.5,none,False,False
170077,1.0,0.0,0.5,none,False,False
170078,1.0,0.0,0.5,none,False,False
170079,1.0,0.0,0.5,none,False,False
170080,1.0,0.0,0.5,none,False,False
170081,1.0,0.0,0.5,none,False,False
170082,1.0,0.0,0.5,none,False,False
170083,1.0,0.0,0.5,none,False,False
170084,1.0,0.0,0.5,none,False,False
170085,1.0,0.0,0.5,none,False,False
170086,1.0,0.0,0.5,none,False,False
170087,1.0,0.0,0.5,none,False,False
170088,1.0,0.0,0.5,none,False,False
170089,1.0,0.0,0.5,none,False,False
170090,1.0,0.0,0.5,none,False,False
170091,1.0,0.0,0.5,none,False,False
170092,1.0,0.0,0.5,none,False,False
170093,1.0,0.0,0.5,none,False,False
170094,1.0,0.0,0.5,none,False,False
170095,1.0,0.0,0.5,none,False,False
170096,1.0,0.0,0.5,none,False,False
170097,1.0,0.0,0.5,none,False,False
170098,1.0,0.0,0.5,none,False,False
170099,1.0,0.0,0.5,none,False,False
170100,1.0,0.0061,0.5,none,False,False
170101,1.0,0.0357,0.5,none,False,False
170102,1.0,0.0812,0.5,none,False,False
170103,1.0,0.1113,0.5,none,False,False
170104,1.0,0.1253,0.5,none,False,False
170105,1.0,0.1408,0.5,none,False,False
170106,1.0,0.0907,0.5,none,False,False
170107,1.0,0.1198,0.5,none,False,False
170108,1.0,0.0467,0.5,none,False,False
170109,1.0,0.0522,0.5,none,False,False
170110,1.0,0.0405,0.5,none,False,False
170111,1.0,0.0313,0.5,none,False,False
170112,1.0,0.0083,0.5,none,False,False
170113,1.0,0.0726,0.5,none,False,False
170114,1.0,0.0793,0.5,none,False,False
170115,1.0,0.0581,0.5,none,False,False
170116,1.0,0.0955,0.5,none,False,False
170117,1.0,0.0839,0.5,none,False,False
170118,1.0,0.0648,0.5,none,False,False
170119,1.0,0.0718,0.5,none,False,False
170120,1.0,0.0589,0.5,none,False,False
170121,1.0,0.0403,0.5,none,False,False
170122,1.0,0.0327,0.5,none,False,False
170123,1.0,0.0277,0.5,none,False,False
170124,1.0,0.017,0.5,none,False,False
170125,1.0,0.0102,0.5,none,False,False
170126,1.0,0.0099,0.5,none,False,False
170127,1.0,0.008,0.5,none,False,False
170128,1.0,0.005,0.5,none,False,False
170129,1.0,0.0063,0.5,none,False,False
170130,1.0,0.009,0.5,none,False,False
170131,1.0,0.0096,0.5,none,False,False
170132,1.0,0.0108,0.5,none,False,False
170133,1.0,0.014,0.5,none,False,False
170134,1.0,0.0161,0.5,none,False,False
170135,1.0,0.0167,0.5,none,False,False
170136,1.0,0.0182,0.5,none,False,False
170137,1.0,0.0196,0.5,none,False,False
170138,1.0,0.0197,0.5,none,False,False
170139,1.0,0.0193,0.5,none,False,False
170140,1.0,0.0193,0.5,none,False,False
170141,1.0,0.0187,0.5,none,False,False
170142,1.0,0.0174,0.5,none,False,False
170143,1.0,0.0163,0.5,none,False,False
170144,1.0,0.0152,0.5,none,False,False
170145,1.0,0.0138,0.5,none,False,False
170146,1.0,0.0123,0.5,none,False,False
170147,1.0,0.0111,0.5,none,False,False
170148,1.0,0.01,0.5,none,False,False
170149,1.0,0.0088,0.5,none,False,False
170150,1.0,0.0078,0.5,none,False,False
170151,1.0,0.0071,0.5,none,False,False
170152,1.0,0.0064,0.5,none,False,False
170153,1.0,0.0057,0.5,none,False,False
170154,1.0,0.0053,0.5,none,False,False
170155,1.0,0.005,0.5,none,False,False
170156,1.0,0.0047,0.5,none,False,False
170157,1.0,0.0045,0.5,none,False,False
170158,1.0,0.0044,0.5,none,False,False
170159,1.0,0.0043,0.5,none,False,False
170160,1.0,0.0042,0.5,none,False,False
170161,1.0,0.0041,0.5,none,False,False
170162,1.0,0.004,0.5,none,False,False
170163,1.0,0.0039,0.5,none,False,False
170164,1.0,0.0038,0.5,none,False,False
170165,1.0,0.0037,0.5,none,False,False
170166,1.0,0.0035,0.5,none,False,False
170167,1.0,0.0033,0.5,none,False,False
170168,1.0,0.0032,0.5,none,False,False
170169,1.0,0.003,0.5,none,False,False
170170,1.0,0.0028,0.5,none,False,False
170171,1.0,0.0026,0.5,none,False,False
170172,1.0,0.0024,0.5,none,False,False
170173,1.0,0.0023,0.5,none,False,False
170174,1.0,0.0021,0.5,none,False,False
170175,1.0,0.0019,0.5,none,False,False
170176,1.0,0.0018,0.5,none,False,False
170177,1.0,0.0017,0.5,none,False,False
170178,1.0,0.0015,0.5,none,False,False
170179,1.0,0.0014,0.5,none,False,False
170180,1.0,0.0013,0.5,none,False,False
170181,1.0,0.0013,0.5,none,False,False
170182,1.0,0.0012,0.5,none,False,False
170183,1.0,0.0011,0.5,none,False,False
170184,1.0,0.0011,0.5,none,False,False
170185,1.0,0.001,0.5,none,False,False
170186,1.0,0.001,0.5,none,False,False
170187,1.0,0.0009,0.5,none,False,False
170188,1.0,0.0009,0.5,none,False,False
170189,1.0,0.0008,0.5,none,False,False
170190,1.0,0.0008,0.5,none,False,False
170191,1.0,0.0008,0.5,none,False,False
170192,1.0,0.0007,0.5,none,False,False
170193,1.0,0.0007,0.5,none,False,False
170194,1.0,0.0006,0.5,none,False,False
170195,1.0,0.0006,0.5,none,False,False
170196,1.0,0.0006,0.5,none,False,False
170197,1.0,0.0005,0.5,none,False,False
170198,1.0,0.0005,0.5,none,False,False
170199,1.0,0.0005,0.5,none,False,False
170200,1.0,0.0004,0.5,none,False,False
170201,1.0,0.0004,0.5,none,False,False
170202,1.0,0.0004,0.5,none,False,False
170203,1.0,0.0004,0.5,none,False,False
170204,1.0,0.0003,0.5,none,False,False
170205,1.0,0.0003,0.5,none,False,False
170206,1.0,0.0003,0.5,none,False,False
170207,1.0,0.0003,0.5,none,False,False
170208,1.0,0.0003,0.5,none,False,False
170209,1.0,0.0003,0.5,none,False,False
170210,1.0,0.0002,0.5,none,False,False
170211,1.0,0.0002,0.5,none,False,False
170212,1.0,0.0002,0.5,none,False,False
170213,1.0,0.0002,0.5,none,False,False
170214,1.0,0.0002,0.5,none,False,False
170215,1.0,0.0002,0.5,none,False,False
170216,1.0,0.0002,0.5,none,False,False
170217,1.0,0.0002,0.5,none,False,False
170218,1.0,0.0002,0.5,none,False,False
170219,1.0,0.0001,0.5,none,False,False
170220,1.0,0.0001,0.5,none,False,False
170221,1.0,0.0001,0.5,none,False,False
170222,1.0,0.0001,0.5,none,False,False
170223,1.0,0.0001,0.5,none,False,False
170224,1.0,0.0001,0.5,none,False,False
170225,1.0,0.0001,0.5,none,False,False
170226,1.0,0.0001,0.5,none,False,False
170227,1.0,0.0001,0.5,none,False,False
170228,1.0,0.0001,0.5,none,False,False
170229,1.0,0.0001,0.5,none,False,False
170230,1.0,0.0001,0.5,none,False,False
170231,1.0,0.0001,0.5,none,False,False
170232,1.0,0.0001,0.5,none,False,False
170233,1.0,0.0001,0.5,none,False,False
170234,1.0,0.0001,0.5,none,False,False
170235,1.0,0.0001,0.5,none,False,False
170236,1.0,0.0001,0.5,none,False,False
170237,1.0,0.0,0.5,none,False,False
170238,1.0,0.0,0.5,none,False,False
170239,1.0,0.0,0.5,none,False,False
170240,1.0,0.0,0.5,none,False,False
170241,1.0,0.0,0.5,none,False,False
170242,1.0,0.0,0.5,none,False,False
170243,1.0,0.0,0.5,none,False,False
170244,1.0,0.0,0.5,none,False,False
170245,1.0,0.0,0.5,none,False,False
170246,1.0,0.0,0.5,none,False,False
170247,1.0,0.0,0.5,none,False,False
170248,1.0,0.0,0.5,none,False,False
170249,1.0,0.0,0.5,none,False,False
170250,1.0,0.0,0.5,none,False,False
170251,1.0,0.0,0.5,none,False,False
170252,1.0,0.0,0.5,none,False,False
170253,1.0,0.0,0.5,none,False,False
170254,1.0,0.0,0.5,none,False,False
170255,1.0,0.0,0.5,none,False,False
170256,1.0,0.0,0.5,none,False,False
170257,1.0,0.0,0.5,none,False,False
170258,1.0,0.0,0.5,none,False,False
170259,1.0,0.0,0.5,none,False,False
170260,1.0,0.0,0.5,none,False,False
170261,1.0,0.0,0.5,none,False,False
170262,1.0,0.0,0.5,none,False,False
170263,1.0,0.0,0.5,none,False,False
170264,1.0,0.0,0.5,none,False,False
170265,1.0,0.0,0.5,none,False,False
170266,1.0,0.0,0.5,none,False,False
170267,1.0,0.0,0.5,none,False,False
170268,1.0,0.0,0.5,none,False,False
170269,1.0,0.0,0.5,none,False,False
170270,1.0,0.0,0.5,none,False,False
170271,1.0,0.0,0.5,none,False,False
170272,1.0,0.0,0.5,none,False,False
170273,1.0,0.0,0.5,none,False,False
170274,1.0,0.0,0.5,none,False,False
170275,1.0,0.0,0.5,none,False,False
170276,1.0,0.0,0.5,none,False,False
170277,1.0,0.0,0.5,none,False,False
170278,1.0,0.0,0.5,none,False,False
170279,1.0,0.0,0.5,none,False,False
170280,1.0,0.0,0.5,none,False,False
170281,1.0,0.0,0.5,none,False,False
170282,1.0,0.0,0.5,none,False,False
170283,1.0,0.0,0.5,none,False,False
170284,1.0,0.0,0.5,none,False,False
170285,1.0,0.0,0.5,none,False,False
170286,1.0,0.0,0.5,none,False,False
170287,1.0,0.0,0.5,none,False,False
170288,1.0,0.0,0.5,none,False,False
170289,1.0,0.0,0.5,none,False,False
170290,1.0,0.0,0.5,none,False,False
170291,1.0,0.0,0.5,none,False,False
170292,1.0,0.0,0.5,none,False,False
170293,1.0,0.0,0.5,none,False,False
170294,1.0,0.0,0.5,none,False,False
170295,1.0,0.0,0.5,none,False,False
170296,1.0,0.0,0.5,none,False,False
170297,1.0,0.0,0.5,none,False,False
170298,1.0,0.0,0.5,none,False,False
170299,1.0,0.0,0.5,none,False,False
170300,1.0,0.0,0.5,none,False,False
170301,1.0,0.0,0.5,none,False,False
170302,1.0,0.0,0.5,none,False,False
170303,1.0,0.0,0.5,none,False,False
170304,1.0,0.0,0.5,none,False,False
170305,1.0,0.0,0.5,none,False,False
170306,1.0,0.0,0.5,none,False,False
170307,1.0,0.0,0.5,none,False,False
170308,1.0,0.0,0.5,none,False,False
170309,1.0,0.0,0.5,none,False,False
170310,1.0,0.0,0.5,none,False,False
170311,1.0,0.0,0.5,none,False,False
170312,1.0,0.0,0.5,none,False,False
170313,1.0,0.0,0.5,none,False,False
170314,1.0,0.0,0.5,none,False,False
170315,1.0,0.0,0.5,none,False,False
170316,1.0,0.0,0.5,none,False,False
170317,1.0,0.0,0.5,none,False,False
170318,1.0,0.0,0.5,none,False,False
170319,1.0,0.0,0.5,none,False,False
170320,1.0,0.0,0.5,none,False,False
170321,1.0,0.0,0.5,none,False,False
170322,1.0,0.0,0.5,none,False,False
170323,1.0,0.0,0.5,none,False,False
170324,1.0,0.0,0.5,none,False,False
170325,1.0,0.0,0.5,none,False,False
170326,1.0,0.0,0.5,none,False,False
170327,1.0,0.0,0.5,none,False,False
170328,1.0,0.0,0.5,none,False,False
170329,1.0,0.0,0.5,none,False,False
170330,1.0,0.0,0.5,none,False,False
170331,1.0,0.0,0.5,none,False,False
170332,1.0,0.0,0.5,none,False,False
170333,1.0,0.0,0.5,none,False,False
170334,1.0,0.0,0.5,none,False,False
170335,1.0,0.0,0.5,none,False,False
170336,1.0,0.0,0.5,none,False,False
170337,1.0,0.0,0.5,none,False,False
170338,1.0,0.0,0.5,none,False,False
170339,1.0,0.0,0.5,none,False,False
170340,1.0,0.0,0.5,none,False,False
170341,1.0,0.0,0.5,none,False,False
170342,1.0,0.0,0.5,none,False,False
170343,1.0,0.0,0.5,none,False,False
170344,1.0,0.0,0.5,none,False,False
170345,1.0,0.0,0.5,none,False,False
170346,1.0,0.0,0.5,none,False,False
170347,1.0,0.0,0.5,none,False,False
170348,1.0,0.0,0.5,none,False,False
170349,1.0,0.0,0.5,none,False,False
170350,1.0,0.0,0.5,none,False,False
170351,1.0,0.0,0.5,none,False,False
170352,1.0,0.0,0.5,none,False,False
170353,1.0,0.0,0.5,none,False,False
170354,1.0,0.0,0.5,none,False,False
170355,1.0,0.0,0.5,none,False,False
170356,1.0,0.0,0.5,none,False,False
170357,1.0,0.0,0.5,none,False,False
170358,1.0,0.0,0.5,none,False,False
170359,1.0,0.0,0.5,none,False,False
170360,1.0,0.0,0.5,none,False,False
170361,1.0,0.0,0.5,none,False,False
170362,1.0,0.0,0.5,none,False,False
170363,1.0,0.0,0.5,none,False,False
170364,1.0,0.0,0.5,none,False,False
170365,1.0,0.0,0.5,none,False,False
170366,1.0,0.0,0.5,none,False,False
170367,1.0,0.0,0.5,none,False,False
170368,1.0,0.0,0.5,none,False,False
170369,1.0,0.0,0.5,none,False,False
170370,1.0,0.0,0.5,none,False,False
170371,1.0,0.0,0.5,none,False,False
170372,1.0,0.0,0.5,none,False,False
170373,1.0,0.0,0.5,none,False,False
170374,1.0,0.0,0.5,none,False,False
170375,1.0,0.0,0.5,none,False,False
170376,1.0,0.0,0.5,none,False,False
170377,1.0,0.0,0.5,none,False,False
170378,1.0,0.0,0.5,none,False,False
170379,1.0,0.0,0.5,none,False,False
170380,1.0,0.0,0.5,none,False,False
170381,1.0,0.0,0.5,none,False,False
170382,1.0,0.0,0.5,none,False,False
170383,1.0,0.0,0.5,none,False,False
170384,1.0,0.0,0.5,none,False,False
170385,1.0,0.0,0.5,none,False,False
170386,1.0,0.0,0.5,none,False,False
170387,1.0,0.0,0.5,none,False,False
170388,1.0,0.0,0.5,none,False,False
170389,1.0,0.0,0.5,none,False,False
170390,1.0,0.0,0.5,none,False,False
170391,1.0,0.0,0.5,none,False,False
170392,1.0,0.0,0.5,none,False,False
170393,1.0,0.0,0.5,none,False,False
170394,1.0,0.0,0.5,none,False,False
170395,1.0,0.0,0.5,none,False,False
170396,1.0,0.0,0.5,none,False,False
170397,1.0,0.0,0.5,none,False,False
170398,1.0,0.0,0.5,none,False,False
170399,1.0,0.0,0.5,none,False,False
170400,1.0,0.0,0.5,none,False,False
170401,1.0,0.0,0.5,none,False,False
170402,1.0,0.0,0.5,none,False,False
170403,1.0,0.0,0.5,none,False,False
170404,1.0,0.0,0.5,none,False,False
170405,1.0,0.0,0.5,none,False,False
170406,1.0,0.0,0.5,none,False,False
170407,1.0,0.0,0.5,none,False,False
170408,1.0,0.0,0.5,none,False,False
170409,1.0,0.0,0.5,none,False,False
170410,1.0,0.0,0.5,none,False,False
170411,1.0,0.0,0.5,none,False,False
170412,1.0,0.0,0.5,none,False,False
170413,1.0,0.0,0.5,none,False,False
170414,1.0,0.0,0.5,none,False,False
170415,1.0,0.0,0.5,none,False,False
170416,1.0,0.0,0.5,none,False,False
170417,1.0,0.0,0.5,none,False,False
170418,1.0,0.0,0.5,none,False,False
170419,1.0,0.0,0.5,none,False,False
170420,1.0,0.0,0.5,none,False,False
170421,1.0,0.0,0.5,none,False,False
170422,1.0,0.0,0.5,none,False,False
170423,1.0,0.0,0.5,none,False,False
170424,1.0,0.0,0.5,none,False,False
170425,1.0,0.0,0.5,none,False,False
170426,1.0,0.0,0.5,none,False,False
170427,1.0,0.0,0.5,none,False,False
170428,1.0,0.0,0.5,none,False,False
170429,1.0,0.0,0.5,none,False,False
170430,1.0,0.0,0.5,none,False,False
170431,1.0,0.0,0.5,none,False,False
170432,1.0,0.0,0.5,none,False,False
170433,1.0,0.0,0.5,none,False,False
170434,1.0,0.0,0.5,none,False,False
170435,1.0,0.0,0.5,none,False,False
170436,1.0,0.0,0.5,none,False,False
170437,1.0,0.0,0.5,none,False,False
170438,1.0,0.0,0.5,none,False,False
170439,1.0,0.0,0.5,none,False,False
170440,1.0,0.0,0.5,none,False,False
170441,1.0,0.0,0.5,none,False,False
170442,1.0,0.0,0.5,none,False,False
170443,1.0,0.0,0.5,none,False,False
170444,1.0,0.0,0.5,none,False,False
170445,1.0,0.0,0.5,none,False,False
170446,1.0,0.0,0.5,none,False,False
170447,1.0,0.0,0.5,none,False,False
170448,1.0,0.0,0.5,none,False,False
170449,1.0,0.0,0.5,none,False,False
170450,1.0,0.0,0.5,none,False,False
170451,1.0,0.0,0.5,none,False,False
170452,1.0,0.0,0.5,none,False,False
170453,1.0,0.0,0.5,none,False,False
170454,1.0,0.0,0.5,none,False,False
170455,1.0,0.0,0.5,none,False,False
170456,1.0,0.0,0.5,none,False,False
170457,1.0,0.0,0.5,none,False,False
170458,1.0,0.0,0.5,none,False,False
170459,1.0,0.0,0.5,none,False,False
170460,1.0,0.0,0.5,none,False,False
170461,1.0,0.0,0.5,none,False,False
170462,1.0,0.0,0.5,none,False,False
170463,1.0,0.0,0.5,none,False,False
170464,1.0,0.0,0.5,none,False,False
170465,1.0,0.0,0.5,none,False,False
170466,1.0,0.0,0.5,none,False,False
170467,1.0,0.0,0.5,none,False,False
170468,1.0,0.0,0.5,none,False,False
170469,1.0,0.0,0.5,none,False,False
170470,1.0,0.0,0.5,none,False,False
170471,1.0,0.0,0.5,none,False,False
170472,1.0,0.0,0.5,none,False,False
170473,1.0,0.0,0.5,none,False,False
170474,1.0,0.0,0.5,none,False,False
170475,1.0,0.0,0.5,none,False,False
170476,1.0,0.0,0.5,none,False,False
170477,1.0,0.0,0.5,none,False,False
170478,1.0,0.0,0.5,none,False,False
170479,1.0,0.0,0.5,none,False,False
170480,1.0,0.0,0.5,none,False,False
170481,1.0,0.0,0.5,none,False,False
170482,1.0,0.0,0.5,none,False,False
170483,1.0,0.0,0.5,none,False,False
170484,1.0,0.0,0.5,none,False,False
170485,1.0,0.0,0.5,none,False,False
170486,1.0,0.0,0.5,none,False,False
170487,1.0,0.0,0.5,none,False,False
170488,1.0,0.0,0.5,none,False,False
170489,1.0,0.0,0.5,none,False,False
170490,1.0,0.0,0.5,none,False,False
170491,1.0,0.0,0.5,none,False,False
170492,1.0,0.0,0.5,none,False,False
170493,1.0,0.0,0.5,none,False,False
170494,1.0,0.0,0.5,none,False,False
170495,1.0,0.0,0.5,none,False,False
170496,1.0,0.0,0.5,none,False,False
170497,1.0,0.0,0.5,none,False,False
170498,1.0,0.0,0.5,none,False,False
170499,1.0,0.0,0.5,none,False,False
170500,1.0,0.0,0.5,none,False,False
170501,1.0,0.0,0.5,none,False,False
170502,1.0,0.0,0.5,none,False,False
170503,1.0,0.0,0.5,none,False,False
170504,1.0,0.0,0.5,none,False,False
170505,1.0,0.0,0.5,none,False,False
170506,1.0,0.0,0.5,none,False,False
170507,1.0,0.0,0.5,none,False,False
170508,1.0,0.0,0.5,none,False,False
170509,1.0,0.0,0.5,none,False,False
170510,1.0,0.0,0.5,none,False,False
170511,1.0,0.0,0.5,none,False,False
170512,1.0,0.0,0.5,none,False,False
170513,1.0,0.0,0.5,none,False,False
170514,1.0,0.0,0.5,none,False,False
170515,1.0,0.0,0.5,none,False,False
170516,1.0,0.0,0.5,none,False,False
170517,1.0,0.0,0.5,none,False,False
170518,1.0,0.0,0.5,none,False,False
170519,1.0,0.0,0.5,none,False,False
170520,1.0,0.0,0.5,none,False,False
170521,1.0,0.0,0.5,none,False,False
170522,1.0,0.0,0.5,none,False,False
170523,1.0,0.0,0.5,none,False,False
170524,1.0,0.0,0.5,none,False,False
170525,1.0,0.0,0.5,none,False,False
170526,1.0,0.0,0.5,none,False,False
170527,1.0,0.0,0.5,none,False,False
170528,1.0,0.0,0.5,none,False,False
170529,1.0,0.0,0.5,none,False,False
170530,1.0,0.0,0.5,none,False,False
170531,1.0,0.0,0.5,none,False,False
170532,1.0,0.0,0.5,none,False,False
170533,1.0,0.0,0.5,none,False,False
170534,1.0,0.0,0.5,none,False,False
170535,1.0,0.0,0.5,none,False,False
170536,1.0,0.0,0.5,none,False,False
170537,1.0,0.0,0.5,none,False,False
170538,1.0,0.0,0.5,none,False,False
170539,1.0,0.0,0.5,none,False,False
170540,1.0,0.0,0.5,none,False,False
170541,1.0,0.0,0.5,none,False,False
170542,1.0,0.0,0.5,none,False,False
170543,1.0,0.0,0.5,none,False,False
170544,1.0,0.0,0.5,none,False,False
170545,1.0,0.0,0.5,none,False,False
170546,1.0,0.0,0.5,none,False,False
170547,1.0,0.0,0.5,none,False,False
170548,1.0,0.0,0.5,none,False,False
170549,1.0,0.0,0.5,none,False,False
170550,1.0,0.0,0.5,none,False,False
170551,1.0,0.0,0.5,none,False,False
170552,1.0,0.0,0.5,none,False,False
170553,1.0,0.0,0.5,none,False,False
170554,1.0,0.0,0.5,none,False,False
170555,1.0,0.0,0.5,none,False,False
170556,1.0,0.0,0.5,none,False,False
170557,1.0,0.0,0.5,none,False,False
170558,1.0,0.0,0.5,none,False,False
170559,1.0,0.0,0.5,none,False,False
170560,1.0,0.0,0.5,none,False,False
170561,1.0,0.0,0.5,none,False,False
170562,1.0,0.0,0.5,none,False,False
170563,1.0,0.0,0.5,none,False,False
170564,1.0,0.0,0.5,none,False,False
170565,1.0,0.0,0.5,none,False,False
170566,1.0,0.0,0.5,none,False,False
170567,1.0,0.0,0.5,none,False,False
170568,1.0,0.0,0.5,none,False,False
170569,1.0,0.0,0.5,none,False,False
170570,1.0,0.0,0.5,none,False,False
170571,1.0,0.0,0.5,none,False,False
170572,1.0,0.0,0.5,none,False,False
170573,1.0,0.0,0.5,none,False,False
170574,1.0,0.0,0.5,none,False,False
170575,1.0,0.0,0.5,none,False,False
170576,1.0,0.0,0.5,none,False,False
170577,1.0,0.0,0.5,none,False,False
170578,1.0,0.0,0.5,none,False,False
170579,1.0,0.0,0.5,none,False,False
170580,1.0,0.0,0.5,none,False,False
170581,1.0,0.0,0.5,none,False,False
170582,1.0,0.0,0.5,none,False,False
170583,1.0,0.0,0.5,none,False,False
170584,1.0,0.0,0.5,none,False,False
170585,1.0,0.0,0.5,none,False,False
170586,1.0,0.0,0.5,none,False,False
170587,1.0,0.0,0.5,none,False,False
170588,1.0,0.0,0.5,none,False,False
170589,1.0,0.0,0.5,none,False,False
170590,1.0,0.0,0.5,none,False,False
170591,1.0,0.0,0.5,none,False,False
170592,1.0,0.0,0.5,none,False,False
170593,1.0,0.0,0.5,none,False,False
170594,1.0,0.0,0.5,none,False,False
170595,1.0,0.0,0.5,none,False,False
170596,1.0,0.0,0.5,none,False,False
170597,1.0,0.0,0.5,none,False,False
170598,1.0,0.0,0.5,none,False,False
170599,1.0,0.0,0.5,none,False,False
170600,1.0,0.0,0.5,none,False,False
170601,1.0,0.0,0.5,none,False,False
170602,1.0,0.0,0.5,none,False,False
170603,1.0,0.0,0.5,none,False,False
170604,1.0,0.0,0.5,none,False,False
170605,1.0,0.0,0.5,none,False,False
170606,1.0,0.0,0.5,none,False,False
170607,1.0,0.0,0.5,none,False,False
170608,1.0,0.0,0.5,none,False,False
170609,1.0,0.0,0.5,none,False,False
170610,1.0,0.0,0.5,none,False,False
170611,1.0,0.0,0.5,none,False,False
170612,1.0,0.0,0.5,none,False,False
170613,1.0,0.0,0.5,none,False,False
170614,1.0,0.0,0.5,none,False,False
170615,1.0,0.0,0.5,none,False,False
170616,1.0,0.0,0.5,none,False,False
170617,1.0,0.0,0.5,none,False,False
170618,1.0,0.0,0.5,none,False,False
170619,1.0,0.0,0.5,none,False,False
170620,1.0,0.0,0.5,none,False,False
170621,1.0,0.0,0.5,none,False,False
170622,1.0,0.0,0.5,none,False,False
170623,1.0,0.0,0.5,none,False,False
170624,1.0,0.0,0.5,none,False,False
170625,1.0,0.0,0.5,none,False,False
170626,1.0,0.0,0.5,none,False,False
170627,1.0,0.0,0.5,none,False,False
170628,1.0,0.0,0.5,none,False,False
170629,1.0,0.0,0.5,none,False,False
170630,1.0,0.0,0.5,none,False,False
170631,1.0,0.0,0.5,none,False,False
170632,1.0,0.0,0.5,none,False,False
170633,1.0,0.0,0.5,none,False,False
170634,1.0,0.0,0.5,none,False,False
170635,1.0,0.0,0.5,none,False,False
170636,1.0,0.0,0.5,none,False,False
170637,1.0,0.0,0.5,none,False,False
170638,1.0,0.0,0.5,none,False,False
170639,1.0,0.0,0.5,none,False,False
170640,1.0,0.0,0.5,none,False,False
170641,1.0,0.0,0.5,none,False,False
170642,1.0,0.0,0.5,none,False,False
170643,1.0,0.0,0.5,none,False,False
170644,1.0,0.0,0.5,none,False,False
170645,1.0,0.0,0.5,none,False,False
170646,1.0,0.0,0.5,none,False,False
170647,1.0,0.0,0.5,none,False,False
170648,1.0,0.0,0.5,none,False,False
170649,1.0,0.0,0.5,none,False,False
170650,1.0,0.0,0.5,none,False,False
170651,1.0,0.0,0.5,none,False,False
170652,1.0,0.0,0.5,none,False,False
170653,1.0,0.0,0.5,none,False,False
170654,1.0,0.0,0.5,none,False,False
170655,1.0,0.0,0.5,none,False,False
170656,1.0,0.0,0.5,none,False,False
170657,1.0,0.0,0.5,none,False,False
170658,1.0,0.0,0.5,none,False,False
170659,1.0,0.0,0.5,none,False,False
170660,1.0,0.0,0.5,none,False,False
170661,1.0,0.0,0.5,none,False,False
170662,1.0,0.0,0.5,none,False,False
170663,1.0,0.0,0.5,none,False,False
170664,1.0,0.0,0.5,none,False,False
170665,1.0,0.0,0.5,none,False,False
170666,1.0,0.0,0.5,none,False,False
170667,1.0,0.0,0.5,none,False,False
170668,1.0,0.0,0.5,none,False,False
170669,1.0,0.0,0.5,none,False,False
170670,1.0,0.0,0.5,none,False,False
170671,1.0,0.0,0.5,none,False,False
170672,1.0,0.0,0.5,none,False,False
170673,1.0,0.0,0.5,none,False,False
170674,1.0,0.0,0.5,none,False,False
170675,1.0,0.0,0.5,none,False,False
170676,1.0,0.0,0.5,none,False,False
170677,1.0,0.0,0.5,none,False,False
170678,1.0,0.0,0.5,none,False,False
170679,1.0,0.0,0.5,none,False,False
170680,1.0,0.0,0.5,none,False,False
170681,1.0,0.0,0.5,none,False,False
170682,1.0,0.0,0.5,none,False,False
170683,1.0,0.0,0.5,none,False,False
170684,1.0,0.0,0.5,none,False,False
170685,1.0,0.0,0.5,none,False,False
170686,1.0,0.0,0.5,none,False,False
170687,1.0,0.0,0.5,none,False,False
170688,1.0,0.0,0.5,none,False,False
170689,1.0,0.0,0.5,none,False,False
170690,1.0,0.0,0.5,none,False,False
170691,1.0,0.0,0.5,none,False,False
170692,1.0,0.0,0.5,none,False,False
170693,1.0,0.0,0.5,none,False,False
170694,1.0,0.0,0.5,none,False,False
170695,1.0,0.0,0.5,none,False,False
170696,1.0,0.0,0.5,none,False,False
170697,1.0,0.0,0.5,none,False,False
170698,1.0,0.0,0.5,none,False,False
170699,1.0,0.0,0.5,none,False,False
170700,1.0,0.0,0.5,none,False,False
170701,1.0,0.0,0.5,none,False,False
170702,1.0,0.0,0.5,none,False,False
170703,1.0,0.0,0.5,none,False,False
170704,1.0,0.0,0.5,none,False,False
170705,1.0,0.0,0.5,none,False,False
170706,1.0,0.0,0.5,none,False,False
170707,1.0,0.0,0.5,none,False,False
170708,1.0,0.0,0.5,none,False,False
170709,1.0,0.0,0.5,none,False,False
170710,1.0,0.0,0.5,none,False,False
170711,1.0,0.0,0.5,none,False,False
170712,1.0,0.0,0.5,none,False,False
170713,1.0,0.0,0.5,none,False,False
170714,1.0,0.0,0.5,none,False,False
170715,1.0,0.0,0.5,none,False,False
170716,1.0,0.0,0.5,none,False,False
170717,1.0,0.0,0.5,none,False,False
170718,1.0,0.0,0.5,none,False,False
170719,1.0,0.0,0.5,none,False,False
170720,1.0,0.0,0.5,none,False,False
170721,1.0,0.0,0.5,none,False,False
170722,1.0,0.0,0.5,none,False,False
170723,1.0,0.0,0.5,none,False,False
170724,1.0,0.0,0.5,none,False,False
170725,1.0,0.0,0.5,none,False,False
170726,1.0,0.0,0.5,none,False,False
170727,1.0,0.0,0.5,none,False,False
170728,1.0,0.0,0.5,none,False,False
170729,1.0,0.0,0.5,none,False,False
170730,1.0,0.0,0.5,none,False,False
170731,1.0,0.0,0.5,none,False,False
170732,1.0,0.0,0.5,none,False,False
170733,1.0,0.0,0.5,none,False,False
170734,1.0,0.0,0.5,none,False,False
170735,1.0,0.0,0.5,none,False,False
170736,1.0,0.0,0.5,none,False,False
170737,1.0,0.0,0.5,none,False,False
170738,1.0,0.0,0.5,none,False,False
170739,1.0,0.0,0.5,none,False,False
170740,1.0,0.0,0.5,none,False,False
170741,1.0,0.0,0.5,none,False,False
170742,1.0,0.0,0.5,none,False,False
170743,1.0,0.0,0.5,none,False,False
170744,1.0,0.0,0.5,none,False,False
170745,1.0,0.0,0.5,none,False,False
170746,1.0,0.0,0.5,none,False,False
170747,1.0,0.0,0.5,none,False,False
170748,1.0,0.0,0.5,none,False,False
170749,1.0,0.0,0.5,none,False,False
170750,1.0,0.0,0.5,none,False,False
170751,1.0,0.0,0.5,none,False,False
170752,1.0,0.0,0.5,none,False,False
170753,1.0,0.0,0.5,none,False,False
170754,1.0,0.0,0.5,none,False,False
170755,1.0,0.0,0.5,none,False,False
170756,1.0,0.0,0.5,none,False,False
170757,1.0,0.0,0.5,none,False,False
170758,1.0,0.0,0.5,none,False,False
170759,1.0,0.0,0.5,none,False,False
170760,1.0,0.0,0.5,none,False,False
170761,1.0,0.0,0.5,none,False,False
170762,1.0,0.0,0.5,none,False,False
170763,1.0,0.0,0.5,none,False,False
170764,1.0,0.0,0.5,none,False,False
170765,1.0,0.0,0.5,none,False,False
170766,1.0,0.0,0.5,none,False,False
170767,1.0,0.0,0.5,none,False,False
170768,1.0,0.0,0.5,none,False,False
170769,1.0,0.0,0.5,none,False,False
170770,1.0,0.0,0.5,none,False,False
170771,1.0,0.0,0.5,none,False,False
170772,1.0,0.0,0.5,none,False,False
170773,1.0,0.0,0.5,none,False,False
170774,1.0,0.0,0.5,none,False,False
170775,1.0,0.0,0.5,none,False,False
170776,1.0,0.0,0.5,none,False,False
170777,1.0,0.0,0.5,none,False,False
170778,1.0,0.0,0.5,none,False,False
170779,1.0,0.0,0.5,none,False,False
170780,1.0,0.0,0.5,none,False,False
170781,1.0,0.0,0.5,none,False,False
170782,1.0,0.0,0.5,none,False,False
170783,1.0,0.0,0.5,none,False,False
170784,1.0,0.0,0.5,none,False,False
170785,1.0,0.0,0.5,none,False,False
170786,1.0,0.0,0.5,none,False,False
170787,1.0,0.0,0.5,none,False,False
170788,1.0,0.0,0.5,none,False,False
170789,1.0,0.0,0.5,none,False,False
170790,1.0,0.0,0.5,none,False,False
170791,1.0,0.0,0.5,none,False,False
170792,1.0,0.0,0.5,none,False,False
170793,1.0,0.0,0.5,none,False,False
170794,1.0,0.0,0.5,none,False,False
170795,1.0,0.0,0.5,none,False,False
170796,1.0,0.0,0.5,none,False,False
170797,1.0,0.0,0.5,none,False,False
170798,1.0,0.0,0.5,none,False,False
170799,1.0,0.0,0.5,none,False,False
170800,1.0,0.0061,0.5,none,False,False
170801,1.0,0.0357,0.5,none,False,False
170802,1.0,0.0812,0.5,none,False,False
170803,1.0,0.1113,0.5,none,False,False
170804,1.0,0.1253,0.5,none,False,False
170805,1.0,0.1408,0.5,none,False,False
170806,1.0,0.0907,0.5,none,False,False
170807,1.0,0.1198,0.5,none,False,False
170808,1.0,0.0467,0.5,none,False,False
170809,1.0,0.0522,0.5,none,False,False
170810,1.0,0.0405,0.5,none,False,False
170811,1.0,0.0313,0.5,none,False,False
170812,1.0,0.0083,0.5,none,False,False
170813,1.0,0.0726,0.5,none,False,False
170814,1.0,0.0793,0.5,none,False,False
170815,1.0,0.0581,0.5,none,False,False
170816,1.0,0.0955,0.5,none,False,False
170817,1.0,0.0839,0.5,none,False,False
170818,1.0,0.0648,0.5,none,False,False
170819,1.0,0.0718,0.5,none,False,False
170820,1.0,0.0589,0.5,none,False,False
170821,1.0,0.0403,0.5,none,False,False
170822,1.0,0.0327,0.5,none,False,False
170823,1.0,0.0277,0.5,none,False,False
170824,1.0,0.017,0.5,none,False,False
170825,1.0,0.0102,0.5,none,False,False
170826,1.0,0.0099,0.5,none,False,False
170827,1.0,0.008,0.5,none,False,False
170828,1.0,0.005,0.5,none,False,False
170829,1.0,0.0063,0.5,none,False,False
170830,1.0,0.009,0.5,none,False,False
170831,1.0,0.0096,0.5,none,False,False
170832,1.0,0.0108,0.5,none,False,False
170833,1.0,0.014,0.5,none,False,False
170834,1.0,0.0161,0.5,none,False,False
170835,1.0,0.0167,0.5,none,False,False
170836,1.0,0.0182,0.5,none,False,False
170837,1.0,0.0196,0.5,none,False,False
170838,1.0,0.0197,0.5,none,False,False
170839,1.0,0.0193,0.5,none,False,False
170840,1.0,0.0193,0.5,none,False,False
170841,1.0,0.0187,0.5,none,False,False
170842,1.0,0.0174,0.5,none,False,False
170843,1.0,0.0163,0.5,none,False,False
170844,1.0,0.0152,0.5,none,False,False
170845,1.0,0.0138,0.5,none,False,False
170846,1.0,0.0123,0.5,none,False,False
170847,1.0,0.0111,0.5,none,False,False
170848,1.0,0.01,0.5,none,False,False
170849,1.0,0.0088,0.5,none,False,False
170850,1.0,0.0078,0.5,none,False,False
170851,1.0,0.0071,0.5,none,False,False
170852,1.0,0.0064,0.5,none,False,False
170853,1.0,0.0057,0.5,none,False,False
170854,1.0,0.0053,0.5,none,False,False
170855,1.0,0.005,0.5,none,False,False
170856,1.0,0.0047,0.5,none,False,False
170857,1.0,0.0045,0.5,none,False,False
170858,1.0,0.0044,0.5,none,False,False
170859,1.0,0.0043,0.5,none,False,False
170860,1.0,0.0042,0.5,none,False,False
170861,1.0,0.0041,0.5,none,False,False
170862,1.0,0.004,0.5,none,False,False
170863,1.0,0.0039,0.5,none,False,False
170864,1.0,0.0038,0.5,none,False,False
170865,1.0,0.0037,0.5,none,False,False
170866,1.0,0.0035,0.5,none,False,False
170867,1.0,0.0033,0.5,none,False,False
170868,1.0,0.0032,0.5,none,False,False
170869,1.0,0.003,0.5,none,False,False
170870,1.0,0.0028,0.5,none,False,False
170871,1.0,0.0026,0.5,none,False,False
170872,1.0,0.0024,0.5,none,False,False
170873,1.0,0.0023,0.5,none,False,False
170874,1.0,0.0021,0.5,none,False,False
170875,1.0,0.0019,0.5,none,False,False
170876,1.0,0.0018,0.5,none,False,False
170877,1.0,0.0017,0.5,none,False,False
170878,1.0,0.0015,0.5,none,False,False
170879,1.0,0.0014,0.5,none,False,False
170880,1.0,0.0013,0.5,none,False,False
170881,1.0,0.0013,0.5,none,False,False
170882,1.0,0.0012,0.5,none,False,False
170883,1.0,0.0011,0.5,none,False,False
170884,1.0,0.0011,0.5,none,False,False
170885,1.0,0.001,0.5,none,False,False
170886,1.0,0.001,0.5,none,False,False
170887,1.0,0.0009,0.5,none,False,False
170888,1.0,0.0009,0.5,none,False,False
170889,1.0,0.0008,0.5,none,False,False
170890,1.0,0.0008,0.5,none,False,False
170891,1.0,0.0008,0.5,none,False,False
170892,1.0,0.0007,0.5,none,False,False
170893,1.0,0.0007,0.5,none,False,False
170894,1.0,0.0006,0.5,none,False,False
170895,1.0,0.0006,0.5,none,False,False
170896,1.0,0.0006,0.5,none,False,False
170897,1.0,0.0005,0.5,none,False,False
170898,1.0,0.0005,0.5,none,False,False
170899,1.0,0.0005,0.5,none,False,False
170900,1.0,0.0004,0.5,none,False,False
170901,1.0,0.0004,0.5,none,False,False
170902,1.0,0.0004,0.5,none,False,False
170903,1.0,0.0004,0.5,none,False,False
170904,1.0,0.0003,0.5,none,False,False
170905,1.0,0.0003,0.5,none,False,False
170906,1.0,0.0003,0.5,none,False,False
170907,1.0,0.0003,0.5,none,False,False
170908,1.0,0.0003,0.5,none,False,False
170909,1.0,0.0003,0.5,none,False,False
170910,1.0,0.0002,0.5,none,False,False
170911,1.0,0.0002,0.5,none,False,False
170912,1.0,0.0002,0.5,none,False,False
170913,1.0,0.0002,0.5,none,False,False
170914,1.0,0.0002,0.5,none,False,False
170915,1.0,0.0002,0.5,none,False,False
170916,1.0,0.0002,0.5,none,False,False
170917,1.0,0.0002,0.5,none,False,False
170918,1.0,0.0002,0.5,none,False,False
170919,1.0,0.0001,0.5,none,False,False
170920,1.0,0.0001,0.5,none,False,False
170921,1.0,0.0001,0.5,none,False,False
170922,1.0,0.0001,0.5,none,False,False
170923,1.0,0.0001,0.5,none,False,False
170924,1.0,0.0001,0.5,none,False,False
170925,1.0,0.0001,0.5,none,False,False
170926,1.0,0.0001,0.5,none,False,False
170927,1.0,0.0001,0.5,none,False,False
170928,1.0,0.0001,0.5,none,False,False
170929,1.0,0.0001,0.5,none,False,False
170930,1.0,0.0001,0.5,none,False,False
170931,1.0,0.0001,0.5,none,False,False
170932,1.0,0.0001,0.5,none,False,False
170933,1.0,0.0001,0.5,none,False,False
170934,1.0,0.0001,0.5,none,False,False
170935,1.0,0.0001,0.5,none,False,False
170936,1.0,0.0001,0.5,none,False,False
170937,1.0,0.0,0.5,none,False,False
170938,1.0,0.0,0.5,none,False,False
170939,1.0,0.0,0.5,none,False,False
170940,1.0,0.0,0.5,none,False,False
170941,1.0,0.0,0.5,none,False,False
170942,1.0,0.0,0.5,none,False,False
170943,1.0,0.0,0.5,none,False,False
170944,1.0,0.0,0.5,none,False,False
170945,1.0,0.0,0.5,none,False,False
170946,1.0,0.0,0.5,none,False,False
170947,1.0,0.0,0.5,none,False,False
170948,1.0,0.0,0.5,none,False,False
170949,1.0,0.0,0.5,none,False,False
170950,1.0,0.0,0.5,none,False,False
170951,1.0,0.0,0.5,none,False,False
170952,1.0,0.0,0.5,none,False,False
170953,1.0,0.0,0.5,none,False,False
170954,1.0,0.0,0.5,none,False,False
170955,1.0,0.0,0.5,none,False,False
170956,1.0,0.0,0.5,none,False,False
170957,1.0,0.0,0.5,none,False,False
170958,1.0,0.0,0.5,none,False,False
170959,1.0,0.0,0.5,none,False,False
170960,1.0,0.0,0.5,none,False,False
170961,1.0,0.0,0.5,none,False,False
170962,1.0,0.0,0.5,none,False,False
170963,1.0,0.0,0.5,none,False,False
170964,1.0,0.0,0.5,none,False,False
170965,1.0,0.0,0.5,none,False,False
170966,1.0,0.0,0.5,none,False,False
170967,1.0,0.0,0.5,none,False,False
170968,1.0,0.0,0.5,none,False,False
170969,1.0,0.0,0.5,none,False,False
170970,1.0,0.0,0.5,none,False,False
170971,1.0,0.0,0.5,none,False,False
170972,1.0,0.0,0.5,none,False,False
170973,1.0,0.0,0.5,none,False,False
170974,1.0,0.0,0.5,none,False,False
170975,1.0,0.0,0.5,none,False,False
170976,1.0,0.0,0.5,none,False,False
170977,1.0,0.0,0.5,none,False,False
170978,1.0,0.0,0.5,none,False,False
170979,1.0,0.0,0.5,none,False,False
170980,1.0,0.0,0.5,none,False,False
170981,1.0,0.0,0.5,none,False,False
170982,1.0,0.0,0.5,none,False,False
170983,1.0,0.0,0.5,none,False,False
170984,1.0,0.0,0.5,none,False,False
170985,1.0,0.0,0.5,none,False,False
170986,1.0,0.0,0.5,none,False,False
170987,1.0,0.0,0.5,none,False,False
170988,1.0,0.0,0.5,none,False,False
170989,1.0,0.0,0.5,none,False,False
170990,1.0,0.0,0.5,none,False,False
170991,1.0,0.0,0.5,none,False,False
170992,1.0,0.0,0.5,none,False,False
170993,1.0,0.0,0.5,none,False,False
170994,1.0,0.0,0.5,none,False,False
170995,1.0,0.0,0.5,none,False,False
170996,1.0,0.0,0.5,none,False,False
170997,1.0,0.0,0.5,none,False,False
170998,1.0,0.0,0.5,none,False,False
170999,1.0,0.0,0.5,none,False,False
171000,1.0,0.0,0.5,none,False,False
171001,1.0,0.0,0.5,none,False,False
171002,1.0,0.0,0.5,none,False,False
171003,1.0,0.0,0.5,none,False,False
171004,1.0,0.0,0.5,none,False,False
171005,1.0,0.0,0.5,none,False,False
171006,1.0,0.0,0.5,none,False,False
171007,1.0,0.0,0.5,none,False,False
171008,1.0,0.0,0.5,none,False,False
171009,1.0,0.0,0.5,none,False,False
171010,1.0,0.0,0.5,none,False,False
171011,1.0,0.0,0.5,none,False,False
171012,1.0,0.0,0.5,none,False,False
171013,1.0,0.0,0.5,none,False,False
171014,1.0,0.0,0.5,none,False,False
171015,1.0,0.0,0.5,none,False,False
171016,1.0,0.0,0.5,none,False,False
171017,1.0,0.0,0.5,none,False,False
171018,1.0,0.0,0.5,none,False,False
171019,1.0,0.0,0.5,none,False,False
171020,1.0,0.0,0.5,none,False,False
171021,1.0,0.0,0.5,none,False,False
171022,1.0,0.0,0.5,none,False,False
171023,1.0,0.0,0.5,none,False,False
171024,1.0,0.0,0.5,none,False,False
171025,1.0,0.0,0.5,none,False,False
171026,1.0,0.0,0.5,none,False,False
171027,1.0,0.0,0.5,none,False,False
171028,1.0,0.0,0.5,none,False,False
171029,1.0,0.0,0.5,none,False,False
171030,1.0,0.0,0.5,none,False,False
171031,1.0,0.0,0.5,none,False,False
171032,1.0,0.0,0.5,none,False,False
171033,1.0,0.0,0.5,none,False,False
171034,1.0,0.0,0.5,none,False,False
171035,1.0,0.0,0.5,none,False,False
171036,1.0,0.0,0.5,none,False,False
171037,1.0,0.0,0.5,none,False,False
171038,1.0,0.0,0.5,none,False,False
171039,1.0,0.0,0.5,none,False,False
171040,1.0,0.0,0.5,none,False,False
171041,1.0,0.0,0.5,none,False,False
171042,1.0,0.0,0.5,none,False,False
171043,1.0,0.0,0.5,none,False,False
171044,1.0,0.0,0.5,none,False,False
171045,1.0,0.0,0.5,none,False,False
171046,1.0,0.0,0.5,none,False,False
171047,1.0,0.0,0.5,none,False,False
171048,1.0,0.0,0.5,none,False,False
171049,1.0,0.0,0.5,none,False,False
171050,1.0,0.0,0.5,none,False,False
171051,1.0,0.0,0.5,none,False,False
171052,1.0,0.0,0.5,none,False,False
171053,1.0,0.0,0.5,none,False,False
171054,1.0,0.0,0.5,none,False,False
171055,1.0,0.0,0.5,none,False,False
171056,1.0,0.0,0.5,none,False,False
171057,1.0,0.0,0.5,none,False,False
171058,1.0,0.0,0.5,none,False,False
171059,1.0,0.0,0.5,none,False,False
171060,1.0,0.0,0.5,none,False,False
171061,1.0,0.0,0.5,none,False,False
171062,1.0,0.0,0.5,none,False,False
171063,1.0,0.0,0.5,none,False,False
171064,1.0,0.0,0.5,none,False,False
171065,1.0,0.0,0.5,none,False,False
171066,1.0,0.0,0.5,none,False,False
171067,1.0,0.0,0.5,none,False,False
171068,1.0,0.0,0.5,none,False,False
171069,1.0,0.0,0.5,none,False,False
171070,1.0,0.0,0.5,none,False,False
171071,1.0,0.0,0.5,none,False,False
171072,1.0,0.0,0.5,none,False,False
171073,1.0,0.0,0.5,none,False,False
171074,1.0,0.0,0.5,none,False,False
171075,1.0,0.0,0.5,none,False,False
171076,1.0,0.0,0.5,none,False,False
171077,1.0,0.0,0.5,none,False,False
171078,1.0,0.0,0.5,none,False,False
171079,1.0,0.0,0.5,none,False,False
171080,1.0,0.0,0.5,none,False,False
171081,1.0,0.0,0.5,none,False,False
171082,1.0,0.0,0.5,none,False,False
171083,1.0,0.0,0.5,none,False,False
171084,1.0,0.0,0.5,none,False,False
171085,1.0,0.0,0.5,none,False,False
171086,1.0,0.0,0.5,none,False,False
171087,1.0,0.0,0.5,none,False,False
171088,1.0,0.0,0.5,none,False,False
171089,1.0,0.0,0.5,none,False,False
171090,1.0,0.0,0.5,none,False,False
171091,1.0,0.0,0.5,none,False,False
171092,1.0,0.0,0.5,none,False,False
171093,1.0,0.0,0.5,none,False,False
171094,1.0,0.0,0.5,none,False,False
171095,1.0,0.0,0.5,none,False,False
171096,1.0,0.0,0.5,none,False,False
171097,1.0,0.0,0.5,none,False,False
171098,1.0,0.0,0.5,none,False,False
171099,1.0,0.0,0.5,none,False,False
171100,1.0,0.0,0.5,none,False,False
171101,1.0,0.0,0.5,none,False,False
171102,1.0,0.0,0.5,none,False,False
171103,1.0,0.0,0.5,none,False,False
171104,1.0,0.0,0.5,none,False,False
171105,1.0,0.0,0.5,none,False,False
171106,1.0,0.0,0.5,none,False,False
171107,1.0,0.0,0.5,none,False,False
171108,1.0,0.0,0.5,none,False,False
171109,1.0,0.0,0.5,none,False,False
171110,1.0,0.0,0.5,none,False,False
171111,1.0,0.0,0.5,none,False,False
171112,1.0,0.0,0.5,none,False,False
171113,1.0,0.0,0.5,none,False,False
171114,1.0,0.0,0.5,none,False,False
171115,1.0,0.0,0.5,none,False,False
171116,1.0,0.0,0.5,none,False,False
171117,1.0,0.0,0.5,none,False,False
171118,1.0,0.0,0.5,none,False,False
171119,1.0,0.0,0.5,none,False,False
171120,1.0,0.0,0.5,none,False,False
171121,1.0,0.0,0.5,none,False,False
171122,1.0,0.0,0.5,none,False,False
171123,1.0,0.0,0.5,none,False,False
171124,1.0,0.0,0.5,none,False,False
171125,1.0,0.0,0.5,none,False,False
171126,1.0,0.0,0.5,none,False,False
171127,1.0,0.0,0.5,none,False,False
171128,1.0,0.0,0.5,none,False,False
171129,1.0,0.0,0.5,none,False,False
171130,1.0,0.0,0.5,none,False,False
171131,1.0,0.0,0.5,none,False,False
171132,1.0,0.0,0.5,none,False,False
171133,1.0,0.0,0.5,none,False,False
171134,1.0,0.0,0.5,none,False,False
171135,1.0,0.0,0.5,none,False,False
171136,1.0,0.0,0.5,none,False,False
171137,1.0,0.0,0.5,none,False,False
171138,1.0,0.0,0.5,none,False,False
171139,1.0,0.0,0.5,none,False,False
171140,1.0,0.0,0.5,none,False,False
171141,1.0,0.0,0.5,none,False,False
171142,1.0,0.0,0.5,none,False,False
171143,1.0,0.0,0.5,none,False,False
171144,1.0,0.0,0.5,none,False,False
171145,1.0,0.0,0.5,none,False,False
171146,1.0,0.0,0.5,none,False,False
171147,1.0,0.0,0.5,none,False,False
171148,1.0,0.0,0.5,none,False,False
171149,1.0,0.0,0.5,none,False,False
171150,1.0,0.0,0.5,none,False,False
171151,1.0,0.0,0.5,none,False,False
171152,1.0,0.0,0.5,none,False,False
171153,1.0,0.0,0.5,none,False,False
171154,1.0,0.0,0.5,none,False,False
171155,1.0,0.0,0.5,none,False,False
171156,1.0,0.0,0.5,none,False,False
171157,1.0,0.0,0.5,none,False,False
171158,1.0,0.0,0.5,none,False,False
171159,1.0,0.0,0.5,none,False,False
171160,1.0,0.0,0.5,none,False,False
171161,1.0,0.0,0.5,none,False,False
171162,1.0,0.0,0.5,none,False,False
171163,1.0,0.0,0.5,none,False,False
171164,1.0,0.0,0.5,none,False,False
171165,1.0,0.0,0.5,none,False,False
171166,1.0,0.0,0.5,none,False,False
171167,1.0,0.0,0.5,none,False,False
171168,1.0,0.0,0.5,none,False,False
171169,1.0,0.0,0.5,none,False,False
171170,1.0,0.0,0.5,none,False,False
171171,1.0,0.0,0.5,none,False,False
171172,1.0,0.0,0.5,none,False,False
171173,1.0,0.0,0.5,none,False,False
171174,1.0,0.0,0.5,none,False,False
171175,1.0,0.0,0.5,none,False,False
171176,1.0,0.0,0.5,none,False,False
171177,1.0,0.0,0.5,none,False,False
171178,1.0,0.0,0.5,none,False,False
171179,1.0,0.0,0.5,none,False,False
171180,1.0,0.0,0.5,none,False,False
171181,1.0,0.0,0.5,none,False,False
171182,1.0,0.0,0.5,none,False,False
171183,1.0,0.0,0.5,none,False,False
171184,1.0,0.0,0.5,none,False,False
171185,1.0,0.0,0.5,none,False,False
171186,1.0,0.0,0.5,none,False,False
171187,1.0,0.0,0.5,none,False,False
171188,1.0,0.0,0.5,none,False,False
171189,1.0,0.0,0.5,none,False,False
171190,1.0,0.0,0.5,none,False,False
171191,1.0,0.0,0.5,none,False,False
171192,1.0,0.0,0.5,none,False,False
171193,1.0,0.0,0.5,none,False,False
171194,1.0,0.0,0.5,none,False,False
171195,1.0,0.0,0.5,none,False,False
171196,1.0,0.0,0.5,none,False,False
171197,1.0,0.0,0.5,none,False,False
171198,1.0,0.0,0.5,none,False,False
171199,1.0,0.0,0.5,none,False,False
171200,1.0,0.0,0.5,none,False,False
171201,1.0,0.0,0.5,none,False,False
171202,1.0,0.0,0.5,none,False,False
171203,1.0,0.0,0.5,none,False,False
171204,1.0,0.0,0.5,none,False,False
171205,1.0,0.0,0.5,none,False,False
171206,1.0,0.0,0.5,none,False,False
171207,1.0,0.0,0.5,none,False,False
171208,1.0,0.0,0.5,none,False,False
171209,1.0,0.0,0.5,none,False,False
171210,1.0,0.0,0.5,none,False,False
171211,1.0,0.0,0.5,none,False,False
171212,1.0,0.0,0.5,none,False,False
171213,1.0,0.0,0.5,none,False,False
171214,1.0,0.0,0.5,none,False,False
171215,1.0,0.0,0.5,none,False,False
171216,1.0,0.0,0.5,none,False,False
171217,1.0,0.0,0.5,none,False,False
171218,1.0,0.0,0.5,none,False,False
171219,1.0,0.0,0.5,none,False,False
171220,1.0,0.0,0.5,none,False,False
171221,1.0,0.0,0.5,none,False,False
171222,1.0,0.0,0.5,none,False,False
171223,1.0,0.0,0.5,none,False,False
171224,1.0,0.0,0.5,none,False,False
171225,1.0,0.0,0.5,none,False,False
171226,1.0,0.0,0.5,none,False,False
171227,1.0,0.0,0.5,none,False,False
171228,1.0,0.0,0.5,none,False,False
171229,1.0,0.0,0.5,none,False,False
171230,1.0,0.0,0.5,none,False,False
171231,1.0,0.0,0.5,none,False,False
171232,1.0,0.0,0.5,none,False,False
171233,1.0,0.0,0.5,none,False,False
171234,1.0,0.0,0.5,none,False,False
171235,1.0,0.0,0.5,none,False,False
171236,1.0,0.0,0.5,none,False,False
171237,1.0,0.0,0.5,none,False,False
171238,1.0,0.0,0.5,none,False,False
171239,1.0,0.0,0.5,none,False,False
171240,1.0,0.0,0.5,none,False,False
171241,1.0,0.0,0.5,none,False,False
171242,1.0,0.0,0.5,none,False,False
171243,1.0,0.0,0.5,none,False,False
171244,1.0,0.0,0.5,none,False,False
171245,1.0,0.0,0.5,none,False,False
171246,1.0,0.0,0.5,none,False,False
171247,1.0,0.0,0.5,none,False,False
171248,1.0,0.0,0.5,none,False,False
171249,1.0,0.0,0.5,none,False,False
171250,1.0,0.0,0.5,none,False,False
171251,1.0,0.0,0.5,none,False,False
171252,1.0,0.0,0.5,none,False,False
171253,1.0,0.0,0.5,none,False,False
171254,1.0,0.0,0.5,none,False,False
171255,1.0,0.0,0.5,none,False,False
171256,1.0,0.0,0.5,none,False,False
171257,1.0,0.0,0.5,none,False,False
171258,1.0,0.0,0.5,none,False,False
171259,1.0,0.0,0.5,none,False,False
171260,1.0,0.0,0.5,none,False,False
171261,1.0,0.0,0.5,none,False,False
171262,1.0,0.0,0.5,none,False,False
171263,1.0,0.0,0.5,none,False,False
171264,1.0,0.0,0.5,none,False,False
171265,1.0,0.0,0.5,none,False,False
171266,1.0,0.0,0.5,none,False,False
171267,1.0,0.0,0.5,none,False,False
171268,1.0,0.0,0.5,none,False,False
171269,1.0,0.0,0.5,none,False,False
171270,1.0,0.0,0.5,none,False,False
171271,1.0,0.0,0.5,none,False,False
171272,1.0,0.0,0.5,none,False,False
171273,1.0,0.0,0.5,none,False,False
171274,1.0,0.0,0.5,none,False,False
171275,1.0,0.0,0.5,none,False,False
171276,1.0,0.0,0.5,none,False,False
171277,1.0,0.0,0.5,none,False,False
171278,1.0,0.0,0.5,none,False,False
171279,1.0,0.0,0.5,none,False,False
171280,1.0,0.0,0.5,none,False,False
171281,1.0,0.0,0.5,none,False,False
171282,1.0,0.0,0.5,none,False,False
171283,1.0,0.0,0.5,none,False,False
171284,1.0,0.0,0.5,none,False,False
171285,1.0,0.0,0.5,none,False,False
171286,1.0,0.0,0.5,none,False,False
171287,1.0,0.0,0.5,none,False,False
171288,1.0,0.0,0.5,none,False,False
171289,1.0,0.0,0.5,none,False,False
171290,1.0,0.0,0.5,none,False,False
171291,1.0,0.0,0.5,none,False,False
171292,1.0,0.0,0.5,none,False,False
171293,1.0,0.0,0.5,none,False,False
171294,1.0,0.0,0.5,none,False,False
171295,1.0,0.0,0.5,none,False,False
171296,1.0,0.0,0.5,none,False,False
171297,1.0,0.0,0.5,none,False,False
171298,1.0,0.0,0.5,none,False,False
171299,1.0,0.0,0.5,none,False,False
171300,1.0,0.0,0.5,none,False,False
171301,1.0,0.0,0.5,none,False,False
171302,1.0,0.0,0.5,none,False,False
171303,1.0,0.0,0.5,none,False,False
171304,1.0,0.0,0.5,none,False,False
171305,1.0,0.0,0.5,none,False,False
171306,1.0,0.0,0.5,none,False,False
171307,1.0,0.0,0.5,none,False,False
171308,1.0,0.0,0.5,none,False,False
171309,1.0,0.0,0.5,none,False,False
171310,1.0,0.0,0.5,none,False,False
171311,1.0,0.0,0.5,none,False,False
171312,1.0,0.0,0.5,none,False,False
171313,1.0,0.0,0.5,none,False,False
171314,1.0,0.0,0.5,none,False,False
171315,1.0,0.0,0.5,none,False,False
171316,1.0,0.0,0.5,none,False,False
171317,1.0,0.0,0.5,none,False,False
171318,1.0,0.0,0.5,none,False,False
171319,1.0,0.0,0.5,none,False,False
171320,1.0,0.0,0.5,none,False,False
171321,1.0,0.0,0.5,none,False,False
171322,1.0,0.0,0.5,none,False,False
171323,1.0,0.0,0.5,none,False,False
171324,1.0,0.0,0.5,none,False,False
171325,1.0,0.0,0.5,none,False,False
171326,1.0,0.0,0.5,none,False,False
171327,1.0,0.0,0.5,none,False,False
171328,1.0,0.0,0.5,none,False,False
171329,1.0,0.0,0.5,none,False,False
171330,1.0,0.0,0.5,none,False,False
171331,1.0,0.0,0.5,none,False,False
171332,1.0,0.0,0.5,none,False,False
171333,1.0,0.0,0.5,none,False,False
171334,1.0,0.0,0.5,none,False,False
171335,1.0,0.0,0.5,none,False,False
171336,1.0,0.0,0.5,none,False,False
171337,1.0,0.0,0.5,none,False,False
171338,1.0,0.0,0.5,none,False,False
171339,1.0,0.0,0.5,none,False,False
171340,1.0,0.0,0.5,none,False,False
171341,1.0,0.0,0.5,none,False,False
171342,1.0,0.0,0.5,none,False,False
171343,1.0,0.0,0.5,none,False,False
171344,1.0,0.0,0.5,none,False,False
171345,1.0,0.0,0.5,none,False,False
171346,1.0,0.0,0.5,none,False,False
171347,1.0,0.0,0.5,none,False,False
171348,1.0,0.0,0.5,none,False,False
171349,1.0,0.0,0.5,none,False,False
171350,1.0,0.0,0.5,none,False,False
171351,1.0,0.0,0.5,none,False,False
171352,1.0,0.0,0.5,none,False,False
171353,1.0,0.0,0.5,none,False,False
171354,1.0,0.0,0.5,none,False,False
171355,1.0,0.0,0.5,none,False,False
171356,1.0,0.0,0.5,none,False,False
171357,1.0,0.0,0.5,none,False,False
171358,1.0,0.0,0.5,none,False,False
171359,1.0,0.0,0.5,none,False,False
171360,1.0,0.0,0.5,none,False,False
171361,1.0,0.0,0.5,none,False,False
171362,1.0,0.0,0.5,none,False,False
171363,1.0,0.0,0.5,none,False,False
171364,1.0,0.0,0.5,none,False,False
171365,1.0,0.0,0.5,none,False,False
171366,1.0,0.0,0.5,none,False,False
171367,1.0,0.0,0.5,none,False,False
171368,1.0,0.0,0.5,none,False,False
171369,1.0,0.0,0.5,none,False,False
171370,1.0,0.0,0.5,none,False,False
171371,1.0,0.0,0.5,none,False,False
171372,1.0,0.0,0.5,none,False,False
171373,1.0,0.0,0.5,none,False,False
171374,1.0,0.0,0.5,none,False,False
171375,1.0,0.0,0.5,none,False,False
171376,1.0,0.0,0.5,none,False,False
171377,1.0,0.0,0.5,none,False,False
171378,1.0,0.0,0.5,none,False,False
171379,1.0,0.0,0.5,none,False,False
171380,1.0,0.0,0.5,none,False,False
171381,1.0,0.0,0.5,none,False,False
171382,1.0,0.0,0.5,none,False,False
171383,1.0,0.0,0.5,none,False,False
171384,1.0,0.0,0.5,none,False,False
171385,1.0,0.0,0.5,none,False,False
171386,1.0,0.0,0.5,none,False,False
171387,1.0,0.0,0.5,none,False,False
171388,1.0,0.0,0.5,none,False,False
171389,1.0,0.0,0.5,none,False,False
171390,1.0,0.0,0.5,none,False,False
171391,1.0,0.0,0.5,none,False,False
171392,1.0,0.0,0.5,none,False,False
171393,1.0,0.0,0.5,none,False,False
171394,1.0,0.0,0.5,none,False,False
171395,1.0,0.0,0.5,none,False,False
171396,1.0,0.0,0.5,none,False,False
171397,1.0,0.0,0.5,none,False,False
171398,1.0,0.0,0.5,none,False,False
171399,1.0,0.0,0.5,none,False,False
171400,1.0,0.0,0.5,none,False,False
171401,1.0,0.0,0.5,none,False,False
171402,1.0,0.0,0.5,none,False,False
171403,1.0,0.0,0.5,none,False,False
171404,1.0,0.0,0.5,none,False,False
171405,1.0,0.0,0.5,none,False,False
171406,1.0,0.0,0.5,none,False,False
171407,1.0,0.0,0.5,none,False,False
171408,1.0,0.0,0.5,none,False,False
171409,1.0,0.0,0.5,none,False,False
171410,1.0,0.0,0.5,none,False,False
171411,1.0,0.0,0.5,none,False,False
171412,1.0,0.0,0.5,none,False,False
171413,1.0,0.0,0.5,none,False,False
171414,1.0,0.0,0.5,none,False,False
171415,1.0,0.0,0.5,none,False,False
171416,1.0,0.0,0.5,none,False,False
171417,1.0,0.0,0.5,none,False,False
171418,1.0,0.0,0.5,none,False,False
171419,1.0,0.0,0.5,none,False,False
171420,1.0,0.0,0.5,none,False,False
171421,1.0,0.0,0.5,none,False,False
171422,1.0,0.0,0.5,none,False,False
171423,1.0,0.0,0.5,none,False,False
171424,1.0,0.0,0.5,none,False,False
171425,1.0,0.0,0.5,none,False,False
171426,1.0,0.0,0.5,none,False,False
171427,1.0,0.0,0.5,none,False,False
171428,1.0,0.0,0.5,none,False,False
171429,1.0,0.0,0.5,none,False,False
171430,1.0,0.0,0.5,none,False,False
171431,1.0,0.0,0.5,none,False,False
171432,1.0,0.0,0.5,none,False,False
171433,1.0,0.0,0.5,none,False,False
171434,1.0,0.0,0.5,none,False,False
171435,1.0,0.0,0.5,none,False,False
171436,1.0,0.0,0.5,none,False,False
171437,1.0,0.0,0.5,none,False,False
171438,1.0,0.0,0.5,none,False,False
171439,1.0,0.0,0.5,none,False,False
171440,1.0,0.0,0.5,none,False,False
171441,1.0,0.0,0.5,none,False,False
171442,1.0,0.0,0.5,none,False,False
171443,1.0,0.0,0.5,none,False,False
171444,1.0,0.0,0.5,none,False,False
171445,1.0,0.0,0.5,none,False,False
171446,1.0,0.0,0.5,none,False,False
171447,1.0,0.0,0.5,none,False,False
171448,1.0,0.0,0.5,none,False,False
171449,1.0,0.0,0.5,none,False,False
171450,1.0,0.0,0.5,none,False,False
171451,1.0,0.0,0.5,none,False,False
171452,1.0,0.0,0.5,none,False,False
171453,1.0,0.0,0.5,none,False,False
171454,1.0,0.0,0.5,none,False,False
171455,1.0,0.0,0.5,none,False,False
171456,1.0,0.0,0.5,none,False,False
171457,1.0,0.0,0.5,none,False,False
171458,1.0,0.0,0.5,none,False,False
171459,1.0,0.0,0.5,none,False,False
171460,1.0,0.0,0.5,none,False,False
171461,1.0,0.0,0.5,none,False,False
171462,1.0,0.0,0.5,none,False,False
171463,1.0,0.0,0.5,none,False,False
171464,1.0,0.0,0.5,none,False,False
171465,1.0,0.0,0.5,none,False,False
171466,1.0,0.0,0.5,none,False,False
171467,1.0,0.0,0.5,none,False,False
171468,1.0,0.0,0.5,none,False,False
171469,1.0,0.0,0.5,none,False,False
171470,1.0,0.0,0.5,none,False,False
171471,1.0,0.0,0.5,none,False,False
171472,1.0,0.0,0.5,none,False,False
171473,1.0,0.0,0.5,none,False,False
171474,1.0,0.0,0.5,none,False,False
171475,1.0,0.0,0.5,none,False,False
171476,1.0,0.0,0.5,none,False,False
171477,1.0,0.0,0.5,none,False,False
171478,1.0,0.0,0.5,none,False,False
171479,1.0,0.0,0.5,none,False,False
171480,1.0,0.0,0.5,none,False,False
171481,1.0,0.0,0.5,none,False,False
171482,1.0,0.0,0.5,none,False,False
171483,1.0,0.0,0.5,none,False,False
171484,1.0,0.0,0.5,none,False,False
171485,1.0,0.0,0.5,none,False,False
171486,1.0,0.0,0.5,none,False,False
171487,1.0,0.0,0.5,none,False,False
171488,1.0,0.0,0.5,none,False,False
171489,1.0,0.0,0.5,none,False,False
171490,1.0,0.0,0.5,none,False,False
171491,1.0,0.0,0.5,none,False,False
171492,1.0,0.0,0.5,none,False,False
171493,1.0,0.0,0.5,none,False,False
171494,1.0,0.0,0.5,none,False,False
171495,1.0,0.0,0.5,none,False,False
171496,1.0,0.0,0.5,none,False,False
171497,1.0,0.0,0.5,none,False,False
171498,1.0,0.0,0.5,none,False,False
171499,1.0,0.0,0.5,none,False,False
171500,1.0,0.0061,0.5,none,False,False
171501,1.0,0.0357,0.5,none,False,False
171502,1.0,0.0812,0.5,none,False,False
171503,1.0,0.1113,0.5,none,False,False
171504,1.0,0.1253,0.5,none,False,False
171505,1.0,0.1408,0.5,none,False,False
171506,1.0,0.0907,0.5,none,False,False
171507,1.0,0.1198,0.5,none,False,False
171508,1.0,0.0467,0.5,none,False,False
171509,1.0,0.0522,0.5,none,False,False
171510,1.0,0.0405,0.5,none,False,False
171511,1.0,0.0313,0.5,none,False,False
171512,1.0,0.0083,0.5,none,False,False
171513,1.0,0.0726,0.5,none,False,False
171514,1.0,0.0793,0.5,none,False,False
171515,1.0,0.0581,0.5,none,False,False
171516,1.0,0.0955,0.5,none,False,False
171517,1.0,0.0839,0.5,none,False,False
171518,1.0,0.0648,0.5,none,False,False
171519,1.0,0.0718,0.5,none,False,False
171520,1.0,0.0589,0.5,none,False,False
171521,1.0,0.0403,0.5,none,False,False
171522,1.0,0.0327,0.5,none,False,False
171523,1.0,0.0277,0.5,none,False,False
171524,1.0,0.017,0.5,none,False,False
171525,1.0,0.0102,0.5,none,False,False
171526,1.0,0.0099,0.5,none,False,False
171527,1.0,0.008,0.5,none,False,False
171528,1.0,0.005,0.5,none,False,False
171529,1.0,0.0063,0.5,none,False,False
171530,1.0,0.009,0.5,none,False,False
171531,1.0,0.0096,0.5,none,False,False
171532,1.0,0.0108,0.5,none,False,False
171533,1.0,0.014,0.5,none,False,False
171534,1.0,0.0161,0.5,none,False,False
171535,1.0,0.0167,0.5,none,False,False
171536,1.0,0.0182,0.5,none,False,False
171537,1.0,0.0196,0.5,none,False,False
171538,1.0,0.0197,0.5,none,False,False
171539,1.0,0.0193,0.5,none,False,False
171540,1.0,0.0193,0.5,none,False,False
171541,1.0,0.0187,0.5,none,False,False
171542,1.0,0.0174,0.5,none,False,False
171543,1.0,0.0163,0.5,none,False,False
171544,1.0,0.0152,0.5,none,False,False
171545,1.0,0.0138,0.5,none,False,False
171546,1.0,0.0123,0.5,none,False,False
171547,1.0,0.0111,0.5,none,False,False
171548,1.0,0.01,0.5,none,False,False
171549,1.0,0.0088,0.5,none,False,False
171550,1.0,0.0078,0.5,none,False,False
171551,1.0,0.0071,0.5,none,False,False
171552,1.0,0.0064,0.5,none,False,False
171553,1.0,0.0057,0.5,none,False,False
171554,1.0,0.0053,0.5,none,False,False
171555,1.0,0.005,0.5,none,False,False
171556,1.0,0.0047,0.5,none,False,False
171557,1.0,0.0045,0.5,none,False,False
171558,1.0,0.0044,0.5,none,False,False
171559,1.0,0.0043,0.5,none,False,False
171560,1.0,0.0042,0.5,none,False,False
171561,1.0,0.0041,0.5,none,False,False
171562,1.0,0.004,0.5,none,False,False
171563,1.0,0.0039,0.5,none,False,False
171564,1.0,0.0038,0.5,none,False,False
171565,1.0,0.0037,0.5,none,False,False
171566,1.0,0.0035,0.5,none,False,False
171567,1.0,0.0033,0.5,none,False,False
171568,1.0,0.0032,0.5,none,False,False
171569,1.0,0.003,0.5,none,False,False
171570,1.0,0.0028,0.5,none,False,False
171571,1.0,0.0026,0.5,none,False,False
171572,1.0,0.0024,0.5,none,False,False
171573,1.0,0.0023,0.5,none,False,False
171574,1.0,0.0021,0.5,none,False,False
171575,1.0,0.0019,0.5,none,False,False
171576,1.0,0.0018,0.5,none,False,False
171577,1.0,0.0017,0.5,none,False,False
171578,1.0,0.0015,0.5,none,False,False
171579,1.0,0.0014,0.5,none,False,False
171580,1.0,0.0013,0.5,none,False,False
171581,1.0,0.0013,0.5,none,False,False
171582,1.0,0.0012,0.5,none,False,False
171583,1.0,0.0011,0.5,none,False,False
171584,1.0,0.0011,0.5,none,False,False
171585,1.0,0.001,0.5,none,False,False
171586,1.0,0.001,0.5,none,False,False
171587,1.0,0.0009,0.5,none,False,False
171588,1.0,0.0009,0.5,none,False,False
171589,1.0,0.0008,0.5,none,False,False
171590,1.0,0.0008,0.5,none,False,False
171591,1.0,0.0008,0.5,none,False,False
171592,1.0,0.0007,0.5,none,False,False
171593,1.0,0.0007,0.5,none,False,False
171594,1.0,0.0006,0.5,none,False,False
171595,1.0,0.0006,0.5,none,False,False
171596,1.0,0.0006,0.5,none,False,False
171597,1.0,0.0005,0.5,none,False,False
171598,1.0,0.0005,0.5,none,False,False
171599,1.0,0.0005,0.5,none,False,False
171600,1.0,0.0004,0.5,none,False,False
171601,1.0,0.0004,0.5,none,False,False
171602,1.0,0.0004,0.5,none,False,False
171603,1.0,0.0004,0.5,none,False,False
171604,1.0,0.0003,0.5,none,False,False
171605,1.0,0.0003,0.5,none,False,False
171606,1.0,0.0003,0.5,none,False,False
171607,1.0,0.0003,0.5,none,False,False
171608,1.0,0.0003,0.5,none,False,False
171609,1.0,0.0003,0.5,none,False,False
171610,1.0,0.0002,0.5,none,False,False
171611,1.0,0.0002,0.5,none,False,False
171612,1.0,0.0002,0.5,none,False,False
171613,1.0,0.0002,0.5,none,False,False
171614,1.0,0.0002,0.5,none,False,False
171615,1.0,0.0002,0.5,none,False,False
171616,1.0,0.0002,0.5,none,False,False
171617,1.0,0.0002,0.5,none,False,False
171618,1.0,0.0002,0.5,none,False,False
171619,1.0,0.0001,0.5,none,False,False
171620,1.0,0.0001,0.5,none,False,False
171621,1.0,0.0001,0.5,none,False,False
171622,1.0,0.0001,0.5,none,False,False
171623,1.0,0.0001,0.5,none,False,False
171624,1.0,0.0001,0.5,none,False,False
171625,1.0,0.0001,0.5,none,False,False
171626,1.0,0.0001,0.5,none,False,False
171627,1.0,0.0001,0.5,none,False,False
171628,1.0,0.0001,0.5,none,False,False
171629,1.0,0.0001,0.5,none,False,False
171630,1.0,0.0001,0.5,none,False,False
171631,1.0,0.0001,0.5,none,False,False
171632,1.0,0.0001,0.5,none,False,False
171633,1.0,0.0001,0.5,none,False,False
171634,1.0,0.0001,0.5,none,False,False
171635,1.0,0.0001,0.5,none,False,False
171636,1.0,0.0001,0.5,none,False,False
171637,1.0,0.0,0.5,none,False,False
171638,1.0,0.0,0.5,none,False,False
171639,1.0,0.0,0.5,none,False,False
171640,1.0,0.0,0.5,none,False,False
171641,1.0,0.0,0.5,none,False,False
171642,1.0,0.0,0.5,none,False,False
171643,1.0,0.0,0.5,none,False,False
171644,1.0,0.0,0.5,none,False,False
171645,1.0,0.0,0.5,none,False,False
171646,1.0,0.0,0.5,none,False,False
171647,1.0,0.0,0.5,none,False,False
171648,1.0,0.0,0.5,none,False,False
171649,1.0,0.0,0.5,none,False,False
171650,1.0,0.0,0.5,none,False,False
171651,1.0,0.0,0.5,none,False,False
171652,1.0,0.0,0.5,none,False,False
171653,1.0,0.0,0.5,none,False,False
171654,1.0,0.0,0.5,none,False,False
171655,1.0,0.0,0.5,none,False,False
171656,1.0,0.0,0.5,none,False,False
171657,1.0,0.0,0.5,none,False,False
171658,1.0,0.0,0.5,none,False,False
171659,1.0,0.0,0.5,none,False,False
171660,1.0,0.0,0.5,none,False,False
171661,1.0,0.0,0.5,none,False,False
171662,1.0,0.0,0.5,none,False,False
171663,1.0,0.0,0.5,none,False,False
171664,1.0,0.0,0.5,none,False,False
171665,1.0,0.0,0.5,none,False,False
171666,1.0,0.0,0.5,none,False,False
171667,1.0,0.0,0.5,none,False,False
171668,1.0,0.0,0.5,none,False,False
171669,1.0,0.0,0.5,none,False,False
171670,1.0,0.0,0.5,none,False,False
171671,1.0,0.0,0.5,none,False,False
171672,1.0,0.0,0.5,none,False,False
171673,1.0,0.0,0.5,none,False,False
171674,1.0,0.0,0.5,none,False,False
171675,1.0,0.0,0.5,none,False,False
171676,1.0,0.0,0.5,none,False,False
171677,1.0,0.0,0.5,none,False,False
171678,1.0,0.0,0.5,none,False,False
171679,1.0,0.0,0.5,none,False,False
171680,1.0,0.0,0.5,none,False,False
171681,1.0,0.0,0.5,none,False,False
171682,1.0,0.0,0.5,none,False,False
171683,1.0,0.0,0.5,none,False,False
171684,1.0,0.0,0.5,none,False,False
171685,1.0,0.0,0.5,none,False,False
171686,1.0,0.0,0.5,none,False,False
171687,1.0,0.0,0.5,none,False,False
171688,1.0,0.0,0.5,none,False,False
171689,1.0,0.0,0.5,none,False,False
171690,1.0,0.0,0.5,none,False,False
171691,1.0,0.0,0.5,none,False,False
171692,1.0,0.0,0.5,none,False,False
171693,1.0,0.0,0.5,none,False,False
171694,1.0,0.0,0.5,none,False,False
171695,1.0,0.0,0.5,none,False,False
171696,1.0,0.0,0.5,none,False,False
171697,1.0,0.0,0.5,none,False,False
171698,1.0,0.0,0.5,none,False,False
171699,1.0,0.0,0.5,none,False,False
171700,1.0,0.0,0.5,none,False,False
171701,1.0,0.0,0.5,none,False,False
171702,1.0,0.0,0.5,none,False,False
171703,1.0,0.0,0.5,none,False,False
171704,1.0,0.0,0.5,none,False,False
171705,1.0,0.0,0.5,none,False,False
171706,1.0,0.0,0.5,none,False,False
171707,1.0,0.0,0.5,none,False,False
171708,1.0,0.0,0.5,none,False,False
171709,1.0,0.0,0.5,none,False,False
171710,1.0,0.0,0.5,none,False,False
171711,1.0,0.0,0.5,none,False,False
171712,1.0,0.0,0.5,none,False,False
171713,1.0,0.0,0.5,none,False,False
171714,1.0,0.0,0.5,none,False,False
171715,1.0,0.0,0.5,none,False,False
171716,1.0,0.0,0.5,none,False,False
171717,1.0,0.0,0.5,none,False,False
171718,1.0,0.0,0.5,none,False,False
171719,1.0,0.0,0.5,none,False,False
171720,1.0,0.0,0.5,none,False,False
171721,1.0,0.0,0.5,none,False,False
171722,1.0,0.0,0.5,none,False,False
171723,1.0,0.0,0.5,none,False,False
171724,1.0,0.0,0.5,none,False,False
171725,1.0,0.0,0.5,none,False,False
171726,1.0,0.0,0.5,none,False,False
171727,1.0,0.0,0.5,none,False,False
171728,1.0,0.0,0.5,none,False,False
171729,1.0,0.0,0.5,none,False,False
171730,1.0,0.0,0.5,none,False,False
171731,1.0,0.0,0.5,none,False,False
171732,1.0,0.0,0.5,none,False,False
171733,1.0,0.0,0.5,none,False,False
171734,1.0,0.0,0.5,none,False,False
171735,1.0,0.0,0.5,none,False,False
171736,1.0,0.0,0.5,none,False,False
171737,1.0,0.0,0.5,none,False,False
171738,1.0,0.0,0.5,none,False,False
171739,1.0,0.0,0.5,none,False,False
171740,1.0,0.0,0.5,none,False,False
171741,1.0,0.0,0.5,none,False,False
171742,1.0,0.0,0.5,none,False,False
171743,1.0,0.0,0.5,none,False,False
171744,1.0,0.0,0.5,none,False,False
171745,1.0,0.0,0.5,none,False,False
171746,1.0,0.0,0.5,none,False,False
171747,1.0,0.0,0.5,none,False,False
171748,1.0,0.0,0.5,none,False,False
171749,1.0,0.0,0.5,none,False,False
171750,1.0,0.0,0.5,none,False,False
171751,1.0,0.0,0.5,none,False,False
171752,1.0,0.0,0.5,none,False,False
171753,1.0,0.0,0.5,none,False,False
171754,1.0,0.0,0.5,none,False,False
171755,1.0,0.0,0.5,none,False,False
171756,1.0,0.0,0.5,none,False,False
171757,1.0,0.0,0.5,none,False,False
171758,1.0,0.0,0.5,none,False,False
171759,1.0,0.0,0.5,none,False,False
171760,1.0,0.0,0.5,none,False,False
171761,1.0,0.0,0.5,none,False,False
171762,1.0,0.0,0.5,none,False,False
171763,1.0,0.0,0.5,none,False,False
171764,1.0,0.0,0.5,none,False,False
171765,1.0,0.0,0.5,none,False,False
171766,1.0,0.0,0.5,none,False,False
171767,1.0,0.0,0.5,none,False,False
171768,1.0,0.0,0.5,none,False,False
171769,1.0,0.0,0.5,none,False,False
171770,1.0,0.0,0.5,none,False,False
171771,1.0,0.0,0.5,none,False,False
171772,1.0,0.0,0.5,none,False,False
171773,1.0,0.0,0.5,none,False,False
171774,1.0,0.0,0.5,none,False,False
171775,1.0,0.0,0.5,none,False,False
171776,1.0,0.0,0.5,none,False,False
171777,1.0,0.0,0.5,none,False,False
171778,1.0,0.0,0.5,none,False,False
171779,1.0,0.0,0.5,none,False,False
171780,1.0,0.0,0.5,none,False,False
171781,1.0,0.0,0.5,none,False,False
171782,1.0,0.0,0.5,none,False,False
171783,1.0,0.0,0.5,none,False,False
171784,1.0,0.0,0.5,none,False,False
171785,1.0,0.0,0.5,none,False,False
171786,1.0,0.0,0.5,none,False,False
171787,1.0,0.0,0.5,none,False,False
171788,1.0,0.0,0.5,none,False,False
171789,1.0,0.0,0.5,none,False,False
171790,1.0,0.0,0.5,none,False,False
171791,1.0,0.0,0.5,none,False,False
171792,1.0,0.0,0.5,none,False,False
171793,1.0,0.0,0.5,none,False,False
171794,1.0,0.0,0.5,none,False,False
171795,1.0,0.0,0.5,none,False,False
171796,1.0,0.0,0.5,none,False,False
171797,1.0,0.0,0.5,none,False,False
171798,1.0,0.0,0.5,none,False,False
171799,1.0,0.0,0.5,none,False,False
171800,1.0,0.0,0.5,none,False,False
171801,1.0,0.0,0.5,none,False,False
171802,1.0,0.0,0.5,none,False,False
171803,1.0,0.0,0.5,none,False,False
171804,1.0,0.0,0.5,none,False,False
171805,1.0,0.0,0.5,none,False,False
171806,1.0,0.0,0.5,none,False,False
171807,1.0,0.0,0.5,none,False,False
171808,1.0,0.0,0.5,none,False,False
171809,1.0,0.0,0.5,none,False,False
171810,1.0,0.0,0.5,none,False,False
171811,1.0,0.0,0.5,none,False,False
171812,1.0,0.0,0.5,none,False,False
171813,1.0,0.0,0.5,none,False,False
171814,1.0,0.0,0.5,none,False,False
171815,1.0,0.0,0.5,none,False,False
171816,1.0,0.0,0.5,none,False,False
171817,1.0,0.0,0.5,none,False,False
171818,1.0,0.0,0.5,none,False,False
171819,1.0,0.0,0.5,none,False,False
171820,1.0,0.0,0.5,none,False,False
171821,1.0,0.0,0.5,none,False,False
171822,1.0,0.0,0.5,none,False,False
171823,1.0,0.0,0.5,none,False,False
171824,1.0,0.0,0.5,none,False,False
171825,1.0,0.0,0.5,none,False,False
171826,1.0,0.0,0.5,none,False,False
171827,1.0,0.0,0.5,none,False,False
171828,1.0,0.0,0.5,none,False,False
171829,1.0,0.0,0.5,none,False,False
171830,1.0,0.0,0.5,none,False,False
171831,1.0,0.0,0.5,none,False,False
171832,1.0,0.0,0.5,none,False,False
171833,1.0,0.0,0.5,none,False,False
171834,1.0,0.0,0.5,none,False,False
171835,1.0,0.0,0.5,none,False,False
171836,1.0,0.0,0.5,none,False,False
171837,1.0,0.0,0.5,none,False,False
171838,1.0,0.0,0.5,none,False,False
171839,1.0,0.0,0.5,none,False,False
171840,1.0,0.0,0.5,none,False,False
171841,1.0,0.0,0.5,none,False,False
171842,1.0,0.0,0.5,none,False,False
171843,1.0,0.0,0.5,none,False,False
171844,1.0,0.0,0.5,none,False,False
171845,1.0,0.0,0.5,none,False,False
171846,1.0,0.0,0.5,none,False,False
171847,1.0,0.0,0.5,none,False,False
171848,1.0,0.0,0.5,none,False,False
171849,1.0,0.0,0.5,none,False,False
171850,1.0,0.0,0.5,none,False,False
171851,1.0,0.0,0.5,none,False,False
171852,1.0,0.0,0.5,none,False,False
171853,1.0,0.0,0.5,none,False,False
171854,1.0,0.0,0.5,none,False,False
171855,1.0,0.0,0.5,none,False,False
171856,1.0,0.0,0.5,none,False,False
171857,1.0,0.0,0.5,none,False,False
171858,1.0,0.0,0.5,none,False,False
171859,1.0,0.0,0.5,none,False,False
171860,1.0,0.0,0.5,none,False,False
171861,1.0,0.0,0.5,none,False,False
171862,1.0,0.0,0.5,none,False,False
171863,1.0,0.0,0.5,none,False,False
171864,1.0,0.0,0.5,none,False,False
171865,1.0,0.0,0.5,none,False,False
171866,1.0,0.0,0.5,none,False,False
171867,1.0,0.0,0.5,none,False,False
171868,1.0,0.0,0.5,none,False,False
171869,1.0,0.0,0.5,none,False,False
171870,1.0,0.0,0.5,none,False,False
171871,1.0,0.0,0.5,none,False,False
171872,1.0,0.0,0.5,none,False,False
171873,1.0,0.0,0.5,none,False,False
171874,1.0,0.0,0.5,none,False,False
171875,1.0,0.0,0.5,none,False,False
171876,1.0,0.0,0.5,none,False,False
171877,1.0,0.0,0.5,none,False,False
171878,1.0,0.0,0.5,none,False,False
171879,1.0,0.0,0.5,none,False,False
171880,1.0,0.0,0.5,none,False,False
171881,1.0,0.0,0.5,none,False,False
171882,1.0,0.0,0.5,none,False,False
171883,1.0,0.0,0.5,none,False,False
171884,1.0,0.0,0.5,none,False,False
171885,1.0,0.0,0.5,none,False,False
171886,1.0,0.0,0.5,none,False,False
171887,1.0,0.0,0.5,none,False,False
171888,1.0,0.0,0.5,none,False,False
171889,1.0,0.0,0.5,none,False,False
171890,1.0,0.0,0.5,none,False,False
171891,1.0,0.0,0.5,none,False,False
171892,1.0,0.0,0.5,none,False,False
171893,1.0,0.0,0.5,none,False,False
171894,1.0,0.0,0.5,none,False,False
171895,1.0,0.0,0.5,none,False,False
171896,1.0,0.0,0.5,none,False,False
171897,1.0,0.0,0.5,none,False,False
171898,1.0,0.0,0.5,none,False,False
171899,1.0,0.0,0.5,none,False,False
171900,1.0,0.0,0.5,none,False,False
171901,1.0,0.0,0.5,none,False,False
171902,1.0,0.0,0.5,none,False,False
171903,1.0,0.0,0.5,none,False,False
171904,1.0,0.0,0.5,none,False,False
171905,1.0,0.0,0.5,none,False,False
171906,1.0,0.0,0.5,none,False,False
171907,1.0,0.0,0.5,none,False,False
171908,1.0,0.0,0.5,none,False,False
171909,1.0,0.0,0.5,none,False,False
171910,1.0,0.0,0.5,none,False,False
171911,1.0,0.0,0.5,none,False,False
171912,1.0,0.0,0.5,none,False,False
171913,1.0,0.0,0.5,none,False,False
171914,1.0,0.0,0.5,none,False,False
171915,1.0,0.0,0.5,none,False,False
171916,1.0,0.0,0.5,none,False,False
171917,1.0,0.0,0.5,none,False,False
171918,1.0,0.0,0.5,none,False,False
171919,1.0,0.0,0.5,none,False,False
171920,1.0,0.0,0.5,none,False,False
171921,1.0,0.0,0.5,none,False,False
171922,1.0,0.0,0.5,none,False,False
171923,1.0,0.0,0.5,none,False,False
171924,1.0,0.0,0.5,none,False,False
171925,1.0,0.0,0.5,none,False,False
171926,1.0,0.0,0.5,none,False,False
171927,1.0,0.0,0.5,none,False,False
171928,1.0,0.0,0.5,none,False,False
171929,1.0,0.0,0.5,none,False,False
171930,1.0,0.0,0.5,none,False,False
171931,1.0,0.0,0.5,none,False,False
171932,1.0,0.0,0.5,none,False,False
171933,1.0,0.0,0.5,none,False,False
171934,1.0,0.0,0.5,none,False,False
171935,1.0,0.0,0.5,none,False,False
171936,1.0,0.0,0.5,none,False,False
171937,1.0,0.0,0.5,none,False,False
171938,1.0,0.0,0.5,none,False,False
171939,1.0,0.0,0.5,none,False,False
171940,1.0,0.0,0.5,none,False,False
171941,1.0,0.0,0.5,none,False,False
171942,1.0,0.0,0.5,none,False,False
171943,1.0,0.0,0.5,none,False,False
171944,1.0,0.0,0.5,none,False,False
171945,1.0,0.0,0.5,none,False,False
171946,1.0,0.0,0.5,none,False,False
171947,1.0,0.0,0.5,none,False,False
171948,1.0,0.0,0.5,none,False,False
171949,1.0,0.0,0.5,none,False,False
171950,1.0,0.0,0.5,none,False,False
171951,1.0,0.0,0.5,none,False,False
171952,1.0,0.0,0.5,none,False,False
171953,1.0,0.0,0.5,none,False,False
171954,1.0,0.0,0.5,none,False,False
171955,1.0,0.0,0.5,none,False,False
171956,1.0,0.0,0.5,none,False,False
171957,1.0,0.0,0.5,none,False,False
171958,1.0,0.0,0.5,none,False,False
171959,1.0,0.0,0.5,none,False,False
171960,1.0,0.0,0.5,none,False,False
171961,1.0,0.0,0.5,none,False,False
171962,1.0,0.0,0.5,none,False,False
171963,1.0,0.0,0.5,none,False,False
171964,1.0,0.0,0.5,none,False,False
171965,1.0,0.0,0.5,none,False,False
171966,1.0,0.0,0.5,none,False,False
171967,1.0,0.0,0.5,none,False,False
171968,1.0,0.0,0.5,none,False,False
171969,1.0,0.0,0.5,none,False,False
171970,1.0,0.0,0.5,none,False,False
171971,1.0,0.0,0.5,none,False,False
171972,1.0,0.0,0.5,none,False,False
171973,1.0,0.0,0.5,none,False,False
171974,1.0,0.0,0.5,none,False,False
171975,1.0,0.0,0.5,none,False,False
171976,1.0,0.0,0.5,none,False,False
171977,1.0,0.0,0.5,none,False,False
171978,1.0,0.0,0.5,none,False,False
171979,1.0,0.0,0.5,none,False,False
171980,1.0,0.0,0.5,none,False,False
171981,1.0,0.0,0.5,none,False,False
171982,1.0,0.0,0.5,none,False,False
171983,1.0,0.0,0.5,none,False,False
171984,1.0,0.0,0.5,none,False,False
171985,1.0,0.0,0.5,none,False,False
171986,1.0,0.0,0.5,none,False,False
171987,1.0,0.0,0.5,none,False,False
171988,1.0,0.0,0.5,none,False,False
171989,1.0,0.0,0.5,none,False,False
171990,1.0,0.0,0.5,none,False,False
171991,1.0,0.0,0.5,none,False,False
171992,1.0,0.0,0.5,none,False,False
171993,1.0,0.0,0.5,none,False,False
171994,1.0,0.0,0.5,none,False,False
171995,1.0,0.0,0.5,none,False,False
171996,1.0,0.0,0.5,none,False,False
171997,1.0,0.0,0.5,none,False,False
171998,1.0,0.0,0.5,none,False,False
171999,1.0,0.0,0.5,none,False,False
172000,1.0,0.0,0.5,none,False,False
172001,1.0,0.0,0.5,none,False,False
172002,1.0,0.0,0.5,none,False,False
172003,1.0,0.0,0.5,none,False,False
172004,1.0,0.0,0.5,none,False,False
172005,1.0,0.0,0.5,none,False,False
172006,1.0,0.0,0.5,none,False,False
172007,1.0,0.0,0.5,none,False,False
172008,1.0,0.0,0.5,none,False,False
172009,1.0,0.0,0.5,none,False,False
172010,1.0,0.0,0.5,none,False,False
172011,1.0,0.0,0.5,none,False,False
172012,1.0,0.0,0.5,none,False,False
172013,1.0,0.0,0.5,none,False,False
172014,1.0,0.0,0.5,none,False,False
172015,1.0,0.0,0.5,none,False,False
172016,1.0,0.0,0.5,none,False,False
172017,1.0,0.0,0.5,none,False,False
172018,1.0,0.0,0.5,none,False,False
172019,1.0,0.0,0.5,none,False,False
172020,1.0,0.0,0.5,none,False,False
172021,1.0,0.0,0.5,none,False,False
172022,1.0,0.0,0.5,none,False,False
172023,1.0,0.0,0.5,none,False,False
172024,1.0,0.0,0.5,none,False,False
172025,1.0,0.0,0.5,none,False,False
172026,1.0,0.0,0.5,none,False,False
172027,1.0,0.0,0.5,none,False,False
172028,1.0,0.0,0.5,none,False,False
172029,1.0,0.0,0.5,none,False,False
172030,1.0,0.0,0.5,none,False,False
172031,1.0,0.0,0.5,none,False,False
172032,1.0,0.0,0.5,none,False,False
172033,1.0,0.0,0.5,none,False,False
172034,1.0,0.0,0.5,none,False,False
172035,1.0,0.0,0.5,none,False,False
172036,1.0,0.0,0.5,none,False,False
172037,1.0,0.0,0.5,none,False,False
172038,1.0,0.0,0.5,none,False,False
172039,1.0,0.0,0.5,none,False,False
172040,1.0,0.0,0.5,none,False,False
172041,1.0,0.0,0.5,none,False,False
172042,1.0,0.0,0.5,none,False,False
172043,1.0,0.0,0.5,none,False,False
172044,1.0,0.0,0.5,none,False,False
172045,1.0,0.0,0.5,none,False,False
172046,1.0,0.0,0.5,none,False,False
172047,1.0,0.0,0.5,none,False,False
172048,1.0,0.0,0.5,none,False,False
172049,1.0,0.0,0.5,none,False,False
172050,1.0,0.0,0.5,none,False,False
172051,1.0,0.0,0.5,none,False,False
172052,1.0,0.0,0.5,none,False,False
172053,1.0,0.0,0.5,none,False,False
172054,1.0,0.0,0.5,none,False,False
172055,1.0,0.0,0.5,none,False,False
172056,1.0,0.0,0.5,none,False,False
172057,1.0,0.0,0.5,none,False,False
172058,1.0,0.0,0.5,none,False,False
172059,1.0,0.0,0.5,none,False,False
172060,1.0,0.0,0.5,none,False,False
172061,1.0,0.0,0.5,none,False,False
172062,1.0,0.0,0.5,none,False,False
172063,1.0,0.0,0.5,none,False,False
172064,1.0,0.0,0.5,none,False,False
172065,1.0,0.0,0.5,none,False,False
172066,1.0,0.0,0.5,none,False,False
172067,1.0,0.0,0.5,none,False,False
172068,1.0,0.0,0.5,none,False,False
172069,1.0,0.0,0.5,none,False,False
172070,1.0,0.0,0.5,none,False,False
172071,1.0,0.0,0.5,none,False,False
172072,1.0,0.0,0.5,none,False,False
172073,1.0,0.0,0.5,none,False,False
172074,1.0,0.0,0.5,none,False,False
172075,1.0,0.0,0.5,none,False,False
172076,1.0,0.0,0.5,none,False,False
172077,1.0,0.0,0.5,none,False,False
172078,1.0,0.0,0.5,none,False,False
172079,1.0,0.0,0.5,none,False,False
172080,1.0,0.0,0.5,none,False,False
172081,1.0,0.0,0.5,none,False,False
172082,1.0,0.0,0.5,none,False,False
172083,1.0,0.0,0.5,none,False,False
172084,1.0,0.0,0.5,none,False,False
172085,1.0,0.0,0.5,none,False,False
172086,1.0,0.0,0.5,none,False,False
172087,1.0,0.0,0.5,none,False,False
172088,1.0,0.0,0.5,none,False,False
172089,1.0,0.0,0.5,none,False,False
172090,1.0,0.0,0.5,none,False,False
172091,1.0,0.0,0.5,none,False,False
172092,1.0,0.0,0.5,none,False,False
172093,1.0,0.0,0.5,none,False,False
172094,1.0,0.0,0.5,none,False,False
172095,1.0,0.0,0.5,none,False,False
172096,1.0,0.0,0.5,none,False,False
172097,1.0,0.0,0.5,none,False,False
172098,1.0,0.0,0.5,none,False,False
172099,1.0,0.0,0.5,none,False,False
172100,1.0,0.0,0.5,none,False,False
172101,1.0,0.0,0.5,none,False,False
172102,1.0,0.0,0.5,none,False,False
172103,1.0,0.0,0.5,none,False,False
172104,1.0,0.0,0.5,none,False,False
172105,1.0,0.0,0.5,none,False,False
172106,1.0,0.0,0.5,none,False,False
172107,1.0,0.0,0.5,none,False,False
172108,1.0,0.0,0.5,none,False,False
172109,1.0,0.0,0.5,none,False,False
172110,1.0,0.0,0.5,none,False,False
172111,1.0,0.0,0.5,none,False,False
172112,1.0,0.0,0.5,none,False,False
172113,1.0,0.0,0.5,none,False,False
172114,1.0,0.0,0.5,none,False,False
172115,1.0,0.0,0.5,none,False,False
172116,1.0,0.0,0.5,none,False,False
172117,1.0,0.0,0.5,none,False,False
172118,1.0,0.0,0.5,none,False,False
172119,1.0,0.0,0.5,none,False,False
172120,1.0,0.0,0.5,none,False,False
172121,1.0,0.0,0.5,none,False,False
172122,1.0,0.0,0.5,none,False,False
172123,1.0,0.0,0.5,none,False,False
172124,1.0,0.0,0.5,none,False,False
172125,1.0,0.0,0.5,none,False,False
172126,1.0,0.0,0.5,none,False,False
172127,1.0,0.0,0.5,none,False,False
172128,1.0,0.0,0.5,none,False,False
172129,1.0,0.0,0.5,none,False,False
172130,1.0,0.0,0.5,none,False,False
172131,1.0,0.0,0.5,none,False,False
172132,1.0,0.0,0.5,none,False,False
172133,1.0,0.0,0.5,none,False,False
172134,1.0,0.0,0.5,none,False,False
172135,1.0,0.0,0.5,none,False,False
172136,1.0,0.0,0.5,none,False,False
172137,1.0,0.0,0.5,none,False,False
172138,1.0,0.0,0.5,none,False,False
172139,1.0,0.0,0.5,none,False,False
172140,1.0,0.0,0.5,none,False,False
172141,1.0,0.0,0.5,none,False,False
172142,1.0,0.0,0.5,none,False,False
172143,1.0,0.0,0.5,none,False,False
172144,1.0,0.0,0.5,none,False,False
172145,1.0,0.0,0.5,none,False,False
172146,1.0,0.0,0.5,none,False,False
172147,1.0,0.0,0.5,none,False,False
172148,1.0,0.0,0.5,none,False,False
172149,1.0,0.0,0.5,none,False,False
172150,1.0,0.0,0.5,none,False,False
172151,1.0,0.0,0.5,none,False,False
172152,1.0,0.0,0.5,none,False,False
172153,1.0,0.0,0.5,none,False,False
172154,1.0,0.0,0.5,none,False,False
172155,1.0,0.0,0.5,none,False,False
172156,1.0,0.0,0.5,none,False,False
172157,1.0,0.0,0.5,none,False,False
172158,1.0,0.0,0.5,none,False,False
172159,1.0,0.0,0.5,none,False,False
172160,1.0,0.0,0.5,none,False,False
172161,1.0,0.0,0.5,none,False,False
172162,1.0,0.0,0.5,none,False,False
172163,1.0,0.0,0.5,none,False,False
172164,1.0,0.0,0.5,none,False,False
172165,1.0,0.0,0.5,none,False,False
172166,1.0,0.0,0.5,none,False,False
172167,1.0,0.0,0.5,none,False,False
172168,1.0,0.0,0.5,none,False,False
172169,1.0,0.0,0.5,none,False,False
172170,1.0,0.0,0.5,none,False,False
172171,1.0,0.0,0.5,none,False,False
172172,1.0,0.0,0.5,none,False,False
172173,1.0,0.0,0.5,none,False,False
172174,1.0,0.0,0.5,none,False,False
172175,1.0,0.0,0.5,none,False,False
172176,1.0,0.0,0.5,none,False,False
172177,1.0,0.0,0.5,none,False,False
172178,1.0,0.0,0.5,none,False,False
172179,1.0,0.0,0.5,none,False,False
172180,1.0,0.0,0.5,none,False,False
172181,1.0,0.0,0.5,none,False,False
172182,1.0,0.0,0.5,none,False,False
172183,1.0,0.0,0.5,none,False,False
172184,1.0,0.0,0.5,none,False,False
172185,1.0,0.0,0.5,none,False,False
172186,1.0,0.0,0.5,none,False,False
172187,1.0,0.0,0.5,none,False,False
172188,1.0,0.0,0.5,none,False,False
172189,1.0,0.0,0.5,none,False,False
172190,1.0,0.0,0.5,none,False,False
172191,1.0,0.0,0.5,none,False,False
172192,1.0,0.0,0.5,none,False,False
172193,1.0,0.0,0.5,none,False,False
172194,1.0,0.0,0.5,none,False,False
172195,1.0,0.0,0.5,none,False,False
172196,1.0,0.0,0.5,none,False,False
172197,1.0,0.0,0.5,none,False,False
172198,1.0,0.0,0.5,none,False,False
172199,1.0,0.0,0.5,none,False,False
172200,1.0,0.0061,0.5,none,False,False
172201,1.0,0.0357,0.5,none,False,False
172202,1.0,0.0812,0.5,none,False,False
172203,1.0,0.1113,0.5,none,False,False
172204,1.0,0.1253,0.5,none,False,False
172205,1.0,0.1408,0.5,none,False,False
172206,1.0,0.0907,0.5,none,False,False
172207,1.0,0.1198,0.5,none,False,False
172208,1.0,0.0467,0.5,none,False,False
172209,1.0,0.0522,0.5,none,False,False
172210,1.0,0.0405,0.5,none,False,False
172211,1.0,0.0313,0.5,none,False,False
172212,1.0,0.0083,0.5,none,False,False
172213,1.0,0.0726,0.5,none,False,False
172214,1.0,0.0793,0.5,none,False,False
172215,1.0,0.0581,0.5,none,False,False
172216,1.0,0.0955,0.5,none,False,False
172217,1.0,0.0839,0.5,none,False,False
172218,1.0,0.0648,0.5,none,False,False
172219,1.0,0.0718,0.5,none,False,False
172220,1.0,0.0589,0.5,none,False,False
172221,1.0,0.0403,0.5,none,False,False
172222,1.0,0.0327,0.5,none,False,False
172223,1.0,0.0277,0.5,none,False,False
172224,1.0,0.017,0.5,none,False,False
172225,1.0,0.0102,0.5,none,False,False
172226,1.0,0.0099,0.5,none,False,False
172227,1.0,0.008,0.5,none,False,False
172228,1.0,0.005,0.5,none,False,False
172229,1.0,0.0063,0.5,none,False,False
172230,1.0,0.009,0.5,none,False,False
172231,1.0,0.0096,0.5,none,False,False
172232,1.0,0.0108,0.5,none,False,False
172233,1.0,0.014,0.5,none,False,False
172234,1.0,0.0161,0.5,none,False,False
172235,1.0,0.0167,0.5,none,False,False
172236,1.0,0.0182,0.5,none,False,False
172237,1.0,0.0196,0.5,none,False,False
172238,1.0,0.0197,0.5,none,False,False
172239,1.0,0.0193,0.5,none,False,False
172240,1.0,0.0193,0.5,none,False,False
172241,1.0,0.0187,0.5,none,False,False
172242,1.0,0.0174,0.5,none,False,False
172243,1.0,0.0163,0.5,none,False,False
172244,1.0,0.0152,0.5,none,False,False
172245,1.0,0.0138,0.5,none,False,False
172246,1.0,0.0123,0.5,none,False,False
172247,1.0,0.0111,0.5,none,False,False
172248,1.0,0.01,0.5,none,False,False
172249,1.0,0.0088,0.5,none,False,False
172250,1.0,0.0078,0.5,none,False,False
172251,1.0,0.0071,0.5,none,False,False
172252,1.0,0.0064,0.5,none,False,False
172253,1.0,0.0057,0.5,none,False,False
172254,1.0,0.0053,0.5,none,False,False
172255,1.0,0.005,0.5,none,False,False
172256,1.0,0.0047,0.5,none,False,False
172257,1.0,0.0045,0.5,none,False,False
172258,1.0,0.0044,0.5,none,False,False
172259,1.0,0.0043,0.5,none,False,False
172260,1.0,0.0042,0.5,none,False,False
172261,1.0,0.0041,0.5,none,False,False
172262,1.0,0.004,0.5,none,False,False
172263,1.0,0.0039,0.5,none,False,False
172264,1.0,0.0038,0.5,none,False,False
172265,1.0,0.0037,0.5,none,False,False
172266,1.0,0.0035,0.5,none,False,False
172267,1.0,0.0033,0.5,none,False,False
172268,1.0,0.0032,0.5,none,False,False
172269,1.0,0.003,0.5,none,False,False
172270,1.0,0.0028,0.5,none,False,False
172271,1.0,0.0026,0.5,none,False,False
172272,1.0,0.0024,0.5,none,False,False
172273,1.0,0.0023,0.5,none,False,False
172274,1.0,0.0021,0.5,none,False,False
172275,1.0,0.0019,0.5,none,False,False
172276,1.0,0.0018,0.5,none,False,False
172277,1.0,0.0017,0.5,none,False,False
172278,1.0,0.0015,0.5,none,False,False
172279,1.0,0.0014,0.5,none,False,False
172280,1.0,0.0013,0.5,none,False,False
172281,1.0,0.0013,0.5,none,False,False
172282,1.0,0.0012,0.5,none,False,False
172283,1.0,0.0011,0.5,none,False,False
172284,1.0,0.0011,0.5,none,False,False
172285,1.0,0.001,0.5,none,False,False
172286,1.0,0.001,0.5,none,False,False
172287,1.0,0.0009,0.5,none,False,False
172288,1.0,0.0009,0.5,none,False,False
172289,1.0,0.0008,0.5,none,False,False
172290,1.0,0.0008,0.5,none,False,False
172291,1.0,0.0008,0.5,none,False,False
172292,1.0,0.0007,0.5,none,False,False
172293,1.0,0.0007,0.5,none,False,False
172294,1.0,0.0006,0.5,none,False,False
172295,1.0,0.0006,0.5,none,False,False
172296,1.0,0.0006,0.5,none,False,False
172297,1.0,0.0005,0.5,none,False,False
172298,1.0,0.0005,0.5,none,False,False
172299,1.0,0.0005,0.5,none,False,False
172300,1.0,0.0004,0.5,none,False,False
172301,1.0,0.0004,0.5,none,False,False
172302,1.0,0.0004,0.5,none,False,False
172303,1.0,0.0004,0.5,none,False,False
172304,1.0,0.0003,0.5,none,False,False
172305,1.0,0.0003,0.5,none,False,False
172306,1.0,0.0003,0.5,none,False,False
172307,1.0,0.0003,0.5,none,False,False
172308,1.0,0.0003,0.5,none,False,False
172309,1.0,0.0003,0.5,none,False,False
172310,1.0,0.0002,0.5,none,False,False
172311,1.0,0.0002,0.5,none,False,False
172312,1.0,0.0002,0.5,none,False,False
172313,1.0,0.0002,0.5,none,False,False
172314,1.0,0.0002,0.5,none,False,False
172315,1.0,0.0002,0.5,none,False,False
172316,1.0,0.0002,0.5,none,False,False
172317,1.0,0.0002,0.5,none,False,False
172318,1.0,0.0002,0.5,none,False,False
172319,1.0,0.0001,0.5,none,False,False
172320,1.0,0.0001,0.5,none,False,False
172321,1.0,0.0001,0.5,none,False,False
172322,1.0,0.0001,0.5,none,False,False
172323,1.0,0.0001,0.5,none,False,False
172324,1.0,0.0001,0.5,none,False,False
172325,1.0,0.0001,0.5,none,False,False
172326,1.0,0.0001,0.5,none,False,False
172327,1.0,0.0001,0.5,none,False,False
172328,1.0,0.0001,0.5,none,False,False
172329,1.0,0.0001,0.5,none,False,False
172330,1.0,0.0001,0.5,none,False,False
172331,1.0,0.0001,0.5,none,False,False
172332,1.0,0.0001,0.5,none,False,False
172333,1.0,0.0001,0.5,none,False,False
172334,1.0,0.0001,0.5,none,False,False
172335,1.0,0.0001,0.5,none,False,False
172336,1.0,0.0001,0.5,none,False,False
172337,1.0,0.0,0.5,none,False,False
172338,1.0,0.0,0.5,none,False,False
172339,1.0,0.0,0.5,none,False,False
172340,1.0,0.0,0.5,none,False,False
172341,1.0,0.0,0.5,none,False,False
172342,1.0,0.0,0.5,none,False,False
172343,1.0,0.0,0.5,none,False,False
172344,1.0,0.0,0.5,none,False,False
172345,1.0,0.0,0.5,none,False,False
172346,1.0,0.0,0.5,none,False,False
172347,1.0,0.0,0.5,none,False,False
172348,1.0,0.0,0.5,none,False,False
172349,1.0,0.0,0.5,none,False,False
172350,1.0,0.0,0.5,none,False,False
172351,1.0,0.0,0.5,none,False,False
172352,1.0,0.0,0.5,none,False,False
172353,1.0,0.0,0.5,none,False,False
172354,1.0,0.0,0.5,none,False,False
172355,1.0,0.0,0.5,none,False,False
172356,1.0,0.0,0.5,none,False,False
172357,1.0,0.0,0.5,none,False,False
172358,1.0,0.0,0.5,none,False,False
172359,1.0,0.0,0.5,none,False,False
172360,1.0,0.0,0.5,none,False,False
172361,1.0,0.0,0.5,none,False,False
172362,1.0,0.0,0.5,none,False,False
172363,1.0,0.0,0.5,none,False,False
172364,1.0,0.0,0.5,none,False,False
172365,1.0,0.0,0.5,none,False,False
172366,1.0,0.0,0.5,none,False,False
172367,1.0,0.0,0.5,none,False,False
172368,1.0,0.0,0.5,none,False,False
172369,1.0,0.0,0.5,none,False,False
172370,1.0,0.0,0.5,none,False,False
172371,1.0,0.0,0.5,none,False,False
172372,1.0,0.0,0.5,none,False,False
172373,1.0,0.0,0.5,none,False,False
172374,1.0,0.0,0.5,none,False,False
172375,1.0,0.0,0.5,none,False,False
172376,1.0,0.0,0.5,none,False,False
172377,1.0,0.0,0.5,none,False,False
172378,1.0,0.0,0.5,none,False,False
172379,1.0,0.0,0.5,none,False,False
172380,1.0,0.0,0.5,none,False,False
172381,1.0,0.0,0.5,none,False,False
172382,1.0,0.0,0.5,none,False,False
172383,1.0,0.0,0.5,none,False,False
172384,1.0,0.0,0.5,none,False,False
172385,1.0,0.0,0.5,none,False,False
172386,1.0,0.0,0.5,none,False,False
172387,1.0,0.0,0.5,none,False,False
172388,1.0,0.0,0.5,none,False,False
172389,1.0,0.0,0.5,none,False,False
172390,1.0,0.0,0.5,none,False,False
172391,1.0,0.0,0.5,none,False,False
172392,1.0,0.0,0.5,none,False,False
172393,1.0,0.0,0.5,none,False,False
172394,1.0,0.0,0.5,none,False,False
172395,1.0,0.0,0.5,none,False,False
172396,1.0,0.0,0.5,none,False,False
172397,1.0,0.0,0.5,none,False,False
172398,1.0,0.0,0.5,none,False,False
172399,1.0,0.0,0.5,none,False,False
172400,1.0,0.0,0.5,none,False,False
172401,1.0,0.0,0.5,none,False,False
172402,1.0,0.0,0.5,none,False,False
172403,1.0,0.0,0.5,none,False,False
172404,1.0,0.0,0.5,none,False,False
172405,1.0,0.0,0.5,none,False,False
172406,1.0,0.0,0.5,none,False,False
172407,1.0,0.0,0.5,none,False,False
172408,1.0,0.0,0.5,none,False,False
172409,1.0,0.0,0.5,none,False,False
172410,1.0,0.0,0.5,none,False,False
172411,1.0,0.0,0.5,none,False,False
172412,1.0,0.0,0.5,none,False,False
172413,1.0,0.0,0.5,none,False,False
172414,1.0,0.0,0.5,none,False,False
172415,1.0,0.0,0.5,none,False,False
172416,1.0,0.0,0.5,none,False,False
172417,1.0,0.0,0.5,none,False,False
172418,1.0,0.0,0.5,none,False,False
172419,1.0,0.0,0.5,none,False,False
172420,1.0,0.0,0.5,none,False,False
172421,1.0,0.0,0.5,none,False,False
172422,1.0,0.0,0.5,none,False,False
172423,1.0,0.0,0.5,none,False,False
172424,1.0,0.0,0.5,none,False,False
172425,1.0,0.0,0.5,none,False,False
172426,1.0,0.0,0.5,none,False,False
172427,1.0,0.0,0.5,none,False,False
172428,1.0,0.0,0.5,none,False,False
172429,1.0,0.0,0.5,none,False,False
172430,1.0,0.0,0.5,none,False,False
172431,1.0,0.0,0.5,none,False,False
172432,1.0,0.0,0.5,none,False,False
172433,1.0,0.0,0.5,none,False,False
172434,1.0,0.0,0.5,none,False,False
172435,1.0,0.0,0.5,none,False,False
172436,1.0,0.0,0.5,none,False,False
172437,1.0,0.0,0.5,none,False,False
172438,1.0,0.0,0.5,none,False,False
172439,1.0,0.0,0.5,none,False,False
172440,1.0,0.0,0.5,none,False,False
172441,1.0,0.0,0.5,none,False,False
172442,1.0,0.0,0.5,none,False,False
172443,1.0,0.0,0.5,none,False,False
172444,1.0,0.0,0.5,none,False,False
172445,1.0,0.0,0.5,none,False,False
172446,1.0,0.0,0.5,none,False,False
172447,1.0,0.0,0.5,none,False,False
172448,1.0,0.0,0.5,none,False,False
172449,1.0,0.0,0.5,none,False,False
172450,1.0,0.0,0.5,none,False,False
172451,1.0,0.0,0.5,none,False,False
172452,1.0,0.0,0.5,none,False,False
172453,1.0,0.0,0.5,none,False,False
172454,1.0,0.0,0.5,none,False,False
172455,1.0,0.0,0.5,none,False,False
172456,1.0,0.0,0.5,none,False,False
172457,1.0,0.0,0.5,none,False,False
172458,1.0,0.0,0.5,none,False,False
172459,1.0,0.0,0.5,none,False,False
172460,1.0,0.0,0.5,none,False,False
172461,1.0,0.0,0.5,none,False,False
172462,1.0,0.0,0.5,none,False,False
172463,1.0,0.0,0.5,none,False,False
172464,1.0,0.0,0.5,none,False,False
172465,1.0,0.0,0.5,none,False,False
172466,1.0,0.0,0.5,none,False,False
172467,1.0,0.0,0.5,none,False,False
172468,1.0,0.0,0.5,none,False,False
172469,1.0,0.0,0.5,none,False,False
172470,1.0,0.0,0.5,none,False,False
172471,1.0,0.0,0.5,none,False,False
172472,1.0,0.0,0.5,none,False,False
172473,1.0,0.0,0.5,none,False,False
172474,1.0,0.0,0.5,none,False,False
172475,1.0,0.0,0.5,none,False,False
172476,1.0,0.0,0.5,none,False,False
172477,1.0,0.0,0.5,none,False,False
172478,1.0,0.0,0.5,none,False,False
172479,1.0,0.0,0.5,none,False,False
172480,1.0,0.0,0.5,none,False,False
172481,1.0,0.0,0.5,none,False,False
172482,1.0,0.0,0.5,none,False,False
172483,1.0,0.0,0.5,none,False,False
172484,1.0,0.0,0.5,none,False,False
172485,1.0,0.0,0.5,none,False,False
172486,1.0,0.0,0.5,none,False,False
172487,1.0,0.0,0.5,none,False,False
172488,1.0,0.0,0.5,none,False,False
172489,1.0,0.0,0.5,none,False,False
172490,1.0,0.0,0.5,none,False,False
172491,1.0,0.0,0.5,none,False,False
172492,1.0,0.0,0.5,none,False,False
172493,1.0,0.0,0.5,none,False,False
172494,1.0,0.0,0.5,none,False,False
172495,1.0,0.0,0.5,none,False,False
172496,1.0,0.0,0.5,none,False,False
172497,1.0,0.0,0.5,none,False,False
172498,1.0,0.0,0.5,none,False,False
172499,1.0,0.0,0.5,none,False,False
172500,1.0,0.0,0.5,none,False,False
172501,1.0,0.0,0.5,none,False,False
172502,1.0,0.0,0.5,none,False,False
172503,1.0,0.0,0.5,none,False,False
172504,1.0,0.0,0.5,none,False,False
172505,1.0,0.0,0.5,none,False,False
172506,1.0,0.0,0.5,none,False,False
172507,1.0,0.0,0.5,none,False,False
172508,1.0,0.0,0.5,none,False,False
172509,1.0,0.0,0.5,none,False,False
172510,1.0,0.0,0.5,none,False,False
172511,1.0,0.0,0.5,none,False,False
172512,1.0,0.0,0.5,none,False,False
172513,1.0,0.0,0.5,none,False,False
172514,1.0,0.0,0.5,none,False,False
172515,1.0,0.0,0.5,none,False,False
172516,1.0,0.0,0.5,none,False,False
172517,1.0,0.0,0.5,none,False,False
172518,1.0,0.0,0.5,none,False,False
172519,1.0,0.0,0.5,none,False,False
172520,1.0,0.0,0.5,none,False,False
172521,1.0,0.0,0.5,none,False,False
172522,1.0,0.0,0.5,none,False,False
172523,1.0,0.0,0.5,none,False,False
172524,1.0,0.0,0.5,none,False,False
172525,1.0,0.0,0.5,none,False,False
172526,1.0,0.0,0.5,none,False,False
172527,1.0,0.0,0.5,none,False,False
172528,1.0,0.0,0.5,none,False,False
172529,1.0,0.0,0.5,none,False,False
172530,1.0,0.0,0.5,none,False,False
172531,1.0,0.0,0.5,none,False,False
172532,1.0,0.0,0.5,none,False,False
172533,1.0,0.0,0.5,none,False,False
172534,1.0,0.0,0.5,none,False,False
172535,1.0,0.0,0.5,none,False,False
172536,1.0,0.0,0.5,none,False,False
172537,1.0,0.0,0.5,none,False,False
172538,1.0,0.0,0.5,none,False,False
172539,1.0,0.0,0.5,none,False,False
172540,1.0,0.0,0.5,none,False,False
172541,1.0,0.0,0.5,none,False,False
172542,1.0,0.0,0.5,none,False,False
172543,1.0,0.0,0.5,none,False,False
172544,1.0,0.0,0.5,none,False,False
172545,1.0,0.0,0.5,none,False,False
172546,1.0,0.0,0.5,none,False,False
172547,1.0,0.0,0.5,none,False,False
172548,1.0,0.0,0.5,none,False,False
172549,1.0,0.0,0.5,none,False,False
172550,1.0,0.0,0.5,none,False,False
172551,1.0,0.0,0.5,none,False,False
172552,1.0,0.0,0.5,none,False,False
172553,1.0,0.0,0.5,none,False,False
172554,1.0,0.0,0.5,none,False,False
172555,1.0,0.0,0.5,none,False,False
172556,1.0,0.0,0.5,none,False,False
172557,1.0,0.0,0.5,none,False,False
172558,1.0,0.0,0.5,none,False,False
172559,1.0,0.0,0.5,none,False,False
172560,1.0,0.0,0.5,none,False,False
172561,1.0,0.0,0.5,none,False,False
172562,1.0,0.0,0.5,none,False,False
172563,1.0,0.0,0.5,none,False,False
172564,1.0,0.0,0.5,none,False,False
172565,1.0,0.0,0.5,none,False,False
172566,1.0,0.0,0.5,none,False,False
172567,1.0,0.0,0.5,none,False,False
172568,1.0,0.0,0.5,none,False,False
172569,1.0,0.0,0.5,none,False,False
172570,1.0,0.0,0.5,none,False,False
172571,1.0,0.0,0.5,none,False,False
172572,1.0,0.0,0.5,none,False,False
172573,1.0,0.0,0.5,none,False,False
172574,1.0,0.0,0.5,none,False,False
172575,1.0,0.0,0.5,none,False,False
172576,1.0,0.0,0.5,none,False,False
172577,1.0,0.0,0.5,none,False,False
172578,1.0,0.0,0.5,none,False,False
172579,1.0,0.0,0.5,none,False,False
172580,1.0,0.0,0.5,none,False,False
172581,1.0,0.0,0.5,none,False,False
172582,1.0,0.0,0.5,none,False,False
172583,1.0,0.0,0.5,none,False,False
172584,1.0,0.0,0.5,none,False,False
172585,1.0,0.0,0.5,none,False,False
172586,1.0,0.0,0.5,none,False,False
172587,1.0,0.0,0.5,none,False,False
172588,1.0,0.0,0.5,none,False,False
172589,1.0,0.0,0.5,none,False,False
172590,1.0,0.0,0.5,none,False,False
172591,1.0,0.0,0.5,none,False,False
172592,1.0,0.0,0.5,none,False,False
172593,1.0,0.0,0.5,none,False,False
172594,1.0,0.0,0.5,none,False,False
172595,1.0,0.0,0.5,none,False,False
172596,1.0,0.0,0.5,none,False,False
172597,1.0,0.0,0.5,none,False,False
172598,1.0,0.0,0.5,none,False,False
172599,1.0,0.0,0.5,none,False,False
172600,1.0,0.0,0.5,none,False,False
172601,1.0,0.0,0.5,none,False,False
172602,1.0,0.0,0.5,none,False,False
172603,1.0,0.0,0.5,none,False,False
172604,1.0,0.0,0.5,none,False,False
172605,1.0,0.0,0.5,none,False,False
172606,1.0,0.0,0.5,none,False,False
172607,1.0,0.0,0.5,none,False,False
172608,1.0,0.0,0.5,none,False,False
172609,1.0,0.0,0.5,none,False,False
172610,1.0,0.0,0.5,none,False,False
172611,1.0,0.0,0.5,none,False,False
172612,1.0,0.0,0.5,none,False,False
172613,1.0,0.0,0.5,none,False,False
172614,1.0,0.0,0.5,none,False,False
172615,1.0,0.0,0.5,none,False,False
172616,1.0,0.0,0.5,none,False,False
172617,1.0,0.0,0.5,none,False,False
172618,1.0,0.0,0.5,none,False,False
172619,1.0,0.0,0.5,none,False,False
172620,1.0,0.0,0.5,none,False,False
172621,1.0,0.0,0.5,none,False,False
172622,1.0,0.0,0.5,none,False,False
172623,1.0,0.0,0.5,none,False,False
172624,1.0,0.0,0.5,none,False,False
172625,1.0,0.0,0.5,none,False,False
172626,1.0,0.0,0.5,none,False,False
172627,1.0,0.0,0.5,none,False,False
172628,1.0,0.0,0.5,none,False,False
172629,1.0,0.0,0.5,none,False,False
172630,1.0,0.0,0.5,none,False,False
172631,1.0,0.0,0.5,none,False,False
172632,1.0,0.0,0.5,none,False,False
172633,1.0,0.0,0.5,none,False,False
172634,1.0,0.0,0.5,none,False,False
172635,1.0,0.0,0.5,none,False,False
172636,1.0,0.0,0.5,none,False,False
172637,1.0,0.0,0.5,none,False,False
172638,1.0,0.0,0.5,none,False,False
172639,1.0,0.0,0.5,none,False,False
172640,1.0,0.0,0.5,none,False,False
172641,1.0,0.0,0.5,none,False,False
172642,1.0,0.0,0.5,none,False,False
172643,1.0,0.0,0.5,none,False,False
172644,1.0,0.0,0.5,none,False,False
172645,1.0,0.0,0.5,none,False,False
172646,1.0,0.0,0.5,none,False,False
172647,1.0,0.0,0.5,none,False,False
172648,1.0,0.0,0.5,none,False,False
172649,1.0,0.0,0.5,none,False,False
172650,1.0,0.0,0.5,none,False,False
172651,1.0,0.0,0.5,none,False,False
172652,1.0,0.0,0.5,none,False,False
172653,1.0,0.0,0.5,none,False,False
172654,1.0,0.0,0.5,none,False,False
172655,1.0,0.0,0.5,none,False,False
172656,1.0,0.0,0.5,none,False,False
172657,1.0,0.0,0.5,none,False,False
172658,1.0,0.0,0.5,none,False,False
172659,1.0,0.0,0.5,none,False,False
172660,1.0,0.0,0.5,none,False,False
172661,1.0,0.0,0.5,none,False,False
172662,1.0,0.0,0.5,none,False,False
172663,1.0,0.0,0.5,none,False,False
172664,1.0,0.0,0.5,none,False,False
172665,1.0,0.0,0.5,none,False,False
172666,1.0,0.0,0.5,none,False,False
172667,1.0,0.0,0.5,none,False,False
172668,1.0,0.0,0.5,none,False,False
172669,1.0,0.0,0.5,none,False,False
172670,1.0,0.0,0.5,none,False,False
172671,1.0,0.0,0.5,none,False,False
172672,1.0,0.0,0.5,none,False,False
172673,1.0,0.0,0.5,none,False,False
172674,1.0,0.0,0.5,none,False,False
172675,1.0,0.0,0.5,none,False,False
172676,1.0,0.0,0.5,none,False,False
172677,1.0,0.0,0.5,none,False,False
172678,1.0,0.0,0.5,none,False,False
172679,1.0,0.0,0.5,none,False,False
172680,1.0,0.0,0.5,none,False,False
172681,1.0,0.0,0.5,none,False,False
172682,1.0,0.0,0.5,none,False,False
172683,1.0,0.0,0.5,none,False,False
172684,1.0,0.0,0.5,none,False,False
172685,1.0,0.0,0.5,none,False,False
172686,1.0,0.0,0.5,none,False,False
172687,1.0,0.0,0.5,none,False,False
172688,1.0,0.0,0.5,none,False,False
172689,1.0,0.0,0.5,none,False,False
172690,1.0,0.0,0.5,none,False,False
172691,1.0,0.0,0.5,none,False,False
172692,1.0,0.0,0.5,none,False,False
172693,1.0,0.0,0.5,none,False,False
172694,1.0,0.0,0.5,none,False,False
172695,1.0,0.0,0.5,none,False,False
172696,1.0,0.0,0.5,none,False,False
172697,1.0,0.0,0.5,none,False,False
172698,1.0,0.0,0.5,none,False,False
172699,1.0,0.0,0.5,none,False,False
172700,1.0,0.0,0.5,none,False,False
172701,1.0,0.0,0.5,none,False,False
172702,1.0,0.0,0.5,none,False,False
172703,1.0,0.0,0.5,none,False,False
172704,1.0,0.0,0.5,none,False,False
172705,1.0,0.0,0.5,none,False,False
172706,1.0,0.0,0.5,none,False,False
172707,1.0,0.0,0.5,none,False,False
172708,1.0,0.0,0.5,none,False,False
172709,1.0,0.0,0.5,none,False,False
172710,1.0,0.0,0.5,none,False,False
172711,1.0,0.0,0.5,none,False,False
172712,1.0,0.0,0.5,none,False,False
172713,1.0,0.0,0.5,none,False,False
172714,1.0,0.0,0.5,none,False,False
172715,1.0,0.0,0.5,none,False,False
172716,1.0,0.0,0.5,none,False,False
172717,1.0,0.0,0.5,none,False,False
172718,1.0,0.0,0.5,none,False,False
172719,1.0,0.0,0.5,none,False,False
172720,1.0,0.0,0.5,none,False,False
172721,1.0,0.0,0.5,none,False,False
172722,1.0,0.0,0.5,none,False,False
172723,1.0,0.0,0.5,none,False,False
172724,1.0,0.0,0.5,none,False,False
172725,1.0,0.0,0.5,none,False,False
172726,1.0,0.0,0.5,none,False,False
172727,1.0,0.0,0.5,none,False,False
172728,1.0,0.0,0.5,none,False,False
172729,1.0,0.0,0.5,none,False,False
172730,1.0,0.0,0.5,none,False,False
172731,1.0,0.0,0.5,none,False,False
172732,1.0,0.0,0.5,none,False,False
172733,1.0,0.0,0.5,none,False,False
172734,1.0,0.0,0.5,none,False,False
172735,1.0,0.0,0.5,none,False,False
172736,1.0,0.0,0.5,none,False,False
172737,1.0,0.0,0.5,none,False,False
172738,1.0,0.0,0.5,none,False,False
172739,1.0,0.0,0.5,none,False,False
172740,1.0,0.0,0.5,none,False,False
172741,1.0,0.0,0.5,none,False,False
172742,1.0,0.0,0.5,none,False,False
172743,1.0,0.0,0.5,none,False,False
172744,1.0,0.0,0.5,none,False,False
172745,1.0,0.0,0.5,none,False,False
172746,1.0,0.0,0.5,none,False,False
172747,1.0,0.0,0.5,none,False,False
172748,1.0,0.0,0.5,none,False,False
172749,1.0,0.0,0.5,none,False,False
172750,1.0,0.0,0.5,none,False,False
172751,1.0,0.0,0.5,none,False,False
172752,1.0,0.0,0.5,none,False,False
172753,1.0,0.0,0.5,none,False,False
172754,1.0,0.0,0.5,none,False,False
172755,1.0,0.0,0.5,none,False,False
172756,1.0,0.0,0.5,none,False,False
172757,1.0,0.0,0.5,none,False,False
172758,1.0,0.0,0.5,none,False,False
172759,1.0,0.0,0.5,none,False,False
172760,1.0,0.0,0.5,none,False,False
172761,1.0,0.0,0.5,none,False,False
172762,1.0,0.0,0.5,none,False,False
172763,1.0,0.0,0.5,none,False,False
172764,1.0,0.0,0.5,none,False,False
172765,1.0,0.0,0.5,none,False,False
172766,1.0,0.0,0.5,none,False,False
172767,1.0,0.0,0.5,none,False,False
172768,1.0,0.0,0.5,none,False,False
172769,1.0,0.0,0.5,none,False,False
172770,1.0,0.0,0.5,none,False,False
172771,1.0,0.0,0.5,none,False,False
172772,1.0,0.0,0.5,none,False,False
172773,1.0,0.0,0.5,none,False,False
172774,1.0,0.0,0.5,none,False,False
172775,1.0,0.0,0.5,none,False,False
172776,1.0,0.0,0.5,none,False,False
172777,1.0,0.0,0.5,none,False,False
172778,1.0,0.0,0.5,none,False,False
172779,1.0,0.0,0.5,none,False,False
172780,1.0,0.0,0.5,none,False,False
172781,1.0,0.0,0.5,none,False,False
172782,1.0,0.0,0.5,none,False,False
172783,1.0,0.0,0.5,none,False,False
172784,1.0,0.0,0.5,none,False,False
172785,1.0,0.0,0.5,none,False,False
172786,1.0,0.0,0.5,none,False,False
172787,1.0,0.0,0.5,none,False,False
172788,1.0,0.0,0.5,none,False,False
172789,1.0,0.0,0.5,none,False,False
172790,1.0,0.0,0.5,none,False,False
172791,1.0,0.0,0.5,none,False,False
172792,1.0,0.0,0.5,none,False,False
172793,1.0,0.0,0.5,none,False,False
172794,1.0,0.0,0.5,none,False,False
172795,1.0,0.0,0.5,none,False,False
172796,1.0,0.0,0.5,none,False,False
172797,1.0,0.0,0.5,none,False,False
172798,1.0,0.0,0.5,none,False,False
172799,1.0,0.0,0.5,none,False,False
172800,1.0,0.0,0.5,none,False,False
172801,1.0,0.0,0.5,none,False,False
172802,1.0,0.0,0.5,none,False,False
172803,1.0,0.0,0.5,none,False,False
172804,1.0,0.0,0.5,none,False,False
172805,1.0,0.0,0.5,none,False,False
172806,1.0,0.0,0.5,none,False,False
172807,1.0,0.0,0.5,none,False,False
172808,1.0,0.0,0.5,none,False,False
172809,1.0,0.0,0.5,none,False,False
172810,1.0,0.0,0.5,none,False,False
172811,1.0,0.0,0.5,none,False,False
172812,1.0,0.0,0.5,none,False,False
172813,1.0,0.0,0.5,none,False,False
172814,1.0,0.0,0.5,none,False,False
172815,1.0,0.0,0.5,none,False,False
172816,1.0,0.0,0.5,none,False,False
172817,1.0,0.0,0.5,none,False,False
172818,1.0,0.0,0.5,none,False,False
172819,1.0,0.0,0.5,none,False,False
172820,1.0,0.0,0.5,none,False,False
172821,1.0,0.0,0.5,none,False,False
172822,1.0,0.0,0.5,none,False,False
172823,1.0,0.0,0.5,none,False,False
172824,1.0,0.0,0.5,none,False,False
172825,1.0,0.0,0.5,none,False,False
172826,1.0,0.0,0.5,none,False,False
172827,1.0,0.0,0.5,none,False,False
172828,1.0,0.0,0.5,none,False,False
172829,1.0,0.0,0.5,none,False,False
172830,1.0,0.0,0.5,none,False,False
172831,1.0,0.0,0.5,none,False,False
172832,1.0,0.0,0.5,none,False,False
172833,1.0,0.0,0.5,none,False,False
172834,1.0,0.0,0.5,none,False,False
172835,1.0,0.0,0.5,none,False,False
172836,1.0,0.0,0.5,none,False,False
172837,1.0,0.0,0.5,none,False,False
172838,1.0,0.0,0.5,none,False,False
172839,1.0,0.0,0.5,none,False,False
172840,1.0,0.0,0.5,none,False,False
172841,1.0,0.0,0.5,none,False,False
172842,1.0,0.0,0.5,none,False,False
172843,1.0,0.0,0.5,none,False,False
172844,1.0,0.0,0.5,none,False,False
172845,1.0,0.0,0.5,none,False,False
172846,1.0,0.0,0.5,none,False,False
172847,1.0,0.0,0.5,none,False,False
172848,1.0,0.0,0.5,none,False,False
172849,1.0,0.0,0.5,none,False,False
172850,1.0,0.0,0.5,none,False,False
172851,1.0,0.0,0.5,none,False,False
172852,1.0,0.0,0.5,none,False,False
172853,1.0,0.0,0.5,none,False,False
172854,1.0,0.0,0.5,none,False,False
172855,1.0,0.0,0.5,none,False,False
172856,1.0,0.0,0.5,none,False,False
172857,1.0,0.0,0.5,none,False,False
172858,1.0,0.0,0.5,none,False,False
172859,1.0,0.0,0.5,none,False,False
172860,1.0,0.0,0.5,none,False,False
172861,1.0,0.0,0.5,none,False,False
172862,1.0,0.0,0.5,none,False,False
172863,1.0,0.0,0.5,none,False,False
172864,1.0,0.0,0.5,none,False,False
172865,1.0,0.0,0.5,none,False,False
172866,1.0,0.0,0.5,none,False,False
172867,1.0,0.0,0.5,none,False,False
172868,1.0,0.0,0.5,none,False,False
172869,1.0,0.0,0.5,none,False,False
172870,1.0,0.0,0.5,none,False,False
172871,1.0,0.0,0.5,none,False,False
172872,1.0,0.0,0.5,none,False,False
172873,1.0,0.0,0.5,none,False,False
172874,1.0,0.0,0.5,none,False,False
172875,1.0,0.0,0.5,none,False,False
172876,1.0,0.0,0.5,none,False,False
172877,1.0,0.0,0.5,none,False,False
172878,1.0,0.0,0.5,none,False,False
172879,1.0,0.0,0.5,none,False,False
172880,1.0,0.0,0.5,none,False,False
172881,1.0,0.0,0.5,none,False,False
172882,1.0,0.0,0.5,none,False,False
172883,1.0,0.0,0.5,none,False,False
172884,1.0,0.0,0.5,none,False,False
172885,1.0,0.0,0.5,none,False,False
172886,1.0,0.0,0.5,none,False,False
172887,1.0,0.0,0.5,none,False,False
172888,1.0,0.0,0.5,none,False,False
172889,1.0,0.0,0.5,none,False,False
172890,1.0,0.0,0.5,none,False,False
172891,1.0,0.0,0.5,none,False,False
172892,1.0,0.0,0.5,none,False,False
172893,1.0,0.0,0.5,none,False,False
172894,1.0,0.0,0.5,none,False,False
172895,1.0,0.0,0.5,none,False,False
172896,1.0,0.0,0.5,none,False,False
172897,1.0,0.0,0.5,none,False,False
172898,1.0,0.0,0.5,none,False,False
172899,1.0,0.0,0.5,none,False,False
172900,1.0,0.0061,0.5,none,False,False
172901,1.0,0.0357,0.5,none,False,False
172902,1.0,0.0812,0.5,none,False,False
172903,1.0,0.1113,0.5,none,False,False
172904,1.0,0.1253,0.5,none,False,False
172905,1.0,0.1408,0.5,none,False,False
172906,1.0,0.0907,0.5,none,False,False
172907,1.0,0.1198,0.5,none,False,False
172908,1.0,0.0467,0.5,none,False,False
172909,1.0,0.0522,0.5,none,False,False
172910,1.0,0.0405,0.5,none,False,False
172911,1.0,0.0313,0.5,none,False,False
172912,1.0,0.0083,0.5,none,False,False
172913,1.0,0.0726,0.5,none,False,False
172914,1.0,0.0793,0.5,none,False,False
172915,1.0,0.0581,0.5,none,False,False
172916,1.0,0.0955,0.5,none,False,False
172917,1.0,0.0839,0.5,none,False,False
172918,1.0,0.0648,0.5,none,False,False
172919,1.0,0.0718,0.5,none,False,False
172920,1.0,0.0589,0.5,none,False,False
172921,1.0,0.0403,0.5,none,False,False
172922,1.0,0.0327,0.5,none,False,False
172923,1.0,0.0277,0.5,none,False,False
172924,1.0,0.017,0.5,none,False,False
172925,1.0,0.0102,0.5,none,False,False
172926,1.0,0.0099,0.5,none,False,False
172927,1.0,0.008,0.5,none,False,False
172928,1.0,0.005,0.5,none,False,False
172929,1.0,0.0063,0.5,none,False,False
172930,1.0,0.009,0.5,none,False,False
172931,1.0,0.0096,0.5,none,False,False
172932,1.0,0.0108,0.5,none,False,False
172933,1.0,0.014,0.5,none,False,False
172934,1.0,0.0161,0.5,none,False,False
172935,1.0,0.0167,0.5,none,False,False
172936,1.0,0.0182,0.5,none,False,False
172937,1.0,0.0196,0.5,none,False,False
172938,1.0,0.0197,0.5,none,False,False
172939,1.0,0.0193,0.5,none,False,False
172940,1.0,0.0193,0.5,none,False,False
172941,1.0,0.0187,0.5,none,False,False
172942,1.0,0.0174,0.5,none,False,False
172943,1.0,0.0163,0.5,none,False,False
172944,1.0,0.0152,0.5,none,False,False
172945,1.0,0.0138,0.5,none,False,False
172946,1.0,0.0123,0.5,none,False,False
172947,1.0,0.0111,0.5,none,False,False
172948,1.0,0.01,0.5,none,False,False
172949,1.0,0.0088,0.5,none,False,False
172950,1.0,0.0078,0.5,none,False,False
172951,1.0,0.0071,0.5,none,False,False
172952,1.0,0.0064,0.5,none,False,False
172953,1.0,0.0057,0.5,none,False,False
172954,1.0,0.0053,0.5,none,False,False
172955,1.0,0.005,0.5,none,False,False
172956,1.0,0.0047,0.5,none,False,False
172957,1.0,0.0045,0.5,none,False,False
172958,1.0,0.0044,0.5,none,False,False
172959,1.0,0.0043,0.5,none,False,False
172960,1.0,0.0042,0.5,none,False,False
172961,1.0,0.0041,0.5,none,False,False
172962,1.0,0.004,0.5,none,False,False
172963,1.0,0.0039,0.5,none,False,False
172964,1.0,0.0038,0.5,none,False,False
172965,1.0,0.0037,0.5,none,False,False
172966,1.0,0.0035,0.5,none,False,False
172967,1.0,0.0033,0.5,none,False,False
172968,1.0,0.0032,0.5,none,False,False
172969,1.0,0.003,0.5,none,False,False
172970,1.0,0.0028,0.5,none,False,False
172971,1.0,0.0026,0.5,none,False,False
172972,1.0,0.0024,0.5,none,False,False
172973,1.0,0.0023,0.5,none,False,False
172974,1.0,0.0021,0.5,none,False,False
172975,1.0,0.0019,0.5,none,False,False
172976,1.0,0.0018,0.5,none,False,False
172977,1.0,0.0017,0.5,none,False,False
172978,1.0,0.0015,0.5,none,False,False
172979,1.0,0.0014,0.5,none,False,False
172980,1.0,0.0013,0.5,none,False,False
172981,1.0,0.0013,0.5,none,False,False
172982,1.0,0.0012,0.5,none,False,False
172983,1.0,0.0011,0.5,none,False,False
172984,1.0,0.0011,0.5,none,False,False
172985,1.0,0.001,0.5,none,False,False
172986,1.0,0.001,0.5,none,False,False
172987,1.0,0.0009,0.5,none,False,False
172988,1.0,0.0009,0.5,none,False,False
172989,1.0,0.0008,0.5,none,False,False
172990,1.0,0.0008,0.5,none,False,False
172991,1.0,0.0008,0.5,none,False,False
172992,1.0,0.0007,0.5,none,False,False
172993,1.0,0.0007,0.5,none,False,False
172994,1.0,0.0006,0.5,none,False,False
172995,1.0,0.0006,0.5,none,False,False
172996,1.0,0.0006,0.5,none,False,False
172997,1.0,0.0005,0.5,none,False,False
172998,1.0,0.0005,0.5,none,False,False
172999,1.0,0.0005,0.5,none,False,False
173000,1.0,0.0004,0.5,none,False,False
173001,1.0,0.0004,0.5,none,False,False
173002,1.0,0.0004,0.5,none,False,False
173003,1.0,0.0004,0.5,none,False,False
173004,1.0,0.0003,0.5,none,False,False
173005,1.0,0.0003,0.5,none,False,False
173006,1.0,0.0003,0.5,none,False,False
173007,1.0,0.0003,0.5,none,False,False
173008,1.0,0.0003,0.5,none,False,False
173009,1.0,0.0003,0.5,none,False,False
173010,1.0,0.0002,0.5,none,False,False
173011,1.0,0.0002,0.5,none,False,False
173012,1.0,0.0002,0.5,none,False,False
173013,1.0,0.0002,0.5,none,False,False
173014,1.0,0.0002,0.5,none,False,False
173015,1.0,0.0002,0.5,none,False,False
173016,1.0,0.0002,0.5,none,False,False
173017,1.0,0.0002,0.5,none,False,False
173018,1.0,0.0002,0.5,none,False,False
173019,1.0,0.0001,0.5,none,False,False
173020,1.0,0.0001,0.5,none,False,False
173021,1.0,0.0001,0.5,none,False,False
173022,1.0,0.0001,0.5,none,False,False
173023,1.0,0.0001,0.5,none,False,False
173024,1.0,0.0001,0.5,none,False,False
173025,1.0,0.0001,0.5,none,False,False
173026,1.0,0.0001,0.5,none,False,False
173027,1.0,0.0001,0.5,none,False,False
173028,1.0,0.0001,0.5,none,False,False
173029,1.0,0.0001,0.5,none,False,False
173030,1.0,0.0001,0.5,none,False,False
173031,1.0,0.0001,0.5,none,False,False
173032,1.0,0.0001,0.5,none,False,False
173033,1.0,0.0001,0.5,none,False,False
173034,1.0,0.0001,0.5,none,False,False
173035,1.0,0.0001,0.5,none,False,False
173036,1.0,0.0001,0.5,none,False,False
173037,1.0,0.0,0.5,none,False,False
173038,1.0,0.0,0.5,none,False,False
173039,1.0,0.0,0.5,none,False,False
173040,1.0,0.0,0.5,none,False,False
173041,1.0,0.0,0.5,none,False,False
173042,1.0,0.0,0.5,none,False,False
173043,1.0,0.0,0.5,none,False,False
173044,1.0,0.0,0.5,none,False,False
173045,1.0,0.0,0.5,none,False,False
173046,1.0,0.0,0.5,none,False,False
173047,1.0,0.0,0.5,none,False,False
173048,1.0,0.0,0.5,none,False,False
173049,1.0,0.0,0.5,none,False,False
173050,1.0,0.0,0.5,none,False,False
173051,1.0,0.0,0.5,none,False,False
173052,1.0,0.0,0.5,none,False,False
173053,1.0,0.0,0.5,none,False,False
173054,1.0,0.0,0.5,none,False,False
173055,1.0,0.0,0.5,none,False,False
173056,1.0,0.0,0.5,none,False,False
173057,1.0,0.0,0.5,none,False,False
173058,1.0,0.0,0.5,none,False,False
173059,1.0,0.0,0.5,none,False,False
173060,1.0,0.0,0.5,none,False,False
173061,1.0,0.0,0.5,none,False,False
173062,1.0,0.0,0.5,none,False,False
173063,1.0,0.0,0.5,none,False,False
173064,1.0,0.0,0.5,none,False,False
173065,1.0,0.0,0.5,none,False,False
173066,1.0,0.0,0.5,none,False,False
173067,1.0,0.0,0.5,none,False,False
173068,1.0,0.0,0.5,none,False,False
173069,1.0,0.0,0.5,none,False,False
173070,1.0,0.0,0.5,none,False,False
173071,1.0,0.0,0.5,none,False,False
173072,1.0,0.0,0.5,none,False,False
173073,1.0,0.0,0.5,none,False,False
173074,1.0,0.0,0.5,none,False,False
173075,1.0,0.0,0.5,none,False,False
173076,1.0,0.0,0.5,none,False,False
173077,1.0,0.0,0.5,none,False,False
173078,1.0,0.0,0.5,none,False,False
173079,1.0,0.0,0.5,none,False,False
173080,1.0,0.0,0.5,none,False,False
173081,1.0,0.0,0.5,none,False,False
173082,1.0,0.0,0.5,none,False,False
173083,1.0,0.0,0.5,none,False,False
173084,1.0,0.0,0.5,none,False,False
173085,1.0,0.0,0.5,none,False,False
173086,1.0,0.0,0.5,none,False,False
173087,1.0,0.0,0.5,none,False,False
173088,1.0,0.0,0.5,none,False,False
173089,1.0,0.0,0.5,none,False,False
173090,1.0,0.0,0.5,none,False,False
173091,1.0,0.0,0.5,none,False,False
173092,1.0,0.0,0.5,none,False,False
173093,1.0,0.0,0.5,none,False,False
173094,1.0,0.0,0.5,none,False,False
173095,1.0,0.0,0.5,none,False,False
173096,1.0,0.0,0.5,none,False,False
173097,1.0,0.0,0.5,none,False,False
173098,1.0,0.0,0.5,none,False,False
173099,1.0,0.0,0.5,none,False,False
173100,1.0,0.0,0.5,none,False,False
173101,1.0,0.0,0.5,none,False,False
173102,1.0,0.0,0.5,none,False,False
173103,1.0,0.0,0.5,none,False,False
173104,1.0,0.0,0.5,none,False,False
173105,1.0,0.0,0.5,none,False,False
173106,1.0,0.0,0.5,none,False,False
173107,1.0,0.0,0.5,none,False,False
173108,1.0,0.0,0.5,none,False,False
173109,1.0,0.0,0.5,none,False,False
173110,1.0,0.0,0.5,none,False,False
173111,1.0,0.0,0.5,none,False,False
173112,1.0,0.0,0.5,none,False,False
173113,1.0,0.0,0.5,none,False,False
173114,1.0,0.0,0.5,none,False,False
173115,1.0,0.0,0.5,none,False,False
173116,1.0,0.0,0.5,none,False,False
173117,1.0,0.0,0.5,none,False,False
173118,1.0,0.0,0.5,none,False,False
173119,1.0,0.0,0.5,none,False,False
173120,1.0,0.0,0.5,none,False,False
173121,1.0,0.0,0.5,none,False,False
173122,1.0,0.0,0.5,none,False,False
173123,1.0,0.0,0.5,none,False,False
173124,1.0,0.0,0.5,none,False,False
173125,1.0,0.0,0.5,none,False,False
173126,1.0,0.0,0.5,none,False,False
173127,1.0,0.0,0.5,none,False,False
173128,1.0,0.0,0.5,none,False,False
173129,1.0,0.0,0.5,none,False,False
173130,1.0,0.0,0.5,none,False,False
173131,1.0,0.0,0.5,none,False,False
173132,1.0,0.0,0.5,none,False,False
173133,1.0,0.0,0.5,none,False,False
173134,1.0,0.0,0.5,none,False,False
173135,1.0,0.0,0.5,none,False,False
173136,1.0,0.0,0.5,none,False,False
173137,1.0,0.0,0.5,none,False,False
173138,1.0,0.0,0.5,none,False,False
173139,1.0,0.0,0.5,none,False,False
173140,1.0,0.0,0.5,none,False,False
173141,1.0,0.0,0.5,none,False,False
173142,1.0,0.0,0.5,none,False,False
173143,1.0,0.0,0.5,none,False,False
173144,1.0,0.0,0.5,none,False,False
173145,1.0,0.0,0.5,none,False,False
173146,1.0,0.0,0.5,none,False,False
173147,1.0,0.0,0.5,none,False,False
173148,1.0,0.0,0.5,none,False,False
173149,1.0,0.0,0.5,none,False,False
173150,1.0,0.0,0.5,none,False,False
173151,1.0,0.0,0.5,none,False,False
173152,1.0,0.0,0.5,none,False,False
173153,1.0,0.0,0.5,none,False,False
173154,1.0,0.0,0.5,none,False,False
173155,1.0,0.0,0.5,none,False,False
173156,1.0,0.0,0.5,none,False,False
173157,1.0,0.0,0.5,none,False,False
173158,1.0,0.0,0.5,none,False,False
173159,1.0,0.0,0.5,none,False,False
173160,1.0,0.0,0.5,none,False,False
173161,1.0,0.0,0.5,none,False,False
173162,1.0,0.0,0.5,none,False,False
173163,1.0,0.0,0.5,none,False,False
173164,1.0,0.0,0.5,none,False,False
173165,1.0,0.0,0.5,none,False,False
173166,1.0,0.0,0.5,none,False,False
173167,1.0,0.0,0.5,none,False,False
173168,1.0,0.0,0.5,none,False,False
173169,1.0,0.0,0.5,none,False,False
173170,1.0,0.0,0.5,none,False,False
173171,1.0,0.0,0.5,none,False,False
173172,1.0,0.0,0.5,none,False,False
173173,1.0,0.0,0.5,none,False,False
173174,1.0,0.0,0.5,none,False,False
173175,1.0,0.0,0.5,none,False,False
173176,1.0,0.0,0.5,none,False,False
173177,1.0,0.0,0.5,none,False,False
173178,1.0,0.0,0.5,none,False,False
173179,1.0,0.0,0.5,none,False,False
173180,1.0,0.0,0.5,none,False,False
173181,1.0,0.0,0.5,none,False,False
173182,1.0,0.0,0.5,none,False,False
173183,1.0,0.0,0.5,none,False,False
173184,1.0,0.0,0.5,none,False,False
173185,1.0,0.0,0.5,none,False,False
173186,1.0,0.0,0.5,none,False,False
173187,1.0,0.0,0.5,none,False,False
173188,1.0,0.0,0.5,none,False,False
173189,1.0,0.0,0.5,none,False,False
173190,1.0,0.0,0.5,none,False,False
173191,1.0,0.0,0.5,none,False,False
173192,1.0,0.0,0.5,none,False,False
173193,1.0,0.0,0.5,none,False,False
173194,1.0,0.0,0.5,none,False,False
173195,1.0,0.0,0.5,none,False,False
173196,1.0,0.0,0.5,none,False,False
173197,1.0,0.0,0.5,none,False,False
173198,1.0,0.0,0.5,none,False,False
173199,1.0,0.0,0.5,none,False,False
173200,1.0,0.0,0.5,none,False,False
173201,1.0,0.0,0.5,none,False,False
173202,1.0,0.0,0.5,none,False,False
173203,1.0,0.0,0.5,none,False,False
173204,1.0,0.0,0.5,none,False,False
173205,1.0,0.0,0.5,none,False,False
173206,1.0,0.0,0.5,none,False,False
173207,1.0,0.0,0.5,none,False,False
173208,1.0,0.0,0.5,none,False,False
173209,1.0,0.0,0.5,none,False,False
173210,1.0,0.0,0.5,none,False,False
173211,1.0,0.0,0.5,none,False,False
173212,1.0,0.0,0.5,none,False,False
173213,1.0,0.0,0.5,none,False,False
173214,1.0,0.0,0.5,none,False,False
173215,1.0,0.0,0.5,none,False,False
173216,1.0,0.0,0.5,none,False,False
173217,1.0,0.0,0.5,none,False,False
173218,1.0,0.0,0.5,none,False,False
173219,1.0,0.0,0.5,none,False,False
173220,1.0,0.0,0.5,none,False,False
173221,1.0,0.0,0.5,none,False,False
173222,1.0,0.0,0.5,none,False,False
173223,1.0,0.0,0.5,none,False,False
173224,1.0,0.0,0.5,none,False,False
173225,1.0,0.0,0.5,none,False,False
173226,1.0,0.0,0.5,none,False,False
173227,1.0,0.0,0.5,none,False,False
173228,1.0,0.0,0.5,none,False,False
173229,1.0,0.0,0.5,none,False,False
173230,1.0,0.0,0.5,none,False,False
173231,1.0,0.0,0.5,none,False,False
173232,1.0,0.0,0.5,none,False,False
173233,1.0,0.0,0.5,none,False,False
173234,1.0,0.0,0.5,none,False,False
173235,1.0,0.0,0.5,none,False,False
173236,1.0,0.0,0.5,none,False,False
173237,1.0,0.0,0.5,none,False,False
173238,1.0,0.0,0.5,none,False,False
173239,1.0,0.0,0.5,none,False,False
173240,1.0,0.0,0.5,none,False,False
173241,1.0,0.0,0.5,none,False,False
173242,1.0,0.0,0.5,none,False,False
173243,1.0,0.0,0.5,none,False,False
173244,1.0,0.0,0.5,none,False,False
173245,1.0,0.0,0.5,none,False,False
173246,1.0,0.0,0.5,none,False,False
173247,1.0,0.0,0.5,none,False,False
173248,1.0,0.0,0.5,none,False,False
173249,1.0,0.0,0.5,none,False,False
173250,1.0,0.0,0.5,none,False,False
173251,1.0,0.0,0.5,none,False,False
173252,1.0,0.0,0.5,none,False,False
173253,1.0,0.0,0.5,none,False,False
173254,1.0,0.0,0.5,none,False,False
173255,1.0,0.0,0.5,none,False,False
173256,1.0,0.0,0.5,none,False,False
173257,1.0,0.0,0.5,none,False,False
173258,1.0,0.0,0.5,none,False,False
173259,1.0,0.0,0.5,none,False,False
173260,1.0,0.0,0.5,none,False,False
173261,1.0,0.0,0.5,none,False,False
173262,1.0,0.0,0.5,none,False,False
173263,1.0,0.0,0.5,none,False,False
173264,1.0,0.0,0.5,none,False,False
173265,1.0,0.0,0.5,none,False,False
173266,1.0,0.0,0.5,none,False,False
173267,1.0,0.0,0.5,none,False,False
173268,1.0,0.0,0.5,none,False,False
173269,1.0,0.0,0.5,none,False,False
173270,1.0,0.0,0.5,none,False,False
173271,1.0,0.0,0.5,none,False,False
173272,1.0,0.0,0.5,none,False,False
173273,1.0,0.0,0.5,none,False,False
173274,1.0,0.0,0.5,none,False,False
173275,1.0,0.0,0.5,none,False,False
173276,1.0,0.0,0.5,none,False,False
173277,1.0,0.0,0.5,none,False,False
173278,1.0,0.0,0.5,none,False,False
173279,1.0,0.0,0.5,none,False,False
173280,1.0,0.0,0.5,none,False,False
173281,1.0,0.0,0.5,none,False,False
173282,1.0,0.0,0.5,none,False,False
173283,1.0,0.0,0.5,none,False,False
173284,1.0,0.0,0.5,none,False,False
173285,1.0,0.0,0.5,none,False,False
173286,1.0,0.0,0.5,none,False,False
173287,1.0,0.0,0.5,none,False,False
173288,1.0,0.0,0.5,none,False,False
173289,1.0,0.0,0.5,none,False,False
173290,1.0,0.0,0.5,none,False,False
173291,1.0,0.0,0.5,none,False,False
173292,1.0,0.0,0.5,none,False,False
173293,1.0,0.0,0.5,none,False,False
173294,1.0,0.0,0.5,none,False,False
173295,1.0,0.0,0.5,none,False,False
173296,1.0,0.0,0.5,none,False,False
173297,1.0,0.0,0.5,none,False,False
173298,1.0,0.0,0.5,none,False,False
173299,1.0,0.0,0.5,none,False,False
173300,1.0,0.0,0.5,none,False,False
173301,1.0,0.0,0.5,none,False,False
173302,1.0,0.0,0.5,none,False,False
173303,1.0,0.0,0.5,none,False,False
173304,1.0,0.0,0.5,none,False,False
173305,1.0,0.0,0.5,none,False,False
173306,1.0,0.0,0.5,none,False,False
173307,1.0,0.0,0.5,none,False,False
173308,1.0,0.0,0.5,none,False,False
173309,1.0,0.0,0.5,none,False,False
173310,1.0,0.0,0.5,none,False,False
173311,1.0,0.0,0.5,none,False,False
173312,1.0,0.0,0.5,none,False,False
173313,1.0,0.0,0.5,none,False,False
173314,1.0,0.0,0.5,none,False,False
173315,1.0,0.0,0.5,none,False,False
173316,1.0,0.0,0.5,none,False,False
173317,1.0,0.0,0.5,none,False,False
173318,1.0,0.0,0.5,none,False,False
173319,1.0,0.0,0.5,none,False,False
173320,1.0,0.0,0.5,none,False,False
173321,1.0,0.0,0.5,none,False,False
173322,1.0,0.0,0.5,none,False,False
173323,1.0,0.0,0.5,none,False,False
173324,1.0,0.0,0.5,none,False,False
173325,1.0,0.0,0.5,none,False,False
173326,1.0,0.0,0.5,none,False,False
173327,1.0,0.0,0.5,none,False,False
173328,1.0,0.0,0.5,none,False,False
173329,1.0,0.0,0.5,none,False,False
173330,1.0,0.0,0.5,none,False,False
173331,1.0,0.0,0.5,none,False,False
173332,1.0,0.0,0.5,none,False,False
173333,1.0,0.0,0.5,none,False,False
173334,1.0,0.0,0.5,none,False,False
173335,1.0,0.0,0.5,none,False,False
173336,1.0,0.0,0.5,none,False,False
173337,1.0,0.0,0.5,none,False,False
173338,1.0,0.0,0.5,none,False,False
173339,1.0,0.0,0.5,none,False,False
173340,1.0,0.0,0.5,none,False,False
173341,1.0,0.0,0.5,none,False,False
173342,1.0,0.0,0.5,none,False,False
173343,1.0,0.0,0.5,none,False,False
173344,1.0,0.0,0.5,none,False,False
173345,1.0,0.0,0.5,none,False,False
173346,1.0,0.0,0.5,none,False,False
173347,1.0,0.0,0.5,none,False,False
173348,1.0,0.0,0.5,none,False,False
173349,1.0,0.0,0.5,none,False,False
173350,1.0,0.0,0.5,none,False,False
173351,1.0,0.0,0.5,none,False,False
173352,1.0,0.0,0.5,none,False,False
173353,1.0,0.0,0.5,none,False,False
173354,1.0,0.0,0.5,none,False,False
173355,1.0,0.0,0.5,none,False,False
173356,1.0,0.0,0.5,none,False,False
173357,1.0,0.0,0.5,none,False,False
173358,1.0,0.0,0.5,none,False,False
173359,1.0,0.0,0.5,none,False,False
173360,1.0,0.0,0.5,none,False,False
173361,1.0,0.0,0.5,none,False,False
173362,1.0,0.0,0.5,none,False,False
173363,1.0,0.0,0.5,none,False,False
173364,1.0,0.0,0.5,none,False,False
173365,1.0,0.0,0.5,none,False,False
173366,1.0,0.0,0.5,none,False,False
173367,1.0,0.0,0.5,none,False,False
173368,1.0,0.0,0.5,none,False,False
173369,1.0,0.0,0.5,none,False,False
173370,1.0,0.0,0.5,none,False,False
173371,1.0,0.0,0.5,none,False,False
173372,1.0,0.0,0.5,none,False,False
173373,1.0,0.0,0.5,none,False,False
173374,1.0,0.0,0.5,none,False,False
173375,1.0,0.0,0.5,none,False,False
173376,1.0,0.0,0.5,none,False,False
173377,1.0,0.0,0.5,none,False,False
173378,1.0,0.0,0.5,none,False,False
173379,1.0,0.0,0.5,none,False,False
173380,1.0,0.0,0.5,none,False,False
173381,1.0,0.0,0.5,none,False,False
173382,1.0,0.0,0.5,none,False,False
173383,1.0,0.0,0.5,none,False,False
173384,1.0,0.0,0.5,none,False,False
173385,1.0,0.0,0.5,none,False,False
173386,1.0,0.0,0.5,none,False,False
173387,1.0,0.0,0.5,none,False,False
173388,1.0,0.0,0.5,none,False,False
173389,1.0,0.0,0.5,none,False,False
173390,1.0,0.0,0.5,none,False,False
173391,1.0,0.0,0.5,none,False,False
173392,1.0,0.0,0.5,none,False,False
173393,1.0,0.0,0.5,none,False,False
173394,1.0,0.0,0.5,none,False,False
173395,1.0,0.0,0.5,none,False,False
173396,1.0,0.0,0.5,none,False,False
173397,1.0,0.0,0.5,none,False,False
173398,1.0,0.0,0.5,none,False,False
173399,1.0,0.0,0.5,none,False,False
173400,1.0,0.0,0.5,none,False,False
173401,1.0,0.0,0.5,none,False,False
173402,1.0,0.0,0.5,none,False,False
173403,1.0,0.0,0.5,none,False,False
173404,1.0,0.0,0.5,none,False,False
173405,1.0,0.0,0.5,none,False,False
173406,1.0,0.0,0.5,none,False,False
173407,1.0,0.0,0.5,none,False,False
173408,1.0,0.0,0.5,none,False,False
173409,1.0,0.0,0.5,none,False,False
173410,1.0,0.0,0.5,none,False,False
173411,1.0,0.0,0.5,none,False,False
173412,1.0,0.0,0.5,none,False,False
173413,1.0,0.0,0.5,none,False,False
173414,1.0,0.0,0.5,none,False,False
173415,1.0,0.0,0.5,none,False,False
173416,1.0,0.0,0.5,none,False,False
173417,1.0,0.0,0.5,none,False,False
173418,1.0,0.0,0.5,none,False,False
173419,1.0,0.0,0.5,none,False,False
173420,1.0,0.0,0.5,none,False,False
173421,1.0,0.0,0.5,none,False,False
173422,1.0,0.0,0.5,none,False,False
173423,1.0,0.0,0.5,none,False,False
173424,1.0,0.0,0.5,none,False,False
173425,1.0,0.0,0.5,none,False,False
173426,1.0,0.0,0.5,none,False,False
173427,1.0,0.0,0.5,none,False,False
173428,1.0,0.0,0.5,none,False,False
173429,1.0,0.0,0.5,none,False,False
173430,1.0,0.0,0.5,none,False,False
173431,1.0,0.0,0.5,none,False,False
173432,1.0,0.0,0.5,none,False,False
173433,1.0,0.0,0.5,none,False,False
173434,1.0,0.0,0.5,none,False,False
173435,1.0,0.0,0.5,none,False,False
173436,1.0,0.0,0.5,none,False,False
173437,1.0,0.0,0.5,none,False,False
173438,1.0,0.0,0.5,none,False,False
173439,1.0,0.0,0.5,none,False,False
173440,1.0,0.0,0.5,none,False,False
173441,1.0,0.0,0.5,none,False,False
173442,1.0,0.0,0.5,none,False,False
173443,1.0,0.0,0.5,none,False,False
173444,1.0,0.0,0.5,none,False,False
173445,1.0,0.0,0.5,none,False,False
173446,1.0,0.0,0.5,none,False,False
173447,1.0,0.0,0.5,none,False,False
173448,1.0,0.0,0.5,none,False,False
173449,1.0,0.0,0.5,none,False,False
173450,1.0,0.0,0.5,none,False,False
173451,1.0,0.0,0.5,none,False,False
173452,1.0,0.0,0.5,none,False,False
173453,1.0,0.0,0.5,none,False,False
173454,1.0,0.0,0.5,none,False,False
173455,1.0,0.0,0.5,none,False,False
173456,1.0,0.0,0.5,none,False,False
173457,1.0,0.0,0.5,none,False,False
173458,1.0,0.0,0.5,none,False,False
173459,1.0,0.0,0.5,none,False,False
173460,1.0,0.0,0.5,none,False,False
173461,1.0,0.0,0.5,none,False,False
173462,1.0,0.0,0.5,none,False,False
173463,1.0,0.0,0.5,none,False,False
173464,1.0,0.0,0.5,none,False,False
173465,1.0,0.0,0.5,none,False,False
173466,1.0,0.0,0.5,none,False,False
173467,1.0,0.0,0.5,none,False,False
173468,1.0,0.0,0.5,none,False,False
173469,1.0,0.0,0.5,none,False,False
173470,1.0,0.0,0.5,none,False,False
173471,1.0,0.0,0.5,none,False,False
173472,1.0,0.0,0.5,none,False,False
173473,1.0,0.0,0.5,none,False,False
173474,1.0,0.0,0.5,none,False,False
173475,1.0,0.0,0.5,none,False,False
173476,1.0,0.0,0.5,none,False,False
173477,1.0,0.0,0.5,none,False,False
173478,1.0,0.0,0.5,none,False,False
173479,1.0,0.0,0.5,none,False,False
173480,1.0,0.0,0.5,none,False,False
173481,1.0,0.0,0.5,none,False,False
173482,1.0,0.0,0.5,none,False,False
173483,1.0,0.0,0.5,none,False,False
173484,1.0,0.0,0.5,none,False,False
173485,1.0,0.0,0.5,none,False,False
173486,1.0,0.0,0.5,none,False,False
173487,1.0,0.0,0.5,none,False,False
173488,1.0,0.0,0.5,none,False,False
173489,1.0,0.0,0.5,none,False,False
173490,1.0,0.0,0.5,none,False,False
173491,1.0,0.0,0.5,none,False,False
173492,1.0,0.0,0.5,none,False,False
173493,1.0,0.0,0.5,none,False,False
173494,1.0,0.0,0.5,none,False,False
173495,1.0,0.0,0.5,none,False,False
173496,1.0,0.0,0.5,none,False,False
173497,1.0,0.0,0.5,none,False,False
173498,1.0,0.0,0.5,none,False,False
173499,1.0,0.0,0.5,none,False,False
173500,1.0,0.0,0.5,none,False,False
173501,1.0,0.0,0.5,none,False,False
173502,1.0,0.0,0.5,none,False,False
173503,1.0,0.0,0.5,none,False,False
173504,1.0,0.0,0.5,none,False,False
173505,1.0,0.0,0.5,none,False,False
173506,1.0,0.0,0.5,none,False,False
173507,1.0,0.0,0.5,none,False,False
173508,1.0,0.0,0.5,none,False,False
173509,1.0,0.0,0.5,none,False,False
173510,1.0,0.0,0.5,none,False,False
173511,1.0,0.0,0.5,none,False,False
173512,1.0,0.0,0.5,none,False,False
173513,1.0,0.0,0.5,none,False,False
173514,1.0,0.0,0.5,none,False,False
173515,1.0,0.0,0.5,none,False,False
173516,1.0,0.0,0.5,none,False,False
173517,1.0,0.0,0.5,none,False,False
173518,1.0,0.0,0.5,none,False,False
173519,1.0,0.0,0.5,none,False,False
173520,1.0,0.0,0.5,none,False,False
173521,1.0,0.0,0.5,none,False,False
173522,1.0,0.0,0.5,none,False,False
173523,1.0,0.0,0.5,none,False,False
173524,1.0,0.0,0.5,none,False,False
173525,1.0,0.0,0.5,none,False,False
173526,1.0,0.0,0.5,none,False,False
173527,1.0,0.0,0.5,none,False,False
173528,1.0,0.0,0.5,none,False,False
173529,1.0,0.0,0.5,none,False,False
173530,1.0,0.0,0.5,none,False,False
173531,1.0,0.0,0.5,none,False,False
173532,1.0,0.0,0.5,none,False,False
173533,1.0,0.0,0.5,none,False,False
173534,1.0,0.0,0.5,none,False,False
173535,1.0,0.0,0.5,none,False,False
173536,1.0,0.0,0.5,none,False,False
173537,1.0,0.0,0.5,none,False,False
173538,1.0,0.0,0.5,none,False,False
173539,1.0,0.0,0.5,none,False,False
173540,1.0,0.0,0.5,none,False,False
173541,1.0,0.0,0.5,none,False,False
173542,1.0,0.0,0.5,none,False,False
173543,1.0,0.0,0.5,none,False,False
173544,1.0,0.0,0.5,none,False,False
173545,1.0,0.0,0.5,none,False,False
173546,1.0,0.0,0.5,none,False,False
173547,1.0,0.0,0.5,none,False,False
173548,1.0,0.0,0.5,none,False,False
173549,1.0,0.0,0.5,none,False,False
173550,1.0,0.0,0.5,none,False,False
173551,1.0,0.0,0.5,none,False,False
173552,1.0,0.0,0.5,none,False,False
173553,1.0,0.0,0.5,none,False,False
173554,1.0,0.0,0.5,none,False,False
173555,1.0,0.0,0.5,none,False,False
173556,1.0,0.0,0.5,none,False,False
173557,1.0,0.0,0.5,none,False,False
173558,1.0,0.0,0.5,none,False,False
173559,1.0,0.0,0.5,none,False,False
173560,1.0,0.0,0.5,none,False,False
173561,1.0,0.0,0.5,none,False,False
173562,1.0,0.0,0.5,none,False,False
173563,1.0,0.0,0.5,none,False,False
173564,1.0,0.0,0.5,none,False,False
173565,1.0,0.0,0.5,none,False,False
173566,1.0,0.0,0.5,none,False,False
173567,1.0,0.0,0.5,none,False,False
173568,1.0,0.0,0.5,none,False,False
173569,1.0,0.0,0.5,none,False,False
173570,1.0,0.0,0.5,none,False,False
173571,1.0,0.0,0.5,none,False,False
173572,1.0,0.0,0.5,none,False,False
173573,1.0,0.0,0.5,none,False,False
173574,1.0,0.0,0.5,none,False,False
173575,1.0,0.0,0.5,none,False,False
173576,1.0,0.0,0.5,none,False,False
173577,1.0,0.0,0.5,none,False,False
173578,1.0,0.0,0.5,none,False,False
173579,1.0,0.0,0.5,none,False,False
173580,1.0,0.0,0.5,none,False,False
173581,1.0,0.0,0.5,none,False,False
173582,1.0,0.0,0.5,none,False,False
173583,1.0,0.0,0.5,none,False,False
173584,1.0,0.0,0.5,none,False,False
173585,1.0,0.0,0.5,none,False,False
173586,1.0,0.0,0.5,none,False,False
173587,1.0,0.0,0.5,none,False,False
173588,1.0,0.0,0.5,none,False,False
173589,1.0,0.0,0.5,none,False,False
173590,1.0,0.0,0.5,none,False,False
173591,1.0,0.0,0.5,none,False,False
173592,1.0,0.0,0.5,none,False,False
173593,1.0,0.0,0.5,none,False,False
173594,1.0,0.0,0.5,none,False,False
173595,1.0,0.0,0.5,none,False,False
173596,1.0,0.0,0.5,none,False,False
173597,1.0,0.0,0.5,none,False,False
173598,1.0,0.0,0.5,none,False,False
173599,1.0,0.0,0.5,none,False,False
173600,1.0,0.0061,0.5,none,False,False
173601,1.0,0.0357,0.5,none,False,False
173602,1.0,0.0812,0.5,none,False,False
173603,1.0,0.1113,0.5,none,False,False
173604,1.0,0.1253,0.5,none,False,False
173605,1.0,0.1408,0.5,none,False,False
173606,1.0,0.0907,0.5,none,False,False
173607,1.0,0.1198,0.5,none,False,False
173608,1.0,0.0467,0.5,none,False,False
173609,1.0,0.0522,0.5,none,False,False
173610,1.0,0.0405,0.5,none,False,False
173611,1.0,0.0313,0.5,none,False,False
173612,1.0,0.0083,0.5,none,False,False
173613,1.0,0.0726,0.5,none,False,False
173614,1.0,0.0793,0.5,none,False,False
173615,1.0,0.0581,0.5,none,False,False
173616,1.0,0.0955,0.5,none,False,False
173617,1.0,0.0839,0.5,none,False,False
173618,1.0,0.0648,0.5,none,False,False
173619,1.0,0.0718,0.5,none,False,False
173620,1.0,0.0589,0.5,none,False,False
173621,1.0,0.0403,0.5,none,False,False
173622,1.0,0.0327,0.5,none,False,False
173623,1.0,0.0277,0.5,none,False,False
173624,1.0,0.017,0.5,none,False,False
173625,1.0,0.0102,0.5,none,False,False
173626,1.0,0.0099,0.5,none,False,False
173627,1.0,0.008,0.5,none,False,False
173628,1.0,0.005,0.5,none,False,False
173629,1.0,0.0063,0.5,none,False,False
173630,1.0,0.009,0.5,none,False,False
173631,1.0,0.0096,0.5,none,False,False
173632,1.0,0.0108,0.5,none,False,False
173633,1.0,0.014,0.5,none,False,False
173634,1.0,0.0161,0.5,none,False,False
173635,1.0,0.0167,0.5,none,False,False
173636,1.0,0.0182,0.5,none,False,False
173637,1.0,0.0196,0.5,none,False,False
173638,1.0,0.0197,0.5,none,False,False
173639,1.0,0.0193,0.5,none,False,False
173640,1.0,0.0193,0.5,none,False,False
173641,1.0,0.0187,0.5,none,False,False
173642,1.0,0.0174,0.5,none,False,False
173643,1.0,0.0163,0.5,none,False,False
173644,1.0,0.0152,0.5,none,False,False
173645,1.0,0.0138,0.5,none,False,False
173646,1.0,0.0123,0.5,none,False,False
173647,1.0,0.0111,0.5,none,False,False
173648,1.0,0.01,0.5,none,False,False
173649,1.0,0.0088,0.5,none,False,False
173650,1.0,0.0078,0.5,none,False,False
173651,1.0,0.0071,0.5,none,False,False
173652,1.0,0.0064,0.5,none,False,False
173653,1.0,0.0057,0.5,none,False,False
173654,1.0,0.0053,0.5,none,False,False
173655,1.0,0.005,0.5,none,False,False
173656,1.0,0.0047,0.5,none,False,False
173657,1.0,0.0045,0.5,none,False,False
173658,1.0,0.0044,0.5,none,False,False
173659,1.0,0.0043,0.5,none,False,False
173660,1.0,0.0042,0.5,none,False,False
173661,1.0,0.0041,0.5,none,False,False
173662,1.0,0.004,0.5,none,False,False
173663,1.0,0.0039,0.5,none,False,False
173664,1.0,0.0038,0.5,none,False,False
173665,1.0,0.0037,0.5,none,False,False
173666,1.0,0.0035,0.5,none,False,False
173667,1.0,0.0033,0.5,none,False,False
173668,1.0,0.0032,0.5,none,False,False
173669,1.0,0.003,0.5,none,False,False
173670,1.0,0.0028,0.5,none,False,False
173671,1.0,0.0026,0.5,none,False,False
173672,1.0,0.0024,0.5,none,False,False
173673,1.0,0.0023,0.5,none,False,False
173674,1.0,0.0021,0.5,none,False,False
173675,1.0,0.0019,0.5,none,False,False
173676,1.0,0.0018,0.5,none,False,False
173677,1.0,0.0017,0.5,none,False,False
173678,1.0,0.0015,0.5,none,False,False
173679,1.0,0.0014,0.5,none,False,False
173680,1.0,0.0013,0.5,none,False,False
173681,1.0,0.0013,0.5,none,False,False
173682,1.0,0.0012,0.5,none,False,False
173683,1.0,0.0011,0.5,none,False,False
173684,1.0,0.0011,0.5,none,False,False
173685,1.0,0.001,0.5,none,False,False
173686,1.0,0.001,0.5,none,False,False
173687,1.0,0.0009,0.5,none,False,False
173688,1.0,0.0009,0.5,none,False,False
173689,1.0,0.0008,0.5,none,False,False
173690,1.0,0.0008,0.5,none,False,False
173691,1.0,0.0008,0.5,none,False,False
173692,1.0,0.0007,0.5,none,False,False
173693,1.0,0.0007,0.5,none,False,False
173694,1.0,0.0006,0.5,none,False,False
173695,1.0,0.0006,0.5,none,False,False
173696,1.0,0.0006,0.5,none,False,False
173697,1.0,0.0005,0.5,none,False,False
173698,1.0,0.0005,0.5,none,False,False
173699,1.0,0.0005,0.5,none,False,False
173700,1.0,0.0004,0.5,none,False,False
173701,1.0,0.0004,0.5,none,False,False
173702,1.0,0.0004,0.5,none,False,False
173703,1.0,0.0004,0.5,none,False,False
173704,1.0,0.0003,0.5,none,False,False
173705,1.0,0.0003,0.5,none,False,False
173706,1.0,0.0003,0.5,none,False,False
173707,1.0,0.0003,0.5,none,False,False
173708,1.0,0.0003,0.5,none,False,False
173709,1.0,0.0003,0.5,none,False,False
173710,1.0,0.0002,0.5,none,False,False
173711,1.0,0.0002,0.5,none,False,False
173712,1.0,0.0002,0.5,none,False,False
173713,1.0,0.0002,0.5,none,False,False
173714,1.0,0.0002,0.5,none,False,False
173715,1.0,0.0002,0.5,none,False,False
173716,1.0,0.0002,0.5,none,False,False
173717,1.0,0.0002,0.5,none,False,False
173718,1.0,0.0002,0.5,none,False,False
173719,1.0,0.0001,0.5,none,False,False
173720,1.0,0.0001,0.5,none,False,False
173721,1.0,0.0001,0.5,none,False,False
173722,1.0,0.0001,0.5,none,False,False
173723,1.0,0.0001,0.5,none,False,False
173724,1.0,0.0001,0.5,none,False,False
173725,1.0,0.0001,0.5,none,False,False
173726,1.0,0.0001,0.5,none,False,False
173727,1.0,0.0001,0.5,none,False,False
173728,1.0,0.0001,0.5,none,False,False
173729,1.0,0.0001,0.5,none,False,False
173730,1.0,0.0001,0.5,none,False,False
173731,1.0,0.0001,0.5,none,False,False
173732,1.0,0.0001,0.5,none,False,False
173733,1.0,0.0001,0.5,none,False,False
173734,1.0,0.0001,0.5,none,False,False
173735,1.0,0.0001,0.5,none,False,False
173736,1.0,0.0001,0.5,none,False,False
173737,1.0,0.0,0.5,none,False,False
173738,1.0,0.0,0.5,none,False,False
173739,1.0,0.0,0.5,none,False,False
173740,1.0,0.0,0.5,none,False,False
173741,1.0,0.0,0.5,none,False,False
173742,1.0,0.0,0.5,none,False,False
173743,1.0,0.0,0.5,none,False,False
173744,1.0,0.0,0.5,none,False,False
173745,1.0,0.0,0.5,none,False,False
173746,1.0,0.0,0.5,none,False,False
173747,1.0,0.0,0.5,none,False,False
173748,1.0,0.0,0.5,none,False,False
173749,1.0,0.0,0.5,none,False,False
173750,1.0,0.0,0.5,none,False,False
173751,1.0,0.0,0.5,none,False,False
173752,1.0,0.0,0.5,none,False,False
173753,1.0,0.0,0.5,none,False,False
173754,1.0,0.0,0.5,none,False,False
173755,1.0,0.0,0.5,none,False,False
173756,1.0,0.0,0.5,none,False,False
173757,1.0,0.0,0.5,none,False,False
173758,1.0,0.0,0.5,none,False,False
173759,1.0,0.0,0.5,none,False,False
173760,1.0,0.0,0.5,none,False,False
173761,1.0,0.0,0.5,none,False,False
173762,1.0,0.0,0.5,none,False,False
173763,1.0,0.0,0.5,none,False,False
173764,1.0,0.0,0.5,none,False,False
173765,1.0,0.0,0.5,none,False,False
173766,1.0,0.0,0.5,none,False,False
173767,1.0,0.0,0.5,none,False,False
173768,1.0,0.0,0.5,none,False,False
173769,1.0,0.0,0.5,none,False,False
173770,1.0,0.0,0.5,none,False,False
173771,1.0,0.0,0.5,none,False,False
173772,1.0,0.0,0.5,none,False,False
173773,1.0,0.0,0.5,none,False,False
173774,1.0,0.0,0.5,none,False,False
173775,1.0,0.0,0.5,none,False,False
173776,1.0,0.0,0.5,none,False,False
173777,1.0,0.0,0.5,none,False,False
173778,1.0,0.0,0.5,none,False,False
173779,1.0,0.0,0.5,none,False,False
173780,1.0,0.0,0.5,none,False,False
173781,1.0,0.0,0.5,none,False,False
173782,1.0,0.0,0.5,none,False,False
173783,1.0,0.0,0.5,none,False,False
173784,1.0,0.0,0.5,none,False,False
173785,1.0,0.0,0.5,none,False,False
173786,1.0,0.0,0.5,none,False,False
173787,1.0,0.0,0.5,none,False,False
173788,1.0,0.0,0.5,none,False,False
173789,1.0,0.0,0.5,none,False,False
173790,1.0,0.0,0.5,none,False,False
173791,1.0,0.0,0.5,none,False,False
173792,1.0,0.0,0.5,none,False,False
173793,1.0,0.0,0.5,none,False,False
173794,1.0,0.0,0.5,none,False,False
173795,1.0,0.0,0.5,none,False,False
173796,1.0,0.0,0.5,none,False,False
173797,1.0,0.0,0.5,none,False,False
173798,1.0,0.0,0.5,none,False,False
173799,1.0,0.0,0.5,none,False,False
173800,1.0,0.0,0.5,none,False,False
173801,1.0,0.0,0.5,none,False,False
173802,1.0,0.0,0.5,none,False,False
173803,1.0,0.0,0.5,none,False,False
173804,1.0,0.0,0.5,none,False,False
173805,1.0,0.0,0.5,none,False,False
173806,1.0,0.0,0.5,none,False,False
173807,1.0,0.0,0.5,none,False,False
173808,1.0,0.0,0.5,none,False,False
173809,1.0,0.0,0.5,none,False,False
173810,1.0,0.0,0.5,none,False,False
173811,1.0,0.0,0.5,none,False,False
173812,1.0,0.0,0.5,none,False,False
173813,1.0,0.0,0.5,none,False,False
173814,1.0,0.0,0.5,none,False,False
173815,1.0,0.0,0.5,none,False,False
173816,1.0,0.0,0.5,none,False,False
173817,1.0,0.0,0.5,none,False,False
173818,1.0,0.0,0.5,none,False,False
173819,1.0,0.0,0.5,none,False,False
173820,1.0,0.0,0.5,none,False,False
173821,1.0,0.0,0.5,none,False,False
173822,1.0,0.0,0.5,none,False,False
173823,1.0,0.0,0.5,none,False,False
173824,1.0,0.0,0.5,none,False,False
173825,1.0,0.0,0.5,none,False,False
173826,1.0,0.0,0.5,none,False,False
173827,1.0,0.0,0.5,none,False,False
173828,1.0,0.0,0.5,none,False,False
173829,1.0,0.0,0.5,none,False,False
173830,1.0,0.0,0.5,none,False,False
173831,1.0,0.0,0.5,none,False,False
173832,1.0,0.0,0.5,none,False,False
173833,1.0,0.0,0.5,none,False,False
173834,1.0,0.0,0.5,none,False,False
173835,1.0,0.0,0.5,none,False,False
173836,1.0,0.0,0.5,none,False,False
173837,1.0,0.0,0.5,none,False,False
173838,1.0,0.0,0.5,none,False,False
173839,1.0,0.0,0.5,none,False,False
173840,1.0,0.0,0.5,none,False,False
173841,1.0,0.0,0.5,none,False,False
173842,1.0,0.0,0.5,none,False,False
173843,1.0,0.0,0.5,none,False,False
173844,1.0,0.0,0.5,none,False,False
173845,1.0,0.0,0.5,none,False,False
173846,1.0,0.0,0.5,none,False,False
173847,1.0,0.0,0.5,none,False,False
173848,1.0,0.0,0.5,none,False,False
173849,1.0,0.0,0.5,none,False,False
173850,1.0,0.0,0.5,none,False,False
173851,1.0,0.0,0.5,none,False,False
173852,1.0,0.0,0.5,none,False,False
173853,1.0,0.0,0.5,none,False,False
173854,1.0,0.0,0.5,none,False,False
173855,1.0,0.0,0.5,none,False,False
173856,1.0,0.0,0.5,none,False,False
173857,1.0,0.0,0.5,none,False,False
173858,1.0,0.0,0.5,none,False,False
173859,1.0,0.0,0.5,none,False,False
173860,1.0,0.0,0.5,none,False,False
173861,1.0,0.0,0.5,none,False,False
173862,1.0,0.0,0.5,none,False,False
173863,1.0,0.0,0.5,none,False,False
173864,1.0,0.0,0.5,none,False,False
173865,1.0,0.0,0.5,none,False,False
173866,1.0,0.0,0.5,none,False,False
173867,1.0,0.0,0.5,none,False,False
173868,1.0,0.0,0.5,none,False,False
173869,1.0,0.0,0.5,none,False,False
173870,1.0,0.0,0.5,none,False,False
173871,1.0,0.0,0.5,none,False,False
173872,1.0,0.0,0.5,none,False,False
173873,1.0,0.0,0.5,none,False,False
173874,1.0,0.0,0.5,none,False,False
173875,1.0,0.0,0.5,none,False,False
173876,1.0,0.0,0.5,none,False,False
173877,1.0,0.0,0.5,none,False,False
173878,1.0,0.0,0.5,none,False,False
173879,1.0,0.0,0.5,none,False,False
173880,1.0,0.0,0.5,none,False,False
173881,1.0,0.0,0.5,none,False,False
173882,1.0,0.0,0.5,none,False,False
173883,1.0,0.0,0.5,none,False,False
173884,1.0,0.0,0.5,none,False,False
173885,1.0,0.0,0.5,none,False,False
173886,1.0,0.0,0.5,none,False,False
173887,1.0,0.0,0.5,none,False,False
173888,1.0,0.0,0.5,none,False,False
173889,1.0,0.0,0.5,none,False,False
173890,1.0,0.0,0.5,none,False,False
173891,1.0,0.0,0.5,none,False,False
173892,1.0,0.0,0.5,none,False,False
173893,1.0,0.0,0.5,none,False,False
173894,1.0,0.0,0.5,none,False,False
173895,1.0,0.0,0.5,none,False,False
173896,1.0,0.0,0.5,none,False,False
173897,1.0,0.0,0.5,none,False,False
173898,1.0,0.0,0.5,none,False,False
173899,1.0,0.0,0.5,none,False,False
173900,1.0,0.0,0.5,none,False,False
173901,1.0,0.0,0.5,none,False,False
173902,1.0,0.0,0.5,none,False,False
173903,1.0,0.0,0.5,none,False,False
173904,1.0,0.0,0.5,none,False,False
173905,1.0,0.0,0.5,none,False,False
173906,1.0,0.0,0.5,none,False,False
173907,1.0,0.0,0.5,none,False,False
173908,1.0,0.0,0.5,none,False,False
173909,1.0,0.0,0.5,none,False,False
173910,1.0,0.0,0.5,none,False,False
173911,1.0,0.0,0.5,none,False,False
173912,1.0,0.0,0.5,none,False,False
173913,1.0,0.0,0.5,none,False,False
173914,1.0,0.0,0.5,none,False,False
173915,1.0,0.0,0.5,none,False,False
173916,1.0,0.0,0.5,none,False,False
173917,1.0,0.0,0.5,none,False,False
173918,1.0,0.0,0.5,none,False,False
173919,1.0,0.0,0.5,none,False,False
173920,1.0,0.0,0.5,none,False,False
173921,1.0,0.0,0.5,none,False,False
173922,1.0,0.0,0.5,none,False,False
173923,1.0,0.0,0.5,none,False,False
173924,1.0,0.0,0.5,none,False,False
173925,1.0,0.0,0.5,none,False,False
173926,1.0,0.0,0.5,none,False,False
173927,1.0,0.0,0.5,none,False,False
173928,1.0,0.0,0.5,none,False,False
173929,1.0,0.0,0.5,none,False,False
173930,1.0,0.0,0.5,none,False,False
173931,1.0,0.0,0.5,none,False,False
173932,1.0,0.0,0.5,none,False,False
173933,1.0,0.0,0.5,none,False,False
173934,1.0,0.0,0.5,none,False,False
173935,1.0,0.0,0.5,none,False,False
173936,1.0,0.0,0.5,none,False,False
173937,1.0,0.0,0.5,none,False,False
173938,1.0,0.0,0.5,none,False,False
173939,1.0,0.0,0.5,none,False,False
173940,1.0,0.0,0.5,none,False,False
173941,1.0,0.0,0.5,none,False,False
173942,1.0,0.0,0.5,none,False,False
173943,1.0,0.0,0.5,none,False,False
173944,1.0,0.0,0.5,none,False,False
173945,1.0,0.0,0.5,none,False,False
173946,1.0,0.0,0.5,none,False,False
173947,1.0,0.0,0.5,none,False,False
173948,1.0,0.0,0.5,none,False,False
173949,1.0,0.0,0.5,none,False,False
173950,1.0,0.0,0.5,none,False,False
173951,1.0,0.0,0.5,none,False,False
173952,1.0,0.0,0.5,none,False,False
173953,1.0,0.0,0.5,none,False,False
173954,1.0,0.0,0.5,none,False,False
173955,1.0,0.0,0.5,none,False,False
173956,1.0,0.0,0.5,none,False,False
173957,1.0,0.0,0.5,none,False,False
173958,1.0,0.0,0.5,none,False,False
173959,1.0,0.0,0.5,none,False,False
173960,1.0,0.0,0.5,none,False,False
173961,1.0,0.0,0.5,none,False,False
173962,1.0,0.0,0.5,none,False,False
173963,1.0,0.0,0.5,none,False,False
173964,1.0,0.0,0.5,none,False,False
173965,1.0,0.0,0.5,none,False,False
173966,1.0,0.0,0.5,none,False,False
173967,1.0,0.0,0.5,none,False,False
173968,1.0,0.0,0.5,none,False,False
173969,1.0,0.0,0.5,none,False,False
173970,1.0,0.0,0.5,none,False,False
173971,1.0,0.0,0.5,none,False,False
173972,1.0,0.0,0.5,none,False,False
173973,1.0,0.0,0.5,none,False,False
173974,1.0,0.0,0.5,none,False,False
173975,1.0,0.0,0.5,none,False,False
173976,1.0,0.0,0.5,none,False,False
173977,1.0,0.0,0.5,none,False,False
173978,1.0,0.0,0.5,none,False,False
173979,1.0,0.0,0.5,none,False,False
173980,1.0,0.0,0.5,none,False,False
173981,1.0,0.0,0.5,none,False,False
173982,1.0,0.0,0.5,none,False,False
173983,1.0,0.0,0.5,none,False,False
173984,1.0,0.0,0.5,none,False,False
173985,1.0,0.0,0.5,none,False,False
173986,1.0,0.0,0.5,none,False,False
173987,1.0,0.0,0.5,none,False,False
173988,1.0,0.0,0.5,none,False,False
173989,1.0,0.0,0.5,none,False,False
173990,1.0,0.0,0.5,none,False,False
173991,1.0,0.0,0.5,none,False,False
173992,1.0,0.0,0.5,none,False,False
173993,1.0,0.0,0.5,none,False,False
173994,1.0,0.0,0.5,none,False,False
173995,1.0,0.0,0.5,none,False,False
173996,1.0,0.0,0.5,none,False,False
173997,1.0,0.0,0.5,none,False,False
173998,1.0,0.0,0.5,none,False,False
173999,1.0,0.0,0.5,none,False,False
174000,1.0,0.0,0.5,none,False,False
174001,1.0,0.0,0.5,none,False,False
174002,1.0,0.0,0.5,none,False,False
174003,1.0,0.0,0.5,none,False,False
174004,1.0,0.0,0.5,none,False,False
174005,1.0,0.0,0.5,none,False,False
174006,1.0,0.0,0.5,none,False,False
174007,1.0,0.0,0.5,none,False,False
174008,1.0,0.0,0.5,none,False,False
174009,1.0,0.0,0.5,none,False,False
174010,1.0,0.0,0.5,none,False,False
174011,1.0,0.0,0.5,none,False,False
174012,1.0,0.0,0.5,none,False,False
174013,1.0,0.0,0.5,none,False,False
174014,1.0,0.0,0.5,none,False,False
174015,1.0,0.0,0.5,none,False,False
174016,1.0,0.0,0.5,none,False,False
174017,1.0,0.0,0.5,none,False,False
174018,1.0,0.0,0.5,none,False,False
174019,1.0,0.0,0.5,none,False,False
174020,1.0,0.0,0.5,none,False,False
174021,1.0,0.0,0.5,none,False,False
174022,1.0,0.0,0.5,none,False,False
174023,1.0,0.0,0.5,none,False,False
174024,1.0,0.0,0.5,none,False,False
174025,1.0,0.0,0.5,none,False,False
174026,1.0,0.0,0.5,none,False,False
174027,1.0,0.0,0.5,none,False,False
174028,1.0,0.0,0.5,none,False,False
174029,1.0,0.0,0.5,none,False,False
174030,1.0,0.0,0.5,none,False,False
174031,1.0,0.0,0.5,none,False,False
174032,1.0,0.0,0.5,none,False,False
174033,1.0,0.0,0.5,none,False,False
174034,1.0,0.0,0.5,none,False,False
174035,1.0,0.0,0.5,none,False,False
174036,1.0,0.0,0.5,none,False,False
174037,1.0,0.0,0.5,none,False,False
174038,1.0,0.0,0.5,none,False,False
174039,1.0,0.0,0.5,none,False,False
174040,1.0,0.0,0.5,none,False,False
174041,1.0,0.0,0.5,none,False,False
174042,1.0,0.0,0.5,none,False,False
174043,1.0,0.0,0.5,none,False,False
174044,1.0,0.0,0.5,none,False,False
174045,1.0,0.0,0.5,none,False,False
174046,1.0,0.0,0.5,none,False,False
174047,1.0,0.0,0.5,none,False,False
174048,1.0,0.0,0.5,none,False,False
174049,1.0,0.0,0.5,none,False,False
174050,1.0,0.0,0.5,none,False,False
174051,1.0,0.0,0.5,none,False,False
174052,1.0,0.0,0.5,none,False,False
174053,1.0,0.0,0.5,none,False,False
174054,1.0,0.0,0.5,none,False,False
174055,1.0,0.0,0.5,none,False,False
174056,1.0,0.0,0.5,none,False,False
174057,1.0,0.0,0.5,none,False,False
174058,1.0,0.0,0.5,none,False,False
174059,1.0,0.0,0.5,none,False,False
174060,1.0,0.0,0.5,none,False,False
174061,1.0,0.0,0.5,none,False,False
174062,1.0,0.0,0.5,none,False,False
174063,1.0,0.0,0.5,none,False,False
174064,1.0,0.0,0.5,none,False,False
174065,1.0,0.0,0.5,none,False,False
174066,1.0,0.0,0.5,none,False,False
174067,1.0,0.0,0.5,none,False,False
174068,1.0,0.0,0.5,none,False,False
174069,1.0,0.0,0.5,none,False,False
174070,1.0,0.0,0.5,none,False,False
174071,1.0,0.0,0.5,none,False,False
174072,1.0,0.0,0.5,none,False,False
174073,1.0,0.0,0.5,none,False,False
174074,1.0,0.0,0.5,none,False,False
174075,1.0,0.0,0.5,none,False,False
174076,1.0,0.0,0.5,none,False,False
174077,1.0,0.0,0.5,none,False,False
174078,1.0,0.0,0.5,none,False,False
174079,1.0,0.0,0.5,none,False,False
174080,1.0,0.0,0.5,none,False,False
174081,1.0,0.0,0.5,none,False,False
174082,1.0,0.0,0.5,none,False,False
174083,1.0,0.0,0.5,none,False,False
174084,1.0,0.0,0.5,none,False,False
174085,1.0,0.0,0.5,none,False,False
174086,1.0,0.0,0.5,none,False,False
174087,1.0,0.0,0.5,none,False,False
174088,1.0,0.0,0.5,none,False,False
174089,1.0,0.0,0.5,none,False,False
174090,1.0,0.0,0.5,none,False,False
174091,1.0,0.0,0.5,none,False,False
174092,1.0,0.0,0.5,none,False,False
174093,1.0,0.0,0.5,none,False,False
174094,1.0,0.0,0.5,none,False,False
174095,1.0,0.0,0.5,none,False,False
174096,1.0,0.0,0.5,none,False,False
174097,1.0,0.0,0.5,none,False,False
174098,1.0,0.0,0.5,none,False,False
174099,1.0,0.0,0.5,none,False,False
174100,1.0,0.0,0.5,none,False,False
174101,1.0,0.0,0.5,none,False,False
174102,1.0,0.0,0.5,none,False,False
174103,1.0,0.0,0.5,none,False,False
174104,1.0,0.0,0.5,none,False,False
174105,1.0,0.0,0.5,none,False,False
174106,1.0,0.0,0.5,none,False,False
174107,1.0,0.0,0.5,none,False,False
174108,1.0,0.0,0.5,none,False,False
174109,1.0,0.0,0.5,none,False,False
174110,1.0,0.0,0.5,none,False,False
174111,1.0,0.0,0.5,none,False,False
174112,1.0,0.0,0.5,none,False,False
174113,1.0,0.0,0.5,none,False,False
174114,1.0,0.0,0.5,none,False,False
174115,1.0,0.0,0.5,none,False,False
174116,1.0,0.0,0.5,none,False,False
174117,1.0,0.0,0.5,none,False,False
174118,1.0,0.0,0.5,none,False,False
174119,1.0,0.0,0.5,none,False,False
174120,1.0,0.0,0.5,none,False,False
174121,1.0,0.0,0.5,none,False,False
174122,1.0,0.0,0.5,none,False,False
174123,1.0,0.0,0.5,none,False,False
174124,1.0,0.0,0.5,none,False,False
174125,1.0,0.0,0.5,none,False,False
174126,1.0,0.0,0.5,none,False,False
174127,1.0,0.0,0.5,none,False,False
174128,1.0,0.0,0.5,none,False,False
174129,1.0,0.0,0.5,none,False,False
174130,1.0,0.0,0.5,none,False,False
174131,1.0,0.0,0.5,none,False,False
174132,1.0,0.0,0.5,none,False,False
174133,1.0,0.0,0.5,none,False,False
174134,1.0,0.0,0.5,none,False,False
174135,1.0,0.0,0.5,none,False,False
174136,1.0,0.0,0.5,none,False,False
174137,1.0,0.0,0.5,none,False,False
174138,1.0,0.0,0.5,none,False,False
174139,1.0,0.0,0.5,none,False,False
174140,1.0,0.0,0.5,none,False,False
174141,1.0,0.0,0.5,none,False,False
174142,1.0,0.0,0.5,none,False,False
174143,1.0,0.0,0.5,none,False,False
174144,1.0,0.0,0.5,none,False,False
174145,1.0,0.0,0.5,none,False,False
174146,1.0,0.0,0.5,none,False,False
174147,1.0,0.0,0.5,none,False,False
174148,1.0,0.0,0.5,none,False,False
174149,1.0,0.0,0.5,none,False,False
174150,1.0,0.0,0.5,none,False,False
174151,1.0,0.0,0.5,none,False,False
174152,1.0,0.0,0.5,none,False,False
174153,1.0,0.0,0.5,none,False,False
174154,1.0,0.0,0.5,none,False,False
174155,1.0,0.0,0.5,none,False,False
174156,1.0,0.0,0.5,none,False,False
174157,1.0,0.0,0.5,none,False,False
174158,1.0,0.0,0.5,none,False,False
174159,1.0,0.0,0.5,none,False,False
174160,1.0,0.0,0.5,none,False,False
174161,1.0,0.0,0.5,none,False,False
174162,1.0,0.0,0.5,none,False,False
174163,1.0,0.0,0.5,none,False,False
174164,1.0,0.0,0.5,none,False,False
174165,1.0,0.0,0.5,none,False,False
174166,1.0,0.0,0.5,none,False,False
174167,1.0,0.0,0.5,none,False,False
174168,1.0,0.0,0.5,none,False,False
174169,1.0,0.0,0.5,none,False,False
174170,1.0,0.0,0.5,none,False,False
174171,1.0,0.0,0.5,none,False,False
174172,1.0,0.0,0.5,none,False,False
174173,1.0,0.0,0.5,none,False,False
174174,1.0,0.0,0.5,none,False,False
174175,1.0,0.0,0.5,none,False,False
174176,1.0,0.0,0.5,none,False,False
174177,1.0,0.0,0.5,none,False,False
174178,1.0,0.0,0.5,none,False,False
174179,1.0,0.0,0.5,none,False,False
174180,1.0,0.0,0.5,none,False,False
174181,1.0,0.0,0.5,none,False,False
174182,1.0,0.0,0.5,none,False,False
174183,1.0,0.0,0.5,none,False,False
174184,1.0,0.0,0.5,none,False,False
174185,1.0,0.0,0.5,none,False,False
174186,1.0,0.0,0.5,none,False,False
174187,1.0,0.0,0.5,none,False,False
174188,1.0,0.0,0.5,none,False,False
174189,1.0,0.0,0.5,none,False,False
174190,1.0,0.0,0.5,none,False,False
174191,1.0,0.0,0.5,none,False,False
174192,1.0,0.0,0.5,none,False,False
174193,1.0,0.0,0.5,none,False,False
174194,1.0,0.0,0.5,none,False,False
174195,1.0,0.0,0.5,none,False,False
174196,1.0,0.0,0.5,none,False,False
174197,1.0,0.0,0.5,none,False,False
174198,1.0,0.0,0.5,none,False,False
174199,1.0,0.0,0.5,none,False,False
174200,1.0,0.0,0.5,none,False,False
174201,1.0,0.0,0.5,none,False,False
174202,1.0,0.0,0.5,none,False,False
174203,1.0,0.0,0.5,none,False,False
174204,1.0,0.0,0.5,none,False,False
174205,1.0,0.0,0.5,none,False,False
174206,1.0,0.0,0.5,none,False,False
174207,1.0,0.0,0.5,none,False,False
174208,1.0,0.0,0.5,none,False,False
174209,1.0,0.0,0.5,none,False,False
174210,1.0,0.0,0.5,none,False,False
174211,1.0,0.0,0.5,none,False,False
174212,1.0,0.0,0.5,none,False,False
174213,1.0,0.0,0.5,none,False,False
174214,1.0,0.0,0.5,none,False,False
174215,1.0,0.0,0.5,none,False,False
174216,1.0,0.0,0.5,none,False,False
174217,1.0,0.0,0.5,none,False,False
174218,1.0,0.0,0.5,none,False,False
174219,1.0,0.0,0.5,none,False,False
174220,1.0,0.0,0.5,none,False,False
174221,1.0,0.0,0.5,none,False,False
174222,1.0,0.0,0.5,none,False,False
174223,1.0,0.0,0.5,none,False,False
174224,1.0,0.0,0.5,none,False,False
174225,1.0,0.0,0.5,none,False,False
174226,1.0,0.0,0.5,none,False,False
174227,1.0,0.0,0.5,none,False,False
174228,1.0,0.0,0.5,none,False,False
174229,1.0,0.0,0.5,none,False,False
174230,1.0,0.0,0.5,none,False,False
174231,1.0,0.0,0.5,none,False,False
174232,1.0,0.0,0.5,none,False,False
174233,1.0,0.0,0.5,none,False,False
174234,1.0,0.0,0.5,none,False,False
174235,1.0,0.0,0.5,none,False,False
174236,1.0,0.0,0.5,none,False,False
174237,1.0,0.0,0.5,none,False,False
174238,1.0,0.0,0.5,none,False,False
174239,1.0,0.0,0.5,none,False,False
174240,1.0,0.0,0.5,none,False,False
174241,1.0,0.0,0.5,none,False,False
174242,1.0,0.0,0.5,none,False,False
174243,1.0,0.0,0.5,none,False,False
174244,1.0,0.0,0.5,none,False,False
174245,1.0,0.0,0.5,none,False,False
174246,1.0,0.0,0.5,none,False,False
174247,1.0,0.0,0.5,none,False,False
174248,1.0,0.0,0.5,none,False,False
174249,1.0,0.0,0.5,none,False,False
174250,1.0,0.0,0.5,none,False,False
174251,1.0,0.0,0.5,none,False,False
174252,1.0,0.0,0.5,none,False,False
174253,1.0,0.0,0.5,none,False,False
174254,1.0,0.0,0.5,none,False,False
174255,1.0,0.0,0.5,none,False,False
174256,1.0,0.0,0.5,none,False,False
174257,1.0,0.0,0.5,none,False,False
174258,1.0,0.0,0.5,none,False,False
174259,1.0,0.0,0.5,none,False,False
174260,1.0,0.0,0.5,none,False,False
174261,1.0,0.0,0.5,none,False,False
174262,1.0,0.0,0.5,none,False,False
174263,1.0,0.0,0.5,none,False,False
174264,1.0,0.0,0.5,none,False,False
174265,1.0,0.0,0.5,none,False,False
174266,1.0,0.0,0.5,none,False,False
174267,1.0,0.0,0.5,none,False,False
174268,1.0,0.0,0.5,none,False,False
174269,1.0,0.0,0.5,none,False,False
174270,1.0,0.0,0.5,none,False,False
174271,1.0,0.0,0.5,none,False,False
174272,1.0,0.0,0.5,none,False,False
174273,1.0,0.0,0.5,none,False,False
174274,1.0,0.0,0.5,none,False,False
174275,1.0,0.0,0.5,none,False,False
174276,1.0,0.0,0.5,none,False,False
174277,1.0,0.0,0.5,none,False,False
174278,1.0,0.0,0.5,none,False,False
174279,1.0,0.0,0.5,none,False,False
174280,1.0,0.0,0.5,none,False,False
174281,1.0,0.0,0.5,none,False,False
174282,1.0,0.0,0.5,none,False,False
174283,1.0,0.0,0.5,none,False,False
174284,1.0,0.0,0.5,none,False,False
174285,1.0,0.0,0.5,none,False,False
174286,1.0,0.0,0.5,none,False,False
174287,1.0,0.0,0.5,none,False,False
174288,1.0,0.0,0.5,none,False,False
174289,1.0,0.0,0.5,none,False,False
174290,1.0,0.0,0.5,none,False,False
174291,1.0,0.0,0.5,none,False,False
174292,1.0,0.0,0.5,none,False,False
174293,1.0,0.0,0.5,none,False,False
174294,1.0,0.0,0.5,none,False,False
174295,1.0,0.0,0.5,none,False,False
174296,1.0,0.0,0.5,none,False,False
174297,1.0,0.0,0.5,none,False,False
174298,1.0,0.0,0.5,none,False,False
174299,1.0,0.0,0.5,none,False,False
174300,1.0,0.0061,0.5,none,False,False
174301,1.0,0.0357,0.5,none,False,False
174302,1.0,0.0812,0.5,none,False,False
174303,1.0,0.1113,0.5,none,False,False
174304,1.0,0.1253,0.5,none,False,False
174305,1.0,0.1408,0.5,none,False,False
174306,1.0,0.0907,0.5,none,False,False
174307,1.0,0.1198,0.5,none,False,False
174308,1.0,0.0467,0.5,none,False,False
174309,1.0,0.0522,0.5,none,False,False
174310,1.0,0.0405,0.5,none,False,False
174311,1.0,0.0313,0.5,none,False,False
174312,1.0,0.0083,0.5,none,False,False
174313,1.0,0.0726,0.5,none,False,False
174314,1.0,0.0793,0.5,none,False,False
174315,1.0,0.0581,0.5,none,False,False
174316,1.0,0.0955,0.5,none,False,False
174317,1.0,0.0839,0.5,none,False,False
174318,1.0,0.0648,0.5,none,False,False
174319,1.0,0.0718,0.5,none,False,False
174320,1.0,0.0589,0.5,none,False,False
174321,1.0,0.0403,0.5,none,False,False
174322,1.0,0.0327,0.5,none,False,False
174323,1.0,0.0277,0.5,none,False,False
174324,1.0,0.017,0.5,none,False,False
174325,1.0,0.0102,0.5,none,False,False
174326,1.0,0.0099,0.5,none,False,False
174327,1.0,0.008,0.5,none,False,False
174328,1.0,0.005,0.5,none,False,False
174329,1.0,0.0063,0.5,none,False,False
174330,1.0,0.009,0.5,none,False,False
174331,1.0,0.0096,0.5,none,False,False
174332,1.0,0.0108,0.5,none,False,False
174333,1.0,0.014,0.5,none,False,False
174334,1.0,0.0161,0.5,none,False,False
174335,1.0,0.0167,0.5,none,False,False
174336,1.0,0.0182,0.5,none,False,False
174337,1.0,0.0196,0.5,none,False,False
174338,1.0,0.0197,0.5,none,False,False
174339,1.0,0.0193,0.5,none,False,False
174340,1.0,0.0193,0.5,none,False,False
174341,1.0,0.0187,0.5,none,False,False
174342,1.0,0.0174,0.5,none,False,False
174343,1.0,0.0163,0.5,none,False,False
174344,1.0,0.0152,0.5,none,False,False
174345,1.0,0.0138,0.5,none,False,False
174346,1.0,0.0123,0.5,none,False,False
174347,1.0,0.0111,0.5,none,False,False
174348,1.0,0.01,0.5,none,False,False
174349,1.0,0.0088,0.5,none,False,False
174350,1.0,0.0078,0.5,none,False,False
174351,1.0,0.0071,0.5,none,False,False
174352,1.0,0.0064,0.5,none,False,False
174353,1.0,0.0057,0.5,none,False,False
174354,1.0,0.0053,0.5,none,False,False
174355,1.0,0.005,0.5,none,False,False
174356,1.0,0.0047,0.5,none,False,False
174357,1.0,0.0045,0.5,none,False,False
174358,1.0,0.0044,0.5,none,False,False
174359,1.0,0.0043,0.5,none,False,False
174360,1.0,0.0042,0.5,none,False,False
174361,1.0,0.0041,0.5,none,False,False
174362,1.0,0.004,0.5,none,False,False
174363,1.0,0.0039,0.5,none,False,False
174364,1.0,0.0038,0.5,none,False,False
174365,1.0,0.0037,0.5,none,False,False
174366,1.0,0.0035,0.5,none,False,False
174367,1.0,0.0033,0.5,none,False,False
174368,1.0,0.0032,0.5,none,False,False
174369,1.0,0.003,0.5,none,False,False
174370,1.0,0.0028,0.5,none,False,False
174371,1.0,0.0026,0.5,none,False,False
174372,1.0,0.0024,0.5,none,False,False
174373,1.0,0.0023,0.5,none,False,False
174374,1.0,0.0021,0.5,none,False,False
174375,1.0,0.0019,0.5,none,False,False
174376,1.0,0.0018,0.5,none,False,False
174377,1.0,0.0017,0.5,none,False,False
174378,1.0,0.0015,0.5,none,False,False
174379,1.0,0.0014,0.5,none,False,False
174380,1.0,0.0013,0.5,none,False,False
174381,1.0,0.0013,0.5,none,False,False
174382,1.0,0.0012,0.5,none,False,False
174383,1.0,0.0011,0.5,none,False,False
174384,1.0,0.0011,0.5,none,False,False
174385,1.0,0.001,0.5,none,False,False
174386,1.0,0.001,0.5,none,False,False
174387,1.0,0.0009,0.5,none,False,False
174388,1.0,0.0009,0.5,none,False,False
174389,1.0,0.0008,0.5,none,False,False
174390,1.0,0.0008,0.5,none,False,False
174391,1.0,0.0008,0.5,none,False,False
174392,1.0,0.0007,0.5,none,False,False
174393,1.0,0.0007,0.5,none,False,False
174394,1.0,0.0006,0.5,none,False,False
174395,1.0,0.0006,0.5,none,False,False
174396,1.0,0.0006,0.5,none,False,False
174397,1.0,0.0005,0.5,none,False,False
174398,1.0,0.0005,0.5,none,False,False
174399,1.0,0.0005,0.5,none,False,False
174400,1.0,0.0004,0.5,none,False,False
174401,1.0,0.0004,0.5,none,False,False
174402,1.0,0.0004,0.5,none,False,False
174403,1.0,0.0004,0.5,none,False,False
174404,1.0,0.0003,0.5,none,False,False
174405,1.0,0.0003,0.5,none,False,False
174406,1.0,0.0003,0.5,none,False,False
174407,1.0,0.0003,0.5,none,False,False
174408,1.0,0.0003,0.5,none,False,False
174409,1.0,0.0003,0.5,none,False,False
174410,1.0,0.0002,0.5,none,False,False
174411,1.0,0.0002,0.5,none,False,False
174412,1.0,0.0002,0.5,none,False,False
174413,1.0,0.0002,0.5,none,False,False
174414,1.0,0.0002,0.5,none,False,False
174415,1.0,0.0002,0.5,none,False,False
174416,1.0,0.0002,0.5,none,False,False
174417,1.0,0.0002,0.5,none,False,False
174418,1.0,0.0002,0.5,none,False,False
174419,1.0,0.0001,0.5,none,False,False
174420,1.0,0.0001,0.5,none,False,False
174421,1.0,0.0001,0.5,none,False,False
174422,1.0,0.0001,0.5,none,False,False
174423,1.0,0.0001,0.5,none,False,False
174424,1.0,0.0001,0.5,none,False,False
174425,1.0,0.0001,0.5,none,False,False
174426,1.0,0.0001,0.5,none,False,False
174427,1.0,0.0001,0.5,none,False,False
174428,1.0,0.0001,0.5,none,False,False
174429,1.0,0.0001,0.5,none,False,False
174430,1.0,0.0001,0.5,none,False,False
174431,1.0,0.0001,0.5,none,False,False
174432,1.0,0.0001,0.5,none,False,False
174433,1.0,0.0001,0.5,none,False,False
174434,1.0,0.0001,0.5,none,False,False
174435,1.0,0.0001,0.5,none,False,False
174436,1.0,0.0001,0.5,none,False,False
174437,1.0,0.0,0.5,none,False,False
174438,1.0,0.0,0.5,none,False,False
174439,1.0,0.0,0.5,none,False,False
174440,1.0,0.0,0.5,none,False,False
174441,1.0,0.0,0.5,none,False,False
174442,1.0,0.0,0.5,none,False,False
174443,1.0,0.0,0.5,none,False,False
174444,1.0,0.0,0.5,none,False,False
174445,1.0,0.0,0.5,none,False,False
174446,1.0,0.0,0.5,none,False,False
174447,1.0,0.0,0.5,none,False,False
174448,1.0,0.0,0.5,none,False,False
174449,1.0,0.0,0.5,none,False,False
174450,1.0,0.0,0.5,none,False,False
174451,1.0,0.0,0.5,none,False,False
174452,1.0,0.0,0.5,none,False,False
174453,1.0,0.0,0.5,none,False,False
174454,1.0,0.0,0.5,none,False,False
174455,1.0,0.0,0.5,none,False,False
174456,1.0,0.0,0.5,none,False,False
174457,1.0,0.0,0.5,none,False,False
174458,1.0,0.0,0.5,none,False,False
174459,1.0,0.0,0.5,none,False,False
174460,1.0,0.0,0.5,none,False,False
174461,1.0,0.0,0.5,none,False,False
174462,1.0,0.0,0.5,none,False,False
174463,1.0,0.0,0.5,none,False,False
174464,1.0,0.0,0.5,none,False,False
174465,1.0,0.0,0.5,none,False,False
174466,1.0,0.0,0.5,none,False,False
174467,1.0,0.0,0.5,none,False,False
174468,1.0,0.0,0.5,none,False,False
174469,1.0,0.0,0.5,none,False,False
174470,1.0,0.0,0.5,none,False,False
174471,1.0,0.0,0.5,none,False,False
174472,1.0,0.0,0.5,none,False,False
174473,1.0,0.0,0.5,none,False,False
174474,1.0,0.0,0.5,none,False,False
174475,1.0,0.0,0.5,none,False,False
174476,1.0,0.0,0.5,none,False,False
174477,1.0,0.0,0.5,none,False,False
174478,1.0,0.0,0.5,none,False,False
174479,1.0,0.0,0.5,none,False,False
174480,1.0,0.0,0.5,none,False,False
174481,1.0,0.0,0.5,none,False,False
174482,1.0,0.0,0.5,none,False,False
174483,1.0,0.0,0.5,none,False,False
174484,1.0,0.0,0.5,none,False,False
174485,1.0,0.0,0.5,none,False,False
174486,1.0,0.0,0.5,none,False,False
174487,1.0,0.0,0.5,none,False,False
174488,1.0,0.0,0.5,none,False,False
174489,1.0,0.0,0.5,none,False,False
174490,1.0,0.0,0.5,none,False,False
174491,1.0,0.0,0.5,none,False,False
174492,1.0,0.0,0.5,none,False,False
174493,1.0,0.0,0.5,none,False,False
174494,1.0,0.0,0.5,none,False,False
174495,1.0,0.0,0.5,none,False,False
174496,1.0,0.0,0.5,none,False,False
174497,1.0,0.0,0.5,none,False,False
174498,1.0,0.0,0.5,none,False,False
174499,1.0,0.0,0.5,none,False,False
174500,1.0,0.0,0.5,none,False,False
174501,1.0,0.0,0.5,none,False,False
174502,1.0,0.0,0.5,none,False,False
174503,1.0,0.0,0.5,none,False,False
174504,1.0,0.0,0.5,none,False,False
174505,1.0,0.0,0.5,none,False,False
174506,1.0,0.0,0.5,none,False,False
174507,1.0,0.0,0.5,none,False,False
174508,1.0,0.0,0.5,none,False,False
174509,1.0,0.0,0.5,none,False,False
174510,1.0,0.0,0.5,none,False,False
174511,1.0,0.0,0.5,none,False,False
174512,1.0,0.0,0.5,none,False,False
174513,1.0,0.0,0.5,none,False,False
174514,1.0,0.0,0.5,none,False,False
174515,1.0,0.0,0.5,none,False,False
174516,1.0,0.0,0.5,none,False,False
174517,1.0,0.0,0.5,none,False,False
174518,1.0,0.0,0.5,none,False,False
174519,1.0,0.0,0.5,none,False,False
174520,1.0,0.0,0.5,none,False,False
174521,1.0,0.0,0.5,none,False,False
174522,1.0,0.0,0.5,none,False,False
174523,1.0,0.0,0.5,none,False,False
174524,1.0,0.0,0.5,none,False,False
174525,1.0,0.0,0.5,none,False,False
174526,1.0,0.0,0.5,none,False,False
174527,1.0,0.0,0.5,none,False,False
174528,1.0,0.0,0.5,none,False,False
174529,1.0,0.0,0.5,none,False,False
174530,1.0,0.0,0.5,none,False,False
174531,1.0,0.0,0.5,none,False,False
174532,1.0,0.0,0.5,none,False,False
174533,1.0,0.0,0.5,none,False,False
174534,1.0,0.0,0.5,none,False,False
174535,1.0,0.0,0.5,none,False,False
174536,1.0,0.0,0.5,none,False,False
174537,1.0,0.0,0.5,none,False,False
174538,1.0,0.0,0.5,none,False,False
174539,1.0,0.0,0.5,none,False,False
174540,1.0,0.0,0.5,none,False,False
174541,1.0,0.0,0.5,none,False,False
174542,1.0,0.0,0.5,none,False,False
174543,1.0,0.0,0.5,none,False,False
174544,1.0,0.0,0.5,none,False,False
174545,1.0,0.0,0.5,none,False,False
174546,1.0,0.0,0.5,none,False,False
174547,1.0,0.0,0.5,none,False,False
174548,1.0,0.0,0.5,none,False,False
174549,1.0,0.0,0.5,none,False,False
174550,1.0,0.0,0.5,none,False,False
174551,1.0,0.0,0.5,none,False,False
174552,1.0,0.0,0.5,none,False,False
174553,1.0,0.0,0.5,none,False,False
174554,1.0,0.0,0.5,none,False,False
174555,1.0,0.0,0.5,none,False,False
174556,1.0,0.0,0.5,none,False,False
174557,1.0,0.0,0.5,none,False,False
174558,1.0,0.0,0.5,none,False,False
174559,1.0,0.0,0.5,none,False,False
174560,1.0,0.0,0.5,none,False,False
174561,1.0,0.0,0.5,none,False,False
174562,1.0,0.0,0.5,none,False,False
174563,1.0,0.0,0.5,none,False,False
174564,1.0,0.0,0.5,none,False,False
174565,1.0,0.0,0.5,none,False,False
174566,1.0,0.0,0.5,none,False,False
174567,1.0,0.0,0.5,none,False,False
174568,1.0,0.0,0.5,none,False,False
174569,1.0,0.0,0.5,none,False,False
174570,1.0,0.0,0.5,none,False,False
174571,1.0,0.0,0.5,none,False,False
174572,1.0,0.0,0.5,none,False,False
174573,1.0,0.0,0.5,none,False,False
174574,1.0,0.0,0.5,none,False,False
174575,1.0,0.0,0.5,none,False,False
174576,1.0,0.0,0.5,none,False,False
174577,1.0,0.0,0.5,none,False,False
174578,1.0,0.0,0.5,none,False,False
174579,1.0,0.0,0.5,none,False,False
174580,1.0,0.0,0.5,none,False,False
174581,1.0,0.0,0.5,none,False,False
174582,1.0,0.0,0.5,none,False,False
174583,1.0,0.0,0.5,none,False,False
174584,1.0,0.0,0.5,none,False,False
174585,1.0,0.0,0.5,none,False,False
174586,1.0,0.0,0.5,none,False,False
174587,1.0,0.0,0.5,none,False,False
174588,1.0,0.0,0.5,none,False,False
174589,1.0,0.0,0.5,none,False,False
174590,1.0,0.0,0.5,none,False,False
174591,1.0,0.0,0.5,none,False,False
174592,1.0,0.0,0.5,none,False,False
174593,1.0,0.0,0.5,none,False,False
174594,1.0,0.0,0.5,none,False,False
174595,1.0,0.0,0.5,none,False,False
174596,1.0,0.0,0.5,none,False,False
174597,1.0,0.0,0.5,none,False,False
174598,1.0,0.0,0.5,none,False,False
174599,1.0,0.0,0.5,none,False,False
174600,1.0,0.0,0.5,none,False,False
174601,1.0,0.0,0.5,none,False,False
174602,1.0,0.0,0.5,none,False,False
174603,1.0,0.0,0.5,none,False,False
174604,1.0,0.0,0.5,none,False,False
174605,1.0,0.0,0.5,none,False,False
174606,1.0,0.0,0.5,none,False,False
174607,1.0,0.0,0.5,none,False,False
174608,1.0,0.0,0.5,none,False,False
174609,1.0,0.0,0.5,none,False,False
174610,1.0,0.0,0.5,none,False,False
174611,1.0,0.0,0.5,none,False,False
174612,1.0,0.0,0.5,none,False,False
174613,1.0,0.0,0.5,none,False,False
174614,1.0,0.0,0.5,none,False,False
174615,1.0,0.0,0.5,none,False,False
174616,1.0,0.0,0.5,none,False,False
174617,1.0,0.0,0.5,none,False,False
174618,1.0,0.0,0.5,none,False,False
174619,1.0,0.0,0.5,none,False,False
174620,1.0,0.0,0.5,none,False,False
174621,1.0,0.0,0.5,none,False,False
174622,1.0,0.0,0.5,none,False,False
174623,1.0,0.0,0.5,none,False,False
174624,1.0,0.0,0.5,none,False,False
174625,1.0,0.0,0.5,none,False,False
174626,1.0,0.0,0.5,none,False,False
174627,1.0,0.0,0.5,none,False,False
174628,1.0,0.0,0.5,none,False,False
174629,1.0,0.0,0.5,none,False,False
174630,1.0,0.0,0.5,none,False,False
174631,1.0,0.0,0.5,none,False,False
174632,1.0,0.0,0.5,none,False,False
174633,1.0,0.0,0.5,none,False,False
174634,1.0,0.0,0.5,none,False,False
174635,1.0,0.0,0.5,none,False,False
174636,1.0,0.0,0.5,none,False,False
174637,1.0,0.0,0.5,none,False,False
174638,1.0,0.0,0.5,none,False,False
174639,1.0,0.0,0.5,none,False,False
174640,1.0,0.0,0.5,none,False,False
174641,1.0,0.0,0.5,none,False,False
174642,1.0,0.0,0.5,none,False,False
174643,1.0,0.0,0.5,none,False,False
174644,1.0,0.0,0.5,none,False,False
174645,1.0,0.0,0.5,none,False,False
174646,1.0,0.0,0.5,none,False,False
174647,1.0,0.0,0.5,none,False,False
174648,1.0,0.0,0.5,none,False,False
174649,1.0,0.0,0.5,none,False,False
174650,1.0,0.0,0.5,none,False,False
174651,1.0,0.0,0.5,none,False,False
174652,1.0,0.0,0.5,none,False,False
174653,1.0,0.0,0.5,none,False,False
174654,1.0,0.0,0.5,none,False,False
174655,1.0,0.0,0.5,none,False,False
174656,1.0,0.0,0.5,none,False,False
174657,1.0,0.0,0.5,none,False,False
174658,1.0,0.0,0.5,none,False,False
174659,1.0,0.0,0.5,none,False,False
174660,1.0,0.0,0.5,none,False,False
174661,1.0,0.0,0.5,none,False,False
174662,1.0,0.0,0.5,none,False,False
174663,1.0,0.0,0.5,none,False,False
174664,1.0,0.0,0.5,none,False,False
174665,1.0,0.0,0.5,none,False,False
174666,1.0,0.0,0.5,none,False,False
174667,1.0,0.0,0.5,none,False,False
174668,1.0,0.0,0.5,none,False,False
174669,1.0,0.0,0.5,none,False,False
174670,1.0,0.0,0.5,none,False,False
174671,1.0,0.0,0.5,none,False,False
174672,1.0,0.0,0.5,none,False,False
174673,1.0,0.0,0.5,none,False,False
174674,1.0,0.0,0.5,none,False,False
174675,1.0,0.0,0.5,none,False,False
174676,1.0,0.0,0.5,none,False,False
174677,1.0,0.0,0.5,none,False,False
174678,1.0,0.0,0.5,none,False,False
174679,1.0,0.0,0.5,none,False,False
174680,1.0,0.0,0.5,none,False,False
174681,1.0,0.0,0.5,none,False,False
174682,1.0,0.0,0.5,none,False,False
174683,1.0,0.0,0.5,none,False,False
174684,1.0,0.0,0.5,none,False,False
174685,1.0,0.0,0.5,none,False,False
174686,1.0,0.0,0.5,none,False,False
174687,1.0,0.0,0.5,none,False,False
174688,1.0,0.0,0.5,none,False,False
174689,1.0,0.0,0.5,none,False,False
174690,1.0,0.0,0.5,none,False,False
174691,1.0,0.0,0.5,none,False,False
174692,1.0,0.0,0.5,none,False,False
174693,1.0,0.0,0.5,none,False,False
174694,1.0,0.0,0.5,none,False,False
174695,1.0,0.0,0.5,none,False,False
174696,1.0,0.0,0.5,none,False,False
174697,1.0,0.0,0.5,none,False,False
174698,1.0,0.0,0.5,none,False,False
174699,1.0,0.0,0.5,none,False,False
174700,1.0,0.0,0.5,none,False,False
174701,1.0,0.0,0.5,none,False,False
174702,1.0,0.0,0.5,none,False,False
174703,1.0,0.0,0.5,none,False,False
174704,1.0,0.0,0.5,none,False,False
174705,1.0,0.0,0.5,none,False,False
174706,1.0,0.0,0.5,none,False,False
174707,1.0,0.0,0.5,none,False,False
174708,1.0,0.0,0.5,none,False,False
174709,1.0,0.0,0.5,none,False,False
174710,1.0,0.0,0.5,none,False,False
174711,1.0,0.0,0.5,none,False,False
174712,1.0,0.0,0.5,none,False,False
174713,1.0,0.0,0.5,none,False,False
174714,1.0,0.0,0.5,none,False,False
174715,1.0,0.0,0.5,none,False,False
174716,1.0,0.0,0.5,none,False,False
174717,1.0,0.0,0.5,none,False,False
174718,1.0,0.0,0.5,none,False,False
174719,1.0,0.0,0.5,none,False,False
174720,1.0,0.0,0.5,none,False,False
174721,1.0,0.0,0.5,none,False,False
174722,1.0,0.0,0.5,none,False,False
174723,1.0,0.0,0.5,none,False,False
174724,1.0,0.0,0.5,none,False,False
174725,1.0,0.0,0.5,none,False,False
174726,1.0,0.0,0.5,none,False,False
174727,1.0,0.0,0.5,none,False,False
174728,1.0,0.0,0.5,none,False,False
174729,1.0,0.0,0.5,none,False,False
174730,1.0,0.0,0.5,none,False,False
174731,1.0,0.0,0.5,none,False,False
174732,1.0,0.0,0.5,none,False,False
174733,1.0,0.0,0.5,none,False,False
174734,1.0,0.0,0.5,none,False,False
174735,1.0,0.0,0.5,none,False,False
174736,1.0,0.0,0.5,none,False,False
174737,1.0,0.0,0.5,none,False,False
174738,1.0,0.0,0.5,none,False,False
174739,1.0,0.0,0.5,none,False,False
174740,1.0,0.0,0.5,none,False,False
174741,1.0,0.0,0.5,none,False,False
174742,1.0,0.0,0.5,none,False,False
174743,1.0,0.0,0.5,none,False,False
174744,1.0,0.0,0.5,none,False,False
174745,1.0,0.0,0.5,none,False,False
174746,1.0,0.0,0.5,none,False,False
174747,1.0,0.0,0.5,none,False,False
174748,1.0,0.0,0.5,none,False,False
174749,1.0,0.0,0.5,none,False,False
174750,1.0,0.0,0.5,none,False,False
174751,1.0,0.0,0.5,none,False,False
174752,1.0,0.0,0.5,none,False,False
174753,1.0,0.0,0.5,none,False,False
174754,1.0,0.0,0.5,none,False,False
174755,1.0,0.0,0.5,none,False,False
174756,1.0,0.0,0.5,none,False,False
174757,1.0,0.0,0.5,none,False,False
174758,1.0,0.0,0.5,none,False,False
174759,1.0,0.0,0.5,none,False,False
174760,1.0,0.0,0.5,none,False,False
174761,1.0,0.0,0.5,none,False,False
174762,1.0,0.0,0.5,none,False,False
174763,1.0,0.0,0.5,none,False,False
174764,1.0,0.0,0.5,none,False,False
174765,1.0,0.0,0.5,none,False,False
174766,1.0,0.0,0.5,none,False,False
174767,1.0,0.0,0.5,none,False,False
174768,1.0,0.0,0.5,none,False,False
174769,1.0,0.0,0.5,none,False,False
174770,1.0,0.0,0.5,none,False,False
174771,1.0,0.0,0.5,none,False,False
174772,1.0,0.0,0.5,none,False,False
174773,1.0,0.0,0.5,none,False,False
174774,1.0,0.0,0.5,none,False,False
174775,1.0,0.0,0.5,none,False,False
174776,1.0,0.0,0.5,none,False,False
174777,1.0,0.0,0.5,none,False,False
174778,1.0,0.0,0.5,none,False,False
174779,1.0,0.0,0.5,none,False,False
174780,1.0,0.0,0.5,none,False,False
174781,1.0,0.0,0.5,none,False,False
174782,1.0,0.0,0.5,none,False,False
174783,1.0,0.0,0.5,none,False,False
174784,1.0,0.0,0.5,none,False,False
174785,1.0,0.0,0.5,none,False,False
174786,1.0,0.0,0.5,none,False,False
174787,1.0,0.0,0.5,none,False,False
174788,1.0,0.0,0.5,none,False,False
174789,1.0,0.0,0.5,none,False,False
174790,1.0,0.0,0.5,none,False,False
174791,1.0,0.0,0.5,none,False,False
174792,1.0,0.0,0.5,none,False,False
174793,1.0,0.0,0.5,none,False,False
174794,1.0,0.0,0.5,none,False,False
174795,1.0,0.0,0.5,none,False,False
174796,1.0,0.0,0.5,none,False,False
174797,1.0,0.0,0.5,none,False,False
174798,1.0,0.0,0.5,none,False,False
174799,1.0,0.0,0.5,none,False,False
174800,1.0,0.0,0.5,none,False,False
174801,1.0,0.0,0.5,none,False,False
174802,1.0,0.0,0.5,none,False,False
174803,1.0,0.0,0.5,none,False,False
174804,1.0,0.0,0.5,none,False,False
174805,1.0,0.0,0.5,none,False,False
174806,1.0,0.0,0.5,none,False,False
174807,1.0,0.0,0.5,none,False,False
174808,1.0,0.0,0.5,none,False,False
174809,1.0,0.0,0.5,none,False,False
174810,1.0,0.0,0.5,none,False,False
174811,1.0,0.0,0.5,none,False,False
174812,1.0,0.0,0.5,none,False,False
174813,1.0,0.0,0.5,none,False,False
174814,1.0,0.0,0.5,none,False,False
174815,1.0,0.0,0.5,none,False,False
174816,1.0,0.0,0.5,none,False,False
174817,1.0,0.0,0.5,none,False,False
174818,1.0,0.0,0.5,none,False,False
174819,1.0,0.0,0.5,none,False,False
174820,1.0,0.0,0.5,none,False,False
174821,1.0,0.0,0.5,none,False,False
174822,1.0,0.0,0.5,none,False,False
174823,1.0,0.0,0.5,none,False,False
174824,1.0,0.0,0.5,none,False,False
174825,1.0,0.0,0.5,none,False,False
174826,1.0,0.0,0.5,none,False,False
174827,1.0,0.0,0.5,none,False,False
174828,1.0,0.0,0.5,none,False,False
174829,1.0,0.0,0.5,none,False,False
174830,1.0,0.0,0.5,none,False,False
174831,1.0,0.0,0.5,none,False,False
174832,1.0,0.0,0.5,none,False,False
174833,1.0,0.0,0.5,none,False,False
174834,1.0,0.0,0.5,none,False,False
174835,1.0,0.0,0.5,none,False,False
174836,1.0,0.0,0.5,none,False,False
174837,1.0,0.0,0.5,none,False,False
174838,1.0,0.0,0.5,none,False,False
174839,1.0,0.0,0.5,none,False,False
174840,1.0,0.0,0.5,none,False,False
174841,1.0,0.0,0.5,none,False,False
174842,1.0,0.0,0.5,none,False,False
174843,1.0,0.0,0.5,none,False,False
174844,1.0,0.0,0.5,none,False,False
174845,1.0,0.0,0.5,none,False,False
174846,1.0,0.0,0.5,none,False,False
174847,1.0,0.0,0.5,none,False,False
174848,1.0,0.0,0.5,none,False,False
174849,1.0,0.0,0.5,none,False,False
174850,1.0,0.0,0.5,none,False,False
174851,1.0,0.0,0.5,none,False,False
174852,1.0,0.0,0.5,none,False,False
174853,1.0,0.0,0.5,none,False,False
174854,1.0,0.0,0.5,none,False,False
174855,1.0,0.0,0.5,none,False,False
174856,1.0,0.0,0.5,none,False,False
174857,1.0,0.0,0.5,none,False,False
174858,1.0,0.0,0.5,none,False,False
174859,1.0,0.0,0.5,none,False,False
174860,1.0,0.0,0.5,none,False,False
174861,1.0,0.0,0.5,none,False,False
174862,1.0,0.0,0.5,none,False,False
174863,1.0,0.0,0.5,none,False,False
174864,1.0,0.0,0.5,none,False,False
174865,1.0,0.0,0.5,none,False,False
174866,1.0,0.0,0.5,none,False,False
174867,1.0,0.0,0.5,none,False,False
174868,1.0,0.0,0.5,none,False,False
174869,1.0,0.0,0.5,none,False,False
174870,1.0,0.0,0.5,none,False,False
174871,1.0,0.0,0.5,none,False,False
174872,1.0,0.0,0.5,none,False,False
174873,1.0,0.0,0.5,none,False,False
174874,1.0,0.0,0.5,none,False,False
174875,1.0,0.0,0.5,none,False,False
174876,1.0,0.0,0.5,none,False,False
174877,1.0,0.0,0.5,none,False,False
174878,1.0,0.0,0.5,none,False,False
174879,1.0,0.0,0.5,none,False,False
174880,1.0,0.0,0.5,none,False,False
174881,1.0,0.0,0.5,none,False,False
174882,1.0,0.0,0.5,none,False,False
174883,1.0,0.0,0.5,none,False,False
174884,1.0,0.0,0.5,none,False,False
174885,1.0,0.0,0.5,none,False,False
174886,1.0,0.0,0.5,none,False,False
174887,1.0,0.0,0.5,none,False,False
174888,1.0,0.0,0.5,none,False,False
174889,1.0,0.0,0.5,none,False,False
174890,1.0,0.0,0.5,none,False,False
174891,1.0,0.0,0.5,none,False,False
174892,1.0,0.0,0.5,none,False,False
174893,1.0,0.0,0.5,none,False,False
174894,1.0,0.0,0.5,none,False,False
174895,1.0,0.0,0.5,none,False,False
174896,1.0,0.0,0.5,none,False,False
174897,1.0,0.0,0.5,none,False,False
174898,1.0,0.0,0.5,none,False,False
174899,1.0,0.0,0.5,none,False,False
174900,1.0,0.0,0.5,none,False,False
174901,1.0,0.0,0.5,none,False,False
174902,1.0,0.0,0.5,none,False,False
174903,1.0,0.0,0.5,none,False,False
174904,1.0,0.0,0.5,none,False,False
174905,1.0,0.0,0.5,none,False,False
174906,1.0,0.0,0.5,none,False,False
174907,1.0,0.0,0.5,none,False,False
174908,1.0,0.0,0.5,none,False,False
174909,1.0,0.0,0.5,none,False,False
174910,1.0,0.0,0.5,none,False,False
174911,1.0,0.0,0.5,none,False,False
174912,1.0,0.0,0.5,none,False,False
174913,1.0,0.0,0.5,none,False,False
174914,1.0,0.0,0.5,none,False,False
174915,1.0,0.0,0.5,none,False,False
174916,1.0,0.0,0.5,none,False,False
174917,1.0,0.0,0.5,none,False,False
174918,1.0,0.0,0.5,none,False,False
174919,1.0,0.0,0.5,none,False,False
174920,1.0,0.0,0.5,none,False,False
174921,1.0,0.0,0.5,none,False,False
174922,1.0,0.0,0.5,none,False,False
174923,1.0,0.0,0.5,none,False,False
174924,1.0,0.0,0.5,none,False,False
174925,1.0,0.0,0.5,none,False,False
174926,1.0,0.0,0.5,none,False,False
174927,1.0,0.0,0.5,none,False,False
174928,1.0,0.0,0.5,none,False,False
174929,1.0,0.0,0.5,none,False,False
174930,1.0,0.0,0.5,none,False,False
174931,1.0,0.0,0.5,none,False,False
174932,1.0,0.0,0.5,none,False,False
174933,1.0,0.0,0.5,none,False,False
174934,1.0,0.0,0.5,none,False,False
174935,1.0,0.0,0.5,none,False,False
174936,1.0,0.0,0.5,none,False,False
174937,1.0,0.0,0.5,none,False,False
174938,1.0,0.0,0.5,none,False,False
174939,1.0,0.0,0.5,none,False,False
174940,1.0,0.0,0.5,none,False,False
174941,1.0,0.0,0.5,none,False,False
174942,1.0,0.0,0.5,none,False,False
174943,1.0,0.0,0.5,none,False,False
174944,1.0,0.0,0.5,none,False,False
174945,1.0,0.0,0.5,none,False,False
174946,1.0,0.0,0.5,none,False,False
174947,1.0,0.0,0.5,none,False,False
174948,1.0,0.0,0.5,none,False,False
174949,1.0,0.0,0.5,none,False,False
174950,1.0,0.0,0.5,none,False,False
174951,1.0,0.0,0.5,none,False,False
174952,1.0,0.0,0.5,none,False,False
174953,1.0,0.0,0.5,none,False,False
174954,1.0,0.0,0.5,none,False,False
174955,1.0,0.0,0.5,none,False,False
174956,1.0,0.0,0.5,none,False,False
174957,1.0,0.0,0.5,none,False,False
174958,1.0,0.0,0.5,none,False,False
174959,1.0,0.0,0.5,none,False,False
174960,1.0,0.0,0.5,none,False,False
174961,1.0,0.0,0.5,none,False,False
174962,1.0,0.0,0.5,none,False,False
174963,1.0,0.0,0.5,none,False,False
174964,1.0,0.0,0.5,none,False,False
174965,1.0,0.0,0.5,none,False,False
174966,1.0,0.0,0.5,none,False,False
174967,1.0,0.0,0.5,none,False,False
174968,1.0,0.0,0.5,none,False,False
174969,1.0,0.0,0.5,none,False,False
174970,1.0,0.0,0.5,none,False,False
174971,1.0,0.0,0.5,none,False,False
174972,1.0,0.0,0.5,none,False,False
174973,1.0,0.0,0.5,none,False,False
174974,1.0,0.0,0.5,none,False,False
174975,1.0,0.0,0.5,none,False,False
174976,1.0,0.0,0.5,none,False,False
174977,1.0,0.0,0.5,none,False,False
174978,1.0,0.0,0.5,none,False,False
174979,1.0,0.0,0.5,none,False,False
174980,1.0,0.0,0.5,none,False,False
174981,1.0,0.0,0.5,none,False,False
174982,1.0,0.0,0.5,none,False,False
174983,1.0,0.0,0.5,none,False,False
174984,1.0,0.0,0.5,none,False,False
174985,1.0,0.0,0.5,none,False,False
174986,1.0,0.0,0.5,none,False,False
174987,1.0,0.0,0.5,none,False,False
174988,1.0,0.0,0.5,none,False,False
174989,1.0,0.0,0.5,none,False,False
174990,1.0,0.0,0.5,none,False,False
174991,1.0,0.0,0.5,none,False,False
174992,1.0,0.0,0.5,none,False,False
174993,1.0,0.0,0.5,none,False,False
174994,1.0,0.0,0.5,none,False,False
174995,1.0,0.0,0.5,none,False,False
174996,1.0,0.0,0.5,none,False,False
174997,1.0,0.0,0.5,none,False,False
174998,1.0,0.0,0.5,none,False,False
174999,1.0,0.0,0.5,none,False,False
175000,1.0,0.0061,0.5,none,False,False
175001,1.0,0.0357,0.5,none,False,False
175002,1.0,0.0812,0.5,none,False,False
175003,1.0,0.1113,0.5,none,False,False
175004,1.0,0.1253,0.5,none,False,False
175005,1.0,0.1408,0.5,none,False,False
175006,1.0,0.0907,0.5,none,False,False
175007,1.0,0.1198,0.5,none,False,False
175008,1.0,0.0467,0.5,none,False,False
175009,1.0,0.0522,0.5,none,False,False
175010,1.0,0.0405,0.5,none,False,False
175011,1.0,0.0313,0.5,none,False,False
175012,1.0,0.0083,0.5,none,False,False
175013,1.0,0.0726,0.5,none,False,False
175014,1.0,0.0793,0.5,none,False,False
175015,1.0,0.0581,0.5,none,False,False
175016,1.0,0.0955,0.5,none,False,False
175017,1.0,0.0839,0.5,none,False,False
175018,1.0,0.0648,0.5,none,False,False
175019,1.0,0.0718,0.5,none,False,False
175020,1.0,0.0589,0.5,none,False,False
175021,1.0,0.0403,0.5,none,False,False
175022,1.0,0.0327,0.5,none,False,False
175023,1.0,0.0277,0.5,none,False,False
175024,1.0,0.017,0.5,none,False,False
175025,1.0,0.0102,0.5,none,False,False
175026,1.0,0.0099,0.5,none,False,False
175027,1.0,0.008,0.5,none,False,False
175028,1.0,0.005,0.5,none,False,False
175029,1.0,0.0063,0.5,none,False,False
175030,1.0,0.009,0.5,none,False,False
175031,1.0,0.0096,0.5,none,False,False
175032,1.0,0.0108,0.5,none,False,False
175033,1.0,0.014,0.5,none,False,False
175034,1.0,0.0161,0.5,none,False,False
175035,1.0,0.0167,0.5,none,False,False
175036,1.0,0.0182,0.5,none,False,False
175037,1.0,0.0196,0.5,none,False,False
175038,1.0,0.0197,0.5,none,False,False
175039,1.0,0.0193,0.5,none,False,False
175040,1.0,0.0193,0.5,none,False,False
175041,1.0,0.0187,0.5,none,False,False
175042,1.0,0.0174,0.5,none,False,False
175043,1.0,0.0163,0.5,none,False,False
175044,1.0,0.0152,0.5,none,False,False
175045,1.0,0.0138,0.5,none,False,False
175046,1.0,0.0123,0.5,none,False,False
175047,1.0,0.0111,0.5,none,False,False
175048,1.0,0.01,0.5,none,False,False
175049,1.0,0.0088,0.5,none,False,False
175050,1.0,0.0078,0.5,none,False,False
175051,1.0,0.0071,0.5,none,False,False
175052,1.0,0.0064,0.5,none,False,False
175053,1.0,0.0057,0.5,none,False,False
175054,1.0,0.0053,0.5,none,False,False
175055,1.0,0.005,0.5,none,False,False
175056,1.0,0.0047,0.5,none,False,False
175057,1.0,0.0045,0.5,none,False,False
175058,1.0,0.0044,0.5,none,False,False
175059,1.0,0.0043,0.5,none,False,False
175060,1.0,0.0042,0.5,none,False,False
175061,1.0,0.0041,0.5,none,False,False
175062,1.0,0.004,0.5,none,False,False
175063,1.0,0.0039,0.5,none,False,False
175064,1.0,0.0038,0.5,none,False,False
175065,1.0,0.0037,0.5,none,False,False
175066,1.0,0.0035,0.5,none,False,False
175067,1.0,0.0033,0.5,none,False,False
175068,1.0,0.0032,0.5,none,False,False
175069,1.0,0.003,0.5,none,False,False
175070,1.0,0.0028,0.5,none,False,False
175071,1.0,0.0026,0.5,none,False,False
175072,1.0,0.0024,0.5,none,False,False
175073,1.0,0.0023,0.5,none,False,False
175074,1.0,0.0021,0.5,none,False,False
175075,1.0,0.0019,0.5,none,False,False
175076,1.0,0.0018,0.5,none,False,False
175077,1.0,0.0017,0.5,none,False,False
175078,1.0,0.0015,0.5,none,False,False
175079,1.0,0.0014,0.5,none,False,False
175080,1.0,0.0013,0.5,none,False,False
175081,1.0,0.0013,0.5,none,False,False
175082,1.0,0.0012,0.5,none,False,False
175083,1.0,0.0011,0.5,none,False,False
175084,1.0,0.0011,0.5,none,False,False
175085,1.0,0.001,0.5,none,False,False
175086,1.0,0.001,0.5,none,False,False
175087,1.0,0.0009,0.5,none,False,False
175088,1.0,0.0009,0.5,none,False,False
175089,1.0,0.0008,0.5,none,False,False
175090,1.0,0.0008,0.5,none,False,False
175091,1.0,0.0008,0.5,none,False,False
175092,1.0,0.0007,0.5,none,False,False
175093,1.0,0.0007,0.5,none,False,False
175094,1.0,0.0006,0.5,none,False,False
175095,1.0,0.0006,0.5,none,False,False
175096,1.0,0.0006,0.5,none,False,False
175097,1.0,0.0005,0.5,none,False,False
175098,1.0,0.0005,0.5,none,False,False
175099,1.0,0.0005,0.5,none,False,False
175100,1.0,0.0004,0.5,none,False,False
175101,1.0,0.0004,0.5,none,False,False
175102,1.0,0.0004,0.5,none,False,False
175103,1.0,0.0004,0.5,none,False,False
175104,1.0,0.0003,0.5,none,False,False
175105,1.0,0.0003,0.5,none,False,False
175106,1.0,0.0003,0.5,none,False,False
175107,1.0,0.0003,0.5,none,False,False
175108,1.0,0.0003,0.5,none,False,False
175109,1.0,0.0003,0.5,none,False,False
175110,1.0,0.0002,0.5,none,False,False
175111,1.0,0.0002,0.5,none,False,False
175112,1.0,0.0002,0.5,none,False,False
175113,1.0,0.0002,0.5,none,False,False
175114,1.0,0.0002,0.5,none,False,False
175115,1.0,0.0002,0.5,none,False,False
175116,1.0,0.0002,0.5,none,False,False
175117,1.0,0.0002,0.5,none,False,False
175118,1.0,0.0002,0.5,none,False,False
175119,1.0,0.0001,0.5,none,False,False
175120,1.0,0.0001,0.5,none,False,False
175121,1.0,0.0001,0.5,none,False,False
175122,1.0,0.0001,0.5,none,False,False
175123,1.0,0.0001,0.5,none,False,False
175124,1.0,0.0001,0.5,none,False,False
175125,1.0,0.0001,0.5,none,False,False
175126,1.0,0.0001,0.5,none,False,False
175127,1.0,0.0001,0.5,none,False,False
175128,1.0,0.0001,0.5,none,False,False
175129,1.0,0.0001,0.5,none,False,False
175130,1.0,0.0001,0.5,none,False,False
175131,1.0,0.0001,0.5,none,False,False
175132,1.0,0.0001,0.5,none,False,False
175133,1.0,0.0001,0.5,none,False,False
175134,1.0,0.0001,0.5,none,False,False
175135,1.0,0.0001,0.5,none,False,False
175136,1.0,0.0001,0.5,none,False,False
175137,1.0,0.0,0.5,none,False,False
175138,1.0,0.0,0.5,none,False,False
175139,1.0,0.0,0.5,none,False,False
175140,1.0,0.0,0.5,none,False,False
175141,1.0,0.0,0.5,none,False,False
175142,1.0,0.0,0.5,none,False,False
175143,1.0,0.0,0.5,none,False,False
175144,1.0,0.0,0.5,none,False,False
175145,1.0,0.0,0.5,none,False,False
175146,1.0,0.0,0.5,none,False,False
175147,1.0,0.0,0.5,none,False,False
175148,1.0,0.0,0.5,none,False,False
175149,1.0,0.0,0.5,none,False,False
175150,1.0,0.0,0.5,none,False,False
175151,1.0,0.0,0.5,none,False,False
175152,1.0,0.0,0.5,none,False,False
175153,1.0,0.0,0.5,none,False,False
175154,1.0,0.0,0.5,none,False,False
175155,1.0,0.0,0.5,none,False,False
175156,1.0,0.0,0.5,none,False,False
175157,1.0,0.0,0.5,none,False,False
175158,1.0,0.0,0.5,none,False,False
175159,1.0,0.0,0.5,none,False,False
175160,1.0,0.0,0.5,none,False,False
175161,1.0,0.0,0.5,none,False,False
175162,1.0,0.0,0.5,none,False,False
175163,1.0,0.0,0.5,none,False,False
175164,1.0,0.0,0.5,none,False,False
175165,1.0,0.0,0.5,none,False,False
175166,1.0,0.0,0.5,none,False,False
175167,1.0,0.0,0.5,none,False,False
175168,1.0,0.0,0.5,none,False,False
175169,1.0,0.0,0.5,none,False,False
175170,1.0,0.0,0.5,none,False,False
175171,1.0,0.0,0.5,none,False,False
175172,1.0,0.0,0.5,none,False,False
175173,1.0,0.0,0.5,none,False,False
175174,1.0,0.0,0.5,none,False,False
175175,1.0,0.0,0.5,none,False,False
175176,1.0,0.0,0.5,none,False,False
175177,1.0,0.0,0.5,none,False,False
175178,1.0,0.0,0.5,none,False,False
175179,1.0,0.0,0.5,none,False,False
175180,1.0,0.0,0.5,none,False,False
175181,1.0,0.0,0.5,none,False,False
175182,1.0,0.0,0.5,none,False,False
175183,1.0,0.0,0.5,none,False,False
175184,1.0,0.0,0.5,none,False,False
175185,1.0,0.0,0.5,none,False,False
175186,1.0,0.0,0.5,none,False,False
175187,1.0,0.0,0.5,none,False,False
175188,1.0,0.0,0.5,none,False,False
175189,1.0,0.0,0.5,none,False,False
175190,1.0,0.0,0.5,none,False,False
175191,1.0,0.0,0.5,none,False,False
175192,1.0,0.0,0.5,none,False,False
175193,1.0,0.0,0.5,none,False,False
175194,1.0,0.0,0.5,none,False,False
175195,1.0,0.0,0.5,none,False,False
175196,1.0,0.0,0.5,none,False,False
175197,1.0,0.0,0.5,none,False,False
175198,1.0,0.0,0.5,none,False,False
175199,1.0,0.0,0.5,none,False,False
175200,1.0,0.0,0.5,none,False,False
175201,1.0,0.0,0.5,none,False,False
175202,1.0,0.0,0.5,none,False,False
175203,1.0,0.0,0.5,none,False,False
175204,1.0,0.0,0.5,none,False,False
175205,1.0,0.0,0.5,none,False,False
175206,1.0,0.0,0.5,none,False,False
175207,1.0,0.0,0.5,none,False,False
175208,1.0,0.0,0.5,none,False,False
